PVSYST 8.0.15
;File;File date;Description
Project;25_08_25_Bowen Solar Farm 2021 - per inverter.PRJ;25/09/25 00h12;25_08_25_Bomen PVSyst - 2021 - per inverter;
Geographical Site;Wagga Wagga;25/09/25 00h12;Wagga Wagga;Australia;Australia;;
Weather data;Bomen Solar Farm 2021 with wind speed.MET;05/09/25 16h07;Bomen Solar Farm 2021 wind;Custom file;Imported;
Simulation variant;25_08_25_Bowen Solar Farm 2021 - per inverter.VCU;25/09/25 20h53;24_10_08_Match_measured_inv_3_2Uc10Hay;
Simulation date;;25/09/25 21h13

Simulation:;Hourly values; from 01/01/21; to 30/12/21 

date;HSol;AzSol;AngInc;AngProf;PlTilt;PlAzim;PhiAng;GlobHor;DiffHor;BeamHor;T_Amb;WindVel;PrecWat;BeamTrp;DifITrp;CircTrp;HBndTrp;AlbTrp;GlobTrp;GincThr;GlobInc;BeamInc;CircInc;DifSInc;Alb_Inc;Bm_Gl;DifA_Gl;DifS_Gl;Alb_Gl;GlobShd;ShdLoss;ShdBLss;ShdCLss;ShdDLss;ShdALss;GlobIAM;IAMLoss;IAMBLss;IAMCLss;IAMDLss;IAMALss;GlobSlg;SlgLoss;SlgBLss;SlgCLss;SlgDLss;SlgALss;GlobEff;BeamEff;CircEff;DiffEff;Alb_Eff;GlobGnd;ReflLss;BkVFLss;DifSBak;BackShd;GlobBak;ReflFrt;ReflBck;BmIncBk;BmSFBak;BIAMFBk;BeamBak;FTransp;FShdGl;FShdBm;FShdCrc;FShdDif;FShdAlb;FIAMGl;FIAMBm;FIAMCrc;FIAMDif;FIAMAlb;FSlgGl;FSlgBm;FSlgCrc;FSlgDif;FSlgAlb;FIAMShd;FEffDif;FEffAlb;EArrRef;EArrNom;DegrLss;GIncLss;TempLss;ModQual;LIDLoss;MismBak;UnavLss;IL_Nigh;Aux_Lss;EUseful;TotInstCost;ModuleCost;InverterCost;BatteryCost;OwnFunds;TotLoan;AvgOpCost_yr;LCOE;NPV;IRR;PaybackPeriod;ROI;MisLoss;OhmLoss;EArrMPP;EArray;TExtON;TArray;TArrWtd;DTArr;DTArrGl;IArray;UArray;ArrayON;InvLoss;IL_Oper;IL_Pmin;IL_Vmin;IL_Pmax;IL_Vmax;IL_Imax;Syst_ON;EOutInv;E_Grid;EDirUse;EffArrR;EffArrC;EffSysR;EffSysC;EffInvB;EffInvR;Yr;Ya;Yf;Lc;Ls;Lcr;Lsr;PR;DiffGnd;PRBifi;OptimizerCost
    ;�;�;�;�;�;�;�;W/m�;W/m�;W/m�;캜;m/s;m;W/m�;W/m�;W/m�;W/m�;W/m�;W/m�;W/m�;W/m�;W/m�;W/m�;W/m�;W/m�;ratio;ratio;ratio;ratio;W/m�;W/m�;W/m�;W/m�;W/m�;W/m�;W/m�;W/m�;W/m�;W/m�;W/m�;W/m�;W/m�;W/m�;W/m�;W/m�;W/m�;W/m�;W/m�;W/m�;W/m�;W/m�;W/m�;W/m�;W/m�;W/m�;W/m�;W/m�;W/m�;W/m�;W/m�;W/m�;ratio;ratio;W/m�;ratio;ratio;ratio;ratio;ratio;ratio;ratio;ratio;ratio;ratio;ratio;ratio;ratio;ratio;ratio;ratio;ratio;ratio;ratio;MW;MW;MW;MW;MW;MW;MW;MW;MW;MW;MW;MW;MW;MW;MW;MW;MW;MW;MW;MW;MW;MW;MW;MW;MW;MW;MW;MW;캜;캜;캜;캜;캜;A;V;Hour;MW;MW;MW;MW;MW;MW;MW;Hour;MW;MW;MW;%;%;%;%;%;%;kWh/m�/day;kWh/kWp/day;kWh/kWp/day;kWh/kWp/day;kWh/kWp/day;ratio;ratio;ratio;W/m�;ratio;ratio

01/01/21 00:00;0;0;90;0;0;90;0;0;0;0;19.55;7.6599;0;0;0;0;0;0;0;0;0;0;0;0;0;1;1;1;1;0;0;0;0;0;0;0;0;0;0;0;0;0;0;0;0;0;0;0;0;0;0;0;0;0;0;0;0;0;0;0;0;0;0;0;1;1;1;1;1;1;1;1;1;1;1;1;1;1;1;1;1;1;1;0;0;0;0;0;0;0;0;0;0.0004;0.088;-0.0884;0;0;0;0;0;0;0;0;0;0;0;0;0;0;0;0;0;0;0;-19.55;0;0;0;0;0.0004;0;0;0;0;0;0;0;-0.0004;-0.0884;0;0;0;0;0;0;0;0;0;-0.7452;0;0.7452;1;1;0;0;0;0
01/01/21 01:00;0;0;90;0;0;90;0;0;0;0;19.25;7.3299;0;0;0;0;0;0;0;0;0;0;0;0;0;1;1;1;1;0;0;0;0;0;0;0;0;0;0;0;0;0;0;0;0;0;0;0;0;0;0;0;0;0;0;0;0;0;0;0;0;0;0;0;1;1;1;1;1;1;1;1;1;1;1;1;1;1;1;1;1;1;1;0;0;0;0;0;0;0;0;0;0.0004;0.088;-0.0884;0;0;0;0;0;0;0;0;0;0;0;0;0;0;0;0;0;0;0;-19.25;0;0;0;0;0.0004;0;0;0;0;0;0;0;-0.0004;-0.0884;0;0;0;0;0;0;0;0;0;-0.7452;0;0.7452;1;1;0;0;0;0
01/01/21 02:00;0;0;90;0;0;90;0;0;0;0;18.96;7.1501;0;0;0;0;0;0;0;0;0;0;0;0;0;1;1;1;1;0;0;0;0;0;0;0;0;0;0;0;0;0;0;0;0;0;0;0;0;0;0;0;0;0;0;0;0;0;0;0;0;0;0;0;1;1;1;1;1;1;1;1;1;1;1;1;1;1;1;1;1;1;1;0;0;0;0;0;0;0;0;0;0.0004;0.088;-0.0884;0;0;0;0;0;0;0;0;0;0;0;0;0;0;0;0;0;0;0;-18.96;0;0;0;0;0.0004;0;0;0;0;0;0;0;-0.0004;-0.0884;0;0;0;0;0;0;0;0;0;-0.7452;0;0.7452;1;1;0;0;0;0
01/01/21 03:00;0;0;90;0;0;90;0;0;0;0;18.92;6.6999;0;0;0;0;0;0;0;0;0;0;0;0;0;1;1;1;1;0;0;0;0;0;0;0;0;0;0;0;0;0;0;0;0;0;0;0;0;0;0;0;0;0;0;0;0;0;0;0;0;0;0;0;1;1;1;1;1;1;1;1;1;1;1;1;1;1;1;1;1;1;1;0;0;0;0;0;0;0;0;0;0.0004;0.088;-0.0884;0;0;0;0;0;0;0;0;0;0;0;0;0;0;0;0;0;0;0;-18.92;0;0;0;0;0.0004;0;0;0;0;0;0;0;-0.0004;-0.0884;0;0;0;0;0;0;0;0;0;-0.7452;0;0.7452;1;1;0;0;0;0
01/01/21 04:00;0.7871;-117.86;88.091;0.8903;1.2693;-90;-1.2693;0;0;0;18.9;6.2901;0;0;0;0;0;0;0;0;0;0;0;0;0;1;1;1;1;0;0;0;0;0;0;0;0;0;0;0;0;0;0;0;0;0;0;0;0;0;0;0;0;0;0;0;0;0;0;0;0;0;0;0;1;1;1;1;1;1;1;1;1;1;1;1;1;1;1;1;1;1;1;0;0;0;0;0;0;0;0;0;0.0004;0.088;-0.0884;0;0;0;0;0;0;0;0;0;0;0;0;0;0;0;0;0;0;0;-18.9;0;0;0;0;0.0004;0;0;0;0;0;0;0;-0.0004;-0.0884;0;0;0;0;0;0;0;0;0;-0.7452;0;0.7452;1;1;0;0;0;0
01/01/21 05:00;7.0605;-113.17;72.656;7.6727;11.221;-90;-11.221;13.909;13.803;0.1056;19;7.35;0;0.2562;13.663;0.0204;0;0.0271;13.966;0;13.966;0.2562;0.0204;13.663;0.0271;0.0183;0.9802;0;0.0019;13.825;0.1419;0;0;0.1194;0.0225;13.201;0.5824;0.0367;0.0029;0.5417;0.001;13.783;0.0415;0.0008;0.0001;0.0406;0;13.206;0.2188;0.0174;12.961;0.0036;8.2164;6.5402;2.5631;0.0061;0.0993;1.4288;0.005;1.522;0;1;0;0;1.0042;0.9898;1;1;0.9913;0.1698;0.9577;0.8564;1;0.9599;0.7755;0.997;0.997;1;0.997;0.997;0.9452;0.9486;0.1313;0.0397;0.0406;0.0002;0.0071;-0.0008;0.0002;0.0008;0.0002;0;0;0.088;-0.0586;0;0;0;0;0;0;0;0;0;0;0;0;0.0007;0;0.0321;0.0321;0;19.667;19.667;0.6666;0.0505;33.043;971.39;1;0.0027;0.0027;0;0;0;0;0;0;0.0294;-0.0586;0;15.186;17.586;-27.71;-32.088;91.695;91.695;0.3352;0.2707;-0.4939;0.0645;0.7646;0.1925;2.281;0;8.2158;0;0
01/01/21 06:00;18.633;-105.43;39.204;19.279;33.924;-90;-33.924;44.597;44.202;0.3951;19.16;7.86;0;0.9583;40.405;0.0939;0;0.7743;42.231;0;42.231;0.9583;0.0939;40.405;0.7743;0.0227;0.9751;0;0.0183;39.372;2.8593;0;0;2.1711;0.6882;38.002;1.252;0.0061;0.0006;1.2327;0.0126;39.254;0.1181;0.0029;0.0003;0.1147;0.0003;38.256;0.9493;0.093;36.887;0.0732;27.401;21.811;9.1527;0.9351;0.3514;5.0545;0.2539;4.4708;0;1;0;0;0.9469;0.9323;1;1;0.9463;0.1111;0.9681;0.9936;1;0.9677;0.853;0.997;0.997;1;0.997;0.997;0.8999;0.9129;0.0945;0.1202;0.1196;0.0007;0.012;-0.0017;0.0008;0.0027;0.0009;0;0;0.088;0.0094;0;0;0;0;0;0;0;0;0;0;0;0;0.0022;0.0001;0.102;0.102;0;21.049;21.049;1.8889;0.0497;100.57;1013.9;1;0.0045;0.0045;0;0;0;0;0;0;0.0974;0.0094;0;15.955;18.475;1.4781;1.7116;95.566;95.566;1.0136;0.8599;0.0797;0.1536;0.7802;0.1516;0.7698;0.0786;27.399;0.0721;0
01/01/21 07:00;30.638;-97.905;6.7961;30.879;59.121;-90;-59.121;244.4;216;28.395;20.06;7.36;0;55.327;156.98;16.607;0;12.135;241.05;0;241.05;55.327;16.607;156.98;12.135;0.2295;0.7016;0;0.0503;210.5;30.551;0;0;19.251;11.3;204.98;4.8904;0.0129;0.0039;4.8238;0.0497;209.87;0.6315;0.166;0.0498;0.4132;0.0025;209.65;55.148;16.553;132.49;0.7821;142.7;113.59;52.843;24.899;2.7954;40.211;4.672;18.108;0;1;0;0;0.9863;0.8733;1;1;0.8774;0.0688;0.9767;0.9998;1;0.9649;0.9402;0.997;0.997;1;0.997;0.997;0.8504;0.844;0.0644;0.686;0.6804;0.0041;0.016;0.0126;0.0045;0.0161;0.0073;0;0;0.088;0.507;0;0;0;0;0;0;0;0;0;0;0;0;0.013;0.0013;0.6055;0.6055;0;30.144;30.144;10.084;0.0492;580.06;1043.8;1;0.0105;0.0105;0;0;0;0;0;0;0.595;0.507;0;16.598;19.221;13.899;16.095;98.273;98.273;5.7852;5.1062;4.2759;0.679;0.8303;0.1174;0.1435;0.7391;135.3;0.657;0
01/01/21 08:00;42.867;-89.863;0.1003;42.867;47.133;-90;-47.133;395.69;311.3;84.395;21.06;6.64;0;124.06;238.56;40.2;0;12.903;415.72;0;415.72;124.06;40.2;238.56;12.903;0.2984;0.6049;0;0.031;382.71;33.008;0;0;21.059;11.949;374.4;7.1673;0.0004;0.0001;7.1183;0.0484;381.56;1.1481;0.3722;0.1206;0.6525;0.0029;378.82;123.68;40.08;209.73;0.9034;225.47;179.48;78.371;17.097;3.304;47.527;4.4198;33.733;0;1;0;0;1.0506;0.9206;1;1;0.9117;0.074;0.9812;1;1;0.9672;0.9491;0.997;0.997;1;0.997;0.997;0.9006;0.8792;0.07;1.1831;1.179;0.0071;0.0096;0.061;0.0077;0.0273;0.0084;0;0;0.088;0.9279;0;0;0;0;0;0;0;0;0;0;0;0;0.022;0.0036;1.0322;1.0322;0;39.544;39.544;18.484;0.0494;1011.9;1020;1;0.0162;0.0162;0;0;0;0;0;0;1.0159;0.9279;0;16.407;18.999;14.75;17.08;98.426;98.426;9.9773;8.7046;7.8255;1.2727;0.8792;0.1276;0.0881;0.7843;181.13;0.7225;0
01/01/21 09:00;55.076;-79.942;5.738;55.491;34.509;-90;-34.509;799.59;179.5;620.09;24.26;6.01;0;752.5;76.031;116.67;0;14.351;959.55;0;959.55;752.5;116.67;76.031;14.351;0.7842;0.0942;0;0.015;942.56;16.988;0;0;4.1968;12.791;937.03;2.7077;0.1487;0.0231;2.3147;0.2213;939.73;2.8277;2.2575;0.35;0.2155;0.0047;941.12;750.09;116.29;69.304;1.3343;411.39;327.47;136.87;1.8695;4.5204;65.025;4.0936;67.676;0;1;0;0;1.2001;0.9823;1;1;0.9448;0.1087;0.9971;0.9998;1;0.9677;0.8578;0.997;0.997;1;0.997;0.997;0.9765;0.9115;0.093;2.7308;2.8229;0.017;-0.0004;0.4658;0.0164;0.0581;0.0102;0;0;0.088;2.0677;0;0;0;0;0;0;0;0;0;0;0;0;0.0468;0.0183;2.1905;2.1905;0;71.611;71.611;47.351;0.0505;2432.2;900.65;1;0.0348;0.0348;0;0;0;0;0;0;2.1557;2.0677;0;15.085;17.468;14.239;16.489;98.41;98.41;23.029;18.473;17.437;4.5561;1.0359;0.1978;0.045;0.7572;51.788;0.7206;0
01/01/21 10:00;66.771;-64.522;9.7679;68.821;21.179;-90;-21.179;590.9;432.2;158.71;24.82;5.61;0;170.2;366.53;56.688;0;4.071;597.49;0;597.49;170.2;56.688;366.53;4.071;0.2849;0.6203;0;0.0068;584.79;12.694;0;0;9.2815;3.4128;570.64;12.401;0.0573;0.0191;12.182;0.142;583.04;1.7544;0.5106;0.1701;1.0717;0.002;571.69;169.63;56.499;343.99;0.5142;347.54;276.64;111.97;1.6151;4.0584;58.379;1.0481;60.822;0;1;0;0;1.0111;0.9788;1;1;0.9747;0.1617;0.9787;0.9997;1;0.9658;0.7836;0.997;0.997;1;0.997;0.997;0.9551;0.9385;0.1263;1.7004;1.7526;0.0106;0.0021;0.1754;0.011;0.0388;0.0099;0;0;0.088;1.356;0;0;0;0;0;0;0;0;0;0;0;0;0.0313;0.0074;1.4662;1.4662;0;53.252;53.252;28.432;0.0498;1506.7;973.11;1;0.0222;0.0222;0;0;0;0;0;0;1.444;1.356;0;16.215;18.777;14.997;17.366;98.489;98.489;14.34;12.364;11.435;1.9754;0.9289;0.1378;0.0648;0.7975;229.06;0.7431;0
01/01/21 11:00;76.082;-31.068;11.89;82.712;7.2878;-90;-7.2878;601.29;464.4;136.9;26.1;5.5099;0;138.01;416.33;46.76;0;0.4955;601.59;0;601.59;138.01;46.76;416.33;0.4955;0.2294;0.6929;0;0.0008;599.4;2.1903;0;0;1.7784;0.4119;579.96;17.641;0.0565;0.0191;17.547;0.0187;597.61;1.7982;0.414;0.1403;1.2436;0.0003;580.03;137.54;46.601;395.76;0.0646;355.59;283.05;112.25;0.0327;4.1975;60.379;0.0668;64.544;0;1;0;0;1.0005;0.9964;1;1;0.9957;0.1686;0.9705;0.9996;1;0.9575;0.776;0.997;0.997;1;0.997;0.997;0.964;0.9506;0.1305;1.7121;1.7804;0.0107;0.0018;0.1896;0.011;0.0392;0.0102;0;0;0.088;1.3685;0;0;0;0;0;0;0;0;0;0;0;0;0.0316;0.0077;1.4787;1.4787;0;55.038;55.038;28.938;0.0499;1531.4;965.6;1;0.0223;0.0223;0;0;0;0;0;0;1.4565;1.3685;0;16.243;18.809;15.032;17.406;98.495;98.495;14.438;12.47;11.541;1.9679;0.9298;0.1363;0.0644;0.7993;248.12;0.7434;0
01/01/21 12:00;76.285;29.36;11.925;83.177;6.8233;90;6.8233;507.9;448.3;59.598;26.09;5.55;0;60.023;427.31;19.615;0;0.3669;507.31;0;507.31;60.023;19.615;427.31;0.3669;0.1183;0.843;0;0.0007;505.36;1.9539;0;0;1.6484;0.3056;485.67;18.169;0.0246;0.0081;18.123;0.0137;503.84;1.5161;0.1801;0.0588;1.277;0.0002;485.72;59.819;19.548;406.26;0.0474;300.86;239.48;94.203;0.0247;3.6014;51.804;0.0439;55.381;0;1;0;0;0.9988;0.9961;1;1;0.9961;0.1672;0.9639;0.9996;1;0.9573;0.7758;0.997;0.997;1;0.997;0.997;0.9573;0.9507;0.1293;1.4438;1.4934;0.009;0.0052;0.134;0.0094;0.0334;0.0089;0;0;0.088;1.1541;0;0;0;0;0;0;0;0;0;0;0;0;0.0269;0.0055;1.2612;1.2612;0;50.246;50.246;24.156;0.0497;1283.5;982.62;1;0.019;0.019;0;0;0;0;0;0;1.2421;1.1541;0;16.427;19.022;15.033;17.408;98.491;98.491;12.175;10.636;9.7329;1.5399;0.9026;0.1265;0.0741;0.7994;254.46;0.7426;0
01/01/21 13:00;67.136;63.823;9.8698;69.272;20.728;90;20.728;804.9;338.2;466.71;26.53;5.6401;0;499.01;209.87;129.7;0;5.3143;843.89;0;843.89;499.01;129.7;209.87;5.3143;0.5913;0.255;0;0.0063;834.28;9.615;0;0;5.15;4.465;824.37;7.4045;0.1696;0.0441;7.0051;0.1857;831.78;2.5028;1.497;0.3891;0.6142;0.0025;825.73;497.34;129.27;197.1;0.6611;460.91;366.89;148.84;0.8553;5.2769;75.906;1.3539;80.327;0;1;0;0;1.0484;0.9886;1;1;0.9755;0.1598;0.9911;0.9997;1;0.9657;0.7806;0.997;0.997;1;0.997;0.997;0.9769;0.9392;0.1244;2.4017;2.5145;0.0151;-0.0019;0.3837;0.0148;0.0526;0.0121;0;0;0.088;1.8623;0;0;0;0;0;0;0;0;0;0;0;0;0.0423;0.0147;1.981;1.981;0;68.07;68.07;41.54;0.0504;2164.5;915.22;1;0.0308;0.0308;0;0;0;0;0;0;1.9503;1.8623;0;15.512;17.963;14.582;16.886;98.448;98.448;20.253;16.706;15.705;3.5472;1.0015;0.1751;0.0494;0.7754;130.86;0.7265;0
01/01/21 14:00;55.474;79.554;5.8985;55.92;34.08;90;34.08;922.89;156.6;766.29;26.84;5.8101;0;925.19;48.862;124.54;0;16.167;1114.8;0;1114.8;925.19;124.54;48.862;16.167;0.8299;0.0583;0;0.0145;1097.7;17.105;0;0;2.653;14.452;1092.4;1.9568;0.1879;0.0253;1.4891;0.2545;1094.4;3.293;2.7756;0.3736;0.1386;0.0051;1096.8;922.23;124.14;44.581;1.456;471.91;375.64;160.21;1.1527;4.912;70.658;4.3918;74.417;0;1;0;0;1.2079;0.9847;1;1;0.9457;0.1061;0.9982;0.9998;1;0.9677;0.8512;0.997;0.997;1;0.997;0.997;0.9799;0.9124;0.0901;3.1725;3.2795;0.0198;0.0064;0.6697;0.0181;0.0641;0.0106;0;0;0.088;2.2758;0;0;0;0;0;0;0;0;0;0;0;0;0.0517;0.0244;2.4148;2.403;0;82.55;82.55;55.71;0.051;2746.3;875;1;0.051;0.0392;0;0.0118;0;0;0;0;2.3638;2.2758;0;14.244;16.495;13.49;15.621;97.888;98.368;26.754;20.265;19.192;6.4894;1.0728;0.2426;0.0401;0.7173;33.173;0.6848;0
01/01/21 15:00;43.272;89.576;0.3084;43.272;46.728;90;46.728;416.5;342.8;73.696;26.1;6.0501;0;107.51;266.9;38.076;0;13.362;425.84;0;425.84;107.51;38.076;266.9;13.362;0.2525;0.6581;0;0.0314;390.07;35.773;0;0;23.343;12.43;380.89;8.0104;0.0011;0.0004;7.9588;0.05;388.9;1.1702;0.3225;0.1142;0.7307;0.0028;385.57;107.19;37.961;234.86;0.8791;241.91;192.56;84.038;18.565;3.5622;51.24;4.6812;36.237;0;1;0;0;1.0224;0.916;1;1;0.9125;0.0697;0.9794;1;1;0.9672;0.9462;0.997;0.997;1;0.997;0.997;0.8944;0.88;0.0658;1.2119;1.2058;0.0073;0.0093;0.086;0.0077;0.0274;0.0089;0;0;0.088;0.9295;0;0;0;0;0;0;0;0;0;0;0;0;0.0221;0.0037;1.0335;1.0335;0;44.988;44.988;18.888;0.0496;1035.5;998.1;1;0.016;0.016;0;0;0;0;0;0;1.0175;0.9295;0;16.037;18.57;14.424;16.702;98.456;98.456;10.22;8.7155;7.8388;1.5047;0.8767;0.1472;0.0858;0.767;201.85;0.7036;0
01/01/21 16:00;31.04;97.653;6.5521;31.267;58.733;90;58.733;276.2;248.6;27.596;25.25;6.3701;0;53.17;181.66;18.154;0;13.55;266.53;0;266.53;53.17;18.154;181.66;13.55;0.1995;0.7324;0;0.0508;231.71;34.827;0;0;22.142;12.685;225.37;5.6381;0.012;0.0041;5.5699;0.0522;231.01;0.6951;0.1595;0.0545;0.4786;0.0026;230.64;52.998;18.095;153.47;0.8102;163.58;130.21;60.563;28.145;3.1793;45.732;5.2674;20.767;0;1;0;0;0.965;0.8693;1;1;0.8781;0.0638;0.9756;0.9998;1;0.965;0.9395;0.997;0.997;1;0.997;0.997;0.8456;0.8448;0.0598;0.7585;0.7515;0.0045;0.0153;0.0308;0.0049;0.0174;0.0081;0;0;0.088;0.5559;0;0;0;0;0;0;0;0;0;0;0;0;0.014;0.0016;0.6548;0.6548;0;36.387;36.387;11.138;0.0494;642.22;1019.6;1;0.0109;0.0109;0;0;0;0;0;0;0.6439;0.5559;0;16.234;18.799;13.783;15.96;98.338;98.338;6.3968;5.5221;4.6882;0.8747;0.8339;0.1367;0.1304;0.7329;155.82;0.6495;0
01/01/21 17:00;19.024;105.18;37.764;19.66;35.021;90;35.021;290.3;152.8;137.5;24.77;6.4501;0;333.48;97.455;110.71;0;5.3613;547;0;547;333.48;110.71;97.455;5.3613;0.6097;0.188;0;0.0098;536.67;10.336;0;0;5.5227;4.8134;529.55;5.5071;1.8542;0.6155;2.9604;0.077;535.06;1.61;1.0004;0.3321;0.2758;0.0016;530.24;330.63;109.76;88.696;0.4692;67.543;53.764;22.446;2.517;0.8874;12.765;0.6958;11.135;0;1;0;0;1.8842;0.9811;1;1;0.9433;0.1022;0.9897;0.9944;1;0.9677;0.859;0.997;0.997;1;0.997;0.997;0.9681;0.9101;0.0875;1.5567;1.5426;0.0093;0.0046;0.1431;0.0097;0.0344;0.0022;0;0;0.088;1.1982;0;0;0;0;0;0;0;0;0;0;0;0;0.0277;0.0059;1.3058;1.3058;0;51.117;51.117;26.347;0.0498;1329.1;982.48;1;0.0197;0.0197;0;0;0;0;0;0;1.2862;1.1982;0;15.775;18.267;14.474;16.761;98.493;98.493;13.128;11.012;10.104;2.1158;0.9081;0.1612;0.0692;0.7697;66.646;0.7565;0
01/01/21 18:00;7.4331;112.9;71.714;8.0611;11.822;90;11.822;31.099;30.699;0.4004;22.2;6.3601;0;0.9712;30.307;0.1632;0;0.0673;31.508;0;31.508;0.9712;0.1632;30.307;0.0673;0.0308;0.964;0;0.0021;31.162;0.3462;0;0;0.2902;0.056;29.73;1.3385;0.1256;0.0211;1.1892;0.0025;31.069;0.0935;0.0029;0.0005;0.09;0;29.743;0.8426;0.1416;28.737;0.0087;18.257;14.533;5.7002;0.0165;0.2206;3.1731;0.0128;3.3771;0;1;0;0;1.0132;0.989;1;1;0.9904;0.1678;0.9569;0.8703;1;0.9603;0.7747;0.997;0.997;1;0.997;0.997;0.9436;0.9482;0.1296;0.0897;0.0915;0.0006;0.0106;-0.0004;0.0006;0.002;0.0005;0;0;0.088;-0.0158;0;0;0;0;0;0;0;0;0;0;0;0;0.0016;0.0001;0.0759;0.0759;0;23.686;23.686;1.486;0.05;76.576;991.5;1;0.0037;0.0037;0;0;0;0;0;0;0.0722;-0.0158;0;15.923;18.439;-3.3176;-3.8416;95.069;95.069;0.7562;0.6403;-0.1334;0.1159;0.7737;0.1533;1.0231;0;18.255;0;0
01/01/21 19:00;0.9644;117.72;87.661;1.0894;1.5535;90;1.5535;0;0;0;20.47;6.41;0;0;0;0;0;0;0;0;0;0;0;0;0;1;1;1;1;0;0;0;0;0;0;0;0;0;0;0;0;0;0;0;0;0;0;0;0;0;0;0;0;0;0;0;0;0;0;0;0;0;0;0;1;1;1;1;1;1;1;1;1;1;1;1;1;1;1;1;1;1;1;0;0;0;0;0;0;0;0;0;0.0004;0.088;-0.0884;0;0;0;0;0;0;0;0;0;0;0;0;0;0;0;0;0;0;0;-20.47;0;0;0;0;0.0004;0;0;0;0;0;0;0;-0.0004;-0.0884;0;0;0;0;0;0;0;0;0;-0.7452;0;0.7452;1;1;0;0;0;0
01/01/21 20:00;0;0;90;0;0;90;0;0;0;0;19.43;6.57;0;0;0;0;0;0;0;0;0;0;0;0;0;1;1;1;1;0;0;0;0;0;0;0;0;0;0;0;0;0;0;0;0;0;0;0;0;0;0;0;0;0;0;0;0;0;0;0;0;0;0;0;1;1;1;1;1;1;1;1;1;1;1;1;1;1;1;1;1;1;1;0;0;0;0;0;0;0;0;0;0.0004;0.088;-0.0884;0;0;0;0;0;0;0;0;0;0;0;0;0;0;0;0;0;0;0;-19.43;0;0;0;0;0.0004;0;0;0;0;0;0;0;-0.0004;-0.0884;0;0;0;0;0;0;0;0;0;-0.7452;0;0.7452;1;1;0;0;0;0
01/01/21 21:00;0;0;90;0;0;90;0;0;0;0;18.6;6.59;0;0;0;0;0;0;0;0;0;0;0;0;0;1;1;1;1;0;0;0;0;0;0;0;0;0;0;0;0;0;0;0;0;0;0;0;0;0;0;0;0;0;0;0;0;0;0;0;0;0;0;0;1;1;1;1;1;1;1;1;1;1;1;1;1;1;1;1;1;1;1;0;0;0;0;0;0;0;0;0;0.0004;0.088;-0.0884;0;0;0;0;0;0;0;0;0;0;0;0;0;0;0;0;0;0;0;-18.6;0;0;0;0;0.0004;0;0;0;0;0;0;0;-0.0004;-0.0884;0;0;0;0;0;0;0;0;0;-0.7452;0;0.7452;1;1;0;0;0;0
01/01/21 22:00;0;0;90;0;0;90;0;0;0;0;18.24;6.56;0;0;0;0;0;0;0;0;0;0;0;0;0;1;1;1;1;0;0;0;0;0;0;0;0;0;0;0;0;0;0;0;0;0;0;0;0;0;0;0;0;0;0;0;0;0;0;0;0;0;0;0;1;1;1;1;1;1;1;1;1;1;1;1;1;1;1;1;1;1;1;0;0;0;0;0;0;0;0;0;0.0004;0.088;-0.0884;0;0;0;0;0;0;0;0;0;0;0;0;0;0;0;0;0;0;0;-18.24;0;0;0;0;0.0004;0;0;0;0;0;0;0;-0.0004;-0.0884;0;0;0;0;0;0;0;0;0;-0.7452;0;0.7452;1;1;0;0;0;0
01/01/21 23:00;0;0;90;0;0;90;0;0;0;0;17.9;6.3899;0;0;0;0;0;0;0;0;0;0;0;0;0;1;1;1;1;0;0;0;0;0;0;0;0;0;0;0;0;0;0;0;0;0;0;0;0;0;0;0;0;0;0;0;0;0;0;0;0;0;0;0;1;1;1;1;1;1;1;1;1;1;1;1;1;1;1;1;1;1;1;0;0;0;0;0;0;0;0;0;0.0004;0.088;-0.0884;0;0;0;0;0;0;0;0;0;0;0;0;0;0;0;0;0;0;0;-17.9;0;0;0;0;0.0004;0;0;0;0;0;0;0;-0.0004;-0.0884;0;0;0;0;0;0;0;0;0;-0.7452;0;0.7452;1;1;0;0;0;0
02/01/21 00:00;0;0;90;0;0;90;0;0;0;0;17.11;6.0401;0;0;0;0;0;0;0;0;0;0;0;0;0;1;1;1;1;0;0;0;0;0;0;0;0;0;0;0;0;0;0;0;0;0;0;0;0;0;0;0;0;0;0;0;0;0;0;0;0;0;0;0;1;1;1;1;1;1;1;1;1;1;1;1;1;1;1;1;1;1;1;0;0;0;0;0;0;0;0;0;0.0004;0.088;-0.0884;0;0;0;0;0;0;0;0;0;0;0;0;0;0;0;0;0;0;0;-17.11;0;0;0;0;0.0004;0;0;0;0;0;0;0;-0.0004;-0.0884;0;0;0;0;0;0;0;0;0;-0.7452;0;0.7452;1;1;0;0;0;0
02/01/21 01:00;0;0;90;0;0;90;0;0;0;0;16.44;5.9799;0;0;0;0;0;0;0;0;0;0;0;0;0;1;1;1;1;0;0;0;0;0;0;0;0;0;0;0;0;0;0;0;0;0;0;0;0;0;0;0;0;0;0;0;0;0;0;0;0;0;0;0;1;1;1;1;1;1;1;1;1;1;1;1;1;1;1;1;1;1;1;0;0;0;0;0;0;0;0;0;0.0004;0.088;-0.0884;0;0;0;0;0;0;0;0;0;0;0;0;0;0;0;0;0;0;0;-16.44;0;0;0;0;0.0004;0;0;0;0;0;0;0;-0.0004;-0.0884;0;0;0;0;0;0;0;0;0;-0.7452;0;0.7452;1;1;0;0;0;0
02/01/21 02:00;0;0;90;0;0;90;0;0;0;0;16.06;5.76;0;0;0;0;0;0;0;0;0;0;0;0;0;1;1;1;1;0;0;0;0;0;0;0;0;0;0;0;0;0;0;0;0;0;0;0;0;0;0;0;0;0;0;0;0;0;0;0;0;0;0;0;1;1;1;1;1;1;1;1;1;1;1;1;1;1;1;1;1;1;1;0;0;0;0;0;0;0;0;0;0.0004;0.088;-0.0884;0;0;0;0;0;0;0;0;0;0;0;0;0;0;0;0;0;0;0;-16.06;0;0;0;0;0.0004;0;0;0;0;0;0;0;-0.0004;-0.0884;0;0;0;0;0;0;0;0;0;-0.7452;0;0.7452;1;1;0;0;0;0
02/01/21 03:00;0;0;90;0;0;90;0;0;0;0;16;5.6;0;0;0;0;0;0;0;0;0;0;0;0;0;1;1;1;1;0;0;0;0;0;0;0;0;0;0;0;0;0;0;0;0;0;0;0;0;0;0;0;0;0;0;0;0;0;0;0;0;0;0;0;1;1;1;1;1;1;1;1;1;1;1;1;1;1;1;1;1;1;1;0;0;0;0;0;0;0;0;0;0.0004;0.088;-0.0884;0;0;0;0;0;0;0;0;0;0;0;0;0;0;0;0;0;0;0;-16;0;0;0;0;0.0004;0;0;0;0;0;0;0;-0.0004;-0.0884;0;0;0;0;0;0;0;0;0;-0.7452;0;0.7452;1;1;0;0;0;0
02/01/21 04:00;0.6488;-117.85;88.426;0.7338;1.0462;-90;-1.0462;0;0;0;15.93;5.6699;0;0;0;0;0;0;0;0;0;0;0;0;0;1;1;1;1;0;0;0;0;0;0;0;0;0;0;0;0;0;0;0;0;0;0;0;0;0;0;0;0;0;0;0;0;0;0;0;0;0;0;0;1;1;1;1;1;1;1;1;1;1;1;1;1;1;1;1;1;1;1;0;0;0;0;0;0;0;0;0;0.0004;0.088;-0.0884;0;0;0;0;0;0;0;0;0;0;0;0;0;0;0;0;0;0;0;-15.93;0;0;0;0;0.0004;0;0;0;0;0;0;0;-0.0004;-0.0884;0;0;0;0;0;0;0;0;0;-0.7452;0;0.7452;1;1;0;0;0;0
02/01/21 05:00;6.9227;-113.15;73.003;7.5225;10.99;-90;-10.99;45.594;40.597;4.9971;16.87;6.11;0;12.119;39.043;2.8908;0;0.0853;54.139;0;54.139;12.119;2.8908;39.043;0.0853;0.2239;0.7227;0;0.0016;53.739;0.4002;0;0;0.3294;0.0708;49.789;3.7887;1.8016;0.4297;1.5542;0.0032;53.577;0.1612;0.0364;0.0087;0.1161;0;49.802;10.282;2.4524;37.044;0.0112;23.494;18.701;7.3321;0.0162;0.2837;4.0813;0.0135;4.3488;0;1;0;0;1.1874;0.9926;1;1;0.9916;0.1698;0.9293;0.8509;1;0.9597;0.7755;0.997;0.997;1;0.997;0.997;0.9196;0.9488;0.1313;0.1541;0.1507;0.0009;0.0133;-0.0031;0.001;0.0035;0.0007;0;0;0.088;0.0381;0;0;0;0;0;0;0;0;0;0;0;0;0.0028;0.0001;0.1315;0.1315;0;19.332;19.332;2.4626;0.0495;127.35;1032.9;1;0.0054;0.0054;0;0;0;0;0;0;0.1261;0.0381;0;16.055;18.591;4.6491;5.3835;95.86;95.86;1.2993;1.1093;0.3212;0.1901;0.788;0.1463;0.6065;0.2472;23.463;0.234;0
02/01/21 06:00;18.497;-105.4;39.698;19.137;33.524;-90;-33.524;200.89;125.6;75.292;18.97;6.1499;0;182.6;95.801;51.197;0;3.4087;333.01;0;333.01;182.6;51.197;95.801;3.4087;0.5483;0.2979;0;0.0102;324.93;8.0768;0;0;5.0526;3.0242;319.41;4.5484;1.2213;0.3424;2.9271;0.0576;323.96;0.9748;0.5478;0.1536;0.2722;0.0012;320.01;180.83;50.701;87.549;0.3258;65.24;51.931;21.615;2.1292;0.8418;12.109;0.5984;10.822;0;1;0;0;1.6576;0.9757;1;1;0.9473;0.1128;0.986;0.9933;1;0.9676;0.8498;0.997;0.997;1;0.997;0.997;0.9592;0.9139;0.0956;0.9477;0.9398;0.0057;0.013;0.0325;0.0062;0.0221;0.0022;0;0;0.088;0.7364;0;0;0;0;0;0;0;0;0;0;0;0;0.0178;0.0024;0.838;0.838;0;34.691;34.691;15.722;0.0492;807.44;1037.9;1;0.0136;0.0136;0;0;0;0;0;0;0.8244;0.7364;0;16.629;19.256;14.613;16.921;98.377;98.377;7.9922;7.067;6.2102;0.9252;0.8568;0.1158;0.1072;0.777;64.768;0.7564;0
02/01/21 07:00;30.503;-97.871;6.7765;30.741;59.259;-90;-59.259;276.71;224.7;52.005;20.19;5.76;0;101.74;157.46;31.895;0;13.797;304.89;0;304.89;101.74;31.895;157.46;13.797;0.3337;0.5617;0;0.0453;272.67;32.223;0;0;19.375;12.848;266.92;4.9302;0.0237;0.0074;4.8417;0.0573;271.85;0.818;0.3052;0.0957;0.4143;0.0028;271.83;101.41;31.792;132.83;0.8893;149.41;118.93;55.239;25.184;2.875;41.356;4.9034;19.047;0;1;0;0;1.1019;0.8943;1;1;0.877;0.0688;0.9819;0.9998;1;0.9648;0.9394;0.997;0.997;1;0.997;0.997;0.8755;0.8436;0.0645;0.8677;0.8605;0.0052;0.014;0.0256;0.0057;0.0202;0.0074;0;0;0.088;0.6634;0;0;0;0;0;0;0;0;0;0;0;0;0.0163;0.002;0.7639;0.7639;0;33.33;33.33;13.14;0.0492;736.14;1037.8;1;0.0126;0.0126;0;0;0;0;0;0;0.7514;0.6634;0;16.557;19.172;14.377;16.648;98.353;98.353;7.3174;6.4424;5.5942;0.8751;0.8482;0.1196;0.1159;0.7645;135.93;0.694;0
02/01/21 08:00;42.732;-89.82;0.1322;42.732;47.268;-90;-47.268;554.2;233.2;321;21.72;5.3399;0;473.05;130.15;115.13;0;18.17;736.5;0;736.5;473.05;115.13;130.15;18.17;0.6423;0.2014;0;0.0247;708.13;28.366;0;0;11.537;16.829;702.06;3.9538;0.0022;0.0005;3.8837;0.0673;706.01;2.1244;1.4192;0.3454;0.3558;0.004;707;471.63;114.78;114.38;1.2698;256.74;204.36;86.133;9.4233;3.3109;47.627;4.9403;41.514;0;1;0;0;1.329;0.9615;1;1;0.9114;0.0738;0.9944;1;1;0.9672;0.9496;0.997;0.997;1;0.997;0.997;0.9532;0.8788;0.0699;2.096;2.1182;0.0128;-0.0011;0.2378;0.0131;0.0464;0.008;0;0;0.088;1.6378;0;0;0;0;0;0;0;0;0;0;0;0;0.0374;0.0106;1.7532;1.7532;0;56.779;56.779;35.059;0.0499;1825.7;960.28;1;0.0273;0.0273;0;0;0;0;0;0;1.7258;1.6378;0;15.73;18.215;14.695;17.016;98.44;98.44;17.676;14.785;13.812;2.8911;0.9727;0.1636;0.055;0.7814;98.945;0.7453;0
02/01/21 09:00;54.94;-79.894;5.785;55.36;34.64;-90;-34.64;550.99;371.8;179.2;23.72;5.0199;0;217.8;286.31;70.059;0;9.9622;584.14;0;584.14;217.8;70.059;286.31;9.9622;0.3729;0.5072;0;0.0171;559.36;24.783;0;0;15.898;8.8846;548.76;8.9215;0.0434;0.014;8.7125;0.1517;557.68;1.6781;0.6534;0.2102;0.8112;0.0032;551.85;217.11;69.835;260.89;0.9228;313.94;249.9;104.87;7.1208;3.7922;54.55;3.0975;51.221;0;1;0;0;1.0602;0.9576;1;1;0.9445;0.1082;0.984;0.9998;1;0.9677;0.8588;0.997;0.997;1;0.997;0.997;0.9394;0.9112;0.0926;1.6624;1.6882;0.0102;0.0028;0.1555;0.0106;0.0377;0.0093;0;0;0.088;1.3152;0;0;0;0;0;0;0;0;0;0;0;0;0.0304;0.0069;1.4247;1.4247;0;51.016;51.016;27.296;0.0497;1450.4;982.31;1;0.0215;0.0215;0;0;0;0;0;0;1.4032;1.3152;0;16.117;18.663;14.878;17.228;98.489;98.489;14.019;12.015;11.091;2.0045;0.9236;0.143;0.0659;0.7911;195.22;0.7394;0
02/01/21 10:00;66.633;-64.498;9.8318;68.696;21.304;-90;-21.304;787.3;313.9;473.4;24.22;4.72;0;508.13;192.45;123.05;0;5.4874;829.11;0;829.11;508.13;123.05;192.45;5.4874;0.6129;0.2387;0;0.0066;819.59;9.522;0;0;4.9196;4.6024;810.34;6.7931;0.172;0.0417;6.3888;0.1906;817.13;2.4588;1.5244;0.3691;0.5626;0.0027;811.72;506.43;122.63;180.58;0.6917;449.42;357.74;146.84;0.8673;5.0359;72.439;1.3827;76.608;0;1;0;0;1.0531;0.9885;1;1;0.9744;0.1613;0.9917;0.9997;1;0.9658;0.784;0.997;0.997;1;0.997;0.997;0.9774;0.9383;0.1261;2.3596;2.4675;0.0149;-0.002;0.3487;0.0147;0.0523;0.0117;0;0;0.088;1.852;0;0;0;0;0;0;0;0;0;0;0;0;0.0421;0.0142;1.9708;1.9708;0;64.948;64.948;40.728;0.0503;2125;927.45;1;0.0308;0.0308;0;0;0;0;0;0;1.94;1.852;0;15.708;18.189;14.761;17.092;98.437;98.437;19.899;16.62;15.619;3.2783;1.0019;0.1647;0.0504;0.7849;120.35;0.7367;0
02/01/21 11:00;75.953;-31.283;11.971;82.598;7.4022;-90;-7.4022;678.59;449.1;229.49;25.7;4.43;0;231.42;372.3;75.87;0;0.5768;680.17;0;680.17;231.42;75.87;372.3;0.5768;0.3402;0.5482;0;0.0008;678.06;2.1108;0;0;1.6313;0.4795;660.21;15.814;0.0954;0.0313;15.666;0.0217;676.03;2.0342;0.6943;0.2276;1.112;0.0003;660.29;230.63;75.611;353.89;0.0753;400.58;318.86;127.42;0.0314;4.6654;67.11;0.0816;71.744;0;1;0;0;1.0023;0.9969;1;1;0.9956;0.1687;0.9766;0.9996;1;0.9576;0.776;0.997;0.997;1;0.997;0.997;0.9707;0.9506;0.1305;1.9357;2.0236;0.0122;-0.0004;0.2418;0.0124;0.0439;0.0111;0;0;0.088;1.5441;0;0;0;0;0;0;0;0;0;0;0;0;0.0354;0.0097;1.6574;1.6574;0;58.728;58.728;33.028;0.05;1742.7;951.1;1;0.0254;0.0254;0;0;0;0;0;0;1.6321;1.5441;0;16.102;18.646;15.001;17.371;98.469;98.469;16.324;13.977;13.021;2.3467;0.9561;0.1438;0.0586;0.7977;221.93;0.7428;0
02/01/21 12:00;76.25;28.797;12.023;83.277;6.7229;90;6.7229;784;398.6;385.4;27.33;4.2;0;388.07;285.61;112.78;0;0.5499;787.01;0;787.01;388.07;112.78;285.61;0.5499;0.4931;0.3636;0;0.0007;785.48;1.5336;0;0;1.0757;0.458;770.76;12.358;0.1607;0.0467;12.13;0.0205;783.12;2.3564;1.1642;0.3383;0.8536;0.0003;770.84;386.75;112.39;271.55;0.0711;461.96;367.72;148.32;0.0154;5.2894;76.086;0.0735;81.36;0;1;0;0;1.0038;0.9981;1;1;0.9962;0.1671;0.9842;0.9996;1;0.9572;0.7758;0.997;0.997;1;0.997;0.997;0.9794;0.9508;0.1293;2.2398;2.3578;0.0142;-0.002;0.3436;0.014;0.0497;0.0123;0;0;0.088;1.7561;0;0;0;0;0;0;0;0;0;0;0;0;0.04;0.013;1.873;1.873;0;66.109;66.109;38.78;0.0503;2030.5;922.4;1;0.0289;0.0289;0;0;0;0;0;0;1.8441;1.7561;0;15.726;18.21;14.745;17.074;98.458;98.458;18.888;15.795;14.809;3.0934;0.9856;0.1638;0.0522;0.784;170.05;0.7311;0
02/01/21 13:00;67.165;63.474;9.9808;69.356;20.644;90;20.644;871.5;275.2;596.3;28.49;3.8399;0;637.22;144.32;134.75;0;5.7081;921.99;0;921.99;637.22;134.75;144.32;5.7081;0.6911;0.1627;0;0.0062;913.68;8.3126;0;0;3.5184;4.7942;905.65;5.2865;0.219;0.0463;4.8211;0.2001;910.93;2.741;1.9117;0.4042;0.4224;0.0027;907.06;635.09;134.3;135.55;0.711;495.6;394.5;163.18;0.58;5.4477;78.363;1.4122;83.231;0;1;0;0;1.0579;0.991;1;1;0.9756;0.1601;0.9942;0.9997;1;0.9657;0.7804;0.997;0.997;1;0.997;0.997;0.9823;0.9393;0.1246;2.6239;2.7521;0.0166;-0.0009;0.4821;0.0158;0.056;0.0122;0;0;0.088;1.9872;0;0;0;0;0;0;0;0;0;0;0;0;0.0451;0.0174;2.1079;2.1079;0;74.359;74.359;45.869;0.0506;2370.6;889.17;1;0.0326;0.0326;0;0;0;0;0;0;2.0752;1.9872;0;15.107;17.494;14.243;16.493;98.451;98.451;22.128;17.776;16.759;4.3517;1.0174;0.1967;0.046;0.7574;89.948;0.712;0
02/01/21 14:00;55.522;79.324;6.0197;55.987;34.013;90;34.013;949.5;156.3;793.2;28.95;3.37;0;956.92;45.535;128.49;0;16.57;1147.5;0;1147.5;956.92;128.49;45.535;16.57;0.8339;0.0541;0;0.0144;1130.2;17.271;0;0;2.4647;14.807;1125;1.8756;0.1984;0.0266;1.3881;0.2625;1126.8;3.3907;2.8707;0.3855;0.1292;0.0053;1129.6;953.85;128.08;41.553;1.4952;485.26;386.27;163.05;1.0674;5.1538;74.136;4.6023;78.222;0;1;0;0;1.2085;0.9849;1;1;0.9459;0.1064;0.9983;0.9998;1;0.9677;0.8507;0.997;0.997;1;0.997;0.997;0.9804;0.9126;0.0902;3.2657;3.3803;0.0204;0.0086;0.7389;0.0183;0.0649;0.0109;0;0;0.088;2.275;0;0;0;0;0;0;0;0;0;0;0;0;0.0522;0.0258;2.4403;2.4022;0;86.511;86.511;57.561;0.0512;2745.4;875;1;0.0773;0.0392;0;0.0381;0;0;0;0;2.363;2.275;0;13.833;16.019;13.101;15.17;96.832;98.368;27.54;20.258;19.185;7.282;1.0727;0.2644;0.039;0.6966;30.899;0.6645;0
02/01/21 15:00;43.324;89.4;0.4364;43.325;46.675;90;46.675;438.71;345.6;93.106;28.8;2.82;0;135.7;263.37;48.404;0;14.045;461.51;0;461.51;135.7;48.404;263.37;14.045;0.294;0.6011;0;0.0304;425.45;36.061;0;0;22.997;13.064;416.26;7.9091;0.002;0.0007;7.8535;0.0528;424.17;1.2764;0.4071;0.1452;0.7211;0.0029;421.08;135.29;48.258;231.79;0.9248;249.86;198.89;86.494;18.248;3.639;52.345;4.8164;37.735;0;1;0;0;1.052;0.9219;1;1;0.9127;0.0698;0.9814;1;1;0.9672;0.9459;0.997;0.997;1;0.997;0.997;0.902;0.8801;0.0658;1.3134;1.3096;0.0079;0.0078;0.1145;0.0083;0.0293;0.009;0;0;0.088;1.0003;0;0;0;0;0;0;0;0;0;0;0;0;0.0236;0.0043;1.105;1.105;0;49.509;49.509;20.709;0.0497;1125.2;982.08;1;0.0168;0.0168;0;0;0;0;0;0;1.0883;1.0003;0;15.822;18.321;14.322;16.584;98.483;98.483;11.076;9.3189;8.4354;1.7574;0.8835;0.1587;0.0798;0.7616;199.08;0.702;0
02/01/21 16:00;31.089;97.502;6.4199;31.308;58.692;90;58.692;177.8;174.1;3.7024;29.23;2.3199;0;7.125;131.61;1.7012;0;8.7119;149.15;0;149.15;7.125;1.7012;131.61;8.7119;0.0478;0.9408;0;0.0584;124.97;24.182;0;0;16.026;8.156;120.53;4.07;0.0016;0.0004;4.0347;0.0334;124.6;0.3749;0.0214;0.0051;0.3468;0.0017;124.18;7.1021;1.6958;111.21;0.5209;113.81;90.589;42.314;20.34;2.2496;32.359;3.6554;14.269;0;1;0;0;0.8389;0.8379;1;1;0.8782;0.0638;0.9673;0.9998;1;0.965;0.9397;0.997;0.997;1;0.997;0.997;0.8081;0.8449;0.0598;0.4245;0.4201;0.0025;0.0172;0.0157;0.0027;0.0095;0.0056;0;0;0.088;0.2632;0;0;0;0;0;0;0;0;0;0;0;0;0.0077;0.0006;0.3585;0.3585;0;35.214;35.214;5.9838;0.0496;357.16;1003.7;1;0.0073;0.0073;0;0;0;0;0;0;0.3512;0.2632;0;15.882;18.391;11.66;13.502;97.965;97.965;3.5796;3.0232;2.2195;0.5565;0.8036;0.1555;0.2245;0.62;112.84;0.5334;0
02/01/21 17:00;19.067;105.04;37.6;19.693;35.119;90;35.119;128.91;125.5;3.4064;28.1;2.76;0;8.2614;113.24;2.2476;0;2.3935;126.14;0;126.14;8.2614;2.2476;113.24;2.3935;0.0655;0.9167;0;0.019;117.54;8.595;0;0;6.4451;2.1499;113.66;3.5302;0.0451;0.0123;3.4387;0.034;117.19;0.3526;0.0248;0.0067;0.3204;0.0007;114.44;8.1915;2.2286;103.03;0.2089;77.519;61.705;26.02;2.9518;1.0058;14.468;0.7793;12.522;0;1;0;0;0.9785;0.9319;1;1;0.9431;0.1018;0.9699;0.9945;1;0.9677;0.8599;0.997;0.997;1;0.997;0.997;0.9011;0.9099;0.0873;0.359;0.3564;0.0021;0.017;0.0114;0.0023;0.0081;0.0025;0;0;0.088;0.2112;0;0;0;0;0;0;0;0;0;0;0;0;0.0065;0.0005;0.306;0.306;0;33.74;33.74;5.6393;0.0496;303.84;1007;1;0.0068;0.0068;0;0;0;0;0;0;0.2992;0.2112;0;16.029;18.561;11.064;12.812;97.787;97.787;3.0274;2.5803;1.7811;0.4471;0.7992;0.1477;0.264;0.5883;77.497;0.5418;0
02/01/21 18:00;7.4674;112.77;71.628;8.0903;11.867;90;11.867;52.802;51.799;1.0034;26.8;3.54;0;2.4335;50.965;0.6869;0;0.1151;54.2;0;54.2;2.4335;0.6869;50.965;0.1151;0.0449;0.9424;0;0.0021;53.614;0.5869;0;0;0.4911;0.0958;51.05;2.4025;0.3119;0.088;1.9982;0.0043;53.453;0.1608;0.0073;0.0021;0.1514;0.0001;51.072;2.1143;0.5968;48.324;0.0149;30.709;24.444;9.5888;0.0282;0.371;5.3365;0.0217;5.6793;0;1;0;0;1.0265;0.9892;1;1;0.9904;0.1678;0.9551;0.8714;1;0.9603;0.7747;0.997;0.997;1;0.997;0.997;0.9419;0.9482;0.1296;0.1543;0.1568;0.0009;0.0135;0.0025;0.001;0.0035;0.0009;0;0;0.088;0.0385;0;0;0;0;0;0;0;0;0;0;0;0;0.0028;0.0001;0.1316;0.1316;0;29.346;29.346;2.5458;0.0499;132.7;991.38;1;0.0051;0.0051;0;0;0;0;0;0;0.1265;0.0385;0;16.039;18.573;4.6941;5.4356;96.158;96.158;1.3008;1.1094;0.3247;0.1914;0.7847;0.1471;0.6033;0.2496;30.702;0.2325;0
02/01/21 19:00;0.9915;117.58;87.595;1.1186;1.5951;90;1.5951;0;0;0;23.94;4.2201;0;0;0;0;0;0;0;0;0;0;0;0;0;1;1;1;1;0;0;0;0;0;0;0;0;0;0;0;0;0;0;0;0;0;0;0;0;0;0;0;0;0;0;0;0;0;0;0;0;0;0;0;1;1;1;1;1;1;1;1;1;1;1;1;1;1;1;1;1;1;1;0;0;0;0;0;0;0;0;0;0.0004;0.088;-0.0884;0;0;0;0;0;0;0;0;0;0;0;0;0;0;0;0;0;0;0;-23.94;0;0;0;0;0.0004;0;0;0;0;0;0;0;-0.0004;-0.0884;0;0;0;0;0;0;0;0;0;-0.7452;0;0.7452;1;1;0;0;0;0
02/01/21 20:00;0;0;90;0;0;90;0;0;0;0;23.6;4.2201;0;0;0;0;0;0;0;0;0;0;0;0;0;1;1;1;1;0;0;0;0;0;0;0;0;0;0;0;0;0;0;0;0;0;0;0;0;0;0;0;0;0;0;0;0;0;0;0;0;0;0;0;1;1;1;1;1;1;1;1;1;1;1;1;1;1;1;1;1;1;1;0;0;0;0;0;0;0;0;0;0.0004;0.088;-0.0884;0;0;0;0;0;0;0;0;0;0;0;0;0;0;0;0;0;0;0;-23.6;0;0;0;0;0.0004;0;0;0;0;0;0;0;-0.0004;-0.0884;0;0;0;0;0;0;0;0;0;-0.7452;0;0.7452;1;1;0;0;0;0
02/01/21 21:00;0;0;90;0;0;90;0;0;0;0;22.44;4.1599;0;0;0;0;0;0;0;0;0;0;0;0;0;1;1;1;1;0;0;0;0;0;0;0;0;0;0;0;0;0;0;0;0;0;0;0;0;0;0;0;0;0;0;0;0;0;0;0;0;0;0;0;1;1;1;1;1;1;1;1;1;1;1;1;1;1;1;1;1;1;1;0;0;0;0;0;0;0;0;0;0.0004;0.088;-0.0884;0;0;0;0;0;0;0;0;0;0;0;0;0;0;0;0;0;0;0;-22.44;0;0;0;0;0.0004;0;0;0;0;0;0;0;-0.0004;-0.0884;0;0;0;0;0;0;0;0;0;-0.7452;0;0.7452;1;1;0;0;0;0
02/01/21 22:00;0;0;90;0;0;90;0;0;0;0;21.5;4.2;0;0;0;0;0;0;0;0;0;0;0;0;0;1;1;1;1;0;0;0;0;0;0;0;0;0;0;0;0;0;0;0;0;0;0;0;0;0;0;0;0;0;0;0;0;0;0;0;0;0;0;0;1;1;1;1;1;1;1;1;1;1;1;1;1;1;1;1;1;1;1;0;0;0;0;0;0;0;0;0;0.0004;0.088;-0.0884;0;0;0;0;0;0;0;0;0;0;0;0;0;0;0;0;0;0;0;-21.5;0;0;0;0;0.0004;0;0;0;0;0;0;0;-0.0004;-0.0884;0;0;0;0;0;0;0;0;0;-0.7452;0;0.7452;1;1;0;0;0;0
02/01/21 23:00;0;0;90;0;0;90;0;0;0;0;20.88;4.96;0;0;0;0;0;0;0;0;0;0;0;0;0;1;1;1;1;0;0;0;0;0;0;0;0;0;0;0;0;0;0;0;0;0;0;0;0;0;0;0;0;0;0;0;0;0;0;0;0;0;0;0;1;1;1;1;1;1;1;1;1;1;1;1;1;1;1;1;1;1;1;0;0;0;0;0;0;0;0;0;0.0004;0.088;-0.0884;0;0;0;0;0;0;0;0;0;0;0;0;0;0;0;0;0;0;0;-20.88;0;0;0;0;0.0004;0;0;0;0;0;0;0;-0.0004;-0.0884;0;0;0;0;0;0;0;0;0;-0.7452;0;0.7452;1;1;0;0;0;0
03/01/21 00:00;0;0;90;0;0;90;0;0;0;0;20.7;5.07;0;0;0;0;0;0;0;0;0;0;0;0;0;1;1;1;1;0;0;0;0;0;0;0;0;0;0;0;0;0;0;0;0;0;0;0;0;0;0;0;0;0;0;0;0;0;0;0;0;0;0;0;1;1;1;1;1;1;1;1;1;1;1;1;1;1;1;1;1;1;1;0;0;0;0;0;0;0;0;0;0.0004;0.088;-0.0884;0;0;0;0;0;0;0;0;0;0;0;0;0;0;0;0;0;0;0;-20.7;0;0;0;0;0.0004;0;0;0;0;0;0;0;-0.0004;-0.0884;0;0;0;0;0;0;0;0;0;-0.7452;0;0.7452;1;1;0;0;0;0
03/01/21 01:00;0;0;90;0;0;90;0;0;0;0;20.55;5.44;0;0;0;0;0;0;0;0;0;0;0;0;0;1;1;1;1;0;0;0;0;0;0;0;0;0;0;0;0;0;0;0;0;0;0;0;0;0;0;0;0;0;0;0;0;0;0;0;0;0;0;0;1;1;1;1;1;1;1;1;1;1;1;1;1;1;1;1;1;1;1;0;0;0;0;0;0;0;0;0;0.0004;0.088;-0.0884;0;0;0;0;0;0;0;0;0;0;0;0;0;0;0;0;0;0;0;-20.55;0;0;0;0;0.0004;0;0;0;0;0;0;0;-0.0004;-0.0884;0;0;0;0;0;0;0;0;0;-0.7452;0;0.7452;1;1;0;0;0;0
03/01/21 02:00;0;0;90;0;0;90;0;0;0;0;20.2;5.76;0;0;0;0;0;0;0;0;0;0;0;0;0;1;1;1;1;0;0;0;0;0;0;0;0;0;0;0;0;0;0;0;0;0;0;0;0;0;0;0;0;0;0;0;0;0;0;0;0;0;0;0;1;1;1;1;1;1;1;1;1;1;1;1;1;1;1;1;1;1;1;0;0;0;0;0;0;0;0;0;0.0004;0.088;-0.0884;0;0;0;0;0;0;0;0;0;0;0;0;0;0;0;0;0;0;0;-20.2;0;0;0;0;0.0004;0;0;0;0;0;0;0;-0.0004;-0.0884;0;0;0;0;0;0;0;0;0;-0.7452;0;0.7452;1;1;0;0;0;0
03/01/21 03:00;0;0;90;0;0;90;0;0;0;0;19.75;5.5701;0;0;0;0;0;0;0;0;0;0;0;0;0;1;1;1;1;0;0;0;0;0;0;0;0;0;0;0;0;0;0;0;0;0;0;0;0;0;0;0;0;0;0;0;0;0;0;0;0;0;0;0;1;1;1;1;1;1;1;1;1;1;1;1;1;1;1;1;1;1;1;0;0;0;0;0;0;0;0;0;0.0004;0.088;-0.0884;0;0;0;0;0;0;0;0;0;0;0;0;0;0;0;0;0;0;0;-19.75;0;0;0;0;0.0004;0;0;0;0;0;0;0;-0.0004;-0.0884;0;0;0;0;0;0;0;0;0;-0.7452;0;0.7452;1;1;0;0;0;0
03/01/21 04:00;0.6876;-117.7;88.332;0.7765;1.1071;-90;-1.1071;0;0;0;19.7;5.37;0;0;0;0;0;0;0;0;0;0;0;0;0;1;1;1;1;0;0;0;0;0;0;0;0;0;0;0;0;0;0;0;0;0;0;0;0;0;0;0;0;0;0;0;0;0;0;0;0;0;0;0;1;1;1;1;1;1;1;1;1;1;1;1;1;1;1;1;1;1;1;0;0;0;0;0;0;0;0;0;0.0004;0.088;-0.0884;0;0;0;0;0;0;0;0;0;0;0;0;0;0;0;0;0;0;0;-19.7;0;0;0;0;0.0004;0;0;0;0;0;0;0;-0.0004;-0.0884;0;0;0;0;0;0;0;0;0;-0.7452;0;0.7452;1;1;0;0;0;0
03/01/21 05:00;6.7814;-113.13;73.359;7.3681;10.753;-90;-10.753;10.998;10.903;0.0953;20;5.36;0;0.231;10.801;0.0151;0;0.0197;11.067;0;11.067;0.231;0.0151;10.801;0.0197;0.0209;0.9778;0;0.0018;10.962;0.1042;0;0;0.0879;0.0164;10.459;0.4704;0.0357;0.0023;0.4316;0.0007;10.93;0.0329;0.0007;0;0.0321;0;10.463;0.1946;0.0127;10.249;0.0026;6.4872;5.1638;2.0225;0.0041;0.0785;1.1286;0.0035;1.2029;0;1;0;0;1.0062;0.9906;1;1;0.9919;0.1698;0.957;0.845;1;0.9596;0.7755;0.997;0.997;1;0.997;0.997;0.9451;0.9489;0.1313;0.0315;0.0322;0.0002;0.0062;-0.0005;0.0002;0.0007;0.0002;0;0;0.088;-0.0658;0;0;0;0;0;0;0;0;0;0;0;0;0.0005;0;0.0247;0.0247;0;20.531;20.531;0.5311;0.0508;25.836;956.35;1;0.0025;0.0025;0;0;0;0;0;0;0.0222;-0.0658;0;14.753;17.084;-39.271;-45.475;89.973;89.973;0.2656;0.2084;-0.5546;0.0572;0.763;0.2155;2.8728;0;6.4867;0;0
03/01/21 06:00;18.357;-105.37;40.198;18.99;33.121;-90;-33.121;107.91;103.7;4.2121;18.98;5.3;0;10.216;94.37;2.3821;0;1.7884;108.76;0;108.76;10.216;2.3821;94.37;1.7884;0.0939;0.8842;0;0.0164;102.29;6.4666;0;0;4.883;1.5836;98.975;3.0073;0.0713;0.0166;2.888;0.0313;101.98;0.3069;0.0306;0.0071;0.2685;0.0006;99.533;10.114;2.3583;86.331;0.1728;63.633;50.652;21.187;2.0115;0.8101;11.653;0.5575;10.451;0;1;0;0;1.0078;0.9405;1;1;0.9483;0.1145;0.9705;0.993;1;0.9676;0.8467;0.997;0.997;1;0.997;0.997;0.9101;0.9148;0.0966;0.3095;0.3081;0.0019;0.0166;-0.0013;0.002;0.0072;0.0021;0;0;0.088;0.1786;0;0;0;0;0;0;0;0;0;0;0;0;0.0058;0.0004;0.2734;0.2734;0;23.856;23.856;4.8765;0.0493;262.32;1042.2;1;0.0068;0.0068;0;0;0;0;0;0;0.2666;0.1786;0;16.611;19.235;10.851;12.565;97.511;97.511;2.6101;2.3056;1.5061;0.3046;0.7995;0.1167;0.3063;0.577;63.608;0.5342;0
03/01/21 07:00;30.365;-97.829;6.75;30.6;59.4;-90;-59.4;207.11;194.2;12.909;21.12;4.8599;0;25.36;143.88;6.8993;0;10.371;186.51;0;186.51;25.36;6.8993;143.88;10.371;0.136;0.827;0;0.0556;159.08;27.421;0;0;17.764;9.657;154.13;4.478;0.0059;0.0016;4.4268;0.0437;158.61;0.4773;0.0761;0.0207;0.3783;0.0021;158.34;25.278;6.877;121.31;0.6686;127.59;101.56;47.487;23.207;2.5453;36.613;4.2144;15.952;0;1;0;0;0.9005;0.853;1;1;0.8765;0.0689;0.9718;0.9998;1;0.9648;0.9386;0.997;0.997;1;0.997;0.997;0.8264;0.8431;0.0645;0.5308;0.5264;0.0032;0.0171;0.0071;0.0035;0.0124;0.0066;0;0;0.088;0.3689;0;0;0;0;0;0;0;0;0;0;0;0;0.01;0.0009;0.4657;0.4657;0;28.713;28.713;7.5924;0.0493;448.07;1039.4;1;0.0088;0.0088;0;0;0;0;0;0;0.4569;0.3689;0;16.501;19.107;13.071;15.136;98.113;98.113;4.4761;3.9275;3.1113;0.5487;0.8162;0.1226;0.1823;0.6951;124.41;0.606;0
03/01/21 08:00;42.595;-89.768;0.1711;42.595;47.405;-90;-47.405;162.2;159.6;2.5956;21.47;4.25;0;3.835;133.45;0.6405;0;5.3468;143.27;0;143.27;3.835;0.6405;133.45;5.3468;0.0268;0.9688;0;0.0373;126.44;16.832;0;0;11.879;4.9531;122.06;4.0018;0;0;3.9822;0.0196;126.06;0.3793;0.0115;0.0019;0.3647;0.0012;124.1;3.8235;0.6385;117.22;0.3729;102.78;81.809;36.515;9.7558;1.5821;22.757;2.0418;14.584;0;1;0;0;0.8833;0.8825;1;1;0.911;0.0736;0.9683;1;1;0.9671;0.9501;0.997;0.997;1;0.997;0.997;0.8519;0.8784;0.0698;0.4077;0.4006;0.0024;0.0172;0.0036;0.0026;0.0094;0.0041;0;0;0.088;0.2576;0;0;0;0;0;0;0;0;0;0;0;0;0.0075;0.0006;0.3532;0.3532;0;27.489;27.489;6.0195;0.0493;341.09;1035.5;1;0.0076;0.0076;0;0;0;0;0;0;0.3456;0.2576;0;16.291;18.864;11.883;13.761;97.861;97.861;3.4384;2.9786;2.1728;0.4599;0.8058;0.1337;0.2344;0.6319;101.58;0.5647;0
03/01/21 09:00;54.801;-79.834;5.8392;55.227;34.773;-90;-34.773;206.7;203.3;3.399;22.2;3.94;0;4.1379;184.6;0.7291;0;3.765;193.23;0;193.23;4.1379;0.7291;184.6;3.765;0.0214;0.9748;0;0.0195;179.56;13.672;0;0;10.312;3.3597;173.35;5.6724;0.0008;0.0001;5.6148;0.0566;179.02;0.5387;0.0124;0.0022;0.5229;0.0012;174.59;4.1247;0.7267;168.15;0.3474;128;101.88;43.232;4.6511;1.6287;23.429;1.237;20.406;0;1;0;0;0.9349;0.9292;1;1;0.9441;0.1076;0.9683;0.9998;1;0.9677;0.86;0.997;0.997;1;0.997;0.997;0.8971;0.9109;0.0923;0.5499;0.5464;0.0033;0.017;0.0113;0.0036;0.0128;0.0042;0;0;0.088;0.3861;0;0;0;0;0;0;0;0;0;0;0;0;0.0103;0.0009;0.483;0.483;0;30.745;30.745;8.5448;0.0493;466.48;1035.4;1;0.0089;0.0089;0;0;0;0;0;0;0.4741;0.3861;0;16.517;19.126;13.202;15.288;98.151;98.151;4.6375;4.0731;3.2557;0.5644;0.8174;0.1217;0.1763;0.702;125.99;0.6436;0
03/01/21 10:00;66.491;-64.459;9.9032;68.571;21.429;-90;-21.429;735.2;358.3;376.9;23.44;3.86;0;404.89;245.23;112.04;0;5.1841;767.34;0;767.34;404.89;112.04;245.23;5.1841;0.5277;0.3263;0;0.0068;756.67;10.678;0;0;6.3279;4.3502;745.91;8.4863;0.1381;0.0382;8.1308;0.1792;754.4;2.27;1.2147;0.3361;0.7167;0.0025;747.23;403.54;111.66;230.05;0.6522;422.55;336.35;137.64;1.1285;4.7825;68.795;1.3165;72.449;0;1;0;0;1.0437;0.9861;1;1;0.9742;0.1609;0.9888;0.9997;1;0.9659;0.7844;0.997;0.997;1;0.997;0.997;0.9721;0.9381;0.1258;2.1838;2.2757;0.0137;-0.0018;0.2881;0.0138;0.049;0.0113;0;0;0.088;1.7328;0;0;0;0;0;0;0;0;0;0;0;0;0.0395;0.0122;1.8497;1.8497;0;60.808;60.808;37.368;0.0501;1960.5;943.49;1;0.0288;0.0288;0;0;0;0;0;0;1.8208;1.7328;0;15.929;18.445;14.922;17.28;98.44;98.44;18.416;15.599;14.613;2.8175;0.9854;0.153;0.0535;0.7935;153.45;0.7436;0
03/01/21 11:00;75.819;-31.477;12.06;82.484;7.5163;-90;-7.5163;891.4;287.6;603.81;26.68;4.2399;0;609.04;160.06;127.94;0;0.7812;897.83;0;897.83;609.04;127.94;160.06;0.7812;0.6783;0.1791;0;0.0009;896.46;1.3685;0;0;0.7191;0.6494;886.71;7.0599;0.253;0.0531;6.7244;0.0294;893.77;2.6894;1.8271;0.3838;0.478;0.0004;886.83;606.96;127.51;152.14;0.102;523.7;416.86;172.11;0.0146;5.7386;82.547;0.1194;88.271;0;1;0;0;1.0072;0.9985;1;1;0.9955;0.1687;0.9921;0.9996;1;0.9577;0.776;0.997;0.997;1;0.997;0.997;0.9876;0.9505;0.1305;2.5551;2.7026;0.0163;-0.0012;0.4452;0.0157;0.0557;0.013;0;0;0.088;1.9757;0;0;0;0;0;0;0;0;0;0;0;0;0.0448;0.0168;2.0963;2.0963;0;71.484;71.484;44.804;0.0505;2326.4;901.1;1;0.0326;0.0326;0;0;0;0;0;0;2.0637;1.9757;0;15.429;17.866;14.541;16.838;98.444;98.444;21.548;17.678;16.661;3.8696;1.0172;0.1796;0.0472;0.7732;95.434;0.7234;0
03/01/21 12:00;76.205;28.228;12.128;83.376;6.624;90;6.624;319;312;6.9968;28.46;4.4799;0;7.0439;309.38;1.6026;0;0.2172;318.24;0;318.24;7.0439;1.6026;309.38;0.2172;0.0221;0.9728;0;0.0007;316.92;1.3185;0;0;1.1376;0.1809;302.8;13.168;0.0029;0.0007;13.156;0.0081;315.97;0.9508;0.0211;0.0048;0.9247;0.0001;302.83;7.0198;1.5971;294.16;0.0281;189.21;150.61;58.833;0.0155;2.2916;32.964;0.024;35.24;0;1;0;0;0.9976;0.9959;1;1;0.9963;0.1671;0.9583;0.9996;1;0.9572;0.7759;0.997;0.997;1;0.997;0.997;0.9515;0.9508;0.1293;0.9057;0.9324;0.0056;0.0131;0.0619;0.006;0.0211;0.0057;0;0;0.088;0.699;0;0;0;0;0;0;0;0;0;0;0;0;0.017;0.0024;0.7996;0.7996;0;43.48;43.48;15.02;0.0496;800.83;998.42;1;0.0126;0.0126;0;0;0;0;0;0;0.787;0.699;0;16.602;19.225;14.514;16.806;98.425;98.425;7.6377;6.7429;5.8946;0.8949;0.8483;0.1172;0.1111;0.7718;184.17;0.7162;0
03/01/21 13:00;67.188;63.111;10.099;69.437;20.563;90;20.563;711.9;410.6;301.3;27.42;4.57;0;321.8;305.5;101.52;0;4.6265;733.44;0;733.44;321.8;101.52;305.5;4.6265;0.4388;0.4228;0;0.0063;722.16;11.286;0;0;7.401;3.8845;709.47;10.524;0.1119;0.0353;10.214;0.1626;719.99;2.1665;0.9654;0.3045;0.8943;0.0022;710.63;320.73;101.18;286.99;0.5771;412.99;328.74;134.33;1.2081;4.6936;67.516;1.1609;71.001;0;1;0;0;1.0303;0.9846;1;1;0.9758;0.1604;0.9854;0.9997;1;0.9656;0.7802;0.997;0.997;1;0.997;0.997;0.9673;0.9394;0.1247;2.0873;2.1684;0.0131;-0.0013;0.2924;0.013;0.0463;0.011;0;0;0.088;1.6308;0;0;0;0;0;0;0;0;0;0;0;0;0.0373;0.0111;1.7455;1.7455;0;63.032;63.032;35.612;0.0502;1868.3;934.27;1;0.0267;0.0267;0;0;0;0;0;0;1.7188;1.6308;0;15.726;18.211;14.693;17.014;98.47;98.47;17.603;14.72;13.753;2.8826;0.9674;0.1638;0.055;0.7813;190.33;0.7309;0
03/01/21 14:00;55.565;79.084;6.1475;56.051;33.949;90;33.949;585.71;399.8;185.9;30.04;4.6901;0;224.11;307.35;76.934;0;10.184;618.57;0;618.57;224.11;76.934;307.35;10.184;0.3623;0.5133;0;0.0165;592.89;25.684;0;0;16.587;9.0977;581.51;9.5971;0.0474;0.0163;9.3711;0.1623;591.11;1.7787;0.6723;0.2308;0.8723;0.0033;584.64;223.39;76.687;280.52;0.9207;334.66;266.39;112.05;7.1327;3.9956;57.475;3.1282;54.338;0;1;0;0;1.0561;0.9585;1;1;0.946;0.1067;0.9838;0.9998;1;0.9677;0.8501;0.997;0.997;1;0.997;0.997;0.9401;0.9127;0.0904;1.7604;1.7878;0.0108;0.0017;0.2171;0.0109;0.0387;0.0095;0;0;0.088;1.3507;0;0;0;0;0;0;0;0;0;0;0;0;0.0312;0.0077;1.4603;1.4603;0;59.154;59.154;29.114;0.0501;1539.4;948.59;1;0.0216;0.0216;0;0;0;0;0;0;1.4387;1.3507;0;15.599;18.064;14.429;16.708;98.52;98.52;14.846;12.315;11.39;2.5311;0.9244;0.1705;0.0623;0.7672;208.46;0.7173;0
03/01/21 15:00;43.371;89.215;0.5706;43.374;46.626;90;46.626;685.8;195.1;490.7;29.81;4.67;0;714.52;81.278;143.76;0;21.912;961.48;0;961.48;714.52;143.76;81.278;21.912;0.7432;0.1073;0;0.0228;934.01;27.467;0;0;7.0863;20.381;928.68;2.5234;0.014;0.0028;2.4237;0.0828;931.21;2.802;2.1436;0.4313;0.2226;0.0046;934.31;712.36;143.33;71.545;1.444;298.68;237.75;97.874;5.6159;3.6559;52.589;5.6316;50.629;0;1;0;0;1.402;0.9714;1;1;0.9128;0.0699;0.9973;1;1;0.9672;0.9457;0.997;0.997;1;0.997;0.997;0.9659;0.8803;0.0659;2.7363;2.7785;0.0167;-0.0007;0.513;0.0157;0.0558;0.0081;0;0;0.088;1.9866;0;0;0;0;0;0;0;0;0;0;0;0;0.045;0.0178;2.107;2.107;0;76.946;76.946;47.136;0.0508;2396.2;879.33;1;0.0324;0.0324;0;0;0;0;0;0;2.0746;1.9866;0;14.481;16.769;13.653;15.81;98.461;98.461;23.075;17.769;16.753;5.3066;1.0156;0.23;0.044;0.726;61.41;0.6975;0
03/01/21 16:00;31.135;97.344;6.2818;31.344;58.656;90;58.656;247.19;231.6;15.59;29.43;4.3199;0;29.971;172.28;9.5072;0;12.098;223.85;0;223.85;29.971;9.5072;172.28;12.098;0.1339;0.8236;0;0.054;191.57;32.284;0;0;20.958;11.326;185.66;5.3351;0.0065;0.0021;5.2804;0.0462;190.99;0.5747;0.0899;0.0285;0.454;0.0023;190.55;29.874;9.4766;145.59;0.7233;151.98;120.98;56.319;26.566;2.9777;42.833;4.886;19.245;0;1;0;0;0.9056;0.8558;1;1;0.8783;0.0638;0.9721;0.9998;1;0.965;0.9399;0.997;0.997;1;0.997;0.997;0.8294;0.8451;0.0598;0.6371;0.631;0.0038;0.0165;0.0312;0.0041;0.0144;0.0075;0;0;0.088;0.4436;0;0;0;0;0;0;0;0;0;0;0;0;0.0116;0.0012;0.5408;0.5408;0;38.637;38.637;9.2073;0.0496;538.76;1003.8;1;0.0092;0.0092;0;0;0;0;0;0;0.5316;0.4436;0;15.965;18.487;13.095;15.163;98.293;98.293;5.3725;4.5609;3.7409;0.8116;0.82;0.1511;0.1526;0.6963;147.64;0.6091;0
03/01/21 17:00;19.106;104.9;37.453;19.72;35.201;90;35.201;228.2;177.1;51.102;30.3;2.7801;0;123.94;143.12;47.489;0;4.2564;318.8;0;318.8;123.94;47.489;143.12;4.2564;0.3888;0.4623;0;0.0134;306.8;12;0;0;8.1757;3.8246;300.55;5.3271;0.6667;0.2554;4.345;0.06;305.88;0.9204;0.3718;0.1425;0.4048;0.0013;301.54;122.9;47.091;130.19;0.3705;98.357;78.292;33.089;3.761;1.2723;18.302;0.99;15.814;0;1;0;0;1.397;0.9624;1;1;0.9429;0.1014;0.9826;0.9946;1;0.9677;0.8606;0.997;0.997;1;0.997;0.997;0.9428;0.9097;0.087;0.9073;0.8994;0.0054;0.0135;0.0655;0.0057;0.0202;0.0031;0;0;0.088;0.6672;0;0;0;0;0;0;0;0;0;0;0;0;0.0163;0.0022;0.7673;0.7673;0;45.231;45.231;14.931;0.0497;773.78;991.63;1;0.0121;0.0121;0;0;0;0;0;0;0.7552;0.6672;0;15.904;18.417;13.83;16.015;98.426;98.426;7.6512;6.4707;5.6268;1.1805;0.844;0.1543;0.1103;0.7354;98.01;0.7051;0
03/01/21 18:00;7.4965;112.63;71.554;8.1135;11.903;90;11.903;60.401;58.803;1.5975;29.27;2.0701;0;3.8745;57.667;1.2367;0;0.1325;62.91;0;62.91;3.8745;1.2367;57.667;0.1325;0.0616;0.9188;0;0.0021;62.242;0.6688;0;0;0.5585;0.1102;59.14;2.9145;0.4927;0.1573;2.2596;0.005;62.055;0.1867;0.0116;0.0037;0.1713;0.0001;59.165;3.3702;1.0757;54.677;0.0172;34.754;27.664;10.853;0.0323;0.4198;6.0387;0.0248;6.4262;0;1;0;0;1.0415;0.9894;1;1;0.9903;0.1678;0.953;0.8725;1;0.9603;0.7747;0.997;0.997;1;0.997;0.997;0.9401;0.9482;0.1296;0.179;0.1814;0.0011;0.0143;0.0049;0.0011;0.004;0.001;0;0;0.088;0.0583;0;0;0;0;0;0;0;0;0;0;0;0;0.0032;0.0002;0.1516;0.1516;0;32.222;32.222;2.9513;0.0499;153.82;985.71;1;0.0053;0.0053;0;0;0;0;0;0;0.1463;0.0583;0;15.926;18.442;6.1215;7.0885;96.477;96.477;1.5099;1.2786;0.4915;0.2312;0.7872;0.1531;0.5213;0.3255;34.743;0.3037;0
03/01/21 19:00;1.0131;117.44;87.542;1.1415;1.6279;90;1.6279;0;0;0;25.5;1.73;0;0;0;0;0;0;0;0;0;0;0;0;0;1;1;1;1;0;0;0;0;0;0;0;0;0;0;0;0;0;0;0;0;0;0;0;0;0;0;0;0;0;0;0;0;0;0;0;0;0;0;0;1;1;1;1;1;1;1;1;1;1;1;1;1;1;1;1;1;1;1;0;0;0;0;0;0;0;0;0;0.0004;0.088;-0.0884;0;0;0;0;0;0;0;0;0;0;0;0;0;0;0;0;0;0;0;-25.5;0;0;0;0;0.0004;0;0;0;0;0;0;0;-0.0004;-0.0884;0;0;0;0;0;0;0;0;0;-0.7452;0;0.7452;1;1;0;0;0;0
03/01/21 20:00;0;0;90;0;0;90;0;0;0;0;23.45;1.14;0;0;0;0;0;0;0;0;0;0;0;0;0;1;1;1;1;0;0;0;0;0;0;0;0;0;0;0;0;0;0;0;0;0;0;0;0;0;0;0;0;0;0;0;0;0;0;0;0;0;0;0;1;1;1;1;1;1;1;1;1;1;1;1;1;1;1;1;1;1;1;0;0;0;0;0;0;0;0;0;0.0004;0.088;-0.0884;0;0;0;0;0;0;0;0;0;0;0;0;0;0;0;0;0;0;0;-23.45;0;0;0;0;0.0004;0;0;0;0;0;0;0;-0.0004;-0.0884;0;0;0;0;0;0;0;0;0;-0.7452;0;0.7452;1;1;0;0;0;0
03/01/21 21:00;0;0;90;0;0;90;0;0;0;0;22.21;0.5;0;0;0;0;0;0;0;0;0;0;0;0;0;1;1;1;1;0;0;0;0;0;0;0;0;0;0;0;0;0;0;0;0;0;0;0;0;0;0;0;0;0;0;0;0;0;0;0;0;0;0;0;1;1;1;1;1;1;1;1;1;1;1;1;1;1;1;1;1;1;1;0;0;0;0;0;0;0;0;0;0.0004;0.088;-0.0884;0;0;0;0;0;0;0;0;0;0;0;0;0;0;0;0;0;0;0;-22.21;0;0;0;0;0.0004;0;0;0;0;0;0;0;-0.0004;-0.0884;0;0;0;0;0;0;0;0;0;-0.7452;0;0.7452;1;1;0;0;0;0
03/01/21 22:00;0;0;90;0;0;90;0;0;0;0;20.4;0.61;0;0;0;0;0;0;0;0;0;0;0;0;0;1;1;1;1;0;0;0;0;0;0;0;0;0;0;0;0;0;0;0;0;0;0;0;0;0;0;0;0;0;0;0;0;0;0;0;0;0;0;0;1;1;1;1;1;1;1;1;1;1;1;1;1;1;1;1;1;1;1;0;0;0;0;0;0;0;0;0;0.0004;0.088;-0.0884;0;0;0;0;0;0;0;0;0;0;0;0;0;0;0;0;0;0;0;-20.4;0;0;0;0;0.0004;0;0;0;0;0;0;0;-0.0004;-0.0884;0;0;0;0;0;0;0;0;0;-0.7452;0;0.7452;1;1;0;0;0;0
03/01/21 23:00;0;0;90;0;0;90;0;0;0;0;19.86;1.2099;0;0;0;0;0;0;0;0;0;0;0;0;0;1;1;1;1;0;0;0;0;0;0;0;0;0;0;0;0;0;0;0;0;0;0;0;0;0;0;0;0;0;0;0;0;0;0;0;0;0;0;0;1;1;1;1;1;1;1;1;1;1;1;1;1;1;1;1;1;1;1;0;0;0;0;0;0;0;0;0;0.0004;0.088;-0.0884;0;0;0;0;0;0;0;0;0;0;0;0;0;0;0;0;0;0;0;-19.86;0;0;0;0;0.0004;0;0;0;0;0;0;0;-0.0004;-0.0884;0;0;0;0;0;0;0;0;0;-0.7452;0;0.7452;1;1;0;0;0;0
04/01/21 00:00;0;0;90;0;0;90;0;0;0;0;19.39;1.55;0;0;0;0;0;0;0;0;0;0;0;0;0;1;1;1;1;0;0;0;0;0;0;0;0;0;0;0;0;0;0;0;0;0;0;0;0;0;0;0;0;0;0;0;0;0;0;0;0;0;0;0;1;1;1;1;1;1;1;1;1;1;1;1;1;1;1;1;1;1;1;0;0;0;0;0;0;0;0;0;0.0004;0.088;-0.0884;0;0;0;0;0;0;0;0;0;0;0;0;0;0;0;0;0;0;0;-19.39;0;0;0;0;0.0004;0;0;0;0;0;0;0;-0.0004;-0.0884;0;0;0;0;0;0;0;0;0;-0.7452;0;0.7452;1;1;0;0;0;0
04/01/21 01:00;0;0;90;0;0;90;0;0;0;0;19.37;1.2899;0;0;0;0;0;0;0;0;0;0;0;0;0;1;1;1;1;0;0;0;0;0;0;0;0;0;0;0;0;0;0;0;0;0;0;0;0;0;0;0;0;0;0;0;0;0;0;0;0;0;0;0;1;1;1;1;1;1;1;1;1;1;1;1;1;1;1;1;1;1;1;0;0;0;0;0;0;0;0;0;0.0004;0.088;-0.0884;0;0;0;0;0;0;0;0;0;0;0;0;0;0;0;0;0;0;0;-19.37;0;0;0;0;0.0004;0;0;0;0;0;0;0;-0.0004;-0.0884;0;0;0;0;0;0;0;0;0;-0.7452;0;0.7452;1;1;0;0;0;0
04/01/21 02:00;0;0;90;0;0;90;0;0;0;0;18.5;1.09;0;0;0;0;0;0;0;0;0;0;0;0;0;1;1;1;1;0;0;0;0;0;0;0;0;0;0;0;0;0;0;0;0;0;0;0;0;0;0;0;0;0;0;0;0;0;0;0;0;0;0;0;1;1;1;1;1;1;1;1;1;1;1;1;1;1;1;1;1;1;1;0;0;0;0;0;0;0;0;0;0.0004;0.088;-0.0884;0;0;0;0;0;0;0;0;0;0;0;0;0;0;0;0;0;0;0;-18.5;0;0;0;0;0.0004;0;0;0;0;0;0;0;-0.0004;-0.0884;0;0;0;0;0;0;0;0;0;-0.7452;0;0.7452;1;1;0;0;0;0
04/01/21 03:00;0;0;90;0;0;90;0;0;0;0;18.3;1.32;0;0;0;0;0;0;0;0;0;0;0;0;0;1;1;1;1;0;0;0;0;0;0;0;0;0;0;0;0;0;0;0;0;0;0;0;0;0;0;0;0;0;0;0;0;0;0;0;0;0;0;0;1;1;1;1;1;1;1;1;1;1;1;1;1;1;1;1;1;1;1;0;0;0;0;0;0;0;0;0;0.0004;0.088;-0.0884;0;0;0;0;0;0;0;0;0;0;0;0;0;0;0;0;0;0;0;-18.3;0;0;0;0;0.0004;0;0;0;0;0;0;0;-0.0004;-0.0884;0;0;0;0;0;0;0;0;0;-0.7452;0;0.7452;1;1;0;0;0;0
04/01/21 04:00;0.5416;-117.68;88.686;0.6116;0.8718;-90;-0.8718;0;0;0;18.5;1.7501;0;0;0;0;0;0;0;0;0;0;0;0;0;1;1;1;1;0;0;0;0;0;0;0;0;0;0;0;0;0;0;0;0;0;0;0;0;0;0;0;0;0;0;0;0;0;0;0;0;0;0;0;1;1;1;1;1;1;1;1;1;1;1;1;1;1;1;1;1;1;1;0;0;0;0;0;0;0;0;0;0.0004;0.088;-0.0884;0;0;0;0;0;0;0;0;0;0;0;0;0;0;0;0;0;0;0;-18.5;0;0;0;0;0.0004;0;0;0;0;0;0;0;-0.0004;-0.0884;0;0;0;0;0;0;0;0;0;-0.7452;0;0.7452;1;1;0;0;0;0
04/01/21 05:00;6.6365;-113.11;73.722;7.2096;10.511;-90;-10.511;32.095;31.098;0.9976;19.37;3.0399;0;2.4196;30.648;0.4611;0;0.0549;33.584;0;33.584;2.4196;0.4611;30.648;0.0549;0.072;0.9142;0;0.0016;33.298;0.2856;0;0;0.24;0.0456;31.503;1.6951;0.3891;0.0741;1.2298;0.0021;33.198;0.0999;0.0073;0.0014;0.0912;0;31.513;2.0232;0.3856;29.087;0.0072;18.401;14.647;5.736;0.0108;0.2225;3.2011;0.0094;3.4129;0;1;0;0;1.0464;0.9915;1;1;0.9922;0.1697;0.9489;0.8387;1;0.9594;0.7755;0.997;0.997;1;0.997;0.997;0.938;0.9491;0.1312;0.0956;0.0966;0.0006;0.0109;-0.0014;0.0006;0.0021;0.0005;0;0;0.088;-0.0105;0;0;0;0;0;0;0;0;0;0;0;0;0.0017;0.0001;0.0814;0.0814;0;20.94;20.94;1.5697;0.0498;80.939;1005.9;1;0.004;0.004;0;0;0;0;0;0;0.0775;-0.0105;0;16.02;18.55;-2.0737;-2.4013;95.14;95.14;0.806;0.6866;-0.0889;0.1194;0.7755;0.1481;0.9621;0;18.395;0;0
04/01/21 06:00;18.215;-105.34;40.704;18.84;32.714;-90;-32.714;191.79;125.9;65.889;22.36;2.7701;0;159.8;98.611;45.584;0;3.1031;307.1;0;307.1;159.8;45.584;98.611;3.1031;0.5204;0.3312;0;0.0101;299.35;7.7463;0;0;5.0038;2.7425;293.88;4.5733;1.1625;0.3316;3.0229;0.0562;298.45;0.8981;0.4794;0.1368;0.2808;0.0011;294.45;158.16;45.116;90.304;0.3033;66.681;53.078;22.227;2.0146;0.8411;12.099;0.5643;10.926;0;1;0;0;1.6012;0.9748;1;1;0.9493;0.1162;0.9847;0.9927;1;0.9676;0.8436;0.997;0.997;1;0.997;0.997;0.957;0.9158;0.0977;0.874;0.8667;0.0052;0.014;0.0369;0.0057;0.0201;0.0021;0;0;0.088;0.6639;0;0;0;0;0;0;0;0;0;0;0;0;0.0162;0.0021;0.7644;0.7644;0;36.86;36.86;14.5;0.0493;744.71;1026.4;1;0.0125;0.0125;0;0;0;0;0;0;0.7519;0.6639;0;16.448;19.046;14.286;16.543;98.371;98.371;7.3704;6.4463;5.5991;0.9241;0.8471;0.1254;0.1149;0.7597;66.266;0.7379;0
04/01/21 07:00;30.224;-97.779;6.7167;30.455;59.545;-90;-59.545;125.39;123.2;2.1918;22.74;2.9;0;4.3242;92.537;0.7495;0;6.3072;103.92;0;103.92;4.3242;0.7495;92.537;6.3072;0.0416;0.9512;0;0.0607;86.58;17.338;0;0;11.466;5.8722;83.443;2.8773;0.001;0.0002;2.8491;0.027;86.32;0.2597;0.013;0.0022;0.2432;0.0013;86.094;4.3103;0.7471;77.979;0.4067;80.643;64.192;30.209;15.056;1.6212;23.321;2.6513;9.8861;0;1;0;0;0.8287;0.8332;1;1;0.8761;0.069;0.9667;0.9998;1;0.9648;0.9378;0.997;0.997;1;0.997;0.997;0.803;0.8427;0.0645;0.2957;0.293;0.0018;0.0164;0.002;0.0019;0.0068;0.0041;0;0;0.088;0.1597;0;0;0;0;0;0;0;0;0;0;0;0;0.0055;0.0003;0.2542;0.2542;0;26.869;26.869;4.1291;0.0495;248.42;1023.3;1;0.0065;0.0065;0;0;0;0;0;0;0.2477;0.1597;0;16.165;18.719;10.157;11.762;97.452;97.452;2.494;2.1438;1.3471;0.3502;0.7967;0.1404;0.3195;0.5401;80.153;0.4624;0
04/01/21 08:00;42.455;-89.706;0.2172;42.455;47.545;-90;-47.545;56.709;56.402;0.3069;21.08;3.77;0;0.4547;47.222;0.0269;0;1.8798;49.583;0;49.583;0.4547;0.0269;47.222;1.8798;0.0092;0.9903;0;0.0379;43.62;5.9634;0;0;4.2216;1.7417;42.073;1.416;0;0;1.4092;0.0068;43.489;0.1309;0.0014;0.0001;0.129;0.0004;42.801;0.4534;0.0268;41.462;0.1309;36.122;28.753;12.8;3.4876;0.5621;8.0855;0.7283;5.16;0;1;0;0;0.8743;0.8797;1;1;0.9106;0.0735;0.9674;1;1;0.9671;0.9506;0.997;0.997;1;0.997;0.997;0.8485;0.878;0.0696;0.1411;0.1387;0.0008;0.0128;-0.0009;0.0009;0.0031;0.0014;0;0;0.088;0.025;0;0;0;0;0;0;0;0;0;0;0;0;0.0025;0.0001;0.1179;0.1179;0;23.172;23.172;2.0922;0.0497;116.75;1009.7;1;0.0049;0.0049;0;0;0;0;0;0;0.113;0.025;0;15.71;18.192;3.3314;3.8577;95.854;95.854;1.19;0.9941;0.2108;0.1959;0.7833;0.1646;0.6583;0.1771;35.995;0.1579;0
04/01/21 09:00;54.66;-79.762;5.9008;55.093;34.907;-90;-34.907;47.196;47.003;0.1927;18.58;3.86;0;0.235;42.767;0.0096;0;0.8661;43.878;0;43.878;0.235;0.0096;42.767;0.8661;0.0054;0.9944;0;0.0197;40.701;3.177;0;0;2.4036;0.7734;39.266;1.3131;0;0;1.3002;0.0128;40.579;0.1221;0.0007;0;0.1211;0.0003;39.555;0.2343;0.0096;38.942;0.0796;29.321;23.339;9.8512;1.0919;0.3782;5.4406;0.2895;4.727;0;1;0;0;0.9297;0.9276;1;1;0.9438;0.1071;0.9676;0.9998;1;0.9677;0.8611;0.997;0.997;1;0.997;0.997;0.8949;0.9106;0.0919;0.1249;0.1241;0.0007;0.0122;-0.002;0.0008;0.0028;0.0009;0;0;0.088;0.0136;0;0;0;0;0;0;0;0;0;0;0;0;0.0023;0.0001;0.1062;0.1062;0;20.53;20.53;1.95;0.0497;104.39;1017.6;1;0.0047;0.0047;0;0;0;0;0;0;0.1016;0.0136;0;15.997;18.524;2.0433;2.3661;95.616;95.616;1.0531;0.8958;0.1144;0.1573;0.7814;0.1493;0.742;0.1087;29.221;0.0994;0
04/01/21 10:00;66.346;-64.403;9.9821;68.445;21.555;-90;-21.555;42.292;42.2;0.0925;17.88;3.31;0;0.0994;40.721;0.0032;0;0.3017;41.126;0;41.126;0.0994;0.0032;40.721;0.3017;0.0024;0.9975;0;0.0073;39.812;1.314;0;0;1.0607;0.2533;38.333;1.3589;0;0;1.3485;0.0104;39.692;0.1194;0.0003;0;0.119;0.0001;38.413;0.0991;0.0032;38.193;0.0379;25.552;20.339;8.1521;0.1913;0.3083;4.4352;0.0799;4.5522;0;1;0;0;0.9724;0.968;1;1;0.974;0.1604;0.9658;0.9997;1;0.9659;0.7849;0.997;0.997;1;0.997;0.997;0.9321;0.9379;0.1255;0.117;0.1188;0.0007;0.012;-0.0023;0.0008;0.0027;0.0008;0;0;0.088;0.0093;0;0;0;0;0;0;0;0;0;0;0;0;0.0022;0.0001;0.1019;0.1019;0;19.783;19.783;1.9031;0.0496;99.917;1019.6;1;0.0046;0.0046;0;0;0;0;0;0;0.0973;0.0093;0;16.369;18.955;1.4964;1.7328;95.524;95.524;0.987;0.8591;0.0785;0.1279;0.7806;0.1296;0.7908;0.0796;25.499;0.0736;0
04/01/21 11:00;75.678;-31.649;12.157;82.37;7.6301;-90;-7.6301;86.695;86.203;0.4918;17.3;3.1001;0;0.4962;85.79;0.0313;0;0.0783;86.396;0;86.396;0.4962;0.0313;85.79;0.0783;0.0057;0.9939;0;0.0009;85.936;0.4601;0;0;0.395;0.0651;82.077;3.6015;0.0002;0;3.5984;0.003;85.678;0.2578;0.0015;0.0001;0.2562;0;82.087;0.4945;0.0312;81.541;0.0102;51.468;40.969;16.05;0.0083;0.6206;8.9269;0.0103;9.5392;0;1;0;0;0.9966;0.9947;1;1;0.9954;0.1688;0.958;0.9996;1;0.9577;0.7759;0.997;0.997;1;0.997;0.997;0.95;0.9505;0.1306;0.2459;0.2527;0.0015;0.0159;-0.0034;0.0017;0.0059;0.0016;0;0;0.088;0.13;0;0;0;0;0;0;0;0;0;0;0;0;0.0048;0.0003;0.2245;0.2245;0;21.343;21.343;4.0432;0.0493;214.82;1045;1;0.0065;0.0065;0;0;0;0;0;0;0.218;0.13;0;17.17;19.883;9.9436;11.515;97.112;97.112;2.0735;1.8932;1.0964;0.1803;0.7968;0.087;0.3843;0.5288;51.162;0.4908;0
04/01/21 12:00;76.152;27.653;12.24;83.473;6.5266;90;6.5266;463.69;425.6;38.095;18.27;2.4601;0;38.343;412.43;11.903;0;0.3065;462.98;0;462.98;38.343;11.903;412.43;0.3065;0.0828;0.8915;0;0.0007;461.25;1.736;0;0;1.4807;0.2553;442.27;17.594;0.0162;0.005;17.561;0.0114;459.86;1.3837;0.115;0.0357;1.2329;0.0002;442.3;38.212;11.862;392.16;0.0396;274.78;218.73;85.803;0.0192;3.3043;47.531;0.0339;50.816;0;1;0;0;0.9985;0.9963;1;1;0.9964;0.1671;0.9617;0.9996;1;0.9571;0.7759;0.997;0.997;1;0.997;0.997;0.9553;0.9508;0.1292;1.3176;1.3607;0.0082;0.007;0.0727;0.0089;0.0316;0.0084;0;0;0.088;1.087;0;0;0;0;0;0;0;0;0;0;0;0;0.0255;0.0046;1.1937;1.1937;0;40.094;40.094;21.824;0.0493;1168.8;1021.3;1;0.0187;0.0187;0;0;0;0;0;0;1.175;1.087;0;17.037;19.728;15.514;17.965;98.437;98.437;11.112;10.066;9.1668;1.0453;0.8995;0.0941;0.0809;0.825;245.48;0.7661;0
04/01/21 13:00;67.205;62.734;10.224;69.516;20.484;90;20.484;696.8;419.3;277.5;19.81;1.71;0;296.23;319.48;95.42;0;4.4941;715.63;0;715.63;296.23;95.42;319.48;4.4941;0.4139;0.4527;0;0.0063;704.16;11.465;0;0;7.6923;3.7722;691.06;10.986;0.1043;0.0336;10.69;0.1584;702.05;2.1125;0.8887;0.2863;0.9354;0.0022;692.19;295.24;95.1;300.16;0.5613;405.15;322.5;131.59;1.2456;4.6212;66.474;1.1279;69.85;0;1;0;0;1.027;0.984;1;1;0.9759;0.1606;0.9844;0.9996;1;0.9656;0.7799;0.997;0.997;1;0.997;0.997;0.9657;0.9395;0.1249;2.0366;2.1136;0.0127;-0.001;0.2181;0.0132;0.0468;0.0113;0;0;0.088;1.6486;0;0;0;0;0;0;0;0;0;0;0;0;0.0377;0.0106;1.7644;1.7644;0;54.249;54.249;34.439;0.0498;1819.4;969.75;1;0.0277;0.0277;0;0;0;0;0;0;1.7366;1.6486;0;16.292;18.866;15.223;17.628;98.428;98.428;17.175;14.879;13.903;2.2958;0.976;0.1337;0.0568;0.8095;198.96;0.7569;0
04/01/21 14:00;55.602;78.832;6.2819;56.111;33.889;90;33.889;659.2;363.6;295.59;22;1.7;0;356.08;248.31;111.13;0;11.422;726.94;0;726.94;356.08;111.13;248.31;11.422;0.4898;0.3573;0;0.0157;703.37;23.564;0;0;13.363;10.201;693.41;7.8568;0.077;0.024;7.5726;0.1831;701.26;2.1101;1.0683;0.3334;0.7048;0.0037;696.81;354.94;110.77;226.66;1.0346;364.48;290.13;122.14;5.7282;4.2122;60.591;3.4019;59.075;0;1;0;0;1.1028;0.9676;1;1;0.9462;0.1069;0.9888;0.9998;1;0.9677;0.8497;0.997;0.997;1;0.997;0.997;0.9539;0.9128;0.0906;2.0688;2.115;0.0127;-0.0011;0.2363;0.0131;0.0463;0.0102;0;0;0.088;1.6342;0;0;0;0;0;0;0;0;0;0;0;0;0.0373;0.0106;1.7495;1.7495;0;56.623;56.623;34.623;0.0499;1821.8;960.31;1;0.0273;0.0273;0;0;0;0;0;0;1.7222;1.6342;0;15.903;18.415;14.855;17.202;98.441;98.441;17.447;14.754;13.782;2.6928;0.9722;0.1543;0.0557;0.7899;168.34;0.7435;0
04/01/21 15:00;43.413;89.021;0.711;43.418;46.582;90;46.582;569.61;299.9;269.71;23.86;2.1501;0;392.41;182.69;121.27;0;18.167;714.54;0;714.54;392.41;121.27;182.69;18.167;0.5492;0.2811;0;0.0254;681.74;32.803;0;0;15.907;16.896;674.16;5.5294;0.0096;0.003;5.4478;0.069;679.69;2.0452;1.1772;0.3638;0.5004;0.0038;679.49;391.22;120.91;160.84;1.198;280.27;223.1;94.353;12.574;3.7421;53.829;5.3225;44.997;0;1;0;0;1.2544;0.9541;1;1;0.9129;0.07;0.9919;1;1;0.9672;0.9456;0.997;0.997;1;0.997;0.997;0.9435;0.8804;0.0659;2.0335;2.0519;0.0124;-0.0006;0.2363;0.0126;0.0448;0.009;0;0;0.088;1.5773;0;0;0;0;0;0;0;0;0;0;0;0;0.0361;0.01;1.6914;1.6914;0;57.551;57.551;33.691;0.05;1768;956.65;1;0.0261;0.0261;0;0;0;0;0;0;1.6653;1.5773;0;15.642;18.113;14.586;16.891;98.456;98.456;17.149;14.264;13.301;2.8854;0.9623;0.1683;0.0561;0.7756;137.98;0.7342;0
04/01/21 16:00;31.175;97.179;6.1379;31.375;58.625;90;58.625;477.31;200.4;276.9;24.55;2.3701;0;531.86;94.647;145.82;0;23.338;795.66;0;795.66;531.86;145.82;94.647;23.338;0.6684;0.1483;0;0.0293;762.31;33.354;0;0;11.505;21.849;756.89;3.1327;0.1124;0.0308;2.9006;0.0889;760.02;2.2869;1.5956;0.4375;0.2494;0.0045;762.14;530.15;145.35;79.992;1.3953;155.86;124.06;53.644;14.571;2.4972;35.921;5.2481;23.847;0;1;0;0;1.667;0.9581;1;1;0.8784;0.0638;0.9959;0.9998;1;0.965;0.9401;0.997;0.997;1;0.997;0.997;0.9513;0.8452;0.0598;2.2644;2.2525;0.0136;-0.0017;0.2993;0.0136;0.0482;0.0059;0;0;0.088;1.7067;0;0;0;0;0;0;0;0;0;0;0;0;0.0388;0.012;1.8229;1.8229;0;62.52;62.52;37.97;0.0502;1943.5;937.96;1;0.0282;0.0282;0;0;0;0;0;0;1.7947;1.7067;0;15.139;17.531;14.174;16.413;98.451;98.451;19.096;15.373;14.392;3.7232;0.9802;0.195;0.0513;0.7537;81.084;0.7291;0
04/01/21 17:00;19.14;104.74;37.325;19.743;35.267;90;35.267;404.19;67.497;336.69;24.81;1.9801;0;816.58;16.721;119.05;0;7.5664;959.91;0;959.91;816.58;119.05;16.721;7.5664;0.8507;0.0253;0;0.0079;952.15;7.759;0;0;0.958;6.8009;943.72;5.5761;4.3312;0.6314;0.5075;0.106;949.3;2.8565;2.4497;0.3571;0.0473;0.0023;943.84;809.8;118.06;15.208;0.6572;13.347;10.624;4.7886;0.444;0.1489;2.1425;0.1162;1.8474;0;1;0;0;2.3749;0.9919;1;1;0.9427;0.1012;0.9941;0.9947;1;0.9677;0.8612;0.997;0.997;1;0.997;0.997;0.9831;0.9095;0.0869;2.7318;2.7047;0.0163;-0.0012;0.456;0.0156;0.0555;0.0003;0;0;0.088;1.9799;0;0;0;0;0;0;0;0;0;0;0;0;0.0447;0.017;2.1006;2.1006;0;72.535;72.535;47.725;0.0506;2335.5;899.41;1;0.0327;0.0327;0;0;0;0;0;0;2.0679;1.9799;0;14.46;16.745;13.63;15.783;98.444;98.444;23.038;17.715;16.697;5.3232;1.0178;0.2311;0.0442;0.7248;11.457;0.7235;0
04/01/21 18:00;7.5204;112.48;71.493;8.1309;11.93;90;11.93;88.804;78.599;10.205;24.44;1.2701;0;24.75;73.457;10.526;0;0.1956;108.93;0;108.93;24.75;10.526;73.457;0.1956;0.2272;0.6762;0;0.0018;108.05;0.877;0;0;0.7142;0.1628;100.39;7.3413;3.127;1.33;2.8769;0.0074;107.73;0.3242;0.0742;0.0316;0.2182;0.0001;100.42;21.549;9.1649;69.648;0.0254;44.331;35.288;13.855;0.0415;0.5348;7.6927;0.0317;8.186;0;1;0;0;1.2266;0.9919;1;1;0.9903;0.1678;0.9319;0.8733;1;0.9603;0.7747;0.997;0.997;1;0.997;0.997;0.9216;0.9481;0.1296;0.31;0.3027;0.0018;0.0165;0.0049;0.002;0.0069;0.0013;0;0;0.088;0.1687;0;0;0;0;0;0;0;0;0;0;0;0;0.0056;0.0004;0.2633;0.2633;0;29.409;29.409;4.9686;0.0495;258.14;1019.8;1;0.0065;0.0065;0;0;0;0;0;0;0.2567;0.1687;0;15.97;18.492;10.237;11.854;97.528;97.528;2.6143;2.22;1.423;0.3943;0.797;0.1508;0.3049;0.5443;44.26;0.517;0
04/01/21 19:00;1.0294;117.3;87.503;1.1583;1.6519;90;1.6519;0;0;0;22.51;0.4601;0;0;0;0;0;0;0;0;0;0;0;0;0;1;1;1;1;0;0;0;0;0;0;0;0;0;0;0;0;0;0;0;0;0;0;0;0;0;0;0;0;0;0;0;0;0;0;0;0;0;0;0;1;1;1;1;1;1;1;1;1;1;1;1;1;1;1;1;1;1;1;0;0;0;0;0;0;0;0;0;0.0004;0.088;-0.0884;0;0;0;0;0;0;0;0;0;0;0;0;0;0;0;0;0;0;0;-22.51;0;0;0;0;0.0004;0;0;0;0;0;0;0;-0.0004;-0.0884;0;0;0;0;0;0;0;0;0;-0.7452;0;0.7452;1;1;0;0;0;0
04/01/21 20:00;0;0;90;0;0;90;0;0;0;0;21.3;1.07;0;0;0;0;0;0;0;0;0;0;0;0;0;1;1;1;1;0;0;0;0;0;0;0;0;0;0;0;0;0;0;0;0;0;0;0;0;0;0;0;0;0;0;0;0;0;0;0;0;0;0;0;1;1;1;1;1;1;1;1;1;1;1;1;1;1;1;1;1;1;1;0;0;0;0;0;0;0;0;0;0.0004;0.088;-0.0884;0;0;0;0;0;0;0;0;0;0;0;0;0;0;0;0;0;0;0;-21.3;0;0;0;0;0.0004;0;0;0;0;0;0;0;-0.0004;-0.0884;0;0;0;0;0;0;0;0;0;-0.7452;0;0.7452;1;1;0;0;0;0
04/01/21 21:00;0;0;90;0;0;90;0;0;0;0;21.1;1.5801;0;0;0;0;0;0;0;0;0;0;0;0;0;1;1;1;1;0;0;0;0;0;0;0;0;0;0;0;0;0;0;0;0;0;0;0;0;0;0;0;0;0;0;0;0;0;0;0;0;0;0;0;1;1;1;1;1;1;1;1;1;1;1;1;1;1;1;1;1;1;1;0;0;0;0;0;0;0;0;0;0.0004;0.088;-0.0884;0;0;0;0;0;0;0;0;0;0;0;0;0;0;0;0;0;0;0;-21.1;0;0;0;0;0.0004;0;0;0;0;0;0;0;-0.0004;-0.0884;0;0;0;0;0;0;0;0;0;-0.7452;0;0.7452;1;1;0;0;0;0
04/01/21 22:00;0;0;90;0;0;90;0;0;0;0;20.7;1.7401;0;0;0;0;0;0;0;0;0;0;0;0;0;1;1;1;1;0;0;0;0;0;0;0;0;0;0;0;0;0;0;0;0;0;0;0;0;0;0;0;0;0;0;0;0;0;0;0;0;0;0;0;1;1;1;1;1;1;1;1;1;1;1;1;1;1;1;1;1;1;1;0;0;0;0;0;0;0;0;0;0.0004;0.088;-0.0884;0;0;0;0;0;0;0;0;0;0;0;0;0;0;0;0;0;0;0;-20.7;0;0;0;0;0.0004;0;0;0;0;0;0;0;-0.0004;-0.0884;0;0;0;0;0;0;0;0;0;-0.7452;0;0.7452;1;1;0;0;0;0
04/01/21 23:00;0;0;90;0;0;90;0;0;0;0;20.88;1.62;0;0;0;0;0;0;0;0;0;0;0;0;0;1;1;1;1;0;0;0;0;0;0;0;0;0;0;0;0;0;0;0;0;0;0;0;0;0;0;0;0;0;0;0;0;0;0;0;0;0;0;0;1;1;1;1;1;1;1;1;1;1;1;1;1;1;1;1;1;1;1;0;0;0;0;0;0;0;0;0;0.0004;0.088;-0.0884;0;0;0;0;0;0;0;0;0;0;0;0;0;0;0;0;0;0;0;-20.88;0;0;0;0;0.0004;0;0;0;0;0;0;0;-0.0004;-0.0884;0;0;0;0;0;0;0;0;0;-0.7452;0;0.7452;1;1;0;0;0;0
05/01/21 00:00;0;0;90;0;0;90;0;0;0;0;19.84;1.4;0;0;0;0;0;0;0;0;0;0;0;0;0;1;1;1;1;0;0;0;0;0;0;0;0;0;0;0;0;0;0;0;0;0;0;0;0;0;0;0;0;0;0;0;0;0;0;0;0;0;0;0;1;1;1;1;1;1;1;1;1;1;1;1;1;1;1;1;1;1;1;0;0;0;0;0;0;0;0;0;0.0004;0.088;-0.0884;0;0;0;0;0;0;0;0;0;0;0;0;0;0;0;0;0;0;0;-19.84;0;0;0;0;0.0004;0;0;0;0;0;0;0;-0.0004;-0.0884;0;0;0;0;0;0;0;0;0;-0.7452;0;0.7452;1;1;0;0;0;0
05/01/21 01:00;0;0;90;0;0;90;0;0;0;0;18.7;1.14;0;0;0;0;0;0;0;0;0;0;0;0;0;1;1;1;1;0;0;0;0;0;0;0;0;0;0;0;0;0;0;0;0;0;0;0;0;0;0;0;0;0;0;0;0;0;0;0;0;0;0;0;1;1;1;1;1;1;1;1;1;1;1;1;1;1;1;1;1;1;1;0;0;0;0;0;0;0;0;0;0.0004;0.088;-0.0884;0;0;0;0;0;0;0;0;0;0;0;0;0;0;0;0;0;0;0;-18.7;0;0;0;0;0.0004;0;0;0;0;0;0;0;-0.0004;-0.0884;0;0;0;0;0;0;0;0;0;-0.7452;0;0.7452;1;1;0;0;0;0
05/01/21 02:00;0;0;90;0;0;90;0;0;0;0;17.4;0.9401;0;0;0;0;0;0;0;0;0;0;0;0;0;1;1;1;1;0;0;0;0;0;0;0;0;0;0;0;0;0;0;0;0;0;0;0;0;0;0;0;0;0;0;0;0;0;0;0;0;0;0;0;1;1;1;1;1;1;1;1;1;1;1;1;1;1;1;1;1;1;1;0;0;0;0;0;0;0;0;0;0.0004;0.088;-0.0884;0;0;0;0;0;0;0;0;0;0;0;0;0;0;0;0;0;0;0;-17.4;0;0;0;0;0.0004;0;0;0;0;0;0;0;-0.0004;-0.0884;0;0;0;0;0;0;0;0;0;-0.7452;0;0.7452;1;1;0;0;0;0
05/01/21 03:00;0;0;90;0;0;90;0;0;0;0;17.88;0.8701;0;0;0;0;0;0;0;0;0;0;0;0;0;1;1;1;1;0;0;0;0;0;0;0;0;0;0;0;0;0;0;0;0;0;0;0;0;0;0;0;0;0;0;0;0;0;0;0;0;0;0;0;1;1;1;1;1;1;1;1;1;1;1;1;1;1;1;1;1;1;1;0;0;0;0;0;0;0;0;0;0.0004;0.088;-0.0884;0;0;0;0;0;0;0;0;0;0;0;0;0;0;0;0;0;0;0;-17.88;0;0;0;0;0.0004;0;0;0;0;0;0;0;-0.0004;-0.0884;0;0;0;0;0;0;0;0;0;-0.7452;0;0.7452;1;1;0;0;0;0
05/01/21 04:00;0.5731;-117.51;88.61;0.6462;0.9212;-90;-0.9212;0;0;0;16.34;1.08;0;0;0;0;0;0;0;0;0;0;0;0;0;1;1;1;1;0;0;0;0;0;0;0;0;0;0;0;0;0;0;0;0;0;0;0;0;0;0;0;0;0;0;0;0;0;0;0;0;0;0;0;1;1;1;1;1;1;1;1;1;1;1;1;1;1;1;1;1;1;1;0;0;0;0;0;0;0;0;0;0.0004;0.088;-0.0884;0;0;0;0;0;0;0;0;0;0;0;0;0;0;0;0;0;0;0;-16.34;0;0;0;0;0.0004;0;0;0;0;0;0;0;-0.0004;-0.0884;0;0;0;0;0;0;0;0;0;-0.7452;0;0.7452;1;1;0;0;0;0
05/01/21 05:00;6.4883;-113.07;74.094;7.0471;10.263;-90;-10.263;51.2;40.703;10.497;15.86;1.54;0;25.457;37.721;6.4945;0;0.0836;69.757;0;69.757;25.457;6.4945;37.721;0.0836;0.3649;0.542;0;0.0012;69.404;0.3532;0;0;0.2838;0.0694;62.32;6.8752;4.2644;1.0879;1.5197;0.0032;69.196;0.2082;0.0764;0.0195;0.1123;0;62.331;21.117;5.3871;35.806;0.011;22.691;18.062;7.0818;0.0121;0.2738;3.9383;0.0109;4.1999;0;1;0;0;1.3624;0.9949;1;1;0.9925;0.1697;0.9006;0.832;1;0.9593;0.7755;0.997;0.997;1;0.997;0.997;0.8934;0.9492;0.1312;0.1985;0.1862;0.0011;0.0144;-0.0041;0.0012;0.0043;0.0007;0;0;0.088;0.0709;0;0;0;0;0;0;0;0;0;0;0;0;0.0035;0.0002;0.1649;0.1649;0;18.933;18.933;3.0732;0.0493;157.94;1044.1;1;0.006;0.006;0;0;0;0;0;0;0.1589;0.0709;0;15.622;18.09;6.7131;7.7736;96.333;96.333;1.6742;1.3907;0.5976;0.2834;0.7931;0.1693;0.4737;0.357;22.626;0.3425;0
05/01/21 06:00;18.069;-105.29;41.216;18.687;32.304;-90;-32.304;278.99;54.799;224.19;18.77;2.4799;0;543.73;24.675;68.038;0;4.4045;640.85;0;640.85;543.73;68.038;24.675;4.4045;0.8485;0.0454;0;0.0069;635.74;5.1125;0;0;1.2274;3.8851;628.36;5.4733;4.1177;0.5152;0.7578;0.0826;633.83;1.9072;1.6312;0.2041;0.0703;0.0016;628.53;537.99;67.318;22.62;0.4353;17.768;14.143;5.4767;0.4836;0.2497;3.5912;0.1735;3.3572;0;1;0;0;2.297;0.992;1;1;0.9503;0.1179;0.9914;0.9924;1;0.9676;0.8405;0.997;0.997;1;0.997;0.997;0.9805;0.9167;0.0988;1.8238;1.8055;0.0109;0.0015;0.1593;0.0114;0.0406;0.0006;0;0;0.088;1.4288;0;0;0;0;0;0;0;0;0;0;0;0;0.0327;0.0079;1.5407;1.5407;0;49.983;49.983;31.213;0.0497;1555.9;990.25;1;0.0239;0.0239;0;0;0;0;0;0;1.5168;1.4288;0;15.886;18.396;14.733;17.06;98.451;98.451;15.38;12.993;12.049;2.3876;0.9434;0.1552;0.0613;0.7834;16.532;0.7802;0
05/01/21 07:00;30.081;-97.722;6.6764;30.308;59.692;-90;-59.692;491;88.904;402.1;21.31;3.78;0;796.79;28.882;100.09;0;24.808;950.57;0;950.57;796.79;100.09;28.882;24.808;0.8382;0.0565;0;0.0261;923.89;26.687;0;0;3.5916;23.095;919.91;1.2038;0.1832;0.023;0.8899;0.1077;921.12;2.7717;2.3904;0.3003;0.0759;0.0051;923.83;794.22;99.771;24.325;1.6;109.68;87.303;37.089;4.7467;1.4423;20.747;3.9137;17.442;0;1;0;0;1.936;0.9719;1;1;0.8756;0.069;0.9987;0.9998;1;0.9647;0.9369;0.997;0.997;1;0.997;0.997;0.9677;0.8422;0.0645;2.7053;2.6847;0.0162;-0.0013;0.4048;0.0159;0.0562;0.0033;0;0;0.088;2.0059;0;0;0;0;0;0;0;0;0;0;0;0;0.0453;0.0167;2.1277;2.1277;0;67.644;67.644;46.334;0.0504;2314.7;919.19;1;0.0337;0.0337;0;0;0;0;0;0;2.0939;2.0059;0;14.791;17.127;13.944;16.147;98.414;98.414;22.814;17.943;16.916;4.8708;1.0266;0.2135;0.045;0.7415;25.06;0.7296;0
05/01/21 08:00;42.312;-89.634;0.2703;42.313;47.687;-90;-47.687;714.01;117.5;596.51;23.5;4.64;0;886.11;36.608;109.54;0;23.802;1056.1;0;1056.1;886.11;109.54;36.608;23.802;0.8391;0.0572;0;0.0225;1030.7;25.345;0;0;3.287;22.058;1026.4;1.1868;0.0082;0.001;1.0926;0.085;1027.6;3.0921;2.6583;0.3286;0.1;0.0052;1032.3;883.44;109.21;32.129;1.6538;289.68;230.58;92.186;2.7374;3.5475;51.029;5.8679;51.839;0;1;0;0;1.4791;0.976;1;1;0.9102;0.0733;0.9988;1;1;0.9671;0.9511;0.997;0.997;1;0.997;0.997;0.9719;0.8776;0.0695;3.0055;3.0557;0.0184;0.0024;0.5469;0.0174;0.0618;0.0079;0;0;0.088;2.2041;0;0;0;0;0;0;0;0;0;0;0;0;0.0498;0.0214;2.3298;2.3298;0;75.54;75.54;52.04;0.0507;2635.1;884.14;1;0.0377;0.0377;0;0;0;0;0;0;2.2921;2.2041;0;14.578;16.881;13.791;15.97;98.38;98.38;25.345;19.648;18.587;5.6977;1.0603;0.2248;0.0418;0.7334;27.942;0.7078;0
05/01/21 09:00;54.516;-79.679;5.9696;54.957;35.043;-90;-35.043;804.01;170.4;633.6;24.07;4.8;0;773.89;69.562;114.7;0;14.866;973.02;0;973.02;773.89;114.7;69.562;14.866;0.7953;0.0868;0;0.0153;955.8;17.216;0;0;3.9334;13.283;950.42;2.5141;0.1591;0.0236;2.1139;0.2175;952.94;2.8674;2.3217;0.3441;0.1969;0.0048;954.67;771.41;114.33;63.318;1.3613;410.5;326.75;136.62;1.8033;4.5034;64.78;4.2451;67.48;0;1;0;0;1.2102;0.9823;1;1;0.9435;0.1065;0.9974;0.9998;1;0.9677;0.8623;0.997;0.997;1;0.997;0.997;0.9768;0.9102;0.0916;2.7691;2.8611;0.0172;0;0.4773;0.0166;0.0588;0.0102;0;0;0.088;2.0916;0;0;0;0;0;0;0;0;0;0;0;0;0.0473;0.0188;2.215;2.215;0;72.118;72.118;48.048;0.0506;2465.5;898.4;1;0.0354;0.0354;0;0;0;0;0;0;2.1796;2.0916;0;15.043;17.419;14.205;16.449;98.403;98.403;23.353;18.679;17.639;4.6731;1.0403;0.2001;0.0445;0.7553;47.578;0.7195;0
05/01/21 10:00;66.197;-64.332;10.068;68.318;21.682;-90;-21.682;1081.5;178.4;903.1;25.91;4.65;0;971.86;51.785;134.21;0;7.8048;1165.7;0;1165.7;971.86;134.21;51.785;7.8048;0.8337;0.0511;0;0.0067;1157.7;7.9177;0;0;1.3617;6.556;1151.9;2.3636;0.337;0.0465;1.7128;0.2673;1154.3;3.4732;2.9156;0.4026;0.1513;0.0037;1153.9;968.6;133.76;48.559;0.9777;606.44;482.72;199.74;0.2504;6.6314;95.39;1.95;101.77;0;1;0;0;1.0778;0.9932;1;1;0.9737;0.16;0.998;0.9997;1;0.9659;0.7853;0.997;0.997;1;0.997;0.997;0.9882;0.9377;0.1253;3.3174;3.4923;0.021;0.0114;0.7402;0.019;0.0675;0.0141;0;0;0.088;2.3806;0;0;0;0;0;0;0;0;0;0;0;0;0.0544;0.0274;2.5372;2.5103;0;84.767;84.767;58.857;0.0511;2868.9;875;1;0.0686;0.0417;0;0.0269;0;0;0;0;2.4686;2.3806;0;14.231;16.479;13.495;15.627;97.296;98.338;27.976;21.17;20.076;6.8061;1.0939;0.2433;0.0391;0.7176;32.448;0.6762;0
05/01/21 11:00;75.531;-31.8;12.26;82.257;7.7435;-90;-7.7435;792.5;376.9;415.6;26.17;4.6299;0;419.42;261.13;115.63;0;0.7371;796.92;0;796.92;419.42;115.63;261.13;0.7371;0.5263;0.3286;0;0.0009;795.07;1.8445;0;0;1.2318;0.6127;781.5;11.189;0.1771;0.0488;10.935;0.0278;792.69;2.3852;1.2583;0.3469;0.7797;0.0004;781.61;417.99;115.23;248.18;0.0963;466.4;371.25;151.74;0.0269;5.2114;74.965;0.1123;80.149;0;1;0;0;1.0056;0.9977;1;1;0.9953;0.1688;0.9859;0.9996;1;0.9578;0.7759;0.997;0.997;1;0.997;0.997;0.9807;0.9504;0.1306;2.268;2.3864;0.0144;-0.002;0.3421;0.0142;0.0504;0.0121;0;0;0.088;1.7838;0;0;0;0;0;0;0;0;0;0;0;0;0.0406;0.0133;1.9012;1.9012;0;65.468;65.468;39.298;0.0503;2055.2;925.07;1;0.0295;0.0295;0;0;0;0;0;0;1.8718;1.7838;0;15.765;18.255;14.791;17.127;98.451;98.451;19.126;16.033;15.043;3.0929;0.9905;0.1617;0.0518;0.7865;155.76;0.7348;0
05/01/21 12:00;76.091;27.074;12.359;83.569;6.4309;90;6.4309;775.31;404.1;371.21;27.49;4.74;0;373.56;293.72;110.14;0;0.4976;777.92;0;777.92;373.56;110.14;293.72;0.4976;0.4802;0.3782;0;0.0006;776.48;1.4442;0;0;1.0297;0.4145;761.4;12.747;0.159;0.0469;12.522;0.0186;774.15;2.3294;1.1207;0.3304;0.8781;0.0002;761.47;372.28;109.77;279.29;0.0643;456.99;363.76;146.6;0.0127;5.2407;75.385;0.063;80.613;0;1;0;0;1.0034;0.9981;1;1;0.9965;0.167;0.9835;0.9996;1;0.9571;0.7759;0.997;0.997;1;0.997;0.997;0.9788;0.9509;0.1292;2.2139;2.3296;0.014;-0.0019;0.3369;0.0139;0.0492;0.0122;0;0;0.088;1.7365;0;0;0;0;0;0;0;0;0;0;0;0;0.0396;0.0127;1.8531;1.8531;0;65.789;65.789;38.299;0.0503;2006.4;923.59;1;0.0285;0.0285;0;0;0;0;0;0;1.8245;1.7365;0;15.741;18.227;14.751;17.081;98.461;98.461;18.67;15.627;14.645;3.043;0.9827;0.163;0.0526;0.7844;174.8;0.7313;0
05/01/21 13:00;67.215;62.343;10.356;69.592;20.408;90;20.408;983.7;185.4;798.3;28.59;4.9;0;851.76;69.455;121.31;0;6.298;1048.8;0;1048.8;851.76;121.31;69.455;6.298;0.8121;0.0722;0;0.006;1041.9;6.9472;0;0;1.6624;5.2848;1035.9;2.8954;0.3038;0.0433;2.3258;0.2225;1038.8;3.1256;2.5553;0.3639;0.2034;0.003;1037.4;848.91;120.91;65.263;0.7876;555.98;442.56;183.8;0.2684;6.0385;86.861;1.5454;92.631;0;1;0;0;1.0662;0.9934;1;1;0.9761;0.1609;0.9972;0.9996;1;0.9656;0.7797;0.997;0.997;1;0.997;0.997;0.9876;0.9397;0.1251;2.9849;3.1421;0.0189;0.0038;0.6288;0.0174;0.0618;0.0131;0;0;0.088;2.1923;0;0;0;0;0;0;0;0;0;0;0;0;0.0498;0.0225;2.3259;2.3176;0;81.361;81.361;52.771;0.0509;2648.6;875;1;0.0456;0.0372;0;0.0084;0;0;0;0;2.2803;2.1923;0;14.601;16.908;13.812;15.994;98.04;98.393;25.172;19.544;18.488;5.6276;1.0561;0.2236;0.042;0.7345;43.238;0.6916;0
05/01/21 14:00;55.635;78.569;6.4229;56.168;33.832;90;33.832;959.4;158.5;800.9;28.5;4.8699;0;964.16;45.386;131.12;0;16.57;1157.2;0;1157.2;964.16;131.12;45.386;16.57;0.8332;0.0535;0;0.0143;1140;17.231;0;0;2.4361;14.795;1134.7;1.8937;0.2133;0.029;1.3844;0.2669;1136.6;3.42;2.8925;0.3934;0.1288;0.0053;1139.3;961.05;130.7;41.437;1.5034;491.18;390.98;165.01;1.0447;5.216;75.03;4.5971;79.201;0;1;0;0;1.2062;0.9851;1;1;0.9463;0.1072;0.9983;0.9998;1;0.9677;0.8492;0.997;0.997;1;0.997;0.997;0.9805;0.913;0.0907;3.2934;3.4099;0.0205;0.0093;0.7458;0.0184;0.0654;0.011;0;0;0.088;2.2937;0;0;0;0;0;0;0;0;0;0;0;0;0.0527;0.0262;2.4605;2.4213;0;86.561;86.561;58.062;0.0512;2767.2;875;1;0.0788;0.0396;0;0.0391;0;0;0;0;2.3817;2.2937;0;13.826;16.01;13.097;15.166;96.798;98.363;27.774;20.419;19.343;7.3543;1.0764;0.2648;0.0388;0.6964;30.756;0.6642;0
05/01/21 15:00;43.451;88.819;0.8575;43.457;46.543;90;46.543;746.81;147.5;599.31;28.31;4.73;0;871.32;47.653;132.35;0;23.78;1075.1;0;1075.1;871.32;132.35;47.653;23.78;0.8105;0.0664;0;0.0221;1048.8;26.259;0;0;4.1438;22.116;1044.2;1.5413;0.0257;0.0039;1.421;0.0907;1045.7;3.1465;2.614;0.3971;0.1305;0.005;1050;868.68;131.95;41.957;1.5692;314.51;250.35;102.21;3.2749;3.7333;53.702;5.8828;54.16;0;1;0;0;1.4396;0.9756;1;1;0.913;0.07;0.9985;1;1;0.9672;0.9454;0.997;0.997;1;0.997;0.997;0.9712;0.8805;0.066;3.0597;3.1118;0.0187;0.0033;0.6246;0.0173;0.0612;0.0081;0;0;0.088;2.1744;0;0;0;0;0;0;0;0;0;0;0;0;0.0493;0.0221;2.3072;2.2992;0;81.51;81.51;53.2;0.051;2627.6;875;1;0.0448;0.0368;0;0.008;0;0;0;0;2.2624;2.1744;0;14.131;16.364;13.364;15.476;98.057;98.399;25.803;19.389;18.337;6.4135;1.0525;0.2486;0.0408;0.7107;35.976;0.685;0
05/01/21 16:00;31.211;97.007;5.9884;31.402;58.598;90;58.598;354.4;267.2;87.194;28.42;4.5201;0;167.35;178.99;61.116;0;17.314;424.77;0;424.77;167.35;61.116;178.99;17.314;0.394;0.4621;0;0.0408;386.82;37.954;0;0;21.744;16.21;380.06;5.5977;0.0345;0.0126;5.4849;0.0658;385.66;1.1605;0.502;0.1833;0.4717;0.0033;385.86;166.81;60.921;151.29;1.0351;178.59;142.16;65;27.506;3.3347;47.968;5.7966;23.796;0;1;0;0;1.1986;0.9106;1;1;0.8785;0.0638;0.9855;0.9998;1;0.965;0.9403;0.997;0.997;1;0.997;0.997;0.8947;0.8452;0.0598;1.2089;1.2;0.0072;0.0093;0.0956;0.0076;0.027;0.0083;0;0;0.088;0.9159;0;0;0;0;0;0;0;0;0;0;0;0;0.0218;0.0037;1.0195;1.0195;0;47.304;47.304;18.884;0.0497;1031;988.86;1;0.0156;0.0156;0;0;0;0;0;0;1.0039;0.9159;0;15.86;18.366;14.248;16.499;98.467;98.467;10.195;8.5978;7.7239;1.5968;0.8739;0.1566;0.0857;0.7576;153.3;0.6986;0
05/01/21 17:00;19.17;104.59;37.214;19.759;35.317;90;35.317;300.7;147.3;153.4;27.4;3.64;0;372.03;89.496;118.2;0;5.6445;585.36;0;585.36;372.03;118.2;89.496;5.6445;0.6355;0.1625;0;0.0096;575.15;10.214;0;0;5.139;5.0746;568.06;5.3633;1.9493;0.6193;2.716;0.0786;573.42;1.7254;1.1161;0.3546;0.2531;0.0017;568.69;368.96;117.22;81.388;0.4895;62.335;49.619;21.105;2.3794;0.7973;11.469;0.6244;9.8873;0;1;0;0;1.9467;0.9826;1;1;0.9426;0.101;0.9906;0.9947;1;0.9677;0.8616;0.997;0.997;1;0.997;0.997;0.9704;0.9094;0.0867;1.6659;1.65;0.0099;0.0032;0.1805;0.0102;0.0362;0.0019;0;0;0.088;1.264;0;0;0;0;0;0;0;0;0;0;0;0;0.0291;0.0067;1.3723;1.3723;0;55.764;55.764;28.364;0.0499;1422.7;964.59;1;0.0203;0.0203;0;0;0;0;0;0;1.352;1.264;0;15.492;17.939;14.269;16.523;98.518;98.518;14.049;11.573;10.659;2.4758;0.9136;0.1762;0.065;0.7587;61.344;0.7478;0
05/01/21 18:00;7.5392;112.33;71.446;8.1423;11.948;90;11.948;86.499;77.602;8.8975;25.97;2.75;0;21.579;73.074;9.0393;0;0.1911;103.88;0;103.88;21.579;9.0393;73.074;0.1911;0.2077;0.7053;0;0.0018;103.01;0.8713;0;0;0.7122;0.1591;95.986;6.7173;2.7127;1.1363;2.8611;0.0072;102.7;0.309;0.0647;0.0271;0.2171;0.0001;96.018;18.801;7.8759;69.284;0.0248;44.094;35.098;13.749;0.0415;0.534;7.6811;0.0318;8.1736;0;1;0;0;1.201;0.9916;1;1;0.9903;0.1678;0.9346;0.8739;1;0.9603;0.7747;0.997;0.997;1;0.997;0.997;0.924;0.9481;0.1296;0.2956;0.2901;0.0017;0.0164;0.0061;0.0019;0.0066;0.0013;0;0;0.088;0.1561;0;0;0;0;0;0;0;0;0;0;0;0;0.0053;0.0003;0.2504;0.2504;0;30.728;30.728;4.7584;0.0496;247.3;1012.5;1;0.0063;0.0063;0;0;0;0;0;0;0.2441;0.1561;0;15.927;18.443;9.9263;11.494;97.468;97.468;2.4932;2.1116;1.316;0.3816;0.7956;0.1531;0.3191;0.5278;44.032;0.5001;0
05/01/21 19:00;1.0402;117.14;87.477;1.1689;1.6669;90;1.6669;0;0;0;22.73;2.84;0;0;0;0;0;0;0;0;0;0;0;0;0;1;1;1;1;0;0;0;0;0;0;0;0;0;0;0;0;0;0;0;0;0;0;0;0;0;0;0;0;0;0;0;0;0;0;0;0;0;0;0;1;1;1;1;1;1;1;1;1;1;1;1;1;1;1;1;1;1;1;0;0;0;0;0;0;0;0;0;0.0004;0.088;-0.0884;0;0;0;0;0;0;0;0;0;0;0;0;0;0;0;0;0;0;0;-22.73;0;0;0;0;0.0004;0;0;0;0;0;0;0;-0.0004;-0.0884;0;0;0;0;0;0;0;0;0;-0.7452;0;0.7452;1;1;0;0;0;0
05/01/21 20:00;0;0;90;0;0;90;0;0;0;0;21.1;2.8601;0;0;0;0;0;0;0;0;0;0;0;0;0;1;1;1;1;0;0;0;0;0;0;0;0;0;0;0;0;0;0;0;0;0;0;0;0;0;0;0;0;0;0;0;0;0;0;0;0;0;0;0;1;1;1;1;1;1;1;1;1;1;1;1;1;1;1;1;1;1;1;0;0;0;0;0;0;0;0;0;0.0004;0.088;-0.0884;0;0;0;0;0;0;0;0;0;0;0;0;0;0;0;0;0;0;0;-21.1;0;0;0;0;0.0004;0;0;0;0;0;0;0;-0.0004;-0.0884;0;0;0;0;0;0;0;0;0;-0.7452;0;0.7452;1;1;0;0;0;0
05/01/21 21:00;0;0;90;0;0;90;0;0;0;0;20.5;2.52;0;0;0;0;0;0;0;0;0;0;0;0;0;1;1;1;1;0;0;0;0;0;0;0;0;0;0;0;0;0;0;0;0;0;0;0;0;0;0;0;0;0;0;0;0;0;0;0;0;0;0;0;1;1;1;1;1;1;1;1;1;1;1;1;1;1;1;1;1;1;1;0;0;0;0;0;0;0;0;0;0.0004;0.088;-0.0884;0;0;0;0;0;0;0;0;0;0;0;0;0;0;0;0;0;0;0;-20.5;0;0;0;0;0.0004;0;0;0;0;0;0;0;-0.0004;-0.0884;0;0;0;0;0;0;0;0;0;-0.7452;0;0.7452;1;1;0;0;0;0
05/01/21 22:00;0;0;90;0;0;90;0;0;0;0;19.9;1.8201;0;0;0;0;0;0;0;0;0;0;0;0;0;1;1;1;1;0;0;0;0;0;0;0;0;0;0;0;0;0;0;0;0;0;0;0;0;0;0;0;0;0;0;0;0;0;0;0;0;0;0;0;1;1;1;1;1;1;1;1;1;1;1;1;1;1;1;1;1;1;1;0;0;0;0;0;0;0;0;0;0.0004;0.088;-0.0884;0;0;0;0;0;0;0;0;0;0;0;0;0;0;0;0;0;0;0;-19.9;0;0;0;0;0.0004;0;0;0;0;0;0;0;-0.0004;-0.0884;0;0;0;0;0;0;0;0;0;-0.7452;0;0.7452;1;1;0;0;0;0
05/01/21 23:00;0;0;90;0;0;90;0;0;0;0;17.88;1.31;0;0;0;0;0;0;0;0;0;0;0;0;0;1;1;1;1;0;0;0;0;0;0;0;0;0;0;0;0;0;0;0;0;0;0;0;0;0;0;0;0;0;0;0;0;0;0;0;0;0;0;0;1;1;1;1;1;1;1;1;1;1;1;1;1;1;1;1;1;1;1;0;0;0;0;0;0;0;0;0;0.0004;0.088;-0.0884;0;0;0;0;0;0;0;0;0;0;0;0;0;0;0;0;0;0;0;-17.88;0;0;0;0;0.0004;0;0;0;0;0;0;0;-0.0004;-0.0884;0;0;0;0;0;0;0;0;0;-0.7452;0;0.7452;1;1;0;0;0;0
06/01/21 00:00;0;0;90;0;0;90;0;0;0;0;16.99;1;0;0;0;0;0;0;0;0;0;0;0;0;0;1;1;1;1;0;0;0;0;0;0;0;0;0;0;0;0;0;0;0;0;0;0;0;0;0;0;0;0;0;0;0;0;0;0;0;0;0;0;0;1;1;1;1;1;1;1;1;1;1;1;1;1;1;1;1;1;1;1;0;0;0;0;0;0;0;0;0;0.0004;0.088;-0.0884;0;0;0;0;0;0;0;0;0;0;0;0;0;0;0;0;0;0;0;-16.99;0;0;0;0;0.0004;0;0;0;0;0;0;0;-0.0004;-0.0884;0;0;0;0;0;0;0;0;0;-0.7452;0;0.7452;1;1;0;0;0;0
06/01/21 01:00;0;0;90;0;0;90;0;0;0;0;15.48;0.67;0;0;0;0;0;0;0;0;0;0;0;0;0;1;1;1;1;0;0;0;0;0;0;0;0;0;0;0;0;0;0;0;0;0;0;0;0;0;0;0;0;0;0;0;0;0;0;0;0;0;0;0;1;1;1;1;1;1;1;1;1;1;1;1;1;1;1;1;1;1;1;0;0;0;0;0;0;0;0;0;0.0004;0.088;-0.0884;0;0;0;0;0;0;0;0;0;0;0;0;0;0;0;0;0;0;0;-15.48;0;0;0;0;0.0004;0;0;0;0;0;0;0;-0.0004;-0.0884;0;0;0;0;0;0;0;0;0;-0.7452;0;0.7452;1;1;0;0;0;0
06/01/21 02:00;0;0;90;0;0;90;0;0;0;0;15.73;0.3801;0;0;0;0;0;0;0;0;0;0;0;0;0;1;1;1;1;0;0;0;0;0;0;0;0;0;0;0;0;0;0;0;0;0;0;0;0;0;0;0;0;0;0;0;0;0;0;0;0;0;0;0;1;1;1;1;1;1;1;1;1;1;1;1;1;1;1;1;1;1;1;0;0;0;0;0;0;0;0;0;0.0004;0.088;-0.0884;0;0;0;0;0;0;0;0;0;0;0;0;0;0;0;0;0;0;0;-15.73;0;0;0;0;0.0004;0;0;0;0;0;0;0;-0.0004;-0.0884;0;0;0;0;0;0;0;0;0;-0.7452;0;0.7452;1;1;0;0;0;0
06/01/21 03:00;0;0;90;0;0;90;0;0;0;0;15.7;0.2499;0;0;0;0;0;0;0;0;0;0;0;0;0;1;1;1;1;0;0;0;0;0;0;0;0;0;0;0;0;0;0;0;0;0;0;0;0;0;0;0;0;0;0;0;0;0;0;0;0;0;0;0;1;1;1;1;1;1;1;1;1;1;1;1;1;1;1;1;1;1;1;0;0;0;0;0;0;0;0;0;0.0004;0.088;-0.0884;0;0;0;0;0;0;0;0;0;0;0;0;0;0;0;0;0;0;0;-15.7;0;0;0;0;0.0004;0;0;0;0;0;0;0;-0.0004;-0.0884;0;0;0;0;0;0;0;0;0;-0.7452;0;0.7452;1;1;0;0;0;0
06/01/21 04:00;0.4199;-117.48;88.982;0.4733;0.6747;-90;-0.6747;0;0;0;16.38;0.5401;0;0;0;0;0;0;0;0;0;0;0;0;0;1;1;1;1;0;0;0;0;0;0;0;0;0;0;0;0;0;0;0;0;0;0;0;0;0;0;0;0;0;0;0;0;0;0;0;0;0;0;0;1;1;1;1;1;1;1;1;1;1;1;1;1;1;1;1;1;1;1;0;0;0;0;0;0;0;0;0;0.0004;0.088;-0.0884;0;0;0;0;0;0;0;0;0;0;0;0;0;0;0;0;0;0;0;-16.38;0;0;0;0;0.0004;0;0;0;0;0;0;0;-0.0004;-0.0884;0;0;0;0;0;0;0;0;0;-0.7452;0;0.7452;1;1;0;0;0;0
06/01/21 05:00;6.3368;-113.03;74.473;6.8808;10.011;-90;-10.011;89;15.1;73.9;17.13;1.5801;0;179.23;7.8787;17.367;0;0.1382;204.61;0;204.61;179.23;17.367;7.8787;0.1382;0.8759;0.0392;0;0.0007;204.44;0.1716;0;0;0.0569;0.1148;169.17;34.66;31.303;3.0332;0.3187;0.0052;203.83;0.6133;0.5377;0.0521;0.0235;0.0001;169.17;147.39;14.281;7.4797;0.0181;5.1201;4.0756;1.6686;0.0023;0.0572;0.8223;0.0021;0.8771;0;1;0;0;2.299;0.9992;1;1;0.9928;0.1696;0.83;0.8248;1;0.9591;0.7755;0.997;0.997;1;0.997;0.997;0.8268;0.9494;0.1311;0.5823;0.4857;0.0029;0.0172;0.0008;0.0033;0.0115;0.0001;0;0;0.088;0.3431;0;0;0;0;0;0;0;0;0;0;0;0;0.0093;0.0008;0.4397;0.4397;0;25.434;25.434;8.3032;0.0491;416.04;1057;1;0.0087;0.0087;0;0;0;0;0;0;0.4311;0.3431;0;14.202;16.445;11.079;12.829;98.025;98.025;4.9107;3.7084;2.8931;1.2023;0.8154;0.2448;0.166;0.5891;4.7229;0.5874;0
06/01/21 06:00;17.921;-105.24;41.732;18.53;31.891;-90;-31.891;280.3;52.198;228.1;20.19;2.29;0;553.22;22.92;66.469;0;4.3158;646.92;0;646.92;553.22;66.469;22.92;4.3158;0.8552;0.0421;0;0.0067;642.01;4.9164;0;0;1.1171;3.7993;634.41;5.6683;4.3561;0.5234;0.7052;0.0836;640.08;1.926;1.6597;0.1994;0.0654;0.0015;634.53;547.2;65.747;21.032;0.4312;16.561;13.183;5.6926;0.4298;0.1931;2.7783;0.1228;2.5416;0;1;0;0;2.3079;0.9924;1;1;0.9513;0.1197;0.9911;0.9921;1;0.9676;0.8376;0.997;0.997;1;0.997;0.997;0.9807;0.9176;0.0999;1.8411;1.821;0.011;0.0013;0.1722;0.0115;0.0406;0.0005;0;0;0.088;1.4315;0;0;0;0;0;0;0;0;0;0;0;0;0.0327;0.008;1.5433;1.5433;0;51.749;51.749;31.558;0.0497;1570.3;982.79;1;0.0238;0.0238;0;0;0;0;0;0;1.5195;1.4315;0;15.763;18.254;14.622;16.932;98.459;98.459;15.526;13.014;12.072;2.5117;0.9427;0.1618;0.0607;0.7775;15.309;0.775;0
06/01/21 07:00;29.935;-97.656;6.6293;30.158;59.842;-90;-59.842;436.5;127.1;309.4;21.99;2.49;0;615.87;53.548;111.1;0;22.155;802.67;0;802.67;615.87;111.1;53.548;22.155;0.7673;0.0943;0;0.0276;775.37;27.307;0;0;6.6831;20.624;771.12;1.9146;0.1406;0.0254;1.651;0.0976;773.04;2.3261;1.8476;0.3333;0.1406;0.0046;775.18;613.88;110.74;45.073;1.4293;113.48;90.333;39.134;8.8738;1.7006;24.462;4.0548;17.289;0;1;0;0;1.8389;0.966;1;1;0.8752;0.0691;0.9975;0.9998;1;0.9647;0.9361;0.997;0.997;1;0.997;0.997;0.9607;0.8417;0.0645;2.2843;2.2669;0.0137;-0.0017;0.2855;0.0138;0.0489;0.004;0;0;0.088;1.7343;0;0;0;0;0;0;0;0;0;0;0;0;0.0394;0.0121;1.8513;1.8513;0;60.612;60.612;38.622;0.0501;1956.7;946.11;1;0.0289;0.0289;0;0;0;0;0;0;1.8223;1.7343;0;15.24;17.648;14.278;16.533;98.437;98.437;19.264;15.612;14.626;3.6521;0.9861;0.1896;0.0512;0.7592;46.544;0.7423;0
06/01/21 08:00;42.168;-89.554;0.3305;42.168;47.832;-90;-47.832;737.1;121.6;615.5;23.54;2.03;0;916.86;35.625;117.63;0;24.712;1094.8;0;1094.8;916.86;117.63;35.625;24.712;0.8374;0.0551;0;0.0226;1068.7;26.119;0;0;3.2128;22.906;1064.3;1.1622;0.0104;0.0013;1.0633;0.0871;1065.5;3.2061;2.7506;0.3529;0.0972;0.0054;1070.2;914.1;117.28;31.252;1.7138;297.24;236.6;95.71;2.6923;3.56;51.209;5.8841;52.077;0;1;0;0;1.4853;0.9761;1;1;0.9098;0.0731;0.9989;1;1;0.9671;0.9516;0.997;0.997;1;0.997;0.997;0.9722;0.8772;0.0693;3.1158;3.1646;0.0191;0.0042;0.5895;0.0179;0.0633;0.0078;0;0;0.088;2.262;0;0;0;0;0;0;0;0;0;0;0;0;0.051;0.0228;2.3889;2.3889;0;77.596;77.596;54.056;0.0508;2730.2;875;1;0.0389;0.0389;0;0;0;0;0;0;2.35;2.262;0;14.418;16.696;13.653;15.809;98.372;98.372;26.276;20.146;19.076;6.1301;1.0701;0.2333;0.0407;0.726;27.23;0.7014;0
06/01/21 09:00;54.37;-79.584;6.0457;54.819;35.181;-90;-35.181;483.89;378.6;105.29;24.91;1.47;0;128.82;312.46;42.5;0;9.0155;492.8;0;492.8;128.82;42.5;312.46;9.0155;0.2614;0.6524;0;0.0183;466.96;25.837;0;0;17.777;8.0603;455.9;9.657;0.0268;0.0088;9.4912;0.1301;465.56;1.4009;0.3865;0.1275;0.884;0.0029;458.79;128.41;42.364;284.31;0.8223;283.68;225.81;95.029;8.195;3.5235;50.684;2.8896;46.012;0;1;0;0;1.0184;0.9476;1;1;0.9431;0.106;0.9793;0.9998;1;0.9677;0.8634;0.997;0.997;1;0.997;0.997;0.9251;0.9099;0.0912;1.4025;1.4141;0.0085;0.0063;0.1133;0.009;0.0319;0.0088;0;0;0.088;1.0993;0;0;0;0;0;0;0;0;0;0;0;0;0.0257;0.005;1.2057;1.2057;0;47.542;47.542;22.632;0.0496;1215.3;992.09;1;0.0184;0.0184;0;0;0;0;0;0;1.1873;1.0993;0;16.167;18.721;14.741;17.069;98.476;98.476;11.827;10.168;9.2705;1.6595;0.8971;0.1403;0.0759;0.7838;213.94;0.7278;0
06/01/21 10:00;66.044;-64.245;10.162;68.19;21.81;-90;-21.81;207.81;204.8;3.0089;24.67;1.0399;0;3.2409;197.01;0.5144;0;1.5172;202.28;0;202.28;3.2409;0.5144;197.01;1.5172;0.016;0.9814;0;0.0075;195.78;6.5044;0;0;5.2293;1.2751;188.63;6.5612;0.0011;0.0002;6.5082;0.0517;195.19;0.5873;0.0097;0.0015;0.5753;0.0007;189.03;3.23;0.5127;184.7;0.1896;125.47;99.876;40.363;0.966;1.4941;21.493;0.3986;22.021;0;1;0;0;0.9734;0.9678;1;1;0.9735;0.1596;0.9664;0.9996;1;0.966;0.7857;0.997;0.997;1;0.997;0.997;0.9325;0.9375;0.125;0.5757;0.5839;0.0035;0.0168;0.019;0.0038;0.0135;0.0038;0;0;0.088;0.4144;0;0;0;0;0;0;0;0;0;0;0;0;0.0109;0.001;0.5115;0.5115;0;33.987;33.987;9.3166;0.0494;499.15;1024.8;1;0.0091;0.0091;0;0;0;0;0;0;0.5024;0.4144;0;16.71;19.349;13.537;15.675;98.216;98.216;4.8548;4.3137;3.4946;0.5411;0.8191;0.1115;0.1687;0.7198;123.53;0.6668;0
06/01/21 11:00;75.378;-31.93;12.372;82.144;7.8563;-90;-7.8563;607.19;462.4;144.8;24.35;1.14;0;146.17;411.45;49.474;0;0.5813;607.67;0;607.67;146.17;49.474;411.45;0.5813;0.2405;0.678;0;0.001;605.2;2.4707;0;0;1.9876;0.4831;586.08;17.307;0.0623;0.0211;17.202;0.0219;603.39;1.8156;0.4385;0.1484;1.2284;0.0003;586.16;145.67;49.304;391.03;0.0759;359.01;285.77;114.06;0.045;4.1911;60.288;0.0845;64.434;0;1;0;0;1.0008;0.9959;1;1;0.9952;0.1689;0.9713;0.9996;1;0.9579;0.7759;0.997;0.997;1;0.997;0.997;0.9645;0.9504;0.1306;1.7294;1.7978;0.0108;0.0016;0.1818;0.0112;0.0398;0.0102;0;0;0.088;1.3917;0;0;0;0;0;0;0;0;0;0;0;0;0.0321;0.0078;1.5025;1.5025;0;53.556;53.556;29.206;0.0498;1545.9;971.93;1;0.0228;0.0228;0;0;0;0;0;0;1.4797;1.3917;0;16.339;18.92;15.134;17.525;98.481;98.481;14.584;12.671;11.737;1.9131;0.9346;0.1312;0.0641;0.8047;245.48;0.7491;0
06/01/21 12:00;76.021;26.493;12.486;83.663;6.3368;90;6.3368;835.4;353.8;481.6;25.46;1.8399;0;484.56;228.73;125.13;0;0.5206;838.94;0;838.94;484.56;125.13;228.73;0.5206;0.5776;0.2733;0;0.0006;837.73;1.2167;0;0;0.7831;0.4337;825.17;10.045;0.2084;0.0538;9.7636;0.0194;835.21;2.5132;1.4537;0.3754;0.6838;0.0003;825.23;482.9;124.7;217.5;0.0673;491.91;391.56;158.67;0.0092;5.5845;80.331;0.0668;85.906;0;1;0;0;1.0042;0.9985;1;1;0.9966;0.167;0.988;0.9996;1;0.957;0.776;0.997;0.997;1;0.997;0.997;0.9836;0.9509;0.1292;2.3876;2.522;0.0152;-0.0019;0.375;0.0149;0.053;0.0129;0;0;0.088;1.8763;0;0;0;0;0;0;0;0;0;0;0;0;0.0427;0.0148;1.9954;1.9954;0;67.003;67.003;41.543;0.0503;2170.7;919.25;1;0.0311;0.0311;0;0;0;0;0;0;1.9643;1.8763;0;15.717;18.2;14.779;17.114;98.441;98.441;20.135;16.828;15.823;3.3069;1.0044;0.1642;0.0499;0.7859;136.1;0.7333;0
06/01/21 13:00;67.219;61.939;10.495;69.665;20.335;90;20.335;523.61;442.9;80.705;23.9;2.3099;0;86.07;402.5;29.284;0;3.3285;521.18;0;521.18;86.07;29.284;402.5;3.3285;0.1651;0.7787;0;0.0064;508.81;12.37;0;0;9.5781;2.7923;493.63;13.648;0.0311;0.0106;13.488;0.1179;507.28;1.5264;0.2582;0.0879;1.1788;0.0016;494.48;85.78;29.186;378.25;0.4168;311.31;247.8;99.693;1.5269;3.68;52.936;0.8467;55.089;0;1;0;0;0.9954;0.9763;1;1;0.9762;0.1611;0.9731;0.9996;1;0.9656;0.7795;0.997;0.997;1;0.997;0.997;0.9471;0.9398;0.1252;1.4832;1.5208;0.0092;0.0049;0.1263;0.0097;0.0343;0.0091;0;0;0.088;1.1865;0;0;0;0;0;0;0;0;0;0;0;0;0.0276;0.0057;1.2941;1.2941;0;48.413;48.413;24.513;0.0497;1306.9;990.25;1;0.0196;0.0196;0;0;0;0;0;0;1.2745;1.1865;0;16.408;19;15.043;17.42;98.483;98.483;12.508;10.913;10.006;1.5949;0.9077;0.1275;0.0726;0.7999;250.48;0.7434;0
06/01/21 14:00;55.662;78.296;6.5703;56.221;33.779;90;33.779;264.5;259.2;5.2987;22.58;2.5599;0;6.3749;236.24;1.4173;0;4.5544;248.59;0;248.59;6.3749;1.4173;236.24;4.5544;0.0256;0.9687;0;0.0183;231.88;16.714;0;0;12.649;4.0653;223.9;7.2832;0.0014;0.0003;7.2077;0.0737;231.18;0.6956;0.0191;0.0043;0.6708;0.0015;225.4;6.3543;1.4128;215.72;0.4139;163.3;129.99;54.52;5.388;2.084;29.978;1.4991;26.674;0;1;0;0;0.9399;0.9328;1;1;0.9465;0.1074;0.9685;0.9998;1;0.9677;0.8488;0.997;0.997;1;0.997;0.997;0.9007;0.9131;0.0909;0.7075;0.7049;0.0042;0.0158;0.0219;0.0046;0.0165;0.0054;0;0;0.088;0.5233;0;0;0;0;0;0;0;0;0;0;0;0;0.0133;0.0014;0.6219;0.6219;0;33.619;33.619;11.039;0.0493;602.81;1031.6;1;0.0106;0.0106;0;0;0;0;0;0;0.6113;0.5233;0;16.53;19.142;13.91;16.108;98.302;98.302;5.9661;5.2442;4.4131;0.7219;0.8311;0.121;0.1393;0.7397;160.02;0.6784;0
06/01/21 15:00;43.484;88.608;1.01;43.493;46.507;90;46.507;487.6;341.6;146.01;24.7;2.82;0;212.14;245.02;74.584;0;15.504;547.25;0;547.25;212.14;74.584;245.02;15.504;0.3876;0.4761;0;0.0283;511.55;35.701;0;0;21.283;14.418;502.63;7.3756;0.0074;0.0026;7.3063;0.0593;510.01;1.5346;0.6364;0.2238;0.6712;0.0033;507.68;211.49;74.358;215.76;1.0237;264.62;210.63;90.771;16.768;3.7416;53.821;5.0404;40.795;0;1;0;0;1.1223;0.9348;1;1;0.9131;0.0701;0.9855;1;1;0.9672;0.9452;0.997;0.997;1;0.997;0.997;0.9185;0.8806;0.066;1.5574;1.5603;0.0094;0.0044;0.1366;0.0099;0.035;0.0092;0;0;0.088;1.2137;0;0;0;0;0;0;0;0;0;0;0;0;0.0282;0.006;1.3217;1.3217;0;49.684;49.684;24.984;0.0497;1340.8;985.77;1;0.02;0.02;0;0;0;0;0;0;1.3017;1.2137;0;15.959;18.48;14.656;16.971;98.49;98.49;13.134;11.146;10.235;1.988;0.9104;0.1514;0.0693;0.7793;184.92;0.7259;0
06/01/21 16:00;31.242;96.827;5.8333;31.423;58.577;90;58.577;232.7;221.3;11.399;24.66;3.05;0;21.865;165.71;6.6078;0;11.361;205.55;0;205.55;21.865;6.6078;165.71;11.361;0.1064;0.8615;0;0.0553;174.79;30.757;0;0;20.12;10.636;169.14;5.1262;0.0044;0.0013;5.0775;0.0431;174.27;0.5244;0.0656;0.0198;0.4368;0.0022;173.79;21.795;6.5866;140.08;0.6792;145.05;115.46;53.793;25.431;2.8442;40.912;4.6456;18.325;0;1;0;0;0.8833;0.8504;1;1;0.8786;0.0638;0.9706;0.9998;1;0.965;0.9404;0.997;0.997;1;0.997;0.997;0.8229;0.8453;0.0598;0.585;0.5792;0.0035;0.0168;0.0168;0.0038;0.0135;0.0073;0;0;0.088;0.4086;0;0;0;0;0;0;0;0;0;0;0;0;0.0108;0.001;0.5057;0.5057;0;33.015;33.015;8.3552;0.0494;493.23;1025.3;1;0.0091;0.0091;0;0;0;0;0;0;0.4966;0.4086;0;16.257;18.825;13.136;15.211;98.206;98.206;4.9332;4.2645;3.4459;0.6686;0.8186;0.1355;0.1659;0.6985;141.89;0.6079;0
06/01/21 17:00;19.194;104.42;37.123;19.771;35.351;90;35.351;358.3;94.896;263.41;24.63;2.57;0;638.84;37.261;130.6;0;6.7384;813.44;0;813.44;638.84;130.6;37.261;6.7384;0.7854;0.0541;0;0.0083;805.24;8.2019;0;0;2.1428;6.059;797.61;5.2147;3.3131;0.6773;1.1307;0.0935;802.82;2.4157;1.9165;0.3918;0.1054;0.002;797.87;633.61;129.54;33.882;0.5838;27.102;21.573;9.3584;0.995;0.3322;4.7792;0.2606;4.1164;0;1;0;0;2.2703;0.9899;1;1;0.9425;0.1008;0.9935;0.9948;1;0.9677;0.8619;0.997;0.997;1;0.997;0.997;0.9805;0.9093;0.0866;2.315;2.2924;0.0138;-0.0018;0.3227;0.0137;0.0486;0.0008;0;0;0.088;1.7266;0;0;0;0;0;0;0;0;0;0;0;0;0.0391;0.0124;1.8431;1.8431;0;64.712;64.712;40.082;0.0503;1980.5;930.6;1;0.0285;0.0285;0;0;0;0;0;0;1.8146;1.7266;0;14.972;17.337;14.026;16.242;98.455;98.455;19.523;15.543;14.561;3.9797;0.9822;0.2039;0.0503;0.7458;25.547;0.7426;0
06/01/21 18:00;7.5526;112.17;71.411;8.1477;11.956;90;11.956;21.898;21.699;0.1997;22.92;2.6;0;0.4844;21.44;0.0566;0;0.0485;22.03;0;22.03;0.4844;0.0566;21.44;0.0485;0.022;0.9754;0;0.0022;21.78;0.2495;0;0;0.2092;0.0403;20.806;0.9089;0.0607;0.0071;0.8393;0.0018;21.715;0.0653;0.0015;0.0002;0.0637;0;20.815;0.4223;0.0494;20.328;0.0063;12.92;10.285;4.0346;0.0122;0.1561;2.2454;0.0093;2.3893;0;1;0;0;1.006;0.9887;1;1;0.9902;0.1678;0.9581;0.8744;1;0.9603;0.7747;0.997;0.997;1;0.997;0.997;0.9444;0.9481;0.1296;0.0627;0.0641;0.0004;0.0089;-0.0002;0.0004;0.0014;0.0004;0;0;0.088;-0.0394;0;0;0;0;0;0;0;0;0;0;0;0;0.0011;0;0.0517;0.0517;0;23.966;23.966;1.0458;0.0503;53.105;974.03;1;0.0031;0.0031;0;0;0;0;0;0;0.0486;-0.0394;0;15.516;17.967;-11.813;-13.68;93.988;93.988;0.5287;0.4362;-0.3321;0.0925;0.7683;0.175;1.4532;0;12.919;0;0
06/01/21 19:00;1.0455;116.99;87.464;1.1732;1.6731;90;1.6731;0;0;0;21.24;3.8901;0;0;0;0;0;0;0;0;0;0;0;0;0;1;1;1;1;0;0;0;0;0;0;0;0;0;0;0;0;0;0;0;0;0;0;0;0;0;0;0;0;0;0;0;0;0;0;0;0;0;0;0;1;1;1;1;1;1;1;1;1;1;1;1;1;1;1;1;1;1;1;0;0;0;0;0;0;0;0;0;0.0004;0.088;-0.0884;0;0;0;0;0;0;0;0;0;0;0;0;0;0;0;0;0;0;0;-21.24;0;0;0;0;0.0004;0;0;0;0;0;0;0;-0.0004;-0.0884;0;0;0;0;0;0;0;0;0;-0.7452;0;0.7452;1;1;0;0;0;0
06/01/21 20:00;0;0;90;0;0;90;0;0;0;0;19.69;5.45;0;0;0;0;0;0;0;0;0;0;0;0;0;1;1;1;1;0;0;0;0;0;0;0;0;0;0;0;0;0;0;0;0;0;0;0;0;0;0;0;0;0;0;0;0;0;0;0;0;0;0;0;1;1;1;1;1;1;1;1;1;1;1;1;1;1;1;1;1;1;1;0;0;0;0;0;0;0;0;0;0.0004;0.088;-0.0884;0;0;0;0;0;0;0;0;0;0;0;0;0;0;0;0;0;0;0;-19.69;0;0;0;0;0.0004;0;0;0;0;0;0;0;-0.0004;-0.0884;0;0;0;0;0;0;0;0;0;-0.7452;0;0.7452;1;1;0;0;0;0
06/01/21 21:00;0;0;90;0;0;90;0;0;0;0;19.4;6.3701;0;0;0;0;0;0;0;0;0;0;0;0;0;1;1;1;1;0;0;0;0;0;0;0;0;0;0;0;0;0;0;0;0;0;0;0;0;0;0;0;0;0;0;0;0;0;0;0;0;0;0;0;1;1;1;1;1;1;1;1;1;1;1;1;1;1;1;1;1;1;1;0;0;0;0;0;0;0;0;0;0.0004;0.088;-0.0884;0;0;0;0;0;0;0;0;0;0;0;0;0;0;0;0;0;0;0;-19.4;0;0;0;0;0.0004;0;0;0;0;0;0;0;-0.0004;-0.0884;0;0;0;0;0;0;0;0;0;-0.7452;0;0.7452;1;1;0;0;0;0
06/01/21 22:00;0;0;90;0;0;90;0;0;0;0;18.53;6.3799;0;0;0;0;0;0;0;0;0;0;0;0;0;1;1;1;1;0;0;0;0;0;0;0;0;0;0;0;0;0;0;0;0;0;0;0;0;0;0;0;0;0;0;0;0;0;0;0;0;0;0;0;1;1;1;1;1;1;1;1;1;1;1;1;1;1;1;1;1;1;1;0;0;0;0;0;0;0;0;0;0.0004;0.088;-0.0884;0;0;0;0;0;0;0;0;0;0;0;0;0;0;0;0;0;0;0;-18.53;0;0;0;0;0.0004;0;0;0;0;0;0;0;-0.0004;-0.0884;0;0;0;0;0;0;0;0;0;-0.7452;0;0.7452;1;1;0;0;0;0
06/01/21 23:00;0;0;90;0;0;90;0;0;0;0;17.7;6.2199;0;0;0;0;0;0;0;0;0;0;0;0;0;1;1;1;1;0;0;0;0;0;0;0;0;0;0;0;0;0;0;0;0;0;0;0;0;0;0;0;0;0;0;0;0;0;0;0;0;0;0;0;1;1;1;1;1;1;1;1;1;1;1;1;1;1;1;1;1;1;1;0;0;0;0;0;0;0;0;0;0.0004;0.088;-0.0884;0;0;0;0;0;0;0;0;0;0;0;0;0;0;0;0;0;0;0;-17.7;0;0;0;0;0.0004;0;0;0;0;0;0;0;-0.0004;-0.0884;0;0;0;0;0;0;0;0;0;-0.7452;0;0.7452;1;1;0;0;0;0
07/01/21 00:00;0;0;90;0;0;90;0;0;0;0;16.91;6;0;0;0;0;0;0;0;0;0;0;0;0;0;1;1;1;1;0;0;0;0;0;0;0;0;0;0;0;0;0;0;0;0;0;0;0;0;0;0;0;0;0;0;0;0;0;0;0;0;0;0;0;1;1;1;1;1;1;1;1;1;1;1;1;1;1;1;1;1;1;1;0;0;0;0;0;0;0;0;0;0.0004;0.088;-0.0884;0;0;0;0;0;0;0;0;0;0;0;0;0;0;0;0;0;0;0;-16.91;0;0;0;0;0.0004;0;0;0;0;0;0;0;-0.0004;-0.0884;0;0;0;0;0;0;0;0;0;-0.7452;0;0.7452;1;1;0;0;0;0
07/01/21 01:00;0;0;90;0;0;90;0;0;0;0;16.84;5.5899;0;0;0;0;0;0;0;0;0;0;0;0;0;1;1;1;1;0;0;0;0;0;0;0;0;0;0;0;0;0;0;0;0;0;0;0;0;0;0;0;0;0;0;0;0;0;0;0;0;0;0;0;1;1;1;1;1;1;1;1;1;1;1;1;1;1;1;1;1;1;1;0;0;0;0;0;0;0;0;0;0.0004;0.088;-0.0884;0;0;0;0;0;0;0;0;0;0;0;0;0;0;0;0;0;0;0;-16.84;0;0;0;0;0.0004;0;0;0;0;0;0;0;-0.0004;-0.0884;0;0;0;0;0;0;0;0;0;-0.7452;0;0.7452;1;1;0;0;0;0
07/01/21 02:00;0;0;90;0;0;90;0;0;0;0;16.44;5.15;0;0;0;0;0;0;0;0;0;0;0;0;0;1;1;1;1;0;0;0;0;0;0;0;0;0;0;0;0;0;0;0;0;0;0;0;0;0;0;0;0;0;0;0;0;0;0;0;0;0;0;0;1;1;1;1;1;1;1;1;1;1;1;1;1;1;1;1;1;1;1;0;0;0;0;0;0;0;0;0;0.0004;0.088;-0.0884;0;0;0;0;0;0;0;0;0;0;0;0;0;0;0;0;0;0;0;-16.44;0;0;0;0;0.0004;0;0;0;0;0;0;0;-0.0004;-0.0884;0;0;0;0;0;0;0;0;0;-0.7452;0;0.7452;1;1;0;0;0;0
07/01/21 03:00;0;0;90;0;0;90;0;0;0;0;15.3;4.8599;0;0;0;0;0;0;0;0;0;0;0;0;0;1;1;1;1;0;0;0;0;0;0;0;0;0;0;0;0;0;0;0;0;0;0;0;0;0;0;0;0;0;0;0;0;0;0;0;0;0;0;0;1;1;1;1;1;1;1;1;1;1;1;1;1;1;1;1;1;1;1;0;0;0;0;0;0;0;0;0;0.0004;0.088;-0.0884;0;0;0;0;0;0;0;0;0;0;0;0;0;0;0;0;0;0;0;-15.3;0;0;0;0;0.0004;0;0;0;0;0;0;0;-0.0004;-0.0884;0;0;0;0;0;0;0;0;0;-0.7452;0;0.7452;1;1;0;0;0;0
07/01/21 04:00;0.4448;-117.3;88.921;0.5005;0.7134;-90;-0.7134;0;0;0;14.49;4.9201;0;0;0;0;0;0;0;0;0;0;0;0;0;1;1;1;1;0;0;0;0;0;0;0;0;0;0;0;0;0;0;0;0;0;0;0;0;0;0;0;0;0;0;0;0;0;0;0;0;0;0;0;1;1;1;1;1;1;1;1;1;1;1;1;1;1;1;1;1;1;1;0;0;0;0;0;0;0;0;0;0.0004;0.088;-0.0884;0;0;0;0;0;0;0;0;0;0;0;0;0;0;0;0;0;0;0;-14.49;0;0;0;0;0.0004;0;0;0;0;0;0;0;-0.0004;-0.0884;0;0;0;0;0;0;0;0;0;-0.7452;0;0.7452;1;1;0;0;0;0
07/01/21 05:00;6.1822;-112.99;74.86;6.7108;9.7533;-90;-9.7533;74.7;26.202;48.498;14.87;5.4801;0;117.62;17.715;20.271;0;0.1101;155.72;0;155.72;117.62;20.271;17.715;0.1101;0.7554;0.1145;0;0.0007;155.5;0.2139;0;0;0.1224;0.0915;129.18;25.857;21.439;3.6948;0.7196;0.0042;155.04;0.4665;0.3529;0.0608;0.0528;0.0001;129.18;95.83;16.516;16.82;0.0144;10.891;8.6694;3.4431;0.0047;0.1285;1.8481;0.0044;1.9719;0;1;0;0;2.0846;0.9986;1;1;0.9931;0.1696;0.8332;0.8172;1;0.959;0.7755;0.997;0.997;1;0.997;0.997;0.8296;0.9495;0.1311;0.4432;0.3733;0.0022;0.0171;-0.0051;0.0025;0.0089;0.0003;0;0;0.088;0.244;0;0;0;0;0;0;0;0;0;0;0;0;0.0072;0.0005;0.3397;0.3397;0;21.204;21.204;6.3337;0.049;319.16;1064.2;1;0.0077;0.0077;0;0;0;0;0;0;0.332;0.244;0;14.413;16.69;10.352;11.988;97.734;97.734;3.7372;2.8643;2.0573;0.8729;0.807;0.2336;0.2159;0.5505;10.613;0.5456;0
07/01/21 06:00;17.77;-105.18;42.253;18.37;31.476;-90;-31.476;278.6;51.2;227.4;17.36;5.5099;0;551.51;22.399;65.537;0;4.1815;643.63;0;643.63;551.51;65.537;22.399;4.1815;0.8569;0.0413;0;0.0065;638.89;4.7431;0;0;1.0693;3.6738;631.15;5.8203;4.5102;0.5359;0.6905;0.0837;636.97;1.9167;1.6545;0.1966;0.064;0.0015;631.27;545.35;64.804;20.575;0.4225;16.164;12.866;5.5515;0.4015;0.1876;2.6988;0.1161;2.4849;0;1;0;0;2.3102;0.9926;1;1;0.9523;0.1214;0.9909;0.9918;1;0.9675;0.8347;0.997;0.997;1;0.997;0.997;0.9806;0.9186;0.101;1.8317;1.8115;0.0109;0.0014;0.1513;0.0115;0.0409;0.0005;0;0;0.088;1.4419;0;0;0;0;0;0;0;0;0;0;0;0;0.033;0.0079;1.5541;1.5541;0;48.677;48.677;31.317;0.0496;1560.7;995.8;1;0.0242;0.0242;0;0;0;0;0;0;1.5299;1.4419;0;15.956;18.476;14.803;17.142;98.441;98.441;15.447;13.106;12.16;2.3411;0.9464;0.1516;0.0613;0.7872;14.917;0.7847;0
07/01/21 07:00;29.787;-97.582;6.5752;30.005;59.995;-90;-59.995;508.6;83.801;424.8;20;4.89;0;849.48;24.784;101.5;0;25.935;1001.7;0;1001.7;849.48;101.5;24.784;25.935;0.848;0.0506;0;0.0259;974.46;27.245;0;0;3.1047;24.14;970.44;1.0961;0.1924;0.023;0.7647;0.1161;971.54;2.9234;2.5485;0.3045;0.065;0.0054;974.15;846.74;101.17;20.849;1.6736;106.95;85.131;36.952;4.1488;1.3241;19.046;3.7142;16.222;0;1;0;0;1.9695;0.9728;1;1;0.8747;0.0692;0.9989;0.9998;1;0.9646;0.9351;0.997;0.997;1;0.997;0.997;0.9688;0.8413;0.0645;2.8508;2.8253;0.017;-0.0003;0.4387;0.0166;0.0588;0.003;0;0;0.088;2.1018;0;0;0;0;0;0;0;0;0;0;0;0;0.0474;0.0184;2.2257;2.2257;0;68.932;68.932;48.932;0.0504;2437.2;913.22;1;0.0359;0.0359;0;0;0;0;0;0;2.1898;2.1018;0;14.682;17.002;13.865;16.055;98.385;98.385;24.041;18.77;17.724;5.2712;1.0453;0.2193;0.0435;0.7373;21.581;0.7269;0
07/01/21 08:00;42.021;-89.464;0.3978;42.022;47.978;-90;-47.978;723.31;119.4;603.9;21.7;4.1;0;902.14;35.977;113.98;0;24.39;1076.5;0;1076.5;902.14;113.98;35.977;24.39;0.838;0.0561;0;0.0227;1050.6;25.871;0;0;3.259;22.612;1046.3;1.1727;0.0124;0.0016;1.0739;0.0849;1047.5;3.1519;2.7064;0.3419;0.0982;0.0053;1052.1;899.42;113.64;31.546;1.6881;290.83;231.5;93.574;2.7477;3.4951;50.276;5.8098;51.023;0;1;0;0;1.4883;0.976;1;1;0.9094;0.0729;0.9989;1;1;0.9671;0.9521;0.997;0.997;1;0.997;0.997;0.972;0.8768;0.0692;3.0636;3.1109;0.0187;0.0033;0.547;0.0178;0.0631;0.0078;0;0;0.088;2.2532;0;0;0;0;0;0;0;0;0;0;0;0;0.0508;0.0221;2.3802;2.3802;0;74.712;74.712;53.012;0.0507;2682.6;887.27;1;0.039;0.039;0;0;0;0;0;0;2.3412;2.2532;0;14.611;16.919;13.831;16.016;98.362;98.362;25.836;20.072;19.001;5.7634;1.0709;0.2231;0.0415;0.7355;27.538;0.7106;0
07/01/21 09:00;54.221;-79.478;6.1291;54.68;35.32;-90;-35.32;901.8;148.8;753;23.3;3.48;0;922.86;46.281;119.89;0;16.93;1106;0;1106;922.86;119.89;46.281;16.93;0.8344;0.0572;0;0.0153;1088.2;17.796;0;0;2.6494;15.146;1083;1.8661;0.1948;0.0253;1.4052;0.2408;1084.9;3.2645;2.7686;0.3597;0.1309;0.0054;1087.7;919.9;119.51;42.095;1.5381;454.7;361.94;152.88;1.2343;4.8377;69.588;4.6897;73.192;0;1;0;0;1.2264;0.9839;1;1;0.9428;0.1054;0.9983;0.9998;1;0.9677;0.8646;0.997;0.997;1;0.997;0.997;0.9793;0.9096;0.0908;3.1475;3.2515;0.0196;0.0059;0.614;0.0183;0.0648;0.0106;0;0;0.088;2.3139;0;0;0;0;0;0;0;0;0;0;0;0;0.0522;0.024;2.442;2.442;0;78.341;78.341;55.041;0.0508;2788.9;875;1;0.0401;0.0401;0;0;0;0;0;0;2.4019;2.3139;0;14.591;16.896;13.825;16.009;98.357;98.357;26.543;20.594;19.513;5.9494;1.0805;0.2241;0.0407;0.7352;31.723;0.7021;0
07/01/21 10:00;65.888;-64.143;10.263;68.063;21.937;-90;-21.937;1026.8;169.4;857.4;24.29;3.05;0;924.33;54.634;121.51;0;7.5835;1108.1;0;1108.1;924.33;121.51;54.634;7.5835;0.8342;0.0562;0;0.0068;1100.2;7.8406;0;0;1.4638;6.3767;1094.5;2.4295;0.3267;0.0429;1.8026;0.2573;1096.9;3.3006;2.773;0.3645;0.1595;0.0036;1096.4;921.23;121.1;51.208;0.9459;575.28;457.92;189.52;0.2754;6.2905;90.487;1.901;96.502;0;1;0;0;1.0791;0.9929;1;1;0.9732;0.1591;0.9978;0.9996;1;0.966;0.7862;0.997;0.997;1;0.997;0.997;0.9878;0.9373;0.1247;3.1534;3.3181;0.02;0.0072;0.6462;0.0185;0.0657;0.0137;0;0;0.088;2.3345;0;0;0;0;0;0;0;0;0;0;0;0;0.0529;0.0249;2.469;2.4631;0;79.989;79.989;55.699;0.0509;2815;875;1;0.0465;0.0406;0;0.0059;0;0;0;0;2.4225;2.3345;0;14.689;17.009;13.922;16.121;98.116;98.351;26.593;20.771;19.687;5.8218;1.0846;0.2189;0.0408;0.7403;34.279;0.6976;0
07/01/21 11:00;75.219;-32.04;12.49;82.031;7.9686;-90;-7.9686;1136.4;187.5;948.91;26.2;2.7099;0;958.16;56.885;131.61;0;1.1192;1147.8;0;1147.8;958.16;131.61;56.885;1.1192;0.8348;0.0505;0;0.001;1146.6;1.2115;0;0;0.2813;0.9302;1140.2;2.8854;0.4121;0.0566;2.3744;0.0422;1143.1;3.4397;2.8745;0.3948;0.1698;0.0006;1140.4;954.87;131.16;54.06;0.1462;666.06;530.18;220.84;0.0069;7.1712;103.15;0.1822;110.32;0;1;0;0;1.01;0.9989;1;1;0.9951;0.1689;0.9975;0.9996;1;0.9579;0.7759;0.997;0.997;1;0.997;0.997;0.9934;0.9503;0.1307;3.2665;3.4694;0.0209;0.0108;0.7314;0.0189;0.0672;0.0153;0;0;0.088;2.37;0;0;0;0;0;0;0;0;0;0;0;0;0.0541;0.0271;2.5237;2.4994;0;84.444;84.444;58.244;0.0511;2856.5;875;1;0.0658;0.0415;0;0.0243;0;0;0;0;2.458;2.37;0;14.39;16.663;13.644;15.8;97.394;98.341;27.547;21.078;19.986;6.4686;1.0918;0.2348;0.0396;0.7255;33.946;0.6798;0
07/01/21 12:00;75.942;25.911;12.62;83.756;6.2444;90;6.2444;419.6;396.5;23.1;26.75;2.3999;0;23.238;388.66;6.728;0;0.2539;418.88;0;418.88;23.238;6.728;388.66;0.2539;0.0555;0.9285;0;0.0006;417.37;1.5111;0;0;1.2996;0.2115;399.48;16.633;0.0101;0.0029;16.61;0.0095;416.12;1.2521;0.0697;0.0202;1.1621;0.0001;399.51;23.158;6.7049;369.59;0.0328;248.72;197.98;77.499;0.0144;3.0014;43.174;0.0258;46.161;0;1;0;0;0.9983;0.9964;1;1;0.9967;0.167;0.96;0.9996;1;0.957;0.776;0.997;0.997;1;0.997;0.997;0.9537;0.9509;0.1292;1.1921;1.2295;0.0074;0.0089;0.0947;0.0078;0.0278;0.0075;0;0;0.088;0.9451;0;0;0;0;0;0;0;0;0;0;0;0;0.0224;0.0039;1.0492;1.0492;0;46.581;46.581;19.83;0.0496;1056.8;992.85;1;0.0161;0.0161;0;0;0;0;0;0;1.0331;0.9451;0;16.552;19.167;14.909;17.265;98.464;98.464;10.053;8.8482;7.9702;1.2049;0.878;0.1199;0.0873;0.7928;231.22;0.736;0
07/01/21 13:00;67.216;61.522;10.641;69.735;20.265;90;20.265;645.7;441;204.7;26.47;2.11;0;218.21;360.14;73.929;0;4.0766;656.35;0;656.35;218.21;73.929;360.14;4.0766;0.3325;0.5549;0;0.0062;644.41;11.942;0;0;8.5227;3.4189;630.15;12.33;0.08;0.0271;12.078;0.1447;642.48;1.9332;0.6546;0.2218;1.0549;0.002;631.17;217.47;73.68;338.49;0.511;378.23;301.07;122.24;1.3491;4.3655;62.796;1.0242;65.813;0;1;0;0;1.0165;0.9818;1;1;0.9763;0.1613;0.9808;0.9996;1;0.9655;0.7793;0.997;0.997;1;0.997;0.997;0.9601;0.9399;0.1254;1.8679;1.9316;0.0116;0.0003;0.2258;0.0119;0.0421;0.0105;0;0;0.088;1.4746;0;0;0;0;0;0;0;0;0;0;0;0;0.0339;0.0089;1.5867;1.5867;0;57.979;57.979;31.509;0.05;1663.2;953.98;1;0.0241;0.0241;0;0;0;0;0;0;1.5626;1.4746;0;15.974;18.498;14.846;17.191;98.482;98.482;15.752;13.381;12.436;2.3717;0.9453;0.1506;0.06;0.7894;224.04;0.7367;0
07/01/21 14:00;55.684;78.013;6.7241;56.27;33.73;90;33.73;858.29;190.2;668.09;26.58;1.97;0;803.32;74.388;131.03;0;14.737;1023.5;0;1023.5;803.32;131.03;74.388;14.737;0.7849;0.0871;0;0.0144;1006.4;17.125;0;0;3.9738;13.152;1000.6;2.726;0.186;0.0303;2.27;0.2397;1003.3;3.0191;2.41;0.3931;0.2112;0.0048;1004.7;800.72;130.61;67.933;1.3412;444.07;353.48;149.12;1.6914;4.7686;68.594;4.1215;71.671;0;1;0;0;1.1925;0.9833;1;1;0.9466;0.1076;0.9973;0.9998;1;0.9677;0.8484;0.997;0.997;1;0.997;0.997;0.9777;0.9132;0.091;2.9127;3.012;0.0181;0.0018;0.5596;0.017;0.0604;0.0105;0;0;0.088;2.1508;0;0;0;0;0;0;0;0;0;0;0;0;0.0486;0.0208;2.2751;2.2751;0;77.386;77.386;50.806;0.0508;2596.1;876.37;1;0.0363;0.0363;0;0;0;0;0;0;2.2388;2.1508;0;14.689;17.009;13.886;16.08;98.406;98.406;24.563;19.186;18.138;5.3773;1.048;0.2189;0.0427;0.7384;50.37;0.7031;0
07/01/21 15:00;43.512;88.389;1.1685;43.524;46.476;90;46.476;803.91;132.3;671.61;26.55;2.0701;0;975.25;34.524;132.74;0;25.53;1168;0;1168;975.25;132.74;34.524;25.53;0.8349;0.0514;0;0.0219;1141.3;26.736;0;0;2.996;23.74;1136.7;1.172;0.0392;0.0053;1.0295;0.098;1137.9;3.4239;2.9257;0.3982;0.0946;0.0054;1142.9;972.28;132.33;30.404;1.6864;334.46;266.23;108.36;2.3632;3.9192;56.376;6.2236;57.932;0;1;0;0;1.453;0.9771;1;1;0.9132;0.0701;0.999;1;1;0.9672;0.9451;0.997;0.997;1;0.997;0.997;0.9732;0.8807;0.0661;3.3241;3.3829;0.0204;0.0087;0.7159;0.0185;0.0655;0.0083;0;0;0.088;2.3167;0;0;0;0;0;0;0;0;0;0;0;0;0.0528;0.0259;2.467;2.4449;0;84.622;84.622;58.072;0.0511;2794.2;875;1;0.0623;0.0402;0;0.0221;0;0;0;0;2.4047;2.3167;0;13.831;16.017;13.106;15.177;97.475;98.356;28.033;20.618;19.537;7.4149;1.0811;0.2645;0.0386;0.6969;26.048;0.6726;0
07/01/21 16:00;31.268;96.641;5.6727;31.439;58.561;90;58.561;189;184.5;4.4989;26.53;2.58;0;8.6254;139.5;2.1717;0;9.2226;159.52;0;159.52;8.6254;2.1717;139.5;9.2226;0.0541;0.9323;0;0.0578;133.96;25.566;0;0;16.931;8.6345;129.25;4.3111;0.0017;0.0004;4.2741;0.0349;133.56;0.4019;0.0259;0.0065;0.3677;0.0018;133.1;8.5978;2.1648;117.93;0.5514;120.63;96.018;44.813;21.387;2.3756;34.173;3.8563;15.161;0;1;0;0;0.8441;0.8397;1;1;0.8786;0.0638;0.9677;0.9998;1;0.965;0.9405;0.997;0.997;1;0.997;0.997;0.8102;0.8454;0.0598;0.454;0.4493;0.0027;0.0173;0.013;0.0029;0.0103;0.006;0;0;0.088;0.2923;0;0;0;0;0;0;0;0;0;0;0;0;0.0083;0.0007;0.3881;0.3881;0;32.93;32.93;6.3999;0.0495;382.04;1015.8;1;0.0077;0.0077;0;0;0;0;0;0;0.3803;0.2923;0;16.075;18.614;12.109;14.022;98.008;98.008;3.8286;3.2726;2.4653;0.556;0.8073;0.1452;0.2109;0.6439;119.42;0.5549;0
07/01/21 17:00;19.213;104.25;37.05;19.777;35.368;90;35.368;316.4;134.7;181.7;28.11;3.16;0;440.67;74.452;127.77;0;5.9561;648.85;0;648.85;440.67;127.77;74.452;5.9561;0.6792;0.1239;0;0.0092;639.21;9.641;0;0;4.2849;5.356;632.02;5.2656;2.2667;0.6572;2.2591;0.0825;637.29;1.9176;1.322;0.3833;0.2105;0.0018;632.55;437.08;126.73;67.697;0.5157;52.202;41.553;17.729;1.9897;0.6639;9.5505;0.5214;8.2248;0;1;0;0;2.0507;0.9851;1;1;0.9424;0.1007;0.9917;0.9948;1;0.9677;0.862;0.997;0.997;1;0.997;0.997;0.9741;0.9093;0.0866;1.8466;1.8289;0.011;0.0013;0.226;0.0111;0.0395;0.0016;0;0;0.088;1.3882;0;0;0;0;0;0;0;0;0;0;0;0;0.0318;0.0081;1.4985;1.4985;0;59.76;59.76;31.649;0.0501;1579.3;948.84;1;0.0223;0.0223;0;0;0;0;0;0;1.4762;1.3882;0;15.261;17.672;14.138;16.371;98.51;98.51;15.572;12.637;11.707;2.9351;0.9305;0.1885;0.0598;0.7518;51.053;0.7436;0
07/01/21 18:00;7.5607;112.01;71.391;8.1472;11.956;90;11.956;47.606;46.696;0.9094;26.19;4.36;0;2.2055;45.964;0.5544;0;0.1053;48.829;0;48.829;2.2055;0.5544;45.964;0.1053;0.0452;0.9435;0;0.0022;48.293;0.5361;0;0;0.4485;0.0877;46;2.1483;0.2756;0.0693;1.7994;0.004;48.148;0.1449;0.0066;0.0017;0.1365;0.0001;46.02;1.9232;0.4835;43.579;0.0137;27.702;22.051;8.6511;0.0262;0.3346;4.8138;0.02;5.1222;0;1;0;0;1.0257;0.989;1;1;0.9902;0.1678;0.9554;0.8746;1;0.9603;0.7747;0.997;0.997;1;0.997;0.997;0.9421;0.9481;0.1296;0.139;0.1413;0.0009;0.0129;0.0018;0.0009;0.0031;0.0008;0;0;0.088;0.0255;0;0;0;0;0;0;0;0;0;0;0;0;0.0025;0.0001;0.1182;0.1182;0;28.485;28.485;2.2952;0.0499;119.39;990.45;1;0.0047;0.0047;0;0;0;0;0;0;0.1135;0.0255;0;16.003;18.531;3.4532;3.9987;95.997;95.997;1.1719;0.9972;0.2152;0.1747;0.782;0.1491;0.6673;0.1836;27.697;0.171;0
07/01/21 19:00;1.0452;116.83;87.464;1.1712;1.6703;90;1.6703;0;0;0;22.55;5.92;0;0;0;0;0;0;0;0;0;0;0;0;0;1;1;1;1;0;0;0;0;0;0;0;0;0;0;0;0;0;0;0;0;0;0;0;0;0;0;0;0;0;0;0;0;0;0;0;0;0;0;0;1;1;1;1;1;1;1;1;1;1;1;1;1;1;1;1;1;1;1;0;0;0;0;0;0;0;0;0;0.0004;0.088;-0.0884;0;0;0;0;0;0;0;0;0;0;0;0;0;0;0;0;0;0;0;-22.55;0;0;0;0;0.0004;0;0;0;0;0;0;0;-0.0004;-0.0884;0;0;0;0;0;0;0;0;0;-0.7452;0;0.7452;1;1;0;0;0;0
07/01/21 20:00;0;0;90;0;0;90;0;0;0;0;22.56;6.8401;0;0;0;0;0;0;0;0;0;0;0;0;0;1;1;1;1;0;0;0;0;0;0;0;0;0;0;0;0;0;0;0;0;0;0;0;0;0;0;0;0;0;0;0;0;0;0;0;0;0;0;0;1;1;1;1;1;1;1;1;1;1;1;1;1;1;1;1;1;1;1;0;0;0;0;0;0;0;0;0;0.0004;0.088;-0.0884;0;0;0;0;0;0;0;0;0;0;0;0;0;0;0;0;0;0;0;-22.56;0;0;0;0;0.0004;0;0;0;0;0;0;0;-0.0004;-0.0884;0;0;0;0;0;0;0;0;0;-0.7452;0;0.7452;1;1;0;0;0;0
07/01/21 21:00;0;0;90;0;0;90;0;0;0;0;20.56;6.79;0;0;0;0;0;0;0;0;0;0;0;0;0;1;1;1;1;0;0;0;0;0;0;0;0;0;0;0;0;0;0;0;0;0;0;0;0;0;0;0;0;0;0;0;0;0;0;0;0;0;0;0;1;1;1;1;1;1;1;1;1;1;1;1;1;1;1;1;1;1;1;0;0;0;0;0;0;0;0;0;0.0004;0.088;-0.0884;0;0;0;0;0;0;0;0;0;0;0;0;0;0;0;0;0;0;0;-20.56;0;0;0;0;0.0004;0;0;0;0;0;0;0;-0.0004;-0.0884;0;0;0;0;0;0;0;0;0;-0.7452;0;0.7452;1;1;0;0;0;0
07/01/21 22:00;0;0;90;0;0;90;0;0;0;0;18.26;6.6999;0;0;0;0;0;0;0;0;0;0;0;0;0;1;1;1;1;0;0;0;0;0;0;0;0;0;0;0;0;0;0;0;0;0;0;0;0;0;0;0;0;0;0;0;0;0;0;0;0;0;0;0;1;1;1;1;1;1;1;1;1;1;1;1;1;1;1;1;1;1;1;0;0;0;0;0;0;0;0;0;0.0004;0.088;-0.0884;0;0;0;0;0;0;0;0;0;0;0;0;0;0;0;0;0;0;0;-18.26;0;0;0;0;0.0004;0;0;0;0;0;0;0;-0.0004;-0.0884;0;0;0;0;0;0;0;0;0;-0.7452;0;0.7452;1;1;0;0;0;0
07/01/21 23:00;0;0;90;0;0;90;0;0;0;0;17.2;5.9701;0;0;0;0;0;0;0;0;0;0;0;0;0;1;1;1;1;0;0;0;0;0;0;0;0;0;0;0;0;0;0;0;0;0;0;0;0;0;0;0;0;0;0;0;0;0;0;0;0;0;0;0;1;1;1;1;1;1;1;1;1;1;1;1;1;1;1;1;1;1;1;0;0;0;0;0;0;0;0;0;0.0004;0.088;-0.0884;0;0;0;0;0;0;0;0;0;0;0;0;0;0;0;0;0;0;0;-17.2;0;0;0;0;0.0004;0;0;0;0;0;0;0;-0.0004;-0.0884;0;0;0;0;0;0;0;0;0;-0.7452;0;0.7452;1;1;0;0;0;0
08/01/21 00:00;0;0;90;0;0;90;0;0;0;0;16.07;5.1701;0;0;0;0;0;0;0;0;0;0;0;0;0;1;1;1;1;0;0;0;0;0;0;0;0;0;0;0;0;0;0;0;0;0;0;0;0;0;0;0;0;0;0;0;0;0;0;0;0;0;0;0;1;1;1;1;1;1;1;1;1;1;1;1;1;1;1;1;1;1;1;0;0;0;0;0;0;0;0;0;0.0004;0.088;-0.0884;0;0;0;0;0;0;0;0;0;0;0;0;0;0;0;0;0;0;0;-16.07;0;0;0;0;0.0004;0;0;0;0;0;0;0;-0.0004;-0.0884;0;0;0;0;0;0;0;0;0;-0.7452;0;0.7452;1;1;0;0;0;0
08/01/21 01:00;0;0;90;0;0;90;0;0;0;0;15.4;4.6101;0;0;0;0;0;0;0;0;0;0;0;0;0;1;1;1;1;0;0;0;0;0;0;0;0;0;0;0;0;0;0;0;0;0;0;0;0;0;0;0;0;0;0;0;0;0;0;0;0;0;0;0;1;1;1;1;1;1;1;1;1;1;1;1;1;1;1;1;1;1;1;0;0;0;0;0;0;0;0;0;0.0004;0.088;-0.0884;0;0;0;0;0;0;0;0;0;0;0;0;0;0;0;0;0;0;0;-15.4;0;0;0;0;0.0004;0;0;0;0;0;0;0;-0.0004;-0.0884;0;0;0;0;0;0;0;0;0;-0.7452;0;0.7452;1;1;0;0;0;0
08/01/21 02:00;0;0;90;0;0;90;0;0;0;0;14.3;4.18;0;0;0;0;0;0;0;0;0;0;0;0;0;1;1;1;1;0;0;0;0;0;0;0;0;0;0;0;0;0;0;0;0;0;0;0;0;0;0;0;0;0;0;0;0;0;0;0;0;0;0;0;1;1;1;1;1;1;1;1;1;1;1;1;1;1;1;1;1;1;1;0;0;0;0;0;0;0;0;0;0.0004;0.088;-0.0884;0;0;0;0;0;0;0;0;0;0;0;0;0;0;0;0;0;0;0;-14.3;0;0;0;0;0.0004;0;0;0;0;0;0;0;-0.0004;-0.0884;0;0;0;0;0;0;0;0;0;-0.7452;0;0.7452;1;1;0;0;0;0
08/01/21 03:00;0;0;90;0;0;90;0;0;0;0;14.6;3.85;0;0;0;0;0;0;0;0;0;0;0;0;0;1;1;1;1;0;0;0;0;0;0;0;0;0;0;0;0;0;0;0;0;0;0;0;0;0;0;0;0;0;0;0;0;0;0;0;0;0;0;0;1;1;1;1;1;1;1;1;1;1;1;1;1;1;1;1;1;1;1;0;0;0;0;0;0;0;0;0;0.0004;0.088;-0.0884;0;0;0;0;0;0;0;0;0;0;0;0;0;0;0;0;0;0;0;-14.6;0;0;0;0;0.0004;0;0;0;0;0;0;0;-0.0004;-0.0884;0;0;0;0;0;0;0;0;0;-0.7452;0;0.7452;1;1;0;0;0;0
08/01/21 04:00;0.2847;-117.25;89.309;0.3203;0.4565;-90;-0.4565;0;0;0;14.54;3.72;0;0;0;0;0;0;0;0;0;0;0;0;0;1;1;1;1;0;0;0;0;0;0;0;0;0;0;0;0;0;0;0;0;0;0;0;0;0;0;0;0;0;0;0;0;0;0;0;0;0;0;0;1;1;1;1;1;1;1;1;1;1;1;1;1;1;1;1;1;1;1;0;0;0;0;0;0;0;0;0;0.0004;0.088;-0.0884;0;0;0;0;0;0;0;0;0;0;0;0;0;0;0;0;0;0;0;-14.54;0;0;0;0;0.0004;0;0;0;0;0;0;0;-0.0004;-0.0884;0;0;0;0;0;0;0;0;0;-0.7452;0;0.7452;1;1;0;0;0;0
08/01/21 05:00;6.0245;-112.93;75.254;6.5373;9.4913;-90;-9.4913;73.802;23.801;50.001;15.99;5.14;0;121.27;15.661;19.48;0;0.1031;156.51;0;156.51;121.27;19.48;15.661;0.1031;0.7748;0.1007;0;0.0007;156.32;0.189;0;0;0.1034;0.0856;128.44;27.408;23.061;3.7045;0.6388;0.0039;155.85;0.469;0.3638;0.0584;0.0467;0.0001;128.45;97.842;15.717;14.872;0.0135;9.6604;7.6897;3.0601;0.0037;0.1135;1.6332;0.0036;1.743;0;1;0;0;2.1207;0.9988;1;1;0.9934;0.1695;0.8241;0.8093;1;0.9588;0.7756;0.997;0.997;1;0.997;0.997;0.8207;0.9496;0.131;0.4454;0.3708;0.0022;0.0171;-0.0036;0.0025;0.0088;0.0003;0;0;0.088;0.2403;0;0;0;0;0;0;0;0;0;0;0;0;0.0071;0.0005;0.3359;0.3359;0;22.294;22.294;6.3037;0.0491;317.04;1059.5;1;0.0076;0.0076;0;0;0;0;0;0;0.3283;0.2403;0;14.182;16.422;10.145;11.748;97.734;97.734;3.7563;2.8327;2.0264;0.9236;0.8063;0.2459;0.2147;0.5395;9.3761;0.5353;0
08/01/21 06:00;17.616;-105.11;42.778;18.206;31.06;-90;-31.06;280.3;48.998;231.3;17.79;5.7;0;560.98;20.86;64.337;0;4.0991;650.27;0;650.27;560.98;64.337;20.86;4.0991;0.8627;0.0384;0;0.0063;645.7;4.5692;0;0;0.975;3.5942;637.73;6.0342;4.7593;0.5458;0.6444;0.0847;643.77;1.9371;1.6829;0.193;0.0597;0.0015;637.87;554.53;63.598;19.181;0.4187;15.114;12.031;4.4861;0.3572;0.2201;3.1656;0.1395;3.0285;0;1;0;0;2.3199;0.993;1;1;0.9533;0.1232;0.9906;0.9915;1;0.9675;0.8318;0.997;0.997;1;0.997;0.997;0.9807;0.9195;0.1021;1.8506;1.8314;0.011;0.0012;0.158;0.0116;0.0412;0.0005;0;0;0.088;1.454;0;0;0;0;0;0;0;0;0;0;0;0;0.0332;0.0081;1.5664;1.5664;0;49.453;49.453;31.663;0.0496;1578.1;992.57;1;0.0244;0.0244;0;0;0;0;0;0;1.542;1.454;0;15.917;18.432;14.775;17.109;98.442;98.442;15.607;13.21;12.262;2.397;0.9479;0.1536;0.0607;0.7857;13.851;0.7828;0
08/01/21 07:00;29.637;-97.5;6.516;29.849;60;-90;-60;507.7;83.602;424.1;19.48;4.96;0;852.1;24.608;102.05;0;25.893;1004.6;0;1004.6;852.1;102.05;24.608;25.893;0.8482;0.0503;0;0.0258;977.46;27.184;0;0;3.083;24.101;973.44;1.0894;0.1912;0.0229;0.7593;0.116;974.53;2.9324;2.5563;0.3061;0.0646;0.0054;977.15;849.35;101.72;20.702;1.6709;104.83;83.448;35.939;4.1206;1.3198;18.984;3.7056;16.183;0;1;0;0;1.9788;0.9729;1;1;0.8747;0.0692;0.9989;0.9998;1;0.9646;0.9351;0.997;0.997;1;0.997;0.997;0.9689;0.8412;0.0645;2.8591;2.8337;0.0171;-0.0003;0.436;0.0167;0.0591;0.003;0;0;0.088;2.1118;0;0;0;0;0;0;0;0;0;0;0;0;0.0476;0.0185;2.236;2.236;0;68.548;68.548;49.068;0.0504;2444.4;914.78;1;0.0362;0.0362;0;0;0;0;0;0;2.1998;2.1118;0;14.707;17.031;13.89;16.085;98.38;98.38;24.112;18.857;17.809;5.2548;1.0476;0.2179;0.0434;0.7386;21.43;0.7283;0
08/01/21 08:00;41.871;-89.366;0.4722;41.873;48.127;-90;-48.127;726.3;119.8;606.49;20.9;3.8901;0;908.63;35.591;115.53;0;24.634;1084.4;0;1084.4;908.63;115.53;35.591;24.634;0.8379;0.0555;0;0.0227;1058.3;26.081;0;0;3.2386;22.842;1054;1.1638;0.0148;0.0019;1.0625;0.0847;1055.1;3.1749;2.7259;0.3466;0.0971;0.0054;1059.8;905.89;115.18;31.193;1.7017;290.67;231.38;93.41;2.7476;3.5008;50.358;5.86;51.111;0;1;0;0;1.493;0.9759;1;1;0.909;0.0727;0.9989;1;1;0.9671;0.9526;0.997;0.997;1;0.997;0.997;0.9719;0.8764;0.0691;3.0861;3.1331;0.0189;0.0037;0.5459;0.018;0.0637;0.0078;0;0;0.088;2.274;0;0;0;0;0;0;0;0;0;0;0;0;0.0513;0.0224;2.4015;2.4015;0;74.283;74.283;53.383;0.0506;2701.7;888.9;1;0.0395;0.0395;0;0;0;0;0;0;2.362;2.274;0;14.634;16.946;13.857;16.046;98.354;98.354;26.025;20.252;19.177;5.7729;1.0755;0.2218;0.0413;0.7369;27.282;0.7121;0
08/01/21 09:00;54.069;-79.361;6.2197;54.54;35.46;-90;-35.46;901.5;148.8;752.7;22.3;3.0299;0;924.11;46.103;120.29;0;17.055;1107.6;0;1107.6;924.11;120.29;46.103;17.055;0.8344;0.057;0;0.0154;1089.6;17.923;0;0;2.6557;15.268;1084.5;1.862;0.1979;0.0258;1.3992;0.2391;1086.4;3.2689;2.7723;0.3609;0.1303;0.0054;1089.2;921.14;119.91;41.918;1.5432;453.8;361.23;152.59;1.2464;4.8284;69.454;4.7268;73.036;0;1;0;0;1.2286;0.9838;1;1;0.9424;0.1048;0.9983;0.9998;1;0.9677;0.8659;0.997;0.997;1;0.997;0.997;0.9792;0.9092;0.0905;3.152;3.2555;0.0196;0.0059;0.6032;0.0184;0.0652;0.0106;0;0;0.088;2.3274;0;0;0;0;0;0;0;0;0;0;0;0;0.0525;0.0241;2.4559;2.4559;0;77.372;77.372;55.071;0.0508;2806.7;875;1;0.0404;0.0404;0;0;0;0;0;0;2.4154;2.3274;0;14.652;16.967;13.886;16.08;98.353;98.353;26.581;20.711;19.628;5.8707;1.0832;0.2209;0.0408;0.7384;31.636;0.7053;0
08/01/21 10:00;65.729;-64.026;10.371;67.934;22.066;-90;-22.066;1027.9;169.6;858.29;23.68;2.51;0;926.13;54.417;122.05;0;7.6796;1110.3;0;1110.3;926.13;122.05;54.417;7.6796;0.8341;0.0559;0;0.0069;1102.3;7.9327;0;0;1.4718;6.4609;1096.6;2.4269;0.3308;0.0436;1.7933;0.2593;1099;3.307;2.7784;0.3662;0.1588;0.0037;1098.5;923.02;121.64;50.993;0.9557;575.5;458.1;189.64;0.2802;6.2905;90.486;1.9279;96.497;0;1;0;0;1.0802;0.9929;1;1;0.973;0.1587;0.9978;0.9996;1;0.966;0.7866;0.997;0.997;1;0.997;0.997;0.9877;0.9371;0.1245;3.1598;3.3242;0.02;0.0074;0.641;0.0186;0.0659;0.0137;0;0;0.088;2.3505;0;0;0;0;0;0;0;0;0;0;0;0;0.0531;0.025;2.4795;2.4795;0;79.463;79.463;55.783;0.0509;2828.3;875;1;0.041;0.041;0;0;0;0;0;0;2.4385;2.3505;0;14.757;17.088;13.989;16.199;98.347;98.347;26.647;20.91;19.822;5.7368;1.0878;0.2153;0.0408;0.7439;34.166;0.7011;0
08/01/21 11:00;75.054;-32.129;12.616;81.92;8.0801;-90;-8.0801;1093.7;180.5;913.2;24.86;2.19;0;922.36;59.352;122.06;0;1.1075;1104.9;0;1104.9;922.36;122.06;59.352;1.1075;0.8348;0.0547;0;0.001;1103.7;1.2206;0;0;0.3003;0.9204;1097.4;2.9689;0.4007;0.053;2.4734;0.0418;1100.4;3.311;2.7671;0.3662;0.1772;0.0006;1097.6;919.19;121.64;56.401;0.1447;640.95;510.2;212.46;0.0076;6.9044;99.317;0.1819;106.21;0;1;0;0;1.0102;0.9989;1;1;0.9949;0.169;0.9973;0.9996;1;0.958;0.7758;0.997;0.997;1;0.997;0.997;0.9932;0.9503;0.1307;3.1444;3.3391;0.0201;0.0077;0.6594;0.0186;0.0658;0.015;0;0;0.088;2.3377;0;0;0;0;0;0;0;0;0;0;0;0;0.053;0.0252;2.4743;2.4664;0;80.741;80.741;55.881;0.0509;2818.7;875;1;0.0486;0.0407;0;0.008;0;0;0;0;2.4257;2.3377;0;14.751;17.081;13.981;16.19;98.034;98.35;26.517;20.799;19.714;5.718;1.0853;0.2156;0.0409;0.7434;35.426;0.6966;0
08/01/21 12:00;75.855;25.33;12.761;83.846;6.1539;90;6.1539;1102;181.8;920.21;25.71;1.89;0;925.54;59.416;122.92;0;0.6477;1108.5;0;1108.5;925.54;122.92;59.416;0.6477;0.8349;0.0542;0;0.0006;1107.8;0.7337;0;0;0.1941;0.5396;1101.4;3.0271;0.4067;0.054;2.5422;0.0241;1104.5;3.3234;2.7766;0.3688;0.1777;0.0003;1101.5;922.36;122.5;56.502;0.0837;647.57;515.47;211.28;0.0022;7.1951;103.5;0.0858;110.69;0;1;0;0;1.0059;0.9993;1;1;0.9967;0.1669;0.9973;0.9996;1;0.9569;0.776;0.997;0.997;1;0.997;0.997;0.9936;0.951;0.1292;3.1548;3.3588;0.0202;0.0081;0.6768;0.0186;0.0659;0.0155;0;0;0.088;2.3355;0;0;0;0;0;0;0;0;0;0;0;0;0.0531;0.0255;2.4752;2.4642;0;81.849;81.849;56.139;0.051;2816.2;875;1;0.0516;0.0406;0;0.011;0;0;0;0;2.4235;2.3355;0;14.689;17.01;13.922;16.122;97.915;98.351;26.605;20.781;19.696;5.8238;1.0848;0.2189;0.0408;0.7403;35.343;0.692;0
08/01/21 13:00;67.206;61.093;10.794;69.803;20.197;90;20.197;1039.1;171.5;867.6;26.91;1.63;0;924.45;55.412;121.82;0;6.5172;1108.2;0;1108.2;924.45;121.82;55.412;6.5172;0.8342;0.0559;0;0.0059;1101.4;6.7686;0;0;1.3043;5.4643;1095.6;2.4804;0.3436;0.0453;1.8596;0.2319;1098.1;3.3043;2.7733;0.3655;0.1623;0.0032;1097.2;921.33;121.41;52.086;0.8179;587.11;467.34;194.18;0.2065;6.3655;91.565;1.5941;97.724;0;1;0;0;1.0665;0.9939;1;1;0.9765;0.1616;0.9977;0.9996;1;0.9655;0.7791;0.997;0.997;1;0.997;0.997;0.9887;0.94;0.1255;3.1538;3.3227;0.02;0.0073;0.6813;0.0183;0.0649;0.0137;0;0;0.088;2.2991;0;0;0;0;0;0;0;0;0;0;0;0;0.0523;0.025;2.4399;2.4268;0;82.796;82.796;55.887;0.051;2773.5;875;1;0.0529;0.0398;0;0.0131;0;0;0;0;2.3871;2.2991;0;14.471;16.757;13.709;15.875;97.834;98.361;26.597;20.466;19.388;6.1308;1.0775;0.2305;0.0405;0.729;34.46;0.6865;0
08/01/21 14:00;55.701;77.719;6.8843;56.315;33.685;90;33.685;914.49;159.3;755.19;26.73;1.41;0;907.57;51.43;123.97;0;15.661;1098.6;0;1098.6;907.57;123.97;51.43;15.661;0.8261;0.0611;0;0.0143;1081.9;16.715;0;0;2.7415;13.973;1076.6;2.07;0.2152;0.0294;1.5697;0.2557;1078.7;3.2458;2.7227;0.3719;0.1461;0.0051;1081;904.63;123.57;46.973;1.4272;469.92;374.05;157.83;1.1654;5.0032;71.969;4.3496;75.807;0;1;0;0;1.2014;0.9848;1;1;0.9467;0.1078;0.9981;0.9998;1;0.9677;0.848;0.997;0.997;1;0.997;0.997;0.9799;0.9133;0.0911;3.1266;3.2368;0.0195;0.0056;0.6499;0.0179;0.0636;0.0108;0;0;0.088;2.2586;0;0;0;0;0;0;0;0;0;0;0;0;0.0512;0.0238;2.3945;2.3854;0;81.589;81.589;54.859;0.051;2726.2;875;1;0.0479;0.0388;0;0.0091;0;0;0;0;2.3466;2.2586;0;14.348;16.614;13.585;15.731;97.999;98.373;26.367;20.117;19.047;6.2506;1.0694;0.2371;0.0406;0.7224;34.812;0.6886;0
08/01/21 15:00;43.535;88.161;1.3327;43.55;46.45;90;46.45;736.3;155.1;581.2;27.76;1.38;0;843.56;52.69;134.55;0;23.358;1054.2;0;1054.2;843.56;134.55;52.69;23.358;0.8002;0.0721;0;0.0222;1027.9;26.288;0;0;4.5686;21.719;1023.1;1.7059;0.0387;0.0062;1.5712;0.0899;1024.8;3.0836;2.5307;0.4037;0.1444;0.0049;1028.9;840.99;134.14;46.406;1.5436;312.33;248.61;101.67;3.5956;3.7186;53.49;5.8131;53.613;0;1;0;0;1.4317;0.9751;1;1;0.9133;0.0701;0.9983;1;1;0.9673;0.945;0.997;0.997;1;0.997;0.997;0.9705;0.8807;0.0661;3;3.0509;0.0184;0.0024;0.5938;0.0171;0.0605;0.0081;0;0;0.088;2.1563;0;0;0;0;0;0;0;0;0;0;0;0;0.0487;0.0213;2.2807;2.2807;0;79.812;79.812;52.052;0.0509;2601.9;875;1;0.0364;0.0364;0;0;0;0;0;0;2.2443;2.1563;0;14.297;16.555;13.517;15.652;98.405;98.405;25.3;19.234;18.185;6.0662;1.0489;0.2398;0.0415;0.7188;39.745;0.6925;0
08/01/21 16:00;31.289;96.448;5.5068;31.451;58.549;90;58.549;528.7;153.5;375.2;27.57;1.94;0;719.11;57.024;150.56;0;25.79;952.48;0;952.48;719.11;150.56;57.024;25.79;0.755;0.0869;0;0.0271;921.41;31.065;0;0;6.9189;24.146;916.64;2.0094;0.1364;0.0286;1.747;0.0975;918.65;2.7642;2.1573;0.4517;0.1503;0.0049;921.6;716.81;150.08;48.208;1.5418;145.74;116.01;48.711;8.742;2.1121;30.382;4.9606;23.752;0;1;0;0;1.8015;0.9674;1;1;0.8787;0.0638;0.9978;0.9998;1;0.965;0.9405;0.997;0.997;1;0.997;0.997;0.9624;0.8454;0.0598;2.7107;2.6976;0.0162;-0.0013;0.4691;0.0155;0.055;0.0047;0;0;0.088;1.9572;0;0;0;0;0;0;0;0;0;0;0;0;0.0443;0.0168;2.0773;2.0773;0;73.981;73.981;46.411;0.0506;2327.5;892.5;1;0.0321;0.0321;0;0;0;0;0;0;2.0452;1.9572;0;14.411;16.688;13.578;15.723;98.455;98.455;22.859;17.518;16.505;5.3417;1.0127;0.2337;0.0443;0.722;48.81;0.7052;0
08/01/21 17:00;19.227;104.08;36.996;19.777;35.369;90;35.369;299.9;149;150.9;26.5;3;0;365.97;91.347;117.29;0;5.6456;580.26;0;580.26;365.97;117.29;91.347;5.6456;0.6307;0.1672;0;0.0097;569.92;10.334;0;0;5.2575;5.0769;562.89;5.3207;1.871;0.5997;2.7718;0.0782;568.21;1.7098;1.0979;0.3519;0.2583;0.0017;563.53;363;116.34;83.059;0.4888;63.615;50.638;21.538;2.441;0.8146;11.718;0.6398;10.091;0;1;0;0;1.9349;0.9822;1;1;0.9424;0.1007;0.9906;0.9949;1;0.9677;0.8621;0.997;0.997;1;0.997;0.997;0.9701;0.9093;0.0866;1.6514;1.6358;0.0099;0.0034;0.1719;0.0102;0.036;0.002;0;0;0.088;1.2586;0;0;0;0;0;0;0;0;0;0;0;0;0.029;0.0066;1.3669;1.3669;0;54.579;54.579;28.079;0.0499;1409.8;969.55;1;0.0203;0.0203;0;0;0;0;0;0;1.3466;1.2586;0;15.566;18.025;14.332;16.597;98.512;98.512;13.926;11.527;10.614;2.3989;0.9136;0.1723;0.0656;0.7621;62.639;0.7508;0
08/01/21 18:00;7.5635;111.84;71.384;8.1408;11.945;90;11.945;85.698;77.302;8.3958;24.74;4.43;0;20.362;73.01;8.4711;0;0.1893;102.03;0;102.03;20.362;8.4711;73.01;0.1893;0.1996;0.7174;0;0.0019;101.16;0.8689;0;0;0.7114;0.1575;94.394;6.4667;2.543;1.0579;2.8587;0.0071;100.86;0.3035;0.0611;0.0254;0.2169;0.0001;94.426;17.758;7.3878;69.223;0.0245;44.051;35.065;13.737;0.0414;0.5334;7.6727;0.0317;8.1647;0;1;0;0;1.1906;0.9915;1;1;0.9903;0.1678;0.9359;0.8747;1;0.9603;0.7747;0.997;0.997;1;0.997;0.997;0.9251;0.9481;0.1296;0.2904;0.2855;0.0017;0.0163;0.0046;0.0018;0.0065;0.0013;0;0;0.088;0.1532;0;0;0;0;0;0;0;0;0;0;0;0;0.0053;0.0003;0.2475;0.2475;0;29.415;29.415;4.675;0.0495;243.35;1017.2;1;0.0064;0.0064;0;0;0;0;0;0;0.2412;0.1532;0;16.031;18.564;9.9199;11.487;97.428;97.428;2.4488;2.0875;1.2917;0.3613;0.7958;0.1475;0.325;0.5275;43.993;0.4994;0
08/01/21 19:00;1.0394;116.66;87.478;1.1631;1.6586;90;1.6586;0;0;0;21.8;6.03;0;0;0;0;0;0;0;0;0;0;0;0;0;1;1;1;1;0;0;0;0;0;0;0;0;0;0;0;0;0;0;0;0;0;0;0;0;0;0;0;0;0;0;0;0;0;0;0;0;0;0;0;1;1;1;1;1;1;1;1;1;1;1;1;1;1;1;1;1;1;1;0;0;0;0;0;0;0;0;0;0.0004;0.088;-0.0884;0;0;0;0;0;0;0;0;0;0;0;0;0;0;0;0;0;0;0;-21.8;0;0;0;0;0.0004;0;0;0;0;0;0;0;-0.0004;-0.0884;0;0;0;0;0;0;0;0;0;-0.7452;0;0.7452;1;1;0;0;0;0
08/01/21 20:00;0;0;90;0;0;90;0;0;0;0;20.2;6.2101;0;0;0;0;0;0;0;0;0;0;0;0;0;1;1;1;1;0;0;0;0;0;0;0;0;0;0;0;0;0;0;0;0;0;0;0;0;0;0;0;0;0;0;0;0;0;0;0;0;0;0;0;1;1;1;1;1;1;1;1;1;1;1;1;1;1;1;1;1;1;1;0;0;0;0;0;0;0;0;0;0.0004;0.088;-0.0884;0;0;0;0;0;0;0;0;0;0;0;0;0;0;0;0;0;0;0;-20.2;0;0;0;0;0.0004;0;0;0;0;0;0;0;-0.0004;-0.0884;0;0;0;0;0;0;0;0;0;-0.7452;0;0.7452;1;1;0;0;0;0
08/01/21 21:00;0;0;90;0;0;90;0;0;0;0;18.95;5.85;0;0;0;0;0;0;0;0;0;0;0;0;0;1;1;1;1;0;0;0;0;0;0;0;0;0;0;0;0;0;0;0;0;0;0;0;0;0;0;0;0;0;0;0;0;0;0;0;0;0;0;0;1;1;1;1;1;1;1;1;1;1;1;1;1;1;1;1;1;1;1;0;0;0;0;0;0;0;0;0;0.0004;0.088;-0.0884;0;0;0;0;0;0;0;0;0;0;0;0;0;0;0;0;0;0;0;-18.95;0;0;0;0;0.0004;0;0;0;0;0;0;0;-0.0004;-0.0884;0;0;0;0;0;0;0;0;0;-0.7452;0;0.7452;1;1;0;0;0;0
08/01/21 22:00;0;0;90;0;0;90;0;0;0;0;18.6;5.5701;0;0;0;0;0;0;0;0;0;0;0;0;0;1;1;1;1;0;0;0;0;0;0;0;0;0;0;0;0;0;0;0;0;0;0;0;0;0;0;0;0;0;0;0;0;0;0;0;0;0;0;0;1;1;1;1;1;1;1;1;1;1;1;1;1;1;1;1;1;1;1;0;0;0;0;0;0;0;0;0;0.0004;0.088;-0.0884;0;0;0;0;0;0;0;0;0;0;0;0;0;0;0;0;0;0;0;-18.6;0;0;0;0;0.0004;0;0;0;0;0;0;0;-0.0004;-0.0884;0;0;0;0;0;0;0;0;0;-0.7452;0;0.7452;1;1;0;0;0;0
08/01/21 23:00;0;0;90;0;0;90;0;0;0;0;18.14;5.04;0;0;0;0;0;0;0;0;0;0;0;0;0;1;1;1;1;0;0;0;0;0;0;0;0;0;0;0;0;0;0;0;0;0;0;0;0;0;0;0;0;0;0;0;0;0;0;0;0;0;0;0;1;1;1;1;1;1;1;1;1;1;1;1;1;1;1;1;1;1;1;0;0;0;0;0;0;0;0;0;0.0004;0.088;-0.0884;0;0;0;0;0;0;0;0;0;0;0;0;0;0;0;0;0;0;0;-18.14;0;0;0;0;0.0004;0;0;0;0;0;0;0;-0.0004;-0.0884;0;0;0;0;0;0;0;0;0;-0.7452;0;0.7452;1;1;0;0;0;0
09/01/21 00:00;0;0;90;0;0;90;0;0;0;0;17.06;4.49;0;0;0;0;0;0;0;0;0;0;0;0;0;1;1;1;1;0;0;0;0;0;0;0;0;0;0;0;0;0;0;0;0;0;0;0;0;0;0;0;0;0;0;0;0;0;0;0;0;0;0;0;1;1;1;1;1;1;1;1;1;1;1;1;1;1;1;1;1;1;1;0;0;0;0;0;0;0;0;0;0.0004;0.088;-0.0884;0;0;0;0;0;0;0;0;0;0;0;0;0;0;0;0;0;0;0;-17.06;0;0;0;0;0.0004;0;0;0;0;0;0;0;-0.0004;-0.0884;0;0;0;0;0;0;0;0;0;-0.7452;0;0.7452;1;1;0;0;0;0
09/01/21 01:00;0;0;90;0;0;90;0;0;0;0;16.2;4.03;0;0;0;0;0;0;0;0;0;0;0;0;0;1;1;1;1;0;0;0;0;0;0;0;0;0;0;0;0;0;0;0;0;0;0;0;0;0;0;0;0;0;0;0;0;0;0;0;0;0;0;0;1;1;1;1;1;1;1;1;1;1;1;1;1;1;1;1;1;1;1;0;0;0;0;0;0;0;0;0;0.0004;0.088;-0.0884;0;0;0;0;0;0;0;0;0;0;0;0;0;0;0;0;0;0;0;-16.2;0;0;0;0;0.0004;0;0;0;0;0;0;0;-0.0004;-0.0884;0;0;0;0;0;0;0;0;0;-0.7452;0;0.7452;1;1;0;0;0;0
09/01/21 02:00;0;0;90;0;0;90;0;0;0;0;15.2;3.6501;0;0;0;0;0;0;0;0;0;0;0;0;0;1;1;1;1;0;0;0;0;0;0;0;0;0;0;0;0;0;0;0;0;0;0;0;0;0;0;0;0;0;0;0;0;0;0;0;0;0;0;0;1;1;1;1;1;1;1;1;1;1;1;1;1;1;1;1;1;1;1;0;0;0;0;0;0;0;0;0;0.0004;0.088;-0.0884;0;0;0;0;0;0;0;0;0;0;0;0;0;0;0;0;0;0;0;-15.2;0;0;0;0;0.0004;0;0;0;0;0;0;0;-0.0004;-0.0884;0;0;0;0;0;0;0;0;0;-0.7452;0;0.7452;1;1;0;0;0;0
09/01/21 03:00;0;0;90;0;0;90;0;0;0;0;14.8;3.4;0;0;0;0;0;0;0;0;0;0;0;0;0;1;1;1;1;0;0;0;0;0;0;0;0;0;0;0;0;0;0;0;0;0;0;0;0;0;0;0;0;0;0;0;0;0;0;0;0;0;0;0;1;1;1;1;1;1;1;1;1;1;1;1;1;1;1;1;1;1;1;0;0;0;0;0;0;0;0;0;0.0004;0.088;-0.0884;0;0;0;0;0;0;0;0;0;0;0;0;0;0;0;0;0;0;0;-14.8;0;0;0;0;0.0004;0;0;0;0;0;0;0;-0.0004;-0.0884;0;0;0;0;0;0;0;0;0;-0.7452;0;0.7452;1;1;0;0;0;0
09/01/21 04:00;0.1214;-117.2;89.706;0.1365;0.1945;-90;-0.1945;0;0;0;14.35;3.86;0;0;0;0;0;0;0;0;0;0;0;0;0;1;1;1;1;0;0;0;0;0;0;0;0;0;0;0;0;0;0;0;0;0;0;0;0;0;0;0;0;0;0;0;0;0;0;0;0;0;0;0;1;1;1;1;1;1;1;1;1;1;1;1;1;1;1;1;1;1;1;0;0;0;0;0;0;0;0;0;0.0004;0.088;-0.0884;0;0;0;0;0;0;0;0;0;0;0;0;0;0;0;0;0;0;0;-14.35;0;0;0;0;0.0004;0;0;0;0;0;0;0;-0.0004;-0.0884;0;0;0;0;0;0;0;0;0;-0.7452;0;0.7452;1;1;0;0;0;0
09/01/21 05:00;5.8637;-112.88;75.654;6.3603;9.2251;-90;-9.2251;73.704;24.399;49.305;15.2;4.89;0;119.58;15.953;20.232;0;0.0972;155.86;0;155.86;119.58;20.232;15.953;0.0972;0.7672;0.103;0;0.0006;155.68;0.1813;0;0;0.1005;0.0808;126.81;28.405;23.732;4.0153;0.6534;0.0037;155.21;0.467;0.3587;0.0607;0.0476;0;126.81;95.487;16.156;15.152;0.0127;9.8281;7.8231;3.1111;0.0034;0.1156;1.6631;0.0034;1.7753;0;1;0;0;2.1147;0.9988;1;1;0.9937;0.1694;0.817;0.8009;1;0.9587;0.7756;0.997;0.997;1;0.997;0.997;0.8136;0.9498;0.131;0.4436;0.3661;0.0022;0.0171;-0.0048;0.0025;0.0087;0.0003;0;0;0.088;0.237;0;0;0;0;0;0;0;0;0;0;0;0;0.007;0.0005;0.3326;0.3326;0;21.419;21.419;6.2196;0.049;313.03;1062.6;1;0.0076;0.0076;0;0;0;0;0;0;0.325;0.237;0;14.102;16.33;10.049;11.636;97.713;97.713;3.7406;2.805;1.9988;0.9356;0.8063;0.2501;0.2155;0.5343;9.5456;0.5301;0
09/01/21 06:00;17.46;-105.04;43.307;18.04;30.642;-90;-30.642;278.9;48.1;230.8;18.3;5.37;0;559.74;20.361;63.57;0;3.972;647.65;0;647.65;559.74;63.57;20.361;3.972;0.8643;0.0376;0;0.0061;643.24;4.4072;0;0;0.9314;3.4758;635.11;6.1953;4.9214;0.5589;0.6303;0.0846;641.31;1.9297;1.6792;0.1907;0.0583;0.0015;635.21;553.14;62.82;18.741;0.4101;14.739;11.732;5.0674;0.3327;0.1686;2.4249;0.0985;2.2607;0;1;0;0;2.3222;0.9932;1;1;0.9543;0.1249;0.9903;0.9912;1;0.9675;0.829;0.997;0.997;1;0.997;0.997;0.9806;0.9204;0.1033;1.8431;1.8223;0.011;0.0013;0.1598;0.0116;0.041;0.0004;0;0;0.088;1.444;0;0;0;0;0;0;0;0;0;0;0;0;0.033;0.008;1.5562;1.5562;0;49.844;49.844;31.543;0.0497;1570.5;990.93;1;0.0242;0.0242;0;0;0;0;0;0;1.532;1.444;0;15.878;18.387;14.734;17.061;98.446;98.446;15.544;13.124;12.178;2.4197;0.946;0.1557;0.0609;0.7835;13.48;0.7813;0
09/01/21 07:00;29.484;-97.411;6.4538;29.69;60;-90;-60;505.3;83.203;422.1;20.74;4.44;0;852.17;24.489;102.06;0;25.77;1004.5;0;1004.5;852.17;102.06;24.489;25.77;0.8484;0.05;0;0.0257;977.43;27.055;0;0;3.0681;23.987;973.42;1.0831;0.1894;0.0227;0.7556;0.1154;974.5;2.9323;2.5565;0.3062;0.0643;0.0054;977.11;849.43;101.73;20.601;1.663;102.45;81.552;34.832;4.1006;1.3135;18.894;3.688;16.107;0;1;0;0;1.9879;0.9731;1;1;0.8747;0.0692;0.9989;0.9998;1;0.9646;0.9351;0.997;0.997;1;0.997;0.997;0.9691;0.8412;0.0645;2.8587;2.8334;0.0171;-0.0003;0.4494;0.0166;0.0588;0.003;0;0;0.088;2.0992;0;0;0;0;0;0;0;0;0;0;0;0;0.0473;0.0185;2.223;2.223;0;69.86;69.86;49.12;0.0505;2444.7;909.33;1;0.0358;0.0358;0;0;0;0;0;0;2.1872;2.0992;0;14.624;16.934;13.81;15.991;98.39;98.39;24.108;18.747;17.703;5.3608;1.044;0.2224;0.0433;0.7343;21.326;0.7241;0
09/01/21 08:00;41.72;-89.258;0.5536;41.722;48.278;-90;-48.278;720.01;118.8;601.21;22.33;3.24;0;903.37;35.614;114.24;0;24.565;1077.8;0;1077.8;903.37;114.24;35.614;24.565;0.8382;0.0558;0;0.0228;1051.8;26.038;0;0;3.2555;22.782;1047.4;1.1661;0.0172;0.0022;1.0633;0.0834;1048.6;3.1553;2.7101;0.3427;0.0971;0.0053;1053.3;900.64;113.9;31.198;1.6936;287.05;228.49;92.151;2.7793;3.4676;49.88;5.8414;50.568;0;1;0;0;1.4969;0.9758;1;1;0.9086;0.0726;0.9989;1;1;0.967;0.9531;0.997;0.997;1;0.997;0.997;0.9718;0.876;0.0689;3.0673;3.1134;0.0188;0.0033;0.5556;0.0177;0.0629;0.0077;0;0;0.088;2.2476;0;0;0;0;0;0;0;0;0;0;0;0;0.0507;0.0221;2.3744;2.3744;0;75.431;75.431;53.101;0.0507;2684.8;884.39;1;0.0388;0.0388;0;0;0;0;0;0;2.3356;2.2476;0;14.558;16.857;13.78;15.957;98.367;98.367;25.867;20.024;18.955;5.8431;1.0692;0.2259;0.0413;0.7328;27.34;0.7082;0
09/01/21 09:00;53.915;-79.232;6.3175;54.398;35.602;-90;-35.602;899.61;148.4;751.21;23.98;2.13;0;923.9;45.939;120.19;0;17.151;1107.2;0;1107.2;923.9;120.19;45.939;17.151;0.8345;0.057;0;0.0155;1089.2;18.026;0;0;2.6628;15.363;1084;1.8576;0.201;0.0261;1.3936;0.2369;1085.9;3.2675;2.7717;0.3606;0.1298;0.0054;1088.8;920.93;119.8;41.753;1.5456;452.1;359.87;152.03;1.2591;4.8107;69.2;4.7561;72.751;0;1;0;0;1.2307;0.9837;1;1;0.942;0.1042;0.9983;0.9998;1;0.9677;0.8671;0.997;0.997;1;0.997;0.997;0.9791;0.9089;0.0901;3.1509;3.2537;0.0196;0.0059;0.6235;0.0182;0.0647;0.0105;0;0;0.088;2.3072;0;0;0;0;0;0;0;0;0;0;0;0;0.0521;0.024;2.4351;2.4351;0;79.106;79.106;55.126;0.0509;2779.2;875;1;0.04;0.04;0;0;0;0;0;0;2.3952;2.3072;0;14.534;16.829;13.77;15.945;98.359;98.359;26.572;20.536;19.457;6.0366;1.0791;0.2272;0.0406;0.7322;31.559;0.6995;0
09/01/21 10:00;65.566;-63.895;10.487;67.806;22.194;-90;-22.194;1028.7;169.7;858.99;25.06;1.22;0;927.73;54.187;122.5;0;7.7743;1112.2;0;1112.2;927.73;122.5;54.187;7.7743;0.8341;0.0557;0;0.007;1104.2;8.0234;0;0;1.4793;6.5441;1098.4;2.424;0.335;0.0442;1.7836;0.2612;1100.9;3.3125;2.7832;0.3675;0.1581;0.0037;1100.4;924.61;122.09;50.766;0.9654;575.55;458.14;189.7;0.285;6.2886;90.459;1.9545;96.463;0;1;0;0;1.0812;0.9928;1;1;0.9727;0.1582;0.9978;0.9996;1;0.9661;0.7871;0.997;0.997;1;0.997;0.997;0.9876;0.9369;0.1242;3.1652;3.3295;0.0201;0.0075;0.6608;0.0185;0.0656;0.0136;0;0;0.088;2.3287;0;0;0;0;0;0;0;0;0;0;0;0;0.0528;0.0251;2.4656;2.4572;0;81.007;81.007;55.947;0.0509;2808.2;875;1;0.0489;0.0405;0;0.0084;0;0;0;0;2.4167;2.3287;0;14.599;16.905;13.836;16.021;98.017;98.353;26.693;20.722;19.638;5.9711;1.0835;0.2237;0.0406;0.7357;34.045;0.6935;0
09/01/21 11:00;74.883;-32.199;12.749;81.809;8.1909;-90;-8.1909;1098;181.2;916.8;26.49;0.76;0;926.25;58.991;123.16;0;1.1425;1109.5;0;1109.5;926.25;123.16;58.991;1.1425;0.8348;0.0542;0;0.001;1108.3;1.2546;0;0;0.3052;0.9494;1102;2.9582;0.4067;0.0541;2.4543;0.0432;1105;3.3249;2.7788;0.3695;0.1761;0.0006;1102.2;923.07;122.74;56.056;0.1494;643.35;512.11;213.27;0.008;6.9293;99.675;0.1893;106.6;0;1;0;0;1.0105;0.9989;1;1;0.9948;0.169;0.9973;0.9996;1;0.9581;0.7758;0.997;0.997;1;0.997;0.997;0.9932;0.9502;0.1307;3.1577;3.3531;0.0202;0.008;0.6861;0.0185;0.0655;0.0149;0;0;0.088;2.3203;0;0;0;0;0;0;0;0;0;0;0;0;0.0528;0.0254;2.4618;2.4486;0;82.697;82.697;56.207;0.051;2798.4;875;1;0.0534;0.0403;0;0.0132;0;0;0;0;2.4083;2.3203;0;14.583;16.886;13.819;16.002;97.829;98.355;26.629;20.649;19.567;5.9799;1.0818;0.2246;0.0406;0.7348;35.219;0.6885;0
09/01/21 12:00;75.759;24.75;12.909;83.935;6.0653;90;6.0653;1099.6;181.4;918.2;27.54;1;0;923.37;59.494;122.42;0;0.6279;1105.9;0;1105.9;923.37;122.42;59.494;0.6279;0.8349;0.0544;0;0.0006;1105.2;0.7129;0;0;0.1899;0.5231;1098.9;3.0368;0.4105;0.0544;2.5485;0.0234;1101.9;3.3156;2.7701;0.3673;0.1779;0.0003;1098.9;920.19;122;56.578;0.0811;646.23;514.4;214.64;0.002;6.9334;99.735;0.078;106.67;0;1;0;0;1.0057;0.9994;1;1;0.9968;0.1669;0.9972;0.9996;1;0.9569;0.7761;0.997;0.997;1;0.997;0.997;0.9936;0.951;0.1291;3.1474;3.3439;0.0201;0.0078;0.6957;0.0183;0.065;0.0148;0;0;0.088;2.3005;0;0;0;0;0;0;0;0;0;0;0;0;0.0524;0.0253;2.4443;2.4283;0;83.629;83.629;56.089;0.051;2775.2;875;1;0.0558;0.0398;0;0.016;0;0;0;0;2.3885;2.3005;0;14.509;16.802;13.746;15.917;97.716;98.361;26.542;20.478;19.401;6.0637;1.0778;0.2285;0.0406;0.7309;35.385;0.6847;0
09/01/21 13:00;67.19;60.653;10.953;69.867;20.133;90;20.133;1037.9;171.4;866.49;28.56;1.32;0;922.88;55.511;121.57;0;6.4685;1106.4;0;1106.4;922.88;121.57;55.511;6.4685;0.8341;0.056;0;0.0058;1099.7;6.7221;0;0;1.3;5.4221;1093.9;2.4888;0.3481;0.0459;1.8642;0.2306;1096.4;3.2991;2.7686;0.3647;0.1626;0.0031;1095.5;919.76;121.16;52.184;0.8126;586.6;466.94;193.99;0.2044;6.3612;91.504;1.5811;97.661;0;1;0;0;1.066;0.9939;1;1;0.9766;0.1618;0.9977;0.9996;1;0.9655;0.7789;0.997;0.997;1;0.997;0.997;0.9887;0.9401;0.1256;3.1488;3.3176;0.02;0.0072;0.7002;0.0181;0.0643;0.0136;0;0;0.088;2.2689;0;0;0;0;0;0;0;0;0;0;0;0;0.0518;0.0249;2.4175;2.3959;0;84.433;84.433;55.873;0.0511;2738.2;875;1;0.0606;0.0391;0;0.0215;0;0;0;0;2.3569;2.2689;0;14.309;16.57;13.551;15.691;97.494;98.37;26.554;20.205;19.134;6.3491;1.0715;0.2391;0.0403;0.7206;34.511;0.6785;0
09/01/21 14:00;55.711;77.415;7.0506;56.357;33.643;90;33.643;913.91;159.5;754.41;29.49;1.62;0;906.19;51.608;123.93;0;15.614;1097.3;0;1097.3;906.19;123.93;51.608;15.614;0.8258;0.0613;0;0.0142;1080.7;16.674;0;0;2.7457;13.928;1075.3;2.0814;0.22;0.0301;1.5754;0.2559;1077.4;3.242;2.7186;0.3718;0.1466;0.0051;1079.7;903.25;123.53;47.141;1.4246;469.84;373.99;157.8;1.1645;5.0028;71.963;4.3356;75.801;0;1;0;0;1.2007;0.9848;1;1;0.9468;0.108;0.9981;0.9998;1;0.9677;0.8477;0.997;0.997;1;0.997;0.997;0.98;0.9134;0.0912;3.1229;3.2332;0.0195;0.0055;0.6827;0.0177;0.0627;0.0107;0;0;0.088;2.2151;0;0;0;0;0;0;0;0;0;0;0;0;0.0505;0.0237;2.3602;2.3409;0;84.412;84.412;54.922;0.0511;2675.3;875;1;0.0571;0.0378;0;0.0193;0;0;0;0;2.3031;2.2151;0;14.096;16.323;13.339;15.446;97.58;98.386;26.336;19.741;18.68;6.5952;1.0607;0.2504;0.0403;0.7093;34.922;0.6761;0
09/01/21 15:00;43.553;87.926;1.5027;43.572;46.428;90;46.428;736.71;154.9;581.81;29.97;1.8201;0;844.11;52.568;134.43;0;23.35;1054.5;0;1054.5;844.11;134.43;52.568;23.35;0.8005;0.072;0;0.0221;1028.2;26.266;0;0;4.5549;21.711;1023.4;1.7082;0.0437;0.007;1.5675;0.09;1025.1;3.0846;2.5323;0.4033;0.144;0.0049;1029.2;841.53;134.02;46.302;1.5436;312.62;248.84;101.78;3.5815;3.7204;53.517;5.8109;53.655;0;1;0;0;1.4313;0.9751;1;1;0.9134;0.0702;0.9983;0.9999;1;0.9673;0.9449;0.997;0.997;1;0.997;0.997;0.9705;0.8808;0.0661;3.0009;3.0518;0.0184;0.0024;0.62;0.0169;0.0599;0.008;0;0;0.088;2.1239;0;0;0;0;0;0;0;0;0;0;0;0;0.0482;0.0213;2.2568;2.2475;0;82.139;82.139;52.168;0.051;2568.6;875;1;0.0448;0.0356;0;0.0092;0;0;0;0;2.2119;2.1239;0;14.085;16.31;13.31;15.413;98.013;98.416;25.307;18.954;17.911;6.3531;1.0424;0.251;0.0412;0.7078;39.644;0.6819;0
09/01/21 16:00;31.305;96.248;5.3355;31.457;58.543;90;58.543;524.6;157.7;366.9;30.32;1.95;0;703.08;59.968;151.17;0;25.585;939.8;0;939.8;703.08;151.17;59.968;25.585;0.7481;0.091;0;0.0272;908.57;31.229;0;0;7.275;23.954;903.75;2.0908;0.1292;0.0278;1.8372;0.0966;905.84;2.7257;2.1092;0.4535;0.1581;0.0049;908.73;700.84;150.69;50.698;1.5296;146.62;116.71;49.14;9.1895;2.1416;30.806;4.9801;23.758;0;1;0;0;1.7915;0.9668;1;1;0.8787;0.0638;0.9977;0.9998;1;0.965;0.9406;0.997;0.997;1;0.997;0.997;0.9616;0.8454;0.0598;2.6746;2.6617;0.016;-0.0015;0.4843;0.0151;0.0537;0.0048;0;0;0.088;1.9105;0;0;0;0;0;0;0;0;0;0;0;0;0.0433;0.0164;2.0295;2.0295;0;76.161;76.161;45.841;0.0507;2296.9;883.6;1;0.031;0.031;0;0;0;0;0;0;1.9985;1.9105;0;14.27;16.525;13.433;15.555;98.472;98.472;22.555;17.115;16.112;5.4398;1.0037;0.2412;0.0445;0.7143;51.326;0.6972;0
09/01/21 17:00;19.236;103.9;36.962;19.772;35.354;90;35.354;296.69;151.5;145.19;30.02;1.6799;0;352.14;94.592;114.71;0;5.5805;567.02;0;567.02;352.14;114.71;94.592;5.5805;0.621;0.1767;0;0.0098;556.56;10.458;0;0;5.4405;5.018;549.57;5.3253;1.7933;0.5842;2.8704;0.0774;554.89;1.6697;1.0564;0.3441;0.2675;0.0017;550.23;349.29;113.78;86.014;0.4834;65.799;52.376;22.265;2.5238;0.8433;12.13;0.6617;10.45;0;1;0;0;1.9111;0.9816;1;1;0.9425;0.1008;0.9904;0.9949;1;0.9677;0.8619;0.997;0.997;1;0.997;0.997;0.9692;0.9093;0.0866;1.6137;1.5985;0.0096;0.0039;0.1851;0.0098;0.0348;0.002;0;0;0.088;1.2116;0;0;0;0;0;0;0;0;0;0;0;0;0.028;0.0063;1.3191;1.3191;0;57.504;57.504;27.484;0.05;1378.6;956.83;1;0.0194;0.0194;0;0;0;0;0;0;1.2996;1.2116;0;15.372;17.801;14.12;16.351;98.526;98.526;13.608;11.124;10.218;2.4847;0.9061;0.1826;0.0666;0.7508;64.856;0.739;0
09/01/21 18:00;7.5609;111.67;71.39;8.1283;11.926;90;11.926;83.491;76.098;7.3927;29.05;2.19;0;17.929;72.281;7.3459;0;0.1838;97.74;0;97.74;17.929;7.3459;72.281;0.1838;0.1834;0.7414;0;0.0019;96.885;0.8553;0;0;0.7023;0.153;90.597;5.9968;2.2407;0.9181;2.831;0.0069;96.594;0.2907;0.0538;0.022;0.2147;0.0001;90.628;15.635;6.4058;68.533;0.0238;43.602;34.707;13.624;0.0408;0.5262;7.5694;0.0312;8.0549;0;1;0;0;1.1707;0.9912;1;1;0.9903;0.1678;0.9379;0.8746;1;0.9603;0.7747;0.997;0.997;1;0.997;0.997;0.9269;0.9481;0.1296;0.2782;0.2745;0.0017;0.0162;0.0087;0.0017;0.0062;0.0013;0;0;0.088;0.1394;0;0;0;0;0;0;0;0;0;0;0;0;0.005;0.0003;0.2335;0.2335;0;33.555;33.555;4.5048;0.0497;233.87;998.39;1;0.0061;0.0061;0;0;0;0;0;0;0.2274;0.1394;0;15.786;18.28;9.4257;10.915;97.399;97.399;2.3458;1.9691;1.1757;0.3767;0.7933;0.1606;0.3382;0.5012;43.551;0.4737;0
09/01/21 19:00;1.0281;116.49;87.506;1.1486;1.638;90;1.638;0;0;0;25.16;2.4601;0;0;0;0;0;0;0;0;0;0;0;0;0;1;1;1;1;0;0;0;0;0;0;0;0;0;0;0;0;0;0;0;0;0;0;0;0;0;0;0;0;0;0;0;0;0;0;0;0;0;0;0;1;1;1;1;1;1;1;1;1;1;1;1;1;1;1;1;1;1;1;0;0;0;0;0;0;0;0;0;0.0004;0.088;-0.0884;0;0;0;0;0;0;0;0;0;0;0;0;0;0;0;0;0;0;0;-25.16;0;0;0;0;0.0004;0;0;0;0;0;0;0;-0.0004;-0.0884;0;0;0;0;0;0;0;0;0;-0.7452;0;0.7452;1;1;0;0;0;0
09/01/21 20:00;0;0;90;0;0;90;0;0;0;0;20.84;2.3199;0;0;0;0;0;0;0;0;0;0;0;0;0;1;1;1;1;0;0;0;0;0;0;0;0;0;0;0;0;0;0;0;0;0;0;0;0;0;0;0;0;0;0;0;0;0;0;0;0;0;0;0;1;1;1;1;1;1;1;1;1;1;1;1;1;1;1;1;1;1;1;0;0;0;0;0;0;0;0;0;0.0004;0.088;-0.0884;0;0;0;0;0;0;0;0;0;0;0;0;0;0;0;0;0;0;0;-20.84;0;0;0;0;0.0004;0;0;0;0;0;0;0;-0.0004;-0.0884;0;0;0;0;0;0;0;0;0;-0.7452;0;0.7452;1;1;0;0;0;0
09/01/21 21:00;0;0;90;0;0;90;0;0;0;0;19.02;1.6099;0;0;0;0;0;0;0;0;0;0;0;0;0;1;1;1;1;0;0;0;0;0;0;0;0;0;0;0;0;0;0;0;0;0;0;0;0;0;0;0;0;0;0;0;0;0;0;0;0;0;0;0;1;1;1;1;1;1;1;1;1;1;1;1;1;1;1;1;1;1;1;0;0;0;0;0;0;0;0;0;0.0004;0.088;-0.0884;0;0;0;0;0;0;0;0;0;0;0;0;0;0;0;0;0;0;0;-19.02;0;0;0;0;0.0004;0;0;0;0;0;0;0;-0.0004;-0.0884;0;0;0;0;0;0;0;0;0;-0.7452;0;0.7452;1;1;0;0;0;0
09/01/21 22:00;0;0;90;0;0;90;0;0;0;0;18.28;0.37;0;0;0;0;0;0;0;0;0;0;0;0;0;1;1;1;1;0;0;0;0;0;0;0;0;0;0;0;0;0;0;0;0;0;0;0;0;0;0;0;0;0;0;0;0;0;0;0;0;0;0;0;1;1;1;1;1;1;1;1;1;1;1;1;1;1;1;1;1;1;1;0;0;0;0;0;0;0;0;0;0.0004;0.088;-0.0884;0;0;0;0;0;0;0;0;0;0;0;0;0;0;0;0;0;0;0;-18.28;0;0;0;0;0.0004;0;0;0;0;0;0;0;-0.0004;-0.0884;0;0;0;0;0;0;0;0;0;-0.7452;0;0.7452;1;1;0;0;0;0
09/01/21 23:00;0;0;90;0;0;90;0;0;0;0;16.84;1.7599;0;0;0;0;0;0;0;0;0;0;0;0;0;1;1;1;1;0;0;0;0;0;0;0;0;0;0;0;0;0;0;0;0;0;0;0;0;0;0;0;0;0;0;0;0;0;0;0;0;0;0;0;1;1;1;1;1;1;1;1;1;1;1;1;1;1;1;1;1;1;1;0;0;0;0;0;0;0;0;0;0.0004;0.088;-0.0884;0;0;0;0;0;0;0;0;0;0;0;0;0;0;0;0;0;0;0;-16.84;0;0;0;0;0.0004;0;0;0;0;0;0;0;-0.0004;-0.0884;0;0;0;0;0;0;0;0;0;-0.7452;0;0.7452;1;1;0;0;0;0
10/01/21 00:00;0;0;90;0;0;90;0;0;0;0;16.59;2.7701;0;0;0;0;0;0;0;0;0;0;0;0;0;1;1;1;1;0;0;0;0;0;0;0;0;0;0;0;0;0;0;0;0;0;0;0;0;0;0;0;0;0;0;0;0;0;0;0;0;0;0;0;1;1;1;1;1;1;1;1;1;1;1;1;1;1;1;1;1;1;1;0;0;0;0;0;0;0;0;0;0.0004;0.088;-0.0884;0;0;0;0;0;0;0;0;0;0;0;0;0;0;0;0;0;0;0;-16.59;0;0;0;0;0.0004;0;0;0;0;0;0;0;-0.0004;-0.0884;0;0;0;0;0;0;0;0;0;-0.7452;0;0.7452;1;1;0;0;0;0
10/01/21 01:00;0;0;90;0;0;90;0;0;0;0;16.71;3.48;0;0;0;0;0;0;0;0;0;0;0;0;0;1;1;1;1;0;0;0;0;0;0;0;0;0;0;0;0;0;0;0;0;0;0;0;0;0;0;0;0;0;0;0;0;0;0;0;0;0;0;0;1;1;1;1;1;1;1;1;1;1;1;1;1;1;1;1;1;1;1;0;0;0;0;0;0;0;0;0;0.0004;0.088;-0.0884;0;0;0;0;0;0;0;0;0;0;0;0;0;0;0;0;0;0;0;-16.71;0;0;0;0;0.0004;0;0;0;0;0;0;0;-0.0004;-0.0884;0;0;0;0;0;0;0;0;0;-0.7452;0;0.7452;1;1;0;0;0;0
10/01/21 02:00;0;0;90;0;0;90;0;0;0;0;16.8;3.8299;0;0;0;0;0;0;0;0;0;0;0;0;0;1;1;1;1;0;0;0;0;0;0;0;0;0;0;0;0;0;0;0;0;0;0;0;0;0;0;0;0;0;0;0;0;0;0;0;0;0;0;0;1;1;1;1;1;1;1;1;1;1;1;1;1;1;1;1;1;1;1;0;0;0;0;0;0;0;0;0;0.0004;0.088;-0.0884;0;0;0;0;0;0;0;0;0;0;0;0;0;0;0;0;0;0;0;-16.8;0;0;0;0;0.0004;0;0;0;0;0;0;0;-0.0004;-0.0884;0;0;0;0;0;0;0;0;0;-0.7452;0;0.7452;1;1;0;0;0;0
10/01/21 03:00;0;0;90;0;0;90;0;0;0;0;17.1;3.7599;0;0;0;0;0;0;0;0;0;0;0;0;0;1;1;1;1;0;0;0;0;0;0;0;0;0;0;0;0;0;0;0;0;0;0;0;0;0;0;0;0;0;0;0;0;0;0;0;0;0;0;0;1;1;1;1;1;1;1;1;1;1;1;1;1;1;1;1;1;1;1;0;0;0;0;0;0;0;0;0;0.0004;0.088;-0.0884;0;0;0;0;0;0;0;0;0;0;0;0;0;0;0;0;0;0;0;-17.1;0;0;0;0;0.0004;0;0;0;0;0;0;0;-0.0004;-0.0884;0;0;0;0;0;0;0;0;0;-0.7452;0;0.7452;1;1;0;0;0;0
10/01/21 04:00;0.137;-117;89.668;0.1537;0.2191;-90;-0.2191;0;0;0;15.1;4.0501;0;0;0;0;0;0;0;0;0;0;0;0;0;1;1;1;1;0;0;0;0;0;0;0;0;0;0;0;0;0;0;0;0;0;0;0;0;0;0;0;0;0;0;0;0;0;0;0;0;0;0;0;1;1;1;1;1;1;1;1;1;1;1;1;1;1;1;1;1;1;1;0;0;0;0;0;0;0;0;0;0.0004;0.088;-0.0884;0;0;0;0;0;0;0;0;0;0;0;0;0;0;0;0;0;0;0;-15.1;0;0;0;0;0.0004;0;0;0;0;0;0;0;-0.0004;-0.0884;0;0;0;0;0;0;0;0;0;-0.7452;0;0.7452;1;1;0;0;0;0
10/01/21 05:00;5.7002;-112.81;76.061;6.1801;8.9547;-90;-8.9547;68;26.501;41.498;15.3;4.2901;0;100.65;18.543;19.026;0;0.0845;138.3;0;138.3;100.65;19.026;18.543;0.0845;0.7277;0.1347;0;0.0006;138.12;0.1814;0;0;0.1112;0.0702;112.13;25.577;20.866;3.9446;0.7627;0.0032;137.7;0.4144;0.3019;0.0571;0.0553;0;112.13;79.477;15.025;17.614;0.0111;11.33;9.0187;3.57;0.0035;0.1343;1.9323;0.0036;2.0632;0;1;0;0;2.0338;0.9987;1;1;0.994;0.1693;0.8143;0.7921;1;0.9585;0.7757;0.997;0.997;1;0.997;0.997;0.8108;0.9499;0.1309;0.3936;0.3247;0.002;0.0168;-0.005;0.0022;0.0077;0.0004;0;0;0.088;0.1989;0;0;0;0;0;0;0;0;0;0;0;0;0.0062;0.0004;0.294;0.294;0;20.803;20.803;5.5033;0.0491;277.31;1060.4;1;0.0072;0.0072;0;0;0;0;0;0;0.2869;0.1989;0;14.05;16.269;9.5022;11.003;97.56;97.56;3.3192;2.4797;1.6771;0.8394;0.8026;0.2529;0.2418;0.5053;11.088;0.5;0
10/01/21 06:00;17.302;-104.95;43.839;17.87;30.222;-90;-30.222;267.19;51.2;215.99;20.16;3.96;0;523.85;23.166;63.895;0;3.7044;614.61;0;614.61;523.85;63.895;23.166;3.7044;0.8523;0.0437;0;0.006;610.34;4.2718;0;0;1.0367;3.2351;602.36;6.15;4.7684;0.5816;0.7187;0.0813;608.51;1.831;1.5715;0.1917;0.0664;0.0014;602.47;517.51;63.122;21.344;0.3866;16.479;13.117;5.6201;0.3608;0.1907;2.7433;0.1081;2.5732;0;1;0;0;2.3002;0.993;1;1;0.9552;0.1267;0.9899;0.9909;1;0.9674;0.8263;0.997;0.997;1;0.997;0.997;0.9801;0.9214;0.1044;1.7491;1.7292;0.0104;0.0023;0.1534;0.0109;0.0388;0.0005;0;0;0.088;1.3638;0;0;0;0;0;0;0;0;0;0;0;0;0.0313;0.0073;1.4744;1.4744;0;50.088;50.088;29.928;0.0497;1490.1;989.44;1;0.0226;0.0226;0;0;0;0;0;0;1.4518;1.3638;0;15.851;18.356;14.662;16.979;98.468;98.468;14.751;12.433;11.501;2.3173;0.9326;0.1571;0.0632;0.7797;15.292;0.7771;0
10/01/21 07:00;29.329;-97.313;6.389;29.53;60;-90;-60;491;82.903;408.1;23.6;2.6101;0;827.97;25.475;99.284;0;25.041;977.77;0;977.77;827.97;99.284;25.475;25.041;0.8468;0.0517;0;0.0256;951.27;26.499;0;0;3.1917;23.308;947.32;1.1022;0.1822;0.0218;0.7861;0.1122;948.42;2.8538;2.4839;0.2979;0.0669;0.0052;950.99;825.31;98.965;21.431;1.6159;98.763;78.615;33.613;4.2653;1.2842;18.472;3.6732;15.491;0;1;0;0;1.9914;0.9729;1;1;0.8747;0.0692;0.9988;0.9998;1;0.9646;0.9351;0.997;0.997;1;0.997;0.997;0.9689;0.8412;0.0645;2.7827;2.7579;0.0166;-0.0009;0.4539;0.016;0.0568;0.0029;0;0;0.088;2.0272;0;0;0;0;0;0;0;0;0;0;0;0;0.0458;0.0176;2.1491;2.1491;0;71.465;71.465;47.865;0.0505;2379.8;903.07;1;0.0339;0.0339;0;0;0;0;0;0;2.1152;2.0272;0;14.524;16.819;13.7;15.865;98.422;98.422;23.467;18.124;17.096;5.3426;1.0281;0.2277;0.0438;0.7285;22.185;0.7184;0
10/01/21 08:00;41.566;-89.142;0.642;41.569;48.431;-90;-48.431;700.8;115.4;585.41;25.79;1.38;0;882.26;35.983;108.72;0;24.052;1051;0;1051;882.26;108.72;35.983;24.052;0.8394;0.0571;0;0.0229;1025.4;25.615;0;0;3.3043;22.311;1021.1;1.177;0.0195;0.0024;1.0744;0.0807;1022.3;3.0762;2.6468;0.3262;0.098;0.0052;1026.9;879.6;108.39;31.506;1.655;278.6;221.77;89.374;2.8387;3.379;48.605;5.7241;49.146;0;1;0;0;1.4997;0.9756;1;1;0.9082;0.0724;0.9988;1;1;0.967;0.9535;0.997;0.997;1;0.997;0.997;0.9716;0.8756;0.0688;2.9911;3.0353;0.0183;0.0021;0.5668;0.0171;0.0608;0.0074;0;0;0.088;2.1681;0;0;0;0;0;0;0;0;0;0;0;0;0.049;0.0211;2.2927;2.2927;0;77.652;77.652;51.862;0.0508;2620.3;875;1;0.0367;0.0367;0;0;0;0;0;0;2.2561;2.1681;0;14.415;16.692;13.631;15.784;98.401;98.401;25.224;19.335;18.284;5.8896;1.0512;0.2335;0.0417;0.7248;27.664;0.7006;0
10/01/21 09:00;53.759;-79.093;6.4224;54.256;35.744;-90;-35.744;872.1;143.5;728.6;27.98;1.2701;0;897.7;46.791;113.16;0;16.756;1074.4;0;1074.4;897.7;113.16;46.791;16.756;0.8355;0.0591;0;0.0156;1056.7;17.748;0;0;2.7292;15.019;1051.6;1.8704;0.1985;0.025;1.4189;0.2279;1053.5;3.17;2.6931;0.3395;0.1322;0.0052;1056.3;894.81;112.8;42.511;1.5038;437.87;348.54;147.25;1.2999;4.6638;67.087;4.6523;70.451;0;1;0;0;1.232;0.9835;1;1;0.9417;0.1037;0.9982;0.9998;1;0.9677;0.8684;0.997;0.997;1;0.997;0.997;0.9788;0.9085;0.0897;3.0577;3.1564;0.019;0.0041;0.6339;0.0175;0.062;0.0101;0;0;0.088;2.2031;0;0;0;0;0;0;0;0;0;0;0;0;0.05;0.0227;2.3371;2.3285;0;81.563;81.563;53.583;0.051;2661.2;875;1;0.0461;0.0375;0;0.0086;0;0;0;0;2.2911;2.2031;0;14.321;16.584;13.55;15.69;98.029;98.39;25.786;19.637;18.579;6.1488;1.0583;0.2385;0.041;0.7205;32.18;0.6883;0
10/01/21 10:00;65.401;-63.749;10.61;67.677;22.323;-90;-22.323;1001.3;164.9;836.4;29.21;1.64;0;904.17;55.277;116.18;0;7.6544;1083.3;0;1083.3;904.17;116.18;55.277;7.6544;0.8347;0.0581;0;0.0071;1075.3;7.9697;0;0;1.5231;6.4466;1069.6;2.4459;0.3304;0.0424;1.8172;0.2559;1072.1;3.2259;2.7125;0.3485;0.1613;0.0036;1071.6;901.12;115.79;51.776;0.9483;559.98;445.74;184.59;0.2967;6.1183;88.01;1.9276;93.831;0;1;0;0;1.0819;0.9926;1;1;0.9724;0.1578;0.9977;0.9996;1;0.9661;0.7875;0.997;0.997;1;0.997;0.997;0.9874;0.9367;0.1239;3.0829;3.2421;0.0195;0.0057;0.6774;0.0178;0.063;0.0131;0;0;0.088;2.2292;0;0;0;0;0;0;0;0;0;0;0;0;0.0508;0.0238;2.371;2.3553;0;83.813;83.813;54.603;0.051;2691.7;875;1;0.0538;0.0381;0;0.0157;0;0;0;0;2.3172;2.2292;0;14.367;16.637;13.598;15.746;97.73;98.382;25.999;19.862;18.799;6.1364;1.0635;0.236;0.0409;0.7231;34.754;0.6816;0
10/01/21 11:00;74.707;-32.249;12.889;81.699;8.3009;-90;-8.3009;1064.2;175.4;888.81;30.5;1.8399;0;898.22;60.574;115.72;0;1.1372;1075.6;0;1075.6;898.22;115.72;60.574;1.1372;0.835;0.0574;0;0.0011;1074.4;1.2653;0;0;0.3204;0.945;1068.1;3.0091;0.3987;0.0514;2.5161;0.043;1071.2;3.2231;2.6947;0.3472;0.1808;0.0006;1068.3;895.12;115.32;57.557;0.1487;623.46;496.28;206.64;0.0086;6.7176;96.63;0.1899;103.34;0;1;0;0;1.0108;0.9988;1;1;0.9947;0.1691;0.9972;0.9996;1;0.9581;0.7758;0.997;0.997;1;0.997;0.997;0.993;0.9502;0.1308;3.0612;3.2501;0.0196;0.0058;0.6942;0.0177;0.0628;0.0143;0;0;0.088;2.2096;0;0;0;0;0;0;0;0;0;0;0;0;0.0506;0.0239;2.3612;2.3352;0;85.085;85.085;54.584;0.0511;2668.8;875;1;0.0636;0.0376;0;0.0259;0;0;0;0;2.2976;2.2096;0;14.346;16.612;13.574;15.718;97.307;98.388;25.816;19.693;18.634;6.1224;1.0596;0.2372;0.041;0.7218;36.172;0.6763;0
10/01/21 12:00;75.655;24.174;13.064;84.021;5.9787;90;5.9787;1078.7;178;900.7;32.03;1.9001;0;905.63;60.59;117.89;0;0.5985;1084.7;0;1084.7;905.63;117.89;60.59;0.5985;0.8349;0.0564;0;0.0006;1084;0.6876;0;0;0.189;0.4986;1077.7;3.081;0.4074;0.053;2.5983;0.0223;1080.8;3.252;2.7169;0.3537;0.1812;0.0003;1077.8;902.5;117.48;57.621;0.0773;634.03;504.69;210.55;0.0019;6.8047;97.883;0.0731;104.69;0;1;0;0;1.0056;0.9994;1;1;0.9969;0.1669;0.9971;0.9995;1;0.9569;0.7761;0.997;0.997;1;0.997;0.997;0.9935;0.951;0.1291;3.087;3.2796;0.0198;0.0064;0.7259;0.0177;0.0627;0.0143;0;0;0.088;2.1897;0;0;0;0;0;0;0;0;0;0;0;0;0.0505;0.0243;2.3579;2.3148;0;87.198;87.198;55.168;0.0512;2645.5;875;1;0.0802;0.0372;0;0.0431;0;0;0;0;2.2777;2.1897;0;14.102;16.33;13.339;15.447;96.598;98.394;26.033;19.521;18.466;6.5114;1.0556;0.2501;0.0405;0.7093;36.032;0.6644;0
10/01/21 13:00;67.167;60.202;11.119;69.929;20.071;90;20.071;1028.8;171.4;857.41;32.28;1.87;0;912.85;56.653;120.28;0;6.3732;1096.2;0;1096.2;912.85;120.28;56.653;6.3732;0.8328;0.0575;0;0.0058;1089.5;6.6612;0;0;1.3202;5.3409;1083.7;2.527;0.3495;0.0461;1.9038;0.2277;1086.2;3.2685;2.7385;0.3608;0.166;0.0031;1085.3;909.76;119.87;53.263;0.8014;581.7;463.03;192.34;0.2062;6.3104;90.773;1.557;96.877;0;1;0;0;1.0655;0.9939;1;1;0.9767;0.162;0.9977;0.9996;1;0.9655;0.7788;0.997;0.997;1;0.997;0.997;0.9886;0.9402;0.1258;3.1196;3.2868;0.0198;0.0066;0.7345;0.0177;0.0627;0.0132;0;0;0.088;2.1848;0;0;0;0;0;0;0;0;0;0;0;0;0.0505;0.0244;2.3573;2.3098;0;87.783;87.783;55.503;0.0512;2639.8;875;1;0.0846;0.0371;0;0.0475;0;0;0;0;2.2728;2.1848;0;13.924;16.124;13.17;15.251;96.413;98.396;26.308;19.479;18.424;6.8287;1.0546;0.2596;0.0401;0.7003;35.21;0.6595;0
10/01/21 14:00;55.716;77.102;7.2231;56.395;33.605;90;33.605;911.09;160.4;750.7;33.68;1.8301;0;901.34;52.374;123.97;0;15.532;1093.2;0;1093.2;901.34;123.97;52.374;15.532;0.8245;0.0621;0;0.0142;1076.6;16.634;0;0;2.7815;13.852;1071.2;2.1095;0.2242;0.0308;1.599;0.2555;1073.3;3.2297;2.704;0.3719;0.1488;0.005;1075.5;898.41;123.56;47.845;1.4188;468.69;373.08;157.41;1.1772;4.9919;71.807;4.3128;75.622;0;1;0;0;1.1999;0.9848;1;1;0.9469;0.1081;0.998;0.9998;1;0.9677;0.8474;0.997;0.997;1;0.997;0.997;0.9799;0.9135;0.0913;3.1112;3.2211;0.0194;0.0053;0.7298;0.0173;0.0612;0.0104;0;0;0.088;2.1285;0;0;0;0;0;0;0;0;0;0;0;0;0.0493;0.0235;2.3048;2.2522;0;88.58;88.58;54.9;0.0512;2573.9;875;1;0.0883;0.0357;0;0.0526;0;0;0;0;2.2165;2.1285;0;13.614;15.764;12.866;14.898;96.167;98.414;26.237;18.993;17.95;7.244;1.0433;0.2761;0.0398;0.6841;35.43;0.6521;0
10/01/21 15:00;43.566;87.683;1.6784;43.589;46.411;90;46.411;737.61;154.4;583.21;33.79;1.7599;0;845.87;52.23;134.26;0;23.362;1055.7;0;1055.7;845.87;134.26;52.23;23.362;0.8012;0.0716;0;0.0221;1029.5;26.245;0;0;4.5231;21.722;1024.7;1.7043;0.0489;0.0078;1.5574;0.0902;1026.4;3.0884;2.5376;0.4028;0.1431;0.0049;1030.5;843.28;133.85;46.006;1.5449;313.01;249.16;101.9;3.5539;3.723;53.555;5.8122;53.724;0;1;0;0;1.4313;0.9751;1;1;0.9134;0.0702;0.9983;0.9999;1;0.9673;0.9448;0.997;0.997;1;0.997;0.997;0.9706;0.8808;0.0661;3.0045;3.0556;0.0184;0.0024;0.6665;0.0166;0.0588;0.0079;0;0;0.088;2.0645;0;0;0;0;0;0;0;0;0;0;0;0;0.0474;0.0213;2.2163;2.1867;0;86.199;86.199;52.409;0.0511;2499.1;875;1;0.0637;0.0342;0;0.0296;0;0;0;0;2.1525;2.0645;0;13.687;15.85;12.922;14.964;97.124;98.436;25.337;18.441;17.411;6.8962;1.0304;0.2722;0.0407;0.6872;39.383;0.662;0
10/01/21 16:00;31.316;96.042;5.159;31.458;58.542;90;58.542;523.29;159;364.29;34.63;1.63;0;698.05;60.91;151.29;0;25.521;935.77;0;935.77;698.05;151.29;60.91;25.521;0.746;0.0924;0;0.0273;904.49;31.283;0;0;7.389;23.894;899.66;2.1133;0.124;0.0269;1.866;0.0964;901.78;2.7135;2.0941;0.4539;0.1606;0.0049;904.65;695.83;150.81;51.494;1.5257;146.89;116.93;49.273;9.3329;2.1511;30.942;4.9865;23.76;0;1;0;0;1.7882;0.9666;1;1;0.8787;0.0638;0.9977;0.9998;1;0.965;0.9406;0.997;0.997;1;0.997;0.997;0.9614;0.8454;0.0598;2.6631;2.6503;0.016;-0.0015;0.5239;0.0148;0.0524;0.0047;0;0;0.088;1.8596;0;0;0;0;0;0;0;0;0;0;0;0;0.0422;0.0163;1.9815;1.9775;0;80.425;80.425;45.795;0.0509;2260;875;1;0.0339;0.0299;0;0.004;0;0;0;0;1.9476;1.8596;0;13.964;16.17;13.132;15.206;98.289;98.489;22.459;16.676;15.682;5.7822;0.9941;0.2575;0.0443;0.6983;52.131;0.6814;0
10/01/21 17:00;19.24;103.71;36.948;19.761;35.321;90;35.321;334.49;118.2;216.29;33.65;1.25;0;524.57;57.411;133.31;0;6.2804;721.57;0;721.57;524.57;133.31;57.411;6.2804;0.727;0.0883;0;0.0087;712.63;8.9438;0;0;3.2973;5.6465;705.32;5.1747;2.6671;0.6778;1.7423;0.0875;710.49;2.1379;1.5737;0.3999;0.1623;0.0019;705.72;520.33;132.23;52.209;0.5446;40.683;32.383;13.884;1.5277;0.5116;7.3588;0.4007;6.3426;0;1;0;0;2.1572;0.9876;1;1;0.9426;0.1009;0.9927;0.9949;1;0.9677;0.8616;0.997;0.997;1;0.997;0.997;0.9775;0.9094;0.0867;2.0535;2.0339;0.0122;-0.0005;0.3209;0.0119;0.0422;0.0012;0;0;0.088;1.4904;0;0;0;0;0;0;0;0;0;0;0;0;0.034;0.0099;1.602;1.602;0;69.236;69.236;35.586;0.0505;1757.7;911.4;1;0.0236;0.0236;0;0;0;0;0;0;1.5784;1.4904;0;14.671;16.988;13.649;15.805;98.527;98.527;17.318;13.51;12.569;3.8078;0.9412;0.2199;0.0543;0.7258;39.354;0.7203;0
10/01/21 18:00;7.5529;111.49;71.411;8.1098;11.897;90;11.897;0;0;0;-0.0001;1.32;0;0;0;0;0;0;0;0;0;0;0;0;0;1;1;1;1;0;0;0;0;0;0;0;0;0;0;0;0;0;0;0;0;0;0;0;0;0;0;0;0;0;0;0;0;0;0;0;0;0;0;0;1;1;1;1;1;1;1;1;1;1;1;1;1;1;1;1;1;1;1;0;0;0;0;0;0;0;0;0;0.0004;0.088;-0.0884;0;0;0;0;0;0;0;0;0;0;0;0;0;0;0;0;0;0;0;0.0001;0;0;0;0;0.0004;0;0;0;0;0;0;0;-0.0004;-0.0884;0;0;0;0;0;0;0;0;0;-0.7452;0;0.7452;1;1;0;0;0;0
10/01/21 19:00;1.0111;116.31;87.547;1.1279;1.6084;90;1.6084;0;0;0;-0.0001;1.3;0;0;0;0;0;0;0;0;0;0;0;0;0;1;1;1;1;0;0;0;0;0;0;0;0;0;0;0;0;0;0;0;0;0;0;0;0;0;0;0;0;0;0;0;0;0;0;0;0;0;0;0;1;1;1;1;1;1;1;1;1;1;1;1;1;1;1;1;1;1;1;0;0;0;0;0;0;0;0;0;0.0004;0.088;-0.0884;0;0;0;0;0;0;0;0;0;0;0;0;0;0;0;0;0;0;0;0.0001;0;0;0;0;0.0004;0;0;0;0;0;0;0;-0.0004;-0.0884;0;0;0;0;0;0;0;0;0;-0.7452;0;0.7452;1;1;0;0;0;0
10/01/21 20:00;0;0;90;0;0;90;0;0;0;0;-0.0001;0.83;0;0;0;0;0;0;0;0;0;0;0;0;0;1;1;1;1;0;0;0;0;0;0;0;0;0;0;0;0;0;0;0;0;0;0;0;0;0;0;0;0;0;0;0;0;0;0;0;0;0;0;0;1;1;1;1;1;1;1;1;1;1;1;1;1;1;1;1;1;1;1;0;0;0;0;0;0;0;0;0;0.0004;0.088;-0.0884;0;0;0;0;0;0;0;0;0;0;0;0;0;0;0;0;0;0;0;0.0001;0;0;0;0;0.0004;0;0;0;0;0;0;0;-0.0004;-0.0884;0;0;0;0;0;0;0;0;0;-0.7452;0;0.7452;1;1;0;0;0;0
10/01/21 21:00;0;0;90;0;0;90;0;0;0;0;-0.0001;1.65;0;0;0;0;0;0;0;0;0;0;0;0;0;1;1;1;1;0;0;0;0;0;0;0;0;0;0;0;0;0;0;0;0;0;0;0;0;0;0;0;0;0;0;0;0;0;0;0;0;0;0;0;1;1;1;1;1;1;1;1;1;1;1;1;1;1;1;1;1;1;1;0;0;0;0;0;0;0;0;0;0.0004;0.088;-0.0884;0;0;0;0;0;0;0;0;0;0;0;0;0;0;0;0;0;0;0;0.0001;0;0;0;0;0.0004;0;0;0;0;0;0;0;-0.0004;-0.0884;0;0;0;0;0;0;0;0;0;-0.7452;0;0.7452;1;1;0;0;0;0
10/01/21 22:00;0;0;90;0;0;90;0;0;0;0;-0.0001;3.0399;0;0;0;0;0;0;0;0;0;0;0;0;0;1;1;1;1;0;0;0;0;0;0;0;0;0;0;0;0;0;0;0;0;0;0;0;0;0;0;0;0;0;0;0;0;0;0;0;0;0;0;0;1;1;1;1;1;1;1;1;1;1;1;1;1;1;1;1;1;1;1;0;0;0;0;0;0;0;0;0;0.0004;0.088;-0.0884;0;0;0;0;0;0;0;0;0;0;0;0;0;0;0;0;0;0;0;0.0001;0;0;0;0;0.0004;0;0;0;0;0;0;0;-0.0004;-0.0884;0;0;0;0;0;0;0;0;0;-0.7452;0;0.7452;1;1;0;0;0;0
10/01/21 23:00;0;0;90;0;0;90;0;0;0;0;-0.0001;4.83;0;0;0;0;0;0;0;0;0;0;0;0;0;1;1;1;1;0;0;0;0;0;0;0;0;0;0;0;0;0;0;0;0;0;0;0;0;0;0;0;0;0;0;0;0;0;0;0;0;0;0;0;1;1;1;1;1;1;1;1;1;1;1;1;1;1;1;1;1;1;1;0;0;0;0;0;0;0;0;0;0.0004;0.088;-0.0884;0;0;0;0;0;0;0;0;0;0;0;0;0;0;0;0;0;0;0;0.0001;0;0;0;0;0.0004;0;0;0;0;0;0;0;-0.0004;-0.0884;0;0;0;0;0;0;0;0;0;-0.7452;0;0.7452;1;1;0;0;0;0
11/01/21 00:00;0;0;90;0;0;90;0;0;0;0;-0.0001;5.5701;0;0;0;0;0;0;0;0;0;0;0;0;0;1;1;1;1;0;0;0;0;0;0;0;0;0;0;0;0;0;0;0;0;0;0;0;0;0;0;0;0;0;0;0;0;0;0;0;0;0;0;0;1;1;1;1;1;1;1;1;1;1;1;1;1;1;1;1;1;1;1;0;0;0;0;0;0;0;0;0;0.0004;0.088;-0.0884;0;0;0;0;0;0;0;0;0;0;0;0;0;0;0;0;0;0;0;0.0001;0;0;0;0;0.0004;0;0;0;0;0;0;0;-0.0004;-0.0884;0;0;0;0;0;0;0;0;0;-0.7452;0;0.7452;1;1;0;0;0;0
11/01/21 01:00;0;0;90;0;0;90;0;0;0;0;-0.0001;4.74;0;0;0;0;0;0;0;0;0;0;0;0;0;1;1;1;1;0;0;0;0;0;0;0;0;0;0;0;0;0;0;0;0;0;0;0;0;0;0;0;0;0;0;0;0;0;0;0;0;0;0;0;1;1;1;1;1;1;1;1;1;1;1;1;1;1;1;1;1;1;1;0;0;0;0;0;0;0;0;0;0.0004;0.088;-0.0884;0;0;0;0;0;0;0;0;0;0;0;0;0;0;0;0;0;0;0;0.0001;0;0;0;0;0.0004;0;0;0;0;0;0;0;-0.0004;-0.0884;0;0;0;0;0;0;0;0;0;-0.7452;0;0.7452;1;1;0;0;0;0
11/01/21 02:00;0;0;90;0;0;90;0;0;0;0;-0.0001;3.77;0;0;0;0;0;0;0;0;0;0;0;0;0;1;1;1;1;0;0;0;0;0;0;0;0;0;0;0;0;0;0;0;0;0;0;0;0;0;0;0;0;0;0;0;0;0;0;0;0;0;0;0;1;1;1;1;1;1;1;1;1;1;1;1;1;1;1;1;1;1;1;0;0;0;0;0;0;0;0;0;0.0004;0.088;-0.0884;0;0;0;0;0;0;0;0;0;0;0;0;0;0;0;0;0;0;0;0.0001;0;0;0;0;0.0004;0;0;0;0;0;0;0;-0.0004;-0.0884;0;0;0;0;0;0;0;0;0;-0.7452;0;0.7452;1;1;0;0;0;0
11/01/21 03:00;0;0;90;0;0;90;0;0;0;0;-0.0001;3.4;0;0;0;0;0;0;0;0;0;0;0;0;0;1;1;1;1;0;0;0;0;0;0;0;0;0;0;0;0;0;0;0;0;0;0;0;0;0;0;0;0;0;0;0;0;0;0;0;0;0;0;0;1;1;1;1;1;1;1;1;1;1;1;1;1;1;1;1;1;1;1;0;0;0;0;0;0;0;0;0;0.0004;0.088;-0.0884;0;0;0;0;0;0;0;0;0;0;0;0;0;0;0;0;0;0;0;0.0001;0;0;0;0;0.0004;0;0;0;0;0;0;0;-0.0004;-0.0884;0;0;0;0;0;0;0;0;0;-0.7452;0;0.7452;1;1;0;0;0;0
11/01/21 04:00;0;0;90;0;0;90;0;0;0;0;-0.0001;3.85;0;0;0;0;0;0;0;0;0;0;0;0;0;1;1;1;1;0;0;0;0;0;0;0;0;0;0;0;0;0;0;0;0;0;0;0;0;0;0;0;0;0;0;0;0;0;0;0;0;0;0;0;1;1;1;1;1;1;1;1;1;1;1;1;1;1;1;1;1;1;1;0;0;0;0;0;0;0;0;0;0.0004;0.088;-0.0884;0;0;0;0;0;0;0;0;0;0;0;0;0;0;0;0;0;0;0;0.0001;0;0;0;0;0.0004;0;0;0;0;0;0;0;-0.0004;-0.0884;0;0;0;0;0;0;0;0;0;-0.7452;0;0.7452;1;1;0;0;0;0
11/01/21 05:00;5.5338;-112.74;76.474;5.9968;8.6805;-90;-8.6805;0;0;0;-0.0001;4.8;0;0;0;0;0;0;0;0;0;0;0;0;0;1;1;1;1;0;0;0;0;0;0;0;0;0;0;0;0;0;0;0;0;0;0;0;0;0;0;0;0;0;0;0;0;0;0;0;0;0;0;0;1;1;1;1;1;1;1;1;1;1;1;1;1;1;1;1;1;1;1;0;0;0;0;0;0;0;0;0;0.0004;0.088;-0.0884;0;0;0;0;0;0;0;0;0;0;0;0;0;0;0;0;0;0;0;0.0001;0;0;0;0;0.0004;0;0;0;0;0;0;0;-0.0004;-0.0884;0;0;0;0;0;0;0;0;0;-0.7452;0;0.7452;1;1;0;0;0;0
11/01/21 06:00;17.141;-104.87;44.375;17.698;29.803;-90;-29.803;0;0;0;-0.0001;5.3201;0;0;0;0;0;0;0;0;0;0;0;0;0;1;1;1;1;0;0;0;0;0;0;0;0;0;0;0;0;0;0;0;0;0;0;0;0;0;0;0;0;0;0;0;0;0;0;0;0;0;0;0;1;1;1;1;1;1;1;1;1;1;1;1;1;1;1;1;1;1;1;0;0;0;0;0;0;0;0;0;0.0004;0.088;-0.0884;0;0;0;0;0;0;0;0;0;0;0;0;0;0;0;0;0;0;0;0.0001;0;0;0;0;0.0004;0;0;0;0;0;0;0;-0.0004;-0.0884;0;0;0;0;0;0;0;0;0;-0.7452;0;0.7452;1;1;0;0;0;0
11/01/21 07:00;29.172;-97.208;6.3218;29.366;60;-90;-60;0;0;0;-0.0001;5.1099;0;0;0;0;0;0;0;0;0;0;0;0;0;1;1;1;1;0;0;0;0;0;0;0;0;0;0;0;0;0;0;0;0;0;0;0;0;0;0;0;0;0;0;0;0;0;0;0;0;0;0;0;1;1;1;1;1;1;1;1;1;1;1;1;1;1;1;1;1;1;1;0;0;0;0;0;0;0;0;0;0.0004;0.088;-0.0884;0;0;0;0;0;0;0;0;0;0;0;0;0;0;0;0;0;0;0;0.0001;0;0;0;0;0.0004;0;0;0;0;0;0;0;-0.0004;-0.0884;0;0;0;0;0;0;0;0;0;-0.7452;0;0.7452;1;1;0;0;0;0
11/01/21 08:00;41.411;-89.017;0.7375;41.415;48.585;-90;-48.585;0;0;0;-0.0001;4.51;0;0;0;0;0;0;0;0;0;0;0;0;0;1;1;1;1;0;0;0;0;0;0;0;0;0;0;0;0;0;0;0;0;0;0;0;0;0;0;0;0;0;0;0;0;0;0;0;0;0;0;0;1;1;1;1;1;1;1;1;1;1;1;1;1;1;1;1;1;1;1;0;0;0;0;0;0;0;0;0;0.0004;0.088;-0.0884;0;0;0;0;0;0;0;0;0;0;0;0;0;0;0;0;0;0;0;0.0001;0;0;0;0;0.0004;0;0;0;0;0;0;0;-0.0004;-0.0884;0;0;0;0;0;0;0;0;0;-0.7452;0;0.7452;1;1;0;0;0;0
11/01/21 09:00;53.601;-78.944;6.5345;54.112;35.888;-90;-35.888;0;0;0;-0.0001;3.86;0;0;0;0;0;0;0;0;0;0;0;0;0;1;1;1;1;0;0;0;0;0;0;0;0;0;0;0;0;0;0;0;0;0;0;0;0;0;0;0;0;0;0;0;0;0;0;0;0;0;0;0;1;1;1;1;1;1;1;1;1;1;1;1;1;1;1;1;1;1;1;0;0;0;0;0;0;0;0;0;0.0004;0.088;-0.0884;0;0;0;0;0;0;0;0;0;0;0;0;0;0;0;0;0;0;0;0.0001;0;0;0;0;0.0004;0;0;0;0;0;0;0;-0.0004;-0.0884;0;0;0;0;0;0;0;0;0;-0.7452;0;0.7452;1;1;0;0;0;0
11/01/21 10:00;65.232;-63.59;10.74;67.548;22.452;-90;-22.452;0;0;0;-0.0001;3.3301;0;0;0;0;0;0;0;0;0;0;0;0;0;1;1;1;1;0;0;0;0;0;0;0;0;0;0;0;0;0;0;0;0;0;0;0;0;0;0;0;0;0;0;0;0;0;0;0;0;0;0;0;1;1;1;1;1;1;1;1;1;1;1;1;1;1;1;1;1;1;1;0;0;0;0;0;0;0;0;0;0.0004;0.088;-0.0884;0;0;0;0;0;0;0;0;0;0;0;0;0;0;0;0;0;0;0;0.0001;0;0;0;0;0.0004;0;0;0;0;0;0;0;-0.0004;-0.0884;0;0;0;0;0;0;0;0;0;-0.7452;0;0.7452;1;1;0;0;0;0
11/01/21 11:00;74.526;-32.28;13.036;81.59;8.4099;-90;-8.4099;0;0;0;-0.0001;2.9301;0;0;0;0;0;0;0;0;0;0;0;0;0;1;1;1;1;0;0;0;0;0;0;0;0;0;0;0;0;0;0;0;0;0;0;0;0;0;0;0;0;0;0;0;0;0;0;0;0;0;0;0;1;1;1;1;1;1;1;1;1;1;1;1;1;1;1;1;1;1;1;0;0;0;0;0;0;0;0;0;0.0004;0.088;-0.0884;0;0;0;0;0;0;0;0;0;0;0;0;0;0;0;0;0;0;0;0.0001;0;0;0;0;0.0004;0;0;0;0;0;0;0;-0.0004;-0.0884;0;0;0;0;0;0;0;0;0;-0.7452;0;0.7452;1;1;0;0;0;0
11/01/21 12:00;75.542;23.602;13.226;84.106;5.8941;90;5.8941;0;0;0;-0.0001;2.7701;0;0;0;0;0;0;0;0;0;0;0;0;0;1;1;1;1;0;0;0;0;0;0;0;0;0;0;0;0;0;0;0;0;0;0;0;0;0;0;0;0;0;0;0;0;0;0;0;0;0;0;0;1;1;1;1;1;1;1;1;1;1;1;1;1;1;1;1;1;1;1;0;0;0;0;0;0;0;0;0;0.0004;0.088;-0.0884;0;0;0;0;0;0;0;0;0;0;0;0;0;0;0;0;0;0;0;0.0001;0;0;0;0;0.0004;0;0;0;0;0;0;0;-0.0004;-0.0884;0;0;0;0;0;0;0;0;0;-0.7452;0;0.7452;1;1;0;0;0;0
11/01/21 13:00;67.136;59.741;11.291;69.987;20.013;90;20.013;0;0;0;-0.0001;2.81;0;0;0;0;0;0;0;0;0;0;0;0;0;1;1;1;1;0;0;0;0;0;0;0;0;0;0;0;0;0;0;0;0;0;0;0;0;0;0;0;0;0;0;0;0;0;0;0;0;0;0;0;1;1;1;1;1;1;1;1;1;1;1;1;1;1;1;1;1;1;1;0;0;0;0;0;0;0;0;0;0.0004;0.088;-0.0884;0;0;0;0;0;0;0;0;0;0;0;0;0;0;0;0;0;0;0;0.0001;0;0;0;0;0.0004;0;0;0;0;0;0;0;-0.0004;-0.0884;0;0;0;0;0;0;0;0;0;-0.7452;0;0.7452;1;1;0;0;0;0
11/01/21 14:00;55.716;76.78;7.4016;56.428;33.572;90;33.572;0;0;0;-0.0001;2.9301;0;0;0;0;0;0;0;0;0;0;0;0;0;1;1;1;1;0;0;0;0;0;0;0;0;0;0;0;0;0;0;0;0;0;0;0;0;0;0;0;0;0;0;0;0;0;0;0;0;0;0;0;1;1;1;1;1;1;1;1;1;1;1;1;1;1;1;1;1;1;1;0;0;0;0;0;0;0;0;0;0.0004;0.088;-0.0884;0;0;0;0;0;0;0;0;0;0;0;0;0;0;0;0;0;0;0;0.0001;0;0;0;0;0.0004;0;0;0;0;0;0;0;-0.0004;-0.0884;0;0;0;0;0;0;0;0;0;-0.7452;0;0.7452;1;1;0;0;0;0
11/01/21 15:00;43.573;87.433;1.8596;43.602;46.398;90;46.398;0;0;0;-0.0001;3.08;0;0;0;0;0;0;0;0;0;0;0;0;0;1;1;1;1;0;0;0;0;0;0;0;0;0;0;0;0;0;0;0;0;0;0;0;0;0;0;0;0;0;0;0;0;0;0;0;0;0;0;0;1;1;1;1;1;1;1;1;1;1;1;1;1;1;1;1;1;1;1;0;0;0;0;0;0;0;0;0;0.0004;0.088;-0.0884;0;0;0;0;0;0;0;0;0;0;0;0;0;0;0;0;0;0;0;0.0001;0;0;0;0;0.0004;0;0;0;0;0;0;0;-0.0004;-0.0884;0;0;0;0;0;0;0;0;0;-0.7452;0;0.7452;1;1;0;0;0;0
11/01/21 16:00;31.322;95.829;4.9774;31.454;58.546;90;58.546;0;0;0;-0.0001;3.1701;0;0;0;0;0;0;0;0;0;0;0;0;0;1;1;1;1;0;0;0;0;0;0;0;0;0;0;0;0;0;0;0;0;0;0;0;0;0;0;0;0;0;0;0;0;0;0;0;0;0;0;0;1;1;1;1;1;1;1;1;1;1;1;1;1;1;1;1;1;1;1;0;0;0;0;0;0;0;0;0;0.0004;0.088;-0.0884;0;0;0;0;0;0;0;0;0;0;0;0;0;0;0;0;0;0;0;0.0001;0;0;0;0;0.0004;0;0;0;0;0;0;0;-0.0004;-0.0884;0;0;0;0;0;0;0;0;0;-0.7452;0;0.7452;1;1;0;0;0;0
11/01/21 17:00;19.238;103.52;36.954;19.744;35.273;90;35.273;0;0;0;-0.0001;2.4699;0;0;0;0;0;0;0;0;0;0;0;0;0;1;1;1;1;0;0;0;0;0;0;0;0;0;0;0;0;0;0;0;0;0;0;0;0;0;0;0;0;0;0;0;0;0;0;0;0;0;0;0;1;1;1;1;1;1;1;1;1;1;1;1;1;1;1;1;1;1;1;0;0;0;0;0;0;0;0;0;0.0004;0.088;-0.0884;0;0;0;0;0;0;0;0;0;0;0;0;0;0;0;0;0;0;0;0.0001;0;0;0;0;0.0004;0;0;0;0;0;0;0;-0.0004;-0.0884;0;0;0;0;0;0;0;0;0;-0.7452;0;0.7452;1;1;0;0;0;0
11/01/21 18:00;7.5394;111.31;71.445;8.0854;11.859;90;11.859;0;0;0;-0.0001;2.67;0;0;0;0;0;0;0;0;0;0;0;0;0;1;1;1;1;0;0;0;0;0;0;0;0;0;0;0;0;0;0;0;0;0;0;0;0;0;0;0;0;0;0;0;0;0;0;0;0;0;0;0;1;1;1;1;1;1;1;1;1;1;1;1;1;1;1;1;1;1;1;0;0;0;0;0;0;0;0;0;0.0004;0.088;-0.0884;0;0;0;0;0;0;0;0;0;0;0;0;0;0;0;0;0;0;0;0.0001;0;0;0;0;0.0004;0;0;0;0;0;0;0;-0.0004;-0.0884;0;0;0;0;0;0;0;0;0;-0.7452;0;0.7452;1;1;0;0;0;0
11/01/21 19:00;0.9884;116.13;87.602;1.1009;1.57;90;1.57;0;0;0;-0.0001;3.07;0;0;0;0;0;0;0;0;0;0;0;0;0;1;1;1;1;0;0;0;0;0;0;0;0;0;0;0;0;0;0;0;0;0;0;0;0;0;0;0;0;0;0;0;0;0;0;0;0;0;0;0;1;1;1;1;1;1;1;1;1;1;1;1;1;1;1;1;1;1;1;0;0;0;0;0;0;0;0;0;0.0004;0.088;-0.0884;0;0;0;0;0;0;0;0;0;0;0;0;0;0;0;0;0;0;0;0.0001;0;0;0;0;0.0004;0;0;0;0;0;0;0;-0.0004;-0.0884;0;0;0;0;0;0;0;0;0;-0.7452;0;0.7452;1;1;0;0;0;0
11/01/21 20:00;0;0;90;0;0;90;0;0;0;0;-0.0001;3.32;0;0;0;0;0;0;0;0;0;0;0;0;0;1;1;1;1;0;0;0;0;0;0;0;0;0;0;0;0;0;0;0;0;0;0;0;0;0;0;0;0;0;0;0;0;0;0;0;0;0;0;0;1;1;1;1;1;1;1;1;1;1;1;1;1;1;1;1;1;1;1;0;0;0;0;0;0;0;0;0;0.0004;0.088;-0.0884;0;0;0;0;0;0;0;0;0;0;0;0;0;0;0;0;0;0;0;0.0001;0;0;0;0;0.0004;0;0;0;0;0;0;0;-0.0004;-0.0884;0;0;0;0;0;0;0;0;0;-0.7452;0;0.7452;1;1;0;0;0;0
11/01/21 21:00;0;0;90;0;0;90;0;0;0;0;-0.0001;3.54;0;0;0;0;0;0;0;0;0;0;0;0;0;1;1;1;1;0;0;0;0;0;0;0;0;0;0;0;0;0;0;0;0;0;0;0;0;0;0;0;0;0;0;0;0;0;0;0;0;0;0;0;1;1;1;1;1;1;1;1;1;1;1;1;1;1;1;1;1;1;1;0;0;0;0;0;0;0;0;0;0.0004;0.088;-0.0884;0;0;0;0;0;0;0;0;0;0;0;0;0;0;0;0;0;0;0;0.0001;0;0;0;0;0.0004;0;0;0;0;0;0;0;-0.0004;-0.0884;0;0;0;0;0;0;0;0;0;-0.7452;0;0.7452;1;1;0;0;0;0
11/01/21 22:00;0;0;90;0;0;90;0;0;0;0;-0.0001;3.78;0;0;0;0;0;0;0;0;0;0;0;0;0;1;1;1;1;0;0;0;0;0;0;0;0;0;0;0;0;0;0;0;0;0;0;0;0;0;0;0;0;0;0;0;0;0;0;0;0;0;0;0;1;1;1;1;1;1;1;1;1;1;1;1;1;1;1;1;1;1;1;0;0;0;0;0;0;0;0;0;0.0004;0.088;-0.0884;0;0;0;0;0;0;0;0;0;0;0;0;0;0;0;0;0;0;0;0.0001;0;0;0;0;0.0004;0;0;0;0;0;0;0;-0.0004;-0.0884;0;0;0;0;0;0;0;0;0;-0.7452;0;0.7452;1;1;0;0;0;0
11/01/21 23:00;0;0;90;0;0;90;0;0;0;0;-0.0001;4.1301;0;0;0;0;0;0;0;0;0;0;0;0;0;1;1;1;1;0;0;0;0;0;0;0;0;0;0;0;0;0;0;0;0;0;0;0;0;0;0;0;0;0;0;0;0;0;0;0;0;0;0;0;1;1;1;1;1;1;1;1;1;1;1;1;1;1;1;1;1;1;1;0;0;0;0;0;0;0;0;0;0.0004;0.088;-0.0884;0;0;0;0;0;0;0;0;0;0;0;0;0;0;0;0;0;0;0;0.0001;0;0;0;0;0.0004;0;0;0;0;0;0;0;-0.0004;-0.0884;0;0;0;0;0;0;0;0;0;-0.7452;0;0.7452;1;1;0;0;0;0
12/01/21 00:00;0;0;90;0;0;90;0;0;0;0;-0.0001;4.64;0;0;0;0;0;0;0;0;0;0;0;0;0;1;1;1;1;0;0;0;0;0;0;0;0;0;0;0;0;0;0;0;0;0;0;0;0;0;0;0;0;0;0;0;0;0;0;0;0;0;0;0;1;1;1;1;1;1;1;1;1;1;1;1;1;1;1;1;1;1;1;0;0;0;0;0;0;0;0;0;0.0004;0.088;-0.0884;0;0;0;0;0;0;0;0;0;0;0;0;0;0;0;0;0;0;0;0.0001;0;0;0;0;0.0004;0;0;0;0;0;0;0;-0.0004;-0.0884;0;0;0;0;0;0;0;0;0;-0.7452;0;0.7452;1;1;0;0;0;0
12/01/21 01:00;0;0;90;0;0;90;0;0;0;0;-0.0001;5.0901;0;0;0;0;0;0;0;0;0;0;0;0;0;1;1;1;1;0;0;0;0;0;0;0;0;0;0;0;0;0;0;0;0;0;0;0;0;0;0;0;0;0;0;0;0;0;0;0;0;0;0;0;1;1;1;1;1;1;1;1;1;1;1;1;1;1;1;1;1;1;1;0;0;0;0;0;0;0;0;0;0.0004;0.088;-0.0884;0;0;0;0;0;0;0;0;0;0;0;0;0;0;0;0;0;0;0;0.0001;0;0;0;0;0.0004;0;0;0;0;0;0;0;-0.0004;-0.0884;0;0;0;0;0;0;0;0;0;-0.7452;0;0.7452;1;1;0;0;0;0
12/01/21 02:00;0;0;90;0;0;90;0;0;0;0;-0.0001;5.0801;0;0;0;0;0;0;0;0;0;0;0;0;0;1;1;1;1;0;0;0;0;0;0;0;0;0;0;0;0;0;0;0;0;0;0;0;0;0;0;0;0;0;0;0;0;0;0;0;0;0;0;0;1;1;1;1;1;1;1;1;1;1;1;1;1;1;1;1;1;1;1;0;0;0;0;0;0;0;0;0;0.0004;0.088;-0.0884;0;0;0;0;0;0;0;0;0;0;0;0;0;0;0;0;0;0;0;0.0001;0;0;0;0;0.0004;0;0;0;0;0;0;0;-0.0004;-0.0884;0;0;0;0;0;0;0;0;0;-0.7452;0;0.7452;1;1;0;0;0;0
12/01/21 03:00;0;0;90;0;0;90;0;0;0;0;-0.0001;4.66;0;0;0;0;0;0;0;0;0;0;0;0;0;1;1;1;1;0;0;0;0;0;0;0;0;0;0;0;0;0;0;0;0;0;0;0;0;0;0;0;0;0;0;0;0;0;0;0;0;0;0;0;1;1;1;1;1;1;1;1;1;1;1;1;1;1;1;1;1;1;1;0;0;0;0;0;0;0;0;0;0.0004;0.088;-0.0884;0;0;0;0;0;0;0;0;0;0;0;0;0;0;0;0;0;0;0;0.0001;0;0;0;0;0.0004;0;0;0;0;0;0;0;-0.0004;-0.0884;0;0;0;0;0;0;0;0;0;-0.7452;0;0.7452;1;1;0;0;0;0
12/01/21 04:00;0;0;90;0;0;90;0;0;0;0;-0.0001;4.18;0;0;0;0;0;0;0;0;0;0;0;0;0;1;1;1;1;0;0;0;0;0;0;0;0;0;0;0;0;0;0;0;0;0;0;0;0;0;0;0;0;0;0;0;0;0;0;0;0;0;0;0;1;1;1;1;1;1;1;1;1;1;1;1;1;1;1;1;1;1;1;0;0;0;0;0;0;0;0;0;0.0004;0.088;-0.0884;0;0;0;0;0;0;0;0;0;0;0;0;0;0;0;0;0;0;0;0.0001;0;0;0;0;0.0004;0;0;0;0;0;0;0;-0.0004;-0.0884;0;0;0;0;0;0;0;0;0;-0.7452;0;0.7452;1;1;0;0;0;0
12/01/21 05:00;5.5536;-112.52;76.425;6.0088;8.6985;-90;-8.6985;0;0;0;-0.0001;3.69;0;0;0;0;0;0;0;0;0;0;0;0;0;1;1;1;1;0;0;0;0;0;0;0;0;0;0;0;0;0;0;0;0;0;0;0;0;0;0;0;0;0;0;0;0;0;0;0;0;0;0;0;1;1;1;1;1;1;1;1;1;1;1;1;1;1;1;1;1;1;1;0;0;0;0;0;0;0;0;0;0.0004;0.088;-0.0884;0;0;0;0;0;0;0;0;0;0;0;0;0;0;0;0;0;0;0;0.0001;0;0;0;0;0.0004;0;0;0;0;0;0;0;-0.0004;-0.0884;0;0;0;0;0;0;0;0;0;-0.7452;0;0.7452;1;1;0;0;0;0
12/01/21 06:00;16.978;-104.77;44.912;17.523;29.382;-90;-29.382;0;0;0;-0.0001;3.22;0;0;0;0;0;0;0;0;0;0;0;0;0;1;1;1;1;0;0;0;0;0;0;0;0;0;0;0;0;0;0;0;0;0;0;0;0;0;0;0;0;0;0;0;0;0;0;0;0;0;0;0;1;1;1;1;1;1;1;1;1;1;1;1;1;1;1;1;1;1;1;0;0;0;0;0;0;0;0;0;0.0004;0.088;-0.0884;0;0;0;0;0;0;0;0;0;0;0;0;0;0;0;0;0;0;0;0.0001;0;0;0;0;0.0004;0;0;0;0;0;0;0;-0.0004;-0.0884;0;0;0;0;0;0;0;0;0;-0.7452;0;0.7452;1;1;0;0;0;0
12/01/21 07:00;29.014;-97.096;6.2527;29.201;60;-90;-60;0;0;0;-0.0001;4.72;0;0;0;0;0;0;0;0;0;0;0;0;0;1;1;1;1;0;0;0;0;0;0;0;0;0;0;0;0;0;0;0;0;0;0;0;0;0;0;0;0;0;0;0;0;0;0;0;0;0;0;0;1;1;1;1;1;1;1;1;1;1;1;1;1;1;1;1;1;1;1;0;0;0;0;0;0;0;0;0;0.0004;0.088;-0.0884;0;0;0;0;0;0;0;0;0;0;0;0;0;0;0;0;0;0;0;0.0001;0;0;0;0;0.0004;0;0;0;0;0;0;0;-0.0004;-0.0884;0;0;0;0;0;0;0;0;0;-0.7452;0;0.7452;1;1;0;0;0;0
12/01/21 08:00;41.253;-88.883;0.8399;41.259;48.741;-90;-48.741;0;0;0;-0.0001;5.3399;0;0;0;0;0;0;0;0;0;0;0;0;0;1;1;1;1;0;0;0;0;0;0;0;0;0;0;0;0;0;0;0;0;0;0;0;0;0;0;0;0;0;0;0;0;0;0;0;0;0;0;0;1;1;1;1;1;1;1;1;1;1;1;1;1;1;1;1;1;1;1;0;0;0;0;0;0;0;0;0;0.0004;0.088;-0.0884;0;0;0;0;0;0;0;0;0;0;0;0;0;0;0;0;0;0;0;0.0001;0;0;0;0;0.0004;0;0;0;0;0;0;0;-0.0004;-0.0884;0;0;0;0;0;0;0;0;0;-0.7452;0;0.7452;1;1;0;0;0;0
12/01/21 09:00;53.44;-78.784;6.6536;53.967;36.033;-90;-36.033;0;0;0;-0.0001;5.0999;0;0;0;0;0;0;0;0;0;0;0;0;0;1;1;1;1;0;0;0;0;0;0;0;0;0;0;0;0;0;0;0;0;0;0;0;0;0;0;0;0;0;0;0;0;0;0;0;0;0;0;0;1;1;1;1;1;1;1;1;1;1;1;1;1;1;1;1;1;1;1;0;0;0;0;0;0;0;0;0;0.0004;0.088;-0.0884;0;0;0;0;0;0;0;0;0;0;0;0;0;0;0;0;0;0;0;0.0001;0;0;0;0;0.0004;0;0;0;0;0;0;0;-0.0004;-0.0884;0;0;0;0;0;0;0;0;0;-0.7452;0;0.7452;1;1;0;0;0;0
12/01/21 10:00;65.06;-63.417;10.877;67.418;22.582;-90;-22.582;0;0;0;-0.0001;4.6999;0;0;0;0;0;0;0;0;0;0;0;0;0;1;1;1;1;0;0;0;0;0;0;0;0;0;0;0;0;0;0;0;0;0;0;0;0;0;0;0;0;0;0;0;0;0;0;0;0;0;0;0;1;1;1;1;1;1;1;1;1;1;1;1;1;1;1;1;1;1;1;0;0;0;0;0;0;0;0;0;0.0004;0.088;-0.0884;0;0;0;0;0;0;0;0;0;0;0;0;0;0;0;0;0;0;0;0.0001;0;0;0;0;0.0004;0;0;0;0;0;0;0;-0.0004;-0.0884;0;0;0;0;0;0;0;0;0;-0.7452;0;0.7452;1;1;0;0;0;0
12/01/21 11:00;74.339;-32.292;13.191;81.482;8.518;-90;-8.518;0;0;0;-0.0001;4.2101;0;0;0;0;0;0;0;0;0;0;0;0;0;1;1;1;1;0;0;0;0;0;0;0;0;0;0;0;0;0;0;0;0;0;0;0;0;0;0;0;0;0;0;0;0;0;0;0;0;0;0;0;1;1;1;1;1;1;1;1;1;1;1;1;1;1;1;1;1;1;1;0;0;0;0;0;0;0;0;0;0.0004;0.088;-0.0884;0;0;0;0;0;0;0;0;0;0;0;0;0;0;0;0;0;0;0;0.0001;0;0;0;0;0.0004;0;0;0;0;0;0;0;-0.0004;-0.0884;0;0;0;0;0;0;0;0;0;-0.7452;0;0.7452;1;1;0;0;0;0
12/01/21 12:00;75.42;23.036;13.394;84.188;5.8117;90;5.8117;0;0;0;-0.0001;3.54;0;0;0;0;0;0;0;0;0;0;0;0;0;1;1;1;1;0;0;0;0;0;0;0;0;0;0;0;0;0;0;0;0;0;0;0;0;0;0;0;0;0;0;0;0;0;0;0;0;0;0;0;1;1;1;1;1;1;1;1;1;1;1;1;1;1;1;1;1;1;1;0;0;0;0;0;0;0;0;0;0.0004;0.088;-0.0884;0;0;0;0;0;0;0;0;0;0;0;0;0;0;0;0;0;0;0;0.0001;0;0;0;0;0.0004;0;0;0;0;0;0;0;-0.0004;-0.0884;0;0;0;0;0;0;0;0;0;-0.7452;0;0.7452;1;1;0;0;0;0
12/01/21 13:00;67.098;59.27;11.47;70.042;19.958;90;19.958;0;0;0;-0.0001;2.76;0;0;0;0;0;0;0;0;0;0;0;0;0;1;1;1;1;0;0;0;0;0;0;0;0;0;0;0;0;0;0;0;0;0;0;0;0;0;0;0;0;0;0;0;0;0;0;0;0;0;0;0;1;1;1;1;1;1;1;1;1;1;1;1;1;1;1;1;1;1;1;0;0;0;0;0;0;0;0;0;0.0004;0.088;-0.0884;0;0;0;0;0;0;0;0;0;0;0;0;0;0;0;0;0;0;0;0.0001;0;0;0;0;0.0004;0;0;0;0;0;0;0;-0.0004;-0.0884;0;0;0;0;0;0;0;0;0;-0.7452;0;0.7452;1;1;0;0;0;0
12/01/21 14:00;55.709;76.448;7.5861;56.458;33.542;90;33.542;0;0;0;-0.0001;2.03;0;0;0;0;0;0;0;0;0;0;0;0;0;1;1;1;1;0;0;0;0;0;0;0;0;0;0;0;0;0;0;0;0;0;0;0;0;0;0;0;0;0;0;0;0;0;0;0;0;0;0;0;1;1;1;1;1;1;1;1;1;1;1;1;1;1;1;1;1;1;1;0;0;0;0;0;0;0;0;0;0.0004;0.088;-0.0884;0;0;0;0;0;0;0;0;0;0;0;0;0;0;0;0;0;0;0;0.0001;0;0;0;0;0.0004;0;0;0;0;0;0;0;-0.0004;-0.0884;0;0;0;0;0;0;0;0;0;-0.7452;0;0.7452;1;1;0;0;0;0
12/01/21 15:00;43.575;87.175;2.0462;43.61;46.39;90;46.39;0;0;0;-0.0001;1.39;0;0;0;0;0;0;0;0;0;0;0;0;0;1;1;1;1;0;0;0;0;0;0;0;0;0;0;0;0;0;0;0;0;0;0;0;0;0;0;0;0;0;0;0;0;0;0;0;0;0;0;0;1;1;1;1;1;1;1;1;1;1;1;1;1;1;1;1;1;1;1;0;0;0;0;0;0;0;0;0;0.0004;0.088;-0.0884;0;0;0;0;0;0;0;0;0;0;0;0;0;0;0;0;0;0;0;0.0001;0;0;0;0;0.0004;0;0;0;0;0;0;0;-0.0004;-0.0884;0;0;0;0;0;0;0;0;0;-0.7452;0;0.7452;1;1;0;0;0;0
12/01/21 16:00;31.322;95.611;4.7908;31.445;58.555;90;58.555;0;0;0;-0.0001;1.25;0;0;0;0;0;0;0;0;0;0;0;0;0;1;1;1;1;0;0;0;0;0;0;0;0;0;0;0;0;0;0;0;0;0;0;0;0;0;0;0;0;0;0;0;0;0;0;0;0;0;0;0;1;1;1;1;1;1;1;1;1;1;1;1;1;1;1;1;1;1;1;0;0;0;0;0;0;0;0;0;0.0004;0.088;-0.0884;0;0;0;0;0;0;0;0;0;0;0;0;0;0;0;0;0;0;0;0.0001;0;0;0;0;0.0004;0;0;0;0;0;0;0;-0.0004;-0.0884;0;0;0;0;0;0;0;0;0;-0.7452;0;0.7452;1;1;0;0;0;0
12/01/21 17:00;19.231;103.32;36.98;19.722;35.207;90;35.207;0;0;0;-0.0001;1.5999;0;0;0;0;0;0;0;0;0;0;0;0;0;1;1;1;1;0;0;0;0;0;0;0;0;0;0;0;0;0;0;0;0;0;0;0;0;0;0;0;0;0;0;0;0;0;0;0;0;0;0;0;1;1;1;1;1;1;1;1;1;1;1;1;1;1;1;1;1;1;1;0;0;0;0;0;0;0;0;0;0.0004;0.088;-0.0884;0;0;0;0;0;0;0;0;0;0;0;0;0;0;0;0;0;0;0;0.0001;0;0;0;0;0.0004;0;0;0;0;0;0;0;-0.0004;-0.0884;0;0;0;0;0;0;0;0;0;-0.7452;0;0.7452;1;1;0;0;0;0
12/01/21 18:00;7.5204;111.12;71.493;8.055;11.812;90;11.812;0;0;0;-0.0001;2.4699;0;0;0;0;0;0;0;0;0;0;0;0;0;1;1;1;1;0;0;0;0;0;0;0;0;0;0;0;0;0;0;0;0;0;0;0;0;0;0;0;0;0;0;0;0;0;0;0;0;0;0;0;1;1;1;1;1;1;1;1;1;1;1;1;1;1;1;1;1;1;1;0;0;0;0;0;0;0;0;0;0.0004;0.088;-0.0884;0;0;0;0;0;0;0;0;0;0;0;0;0;0;0;0;0;0;0;0.0001;0;0;0;0;0.0004;0;0;0;0;0;0;0;-0.0004;-0.0884;0;0;0;0;0;0;0;0;0;-0.7452;0;0.7452;1;1;0;0;0;0
12/01/21 19:00;0.9601;115.95;87.671;1.0678;1.5226;90;1.5226;0;0;0;-0.0001;3.05;0;0;0;0;0;0;0;0;0;0;0;0;0;1;1;1;1;0;0;0;0;0;0;0;0;0;0;0;0;0;0;0;0;0;0;0;0;0;0;0;0;0;0;0;0;0;0;0;0;0;0;0;1;1;1;1;1;1;1;1;1;1;1;1;1;1;1;1;1;1;1;0;0;0;0;0;0;0;0;0;0.0004;0.088;-0.0884;0;0;0;0;0;0;0;0;0;0;0;0;0;0;0;0;0;0;0;0.0001;0;0;0;0;0.0004;0;0;0;0;0;0;0;-0.0004;-0.0884;0;0;0;0;0;0;0;0;0;-0.7452;0;0.7452;1;1;0;0;0;0
12/01/21 20:00;0;0;90;0;0;90;0;0;0;0;-0.0001;3.64;0;0;0;0;0;0;0;0;0;0;0;0;0;1;1;1;1;0;0;0;0;0;0;0;0;0;0;0;0;0;0;0;0;0;0;0;0;0;0;0;0;0;0;0;0;0;0;0;0;0;0;0;1;1;1;1;1;1;1;1;1;1;1;1;1;1;1;1;1;1;1;0;0;0;0;0;0;0;0;0;0.0004;0.088;-0.0884;0;0;0;0;0;0;0;0;0;0;0;0;0;0;0;0;0;0;0;0.0001;0;0;0;0;0.0004;0;0;0;0;0;0;0;-0.0004;-0.0884;0;0;0;0;0;0;0;0;0;-0.7452;0;0.7452;1;1;0;0;0;0
12/01/21 21:00;0;0;90;0;0;90;0;0;0;0;-0.0001;4.7899;0;0;0;0;0;0;0;0;0;0;0;0;0;1;1;1;1;0;0;0;0;0;0;0;0;0;0;0;0;0;0;0;0;0;0;0;0;0;0;0;0;0;0;0;0;0;0;0;0;0;0;0;1;1;1;1;1;1;1;1;1;1;1;1;1;1;1;1;1;1;1;0;0;0;0;0;0;0;0;0;0.0004;0.088;-0.0884;0;0;0;0;0;0;0;0;0;0;0;0;0;0;0;0;0;0;0;0.0001;0;0;0;0;0.0004;0;0;0;0;0;0;0;-0.0004;-0.0884;0;0;0;0;0;0;0;0;0;-0.7452;0;0.7452;1;1;0;0;0;0
12/01/21 22:00;0;0;90;0;0;90;0;0;0;0;-0.0001;5.7301;0;0;0;0;0;0;0;0;0;0;0;0;0;1;1;1;1;0;0;0;0;0;0;0;0;0;0;0;0;0;0;0;0;0;0;0;0;0;0;0;0;0;0;0;0;0;0;0;0;0;0;0;1;1;1;1;1;1;1;1;1;1;1;1;1;1;1;1;1;1;1;0;0;0;0;0;0;0;0;0;0.0004;0.088;-0.0884;0;0;0;0;0;0;0;0;0;0;0;0;0;0;0;0;0;0;0;0.0001;0;0;0;0;0.0004;0;0;0;0;0;0;0;-0.0004;-0.0884;0;0;0;0;0;0;0;0;0;-0.7452;0;0.7452;1;1;0;0;0;0
12/01/21 23:00;0;0;90;0;0;90;0;0;0;0;-0.0001;5.9601;0;0;0;0;0;0;0;0;0;0;0;0;0;1;1;1;1;0;0;0;0;0;0;0;0;0;0;0;0;0;0;0;0;0;0;0;0;0;0;0;0;0;0;0;0;0;0;0;0;0;0;0;1;1;1;1;1;1;1;1;1;1;1;1;1;1;1;1;1;1;1;0;0;0;0;0;0;0;0;0;0.0004;0.088;-0.0884;0;0;0;0;0;0;0;0;0;0;0;0;0;0;0;0;0;0;0;0.0001;0;0;0;0;0.0004;0;0;0;0;0;0;0;-0.0004;-0.0884;0;0;0;0;0;0;0;0;0;-0.7452;0;0.7452;1;1;0;0;0;0
13/01/21 00:00;0;0;90;0;0;90;0;0;0;0;-0.0001;5.55;0;0;0;0;0;0;0;0;0;0;0;0;0;1;1;1;1;0;0;0;0;0;0;0;0;0;0;0;0;0;0;0;0;0;0;0;0;0;0;0;0;0;0;0;0;0;0;0;0;0;0;0;1;1;1;1;1;1;1;1;1;1;1;1;1;1;1;1;1;1;1;0;0;0;0;0;0;0;0;0;0.0004;0.088;-0.0884;0;0;0;0;0;0;0;0;0;0;0;0;0;0;0;0;0;0;0;0.0001;0;0;0;0;0.0004;0;0;0;0;0;0;0;-0.0004;-0.0884;0;0;0;0;0;0;0;0;0;-0.7452;0;0.7452;1;1;0;0;0;0
13/01/21 01:00;0;0;90;0;0;90;0;0;0;0;-0.0001;5.2401;0;0;0;0;0;0;0;0;0;0;0;0;0;1;1;1;1;0;0;0;0;0;0;0;0;0;0;0;0;0;0;0;0;0;0;0;0;0;0;0;0;0;0;0;0;0;0;0;0;0;0;0;1;1;1;1;1;1;1;1;1;1;1;1;1;1;1;1;1;1;1;0;0;0;0;0;0;0;0;0;0.0004;0.088;-0.0884;0;0;0;0;0;0;0;0;0;0;0;0;0;0;0;0;0;0;0;0.0001;0;0;0;0;0.0004;0;0;0;0;0;0;0;-0.0004;-0.0884;0;0;0;0;0;0;0;0;0;-0.7452;0;0.7452;1;1;0;0;0;0
13/01/21 02:00;0;0;90;0;0;90;0;0;0;0;-0.0001;5.1601;0;0;0;0;0;0;0;0;0;0;0;0;0;1;1;1;1;0;0;0;0;0;0;0;0;0;0;0;0;0;0;0;0;0;0;0;0;0;0;0;0;0;0;0;0;0;0;0;0;0;0;0;1;1;1;1;1;1;1;1;1;1;1;1;1;1;1;1;1;1;1;0;0;0;0;0;0;0;0;0;0.0004;0.088;-0.0884;0;0;0;0;0;0;0;0;0;0;0;0;0;0;0;0;0;0;0;0.0001;0;0;0;0;0.0004;0;0;0;0;0;0;0;-0.0004;-0.0884;0;0;0;0;0;0;0;0;0;-0.7452;0;0.7452;1;1;0;0;0;0
13/01/21 03:00;0;0;90;0;0;90;0;0;0;0;-0.0001;5.0199;0;0;0;0;0;0;0;0;0;0;0;0;0;1;1;1;1;0;0;0;0;0;0;0;0;0;0;0;0;0;0;0;0;0;0;0;0;0;0;0;0;0;0;0;0;0;0;0;0;0;0;0;1;1;1;1;1;1;1;1;1;1;1;1;1;1;1;1;1;1;1;0;0;0;0;0;0;0;0;0;0.0004;0.088;-0.0884;0;0;0;0;0;0;0;0;0;0;0;0;0;0;0;0;0;0;0;0.0001;0;0;0;0;0.0004;0;0;0;0;0;0;0;-0.0004;-0.0884;0;0;0;0;0;0;0;0;0;-0.7452;0;0.7452;1;1;0;0;0;0
13/01/21 04:00;0;0;90;0;0;90;0;0;0;0;-0.0001;5.07;0;0;0;0;0;0;0;0;0;0;0;0;0;1;1;1;1;0;0;0;0;0;0;0;0;0;0;0;0;0;0;0;0;0;0;0;0;0;0;0;0;0;0;0;0;0;0;0;0;0;0;0;1;1;1;1;1;1;1;1;1;1;1;1;1;1;1;1;1;1;1;0;0;0;0;0;0;0;0;0;0.0004;0.088;-0.0884;0;0;0;0;0;0;0;0;0;0;0;0;0;0;0;0;0;0;0;0.0001;0;0;0;0;0.0004;0;0;0;0;0;0;0;-0.0004;-0.0884;0;0;0;0;0;0;0;0;0;-0.7452;0;0.7452;1;1;0;0;0;0
13/01/21 05:00;5.3822;-112.43;76.851;5.8198;8.4167;-90;-8.4167;0;0;0;-0.0001;5.2401;0;0;0;0;0;0;0;0;0;0;0;0;0;1;1;1;1;0;0;0;0;0;0;0;0;0;0;0;0;0;0;0;0;0;0;0;0;0;0;0;0;0;0;0;0;0;0;0;0;0;0;0;1;1;1;1;1;1;1;1;1;1;1;1;1;1;1;1;1;1;1;0;0;0;0;0;0;0;0;0;0.0004;0.088;-0.0884;0;0;0;0;0;0;0;0;0;0;0;0;0;0;0;0;0;0;0;0.0001;0;0;0;0;0.0004;0;0;0;0;0;0;0;-0.0004;-0.0884;0;0;0;0;0;0;0;0;0;-0.7452;0;0.7452;1;1;0;0;0;0
13/01/21 06:00;16.813;-104.67;45.453;17.346;28.962;-90;-28.962;0;0;0;-0.0001;5.5099;0;0;0;0;0;0;0;0;0;0;0;0;0;1;1;1;1;0;0;0;0;0;0;0;0;0;0;0;0;0;0;0;0;0;0;0;0;0;0;0;0;0;0;0;0;0;0;0;0;0;0;0;1;1;1;1;1;1;1;1;1;1;1;1;1;1;1;1;1;1;1;0;0;0;0;0;0;0;0;0;0.0004;0.088;-0.0884;0;0;0;0;0;0;0;0;0;0;0;0;0;0;0;0;0;0;0;0.0001;0;0;0;0;0.0004;0;0;0;0;0;0;0;-0.0004;-0.0884;0;0;0;0;0;0;0;0;0;-0.7452;0;0.7452;1;1;0;0;0;0
13/01/21 07:00;28.853;-96.976;6.1821;29.033;60;-90;-60;0;0;0;-0.0001;5.53;0;0;0;0;0;0;0;0;0;0;0;0;0;1;1;1;1;0;0;0;0;0;0;0;0;0;0;0;0;0;0;0;0;0;0;0;0;0;0;0;0;0;0;0;0;0;0;0;0;0;0;0;1;1;1;1;1;1;1;1;1;1;1;1;1;1;1;1;1;1;1;0;0;0;0;0;0;0;0;0;0.0004;0.088;-0.0884;0;0;0;0;0;0;0;0;0;0;0;0;0;0;0;0;0;0;0;0.0001;0;0;0;0;0.0004;0;0;0;0;0;0;0;-0.0004;-0.0884;0;0;0;0;0;0;0;0;0;-0.7452;0;0.7452;1;1;0;0;0;0
13/01/21 08:00;41.094;-88.74;0.9493;41.101;48.899;-90;-48.899;0;0;0;-0.0001;5.3499;0;0;0;0;0;0;0;0;0;0;0;0;0;1;1;1;1;0;0;0;0;0;0;0;0;0;0;0;0;0;0;0;0;0;0;0;0;0;0;0;0;0;0;0;0;0;0;0;0;0;0;0;1;1;1;1;1;1;1;1;1;1;1;1;1;1;1;1;1;1;1;0;0;0;0;0;0;0;0;0;0.0004;0.088;-0.0884;0;0;0;0;0;0;0;0;0;0;0;0;0;0;0;0;0;0;0;0.0001;0;0;0;0;0.0004;0;0;0;0;0;0;0;-0.0004;-0.0884;0;0;0;0;0;0;0;0;0;-0.7452;0;0.7452;1;1;0;0;0;0
13/01/21 09:00;53.277;-78.613;6.7798;53.821;36.179;-90;-36.179;0;0;0;-0.0001;5.1099;0;0;0;0;0;0;0;0;0;0;0;0;0;1;1;1;1;0;0;0;0;0;0;0;0;0;0;0;0;0;0;0;0;0;0;0;0;0;0;0;0;0;0;0;0;0;0;0;0;0;0;0;1;1;1;1;1;1;1;1;1;1;1;1;1;1;1;1;1;1;1;0;0;0;0;0;0;0;0;0;0.0004;0.088;-0.0884;0;0;0;0;0;0;0;0;0;0;0;0;0;0;0;0;0;0;0;0.0001;0;0;0;0;0.0004;0;0;0;0;0;0;0;-0.0004;-0.0884;0;0;0;0;0;0;0;0;0;-0.7452;0;0.7452;1;1;0;0;0;0
13/01/21 10:00;64.884;-63.231;11.021;67.289;22.711;-90;-22.711;0;0;0;-0.0001;4.9399;0;0;0;0;0;0;0;0;0;0;0;0;0;1;1;1;1;0;0;0;0;0;0;0;0;0;0;0;0;0;0;0;0;0;0;0;0;0;0;0;0;0;0;0;0;0;0;0;0;0;0;0;1;1;1;1;1;1;1;1;1;1;1;1;1;1;1;1;1;1;1;0;0;0;0;0;0;0;0;0;0.0004;0.088;-0.0884;0;0;0;0;0;0;0;0;0;0;0;0;0;0;0;0;0;0;0;0.0001;0;0;0;0;0.0004;0;0;0;0;0;0;0;-0.0004;-0.0884;0;0;0;0;0;0;0;0;0;-0.7452;0;0.7452;1;1;0;0;0;0
13/01/21 11:00;74.147;-32.286;13.352;81.375;8.6249;-90;-8.6249;0;0;0;-0.0001;4.83;0;0;0;0;0;0;0;0;0;0;0;0;0;1;1;1;1;0;0;0;0;0;0;0;0;0;0;0;0;0;0;0;0;0;0;0;0;0;0;0;0;0;0;0;0;0;0;0;0;0;0;0;1;1;1;1;1;1;1;1;1;1;1;1;1;1;1;1;1;1;1;0;0;0;0;0;0;0;0;0;0.0004;0.088;-0.0884;0;0;0;0;0;0;0;0;0;0;0;0;0;0;0;0;0;0;0;0.0001;0;0;0;0;0.0004;0;0;0;0;0;0;0;-0.0004;-0.0884;0;0;0;0;0;0;0;0;0;-0.7452;0;0.7452;1;1;0;0;0;0
13/01/21 12:00;75.29;22.477;13.57;84.269;5.7314;90;5.7314;0;0;0;-0.0001;4.73;0;0;0;0;0;0;0;0;0;0;0;0;0;1;1;1;1;0;0;0;0;0;0;0;0;0;0;0;0;0;0;0;0;0;0;0;0;0;0;0;0;0;0;0;0;0;0;0;0;0;0;0;1;1;1;1;1;1;1;1;1;1;1;1;1;1;1;1;1;1;1;0;0;0;0;0;0;0;0;0;0.0004;0.088;-0.0884;0;0;0;0;0;0;0;0;0;0;0;0;0;0;0;0;0;0;0;0.0001;0;0;0;0;0.0004;0;0;0;0;0;0;0;-0.0004;-0.0884;0;0;0;0;0;0;0;0;0;-0.7452;0;0.7452;1;1;0;0;0;0
13/01/21 13:00;67.053;58.791;11.655;70.094;19.906;90;19.906;0;0;0;-0.0001;4.64;0;0;0;0;0;0;0;0;0;0;0;0;0;1;1;1;1;0;0;0;0;0;0;0;0;0;0;0;0;0;0;0;0;0;0;0;0;0;0;0;0;0;0;0;0;0;0;0;0;0;0;0;1;1;1;1;1;1;1;1;1;1;1;1;1;1;1;1;1;1;1;0;0;0;0;0;0;0;0;0;0.0004;0.088;-0.0884;0;0;0;0;0;0;0;0;0;0;0;0;0;0;0;0;0;0;0;0.0001;0;0;0;0;0.0004;0;0;0;0;0;0;0;-0.0004;-0.0884;0;0;0;0;0;0;0;0;0;-0.7452;0;0.7452;1;1;0;0;0;0
13/01/21 14:00;55.696;76.108;7.7764;56.483;33.517;90;33.517;0;0;0;-0.0001;4.6801;0;0;0;0;0;0;0;0;0;0;0;0;0;1;1;1;1;0;0;0;0;0;0;0;0;0;0;0;0;0;0;0;0;0;0;0;0;0;0;0;0;0;0;0;0;0;0;0;0;0;0;0;1;1;1;1;1;1;1;1;1;1;1;1;1;1;1;1;1;1;1;0;0;0;0;0;0;0;0;0;0.0004;0.088;-0.0884;0;0;0;0;0;0;0;0;0;0;0;0;0;0;0;0;0;0;0;0.0001;0;0;0;0;0.0004;0;0;0;0;0;0;0;-0.0004;-0.0884;0;0;0;0;0;0;0;0;0;-0.7452;0;0.7452;1;1;0;0;0;0
13/01/21 15:00;43.571;86.91;2.2382;43.613;46.387;90;46.387;0;0;0;-0.0001;4.88;0;0;0;0;0;0;0;0;0;0;0;0;0;1;1;1;1;0;0;0;0;0;0;0;0;0;0;0;0;0;0;0;0;0;0;0;0;0;0;0;0;0;0;0;0;0;0;0;0;0;0;0;1;1;1;1;1;1;1;1;1;1;1;1;1;1;1;1;1;1;1;0;0;0;0;0;0;0;0;0;0.0004;0.088;-0.0884;0;0;0;0;0;0;0;0;0;0;0;0;0;0;0;0;0;0;0;0.0001;0;0;0;0;0.0004;0;0;0;0;0;0;0;-0.0004;-0.0884;0;0;0;0;0;0;0;0;0;-0.7452;0;0.7452;1;1;0;0;0;0
13/01/21 16:00;31.317;95.386;4.5994;31.43;58.57;90;58.57;0;0;0;-0.0001;4.3899;0;0;0;0;0;0;0;0;0;0;0;0;0;1;1;1;1;0;0;0;0;0;0;0;0;0;0;0;0;0;0;0;0;0;0;0;0;0;0;0;0;0;0;0;0;0;0;0;0;0;0;0;1;1;1;1;1;1;1;1;1;1;1;1;1;1;1;1;1;1;1;0;0;0;0;0;0;0;0;0;0.0004;0.088;-0.0884;0;0;0;0;0;0;0;0;0;0;0;0;0;0;0;0;0;0;0;0.0001;0;0;0;0;0.0004;0;0;0;0;0;0;0;-0.0004;-0.0884;0;0;0;0;0;0;0;0;0;-0.7452;0;0.7452;1;1;0;0;0;0
13/01/21 17:00;19.219;103.12;37.026;19.695;35.125;90;35.125;0;0;0;-0.0001;3.5099;0;0;0;0;0;0;0;0;0;0;0;0;0;1;1;1;1;0;0;0;0;0;0;0;0;0;0;0;0;0;0;0;0;0;0;0;0;0;0;0;0;0;0;0;0;0;0;0;0;0;0;0;1;1;1;1;1;1;1;1;1;1;1;1;1;1;1;1;1;1;1;0;0;0;0;0;0;0;0;0;0.0004;0.088;-0.0884;0;0;0;0;0;0;0;0;0;0;0;0;0;0;0;0;0;0;0;0.0001;0;0;0;0;0.0004;0;0;0;0;0;0;0;-0.0004;-0.0884;0;0;0;0;0;0;0;0;0;-0.7452;0;0.7452;1;1;0;0;0;0
13/01/21 18:00;7.4959;110.93;71.555;8.0185;11.755;90;11.755;0;0;0;-0.0001;3.1801;0;0;0;0;0;0;0;0;0;0;0;0;0;1;1;1;1;0;0;0;0;0;0;0;0;0;0;0;0;0;0;0;0;0;0;0;0;0;0;0;0;0;0;0;0;0;0;0;0;0;0;0;1;1;1;1;1;1;1;1;1;1;1;1;1;1;1;1;1;1;1;0;0;0;0;0;0;0;0;0;0.0004;0.088;-0.0884;0;0;0;0;0;0;0;0;0;0;0;0;0;0;0;0;0;0;0;0.0001;0;0;0;0;0.0004;0;0;0;0;0;0;0;-0.0004;-0.0884;0;0;0;0;0;0;0;0;0;-0.7452;0;0.7452;1;1;0;0;0;0
13/01/21 19:00;0.9262;115.76;87.753;1.0283;1.4663;90;1.4663;0;0;0;-0.0001;3.0101;0;0;0;0;0;0;0;0;0;0;0;0;0;1;1;1;1;0;0;0;0;0;0;0;0;0;0;0;0;0;0;0;0;0;0;0;0;0;0;0;0;0;0;0;0;0;0;0;0;0;0;0;1;1;1;1;1;1;1;1;1;1;1;1;1;1;1;1;1;1;1;0;0;0;0;0;0;0;0;0;0.0004;0.088;-0.0884;0;0;0;0;0;0;0;0;0;0;0;0;0;0;0;0;0;0;0;0.0001;0;0;0;0;0.0004;0;0;0;0;0;0;0;-0.0004;-0.0884;0;0;0;0;0;0;0;0;0;-0.7452;0;0.7452;1;1;0;0;0;0
13/01/21 20:00;0;0;90;0;0;90;0;0;0;0;-0.0001;2.98;0;0;0;0;0;0;0;0;0;0;0;0;0;1;1;1;1;0;0;0;0;0;0;0;0;0;0;0;0;0;0;0;0;0;0;0;0;0;0;0;0;0;0;0;0;0;0;0;0;0;0;0;1;1;1;1;1;1;1;1;1;1;1;1;1;1;1;1;1;1;1;0;0;0;0;0;0;0;0;0;0.0004;0.088;-0.0884;0;0;0;0;0;0;0;0;0;0;0;0;0;0;0;0;0;0;0;0.0001;0;0;0;0;0.0004;0;0;0;0;0;0;0;-0.0004;-0.0884;0;0;0;0;0;0;0;0;0;-0.7452;0;0.7452;1;1;0;0;0;0
13/01/21 21:00;0;0;90;0;0;90;0;0;0;0;-0.0001;3.1199;0;0;0;0;0;0;0;0;0;0;0;0;0;1;1;1;1;0;0;0;0;0;0;0;0;0;0;0;0;0;0;0;0;0;0;0;0;0;0;0;0;0;0;0;0;0;0;0;0;0;0;0;1;1;1;1;1;1;1;1;1;1;1;1;1;1;1;1;1;1;1;0;0;0;0;0;0;0;0;0;0.0004;0.088;-0.0884;0;0;0;0;0;0;0;0;0;0;0;0;0;0;0;0;0;0;0;0.0001;0;0;0;0;0.0004;0;0;0;0;0;0;0;-0.0004;-0.0884;0;0;0;0;0;0;0;0;0;-0.7452;0;0.7452;1;1;0;0;0;0
13/01/21 22:00;0;0;90;0;0;90;0;0;0;0;-0.0001;3.4299;0;0;0;0;0;0;0;0;0;0;0;0;0;1;1;1;1;0;0;0;0;0;0;0;0;0;0;0;0;0;0;0;0;0;0;0;0;0;0;0;0;0;0;0;0;0;0;0;0;0;0;0;1;1;1;1;1;1;1;1;1;1;1;1;1;1;1;1;1;1;1;0;0;0;0;0;0;0;0;0;0.0004;0.088;-0.0884;0;0;0;0;0;0;0;0;0;0;0;0;0;0;0;0;0;0;0;0.0001;0;0;0;0;0.0004;0;0;0;0;0;0;0;-0.0004;-0.0884;0;0;0;0;0;0;0;0;0;-0.7452;0;0.7452;1;1;0;0;0;0
13/01/21 23:00;0;0;90;0;0;90;0;0;0;0;-0.0001;3.9199;0;0;0;0;0;0;0;0;0;0;0;0;0;1;1;1;1;0;0;0;0;0;0;0;0;0;0;0;0;0;0;0;0;0;0;0;0;0;0;0;0;0;0;0;0;0;0;0;0;0;0;0;1;1;1;1;1;1;1;1;1;1;1;1;1;1;1;1;1;1;1;0;0;0;0;0;0;0;0;0;0.0004;0.088;-0.0884;0;0;0;0;0;0;0;0;0;0;0;0;0;0;0;0;0;0;0;0.0001;0;0;0;0;0.0004;0;0;0;0;0;0;0;-0.0004;-0.0884;0;0;0;0;0;0;0;0;0;-0.7452;0;0.7452;1;1;0;0;0;0
14/01/21 00:00;0;0;90;0;0;90;0;0;0;0;-0.0001;3.9001;0;0;0;0;0;0;0;0;0;0;0;0;0;1;1;1;1;0;0;0;0;0;0;0;0;0;0;0;0;0;0;0;0;0;0;0;0;0;0;0;0;0;0;0;0;0;0;0;0;0;0;0;1;1;1;1;1;1;1;1;1;1;1;1;1;1;1;1;1;1;1;0;0;0;0;0;0;0;0;0;0.0004;0.088;-0.0884;0;0;0;0;0;0;0;0;0;0;0;0;0;0;0;0;0;0;0;0.0001;0;0;0;0;0.0004;0;0;0;0;0;0;0;-0.0004;-0.0884;0;0;0;0;0;0;0;0;0;-0.7452;0;0.7452;1;1;0;0;0;0
14/01/21 01:00;0;0;90;0;0;90;0;0;0;0;-0.0001;3.56;0;0;0;0;0;0;0;0;0;0;0;0;0;1;1;1;1;0;0;0;0;0;0;0;0;0;0;0;0;0;0;0;0;0;0;0;0;0;0;0;0;0;0;0;0;0;0;0;0;0;0;0;1;1;1;1;1;1;1;1;1;1;1;1;1;1;1;1;1;1;1;0;0;0;0;0;0;0;0;0;0.0004;0.088;-0.0884;0;0;0;0;0;0;0;0;0;0;0;0;0;0;0;0;0;0;0;0.0001;0;0;0;0;0.0004;0;0;0;0;0;0;0;-0.0004;-0.0884;0;0;0;0;0;0;0;0;0;-0.7452;0;0.7452;1;1;0;0;0;0
14/01/21 02:00;0;0;90;0;0;90;0;0;0;0;-0.0001;3.0901;0;0;0;0;0;0;0;0;0;0;0;0;0;1;1;1;1;0;0;0;0;0;0;0;0;0;0;0;0;0;0;0;0;0;0;0;0;0;0;0;0;0;0;0;0;0;0;0;0;0;0;0;1;1;1;1;1;1;1;1;1;1;1;1;1;1;1;1;1;1;1;0;0;0;0;0;0;0;0;0;0.0004;0.088;-0.0884;0;0;0;0;0;0;0;0;0;0;0;0;0;0;0;0;0;0;0;0.0001;0;0;0;0;0.0004;0;0;0;0;0;0;0;-0.0004;-0.0884;0;0;0;0;0;0;0;0;0;-0.7452;0;0.7452;1;1;0;0;0;0
14/01/21 03:00;0;0;90;0;0;90;0;0;0;0;-0.0001;2.7199;0;0;0;0;0;0;0;0;0;0;0;0;0;1;1;1;1;0;0;0;0;0;0;0;0;0;0;0;0;0;0;0;0;0;0;0;0;0;0;0;0;0;0;0;0;0;0;0;0;0;0;0;1;1;1;1;1;1;1;1;1;1;1;1;1;1;1;1;1;1;1;0;0;0;0;0;0;0;0;0;0.0004;0.088;-0.0884;0;0;0;0;0;0;0;0;0;0;0;0;0;0;0;0;0;0;0;0.0001;0;0;0;0;0.0004;0;0;0;0;0;0;0;-0.0004;-0.0884;0;0;0;0;0;0;0;0;0;-0.7452;0;0.7452;1;1;0;0;0;0
14/01/21 04:00;0;0;90;0;0;90;0;0;0;0;-0.0001;2.57;0;0;0;0;0;0;0;0;0;0;0;0;0;1;1;1;1;0;0;0;0;0;0;0;0;0;0;0;0;0;0;0;0;0;0;0;0;0;0;0;0;0;0;0;0;0;0;0;0;0;0;0;1;1;1;1;1;1;1;1;1;1;1;1;1;1;1;1;1;1;1;0;0;0;0;0;0;0;0;0;0.0004;0.088;-0.0884;0;0;0;0;0;0;0;0;0;0;0;0;0;0;0;0;0;0;0;0.0001;0;0;0;0;0.0004;0;0;0;0;0;0;0;-0.0004;-0.0884;0;0;0;0;0;0;0;0;0;-0.7452;0;0.7452;1;1;0;0;0;0
14/01/21 05:00;5.3975;-112.2;76.813;5.8269;8.4271;-90;-8.4271;0;0;0;-0.0001;3.4901;0;0;0;0;0;0;0;0;0;0;0;0;0;1;1;1;1;0;0;0;0;0;0;0;0;0;0;0;0;0;0;0;0;0;0;0;0;0;0;0;0;0;0;0;0;0;0;0;0;0;0;0;1;1;1;1;1;1;1;1;1;1;1;1;1;1;1;1;1;1;1;0;0;0;0;0;0;0;0;0;0.0004;0.088;-0.0884;0;0;0;0;0;0;0;0;0;0;0;0;0;0;0;0;0;0;0;0.0001;0;0;0;0;0.0004;0;0;0;0;0;0;0;-0.0004;-0.0884;0;0;0;0;0;0;0;0;0;-0.7452;0;0.7452;1;1;0;0;0;0
14/01/21 06:00;16.646;-104.56;45.995;17.166;28.542;-90;-28.542;0;0;0;-0.0001;4.27;0;0;0;0;0;0;0;0;0;0;0;0;0;1;1;1;1;0;0;0;0;0;0;0;0;0;0;0;0;0;0;0;0;0;0;0;0;0;0;0;0;0;0;0;0;0;0;0;0;0;0;0;1;1;1;1;1;1;1;1;1;1;1;1;1;1;1;1;1;1;1;0;0;0;0;0;0;0;0;0;0.0004;0.088;-0.0884;0;0;0;0;0;0;0;0;0;0;0;0;0;0;0;0;0;0;0;0.0001;0;0;0;0;0.0004;0;0;0;0;0;0;0;-0.0004;-0.0884;0;0;0;0;0;0;0;0;0;-0.7452;0;0.7452;1;1;0;0;0;0
14/01/21 07:00;28.69;-96.848;6.1104;28.863;60;-90;-60;0;0;0;-0.0001;5.1099;0;0;0;0;0;0;0;0;0;0;0;0;0;1;1;1;1;0;0;0;0;0;0;0;0;0;0;0;0;0;0;0;0;0;0;0;0;0;0;0;0;0;0;0;0;0;0;0;0;0;0;0;1;1;1;1;1;1;1;1;1;1;1;1;1;1;1;1;1;1;1;0;0;0;0;0;0;0;0;0;0.0004;0.088;-0.0884;0;0;0;0;0;0;0;0;0;0;0;0;0;0;0;0;0;0;0;0.0001;0;0;0;0;0.0004;0;0;0;0;0;0;0;-0.0004;-0.0884;0;0;0;0;0;0;0;0;0;-0.7452;0;0.7452;1;1;0;0;0;0
14/01/21 08:00;40.933;-88.59;1.0655;40.941;49.059;-90;-49.059;0;0;0;-0.0001;6.11;0;0;0;0;0;0;0;0;0;0;0;0;0;1;1;1;1;0;0;0;0;0;0;0;0;0;0;0;0;0;0;0;0;0;0;0;0;0;0;0;0;0;0;0;0;0;0;0;0;0;0;0;1;1;1;1;1;1;1;1;1;1;1;1;1;1;1;1;1;1;1;0;0;0;0;0;0;0;0;0;0.0004;0.088;-0.0884;0;0;0;0;0;0;0;0;0;0;0;0;0;0;0;0;0;0;0;0.0001;0;0;0;0;0.0004;0;0;0;0;0;0;0;-0.0004;-0.0884;0;0;0;0;0;0;0;0;0;-0.7452;0;0.7452;1;1;0;0;0;0
14/01/21 09:00;53.112;-78.433;6.913;53.675;36.325;-90;-36.325;0;0;0;-0.0001;6.9299;0;0;0;0;0;0;0;0;0;0;0;0;0;1;1;1;1;0;0;0;0;0;0;0;0;0;0;0;0;0;0;0;0;0;0;0;0;0;0;0;0;0;0;0;0;0;0;0;0;0;0;0;1;1;1;1;1;1;1;1;1;1;1;1;1;1;1;1;1;1;1;0;0;0;0;0;0;0;0;0;0.0004;0.088;-0.0884;0;0;0;0;0;0;0;0;0;0;0;0;0;0;0;0;0;0;0;0.0001;0;0;0;0;0.0004;0;0;0;0;0;0;0;-0.0004;-0.0884;0;0;0;0;0;0;0;0;0;-0.7452;0;0.7452;1;1;0;0;0;0
14/01/21 10:00;64.706;-63.032;11.172;67.16;22.84;-90;-22.84;0;0;0;-0.0001;7.53;0;0;0;0;0;0;0;0;0;0;0;0;0;1;1;1;1;0;0;0;0;0;0;0;0;0;0;0;0;0;0;0;0;0;0;0;0;0;0;0;0;0;0;0;0;0;0;0;0;0;0;0;1;1;1;1;1;1;1;1;1;1;1;1;1;1;1;1;1;1;1;0;0;0;0;0;0;0;0;0;0.0004;0.088;-0.0884;0;0;0;0;0;0;0;0;0;0;0;0;0;0;0;0;0;0;0;0.0001;0;0;0;0;0.0004;0;0;0;0;0;0;0;-0.0004;-0.0884;0;0;0;0;0;0;0;0;0;-0.7452;0;0.7452;1;1;0;0;0;0
14/01/21 11:00;73.95;-32.263;13.52;81.269;8.7307;-90;-8.7307;0;0;0;-0.0001;7.93;0;0;0;0;0;0;0;0;0;0;0;0;0;1;1;1;1;0;0;0;0;0;0;0;0;0;0;0;0;0;0;0;0;0;0;0;0;0;0;0;0;0;0;0;0;0;0;0;0;0;0;0;1;1;1;1;1;1;1;1;1;1;1;1;1;1;1;1;1;1;1;0;0;0;0;0;0;0;0;0;0.0004;0.088;-0.0884;0;0;0;0;0;0;0;0;0;0;0;0;0;0;0;0;0;0;0;0.0001;0;0;0;0;0.0004;0;0;0;0;0;0;0;-0.0004;-0.0884;0;0;0;0;0;0;0;0;0;-0.7452;0;0.7452;1;1;0;0;0;0
14/01/21 12:00;75.152;21.926;13.752;84.347;5.6535;90;5.6535;0;0;0;-0.0001;8.2701;0;0;0;0;0;0;0;0;0;0;0;0;0;1;1;1;1;0;0;0;0;0;0;0;0;0;0;0;0;0;0;0;0;0;0;0;0;0;0;0;0;0;0;0;0;0;0;0;0;0;0;0;1;1;1;1;1;1;1;1;1;1;1;1;1;1;1;1;1;1;1;0;0;0;0;0;0;0;0;0;0.0004;0.088;-0.0884;0;0;0;0;0;0;0;0;0;0;0;0;0;0;0;0;0;0;0;0.0001;0;0;0;0;0.0004;0;0;0;0;0;0;0;-0.0004;-0.0884;0;0;0;0;0;0;0;0;0;-0.7452;0;0.7452;1;1;0;0;0;0
14/01/21 13:00;67.001;58.304;11.846;70.143;19.857;90;19.857;0;0;0;-0.0001;8.55;0;0;0;0;0;0;0;0;0;0;0;0;0;1;1;1;1;0;0;0;0;0;0;0;0;0;0;0;0;0;0;0;0;0;0;0;0;0;0;0;0;0;0;0;0;0;0;0;0;0;0;0;1;1;1;1;1;1;1;1;1;1;1;1;1;1;1;1;1;1;1;0;0;0;0;0;0;0;0;0;0.0004;0.088;-0.0884;0;0;0;0;0;0;0;0;0;0;0;0;0;0;0;0;0;0;0;0.0001;0;0;0;0;0.0004;0;0;0;0;0;0;0;-0.0004;-0.0884;0;0;0;0;0;0;0;0;0;-0.7452;0;0.7452;1;1;0;0;0;0
14/01/21 14:00;55.677;75.76;7.9725;56.505;33.495;90;33.495;0;0;0;-0.0001;8.6999;0;0;0;0;0;0;0;0;0;0;0;0;0;1;1;1;1;0;0;0;0;0;0;0;0;0;0;0;0;0;0;0;0;0;0;0;0;0;0;0;0;0;0;0;0;0;0;0;0;0;0;0;1;1;1;1;1;1;1;1;1;1;1;1;1;1;1;1;1;1;1;0;0;0;0;0;0;0;0;0;0.0004;0.088;-0.0884;0;0;0;0;0;0;0;0;0;0;0;0;0;0;0;0;0;0;0;0.0001;0;0;0;0;0.0004;0;0;0;0;0;0;0;-0.0004;-0.0884;0;0;0;0;0;0;0;0;0;-0.7452;0;0.7452;1;1;0;0;0;0
14/01/21 15:00;43.562;86.638;2.4354;43.611;46.389;90;46.389;0;0;0;-0.0001;8.66;0;0;0;0;0;0;0;0;0;0;0;0;0;1;1;1;1;0;0;0;0;0;0;0;0;0;0;0;0;0;0;0;0;0;0;0;0;0;0;0;0;0;0;0;0;0;0;0;0;0;0;0;1;1;1;1;1;1;1;1;1;1;1;1;1;1;1;1;1;1;1;0;0;0;0;0;0;0;0;0;0.0004;0.088;-0.0884;0;0;0;0;0;0;0;0;0;0;0;0;0;0;0;0;0;0;0;0.0001;0;0;0;0;0.0004;0;0;0;0;0;0;0;-0.0004;-0.0884;0;0;0;0;0;0;0;0;0;-0.7452;0;0.7452;1;1;0;0;0;0
14/01/21 16:00;31.307;95.155;4.4031;31.41;58.59;90;58.59;0;0;0;-0.0001;8.24;0;0;0;0;0;0;0;0;0;0;0;0;0;1;1;1;1;0;0;0;0;0;0;0;0;0;0;0;0;0;0;0;0;0;0;0;0;0;0;0;0;0;0;0;0;0;0;0;0;0;0;0;1;1;1;1;1;1;1;1;1;1;1;1;1;1;1;1;1;1;1;0;0;0;0;0;0;0;0;0;0.0004;0.088;-0.0884;0;0;0;0;0;0;0;0;0;0;0;0;0;0;0;0;0;0;0;0.0001;0;0;0;0;0.0004;0;0;0;0;0;0;0;-0.0004;-0.0884;0;0;0;0;0;0;0;0;0;-0.7452;0;0.7452;1;1;0;0;0;0
14/01/21 17:00;19.202;102.91;37.093;19.662;35.027;90;35.027;0;0;0;-0.0001;6.6701;0;0;0;0;0;0;0;0;0;0;0;0;0;1;1;1;1;0;0;0;0;0;0;0;0;0;0;0;0;0;0;0;0;0;0;0;0;0;0;0;0;0;0;0;0;0;0;0;0;0;0;0;1;1;1;1;1;1;1;1;1;1;1;1;1;1;1;1;1;1;1;0;0;0;0;0;0;0;0;0;0.0004;0.088;-0.0884;0;0;0;0;0;0;0;0;0;0;0;0;0;0;0;0;0;0;0;0.0001;0;0;0;0;0.0004;0;0;0;0;0;0;0;-0.0004;-0.0884;0;0;0;0;0;0;0;0;0;-0.7452;0;0.7452;1;1;0;0;0;0
14/01/21 18:00;7.4658;110.73;71.632;7.9761;11.69;90;11.69;0;0;0;-0.0001;4.36;0;0;0;0;0;0;0;0;0;0;0;0;0;1;1;1;1;0;0;0;0;0;0;0;0;0;0;0;0;0;0;0;0;0;0;0;0;0;0;0;0;0;0;0;0;0;0;0;0;0;0;0;1;1;1;1;1;1;1;1;1;1;1;1;1;1;1;1;1;1;1;0;0;0;0;0;0;0;0;0;0.0004;0.088;-0.0884;0;0;0;0;0;0;0;0;0;0;0;0;0;0;0;0;0;0;0;0.0001;0;0;0;0;0.0004;0;0;0;0;0;0;0;-0.0004;-0.0884;0;0;0;0;0;0;0;0;0;-0.7452;0;0.7452;1;1;0;0;0;0
14/01/21 19:00;0.8865;115.57;87.85;0.9827;1.4012;90;1.4012;0;0;0;-0.0001;3.4901;0;0;0;0;0;0;0;0;0;0;0;0;0;1;1;1;1;0;0;0;0;0;0;0;0;0;0;0;0;0;0;0;0;0;0;0;0;0;0;0;0;0;0;0;0;0;0;0;0;0;0;0;1;1;1;1;1;1;1;1;1;1;1;1;1;1;1;1;1;1;1;0;0;0;0;0;0;0;0;0;0.0004;0.088;-0.0884;0;0;0;0;0;0;0;0;0;0;0;0;0;0;0;0;0;0;0;0.0001;0;0;0;0;0.0004;0;0;0;0;0;0;0;-0.0004;-0.0884;0;0;0;0;0;0;0;0;0;-0.7452;0;0.7452;1;1;0;0;0;0
14/01/21 20:00;0;0;90;0;0;90;0;0;0;0;-0.0001;3.2799;0;0;0;0;0;0;0;0;0;0;0;0;0;1;1;1;1;0;0;0;0;0;0;0;0;0;0;0;0;0;0;0;0;0;0;0;0;0;0;0;0;0;0;0;0;0;0;0;0;0;0;0;1;1;1;1;1;1;1;1;1;1;1;1;1;1;1;1;1;1;1;0;0;0;0;0;0;0;0;0;0.0004;0.088;-0.0884;0;0;0;0;0;0;0;0;0;0;0;0;0;0;0;0;0;0;0;0.0001;0;0;0;0;0.0004;0;0;0;0;0;0;0;-0.0004;-0.0884;0;0;0;0;0;0;0;0;0;-0.7452;0;0.7452;1;1;0;0;0;0
14/01/21 21:00;0;0;90;0;0;90;0;0;0;0;-0.0001;3.1099;0;0;0;0;0;0;0;0;0;0;0;0;0;1;1;1;1;0;0;0;0;0;0;0;0;0;0;0;0;0;0;0;0;0;0;0;0;0;0;0;0;0;0;0;0;0;0;0;0;0;0;0;1;1;1;1;1;1;1;1;1;1;1;1;1;1;1;1;1;1;1;0;0;0;0;0;0;0;0;0;0.0004;0.088;-0.0884;0;0;0;0;0;0;0;0;0;0;0;0;0;0;0;0;0;0;0;0.0001;0;0;0;0;0.0004;0;0;0;0;0;0;0;-0.0004;-0.0884;0;0;0;0;0;0;0;0;0;-0.7452;0;0.7452;1;1;0;0;0;0
14/01/21 22:00;0;0;90;0;0;90;0;0;0;0;-0.0001;2.8601;0;0;0;0;0;0;0;0;0;0;0;0;0;1;1;1;1;0;0;0;0;0;0;0;0;0;0;0;0;0;0;0;0;0;0;0;0;0;0;0;0;0;0;0;0;0;0;0;0;0;0;0;1;1;1;1;1;1;1;1;1;1;1;1;1;1;1;1;1;1;1;0;0;0;0;0;0;0;0;0;0.0004;0.088;-0.0884;0;0;0;0;0;0;0;0;0;0;0;0;0;0;0;0;0;0;0;0.0001;0;0;0;0;0.0004;0;0;0;0;0;0;0;-0.0004;-0.0884;0;0;0;0;0;0;0;0;0;-0.7452;0;0.7452;1;1;0;0;0;0
14/01/21 23:00;0;0;90;0;0;90;0;0;0;0;-0.0001;2.66;0;0;0;0;0;0;0;0;0;0;0;0;0;1;1;1;1;0;0;0;0;0;0;0;0;0;0;0;0;0;0;0;0;0;0;0;0;0;0;0;0;0;0;0;0;0;0;0;0;0;0;0;1;1;1;1;1;1;1;1;1;1;1;1;1;1;1;1;1;1;1;0;0;0;0;0;0;0;0;0;0.0004;0.088;-0.0884;0;0;0;0;0;0;0;0;0;0;0;0;0;0;0;0;0;0;0;0.0001;0;0;0;0;0.0004;0;0;0;0;0;0;0;-0.0004;-0.0884;0;0;0;0;0;0;0;0;0;-0.7452;0;0.7452;1;1;0;0;0;0
15/01/21 00:00;0;0;90;0;0;90;0;0;0;0;-0.0001;2.4501;0;0;0;0;0;0;0;0;0;0;0;0;0;1;1;1;1;0;0;0;0;0;0;0;0;0;0;0;0;0;0;0;0;0;0;0;0;0;0;0;0;0;0;0;0;0;0;0;0;0;0;0;1;1;1;1;1;1;1;1;1;1;1;1;1;1;1;1;1;1;1;0;0;0;0;0;0;0;0;0;0.0004;0.088;-0.0884;0;0;0;0;0;0;0;0;0;0;0;0;0;0;0;0;0;0;0;0.0001;0;0;0;0;0.0004;0;0;0;0;0;0;0;-0.0004;-0.0884;0;0;0;0;0;0;0;0;0;-0.7452;0;0.7452;1;1;0;0;0;0
15/01/21 01:00;0;0;90;0;0;90;0;0;0;0;-0.0001;2.2;0;0;0;0;0;0;0;0;0;0;0;0;0;1;1;1;1;0;0;0;0;0;0;0;0;0;0;0;0;0;0;0;0;0;0;0;0;0;0;0;0;0;0;0;0;0;0;0;0;0;0;0;1;1;1;1;1;1;1;1;1;1;1;1;1;1;1;1;1;1;1;0;0;0;0;0;0;0;0;0;0.0004;0.088;-0.0884;0;0;0;0;0;0;0;0;0;0;0;0;0;0;0;0;0;0;0;0.0001;0;0;0;0;0.0004;0;0;0;0;0;0;0;-0.0004;-0.0884;0;0;0;0;0;0;0;0;0;-0.7452;0;0.7452;1;1;0;0;0;0
15/01/21 02:00;0;0;90;0;0;90;0;0;0;0;-0.0001;1.88;0;0;0;0;0;0;0;0;0;0;0;0;0;1;1;1;1;0;0;0;0;0;0;0;0;0;0;0;0;0;0;0;0;0;0;0;0;0;0;0;0;0;0;0;0;0;0;0;0;0;0;0;1;1;1;1;1;1;1;1;1;1;1;1;1;1;1;1;1;1;1;0;0;0;0;0;0;0;0;0;0.0004;0.088;-0.0884;0;0;0;0;0;0;0;0;0;0;0;0;0;0;0;0;0;0;0;0.0001;0;0;0;0;0.0004;0;0;0;0;0;0;0;-0.0004;-0.0884;0;0;0;0;0;0;0;0;0;-0.7452;0;0.7452;1;1;0;0;0;0
15/01/21 03:00;0;0;90;0;0;90;0;0;0;0;-0.0001;1.57;0;0;0;0;0;0;0;0;0;0;0;0;0;1;1;1;1;0;0;0;0;0;0;0;0;0;0;0;0;0;0;0;0;0;0;0;0;0;0;0;0;0;0;0;0;0;0;0;0;0;0;0;1;1;1;1;1;1;1;1;1;1;1;1;1;1;1;1;1;1;1;0;0;0;0;0;0;0;0;0;0.0004;0.088;-0.0884;0;0;0;0;0;0;0;0;0;0;0;0;0;0;0;0;0;0;0;0.0001;0;0;0;0;0.0004;0;0;0;0;0;0;0;-0.0004;-0.0884;0;0;0;0;0;0;0;0;0;-0.7452;0;0.7452;1;1;0;0;0;0
15/01/21 04:00;0;0;90;0;0;90;0;0;0;0;-0.0001;1.5299;0;0;0;0;0;0;0;0;0;0;0;0;0;1;1;1;1;0;0;0;0;0;0;0;0;0;0;0;0;0;0;0;0;0;0;0;0;0;0;0;0;0;0;0;0;0;0;0;0;0;0;0;1;1;1;1;1;1;1;1;1;1;1;1;1;1;1;1;1;1;1;0;0;0;0;0;0;0;0;0;0.0004;0.088;-0.0884;0;0;0;0;0;0;0;0;0;0;0;0;0;0;0;0;0;0;0;0.0001;0;0;0;0;0.0004;0;0;0;0;0;0;0;-0.0004;-0.0884;0;0;0;0;0;0;0;0;0;-0.7452;0;0.7452;1;1;0;0;0;0
15/01/21 05:00;5.2214;-112.1;77.249;5.633;8.1388;-90;-8.1388;0;0;0;-0.0001;2.34;0;0;0;0;0;0;0;0;0;0;0;0;0;1;1;1;1;0;0;0;0;0;0;0;0;0;0;0;0;0;0;0;0;0;0;0;0;0;0;0;0;0;0;0;0;0;0;0;0;0;0;0;1;1;1;1;1;1;1;1;1;1;1;1;1;1;1;1;1;1;1;0;0;0;0;0;0;0;0;0;0.0004;0.088;-0.0884;0;0;0;0;0;0;0;0;0;0;0;0;0;0;0;0;0;0;0;0.0001;0;0;0;0;0.0004;0;0;0;0;0;0;0;-0.0004;-0.0884;0;0;0;0;0;0;0;0;0;-0.7452;0;0.7452;1;1;0;0;0;0
15/01/21 06:00;16.476;-104.44;46.539;16.984;28.123;-90;-28.123;0;0;0;-0.0001;3.8901;0;0;0;0;0;0;0;0;0;0;0;0;0;1;1;1;1;0;0;0;0;0;0;0;0;0;0;0;0;0;0;0;0;0;0;0;0;0;0;0;0;0;0;0;0;0;0;0;0;0;0;0;1;1;1;1;1;1;1;1;1;1;1;1;1;1;1;1;1;1;1;0;0;0;0;0;0;0;0;0;0.0004;0.088;-0.0884;0;0;0;0;0;0;0;0;0;0;0;0;0;0;0;0;0;0;0;0.0001;0;0;0;0;0.0004;0;0;0;0;0;0;0;-0.0004;-0.0884;0;0;0;0;0;0;0;0;0;-0.7452;0;0.7452;1;1;0;0;0;0
15/01/21 07:00;28.526;-96.713;6.0382;28.692;60;-90;-60;0;0;0;-0.0001;5.3499;0;0;0;0;0;0;0;0;0;0;0;0;0;1;1;1;1;0;0;0;0;0;0;0;0;0;0;0;0;0;0;0;0;0;0;0;0;0;0;0;0;0;0;0;0;0;0;0;0;0;0;0;1;1;1;1;1;1;1;1;1;1;1;1;1;1;1;1;1;1;1;0;0;0;0;0;0;0;0;0;0.0004;0.088;-0.0884;0;0;0;0;0;0;0;0;0;0;0;0;0;0;0;0;0;0;0;0.0001;0;0;0;0;0.0004;0;0;0;0;0;0;0;-0.0004;-0.0884;0;0;0;0;0;0;0;0;0;-0.7452;0;0.7452;1;1;0;0;0;0
15/01/21 08:00;40.77;-88.43;1.1887;40.781;49.219;-90;-49.219;0;0;0;-0.0001;6.2999;0;0;0;0;0;0;0;0;0;0;0;0;0;1;1;1;1;0;0;0;0;0;0;0;0;0;0;0;0;0;0;0;0;0;0;0;0;0;0;0;0;0;0;0;0;0;0;0;0;0;0;0;1;1;1;1;1;1;1;1;1;1;1;1;1;1;1;1;1;1;1;0;0;0;0;0;0;0;0;0;0.0004;0.088;-0.0884;0;0;0;0;0;0;0;0;0;0;0;0;0;0;0;0;0;0;0;0.0001;0;0;0;0;0.0004;0;0;0;0;0;0;0;-0.0004;-0.0884;0;0;0;0;0;0;0;0;0;-0.7452;0;0.7452;1;1;0;0;0;0
15/01/21 09:00;52.945;-78.242;7.0531;53.528;36.472;-90;-36.472;0;0;0;-0.0001;7.06;0;0;0;0;0;0;0;0;0;0;0;0;0;1;1;1;1;0;0;0;0;0;0;0;0;0;0;0;0;0;0;0;0;0;0;0;0;0;0;0;0;0;0;0;0;0;0;0;0;0;0;0;1;1;1;1;1;1;1;1;1;1;1;1;1;1;1;1;1;1;1;0;0;0;0;0;0;0;0;0;0.0004;0.088;-0.0884;0;0;0;0;0;0;0;0;0;0;0;0;0;0;0;0;0;0;0;0.0001;0;0;0;0;0.0004;0;0;0;0;0;0;0;-0.0004;-0.0884;0;0;0;0;0;0;0;0;0;-0.7452;0;0.7452;1;1;0;0;0;0
15/01/21 10:00;64.525;-62.82;11.33;67.032;22.969;-90;-22.969;0;0;0;-0.0001;7.93;0;0;0;0;0;0;0;0;0;0;0;0;0;1;1;1;1;0;0;0;0;0;0;0;0;0;0;0;0;0;0;0;0;0;0;0;0;0;0;0;0;0;0;0;0;0;0;0;0;0;0;0;1;1;1;1;1;1;1;1;1;1;1;1;1;1;1;1;1;1;1;0;0;0;0;0;0;0;0;0;0.0004;0.088;-0.0884;0;0;0;0;0;0;0;0;0;0;0;0;0;0;0;0;0;0;0;0.0001;0;0;0;0;0.0004;0;0;0;0;0;0;0;-0.0004;-0.0884;0;0;0;0;0;0;0;0;0;-0.7452;0;0.7452;1;1;0;0;0;0
15/01/21 11:00;73.748;-32.223;13.695;81.165;8.8353;-90;-8.8353;0;0;0;-0.0001;8.7699;0;0;0;0;0;0;0;0;0;0;0;0;0;1;1;1;1;0;0;0;0;0;0;0;0;0;0;0;0;0;0;0;0;0;0;0;0;0;0;0;0;0;0;0;0;0;0;0;0;0;0;0;1;1;1;1;1;1;1;1;1;1;1;1;1;1;1;1;1;1;1;0;0;0;0;0;0;0;0;0;0.0004;0.088;-0.0884;0;0;0;0;0;0;0;0;0;0;0;0;0;0;0;0;0;0;0;0.0001;0;0;0;0;0.0004;0;0;0;0;0;0;0;-0.0004;-0.0884;0;0;0;0;0;0;0;0;0;-0.7452;0;0.7452;1;1;0;0;0;0
15/01/21 12:00;75.005;21.384;13.941;84.422;5.5779;90;5.5779;0;0;0;-0.0001;9.4099;0;0;0;0;0;0;0;0;0;0;0;0;0;1;1;1;1;0;0;0;0;0;0;0;0;0;0;0;0;0;0;0;0;0;0;0;0;0;0;0;0;0;0;0;0;0;0;0;0;0;0;0;1;1;1;1;1;1;1;1;1;1;1;1;1;1;1;1;1;1;1;0;0;0;0;0;0;0;0;0;0.0004;0.088;-0.0884;0;0;0;0;0;0;0;0;0;0;0;0;0;0;0;0;0;0;0;0.0001;0;0;0;0;0.0004;0;0;0;0;0;0;0;-0.0004;-0.0884;0;0;0;0;0;0;0;0;0;-0.7452;0;0.7452;1;1;0;0;0;0
15/01/21 13:00;66.941;57.81;12.044;70.188;19.812;90;19.812;0;0;0;-0.0001;10.01;0;0;0;0;0;0;0;0;0;0;0;0;0;1;1;1;1;0;0;0;0;0;0;0;0;0;0;0;0;0;0;0;0;0;0;0;0;0;0;0;0;0;0;0;0;0;0;0;0;0;0;0;1;1;1;1;1;1;1;1;1;1;1;1;1;1;1;1;1;1;1;0;0;0;0;0;0;0;0;0;0.0004;0.088;-0.0884;0;0;0;0;0;0;0;0;0;0;0;0;0;0;0;0;0;0;0;0.0001;0;0;0;0;0.0004;0;0;0;0;0;0;0;-0.0004;-0.0884;0;0;0;0;0;0;0;0;0;-0.7452;0;0.7452;1;1;0;0;0;0
15/01/21 14:00;55.652;75.404;8.1743;56.522;33.478;90;33.478;0;0;0;-0.0001;10.42;0;0;0;0;0;0;0;0;0;0;0;0;0;1;1;1;1;0;0;0;0;0;0;0;0;0;0;0;0;0;0;0;0;0;0;0;0;0;0;0;0;0;0;0;0;0;0;0;0;0;0;0;1;1;1;1;1;1;1;1;1;1;1;1;1;1;1;1;1;1;1;0;0;0;0;0;0;0;0;0;0.0004;0.088;-0.0884;0;0;0;0;0;0;0;0;0;0;0;0;0;0;0;0;0;0;0;0.0001;0;0;0;0;0.0004;0;0;0;0;0;0;0;-0.0004;-0.0884;0;0;0;0;0;0;0;0;0;-0.7452;0;0.7452;1;1;0;0;0;0
15/01/21 15:00;43.547;86.36;2.6377;43.605;46.395;90;46.395;0;0;0;-0.0001;10.6;0;0;0;0;0;0;0;0;0;0;0;0;0;1;1;1;1;0;0;0;0;0;0;0;0;0;0;0;0;0;0;0;0;0;0;0;0;0;0;0;0;0;0;0;0;0;0;0;0;0;0;0;1;1;1;1;1;1;1;1;1;1;1;1;1;1;1;1;1;1;1;0;0;0;0;0;0;0;0;0;0.0004;0.088;-0.0884;0;0;0;0;0;0;0;0;0;0;0;0;0;0;0;0;0;0;0;0.0001;0;0;0;0;0.0004;0;0;0;0;0;0;0;-0.0004;-0.0884;0;0;0;0;0;0;0;0;0;-0.7452;0;0.7452;1;1;0;0;0;0
15/01/21 16:00;31.292;94.919;4.2022;31.386;58.614;90;58.614;0;0;0;-0.0001;10.66;0;0;0;0;0;0;0;0;0;0;0;0;0;1;1;1;1;0;0;0;0;0;0;0;0;0;0;0;0;0;0;0;0;0;0;0;0;0;0;0;0;0;0;0;0;0;0;0;0;0;0;0;1;1;1;1;1;1;1;1;1;1;1;1;1;1;1;1;1;1;1;0;0;0;0;0;0;0;0;0;0.0004;0.088;-0.0884;0;0;0;0;0;0;0;0;0;0;0;0;0;0;0;0;0;0;0;0.0001;0;0;0;0;0.0004;0;0;0;0;0;0;0;-0.0004;-0.0884;0;0;0;0;0;0;0;0;0;-0.7452;0;0.7452;1;1;0;0;0;0
15/01/21 17:00;19.179;102.7;37.18;19.623;34.913;90;34.913;0;0;0;-0.0001;10.16;0;0;0;0;0;0;0;0;0;0;0;0;0;1;1;1;1;0;0;0;0;0;0;0;0;0;0;0;0;0;0;0;0;0;0;0;0;0;0;0;0;0;0;0;0;0;0;0;0;0;0;0;1;1;1;1;1;1;1;1;1;1;1;1;1;1;1;1;1;1;1;0;0;0;0;0;0;0;0;0;0.0004;0.088;-0.0884;0;0;0;0;0;0;0;0;0;0;0;0;0;0;0;0;0;0;0;0.0001;0;0;0;0;0.0004;0;0;0;0;0;0;0;-0.0004;-0.0884;0;0;0;0;0;0;0;0;0;-0.7452;0;0.7452;1;1;0;0;0;0
15/01/21 18:00;7.4301;110.53;71.722;7.9278;11.615;90;11.615;0;0;0;-0.0001;8.7699;0;0;0;0;0;0;0;0;0;0;0;0;0;1;1;1;1;0;0;0;0;0;0;0;0;0;0;0;0;0;0;0;0;0;0;0;0;0;0;0;0;0;0;0;0;0;0;0;0;0;0;0;1;1;1;1;1;1;1;1;1;1;1;1;1;1;1;1;1;1;1;0;0;0;0;0;0;0;0;0;0.0004;0.088;-0.0884;0;0;0;0;0;0;0;0;0;0;0;0;0;0;0;0;0;0;0;0.0001;0;0;0;0;0.0004;0;0;0;0;0;0;0;-0.0004;-0.0884;0;0;0;0;0;0;0;0;0;-0.7452;0;0.7452;1;1;0;0;0;0
15/01/21 19:00;0.8411;115.37;87.96;0.9309;1.3273;90;1.3273;0;0;0;-0.0001;8.1101;0;0;0;0;0;0;0;0;0;0;0;0;0;1;1;1;1;0;0;0;0;0;0;0;0;0;0;0;0;0;0;0;0;0;0;0;0;0;0;0;0;0;0;0;0;0;0;0;0;0;0;0;1;1;1;1;1;1;1;1;1;1;1;1;1;1;1;1;1;1;1;0;0;0;0;0;0;0;0;0;0.0004;0.088;-0.0884;0;0;0;0;0;0;0;0;0;0;0;0;0;0;0;0;0;0;0;0.0001;0;0;0;0;0.0004;0;0;0;0;0;0;0;-0.0004;-0.0884;0;0;0;0;0;0;0;0;0;-0.7452;0;0.7452;1;1;0;0;0;0
15/01/21 20:00;0;0;90;0;0;90;0;0;0;0;-0.0001;7.53;0;0;0;0;0;0;0;0;0;0;0;0;0;1;1;1;1;0;0;0;0;0;0;0;0;0;0;0;0;0;0;0;0;0;0;0;0;0;0;0;0;0;0;0;0;0;0;0;0;0;0;0;1;1;1;1;1;1;1;1;1;1;1;1;1;1;1;1;1;1;1;0;0;0;0;0;0;0;0;0;0.0004;0.088;-0.0884;0;0;0;0;0;0;0;0;0;0;0;0;0;0;0;0;0;0;0;0.0001;0;0;0;0;0.0004;0;0;0;0;0;0;0;-0.0004;-0.0884;0;0;0;0;0;0;0;0;0;-0.7452;0;0.7452;1;1;0;0;0;0
15/01/21 21:00;0;0;90;0;0;90;0;0;0;0;-0.0001;6.6701;0;0;0;0;0;0;0;0;0;0;0;0;0;1;1;1;1;0;0;0;0;0;0;0;0;0;0;0;0;0;0;0;0;0;0;0;0;0;0;0;0;0;0;0;0;0;0;0;0;0;0;0;1;1;1;1;1;1;1;1;1;1;1;1;1;1;1;1;1;1;1;0;0;0;0;0;0;0;0;0;0.0004;0.088;-0.0884;0;0;0;0;0;0;0;0;0;0;0;0;0;0;0;0;0;0;0;0.0001;0;0;0;0;0.0004;0;0;0;0;0;0;0;-0.0004;-0.0884;0;0;0;0;0;0;0;0;0;-0.7452;0;0.7452;1;1;0;0;0;0
15/01/21 22:00;0;0;90;0;0;90;0;0;0;0;-0.0001;6.43;0;0;0;0;0;0;0;0;0;0;0;0;0;1;1;1;1;0;0;0;0;0;0;0;0;0;0;0;0;0;0;0;0;0;0;0;0;0;0;0;0;0;0;0;0;0;0;0;0;0;0;0;1;1;1;1;1;1;1;1;1;1;1;1;1;1;1;1;1;1;1;0;0;0;0;0;0;0;0;0;0.0004;0.088;-0.0884;0;0;0;0;0;0;0;0;0;0;0;0;0;0;0;0;0;0;0;0.0001;0;0;0;0;0.0004;0;0;0;0;0;0;0;-0.0004;-0.0884;0;0;0;0;0;0;0;0;0;-0.7452;0;0.7452;1;1;0;0;0;0
15/01/21 23:00;0;0;90;0;0;90;0;0;0;0;-0.0001;6.1499;0;0;0;0;0;0;0;0;0;0;0;0;0;1;1;1;1;0;0;0;0;0;0;0;0;0;0;0;0;0;0;0;0;0;0;0;0;0;0;0;0;0;0;0;0;0;0;0;0;0;0;0;1;1;1;1;1;1;1;1;1;1;1;1;1;1;1;1;1;1;1;0;0;0;0;0;0;0;0;0;0.0004;0.088;-0.0884;0;0;0;0;0;0;0;0;0;0;0;0;0;0;0;0;0;0;0;0.0001;0;0;0;0;0.0004;0;0;0;0;0;0;0;-0.0004;-0.0884;0;0;0;0;0;0;0;0;0;-0.7452;0;0.7452;1;1;0;0;0;0
16/01/21 00:00;0;0;90;0;0;90;0;0;0;0;-0.0001;5.84;0;0;0;0;0;0;0;0;0;0;0;0;0;1;1;1;1;0;0;0;0;0;0;0;0;0;0;0;0;0;0;0;0;0;0;0;0;0;0;0;0;0;0;0;0;0;0;0;0;0;0;0;1;1;1;1;1;1;1;1;1;1;1;1;1;1;1;1;1;1;1;0;0;0;0;0;0;0;0;0;0.0004;0.088;-0.0884;0;0;0;0;0;0;0;0;0;0;0;0;0;0;0;0;0;0;0;0.0001;0;0;0;0;0.0004;0;0;0;0;0;0;0;-0.0004;-0.0884;0;0;0;0;0;0;0;0;0;-0.7452;0;0.7452;1;1;0;0;0;0
16/01/21 01:00;0;0;90;0;0;90;0;0;0;0;-0.0001;5.63;0;0;0;0;0;0;0;0;0;0;0;0;0;1;1;1;1;0;0;0;0;0;0;0;0;0;0;0;0;0;0;0;0;0;0;0;0;0;0;0;0;0;0;0;0;0;0;0;0;0;0;0;1;1;1;1;1;1;1;1;1;1;1;1;1;1;1;1;1;1;1;0;0;0;0;0;0;0;0;0;0.0004;0.088;-0.0884;0;0;0;0;0;0;0;0;0;0;0;0;0;0;0;0;0;0;0;0.0001;0;0;0;0;0.0004;0;0;0;0;0;0;0;-0.0004;-0.0884;0;0;0;0;0;0;0;0;0;-0.7452;0;0.7452;1;1;0;0;0;0
16/01/21 02:00;0;0;90;0;0;90;0;0;0;0;-0.0001;5.45;0;0;0;0;0;0;0;0;0;0;0;0;0;1;1;1;1;0;0;0;0;0;0;0;0;0;0;0;0;0;0;0;0;0;0;0;0;0;0;0;0;0;0;0;0;0;0;0;0;0;0;0;1;1;1;1;1;1;1;1;1;1;1;1;1;1;1;1;1;1;1;0;0;0;0;0;0;0;0;0;0.0004;0.088;-0.0884;0;0;0;0;0;0;0;0;0;0;0;0;0;0;0;0;0;0;0;0.0001;0;0;0;0;0.0004;0;0;0;0;0;0;0;-0.0004;-0.0884;0;0;0;0;0;0;0;0;0;-0.7452;0;0.7452;1;1;0;0;0;0
16/01/21 03:00;0;0;90;0;0;90;0;0;0;0;-0.0001;5.29;0;0;0;0;0;0;0;0;0;0;0;0;0;1;1;1;1;0;0;0;0;0;0;0;0;0;0;0;0;0;0;0;0;0;0;0;0;0;0;0;0;0;0;0;0;0;0;0;0;0;0;0;1;1;1;1;1;1;1;1;1;1;1;1;1;1;1;1;1;1;1;0;0;0;0;0;0;0;0;0;0.0004;0.088;-0.0884;0;0;0;0;0;0;0;0;0;0;0;0;0;0;0;0;0;0;0;0.0001;0;0;0;0;0.0004;0;0;0;0;0;0;0;-0.0004;-0.0884;0;0;0;0;0;0;0;0;0;-0.7452;0;0.7452;1;1;0;0;0;0
16/01/21 04:00;0;0;90;0;0;90;0;0;0;0;-0.0001;5.52;0;0;0;0;0;0;0;0;0;0;0;0;0;1;1;1;1;0;0;0;0;0;0;0;0;0;0;0;0;0;0;0;0;0;0;0;0;0;0;0;0;0;0;0;0;0;0;0;0;0;0;0;1;1;1;1;1;1;1;1;1;1;1;1;1;1;1;1;1;1;1;0;0;0;0;0;0;0;0;0;0.0004;0.088;-0.0884;0;0;0;0;0;0;0;0;0;0;0;0;0;0;0;0;0;0;0;0.0001;0;0;0;0;0.0004;0;0;0;0;0;0;0;-0.0004;-0.0884;0;0;0;0;0;0;0;0;0;-0.7452;0;0.7452;1;1;0;0;0;0
16/01/21 05:00;5.2328;-111.86;77.221;5.6356;8.1427;-90;-8.1427;0;0;0;-0.0001;6.89;0;0;0;0;0;0;0;0;0;0;0;0;0;1;1;1;1;0;0;0;0;0;0;0;0;0;0;0;0;0;0;0;0;0;0;0;0;0;0;0;0;0;0;0;0;0;0;0;0;0;0;0;1;1;1;1;1;1;1;1;1;1;1;1;1;1;1;1;1;1;1;0;0;0;0;0;0;0;0;0;0.0004;0.088;-0.0884;0;0;0;0;0;0;0;0;0;0;0;0;0;0;0;0;0;0;0;0.0001;0;0;0;0;0.0004;0;0;0;0;0;0;0;-0.0004;-0.0884;0;0;0;0;0;0;0;0;0;-0.7452;0;0.7452;1;1;0;0;0;0
16/01/21 06:00;16.306;-104.32;47.084;16.799;27.704;-90;-27.704;0;0;0;-0.0001;7.44;0;0;0;0;0;0;0;0;0;0;0;0;0;1;1;1;1;0;0;0;0;0;0;0;0;0;0;0;0;0;0;0;0;0;0;0;0;0;0;0;0;0;0;0;0;0;0;0;0;0;0;0;1;1;1;1;1;1;1;1;1;1;1;1;1;1;1;1;1;1;1;0;0;0;0;0;0;0;0;0;0.0004;0.088;-0.0884;0;0;0;0;0;0;0;0;0;0;0;0;0;0;0;0;0;0;0;0.0001;0;0;0;0;0.0004;0;0;0;0;0;0;0;-0.0004;-0.0884;0;0;0;0;0;0;0;0;0;-0.7452;0;0.7452;1;1;0;0;0;0
16/01/21 07:00;28.36;-96.571;5.9658;28.519;60;-90;-60;0;0;0;-0.0001;7.3399;0;0;0;0;0;0;0;0;0;0;0;0;0;1;1;1;1;0;0;0;0;0;0;0;0;0;0;0;0;0;0;0;0;0;0;0;0;0;0;0;0;0;0;0;0;0;0;0;0;0;0;0;1;1;1;1;1;1;1;1;1;1;1;1;1;1;1;1;1;1;1;0;0;0;0;0;0;0;0;0;0.0004;0.088;-0.0884;0;0;0;0;0;0;0;0;0;0;0;0;0;0;0;0;0;0;0;0.0001;0;0;0;0;0.0004;0;0;0;0;0;0;0;-0.0004;-0.0884;0;0;0;0;0;0;0;0;0;-0.7452;0;0.7452;1;1;0;0;0;0
16/01/21 08:00;40.606;-88.263;1.3187;40.619;49.381;-90;-49.381;0;0;0;-0.0001;7.19;0;0;0;0;0;0;0;0;0;0;0;0;0;1;1;1;1;0;0;0;0;0;0;0;0;0;0;0;0;0;0;0;0;0;0;0;0;0;0;0;0;0;0;0;0;0;0;0;0;0;0;0;1;1;1;1;1;1;1;1;1;1;1;1;1;1;1;1;1;1;1;0;0;0;0;0;0;0;0;0;0.0004;0.088;-0.0884;0;0;0;0;0;0;0;0;0;0;0;0;0;0;0;0;0;0;0;0.0001;0;0;0;0;0.0004;0;0;0;0;0;0;0;-0.0004;-0.0884;0;0;0;0;0;0;0;0;0;-0.7452;0;0.7452;1;1;0;0;0;0
16/01/21 09:00;52.776;-78.042;7.2002;53.38;36.62;-90;-36.62;0;0;0;-0.0001;7.2401;0;0;0;0;0;0;0;0;0;0;0;0;0;1;1;1;1;0;0;0;0;0;0;0;0;0;0;0;0;0;0;0;0;0;0;0;0;0;0;0;0;0;0;0;0;0;0;0;0;0;0;0;1;1;1;1;1;1;1;1;1;1;1;1;1;1;1;1;1;1;1;0;0;0;0;0;0;0;0;0;0.0004;0.088;-0.0884;0;0;0;0;0;0;0;0;0;0;0;0;0;0;0;0;0;0;0;0.0001;0;0;0;0;0.0004;0;0;0;0;0;0;0;-0.0004;-0.0884;0;0;0;0;0;0;0;0;0;-0.7452;0;0.7452;1;1;0;0;0;0
16/01/21 10:00;64.341;-62.597;11.496;66.903;23.097;-90;-23.097;0;0;0;-0.0001;7.4099;0;0;0;0;0;0;0;0;0;0;0;0;0;1;1;1;1;0;0;0;0;0;0;0;0;0;0;0;0;0;0;0;0;0;0;0;0;0;0;0;0;0;0;0;0;0;0;0;0;0;0;0;1;1;1;1;1;1;1;1;1;1;1;1;1;1;1;1;1;1;1;0;0;0;0;0;0;0;0;0;0.0004;0.088;-0.0884;0;0;0;0;0;0;0;0;0;0;0;0;0;0;0;0;0;0;0;0.0001;0;0;0;0;0.0004;0;0;0;0;0;0;0;-0.0004;-0.0884;0;0;0;0;0;0;0;0;0;-0.7452;0;0.7452;1;1;0;0;0;0
16/01/21 11:00;73.541;-32.166;13.877;81.062;8.9385;-90;-8.9385;0;0;0;-0.0001;7.75;0;0;0;0;0;0;0;0;0;0;0;0;0;1;1;1;1;0;0;0;0;0;0;0;0;0;0;0;0;0;0;0;0;0;0;0;0;0;0;0;0;0;0;0;0;0;0;0;0;0;0;0;1;1;1;1;1;1;1;1;1;1;1;1;1;1;1;1;1;1;1;0;0;0;0;0;0;0;0;0;0.0004;0.088;-0.0884;0;0;0;0;0;0;0;0;0;0;0;0;0;0;0;0;0;0;0;0.0001;0;0;0;0;0.0004;0;0;0;0;0;0;0;-0.0004;-0.0884;0;0;0;0;0;0;0;0;0;-0.7452;0;0.7452;1;1;0;0;0;0
16/01/21 12:00;74.851;20.851;14.136;84.495;5.5047;90;5.5047;0;0;0;-0.0001;8.2099;0;0;0;0;0;0;0;0;0;0;0;0;0;1;1;1;1;0;0;0;0;0;0;0;0;0;0;0;0;0;0;0;0;0;0;0;0;0;0;0;0;0;0;0;0;0;0;0;0;0;0;0;1;1;1;1;1;1;1;1;1;1;1;1;1;1;1;1;1;1;1;0;0;0;0;0;0;0;0;0;0.0004;0.088;-0.0884;0;0;0;0;0;0;0;0;0;0;0;0;0;0;0;0;0;0;0;0.0001;0;0;0;0;0.0004;0;0;0;0;0;0;0;-0.0004;-0.0884;0;0;0;0;0;0;0;0;0;-0.7452;0;0.7452;1;1;0;0;0;0
16/01/21 13:00;66.874;57.309;12.247;70.23;19.77;90;19.77;0;0;0;-0.0001;8.74;0;0;0;0;0;0;0;0;0;0;0;0;0;1;1;1;1;0;0;0;0;0;0;0;0;0;0;0;0;0;0;0;0;0;0;0;0;0;0;0;0;0;0;0;0;0;0;0;0;0;0;0;1;1;1;1;1;1;1;1;1;1;1;1;1;1;1;1;1;1;1;0;0;0;0;0;0;0;0;0;0.0004;0.088;-0.0884;0;0;0;0;0;0;0;0;0;0;0;0;0;0;0;0;0;0;0;0.0001;0;0;0;0;0.0004;0;0;0;0;0;0;0;-0.0004;-0.0884;0;0;0;0;0;0;0;0;0;-0.7452;0;0.7452;1;1;0;0;0;0
16/01/21 14:00;55.62;75.04;8.3816;56.535;33.465;90;33.465;0;0;0;-0.0001;9.04;0;0;0;0;0;0;0;0;0;0;0;0;0;1;1;1;1;0;0;0;0;0;0;0;0;0;0;0;0;0;0;0;0;0;0;0;0;0;0;0;0;0;0;0;0;0;0;0;0;0;0;0;1;1;1;1;1;1;1;1;1;1;1;1;1;1;1;1;1;1;1;0;0;0;0;0;0;0;0;0;0.0004;0.088;-0.0884;0;0;0;0;0;0;0;0;0;0;0;0;0;0;0;0;0;0;0;0.0001;0;0;0;0;0.0004;0;0;0;0;0;0;0;-0.0004;-0.0884;0;0;0;0;0;0;0;0;0;-0.7452;0;0.7452;1;1;0;0;0;0
16/01/21 15:00;43.526;86.075;2.8451;43.594;46.406;90;46.406;0;0;0;-0.0001;8.94;0;0;0;0;0;0;0;0;0;0;0;0;0;1;1;1;1;0;0;0;0;0;0;0;0;0;0;0;0;0;0;0;0;0;0;0;0;0;0;0;0;0;0;0;0;0;0;0;0;0;0;0;1;1;1;1;1;1;1;1;1;1;1;1;1;1;1;1;1;1;1;0;0;0;0;0;0;0;0;0;0.0004;0.088;-0.0884;0;0;0;0;0;0;0;0;0;0;0;0;0;0;0;0;0;0;0;0.0001;0;0;0;0;0.0004;0;0;0;0;0;0;0;-0.0004;-0.0884;0;0;0;0;0;0;0;0;0;-0.7452;0;0.7452;1;1;0;0;0;0
16/01/21 16:00;31.27;94.677;3.9967;31.355;58.645;90;58.645;0;0;0;-0.0001;8.47;0;0;0;0;0;0;0;0;0;0;0;0;0;1;1;1;1;0;0;0;0;0;0;0;0;0;0;0;0;0;0;0;0;0;0;0;0;0;0;0;0;0;0;0;0;0;0;0;0;0;0;0;1;1;1;1;1;1;1;1;1;1;1;1;1;1;1;1;1;1;1;0;0;0;0;0;0;0;0;0;0.0004;0.088;-0.0884;0;0;0;0;0;0;0;0;0;0;0;0;0;0;0;0;0;0;0;0.0001;0;0;0;0;0.0004;0;0;0;0;0;0;0;-0.0004;-0.0884;0;0;0;0;0;0;0;0;0;-0.7452;0;0.7452;1;1;0;0;0;0
16/01/21 17:00;19.15;102.48;37.288;19.579;34.783;90;34.783;0;0;0;-0.0001;7.3101;0;0;0;0;0;0;0;0;0;0;0;0;0;1;1;1;1;0;0;0;0;0;0;0;0;0;0;0;0;0;0;0;0;0;0;0;0;0;0;0;0;0;0;0;0;0;0;0;0;0;0;0;1;1;1;1;1;1;1;1;1;1;1;1;1;1;1;1;1;1;1;0;0;0;0;0;0;0;0;0;0.0004;0.088;-0.0884;0;0;0;0;0;0;0;0;0;0;0;0;0;0;0;0;0;0;0;0.0001;0;0;0;0;0.0004;0;0;0;0;0;0;0;-0.0004;-0.0884;0;0;0;0;0;0;0;0;0;-0.7452;0;0.7452;1;1;0;0;0;0
16/01/21 18:00;7.3889;110.32;71.826;7.8734;11.531;90;11.531;0;0;0;-0.0001;5.1701;0;0;0;0;0;0;0;0;0;0;0;0;0;1;1;1;1;0;0;0;0;0;0;0;0;0;0;0;0;0;0;0;0;0;0;0;0;0;0;0;0;0;0;0;0;0;0;0;0;0;0;0;1;1;1;1;1;1;1;1;1;1;1;1;1;1;1;1;1;1;1;0;0;0;0;0;0;0;0;0;0.0004;0.088;-0.0884;0;0;0;0;0;0;0;0;0;0;0;0;0;0;0;0;0;0;0;0.0001;0;0;0;0;0.0004;0;0;0;0;0;0;0;-0.0004;-0.0884;0;0;0;0;0;0;0;0;0;-0.7452;0;0.7452;1;1;0;0;0;0
16/01/21 19:00;0.9752;115.02;87.634;1.0762;1.5347;90;1.5347;0;0;0;-0.0001;4.5399;0;0;0;0;0;0;0;0;0;0;0;0;0;1;1;1;1;0;0;0;0;0;0;0;0;0;0;0;0;0;0;0;0;0;0;0;0;0;0;0;0;0;0;0;0;0;0;0;0;0;0;0;1;1;1;1;1;1;1;1;1;1;1;1;1;1;1;1;1;1;1;0;0;0;0;0;0;0;0;0;0.0004;0.088;-0.0884;0;0;0;0;0;0;0;0;0;0;0;0;0;0;0;0;0;0;0;0.0001;0;0;0;0;0.0004;0;0;0;0;0;0;0;-0.0004;-0.0884;0;0;0;0;0;0;0;0;0;-0.7452;0;0.7452;1;1;0;0;0;0
16/01/21 20:00;0;0;90;0;0;90;0;0;0;0;-0.0001;4.5301;0;0;0;0;0;0;0;0;0;0;0;0;0;1;1;1;1;0;0;0;0;0;0;0;0;0;0;0;0;0;0;0;0;0;0;0;0;0;0;0;0;0;0;0;0;0;0;0;0;0;0;0;1;1;1;1;1;1;1;1;1;1;1;1;1;1;1;1;1;1;1;0;0;0;0;0;0;0;0;0;0.0004;0.088;-0.0884;0;0;0;0;0;0;0;0;0;0;0;0;0;0;0;0;0;0;0;0.0001;0;0;0;0;0.0004;0;0;0;0;0;0;0;-0.0004;-0.0884;0;0;0;0;0;0;0;0;0;-0.7452;0;0.7452;1;1;0;0;0;0
16/01/21 21:00;0;0;90;0;0;90;0;0;0;0;-0.0001;3.8299;0;0;0;0;0;0;0;0;0;0;0;0;0;1;1;1;1;0;0;0;0;0;0;0;0;0;0;0;0;0;0;0;0;0;0;0;0;0;0;0;0;0;0;0;0;0;0;0;0;0;0;0;1;1;1;1;1;1;1;1;1;1;1;1;1;1;1;1;1;1;1;0;0;0;0;0;0;0;0;0;0.0004;0.088;-0.0884;0;0;0;0;0;0;0;0;0;0;0;0;0;0;0;0;0;0;0;0.0001;0;0;0;0;0.0004;0;0;0;0;0;0;0;-0.0004;-0.0884;0;0;0;0;0;0;0;0;0;-0.7452;0;0.7452;1;1;0;0;0;0
16/01/21 22:00;0;0;90;0;0;90;0;0;0;0;-0.0001;3.1899;0;0;0;0;0;0;0;0;0;0;0;0;0;1;1;1;1;0;0;0;0;0;0;0;0;0;0;0;0;0;0;0;0;0;0;0;0;0;0;0;0;0;0;0;0;0;0;0;0;0;0;0;1;1;1;1;1;1;1;1;1;1;1;1;1;1;1;1;1;1;1;0;0;0;0;0;0;0;0;0;0.0004;0.088;-0.0884;0;0;0;0;0;0;0;0;0;0;0;0;0;0;0;0;0;0;0;0.0001;0;0;0;0;0.0004;0;0;0;0;0;0;0;-0.0004;-0.0884;0;0;0;0;0;0;0;0;0;-0.7452;0;0.7452;1;1;0;0;0;0
16/01/21 23:00;0;0;90;0;0;90;0;0;0;0;-0.0001;2.97;0;0;0;0;0;0;0;0;0;0;0;0;0;1;1;1;1;0;0;0;0;0;0;0;0;0;0;0;0;0;0;0;0;0;0;0;0;0;0;0;0;0;0;0;0;0;0;0;0;0;0;0;1;1;1;1;1;1;1;1;1;1;1;1;1;1;1;1;1;1;1;0;0;0;0;0;0;0;0;0;0.0004;0.088;-0.0884;0;0;0;0;0;0;0;0;0;0;0;0;0;0;0;0;0;0;0;0.0001;0;0;0;0;0.0004;0;0;0;0;0;0;0;-0.0004;-0.0884;0;0;0;0;0;0;0;0;0;-0.7452;0;0.7452;1;1;0;0;0;0
17/01/21 00:00;0;0;90;0;0;90;0;0;0;0;-0.0001;2.9599;0;0;0;0;0;0;0;0;0;0;0;0;0;1;1;1;1;0;0;0;0;0;0;0;0;0;0;0;0;0;0;0;0;0;0;0;0;0;0;0;0;0;0;0;0;0;0;0;0;0;0;0;1;1;1;1;1;1;1;1;1;1;1;1;1;1;1;1;1;1;1;0;0;0;0;0;0;0;0;0;0.0004;0.088;-0.0884;0;0;0;0;0;0;0;0;0;0;0;0;0;0;0;0;0;0;0;0.0001;0;0;0;0;0.0004;0;0;0;0;0;0;0;-0.0004;-0.0884;0;0;0;0;0;0;0;0;0;-0.7452;0;0.7452;1;1;0;0;0;0
17/01/21 01:00;0;0;90;0;0;90;0;0;0;0;-0.0001;2.9301;0;0;0;0;0;0;0;0;0;0;0;0;0;1;1;1;1;0;0;0;0;0;0;0;0;0;0;0;0;0;0;0;0;0;0;0;0;0;0;0;0;0;0;0;0;0;0;0;0;0;0;0;1;1;1;1;1;1;1;1;1;1;1;1;1;1;1;1;1;1;1;0;0;0;0;0;0;0;0;0;0.0004;0.088;-0.0884;0;0;0;0;0;0;0;0;0;0;0;0;0;0;0;0;0;0;0;0.0001;0;0;0;0;0.0004;0;0;0;0;0;0;0;-0.0004;-0.0884;0;0;0;0;0;0;0;0;0;-0.7452;0;0.7452;1;1;0;0;0;0
17/01/21 02:00;0;0;90;0;0;90;0;0;0;0;-0.0001;2.8799;0;0;0;0;0;0;0;0;0;0;0;0;0;1;1;1;1;0;0;0;0;0;0;0;0;0;0;0;0;0;0;0;0;0;0;0;0;0;0;0;0;0;0;0;0;0;0;0;0;0;0;0;1;1;1;1;1;1;1;1;1;1;1;1;1;1;1;1;1;1;1;0;0;0;0;0;0;0;0;0;0.0004;0.088;-0.0884;0;0;0;0;0;0;0;0;0;0;0;0;0;0;0;0;0;0;0;0.0001;0;0;0;0;0.0004;0;0;0;0;0;0;0;-0.0004;-0.0884;0;0;0;0;0;0;0;0;0;-0.7452;0;0.7452;1;1;0;0;0;0
17/01/21 03:00;0;0;90;0;0;90;0;0;0;0;-0.0001;2.83;0;0;0;0;0;0;0;0;0;0;0;0;0;1;1;1;1;0;0;0;0;0;0;0;0;0;0;0;0;0;0;0;0;0;0;0;0;0;0;0;0;0;0;0;0;0;0;0;0;0;0;0;1;1;1;1;1;1;1;1;1;1;1;1;1;1;1;1;1;1;1;0;0;0;0;0;0;0;0;0;0.0004;0.088;-0.0884;0;0;0;0;0;0;0;0;0;0;0;0;0;0;0;0;0;0;0;0.0001;0;0;0;0;0.0004;0;0;0;0;0;0;0;-0.0004;-0.0884;0;0;0;0;0;0;0;0;0;-0.7452;0;0.7452;1;1;0;0;0;0
17/01/21 04:00;0;0;90;0;0;90;0;0;0;0;-0.0001;3.1899;0;0;0;0;0;0;0;0;0;0;0;0;0;1;1;1;1;0;0;0;0;0;0;0;0;0;0;0;0;0;0;0;0;0;0;0;0;0;0;0;0;0;0;0;0;0;0;0;0;0;0;0;1;1;1;1;1;1;1;1;1;1;1;1;1;1;1;1;1;1;1;0;0;0;0;0;0;0;0;0;0.0004;0.088;-0.0884;0;0;0;0;0;0;0;0;0;0;0;0;0;0;0;0;0;0;0;0.0001;0;0;0;0;0.0004;0;0;0;0;0;0;0;-0.0004;-0.0884;0;0;0;0;0;0;0;0;0;-0.7452;0;0.7452;1;1;0;0;0;0
17/01/21 05:00;5.0525;-111.74;77.667;5.4373;7.8486;-90;-7.8486;0;0;0;-0.0001;4.42;0;0;0;0;0;0;0;0;0;0;0;0;0;1;1;1;1;0;0;0;0;0;0;0;0;0;0;0;0;0;0;0;0;0;0;0;0;0;0;0;0;0;0;0;0;0;0;0;0;0;0;0;1;1;1;1;1;1;1;1;1;1;1;1;1;1;1;1;1;1;1;0;0;0;0;0;0;0;0;0;0.0004;0.088;-0.0884;0;0;0;0;0;0;0;0;0;0;0;0;0;0;0;0;0;0;0;0.0001;0;0;0;0;0.0004;0;0;0;0;0;0;0;-0.0004;-0.0884;0;0;0;0;0;0;0;0;0;-0.7452;0;0.7452;1;1;0;0;0;0
17/01/21 06:00;16.133;-104.19;47.631;16.613;27.287;-90;-27.287;0;0;0;-0.0001;4.96;0;0;0;0;0;0;0;0;0;0;0;0;0;1;1;1;1;0;0;0;0;0;0;0;0;0;0;0;0;0;0;0;0;0;0;0;0;0;0;0;0;0;0;0;0;0;0;0;0;0;0;0;1;1;1;1;1;1;1;1;1;1;1;1;1;1;1;1;1;1;1;0;0;0;0;0;0;0;0;0;0.0004;0.088;-0.0884;0;0;0;0;0;0;0;0;0;0;0;0;0;0;0;0;0;0;0;0.0001;0;0;0;0;0.0004;0;0;0;0;0;0;0;-0.0004;-0.0884;0;0;0;0;0;0;0;0;0;-0.7452;0;0.7452;1;1;0;0;0;0
17/01/21 07:00;28.193;-96.422;5.8939;28.343;60;-90;-60;0;0;0;-0.0001;5.0001;0;0;0;0;0;0;0;0;0;0;0;0;0;1;1;1;1;0;0;0;0;0;0;0;0;0;0;0;0;0;0;0;0;0;0;0;0;0;0;0;0;0;0;0;0;0;0;0;0;0;0;0;1;1;1;1;1;1;1;1;1;1;1;1;1;1;1;1;1;1;1;0;0;0;0;0;0;0;0;0;0.0004;0.088;-0.0884;0;0;0;0;0;0;0;0;0;0;0;0;0;0;0;0;0;0;0;0.0001;0;0;0;0;0.0004;0;0;0;0;0;0;0;-0.0004;-0.0884;0;0;0;0;0;0;0;0;0;-0.7452;0;0.7452;1;1;0;0;0;0
17/01/21 08:00;40.44;-88.087;1.4555;40.456;49.544;-90;-49.544;0;0;0;-0.0001;5.1099;0;0;0;0;0;0;0;0;0;0;0;0;0;1;1;1;1;0;0;0;0;0;0;0;0;0;0;0;0;0;0;0;0;0;0;0;0;0;0;0;0;0;0;0;0;0;0;0;0;0;0;0;1;1;1;1;1;1;1;1;1;1;1;1;1;1;1;1;1;1;1;0;0;0;0;0;0;0;0;0;0.0004;0.088;-0.0884;0;0;0;0;0;0;0;0;0;0;0;0;0;0;0;0;0;0;0;0.0001;0;0;0;0;0.0004;0;0;0;0;0;0;0;-0.0004;-0.0884;0;0;0;0;0;0;0;0;0;-0.7452;0;0.7452;1;1;0;0;0;0
17/01/21 09:00;52.605;-77.833;7.3541;53.231;36.769;-90;-36.769;0;0;0;-0.0001;5.2599;0;0;0;0;0;0;0;0;0;0;0;0;0;1;1;1;1;0;0;0;0;0;0;0;0;0;0;0;0;0;0;0;0;0;0;0;0;0;0;0;0;0;0;0;0;0;0;0;0;0;0;0;1;1;1;1;1;1;1;1;1;1;1;1;1;1;1;1;1;1;1;0;0;0;0;0;0;0;0;0;0.0004;0.088;-0.0884;0;0;0;0;0;0;0;0;0;0;0;0;0;0;0;0;0;0;0;0.0001;0;0;0;0;0.0004;0;0;0;0;0;0;0;-0.0004;-0.0884;0;0;0;0;0;0;0;0;0;-0.7452;0;0.7452;1;1;0;0;0;0
17/01/21 10:00;64.155;-62.361;11.668;66.775;23.225;-90;-23.225;0;0;0;-0.0001;5.36;0;0;0;0;0;0;0;0;0;0;0;0;0;1;1;1;1;0;0;0;0;0;0;0;0;0;0;0;0;0;0;0;0;0;0;0;0;0;0;0;0;0;0;0;0;0;0;0;0;0;0;0;1;1;1;1;1;1;1;1;1;1;1;1;1;1;1;1;1;1;1;0;0;0;0;0;0;0;0;0;0.0004;0.088;-0.0884;0;0;0;0;0;0;0;0;0;0;0;0;0;0;0;0;0;0;0;0.0001;0;0;0;0;0.0004;0;0;0;0;0;0;0;-0.0004;-0.0884;0;0;0;0;0;0;0;0;0;-0.7452;0;0.7452;1;1;0;0;0;0
17/01/21 11:00;73.329;-32.094;14.066;80.96;9.0403;-90;-9.0403;0;0;0;-0.0001;5.53;0;0;0;0;0;0;0;0;0;0;0;0;0;1;1;1;1;0;0;0;0;0;0;0;0;0;0;0;0;0;0;0;0;0;0;0;0;0;0;0;0;0;0;0;0;0;0;0;0;0;0;0;1;1;1;1;1;1;1;1;1;1;1;1;1;1;1;1;1;1;1;0;0;0;0;0;0;0;0;0;0.0004;0.088;-0.0884;0;0;0;0;0;0;0;0;0;0;0;0;0;0;0;0;0;0;0;0.0001;0;0;0;0;0.0004;0;0;0;0;0;0;0;-0.0004;-0.0884;0;0;0;0;0;0;0;0;0;-0.7452;0;0.7452;1;1;0;0;0;0
17/01/21 12:00;74.688;20.33;14.337;84.566;5.4339;90;5.4339;0;0;0;-0.0001;5.7201;0;0;0;0;0;0;0;0;0;0;0;0;0;1;1;1;1;0;0;0;0;0;0;0;0;0;0;0;0;0;0;0;0;0;0;0;0;0;0;0;0;0;0;0;0;0;0;0;0;0;0;0;1;1;1;1;1;1;1;1;1;1;1;1;1;1;1;1;1;1;1;0;0;0;0;0;0;0;0;0;0.0004;0.088;-0.0884;0;0;0;0;0;0;0;0;0;0;0;0;0;0;0;0;0;0;0;0.0001;0;0;0;0;0.0004;0;0;0;0;0;0;0;-0.0004;-0.0884;0;0;0;0;0;0;0;0;0;-0.7452;0;0.7452;1;1;0;0;0;0
17/01/21 13:00;66.799;56.802;12.457;70.269;19.731;90;19.731;0;0;0;-0.0001;5.85;0;0;0;0;0;0;0;0;0;0;0;0;0;1;1;1;1;0;0;0;0;0;0;0;0;0;0;0;0;0;0;0;0;0;0;0;0;0;0;0;0;0;0;0;0;0;0;0;0;0;0;0;1;1;1;1;1;1;1;1;1;1;1;1;1;1;1;1;1;1;1;0;0;0;0;0;0;0;0;0;0.0004;0.088;-0.0884;0;0;0;0;0;0;0;0;0;0;0;0;0;0;0;0;0;0;0;0.0001;0;0;0;0;0.0004;0;0;0;0;0;0;0;-0.0004;-0.0884;0;0;0;0;0;0;0;0;0;-0.7452;0;0.7452;1;1;0;0;0;0
17/01/21 14:00;55.582;74.67;8.5943;56.544;33.456;90;33.456;0;0;0;-0.0001;5.85;0;0;0;0;0;0;0;0;0;0;0;0;0;1;1;1;1;0;0;0;0;0;0;0;0;0;0;0;0;0;0;0;0;0;0;0;0;0;0;0;0;0;0;0;0;0;0;0;0;0;0;0;1;1;1;1;1;1;1;1;1;1;1;1;1;1;1;1;1;1;1;0;0;0;0;0;0;0;0;0;0.0004;0.088;-0.0884;0;0;0;0;0;0;0;0;0;0;0;0;0;0;0;0;0;0;0;0.0001;0;0;0;0;0.0004;0;0;0;0;0;0;0;-0.0004;-0.0884;0;0;0;0;0;0;0;0;0;-0.7452;0;0.7452;1;1;0;0;0;0
17/01/21 15:00;43.5;85.783;3.0574;43.577;46.423;90;46.423;0;0;0;-0.0001;5.71;0;0;0;0;0;0;0;0;0;0;0;0;0;1;1;1;1;0;0;0;0;0;0;0;0;0;0;0;0;0;0;0;0;0;0;0;0;0;0;0;0;0;0;0;0;0;0;0;0;0;0;0;1;1;1;1;1;1;1;1;1;1;1;1;1;1;1;1;1;1;1;0;0;0;0;0;0;0;0;0;0.0004;0.088;-0.0884;0;0;0;0;0;0;0;0;0;0;0;0;0;0;0;0;0;0;0;0.0001;0;0;0;0;0.0004;0;0;0;0;0;0;0;-0.0004;-0.0884;0;0;0;0;0;0;0;0;0;-0.7452;0;0.7452;1;1;0;0;0;0
17/01/21 16:00;31.244;94.43;3.7868;31.32;58.68;90;58.68;0;0;0;-0.0001;5.46;0;0;0;0;0;0;0;0;0;0;0;0;0;1;1;1;1;0;0;0;0;0;0;0;0;0;0;0;0;0;0;0;0;0;0;0;0;0;0;0;0;0;0;0;0;0;0;0;0;0;0;0;1;1;1;1;1;1;1;1;1;1;1;1;1;1;1;1;1;1;1;0;0;0;0;0;0;0;0;0;0.0004;0.088;-0.0884;0;0;0;0;0;0;0;0;0;0;0;0;0;0;0;0;0;0;0;0.0001;0;0;0;0;0.0004;0;0;0;0;0;0;0;-0.0004;-0.0884;0;0;0;0;0;0;0;0;0;-0.7452;0;0.7452;1;1;0;0;0;0
17/01/21 17:00;19.116;102.26;37.416;19.529;34.637;90;34.637;0;0;0;-0.0001;4.26;0;0;0;0;0;0;0;0;0;0;0;0;0;1;1;1;1;0;0;0;0;0;0;0;0;0;0;0;0;0;0;0;0;0;0;0;0;0;0;0;0;0;0;0;0;0;0;0;0;0;0;0;1;1;1;1;1;1;1;1;1;1;1;1;1;1;1;1;1;1;1;0;0;0;0;0;0;0;0;0;0.0004;0.088;-0.0884;0;0;0;0;0;0;0;0;0;0;0;0;0;0;0;0;0;0;0;0.0001;0;0;0;0;0.0004;0;0;0;0;0;0;0;-0.0004;-0.0884;0;0;0;0;0;0;0;0;0;-0.7452;0;0.7452;1;1;0;0;0;0
17/01/21 18:00;7.342;110.11;71.945;7.8132;11.437;90;11.437;0;0;0;-0.0001;3.3401;0;0;0;0;0;0;0;0;0;0;0;0;0;1;1;1;1;0;0;0;0;0;0;0;0;0;0;0;0;0;0;0;0;0;0;0;0;0;0;0;0;0;0;0;0;0;0;0;0;0;0;0;1;1;1;1;1;1;1;1;1;1;1;1;1;1;1;1;1;1;1;0;0;0;0;0;0;0;0;0;0.0004;0.088;-0.0884;0;0;0;0;0;0;0;0;0;0;0;0;0;0;0;0;0;0;0;0.0001;0;0;0;0;0.0004;0;0;0;0;0;0;0;-0.0004;-0.0884;0;0;0;0;0;0;0;0;0;-0.7452;0;0.7452;1;1;0;0;0;0
17/01/21 19:00;0.9187;114.82;87.771;1.0122;1.4433;90;1.4433;0;0;0;-0.0001;3.24;0;0;0;0;0;0;0;0;0;0;0;0;0;1;1;1;1;0;0;0;0;0;0;0;0;0;0;0;0;0;0;0;0;0;0;0;0;0;0;0;0;0;0;0;0;0;0;0;0;0;0;0;1;1;1;1;1;1;1;1;1;1;1;1;1;1;1;1;1;1;1;0;0;0;0;0;0;0;0;0;0.0004;0.088;-0.0884;0;0;0;0;0;0;0;0;0;0;0;0;0;0;0;0;0;0;0;0.0001;0;0;0;0;0.0004;0;0;0;0;0;0;0;-0.0004;-0.0884;0;0;0;0;0;0;0;0;0;-0.7452;0;0.7452;1;1;0;0;0;0
17/01/21 20:00;0;0;90;0;0;90;0;0;0;0;-0.0001;3.24;0;0;0;0;0;0;0;0;0;0;0;0;0;1;1;1;1;0;0;0;0;0;0;0;0;0;0;0;0;0;0;0;0;0;0;0;0;0;0;0;0;0;0;0;0;0;0;0;0;0;0;0;1;1;1;1;1;1;1;1;1;1;1;1;1;1;1;1;1;1;1;0;0;0;0;0;0;0;0;0;0.0004;0.088;-0.0884;0;0;0;0;0;0;0;0;0;0;0;0;0;0;0;0;0;0;0;0.0001;0;0;0;0;0.0004;0;0;0;0;0;0;0;-0.0004;-0.0884;0;0;0;0;0;0;0;0;0;-0.7452;0;0.7452;1;1;0;0;0;0
17/01/21 21:00;0;0;90;0;0;90;0;0;0;0;-0.0001;3.15;0;0;0;0;0;0;0;0;0;0;0;0;0;1;1;1;1;0;0;0;0;0;0;0;0;0;0;0;0;0;0;0;0;0;0;0;0;0;0;0;0;0;0;0;0;0;0;0;0;0;0;0;1;1;1;1;1;1;1;1;1;1;1;1;1;1;1;1;1;1;1;0;0;0;0;0;0;0;0;0;0.0004;0.088;-0.0884;0;0;0;0;0;0;0;0;0;0;0;0;0;0;0;0;0;0;0;0.0001;0;0;0;0;0.0004;0;0;0;0;0;0;0;-0.0004;-0.0884;0;0;0;0;0;0;0;0;0;-0.7452;0;0.7452;1;1;0;0;0;0
17/01/21 22:00;0;0;90;0;0;90;0;0;0;0;-0.0001;3.0201;0;0;0;0;0;0;0;0;0;0;0;0;0;1;1;1;1;0;0;0;0;0;0;0;0;0;0;0;0;0;0;0;0;0;0;0;0;0;0;0;0;0;0;0;0;0;0;0;0;0;0;0;1;1;1;1;1;1;1;1;1;1;1;1;1;1;1;1;1;1;1;0;0;0;0;0;0;0;0;0;0.0004;0.088;-0.0884;0;0;0;0;0;0;0;0;0;0;0;0;0;0;0;0;0;0;0;0.0001;0;0;0;0;0.0004;0;0;0;0;0;0;0;-0.0004;-0.0884;0;0;0;0;0;0;0;0;0;-0.7452;0;0.7452;1;1;0;0;0;0
17/01/21 23:00;0;0;90;0;0;90;0;0;0;0;-0.0001;2.8601;0;0;0;0;0;0;0;0;0;0;0;0;0;1;1;1;1;0;0;0;0;0;0;0;0;0;0;0;0;0;0;0;0;0;0;0;0;0;0;0;0;0;0;0;0;0;0;0;0;0;0;0;1;1;1;1;1;1;1;1;1;1;1;1;1;1;1;1;1;1;1;0;0;0;0;0;0;0;0;0;0.0004;0.088;-0.0884;0;0;0;0;0;0;0;0;0;0;0;0;0;0;0;0;0;0;0;0.0001;0;0;0;0;0.0004;0;0;0;0;0;0;0;-0.0004;-0.0884;0;0;0;0;0;0;0;0;0;-0.7452;0;0.7452;1;1;0;0;0;0
18/01/21 00:00;0;0;90;0;0;90;0;0;0;0;-0.0001;2.6399;0;0;0;0;0;0;0;0;0;0;0;0;0;1;1;1;1;0;0;0;0;0;0;0;0;0;0;0;0;0;0;0;0;0;0;0;0;0;0;0;0;0;0;0;0;0;0;0;0;0;0;0;1;1;1;1;1;1;1;1;1;1;1;1;1;1;1;1;1;1;1;0;0;0;0;0;0;0;0;0;0.0004;0.088;-0.0884;0;0;0;0;0;0;0;0;0;0;0;0;0;0;0;0;0;0;0;0.0001;0;0;0;0;0.0004;0;0;0;0;0;0;0;-0.0004;-0.0884;0;0;0;0;0;0;0;0;0;-0.7452;0;0.7452;1;1;0;0;0;0
18/01/21 01:00;0;0;90;0;0;90;0;0;0;0;-0.0001;2.35;0;0;0;0;0;0;0;0;0;0;0;0;0;1;1;1;1;0;0;0;0;0;0;0;0;0;0;0;0;0;0;0;0;0;0;0;0;0;0;0;0;0;0;0;0;0;0;0;0;0;0;0;1;1;1;1;1;1;1;1;1;1;1;1;1;1;1;1;1;1;1;0;0;0;0;0;0;0;0;0;0.0004;0.088;-0.0884;0;0;0;0;0;0;0;0;0;0;0;0;0;0;0;0;0;0;0;0.0001;0;0;0;0;0.0004;0;0;0;0;0;0;0;-0.0004;-0.0884;0;0;0;0;0;0;0;0;0;-0.7452;0;0.7452;1;1;0;0;0;0
18/01/21 02:00;0;0;90;0;0;90;0;0;0;0;-0.0001;2.03;0;0;0;0;0;0;0;0;0;0;0;0;0;1;1;1;1;0;0;0;0;0;0;0;0;0;0;0;0;0;0;0;0;0;0;0;0;0;0;0;0;0;0;0;0;0;0;0;0;0;0;0;1;1;1;1;1;1;1;1;1;1;1;1;1;1;1;1;1;1;1;0;0;0;0;0;0;0;0;0;0.0004;0.088;-0.0884;0;0;0;0;0;0;0;0;0;0;0;0;0;0;0;0;0;0;0;0.0001;0;0;0;0;0.0004;0;0;0;0;0;0;0;-0.0004;-0.0884;0;0;0;0;0;0;0;0;0;-0.7452;0;0.7452;1;1;0;0;0;0
18/01/21 03:00;0;0;90;0;0;90;0;0;0;0;-0.0001;1.6899;0;0;0;0;0;0;0;0;0;0;0;0;0;1;1;1;1;0;0;0;0;0;0;0;0;0;0;0;0;0;0;0;0;0;0;0;0;0;0;0;0;0;0;0;0;0;0;0;0;0;0;0;1;1;1;1;1;1;1;1;1;1;1;1;1;1;1;1;1;1;1;0;0;0;0;0;0;0;0;0;0.0004;0.088;-0.0884;0;0;0;0;0;0;0;0;0;0;0;0;0;0;0;0;0;0;0;0.0001;0;0;0;0;0.0004;0;0;0;0;0;0;0;-0.0004;-0.0884;0;0;0;0;0;0;0;0;0;-0.7452;0;0.7452;1;1;0;0;0;0
18/01/21 04:00;0;0;90;0;0;90;0;0;0;0;-0.0001;1.4301;0;0;0;0;0;0;0;0;0;0;0;0;0;1;1;1;1;0;0;0;0;0;0;0;0;0;0;0;0;0;0;0;0;0;0;0;0;0;0;0;0;0;0;0;0;0;0;0;0;0;0;0;1;1;1;1;1;1;1;1;1;1;1;1;1;1;1;1;1;1;1;0;0;0;0;0;0;0;0;0;0.0004;0.088;-0.0884;0;0;0;0;0;0;0;0;0;0;0;0;0;0;0;0;0;0;0;0.0001;0;0;0;0;0.0004;0;0;0;0;0;0;0;-0.0004;-0.0884;0;0;0;0;0;0;0;0;0;-0.7452;0;0.7452;1;1;0;0;0;0
18/01/21 05:00;5.0604;-111.49;77.648;5.4362;7.847;-90;-7.847;0;0;0;-0.0001;1.5999;0;0;0;0;0;0;0;0;0;0;0;0;0;1;1;1;1;0;0;0;0;0;0;0;0;0;0;0;0;0;0;0;0;0;0;0;0;0;0;0;0;0;0;0;0;0;0;0;0;0;0;0;1;1;1;1;1;1;1;1;1;1;1;1;1;1;1;1;1;1;1;0;0;0;0;0;0;0;0;0;0.0004;0.088;-0.0884;0;0;0;0;0;0;0;0;0;0;0;0;0;0;0;0;0;0;0;0.0001;0;0;0;0;0.0004;0;0;0;0;0;0;0;-0.0004;-0.0884;0;0;0;0;0;0;0;0;0;-0.7452;0;0.7452;1;1;0;0;0;0
18/01/21 06:00;15.959;-104.05;48.179;16.425;26.871;-90;-26.871;0;0;0;-0.0001;2.3099;0;0;0;0;0;0;0;0;0;0;0;0;0;1;1;1;1;0;0;0;0;0;0;0;0;0;0;0;0;0;0;0;0;0;0;0;0;0;0;0;0;0;0;0;0;0;0;0;0;0;0;0;1;1;1;1;1;1;1;1;1;1;1;1;1;1;1;1;1;1;1;0;0;0;0;0;0;0;0;0;0.0004;0.088;-0.0884;0;0;0;0;0;0;0;0;0;0;0;0;0;0;0;0;0;0;0;0.0001;0;0;0;0;0.0004;0;0;0;0;0;0;0;-0.0004;-0.0884;0;0;0;0;0;0;0;0;0;-0.7452;0;0.7452;1;1;0;0;0;0
18/01/21 07:00;28.024;-96.265;5.8231;28.167;60;-90;-60;0;0;0;-0.0001;3.37;0;0;0;0;0;0;0;0;0;0;0;0;0;1;1;1;1;0;0;0;0;0;0;0;0;0;0;0;0;0;0;0;0;0;0;0;0;0;0;0;0;0;0;0;0;0;0;0;0;0;0;0;1;1;1;1;1;1;1;1;1;1;1;1;1;1;1;1;1;1;1;0;0;0;0;0;0;0;0;0;0.0004;0.088;-0.0884;0;0;0;0;0;0;0;0;0;0;0;0;0;0;0;0;0;0;0;0.0001;0;0;0;0;0.0004;0;0;0;0;0;0;0;-0.0004;-0.0884;0;0;0;0;0;0;0;0;0;-0.7452;0;0.7452;1;1;0;0;0;0
18/01/21 08:00;40.272;-87.904;1.5991;40.291;49.709;-90;-49.709;0;0;0;-0.0001;4.0799;0;0;0;0;0;0;0;0;0;0;0;0;0;1;1;1;1;0;0;0;0;0;0;0;0;0;0;0;0;0;0;0;0;0;0;0;0;0;0;0;0;0;0;0;0;0;0;0;0;0;0;0;1;1;1;1;1;1;1;1;1;1;1;1;1;1;1;1;1;1;1;0;0;0;0;0;0;0;0;0;0.0004;0.088;-0.0884;0;0;0;0;0;0;0;0;0;0;0;0;0;0;0;0;0;0;0;0.0001;0;0;0;0;0.0004;0;0;0;0;0;0;0;-0.0004;-0.0884;0;0;0;0;0;0;0;0;0;-0.7452;0;0.7452;1;1;0;0;0;0
18/01/21 09:00;52.433;-77.614;7.5148;53.083;36.917;-90;-36.917;0;0;0;-0.0001;4.6999;0;0;0;0;0;0;0;0;0;0;0;0;0;1;1;1;1;0;0;0;0;0;0;0;0;0;0;0;0;0;0;0;0;0;0;0;0;0;0;0;0;0;0;0;0;0;0;0;0;0;0;0;1;1;1;1;1;1;1;1;1;1;1;1;1;1;1;1;1;1;1;0;0;0;0;0;0;0;0;0;0.0004;0.088;-0.0884;0;0;0;0;0;0;0;0;0;0;0;0;0;0;0;0;0;0;0;0.0001;0;0;0;0;0.0004;0;0;0;0;0;0;0;-0.0004;-0.0884;0;0;0;0;0;0;0;0;0;-0.7452;0;0.7452;1;1;0;0;0;0
18/01/21 10:00;63.965;-62.114;11.846;66.647;23.353;-90;-23.353;0;0;0;-0.0001;5.4801;0;0;0;0;0;0;0;0;0;0;0;0;0;1;1;1;1;0;0;0;0;0;0;0;0;0;0;0;0;0;0;0;0;0;0;0;0;0;0;0;0;0;0;0;0;0;0;0;0;0;0;0;1;1;1;1;1;1;1;1;1;1;1;1;1;1;1;1;1;1;1;0;0;0;0;0;0;0;0;0;0.0004;0.088;-0.0884;0;0;0;0;0;0;0;0;0;0;0;0;0;0;0;0;0;0;0;0.0001;0;0;0;0;0.0004;0;0;0;0;0;0;0;-0.0004;-0.0884;0;0;0;0;0;0;0;0;0;-0.7452;0;0.7452;1;1;0;0;0;0
18/01/21 11:00;73.112;-32.006;14.261;80.859;9.1407;-90;-9.1407;0;0;0;-0.0001;6.3899;0;0;0;0;0;0;0;0;0;0;0;0;0;1;1;1;1;0;0;0;0;0;0;0;0;0;0;0;0;0;0;0;0;0;0;0;0;0;0;0;0;0;0;0;0;0;0;0;0;0;0;0;1;1;1;1;1;1;1;1;1;1;1;1;1;1;1;1;1;1;1;0;0;0;0;0;0;0;0;0;0.0004;0.088;-0.0884;0;0;0;0;0;0;0;0;0;0;0;0;0;0;0;0;0;0;0;0.0001;0;0;0;0;0.0004;0;0;0;0;0;0;0;-0.0004;-0.0884;0;0;0;0;0;0;0;0;0;-0.7452;0;0.7452;1;1;0;0;0;0
18/01/21 12:00;74.517;19.82;14.545;84.634;5.3658;90;5.3658;0;0;0;-0.0001;7.2;0;0;0;0;0;0;0;0;0;0;0;0;0;1;1;1;1;0;0;0;0;0;0;0;0;0;0;0;0;0;0;0;0;0;0;0;0;0;0;0;0;0;0;0;0;0;0;0;0;0;0;0;1;1;1;1;1;1;1;1;1;1;1;1;1;1;1;1;1;1;1;0;0;0;0;0;0;0;0;0;0.0004;0.088;-0.0884;0;0;0;0;0;0;0;0;0;0;0;0;0;0;0;0;0;0;0;0.0001;0;0;0;0;0.0004;0;0;0;0;0;0;0;-0.0004;-0.0884;0;0;0;0;0;0;0;0;0;-0.7452;0;0.7452;1;1;0;0;0;0
18/01/21 13:00;66.716;56.291;12.672;70.303;19.697;90;19.697;0;0;0;-0.0001;7.77;0;0;0;0;0;0;0;0;0;0;0;0;0;1;1;1;1;0;0;0;0;0;0;0;0;0;0;0;0;0;0;0;0;0;0;0;0;0;0;0;0;0;0;0;0;0;0;0;0;0;0;0;1;1;1;1;1;1;1;1;1;1;1;1;1;1;1;1;1;1;1;0;0;0;0;0;0;0;0;0;0.0004;0.088;-0.0884;0;0;0;0;0;0;0;0;0;0;0;0;0;0;0;0;0;0;0;0.0001;0;0;0;0;0.0004;0;0;0;0;0;0;0;-0.0004;-0.0884;0;0;0;0;0;0;0;0;0;-0.7452;0;0.7452;1;1;0;0;0;0
18/01/21 14:00;55.538;74.292;8.8124;56.548;33.452;90;33.452;0;0;0;-0.0001;8.1201;0;0;0;0;0;0;0;0;0;0;0;0;0;1;1;1;1;0;0;0;0;0;0;0;0;0;0;0;0;0;0;0;0;0;0;0;0;0;0;0;0;0;0;0;0;0;0;0;0;0;0;0;1;1;1;1;1;1;1;1;1;1;1;1;1;1;1;1;1;1;1;0;0;0;0;0;0;0;0;0;0.0004;0.088;-0.0884;0;0;0;0;0;0;0;0;0;0;0;0;0;0;0;0;0;0;0;0.0001;0;0;0;0;0.0004;0;0;0;0;0;0;0;-0.0004;-0.0884;0;0;0;0;0;0;0;0;0;-0.7452;0;0.7452;1;1;0;0;0;0
18/01/21 15:00;43.468;85.486;3.2745;43.556;46.444;90;46.444;0;0;0;-0.0001;8.2099;0;0;0;0;0;0;0;0;0;0;0;0;0;1;1;1;1;0;0;0;0;0;0;0;0;0;0;0;0;0;0;0;0;0;0;0;0;0;0;0;0;0;0;0;0;0;0;0;0;0;0;0;1;1;1;1;1;1;1;1;1;1;1;1;1;1;1;1;1;1;1;0;0;0;0;0;0;0;0;0;0.0004;0.088;-0.0884;0;0;0;0;0;0;0;0;0;0;0;0;0;0;0;0;0;0;0;0.0001;0;0;0;0;0.0004;0;0;0;0;0;0;0;-0.0004;-0.0884;0;0;0;0;0;0;0;0;0;-0.7452;0;0.7452;1;1;0;0;0;0
18/01/21 16:00;31.212;94.178;3.5725;31.279;58.721;90;58.721;0;0;0;-0.0001;7.91;0;0;0;0;0;0;0;0;0;0;0;0;0;1;1;1;1;0;0;0;0;0;0;0;0;0;0;0;0;0;0;0;0;0;0;0;0;0;0;0;0;0;0;0;0;0;0;0;0;0;0;0;1;1;1;1;1;1;1;1;1;1;1;1;1;1;1;1;1;1;1;0;0;0;0;0;0;0;0;0;0.0004;0.088;-0.0884;0;0;0;0;0;0;0;0;0;0;0;0;0;0;0;0;0;0;0;0.0001;0;0;0;0;0.0004;0;0;0;0;0;0;0;-0.0004;-0.0884;0;0;0;0;0;0;0;0;0;-0.7452;0;0.7452;1;1;0;0;0;0
18/01/21 17:00;19.077;102.03;37.565;19.473;34.476;90;34.476;0;0;0;-0.0001;6.41;0;0;0;0;0;0;0;0;0;0;0;0;0;1;1;1;1;0;0;0;0;0;0;0;0;0;0;0;0;0;0;0;0;0;0;0;0;0;0;0;0;0;0;0;0;0;0;0;0;0;0;0;1;1;1;1;1;1;1;1;1;1;1;1;1;1;1;1;1;1;1;0;0;0;0;0;0;0;0;0;0.0004;0.088;-0.0884;0;0;0;0;0;0;0;0;0;0;0;0;0;0;0;0;0;0;0;0.0001;0;0;0;0;0.0004;0;0;0;0;0;0;0;-0.0004;-0.0884;0;0;0;0;0;0;0;0;0;-0.7452;0;0.7452;1;1;0;0;0;0
18/01/21 18:00;7.2896;109.9;72.078;7.747;11.335;90;11.335;0;0;0;-0.0001;4.3199;0;0;0;0;0;0;0;0;0;0;0;0;0;1;1;1;1;0;0;0;0;0;0;0;0;0;0;0;0;0;0;0;0;0;0;0;0;0;0;0;0;0;0;0;0;0;0;0;0;0;0;0;1;1;1;1;1;1;1;1;1;1;1;1;1;1;1;1;1;1;1;0;0;0;0;0;0;0;0;0;0.0004;0.088;-0.0884;0;0;0;0;0;0;0;0;0;0;0;0;0;0;0;0;0;0;0;0.0001;0;0;0;0;0.0004;0;0;0;0;0;0;0;-0.0004;-0.0884;0;0;0;0;0;0;0;0;0;-0.7452;0;0.7452;1;1;0;0;0;0
18/01/21 19:00;0.8565;114.61;87.922;0.9421;1.3432;90;1.3432;0;0;0;-0.0001;3.7499;0;0;0;0;0;0;0;0;0;0;0;0;0;1;1;1;1;0;0;0;0;0;0;0;0;0;0;0;0;0;0;0;0;0;0;0;0;0;0;0;0;0;0;0;0;0;0;0;0;0;0;0;1;1;1;1;1;1;1;1;1;1;1;1;1;1;1;1;1;1;1;0;0;0;0;0;0;0;0;0;0.0004;0.088;-0.0884;0;0;0;0;0;0;0;0;0;0;0;0;0;0;0;0;0;0;0;0.0001;0;0;0;0;0.0004;0;0;0;0;0;0;0;-0.0004;-0.0884;0;0;0;0;0;0;0;0;0;-0.7452;0;0.7452;1;1;0;0;0;0
18/01/21 20:00;0;0;90;0;0;90;0;0;0;0;-0.0001;4.0601;0;0;0;0;0;0;0;0;0;0;0;0;0;1;1;1;1;0;0;0;0;0;0;0;0;0;0;0;0;0;0;0;0;0;0;0;0;0;0;0;0;0;0;0;0;0;0;0;0;0;0;0;1;1;1;1;1;1;1;1;1;1;1;1;1;1;1;1;1;1;1;0;0;0;0;0;0;0;0;0;0.0004;0.088;-0.0884;0;0;0;0;0;0;0;0;0;0;0;0;0;0;0;0;0;0;0;0.0001;0;0;0;0;0.0004;0;0;0;0;0;0;0;-0.0004;-0.0884;0;0;0;0;0;0;0;0;0;-0.7452;0;0.7452;1;1;0;0;0;0
18/01/21 21:00;0;0;90;0;0;90;0;0;0;0;-0.0001;4.58;0;0;0;0;0;0;0;0;0;0;0;0;0;1;1;1;1;0;0;0;0;0;0;0;0;0;0;0;0;0;0;0;0;0;0;0;0;0;0;0;0;0;0;0;0;0;0;0;0;0;0;0;1;1;1;1;1;1;1;1;1;1;1;1;1;1;1;1;1;1;1;0;0;0;0;0;0;0;0;0;0.0004;0.088;-0.0884;0;0;0;0;0;0;0;0;0;0;0;0;0;0;0;0;0;0;0;0.0001;0;0;0;0;0.0004;0;0;0;0;0;0;0;-0.0004;-0.0884;0;0;0;0;0;0;0;0;0;-0.7452;0;0.7452;1;1;0;0;0;0
18/01/21 22:00;0;0;90;0;0;90;0;0;0;0;-0.0001;5.0101;0;0;0;0;0;0;0;0;0;0;0;0;0;1;1;1;1;0;0;0;0;0;0;0;0;0;0;0;0;0;0;0;0;0;0;0;0;0;0;0;0;0;0;0;0;0;0;0;0;0;0;0;1;1;1;1;1;1;1;1;1;1;1;1;1;1;1;1;1;1;1;0;0;0;0;0;0;0;0;0;0.0004;0.088;-0.0884;0;0;0;0;0;0;0;0;0;0;0;0;0;0;0;0;0;0;0;0.0001;0;0;0;0;0.0004;0;0;0;0;0;0;0;-0.0004;-0.0884;0;0;0;0;0;0;0;0;0;-0.7452;0;0.7452;1;1;0;0;0;0
18/01/21 23:00;0;0;90;0;0;90;0;0;0;0;-0.0001;5.13;0;0;0;0;0;0;0;0;0;0;0;0;0;1;1;1;1;0;0;0;0;0;0;0;0;0;0;0;0;0;0;0;0;0;0;0;0;0;0;0;0;0;0;0;0;0;0;0;0;0;0;0;1;1;1;1;1;1;1;1;1;1;1;1;1;1;1;1;1;1;1;0;0;0;0;0;0;0;0;0;0.0004;0.088;-0.0884;0;0;0;0;0;0;0;0;0;0;0;0;0;0;0;0;0;0;0;0.0001;0;0;0;0;0.0004;0;0;0;0;0;0;0;-0.0004;-0.0884;0;0;0;0;0;0;0;0;0;-0.7452;0;0.7452;1;1;0;0;0;0
19/01/21 00:00;0;0;90;0;0;90;0;0;0;0;-0.0001;4.9301;0;0;0;0;0;0;0;0;0;0;0;0;0;1;1;1;1;0;0;0;0;0;0;0;0;0;0;0;0;0;0;0;0;0;0;0;0;0;0;0;0;0;0;0;0;0;0;0;0;0;0;0;1;1;1;1;1;1;1;1;1;1;1;1;1;1;1;1;1;1;1;0;0;0;0;0;0;0;0;0;0.0004;0.088;-0.0884;0;0;0;0;0;0;0;0;0;0;0;0;0;0;0;0;0;0;0;0.0001;0;0;0;0;0.0004;0;0;0;0;0;0;0;-0.0004;-0.0884;0;0;0;0;0;0;0;0;0;-0.7452;0;0.7452;1;1;0;0;0;0
19/01/21 01:00;0;0;90;0;0;90;0;0;0;0;-0.0001;4.58;0;0;0;0;0;0;0;0;0;0;0;0;0;1;1;1;1;0;0;0;0;0;0;0;0;0;0;0;0;0;0;0;0;0;0;0;0;0;0;0;0;0;0;0;0;0;0;0;0;0;0;0;1;1;1;1;1;1;1;1;1;1;1;1;1;1;1;1;1;1;1;0;0;0;0;0;0;0;0;0;0.0004;0.088;-0.0884;0;0;0;0;0;0;0;0;0;0;0;0;0;0;0;0;0;0;0;0.0001;0;0;0;0;0.0004;0;0;0;0;0;0;0;-0.0004;-0.0884;0;0;0;0;0;0;0;0;0;-0.7452;0;0.7452;1;1;0;0;0;0
19/01/21 02:00;0;0;90;0;0;90;0;0;0;0;-0.0001;4.1499;0;0;0;0;0;0;0;0;0;0;0;0;0;1;1;1;1;0;0;0;0;0;0;0;0;0;0;0;0;0;0;0;0;0;0;0;0;0;0;0;0;0;0;0;0;0;0;0;0;0;0;0;1;1;1;1;1;1;1;1;1;1;1;1;1;1;1;1;1;1;1;0;0;0;0;0;0;0;0;0;0.0004;0.088;-0.0884;0;0;0;0;0;0;0;0;0;0;0;0;0;0;0;0;0;0;0;0.0001;0;0;0;0;0.0004;0;0;0;0;0;0;0;-0.0004;-0.0884;0;0;0;0;0;0;0;0;0;-0.7452;0;0.7452;1;1;0;0;0;0
19/01/21 03:00;0;0;90;0;0;90;0;0;0;0;-0.0001;3.7;0;0;0;0;0;0;0;0;0;0;0;0;0;1;1;1;1;0;0;0;0;0;0;0;0;0;0;0;0;0;0;0;0;0;0;0;0;0;0;0;0;0;0;0;0;0;0;0;0;0;0;0;1;1;1;1;1;1;1;1;1;1;1;1;1;1;1;1;1;1;1;0;0;0;0;0;0;0;0;0;0.0004;0.088;-0.0884;0;0;0;0;0;0;0;0;0;0;0;0;0;0;0;0;0;0;0;0.0001;0;0;0;0;0.0004;0;0;0;0;0;0;0;-0.0004;-0.0884;0;0;0;0;0;0;0;0;0;-0.7452;0;0.7452;1;1;0;0;0;0
19/01/21 04:00;0;0;90;0;0;90;0;0;0;0;-0.0001;3.6799;0;0;0;0;0;0;0;0;0;0;0;0;0;1;1;1;1;0;0;0;0;0;0;0;0;0;0;0;0;0;0;0;0;0;0;0;0;0;0;0;0;0;0;0;0;0;0;0;0;0;0;0;1;1;1;1;1;1;1;1;1;1;1;1;1;1;1;1;1;1;1;0;0;0;0;0;0;0;0;0;0.0004;0.088;-0.0884;0;0;0;0;0;0;0;0;0;0;0;0;0;0;0;0;0;0;0;0.0001;0;0;0;0;0.0004;0;0;0;0;0;0;0;-0.0004;-0.0884;0;0;0;0;0;0;0;0;0;-0.7452;0;0.7452;1;1;0;0;0;0
19/01/21 05:00;4.8764;-111.36;78.102;5.2341;7.5482;-90;-7.5482;0;0;0;-0.0001;3.94;0;0;0;0;0;0;0;0;0;0;0;0;0;1;1;1;1;0;0;0;0;0;0;0;0;0;0;0;0;0;0;0;0;0;0;0;0;0;0;0;0;0;0;0;0;0;0;0;0;0;0;0;1;1;1;1;1;1;1;1;1;1;1;1;1;1;1;1;1;1;1;0;0;0;0;0;0;0;0;0;0.0004;0.088;-0.0884;0;0;0;0;0;0;0;0;0;0;0;0;0;0;0;0;0;0;0;0.0001;0;0;0;0;0.0004;0;0;0;0;0;0;0;-0.0004;-0.0884;0;0;0;0;0;0;0;0;0;-0.7452;0;0.7452;1;1;0;0;0;0
19/01/21 06:00;15.783;-103.91;48.727;16.235;26.456;-90;-26.456;0;0;0;-0.0001;3.5001;0;0;0;0;0;0;0;0;0;0;0;0;0;1;1;1;1;0;0;0;0;0;0;0;0;0;0;0;0;0;0;0;0;0;0;0;0;0;0;0;0;0;0;0;0;0;0;0;0;0;0;0;1;1;1;1;1;1;1;1;1;1;1;1;1;1;1;1;1;1;1;0;0;0;0;0;0;0;0;0;0.0004;0.088;-0.0884;0;0;0;0;0;0;0;0;0;0;0;0;0;0;0;0;0;0;0;0.0001;0;0;0;0;0.0004;0;0;0;0;0;0;0;-0.0004;-0.0884;0;0;0;0;0;0;0;0;0;-0.7452;0;0.7452;1;1;0;0;0;0
19/01/21 07:00;27.854;-96.101;5.7541;27.989;60;-90;-60;0;0;0;-0.0001;2.67;0;0;0;0;0;0;0;0;0;0;0;0;0;1;1;1;1;0;0;0;0;0;0;0;0;0;0;0;0;0;0;0;0;0;0;0;0;0;0;0;0;0;0;0;0;0;0;0;0;0;0;0;1;1;1;1;1;1;1;1;1;1;1;1;1;1;1;1;1;1;1;0;0;0;0;0;0;0;0;0;0.0004;0.088;-0.0884;0;0;0;0;0;0;0;0;0;0;0;0;0;0;0;0;0;0;0;0.0001;0;0;0;0;0.0004;0;0;0;0;0;0;0;-0.0004;-0.0884;0;0;0;0;0;0;0;0;0;-0.7452;0;0.7452;1;1;0;0;0;0
19/01/21 08:00;40.103;-87.713;1.7493;40.126;49.874;-90;-49.874;0;0;0;-0.0001;2.3099;0;0;0;0;0;0;0;0;0;0;0;0;0;1;1;1;1;0;0;0;0;0;0;0;0;0;0;0;0;0;0;0;0;0;0;0;0;0;0;0;0;0;0;0;0;0;0;0;0;0;0;0;1;1;1;1;1;1;1;1;1;1;1;1;1;1;1;1;1;1;1;0;0;0;0;0;0;0;0;0;0.0004;0.088;-0.0884;0;0;0;0;0;0;0;0;0;0;0;0;0;0;0;0;0;0;0;0.0001;0;0;0;0;0.0004;0;0;0;0;0;0;0;-0.0004;-0.0884;0;0;0;0;0;0;0;0;0;-0.7452;0;0.7452;1;1;0;0;0;0
19/01/21 09:00;52.258;-77.385;7.6822;52.934;37.066;-90;-37.066;0;0;0;-0.0001;2.6;0;0;0;0;0;0;0;0;0;0;0;0;0;1;1;1;1;0;0;0;0;0;0;0;0;0;0;0;0;0;0;0;0;0;0;0;0;0;0;0;0;0;0;0;0;0;0;0;0;0;0;0;1;1;1;1;1;1;1;1;1;1;1;1;1;1;1;1;1;1;1;0;0;0;0;0;0;0;0;0;0.0004;0.088;-0.0884;0;0;0;0;0;0;0;0;0;0;0;0;0;0;0;0;0;0;0;0.0001;0;0;0;0;0.0004;0;0;0;0;0;0;0;-0.0004;-0.0884;0;0;0;0;0;0;0;0;0;-0.7452;0;0.7452;1;1;0;0;0;0
19/01/21 10:00;63.773;-61.856;12.032;66.52;23.48;-90;-23.48;0;0;0;-0.0001;3.3499;0;0;0;0;0;0;0;0;0;0;0;0;0;1;1;1;1;0;0;0;0;0;0;0;0;0;0;0;0;0;0;0;0;0;0;0;0;0;0;0;0;0;0;0;0;0;0;0;0;0;0;0;1;1;1;1;1;1;1;1;1;1;1;1;1;1;1;1;1;1;1;0;0;0;0;0;0;0;0;0;0.0004;0.088;-0.0884;0;0;0;0;0;0;0;0;0;0;0;0;0;0;0;0;0;0;0;0.0001;0;0;0;0;0.0004;0;0;0;0;0;0;0;-0.0004;-0.0884;0;0;0;0;0;0;0;0;0;-0.7452;0;0.7452;1;1;0;0;0;0
19/01/21 11:00;72.891;-31.903;14.463;80.76;9.2395;-90;-9.2395;0;0;0;-0.0001;4.33;0;0;0;0;0;0;0;0;0;0;0;0;0;1;1;1;1;0;0;0;0;0;0;0;0;0;0;0;0;0;0;0;0;0;0;0;0;0;0;0;0;0;0;0;0;0;0;0;0;0;0;0;1;1;1;1;1;1;1;1;1;1;1;1;1;1;1;1;1;1;1;0;0;0;0;0;0;0;0;0;0.0004;0.088;-0.0884;0;0;0;0;0;0;0;0;0;0;0;0;0;0;0;0;0;0;0;0.0001;0;0;0;0;0.0004;0;0;0;0;0;0;0;-0.0004;-0.0884;0;0;0;0;0;0;0;0;0;-0.7452;0;0.7452;1;1;0;0;0;0
19/01/21 12:00;74.338;19.322;14.759;84.7;5.3003;90;5.3003;0;0;0;-0.0001;5.29;0;0;0;0;0;0;0;0;0;0;0;0;0;1;1;1;1;0;0;0;0;0;0;0;0;0;0;0;0;0;0;0;0;0;0;0;0;0;0;0;0;0;0;0;0;0;0;0;0;0;0;0;1;1;1;1;1;1;1;1;1;1;1;1;1;1;1;1;1;1;1;0;0;0;0;0;0;0;0;0;0.0004;0.088;-0.0884;0;0;0;0;0;0;0;0;0;0;0;0;0;0;0;0;0;0;0;0.0001;0;0;0;0;0.0004;0;0;0;0;0;0;0;-0.0004;-0.0884;0;0;0;0;0;0;0;0;0;-0.7452;0;0.7452;1;1;0;0;0;0
19/01/21 13:00;66.625;55.775;12.894;70.335;19.665;90;19.665;0;0;0;-0.0001;5.9899;0;0;0;0;0;0;0;0;0;0;0;0;0;1;1;1;1;0;0;0;0;0;0;0;0;0;0;0;0;0;0;0;0;0;0;0;0;0;0;0;0;0;0;0;0;0;0;0;0;0;0;0;1;1;1;1;1;1;1;1;1;1;1;1;1;1;1;1;1;1;1;0;0;0;0;0;0;0;0;0;0.0004;0.088;-0.0884;0;0;0;0;0;0;0;0;0;0;0;0;0;0;0;0;0;0;0;0.0001;0;0;0;0;0.0004;0;0;0;0;0;0;0;-0.0004;-0.0884;0;0;0;0;0;0;0;0;0;-0.7452;0;0.7452;1;1;0;0;0;0
19/01/21 14:00;55.487;73.908;9.0357;56.548;33.452;90;33.452;0;0;0;-0.0001;6.34;0;0;0;0;0;0;0;0;0;0;0;0;0;1;1;1;1;0;0;0;0;0;0;0;0;0;0;0;0;0;0;0;0;0;0;0;0;0;0;0;0;0;0;0;0;0;0;0;0;0;0;0;1;1;1;1;1;1;1;1;1;1;1;1;1;1;1;1;1;1;1;0;0;0;0;0;0;0;0;0;0.0004;0.088;-0.0884;0;0;0;0;0;0;0;0;0;0;0;0;0;0;0;0;0;0;0;0.0001;0;0;0;0;0.0004;0;0;0;0;0;0;0;-0.0004;-0.0884;0;0;0;0;0;0;0;0;0;-0.7452;0;0.7452;1;1;0;0;0;0
19/01/21 15:00;43.429;85.183;3.4964;43.531;46.469;90;46.469;0;0;0;-0.0001;6.3601;0;0;0;0;0;0;0;0;0;0;0;0;0;1;1;1;1;0;0;0;0;0;0;0;0;0;0;0;0;0;0;0;0;0;0;0;0;0;0;0;0;0;0;0;0;0;0;0;0;0;0;0;1;1;1;1;1;1;1;1;1;1;1;1;1;1;1;1;1;1;1;0;0;0;0;0;0;0;0;0;0.0004;0.088;-0.0884;0;0;0;0;0;0;0;0;0;0;0;0;0;0;0;0;0;0;0;0.0001;0;0;0;0;0.0004;0;0;0;0;0;0;0;-0.0004;-0.0884;0;0;0;0;0;0;0;0;0;-0.7452;0;0.7452;1;1;0;0;0;0
19/01/21 16:00;31.174;93.921;3.3539;31.233;58.767;90;58.767;0;0;0;-0.0001;6.0599;0;0;0;0;0;0;0;0;0;0;0;0;0;1;1;1;1;0;0;0;0;0;0;0;0;0;0;0;0;0;0;0;0;0;0;0;0;0;0;0;0;0;0;0;0;0;0;0;0;0;0;0;1;1;1;1;1;1;1;1;1;1;1;1;1;1;1;1;1;1;1;0;0;0;0;0;0;0;0;0;0.0004;0.088;-0.0884;0;0;0;0;0;0;0;0;0;0;0;0;0;0;0;0;0;0;0;0.0001;0;0;0;0;0.0004;0;0;0;0;0;0;0;-0.0004;-0.0884;0;0;0;0;0;0;0;0;0;-0.7452;0;0.7452;1;1;0;0;0;0
19/01/21 17:00;19.031;101.8;37.735;19.412;34.3;90;34.3;0;0;0;-0.0001;4.4601;0;0;0;0;0;0;0;0;0;0;0;0;0;1;1;1;1;0;0;0;0;0;0;0;0;0;0;0;0;0;0;0;0;0;0;0;0;0;0;0;0;0;0;0;0;0;0;0;0;0;0;0;1;1;1;1;1;1;1;1;1;1;1;1;1;1;1;1;1;1;1;0;0;0;0;0;0;0;0;0;0.0004;0.088;-0.0884;0;0;0;0;0;0;0;0;0;0;0;0;0;0;0;0;0;0;0;0.0001;0;0;0;0;0.0004;0;0;0;0;0;0;0;-0.0004;-0.0884;0;0;0;0;0;0;0;0;0;-0.7452;0;0.7452;1;1;0;0;0;0
19/01/21 18:00;7.2314;109.68;72.225;7.675;11.224;90;11.224;0;0;0;-0.0001;3.79;0;0;0;0;0;0;0;0;0;0;0;0;0;1;1;1;1;0;0;0;0;0;0;0;0;0;0;0;0;0;0;0;0;0;0;0;0;0;0;0;0;0;0;0;0;0;0;0;0;0;0;0;1;1;1;1;1;1;1;1;1;1;1;1;1;1;1;1;1;1;1;0;0;0;0;0;0;0;0;0;0.0004;0.088;-0.0884;0;0;0;0;0;0;0;0;0;0;0;0;0;0;0;0;0;0;0;0.0001;0;0;0;0;0.0004;0;0;0;0;0;0;0;-0.0004;-0.0884;0;0;0;0;0;0;0;0;0;-0.7452;0;0.7452;1;1;0;0;0;0
19/01/21 19:00;0.7886;114.4;88.087;0.8659;1.2345;90;1.2345;0;0;0;-0.0001;3.9199;0;0;0;0;0;0;0;0;0;0;0;0;0;1;1;1;1;0;0;0;0;0;0;0;0;0;0;0;0;0;0;0;0;0;0;0;0;0;0;0;0;0;0;0;0;0;0;0;0;0;0;0;1;1;1;1;1;1;1;1;1;1;1;1;1;1;1;1;1;1;1;0;0;0;0;0;0;0;0;0;0.0004;0.088;-0.0884;0;0;0;0;0;0;0;0;0;0;0;0;0;0;0;0;0;0;0;0.0001;0;0;0;0;0.0004;0;0;0;0;0;0;0;-0.0004;-0.0884;0;0;0;0;0;0;0;0;0;-0.7452;0;0.7452;1;1;0;0;0;0
19/01/21 20:00;0;0;90;0;0;90;0;0;0;0;-0.0001;3.47;0;0;0;0;0;0;0;0;0;0;0;0;0;1;1;1;1;0;0;0;0;0;0;0;0;0;0;0;0;0;0;0;0;0;0;0;0;0;0;0;0;0;0;0;0;0;0;0;0;0;0;0;1;1;1;1;1;1;1;1;1;1;1;1;1;1;1;1;1;1;1;0;0;0;0;0;0;0;0;0;0.0004;0.088;-0.0884;0;0;0;0;0;0;0;0;0;0;0;0;0;0;0;0;0;0;0;0.0001;0;0;0;0;0.0004;0;0;0;0;0;0;0;-0.0004;-0.0884;0;0;0;0;0;0;0;0;0;-0.7452;0;0.7452;1;1;0;0;0;0
19/01/21 21:00;0;0;90;0;0;90;0;0;0;0;-0.0001;3.08;0;0;0;0;0;0;0;0;0;0;0;0;0;1;1;1;1;0;0;0;0;0;0;0;0;0;0;0;0;0;0;0;0;0;0;0;0;0;0;0;0;0;0;0;0;0;0;0;0;0;0;0;1;1;1;1;1;1;1;1;1;1;1;1;1;1;1;1;1;1;1;0;0;0;0;0;0;0;0;0;0.0004;0.088;-0.0884;0;0;0;0;0;0;0;0;0;0;0;0;0;0;0;0;0;0;0;0.0001;0;0;0;0;0.0004;0;0;0;0;0;0;0;-0.0004;-0.0884;0;0;0;0;0;0;0;0;0;-0.7452;0;0.7452;1;1;0;0;0;0
19/01/21 22:00;0;0;90;0;0;90;0;0;0;0;-0.0001;5.0901;0;0;0;0;0;0;0;0;0;0;0;0;0;1;1;1;1;0;0;0;0;0;0;0;0;0;0;0;0;0;0;0;0;0;0;0;0;0;0;0;0;0;0;0;0;0;0;0;0;0;0;0;1;1;1;1;1;1;1;1;1;1;1;1;1;1;1;1;1;1;1;0;0;0;0;0;0;0;0;0;0.0004;0.088;-0.0884;0;0;0;0;0;0;0;0;0;0;0;0;0;0;0;0;0;0;0;0.0001;0;0;0;0;0.0004;0;0;0;0;0;0;0;-0.0004;-0.0884;0;0;0;0;0;0;0;0;0;-0.7452;0;0.7452;1;1;0;0;0;0
19/01/21 23:00;0;0;90;0;0;90;0;0;0;0;-0.0001;6.74;0;0;0;0;0;0;0;0;0;0;0;0;0;1;1;1;1;0;0;0;0;0;0;0;0;0;0;0;0;0;0;0;0;0;0;0;0;0;0;0;0;0;0;0;0;0;0;0;0;0;0;0;1;1;1;1;1;1;1;1;1;1;1;1;1;1;1;1;1;1;1;0;0;0;0;0;0;0;0;0;0.0004;0.088;-0.0884;0;0;0;0;0;0;0;0;0;0;0;0;0;0;0;0;0;0;0;0.0001;0;0;0;0;0.0004;0;0;0;0;0;0;0;-0.0004;-0.0884;0;0;0;0;0;0;0;0;0;-0.7452;0;0.7452;1;1;0;0;0;0
20/01/21 00:00;0;0;90;0;0;90;0;0;0;0;-0.0001;6.87;0;0;0;0;0;0;0;0;0;0;0;0;0;1;1;1;1;0;0;0;0;0;0;0;0;0;0;0;0;0;0;0;0;0;0;0;0;0;0;0;0;0;0;0;0;0;0;0;0;0;0;0;1;1;1;1;1;1;1;1;1;1;1;1;1;1;1;1;1;1;1;0;0;0;0;0;0;0;0;0;0.0004;0.088;-0.0884;0;0;0;0;0;0;0;0;0;0;0;0;0;0;0;0;0;0;0;0.0001;0;0;0;0;0.0004;0;0;0;0;0;0;0;-0.0004;-0.0884;0;0;0;0;0;0;0;0;0;-0.7452;0;0.7452;1;1;0;0;0;0
20/01/21 01:00;0;0;90;0;0;90;0;0;0;0;-0.0001;6.5499;0;0;0;0;0;0;0;0;0;0;0;0;0;1;1;1;1;0;0;0;0;0;0;0;0;0;0;0;0;0;0;0;0;0;0;0;0;0;0;0;0;0;0;0;0;0;0;0;0;0;0;0;1;1;1;1;1;1;1;1;1;1;1;1;1;1;1;1;1;1;1;0;0;0;0;0;0;0;0;0;0.0004;0.088;-0.0884;0;0;0;0;0;0;0;0;0;0;0;0;0;0;0;0;0;0;0;0.0001;0;0;0;0;0.0004;0;0;0;0;0;0;0;-0.0004;-0.0884;0;0;0;0;0;0;0;0;0;-0.7452;0;0.7452;1;1;0;0;0;0
20/01/21 02:00;0;0;90;0;0;90;0;0;0;0;-0.0001;6.2901;0;0;0;0;0;0;0;0;0;0;0;0;0;1;1;1;1;0;0;0;0;0;0;0;0;0;0;0;0;0;0;0;0;0;0;0;0;0;0;0;0;0;0;0;0;0;0;0;0;0;0;0;1;1;1;1;1;1;1;1;1;1;1;1;1;1;1;1;1;1;1;0;0;0;0;0;0;0;0;0;0.0004;0.088;-0.0884;0;0;0;0;0;0;0;0;0;0;0;0;0;0;0;0;0;0;0;0.0001;0;0;0;0;0.0004;0;0;0;0;0;0;0;-0.0004;-0.0884;0;0;0;0;0;0;0;0;0;-0.7452;0;0.7452;1;1;0;0;0;0
20/01/21 03:00;0;0;90;0;0;90;0;0;0;0;-0.0001;6.19;0;0;0;0;0;0;0;0;0;0;0;0;0;1;1;1;1;0;0;0;0;0;0;0;0;0;0;0;0;0;0;0;0;0;0;0;0;0;0;0;0;0;0;0;0;0;0;0;0;0;0;0;1;1;1;1;1;1;1;1;1;1;1;1;1;1;1;1;1;1;1;0;0;0;0;0;0;0;0;0;0.0004;0.088;-0.0884;0;0;0;0;0;0;0;0;0;0;0;0;0;0;0;0;0;0;0;0.0001;0;0;0;0;0.0004;0;0;0;0;0;0;0;-0.0004;-0.0884;0;0;0;0;0;0;0;0;0;-0.7452;0;0.7452;1;1;0;0;0;0
20/01/21 04:00;0;0;90;0;0;90;0;0;0;0;-0.0001;6.2299;0;0;0;0;0;0;0;0;0;0;0;0;0;1;1;1;1;0;0;0;0;0;0;0;0;0;0;0;0;0;0;0;0;0;0;0;0;0;0;0;0;0;0;0;0;0;0;0;0;0;0;0;1;1;1;1;1;1;1;1;1;1;1;1;1;1;1;1;1;1;1;0;0;0;0;0;0;0;0;0;0.0004;0.088;-0.0884;0;0;0;0;0;0;0;0;0;0;0;0;0;0;0;0;0;0;0;0.0001;0;0;0;0;0.0004;0;0;0;0;0;0;0;-0.0004;-0.0884;0;0;0;0;0;0;0;0;0;-0.7452;0;0.7452;1;1;0;0;0;0
20/01/21 05:00;4.8813;-111.09;78.09;5.2298;7.5418;-90;-7.5418;0;0;0;-0.0001;7.22;0;0;0;0;0;0;0;0;0;0;0;0;0;1;1;1;1;0;0;0;0;0;0;0;0;0;0;0;0;0;0;0;0;0;0;0;0;0;0;0;0;0;0;0;0;0;0;0;0;0;0;0;1;1;1;1;1;1;1;1;1;1;1;1;1;1;1;1;1;1;1;0;0;0;0;0;0;0;0;0;0.0004;0.088;-0.0884;0;0;0;0;0;0;0;0;0;0;0;0;0;0;0;0;0;0;0;0.0001;0;0;0;0;0.0004;0;0;0;0;0;0;0;-0.0004;-0.0884;0;0;0;0;0;0;0;0;0;-0.7452;0;0.7452;1;1;0;0;0;0
20/01/21 06:00;15.605;-103.76;49.275;16.043;26.043;-90;-26.043;0;0;0;-0.0001;7.37;0;0;0;0;0;0;0;0;0;0;0;0;0;1;1;1;1;0;0;0;0;0;0;0;0;0;0;0;0;0;0;0;0;0;0;0;0;0;0;0;0;0;0;0;0;0;0;0;0;0;0;0;1;1;1;1;1;1;1;1;1;1;1;1;1;1;1;1;1;1;1;0;0;0;0;0;0;0;0;0;0.0004;0.088;-0.0884;0;0;0;0;0;0;0;0;0;0;0;0;0;0;0;0;0;0;0;0.0001;0;0;0;0;0.0004;0;0;0;0;0;0;0;-0.0004;-0.0884;0;0;0;0;0;0;0;0;0;-0.7452;0;0.7452;1;1;0;0;0;0
20/01/21 07:00;27.683;-95.931;5.6873;27.809;60;-90;-60;0;0;0;-0.0001;6.6001;0;0;0;0;0;0;0;0;0;0;0;0;0;1;1;1;1;0;0;0;0;0;0;0;0;0;0;0;0;0;0;0;0;0;0;0;0;0;0;0;0;0;0;0;0;0;0;0;0;0;0;0;1;1;1;1;1;1;1;1;1;1;1;1;1;1;1;1;1;1;1;0;0;0;0;0;0;0;0;0;0.0004;0.088;-0.0884;0;0;0;0;0;0;0;0;0;0;0;0;0;0;0;0;0;0;0;0.0001;0;0;0;0;0.0004;0;0;0;0;0;0;0;-0.0004;-0.0884;0;0;0;0;0;0;0;0;0;-0.7452;0;0.7452;1;1;0;0;0;0
20/01/21 08:00;39.933;-87.514;1.9063;39.96;50.04;-90;-50.04;0;0;0;-0.0001;5.5899;0;0;0;0;0;0;0;0;0;0;0;0;0;1;1;1;1;0;0;0;0;0;0;0;0;0;0;0;0;0;0;0;0;0;0;0;0;0;0;0;0;0;0;0;0;0;0;0;0;0;0;0;1;1;1;1;1;1;1;1;1;1;1;1;1;1;1;1;1;1;1;0;0;0;0;0;0;0;0;0;0.0004;0.088;-0.0884;0;0;0;0;0;0;0;0;0;0;0;0;0;0;0;0;0;0;0;0.0001;0;0;0;0;0.0004;0;0;0;0;0;0;0;-0.0004;-0.0884;0;0;0;0;0;0;0;0;0;-0.7452;0;0.7452;1;1;0;0;0;0
20/01/21 09:00;52.082;-77.148;7.8563;52.784;37.216;-90;-37.216;0;0;0;-0.0001;4.56;0;0;0;0;0;0;0;0;0;0;0;0;0;1;1;1;1;0;0;0;0;0;0;0;0;0;0;0;0;0;0;0;0;0;0;0;0;0;0;0;0;0;0;0;0;0;0;0;0;0;0;0;1;1;1;1;1;1;1;1;1;1;1;1;1;1;1;1;1;1;1;0;0;0;0;0;0;0;0;0;0.0004;0.088;-0.0884;0;0;0;0;0;0;0;0;0;0;0;0;0;0;0;0;0;0;0;0.0001;0;0;0;0;0.0004;0;0;0;0;0;0;0;-0.0004;-0.0884;0;0;0;0;0;0;0;0;0;-0.7452;0;0.7452;1;1;0;0;0;0
20/01/21 10:00;63.578;-61.588;12.224;66.393;23.607;-90;-23.607;0;0;0;-0.0001;3.62;0;0;0;0;0;0;0;0;0;0;0;0;0;1;1;1;1;0;0;0;0;0;0;0;0;0;0;0;0;0;0;0;0;0;0;0;0;0;0;0;0;0;0;0;0;0;0;0;0;0;0;0;1;1;1;1;1;1;1;1;1;1;1;1;1;1;1;1;1;1;1;0;0;0;0;0;0;0;0;0;0.0004;0.088;-0.0884;0;0;0;0;0;0;0;0;0;0;0;0;0;0;0;0;0;0;0;0.0001;0;0;0;0;0.0004;0;0;0;0;0;0;0;-0.0004;-0.0884;0;0;0;0;0;0;0;0;0;-0.7452;0;0.7452;1;1;0;0;0;0
20/01/21 11:00;72.665;-31.786;14.671;80.663;9.3368;-90;-9.3368;0;0;0;-0.0001;2.82;0;0;0;0;0;0;0;0;0;0;0;0;0;1;1;1;1;0;0;0;0;0;0;0;0;0;0;0;0;0;0;0;0;0;0;0;0;0;0;0;0;0;0;0;0;0;0;0;0;0;0;0;1;1;1;1;1;1;1;1;1;1;1;1;1;1;1;1;1;1;1;0;0;0;0;0;0;0;0;0;0.0004;0.088;-0.0884;0;0;0;0;0;0;0;0;0;0;0;0;0;0;0;0;0;0;0;0.0001;0;0;0;0;0.0004;0;0;0;0;0;0;0;-0.0004;-0.0884;0;0;0;0;0;0;0;0;0;-0.7452;0;0.7452;1;1;0;0;0;0
20/01/21 12:00;74.151;18.837;14.98;84.763;5.2374;90;5.2374;0;0;0;-0.0001;2.19;0;0;0;0;0;0;0;0;0;0;0;0;0;1;1;1;1;0;0;0;0;0;0;0;0;0;0;0;0;0;0;0;0;0;0;0;0;0;0;0;0;0;0;0;0;0;0;0;0;0;0;0;1;1;1;1;1;1;1;1;1;1;1;1;1;1;1;1;1;1;1;0;0;0;0;0;0;0;0;0;0.0004;0.088;-0.0884;0;0;0;0;0;0;0;0;0;0;0;0;0;0;0;0;0;0;0;0.0001;0;0;0;0;0.0004;0;0;0;0;0;0;0;-0.0004;-0.0884;0;0;0;0;0;0;0;0;0;-0.7452;0;0.7452;1;1;0;0;0;0
20/01/21 13:00;66.527;55.256;13.121;70.362;19.638;90;19.638;0;0;0;-0.0001;1.71;0;0;0;0;0;0;0;0;0;0;0;0;0;1;1;1;1;0;0;0;0;0;0;0;0;0;0;0;0;0;0;0;0;0;0;0;0;0;0;0;0;0;0;0;0;0;0;0;0;0;0;0;1;1;1;1;1;1;1;1;1;1;1;1;1;1;1;1;1;1;1;0;0;0;0;0;0;0;0;0;0.0004;0.088;-0.0884;0;0;0;0;0;0;0;0;0;0;0;0;0;0;0;0;0;0;0;0.0001;0;0;0;0;0.0004;0;0;0;0;0;0;0;-0.0004;-0.0884;0;0;0;0;0;0;0;0;0;-0.7452;0;0.7452;1;1;0;0;0;0
20/01/21 14:00;55.429;73.518;9.2641;56.543;33.457;90;33.457;0;0;0;-0.0001;1.4;0;0;0;0;0;0;0;0;0;0;0;0;0;1;1;1;1;0;0;0;0;0;0;0;0;0;0;0;0;0;0;0;0;0;0;0;0;0;0;0;0;0;0;0;0;0;0;0;0;0;0;0;1;1;1;1;1;1;1;1;1;1;1;1;1;1;1;1;1;1;1;0;0;0;0;0;0;0;0;0;0.0004;0.088;-0.0884;0;0;0;0;0;0;0;0;0;0;0;0;0;0;0;0;0;0;0;0.0001;0;0;0;0;0.0004;0;0;0;0;0;0;0;-0.0004;-0.0884;0;0;0;0;0;0;0;0;0;-0.7452;0;0.7452;1;1;0;0;0;0
20/01/21 15:00;43.385;84.874;3.7228;43.5;46.5;90;46.5;0;0;0;-0.0001;1.22;0;0;0;0;0;0;0;0;0;0;0;0;0;1;1;1;1;0;0;0;0;0;0;0;0;0;0;0;0;0;0;0;0;0;0;0;0;0;0;0;0;0;0;0;0;0;0;0;0;0;0;0;1;1;1;1;1;1;1;1;1;1;1;1;1;1;1;1;1;1;1;0;0;0;0;0;0;0;0;0;0.0004;0.088;-0.0884;0;0;0;0;0;0;0;0;0;0;0;0;0;0;0;0;0;0;0;0.0001;0;0;0;0;0.0004;0;0;0;0;0;0;0;-0.0004;-0.0884;0;0;0;0;0;0;0;0;0;-0.7452;0;0.7452;1;1;0;0;0;0
20/01/21 16:00;31.13;93.659;3.1313;31.182;58.818;90;58.818;0;0;0;-0.0001;1.17;0;0;0;0;0;0;0;0;0;0;0;0;0;1;1;1;1;0;0;0;0;0;0;0;0;0;0;0;0;0;0;0;0;0;0;0;0;0;0;0;0;0;0;0;0;0;0;0;0;0;0;0;1;1;1;1;1;1;1;1;1;1;1;1;1;1;1;1;1;1;1;0;0;0;0;0;0;0;0;0;0.0004;0.088;-0.0884;0;0;0;0;0;0;0;0;0;0;0;0;0;0;0;0;0;0;0;0.0001;0;0;0;0;0.0004;0;0;0;0;0;0;0;-0.0004;-0.0884;0;0;0;0;0;0;0;0;0;-0.7452;0;0.7452;1;1;0;0;0;0
20/01/21 17:00;18.981;101.56;37.924;19.345;34.11;90;34.11;0;0;0;-0.0001;0.98;0;0;0;0;0;0;0;0;0;0;0;0;0;1;1;1;1;0;0;0;0;0;0;0;0;0;0;0;0;0;0;0;0;0;0;0;0;0;0;0;0;0;0;0;0;0;0;0;0;0;0;0;1;1;1;1;1;1;1;1;1;1;1;1;1;1;1;1;1;1;1;0;0;0;0;0;0;0;0;0;0.0004;0.088;-0.0884;0;0;0;0;0;0;0;0;0;0;0;0;0;0;0;0;0;0;0;0.0001;0;0;0;0;0.0004;0;0;0;0;0;0;0;-0.0004;-0.0884;0;0;0;0;0;0;0;0;0;-0.7452;0;0.7452;1;1;0;0;0;0
20/01/21 18:00;7.1677;109.46;72.386;7.5971;11.104;90;11.104;0;0;0;-0.0001;1.1101;0;0;0;0;0;0;0;0;0;0;0;0;0;1;1;1;1;0;0;0;0;0;0;0;0;0;0;0;0;0;0;0;0;0;0;0;0;0;0;0;0;0;0;0;0;0;0;0;0;0;0;0;1;1;1;1;1;1;1;1;1;1;1;1;1;1;1;1;1;1;1;0;0;0;0;0;0;0;0;0;0.0004;0.088;-0.0884;0;0;0;0;0;0;0;0;0;0;0;0;0;0;0;0;0;0;0;0.0001;0;0;0;0;0.0004;0;0;0;0;0;0;0;-0.0004;-0.0884;0;0;0;0;0;0;0;0;0;-0.7452;0;0.7452;1;1;0;0;0;0
20/01/21 19:00;0.7149;114.18;88.266;0.7837;1.1173;90;1.1173;0;0;0;-0.0001;1.5299;0;0;0;0;0;0;0;0;0;0;0;0;0;1;1;1;1;0;0;0;0;0;0;0;0;0;0;0;0;0;0;0;0;0;0;0;0;0;0;0;0;0;0;0;0;0;0;0;0;0;0;0;1;1;1;1;1;1;1;1;1;1;1;1;1;1;1;1;1;1;1;0;0;0;0;0;0;0;0;0;0.0004;0.088;-0.0884;0;0;0;0;0;0;0;0;0;0;0;0;0;0;0;0;0;0;0;0.0001;0;0;0;0;0.0004;0;0;0;0;0;0;0;-0.0004;-0.0884;0;0;0;0;0;0;0;0;0;-0.7452;0;0.7452;1;1;0;0;0;0
20/01/21 20:00;0;0;90;0;0;90;0;0;0;0;-0.0001;2.19;0;0;0;0;0;0;0;0;0;0;0;0;0;1;1;1;1;0;0;0;0;0;0;0;0;0;0;0;0;0;0;0;0;0;0;0;0;0;0;0;0;0;0;0;0;0;0;0;0;0;0;0;1;1;1;1;1;1;1;1;1;1;1;1;1;1;1;1;1;1;1;0;0;0;0;0;0;0;0;0;0.0004;0.088;-0.0884;0;0;0;0;0;0;0;0;0;0;0;0;0;0;0;0;0;0;0;0.0001;0;0;0;0;0.0004;0;0;0;0;0;0;0;-0.0004;-0.0884;0;0;0;0;0;0;0;0;0;-0.7452;0;0.7452;1;1;0;0;0;0
20/01/21 21:00;0;0;90;0;0;90;0;0;0;0;-0.0001;3;0;0;0;0;0;0;0;0;0;0;0;0;0;1;1;1;1;0;0;0;0;0;0;0;0;0;0;0;0;0;0;0;0;0;0;0;0;0;0;0;0;0;0;0;0;0;0;0;0;0;0;0;1;1;1;1;1;1;1;1;1;1;1;1;1;1;1;1;1;1;1;0;0;0;0;0;0;0;0;0;0.0004;0.088;-0.0884;0;0;0;0;0;0;0;0;0;0;0;0;0;0;0;0;0;0;0;0.0001;0;0;0;0;0.0004;0;0;0;0;0;0;0;-0.0004;-0.0884;0;0;0;0;0;0;0;0;0;-0.7452;0;0.7452;1;1;0;0;0;0
20/01/21 22:00;0;0;90;0;0;90;0;0;0;0;-0.0001;4.1401;0;0;0;0;0;0;0;0;0;0;0;0;0;1;1;1;1;0;0;0;0;0;0;0;0;0;0;0;0;0;0;0;0;0;0;0;0;0;0;0;0;0;0;0;0;0;0;0;0;0;0;0;1;1;1;1;1;1;1;1;1;1;1;1;1;1;1;1;1;1;1;0;0;0;0;0;0;0;0;0;0.0004;0.088;-0.0884;0;0;0;0;0;0;0;0;0;0;0;0;0;0;0;0;0;0;0;0.0001;0;0;0;0;0.0004;0;0;0;0;0;0;0;-0.0004;-0.0884;0;0;0;0;0;0;0;0;0;-0.7452;0;0.7452;1;1;0;0;0;0
20/01/21 23:00;0;0;90;0;0;90;0;0;0;0;-0.0001;5.37;0;0;0;0;0;0;0;0;0;0;0;0;0;1;1;1;1;0;0;0;0;0;0;0;0;0;0;0;0;0;0;0;0;0;0;0;0;0;0;0;0;0;0;0;0;0;0;0;0;0;0;0;1;1;1;1;1;1;1;1;1;1;1;1;1;1;1;1;1;1;1;0;0;0;0;0;0;0;0;0;0.0004;0.088;-0.0884;0;0;0;0;0;0;0;0;0;0;0;0;0;0;0;0;0;0;0;0.0001;0;0;0;0;0.0004;0;0;0;0;0;0;0;-0.0004;-0.0884;0;0;0;0;0;0;0;0;0;-0.7452;0;0.7452;1;1;0;0;0;0
21/01/21 00:00;0;0;90;0;0;90;0;0;0;0;-0.0001;6.08;0;0;0;0;0;0;0;0;0;0;0;0;0;1;1;1;1;0;0;0;0;0;0;0;0;0;0;0;0;0;0;0;0;0;0;0;0;0;0;0;0;0;0;0;0;0;0;0;0;0;0;0;1;1;1;1;1;1;1;1;1;1;1;1;1;1;1;1;1;1;1;0;0;0;0;0;0;0;0;0;0.0004;0.088;-0.0884;0;0;0;0;0;0;0;0;0;0;0;0;0;0;0;0;0;0;0;0.0001;0;0;0;0;0.0004;0;0;0;0;0;0;0;-0.0004;-0.0884;0;0;0;0;0;0;0;0;0;-0.7452;0;0.7452;1;1;0;0;0;0
21/01/21 01:00;0;0;90;0;0;90;0;0;0;0;-0.0001;6.16;0;0;0;0;0;0;0;0;0;0;0;0;0;1;1;1;1;0;0;0;0;0;0;0;0;0;0;0;0;0;0;0;0;0;0;0;0;0;0;0;0;0;0;0;0;0;0;0;0;0;0;0;1;1;1;1;1;1;1;1;1;1;1;1;1;1;1;1;1;1;1;0;0;0;0;0;0;0;0;0;0.0004;0.088;-0.0884;0;0;0;0;0;0;0;0;0;0;0;0;0;0;0;0;0;0;0;0.0001;0;0;0;0;0.0004;0;0;0;0;0;0;0;-0.0004;-0.0884;0;0;0;0;0;0;0;0;0;-0.7452;0;0.7452;1;1;0;0;0;0
21/01/21 02:00;0;0;90;0;0;90;0;0;0;0;-0.0001;5.92;0;0;0;0;0;0;0;0;0;0;0;0;0;1;1;1;1;0;0;0;0;0;0;0;0;0;0;0;0;0;0;0;0;0;0;0;0;0;0;0;0;0;0;0;0;0;0;0;0;0;0;0;1;1;1;1;1;1;1;1;1;1;1;1;1;1;1;1;1;1;1;0;0;0;0;0;0;0;0;0;0.0004;0.088;-0.0884;0;0;0;0;0;0;0;0;0;0;0;0;0;0;0;0;0;0;0;0.0001;0;0;0;0;0.0004;0;0;0;0;0;0;0;-0.0004;-0.0884;0;0;0;0;0;0;0;0;0;-0.7452;0;0.7452;1;1;0;0;0;0
21/01/21 03:00;0;0;90;0;0;90;0;0;0;0;-0.0001;5.44;0;0;0;0;0;0;0;0;0;0;0;0;0;1;1;1;1;0;0;0;0;0;0;0;0;0;0;0;0;0;0;0;0;0;0;0;0;0;0;0;0;0;0;0;0;0;0;0;0;0;0;0;1;1;1;1;1;1;1;1;1;1;1;1;1;1;1;1;1;1;1;0;0;0;0;0;0;0;0;0;0.0004;0.088;-0.0884;0;0;0;0;0;0;0;0;0;0;0;0;0;0;0;0;0;0;0;0.0001;0;0;0;0;0.0004;0;0;0;0;0;0;0;-0.0004;-0.0884;0;0;0;0;0;0;0;0;0;-0.7452;0;0.7452;1;1;0;0;0;0
21/01/21 04:00;0;0;90;0;0;90;0;0;0;0;-0.0001;5.21;0;0;0;0;0;0;0;0;0;0;0;0;0;1;1;1;1;0;0;0;0;0;0;0;0;0;0;0;0;0;0;0;0;0;0;0;0;0;0;0;0;0;0;0;0;0;0;0;0;0;0;0;1;1;1;1;1;1;1;1;1;1;1;1;1;1;1;1;1;1;1;0;0;0;0;0;0;0;0;0;0.0004;0.088;-0.0884;0;0;0;0;0;0;0;0;0;0;0;0;0;0;0;0;0;0;0;0.0001;0;0;0;0;0.0004;0;0;0;0;0;0;0;-0.0004;-0.0884;0;0;0;0;0;0;0;0;0;-0.7452;0;0.7452;1;1;0;0;0;0
21/01/21 05:00;4.694;-110.95;78.552;5.0246;7.2393;-90;-7.2393;0;0;0;-0.0001;5.5899;0;0;0;0;0;0;0;0;0;0;0;0;0;1;1;1;1;0;0;0;0;0;0;0;0;0;0;0;0;0;0;0;0;0;0;0;0;0;0;0;0;0;0;0;0;0;0;0;0;0;0;0;1;1;1;1;1;1;1;1;1;1;1;1;1;1;1;1;1;1;1;0;0;0;0;0;0;0;0;0;0.0004;0.088;-0.0884;0;0;0;0;0;0;0;0;0;0;0;0;0;0;0;0;0;0;0;0.0001;0;0;0;0;0.0004;0;0;0;0;0;0;0;-0.0004;-0.0884;0;0;0;0;0;0;0;0;0;-0.7452;0;0.7452;1;1;0;0;0;0
21/01/21 06:00;15.427;-103.6;49.824;15.85;25.632;-90;-25.632;0;0;0;-0.0001;5.6;0;0;0;0;0;0;0;0;0;0;0;0;0;1;1;1;1;0;0;0;0;0;0;0;0;0;0;0;0;0;0;0;0;0;0;0;0;0;0;0;0;0;0;0;0;0;0;0;0;0;0;0;1;1;1;1;1;1;1;1;1;1;1;1;1;1;1;1;1;1;1;0;0;0;0;0;0;0;0;0;0.0004;0.088;-0.0884;0;0;0;0;0;0;0;0;0;0;0;0;0;0;0;0;0;0;0;0.0001;0;0;0;0;0.0004;0;0;0;0;0;0;0;-0.0004;-0.0884;0;0;0;0;0;0;0;0;0;-0.7452;0;0.7452;1;1;0;0;0;0
21/01/21 07:00;27.51;-95.753;5.6237;27.629;60;-90;-60;0;0;0;-0.0001;4.98;0;0;0;0;0;0;0;0;0;0;0;0;0;1;1;1;1;0;0;0;0;0;0;0;0;0;0;0;0;0;0;0;0;0;0;0;0;0;0;0;0;0;0;0;0;0;0;0;0;0;0;0;1;1;1;1;1;1;1;1;1;1;1;1;1;1;1;1;1;1;1;0;0;0;0;0;0;0;0;0;0.0004;0.088;-0.0884;0;0;0;0;0;0;0;0;0;0;0;0;0;0;0;0;0;0;0;0.0001;0;0;0;0;0.0004;0;0;0;0;0;0;0;-0.0004;-0.0884;0;0;0;0;0;0;0;0;0;-0.7452;0;0.7452;1;1;0;0;0;0
21/01/21 08:00;39.762;-87.307;2.0698;39.793;50.207;-90;-50.207;0;0;0;-0.0001;4.25;0;0;0;0;0;0;0;0;0;0;0;0;0;1;1;1;1;0;0;0;0;0;0;0;0;0;0;0;0;0;0;0;0;0;0;0;0;0;0;0;0;0;0;0;0;0;0;0;0;0;0;0;1;1;1;1;1;1;1;1;1;1;1;1;1;1;1;1;1;1;1;0;0;0;0;0;0;0;0;0;0.0004;0.088;-0.0884;0;0;0;0;0;0;0;0;0;0;0;0;0;0;0;0;0;0;0;0.0001;0;0;0;0;0.0004;0;0;0;0;0;0;0;-0.0004;-0.0884;0;0;0;0;0;0;0;0;0;-0.7452;0;0.7452;1;1;0;0;0;0
21/01/21 09:00;51.904;-76.903;8.037;52.635;37.365;-90;-37.365;0;0;0;-0.0001;3.69;0;0;0;0;0;0;0;0;0;0;0;0;0;1;1;1;1;0;0;0;0;0;0;0;0;0;0;0;0;0;0;0;0;0;0;0;0;0;0;0;0;0;0;0;0;0;0;0;0;0;0;0;1;1;1;1;1;1;1;1;1;1;1;1;1;1;1;1;1;1;1;0;0;0;0;0;0;0;0;0;0.0004;0.088;-0.0884;0;0;0;0;0;0;0;0;0;0;0;0;0;0;0;0;0;0;0;0.0001;0;0;0;0;0.0004;0;0;0;0;0;0;0;-0.0004;-0.0884;0;0;0;0;0;0;0;0;0;-0.7452;0;0.7452;1;1;0;0;0;0
21/01/21 10:00;63.38;-61.308;12.422;66.267;23.733;-90;-23.733;0;0;0;-0.0001;3.4399;0;0;0;0;0;0;0;0;0;0;0;0;0;1;1;1;1;0;0;0;0;0;0;0;0;0;0;0;0;0;0;0;0;0;0;0;0;0;0;0;0;0;0;0;0;0;0;0;0;0;0;0;1;1;1;1;1;1;1;1;1;1;1;1;1;1;1;1;1;1;1;0;0;0;0;0;0;0;0;0;0.0004;0.088;-0.0884;0;0;0;0;0;0;0;0;0;0;0;0;0;0;0;0;0;0;0;0.0001;0;0;0;0;0.0004;0;0;0;0;0;0;0;-0.0004;-0.0884;0;0;0;0;0;0;0;0;0;-0.7452;0;0.7452;1;1;0;0;0;0
21/01/21 11:00;72.435;-31.655;14.886;80.568;9.4323;-90;-9.4323;0;0;0;-0.0001;3.39;0;0;0;0;0;0;0;0;0;0;0;0;0;1;1;1;1;0;0;0;0;0;0;0;0;0;0;0;0;0;0;0;0;0;0;0;0;0;0;0;0;0;0;0;0;0;0;0;0;0;0;0;1;1;1;1;1;1;1;1;1;1;1;1;1;1;1;1;1;1;1;0;0;0;0;0;0;0;0;0;0.0004;0.088;-0.0884;0;0;0;0;0;0;0;0;0;0;0;0;0;0;0;0;0;0;0;0.0001;0;0;0;0;0.0004;0;0;0;0;0;0;0;-0.0004;-0.0884;0;0;0;0;0;0;0;0;0;-0.7452;0;0.7452;1;1;0;0;0;0
21/01/21 12:00;73.956;18.366;15.206;84.823;5.1773;90;5.1773;0;0;0;-0.0001;3.37;0;0;0;0;0;0;0;0;0;0;0;0;0;1;1;1;1;0;0;0;0;0;0;0;0;0;0;0;0;0;0;0;0;0;0;0;0;0;0;0;0;0;0;0;0;0;0;0;0;0;0;0;1;1;1;1;1;1;1;1;1;1;1;1;1;1;1;1;1;1;1;0;0;0;0;0;0;0;0;0;0.0004;0.088;-0.0884;0;0;0;0;0;0;0;0;0;0;0;0;0;0;0;0;0;0;0;0.0001;0;0;0;0;0.0004;0;0;0;0;0;0;0;-0.0004;-0.0884;0;0;0;0;0;0;0;0;0;-0.7452;0;0.7452;1;1;0;0;0;0
21/01/21 13:00;66.421;54.735;13.353;70.386;19.614;90;19.614;0;0;0;-0.0001;3.24;0;0;0;0;0;0;0;0;0;0;0;0;0;1;1;1;1;0;0;0;0;0;0;0;0;0;0;0;0;0;0;0;0;0;0;0;0;0;0;0;0;0;0;0;0;0;0;0;0;0;0;0;1;1;1;1;1;1;1;1;1;1;1;1;1;1;1;1;1;1;1;0;0;0;0;0;0;0;0;0;0.0004;0.088;-0.0884;0;0;0;0;0;0;0;0;0;0;0;0;0;0;0;0;0;0;0;0.0001;0;0;0;0;0.0004;0;0;0;0;0;0;0;-0.0004;-0.0884;0;0;0;0;0;0;0;0;0;-0.7452;0;0.7452;1;1;0;0;0;0
21/01/21 14:00;55.364;73.123;9.4976;56.535;33.465;90;33.465;0;0;0;-0.0001;3;0;0;0;0;0;0;0;0;0;0;0;0;0;1;1;1;1;0;0;0;0;0;0;0;0;0;0;0;0;0;0;0;0;0;0;0;0;0;0;0;0;0;0;0;0;0;0;0;0;0;0;0;1;1;1;1;1;1;1;1;1;1;1;1;1;1;1;1;1;1;1;0;0;0;0;0;0;0;0;0;0.0004;0.088;-0.0884;0;0;0;0;0;0;0;0;0;0;0;0;0;0;0;0;0;0;0;0.0001;0;0;0;0;0.0004;0;0;0;0;0;0;0;-0.0004;-0.0884;0;0;0;0;0;0;0;0;0;-0.7452;0;0.7452;1;1;0;0;0;0
21/01/21 15:00;43.335;84.56;3.9537;43.464;46.536;90;46.536;0;0;0;-0.0001;2.7099;0;0;0;0;0;0;0;0;0;0;0;0;0;1;1;1;1;0;0;0;0;0;0;0;0;0;0;0;0;0;0;0;0;0;0;0;0;0;0;0;0;0;0;0;0;0;0;0;0;0;0;0;1;1;1;1;1;1;1;1;1;1;1;1;1;1;1;1;1;1;1;0;0;0;0;0;0;0;0;0;0.0004;0.088;-0.0884;0;0;0;0;0;0;0;0;0;0;0;0;0;0;0;0;0;0;0;0.0001;0;0;0;0;0.0004;0;0;0;0;0;0;0;-0.0004;-0.0884;0;0;0;0;0;0;0;0;0;-0.7452;0;0.7452;1;1;0;0;0;0
21/01/21 16:00;31.081;93.392;2.9046;31.125;58.875;90;58.875;0;0;0;-0.0001;2.3801;0;0;0;0;0;0;0;0;0;0;0;0;0;1;1;1;1;0;0;0;0;0;0;0;0;0;0;0;0;0;0;0;0;0;0;0;0;0;0;0;0;0;0;0;0;0;0;0;0;0;0;0;1;1;1;1;1;1;1;1;1;1;1;1;1;1;1;1;1;1;1;0;0;0;0;0;0;0;0;0;0.0004;0.088;-0.0884;0;0;0;0;0;0;0;0;0;0;0;0;0;0;0;0;0;0;0;0.0001;0;0;0;0;0.0004;0;0;0;0;0;0;0;-0.0004;-0.0884;0;0;0;0;0;0;0;0;0;-0.7452;0;0.7452;1;1;0;0;0;0
21/01/21 17:00;18.924;101.32;38.134;19.273;33.905;90;33.905;0;0;0;-0.0001;1.5901;0;0;0;0;0;0;0;0;0;0;0;0;0;1;1;1;1;0;0;0;0;0;0;0;0;0;0;0;0;0;0;0;0;0;0;0;0;0;0;0;0;0;0;0;0;0;0;0;0;0;0;0;1;1;1;1;1;1;1;1;1;1;1;1;1;1;1;1;1;1;1;0;0;0;0;0;0;0;0;0;0.0004;0.088;-0.0884;0;0;0;0;0;0;0;0;0;0;0;0;0;0;0;0;0;0;0;0.0001;0;0;0;0;0.0004;0;0;0;0;0;0;0;-0.0004;-0.0884;0;0;0;0;0;0;0;0;0;-0.7452;0;0.7452;1;1;0;0;0;0
21/01/21 18:00;7.0982;109.24;72.561;7.5134;10.976;90;10.976;0;0;0;-0.0001;1.47;0;0;0;0;0;0;0;0;0;0;0;0;0;1;1;1;1;0;0;0;0;0;0;0;0;0;0;0;0;0;0;0;0;0;0;0;0;0;0;0;0;0;0;0;0;0;0;0;0;0;0;0;1;1;1;1;1;1;1;1;1;1;1;1;1;1;1;1;1;1;1;0;0;0;0;0;0;0;0;0;0.0004;0.088;-0.0884;0;0;0;0;0;0;0;0;0;0;0;0;0;0;0;0;0;0;0;0.0001;0;0;0;0;0.0004;0;0;0;0;0;0;0;-0.0004;-0.0884;0;0;0;0;0;0;0;0;0;-0.7452;0;0.7452;1;1;0;0;0;0
21/01/21 19:00;0.8225;113.82;88.005;0.8991;1.2818;90;1.2818;0;0;0;-0.0001;1.97;0;0;0;0;0;0;0;0;0;0;0;0;0;1;1;1;1;0;0;0;0;0;0;0;0;0;0;0;0;0;0;0;0;0;0;0;0;0;0;0;0;0;0;0;0;0;0;0;0;0;0;0;1;1;1;1;1;1;1;1;1;1;1;1;1;1;1;1;1;1;1;0;0;0;0;0;0;0;0;0;0.0004;0.088;-0.0884;0;0;0;0;0;0;0;0;0;0;0;0;0;0;0;0;0;0;0;0.0001;0;0;0;0;0.0004;0;0;0;0;0;0;0;-0.0004;-0.0884;0;0;0;0;0;0;0;0;0;-0.7452;0;0.7452;1;1;0;0;0;0
21/01/21 20:00;0;0;90;0;0;90;0;0;0;0;-0.0001;2.4601;0;0;0;0;0;0;0;0;0;0;0;0;0;1;1;1;1;0;0;0;0;0;0;0;0;0;0;0;0;0;0;0;0;0;0;0;0;0;0;0;0;0;0;0;0;0;0;0;0;0;0;0;1;1;1;1;1;1;1;1;1;1;1;1;1;1;1;1;1;1;1;0;0;0;0;0;0;0;0;0;0.0004;0.088;-0.0884;0;0;0;0;0;0;0;0;0;0;0;0;0;0;0;0;0;0;0;0.0001;0;0;0;0;0.0004;0;0;0;0;0;0;0;-0.0004;-0.0884;0;0;0;0;0;0;0;0;0;-0.7452;0;0.7452;1;1;0;0;0;0
21/01/21 21:00;0;0;90;0;0;90;0;0;0;0;-0.0001;2.74;0;0;0;0;0;0;0;0;0;0;0;0;0;1;1;1;1;0;0;0;0;0;0;0;0;0;0;0;0;0;0;0;0;0;0;0;0;0;0;0;0;0;0;0;0;0;0;0;0;0;0;0;1;1;1;1;1;1;1;1;1;1;1;1;1;1;1;1;1;1;1;0;0;0;0;0;0;0;0;0;0.0004;0.088;-0.0884;0;0;0;0;0;0;0;0;0;0;0;0;0;0;0;0;0;0;0;0.0001;0;0;0;0;0.0004;0;0;0;0;0;0;0;-0.0004;-0.0884;0;0;0;0;0;0;0;0;0;-0.7452;0;0.7452;1;1;0;0;0;0
21/01/21 22:00;0;0;90;0;0;90;0;0;0;0;-0.0001;3.1801;0;0;0;0;0;0;0;0;0;0;0;0;0;1;1;1;1;0;0;0;0;0;0;0;0;0;0;0;0;0;0;0;0;0;0;0;0;0;0;0;0;0;0;0;0;0;0;0;0;0;0;0;1;1;1;1;1;1;1;1;1;1;1;1;1;1;1;1;1;1;1;0;0;0;0;0;0;0;0;0;0.0004;0.088;-0.0884;0;0;0;0;0;0;0;0;0;0;0;0;0;0;0;0;0;0;0;0.0001;0;0;0;0;0.0004;0;0;0;0;0;0;0;-0.0004;-0.0884;0;0;0;0;0;0;0;0;0;-0.7452;0;0.7452;1;1;0;0;0;0
21/01/21 23:00;0;0;90;0;0;90;0;0;0;0;-0.0001;4.2299;0;0;0;0;0;0;0;0;0;0;0;0;0;1;1;1;1;0;0;0;0;0;0;0;0;0;0;0;0;0;0;0;0;0;0;0;0;0;0;0;0;0;0;0;0;0;0;0;0;0;0;0;1;1;1;1;1;1;1;1;1;1;1;1;1;1;1;1;1;1;1;0;0;0;0;0;0;0;0;0;0.0004;0.088;-0.0884;0;0;0;0;0;0;0;0;0;0;0;0;0;0;0;0;0;0;0;0.0001;0;0;0;0;0.0004;0;0;0;0;0;0;0;-0.0004;-0.0884;0;0;0;0;0;0;0;0;0;-0.7452;0;0.7452;1;1;0;0;0;0
22/01/21 00:00;0;0;90;0;0;90;0;0;0;0;-0.0001;5.5701;0;0;0;0;0;0;0;0;0;0;0;0;0;1;1;1;1;0;0;0;0;0;0;0;0;0;0;0;0;0;0;0;0;0;0;0;0;0;0;0;0;0;0;0;0;0;0;0;0;0;0;0;1;1;1;1;1;1;1;1;1;1;1;1;1;1;1;1;1;1;1;0;0;0;0;0;0;0;0;0;0.0004;0.088;-0.0884;0;0;0;0;0;0;0;0;0;0;0;0;0;0;0;0;0;0;0;0.0001;0;0;0;0;0.0004;0;0;0;0;0;0;0;-0.0004;-0.0884;0;0;0;0;0;0;0;0;0;-0.7452;0;0.7452;1;1;0;0;0;0
22/01/21 01:00;0;0;90;0;0;90;0;0;0;0;-0.0001;5.9899;0;0;0;0;0;0;0;0;0;0;0;0;0;1;1;1;1;0;0;0;0;0;0;0;0;0;0;0;0;0;0;0;0;0;0;0;0;0;0;0;0;0;0;0;0;0;0;0;0;0;0;0;1;1;1;1;1;1;1;1;1;1;1;1;1;1;1;1;1;1;1;0;0;0;0;0;0;0;0;0;0.0004;0.088;-0.0884;0;0;0;0;0;0;0;0;0;0;0;0;0;0;0;0;0;0;0;0.0001;0;0;0;0;0.0004;0;0;0;0;0;0;0;-0.0004;-0.0884;0;0;0;0;0;0;0;0;0;-0.7452;0;0.7452;1;1;0;0;0;0
22/01/21 02:00;0;0;90;0;0;90;0;0;0;0;-0.0001;6.2801;0;0;0;0;0;0;0;0;0;0;0;0;0;1;1;1;1;0;0;0;0;0;0;0;0;0;0;0;0;0;0;0;0;0;0;0;0;0;0;0;0;0;0;0;0;0;0;0;0;0;0;0;1;1;1;1;1;1;1;1;1;1;1;1;1;1;1;1;1;1;1;0;0;0;0;0;0;0;0;0;0.0004;0.088;-0.0884;0;0;0;0;0;0;0;0;0;0;0;0;0;0;0;0;0;0;0;0.0001;0;0;0;0;0.0004;0;0;0;0;0;0;0;-0.0004;-0.0884;0;0;0;0;0;0;0;0;0;-0.7452;0;0.7452;1;1;0;0;0;0
22/01/21 03:00;0;0;90;0;0;90;0;0;0;0;-0.0001;5.9701;0;0;0;0;0;0;0;0;0;0;0;0;0;1;1;1;1;0;0;0;0;0;0;0;0;0;0;0;0;0;0;0;0;0;0;0;0;0;0;0;0;0;0;0;0;0;0;0;0;0;0;0;1;1;1;1;1;1;1;1;1;1;1;1;1;1;1;1;1;1;1;0;0;0;0;0;0;0;0;0;0.0004;0.088;-0.0884;0;0;0;0;0;0;0;0;0;0;0;0;0;0;0;0;0;0;0;0.0001;0;0;0;0;0.0004;0;0;0;0;0;0;0;-0.0004;-0.0884;0;0;0;0;0;0;0;0;0;-0.7452;0;0.7452;1;1;0;0;0;0
22/01/21 04:00;0;0;90;0;0;90;0;0;0;0;-0.0001;5.8901;0;0;0;0;0;0;0;0;0;0;0;0;0;1;1;1;1;0;0;0;0;0;0;0;0;0;0;0;0;0;0;0;0;0;0;0;0;0;0;0;0;0;0;0;0;0;0;0;0;0;0;0;1;1;1;1;1;1;1;1;1;1;1;1;1;1;1;1;1;1;1;0;0;0;0;0;0;0;0;0;0.0004;0.088;-0.0884;0;0;0;0;0;0;0;0;0;0;0;0;0;0;0;0;0;0;0;0.0001;0;0;0;0;0.0004;0;0;0;0;0;0;0;-0.0004;-0.0884;0;0;0;0;0;0;0;0;0;-0.7452;0;0.7452;1;1;0;0;0;0
22/01/21 05:00;4.6964;-110.66;78.547;5.0177;7.2291;-90;-7.2291;0;0;0;-0.0001;7.0999;0;0;0;0;0;0;0;0;0;0;0;0;0;1;1;1;1;0;0;0;0;0;0;0;0;0;0;0;0;0;0;0;0;0;0;0;0;0;0;0;0;0;0;0;0;0;0;0;0;0;0;0;1;1;1;1;1;1;1;1;1;1;1;1;1;1;1;1;1;1;1;0;0;0;0;0;0;0;0;0;0.0004;0.088;-0.0884;0;0;0;0;0;0;0;0;0;0;0;0;0;0;0;0;0;0;0;0.0001;0;0;0;0;0.0004;0;0;0;0;0;0;0;-0.0004;-0.0884;0;0;0;0;0;0;0;0;0;-0.7452;0;0.7452;1;1;0;0;0;0
22/01/21 06:00;15.247;-103.44;50.373;15.655;25.224;-90;-25.224;0;0;0;-0.0001;8.9001;0;0;0;0;0;0;0;0;0;0;0;0;0;1;1;1;1;0;0;0;0;0;0;0;0;0;0;0;0;0;0;0;0;0;0;0;0;0;0;0;0;0;0;0;0;0;0;0;0;0;0;0;1;1;1;1;1;1;1;1;1;1;1;1;1;1;1;1;1;1;1;0;0;0;0;0;0;0;0;0;0.0004;0.088;-0.0884;0;0;0;0;0;0;0;0;0;0;0;0;0;0;0;0;0;0;0;0.0001;0;0;0;0;0.0004;0;0;0;0;0;0;0;-0.0004;-0.0884;0;0;0;0;0;0;0;0;0;-0.7452;0;0.7452;1;1;0;0;0;0
22/01/21 07:00;27.336;-95.569;5.5639;27.447;60;-90;-60;0;0;0;-0.0001;9.2399;0;0;0;0;0;0;0;0;0;0;0;0;0;1;1;1;1;0;0;0;0;0;0;0;0;0;0;0;0;0;0;0;0;0;0;0;0;0;0;0;0;0;0;0;0;0;0;0;0;0;0;0;1;1;1;1;1;1;1;1;1;1;1;1;1;1;1;1;1;1;1;0;0;0;0;0;0;0;0;0;0.0004;0.088;-0.0884;0;0;0;0;0;0;0;0;0;0;0;0;0;0;0;0;0;0;0;0.0001;0;0;0;0;0.0004;0;0;0;0;0;0;0;-0.0004;-0.0884;0;0;0;0;0;0;0;0;0;-0.7452;0;0.7452;1;1;0;0;0;0
22/01/21 08:00;39.589;-87.093;2.2399;39.625;50.375;-90;-50.375;0;0;0;-0.0001;8.49;0;0;0;0;0;0;0;0;0;0;0;0;0;1;1;1;1;0;0;0;0;0;0;0;0;0;0;0;0;0;0;0;0;0;0;0;0;0;0;0;0;0;0;0;0;0;0;0;0;0;0;0;1;1;1;1;1;1;1;1;1;1;1;1;1;1;1;1;1;1;1;0;0;0;0;0;0;0;0;0;0.0004;0.088;-0.0884;0;0;0;0;0;0;0;0;0;0;0;0;0;0;0;0;0;0;0;0.0001;0;0;0;0;0.0004;0;0;0;0;0;0;0;-0.0004;-0.0884;0;0;0;0;0;0;0;0;0;-0.7452;0;0.7452;1;1;0;0;0;0
22/01/21 09:00;51.724;-76.648;8.2243;52.485;37.515;-90;-37.515;0;0;0;-0.0001;7.5601;0;0;0;0;0;0;0;0;0;0;0;0;0;1;1;1;1;0;0;0;0;0;0;0;0;0;0;0;0;0;0;0;0;0;0;0;0;0;0;0;0;0;0;0;0;0;0;0;0;0;0;0;1;1;1;1;1;1;1;1;1;1;1;1;1;1;1;1;1;1;1;0;0;0;0;0;0;0;0;0;0.0004;0.088;-0.0884;0;0;0;0;0;0;0;0;0;0;0;0;0;0;0;0;0;0;0;0.0001;0;0;0;0;0.0004;0;0;0;0;0;0;0;-0.0004;-0.0884;0;0;0;0;0;0;0;0;0;-0.7452;0;0.7452;1;1;0;0;0;0
22/01/21 10:00;63.18;-61.019;12.627;66.142;23.858;-90;-23.858;0;0;0;-0.0001;6.82;0;0;0;0;0;0;0;0;0;0;0;0;0;1;1;1;1;0;0;0;0;0;0;0;0;0;0;0;0;0;0;0;0;0;0;0;0;0;0;0;0;0;0;0;0;0;0;0;0;0;0;0;1;1;1;1;1;1;1;1;1;1;1;1;1;1;1;1;1;1;1;0;0;0;0;0;0;0;0;0;0.0004;0.088;-0.0884;0;0;0;0;0;0;0;0;0;0;0;0;0;0;0;0;0;0;0;0.0001;0;0;0;0;0.0004;0;0;0;0;0;0;0;-0.0004;-0.0884;0;0;0;0;0;0;0;0;0;-0.7452;0;0.7452;1;1;0;0;0;0
22/01/21 11:00;72.2;-31.512;15.106;80.474;9.5261;-90;-9.5261;0;0;0;-0.0001;6.33;0;0;0;0;0;0;0;0;0;0;0;0;0;1;1;1;1;0;0;0;0;0;0;0;0;0;0;0;0;0;0;0;0;0;0;0;0;0;0;0;0;0;0;0;0;0;0;0;0;0;0;0;1;1;1;1;1;1;1;1;1;1;1;1;1;1;1;1;1;1;1;0;0;0;0;0;0;0;0;0;0.0004;0.088;-0.0884;0;0;0;0;0;0;0;0;0;0;0;0;0;0;0;0;0;0;0;0.0001;0;0;0;0;0.0004;0;0;0;0;0;0;0;-0.0004;-0.0884;0;0;0;0;0;0;0;0;0;-0.7452;0;0.7452;1;1;0;0;0;0
22/01/21 12:00;73.754;17.908;15.438;84.88;5.12;90;5.12;0;0;0;-0.0001;6.0599;0;0;0;0;0;0;0;0;0;0;0;0;0;1;1;1;1;0;0;0;0;0;0;0;0;0;0;0;0;0;0;0;0;0;0;0;0;0;0;0;0;0;0;0;0;0;0;0;0;0;0;0;1;1;1;1;1;1;1;1;1;1;1;1;1;1;1;1;1;1;1;0;0;0;0;0;0;0;0;0;0.0004;0.088;-0.0884;0;0;0;0;0;0;0;0;0;0;0;0;0;0;0;0;0;0;0;0.0001;0;0;0;0;0.0004;0;0;0;0;0;0;0;-0.0004;-0.0884;0;0;0;0;0;0;0;0;0;-0.7452;0;0.7452;1;1;0;0;0;0
22/01/21 13:00;66.307;54.212;13.591;70.406;19.594;90;19.594;0;0;0;-0.0001;5.84;0;0;0;0;0;0;0;0;0;0;0;0;0;1;1;1;1;0;0;0;0;0;0;0;0;0;0;0;0;0;0;0;0;0;0;0;0;0;0;0;0;0;0;0;0;0;0;0;0;0;0;0;1;1;1;1;1;1;1;1;1;1;1;1;1;1;1;1;1;1;1;0;0;0;0;0;0;0;0;0;0.0004;0.088;-0.0884;0;0;0;0;0;0;0;0;0;0;0;0;0;0;0;0;0;0;0;0.0001;0;0;0;0;0.0004;0;0;0;0;0;0;0;-0.0004;-0.0884;0;0;0;0;0;0;0;0;0;-0.7452;0;0.7452;1;1;0;0;0;0
22/01/21 14:00;55.293;72.722;9.736;56.521;33.479;90;33.479;0;0;0;-0.0001;5.5601;0;0;0;0;0;0;0;0;0;0;0;0;0;1;1;1;1;0;0;0;0;0;0;0;0;0;0;0;0;0;0;0;0;0;0;0;0;0;0;0;0;0;0;0;0;0;0;0;0;0;0;0;1;1;1;1;1;1;1;1;1;1;1;1;1;1;1;1;1;1;1;0;0;0;0;0;0;0;0;0;0.0004;0.088;-0.0884;0;0;0;0;0;0;0;0;0;0;0;0;0;0;0;0;0;0;0;0.0001;0;0;0;0;0.0004;0;0;0;0;0;0;0;-0.0004;-0.0884;0;0;0;0;0;0;0;0;0;-0.7452;0;0.7452;1;1;0;0;0;0
22/01/21 15:00;43.278;84.242;4.1889;43.423;46.577;90;46.577;0;0;0;-0.0001;5.1899;0;0;0;0;0;0;0;0;0;0;0;0;0;1;1;1;1;0;0;0;0;0;0;0;0;0;0;0;0;0;0;0;0;0;0;0;0;0;0;0;0;0;0;0;0;0;0;0;0;0;0;0;1;1;1;1;1;1;1;1;1;1;1;1;1;1;1;1;1;1;1;0;0;0;0;0;0;0;0;0;0.0004;0.088;-0.0884;0;0;0;0;0;0;0;0;0;0;0;0;0;0;0;0;0;0;0;0.0001;0;0;0;0;0.0004;0;0;0;0;0;0;0;-0.0004;-0.0884;0;0;0;0;0;0;0;0;0;-0.7452;0;0.7452;1;1;0;0;0;0
22/01/21 16:00;31.026;93.121;2.674;31.063;58.937;90;58.937;0;0;0;-0.0001;4.6901;0;0;0;0;0;0;0;0;0;0;0;0;0;1;1;1;1;0;0;0;0;0;0;0;0;0;0;0;0;0;0;0;0;0;0;0;0;0;0;0;0;0;0;0;0;0;0;0;0;0;0;0;1;1;1;1;1;1;1;1;1;1;1;1;1;1;1;1;1;1;1;0;0;0;0;0;0;0;0;0;0.0004;0.088;-0.0884;0;0;0;0;0;0;0;0;0;0;0;0;0;0;0;0;0;0;0;0.0001;0;0;0;0;0.0004;0;0;0;0;0;0;0;-0.0004;-0.0884;0;0;0;0;0;0;0;0;0;-0.7452;0;0.7452;1;1;0;0;0;0
22/01/21 17:00;18.862;101.08;38.364;19.195;33.686;90;33.686;0;0;0;-0.0001;3.15;0;0;0;0;0;0;0;0;0;0;0;0;0;1;1;1;1;0;0;0;0;0;0;0;0;0;0;0;0;0;0;0;0;0;0;0;0;0;0;0;0;0;0;0;0;0;0;0;0;0;0;0;1;1;1;1;1;1;1;1;1;1;1;1;1;1;1;1;1;1;1;0;0;0;0;0;0;0;0;0;0.0004;0.088;-0.0884;0;0;0;0;0;0;0;0;0;0;0;0;0;0;0;0;0;0;0;0.0001;0;0;0;0;0.0004;0;0;0;0;0;0;0;-0.0004;-0.0884;0;0;0;0;0;0;0;0;0;-0.7452;0;0.7452;1;1;0;0;0;0
22/01/21 18:00;7.0231;109.01;72.75;7.4238;10.838;90;10.838;0;0;0;-0.0001;2.76;0;0;0;0;0;0;0;0;0;0;0;0;0;1;1;1;1;0;0;0;0;0;0;0;0;0;0;0;0;0;0;0;0;0;0;0;0;0;0;0;0;0;0;0;0;0;0;0;0;0;0;0;1;1;1;1;1;1;1;1;1;1;1;1;1;1;1;1;1;1;1;0;0;0;0;0;0;0;0;0;0.0004;0.088;-0.0884;0;0;0;0;0;0;0;0;0;0;0;0;0;0;0;0;0;0;0;0.0001;0;0;0;0;0.0004;0;0;0;0;0;0;0;-0.0004;-0.0884;0;0;0;0;0;0;0;0;0;-0.7452;0;0.7452;1;1;0;0;0;0
22/01/21 19:00;0.7377;113.6;88.211;0.805;1.1477;90;1.1477;0;0;0;-0.0001;2.74;0;0;0;0;0;0;0;0;0;0;0;0;0;1;1;1;1;0;0;0;0;0;0;0;0;0;0;0;0;0;0;0;0;0;0;0;0;0;0;0;0;0;0;0;0;0;0;0;0;0;0;0;1;1;1;1;1;1;1;1;1;1;1;1;1;1;1;1;1;1;1;0;0;0;0;0;0;0;0;0;0.0004;0.088;-0.0884;0;0;0;0;0;0;0;0;0;0;0;0;0;0;0;0;0;0;0;0.0001;0;0;0;0;0.0004;0;0;0;0;0;0;0;-0.0004;-0.0884;0;0;0;0;0;0;0;0;0;-0.7452;0;0.7452;1;1;0;0;0;0
22/01/21 20:00;0;0;90;0;0;90;0;0;0;0;-0.0001;2.75;0;0;0;0;0;0;0;0;0;0;0;0;0;1;1;1;1;0;0;0;0;0;0;0;0;0;0;0;0;0;0;0;0;0;0;0;0;0;0;0;0;0;0;0;0;0;0;0;0;0;0;0;1;1;1;1;1;1;1;1;1;1;1;1;1;1;1;1;1;1;1;0;0;0;0;0;0;0;0;0;0.0004;0.088;-0.0884;0;0;0;0;0;0;0;0;0;0;0;0;0;0;0;0;0;0;0;0.0001;0;0;0;0;0.0004;0;0;0;0;0;0;0;-0.0004;-0.0884;0;0;0;0;0;0;0;0;0;-0.7452;0;0.7452;1;1;0;0;0;0
22/01/21 21:00;0;0;90;0;0;90;0;0;0;0;-0.0001;2.67;0;0;0;0;0;0;0;0;0;0;0;0;0;1;1;1;1;0;0;0;0;0;0;0;0;0;0;0;0;0;0;0;0;0;0;0;0;0;0;0;0;0;0;0;0;0;0;0;0;0;0;0;1;1;1;1;1;1;1;1;1;1;1;1;1;1;1;1;1;1;1;0;0;0;0;0;0;0;0;0;0.0004;0.088;-0.0884;0;0;0;0;0;0;0;0;0;0;0;0;0;0;0;0;0;0;0;0.0001;0;0;0;0;0.0004;0;0;0;0;0;0;0;-0.0004;-0.0884;0;0;0;0;0;0;0;0;0;-0.7452;0;0.7452;1;1;0;0;0;0
22/01/21 22:00;0;0;90;0;0;90;0;0;0;0;-0.0001;2.3701;0;0;0;0;0;0;0;0;0;0;0;0;0;1;1;1;1;0;0;0;0;0;0;0;0;0;0;0;0;0;0;0;0;0;0;0;0;0;0;0;0;0;0;0;0;0;0;0;0;0;0;0;1;1;1;1;1;1;1;1;1;1;1;1;1;1;1;1;1;1;1;0;0;0;0;0;0;0;0;0;0.0004;0.088;-0.0884;0;0;0;0;0;0;0;0;0;0;0;0;0;0;0;0;0;0;0;0.0001;0;0;0;0;0.0004;0;0;0;0;0;0;0;-0.0004;-0.0884;0;0;0;0;0;0;0;0;0;-0.7452;0;0.7452;1;1;0;0;0;0
22/01/21 23:00;0;0;90;0;0;90;0;0;0;0;-0.0001;1.7501;0;0;0;0;0;0;0;0;0;0;0;0;0;1;1;1;1;0;0;0;0;0;0;0;0;0;0;0;0;0;0;0;0;0;0;0;0;0;0;0;0;0;0;0;0;0;0;0;0;0;0;0;1;1;1;1;1;1;1;1;1;1;1;1;1;1;1;1;1;1;1;0;0;0;0;0;0;0;0;0;0.0004;0.088;-0.0884;0;0;0;0;0;0;0;0;0;0;0;0;0;0;0;0;0;0;0;0.0001;0;0;0;0;0.0004;0;0;0;0;0;0;0;-0.0004;-0.0884;0;0;0;0;0;0;0;0;0;-0.7452;0;0.7452;1;1;0;0;0;0
23/01/21 00:00;0;0;90;0;0;90;0;0;0;0;-0.0001;0.75;0;0;0;0;0;0;0;0;0;0;0;0;0;1;1;1;1;0;0;0;0;0;0;0;0;0;0;0;0;0;0;0;0;0;0;0;0;0;0;0;0;0;0;0;0;0;0;0;0;0;0;0;1;1;1;1;1;1;1;1;1;1;1;1;1;1;1;1;1;1;1;0;0;0;0;0;0;0;0;0;0.0004;0.088;-0.0884;0;0;0;0;0;0;0;0;0;0;0;0;0;0;0;0;0;0;0;0.0001;0;0;0;0;0.0004;0;0;0;0;0;0;0;-0.0004;-0.0884;0;0;0;0;0;0;0;0;0;-0.7452;0;0.7452;1;1;0;0;0;0
23/01/21 01:00;0;0;90;0;0;90;0;0;0;0;-0.0001;1.39;0;0;0;0;0;0;0;0;0;0;0;0;0;1;1;1;1;0;0;0;0;0;0;0;0;0;0;0;0;0;0;0;0;0;0;0;0;0;0;0;0;0;0;0;0;0;0;0;0;0;0;0;1;1;1;1;1;1;1;1;1;1;1;1;1;1;1;1;1;1;1;0;0;0;0;0;0;0;0;0;0.0004;0.088;-0.0884;0;0;0;0;0;0;0;0;0;0;0;0;0;0;0;0;0;0;0;0.0001;0;0;0;0;0.0004;0;0;0;0;0;0;0;-0.0004;-0.0884;0;0;0;0;0;0;0;0;0;-0.7452;0;0.7452;1;1;0;0;0;0
23/01/21 02:00;0;0;90;0;0;90;0;0;0;0;-0.0001;2.5301;0;0;0;0;0;0;0;0;0;0;0;0;0;1;1;1;1;0;0;0;0;0;0;0;0;0;0;0;0;0;0;0;0;0;0;0;0;0;0;0;0;0;0;0;0;0;0;0;0;0;0;0;1;1;1;1;1;1;1;1;1;1;1;1;1;1;1;1;1;1;1;0;0;0;0;0;0;0;0;0;0.0004;0.088;-0.0884;0;0;0;0;0;0;0;0;0;0;0;0;0;0;0;0;0;0;0;0.0001;0;0;0;0;0.0004;0;0;0;0;0;0;0;-0.0004;-0.0884;0;0;0;0;0;0;0;0;0;-0.7452;0;0.7452;1;1;0;0;0;0
23/01/21 03:00;0;0;90;0;0;90;0;0;0;0;-0.0001;3.06;0;0;0;0;0;0;0;0;0;0;0;0;0;1;1;1;1;0;0;0;0;0;0;0;0;0;0;0;0;0;0;0;0;0;0;0;0;0;0;0;0;0;0;0;0;0;0;0;0;0;0;0;1;1;1;1;1;1;1;1;1;1;1;1;1;1;1;1;1;1;1;0;0;0;0;0;0;0;0;0;0.0004;0.088;-0.0884;0;0;0;0;0;0;0;0;0;0;0;0;0;0;0;0;0;0;0;0.0001;0;0;0;0;0.0004;0;0;0;0;0;0;0;-0.0004;-0.0884;0;0;0;0;0;0;0;0;0;-0.7452;0;0.7452;1;1;0;0;0;0
23/01/21 04:00;0;0;90;0;0;90;0;0;0;0;-0.0001;3.3301;0;0;0;0;0;0;0;0;0;0;0;0;0;1;1;1;1;0;0;0;0;0;0;0;0;0;0;0;0;0;0;0;0;0;0;0;0;0;0;0;0;0;0;0;0;0;0;0;0;0;0;0;1;1;1;1;1;1;1;1;1;1;1;1;1;1;1;1;1;1;1;0;0;0;0;0;0;0;0;0;0.0004;0.088;-0.0884;0;0;0;0;0;0;0;0;0;0;0;0;0;0;0;0;0;0;0;0.0001;0;0;0;0;0.0004;0;0;0;0;0;0;0;-0.0004;-0.0884;0;0;0;0;0;0;0;0;0;-0.7452;0;0.7452;1;1;0;0;0;0
23/01/21 05:00;4.5063;-110.51;79.015;4.8099;6.9236;-90;-6.9236;0;0;0;-0.0001;4.33;0;0;0;0;0;0;0;0;0;0;0;0;0;1;1;1;1;0;0;0;0;0;0;0;0;0;0;0;0;0;0;0;0;0;0;0;0;0;0;0;0;0;0;0;0;0;0;0;0;0;0;0;1;1;1;1;1;1;1;1;1;1;1;1;1;1;1;1;1;1;1;0;0;0;0;0;0;0;0;0;0.0004;0.088;-0.0884;0;0;0;0;0;0;0;0;0;0;0;0;0;0;0;0;0;0;0;0.0001;0;0;0;0;0.0004;0;0;0;0;0;0;0;-0.0004;-0.0884;0;0;0;0;0;0;0;0;0;-0.7452;0;0.7452;1;1;0;0;0;0
23/01/21 06:00;15.066;-103.27;50.921;15.46;24.817;-90;-24.817;0;0;0;-0.0001;4.27;0;0;0;0;0;0;0;0;0;0;0;0;0;1;1;1;1;0;0;0;0;0;0;0;0;0;0;0;0;0;0;0;0;0;0;0;0;0;0;0;0;0;0;0;0;0;0;0;0;0;0;0;1;1;1;1;1;1;1;1;1;1;1;1;1;1;1;1;1;1;1;0;0;0;0;0;0;0;0;0;0.0004;0.088;-0.0884;0;0;0;0;0;0;0;0;0;0;0;0;0;0;0;0;0;0;0;0.0001;0;0;0;0;0.0004;0;0;0;0;0;0;0;-0.0004;-0.0884;0;0;0;0;0;0;0;0;0;-0.7452;0;0.7452;1;1;0;0;0;0
23/01/21 07:00;27.161;-95.378;5.5087;27.264;60;-90;-60;0;0;0;-0.0001;4.66;0;0;0;0;0;0;0;0;0;0;0;0;0;1;1;1;1;0;0;0;0;0;0;0;0;0;0;0;0;0;0;0;0;0;0;0;0;0;0;0;0;0;0;0;0;0;0;0;0;0;0;0;1;1;1;1;1;1;1;1;1;1;1;1;1;1;1;1;1;1;1;0;0;0;0;0;0;0;0;0;0.0004;0.088;-0.0884;0;0;0;0;0;0;0;0;0;0;0;0;0;0;0;0;0;0;0;0.0001;0;0;0;0;0.0004;0;0;0;0;0;0;0;-0.0004;-0.0884;0;0;0;0;0;0;0;0;0;-0.7452;0;0.7452;1;1;0;0;0;0
23/01/21 08:00;39.415;-86.872;2.4165;39.457;50.543;-90;-50.543;0;0;0;-0.0001;4.91;0;0;0;0;0;0;0;0;0;0;0;0;0;1;1;1;1;0;0;0;0;0;0;0;0;0;0;0;0;0;0;0;0;0;0;0;0;0;0;0;0;0;0;0;0;0;0;0;0;0;0;0;1;1;1;1;1;1;1;1;1;1;1;1;1;1;1;1;1;1;1;0;0;0;0;0;0;0;0;0;0.0004;0.088;-0.0884;0;0;0;0;0;0;0;0;0;0;0;0;0;0;0;0;0;0;0;0.0001;0;0;0;0;0.0004;0;0;0;0;0;0;0;-0.0004;-0.0884;0;0;0;0;0;0;0;0;0;-0.7452;0;0.7452;1;1;0;0;0;0
23/01/21 09:00;51.543;-76.385;8.4181;52.336;37.664;-90;-37.664;0;0;0;-0.0001;4.9399;0;0;0;0;0;0;0;0;0;0;0;0;0;1;1;1;1;0;0;0;0;0;0;0;0;0;0;0;0;0;0;0;0;0;0;0;0;0;0;0;0;0;0;0;0;0;0;0;0;0;0;0;1;1;1;1;1;1;1;1;1;1;1;1;1;1;1;1;1;1;1;0;0;0;0;0;0;0;0;0;0.0004;0.088;-0.0884;0;0;0;0;0;0;0;0;0;0;0;0;0;0;0;0;0;0;0;0.0001;0;0;0;0;0.0004;0;0;0;0;0;0;0;-0.0004;-0.0884;0;0;0;0;0;0;0;0;0;-0.7452;0;0.7452;1;1;0;0;0;0
23/01/21 10:00;62.977;-60.72;12.839;66.018;23.982;-90;-23.982;0;0;0;-0.0001;5.0001;0;0;0;0;0;0;0;0;0;0;0;0;0;1;1;1;1;0;0;0;0;0;0;0;0;0;0;0;0;0;0;0;0;0;0;0;0;0;0;0;0;0;0;0;0;0;0;0;0;0;0;0;1;1;1;1;1;1;1;1;1;1;1;1;1;1;1;1;1;1;1;0;0;0;0;0;0;0;0;0;0.0004;0.088;-0.0884;0;0;0;0;0;0;0;0;0;0;0;0;0;0;0;0;0;0;0;0.0001;0;0;0;0;0.0004;0;0;0;0;0;0;0;-0.0004;-0.0884;0;0;0;0;0;0;0;0;0;-0.7452;0;0.7452;1;1;0;0;0;0
23/01/21 11:00;71.961;-31.356;15.334;80.382;9.6181;-90;-9.6181;0;0;0;-0.0001;5.0299;0;0;0;0;0;0;0;0;0;0;0;0;0;1;1;1;1;0;0;0;0;0;0;0;0;0;0;0;0;0;0;0;0;0;0;0;0;0;0;0;0;0;0;0;0;0;0;0;0;0;0;0;1;1;1;1;1;1;1;1;1;1;1;1;1;1;1;1;1;1;1;0;0;0;0;0;0;0;0;0;0.0004;0.088;-0.0884;0;0;0;0;0;0;0;0;0;0;0;0;0;0;0;0;0;0;0;0.0001;0;0;0;0;0.0004;0;0;0;0;0;0;0;-0.0004;-0.0884;0;0;0;0;0;0;0;0;0;-0.7452;0;0.7452;1;1;0;0;0;0
23/01/21 12:00;73.545;17.465;15.676;84.934;5.0656;90;5.0656;0;0;0;-0.0001;5.0199;0;0;0;0;0;0;0;0;0;0;0;0;0;1;1;1;1;0;0;0;0;0;0;0;0;0;0;0;0;0;0;0;0;0;0;0;0;0;0;0;0;0;0;0;0;0;0;0;0;0;0;0;1;1;1;1;1;1;1;1;1;1;1;1;1;1;1;1;1;1;1;0;0;0;0;0;0;0;0;0;0.0004;0.088;-0.0884;0;0;0;0;0;0;0;0;0;0;0;0;0;0;0;0;0;0;0;0.0001;0;0;0;0;0.0004;0;0;0;0;0;0;0;-0.0004;-0.0884;0;0;0;0;0;0;0;0;0;-0.7452;0;0.7452;1;1;0;0;0;0
23/01/21 13:00;66.185;53.687;13.834;70.422;19.578;90;19.578;0;0;0;-0.0001;4.9201;0;0;0;0;0;0;0;0;0;0;0;0;0;1;1;1;1;0;0;0;0;0;0;0;0;0;0;0;0;0;0;0;0;0;0;0;0;0;0;0;0;0;0;0;0;0;0;0;0;0;0;0;1;1;1;1;1;1;1;1;1;1;1;1;1;1;1;1;1;1;1;0;0;0;0;0;0;0;0;0;0.0004;0.088;-0.0884;0;0;0;0;0;0;0;0;0;0;0;0;0;0;0;0;0;0;0;0.0001;0;0;0;0;0.0004;0;0;0;0;0;0;0;-0.0004;-0.0884;0;0;0;0;0;0;0;0;0;-0.7452;0;0.7452;1;1;0;0;0;0
23/01/21 14:00;55.215;72.317;9.9792;56.503;33.497;90;33.497;0;0;0;-0.0001;4.65;0;0;0;0;0;0;0;0;0;0;0;0;0;1;1;1;1;0;0;0;0;0;0;0;0;0;0;0;0;0;0;0;0;0;0;0;0;0;0;0;0;0;0;0;0;0;0;0;0;0;0;0;1;1;1;1;1;1;1;1;1;1;1;1;1;1;1;1;1;1;1;0;0;0;0;0;0;0;0;0;0.0004;0.088;-0.0884;0;0;0;0;0;0;0;0;0;0;0;0;0;0;0;0;0;0;0;0.0001;0;0;0;0;0.0004;0;0;0;0;0;0;0;-0.0004;-0.0884;0;0;0;0;0;0;0;0;0;-0.7452;0;0.7452;1;1;0;0;0;0
23/01/21 15:00;43.216;83.918;4.4284;43.377;46.623;90;46.623;0;0;0;-0.0001;4.28;0;0;0;0;0;0;0;0;0;0;0;0;0;1;1;1;1;0;0;0;0;0;0;0;0;0;0;0;0;0;0;0;0;0;0;0;0;0;0;0;0;0;0;0;0;0;0;0;0;0;0;0;1;1;1;1;1;1;1;1;1;1;1;1;1;1;1;1;1;1;1;0;0;0;0;0;0;0;0;0;0.0004;0.088;-0.0884;0;0;0;0;0;0;0;0;0;0;0;0;0;0;0;0;0;0;0;0.0001;0;0;0;0;0.0004;0;0;0;0;0;0;0;-0.0004;-0.0884;0;0;0;0;0;0;0;0;0;-0.7452;0;0.7452;1;1;0;0;0;0
23/01/21 16:00;30.965;92.845;2.4396;30.996;59.004;90;59.004;0;0;0;-0.0001;3.7401;0;0;0;0;0;0;0;0;0;0;0;0;0;1;1;1;1;0;0;0;0;0;0;0;0;0;0;0;0;0;0;0;0;0;0;0;0;0;0;0;0;0;0;0;0;0;0;0;0;0;0;0;1;1;1;1;1;1;1;1;1;1;1;1;1;1;1;1;1;1;1;0;0;0;0;0;0;0;0;0;0.0004;0.088;-0.0884;0;0;0;0;0;0;0;0;0;0;0;0;0;0;0;0;0;0;0;0.0001;0;0;0;0;0.0004;0;0;0;0;0;0;0;-0.0004;-0.0884;0;0;0;0;0;0;0;0;0;-0.7452;0;0.7452;1;1;0;0;0;0
23/01/21 17:00;18.795;100.83;38.613;19.111;33.454;90;33.454;0;0;0;-0.0001;2.4799;0;0;0;0;0;0;0;0;0;0;0;0;0;1;1;1;1;0;0;0;0;0;0;0;0;0;0;0;0;0;0;0;0;0;0;0;0;0;0;0;0;0;0;0;0;0;0;0;0;0;0;0;1;1;1;1;1;1;1;1;1;1;1;1;1;1;1;1;1;1;1;0;0;0;0;0;0;0;0;0;0.0004;0.088;-0.0884;0;0;0;0;0;0;0;0;0;0;0;0;0;0;0;0;0;0;0;0.0001;0;0;0;0;0.0004;0;0;0;0;0;0;0;-0.0004;-0.0884;0;0;0;0;0;0;0;0;0;-0.7452;0;0.7452;1;1;0;0;0;0
23/01/21 18:00;6.9424;108.78;72.954;7.3285;10.692;90;10.692;0;0;0;-0.0001;1.9999;0;0;0;0;0;0;0;0;0;0;0;0;0;1;1;1;1;0;0;0;0;0;0;0;0;0;0;0;0;0;0;0;0;0;0;0;0;0;0;0;0;0;0;0;0;0;0;0;0;0;0;0;1;1;1;1;1;1;1;1;1;1;1;1;1;1;1;1;1;1;1;0;0;0;0;0;0;0;0;0;0.0004;0.088;-0.0884;0;0;0;0;0;0;0;0;0;0;0;0;0;0;0;0;0;0;0;0.0001;0;0;0;0;0.0004;0;0;0;0;0;0;0;-0.0004;-0.0884;0;0;0;0;0;0;0;0;0;-0.7452;0;0.7452;1;1;0;0;0;0
23/01/21 19:00;0.6473;113.37;88.43;0.7051;1.0052;90;1.0052;0;0;0;-0.0001;1.65;0;0;0;0;0;0;0;0;0;0;0;0;0;1;1;1;1;0;0;0;0;0;0;0;0;0;0;0;0;0;0;0;0;0;0;0;0;0;0;0;0;0;0;0;0;0;0;0;0;0;0;0;1;1;1;1;1;1;1;1;1;1;1;1;1;1;1;1;1;1;1;0;0;0;0;0;0;0;0;0;0.0004;0.088;-0.0884;0;0;0;0;0;0;0;0;0;0;0;0;0;0;0;0;0;0;0;0.0001;0;0;0;0;0.0004;0;0;0;0;0;0;0;-0.0004;-0.0884;0;0;0;0;0;0;0;0;0;-0.7452;0;0.7452;1;1;0;0;0;0
23/01/21 20:00;0;0;90;0;0;90;0;0;0;0;-0.0001;1.1801;0;0;0;0;0;0;0;0;0;0;0;0;0;1;1;1;1;0;0;0;0;0;0;0;0;0;0;0;0;0;0;0;0;0;0;0;0;0;0;0;0;0;0;0;0;0;0;0;0;0;0;0;1;1;1;1;1;1;1;1;1;1;1;1;1;1;1;1;1;1;1;0;0;0;0;0;0;0;0;0;0.0004;0.088;-0.0884;0;0;0;0;0;0;0;0;0;0;0;0;0;0;0;0;0;0;0;0.0001;0;0;0;0;0.0004;0;0;0;0;0;0;0;-0.0004;-0.0884;0;0;0;0;0;0;0;0;0;-0.7452;0;0.7452;1;1;0;0;0;0
23/01/21 21:00;0;0;90;0;0;90;0;0;0;0;-0.0001;0.7199;0;0;0;0;0;0;0;0;0;0;0;0;0;1;1;1;1;0;0;0;0;0;0;0;0;0;0;0;0;0;0;0;0;0;0;0;0;0;0;0;0;0;0;0;0;0;0;0;0;0;0;0;1;1;1;1;1;1;1;1;1;1;1;1;1;1;1;1;1;1;1;0;0;0;0;0;0;0;0;0;0.0004;0.088;-0.0884;0;0;0;0;0;0;0;0;0;0;0;0;0;0;0;0;0;0;0;0.0001;0;0;0;0;0.0004;0;0;0;0;0;0;0;-0.0004;-0.0884;0;0;0;0;0;0;0;0;0;-0.7452;0;0.7452;1;1;0;0;0;0
23/01/21 22:00;0;0;90;0;0;90;0;0;0;0;-0.0001;0.9;0;0;0;0;0;0;0;0;0;0;0;0;0;1;1;1;1;0;0;0;0;0;0;0;0;0;0;0;0;0;0;0;0;0;0;0;0;0;0;0;0;0;0;0;0;0;0;0;0;0;0;0;1;1;1;1;1;1;1;1;1;1;1;1;1;1;1;1;1;1;1;0;0;0;0;0;0;0;0;0;0.0004;0.088;-0.0884;0;0;0;0;0;0;0;0;0;0;0;0;0;0;0;0;0;0;0;0.0001;0;0;0;0;0.0004;0;0;0;0;0;0;0;-0.0004;-0.0884;0;0;0;0;0;0;0;0;0;-0.7452;0;0.7452;1;1;0;0;0;0
23/01/21 23:00;0;0;90;0;0;90;0;0;0;0;-0.0001;1.7501;0;0;0;0;0;0;0;0;0;0;0;0;0;1;1;1;1;0;0;0;0;0;0;0;0;0;0;0;0;0;0;0;0;0;0;0;0;0;0;0;0;0;0;0;0;0;0;0;0;0;0;0;1;1;1;1;1;1;1;1;1;1;1;1;1;1;1;1;1;1;1;0;0;0;0;0;0;0;0;0;0.0004;0.088;-0.0884;0;0;0;0;0;0;0;0;0;0;0;0;0;0;0;0;0;0;0;0.0001;0;0;0;0;0.0004;0;0;0;0;0;0;0;-0.0004;-0.0884;0;0;0;0;0;0;0;0;0;-0.7452;0;0.7452;1;1;0;0;0;0
24/01/21 00:00;0;0;90;0;0;90;0;0;0;0;-0.0001;2.67;0;0;0;0;0;0;0;0;0;0;0;0;0;1;1;1;1;0;0;0;0;0;0;0;0;0;0;0;0;0;0;0;0;0;0;0;0;0;0;0;0;0;0;0;0;0;0;0;0;0;0;0;1;1;1;1;1;1;1;1;1;1;1;1;1;1;1;1;1;1;1;0;0;0;0;0;0;0;0;0;0.0004;0.088;-0.0884;0;0;0;0;0;0;0;0;0;0;0;0;0;0;0;0;0;0;0;0.0001;0;0;0;0;0.0004;0;0;0;0;0;0;0;-0.0004;-0.0884;0;0;0;0;0;0;0;0;0;-0.7452;0;0.7452;1;1;0;0;0;0
24/01/21 01:00;0;0;90;0;0;90;0;0;0;0;-0.0001;3.31;0;0;0;0;0;0;0;0;0;0;0;0;0;1;1;1;1;0;0;0;0;0;0;0;0;0;0;0;0;0;0;0;0;0;0;0;0;0;0;0;0;0;0;0;0;0;0;0;0;0;0;0;1;1;1;1;1;1;1;1;1;1;1;1;1;1;1;1;1;1;1;0;0;0;0;0;0;0;0;0;0.0004;0.088;-0.0884;0;0;0;0;0;0;0;0;0;0;0;0;0;0;0;0;0;0;0;0.0001;0;0;0;0;0.0004;0;0;0;0;0;0;0;-0.0004;-0.0884;0;0;0;0;0;0;0;0;0;-0.7452;0;0.7452;1;1;0;0;0;0
24/01/21 02:00;0;0;90;0;0;90;0;0;0;0;-0.0001;3.54;0;0;0;0;0;0;0;0;0;0;0;0;0;1;1;1;1;0;0;0;0;0;0;0;0;0;0;0;0;0;0;0;0;0;0;0;0;0;0;0;0;0;0;0;0;0;0;0;0;0;0;0;1;1;1;1;1;1;1;1;1;1;1;1;1;1;1;1;1;1;1;0;0;0;0;0;0;0;0;0;0.0004;0.088;-0.0884;0;0;0;0;0;0;0;0;0;0;0;0;0;0;0;0;0;0;0;0.0001;0;0;0;0;0.0004;0;0;0;0;0;0;0;-0.0004;-0.0884;0;0;0;0;0;0;0;0;0;-0.7452;0;0.7452;1;1;0;0;0;0
24/01/21 03:00;0;0;90;0;0;90;0;0;0;0;-0.0001;3.48;0;0;0;0;0;0;0;0;0;0;0;0;0;1;1;1;1;0;0;0;0;0;0;0;0;0;0;0;0;0;0;0;0;0;0;0;0;0;0;0;0;0;0;0;0;0;0;0;0;0;0;0;1;1;1;1;1;1;1;1;1;1;1;1;1;1;1;1;1;1;1;0;0;0;0;0;0;0;0;0;0.0004;0.088;-0.0884;0;0;0;0;0;0;0;0;0;0;0;0;0;0;0;0;0;0;0;0.0001;0;0;0;0;0.0004;0;0;0;0;0;0;0;-0.0004;-0.0884;0;0;0;0;0;0;0;0;0;-0.7452;0;0.7452;1;1;0;0;0;0
24/01/21 04:00;0;0;90;0;0;90;0;0;0;0;-0.0001;3.31;0;0;0;0;0;0;0;0;0;0;0;0;0;1;1;1;1;0;0;0;0;0;0;0;0;0;0;0;0;0;0;0;0;0;0;0;0;0;0;0;0;0;0;0;0;0;0;0;0;0;0;0;1;1;1;1;1;1;1;1;1;1;1;1;1;1;1;1;1;1;1;0;0;0;0;0;0;0;0;0;0.0004;0.088;-0.0884;0;0;0;0;0;0;0;0;0;0;0;0;0;0;0;0;0;0;0;0.0001;0;0;0;0;0.0004;0;0;0;0;0;0;0;-0.0004;-0.0884;0;0;0;0;0;0;0;0;0;-0.7452;0;0.7452;1;1;0;0;0;0
24/01/21 05:00;4.5066;-110.21;79.014;4.801;6.9106;-90;-6.9106;0;0;0;-0.0001;3.9001;0;0;0;0;0;0;0;0;0;0;0;0;0;1;1;1;1;0;0;0;0;0;0;0;0;0;0;0;0;0;0;0;0;0;0;0;0;0;0;0;0;0;0;0;0;0;0;0;0;0;0;0;1;1;1;1;1;1;1;1;1;1;1;1;1;1;1;1;1;1;1;0;0;0;0;0;0;0;0;0;0.0004;0.088;-0.0884;0;0;0;0;0;0;0;0;0;0;0;0;0;0;0;0;0;0;0;0.0001;0;0;0;0;0.0004;0;0;0;0;0;0;0;-0.0004;-0.0884;0;0;0;0;0;0;0;0;0;-0.7452;0;0.7452;1;1;0;0;0;0
24/01/21 06:00;14.883;-103.1;51.469;15.263;24.413;-90;-24.413;0;0;0;-0.0001;3.64;0;0;0;0;0;0;0;0;0;0;0;0;0;1;1;1;1;0;0;0;0;0;0;0;0;0;0;0;0;0;0;0;0;0;0;0;0;0;0;0;0;0;0;0;0;0;0;0;0;0;0;0;1;1;1;1;1;1;1;1;1;1;1;1;1;1;1;1;1;1;1;0;0;0;0;0;0;0;0;0;0.0004;0.088;-0.0884;0;0;0;0;0;0;0;0;0;0;0;0;0;0;0;0;0;0;0;0.0001;0;0;0;0;0.0004;0;0;0;0;0;0;0;-0.0004;-0.0884;0;0;0;0;0;0;0;0;0;-0.7452;0;0.7452;1;1;0;0;0;0
24/01/21 07:00;26.985;-95.18;5.459;27.08;60;-90;-60;0;0;0;-0.0001;5.5799;0;0;0;0;0;0;0;0;0;0;0;0;0;1;1;1;1;0;0;0;0;0;0;0;0;0;0;0;0;0;0;0;0;0;0;0;0;0;0;0;0;0;0;0;0;0;0;0;0;0;0;0;1;1;1;1;1;1;1;1;1;1;1;1;1;1;1;1;1;1;1;0;0;0;0;0;0;0;0;0;0.0004;0.088;-0.0884;0;0;0;0;0;0;0;0;0;0;0;0;0;0;0;0;0;0;0;0.0001;0;0;0;0;0.0004;0;0;0;0;0;0;0;-0.0004;-0.0884;0;0;0;0;0;0;0;0;0;-0.7452;0;0.7452;1;1;0;0;0;0
24/01/21 08:00;39.24;-86.643;2.5995;39.288;50.712;-90;-50.712;0;0;0;-0.0001;6.3701;0;0;0;0;0;0;0;0;0;0;0;0;0;1;1;1;1;0;0;0;0;0;0;0;0;0;0;0;0;0;0;0;0;0;0;0;0;0;0;0;0;0;0;0;0;0;0;0;0;0;0;0;1;1;1;1;1;1;1;1;1;1;1;1;1;1;1;1;1;1;1;0;0;0;0;0;0;0;0;0;0.0004;0.088;-0.0884;0;0;0;0;0;0;0;0;0;0;0;0;0;0;0;0;0;0;0;0.0001;0;0;0;0;0.0004;0;0;0;0;0;0;0;-0.0004;-0.0884;0;0;0;0;0;0;0;0;0;-0.7452;0;0.7452;1;1;0;0;0;0
24/01/21 09:00;51.36;-76.115;8.6182;52.186;37.814;-90;-37.814;0;0;0;-0.0001;6.2299;0;0;0;0;0;0;0;0;0;0;0;0;0;1;1;1;1;0;0;0;0;0;0;0;0;0;0;0;0;0;0;0;0;0;0;0;0;0;0;0;0;0;0;0;0;0;0;0;0;0;0;0;1;1;1;1;1;1;1;1;1;1;1;1;1;1;1;1;1;1;1;0;0;0;0;0;0;0;0;0;0.0004;0.088;-0.0884;0;0;0;0;0;0;0;0;0;0;0;0;0;0;0;0;0;0;0;0.0001;0;0;0;0;0.0004;0;0;0;0;0;0;0;-0.0004;-0.0884;0;0;0;0;0;0;0;0;0;-0.7452;0;0.7452;1;1;0;0;0;0
24/01/21 10:00;62.772;-60.412;13.057;65.894;24.106;-90;-24.106;0;0;0;-0.0001;6.01;0;0;0;0;0;0;0;0;0;0;0;0;0;1;1;1;1;0;0;0;0;0;0;0;0;0;0;0;0;0;0;0;0;0;0;0;0;0;0;0;0;0;0;0;0;0;0;0;0;0;0;0;1;1;1;1;1;1;1;1;1;1;1;1;1;1;1;1;1;1;1;0;0;0;0;0;0;0;0;0;0.0004;0.088;-0.0884;0;0;0;0;0;0;0;0;0;0;0;0;0;0;0;0;0;0;0;0.0001;0;0;0;0;0.0004;0;0;0;0;0;0;0;-0.0004;-0.0884;0;0;0;0;0;0;0;0;0;-0.7452;0;0.7452;1;1;0;0;0;0
24/01/21 11:00;71.718;-31.187;15.567;80.292;9.7081;-90;-9.7081;0;0;0;-0.0001;5.78;0;0;0;0;0;0;0;0;0;0;0;0;0;1;1;1;1;0;0;0;0;0;0;0;0;0;0;0;0;0;0;0;0;0;0;0;0;0;0;0;0;0;0;0;0;0;0;0;0;0;0;0;1;1;1;1;1;1;1;1;1;1;1;1;1;1;1;1;1;1;1;0;0;0;0;0;0;0;0;0;0.0004;0.088;-0.0884;0;0;0;0;0;0;0;0;0;0;0;0;0;0;0;0;0;0;0;0.0001;0;0;0;0;0.0004;0;0;0;0;0;0;0;-0.0004;-0.0884;0;0;0;0;0;0;0;0;0;-0.7452;0;0.7452;1;1;0;0;0;0
24/01/21 12:00;73.328;17.036;15.92;84.986;5.0142;90;5.0142;0;0;0;-0.0001;5.55;0;0;0;0;0;0;0;0;0;0;0;0;0;1;1;1;1;0;0;0;0;0;0;0;0;0;0;0;0;0;0;0;0;0;0;0;0;0;0;0;0;0;0;0;0;0;0;0;0;0;0;0;1;1;1;1;1;1;1;1;1;1;1;1;1;1;1;1;1;1;1;0;0;0;0;0;0;0;0;0;0.0004;0.088;-0.0884;0;0;0;0;0;0;0;0;0;0;0;0;0;0;0;0;0;0;0;0.0001;0;0;0;0;0.0004;0;0;0;0;0;0;0;-0.0004;-0.0884;0;0;0;0;0;0;0;0;0;-0.7452;0;0.7452;1;1;0;0;0;0
24/01/21 13:00;66.056;53.162;14.083;70.435;19.565;90;19.565;0;0;0;-0.0001;5.2501;0;0;0;0;0;0;0;0;0;0;0;0;0;1;1;1;1;0;0;0;0;0;0;0;0;0;0;0;0;0;0;0;0;0;0;0;0;0;0;0;0;0;0;0;0;0;0;0;0;0;0;0;1;1;1;1;1;1;1;1;1;1;1;1;1;1;1;1;1;1;1;0;0;0;0;0;0;0;0;0;0.0004;0.088;-0.0884;0;0;0;0;0;0;0;0;0;0;0;0;0;0;0;0;0;0;0;0.0001;0;0;0;0;0.0004;0;0;0;0;0;0;0;-0.0004;-0.0884;0;0;0;0;0;0;0;0;0;-0.7452;0;0.7452;1;1;0;0;0;0
24/01/21 14:00;55.13;71.907;10.227;56.481;33.519;90;33.519;0;0;0;-0.0001;4.7701;0;0;0;0;0;0;0;0;0;0;0;0;0;1;1;1;1;0;0;0;0;0;0;0;0;0;0;0;0;0;0;0;0;0;0;0;0;0;0;0;0;0;0;0;0;0;0;0;0;0;0;0;1;1;1;1;1;1;1;1;1;1;1;1;1;1;1;1;1;1;1;0;0;0;0;0;0;0;0;0;0.0004;0.088;-0.0884;0;0;0;0;0;0;0;0;0;0;0;0;0;0;0;0;0;0;0;0.0001;0;0;0;0;0.0004;0;0;0;0;0;0;0;-0.0004;-0.0884;0;0;0;0;0;0;0;0;0;-0.7452;0;0.7452;1;1;0;0;0;0
24/01/21 15:00;43.147;83.59;4.672;43.326;46.674;90;46.674;0;0;0;-0.0001;4.2101;0;0;0;0;0;0;0;0;0;0;0;0;0;1;1;1;1;0;0;0;0;0;0;0;0;0;0;0;0;0;0;0;0;0;0;0;0;0;0;0;0;0;0;0;0;0;0;0;0;0;0;0;1;1;1;1;1;1;1;1;1;1;1;1;1;1;1;1;1;1;1;0;0;0;0;0;0;0;0;0;0.0004;0.088;-0.0884;0;0;0;0;0;0;0;0;0;0;0;0;0;0;0;0;0;0;0;0.0001;0;0;0;0;0.0004;0;0;0;0;0;0;0;-0.0004;-0.0884;0;0;0;0;0;0;0;0;0;-0.7452;0;0.7452;1;1;0;0;0;0
24/01/21 16:00;30.898;92.566;2.2016;30.923;59.077;90;59.077;0;0;0;-0.0001;3.71;0;0;0;0;0;0;0;0;0;0;0;0;0;1;1;1;1;0;0;0;0;0;0;0;0;0;0;0;0;0;0;0;0;0;0;0;0;0;0;0;0;0;0;0;0;0;0;0;0;0;0;0;1;1;1;1;1;1;1;1;1;1;1;1;1;1;1;1;1;1;1;0;0;0;0;0;0;0;0;0;0.0004;0.088;-0.0884;0;0;0;0;0;0;0;0;0;0;0;0;0;0;0;0;0;0;0;0.0001;0;0;0;0;0.0004;0;0;0;0;0;0;0;-0.0004;-0.0884;0;0;0;0;0;0;0;0;0;-0.7452;0;0.7452;1;1;0;0;0;0
24/01/21 17:00;18.722;100.58;38.882;19.022;33.208;90;33.208;0;0;0;-0.0001;2.5499;0;0;0;0;0;0;0;0;0;0;0;0;0;1;1;1;1;0;0;0;0;0;0;0;0;0;0;0;0;0;0;0;0;0;0;0;0;0;0;0;0;0;0;0;0;0;0;0;0;0;0;0;1;1;1;1;1;1;1;1;1;1;1;1;1;1;1;1;1;1;1;0;0;0;0;0;0;0;0;0;0.0004;0.088;-0.0884;0;0;0;0;0;0;0;0;0;0;0;0;0;0;0;0;0;0;0;0.0001;0;0;0;0;0.0004;0;0;0;0;0;0;0;-0.0004;-0.0884;0;0;0;0;0;0;0;0;0;-0.7452;0;0.7452;1;1;0;0;0;0
24/01/21 18:00;6.856;108.54;73.171;7.2275;10.538;90;10.538;0;0;0;-0.0001;2.3801;0;0;0;0;0;0;0;0;0;0;0;0;0;1;1;1;1;0;0;0;0;0;0;0;0;0;0;0;0;0;0;0;0;0;0;0;0;0;0;0;0;0;0;0;0;0;0;0;0;0;0;0;1;1;1;1;1;1;1;1;1;1;1;1;1;1;1;1;1;1;1;0;0;0;0;0;0;0;0;0;0.0004;0.088;-0.0884;0;0;0;0;0;0;0;0;0;0;0;0;0;0;0;0;0;0;0;0.0001;0;0;0;0;0.0004;0;0;0;0;0;0;0;-0.0004;-0.0884;0;0;0;0;0;0;0;0;0;-0.7452;0;0.7452;1;1;0;0;0;0
24/01/21 19:00;0.5511;113.14;88.663;0.5993;0.8543;90;0.8543;0;0;0;-0.0001;2.6101;0;0;0;0;0;0;0;0;0;0;0;0;0;1;1;1;1;0;0;0;0;0;0;0;0;0;0;0;0;0;0;0;0;0;0;0;0;0;0;0;0;0;0;0;0;0;0;0;0;0;0;0;1;1;1;1;1;1;1;1;1;1;1;1;1;1;1;1;1;1;1;0;0;0;0;0;0;0;0;0;0.0004;0.088;-0.0884;0;0;0;0;0;0;0;0;0;0;0;0;0;0;0;0;0;0;0;0.0001;0;0;0;0;0.0004;0;0;0;0;0;0;0;-0.0004;-0.0884;0;0;0;0;0;0;0;0;0;-0.7452;0;0.7452;1;1;0;0;0;0
24/01/21 20:00;0;0;90;0;0;90;0;0;0;0;-0.0001;2.84;0;0;0;0;0;0;0;0;0;0;0;0;0;1;1;1;1;0;0;0;0;0;0;0;0;0;0;0;0;0;0;0;0;0;0;0;0;0;0;0;0;0;0;0;0;0;0;0;0;0;0;0;1;1;1;1;1;1;1;1;1;1;1;1;1;1;1;1;1;1;1;0;0;0;0;0;0;0;0;0;0.0004;0.088;-0.0884;0;0;0;0;0;0;0;0;0;0;0;0;0;0;0;0;0;0;0;0.0001;0;0;0;0;0.0004;0;0;0;0;0;0;0;-0.0004;-0.0884;0;0;0;0;0;0;0;0;0;-0.7452;0;0.7452;1;1;0;0;0;0
24/01/21 21:00;0;0;90;0;0;90;0;0;0;0;-0.0001;3.0299;0;0;0;0;0;0;0;0;0;0;0;0;0;1;1;1;1;0;0;0;0;0;0;0;0;0;0;0;0;0;0;0;0;0;0;0;0;0;0;0;0;0;0;0;0;0;0;0;0;0;0;0;1;1;1;1;1;1;1;1;1;1;1;1;1;1;1;1;1;1;1;0;0;0;0;0;0;0;0;0;0.0004;0.088;-0.0884;0;0;0;0;0;0;0;0;0;0;0;0;0;0;0;0;0;0;0;0.0001;0;0;0;0;0.0004;0;0;0;0;0;0;0;-0.0004;-0.0884;0;0;0;0;0;0;0;0;0;-0.7452;0;0.7452;1;1;0;0;0;0
24/01/21 22:00;0;0;90;0;0;90;0;0;0;0;-0.0001;3.14;0;0;0;0;0;0;0;0;0;0;0;0;0;1;1;1;1;0;0;0;0;0;0;0;0;0;0;0;0;0;0;0;0;0;0;0;0;0;0;0;0;0;0;0;0;0;0;0;0;0;0;0;1;1;1;1;1;1;1;1;1;1;1;1;1;1;1;1;1;1;1;0;0;0;0;0;0;0;0;0;0.0004;0.088;-0.0884;0;0;0;0;0;0;0;0;0;0;0;0;0;0;0;0;0;0;0;0.0001;0;0;0;0;0.0004;0;0;0;0;0;0;0;-0.0004;-0.0884;0;0;0;0;0;0;0;0;0;-0.7452;0;0.7452;1;1;0;0;0;0
24/01/21 23:00;0;0;90;0;0;90;0;0;0;0;-0.0001;3.23;0;0;0;0;0;0;0;0;0;0;0;0;0;1;1;1;1;0;0;0;0;0;0;0;0;0;0;0;0;0;0;0;0;0;0;0;0;0;0;0;0;0;0;0;0;0;0;0;0;0;0;0;1;1;1;1;1;1;1;1;1;1;1;1;1;1;1;1;1;1;1;0;0;0;0;0;0;0;0;0;0.0004;0.088;-0.0884;0;0;0;0;0;0;0;0;0;0;0;0;0;0;0;0;0;0;0;0.0001;0;0;0;0;0.0004;0;0;0;0;0;0;0;-0.0004;-0.0884;0;0;0;0;0;0;0;0;0;-0.7452;0;0.7452;1;1;0;0;0;0
25/01/21 00:00;0;0;90;0;0;90;0;0;0;0;-0.0001;3.24;0;0;0;0;0;0;0;0;0;0;0;0;0;1;1;1;1;0;0;0;0;0;0;0;0;0;0;0;0;0;0;0;0;0;0;0;0;0;0;0;0;0;0;0;0;0;0;0;0;0;0;0;1;1;1;1;1;1;1;1;1;1;1;1;1;1;1;1;1;1;1;0;0;0;0;0;0;0;0;0;0.0004;0.088;-0.0884;0;0;0;0;0;0;0;0;0;0;0;0;0;0;0;0;0;0;0;0.0001;0;0;0;0;0.0004;0;0;0;0;0;0;0;-0.0004;-0.0884;0;0;0;0;0;0;0;0;0;-0.7452;0;0.7452;1;1;0;0;0;0
25/01/21 01:00;0;0;90;0;0;90;0;0;0;0;-0.0001;3.21;0;0;0;0;0;0;0;0;0;0;0;0;0;1;1;1;1;0;0;0;0;0;0;0;0;0;0;0;0;0;0;0;0;0;0;0;0;0;0;0;0;0;0;0;0;0;0;0;0;0;0;0;1;1;1;1;1;1;1;1;1;1;1;1;1;1;1;1;1;1;1;0;0;0;0;0;0;0;0;0;0.0004;0.088;-0.0884;0;0;0;0;0;0;0;0;0;0;0;0;0;0;0;0;0;0;0;0.0001;0;0;0;0;0.0004;0;0;0;0;0;0;0;-0.0004;-0.0884;0;0;0;0;0;0;0;0;0;-0.7452;0;0.7452;1;1;0;0;0;0
25/01/21 02:00;0;0;90;0;0;90;0;0;0;0;-0.0001;3.2501;0;0;0;0;0;0;0;0;0;0;0;0;0;1;1;1;1;0;0;0;0;0;0;0;0;0;0;0;0;0;0;0;0;0;0;0;0;0;0;0;0;0;0;0;0;0;0;0;0;0;0;0;1;1;1;1;1;1;1;1;1;1;1;1;1;1;1;1;1;1;1;0;0;0;0;0;0;0;0;0;0.0004;0.088;-0.0884;0;0;0;0;0;0;0;0;0;0;0;0;0;0;0;0;0;0;0;0.0001;0;0;0;0;0.0004;0;0;0;0;0;0;0;-0.0004;-0.0884;0;0;0;0;0;0;0;0;0;-0.7452;0;0.7452;1;1;0;0;0;0
25/01/21 03:00;0;0;90;0;0;90;0;0;0;0;-0.0001;3.2699;0;0;0;0;0;0;0;0;0;0;0;0;0;1;1;1;1;0;0;0;0;0;0;0;0;0;0;0;0;0;0;0;0;0;0;0;0;0;0;0;0;0;0;0;0;0;0;0;0;0;0;0;1;1;1;1;1;1;1;1;1;1;1;1;1;1;1;1;1;1;1;0;0;0;0;0;0;0;0;0;0.0004;0.088;-0.0884;0;0;0;0;0;0;0;0;0;0;0;0;0;0;0;0;0;0;0;0.0001;0;0;0;0;0.0004;0;0;0;0;0;0;0;-0.0004;-0.0884;0;0;0;0;0;0;0;0;0;-0.7452;0;0.7452;1;1;0;0;0;0
25/01/21 04:00;0;0;90;0;0;90;0;0;0;0;-0.0001;3.37;0;0;0;0;0;0;0;0;0;0;0;0;0;1;1;1;1;0;0;0;0;0;0;0;0;0;0;0;0;0;0;0;0;0;0;0;0;0;0;0;0;0;0;0;0;0;0;0;0;0;0;0;1;1;1;1;1;1;1;1;1;1;1;1;1;1;1;1;1;1;1;0;0;0;0;0;0;0;0;0;0.0004;0.088;-0.0884;0;0;0;0;0;0;0;0;0;0;0;0;0;0;0;0;0;0;0;0.0001;0;0;0;0;0.0004;0;0;0;0;0;0;0;-0.0004;-0.0884;0;0;0;0;0;0;0;0;0;-0.7452;0;0.7452;1;1;0;0;0;0
25/01/21 05:00;4.3141;-110.05;79.488;4.5912;6.6029;-90;-6.6029;0;0;0;-0.0001;4.2299;0;0;0;0;0;0;0;0;0;0;0;0;0;1;1;1;1;0;0;0;0;0;0;0;0;0;0;0;0;0;0;0;0;0;0;0;0;0;0;0;0;0;0;0;0;0;0;0;0;0;0;0;1;1;1;1;1;1;1;1;1;1;1;1;1;1;1;1;1;1;1;0;0;0;0;0;0;0;0;0;0.0004;0.088;-0.0884;0;0;0;0;0;0;0;0;0;0;0;0;0;0;0;0;0;0;0;0.0001;0;0;0;0;0.0004;0;0;0;0;0;0;0;-0.0004;-0.0884;0;0;0;0;0;0;0;0;0;-0.7452;0;0.7452;1;1;0;0;0;0
25/01/21 06:00;14.7;-102.92;52.016;15.065;24.012;-90;-24.012;0;0;0;-0.0001;4.67;0;0;0;0;0;0;0;0;0;0;0;0;0;1;1;1;1;0;0;0;0;0;0;0;0;0;0;0;0;0;0;0;0;0;0;0;0;0;0;0;0;0;0;0;0;0;0;0;0;0;0;0;1;1;1;1;1;1;1;1;1;1;1;1;1;1;1;1;1;1;1;0;0;0;0;0;0;0;0;0;0.0004;0.088;-0.0884;0;0;0;0;0;0;0;0;0;0;0;0;0;0;0;0;0;0;0;0.0001;0;0;0;0;0.0004;0;0;0;0;0;0;0;-0.0004;-0.0884;0;0;0;0;0;0;0;0;0;-0.7452;0;0.7452;1;1;0;0;0;0
25/01/21 07:00;26.809;-94.976;5.4155;26.896;60;-90;-60;0;0;0;-0.0001;5.39;0;0;0;0;0;0;0;0;0;0;0;0;0;1;1;1;1;0;0;0;0;0;0;0;0;0;0;0;0;0;0;0;0;0;0;0;0;0;0;0;0;0;0;0;0;0;0;0;0;0;0;0;1;1;1;1;1;1;1;1;1;1;1;1;1;1;1;1;1;1;1;0;0;0;0;0;0;0;0;0;0.0004;0.088;-0.0884;0;0;0;0;0;0;0;0;0;0;0;0;0;0;0;0;0;0;0;0.0001;0;0;0;0;0.0004;0;0;0;0;0;0;0;-0.0004;-0.0884;0;0;0;0;0;0;0;0;0;-0.7452;0;0.7452;1;1;0;0;0;0
25/01/21 08:00;39.064;-86.407;2.7889;39.119;50.881;-90;-50.881;0;0;0;-0.0001;5.9899;0;0;0;0;0;0;0;0;0;0;0;0;0;1;1;1;1;0;0;0;0;0;0;0;0;0;0;0;0;0;0;0;0;0;0;0;0;0;0;0;0;0;0;0;0;0;0;0;0;0;0;0;1;1;1;1;1;1;1;1;1;1;1;1;1;1;1;1;1;1;1;0;0;0;0;0;0;0;0;0;0.0004;0.088;-0.0884;0;0;0;0;0;0;0;0;0;0;0;0;0;0;0;0;0;0;0;0.0001;0;0;0;0;0.0004;0;0;0;0;0;0;0;-0.0004;-0.0884;0;0;0;0;0;0;0;0;0;-0.7452;0;0.7452;1;1;0;0;0;0
25/01/21 09:00;51.176;-75.836;8.8247;52.037;37.963;-90;-37.963;0;0;0;-0.0001;6.17;0;0;0;0;0;0;0;0;0;0;0;0;0;1;1;1;1;0;0;0;0;0;0;0;0;0;0;0;0;0;0;0;0;0;0;0;0;0;0;0;0;0;0;0;0;0;0;0;0;0;0;0;1;1;1;1;1;1;1;1;1;1;1;1;1;1;1;1;1;1;1;0;0;0;0;0;0;0;0;0;0.0004;0.088;-0.0884;0;0;0;0;0;0;0;0;0;0;0;0;0;0;0;0;0;0;0;0.0001;0;0;0;0;0.0004;0;0;0;0;0;0;0;-0.0004;-0.0884;0;0;0;0;0;0;0;0;0;-0.7452;0;0.7452;1;1;0;0;0;0
25/01/21 10:00;62.564;-60.094;13.281;65.772;24.228;-90;-24.228;0;0;0;-0.0001;5.9899;0;0;0;0;0;0;0;0;0;0;0;0;0;1;1;1;1;0;0;0;0;0;0;0;0;0;0;0;0;0;0;0;0;0;0;0;0;0;0;0;0;0;0;0;0;0;0;0;0;0;0;0;1;1;1;1;1;1;1;1;1;1;1;1;1;1;1;1;1;1;1;0;0;0;0;0;0;0;0;0;0.0004;0.088;-0.0884;0;0;0;0;0;0;0;0;0;0;0;0;0;0;0;0;0;0;0;0.0001;0;0;0;0;0.0004;0;0;0;0;0;0;0;-0.0004;-0.0884;0;0;0;0;0;0;0;0;0;-0.7452;0;0.7452;1;1;0;0;0;0
25/01/21 11:00;71.47;-31.008;15.806;80.204;9.7962;-90;-9.7962;0;0;0;-0.0001;5.6401;0;0;0;0;0;0;0;0;0;0;0;0;0;1;1;1;1;0;0;0;0;0;0;0;0;0;0;0;0;0;0;0;0;0;0;0;0;0;0;0;0;0;0;0;0;0;0;0;0;0;0;0;1;1;1;1;1;1;1;1;1;1;1;1;1;1;1;1;1;1;1;0;0;0;0;0;0;0;0;0;0.0004;0.088;-0.0884;0;0;0;0;0;0;0;0;0;0;0;0;0;0;0;0;0;0;0;0.0001;0;0;0;0;0.0004;0;0;0;0;0;0;0;-0.0004;-0.0884;0;0;0;0;0;0;0;0;0;-0.7452;0;0.7452;1;1;0;0;0;0
25/01/21 12:00;73.104;16.622;16.17;85.034;4.9657;90;4.9657;0;0;0;-0.0001;5.4801;0;0;0;0;0;0;0;0;0;0;0;0;0;1;1;1;1;0;0;0;0;0;0;0;0;0;0;0;0;0;0;0;0;0;0;0;0;0;0;0;0;0;0;0;0;0;0;0;0;0;0;0;1;1;1;1;1;1;1;1;1;1;1;1;1;1;1;1;1;1;1;0;0;0;0;0;0;0;0;0;0.0004;0.088;-0.0884;0;0;0;0;0;0;0;0;0;0;0;0;0;0;0;0;0;0;0;0.0001;0;0;0;0;0.0004;0;0;0;0;0;0;0;-0.0004;-0.0884;0;0;0;0;0;0;0;0;0;-0.7452;0;0.7452;1;1;0;0;0;0
25/01/21 13:00;65.918;52.638;14.337;70.443;19.557;90;19.557;0;0;0;-0.0001;5.86;0;0;0;0;0;0;0;0;0;0;0;0;0;1;1;1;1;0;0;0;0;0;0;0;0;0;0;0;0;0;0;0;0;0;0;0;0;0;0;0;0;0;0;0;0;0;0;0;0;0;0;0;1;1;1;1;1;1;1;1;1;1;1;1;1;1;1;1;1;1;1;0;0;0;0;0;0;0;0;0;0.0004;0.088;-0.0884;0;0;0;0;0;0;0;0;0;0;0;0;0;0;0;0;0;0;0;0.0001;0;0;0;0;0.0004;0;0;0;0;0;0;0;-0.0004;-0.0884;0;0;0;0;0;0;0;0;0;-0.7452;0;0.7452;1;1;0;0;0;0
25/01/21 14:00;55.038;71.494;10.479;56.454;33.546;90;33.546;0;0;0;-0.0001;6.6899;0;0;0;0;0;0;0;0;0;0;0;0;0;1;1;1;1;0;0;0;0;0;0;0;0;0;0;0;0;0;0;0;0;0;0;0;0;0;0;0;0;0;0;0;0;0;0;0;0;0;0;0;1;1;1;1;1;1;1;1;1;1;1;1;1;1;1;1;1;1;1;0;0;0;0;0;0;0;0;0;0.0004;0.088;-0.0884;0;0;0;0;0;0;0;0;0;0;0;0;0;0;0;0;0;0;0;0.0001;0;0;0;0;0.0004;0;0;0;0;0;0;0;-0.0004;-0.0884;0;0;0;0;0;0;0;0;0;-0.7452;0;0.7452;1;1;0;0;0;0
25/01/21 15:00;43.072;83.258;4.9197;43.271;46.729;90;46.729;0;0;0;-0.0001;7.5699;0;0;0;0;0;0;0;0;0;0;0;0;0;1;1;1;1;0;0;0;0;0;0;0;0;0;0;0;0;0;0;0;0;0;0;0;0;0;0;0;0;0;0;0;0;0;0;0;0;0;0;0;1;1;1;1;1;1;1;1;1;1;1;1;1;1;1;1;1;1;1;0;0;0;0;0;0;0;0;0;0.0004;0.088;-0.0884;0;0;0;0;0;0;0;0;0;0;0;0;0;0;0;0;0;0;0;0.0001;0;0;0;0;0.0004;0;0;0;0;0;0;0;-0.0004;-0.0884;0;0;0;0;0;0;0;0;0;-0.7452;0;0.7452;1;1;0;0;0;0
25/01/21 16:00;30.825;92.283;1.96;30.845;59.155;90;59.155;0;0;0;-0.0001;8.1201;0;0;0;0;0;0;0;0;0;0;0;0;0;1;1;1;1;0;0;0;0;0;0;0;0;0;0;0;0;0;0;0;0;0;0;0;0;0;0;0;0;0;0;0;0;0;0;0;0;0;0;0;1;1;1;1;1;1;1;1;1;1;1;1;1;1;1;1;1;1;1;0;0;0;0;0;0;0;0;0;0.0004;0.088;-0.0884;0;0;0;0;0;0;0;0;0;0;0;0;0;0;0;0;0;0;0;0.0001;0;0;0;0;0.0004;0;0;0;0;0;0;0;-0.0004;-0.0884;0;0;0;0;0;0;0;0;0;-0.7452;0;0.7452;1;1;0;0;0;0
25/01/21 17:00;18.643;100.32;39.17;18.928;32.95;90;32.95;0;0;0;-0.0001;7.6499;0;0;0;0;0;0;0;0;0;0;0;0;0;1;1;1;1;0;0;0;0;0;0;0;0;0;0;0;0;0;0;0;0;0;0;0;0;0;0;0;0;0;0;0;0;0;0;0;0;0;0;0;1;1;1;1;1;1;1;1;1;1;1;1;1;1;1;1;1;1;1;0;0;0;0;0;0;0;0;0;0.0004;0.088;-0.0884;0;0;0;0;0;0;0;0;0;0;0;0;0;0;0;0;0;0;0;0.0001;0;0;0;0;0.0004;0;0;0;0;0;0;0;-0.0004;-0.0884;0;0;0;0;0;0;0;0;0;-0.7452;0;0.7452;1;1;0;0;0;0
25/01/21 18:00;6.764;108.3;73.402;7.1208;10.375;90;10.375;0;0;0;-0.0001;6.88;0;0;0;0;0;0;0;0;0;0;0;0;0;1;1;1;1;0;0;0;0;0;0;0;0;0;0;0;0;0;0;0;0;0;0;0;0;0;0;0;0;0;0;0;0;0;0;0;0;0;0;0;1;1;1;1;1;1;1;1;1;1;1;1;1;1;1;1;1;1;1;0;0;0;0;0;0;0;0;0;0.0004;0.088;-0.0884;0;0;0;0;0;0;0;0;0;0;0;0;0;0;0;0;0;0;0;0.0001;0;0;0;0;0.0004;0;0;0;0;0;0;0;-0.0004;-0.0884;0;0;0;0;0;0;0;0;0;-0.7452;0;0.7452;1;1;0;0;0;0
25/01/21 19:00;0.6377;112.76;88.453;0.6916;0.9859;90;0.9859;0;0;0;-0.0001;6.79;0;0;0;0;0;0;0;0;0;0;0;0;0;1;1;1;1;0;0;0;0;0;0;0;0;0;0;0;0;0;0;0;0;0;0;0;0;0;0;0;0;0;0;0;0;0;0;0;0;0;0;0;1;1;1;1;1;1;1;1;1;1;1;1;1;1;1;1;1;1;1;0;0;0;0;0;0;0;0;0;0.0004;0.088;-0.0884;0;0;0;0;0;0;0;0;0;0;0;0;0;0;0;0;0;0;0;0.0001;0;0;0;0;0.0004;0;0;0;0;0;0;0;-0.0004;-0.0884;0;0;0;0;0;0;0;0;0;-0.7452;0;0.7452;1;1;0;0;0;0
25/01/21 20:00;0;0;90;0;0;90;0;0;0;0;-0.0001;6.74;0;0;0;0;0;0;0;0;0;0;0;0;0;1;1;1;1;0;0;0;0;0;0;0;0;0;0;0;0;0;0;0;0;0;0;0;0;0;0;0;0;0;0;0;0;0;0;0;0;0;0;0;1;1;1;1;1;1;1;1;1;1;1;1;1;1;1;1;1;1;1;0;0;0;0;0;0;0;0;0;0.0004;0.088;-0.0884;0;0;0;0;0;0;0;0;0;0;0;0;0;0;0;0;0;0;0;0.0001;0;0;0;0;0.0004;0;0;0;0;0;0;0;-0.0004;-0.0884;0;0;0;0;0;0;0;0;0;-0.7452;0;0.7452;1;1;0;0;0;0
25/01/21 21:00;0;0;90;0;0;90;0;0;0;0;-0.0001;6.3701;0;0;0;0;0;0;0;0;0;0;0;0;0;1;1;1;1;0;0;0;0;0;0;0;0;0;0;0;0;0;0;0;0;0;0;0;0;0;0;0;0;0;0;0;0;0;0;0;0;0;0;0;1;1;1;1;1;1;1;1;1;1;1;1;1;1;1;1;1;1;1;0;0;0;0;0;0;0;0;0;0.0004;0.088;-0.0884;0;0;0;0;0;0;0;0;0;0;0;0;0;0;0;0;0;0;0;0.0001;0;0;0;0;0.0004;0;0;0;0;0;0;0;-0.0004;-0.0884;0;0;0;0;0;0;0;0;0;-0.7452;0;0.7452;1;1;0;0;0;0
25/01/21 22:00;0;0;90;0;0;90;0;0;0;0;-0.0001;6.26;0;0;0;0;0;0;0;0;0;0;0;0;0;1;1;1;1;0;0;0;0;0;0;0;0;0;0;0;0;0;0;0;0;0;0;0;0;0;0;0;0;0;0;0;0;0;0;0;0;0;0;0;1;1;1;1;1;1;1;1;1;1;1;1;1;1;1;1;1;1;1;0;0;0;0;0;0;0;0;0;0.0004;0.088;-0.0884;0;0;0;0;0;0;0;0;0;0;0;0;0;0;0;0;0;0;0;0.0001;0;0;0;0;0.0004;0;0;0;0;0;0;0;-0.0004;-0.0884;0;0;0;0;0;0;0;0;0;-0.7452;0;0.7452;1;1;0;0;0;0
25/01/21 23:00;0;0;90;0;0;90;0;0;0;0;-0.0001;6.17;0;0;0;0;0;0;0;0;0;0;0;0;0;1;1;1;1;0;0;0;0;0;0;0;0;0;0;0;0;0;0;0;0;0;0;0;0;0;0;0;0;0;0;0;0;0;0;0;0;0;0;0;1;1;1;1;1;1;1;1;1;1;1;1;1;1;1;1;1;1;1;0;0;0;0;0;0;0;0;0;0.0004;0.088;-0.0884;0;0;0;0;0;0;0;0;0;0;0;0;0;0;0;0;0;0;0;0.0001;0;0;0;0;0.0004;0;0;0;0;0;0;0;-0.0004;-0.0884;0;0;0;0;0;0;0;0;0;-0.7452;0;0.7452;1;1;0;0;0;0
26/01/21 00:00;0;0;90;0;0;90;0;0;0;0;-0.0001;5.7301;0;0;0;0;0;0;0;0;0;0;0;0;0;1;1;1;1;0;0;0;0;0;0;0;0;0;0;0;0;0;0;0;0;0;0;0;0;0;0;0;0;0;0;0;0;0;0;0;0;0;0;0;1;1;1;1;1;1;1;1;1;1;1;1;1;1;1;1;1;1;1;0;0;0;0;0;0;0;0;0;0.0004;0.088;-0.0884;0;0;0;0;0;0;0;0;0;0;0;0;0;0;0;0;0;0;0;0.0001;0;0;0;0;0.0004;0;0;0;0;0;0;0;-0.0004;-0.0884;0;0;0;0;0;0;0;0;0;-0.7452;0;0.7452;1;1;0;0;0;0
26/01/21 01:00;0;0;90;0;0;90;0;0;0;0;-0.0001;5.6599;0;0;0;0;0;0;0;0;0;0;0;0;0;1;1;1;1;0;0;0;0;0;0;0;0;0;0;0;0;0;0;0;0;0;0;0;0;0;0;0;0;0;0;0;0;0;0;0;0;0;0;0;1;1;1;1;1;1;1;1;1;1;1;1;1;1;1;1;1;1;1;0;0;0;0;0;0;0;0;0;0.0004;0.088;-0.0884;0;0;0;0;0;0;0;0;0;0;0;0;0;0;0;0;0;0;0;0.0001;0;0;0;0;0.0004;0;0;0;0;0;0;0;-0.0004;-0.0884;0;0;0;0;0;0;0;0;0;-0.7452;0;0.7452;1;1;0;0;0;0
26/01/21 02:00;0;0;90;0;0;90;0;0;0;0;-0.0001;5.94;0;0;0;0;0;0;0;0;0;0;0;0;0;1;1;1;1;0;0;0;0;0;0;0;0;0;0;0;0;0;0;0;0;0;0;0;0;0;0;0;0;0;0;0;0;0;0;0;0;0;0;0;1;1;1;1;1;1;1;1;1;1;1;1;1;1;1;1;1;1;1;0;0;0;0;0;0;0;0;0;0.0004;0.088;-0.0884;0;0;0;0;0;0;0;0;0;0;0;0;0;0;0;0;0;0;0;0.0001;0;0;0;0;0.0004;0;0;0;0;0;0;0;-0.0004;-0.0884;0;0;0;0;0;0;0;0;0;-0.7452;0;0.7452;1;1;0;0;0;0
26/01/21 03:00;0;0;90;0;0;90;0;0;0;0;-0.0001;5.7;0;0;0;0;0;0;0;0;0;0;0;0;0;1;1;1;1;0;0;0;0;0;0;0;0;0;0;0;0;0;0;0;0;0;0;0;0;0;0;0;0;0;0;0;0;0;0;0;0;0;0;0;1;1;1;1;1;1;1;1;1;1;1;1;1;1;1;1;1;1;1;0;0;0;0;0;0;0;0;0;0.0004;0.088;-0.0884;0;0;0;0;0;0;0;0;0;0;0;0;0;0;0;0;0;0;0;0.0001;0;0;0;0;0.0004;0;0;0;0;0;0;0;-0.0004;-0.0884;0;0;0;0;0;0;0;0;0;-0.7452;0;0.7452;1;1;0;0;0;0
26/01/21 04:00;0;0;90;0;0;90;0;0;0;0;-0.0001;5.39;0;0;0;0;0;0;0;0;0;0;0;0;0;1;1;1;1;0;0;0;0;0;0;0;0;0;0;0;0;0;0;0;0;0;0;0;0;0;0;0;0;0;0;0;0;0;0;0;0;0;0;0;1;1;1;1;1;1;1;1;1;1;1;1;1;1;1;1;1;1;1;0;0;0;0;0;0;0;0;0;0.0004;0.088;-0.0884;0;0;0;0;0;0;0;0;0;0;0;0;0;0;0;0;0;0;0;0.0001;0;0;0;0;0.0004;0;0;0;0;0;0;0;-0.0004;-0.0884;0;0;0;0;0;0;0;0;0;-0.7452;0;0.7452;1;1;0;0;0;0
26/01/21 05:00;4.3129;-109.74;79.491;4.5809;6.5878;-90;-6.5878;0;0;0;-0.0001;5.86;0;0;0;0;0;0;0;0;0;0;0;0;0;1;1;1;1;0;0;0;0;0;0;0;0;0;0;0;0;0;0;0;0;0;0;0;0;0;0;0;0;0;0;0;0;0;0;0;0;0;0;0;1;1;1;1;1;1;1;1;1;1;1;1;1;1;1;1;1;1;1;0;0;0;0;0;0;0;0;0;0.0004;0.088;-0.0884;0;0;0;0;0;0;0;0;0;0;0;0;0;0;0;0;0;0;0;0.0001;0;0;0;0;0.0004;0;0;0;0;0;0;0;-0.0004;-0.0884;0;0;0;0;0;0;0;0;0;-0.7452;0;0.7452;1;1;0;0;0;0
26/01/21 06:00;14.516;-102.73;52.562;14.866;23.613;-90;-23.613;0;0;0;-0.0001;7.3399;0;0;0;0;0;0;0;0;0;0;0;0;0;1;1;1;1;0;0;0;0;0;0;0;0;0;0;0;0;0;0;0;0;0;0;0;0;0;0;0;0;0;0;0;0;0;0;0;0;0;0;0;1;1;1;1;1;1;1;1;1;1;1;1;1;1;1;1;1;1;1;0;0;0;0;0;0;0;0;0;0.0004;0.088;-0.0884;0;0;0;0;0;0;0;0;0;0;0;0;0;0;0;0;0;0;0;0.0001;0;0;0;0;0.0004;0;0;0;0;0;0;0;-0.0004;-0.0884;0;0;0;0;0;0;0;0;0;-0.7452;0;0.7452;1;1;0;0;0;0
26/01/21 07:00;26.631;-94.765;5.3791;26.711;60;-90;-60;0;0;0;-0.0001;8.56;0;0;0;0;0;0;0;0;0;0;0;0;0;1;1;1;1;0;0;0;0;0;0;0;0;0;0;0;0;0;0;0;0;0;0;0;0;0;0;0;0;0;0;0;0;0;0;0;0;0;0;0;1;1;1;1;1;1;1;1;1;1;1;1;1;1;1;1;1;1;1;0;0;0;0;0;0;0;0;0;0.0004;0.088;-0.0884;0;0;0;0;0;0;0;0;0;0;0;0;0;0;0;0;0;0;0;0.0001;0;0;0;0;0.0004;0;0;0;0;0;0;0;-0.0004;-0.0884;0;0;0;0;0;0;0;0;0;-0.7452;0;0.7452;1;1;0;0;0;0
26/01/21 08:00;38.887;-86.165;2.9846;38.95;51.05;-90;-51.05;0;0;0;-0.0001;8.95;0;0;0;0;0;0;0;0;0;0;0;0;0;1;1;1;1;0;0;0;0;0;0;0;0;0;0;0;0;0;0;0;0;0;0;0;0;0;0;0;0;0;0;0;0;0;0;0;0;0;0;0;1;1;1;1;1;1;1;1;1;1;1;1;1;1;1;1;1;1;1;0;0;0;0;0;0;0;0;0;0.0004;0.088;-0.0884;0;0;0;0;0;0;0;0;0;0;0;0;0;0;0;0;0;0;0;0.0001;0;0;0;0;0.0004;0;0;0;0;0;0;0;-0.0004;-0.0884;0;0;0;0;0;0;0;0;0;-0.7452;0;0.7452;1;1;0;0;0;0
26/01/21 09:00;50.99;-75.549;9.0375;51.888;38.112;-90;-38.112;0;0;0;-0.0001;8.79;0;0;0;0;0;0;0;0;0;0;0;0;0;1;1;1;1;0;0;0;0;0;0;0;0;0;0;0;0;0;0;0;0;0;0;0;0;0;0;0;0;0;0;0;0;0;0;0;0;0;0;0;1;1;1;1;1;1;1;1;1;1;1;1;1;1;1;1;1;1;1;0;0;0;0;0;0;0;0;0;0.0004;0.088;-0.0884;0;0;0;0;0;0;0;0;0;0;0;0;0;0;0;0;0;0;0;0.0001;0;0;0;0;0.0004;0;0;0;0;0;0;0;-0.0004;-0.0884;0;0;0;0;0;0;0;0;0;-0.7452;0;0.7452;1;1;0;0;0;0
26/01/21 10:00;62.354;-59.768;13.511;65.65;24.35;-90;-24.35;0;0;0;-0.0001;8.1201;0;0;0;0;0;0;0;0;0;0;0;0;0;1;1;1;1;0;0;0;0;0;0;0;0;0;0;0;0;0;0;0;0;0;0;0;0;0;0;0;0;0;0;0;0;0;0;0;0;0;0;0;1;1;1;1;1;1;1;1;1;1;1;1;1;1;1;1;1;1;1;0;0;0;0;0;0;0;0;0;0.0004;0.088;-0.0884;0;0;0;0;0;0;0;0;0;0;0;0;0;0;0;0;0;0;0;0.0001;0;0;0;0;0.0004;0;0;0;0;0;0;0;-0.0004;-0.0884;0;0;0;0;0;0;0;0;0;-0.7452;0;0.7452;1;1;0;0;0;0
26/01/21 11:00;71.219;-30.817;16.051;80.118;9.8823;-90;-9.8823;0;0;0;-0.0001;7.4701;0;0;0;0;0;0;0;0;0;0;0;0;0;1;1;1;1;0;0;0;0;0;0;0;0;0;0;0;0;0;0;0;0;0;0;0;0;0;0;0;0;0;0;0;0;0;0;0;0;0;0;0;1;1;1;1;1;1;1;1;1;1;1;1;1;1;1;1;1;1;1;0;0;0;0;0;0;0;0;0;0.0004;0.088;-0.0884;0;0;0;0;0;0;0;0;0;0;0;0;0;0;0;0;0;0;0;0.0001;0;0;0;0;0.0004;0;0;0;0;0;0;0;-0.0004;-0.0884;0;0;0;0;0;0;0;0;0;-0.7452;0;0.7452;1;1;0;0;0;0
26/01/21 12:00;72.873;16.222;16.425;85.08;4.9202;90;4.9202;0;0;0;-0.0001;7.28;0;0;0;0;0;0;0;0;0;0;0;0;0;1;1;1;1;0;0;0;0;0;0;0;0;0;0;0;0;0;0;0;0;0;0;0;0;0;0;0;0;0;0;0;0;0;0;0;0;0;0;0;1;1;1;1;1;1;1;1;1;1;1;1;1;1;1;1;1;1;1;0;0;0;0;0;0;0;0;0;0.0004;0.088;-0.0884;0;0;0;0;0;0;0;0;0;0;0;0;0;0;0;0;0;0;0;0.0001;0;0;0;0;0.0004;0;0;0;0;0;0;0;-0.0004;-0.0884;0;0;0;0;0;0;0;0;0;-0.7452;0;0.7452;1;1;0;0;0;0
26/01/21 13:00;65.773;52.115;14.595;70.448;19.552;90;19.552;0;0;0;-0.0001;7.4899;0;0;0;0;0;0;0;0;0;0;0;0;0;1;1;1;1;0;0;0;0;0;0;0;0;0;0;0;0;0;0;0;0;0;0;0;0;0;0;0;0;0;0;0;0;0;0;0;0;0;0;0;1;1;1;1;1;1;1;1;1;1;1;1;1;1;1;1;1;1;1;0;0;0;0;0;0;0;0;0;0.0004;0.088;-0.0884;0;0;0;0;0;0;0;0;0;0;0;0;0;0;0;0;0;0;0;0.0001;0;0;0;0;0.0004;0;0;0;0;0;0;0;-0.0004;-0.0884;0;0;0;0;0;0;0;0;0;-0.7452;0;0.7452;1;1;0;0;0;0
26/01/21 14:00;54.94;71.077;10.736;56.422;33.578;90;33.578;0;0;0;-0.0001;7.46;0;0;0;0;0;0;0;0;0;0;0;0;0;1;1;1;1;0;0;0;0;0;0;0;0;0;0;0;0;0;0;0;0;0;0;0;0;0;0;0;0;0;0;0;0;0;0;0;0;0;0;0;1;1;1;1;1;1;1;1;1;1;1;1;1;1;1;1;1;1;1;0;0;0;0;0;0;0;0;0;0.0004;0.088;-0.0884;0;0;0;0;0;0;0;0;0;0;0;0;0;0;0;0;0;0;0;0.0001;0;0;0;0;0.0004;0;0;0;0;0;0;0;-0.0004;-0.0884;0;0;0;0;0;0;0;0;0;-0.7452;0;0.7452;1;1;0;0;0;0
26/01/21 15:00;42.991;82.922;5.1712;43.21;46.79;90;46.79;0;0;0;-0.0001;6.8301;0;0;0;0;0;0;0;0;0;0;0;0;0;1;1;1;1;0;0;0;0;0;0;0;0;0;0;0;0;0;0;0;0;0;0;0;0;0;0;0;0;0;0;0;0;0;0;0;0;0;0;0;1;1;1;1;1;1;1;1;1;1;1;1;1;1;1;1;1;1;1;0;0;0;0;0;0;0;0;0;0.0004;0.088;-0.0884;0;0;0;0;0;0;0;0;0;0;0;0;0;0;0;0;0;0;0;0.0001;0;0;0;0;0.0004;0;0;0;0;0;0;0;-0.0004;-0.0884;0;0;0;0;0;0;0;0;0;-0.7452;0;0.7452;1;1;0;0;0;0
26/01/21 16:00;30.747;91.996;1.715;30.762;59.238;90;59.238;0;0;0;-0.0001;5.62;0;0;0;0;0;0;0;0;0;0;0;0;0;1;1;1;1;0;0;0;0;0;0;0;0;0;0;0;0;0;0;0;0;0;0;0;0;0;0;0;0;0;0;0;0;0;0;0;0;0;0;0;1;1;1;1;1;1;1;1;1;1;1;1;1;1;1;1;1;1;1;0;0;0;0;0;0;0;0;0;0.0004;0.088;-0.0884;0;0;0;0;0;0;0;0;0;0;0;0;0;0;0;0;0;0;0;0.0001;0;0;0;0;0.0004;0;0;0;0;0;0;0;-0.0004;-0.0884;0;0;0;0;0;0;0;0;0;-0.7452;0;0.7452;1;1;0;0;0;0
26/01/21 17:00;18.558;100.07;39.477;18.828;32.68;90;32.68;0;0;0;-0.0001;4.12;0;0;0;0;0;0;0;0;0;0;0;0;0;1;1;1;1;0;0;0;0;0;0;0;0;0;0;0;0;0;0;0;0;0;0;0;0;0;0;0;0;0;0;0;0;0;0;0;0;0;0;0;1;1;1;1;1;1;1;1;1;1;1;1;1;1;1;1;1;1;1;0;0;0;0;0;0;0;0;0;0.0004;0.088;-0.0884;0;0;0;0;0;0;0;0;0;0;0;0;0;0;0;0;0;0;0;0.0001;0;0;0;0;0.0004;0;0;0;0;0;0;0;-0.0004;-0.0884;0;0;0;0;0;0;0;0;0;-0.7452;0;0.7452;1;1;0;0;0;0
26/01/21 18:00;6.6663;108.06;73.648;7.0085;10.205;90;10.205;0;0;0;-0.0001;2.97;0;0;0;0;0;0;0;0;0;0;0;0;0;1;1;1;1;0;0;0;0;0;0;0;0;0;0;0;0;0;0;0;0;0;0;0;0;0;0;0;0;0;0;0;0;0;0;0;0;0;0;0;1;1;1;1;1;1;1;1;1;1;1;1;1;1;1;1;1;1;1;0;0;0;0;0;0;0;0;0;0.0004;0.088;-0.0884;0;0;0;0;0;0;0;0;0;0;0;0;0;0;0;0;0;0;0;0.0001;0;0;0;0;0.0004;0;0;0;0;0;0;0;-0.0004;-0.0884;0;0;0;0;0;0;0;0;0;-0.7452;0;0.7452;1;1;0;0;0;0
26/01/21 19:00;0.5306;112.53;88.713;0.5744;0.8188;90;0.8188;0;0;0;-0.0001;2.19;0;0;0;0;0;0;0;0;0;0;0;0;0;1;1;1;1;0;0;0;0;0;0;0;0;0;0;0;0;0;0;0;0;0;0;0;0;0;0;0;0;0;0;0;0;0;0;0;0;0;0;0;1;1;1;1;1;1;1;1;1;1;1;1;1;1;1;1;1;1;1;0;0;0;0;0;0;0;0;0;0.0004;0.088;-0.0884;0;0;0;0;0;0;0;0;0;0;0;0;0;0;0;0;0;0;0;0.0001;0;0;0;0;0.0004;0;0;0;0;0;0;0;-0.0004;-0.0884;0;0;0;0;0;0;0;0;0;-0.7452;0;0.7452;1;1;0;0;0;0
26/01/21 20:00;0;0;90;0;0;90;0;0;0;0;-0.0001;1.39;0;0;0;0;0;0;0;0;0;0;0;0;0;1;1;1;1;0;0;0;0;0;0;0;0;0;0;0;0;0;0;0;0;0;0;0;0;0;0;0;0;0;0;0;0;0;0;0;0;0;0;0;1;1;1;1;1;1;1;1;1;1;1;1;1;1;1;1;1;1;1;0;0;0;0;0;0;0;0;0;0.0004;0.088;-0.0884;0;0;0;0;0;0;0;0;0;0;0;0;0;0;0;0;0;0;0;0.0001;0;0;0;0;0.0004;0;0;0;0;0;0;0;-0.0004;-0.0884;0;0;0;0;0;0;0;0;0;-0.7452;0;0.7452;1;1;0;0;0;0
26/01/21 21:00;0;0;90;0;0;90;0;0;0;0;-0.0001;0.8601;0;0;0;0;0;0;0;0;0;0;0;0;0;1;1;1;1;0;0;0;0;0;0;0;0;0;0;0;0;0;0;0;0;0;0;0;0;0;0;0;0;0;0;0;0;0;0;0;0;0;0;0;1;1;1;1;1;1;1;1;1;1;1;1;1;1;1;1;1;1;1;0;0;0;0;0;0;0;0;0;0.0004;0.088;-0.0884;0;0;0;0;0;0;0;0;0;0;0;0;0;0;0;0;0;0;0;0.0001;0;0;0;0;0.0004;0;0;0;0;0;0;0;-0.0004;-0.0884;0;0;0;0;0;0;0;0;0;-0.7452;0;0.7452;1;1;0;0;0;0
26/01/21 22:00;0;0;90;0;0;90;0;0;0;0;-0.0001;0.8701;0;0;0;0;0;0;0;0;0;0;0;0;0;1;1;1;1;0;0;0;0;0;0;0;0;0;0;0;0;0;0;0;0;0;0;0;0;0;0;0;0;0;0;0;0;0;0;0;0;0;0;0;1;1;1;1;1;1;1;1;1;1;1;1;1;1;1;1;1;1;1;0;0;0;0;0;0;0;0;0;0.0004;0.088;-0.0884;0;0;0;0;0;0;0;0;0;0;0;0;0;0;0;0;0;0;0;0.0001;0;0;0;0;0.0004;0;0;0;0;0;0;0;-0.0004;-0.0884;0;0;0;0;0;0;0;0;0;-0.7452;0;0.7452;1;1;0;0;0;0
26/01/21 23:00;0;0;90;0;0;90;0;0;0;0;-0.0001;1.55;0;0;0;0;0;0;0;0;0;0;0;0;0;1;1;1;1;0;0;0;0;0;0;0;0;0;0;0;0;0;0;0;0;0;0;0;0;0;0;0;0;0;0;0;0;0;0;0;0;0;0;0;1;1;1;1;1;1;1;1;1;1;1;1;1;1;1;1;1;1;1;0;0;0;0;0;0;0;0;0;0.0004;0.088;-0.0884;0;0;0;0;0;0;0;0;0;0;0;0;0;0;0;0;0;0;0;0.0001;0;0;0;0;0.0004;0;0;0;0;0;0;0;-0.0004;-0.0884;0;0;0;0;0;0;0;0;0;-0.7452;0;0.7452;1;1;0;0;0;0
27/01/21 00:00;0;0;90;0;0;90;0;0;0;0;-0.0001;2.02;0;0;0;0;0;0;0;0;0;0;0;0;0;1;1;1;1;0;0;0;0;0;0;0;0;0;0;0;0;0;0;0;0;0;0;0;0;0;0;0;0;0;0;0;0;0;0;0;0;0;0;0;1;1;1;1;1;1;1;1;1;1;1;1;1;1;1;1;1;1;1;0;0;0;0;0;0;0;0;0;0.0004;0.088;-0.0884;0;0;0;0;0;0;0;0;0;0;0;0;0;0;0;0;0;0;0;0.0001;0;0;0;0;0.0004;0;0;0;0;0;0;0;-0.0004;-0.0884;0;0;0;0;0;0;0;0;0;-0.7452;0;0.7452;1;1;0;0;0;0
27/01/21 01:00;0;0;90;0;0;90;0;0;0;0;-0.0001;2.1;0;0;0;0;0;0;0;0;0;0;0;0;0;1;1;1;1;0;0;0;0;0;0;0;0;0;0;0;0;0;0;0;0;0;0;0;0;0;0;0;0;0;0;0;0;0;0;0;0;0;0;0;1;1;1;1;1;1;1;1;1;1;1;1;1;1;1;1;1;1;1;0;0;0;0;0;0;0;0;0;0.0004;0.088;-0.0884;0;0;0;0;0;0;0;0;0;0;0;0;0;0;0;0;0;0;0;0.0001;0;0;0;0;0.0004;0;0;0;0;0;0;0;-0.0004;-0.0884;0;0;0;0;0;0;0;0;0;-0.7452;0;0.7452;1;1;0;0;0;0
27/01/21 02:00;0;0;90;0;0;90;0;0;0;0;-0.0001;2.03;0;0;0;0;0;0;0;0;0;0;0;0;0;1;1;1;1;0;0;0;0;0;0;0;0;0;0;0;0;0;0;0;0;0;0;0;0;0;0;0;0;0;0;0;0;0;0;0;0;0;0;0;1;1;1;1;1;1;1;1;1;1;1;1;1;1;1;1;1;1;1;0;0;0;0;0;0;0;0;0;0.0004;0.088;-0.0884;0;0;0;0;0;0;0;0;0;0;0;0;0;0;0;0;0;0;0;0.0001;0;0;0;0;0.0004;0;0;0;0;0;0;0;-0.0004;-0.0884;0;0;0;0;0;0;0;0;0;-0.7452;0;0.7452;1;1;0;0;0;0
27/01/21 03:00;0;0;90;0;0;90;0;0;0;0;-0.0001;1.94;0;0;0;0;0;0;0;0;0;0;0;0;0;1;1;1;1;0;0;0;0;0;0;0;0;0;0;0;0;0;0;0;0;0;0;0;0;0;0;0;0;0;0;0;0;0;0;0;0;0;0;0;1;1;1;1;1;1;1;1;1;1;1;1;1;1;1;1;1;1;1;0;0;0;0;0;0;0;0;0;0.0004;0.088;-0.0884;0;0;0;0;0;0;0;0;0;0;0;0;0;0;0;0;0;0;0;0.0001;0;0;0;0;0.0004;0;0;0;0;0;0;0;-0.0004;-0.0884;0;0;0;0;0;0;0;0;0;-0.7452;0;0.7452;1;1;0;0;0;0
27/01/21 04:00;0;0;90;0;0;90;0;0;0;0;-0.0001;1.97;0;0;0;0;0;0;0;0;0;0;0;0;0;1;1;1;1;0;0;0;0;0;0;0;0;0;0;0;0;0;0;0;0;0;0;0;0;0;0;0;0;0;0;0;0;0;0;0;0;0;0;0;1;1;1;1;1;1;1;1;1;1;1;1;1;1;1;1;1;1;1;0;0;0;0;0;0;0;0;0;0.0004;0.088;-0.0884;0;0;0;0;0;0;0;0;0;0;0;0;0;0;0;0;0;0;0;0.0001;0;0;0;0;0.0004;0;0;0;0;0;0;0;-0.0004;-0.0884;0;0;0;0;0;0;0;0;0;-0.7452;0;0.7452;1;1;0;0;0;0
27/01/21 05:00;4.1184;-109.56;79.969;4.3696;6.2788;-90;-6.2788;0;0;0;-0.0001;2.3099;0;0;0;0;0;0;0;0;0;0;0;0;0;1;1;1;1;0;0;0;0;0;0;0;0;0;0;0;0;0;0;0;0;0;0;0;0;0;0;0;0;0;0;0;0;0;0;0;0;0;0;0;1;1;1;1;1;1;1;1;1;1;1;1;1;1;1;1;1;1;1;0;0;0;0;0;0;0;0;0;0.0004;0.088;-0.0884;0;0;0;0;0;0;0;0;0;0;0;0;0;0;0;0;0;0;0;0.0001;0;0;0;0;0.0004;0;0;0;0;0;0;0;-0.0004;-0.0884;0;0;0;0;0;0;0;0;0;-0.7452;0;0.7452;1;1;0;0;0;0
27/01/21 06:00;14.331;-102.53;53.107;14.666;23.217;-90;-23.217;0;0;0;-0.0001;2.0701;0;0;0;0;0;0;0;0;0;0;0;0;0;1;1;1;1;0;0;0;0;0;0;0;0;0;0;0;0;0;0;0;0;0;0;0;0;0;0;0;0;0;0;0;0;0;0;0;0;0;0;0;1;1;1;1;1;1;1;1;1;1;1;1;1;1;1;1;1;1;1;0;0;0;0;0;0;0;0;0;0.0004;0.088;-0.0884;0;0;0;0;0;0;0;0;0;0;0;0;0;0;0;0;0;0;0;0.0001;0;0;0;0;0.0004;0;0;0;0;0;0;0;-0.0004;-0.0884;0;0;0;0;0;0;0;0;0;-0.7452;0;0.7452;1;1;0;0;0;0
27/01/21 07:00;26.453;-94.548;5.3506;26.525;60;-90;-60;0;0;0;-0.0001;1.5901;0;0;0;0;0;0;0;0;0;0;0;0;0;1;1;1;1;0;0;0;0;0;0;0;0;0;0;0;0;0;0;0;0;0;0;0;0;0;0;0;0;0;0;0;0;0;0;0;0;0;0;0;1;1;1;1;1;1;1;1;1;1;1;1;1;1;1;1;1;1;1;0;0;0;0;0;0;0;0;0;0.0004;0.088;-0.0884;0;0;0;0;0;0;0;0;0;0;0;0;0;0;0;0;0;0;0;0.0001;0;0;0;0;0.0004;0;0;0;0;0;0;0;-0.0004;-0.0884;0;0;0;0;0;0;0;0;0;-0.7452;0;0.7452;1;1;0;0;0;0
27/01/21 08:00;38.709;-85.915;3.1865;38.78;51.22;-90;-51.22;0;0;0;-0.0001;1.2899;0;0;0;0;0;0;0;0;0;0;0;0;0;1;1;1;1;0;0;0;0;0;0;0;0;0;0;0;0;0;0;0;0;0;0;0;0;0;0;0;0;0;0;0;0;0;0;0;0;0;0;0;1;1;1;1;1;1;1;1;1;1;1;1;1;1;1;1;1;1;1;0;0;0;0;0;0;0;0;0;0.0004;0.088;-0.0884;0;0;0;0;0;0;0;0;0;0;0;0;0;0;0;0;0;0;0;0.0001;0;0;0;0;0.0004;0;0;0;0;0;0;0;-0.0004;-0.0884;0;0;0;0;0;0;0;0;0;-0.7452;0;0.7452;1;1;0;0;0;0
27/01/21 09:00;50.803;-75.255;9.2565;51.739;38.261;-90;-38.261;0;0;0;-0.0001;1.23;0;0;0;0;0;0;0;0;0;0;0;0;0;1;1;1;1;0;0;0;0;0;0;0;0;0;0;0;0;0;0;0;0;0;0;0;0;0;0;0;0;0;0;0;0;0;0;0;0;0;0;0;1;1;1;1;1;1;1;1;1;1;1;1;1;1;1;1;1;1;1;0;0;0;0;0;0;0;0;0;0.0004;0.088;-0.0884;0;0;0;0;0;0;0;0;0;0;0;0;0;0;0;0;0;0;0;0.0001;0;0;0;0;0.0004;0;0;0;0;0;0;0;-0.0004;-0.0884;0;0;0;0;0;0;0;0;0;-0.7452;0;0.7452;1;1;0;0;0;0
27/01/21 10:00;62.141;-59.433;13.747;65.53;24.47;-90;-24.47;0;0;0;-0.0001;1.49;0;0;0;0;0;0;0;0;0;0;0;0;0;1;1;1;1;0;0;0;0;0;0;0;0;0;0;0;0;0;0;0;0;0;0;0;0;0;0;0;0;0;0;0;0;0;0;0;0;0;0;0;1;1;1;1;1;1;1;1;1;1;1;1;1;1;1;1;1;1;1;0;0;0;0;0;0;0;0;0;0.0004;0.088;-0.0884;0;0;0;0;0;0;0;0;0;0;0;0;0;0;0;0;0;0;0;0.0001;0;0;0;0;0.0004;0;0;0;0;0;0;0;-0.0004;-0.0884;0;0;0;0;0;0;0;0;0;-0.7452;0;0.7452;1;1;0;0;0;0
27/01/21 11:00;70.964;-30.616;16.302;80.034;9.9664;-90;-9.9664;0;0;0;-0.0001;2.1;0;0;0;0;0;0;0;0;0;0;0;0;0;1;1;1;1;0;0;0;0;0;0;0;0;0;0;0;0;0;0;0;0;0;0;0;0;0;0;0;0;0;0;0;0;0;0;0;0;0;0;0;1;1;1;1;1;1;1;1;1;1;1;1;1;1;1;1;1;1;1;0;0;0;0;0;0;0;0;0;0.0004;0.088;-0.0884;0;0;0;0;0;0;0;0;0;0;0;0;0;0;0;0;0;0;0;0.0001;0;0;0;0;0.0004;0;0;0;0;0;0;0;-0.0004;-0.0884;0;0;0;0;0;0;0;0;0;-0.7452;0;0.7452;1;1;0;0;0;0
27/01/21 12:00;72.636;15.838;16.685;85.122;4.8779;90;4.8779;0;0;0;-0.0001;2.7999;0;0;0;0;0;0;0;0;0;0;0;0;0;1;1;1;1;0;0;0;0;0;0;0;0;0;0;0;0;0;0;0;0;0;0;0;0;0;0;0;0;0;0;0;0;0;0;0;0;0;0;0;1;1;1;1;1;1;1;1;1;1;1;1;1;1;1;1;1;1;1;0;0;0;0;0;0;0;0;0;0.0004;0.088;-0.0884;0;0;0;0;0;0;0;0;0;0;0;0;0;0;0;0;0;0;0;0.0001;0;0;0;0;0.0004;0;0;0;0;0;0;0;-0.0004;-0.0884;0;0;0;0;0;0;0;0;0;-0.7452;0;0.7452;1;1;0;0;0;0
27/01/21 13:00;65.62;51.593;14.859;70.448;19.552;90;19.552;0;0;0;-0.0001;3.4101;0;0;0;0;0;0;0;0;0;0;0;0;0;1;1;1;1;0;0;0;0;0;0;0;0;0;0;0;0;0;0;0;0;0;0;0;0;0;0;0;0;0;0;0;0;0;0;0;0;0;0;0;1;1;1;1;1;1;1;1;1;1;1;1;1;1;1;1;1;1;1;0;0;0;0;0;0;0;0;0;0.0004;0.088;-0.0884;0;0;0;0;0;0;0;0;0;0;0;0;0;0;0;0;0;0;0;0.0001;0;0;0;0;0.0004;0;0;0;0;0;0;0;-0.0004;-0.0884;0;0;0;0;0;0;0;0;0;-0.7452;0;0.7452;1;1;0;0;0;0
27/01/21 14:00;54.834;70.657;10.997;56.385;33.615;90;33.615;0;0;0;-0.0001;4.19;0;0;0;0;0;0;0;0;0;0;0;0;0;1;1;1;1;0;0;0;0;0;0;0;0;0;0;0;0;0;0;0;0;0;0;0;0;0;0;0;0;0;0;0;0;0;0;0;0;0;0;0;1;1;1;1;1;1;1;1;1;1;1;1;1;1;1;1;1;1;1;0;0;0;0;0;0;0;0;0;0.0004;0.088;-0.0884;0;0;0;0;0;0;0;0;0;0;0;0;0;0;0;0;0;0;0;0.0001;0;0;0;0;0.0004;0;0;0;0;0;0;0;-0.0004;-0.0884;0;0;0;0;0;0;0;0;0;-0.7452;0;0.7452;1;1;0;0;0;0
27/01/21 15:00;42.903;82.582;5.4265;43.144;46.856;90;46.856;0;0;0;-0.0001;5.3;0;0;0;0;0;0;0;0;0;0;0;0;0;1;1;1;1;0;0;0;0;0;0;0;0;0;0;0;0;0;0;0;0;0;0;0;0;0;0;0;0;0;0;0;0;0;0;0;0;0;0;0;1;1;1;1;1;1;1;1;1;1;1;1;1;1;1;1;1;1;1;0;0;0;0;0;0;0;0;0;0.0004;0.088;-0.0884;0;0;0;0;0;0;0;0;0;0;0;0;0;0;0;0;0;0;0;0.0001;0;0;0;0;0.0004;0;0;0;0;0;0;0;-0.0004;-0.0884;0;0;0;0;0;0;0;0;0;-0.7452;0;0.7452;1;1;0;0;0;0
27/01/21 16:00;30.662;91.705;1.4667;30.674;59.327;90;59.327;0;0;0;-0.0001;6.7501;0;0;0;0;0;0;0;0;0;0;0;0;0;1;1;1;1;0;0;0;0;0;0;0;0;0;0;0;0;0;0;0;0;0;0;0;0;0;0;0;0;0;0;0;0;0;0;0;0;0;0;0;1;1;1;1;1;1;1;1;1;1;1;1;1;1;1;1;1;1;1;0;0;0;0;0;0;0;0;0;0.0004;0.088;-0.0884;0;0;0;0;0;0;0;0;0;0;0;0;0;0;0;0;0;0;0;0.0001;0;0;0;0;0.0004;0;0;0;0;0;0;0;-0.0004;-0.0884;0;0;0;0;0;0;0;0;0;-0.7452;0;0.7452;1;1;0;0;0;0
27/01/21 17:00;18.467;99.806;39.803;18.722;32.399;90;32.399;0;0;0;-0.0001;8.08;0;0;0;0;0;0;0;0;0;0;0;0;0;1;1;1;1;0;0;0;0;0;0;0;0;0;0;0;0;0;0;0;0;0;0;0;0;0;0;0;0;0;0;0;0;0;0;0;0;0;0;0;1;1;1;1;1;1;1;1;1;1;1;1;1;1;1;1;1;1;1;0;0;0;0;0;0;0;0;0;0.0004;0.088;-0.0884;0;0;0;0;0;0;0;0;0;0;0;0;0;0;0;0;0;0;0;0.0001;0;0;0;0;0.0004;0;0;0;0;0;0;0;-0.0004;-0.0884;0;0;0;0;0;0;0;0;0;-0.7452;0;0.7452;1;1;0;0;0;0
27/01/21 18:00;6.563;107.82;73.907;6.8906;10.025;90;10.025;0;0;0;-0.0001;9.05;0;0;0;0;0;0;0;0;0;0;0;0;0;1;1;1;1;0;0;0;0;0;0;0;0;0;0;0;0;0;0;0;0;0;0;0;0;0;0;0;0;0;0;0;0;0;0;0;0;0;0;0;1;1;1;1;1;1;1;1;1;1;1;1;1;1;1;1;1;1;1;0;0;0;0;0;0;0;0;0;0.0004;0.088;-0.0884;0;0;0;0;0;0;0;0;0;0;0;0;0;0;0;0;0;0;0;0.0001;0;0;0;0;0.0004;0;0;0;0;0;0;0;-0.0004;-0.0884;0;0;0;0;0;0;0;0;0;-0.7452;0;0.7452;1;1;0;0;0;0
27/01/21 19:00;0.4178;112.29;88.987;0.4515;0.6436;90;0.6436;0;0;0;-0.0001;9.77;0;0;0;0;0;0;0;0;0;0;0;0;0;1;1;1;1;0;0;0;0;0;0;0;0;0;0;0;0;0;0;0;0;0;0;0;0;0;0;0;0;0;0;0;0;0;0;0;0;0;0;0;1;1;1;1;1;1;1;1;1;1;1;1;1;1;1;1;1;1;1;0;0;0;0;0;0;0;0;0;0.0004;0.088;-0.0884;0;0;0;0;0;0;0;0;0;0;0;0;0;0;0;0;0;0;0;0.0001;0;0;0;0;0.0004;0;0;0;0;0;0;0;-0.0004;-0.0884;0;0;0;0;0;0;0;0;0;-0.7452;0;0.7452;1;1;0;0;0;0
27/01/21 20:00;0;0;90;0;0;90;0;0;0;0;-0.0001;10.31;0;0;0;0;0;0;0;0;0;0;0;0;0;1;1;1;1;0;0;0;0;0;0;0;0;0;0;0;0;0;0;0;0;0;0;0;0;0;0;0;0;0;0;0;0;0;0;0;0;0;0;0;1;1;1;1;1;1;1;1;1;1;1;1;1;1;1;1;1;1;1;0;0;0;0;0;0;0;0;0;0.0004;0.088;-0.0884;0;0;0;0;0;0;0;0;0;0;0;0;0;0;0;0;0;0;0;0.0001;0;0;0;0;0.0004;0;0;0;0;0;0;0;-0.0004;-0.0884;0;0;0;0;0;0;0;0;0;-0.7452;0;0.7452;1;1;0;0;0;0
27/01/21 21:00;0;0;90;0;0;90;0;0;0;0;-0.0001;10.06;0;0;0;0;0;0;0;0;0;0;0;0;0;1;1;1;1;0;0;0;0;0;0;0;0;0;0;0;0;0;0;0;0;0;0;0;0;0;0;0;0;0;0;0;0;0;0;0;0;0;0;0;1;1;1;1;1;1;1;1;1;1;1;1;1;1;1;1;1;1;1;0;0;0;0;0;0;0;0;0;0.0004;0.088;-0.0884;0;0;0;0;0;0;0;0;0;0;0;0;0;0;0;0;0;0;0;0.0001;0;0;0;0;0.0004;0;0;0;0;0;0;0;-0.0004;-0.0884;0;0;0;0;0;0;0;0;0;-0.7452;0;0.7452;1;1;0;0;0;0
27/01/21 22:00;0;0;90;0;0;90;0;0;0;0;-0.0001;9.44;0;0;0;0;0;0;0;0;0;0;0;0;0;1;1;1;1;0;0;0;0;0;0;0;0;0;0;0;0;0;0;0;0;0;0;0;0;0;0;0;0;0;0;0;0;0;0;0;0;0;0;0;1;1;1;1;1;1;1;1;1;1;1;1;1;1;1;1;1;1;1;0;0;0;0;0;0;0;0;0;0.0004;0.088;-0.0884;0;0;0;0;0;0;0;0;0;0;0;0;0;0;0;0;0;0;0;0.0001;0;0;0;0;0.0004;0;0;0;0;0;0;0;-0.0004;-0.0884;0;0;0;0;0;0;0;0;0;-0.7452;0;0.7452;1;1;0;0;0;0
27/01/21 23:00;0;0;90;0;0;90;0;0;0;0;-0.0001;8.96;0;0;0;0;0;0;0;0;0;0;0;0;0;1;1;1;1;0;0;0;0;0;0;0;0;0;0;0;0;0;0;0;0;0;0;0;0;0;0;0;0;0;0;0;0;0;0;0;0;0;0;0;1;1;1;1;1;1;1;1;1;1;1;1;1;1;1;1;1;1;1;0;0;0;0;0;0;0;0;0;0.0004;0.088;-0.0884;0;0;0;0;0;0;0;0;0;0;0;0;0;0;0;0;0;0;0;0.0001;0;0;0;0;0.0004;0;0;0;0;0;0;0;-0.0004;-0.0884;0;0;0;0;0;0;0;0;0;-0.7452;0;0.7452;1;1;0;0;0;0
28/01/21 00:00;0;0;90;0;0;90;0;0;0;0;-0.0001;8.6999;0;0;0;0;0;0;0;0;0;0;0;0;0;1;1;1;1;0;0;0;0;0;0;0;0;0;0;0;0;0;0;0;0;0;0;0;0;0;0;0;0;0;0;0;0;0;0;0;0;0;0;0;1;1;1;1;1;1;1;1;1;1;1;1;1;1;1;1;1;1;1;0;0;0;0;0;0;0;0;0;0.0004;0.088;-0.0884;0;0;0;0;0;0;0;0;0;0;0;0;0;0;0;0;0;0;0;0.0001;0;0;0;0;0.0004;0;0;0;0;0;0;0;-0.0004;-0.0884;0;0;0;0;0;0;0;0;0;-0.7452;0;0.7452;1;1;0;0;0;0
28/01/21 01:00;0;0;90;0;0;90;0;0;0;0;-0.0001;8.55;0;0;0;0;0;0;0;0;0;0;0;0;0;1;1;1;1;0;0;0;0;0;0;0;0;0;0;0;0;0;0;0;0;0;0;0;0;0;0;0;0;0;0;0;0;0;0;0;0;0;0;0;1;1;1;1;1;1;1;1;1;1;1;1;1;1;1;1;1;1;1;0;0;0;0;0;0;0;0;0;0.0004;0.088;-0.0884;0;0;0;0;0;0;0;0;0;0;0;0;0;0;0;0;0;0;0;0.0001;0;0;0;0;0.0004;0;0;0;0;0;0;0;-0.0004;-0.0884;0;0;0;0;0;0;0;0;0;-0.7452;0;0.7452;1;1;0;0;0;0
28/01/21 02:00;0;0;90;0;0;90;0;0;0;0;-0.0001;8.4301;0;0;0;0;0;0;0;0;0;0;0;0;0;1;1;1;1;0;0;0;0;0;0;0;0;0;0;0;0;0;0;0;0;0;0;0;0;0;0;0;0;0;0;0;0;0;0;0;0;0;0;0;1;1;1;1;1;1;1;1;1;1;1;1;1;1;1;1;1;1;1;0;0;0;0;0;0;0;0;0;0.0004;0.088;-0.0884;0;0;0;0;0;0;0;0;0;0;0;0;0;0;0;0;0;0;0;0.0001;0;0;0;0;0.0004;0;0;0;0;0;0;0;-0.0004;-0.0884;0;0;0;0;0;0;0;0;0;-0.7452;0;0.7452;1;1;0;0;0;0
28/01/21 03:00;0;0;90;0;0;90;0;0;0;0;-0.0001;8.2801;0;0;0;0;0;0;0;0;0;0;0;0;0;1;1;1;1;0;0;0;0;0;0;0;0;0;0;0;0;0;0;0;0;0;0;0;0;0;0;0;0;0;0;0;0;0;0;0;0;0;0;0;1;1;1;1;1;1;1;1;1;1;1;1;1;1;1;1;1;1;1;0;0;0;0;0;0;0;0;0;0.0004;0.088;-0.0884;0;0;0;0;0;0;0;0;0;0;0;0;0;0;0;0;0;0;0;0.0001;0;0;0;0;0.0004;0;0;0;0;0;0;0;-0.0004;-0.0884;0;0;0;0;0;0;0;0;0;-0.7452;0;0.7452;1;1;0;0;0;0
28/01/21 04:00;0;0;90;0;0;90;0;0;0;0;-0.0001;8.09;0;0;0;0;0;0;0;0;0;0;0;0;0;1;1;1;1;0;0;0;0;0;0;0;0;0;0;0;0;0;0;0;0;0;0;0;0;0;0;0;0;0;0;0;0;0;0;0;0;0;0;0;1;1;1;1;1;1;1;1;1;1;1;1;1;1;1;1;1;1;1;0;0;0;0;0;0;0;0;0;0.0004;0.088;-0.0884;0;0;0;0;0;0;0;0;0;0;0;0;0;0;0;0;0;0;0;0.0001;0;0;0;0;0.0004;0;0;0;0;0;0;0;-0.0004;-0.0884;0;0;0;0;0;0;0;0;0;-0.7452;0;0.7452;1;1;0;0;0;0
28/01/21 05:00;4.116;-109.23;79.975;4.3584;6.2624;-90;-6.2624;0;0;0;-0.0001;8.3501;0;0;0;0;0;0;0;0;0;0;0;0;0;1;1;1;1;0;0;0;0;0;0;0;0;0;0;0;0;0;0;0;0;0;0;0;0;0;0;0;0;0;0;0;0;0;0;0;0;0;0;0;1;1;1;1;1;1;1;1;1;1;1;1;1;1;1;1;1;1;1;0;0;0;0;0;0;0;0;0;0.0004;0.088;-0.0884;0;0;0;0;0;0;0;0;0;0;0;0;0;0;0;0;0;0;0;0.0001;0;0;0;0;0.0004;0;0;0;0;0;0;0;-0.0004;-0.0884;0;0;0;0;0;0;0;0;0;-0.7452;0;0.7452;1;1;0;0;0;0
28/01/21 06:00;14.146;-102.33;53.651;14.466;22.824;-90;-22.824;0;0;0;-0.0001;8.6899;0;0;0;0;0;0;0;0;0;0;0;0;0;1;1;1;1;0;0;0;0;0;0;0;0;0;0;0;0;0;0;0;0;0;0;0;0;0;0;0;0;0;0;0;0;0;0;0;0;0;0;0;1;1;1;1;1;1;1;1;1;1;1;1;1;1;1;1;1;1;1;0;0;0;0;0;0;0;0;0;0.0004;0.088;-0.0884;0;0;0;0;0;0;0;0;0;0;0;0;0;0;0;0;0;0;0;0.0001;0;0;0;0;0.0004;0;0;0;0;0;0;0;-0.0004;-0.0884;0;0;0;0;0;0;0;0;0;-0.7452;0;0.7452;1;1;0;0;0;0
28/01/21 07:00;26.274;-94.325;5.331;26.338;60;-90;-60;0;0;0;-0.0001;8.9199;0;0;0;0;0;0;0;0;0;0;0;0;0;1;1;1;1;0;0;0;0;0;0;0;0;0;0;0;0;0;0;0;0;0;0;0;0;0;0;0;0;0;0;0;0;0;0;0;0;0;0;0;1;1;1;1;1;1;1;1;1;1;1;1;1;1;1;1;1;1;1;0;0;0;0;0;0;0;0;0;0.0004;0.088;-0.0884;0;0;0;0;0;0;0;0;0;0;0;0;0;0;0;0;0;0;0;0.0001;0;0;0;0;0.0004;0;0;0;0;0;0;0;-0.0004;-0.0884;0;0;0;0;0;0;0;0;0;-0.7452;0;0.7452;1;1;0;0;0;0
28/01/21 08:00;38.53;-85.659;3.3946;38.61;51.39;-90;-51.39;0;0;0;-0.0001;9.04;0;0;0;0;0;0;0;0;0;0;0;0;0;1;1;1;1;0;0;0;0;0;0;0;0;0;0;0;0;0;0;0;0;0;0;0;0;0;0;0;0;0;0;0;0;0;0;0;0;0;0;0;1;1;1;1;1;1;1;1;1;1;1;1;1;1;1;1;1;1;1;0;0;0;0;0;0;0;0;0;0.0004;0.088;-0.0884;0;0;0;0;0;0;0;0;0;0;0;0;0;0;0;0;0;0;0;0.0001;0;0;0;0;0.0004;0;0;0;0;0;0;0;-0.0004;-0.0884;0;0;0;0;0;0;0;0;0;-0.7452;0;0.7452;1;1;0;0;0;0
28/01/21 09:00;50.614;-74.953;9.4815;51.591;38.409;-90;-38.409;0;0;0;-0.0001;9.11;0;0;0;0;0;0;0;0;0;0;0;0;0;1;1;1;1;0;0;0;0;0;0;0;0;0;0;0;0;0;0;0;0;0;0;0;0;0;0;0;0;0;0;0;0;0;0;0;0;0;0;0;1;1;1;1;1;1;1;1;1;1;1;1;1;1;1;1;1;1;1;0;0;0;0;0;0;0;0;0;0.0004;0.088;-0.0884;0;0;0;0;0;0;0;0;0;0;0;0;0;0;0;0;0;0;0;0.0001;0;0;0;0;0.0004;0;0;0;0;0;0;0;-0.0004;-0.0884;0;0;0;0;0;0;0;0;0;-0.7452;0;0.7452;1;1;0;0;0;0
28/01/21 10:00;61.926;-59.091;13.989;65.411;24.59;-90;-24.59;0;0;0;-0.0001;8.7799;0;0;0;0;0;0;0;0;0;0;0;0;0;1;1;1;1;0;0;0;0;0;0;0;0;0;0;0;0;0;0;0;0;0;0;0;0;0;0;0;0;0;0;0;0;0;0;0;0;0;0;0;1;1;1;1;1;1;1;1;1;1;1;1;1;1;1;1;1;1;1;0;0;0;0;0;0;0;0;0;0.0004;0.088;-0.0884;0;0;0;0;0;0;0;0;0;0;0;0;0;0;0;0;0;0;0;0.0001;0;0;0;0;0.0004;0;0;0;0;0;0;0;-0.0004;-0.0884;0;0;0;0;0;0;0;0;0;-0.7452;0;0.7452;1;1;0;0;0;0
28/01/21 11:00;70.704;-30.405;16.559;79.952;10.048;-90;-10.048;0;0;0;-0.0001;8.9199;0;0;0;0;0;0;0;0;0;0;0;0;0;1;1;1;1;0;0;0;0;0;0;0;0;0;0;0;0;0;0;0;0;0;0;0;0;0;0;0;0;0;0;0;0;0;0;0;0;0;0;0;1;1;1;1;1;1;1;1;1;1;1;1;1;1;1;1;1;1;1;0;0;0;0;0;0;0;0;0;0.0004;0.088;-0.0884;0;0;0;0;0;0;0;0;0;0;0;0;0;0;0;0;0;0;0;0.0001;0;0;0;0;0.0004;0;0;0;0;0;0;0;-0.0004;-0.0884;0;0;0;0;0;0;0;0;0;-0.7452;0;0.7452;1;1;0;0;0;0
28/01/21 12:00;72.391;15.469;16.951;85.161;4.8388;90;4.8388;0;0;0;-0.0001;9.5501;0;0;0;0;0;0;0;0;0;0;0;0;0;1;1;1;1;0;0;0;0;0;0;0;0;0;0;0;0;0;0;0;0;0;0;0;0;0;0;0;0;0;0;0;0;0;0;0;0;0;0;0;1;1;1;1;1;1;1;1;1;1;1;1;1;1;1;1;1;1;1;0;0;0;0;0;0;0;0;0;0.0004;0.088;-0.0884;0;0;0;0;0;0;0;0;0;0;0;0;0;0;0;0;0;0;0;0.0001;0;0;0;0;0.0004;0;0;0;0;0;0;0;-0.0004;-0.0884;0;0;0;0;0;0;0;0;0;-0.7452;0;0.7452;1;1;0;0;0;0
28/01/21 13:00;65.459;51.074;15.127;70.445;19.555;90;19.555;0;0;0;-0.0001;9.6499;0;0;0;0;0;0;0;0;0;0;0;0;0;1;1;1;1;0;0;0;0;0;0;0;0;0;0;0;0;0;0;0;0;0;0;0;0;0;0;0;0;0;0;0;0;0;0;0;0;0;0;0;1;1;1;1;1;1;1;1;1;1;1;1;1;1;1;1;1;1;1;0;0;0;0;0;0;0;0;0;0.0004;0.088;-0.0884;0;0;0;0;0;0;0;0;0;0;0;0;0;0;0;0;0;0;0;0.0001;0;0;0;0;0.0004;0;0;0;0;0;0;0;-0.0004;-0.0884;0;0;0;0;0;0;0;0;0;-0.7452;0;0.7452;1;1;0;0;0;0
28/01/21 14:00;54.721;70.235;11.263;56.344;33.656;90;33.656;0;0;0;-0.0001;9.12;0;0;0;0;0;0;0;0;0;0;0;0;0;1;1;1;1;0;0;0;0;0;0;0;0;0;0;0;0;0;0;0;0;0;0;0;0;0;0;0;0;0;0;0;0;0;0;0;0;0;0;0;1;1;1;1;1;1;1;1;1;1;1;1;1;1;1;1;1;1;1;0;0;0;0;0;0;0;0;0;0.0004;0.088;-0.0884;0;0;0;0;0;0;0;0;0;0;0;0;0;0;0;0;0;0;0;0.0001;0;0;0;0;0.0004;0;0;0;0;0;0;0;-0.0004;-0.0884;0;0;0;0;0;0;0;0;0;-0.7452;0;0.7452;1;1;0;0;0;0
28/01/21 15:00;42.81;82.239;5.6855;43.073;46.927;90;46.927;0;0;0;-0.0001;8.63;0;0;0;0;0;0;0;0;0;0;0;0;0;1;1;1;1;0;0;0;0;0;0;0;0;0;0;0;0;0;0;0;0;0;0;0;0;0;0;0;0;0;0;0;0;0;0;0;0;0;0;0;1;1;1;1;1;1;1;1;1;1;1;1;1;1;1;1;1;1;1;0;0;0;0;0;0;0;0;0;0.0004;0.088;-0.0884;0;0;0;0;0;0;0;0;0;0;0;0;0;0;0;0;0;0;0;0.0001;0;0;0;0;0.0004;0;0;0;0;0;0;0;-0.0004;-0.0884;0;0;0;0;0;0;0;0;0;-0.7452;0;0.7452;1;1;0;0;0;0
28/01/21 16:00;30.572;91.411;1.2151;30.58;59.42;90;59.42;0;0;0;-0.0001;8.09;0;0;0;0;0;0;0;0;0;0;0;0;0;1;1;1;1;0;0;0;0;0;0;0;0;0;0;0;0;0;0;0;0;0;0;0;0;0;0;0;0;0;0;0;0;0;0;0;0;0;0;0;1;1;1;1;1;1;1;1;1;1;1;1;1;1;1;1;1;1;1;0;0;0;0;0;0;0;0;0;0.0004;0.088;-0.0884;0;0;0;0;0;0;0;0;0;0;0;0;0;0;0;0;0;0;0;0.0001;0;0;0;0;0.0004;0;0;0;0;0;0;0;-0.0004;-0.0884;0;0;0;0;0;0;0;0;0;-0.7452;0;0.7452;1;1;0;0;0;0
28/01/21 17:00;18.371;99.542;40.147;18.611;32.105;90;32.105;0;0;0;-0.0001;7.5799;0;0;0;0;0;0;0;0;0;0;0;0;0;1;1;1;1;0;0;0;0;0;0;0;0;0;0;0;0;0;0;0;0;0;0;0;0;0;0;0;0;0;0;0;0;0;0;0;0;0;0;0;1;1;1;1;1;1;1;1;1;1;1;1;1;1;1;1;1;1;1;0;0;0;0;0;0;0;0;0;0.0004;0.088;-0.0884;0;0;0;0;0;0;0;0;0;0;0;0;0;0;0;0;0;0;0;0.0001;0;0;0;0;0.0004;0;0;0;0;0;0;0;-0.0004;-0.0884;0;0;0;0;0;0;0;0;0;-0.7452;0;0.7452;1;1;0;0;0;0
28/01/21 18:00;6.4541;107.57;74.18;6.7671;9.8384;90;9.8384;0;0;0;-0.0001;7.51;0;0;0;0;0;0;0;0;0;0;0;0;0;1;1;1;1;0;0;0;0;0;0;0;0;0;0;0;0;0;0;0;0;0;0;0;0;0;0;0;0;0;0;0;0;0;0;0;0;0;0;0;1;1;1;1;1;1;1;1;1;1;1;1;1;1;1;1;1;1;1;0;0;0;0;0;0;0;0;0;0.0004;0.088;-0.0884;0;0;0;0;0;0;0;0;0;0;0;0;0;0;0;0;0;0;0;0.0001;0;0;0;0;0.0004;0;0;0;0;0;0;0;-0.0004;-0.0884;0;0;0;0;0;0;0;0;0;-0.7452;0;0.7452;1;1;0;0;0;0
28/01/21 19:00;0.2994;112.05;89.274;0.323;0.4604;90;0.4604;0;0;0;-0.0001;8.1299;0;0;0;0;0;0;0;0;0;0;0;0;0;1;1;1;1;0;0;0;0;0;0;0;0;0;0;0;0;0;0;0;0;0;0;0;0;0;0;0;0;0;0;0;0;0;0;0;0;0;0;0;1;1;1;1;1;1;1;1;1;1;1;1;1;1;1;1;1;1;1;0;0;0;0;0;0;0;0;0;0.0004;0.088;-0.0884;0;0;0;0;0;0;0;0;0;0;0;0;0;0;0;0;0;0;0;0.0001;0;0;0;0;0.0004;0;0;0;0;0;0;0;-0.0004;-0.0884;0;0;0;0;0;0;0;0;0;-0.7452;0;0.7452;1;1;0;0;0;0
28/01/21 20:00;0;0;90;0;0;90;0;0;0;0;-0.0001;8.87;0;0;0;0;0;0;0;0;0;0;0;0;0;1;1;1;1;0;0;0;0;0;0;0;0;0;0;0;0;0;0;0;0;0;0;0;0;0;0;0;0;0;0;0;0;0;0;0;0;0;0;0;1;1;1;1;1;1;1;1;1;1;1;1;1;1;1;1;1;1;1;0;0;0;0;0;0;0;0;0;0.0004;0.088;-0.0884;0;0;0;0;0;0;0;0;0;0;0;0;0;0;0;0;0;0;0;0.0001;0;0;0;0;0.0004;0;0;0;0;0;0;0;-0.0004;-0.0884;0;0;0;0;0;0;0;0;0;-0.7452;0;0.7452;1;1;0;0;0;0
28/01/21 21:00;0;0;90;0;0;90;0;0;0;0;-0.0001;9.1699;0;0;0;0;0;0;0;0;0;0;0;0;0;1;1;1;1;0;0;0;0;0;0;0;0;0;0;0;0;0;0;0;0;0;0;0;0;0;0;0;0;0;0;0;0;0;0;0;0;0;0;0;1;1;1;1;1;1;1;1;1;1;1;1;1;1;1;1;1;1;1;0;0;0;0;0;0;0;0;0;0.0004;0.088;-0.0884;0;0;0;0;0;0;0;0;0;0;0;0;0;0;0;0;0;0;0;0.0001;0;0;0;0;0.0004;0;0;0;0;0;0;0;-0.0004;-0.0884;0;0;0;0;0;0;0;0;0;-0.7452;0;0.7452;1;1;0;0;0;0
28/01/21 22:00;0;0;90;0;0;90;0;0;0;0;-0.0001;8.88;0;0;0;0;0;0;0;0;0;0;0;0;0;1;1;1;1;0;0;0;0;0;0;0;0;0;0;0;0;0;0;0;0;0;0;0;0;0;0;0;0;0;0;0;0;0;0;0;0;0;0;0;1;1;1;1;1;1;1;1;1;1;1;1;1;1;1;1;1;1;1;0;0;0;0;0;0;0;0;0;0.0004;0.088;-0.0884;0;0;0;0;0;0;0;0;0;0;0;0;0;0;0;0;0;0;0;0.0001;0;0;0;0;0.0004;0;0;0;0;0;0;0;-0.0004;-0.0884;0;0;0;0;0;0;0;0;0;-0.7452;0;0.7452;1;1;0;0;0;0
28/01/21 23:00;0;0;90;0;0;90;0;0;0;0;-0.0001;8.3699;0;0;0;0;0;0;0;0;0;0;0;0;0;1;1;1;1;0;0;0;0;0;0;0;0;0;0;0;0;0;0;0;0;0;0;0;0;0;0;0;0;0;0;0;0;0;0;0;0;0;0;0;1;1;1;1;1;1;1;1;1;1;1;1;1;1;1;1;1;1;1;0;0;0;0;0;0;0;0;0;0.0004;0.088;-0.0884;0;0;0;0;0;0;0;0;0;0;0;0;0;0;0;0;0;0;0;0.0001;0;0;0;0;0.0004;0;0;0;0;0;0;0;-0.0004;-0.0884;0;0;0;0;0;0;0;0;0;-0.7452;0;0.7452;1;1;0;0;0;0
29/01/21 00:00;0;0;90;0;0;90;0;0;0;0;-0.0001;8.01;0;0;0;0;0;0;0;0;0;0;0;0;0;1;1;1;1;0;0;0;0;0;0;0;0;0;0;0;0;0;0;0;0;0;0;0;0;0;0;0;0;0;0;0;0;0;0;0;0;0;0;0;1;1;1;1;1;1;1;1;1;1;1;1;1;1;1;1;1;1;1;0;0;0;0;0;0;0;0;0;0.0004;0.088;-0.0884;0;0;0;0;0;0;0;0;0;0;0;0;0;0;0;0;0;0;0;0.0001;0;0;0;0;0.0004;0;0;0;0;0;0;0;-0.0004;-0.0884;0;0;0;0;0;0;0;0;0;-0.7452;0;0.7452;1;1;0;0;0;0
29/01/21 01:00;0;0;90;0;0;90;0;0;0;0;-0.0001;7.9501;0;0;0;0;0;0;0;0;0;0;0;0;0;1;1;1;1;0;0;0;0;0;0;0;0;0;0;0;0;0;0;0;0;0;0;0;0;0;0;0;0;0;0;0;0;0;0;0;0;0;0;0;1;1;1;1;1;1;1;1;1;1;1;1;1;1;1;1;1;1;1;0;0;0;0;0;0;0;0;0;0.0004;0.088;-0.0884;0;0;0;0;0;0;0;0;0;0;0;0;0;0;0;0;0;0;0;0.0001;0;0;0;0;0.0004;0;0;0;0;0;0;0;-0.0004;-0.0884;0;0;0;0;0;0;0;0;0;-0.7452;0;0.7452;1;1;0;0;0;0
29/01/21 02:00;0;0;90;0;0;90;0;0;0;0;-0.0001;7.7399;0;0;0;0;0;0;0;0;0;0;0;0;0;1;1;1;1;0;0;0;0;0;0;0;0;0;0;0;0;0;0;0;0;0;0;0;0;0;0;0;0;0;0;0;0;0;0;0;0;0;0;0;1;1;1;1;1;1;1;1;1;1;1;1;1;1;1;1;1;1;1;0;0;0;0;0;0;0;0;0;0.0004;0.088;-0.0884;0;0;0;0;0;0;0;0;0;0;0;0;0;0;0;0;0;0;0;0.0001;0;0;0;0;0.0004;0;0;0;0;0;0;0;-0.0004;-0.0884;0;0;0;0;0;0;0;0;0;-0.7452;0;0.7452;1;1;0;0;0;0
29/01/21 03:00;0;0;90;0;0;90;0;0;0;0;-0.0001;7.2599;0;0;0;0;0;0;0;0;0;0;0;0;0;1;1;1;1;0;0;0;0;0;0;0;0;0;0;0;0;0;0;0;0;0;0;0;0;0;0;0;0;0;0;0;0;0;0;0;0;0;0;0;1;1;1;1;1;1;1;1;1;1;1;1;1;1;1;1;1;1;1;0;0;0;0;0;0;0;0;0;0.0004;0.088;-0.0884;0;0;0;0;0;0;0;0;0;0;0;0;0;0;0;0;0;0;0;0.0001;0;0;0;0;0.0004;0;0;0;0;0;0;0;-0.0004;-0.0884;0;0;0;0;0;0;0;0;0;-0.7452;0;0.7452;1;1;0;0;0;0
29/01/21 04:00;0;0;90;0;0;90;0;0;0;0;-0.0001;6.9399;0;0;0;0;0;0;0;0;0;0;0;0;0;1;1;1;1;0;0;0;0;0;0;0;0;0;0;0;0;0;0;0;0;0;0;0;0;0;0;0;0;0;0;0;0;0;0;0;0;0;0;0;1;1;1;1;1;1;1;1;1;1;1;1;1;1;1;1;1;1;1;0;0;0;0;0;0;0;0;0;0.0004;0.088;-0.0884;0;0;0;0;0;0;0;0;0;0;0;0;0;0;0;0;0;0;0;0.0001;0;0;0;0;0.0004;0;0;0;0;0;0;0;-0.0004;-0.0884;0;0;0;0;0;0;0;0;0;-0.7452;0;0.7452;1;1;0;0;0;0
29/01/21 05:00;4.1133;-108.9;79.982;4.3469;6.2457;-90;-6.2457;0;0;0;-0.0001;6.87;0;0;0;0;0;0;0;0;0;0;0;0;0;1;1;1;1;0;0;0;0;0;0;0;0;0;0;0;0;0;0;0;0;0;0;0;0;0;0;0;0;0;0;0;0;0;0;0;0;0;0;0;1;1;1;1;1;1;1;1;1;1;1;1;1;1;1;1;1;1;1;0;0;0;0;0;0;0;0;0;0.0004;0.088;-0.0884;0;0;0;0;0;0;0;0;0;0;0;0;0;0;0;0;0;0;0;0.0001;0;0;0;0;0.0004;0;0;0;0;0;0;0;-0.0004;-0.0884;0;0;0;0;0;0;0;0;0;-0.7452;0;0.7452;1;1;0;0;0;0
29/01/21 06:00;13.959;-102.13;54.193;14.265;22.434;-90;-22.434;0;0;0;-0.0001;7.14;0;0;0;0;0;0;0;0;0;0;0;0;0;1;1;1;1;0;0;0;0;0;0;0;0;0;0;0;0;0;0;0;0;0;0;0;0;0;0;0;0;0;0;0;0;0;0;0;0;0;0;0;1;1;1;1;1;1;1;1;1;1;1;1;1;1;1;1;1;1;1;0;0;0;0;0;0;0;0;0;0.0004;0.088;-0.0884;0;0;0;0;0;0;0;0;0;0;0;0;0;0;0;0;0;0;0;0.0001;0;0;0;0;0.0004;0;0;0;0;0;0;0;-0.0004;-0.0884;0;0;0;0;0;0;0;0;0;-0.7452;0;0.7452;1;1;0;0;0;0
29/01/21 07:00;26.094;-94.095;5.3209;26.152;60;-90;-60;0;0;0;-0.0001;7.8199;0;0;0;0;0;0;0;0;0;0;0;0;0;1;1;1;1;0;0;0;0;0;0;0;0;0;0;0;0;0;0;0;0;0;0;0;0;0;0;0;0;0;0;0;0;0;0;0;0;0;0;0;1;1;1;1;1;1;1;1;1;1;1;1;1;1;1;1;1;1;1;0;0;0;0;0;0;0;0;0;0.0004;0.088;-0.0884;0;0;0;0;0;0;0;0;0;0;0;0;0;0;0;0;0;0;0;0.0001;0;0;0;0;0.0004;0;0;0;0;0;0;0;-0.0004;-0.0884;0;0;0;0;0;0;0;0;0;-0.7452;0;0.7452;1;1;0;0;0;0
29/01/21 08:00;38.35;-85.396;3.6088;38.44;51.56;-90;-51.56;0;0;0;-0.0001;8.2099;0;0;0;0;0;0;0;0;0;0;0;0;0;1;1;1;1;0;0;0;0;0;0;0;0;0;0;0;0;0;0;0;0;0;0;0;0;0;0;0;0;0;0;0;0;0;0;0;0;0;0;0;1;1;1;1;1;1;1;1;1;1;1;1;1;1;1;1;1;1;1;0;0;0;0;0;0;0;0;0;0.0004;0.088;-0.0884;0;0;0;0;0;0;0;0;0;0;0;0;0;0;0;0;0;0;0;0.0001;0;0;0;0;0.0004;0;0;0;0;0;0;0;-0.0004;-0.0884;0;0;0;0;0;0;0;0;0;-0.7452;0;0.7452;1;1;0;0;0;0
29/01/21 09:00;50.424;-74.645;9.7126;51.443;38.557;-90;-38.557;0;0;0;-0.0001;8.2001;0;0;0;0;0;0;0;0;0;0;0;0;0;1;1;1;1;0;0;0;0;0;0;0;0;0;0;0;0;0;0;0;0;0;0;0;0;0;0;0;0;0;0;0;0;0;0;0;0;0;0;0;1;1;1;1;1;1;1;1;1;1;1;1;1;1;1;1;1;1;1;0;0;0;0;0;0;0;0;0;0.0004;0.088;-0.0884;0;0;0;0;0;0;0;0;0;0;0;0;0;0;0;0;0;0;0;0.0001;0;0;0;0;0.0004;0;0;0;0;0;0;0;-0.0004;-0.0884;0;0;0;0;0;0;0;0;0;-0.7452;0;0.7452;1;1;0;0;0;0
29/01/21 10:00;61.709;-58.741;14.237;65.293;24.707;-90;-24.707;0;0;0;-0.0001;8.0301;0;0;0;0;0;0;0;0;0;0;0;0;0;1;1;1;1;0;0;0;0;0;0;0;0;0;0;0;0;0;0;0;0;0;0;0;0;0;0;0;0;0;0;0;0;0;0;0;0;0;0;0;1;1;1;1;1;1;1;1;1;1;1;1;1;1;1;1;1;1;1;0;0;0;0;0;0;0;0;0;0.0004;0.088;-0.0884;0;0;0;0;0;0;0;0;0;0;0;0;0;0;0;0;0;0;0;0.0001;0;0;0;0;0.0004;0;0;0;0;0;0;0;-0.0004;-0.0884;0;0;0;0;0;0;0;0;0;-0.7452;0;0.7452;1;1;0;0;0;0
29/01/21 11:00;70.441;-30.185;16.821;79.872;10.128;-90;-10.128;0;0;0;-0.0001;7.69;0;0;0;0;0;0;0;0;0;0;0;0;0;1;1;1;1;0;0;0;0;0;0;0;0;0;0;0;0;0;0;0;0;0;0;0;0;0;0;0;0;0;0;0;0;0;0;0;0;0;0;0;1;1;1;1;1;1;1;1;1;1;1;1;1;1;1;1;1;1;1;0;0;0;0;0;0;0;0;0;0.0004;0.088;-0.0884;0;0;0;0;0;0;0;0;0;0;0;0;0;0;0;0;0;0;0;0.0001;0;0;0;0;0.0004;0;0;0;0;0;0;0;-0.0004;-0.0884;0;0;0;0;0;0;0;0;0;-0.7452;0;0.7452;1;1;0;0;0;0
29/01/21 12:00;72.14;15.115;17.222;85.197;4.8028;90;4.8028;0;0;0;-0.0001;7.2;0;0;0;0;0;0;0;0;0;0;0;0;0;1;1;1;1;0;0;0;0;0;0;0;0;0;0;0;0;0;0;0;0;0;0;0;0;0;0;0;0;0;0;0;0;0;0;0;0;0;0;0;1;1;1;1;1;1;1;1;1;1;1;1;1;1;1;1;1;1;1;0;0;0;0;0;0;0;0;0;0.0004;0.088;-0.0884;0;0;0;0;0;0;0;0;0;0;0;0;0;0;0;0;0;0;0;0.0001;0;0;0;0;0.0004;0;0;0;0;0;0;0;-0.0004;-0.0884;0;0;0;0;0;0;0;0;0;-0.7452;0;0.7452;1;1;0;0;0;0
29/01/21 13:00;65.291;50.558;15.4;70.437;19.563;90;19.563;0;0;0;-0.0001;6.48;0;0;0;0;0;0;0;0;0;0;0;0;0;1;1;1;1;0;0;0;0;0;0;0;0;0;0;0;0;0;0;0;0;0;0;0;0;0;0;0;0;0;0;0;0;0;0;0;0;0;0;0;1;1;1;1;1;1;1;1;1;1;1;1;1;1;1;1;1;1;1;0;0;0;0;0;0;0;0;0;0.0004;0.088;-0.0884;0;0;0;0;0;0;0;0;0;0;0;0;0;0;0;0;0;0;0;0.0001;0;0;0;0;0.0004;0;0;0;0;0;0;0;-0.0004;-0.0884;0;0;0;0;0;0;0;0;0;-0.7452;0;0.7452;1;1;0;0;0;0
29/01/21 14:00;54.602;69.81;11.532;56.299;33.701;90;33.701;0;0;0;-0.0001;5.5701;0;0;0;0;0;0;0;0;0;0;0;0;0;1;1;1;1;0;0;0;0;0;0;0;0;0;0;0;0;0;0;0;0;0;0;0;0;0;0;0;0;0;0;0;0;0;0;0;0;0;0;0;1;1;1;1;1;1;1;1;1;1;1;1;1;1;1;1;1;1;1;0;0;0;0;0;0;0;0;0;0.0004;0.088;-0.0884;0;0;0;0;0;0;0;0;0;0;0;0;0;0;0;0;0;0;0;0.0001;0;0;0;0;0.0004;0;0;0;0;0;0;0;-0.0004;-0.0884;0;0;0;0;0;0;0;0;0;-0.7452;0;0.7452;1;1;0;0;0;0
29/01/21 15:00;42.709;81.893;5.948;42.996;47.004;90;47.004;0;0;0;-0.0001;4.5499;0;0;0;0;0;0;0;0;0;0;0;0;0;1;1;1;1;0;0;0;0;0;0;0;0;0;0;0;0;0;0;0;0;0;0;0;0;0;0;0;0;0;0;0;0;0;0;0;0;0;0;0;1;1;1;1;1;1;1;1;1;1;1;1;1;1;1;1;1;1;1;0;0;0;0;0;0;0;0;0;0.0004;0.088;-0.0884;0;0;0;0;0;0;0;0;0;0;0;0;0;0;0;0;0;0;0;0.0001;0;0;0;0;0.0004;0;0;0;0;0;0;0;-0.0004;-0.0884;0;0;0;0;0;0;0;0;0;-0.7452;0;0.7452;1;1;0;0;0;0
29/01/21 16:00;30.476;91.115;0.9605;30.481;59.519;90;59.519;0;0;0;-0.0001;3.4299;0;0;0;0;0;0;0;0;0;0;0;0;0;1;1;1;1;0;0;0;0;0;0;0;0;0;0;0;0;0;0;0;0;0;0;0;0;0;0;0;0;0;0;0;0;0;0;0;0;0;0;0;1;1;1;1;1;1;1;1;1;1;1;1;1;1;1;1;1;1;1;0;0;0;0;0;0;0;0;0;0.0004;0.088;-0.0884;0;0;0;0;0;0;0;0;0;0;0;0;0;0;0;0;0;0;0;0.0001;0;0;0;0;0.0004;0;0;0;0;0;0;0;-0.0004;-0.0884;0;0;0;0;0;0;0;0;0;-0.7452;0;0.7452;1;1;0;0;0;0
29/01/21 17:00;18.27;99.274;40.509;18.495;31.801;90;31.801;0;0;0;-0.0001;2.73;0;0;0;0;0;0;0;0;0;0;0;0;0;1;1;1;1;0;0;0;0;0;0;0;0;0;0;0;0;0;0;0;0;0;0;0;0;0;0;0;0;0;0;0;0;0;0;0;0;0;0;0;1;1;1;1;1;1;1;1;1;1;1;1;1;1;1;1;1;1;1;0;0;0;0;0;0;0;0;0;0.0004;0.088;-0.0884;0;0;0;0;0;0;0;0;0;0;0;0;0;0;0;0;0;0;0;0.0001;0;0;0;0;0.0004;0;0;0;0;0;0;0;-0.0004;-0.0884;0;0;0;0;0;0;0;0;0;-0.7452;0;0.7452;1;1;0;0;0;0
29/01/21 18:00;6.3396;107.32;74.466;6.6382;9.6435;90;9.6435;0;0;0;-0.0001;2.8799;0;0;0;0;0;0;0;0;0;0;0;0;0;1;1;1;1;0;0;0;0;0;0;0;0;0;0;0;0;0;0;0;0;0;0;0;0;0;0;0;0;0;0;0;0;0;0;0;0;0;0;0;1;1;1;1;1;1;1;1;1;1;1;1;1;1;1;1;1;1;1;0;0;0;0;0;0;0;0;0;0.0004;0.088;-0.0884;0;0;0;0;0;0;0;0;0;0;0;0;0;0;0;0;0;0;0;0.0001;0;0;0;0;0.0004;0;0;0;0;0;0;0;-0.0004;-0.0884;0;0;0;0;0;0;0;0;0;-0.7452;0;0.7452;1;1;0;0;0;0
29/01/21 19:00;0.3654;111.66;89.114;0.3932;0.5604;90;0.5604;0;0;0;-0.0001;3.62;0;0;0;0;0;0;0;0;0;0;0;0;0;1;1;1;1;0;0;0;0;0;0;0;0;0;0;0;0;0;0;0;0;0;0;0;0;0;0;0;0;0;0;0;0;0;0;0;0;0;0;0;1;1;1;1;1;1;1;1;1;1;1;1;1;1;1;1;1;1;1;0;0;0;0;0;0;0;0;0;0.0004;0.088;-0.0884;0;0;0;0;0;0;0;0;0;0;0;0;0;0;0;0;0;0;0;0.0001;0;0;0;0;0.0004;0;0;0;0;0;0;0;-0.0004;-0.0884;0;0;0;0;0;0;0;0;0;-0.7452;0;0.7452;1;1;0;0;0;0
29/01/21 20:00;0;0;90;0;0;90;0;0;0;0;-0.0001;4.6801;0;0;0;0;0;0;0;0;0;0;0;0;0;1;1;1;1;0;0;0;0;0;0;0;0;0;0;0;0;0;0;0;0;0;0;0;0;0;0;0;0;0;0;0;0;0;0;0;0;0;0;0;1;1;1;1;1;1;1;1;1;1;1;1;1;1;1;1;1;1;1;0;0;0;0;0;0;0;0;0;0.0004;0.088;-0.0884;0;0;0;0;0;0;0;0;0;0;0;0;0;0;0;0;0;0;0;0.0001;0;0;0;0;0.0004;0;0;0;0;0;0;0;-0.0004;-0.0884;0;0;0;0;0;0;0;0;0;-0.7452;0;0.7452;1;1;0;0;0;0
29/01/21 21:00;0;0;90;0;0;90;0;0;0;0;-0.0001;4.89;0;0;0;0;0;0;0;0;0;0;0;0;0;1;1;1;1;0;0;0;0;0;0;0;0;0;0;0;0;0;0;0;0;0;0;0;0;0;0;0;0;0;0;0;0;0;0;0;0;0;0;0;1;1;1;1;1;1;1;1;1;1;1;1;1;1;1;1;1;1;1;0;0;0;0;0;0;0;0;0;0.0004;0.088;-0.0884;0;0;0;0;0;0;0;0;0;0;0;0;0;0;0;0;0;0;0;0.0001;0;0;0;0;0.0004;0;0;0;0;0;0;0;-0.0004;-0.0884;0;0;0;0;0;0;0;0;0;-0.7452;0;0.7452;1;1;0;0;0;0
29/01/21 22:00;0;0;90;0;0;90;0;0;0;0;-0.0001;4.4699;0;0;0;0;0;0;0;0;0;0;0;0;0;1;1;1;1;0;0;0;0;0;0;0;0;0;0;0;0;0;0;0;0;0;0;0;0;0;0;0;0;0;0;0;0;0;0;0;0;0;0;0;1;1;1;1;1;1;1;1;1;1;1;1;1;1;1;1;1;1;1;0;0;0;0;0;0;0;0;0;0.0004;0.088;-0.0884;0;0;0;0;0;0;0;0;0;0;0;0;0;0;0;0;0;0;0;0.0001;0;0;0;0;0.0004;0;0;0;0;0;0;0;-0.0004;-0.0884;0;0;0;0;0;0;0;0;0;-0.7452;0;0.7452;1;1;0;0;0;0
29/01/21 23:00;0;0;90;0;0;90;0;0;0;0;-0.0001;4.44;0;0;0;0;0;0;0;0;0;0;0;0;0;1;1;1;1;0;0;0;0;0;0;0;0;0;0;0;0;0;0;0;0;0;0;0;0;0;0;0;0;0;0;0;0;0;0;0;0;0;0;0;1;1;1;1;1;1;1;1;1;1;1;1;1;1;1;1;1;1;1;0;0;0;0;0;0;0;0;0;0.0004;0.088;-0.0884;0;0;0;0;0;0;0;0;0;0;0;0;0;0;0;0;0;0;0;0.0001;0;0;0;0;0.0004;0;0;0;0;0;0;0;-0.0004;-0.0884;0;0;0;0;0;0;0;0;0;-0.7452;0;0.7452;1;1;0;0;0;0
30/01/21 00:00;0;0;90;0;0;90;0;0;0;0;-0.0001;4.4799;0;0;0;0;0;0;0;0;0;0;0;0;0;1;1;1;1;0;0;0;0;0;0;0;0;0;0;0;0;0;0;0;0;0;0;0;0;0;0;0;0;0;0;0;0;0;0;0;0;0;0;0;1;1;1;1;1;1;1;1;1;1;1;1;1;1;1;1;1;1;1;0;0;0;0;0;0;0;0;0;0.0004;0.088;-0.0884;0;0;0;0;0;0;0;0;0;0;0;0;0;0;0;0;0;0;0;0.0001;0;0;0;0;0.0004;0;0;0;0;0;0;0;-0.0004;-0.0884;0;0;0;0;0;0;0;0;0;-0.7452;0;0.7452;1;1;0;0;0;0
30/01/21 01:00;0;0;90;0;0;90;0;0;0;0;-0.0001;4.35;0;0;0;0;0;0;0;0;0;0;0;0;0;1;1;1;1;0;0;0;0;0;0;0;0;0;0;0;0;0;0;0;0;0;0;0;0;0;0;0;0;0;0;0;0;0;0;0;0;0;0;0;1;1;1;1;1;1;1;1;1;1;1;1;1;1;1;1;1;1;1;0;0;0;0;0;0;0;0;0;0.0004;0.088;-0.0884;0;0;0;0;0;0;0;0;0;0;0;0;0;0;0;0;0;0;0;0.0001;0;0;0;0;0.0004;0;0;0;0;0;0;0;-0.0004;-0.0884;0;0;0;0;0;0;0;0;0;-0.7452;0;0.7452;1;1;0;0;0;0
30/01/21 02:00;0;0;90;0;0;90;0;0;0;0;-0.0001;4.19;0;0;0;0;0;0;0;0;0;0;0;0;0;1;1;1;1;0;0;0;0;0;0;0;0;0;0;0;0;0;0;0;0;0;0;0;0;0;0;0;0;0;0;0;0;0;0;0;0;0;0;0;1;1;1;1;1;1;1;1;1;1;1;1;1;1;1;1;1;1;1;0;0;0;0;0;0;0;0;0;0.0004;0.088;-0.0884;0;0;0;0;0;0;0;0;0;0;0;0;0;0;0;0;0;0;0;0.0001;0;0;0;0;0.0004;0;0;0;0;0;0;0;-0.0004;-0.0884;0;0;0;0;0;0;0;0;0;-0.7452;0;0.7452;1;1;0;0;0;0
30/01/21 03:00;0;0;90;0;0;90;0;0;0;0;-0.0001;3.9899;0;0;0;0;0;0;0;0;0;0;0;0;0;1;1;1;1;0;0;0;0;0;0;0;0;0;0;0;0;0;0;0;0;0;0;0;0;0;0;0;0;0;0;0;0;0;0;0;0;0;0;0;1;1;1;1;1;1;1;1;1;1;1;1;1;1;1;1;1;1;1;0;0;0;0;0;0;0;0;0;0.0004;0.088;-0.0884;0;0;0;0;0;0;0;0;0;0;0;0;0;0;0;0;0;0;0;0.0001;0;0;0;0;0.0004;0;0;0;0;0;0;0;-0.0004;-0.0884;0;0;0;0;0;0;0;0;0;-0.7452;0;0.7452;1;1;0;0;0;0
30/01/21 04:00;0;0;0;0;0;0;0;0;0;0;33.1;3.63;0;0;0;0;0;0;0;0;0;0;0;0;0;1;1;1;1;0;0;0;0;0;0;0;0;0;0;0;0;0;0;0;0;0;0;0;0;0;0;0;0;0;0;0;0;0;0;0;0;0;0;0;1;1;1;1;1;1;1;1;1;1;1;1;1;1;1;1;1;1;1;0;0;0;0;0;0;0;0;0;0;0;0;0;0;0;0;0;0;0;0;0;0;0;0;0;0;0;0;0;0;0;-33.1;0;0;0;0;0;0;0;0;0;0;0;0;0;0;0;0;0;0;0;0;0;0;0;0;0;0;1;1;0;0;0;0
30/01/21 05:00;3.9168;-108.71;80.464;4.1345;5.9359;-90;-5.9359;296.01;48.799;86.45;33.1;3.7599;0;599.55;4.8668;106.52;0;0.1619;711.1;0;711.1;599.55;106.52;4.8668;0.1619;0.8431;0.0071;0;0.0002;710.95;0.1496;0;0;0.0149;0.1347;470.87;237.95;201.87;35.863;0.2088;0.0061;708.81;2.1328;1.7987;0.3195;0.0146;0.0001;470.87;395.89;70.332;4.6285;0.021;4.3204;3.439;1.6074;0.0002;0.0352;0.5057;0.0002;0.5407;0;1;0;0;2.4023;0.9998;1;1;0.9969;0.1679;0.6643;0.6623;1;0.9568;0.7765;0.997;0.997;1;0.997;0.997;0.6622;0.951;0.13;2.0237;1.3482;0.0081;0.0072;0.1528;0.0083;0.0293;0.0001;0;0;0.088;1.0097;0;0;0;0;0;0;0;0;0;0;0;0;0.0236;0.0046;1.1143;1.1143;0;56.649;56.649;23.549;0.05;1162.9;958.18;1;0.0165;0.0165;0;0;0;0;0;0;1.0977;1.0097;0;10.354;11.99;9.383;10.865;98.515;98.515;17.066;9.3967;8.5151;7.6696;0.8816;0.4494;0.0517;0.4989;2.894;0.4987;0
30/01/21 06:00;13.772;-101.92;54.734;14.064;22.047;-90;-22.047;296.01;48.799;247.21;33.1;3.5801;0;599.55;12.298;87.393;0;2.2078;701.45;0;701.45;599.55;87.393;12.298;2.2078;0.8547;0.0207;0;0.0031;699.26;2.1894;0;0;0.3321;1.8573;682.79;14.374;12.127;1.7676;0.4053;0.0746;697.16;2.0978;1.7987;0.2622;0.0359;0.0011;682.83;585.63;85.364;11.524;0.2749;9.1081;7.2501;2.15;0.0632;0.1587;2.283;0.042;2.3785;0;1;0;0;2.3697;0.9969;1;1;0.973;0.1588;0.9794;0.9797;1;0.966;0.7865;0.997;0.997;1;0.997;0.997;0.9734;0.9371;0.1245;1.9963;1.9582;0.0118;0.0001;0.2968;0.0115;0.0409;0.0004;0;0;0.088;1.4436;0;0;0;0;0;0;0;0;0;0;0;0;0.033;0.0092;1.5544;1.5544;0;67.503;67.503;34.403;0.0504;1692.9;918.2;1;0.0228;0.0228;0;0;0;0;0;0;1.5316;1.4436;0;14.643;16.957;13.599;15.748;98.531;98.531;16.835;13.109;12.174;3.726;0.9347;0.2213;0.0555;0.7231;7.7204;0.7214;0
30/01/21 07:00;25.914;-93.86;5.3211;25.965;60;-90;-60;296.01;175.4;120.61;33.1;4.27;0;274.8;105.73;78.43;0;15.096;474.05;0;474.05;274.8;78.43;105.73;15.096;0.5797;0.2549;0;0.0318;446.75;27.298;0;0;13.246;14.051;442.02;3.3948;0.0504;0.0144;3.2624;0.0676;445.41;1.3403;0.8244;0.2353;0.2775;0.0031;445.55;273.92;78.18;88.945;0.9742;102.18;81.333;38.071;17.68;1.9767;28.435;3.5314;12.731;0;1;0;0;1.6015;0.9424;1;1;0.8747;0.0692;0.9924;0.9998;1;0.9646;0.9351;0.997;0.997;1;0.997;0.997;0.9324;0.8412;0.0645;1.3491;1.3317;0.008;0.0075;0.1438;0.0082;0.0291;0.0048;0;0;0.088;0.998;0;0;0;0;0;0;0;0;0;0;0;0;0.0234;0.0045;1.1024;1.1024;0;55.187;55.187;22.087;0.05;1146.3;961.66;1;0.0164;0.0164;0;0;0;0;0;0;1.086;0.998;0;15.367;17.794;13.911;16.109;98.51;98.51;11.377;9.2967;8.416;2.0806;0.8806;0.1829;0.0774;0.7397;92.074;0.7079;0
30/01/21 08:00;38.169;-85.127;3.829;38.27;51.73;-90;-51.73;296.01;263.8;32.205;33.1;4.8599;0;51.996;205.68;15.784;0;11.492;284.95;0;284.95;51.996;15.784;205.68;11.492;0.1825;0.7621;0;0.0403;253.48;31.478;0;0;20.783;10.694;246.51;6.2105;0.0069;0.0021;6.1692;0.0324;252.72;0.7604;0.156;0.0474;0.5547;0.0024;250.83;51.833;15.734;178.17;0.7632;177.62;141.39;63.337;20.367;2.9472;42.395;4.3285;24.975;0;1;0;0;0.9627;0.8895;1;1;0.899;0.0694;0.9754;0.9999;1;0.9665;0.9593;0.997;0.997;1;0.997;0.997;0.8651;0.8663;0.0664;0.811;0.8026;0.0048;0.0147;0.0591;0.0051;0.018;0.0073;0;0;0.088;0.5785;0;0;0;0;0;0;0;0;0;0;0;0;0.0145;0.0018;0.6773;0.6773;0;45.366;45.366;12.266;0.0498;688.04;984.42;1;0.0108;0.0108;0;0;0;0;0;0;0.6665;0.5785;0;15.707;18.188;13.416;15.535;98.405;98.405;6.8389;5.7119;4.8787;1.127;0.8332;0.1648;0.1218;0.7134;163.45;0.6419;0
30/01/21 09:00;50.232;-74.329;9.9496;51.296;38.704;-90;-38.704;296.01;283.7;12.309;33.1;4.8599;0;15.773;249.67;4.1399;0;6.6309;276.21;0;276.21;15.773;4.1399;249.67;6.6309;0.0571;0.9279;0;0.024;253.71;22.502;0;0;16.481;6.0203;245.36;7.5885;0.0054;0.0014;7.5188;0.0629;252.95;0.7611;0.0473;0.0124;0.6996;0.0018;247.67;15.72;4.126;224.97;0.5458;183.27;145.88;62.43;9.0846;2.4555;35.321;2.3092;28.692;0;1;0;0;0.9331;0.9185;1;1;0.934;0.0921;0.97;0.9997;1;0.9677;0.8966;0.997;0.997;1;0.997;0.997;0.8883;0.9011;0.0823;0.7861;0.7794;0.0047;0.015;0.0573;0.0049;0.0174;0.006;0;0;0.088;0.5597;0;0;0;0;0;0;0;0;0;0;0;0;0.014;0.0017;0.6582;0.6582;0;45.309;45.309;12.209;0.0498;668.58;984.51;1;0.0105;0.0105;0;0;0;0;0;0;0.6477;0.5597;0;15.747;18.234;13.389;15.504;98.397;98.397;6.6291;5.5508;4.7198;1.0783;0.8311;0.1627;0.1254;0.712;175.9;0.6498;0
30/01/21 10:00;61.489;-58.383;14.491;65.176;24.824;-90;-24.824;296.01;288.6;7.4063;33.1;4.5399;0;8.1603;273.62;1.9059;0;2.7898;286.47;0;286.47;8.1603;1.9059;273.62;2.7898;0.0285;0.9649;0;0.0097;275.16;11.315;0;0;8.9402;2.3752;265.44;8.8912;0.0041;0.001;8.8025;0.0837;274.33;0.8255;0.0245;0.0057;0.794;0.0012;266.24;8.1317;1.8992;255.08;0.3296;179.48;142.86;57.884;2.135;2.1765;31.308;0.794;31.35;0;1;0;0;0.9678;0.9605;1;1;0.9673;0.1486;0.9676;0.9995;1;0.9666;0.7974;0.997;0.997;1;0.997;0.997;0.9266;0.9323;0.1182;0.8153;0.8244;0.005;0.0145;0.0635;0.0052;0.0184;0.0053;0;0;0.088;0.5968;0;0;0;0;0;0;0;0;0;0;0;0;0.0148;0.0019;0.6958;0.6958;0;46.311;46.311;13.211;0.0498;708;982.79;1;0.011;0.011;0;0;0;0;0;0;0.6848;0.5968;0;16.05;18.585;13.766;15.94;98.415;98.415;6.8754;5.8679;5.0327;1.0075;0.8351;0.1465;0.1215;0.732;174.47;0.6766;0
30/01/21 11:00;70.174;-29.955;17.089;79.795;10.205;-90;-10.205;296.01;289.8;6.2091;33.1;3.96;0;6.3089;286.16;1.3821;0;0.4777;294.33;0;294.33;6.3089;1.3821;286.16;0.4777;0.0214;0.9739;0;0.0016;291.8;2.5296;0;0;2.133;0.3966;279.36;11.562;0.0037;0.0008;11.54;0.0181;290.92;0.8754;0.0189;0.0041;0.8521;0.0002;279.44;6.2863;1.3771;271.63;0.0627;176.03;140.12;54.933;0.0898;2.1242;30.555;0.0834;32.59;0;1;0;0;0.9943;0.9914;1;1;0.9925;0.1697;0.9603;0.9994;1;0.9592;0.7755;0.997;0.997;1;0.997;0.997;0.9491;0.9492;0.1312;0.8376;0.8607;0.0052;0.014;0.0684;0.0054;0.0192;0.0052;0;0;0.088;0.6264;0;0;0;0;0;0;0;0;0;0;0;0;0.0155;0.0021;0.7258;0.7258;0;47.006;47.006;13.906;0.0498;739.49;981.44;1;0.0114;0.0114;0;0;0;0;0;0;0.7144;0.6264;0;16.294;18.868;14.062;16.284;98.428;98.428;7.0638;6.1205;5.2821;0.9433;0.8383;0.1335;0.1187;0.7478;171.62;0.6938;0
30/01/21 12:00;71.883;14.776;17.498;85.23;4.7701;90;4.7701;296.01;290;6.0096;33.1;3.62;0;6.0305;288.19;1.3085;0;0.1046;295.64;0;295.64;6.0305;1.3085;288.19;0.1046;0.0204;0.9752;0;0.0004;294.92;0.7168;0;0;0.6296;0.0872;281.49;12.549;0.0036;0.0008;12.54;0.0039;294.04;0.8848;0.0181;0.0039;0.8627;0.0001;281.49;6.0088;1.3038;274.16;0.0135;175.4;139.62;54.478;0.0015;2.1277;30.606;0.0047;32.732;0;1;0;0;0.9988;0.9976;1;1;0.9978;0.1663;0.9573;0.9994;1;0.9563;0.7767;0.997;0.997;1;0.997;0.997;0.9521;0.9513;0.1288;0.8414;0.8667;0.0052;0.014;0.0692;0.0054;0.0193;0.0052;0;0;0.088;0.6312;0;0;0;0;0;0;0;0;0;0;0;0;0.0156;0.0021;0.7307;0.7307;0;47.113;47.113;14.013;0.0498;744.65;981.23;1;0.0115;0.0115;0;0;0;0;0;0;0.7192;0.6312;0;16.332;18.912;14.108;16.337;98.43;98.43;7.0953;6.1618;5.323;0.9335;0.8389;0.1316;0.1182;0.7502;171.1;0.6962;0
30/01/21 13:00;65.115;50.045;15.678;70.425;19.575;90;19.575;296.01;289.7;6.3089;33.1;3.7;0;6.6959;279.94;1.5206;0;1.745;289.9;0;289.9;6.6959;1.5206;279.94;1.745;0.0231;0.9717;0;0.006;282.18;7.7188;0;0;6.2578;1.4609;271.77;9.5587;0.0036;0.0008;9.4914;0.0628;281.33;0.8465;0.0201;0.0046;0.821;0.0009;272.21;6.6722;1.5152;263.37;0.2203;177.95;141.65;56.44;0.9261;2.1424;30.818;0.4393;32.034;0;1;0;0;0.9794;0.9734;1;1;0.9776;0.1628;0.966;0.9995;1;0.9652;0.7781;0.997;0.997;1;0.997;0.997;0.9375;0.9408;0.1263;0.825;0.8405;0.0051;0.0143;0.0657;0.0053;0.0188;0.0053;0;0;0.088;0.6099;0;0;0;0;0;0;0;0;0;0;0;0;0.0151;0.002;0.7091;0.7091;0;46.627;46.627;13.527;0.0498;722;982.19;1;0.0112;0.0112;0;0;0;0;0;0;0.6979;0.6099;0;16.164;18.718;13.903;16.1;98.421;98.421;6.9575;5.9803;5.1438;0.9772;0.8365;0.1405;0.1202;0.7393;173.58;0.6848;0
30/01/21 14:00;54.475;69.383;11.806;56.248;33.752;90;33.752;296.01;288;8.0049;33.1;3.9701;0;9.6276;261.89;2.4227;0;5.089;279.03;0;279.03;9.6276;2.4227;261.89;5.089;0.0345;0.9568;0;0.0182;260.48;18.546;0;0;14.004;4.5419;251.62;8.0785;0.0039;0.001;7.991;0.0826;259.7;0.7814;0.0289;0.0073;0.7436;0.0016;253.29;9.5948;2.4145;239.15;0.4628;182.43;145.22;60.903;5.9563;2.3243;33.434;1.6718;29.802;0;1;0;0;0.9426;0.9335;1;1;0.9465;0.1075;0.9689;0.9996;1;0.9677;0.8486;0.997;0.997;1;0.997;0.997;0.9018;0.9132;0.0909;0.7941;0.7917;0.0048;0.0149;0.059;0.005;0.0177;0.0057;0;0;0.088;0.5699;0;0;0;0;0;0;0;0;0;0;0;0;0.0143;0.0018;0.6685;0.6685;0;45.621;45.621;12.521;0.0498;679.41;983.99;1;0.0107;0.0107;0;0;0;0;0;0;0.6579;0.5699;0;15.832;18.334;13.495;15.627;98.403;98.403;6.6966;5.6378;4.8057;1.0588;0.8322;0.1581;0.1243;0.7176;177.36;0.6585;0
30/01/21 15:00;42.603;81.544;6.2139;42.915;47.085;90;47.085;296.01;281.4;14.611;33.1;4.1301;0;21.457;232.87;6.3431;0;9.6341;270.31;0;270.31;21.457;6.3431;232.87;9.6341;0.0794;0.8972;0;0.0356;240.75;29.561;0;0;20.594;8.9669;233.04;6.9855;0.0046;0.0014;6.9447;0.0348;240.02;0.7222;0.0644;0.019;0.6368;0.002;236.68;21.388;6.3227;204.7;0.6303;184.24;146.65;64.85;16.63;2.8198;40.561;3.6374;26.751;0;1;0;0;0.9132;0.8906;1;1;0.9116;0.0693;0.9709;0.9998;1;0.9672;0.9476;0.997;0.997;1;0.997;0.997;0.8621;0.879;0.0654;0.7693;0.7584;0.0046;0.0152;0.0541;0.0048;0.017;0.007;0;0;0.088;0.5421;0;0;0;0;0;0;0;0;0;0;0;0;0.0137;0.0016;0.6404;0.6404;0;44.694;44.694;11.594;0.0498;649.93;985.41;1;0.0103;0.0103;0;0;0;0;0;0;0.6301;0.5421;0;15.657;18.13;13.253;15.347;98.388;98.388;6.4874;5.401;4.5718;1.0864;0.8292;0.1675;0.1278;0.7047;176.71;0.6336;0
30/01/21 16:00;30.374;90.815;0.7029;30.376;59.624;90;59.624;296.01;254.1;41.91;33.1;3.9199;0;82.879;180.02;29.617;0;14.925;307.44;0;307.44;82.879;29.617;180.02;14.925;0.2696;0.6341;0;0.0485;271.05;36.392;0;0;22.426;13.966;264.63;5.6078;0.002;0.0007;5.5421;0.0629;270.24;0.8131;0.2486;0.0889;0.4728;0.0029;270.19;82.629;29.528;151.58;0.8935;166.76;132.74;61.891;29.43;3.2791;47.169;5.5605;21.018;0;1;0;0;1.0386;0.8816;1;1;0.8754;0.0643;0.9792;1;1;0.9647;0.9342;0.997;0.997;1;0.997;0.997;0.8607;0.842;0.0599;0.875;0.8675;0.0052;0.0139;0.0666;0.0055;0.0194;0.0081;0;0;0.088;0.6316;0;0;0;0;0;0;0;0;0;0;0;0;0.0156;0.0021;0.7311;0.7311;0;46.27;46.27;13.17;0.0498;743.85;982.85;1;0.0115;0.0115;0;0;0;0;0;0;0.7196;0.6316;0;15.714;18.196;13.575;15.72;98.428;98.428;7.3786;6.1654;5.3263;1.2132;0.8391;0.1644;0.1137;0.7219;156.03;0.6475;0
30/01/21 17:00;18.162;99.005;40.889;18.374;31.487;90;31.487;296.01;132.9;163.11;33.1;2.57;0;395.58;77.303;119.94;0;4.4457;597.27;0;597.27;395.58;119.94;77.303;4.4457;0.6623;0.1369;0;0.0074;589.64;7.6288;0;0;3.7039;3.9249;581.6;6.2749;2.9203;0.8854;2.3819;0.0873;587.87;1.7689;1.1868;0.3598;0.2208;0.0016;582;391.48;118.69;70.996;0.4319;52.528;41.812;17.54;1.3848;0.6475;9.3135;0.4009;8.5762;0;1;0;0;2.0178;0.9872;1;1;0.9521;0.1171;0.9893;0.9926;1;0.9675;0.8318;0.997;0.997;1;0.997;0.997;0.9738;0.9184;0.0971;1.6998;1.6838;0.0101;0.0028;0.2242;0.0101;0.0359;0.0015;0;0;0.088;1.2555;0;0;0;0;0;0;0;0;0;0;0;0;0.0289;0.007;1.3632;1.3632;0;62.295;62.295;29.195;0.0502;1454.2;937.44;1;0.0197;0.0197;0;0;0;0;0;0;1.3435;1.2555;0;15.082;17.465;13.89;16.084;98.552;98.552;14.334;11.496;10.588;2.8382;0.9086;0.198;0.0634;0.7386;51.486;0.7301;0
30/01/21 18:00;6.2196;107.07;74.767;6.5038;9.4409;90;9.4409;296.01;48.799;137.12;33.1;2.73;0;599.55;4.8468;106.52;0;0.409;711.32;0;711.32;599.55;106.52;4.8468;0.409;0.8429;0.0074;0;0.0006;710.95;0.3722;0;0;0.0319;0.3403;581.23;127.59;108.16;19.215;0.1978;0.0154;708.82;2.1329;1.7987;0.3195;0.0144;0.0002;581.23;489.59;86.981;4.6027;0.053;4.3279;3.445;1.6124;0.0012;0.0351;0.5055;0.0011;0.5394;0;1;0;0;2.4031;0.9995;1;1;0.9934;0.1678;0.82;0.8191;1;0.9588;0.775;0.997;0.997;1;0.997;0.997;0.8171;0.9496;0.1297;2.0244;1.664;0.01;0.0031;0.2215;0.01;0.0355;0.0001;0;0;0.088;1.2409;0;0;0;0;0;0;0;0;0;0;0;0;0.0286;0.0068;1.3484;1.3484;0;62.276;62.276;29.176;0.0502;1437.8;937.87;1;0.0195;0.0195;0;0;0;0;0;0;1.3289;1.2409;0;12.526;14.505;11.527;13.349;98.551;98.551;17.072;11.371;10.465;5.7003;0.9069;0.3339;0.0531;0.613;2.9015;0.6127;0
30/01/21 19:00;0.2362;111.42;89.427;0.2537;0.3617;90;0.3617;296.01;296;0.0095;33.1;2.8601;0;0;296;0;0;0.0006;296;0;296;0;0;296;0.0006;0;1;0;0;295.97;0.0234;0;0;0.0229;0.0005;281.69;13.399;0;0;13.399;0;295.08;0.8879;0;0;0.8879;0;281.68;0;0;281.69;0.0001;175.19;139.45;54.283;-0.0001;2.1335;30.689;-0.0016;32.822;0;1;0;0;1;0.9999;1;1;0.9999;0.164;0.9546;1;1;0.9546;0.7791;0.997;1;1;0.997;0.997;0.9517;0.9517;0.1274;0.8424;0.8674;0.0052;0.0139;0.0693;0.0055;0.0193;0.0052;0;0;0.088;0.6318;0;0;0;0;0;0;0;0;0;0;0;0;0.0156;0.0021;0.7313;0.7313;0;47.122;47.122;14.022;0.0498;745.26;981.21;1;0.0115;0.0115;0;0;0;0;0;0;0.7198;0.6318;0;16.325;18.904;14.104;16.332;98.43;98.43;7.1039;6.1668;5.3278;0.9371;0.8389;0.1319;0.1181;0.75;175.19;0.696;0
30/01/21 20:00;0;0;0;0;0;0;0;0;0;0;28.85;2.8601;0;0;0;0;0;0;0;0;0;0;0;0;0;1;1;1;1;0;0;0;0;0;0;0;0;0;0;0;0;0;0;0;0;0;0;0;0;0;0;0;0;0;0;0;0;0;0;0;0;0;0;0;1;1;1;1;1;1;1;1;1;1;1;1;1;1;1;1;1;1;1;0;0;0;0;0;0;0;0;0;0;0;0;0;0;0;0;0;0;0;0;0;0;0;0;0;0;0;0;0;0;0;-28.85;0;0;0;0;0;0;0;0;0;0;0;0;0;0;0;0;0;0;0;0;0;0;0;0;0;0;1;1;0;0;0;0
30/01/21 21:00;0;0;90;0;0;90;0;0;0;0;21.34;2.7999;0;0;0;0;0;0;0;0;0;0;0;0;0;1;1;1;1;0;0;0;0;0;0;0;0;0;0;0;0;0;0;0;0;0;0;0;0;0;0;0;0;0;0;0;0;0;0;0;0;0;0;0;1;1;1;1;1;1;1;1;1;1;1;1;1;1;1;1;1;1;1;0;0;0;0;0;0;0;0;0;0.0004;0.088;-0.0884;0;0;0;0;0;0;0;0;0;0;0;0;0;0;0;0;0;0;0;-21.34;0;0;0;0;0.0004;0;0;0;0;0;0;0;-0.0004;-0.0884;0;0;0;0;0;0;0;0;0;-0.7452;0;0.7452;1;1;0;0;0;0
30/01/21 22:00;0;0;90;0;0;90;0;0;0;0;19.06;2.7001;0;0;0;0;0;0;0;0;0;0;0;0;0;1;1;1;1;0;0;0;0;0;0;0;0;0;0;0;0;0;0;0;0;0;0;0;0;0;0;0;0;0;0;0;0;0;0;0;0;0;0;0;1;1;1;1;1;1;1;1;1;1;1;1;1;1;1;1;1;1;1;0;0;0;0;0;0;0;0;0;0.0004;0.088;-0.0884;0;0;0;0;0;0;0;0;0;0;0;0;0;0;0;0;0;0;0;-19.06;0;0;0;0;0.0004;0;0;0;0;0;0;0;-0.0004;-0.0884;0;0;0;0;0;0;0;0;0;-0.7452;0;0.7452;1;1;0;0;0;0
30/01/21 23:00;0;0;90;0;0;90;0;0;0;0;19.54;2.6299;0;0;0;0;0;0;0;0;0;0;0;0;0;1;1;1;1;0;0;0;0;0;0;0;0;0;0;0;0;0;0;0;0;0;0;0;0;0;0;0;0;0;0;0;0;0;0;0;0;0;0;0;1;1;1;1;1;1;1;1;1;1;1;1;1;1;1;1;1;1;1;0;0;0;0;0;0;0;0;0;0.0004;0.088;-0.0884;0;0;0;0;0;0;0;0;0;0;0;0;0;0;0;0;0;0;0;-19.54;0;0;0;0;0.0004;0;0;0;0;0;0;0;-0.0004;-0.0884;0;0;0;0;0;0;0;0;0;-0.7452;0;0.7452;1;1;0;0;0;0
31/01/21 00:00;0;0;90;0;0;90;0;0;0;0;18.22;2.6;0;0;0;0;0;0;0;0;0;0;0;0;0;1;1;1;1;0;0;0;0;0;0;0;0;0;0;0;0;0;0;0;0;0;0;0;0;0;0;0;0;0;0;0;0;0;0;0;0;0;0;0;1;1;1;1;1;1;1;1;1;1;1;1;1;1;1;1;1;1;1;0;0;0;0;0;0;0;0;0;0.0004;0.088;-0.0884;0;0;0;0;0;0;0;0;0;0;0;0;0;0;0;0;0;0;0;-18.22;0;0;0;0;0.0004;0;0;0;0;0;0;0;-0.0004;-0.0884;0;0;0;0;0;0;0;0;0;-0.7452;0;0.7452;1;1;0;0;0;0
31/01/21 01:00;0;0;90;0;0;90;0;0;0;0;16.28;2.59;0;0;0;0;0;0;0;0;0;0;0;0;0;1;1;1;1;0;0;0;0;0;0;0;0;0;0;0;0;0;0;0;0;0;0;0;0;0;0;0;0;0;0;0;0;0;0;0;0;0;0;0;1;1;1;1;1;1;1;1;1;1;1;1;1;1;1;1;1;1;1;0;0;0;0;0;0;0;0;0;0.0004;0.088;-0.0884;0;0;0;0;0;0;0;0;0;0;0;0;0;0;0;0;0;0;0;-16.28;0;0;0;0;0.0004;0;0;0;0;0;0;0;-0.0004;-0.0884;0;0;0;0;0;0;0;0;0;-0.7452;0;0.7452;1;1;0;0;0;0
31/01/21 02:00;0;0;90;0;0;90;0;0;0;0;15.8;2.59;0;0;0;0;0;0;0;0;0;0;0;0;0;1;1;1;1;0;0;0;0;0;0;0;0;0;0;0;0;0;0;0;0;0;0;0;0;0;0;0;0;0;0;0;0;0;0;0;0;0;0;0;1;1;1;1;1;1;1;1;1;1;1;1;1;1;1;1;1;1;1;0;0;0;0;0;0;0;0;0;0.0004;0.088;-0.0884;0;0;0;0;0;0;0;0;0;0;0;0;0;0;0;0;0;0;0;-15.8;0;0;0;0;0.0004;0;0;0;0;0;0;0;-0.0004;-0.0884;0;0;0;0;0;0;0;0;0;-0.7452;0;0.7452;1;1;0;0;0;0
31/01/21 03:00;0;0;90;0;0;90;0;0;0;0;14.55;2.6201;0;0;0;0;0;0;0;0;0;0;0;0;0;1;1;1;1;0;0;0;0;0;0;0;0;0;0;0;0;0;0;0;0;0;0;0;0;0;0;0;0;0;0;0;0;0;0;0;0;0;0;0;1;1;1;1;1;1;1;1;1;1;1;1;1;1;1;1;1;1;1;0;0;0;0;0;0;0;0;0;0.0004;0.088;-0.0884;0;0;0;0;0;0;0;0;0;0;0;0;0;0;0;0;0;0;0;-14.55;0;0;0;0;0.0004;0;0;0;0;0;0;0;-0.0004;-0.0884;0;0;0;0;0;0;0;0;0;-0.7452;0;0.7452;1;1;0;0;0;0
31/01/21 04:00;0;0;90;0;0;90;0;0;0;0;14.01;2.57;0;0;0;0;0;0;0;0;0;0;0;0;0;1;1;1;1;0;0;0;0;0;0;0;0;0;0;0;0;0;0;0;0;0;0;0;0;0;0;0;0;0;0;0;0;0;0;0;0;0;0;0;1;1;1;1;1;1;1;1;1;1;1;1;1;1;1;1;1;1;1;0;0;0;0;0;0;0;0;0;0.0004;0.088;-0.0884;0;0;0;0;0;0;0;0;0;0;0;0;0;0;0;0;0;0;0;-14.01;0;0;0;0;0.0004;0;0;0;0;0;0;0;-0.0004;-0.0884;0;0;0;0;0;0;0;0;0;-0.7452;0;0.7452;1;1;0;0;0;0
31/01/21 05:00;3.9136;-108.36;80.472;4.1229;5.9189;-90;-5.9189;23.695;20.9;2.795;13.72;3.5099;0;6.7787;20.238;1.4766;0;0.0129;28.506;0;28.506;6.7787;1.4766;20.238;0.0129;0.2378;0.7104;0;0.0005;28.433;0.0725;0;0;0.0618;0.0107;24.697;3.6509;2.2843;0.4976;0.8686;0.0005;28.348;0.0853;0.0203;0.0044;0.0605;0;24.698;4.4741;0.9746;19.247;0.0017;12.051;9.5922;3.743;0.0006;0.1462;2.1028;0.001;2.2485;0;1;0;0;1.203;0.9975;1;1;0.9969;0.1679;0.8712;0.662;1;0.9568;0.7765;0.997;0.997;1;0.997;0.997;0.8664;0.951;0.13;0.0811;0.0749;0.0005;0.0096;-0.0027;0.0005;0.0017;0.0004;0;0;0.088;-0.028;0;0;0;0;0;0;0;0;0;0;0;0;0.0014;0.0001;0.0636;0.0636;0;14.949;14.949;1.2288;0.0498;62.298;1021;1;0.0036;0.0036;0;0;0;0;0;0;0.06;-0.028;0;14.745;17.075;-6.4856;-7.5101;94.363;94.363;0.6841;0.5364;-0.2359;0.1477;0.7724;0.2159;1.1289;0;12.034;0;0
31/01/21 06:00;13.585;-101.7;55.273;13.862;21.663;-90;-21.663;208.81;35.102;173.7;17.77;3.5701;0;421.28;16.05;44.782;0;1.5043;483.62;0;483.62;421.28;44.782;16.05;1.5043;0.8711;0.0363;0;0.0031;481.93;1.685;0;0;0.4214;1.2635;469.88;10.603;9.0576;0.9628;0.531;0.0516;480.48;1.4458;1.2638;0.1343;0.0469;0.0007;469.91;410.96;43.685;15.051;0.1885;10.997;8.7539;3.6737;0.0771;0.1216;1.7496;0.0319;1.7941;0;1;0;0;2.3161;0.9965;1;1;0.9737;0.1601;0.9779;0.9784;1;0.9659;0.7852;0.997;0.997;1;0.997;0.997;0.9716;0.9377;0.1253;1.3763;1.348;0.0081;0.0072;0.0763;0.0088;0.0312;0.0003;0;0;0.088;1.0798;0;0;0;0;0;0;0;0;0;0;0;0;0.0251;0.0046;1.1863;1.1863;0;40.966;40.966;23.196;0.0494;1161.9;1021.1;1;0.0185;0.0185;0;0;0;0;0;0;1.1678;1.0798;0;16.21;18.771;14.754;17.085;98.437;98.437;11.607;10.005;9.1061;1.6022;0.8985;0.138;0.0774;0.7845;10.056;0.7824;0
31/01/21 07:00;25.733;-93.619;5.3324;25.778;60;-90;-60;429.7;71.801;357.9;21.46;3.0901;0;820.76;22.275;96.548;0;21.915;961.5;0;961.5;820.76;96.548;22.275;21.915;0.8536;0.046;0;0.0228;938.31;23.189;0;0;2.7907;20.398;934.54;0.9539;0.1507;0.0177;0.6873;0.0982;935.49;2.8149;2.4623;0.2896;0.0585;0.0046;936.04;818.15;96.241;18.739;1.4142;43.026;34.249;16.247;3.7295;0.5769;8.2982;1.4976;5.1456;0;1;0;0;2.2376;0.9759;1;1;0.8747;0.0692;0.999;0.9998;1;0.9646;0.9351;0.997;0.997;1;0.997;0.997;0.972;0.8412;0.0645;2.7363;2.6947;0.0162;-0.0013;0.4153;0.0159;0.0562;0.0013;0;0;0.088;2.0073;0;0;0;0;0;0;0;0;0;0;0;0;0.0453;0.0168;2.129;2.129;0;68.567;68.567;47.107;0.0504;2324.5;915.88;1;0.0337;0.0337;0;0;0;0;0;0;2.0953;2.0073;0;14.631;16.943;13.795;15.974;98.417;98.417;23.076;17.954;16.928;5.1221;1.0263;0.222;0.0445;0.7336;19.398;0.7288;0
31/01/21 08:00;37.988;-84.852;4.0551;38.1;51.9;-90;-51.9;644.31;106.1;538.21;23.96;2.35;0;872.25;32.426;106.95;0;25.168;1036.8;0;1036.8;872.25;106.95;32.426;25.168;0.8413;0.0555;0;0.0243;1010.1;26.715;0;0;3.2921;23.423;1005.9;1.1804;0.1218;0.0149;0.9729;0.0707;1007;3.0302;2.6167;0.3209;0.0874;0.0052;1011.1;869.51;106.62;28.073;1.6689;228.25;181.69;73.934;3.2537;2.7822;40.021;5.2651;39.55;0;1;0;0;1.6092;0.9742;1;1;0.8985;0.0693;0.9988;0.9999;1;0.9665;0.9594;0.997;0.997;1;0.997;0.997;0.9702;0.8658;0.0663;2.9506;2.9731;0.0179;0.0013;0.5259;0.017;0.0603;0.0062;0;0;0.088;2.1512;0;0;0;0;0;0;0;0;0;0;0;0;0.0486;0.0203;2.2757;2.2757;0;74.931;74.931;50.971;0.0507;2564.9;887.24;1;0.0365;0.0365;0;0;0;0;0;0;2.2392;2.1512;0;14.504;16.795;13.71;15.876;98.394;98.394;24.883;19.191;18.141;5.6919;1.0503;0.2287;0.0422;0.729;25.813;0.7086;0
31/01/21 09:00;50.04;-74.007;10.192;51.149;38.851;-90;-38.851;833.5;137.5;696;25.4;1.5901;0;893.71;43.304;114.04;0;18.808;1069.9;0;1069.9;893.71;114.04;43.304;18.808;0.8353;0.0581;0;0.0176;1049.9;19.962;0;0;2.8754;17.086;1044.9;1.8323;0.3137;0.04;1.3038;0.1748;1046.7;3.1497;2.6811;0.3421;0.1213;0.0052;1050.2;890.71;113.66;39.004;1.5415;401.88;319.89;133.48;1.6007;4.4157;63.518;5.2399;66.333;0;1;0;0;1.2836;0.9813;1;1;0.9336;0.0915;0.9982;0.9996;1;0.9677;0.8981;0.997;0.997;1;0.997;0.997;0.9767;0.9007;0.082;3.0447;3.1318;0.0189;0.0037;0.594;0.0176;0.0624;0.0097;0;0;0.088;2.2268;0;0;0;0;0;0;0;0;0;0;0;0;0.0503;0.0224;2.3529;2.3529;0;78.508;78.508;53.108;0.0508;2687.1;875;1;0.0381;0.0381;0;0;0;0;0;0;2.3148;2.2268;0;14.532;16.828;13.754;15.927;98.383;98.383;25.677;19.842;18.779;5.8347;1.063;0.2272;0.0414;0.7314;30.547;0.7002;0
31/01/21 10:00;61.267;-58.018;14.751;65.061;24.939;-90;-24.939;970.5;160.1;810.4;27.5;1.06;0;893.74;52.293;116.07;0;9.2305;1071.3;0;1071.3;893.74;116.07;52.293;9.2305;0.8342;0.0574;0;0.0086;1061.7;9.5842;0;0;1.7214;7.8628;1056.1;2.4692;0.454;0.059;1.6808;0.2755;1058.6;3.1852;2.6812;0.3482;0.1517;0.0041;1058.4;890.6;115.66;48.74;1.088;534.69;425.61;177.89;0.417;5.744;82.625;2.3555;87.952;0;1;0;0;1.1039;0.9911;1;1;0.9671;0.1482;0.9977;0.9995;1;0.9667;0.7979;0.997;0.997;1;0.997;0.997;0.9858;0.932;0.1179;3.0489;3.1938;0.0192;0.0047;0.6381;0.0177;0.0628;0.0124;0;0;0.088;2.2304;0;0;0;0;0;0;0;0;0;0;0;0;0.0506;0.0232;2.3649;2.3565;0;81.3;81.3;53.8;0.0509;2693.2;875;1;0.0465;0.0381;0;0.0084;0;0;0;0;2.3184;2.2304;0;14.535;16.831;13.757;15.93;98.033;98.382;25.712;19.873;18.809;5.8392;1.0637;0.2271;0.0414;0.7315;33.367;0.6916;0
31/01/21 11:00;69.903;-29.718;17.362;79.72;10.28;-90;-10.28;1053.7;173.9;879.79;28.32;0.68;0;894.15;57.551;117.78;0;1.7254;1071.2;0;1071.2;894.15;117.78;57.551;1.7254;0.8347;0.0553;0;0.0016;1069.3;1.8669;0;0;0.4343;1.4327;1063.1;2.9885;0.5346;0.0704;2.3179;0.0655;1066.1;3.208;2.6824;0.3533;0.1713;0.0009;1063.5;890.93;117.35;54.627;0.2264;615.01;489.54;203.39;0.019;6.6561;95.746;0.3275;102.38;0;1;0;0;1.0166;0.9983;1;1;0.9925;0.1697;0.9972;0.9994;1;0.9593;0.7755;0.997;0.997;1;0.997;0.997;0.9925;0.9492;0.1312;3.0486;3.2344;0.0195;0.0055;0.6606;0.0178;0.0633;0.0143;0;0;0.088;2.2404;0;0;0;0;0;0;0;0;0;0;0;0;0.051;0.0237;2.3787;2.3668;0;82.534;82.534;54.214;0.051;2704.9;875;1;0.0503;0.0384;0;0.0119;0;0;0;0;2.3284;2.2404;0;14.6;16.906;13.82;16.004;97.887;98.379;25.709;19.959;18.894;5.7495;1.0657;0.2236;0.0415;0.7349;34.522;0.6888;0
31/01/21 12:00;71.619;14.452;17.78;85.259;4.7407;90;4.7407;1061.4;174.7;886.69;29.01;0.4899;0;889.74;58.49;116.51;0;0.3704;1065.1;0;1065.1;889.74;116.51;58.49;0.3704;0.8354;0.0553;0;0.0003;1064.7;0.4353;0;0;0.1266;0.3088;1058.3;3.1758;0.5448;0.0713;2.546;0.0137;1061.5;3.194;2.6692;0.3495;0.1751;0.0002;1058.3;886.52;116.09;55.642;0.0477;624.66;497.23;204.19;0.0004;6.915;99.47;0.0315;106.38;0;1;0;0;1.0035;0.9996;1;1;0.9978;0.1663;0.997;0.9994;1;0.9562;0.7767;0.997;0.997;1;0.997;0.997;0.9936;0.9513;0.1288;3.0312;3.2272;0.0194;0.0054;0.6647;0.0178;0.063;0.0149;0;0;0.088;2.2285;0;0;0;0;0;0;0;0;0;0;0;0;0.0507;0.0236;2.3677;2.3546;0;82.997;82.997;53.988;0.051;2691;875;1;0.0512;0.0381;0;0.0131;0;0;0;0;2.3165;2.2285;0;14.608;16.916;13.826;16.01;97.837;98.382;25.563;19.856;18.793;5.7061;1.0634;0.2232;0.0416;0.7352;34.724;0.6871;0
31/01/21 13:00;64.931;49.537;15.96;70.41;19.59;90;19.59;1012.3;167.5;844.8;30.39;0.5401;0;896.71;54.747;117.95;0;5.9771;1075.4;0;1075.4;896.71;117.95;54.747;5.9771;0.8338;0.0565;0;0.0056;1069.2;6.2299;0;0;1.2255;5.0044;1063.3;2.6285;0.4929;0.0648;1.8557;0.2152;1065.9;3.2075;2.6901;0.3539;0.1606;0.0029;1064.8;893.52;117.53;51.506;0.7546;573.55;456.55;189.57;0.1831;6.2255;89.552;1.4506;95.595;0;1;0;0;1.0623;0.9942;1;1;0.9776;0.1627;0.9975;0.9994;1;0.9652;0.7781;0.997;0.997;1;0.997;0.997;0.9888;0.9408;0.1263;3.0605;3.2258;0.0194;0.0054;0.6847;0.0176;0.0625;0.0133;0;0;0.088;2.2011;0;0;0;0;0;0;0;0;0;0;0;0;0.0503;0.0236;2.349;2.3266;0;84.71;84.71;54.32;0.0511;2658.9;875;1;0.0599;0.0374;0;0.0224;0;0;0;0;2.2891;2.2011;0;14.296;16.555;13.525;15.662;97.452;98.391;25.809;19.62;18.562;6.189;1.0579;0.2398;0.041;0.7192;33.949;0.677;0
31/01/21 14:00;54.341;68.956;12.083;56.193;33.807;90;33.807;889.39;158.3;731.09;31.19;0.8099;0;879.86;52.166;121.94;0;15.339;1069.3;0;1069.3;879.86;121.94;52.166;15.339;0.8228;0.0631;0;0.0143;1052.8;16.49;0;0;2.7967;13.694;1047.4;2.256;0.3661;0.0507;1.5914;0.2477;1049.7;3.1584;2.6396;0.3658;0.1481;0.0049;1051.7;876.85;121.52;47.63;1.3927;456.71;363.54;153.41;1.1967;4.8658;69.993;4.2656;73.662;0;1;0;0;1.2023;0.9846;1;1;0.9464;0.1073;0.9979;0.9996;1;0.9677;0.849;0.997;0.997;1;0.997;0.997;0.9795;0.913;0.0908;3.0431;3.1491;0.019;0.0039;0.6688;0.0172;0.061;0.0104;0;0;0.088;2.1524;0;0;0;0;0;0;0;0;0;0;0;0;0.0491;0.0226;2.2971;2.2767;0;84.696;84.696;53.506;0.0511;2601.9;875;1;0.0567;0.0363;0;0.0204;0;0;0;0;2.2404;2.1524;0;14.069;16.292;13.301;15.402;97.532;98.406;25.663;19.199;18.151;6.4638;1.0481;0.2519;0.0408;0.7073;35.343;0.6742;0
31/01/21 15:00;42.49;81.192;6.4832;42.829;47.171;90;47.171;716.39;154.1;562.29;31.44;1.16;0;827.13;52.789;134.23;0;23.397;1037.5;0;1037.5;827.13;134.23;52.789;23.397;0.7972;0.0734;0;0.0226;1011.1;26.46;0;0;4.6809;21.779;1006.2;1.8729;0.1847;0.03;1.5743;0.0839;1008;3.0332;2.4814;0.4027;0.1443;0.0049;1011.8;824.47;133.79;46.389;1.5287;299.18;238.15;98.234;3.7991;3.5307;50.787;5.6359;50.519;0;1;0;0;1.4483;0.9745;1;1;0.9113;0.0691;0.9981;0.9998;1;0.9672;0.948;0.997;0.997;1;0.997;0.997;0.9698;0.8788;0.0653;2.9528;2.9966;0.018;0.0016;0.616;0.0165;0.0586;0.0076;0;0;0.088;2.0776;0;0;0;0;0;0;0;0;0;0;0;0;0.0472;0.0206;2.2105;2.2001;0;82.756;82.756;51.316;0.051;2514.4;875;1;0.0449;0.0345;0;0.0104;0;0;0;0;2.1656;2.0776;0;14.012;16.226;13.232;15.322;97.969;98.432;24.901;18.554;17.521;6.3475;1.0331;0.2549;0.0415;0.7036;40.092;0.6787;0
31/01/21 16:00;30.266;90.512;0.4424;30.267;59.733;90;59.733;509.7;151.8;357.9;31.71;1.48;0;710.08;56.494;152.12;0;25.785;944.48;0;944.48;710.08;152.12;56.494;25.785;0.7518;0.0871;0;0.0273;913.3;31.183;0;0;7.0565;24.126;908.7;1.8632;0.0108;0.0023;1.7401;0.1099;910.56;2.7399;2.1302;0.4564;0.1483;0.005;913.29;707.94;151.66;47.549;1.5439;129.84;103.35;44.744;9.3018;1.8922;27.219;4.5942;19.809;0;1;0;0;1.853;0.967;1;1;0.8751;0.0643;0.998;1;1;0.9647;0.9335;0.997;0.997;1;0.997;0.997;0.9621;0.8417;0.0599;2.6879;2.6675;0.0161;-0.0014;0.5021;0.0151;0.0534;0.0042;0;0;0.088;1.9;0;0;0;0;0;0;0;0;0;0;0;0;0.043;0.0165;2.0187;2.0187;0;77.867;77.867;46.157;0.0508;2302.6;876.68;1;0.0307;0.0307;0;0;0;0;0;0;1.988;1.9;0;14.124;16.355;13.293;15.393;98.48;98.48;22.668;17.024;16.023;5.6437;1.0008;0.249;0.0442;0.7069;49.027;0.6919;0
31/01/21 17:00;18.049;98.732;41.285;18.247;31.163;90;31.163;271.49;150;121.49;31.1;1.47;0;294.65;100.36;101.47;0;3.996;500.47;0;500.47;294.65;101.47;100.36;3.996;0.5887;0.2085;0;0.008;492.22;8.2527;0;0;4.7303;3.5224;484.55;6.1935;2.2433;0.7725;3.0972;0.0804;490.74;1.4767;0.8839;0.3044;0.2869;0.0014;485.08;291.52;100.39;92.245;0.3917;67.489;53.721;21.965;1.7343;0.8661;12.458;0.5292;11.59;0;1;0;0;1.8434;0.9835;1;1;0.9529;0.1185;0.9874;0.9924;1;0.9675;0.8296;0.997;0.997;1;0.997;0.997;0.9682;0.9191;0.098;1.4243;1.4128;0.0085;0.0063;0.1529;0.0087;0.0309;0.0021;0;0;0.088;1.068;0;0;0;0;0;0;0;0;0;0;0;0;0.0249;0.005;1.1735;1.1735;0;55.302;55.302;24.202;0.0499;1217.5;963.87;1;0.0175;0.0175;0;0;0;0;0;0;1.156;1.068;0;15.494;17.941;14.101;16.329;98.511;98.511;12.011;9.896;9.0065;2.1154;0.8895;0.1761;0.0741;0.7498;66.688;0.7361;0
31/01/21 18:00;6.094;106.81;75.08;6.364;9.2306;90;9.2306;59.405;56.901;2.5039;29.82;1.97;0;6.0727;55.584;2.3153;0;0.0785;64.05;0;64.05;6.0727;2.3153;55.584;0.0785;0.0948;0.869;0;0.0012;63.633;0.4173;0;0;0.352;0.0653;59.597;3.8452;1.1337;0.4322;2.2763;0.003;63.442;0.1909;0.0182;0.0069;0.1657;0;59.609;4.9207;1.8761;52.79;0.0102;33.276;26.487;10.359;0.0118;0.4028;5.7944;0.0119;6.1854;0;1;0;0;1.0782;0.9935;1;1;0.9937;0.1678;0.9394;0.8127;1;0.9587;0.775;0.997;0.997;1;0.997;0.997;0.9305;0.9497;0.1296;0.1823;0.1822;0.0011;0.0143;0.0053;0.0011;0.004;0.001;0;0;0.088;0.0587;0;0;0;0;0;0;0;0;0;0;0;0;0.0032;0.0002;0.152;0.152;0;32.795;32.795;2.9753;0.0499;154.51;983.64;1;0.0053;0.0053;0;0;0;0;0;0;0.1467;0.0587;0;15.68;18.157;6.0523;7.0085;96.498;96.498;1.5372;1.2817;0.4947;0.2555;0.787;0.1662;0.512;0.3218;33.259;0.3014;0
31/01/21 19:00;0.1016;111.17;89.754;0.1089;0.1552;90;0.1552;0;0;0;24.99;2.4501;0;0;0;0;0;0;0;0;0;0;0;0;0;1;1;1;1;0;0;0;0;0;0;0;0;0;0;0;0;0;0;0;0;0;0;0;0;0;0;0;0;0;0;0;0;0;0;0;0;0;0;0;1;1;1;1;1;1;1;1;1;1;1;1;1;1;1;1;1;1;1;0;0;0;0;0;0;0;0;0;0.0004;0.088;-0.0884;0;0;0;0;0;0;0;0;0;0;0;0;0;0;0;0;0;0;0;-24.99;0;0;0;0;0.0004;0;0;0;0;0;0;0;-0.0004;-0.0884;0;0;0;0;0;0;0;0;0;-0.7452;0;0.7452;1;1;0;0;0;0
31/01/21 20:00;0;0;90;0;0;90;0;0;0;0;24.28;3.71;0;0;0;0;0;0;0;0;0;0;0;0;0;1;1;1;1;0;0;0;0;0;0;0;0;0;0;0;0;0;0;0;0;0;0;0;0;0;0;0;0;0;0;0;0;0;0;0;0;0;0;0;1;1;1;1;1;1;1;1;1;1;1;1;1;1;1;1;1;1;1;0;0;0;0;0;0;0;0;0;0.0004;0.088;-0.0884;0;0;0;0;0;0;0;0;0;0;0;0;0;0;0;0;0;0;0;-24.28;0;0;0;0;0.0004;0;0;0;0;0;0;0;-0.0004;-0.0884;0;0;0;0;0;0;0;0;0;-0.7452;0;0.7452;1;1;0;0;0;0
31/01/21 21:00;0;0;90;0;0;90;0;0;0;0;22.62;6.2801;0;0;0;0;0;0;0;0;0;0;0;0;0;1;1;1;1;0;0;0;0;0;0;0;0;0;0;0;0;0;0;0;0;0;0;0;0;0;0;0;0;0;0;0;0;0;0;0;0;0;0;0;1;1;1;1;1;1;1;1;1;1;1;1;1;1;1;1;1;1;1;0;0;0;0;0;0;0;0;0;0.0004;0.088;-0.0884;0;0;0;0;0;0;0;0;0;0;0;0;0;0;0;0;0;0;0;-22.62;0;0;0;0;0.0004;0;0;0;0;0;0;0;-0.0004;-0.0884;0;0;0;0;0;0;0;0;0;-0.7452;0;0.7452;1;1;0;0;0;0
31/01/21 22:00;0;0;90;0;0;90;0;0;0;0;21.3;8.01;0;0;0;0;0;0;0;0;0;0;0;0;0;1;1;1;1;0;0;0;0;0;0;0;0;0;0;0;0;0;0;0;0;0;0;0;0;0;0;0;0;0;0;0;0;0;0;0;0;0;0;0;1;1;1;1;1;1;1;1;1;1;1;1;1;1;1;1;1;1;1;0;0;0;0;0;0;0;0;0;0.0004;0.088;-0.0884;0;0;0;0;0;0;0;0;0;0;0;0;0;0;0;0;0;0;0;-21.3;0;0;0;0;0.0004;0;0;0;0;0;0;0;-0.0004;-0.0884;0;0;0;0;0;0;0;0;0;-0.7452;0;0.7452;1;1;0;0;0;0
31/01/21 23:00;0;0;90;0;0;90;0;0;0;0;20.73;7.9601;0;0;0;0;0;0;0;0;0;0;0;0;0;1;1;1;1;0;0;0;0;0;0;0;0;0;0;0;0;0;0;0;0;0;0;0;0;0;0;0;0;0;0;0;0;0;0;0;0;0;0;0;1;1;1;1;1;1;1;1;1;1;1;1;1;1;1;1;1;1;1;0;0;0;0;0;0;0;0;0;0.0004;0.088;-0.0884;0;0;0;0;0;0;0;0;0;0;0;0;0;0;0;0;0;0;0;-20.73;0;0;0;0;0.0004;0;0;0;0;0;0;0;-0.0004;-0.0884;0;0;0;0;0;0;0;0;0;-0.7452;0;0.7452;1;1;0;0;0;0
01/02/21 00:00;0;0;90;0;0;90;0;0;0;0;20.14;7.7399;0;0;0;0;0;0;0;0;0;0;0;0;0;1;1;1;1;0;0;0;0;0;0;0;0;0;0;0;0;0;0;0;0;0;0;0;0;0;0;0;0;0;0;0;0;0;0;0;0;0;0;0;1;1;1;1;1;1;1;1;1;1;1;1;1;1;1;1;1;1;1;0;0;0;0;0;0;0;0;0;0.0004;0.088;-0.0884;0;0;0;0;0;0;0;0;0;0;0;0;0;0;0;0;0;0;0;-20.14;0;0;0;0;0.0004;0;0;0;0;0;0;0;-0.0004;-0.0884;0;0;0;0;0;0;0;0;0;-0.7452;0;0.7452;1;1;0;0;0;0
01/02/21 01:00;0;0;90;0;0;90;0;0;0;0;19.8;7.2301;0;0;0;0;0;0;0;0;0;0;0;0;0;1;1;1;1;0;0;0;0;0;0;0;0;0;0;0;0;0;0;0;0;0;0;0;0;0;0;0;0;0;0;0;0;0;0;0;0;0;0;0;1;1;1;1;1;1;1;1;1;1;1;1;1;1;1;1;1;1;1;0;0;0;0;0;0;0;0;0;0.0004;0.088;-0.0884;0;0;0;0;0;0;0;0;0;0;0;0;0;0;0;0;0;0;0;-19.8;0;0;0;0;0.0004;0;0;0;0;0;0;0;-0.0004;-0.0884;0;0;0;0;0;0;0;0;0;-0.7452;0;0.7452;1;1;0;0;0;0
01/02/21 02:00;0;0;90;0;0;90;0;0;0;0;19.18;6.34;0;0;0;0;0;0;0;0;0;0;0;0;0;1;1;1;1;0;0;0;0;0;0;0;0;0;0;0;0;0;0;0;0;0;0;0;0;0;0;0;0;0;0;0;0;0;0;0;0;0;0;0;1;1;1;1;1;1;1;1;1;1;1;1;1;1;1;1;1;1;1;0;0;0;0;0;0;0;0;0;0.0004;0.088;-0.0884;0;0;0;0;0;0;0;0;0;0;0;0;0;0;0;0;0;0;0;-19.18;0;0;0;0;0.0004;0;0;0;0;0;0;0;-0.0004;-0.0884;0;0;0;0;0;0;0;0;0;-0.7452;0;0.7452;1;1;0;0;0;0
01/02/21 03:00;0;0;90;0;0;90;0;0;0;0;18.83;5.86;0;0;0;0;0;0;0;0;0;0;0;0;0;1;1;1;1;0;0;0;0;0;0;0;0;0;0;0;0;0;0;0;0;0;0;0;0;0;0;0;0;0;0;0;0;0;0;0;0;0;0;0;1;1;1;1;1;1;1;1;1;1;1;1;1;1;1;1;1;1;1;0;0;0;0;0;0;0;0;0;0.0004;0.088;-0.0884;0;0;0;0;0;0;0;0;0;0;0;0;0;0;0;0;0;0;0;-18.83;0;0;0;0;0.0004;0;0;0;0;0;0;0;-0.0004;-0.0884;0;0;0;0;0;0;0;0;0;-0.7452;0;0.7452;1;1;0;0;0;0
01/02/21 04:00;0;0;90;0;0;90;0;0;0;0;18.15;6.03;0;0;0;0;0;0;0;0;0;0;0;0;0;1;1;1;1;0;0;0;0;0;0;0;0;0;0;0;0;0;0;0;0;0;0;0;0;0;0;0;0;0;0;0;0;0;0;0;0;0;0;0;1;1;1;1;1;1;1;1;1;1;1;1;1;1;1;1;1;1;1;0;0;0;0;0;0;0;0;0;0.0004;0.088;-0.0884;0;0;0;0;0;0;0;0;0;0;0;0;0;0;0;0;0;0;0;-18.15;0;0;0;0;0.0004;0;0;0;0;0;0;0;-0.0004;-0.0884;0;0;0;0;0;0;0;0;0;-0.7452;0;0.7452;1;1;0;0;0;0
01/02/21 05:00;3.7161;-108.16;80.956;3.9102;5.6095;-90;-5.6095;21.703;19.197;2.5056;18.25;6.3701;0;6.0768;18.625;1.2807;0;0.0104;25.992;0;25.992;6.0768;1.2807;18.625;0.0104;0.2338;0.7169;0;0.0004;25.932;0.0608;0;0;0.0522;0.0087;22.46;3.4201;2.1611;0.4554;0.8032;0.0004;25.88;0.0519;0.0122;0.0026;0.0371;0;22.46;3.9036;0.8227;17.732;0.0014;11.085;8.8677;3.3747;0.0004;0.1319;1.8969;0.0007;2.0284;0;1;0;0;1.1976;0.9977;1;1;0.9972;0.1677;0.8678;0.6437;1;0.9567;0.7766;0.998;0.998;1;0.998;0.998;0.8641;0.9521;0.13;0.074;0.0681;0.0004;0.0092;-0.0014;0.0004;0.0015;0.0003;0;0;0.088;-0.0349;0;0;0;0;0;0;0;0;0;0;0;0;0.0012;0;0.0564;0.0564;0;19.373;19.373;1.1233;0.05;56.527;997.45;1;0.0033;0.0033;0;0;0;0;0;0;0.0531;-0.0349;0;14.334;16.599;-8.8784;-10.281;94.136;94.136;0.6238;0.4755;-0.2945;0.1483;0.77;0.2378;1.2343;0;11.07;0;0
01/02/21 06:00;13.397;-101.47;55.81;13.66;21.283;-90;-21.283;169.6;60.001;109.6;19.91;6.33;0;265.81;38.449;48.976;0;1.1567;354.39;0;354.39;265.81;48.976;38.449;1.1567;0.75;0.1118;0;0.0033;352.44;1.9514;0;0;0.9813;0.9701;343.21;8.524;6.0847;1.1211;1.2779;0.0402;351.73;0.7049;0.5316;0.098;0.0749;0.0004;343.29;259.19;47.757;36.115;0.146;24.678;19.742;7.4112;0.1727;0.3114;4.4792;0.0779;4.6179;0;1;0;0;2.0896;0.9945;1;1;0.9745;0.1613;0.9758;0.9771;1;0.9658;0.784;0.998;0.998;1;0.998;0.998;0.9685;0.9393;0.1262;1.0086;0.9911;0.006;0.0123;0.0419;0.0065;0.0231;0.0008;0;0;0.088;0.7772;0;0;0;0;0;0;0;0;0;0;0;0;0.0186;0.0026;0.8793;0.8793;0;36.825;36.825;16.915;0.0493;852.89;1031;1;0.0141;0.0141;0;0;0;0;0;0;0.8652;0.7772;0;16.396;18.986;14.492;16.781;98.393;98.393;8.5054;7.4155;6.5542;1.0898;0.8613;0.1281;0.1013;0.7706;24.042;0.7634;0
01/02/21 07:00;25.552;-93.372;5.3554;25.59;60;-90;-60;332.91;141.4;191.51;22.17;6.0501;0;442.06;72.547;103.11;0;16.645;634.37;0;634.37;442.06;103.11;72.547;16.645;0.6969;0.1406;0;0.0262;609.79;24.582;0;0;9.089;15.493;606.15;2.416;0.0816;0.019;2.2408;0.0746;608.57;1.2196;0.8841;0.2062;0.1269;0.0023;608.72;441.1;102.89;61.091;1.0752;75.667;60.533;27.694;12.133;1.386;19.936;2.5711;9.1896;0;1;0;0;1.9055;0.9612;1;1;0.8747;0.0692;0.996;0.9998;1;0.9646;0.9351;0.998;0.998;1;0.998;0.998;0.9555;0.8421;0.0646;1.8054;1.7815;0.0107;0.0017;0.1724;0.0112;0.0396;0.0034;0;0;0.088;1.3919;0;0;0;0;0;0;0;0;0;0;0;0;0.0319;0.0077;1.5029;1.5029;0;52.342;52.342;30.172;0.0498;1534.8;979.23;1;0.023;0.023;0;0;0;0;0;0;1.4799;1.3919;0;15.655;18.128;14.499;16.79;98.473;98.473;15.225;12.674;11.738;2.5508;0.9357;0.1675;0.0615;0.771;63.176;0.7533;0
01/02/21 08:00;37.806;-84.571;4.2871;37.93;52.07;-90;-52.07;597.5;117;480.5;24.94;5.4299;0;781.68;41.776;106.16;0;23.022;952.64;0;952.64;781.68;106.16;41.776;23.022;0.8205;0.068;0;0.0242;926.95;25.69;0;0;4.2616;21.428;923.64;1.4509;0.1155;0.0157;1.2552;0.0646;925.1;1.8539;1.5634;0.2123;0.075;0.0032;928.58;780;105.93;36.185;1.5259;214.79;171.83;68.414;4.2376;2.634;37.889;4.932;36.285;0;1;0;0;1.5944;0.973;1;1;0.898;0.0692;0.9984;0.9999;1;0.9665;0.9594;0.998;0.998;1;0.998;0.998;0.9696;0.8661;0.0663;2.7111;2.7326;0.0165;-0.001;0.4514;0.0159;0.0562;0.006;0;0;0.088;2.0039;0;0;0;0;0;0;0;0;0;0;0;0;0.0453;0.0172;2.1252;2.1252;0;71.615;71.615;46.675;0.0505;2356.3;901.92;1;0.0333;0.0333;0;0;0;0;0;0;2.0919;2.0039;0;14.741;17.07;13.9;16.096;98.432;98.432;22.863;17.922;16.899;4.9412;1.0231;0.2161;0.0447;0.7391;33.316;0.7178;0
01/02/21 09:00;49.845;-73.678;10.441;51.003;38.997;-90;-38.997;458.69;352.7;105.99;26.76;4.83;0;136.38;282.48;44.779;0;10.221;473.86;0;473.86;136.38;44.779;282.48;10.221;0.2878;0.6177;0;0.0216;445.71;28.157;0;0;18.866;9.2908;436.14;8.6695;0.0491;0.0161;8.5111;0.0932;444.81;0.8914;0.2728;0.0896;0.5272;0.0019;439.51;136.06;44.674;254.58;0.8349;265.97;212.78;88.38;10.548;3.368;48.447;3.3644;41.267;0;1;0;0;1.0331;0.9406;1;1;0.9332;0.091;0.9805;0.9996;1;0.9676;0.8996;0.998;0.998;1;0.998;0.998;0.9204;0.9012;0.0817;1.3486;1.3545;0.0082;0.0071;0.113;0.0086;0.0304;0.0083;0;0;0.088;1.0442;0;0;0;0;0;0;0;0;0;0;0;0;0.0245;0.0046;1.1497;1.1497;0;48.433;48.433;21.673;0.0497;1164.2;987.59;1;0.0175;0.0175;0;0;0;0;0;0;1.1322;1.0442;0;16.033;18.566;14.562;16.862;98.478;98.478;11.373;9.6957;8.8061;1.6769;0.8897;0.1475;0.0782;0.7743;199.51;0.7193;0
01/02/21 10:00;61.043;-57.647;15.016;64.947;25.053;-90;-25.053;742.49;298.4;444.09;27.5;4.17;0;490.21;181.67;118.95;0;6.9857;797.82;0;797.82;490.21;118.95;181.67;6.9857;0.6144;0.2365;0;0.0088;785.84;11.978;0;0;6.0241;5.9538;777.91;6.3626;0.2538;0.0616;5.8397;0.2076;784.27;1.5717;0.9804;0.2379;0.3513;0.0021;779.74;488.98;118.65;169.46;0.8223;417.91;334.33;135.37;1.4658;4.5371;65.265;1.8316;68.336;0;1;0;0;1.0745;0.985;1;1;0.9668;0.1477;0.9919;0.9995;1;0.9667;0.7984;0.998;0.998;1;0.998;0.998;0.975;0.9328;0.1177;2.2705;2.3616;0.0142;-0.002;0.3488;0.014;0.0497;0.0105;0;0;0.088;1.7565;0;0;0;0;0;0;0;0;0;0;0;0;0.04;0.013;1.8733;1.8733;0;66.656;66.656;39.156;0.0503;2034.7;920.68;1;0.0288;0.0288;0;0;0;0;0;0;1.8445;1.7565;0;15.516;17.967;14.548;16.846;98.46;98.46;19.148;15.798;14.812;3.3499;0.9854;0.175;0.0515;0.7736;116;0.7289;0
01/02/21 11:00;69.629;-29.472;17.641;79.647;10.353;-90;-10.353;538.71;442.2;96.504;28.97;3.39;0;98.101;406.48;32.925;0;0.8771;538.38;0;538.38;98.101;32.925;406.48;0.8771;0.1822;0.7566;0;0.0016;534.55;3.8319;0;0;3.1036;0.7283;517;16.481;0.0597;0.02;16.368;0.0334;533.48;1.0691;0.1962;0.0659;0.8067;0.0003;517.16;97.845;32.839;386.2;0.1152;319;255.2;98.946;0.1348;3.6845;53;0.1577;56.55;0;1;0;0;0.9994;0.9929;1;1;0.9924;0.1697;0.9691;0.9994;1;0.9593;0.7755;0.998;0.998;1;0.998;0.998;0.9603;0.9501;0.1313;1.5322;1.5858;0.0096;0.004;0.1679;0.0098;0.0349;0.0089;0;0;0.088;1.2089;0;0;0;0;0;0;0;0;0;0;0;0;0.0281;0.0062;1.3164;1.3164;0;54.773;54.773;25.803;0.0499;1362.9;965.9;1;0.0196;0.0196;0;0;0;0;0;0;1.2969;1.2089;0;16.157;18.71;14.837;17.181;98.515;98.515;12.921;11.101;10.194;1.8196;0.907;0.1408;0.0702;0.789;243.87;0.7348;0
01/02/21 12:00;71.349;14.143;18.066;85.285;4.7147;90;4.7147;635.6;450;185.6;29.74;2.7001;0;186.23;386.62;62.932;0;0.2151;636;0;636;186.23;62.932;386.62;0.2151;0.2928;0.6082;0;0.0003;634.99;1.0087;0;0;0.8294;0.1793;616.71;17.014;0.116;0.0392;16.851;0.008;633.72;1.27;0.3725;0.1259;0.7716;0.0001;616.72;185.74;62.767;368.17;0.0277;375.61;300.49;116.75;0.0017;4.3123;62.031;0.0127;66.342;0;1;0;0;1.0006;0.9984;1;1;0.9979;0.1663;0.9732;0.9994;1;0.9562;0.7767;0.998;0.998;1;0.998;0.998;0.9697;0.9523;0.1289;1.81;1.8887;0.0114;0.0007;0.2393;0.0115;0.0406;0.0102;0;0;0.088;1.4229;0;0;0;0;0;0;0;0;0;0;0;0;0.0327;0.0086;1.5338;1.5338;0;60.648;60.648;30.908;0.0501;1626.8;942.81;1;0.0229;0.0229;0;0;0;0;0;0;1.5109;1.4229;0;15.936;18.453;14.783;17.119;98.507;98.507;15.264;12.934;11.999;2.3296;0.9352;0.1526;0.0613;0.7861;229.52;0.7326;0
01/02/21 13:00;64.74;49.033;16.247;70.389;19.611;90;19.611;285.69;279.9;5.7928;29.76;3.47;0;6.1495;270.54;1.3542;0;1.6572;279.71;0;279.71;6.1495;1.3542;270.54;1.6572;0.022;0.9732;0;0.0059;272.25;7.454;0;0;6.0665;1.3875;262.47;9.2397;0.0034;0.0008;9.1758;0.0597;271.71;0.5445;0.0123;0.0027;0.529;0.0005;262.88;6.1338;1.3507;254.77;0.2094;171.77;137.42;53.414;0.9008;2.029;29.187;0.4176;30.315;0;1;0;0;0.979;0.9734;1;1;0.9776;0.1627;0.966;0.9994;1;0.9652;0.7782;0.998;0.998;1;0.998;0.998;0.9384;0.9417;0.1264;0.796;0.8106;0.0049;0.0146;0.052;0.0052;0.0183;0.0051;0;0;0.088;0.5947;0;0;0;0;0;0;0;0;0;0;0;0;0.0148;0.0018;0.6939;0.6939;0;42.785;42.785;13.025;0.0496;695.78;997.23;1;0.0112;0.0112;0;0;0;0;0;0;0.6827;0.5947;0;16.392;18.982;14.049;16.269;98.391;98.391;6.7129;5.8514;5.0151;0.8616;0.8363;0.1283;0.1246;0.7471;167.78;0.6929;0
01/02/21 14:00;54.201;68.527;12.364;56.133;33.867;90;33.867;58.701;58.397;0.3042;21.76;4.41;0;0.3664;53.429;0.0188;0;0.996;54.81;0;54.81;0.3664;0.0188;53.429;0.996;0.0067;0.993;0;0.0182;51.048;3.7619;0;0;2.8725;0.8894;49.299;1.6474;0.0002;0;1.6312;0.016;50.946;0.1021;0.0007;0;0.1011;0.0002;49.626;0.3655;0.0187;48.824;0.0904;36.377;29.102;11.935;1.2295;0.4567;6.5693;0.3278;5.7965;0;1;0;0;0.9337;0.9314;1;1;0.9462;0.107;0.9677;0.9996;1;0.9677;0.8495;0.998;0.998;1;0.998;0.998;0.8994;0.9138;0.0907;0.156;0.1551;0.0009;0.0134;-0.0005;0.001;0.0035;0.0011;0;0;0.088;0.0394;0;0;0;0;0;0;0;0;0;0;0;0;0.0028;0.0001;0.1326;0.1326;0;24.209;24.209;2.4488;0.0497;131.09;1011.8;1;0.0053;0.0053;0;0;0;0;0;0;0.1274;0.0394;0;15.991;18.517;4.7455;5.4952;96.023;96.023;1.3154;1.1185;0.3319;0.1969;0.7866;0.1497;0.598;0.2523;36.216;0.2316;0
01/02/21 15:00;42.371;80.838;6.7556;42.738;47.263;90;47.263;68.606;68.203;0.4029;20.22;4.51;0;0.5937;57.219;0.0428;0;2.2047;60.061;0;60.061;0.5937;0.0428;57.219;2.2047;0.0099;0.9894;0;0.0367;52.92;7.1406;0;0;5.0881;2.0526;51.098;1.7162;0.0001;0;1.7082;0.0078;52.814;0.1058;0.0012;0.0001;0.1043;0.0003;51.949;0.5924;0.0427;50.319;0.144;43.665;34.932;15.154;4.1397;0.6676;9.6027;0.8512;6.1306;0;1;0;0;0.8754;0.8811;1;1;0.9111;0.069;0.9675;0.9998;1;0.9672;0.9483;0.998;0.998;1;0.998;0.998;0.8508;0.8794;0.0653;0.1709;0.1679;0.001;0.0139;-0.0014;0.0011;0.0038;0.0017;0;0;0.088;0.0509;0;0;0;0;0;0;0;0;0;0;0;0;0.0031;0.0002;0.1446;0.1446;0;22.754;22.754;2.5339;0.0496;141.75;1019.8;1;0.0056;0.0056;0;0;0;0;0;0;0.1389;0.0509;0;15.904;18.417;5.6015;6.4864;96.095;96.095;1.4415;1.2191;0.4294;0.2224;0.7897;0.1543;0.5479;0.2979;43.494;0.266;0
01/02/21 16:00;30.152;90.207;0.1792;30.152;59.848;90;59.848;103.49;102.2;1.2937;20.07;5.23;0;2.5757;76.627;0.3729;0;5.151;84.727;0;84.727;2.5757;0.3729;76.627;5.151;0.0304;0.9652;0;0.0608;70.309;14.417;0;0;9.598;4.8192;67.782;2.3862;0;0;2.364;0.0223;70.169;0.1406;0.0052;0.0007;0.1341;0.0007;69.964;2.5705;0.3721;64.531;0.3088;66.861;53.489;24.58;12.696;1.346;19.361;2.182;8.0113;0;1;0;0;0.8187;0.8298;1;1;0.8747;0.0644;0.966;1;1;0.9647;0.9328;0.998;0.998;1;0.998;0.998;0.8;0.8421;0.06;0.2411;0.239;0.0014;0.0156;-0.0014;0.0016;0.0055;0.0034;0;0;0.088;0.1138;0;0;0;0;0;0;0;0;0;0;0;0;0.0045;0.0003;0.208;0.208;0;23.422;23.422;3.3521;0.0495;202.12;1029.2;1;0.0062;0.0062;0;0;0;0;0;0;0.2018;0.1138;0;16.224;18.787;8.8773;10.28;97.018;97.018;2.0334;1.7543;0.9599;0.2791;0.7944;0.1373;0.3907;0.4721;66.59;0.4031;0
01/02/21 17:00;17.93;98.457;41.699;18.115;30.829;90;30.829;14.397;14.397;0;20.01;6.48;0;0;13.38;0;0;0.2034;13.583;0;13.583;0;0;13.38;0.2034;0;1;0;0.015;12.784;0.799;0;0;0.62;0.179;12.34;0.4182;0;0;0.414;0.0042;12.759;0.0256;0;0;0.0255;0;12.405;0;0;12.32;0.0201;8.8699;7.0959;2.8673;0.2227;0.1091;1.5698;0.0644;1.4562;0;1;0;0;0.9435;0.9412;1;1;0.9537;0.1199;0.9672;1;1;0.9675;0.8274;0.998;1;1;0.998;0.998;0.9085;0.9208;0.099;0.0387;0.0386;0.0002;0.0069;-0.0006;0.0002;0.0008;0.0002;0;0;0.088;-0.0604;0;0;0;0;0;0;0;0;0;0;0;0;0.0006;0;0.0302;0.0302;0;20.635;20.635;0.6245;0.0506;31.319;964.19;1;0.0026;0.0026;0;0;0;0;0;0;0.0276;-0.0604;0;14.69;17.011;-29.389;-34.032;91.36;91.36;0.326;0.2547;-0.5095;0.0713;0.7641;0.2188;2.3439;0;8.8699;0;0
01/02/21 18:00;5.9629;106.56;75.407;6.2189;9.0129;90;9.0129;0.8009;0.7981;0.0028;19.39;7.19;0;0.0068;0.7932;0;0;0.001;0.801;0.801;0;0.0068;0;0;0;1;1;1;1;0;0;0;0;0;0;0;0;0;0;0;0;0;0;0;0;0;0;0;0;0;0;0;0;0;0;0;0;0;0;0;0;0;0;0;0;1;1;1;1;1;1;1;1;1;1;1;0;1;0;0;1;0;0;0;0;0;0;0;0;0;0;0;0.0004;0.088;-0.0884;0;0;0;0;0;0;0;0;0;0;0;0;0;0;0;0;0;0;0;-19.39;0;0;0;0;0.0004;0;0;0;0;0;0;0;-0.0004;-0.0884;0;0;0;0;0;0;0;0;0;-0.7452;0;0.7452;1;1;0;0;0;0
01/02/21 19:00;0.1525;110.77;89.63;0.1631;0.2325;90;0.2325;0;0;0;19.1;5.5601;0;0;0;0;0;0;0;0;0;0;0;0;0;1;1;1;1;0;0;0;0;0;0;0;0;0;0;0;0;0;0;0;0;0;0;0;0;0;0;0;0;0;0;0;0;0;0;0;0;0;0;0;1;1;1;1;1;1;1;1;1;1;1;1;1;1;1;1;1;1;1;0;0;0;0;0;0;0;0;0;0.0004;0.088;-0.0884;0;0;0;0;0;0;0;0;0;0;0;0;0;0;0;0;0;0;0;-19.1;0;0;0;0;0.0004;0;0;0;0;0;0;0;-0.0004;-0.0884;0;0;0;0;0;0;0;0;0;-0.7452;0;0.7452;1;1;0;0;0;0
01/02/21 20:00;0;0;90;0;0;90;0;0;0;0;18.9;3.1701;0;0;0;0;0;0;0;0;0;0;0;0;0;1;1;1;1;0;0;0;0;0;0;0;0;0;0;0;0;0;0;0;0;0;0;0;0;0;0;0;0;0;0;0;0;0;0;0;0;0;0;0;1;1;1;1;1;1;1;1;1;1;1;1;1;1;1;1;1;1;1;0;0;0;0;0;0;0;0;0;0.0004;0.088;-0.0884;0;0;0;0;0;0;0;0;0;0;0;0;0;0;0;0;0;0;0;-18.9;0;0;0;0;0.0004;0;0;0;0;0;0;0;-0.0004;-0.0884;0;0;0;0;0;0;0;0;0;-0.7452;0;0.7452;1;1;0;0;0;0
01/02/21 21:00;0;0;90;0;0;90;0;0;0;0;18.41;2.03;0;0;0;0;0;0;0;0;0;0;0;0;0;1;1;1;1;0;0;0;0;0;0;0;0;0;0;0;0;0;0;0;0;0;0;0;0;0;0;0;0;0;0;0;0;0;0;0;0;0;0;0;1;1;1;1;1;1;1;1;1;1;1;1;1;1;1;1;1;1;1;0;0;0;0;0;0;0;0;0;0.0004;0.088;-0.0884;0;0;0;0;0;0;0;0;0;0;0;0;0;0;0;0;0;0;0;-18.41;0;0;0;0;0.0004;0;0;0;0;0;0;0;-0.0004;-0.0884;0;0;0;0;0;0;0;0;0;-0.7452;0;0.7452;1;1;0;0;0;0
01/02/21 22:00;0;0;90;0;0;90;0;0;0;0;18.05;2.1501;0;0;0;0;0;0;0;0;0;0;0;0;0;1;1;1;1;0;0;0;0;0;0;0;0;0;0;0;0;0;0;0;0;0;0;0;0;0;0;0;0;0;0;0;0;0;0;0;0;0;0;0;1;1;1;1;1;1;1;1;1;1;1;1;1;1;1;1;1;1;1;0;0;0;0;0;0;0;0;0;0.0004;0.088;-0.0884;0;0;0;0;0;0;0;0;0;0;0;0;0;0;0;0;0;0;0;-18.05;0;0;0;0;0.0004;0;0;0;0;0;0;0;-0.0004;-0.0884;0;0;0;0;0;0;0;0;0;-0.7452;0;0.7452;1;1;0;0;0;0
01/02/21 23:00;0;0;90;0;0;90;0;0;0;0;17.65;2.28;0;0;0;0;0;0;0;0;0;0;0;0;0;1;1;1;1;0;0;0;0;0;0;0;0;0;0;0;0;0;0;0;0;0;0;0;0;0;0;0;0;0;0;0;0;0;0;0;0;0;0;0;1;1;1;1;1;1;1;1;1;1;1;1;1;1;1;1;1;1;1;0;0;0;0;0;0;0;0;0;0.0004;0.088;-0.0884;0;0;0;0;0;0;0;0;0;0;0;0;0;0;0;0;0;0;0;-17.65;0;0;0;0;0.0004;0;0;0;0;0;0;0;-0.0004;-0.0884;0;0;0;0;0;0;0;0;0;-0.7452;0;0.7452;1;1;0;0;0;0
02/02/21 00:00;0;0;90;0;0;90;0;0;0;0;17;2.3899;0;0;0;0;0;0;0;0;0;0;0;0;0;1;1;1;1;0;0;0;0;0;0;0;0;0;0;0;0;0;0;0;0;0;0;0;0;0;0;0;0;0;0;0;0;0;0;0;0;0;0;0;1;1;1;1;1;1;1;1;1;1;1;1;1;1;1;1;1;1;1;0;0;0;0;0;0;0;0;0;0.0004;0.088;-0.0884;0;0;0;0;0;0;0;0;0;0;0;0;0;0;0;0;0;0;0;-17;0;0;0;0;0.0004;0;0;0;0;0;0;0;-0.0004;-0.0884;0;0;0;0;0;0;0;0;0;-0.7452;0;0.7452;1;1;0;0;0;0
02/02/21 01:00;0;0;90;0;0;90;0;0;0;0;16.25;2.49;0;0;0;0;0;0;0;0;0;0;0;0;0;1;1;1;1;0;0;0;0;0;0;0;0;0;0;0;0;0;0;0;0;0;0;0;0;0;0;0;0;0;0;0;0;0;0;0;0;0;0;0;1;1;1;1;1;1;1;1;1;1;1;1;1;1;1;1;1;1;1;0;0;0;0;0;0;0;0;0;0.0004;0.088;-0.0884;0;0;0;0;0;0;0;0;0;0;0;0;0;0;0;0;0;0;0;-16.25;0;0;0;0;0.0004;0;0;0;0;0;0;0;-0.0004;-0.0884;0;0;0;0;0;0;0;0;0;-0.7452;0;0.7452;1;1;0;0;0;0
02/02/21 02:00;0;0;90;0;0;90;0;0;0;0;15.5;2.49;0;0;0;0;0;0;0;0;0;0;0;0;0;1;1;1;1;0;0;0;0;0;0;0;0;0;0;0;0;0;0;0;0;0;0;0;0;0;0;0;0;0;0;0;0;0;0;0;0;0;0;0;1;1;1;1;1;1;1;1;1;1;1;1;1;1;1;1;1;1;1;0;0;0;0;0;0;0;0;0;0.0004;0.088;-0.0884;0;0;0;0;0;0;0;0;0;0;0;0;0;0;0;0;0;0;0;-15.5;0;0;0;0;0.0004;0;0;0;0;0;0;0;-0.0004;-0.0884;0;0;0;0;0;0;0;0;0;-0.7452;0;0.7452;1;1;0;0;0;0
02/02/21 03:00;0;0;90;0;0;90;0;0;0;0;16.2;2.41;0;0;0;0;0;0;0;0;0;0;0;0;0;1;1;1;1;0;0;0;0;0;0;0;0;0;0;0;0;0;0;0;0;0;0;0;0;0;0;0;0;0;0;0;0;0;0;0;0;0;0;0;1;1;1;1;1;1;1;1;1;1;1;1;1;1;1;1;1;1;1;0;0;0;0;0;0;0;0;0;0.0004;0.088;-0.0884;0;0;0;0;0;0;0;0;0;0;0;0;0;0;0;0;0;0;0;-16.2;0;0;0;0;0.0004;0;0;0;0;0;0;0;-0.0004;-0.0884;0;0;0;0;0;0;0;0;0;-0.7452;0;0.7452;1;1;0;0;0;0
02/02/21 04:00;0;0;90;0;0;90;0;0;0;0;16.5;2.2399;0;0;0;0;0;0;0;0;0;0;0;0;0;1;1;1;1;0;0;0;0;0;0;0;0;0;0;0;0;0;0;0;0;0;0;0;0;0;0;0;0;0;0;0;0;0;0;0;0;0;0;0;1;1;1;1;1;1;1;1;1;1;1;1;1;1;1;1;1;1;1;0;0;0;0;0;0;0;0;0;0.0004;0.088;-0.0884;0;0;0;0;0;0;0;0;0;0;0;0;0;0;0;0;0;0;0;-16.5;0;0;0;0;0.0004;0;0;0;0;0;0;0;-0.0004;-0.0884;0;0;0;0;0;0;0;0;0;-0.7452;0;0.7452;1;1;0;0;0;0
02/02/21 05:00;3.7128;-107.8;80.964;3.8989;5.5931;-90;-5.5931;12.6;12.399;0.2006;16.46;2.9499;0;0.4866;12.342;0.0663;0;0.006;12.901;0;12.901;0.4866;0.0663;12.342;0.006;0.0377;0.9571;0;0.0005;12.862;0.0394;0;0;0.0344;0.005;12.107;0.7294;0.1732;0.0236;0.5324;0.0002;12.836;0.0257;0.001;0.0001;0.0246;0;12.107;0.3124;0.0426;11.751;0.0008;7.3368;5.8694;2.2321;0.0002;0.0874;1.2571;0.0005;1.3442;0;1;0;0;1.0239;0.9969;1;1;0.9972;0.1677;0.9432;0.6433;1;0.9567;0.7766;0.998;0.998;1;0.998;0.998;0.9384;0.9521;0.13;0.0367;0.0372;0.0002;0.0067;-0.001;0.0002;0.0008;0.0002;0;0;0.088;-0.0612;0;0;0;0;0;0;0;0;0;0;0;0;0.0006;0;0.0294;0.0294;0;17.071;17.071;0.6112;0.0505;30.044;978.61;1;0.0026;0.0026;0;0;0;0;0;0;0.0268;-0.0612;0;15.059;17.438;-31.356;-36.31;91.087;91.087;0.3096;0.2479;-0.5163;0.0617;0.7642;0.1992;2.4681;0;7.3357;0;0
02/02/21 06:00;13.209;-101.25;56.345;13.458;20.906;-90;-20.906;153.99;70.597;83.394;16.67;3.14;0;202.25;50.539;44.473;0;1.0138;298.28;0;298.28;202.25;44.473;50.539;1.0138;0.6781;0.1728;0;0.0034;296.18;2.1024;0;0;1.2534;0.849;287.85;7.7316;4.9265;1.0833;1.686;0.0357;295.59;0.5924;0.4045;0.0889;0.0986;0.0003;287.94;196.92;43.301;47.501;0.1288;32.04;25.632;10.077;0.2125;0.3739;5.3791;0.0898;5.5406;0;1;0;0;1.937;0.993;1;1;0.9752;0.1626;0.9738;0.9756;1;0.9657;0.7827;0.998;0.998;1;0.998;0.998;0.965;0.9399;0.127;0.8489;0.8346;0.005;0.0144;0.0173;0.0056;0.0198;0.001;0;0;0.088;0.6531;0;0;0;0;0;0;0;0;0;0;0;0;0.016;0.0019;0.7537;0.7537;0;30.803;30.803;14.133;0.0491;716.21;1052.3;1;0.0126;0.0126;0;0;0;0;0;0;0.7411;0.6531;0;16.696;19.334;14.467;16.753;98.327;98.327;7.1587;6.3557;5.5073;0.8031;0.8484;0.1122;0.1185;0.7693;31.541;0.7591;0
02/02/21 07:00;25.37;-93.119;5.3906;25.403;60;-90;-60;448.59;74.003;374.59;19.33;3.15;0;870.4;20.967;107;0;22.43;1020.8;0;1020.8;870.4;107;20.967;22.43;0.8527;0.0425;0;0.022;997.29;23.504;0;0;2.6268;20.877;994.37;0.9298;0.1617;0.0199;0.6476;0.1006;995.3;1.9946;1.7408;0.214;0.0367;0.0031;995.85;868.5;106.76;17.656;1.4489;37.865;30.292;13.488;3.5109;0.5512;7.9287;1.4852;4.969;0;1;0;0;2.2756;0.977;1;1;0.8747;0.0692;0.9991;0.9998;1;0.9646;0.9351;0.998;0.998;1;0.998;0.998;0.9741;0.8421;0.0646;2.9051;2.8651;0.0173;0;0.4505;0.0168;0.0595;0.0013;0;0;0.088;2.1284;0;0;0;0;0;0;0;0;0;0;0;0;0.0479;0.0189;2.2529;2.2529;0;69.493;69.493;50.163;0.0504;2472.9;911.02;1;0.0365;0.0365;0;0;0;0;0;0;2.2164;2.1284;0;14.584;16.888;13.778;15.954;98.378;98.378;24.499;18.999;17.949;5.5001;1.0503;0.2245;0.0429;0.7326;18.258;0.7284;0
02/02/21 08:00;37.623;-84.284;4.5249;37.761;52.239;-90;-52.239;276.71;252.3;24.406;20.45;3.4101;0;39.855;197.61;11.723;0;10.726;259.92;0;259.92;39.855;11.723;197.61;10.726;0.1533;0.8016;0;0.0413;229.68;30.238;0;0;20.254;9.9846;223.24;5.9774;0.0062;0.0018;5.9394;0.03;229.22;0.4594;0.0797;0.0234;0.3547;0.0015;227.36;39.769;11.698;171.07;0.7099;168.29;134.63;59.044;20.249;2.8105;40.428;4.1195;22.989;0;1;0;0;0.9393;0.8837;1;1;0.8975;0.0691;0.9739;0.9998;1;0.9664;0.9594;0.998;0.998;1;0.998;0.998;0.8589;0.8657;0.0662;0.7397;0.7315;0.0044;0.0155;0.0169;0.0049;0.0172;0.0073;0;0;0.088;0.5508;0;0;0;0;0;0;0;0;0;0;0;0;0.0139;0.0015;0.6498;0.6498;0;31.437;31.437;10.987;0.0492;624.34;1040.8;1;0.011;0.011;0;0;0;0;0;0;0.6388;0.5508;0;16.521;19.131;14.003;16.215;98.301;98.301;6.238;5.4801;4.6449;0.7579;0.8352;0.1215;0.1339;0.7446;157.87;0.6669;0
02/02/21 09:00;49.65;-73.343;10.695;50.858;39.142;-90;-39.142;776.3;140.2;636.1;21.81;3.88;0;820.16;50.529;107.39;0;17.422;995.5;0;995.5;820.16;107.39;50.529;17.422;0.8239;0.0683;0;0.0175;976.26;19.24;0;0;3.394;15.846;972.29;2.0196;0.3024;0.0396;1.5221;0.1555;974.31;1.9525;1.6403;0.2148;0.0943;0.0032;977.17;818.22;107.13;45.518;1.4171;374.54;299.63;122.01;1.9149;4.0607;58.411;4.8756;60.557;0;1;0;0;1.2824;0.9807;1;1;0.9328;0.0904;0.9979;0.9996;1;0.9676;0.9011;0.998;0.998;1;0.998;0.998;0.9767;0.9008;0.0813;2.8331;2.9127;0.0175;0.0006;0.4729;0.017;0.0601;0.0092;0;0;0.088;2.1429;0;0;0;0;0;0;0;0;0;0;0;0;0.0484;0.0195;2.2676;2.2676;0;70.916;70.916;49.105;0.0505;2510.3;903.31;1;0.0367;0.0367;0;0;0;0;0;0;2.2309;2.1429;0;15.052;17.43;14.224;16.471;98.381;98.381;23.892;19.123;18.071;4.7691;1.0517;0.1996;0.044;0.7564;35.731;0.7245;0
02/02/21 10:00;60.816;-57.269;15.287;64.834;25.166;-90;-25.166;893.2;168;725.2;22.13;4.2399;0;801.25;65.421;109.74;0;8.478;984.89;0;984.89;801.25;109.74;65.421;8.478;0.8135;0.075;0;0.0086;975.47;9.4142;0;0;2.1849;7.2293;970.69;2.8317;0.4222;0.0578;2.101;0.2506;973.52;1.9509;1.6025;0.2195;0.1265;0.0025;972.87;799.23;109.46;61.009;0.9957;492.54;394.03;160.6;0.5378;5.2016;74.823;2.1749;79.487;0;1;0;0;1.1027;0.9904;1;1;0.9666;0.1473;0.9971;0.9995;1;0.9667;0.7989;0.998;0.998;1;0.998;0.998;0.9856;0.9326;0.1174;2.8029;2.9333;0.0177;0.0008;0.4788;0.0171;0.0605;0.0118;0;0;0.088;2.1534;0;0;0;0;0;0;0;0;0;0;0;0;0.0487;0.0197;2.2783;2.2783;0;71.165;71.165;49.035;0.0505;2526.8;901.68;1;0.0369;0.0369;0;0;0;0;0;0;2.2414;2.1534;0;15.286;17.701;14.448;16.73;98.379;98.379;23.637;19.214;18.16;4.4238;1.0536;0.1872;0.0446;0.7683;41.8;0.7269;0
02/02/21 11:00;69.351;-29.219;17.925;79.576;10.424;-90;-10.424;500.81;431.8;69.011;23.36;4.56;0;70.169;405.76;23.045;0;0.8265;499.8;0;499.8;70.169;23.045;405.76;0.8265;0.1404;0.8135;0;0.0017;495.98;3.8197;0;0;3.1334;0.6862;478.58;16.41;0.0434;0.0142;16.321;0.0314;494.99;0.992;0.1403;0.0461;0.8052;0.0003;478.72;69.985;22.984;385.5;0.1086;296.91;237.53;91.773;0.1381;3.4511;49.642;0.1485;52.955;0;1;0;0;0.998;0.9924;1;1;0.9923;0.1697;0.9668;0.9994;1;0.9594;0.7755;0.998;0.998;1;0.998;0.998;0.9575;0.9501;0.1313;1.4224;1.4691;0.0088;0.0056;0.1152;0.0094;0.0333;0.0086;0;0;0.088;1.149;0;0;0;0;0;0;0;0;0;0;0;0;0.0268;0.0054;1.2561;1.2561;0;47.103;47.103;23.743;0.0496;1262.7;994.84;1;0.0192;0.0192;0;0;0;0;0;0;1.237;1.149;0;16.608;19.231;15.191;17.591;98.475;98.475;11.995;10.593;9.6895;1.4019;0.9037;0.1169;0.0753;0.8078;243.48;0.7519;0
02/02/21 12:00;71.073;13.849;18.357;85.308;4.692;90;4.692;938.79;222.9;715.89;24.35;5.0101;0;718.3;102.66;120.47;0;0.3146;941.75;0;941.75;718.3;120.47;102.66;0.3146;0.7627;0.1093;0;0.0003;941.27;0.4809;0;0;0.2186;0.2623;934.37;5.0182;0.4545;0.0762;4.4758;0.0117;939.38;1.8825;1.4366;0.2409;0.2049;0.0001;934.39;716.41;120.15;97.765;0.0406;552.75;442.2;176.62;0.0005;6.0333;86.787;0.0254;92.819;0;1;0;0;1.0031;0.9995;1;1;0.9979;0.1663;0.9947;0.9994;1;0.9562;0.7767;0.998;0.998;1;0.998;0.998;0.9922;0.9523;0.1289;2.6801;2.8472;0.0171;-0.0001;0.4693;0.0165;0.0586;0.0137;0;0;0.088;2.0831;0;0;0;0;0;0;0;0;0;0;0;0;0.0472;0.0186;2.2063;2.2063;0;71.564;71.564;47.214;0.0505;2451.4;900.04;1;0.0352;0.0352;0;0;0;0;0;0;2.1711;2.0831;0;15.481;17.927;14.617;16.926;98.405;98.405;22.602;18.606;17.567;3.9958;1.0389;0.1768;0.046;0.7772;60.946;0.7271;0
02/02/21 13:00;64.541;48.535;16.538;70.365;19.635;90;19.635;532.3;436.3;95.997;26.36;5.4101;0;101.92;391.56;35.054;0;3.0952;531.63;0;531.63;101.92;35.054;391.56;3.0952;0.1917;0.7423;0;0.0058;520.24;11.39;0;0;8.7983;2.5916;505.74;13.463;0.0581;0.02;13.274;0.1115;519.2;1.0405;0.2038;0.0701;0.7655;0.001;506.51;101.66;34.964;368.72;0.3911;315.67;252.53;99.099;1.3096;3.6453;52.436;0.7736;54.772;0;1;0;0;0.9988;0.9786;1;1;0.9775;0.1627;0.9741;0.9994;1;0.9653;0.7782;0.998;0.998;1;0.998;0.998;0.9513;0.9417;0.1263;1.513;1.5542;0.0094;0.0044;0.1465;0.0098;0.0346;0.0089;0;0;0.088;1.1992;0;0;0;0;0;0;0;0;0;0;0;0;0.0279;0.0059;1.3068;1.3068;0;51.536;51.536;25.176;0.0498;1335.6;978.46;1;0.0196;0.0196;0;0;0;0;0;0;1.2872;1.1992;0;16.243;18.81;14.906;17.26;98.498;98.498;12.759;11.021;10.113;1.7384;0.9076;0.1363;0.0711;0.7926;242.86;0.7381;0
02/02/21 14:00;54.053;68.098;12.649;56.068;33.932;90;33.932;839.91;183.9;656.01;26.78;5.5899;0;790.66;71.211;127.83;0;14.304;1004;0;1004;790.66;127.83;71.211;14.304;0.7875;0.0852;0;0.0142;987.39;16.617;0;0;3.84;12.777;982.61;2.8026;0.3448;0.0557;2.1736;0.2285;985.41;1.9748;1.5813;0.2557;0.1347;0.0031;986.61;788.73;127.52;65.063;1.2952;433.5;346.8;142.75;1.6528;4.5639;65.65;4.0037;68.561;0;1;0;0;1.1954;0.9834;1;1;0.9461;0.1067;0.9972;0.9996;1;0.9677;0.85;0.998;0.998;1;0.998;0.998;0.9787;0.9137;0.0905;2.8573;2.9543;0.0178;0.001;0.5412;0.0168;0.0594;0.0101;0;0;0.088;2.1165;0;0;0;0;0;0;0;0;0;0;0;0;0.0479;0.02;2.2401;2.2401;0;76.641;76.641;49.861;0.0507;2546.6;879.63;1;0.0355;0.0355;0;0;0;0;0;0;2.2045;2.1165;0;14.743;17.072;13.93;16.131;98.414;98.414;24.096;18.891;17.849;5.2052;1.0418;0.216;0.0432;0.7407;48.293;0.7062;0
02/02/21 15:00;42.246;80.482;7.0311;42.641;47.359;90;47.359;721;147.8;573.2;27.12;5.52;0;846.18;48.74;132.4;0;23.259;1050.6;0;1050.6;846.18;132.4;48.74;23.259;0.8054;0.0685;0;0.0221;1024.6;26.004;0;0;4.3469;21.657;1020.7;1.7744;0.2051;0.0321;1.4551;0.0821;1022.5;2.0491;1.6924;0.2648;0.0888;0.0032;1026.3;844.28;132.1;42.849;1.5169;298.46;238.77;95.888;3.5566;3.4548;49.696;5.5705;49.594;0;1;0;0;1.4571;0.9752;1;1;0.9108;0.0689;0.9983;0.9998;1;0.9672;0.9487;0.998;0.998;1;0.998;0.998;0.9716;0.8791;0.0652;2.9898;3.0359;0.0183;0.0021;0.5821;0.017;0.0604;0.0076;0;0;0.088;2.1543;0;0;0;0;0;0;0;0;0;0;0;0;0.0487;0.0211;2.2786;2.2786;0;79.019;79.019;51.9;0.0508;2601.5;875;1;0.0363;0.0363;0;0;0;0;0;0;2.2423;2.1543;0;14.332;16.596;13.55;15.691;98.406;98.406;25.214;19.216;18.167;5.9979;1.0485;0.2379;0.0416;0.7205;37.083;0.6959;0
02/02/21 16:00;30.032;89.9;0.0867;30.032;59.968;90;59.968;506.4;150.5;355.9;27.23;4.9301;0;711.1;55.766;152.19;0;25.295;944.35;0;944.35;711.1;152.19;55.766;25.295;0.753;0.0858;0;0.0268;913.69;30.67;0;0;7.0054;23.664;910.02;1.8346;0.0021;0.0005;1.7214;0.1107;911.86;1.8274;1.4222;0.3044;0.0975;0.0033;914.53;709.68;151.89;46.942;1.517;126.38;101.11;42.364;9.3116;1.8559;26.696;4.5085;19.241;0;1;0;0;1.8649;0.9675;1;1;0.8744;0.0645;0.998;1;1;0.9646;0.932;0.998;0.998;1;0.998;0.998;0.9636;0.8418;0.06;2.6876;2.67;0.0161;-0.0014;0.4576;0.0154;0.0546;0.0042;0;0;0.088;1.9433;0;0;0;0;0;0;0;0;0;0;0;0;0.044;0.0165;2.0632;2.0632;0;73.28;73.28;46.05;0.0506;2303.6;895.64;1;0.0319;0.0319;0;0;0;0;0;0;2.0313;1.9433;0;14.437;16.718;13.598;15.746;98.454;98.454;22.665;17.399;16.388;5.2652;1.011;0.2323;0.0446;0.7231;48.53;0.7081;0
02/02/21 17:00;17.806;98.18;42.129;17.977;30.487;90;30.487;276.59;142.4;134.19;26.4;3.24;0;325.45;91.154;107.86;0;3.824;528.3;0;528.3;325.45;107.86;91.154;3.824;0.616;0.1798;0;0.0072;520.79;7.509;0;0;4.1493;3.3597;513.32;6.4224;2.6405;0.8751;2.8258;0.081;519.75;1.0416;0.6509;0.2157;0.174;0.0009;513.77;322.16;106.77;84.005;0.3824;61.159;48.927;19.379;1.4603;0.7731;11.12;0.4496;10.433;0;1;0;0;1.91;0.9858;1;1;0.9545;0.1214;0.9876;0.9919;1;0.9675;0.8252;0.998;0.998;1;0.998;0.998;0.9717;0.9216;0.1;1.5035;1.4922;0.009;0.0052;0.1431;0.0093;0.0331;0.0019;0;0;0.088;1.1514;0;0;0;0;0;0;0;0;0;0;0;0;0.0267;0.0055;1.2583;1.2583;0;51.961;51.961;25.561;0.0498;1285.9;978.51;1;0.0189;0.0189;0;0;0;0;0;0;1.2394;1.1514;0;15.739;18.225;14.401;16.676;98.496;98.496;12.679;10.611;9.7096;2.0678;0.9017;0.1631;0.0711;0.7658;60.284;0.7539;0
02/02/21 18:00;5.8264;106.3;75.747;6.0686;8.7878;90;8.7878;57.901;55.397;2.5033;24.75;3.24;0;6.0712;54.106;2.358;0;0.068;62.603;0;62.603;6.0712;2.358;54.106;0.068;0.097;0.8654;0;0.0011;62.23;0.3724;0;0;0.3159;0.0566;58.179;3.927;1.2182;0.4731;2.2331;0.0026;62.106;0.1245;0.0121;0.0047;0.1076;0;58.189;4.8409;1.8802;51.449;0.0088;32.359;25.887;9.8718;0.0094;0.3842;5.5267;0.0098;5.9015;0;1;0;0;1.0812;0.9941;1;1;0.9942;0.1677;0.9368;0.7989;1;0.9584;0.7751;0.998;0.998;1;0.998;0.998;0.9293;0.9509;0.1297;0.1782;0.1776;0.0011;0.0141;0.0017;0.0011;0.004;0.0009;0;0;0.088;0.0576;0;0;0;0;0;0;0;0;0;0;0;0;0.0032;0.0002;0.1512;0.1512;0;27.642;27.642;2.8926;0.0497;150.52;1004.2;1;0.0055;0.0055;0;0;0;0;0;0;0.1456;0.0576;0;15.956;18.476;6.0831;7.0441;96.341;96.341;1.5025;1.2748;0.486;0.2277;0.7888;0.1516;0.525;0.3235;32.342;0.3034;0
02/02/21 19:00;0.0073;110.52;89.993;0;0;90;0;0;0;0;21.63;3.4;0;0;0;0;0;0;0;0;0;0;0;0;0;1;1;1;1;0;0;0;0;0;0;0;0;0;0;0;0;0;0;0;0;0;0;0;0;0;0;0;0;0;0;0;0;0;0;0;0;0;0;0;1;1;1;1;1;1;1;1;1;1;1;1;1;1;1;1;1;1;1;0;0;0;0;0;0;0;0;0;0.0004;0.088;-0.0884;0;0;0;0;0;0;0;0;0;0;0;0;0;0;0;0;0;0;0;-21.63;0;0;0;0;0.0004;0;0;0;0;0;0;0;-0.0004;-0.0884;0;0;0;0;0;0;0;0;0;-0.7452;0;0.7452;1;1;0;0;0;0
02/02/21 20:00;0;0;90;0;0;90;0;0;0;0;19.23;3.3401;0;0;0;0;0;0;0;0;0;0;0;0;0;1;1;1;1;0;0;0;0;0;0;0;0;0;0;0;0;0;0;0;0;0;0;0;0;0;0;0;0;0;0;0;0;0;0;0;0;0;0;0;1;1;1;1;1;1;1;1;1;1;1;1;1;1;1;1;1;1;1;0;0;0;0;0;0;0;0;0;0.0004;0.088;-0.0884;0;0;0;0;0;0;0;0;0;0;0;0;0;0;0;0;0;0;0;-19.23;0;0;0;0;0.0004;0;0;0;0;0;0;0;-0.0004;-0.0884;0;0;0;0;0;0;0;0;0;-0.7452;0;0.7452;1;1;0;0;0;0
02/02/21 21:00;0;0;90;0;0;90;0;0;0;0;16.26;3.1199;0;0;0;0;0;0;0;0;0;0;0;0;0;1;1;1;1;0;0;0;0;0;0;0;0;0;0;0;0;0;0;0;0;0;0;0;0;0;0;0;0;0;0;0;0;0;0;0;0;0;0;0;1;1;1;1;1;1;1;1;1;1;1;1;1;1;1;1;1;1;1;0;0;0;0;0;0;0;0;0;0.0004;0.088;-0.0884;0;0;0;0;0;0;0;0;0;0;0;0;0;0;0;0;0;0;0;-16.26;0;0;0;0;0.0004;0;0;0;0;0;0;0;-0.0004;-0.0884;0;0;0;0;0;0;0;0;0;-0.7452;0;0.7452;1;1;0;0;0;0
02/02/21 22:00;0;0;90;0;0;90;0;0;0;0;16.33;3.21;0;0;0;0;0;0;0;0;0;0;0;0;0;1;1;1;1;0;0;0;0;0;0;0;0;0;0;0;0;0;0;0;0;0;0;0;0;0;0;0;0;0;0;0;0;0;0;0;0;0;0;0;1;1;1;1;1;1;1;1;1;1;1;1;1;1;1;1;1;1;1;0;0;0;0;0;0;0;0;0;0.0004;0.088;-0.0884;0;0;0;0;0;0;0;0;0;0;0;0;0;0;0;0;0;0;0;-16.33;0;0;0;0;0.0004;0;0;0;0;0;0;0;-0.0004;-0.0884;0;0;0;0;0;0;0;0;0;-0.7452;0;0.7452;1;1;0;0;0;0
02/02/21 23:00;0;0;90;0;0;90;0;0;0;0;16.1;3.8;0;0;0;0;0;0;0;0;0;0;0;0;0;1;1;1;1;0;0;0;0;0;0;0;0;0;0;0;0;0;0;0;0;0;0;0;0;0;0;0;0;0;0;0;0;0;0;0;0;0;0;0;1;1;1;1;1;1;1;1;1;1;1;1;1;1;1;1;1;1;1;0;0;0;0;0;0;0;0;0;0.0004;0.088;-0.0884;0;0;0;0;0;0;0;0;0;0;0;0;0;0;0;0;0;0;0;-16.1;0;0;0;0;0.0004;0;0;0;0;0;0;0;-0.0004;-0.0884;0;0;0;0;0;0;0;0;0;-0.7452;0;0.7452;1;1;0;0;0;0
03/02/21 00:00;0;0;90;0;0;90;0;0;0;0;16.04;3.79;0;0;0;0;0;0;0;0;0;0;0;0;0;1;1;1;1;0;0;0;0;0;0;0;0;0;0;0;0;0;0;0;0;0;0;0;0;0;0;0;0;0;0;0;0;0;0;0;0;0;0;0;1;1;1;1;1;1;1;1;1;1;1;1;1;1;1;1;1;1;1;0;0;0;0;0;0;0;0;0;0.0004;0.088;-0.0884;0;0;0;0;0;0;0;0;0;0;0;0;0;0;0;0;0;0;0;-16.04;0;0;0;0;0.0004;0;0;0;0;0;0;0;-0.0004;-0.0884;0;0;0;0;0;0;0;0;0;-0.7452;0;0.7452;1;1;0;0;0;0
03/02/21 01:00;0;0;90;0;0;90;0;0;0;0;15.48;3.39;0;0;0;0;0;0;0;0;0;0;0;0;0;1;1;1;1;0;0;0;0;0;0;0;0;0;0;0;0;0;0;0;0;0;0;0;0;0;0;0;0;0;0;0;0;0;0;0;0;0;0;0;1;1;1;1;1;1;1;1;1;1;1;1;1;1;1;1;1;1;1;0;0;0;0;0;0;0;0;0;0.0004;0.088;-0.0884;0;0;0;0;0;0;0;0;0;0;0;0;0;0;0;0;0;0;0;-15.48;0;0;0;0;0.0004;0;0;0;0;0;0;0;-0.0004;-0.0884;0;0;0;0;0;0;0;0;0;-0.7452;0;0.7452;1;1;0;0;0;0
03/02/21 02:00;0;0;90;0;0;90;0;0;0;0;13.5;3.24;0;0;0;0;0;0;0;0;0;0;0;0;0;1;1;1;1;0;0;0;0;0;0;0;0;0;0;0;0;0;0;0;0;0;0;0;0;0;0;0;0;0;0;0;0;0;0;0;0;0;0;0;1;1;1;1;1;1;1;1;1;1;1;1;1;1;1;1;1;1;1;0;0;0;0;0;0;0;0;0;0.0004;0.088;-0.0884;0;0;0;0;0;0;0;0;0;0;0;0;0;0;0;0;0;0;0;-13.5;0;0;0;0;0.0004;0;0;0;0;0;0;0;-0.0004;-0.0884;0;0;0;0;0;0;0;0;0;-0.7452;0;0.7452;1;1;0;0;0;0
03/02/21 03:00;0;0;90;0;0;90;0;0;0;0;12.3;3.16;0;0;0;0;0;0;0;0;0;0;0;0;0;1;1;1;1;0;0;0;0;0;0;0;0;0;0;0;0;0;0;0;0;0;0;0;0;0;0;0;0;0;0;0;0;0;0;0;0;0;0;0;1;1;1;1;1;1;1;1;1;1;1;1;1;1;1;1;1;1;1;0;0;0;0;0;0;0;0;0;0.0004;0.088;-0.0884;0;0;0;0;0;0;0;0;0;0;0;0;0;0;0;0;0;0;0;-12.3;0;0;0;0;0.0004;0;0;0;0;0;0;0;-0.0004;-0.0884;0;0;0;0;0;0;0;0;0;-0.7452;0;0.7452;1;1;0;0;0;0
03/02/21 04:00;0;0;90;0;0;90;0;0;0;0;12.28;3.21;0;0;0;0;0;0;0;0;0;0;0;0;0;1;1;1;1;0;0;0;0;0;0;0;0;0;0;0;0;0;0;0;0;0;0;0;0;0;0;0;0;0;0;0;0;0;0;0;0;0;0;0;1;1;1;1;1;1;1;1;1;1;1;1;1;1;1;1;1;1;1;0;0;0;0;0;0;0;0;0;0.0004;0.088;-0.0884;0;0;0;0;0;0;0;0;0;0;0;0;0;0;0;0;0;0;0;-12.28;0;0;0;0;0.0004;0;0;0;0;0;0;0;-0.0004;-0.0884;0;0;0;0;0;0;0;0;0;-0.7452;0;0.7452;1;1;0;0;0;0
03/02/21 05:00;3.5147;-107.58;81.449;3.6864;5.2847;-90;-5.2847;17.503;16.603;0.8995;11.64;4.2299;0;2.1816;16.395;0.4206;0;0.0074;19.005;0;19.005;2.1816;0.4206;16.395;0.0074;0.1148;0.8631;0;0.0004;18.957;0.048;0;0;0.0418;0.0062;17.232;1.6872;0.8191;0.1579;0.7099;0.0003;18.919;0.0379;0.0044;0.0008;0.0327;0;17.232;1.3581;0.2619;15.611;0.001;9.7455;7.7964;2.9651;0.0002;0.1161;1.6695;0.0005;1.7853;0;1;0;0;1.0858;0.9975;1;1;0.9975;0.1675;0.9108;0.6238;1;0.9565;0.7767;0.998;0.998;1;0.998;0.998;0.9067;0.9522;0.1299;0.0541;0.0526;0.0003;0.0081;-0.0024;0.0003;0.0012;0.0003;0;0;0.088;-0.0472;0;0;0;0;0;0;0;0;0;0;0;0;0.0009;0;0.0439;0.0439;0;12.501;12.501;0.8608;0.05;43.229;1015.4;1;0.0031;0.0031;0;0;0;0;0;0;0.0408;-0.0472;0;15.261;17.672;-16.4;-18.991;93.026;93.026;0.4561;0.3702;-0.3978;0.086;0.7679;0.1885;1.6836;0;9.7403;0;0
03/02/21 06:00;13.021;-101.01;56.878;13.256;20.533;-90;-20.533;194.99;33.898;161.1;14.83;4.7701;0;390.7;16.114;41.85;0;1.2388;449.91;0;449.91;390.7;41.85;16.114;1.2388;0.8684;0.0386;0;0.0028;448.48;1.4241;0;0;0.3883;1.0359;435.79;11.797;10.128;1.0849;0.5396;0.0442;447.59;0.897;0.7814;0.0837;0.0315;0.0004;435.82;379.79;40.682;15.154;0.1583;10.911;8.7291;3.5519;0.0636;0.119;1.7114;0.0273;1.7668;0;1;0;0;2.3073;0.9968;1;1;0.9759;0.1638;0.9736;0.974;1;0.9656;0.7816;0.998;0.998;1;0.998;0.998;0.9686;0.9405;0.1277;1.2804;1.2503;0.0075;0.0086;0.0499;0.0083;0.0294;0.0003;0;0;0.088;1.0128;0;0;0;0;0;0;0;0;0;0;0;0;0.0237;0.004;1.1186;1.1186;0;36.268;36.268;21.438;0.0492;1076.8;1038.8;1;0.0178;0.0178;0;0;0;0;0;0;1.1008;1.0128;0;16.429;19.025;14.875;17.225;98.408;98.408;10.798;9.4332;8.5409;1.3645;0.8923;0.1264;0.0826;0.791;10.038;0.7887;0
03/02/21 07:00;25.188;-92.861;5.4385;25.215;60;-90;-60;422.3;69.998;352.3;18.27;4.2;0;824.07;21.559;96.495;0;21.115;963.24;0;963.24;824.07;96.495;21.559;21.115;0.8555;0.0443;0;0.0219;940.89;22.354;0;0;2.701;19.653;938.07;0.9331;0.1545;0.0181;0.6659;0.0947;939;1.8818;1.6481;0.193;0.0377;0.0029;939.52;822.27;96.284;18.154;1.3639;34.616;27.693;12.021;3.6096;0.55;7.9118;1.4453;4.8522;0;1;0;0;2.2809;0.9768;1;1;0.8747;0.0692;0.999;0.9998;1;0.9646;0.9351;0.998;0.998;1;0.998;0.998;0.9739;0.8421;0.0646;2.7413;2.7039;0.0163;-0.0012;0.3859;0.0161;0.0572;0.0013;0;0;0.088;2.0425;0;0;0;0;0;0;0;0;0;0;0;0;0.0461;0.0169;2.1654;2.1654;0;65.433;65.433;47.163;0.0503;2332.7;928.26;1;0.0348;0.0348;0;0;0;0;0;0;2.1305;2.0425;0;14.855;17.201;14.012;16.226;98.391;98.391;23.118;18.261;17.225;4.8571;1.0359;0.2101;0.0448;0.7451;18.774;0.7405;0
03/02/21 08:00;37.439;-83.99;4.7684;37.592;52.408;-90;-52.408;640.31;105.5;534.81;20.97;3.16;0;876.68;31.737;108.32;0;24.97;1041.7;0;1041.7;876.68;108.32;31.737;24.97;0.8416;0.0544;0;0.024;1015.2;26.514;0;0;3.2681;23.246;1012;1.1859;0.1441;0.0178;0.9542;0.0698;1013.2;2.0304;1.7534;0.2166;0.0569;0.0034;1017.5;874.78;108.08;27.458;1.6504;222.13;177.71;68.178;3.2948;2.8206;40.574;5.4956;40.1;0;1;0;0;1.6269;0.9745;1;1;0.897;0.069;0.9988;0.9998;1;0.9664;0.9594;0.998;0.998;1;0.998;0.998;0.9715;0.8652;0.0661;2.9646;2.9923;0.018;0.0015;0.4986;0.0173;0.0614;0.0064;0;0;0.088;2.1932;0;0;0;0;0;0;0;0;0;0;0;0;0.0495;0.0205;2.319;2.319;0;72.133;72.133;51.163;0.0506;2581;898.5;1;0.0378;0.0378;0;0;0;0;0;0;2.2812;2.1932;0;14.71;17.034;13.912;16.11;98.369;98.369;25.001;19.557;18.496;5.4443;1.061;0.2178;0.0424;0.7398;25.399;0.7188;0
03/02/21 09:00;49.454;-73.002;10.955;50.713;39.287;-90;-39.287;864.99;142.7;722.29;22.7;2.12;0;933.22;40.917;124.77;0;19.55;1118.4;0;1118.4;933.22;124.77;40.917;19.55;0.8344;0.0541;0;0.0175;1097.9;20.556;0;0;2.7641;17.792;1093.9;1.8027;0.3524;0.0471;1.2323;0.1708;1095.7;2.1958;1.8664;0.2495;0.0763;0.0035;1099.3;931;124.47;36.844;1.5835;413.74;330.99;134.66;1.5717;4.4581;64.129;5.4402;67.015;0;1;0;0;1.293;0.9816;1;1;0.9324;0.0899;0.9984;0.9996;1;0.9676;0.9026;0.998;0.998;1;0.998;0.998;0.978;0.9005;0.081;3.183;3.2737;0.0197;0.0063;0.6175;0.0184;0.0653;0.0098;0;0;0.088;2.3312;0;0;0;0;0;0;0;0;0;0;0;0;0.0526;0.0243;2.4598;2.4598;0;78.291;78.291;55.591;0.0508;2809.4;875;1;0.0405;0.0405;0;0;0;0;0;0;2.4192;2.3312;0;14.533;16.829;13.773;15.949;98.352;98.352;26.843;20.744;19.66;6.0991;1.084;0.2272;0.0404;0.7324;28.97;0.7023;0
03/02/21 10:00;60.587;-56.885;15.563;64.724;25.276;-90;-25.276;1025.1;169.1;856;23.41;1.56;0;946.63;48.366;130.83;0;9.8145;1135.6;0;1135.6;946.63;130.83;48.366;9.8145;0.8336;0.0512;0;0.0086;1125.6;9.9999;0;0;1.6268;8.3731;1121;2.4185;0.5079;0.0702;1.552;0.2885;1123.4;2.2513;1.8933;0.2617;0.0935;0.0029;1123.5;944.23;130.49;45.094;1.15;563.14;450.51;183.83;0.4047;5.9195;85.15;2.5118;90.665;0;1;0;0;1.1078;0.9912;1;1;0.9664;0.1469;0.9978;0.9995;1;0.9667;0.7994;0.998;0.998;1;0.998;0.998;0.9871;0.9323;0.1172;3.2319;3.3849;0.0204;0.0087;0.6649;0.0188;0.0668;0.0129;0;0;0.088;2.3758;0;0;0;0;0;0;0;0;0;0;0;0;0.0538;0.0259;2.5127;2.5054;0;80.482;80.482;57.072;0.0509;2863.3;875;1;0.0489;0.0416;0;0.0073;0;0;0;0;2.4638;2.3758;0;14.578;16.881;13.824;16.008;98.054;98.34;27.255;21.128;20.035;6.1272;1.0929;0.2248;0.0401;0.7351;30.923;0.696;0
03/02/21 11:00;69.07;-28.959;18.214;79.509;10.491;-90;-10.491;1051.5;173.5;878.01;24.27;1.5299;0;892.93;56.907;118.09;0;1.7579;1069.7;0;1069.7;892.93;118.09;56.907;1.7579;0.8348;0.0548;0;0.0016;1067.8;1.9038;0;0;0.4443;1.4596;1062.7;2.988;0.5606;0.0741;2.2864;0.0669;1065.6;2.1356;1.7859;0.2362;0.1129;0.0006;1063;890.59;117.78;54.063;0.2309;613.45;490.76;198.92;0.0203;6.5077;93.611;0.337;100.1;0;1;0;0;1.0173;0.9982;1;1;0.9922;0.1697;0.9972;0.9994;1;0.9594;0.7755;0.998;0.998;1;0.998;0.998;0.9934;0.95;0.1314;3.0442;3.2288;0.0194;0.0054;0.609;0.0182;0.0644;0.0143;0;0;0.088;2.2948;0;0;0;0;0;0;0;0;0;0;0;0;0.0519;0.0237;2.4225;2.4225;0;78.27;78.27;54;0.0508;2766.5;875;1;0.0397;0.0397;0;0;0;0;0;0;2.3828;2.2948;0;14.965;17.329;14.176;16.416;98.362;98.362;25.673;20.429;19.352;5.2434;1.0767;0.2042;0.0419;0.7538;34.154;0.7075;0
03/02/21 12:00;70.792;13.568;18.652;85.327;4.6728;90;4.6728;1145.7;189;956.7;25.54;1.65;0;959.89;52.593;136.78;0;0.3808;1149.6;0;1149.6;959.89;136.78;52.593;0.3808;0.8349;0.0461;0;0.0003;1149.2;0.4288;0;0;0.1113;0.3175;1143.9;3.0126;0.6172;0.0879;2.2934;0.0141;1146.9;2.2984;1.9198;0.2736;0.105;0.0001;1143.9;957.36;136.41;50.084;0.0491;674.28;539.42;216.2;0.0003;7.311;105.17;0.0316;112.48;0;1;0;0;1.0034;0.9996;1;1;0.9979;0.1663;0.9974;0.9994;1;0.9562;0.7767;0.998;0.998;1;0.998;0.998;0.995;0.9523;0.1289;3.2718;3.4835;0.021;0.0112;0.7279;0.0191;0.0676;0.0156;0;0;0.088;2.3889;0;0;0;0;0;0;0;0;0;0;0;0;0.0545;0.0273;2.5394;2.5188;0;83.949;83.949;58.409;0.0511;2878.6;875;1;0.0625;0.0419;0;0.0206;0;0;0;0;2.4769;2.3889;0;14.478;16.765;13.731;15.9;97.539;98.336;27.591;21.241;20.146;6.35;1.0956;0.2301;0.0397;0.7301;31.221;0.6833;0
03/02/21 13:00;64.335;48.042;16.832;70.336;19.664;90;19.664;744.4;361.7;382.71;25.72;1.72;0;406.4;245;116.11;0;4.341;771.86;0;771.86;406.4;116.11;245;4.341;0.5265;0.323;0;0.0056;762.7;9.1535;0;0;5.5186;3.635;752.42;8.7605;0.2358;0.0674;8.3011;0.1563;761.18;1.5254;0.8128;0.2322;0.479;0.0014;753.49;405.36;115.81;230.71;0.5484;429.63;343.71;137.43;0.8242;4.7333;68.087;1.0672;71.996;0;1;0;0;1.0369;0.9881;1;1;0.9775;0.1626;0.9885;0.9994;1;0.9653;0.7782;0.998;0.998;1;0.998;0.998;0.9748;0.9416;0.1263;2.1966;2.2922;0.0138;-0.0018;0.3125;0.0138;0.0488;0.0111;0;0;0.088;1.7258;0;0;0;0;0;0;0;0;0;0;0;0;0.0393;0.0123;1.8423;1.8423;0;63.497;63.497;37.777;0.0502;1974.9;932.85;1;0.0285;0.0285;0;0;0;0;0;0;1.8138;1.7258;0;15.772;18.263;14.774;17.108;98.453;98.453;18.525;15.536;14.553;2.9887;0.9825;0.1613;0.053;0.7856;151.98;0.737;0
03/02/21 14:00;53.899;67.668;12.937;55.998;34.002;90;34.002;634.7;359.2;275.5;25.85;1.6099;0;332.32;248.75;105.18;0;10.852;697.1;0;697.1;332.32;105.18;248.75;10.852;0.4767;0.3724;0;0.0156;673.95;23.154;0;0;13.457;9.6969;664.64;7.958;0.1482;0.0469;7.5906;0.1723;672.6;1.3479;0.6646;0.2104;0.4706;0.0023;667.89;331.51;104.92;227.23;0.9806;351.97;281.58;115.65;5.8042;4.0115;57.704;3.2458;55.911;0;1;0;0;1.0983;0.9668;1;1;0.9459;0.1064;0.9882;0.9996;1;0.9677;0.8506;0.998;0.998;1;0.998;0.998;0.9534;0.9135;0.0904;1.9839;2.0265;0.0122;-0.0005;0.2449;0.0124;0.0439;0.0096;0;0;0.088;1.5454;0;0;0;0;0;0;0;0;0;0;0;0;0.0354;0.0098;1.6587;1.6587;0;59.109;59.109;33.259;0.05;1746;950;1;0.0254;0.0254;0;0;0;0;0;0;1.6334;1.5454;0;15.724;18.208;14.649;16.963;98.47;98.47;16.73;13.988;13.032;2.742;0.9561;0.1639;0.0571;0.779;168.78;0.7335;0
03/02/21 15:00;42.114;80.124;7.3096;42.54;47.46;90;47.46;393.8;331.4;62.398;26.36;1.4201;0;92.291;259.33;32.471;0;12.755;396.85;0;396.85;92.291;32.471;259.33;12.755;0.2326;0.6856;0;0.0321;361.77;35.079;0;0;23.201;11.878;353.23;7.8186;0.0233;0.0082;7.7426;0.0446;361.05;0.7235;0.1846;0.0649;0.4723;0.0018;357.75;92.083;32.397;227.92;0.8306;230.66;184.53;79.016;19.036;3.4095;49.044;4.5201;33.418;0;1;0;0;1.0077;0.9116;1;1;0.9105;0.0688;0.9783;0.9997;1;0.9671;0.9491;0.998;0.998;1;0.998;0.998;0.8901;0.8789;0.0651;1.1294;1.1218;0.0068;0.0105;0.0756;0.0072;0.0255;0.0085;0;0;0.088;0.8608;0;0;0;0;0;0;0;0;0;0;0;0;0.0206;0.0033;0.9638;0.9638;0;43.868;43.868;17.508;0.0496;963.02;1000.8;1;0.015;0.015;0;0;0;0;0;0;0.9488;0.8608;0;16.048;18.583;14.333;16.598;98.446;98.446;9.5244;8.1277;7.2593;1.3966;0.8684;0.1466;0.0912;0.7622;197.5;0.6976;0
03/02/21 16:00;29.906;89.59;0.3671;29.907;60;90;60;503.5;150.8;352.7;27.42;1.22;0;707.4;56.139;152.33;0;25.175;941.04;0;941.04;707.4;152.33;56.139;25.175;0.7517;0.0864;0;0.0268;910.43;30.609;0;0;7.0576;23.552;906.75;1.8545;0.009;0.0019;1.7332;0.1105;908.61;1.8209;1.4148;0.3047;0.0982;0.0032;911.01;705.98;152.02;47.25;1.5099;124.78;99.822;42.958;9.3916;1.7716;25.484;4.2518;17.864;0;1;0;0;1.869;0.9675;1;1;0.8743;0.0645;0.998;1;1;0.9646;0.9318;0.998;0.998;1;0.998;0.998;0.9636;0.8417;0.06;2.6781;2.6575;0.016;-0.0015;0.4557;0.0153;0.0543;0.004;0;0;0.088;1.9338;0;0;0;0;0;0;0;0;0;0;0;0;0.0437;0.0164;2.0536;2.0536;0;73.305;73.305;45.885;0.0506;2292.9;895.62;1;0.0317;0.0317;0;0;0;0;0;0;2.0218;1.9338;0;14.42;16.698;13.579;15.725;98.456;98.456;22.585;17.318;16.308;5.267;1.0095;0.2332;0.0447;0.7221;48.872;0.7077;0
03/02/21 17:00;17.676;97.901;42.574;17.835;30.136;90;30.136;294.99;124.6;170.39;27.04;0.77;0;413.25;69.761;120.73;0;3.9872;607.73;0;607.73;413.25;120.73;69.761;3.9872;0.68;0.1213;0;0.0066;601.12;6.6146;0;0;3.1175;3.4971;593.19;6.7245;3.4603;1.0109;2.1667;0.0866;599.92;1.2022;0.8265;0.2415;0.1333;0.001;593.51;408.97;119.48;64.344;0.4025;47.102;37.682;15.362;1.0739;0.5637;8.1082;0.3169;7.5979;0;1;0;0;2.0602;0.9891;1;1;0.9553;0.1229;0.9888;0.9916;1;0.9674;0.823;0.998;0.998;1;0.998;0.998;0.9761;0.9223;0.1009;1.7296;1.7143;0.0103;0.0025;0.193;0.0106;0.0374;0.0014;0;0;0.088;1.3127;0;0;0;0;0;0;0;0;0;0;0;0;0.0302;0.0072;1.4218;1.4218;0;56.676;56.676;29.636;0.05;1479.1;961.26;1;0.0211;0.0211;0;0;0;0;0;0;1.4007;1.3127;0;15.46;17.902;14.274;16.528;98.516;98.516;14.586;11.991;11.07;2.595;0.9201;0.1779;0.0631;0.759;46.023;0.7515;0
03/02/21 18:00;5.881;105.9;75.611;6.1132;8.8546;90;8.8546;67.199;61.597;5.6022;25.14;0.5;0;13.587;58.846;5.8151;0;0.0801;78.328;0;78.328;13.587;5.8151;58.846;0.0801;0.1735;0.7523;0;0.001;77.914;0.4145;0;0;0.3479;0.0667;71.492;6.2662;2.6869;1.15;2.4263;0.003;77.758;0.1558;0.0272;0.0116;0.117;0;71.503;10.873;4.6535;55.955;0.0104;35.22;28.176;10.749;0.0106;0.4179;6.0115;0.0109;6.4188;0;1;0;0;1.1656;0.9947;1;1;0.9941;0.1677;0.9194;0.8018;1;0.9584;0.7751;0.998;0.998;1;0.998;0.998;0.9127;0.9509;0.1297;0.2229;0.2166;0.0013;0.0151;0.0029;0.0014;0.0049;0.001;0;0;0.088;0.0919;0;0;0;0;0;0;0;0;0;0;0;0;0.0039;0.0002;0.1857;0.1857;0;28.689;28.689;3.5492;0.0496;184.14;1008.7;1;0.0058;0.0058;0;0;0;0;0;0;0.1799;0.0919;0;15.669;18.144;7.753;8.9778;96.861;96.861;1.8799;1.5663;0.775;0.3136;0.7913;0.1668;0.4209;0.4123;35.181;0.3899;0
03/02/21 19:00;0;0;90;0;0;90;0;0;0;0;22.1;1.09;0;0;0;0;0;0;0;0;0;0;0;0;0;1;1;1;1;0;0;0;0;0;0;0;0;0;0;0;0;0;0;0;0;0;0;0;0;0;0;0;0;0;0;0;0;0;0;0;0;0;0;0;1;1;1;1;1;1;1;1;1;1;1;1;1;1;1;1;1;1;1;0;0;0;0;0;0;0;0;0;0.0004;0.088;-0.0884;0;0;0;0;0;0;0;0;0;0;0;0;0;0;0;0;0;0;0;-22.1;0;0;0;0;0.0004;0;0;0;0;0;0;0;-0.0004;-0.0884;0;0;0;0;0;0;0;0;0;-0.7452;0;0.7452;1;1;0;0;0;0
03/02/21 20:00;0;0;90;0;0;90;0;0;0;0;19.6;1.79;0;0;0;0;0;0;0;0;0;0;0;0;0;1;1;1;1;0;0;0;0;0;0;0;0;0;0;0;0;0;0;0;0;0;0;0;0;0;0;0;0;0;0;0;0;0;0;0;0;0;0;0;1;1;1;1;1;1;1;1;1;1;1;1;1;1;1;1;1;1;1;0;0;0;0;0;0;0;0;0;0.0004;0.088;-0.0884;0;0;0;0;0;0;0;0;0;0;0;0;0;0;0;0;0;0;0;-19.6;0;0;0;0;0.0004;0;0;0;0;0;0;0;-0.0004;-0.0884;0;0;0;0;0;0;0;0;0;-0.7452;0;0.7452;1;1;0;0;0;0
03/02/21 21:00;0;0;90;0;0;90;0;0;0;0;19.62;2.34;0;0;0;0;0;0;0;0;0;0;0;0;0;1;1;1;1;0;0;0;0;0;0;0;0;0;0;0;0;0;0;0;0;0;0;0;0;0;0;0;0;0;0;0;0;0;0;0;0;0;0;0;1;1;1;1;1;1;1;1;1;1;1;1;1;1;1;1;1;1;1;0;0;0;0;0;0;0;0;0;0.0004;0.088;-0.0884;0;0;0;0;0;0;0;0;0;0;0;0;0;0;0;0;0;0;0;-19.62;0;0;0;0;0.0004;0;0;0;0;0;0;0;-0.0004;-0.0884;0;0;0;0;0;0;0;0;0;-0.7452;0;0.7452;1;1;0;0;0;0
03/02/21 22:00;0;0;90;0;0;90;0;0;0;0;20.16;2.76;0;0;0;0;0;0;0;0;0;0;0;0;0;1;1;1;1;0;0;0;0;0;0;0;0;0;0;0;0;0;0;0;0;0;0;0;0;0;0;0;0;0;0;0;0;0;0;0;0;0;0;0;1;1;1;1;1;1;1;1;1;1;1;1;1;1;1;1;1;1;1;0;0;0;0;0;0;0;0;0;0.0004;0.088;-0.0884;0;0;0;0;0;0;0;0;0;0;0;0;0;0;0;0;0;0;0;-20.16;0;0;0;0;0.0004;0;0;0;0;0;0;0;-0.0004;-0.0884;0;0;0;0;0;0;0;0;0;-0.7452;0;0.7452;1;1;0;0;0;0
03/02/21 23:00;0;0;90;0;0;90;0;0;0;0;20.06;3.08;0;0;0;0;0;0;0;0;0;0;0;0;0;1;1;1;1;0;0;0;0;0;0;0;0;0;0;0;0;0;0;0;0;0;0;0;0;0;0;0;0;0;0;0;0;0;0;0;0;0;0;0;1;1;1;1;1;1;1;1;1;1;1;1;1;1;1;1;1;1;1;0;0;0;0;0;0;0;0;0;0.0004;0.088;-0.0884;0;0;0;0;0;0;0;0;0;0;0;0;0;0;0;0;0;0;0;-20.06;0;0;0;0;0.0004;0;0;0;0;0;0;0;-0.0004;-0.0884;0;0;0;0;0;0;0;0;0;-0.7452;0;0.7452;1;1;0;0;0;0
04/02/21 00:00;0;0;90;0;0;90;0;0;0;0;18.09;3.2699;0;0;0;0;0;0;0;0;0;0;0;0;0;1;1;1;1;0;0;0;0;0;0;0;0;0;0;0;0;0;0;0;0;0;0;0;0;0;0;0;0;0;0;0;0;0;0;0;0;0;0;0;1;1;1;1;1;1;1;1;1;1;1;1;1;1;1;1;1;1;1;0;0;0;0;0;0;0;0;0;0.0004;0.088;-0.0884;0;0;0;0;0;0;0;0;0;0;0;0;0;0;0;0;0;0;0;-18.09;0;0;0;0;0.0004;0;0;0;0;0;0;0;-0.0004;-0.0884;0;0;0;0;0;0;0;0;0;-0.7452;0;0.7452;1;1;0;0;0;0
04/02/21 01:00;0;0;90;0;0;90;0;0;0;0;16.8;3.5199;0;0;0;0;0;0;0;0;0;0;0;0;0;1;1;1;1;0;0;0;0;0;0;0;0;0;0;0;0;0;0;0;0;0;0;0;0;0;0;0;0;0;0;0;0;0;0;0;0;0;0;0;1;1;1;1;1;1;1;1;1;1;1;1;1;1;1;1;1;1;1;0;0;0;0;0;0;0;0;0;0.0004;0.088;-0.0884;0;0;0;0;0;0;0;0;0;0;0;0;0;0;0;0;0;0;0;-16.8;0;0;0;0;0.0004;0;0;0;0;0;0;0;-0.0004;-0.0884;0;0;0;0;0;0;0;0;0;-0.7452;0;0.7452;1;1;0;0;0;0
04/02/21 02:00;0;0;90;0;0;90;0;0;0;0;18.28;4.18;0;0;0;0;0;0;0;0;0;0;0;0;0;1;1;1;1;0;0;0;0;0;0;0;0;0;0;0;0;0;0;0;0;0;0;0;0;0;0;0;0;0;0;0;0;0;0;0;0;0;0;0;1;1;1;1;1;1;1;1;1;1;1;1;1;1;1;1;1;1;1;0;0;0;0;0;0;0;0;0;0.0004;0.088;-0.0884;0;0;0;0;0;0;0;0;0;0;0;0;0;0;0;0;0;0;0;-18.28;0;0;0;0;0.0004;0;0;0;0;0;0;0;-0.0004;-0.0884;0;0;0;0;0;0;0;0;0;-0.7452;0;0.7452;1;1;0;0;0;0
04/02/21 03:00;0;0;90;0;0;90;0;0;0;0;17.15;5.04;0;0;0;0;0;0;0;0;0;0;0;0;0;1;1;1;1;0;0;0;0;0;0;0;0;0;0;0;0;0;0;0;0;0;0;0;0;0;0;0;0;0;0;0;0;0;0;0;0;0;0;0;1;1;1;1;1;1;1;1;1;1;1;1;1;1;1;1;1;1;1;0;0;0;0;0;0;0;0;0;0.0004;0.088;-0.0884;0;0;0;0;0;0;0;0;0;0;0;0;0;0;0;0;0;0;0;-17.15;0;0;0;0;0.0004;0;0;0;0;0;0;0;-0.0004;-0.0884;0;0;0;0;0;0;0;0;0;-0.7452;0;0.7452;1;1;0;0;0;0
04/02/21 04:00;0;0;90;0;0;90;0;0;0;0;16.99;5.6401;0;0;0;0;0;0;0;0;0;0;0;0;0;1;1;1;1;0;0;0;0;0;0;0;0;0;0;0;0;0;0;0;0;0;0;0;0;0;0;0;0;0;0;0;0;0;0;0;0;0;0;0;1;1;1;1;1;1;1;1;1;1;1;1;1;1;1;1;1;1;1;0;0;0;0;0;0;0;0;0;0.0004;0.088;-0.0884;0;0;0;0;0;0;0;0;0;0;0;0;0;0;0;0;0;0;0;-16.99;0;0;0;0;0.0004;0;0;0;0;0;0;0;-0.0004;-0.0884;0;0;0;0;0;0;0;0;0;-0.7452;0;0.7452;1;1;0;0;0;0
04/02/21 05:00;3.5116;-107.21;81.457;3.6759;5.2693;-90;-5.2693;13.205;12.798;0.4072;16.99;6.1;0;0.9875;12.711;0.1469;0;0.0056;13.851;0;13.851;0.9875;0.1469;12.711;0.0056;0.0713;0.9181;0;0.0004;13.814;0.0369;0;0;0.0323;0.0046;12.809;0.9769;0.3711;0.0552;0.5504;0.0002;13.786;0.0276;0.002;0.0003;0.0254;0;12.81;0.6144;0.0914;12.103;0.0007;7.5535;6.0428;2.2978;0.0002;0.09;1.2943;0.0004;1.3841;0;1;0;0;1.0489;0.9973;1;1;0.9975;0.1675;0.9291;0.6235;1;0.9565;0.7767;0.998;0.998;1;0.998;0.998;0.9248;0.9522;0.1298;0.0394;0.0392;0.0002;0.0069;-0.001;0.0002;0.0008;0.0002;0;0;0.088;-0.0595;0;0;0;0;0;0;0;0;0;0;0;0;0.0007;0;0.0312;0.0312;0;17.636;17.636;0.6462;0.0504;31.832;978.83;1;0.0027;0.0027;0;0;0;0;0;0;0.0285;-0.0595;0;14.865;17.213;-28.388;-32.872;91.46;91.46;0.3324;0.2628;-0.5018;0.0697;0.7646;0.2095;2.3;0;7.5512;0;0
04/02/21 06:00;12.832;-100.77;57.409;13.054;20.163;-90;-20.163;186.11;35.502;150.6;20.11;6.74;0;365.26;17.795;41.58;0;1.1405;425.77;0;425.77;365.26;41.58;17.795;1.1405;0.8579;0.0445;0;0.0027;424.41;1.3688;0;0;0.4164;0.9524;411.69;11.864;10.078;1.1472;0.5982;0.0412;423.56;0.8488;0.7305;0.0832;0.0348;0.0004;411.73;354.45;40.35;16.745;0.1465;11.886;9.509;3.385;0.0657;0.1608;2.3137;0.0363;2.4089;0;1;0;0;2.2878;0.9968;1;1;0.9766;0.1649;0.972;0.9724;1;0.9655;0.7805;0.998;0.998;1;0.998;0.998;0.9669;0.941;0.1285;1.2117;1.1826;0.0071;0.0096;0.065;0.0077;0.0273;0.0004;0;0;0.088;0.9355;0;0;0;0;0;0;0;0;0;0;0;0;0.022;0.0036;1.0398;1.0398;0;40.439;40.439;20.329;0.0494;1019.1;1020.4;1;0.0164;0.0164;0;0;0;0;0;0;1.0235;0.9355;0;16.138;18.688;14.519;16.812;98.426;98.426;10.219;8.7692;7.889;1.4494;0.8801;0.1418;0.0861;0.772;11.064;0.7689;0
04/02/21 07:00;25.006;-92.597;5.4994;25.028;60;-90;-60;410.79;70.497;340.3;23.1;7.06;0;801.33;22.56;95.175;0;20.54;939.61;0;939.61;801.33;95.175;22.56;20.54;0.8528;0.0459;0;0.0219;917.66;21.944;0;0;2.8264;19.118;914.87;0.9588;0.1519;0.018;0.6968;0.0921;915.83;1.8353;1.6027;0.1904;0.0395;0.0028;916.05;799.58;94.967;18.997;1.3268;32.519;26.015;11.835;3.7768;0.5065;7.2858;1.1794;4.0156;0;1;0;0;2.2873;0.9766;1;1;0.8747;0.0692;0.999;0.9998;1;0.9646;0.9351;0.998;0.998;1;0.998;0.998;0.9737;0.8421;0.0646;2.6741;2.6355;0.0159;-0.0016;0.4129;0.0155;0.0548;0.0012;0;0;0.088;1.9561;0;0;0;0;0;0;0;0;0;0;0;0;0.0442;0.0161;2.0766;2.0766;0;69.241;69.241;46.141;0.0504;2273.5;913.37;1;0.0325;0.0325;0;0;0;0;0;0;2.0441;1.9561;0;14.604;16.911;13.757;15.93;98.435;98.435;22.551;17.512;16.496;5.0385;1.0162;0.2234;0.0451;0.7315;19.646;0.7273;0
04/02/21 08:00;37.255;-83.692;5.0174;37.423;52.577;-90;-52.577;563.4;133.4;430;25.34;7.29;0;707.59;52.988;111.04;0;22.102;893.72;0;893.72;707.59;111.04;52.988;22.102;0.7917;0.084;0;0.0247;867.66;26.06;0;0;5.4818;20.579;864.13;1.7971;0.1224;0.0192;1.5938;0.0618;865.93;1.7353;1.4152;0.2221;0.095;0.003;869.06;706.05;110.8;45.817;1.4589;204.07;163.26;64.668;5.5583;2.6237;37.741;4.9364;34.806;0;1;0;0;1.5863;0.9708;1;1;0.8965;0.0689;0.9979;0.9998;1;0.9664;0.9594;0.998;0.998;1;0.998;0.998;0.9669;0.8647;0.066;2.5435;2.5621;0.0154;-0.0018;0.3986;0.015;0.0534;0.006;0;0;0.088;1.8978;0;0;0;0;0;0;0;0;0;0;0;0;0.043;0.0152;2.0172;2.0172;0;68.911;68.911;43.571;0.0504;2208.3;913.44;1;0.0314;0.0314;0;0;0;0;0;0;1.9858;1.8978;0;14.915;17.271;14.032;16.248;98.444;98.444;21.449;17.011;16.004;4.4382;1.0068;0.2069;0.0469;0.7461;42.481;0.7233;0
04/02/21 09:00;49.256;-72.654;11.221;50.569;39.431;-90;-39.431;741.81;155.5;586.3;26.96;7.22;0;759.07;61.859;110.95;0;16.884;948.77;0;948.77;759.07;110.95;61.859;16.884;0.8001;0.083;0;0.0178;929.19;19.577;0;0;4.2024;15.375;924.99;2.3435;0.2936;0.0429;1.8625;0.1444;927.33;1.8584;1.5181;0.2219;0.1153;0.003;929.75;757.26;110.69;55.679;1.3618;358.88;287.1;116.99;2.4028;3.9224;56.422;4.7547;57.941;0;1;0;0;1.279;0.9794;1;1;0.9321;0.0894;0.9975;0.9996;1;0.9676;0.9041;0.998;0.998;1;0.998;0.998;0.9749;0.9001;0.0807;2.7001;2.7731;0.0167;-0.0008;0.4799;0.0159;0.0565;0.0088;0;0;0.088;2.0114;0;0;0;0;0;0;0;0;0;0;0;0;0.0455;0.0177;2.1327;2.1327;0;73.787;73.787;46.827;0.0506;2390.5;892.16;1;0.0333;0.0333;0;0;0;0;0;0;2.0994;2.0114;0;14.854;17.2;14.009;16.222;98.439;98.439;22.77;17.985;16.963;4.785;1.0229;0.2101;0.0449;0.7449;43.851;0.7132;0
04/02/21 10:00;60.356;-56.495;15.845;64.614;25.386;-90;-25.386;890.7;165.9;724.8;29.01;7.03;0;802.27;64.118;109.06;0;8.6004;984.04;0;984.04;802.27;109.06;64.118;8.6004;0.8153;0.0739;0;0.0087;974.53;9.5125;0;0;2.1715;7.341;969.78;2.8049;0.4382;0.0596;2.0557;0.2515;972.58;1.9491;1.6045;0.2181;0.1239;0.0025;971.99;800.22;108.78;59.767;1.0055;490.43;392.34;159.98;0.5435;5.1754;74.446;2.2115;79.078;0;1;0;0;1.1048;0.9903;1;1;0.9661;0.1464;0.9971;0.9995;1;0.9667;0.7999;0.998;0.998;1;0.998;0.998;0.9855;0.9321;0.1169;2.8005;2.93;0.0176;0.0008;0.5545;0.0165;0.0585;0.0114;0;0;0.088;2.0813;0;0;0;0;0;0;0;0;0;0;0;0;0.0471;0.0197;2.2039;2.2039;0;78.286;78.286;49.277;0.0508;2517.6;875;1;0.0346;0.0346;0;0;0;0;0;0;2.1693;2.0813;0;14.799;17.137;13.976;16.184;98.431;98.431;23.617;18.586;17.552;5.0312;1.0338;0.213;0.0438;0.7432;41.021;0.7034;0
04/02/21 11:00;68.785;-28.692;18.508;79.443;10.557;-90;-10.557;588.21;441.6;146.6;28.78;6.7699;0;149.13;388.83;50.309;0;0.9956;589.26;0;589.26;149.13;50.309;388.83;0.9956;0.2531;0.6615;0;0.0017;585.37;3.8939;0;0;3.0672;0.8266;568.42;15.77;0.0951;0.0321;15.605;0.0379;584.19;1.1707;0.2983;0.1006;0.7715;0.0003;568.61;148.73;50.176;369.38;0.1308;347.63;278.11;108.49;0.139;3.9716;57.13;0.1826;60.963;0;1;0;0;1.0018;0.9934;1;1;0.9921;0.1697;0.973;0.9994;1;0.9595;0.7755;0.998;0.998;1;0.998;0.998;0.9646;0.95;0.1314;1.677;1.7413;0.0105;0.0022;0.1992;0.0107;0.038;0.0095;0;0;0.088;1.324;0;0;0;0;0;0;0;0;0;0;0;0;0.0306;0.0073;1.4333;1.4333;0;57.195;57.195;28.415;0.05;1498.5;956.49;1;0.0212;0.0212;0;0;0;0;0;0;1.412;1.324;0;16.073;18.612;14.848;17.193;98.518;98.518;14.142;12.087;11.166;2.0554;0.9212;0.1453;0.0651;0.7895;233.4;0.7361;0
04/02/21 12:00;70.504;13.303;18.952;85.343;4.6571;90;4.6571;548.9;449.8;99.105;29.83;6.58;0;99.433;415.43;33.788;0;0.1812;548.84;0;548.84;99.433;33.788;415.43;0.1812;0.1812;0.7573;0;0.0003;547.81;1.0255;0;0;0.8744;0.1511;528.5;18.212;0.065;0.0221;18.119;0.0067;546.72;1.0956;0.1989;0.0676;0.8291;0.0001;528.51;99.169;33.699;395.61;0.0234;324.73;259.78;100.09;0.0015;3.7828;54.414;0.009;58.195;0;1;0;0;0.9999;0.9981;1;1;0.9979;0.1663;0.9667;0.9993;1;0.9562;0.7767;0.998;0.998;1;0.998;0.998;0.963;0.9523;0.1289;1.5619;1.6211;0.0098;0.0036;0.1802;0.01;0.0354;0.0091;0;0;0.088;1.2303;0;0;0;0;0;0;0;0;0;0;0;0;0.0285;0.0064;1.3381;1.3381;0;56.237;56.237;26.407;0.05;1394;959.84;1;0.0198;0.0198;0;0;0;0;0;0;1.3183;1.2303;0;16.11;18.655;14.813;17.153;98.523;98.523;13.172;11.284;10.375;1.8881;0.9088;0.1433;0.069;0.7877;246.61;0.7332;0
04/02/21 13:00;64.121;47.555;17.131;70.304;19.696;90;19.696;513.9;431.2;82.698;30.45;6.4599;0;87.837;391.19;29.98;0;3.0067;512.01;0;512.01;87.837;29.98;391.19;3.0067;0.1716;0.7699;0;0.0059;500.65;11.354;0;0;8.8358;2.5178;486.23;13.423;0.0519;0.0177;13.245;0.1082;499.65;1.0013;0.1757;0.06;0.7647;0.001;486.98;87.609;29.902;368.34;0.3797;305.28;244.22;95.738;1.3227;3.5354;50.855;0.7533;53.068;0;1;0;0;0.9963;0.9778;1;1;0.9774;0.1626;0.9731;0.9994;1;0.9653;0.7782;0.998;0.998;1;0.998;0.998;0.9497;0.9416;0.1263;1.4571;1.4952;0.009;0.0052;0.1584;0.0093;0.0328;0.0085;0;0;0.088;1.1335;0;0;0;0;0;0;0;0;0;0;0;0;0.0264;0.0055;1.24;1.24;0;54.724;54.724;24.274;0.0499;1284.9;965.03;1;0.0184;0.0184;0;0;0;0;0;0;1.2215;1.1335;0;16.003;18.531;14.629;16.94;98.512;98.512;12.288;10.457;9.5592;1.8314;0.8977;0.149;0.0731;0.7779;242.69;0.7241;0
04/02/21 14:00;53.737;67.239;13.229;55.924;34.076;90;34.076;468.5;392.2;76.3;30.73;6.17;0;92.117;334.37;31.909;0;8.0444;466.44;0;466.44;92.117;31.909;334.37;8.0444;0.1975;0.7341;0;0.0172;441.09;25.342;0;0;18.151;7.1906;429.83;10.384;0.042;0.0146;10.2;0.1268;440.21;0.8822;0.1842;0.0638;0.6324;0.0017;432.39;91.89;31.831;305.38;0.7253;278.84;223.08;91.659;7.8592;3.3879;48.733;2.557;44.262;0;1;0;0;0.9956;0.9457;1;1;0.9457;0.1061;0.9764;0.9995;1;0.9677;0.8512;0.998;0.998;1;0.998;0.998;0.9215;0.9133;0.0902;1.3274;1.3347;0.008;0.0074;0.1294;0.0083;0.0295;0.0082;0;0;0.088;1.0106;0;0;0;0;0;0;0;0;0;0;0;0;0.0238;0.0045;1.1154;1.1154;0;52.157;52.157;21.427;0.0499;1147.2;972.3;1;0.0168;0.0168;0;0;0;0;0;0;1.0986;1.0106;0;15.802;18.298;14.318;16.58;98.496;98.496;11.194;9.4064;8.5229;1.788;0.8835;0.1597;0.0789;0.7613;227;0.7061;0
04/02/21 15:00;41.976;79.765;7.5909;42.433;47.567;90;47.567;279.4;267.8;11.603;30.12;5.0101;0;17.196;221.48;4.9035;0;9.0882;252.66;0;252.66;17.196;4.9035;221.48;9.0882;0.0681;0.9125;0;0.036;224.32;28.344;0;0;19.879;8.4647;217.22;6.6499;0.0045;0.0013;6.6126;0.0315;223.87;0.4486;0.0344;0.0098;0.4032;0.0012;220.68;17.157;4.8925;194.58;0.5909;174.69;139.75;60.432;16.384;2.6716;38.43;3.4624;24.718;0;1;0;0;0.9043;0.8878;1;1;0.9102;0.0686;0.9703;0.9997;1;0.9671;0.9494;0.998;0.998;1;0.998;0.998;0.8597;0.8786;0.065;0.7191;0.7084;0.0043;0.0158;0.0407;0.0045;0.0161;0.0067;0;0;0.088;0.5079;0;0;0;0;0;0;0;0;0;0;0;0;0.013;0.0015;0.6059;0.6059;0;40.899;40.899;10.779;0.0496;606.37;999.24;1;0.01;0.01;0;0;0;0;0;0;0.5959;0.5079;0;15.846;18.35;13.283;15.382;98.349;98.349;6.0639;5.1097;4.2832;0.9542;0.8265;0.1574;0.1363;0.7063;168.84;0.6341;0
04/02/21 16:00;29.775;89.279;0.6646;29.777;60;90;60;198.39;192.1;6.2917;29.83;3.96;0;12.669;142.78;3.4902;0;9.9197;168.86;0;168.86;12.669;3.4902;142.78;9.9197;0.075;0.9043;0;0.0587;141.63;27.229;0;0;17.95;9.2799;136.89;4.4518;0.0003;0.0001;4.4079;0.0435;141.34;0.2833;0.0253;0.007;0.2497;0.0013;141.03;12.643;3.4831;120.17;0.5949;125.69;100.55;46.124;23.872;2.536;36.479;4.144;15.143;0;1;0;0;0.8511;0.8387;1;1;0.8743;0.0645;0.9685;1;1;0.9646;0.9318;0.998;0.998;1;0.998;0.998;0.8107;0.8417;0.06;0.4805;0.4766;0.0029;0.0172;0.0202;0.0031;0.0108;0.0063;0;0;0.088;0.3108;0;0;0;0;0;0;0;0;0;0;0;0;0.0087;0.0007;0.4066;0.4066;0;36.626;36.626;6.7961;0.0496;405.72;1002.1;1;0.0078;0.0078;0;0;0;0;0;0;0.3988;0.3108;0;15.911;18.425;12.162;14.084;98.084;98.084;4.0525;3.4287;2.6209;0.6238;0.8078;0.1539;0.1993;0.6467;124.3;0.5567;0
04/02/21 17:00;17.541;97.619;43.035;17.687;29.776;90;29.776;30.103;29.901;0.2023;29.1;4.33;0;0.4906;27.913;0.0347;0;0.3974;28.836;0;28.836;0.4906;0.0347;27.913;0.3974;0.017;0.9818;0;0.0138;27.264;1.5718;0;0;1.2238;0.348;26.328;0.8821;0.0042;0.0003;0.8687;0.0088;27.21;0.0545;0.001;0.0001;0.0534;0.0001;26.451;0.4854;0.0343;25.767;0.0405;18.371;14.697;5.9136;0.4119;0.2245;3.2286;0.123;3.0412;0;1;0;0;0.9579;0.9455;1;1;0.9562;0.1244;0.9676;0.9913;1;0.9674;0.8207;0.998;0.998;1;0.998;0.998;0.913;0.9231;0.1019;0.0821;0.0821;0.0005;0.0101;0.0017;0.0005;0.0017;0.0005;0;0;0.088;-0.0256;0;0;0;0;0;0;0;0;0;0;0;0;0.0014;0.0001;0.0657;0.0657;0;30.426;30.426;1.3257;0.0504;68.625;957.3;1;0.0033;0.0033;0;0;0;0;0;0;0.0624;-0.0256;0;15.055;17.433;-5.8774;-6.8059;94.911;94.911;0.6921;0.554;-0.2163;0.138;0.7703;0.1995;1.1131;0;18.37;0;0
04/02/21 18:00;5.7339;105.64;75.977;5.9527;8.6148;90;8.6148;0;0;0;20.45;5.1601;0;0;0;0;0;0;0;0;0;0;0;0;0;1;1;1;1;0;0;0;0;0;0;0;0;0;0;0;0;0;0;0;0;0;0;0;0;0;0;0;0;0;0;0;0;0;0;0;0;0;0;0;1;1;1;1;1;1;1;1;1;1;1;1;1;1;1;1;1;1;1;0;0;0;0;0;0;0;0;0;0.0004;0.088;-0.0884;0;0;0;0;0;0;0;0;0;0;0;0;0;0;0;0;0;0;0;-20.45;0;0;0;0;0.0004;0;0;0;0;0;0;0;-0.0004;-0.0884;0;0;0;0;0;0;0;0;0;-0.7452;0;0.7452;1;1;0;0;0;0
04/02/21 19:00;0;0;90;0;0;90;0;0;0;0;20.64;6.87;0;0;0;0;0;0;0;0;0;0;0;0;0;1;1;1;1;0;0;0;0;0;0;0;0;0;0;0;0;0;0;0;0;0;0;0;0;0;0;0;0;0;0;0;0;0;0;0;0;0;0;0;1;1;1;1;1;1;1;1;1;1;1;1;1;1;1;1;1;1;1;0;0;0;0;0;0;0;0;0;0.0004;0.088;-0.0884;0;0;0;0;0;0;0;0;0;0;0;0;0;0;0;0;0;0;0;-20.64;0;0;0;0;0.0004;0;0;0;0;0;0;0;-0.0004;-0.0884;0;0;0;0;0;0;0;0;0;-0.7452;0;0.7452;1;1;0;0;0;0
04/02/21 20:00;0;0;90;0;0;90;0;0;0;0;21.73;7.36;0;0;0;0;0;0;0;0;0;0;0;0;0;1;1;1;1;0;0;0;0;0;0;0;0;0;0;0;0;0;0;0;0;0;0;0;0;0;0;0;0;0;0;0;0;0;0;0;0;0;0;0;1;1;1;1;1;1;1;1;1;1;1;1;1;1;1;1;1;1;1;0;0;0;0;0;0;0;0;0;0.0004;0.088;-0.0884;0;0;0;0;0;0;0;0;0;0;0;0;0;0;0;0;0;0;0;-21.73;0;0;0;0;0.0004;0;0;0;0;0;0;0;-0.0004;-0.0884;0;0;0;0;0;0;0;0;0;-0.7452;0;0.7452;1;1;0;0;0;0
04/02/21 21:00;0;0;90;0;0;90;0;0;0;0;21.07;7.14;0;0;0;0;0;0;0;0;0;0;0;0;0;1;1;1;1;0;0;0;0;0;0;0;0;0;0;0;0;0;0;0;0;0;0;0;0;0;0;0;0;0;0;0;0;0;0;0;0;0;0;0;1;1;1;1;1;1;1;1;1;1;1;1;1;1;1;1;1;1;1;0;0;0;0;0;0;0;0;0;0.0004;0.088;-0.0884;0;0;0;0;0;0;0;0;0;0;0;0;0;0;0;0;0;0;0;-21.07;0;0;0;0;0.0004;0;0;0;0;0;0;0;-0.0004;-0.0884;0;0;0;0;0;0;0;0;0;-0.7452;0;0.7452;1;1;0;0;0;0
04/02/21 22:00;0;0;90;0;0;90;0;0;0;0;19.29;7.7201;0;0;0;0;0;0;0;0;0;0;0;0;0;1;1;1;1;0;0;0;0;0;0;0;0;0;0;0;0;0;0;0;0;0;0;0;0;0;0;0;0;0;0;0;0;0;0;0;0;0;0;0;1;1;1;1;1;1;1;1;1;1;1;1;1;1;1;1;1;1;1;0;0;0;0;0;0;0;0;0;0.0004;0.088;-0.0884;0;0;0;0;0;0;0;0;0;0;0;0;0;0;0;0;0;0;0;-19.29;0;0;0;0;0.0004;0;0;0;0;0;0;0;-0.0004;-0.0884;0;0;0;0;0;0;0;0;0;-0.7452;0;0.7452;1;1;0;0;0;0
04/02/21 23:00;0;0;90;0;0;90;0;0;0;0;19.88;8.6199;0;0;0;0;0;0;0;0;0;0;0;0;0;1;1;1;1;0;0;0;0;0;0;0;0;0;0;0;0;0;0;0;0;0;0;0;0;0;0;0;0;0;0;0;0;0;0;0;0;0;0;0;1;1;1;1;1;1;1;1;1;1;1;1;1;1;1;1;1;1;1;0;0;0;0;0;0;0;0;0;0.0004;0.088;-0.0884;0;0;0;0;0;0;0;0;0;0;0;0;0;0;0;0;0;0;0;-19.88;0;0;0;0;0.0004;0;0;0;0;0;0;0;-0.0004;-0.0884;0;0;0;0;0;0;0;0;0;-0.7452;0;0.7452;1;1;0;0;0;0
05/02/21 00:00;0;0;90;0;0;90;0;0;0;0;19.95;8.8;0;0;0;0;0;0;0;0;0;0;0;0;0;1;1;1;1;0;0;0;0;0;0;0;0;0;0;0;0;0;0;0;0;0;0;0;0;0;0;0;0;0;0;0;0;0;0;0;0;0;0;0;1;1;1;1;1;1;1;1;1;1;1;1;1;1;1;1;1;1;1;0;0;0;0;0;0;0;0;0;0.0004;0.088;-0.0884;0;0;0;0;0;0;0;0;0;0;0;0;0;0;0;0;0;0;0;-19.95;0;0;0;0;0.0004;0;0;0;0;0;0;0;-0.0004;-0.0884;0;0;0;0;0;0;0;0;0;-0.7452;0;0.7452;1;1;0;0;0;0
05/02/21 01:00;0;0;90;0;0;90;0;0;0;0;19.9;8.5399;0;0;0;0;0;0;0;0;0;0;0;0;0;1;1;1;1;0;0;0;0;0;0;0;0;0;0;0;0;0;0;0;0;0;0;0;0;0;0;0;0;0;0;0;0;0;0;0;0;0;0;0;1;1;1;1;1;1;1;1;1;1;1;1;1;1;1;1;1;1;1;0;0;0;0;0;0;0;0;0;0.0004;0.088;-0.0884;0;0;0;0;0;0;0;0;0;0;0;0;0;0;0;0;0;0;0;-19.9;0;0;0;0;0.0004;0;0;0;0;0;0;0;-0.0004;-0.0884;0;0;0;0;0;0;0;0;0;-0.7452;0;0.7452;1;1;0;0;0;0
05/02/21 02:00;0;0;90;0;0;90;0;0;0;0;20.1;7.85;0;0;0;0;0;0;0;0;0;0;0;0;0;1;1;1;1;0;0;0;0;0;0;0;0;0;0;0;0;0;0;0;0;0;0;0;0;0;0;0;0;0;0;0;0;0;0;0;0;0;0;0;1;1;1;1;1;1;1;1;1;1;1;1;1;1;1;1;1;1;1;0;0;0;0;0;0;0;0;0;0.0004;0.088;-0.0884;0;0;0;0;0;0;0;0;0;0;0;0;0;0;0;0;0;0;0;-20.1;0;0;0;0;0.0004;0;0;0;0;0;0;0;-0.0004;-0.0884;0;0;0;0;0;0;0;0;0;-0.7452;0;0.7452;1;1;0;0;0;0
05/02/21 03:00;0;0;90;0;0;90;0;0;0;0;20.44;7.1799;0;0;0;0;0;0;0;0;0;0;0;0;0;1;1;1;1;0;0;0;0;0;0;0;0;0;0;0;0;0;0;0;0;0;0;0;0;0;0;0;0;0;0;0;0;0;0;0;0;0;0;0;1;1;1;1;1;1;1;1;1;1;1;1;1;1;1;1;1;1;1;0;0;0;0;0;0;0;0;0;0.0004;0.088;-0.0884;0;0;0;0;0;0;0;0;0;0;0;0;0;0;0;0;0;0;0;-20.44;0;0;0;0;0.0004;0;0;0;0;0;0;0;-0.0004;-0.0884;0;0;0;0;0;0;0;0;0;-0.7452;0;0.7452;1;1;0;0;0;0
05/02/21 04:00;0;0;90;0;0;90;0;0;0;0;20.98;7.13;0;0;0;0;0;0;0;0;0;0;0;0;0;1;1;1;1;0;0;0;0;0;0;0;0;0;0;0;0;0;0;0;0;0;0;0;0;0;0;0;0;0;0;0;0;0;0;0;0;0;0;0;1;1;1;1;1;1;1;1;1;1;1;1;1;1;1;1;1;1;1;0;0;0;0;0;0;0;0;0;0.0004;0.088;-0.0884;0;0;0;0;0;0;0;0;0;0;0;0;0;0;0;0;0;0;0;-20.98;0;0;0;0;0.0004;0;0;0;0;0;0;0;-0.0004;-0.0884;0;0;0;0;0;0;0;0;0;-0.7452;0;0.7452;1;1;0;0;0;0
05/02/21 05:00;3.3134;-106.98;81.942;3.4641;4.9625;-90;-4.9625;5.0009;4.9027;0.0982;21.37;7.75;0;0.2382;4.8876;0.0144;0;0.0019;5.142;5.142;0;0.2382;0;0;0;1;1;1;1;0;0;0;0;0;0;0;0;0;0;0;0;0;0;0;0;0;0;0;0;0;0;0;0;0;0;0;0;0;0;0;0;0;0;0;0;1;1;1;1;1;1;1;1;1;1;1;0;1;0;0;1;0;0;0;0;0;0;0;0;0;0;0;0.0004;0.088;-0.0884;0;0;0;0;0;0;0;0;0;0;0;0;0;0;0;0;0;0;0;-21.37;0;0;0;0;0.0004;0;0;0;0;0;0;0;-0.0004;-0.0884;0;0;0;0;0;0;0;0;0;-0.7452;0;0.7452;1;1;0;0;0;0
05/02/21 06:00;12.643;-100.53;57.937;12.853;19.796;-90;-19.796;65.304;63.2;2.104;21.44;9.37;0;5.1028;60.913;1.0496;0;0.3859;67.451;0;67.451;5.1028;1.0496;60.913;0.3859;0.0757;0.9088;0;0.0057;65.746;1.7052;0;0;1.3833;0.322;63.361;2.2538;0.1498;0.0308;2.0591;0.0141;65.614;0.1315;0.0102;0.0021;0.1191;0.0001;63.455;4.9428;1.0167;57.351;0.0498;37.821;30.257;11.756;0.2096;0.4478;6.4416;0.094;6.6798;0;1;0;0;1.0329;0.9747;1;1;0.9773;0.1657;0.9657;0.9706;1;0.9653;0.7798;0.998;0.998;1;0.998;0.998;0.9394;0.9415;0.1289;0.192;0.1945;0.0012;0.0146;-0.0003;0.0013;0.0044;0.0011;0;0;0.088;0.0745;0;0;0;0;0;0;0;0;0;0;0;0;0.0036;0.0002;0.1684;0.1684;0;24.579;24.579;3.1389;0.0495;164.94;1020.8;1;0.0058;0.0058;0;0;0;0;0;0;0.1625;0.0745;0;16.495;19.101;7.303;8.4568;96.538;96.538;1.6188;1.4199;0.6287;0.1989;0.7913;0.1229;0.4888;0.3883;37.808;0.3624;0
05/02/21 07:00;24.823;-92.328;5.5735;24.841;60;-90;-60;164.89;155.2;9.6881;22.96;11.44;0;22.968;114.49;6.0489;0;8.2446;151.75;0;151.75;22.968;6.0489;114.49;8.2446;0.1514;0.8088;0;0.0543;129.73;22.018;0;0;14.344;7.6739;125.89;3.5787;0.0044;0.0012;3.5362;0.037;129.47;0.2595;0.0459;0.0121;0.2003;0.0011;129.19;22.917;6.0356;96.409;0.5326;100.03;80.027;36.763;19.142;2.0242;29.117;3.2938;11.998;0;1;0;0;0.9203;0.8549;1;1;0.8747;0.0692;0.9724;0.9998;1;0.9646;0.9351;0.998;0.998;1;0.998;0.998;0.8296;0.8421;0.0646;0.4319;0.4279;0.0026;0.0172;0.0065;0.0028;0.01;0.0052;0;0;0.088;0.2793;0;0;0;0;0;0;0;0;0;0;0;0;0.008;0.0006;0.375;0.375;0;29.175;29.175;6.2158;0.0494;364.08;1030;1;0.0077;0.0077;0;0;0;0;0;0;0.3673;0.2793;0;16.329;18.908;12.16;14.081;97.938;97.938;3.642;3.1623;2.355;0.4797;0.8073;0.1317;0.2217;0.6466;99.7;0.5654;0
05/02/21 08:00;37.071;-83.387;5.272;37.255;52.745;-90;-52.745;221.7;213.1;8.5962;23.41;12.66;0;14.2;169.32;3.5762;0;8.7491;195.84;0;195.84;14.2;3.5762;169.32;8.7491;0.0725;0.9092;0;0.0447;170.1;25.744;0;0;17.598;8.1467;164.63;5.1223;0.0026;0.0006;5.0946;0.0244;169.76;0.3402;0.0284;0.0072;0.3034;0.0012;168.12;14.169;3.5684;146.32;0.5768;139.45;111.56;49.317;17.945;2.379;34.221;3.4848;18.656;0;1;0;0;0.8834;0.8685;1;1;0.8961;0.0689;0.9698;0.9998;1;0.9664;0.9593;0.998;0.998;1;0.998;0.998;0.8407;0.8642;0.0659;0.5573;0.5495;0.0033;0.017;0.013;0.0036;0.0128;0.0061;0;0;0.088;0.3856;0;0;0;0;0;0;0;0;0;0;0;0;0.0103;0.0009;0.4825;0.4825;0;31.534;31.534;8.1243;0.0493;468.24;1030.4;1;0.0089;0.0089;0;0;0;0;0;0;0.4736;0.3856;0;16.279;18.851;13.01;15.066;98.161;98.161;4.7002;4.0687;3.2517;0.6315;0.817;0.1344;0.1738;0.6918;135.98;0.6118;0
05/02/21 09:00;49.057;-72.301;11.492;50.427;39.573;-90;-39.573;346.99;317.4;29.596;26.67;12.44;0;38.395;273.18;11.493;0;7.9527;331.02;0;331.02;38.395;11.493;273.18;7.9527;0.116;0.8493;0;0.024;305.11;25.908;0;0;18.662;7.246;296.19;8.31;0.0152;0.0046;8.2237;0.0666;304.5;0.6102;0.0768;0.023;0.509;0.0014;298.95;38.303;11.466;245.79;0.6388;211.87;169.5;70.912;10.727;2.8009;40.29;2.7595;32.365;0;1;0;0;0.954;0.9217;1;1;0.9317;0.0889;0.9727;0.9996;1;0.9676;0.9056;0.998;0.998;1;0.998;0.998;0.8948;0.8997;0.0803;0.9421;0.936;0.0056;0.0131;0.0549;0.006;0.0214;0.007;0;0;0.088;0.7075;0;0;0;0;0;0;0;0;0;0;0;0;0.0172;0.0024;0.8083;0.8083;0;41.338;41.338;14.668;0.0495;803;1006.7;1;0.0128;0.0128;0;0;0;0;0;0;0.7955;0.7075;0;16.136;18.686;14.124;16.355;98.415;98.415;7.9445;6.8169;5.9667;1.1277;0.8502;0.1419;0.107;0.751;193.89;0.6883;0
05/02/21 10:00;60.123;-56.099;16.131;64.507;25.493;-90;-25.493;944.4;155.5;788.9;28.3;11.8;0;873.99;52.051;111.66;0;9.1952;1046.9;0;1046.9;873.99;111.66;52.051;9.1952;0.8348;0.0585;0;0.0088;1037.3;9.6274;0;0;1.7749;7.8525;1032.7;2.4829;0.486;0.0621;1.6674;0.2674;1035.2;2.0745;1.748;0.2233;0.1006;0.0027;1035.2;871.76;111.37;48.509;1.0726;518.59;414.87;165.88;0.4484;5.6782;81.679;2.4388;86.909;0;1;0;0;1.1085;0.9908;1;1;0.9659;0.146;0.9976;0.9994;1;0.9668;0.8004;0.998;0.998;1;0.998;0.998;0.9865;0.9319;0.1166;2.9794;3.1253;0.0188;0.0035;0.6201;0.0174;0.0616;0.0123;0;0;0.088;2.1873;0;0;0;0;0;0;0;0;0;0;0;0;0.0496;0.0222;2.3195;2.3124;0;80.889;80.889;52.59;0.0509;2642.8;875;1;0.0442;0.0371;0;0.0071;0;0;0;0;2.2753;2.1873;0;14.596;16.902;13.806;15.987;98.094;98.395;25.126;19.501;18.446;5.6246;1.0551;0.2239;0.042;0.7341;33.322;0.6936;0
05/02/21 11:00;68.497;-28.419;18.807;79.38;10.62;-90;-10.62;669.1;416.9;252.2;29.42;11.05;0;256.6;333.51;81.908;0;1.146;673.16;0;673.16;256.6;81.908;333.51;1.146;0.3812;0.4971;0;0.0017;669.55;3.6087;0;0;2.6572;0.9515;654.58;13.634;0.1664;0.0531;13.371;0.0436;668.21;1.3391;0.5132;0.1638;0.6617;0.0004;654.79;255.92;81.691;316.82;0.1506;394.05;315.24;124.26;0.122;4.4163;63.527;0.2137;67.821;0;1;0;0;1.0061;0.9946;1;1;0.992;0.1697;0.9796;0.9994;1;0.9595;0.7755;0.998;0.998;1;0.998;0.998;0.9724;0.95;0.1314;1.9158;2.0007;0.012;-0.0003;0.2648;0.0121;0.0428;0.0104;0;0;0.088;1.5025;0;0;0;0;0;0;0;0;0;0;0;0;0.0345;0.0095;1.6148;1.6148;0;62.263;62.263;32.843;0.0502;1723.8;936.77;1;0.0243;0.0243;0;0;0;0;0;0;1.5905;1.5025;0;15.851;18.355;14.749;17.079;98.495;98.495;16.156;13.618;12.671;2.5382;0.9471;0.1571;0.0586;0.7843;200.23;0.7325;0
05/02/21 12:00;70.212;13.051;19.257;85.355;4.6448;90;4.6448;1096.3;180.9;915.4;30.55;10.09;0;918.42;55.437;125.78;0;0.36;1100;0;1100;918.42;125.78;55.437;0.36;0.8349;0.0507;0;0.0003;1099.6;0.4164;0;0;0.1162;0.3002;1094.3;3.1246;0.6097;0.0835;2.4181;0.0133;1097.4;2.1992;1.8368;0.2516;0.1106;0.0001;1094.3;915.97;125.45;52.792;0.0464;645.24;516.19;206.83;0.0003;6.9997;100.69;0.0294;107.69;0;1;0;0;1.0034;0.9996;1;1;0.9979;0.1663;0.9972;0.9993;1;0.9562;0.7767;0.998;0.998;1;0.998;0.998;0.9948;0.9523;0.1289;3.1305;3.3325;0.0201;0.0076;0.7291;0.018;0.0639;0.0148;0;0;0.088;2.2373;0;0;0;0;0;0;0;0;0;0;0;0;0.0515;0.0251;2.4024;2.3636;0;86.538;86.538;55.988;0.0512;2701.2;875;1;0.0772;0.0383;0;0.0389;0;0;0;0;2.3253;2.2373;0;14.199;16.442;13.44;15.563;96.788;98.379;26.4;19.932;18.867;6.4676;1.0651;0.245;0.0403;0.7147;32.908;0.6688;0
05/02/21 13:00;63.901;47.075;17.434;70.266;19.734;90;19.734;532.9;434.2;98.705;31.08;8.8;0;104.86;388.45;36.119;0;3.1296;532.56;0;532.56;104.86;36.119;388.45;3.1296;0.1969;0.7353;0;0.0059;521.14;11.423;0;0;8.8017;2.6209;506.76;13.341;0.063;0.0217;13.143;0.1126;520.1;1.0423;0.2097;0.0722;0.7593;0.001;507.54;104.59;36.025;365.75;0.3951;315.9;252.72;99.219;1.3222;3.6455;52.44;0.7837;54.763;0;1;0;0;0.9994;0.9786;1;1;0.9773;0.1626;0.9743;0.9994;1;0.9653;0.7783;0.998;0.998;1;0.998;0.998;0.9515;0.9416;0.1263;1.5156;1.5571;0.0094;0.0044;0.1743;0.0096;0.034;0.0088;0;0;0.088;1.1765;0;0;0;0;0;0;0;0;0;0;0;0;0.0274;0.006;1.2834;1.2834;0;56.409;56.409;25.329;0.05;1338.7;958.7;1;0.019;0.019;0;0;0;0;0;0;1.2645;1.1765;0;15.925;18.441;14.598;16.904;98.522;98.522;12.781;10.823;9.9213;1.9581;0.902;0.1532;0.0706;0.7762;241.04;0.7229;0
05/02/21 14:00;53.569;66.81;13.524;55.845;34.155;90;34.155;13.596;13.596;0;28.29;7.6;0;0;12.424;0;0;0.2345;12.658;0;12.658;0;0;12.424;0.2345;0;1;0;0.0185;11.771;0.8866;0;0;0.6769;0.2097;11.365;0.3826;0;0;0.3789;0.0037;11.748;0.0235;0;0;0.0235;0;11.443;0;0;11.344;0.0211;8.4395;6.7516;2.7664;0.2943;0.1067;1.535;0.0779;1.3474;0;1;0;0;0.931;0.93;1;1;0.9455;0.1058;0.9674;1;1;0.9677;0.8518;0.998;1;1;0.998;0.998;0.8979;0.9131;0.0899;0.036;0.0358;0.0002;0.0066;0.0005;0.0002;0.0007;0.0002;0;0;0.088;-0.0637;0;0;0;0;0;0;0;0;0;0;0;0;0.0006;0;0.0268;0.0268;0;28.87;28.87;0.5798;0.051;28.992;923.59;1;0.0025;0.0025;0;0;0;0;0;0;0.0243;-0.0637;0;13.979;16.187;-33.246;-38.498;90.807;90.807;0.3038;0.2258;-0.5371;0.078;0.7629;0.2567;2.5112;0;8.4395;0;0
05/02/21 15:00;41.831;79.404;7.8749;42.321;47.679;90;47.679;121.29;120;1.2891;20.89;7.0899;0;1.9147;100.26;0.2454;0;3.9627;106.38;0;106.38;1.9147;0.2454;100.26;3.9627;0.018;0.9797;0;0.0372;93.662;12.721;0;0;9.0298;3.6914;90.467;3.0078;0.0005;0.0001;2.9936;0.0136;93.474;0.1873;0.0038;0.0005;0.1825;0.0005;91.994;1.9103;0.2449;88.054;0.2572;77.083;61.666;26.836;7.4771;1.184;17.031;1.5275;10.738;0;1;0;0;0.8771;0.8804;1;1;0.9099;0.0685;0.9678;0.9997;1;0.9671;0.9498;0.998;0.998;1;0.998;0.998;0.8504;0.8783;0.0649;0.3028;0.2973;0.0018;0.0165;0.0004;0.002;0.0069;0.003;0;0;0.088;0.1662;0;0;0;0;0;0;0;0;0;0;0;0;0.0056;0.0004;0.2608;0.2608;0;25.357;25.357;4.4671;0.0494;252.61;1032.5;1;0.0066;0.0066;0;0;0;0;0;0;0.2542;0.1662;0;16.201;18.76;10.324;11.955;97.463;97.463;2.5532;2.1995;1.4016;0.3536;0.7979;0.1385;0.3125;0.549;76.515;0.4902;0
05/02/21 16:00;29.637;88.966;0.9679;29.641;60;90;60;171.01;167.3;3.7025;21.88;6.0699;0;7.4862;124.81;1.8043;0;8.5503;142.65;0;142.65;7.4862;1.8043;124.81;8.5503;0.0525;0.9349;0;0.0599;118.96;23.69;0;0;15.691;7.9989;114.83;3.891;0.0002;0.0001;3.8532;0.0375;118.72;0.2379;0.015;0.0036;0.2182;0.0011;118.44;7.471;1.8006;105.05;0.5128;109.44;87.55;40.163;20.868;2.2132;31.836;3.6107;13.181;0;1;0;0;0.8342;0.8339;1;1;0.8743;0.0645;0.9672;1;1;0.9646;0.9318;0.998;0.998;1;0.998;0.998;0.805;0.8417;0.06;0.406;0.4026;0.0024;0.0172;0.0037;0.0027;0.0094;0.0057;0;0;0.088;0.2578;0;0;0;0;0;0;0;0;0;0;0;0;0.0076;0.0006;0.3534;0.3534;0;27.547;27.547;5.6668;0.0493;342.04;1033.1;1;0.0075;0.0075;0;0;0;0;0;0;0.3458;0.2578;0;16.369;18.955;11.943;13.83;97.868;97.868;3.4236;2.9799;2.1743;0.4437;0.8056;0.1296;0.2353;0.6351;108.65;0.5442;0
05/02/21 17:00;17.4;97.336;43.511;17.534;29.409;90;29.409;29.302;29.102;0.1995;22.46;6.18;0;0.4838;27.214;0.0335;0;0.3776;28.109;0;28.109;0.4838;0.0335;27.214;0.3776;0.0172;0.9816;0;0.0134;26.609;1.4999;0;0;1.1698;0.33;25.694;0.8619;0.0043;0.0003;0.8487;0.0086;26.556;0.0532;0.001;0.0001;0.0521;0.0001;25.81;0.4785;0.0332;25.144;0.0389;17.866;14.293;5.7427;0.3847;0.2178;3.1329;0.1161;2.966;0;1;0;0;0.9593;0.9466;1;1;0.957;0.126;0.9675;0.9911;1;0.9673;0.8185;0.998;0.998;1;0.998;0.998;0.9141;0.9239;0.1029;0.08;0.0801;0.0005;0.01;-0.0004;0.0005;0.0017;0.0005;0;0;0.088;-0.0257;0;0;0;0;0;0;0;0;0;0;0;0;0.0014;0.0001;0.0658;0.0658;0;23.747;23.747;1.2871;0.0501;66.837;984.82;1;0.0035;0.0035;0;0;0;0;0;0;0.0623;-0.0257;0;15.474;17.918;-6.0301;-6.9828;94.722;94.722;0.6746;0.5551;-0.2163;0.1195;0.7714;0.1772;1.1435;0;17.865;0;0
05/02/21 18:00;5.5815;105.37;76.356;5.7871;8.368;90;8.368;2.5981;2.5012;0.0969;22.72;6.9901;0;0.235;2.4861;0.0043;0;0.0028;2.7282;2.7282;0;0.235;0;0;0;1;1;1;1;0;0;0;0;0;0;0;0;0;0;0;0;0;0;0;0;0;0;0;0;0;0;0;0;0;0;0;0;0;0;0;0;0;0;0;0;1;1;1;1;1;1;1;1;1;1;1;0;1;0;0;1;0;0;0;0;0;0;0;0;0;0;0;0.0004;0.088;-0.0884;0;0;0;0;0;0;0;0;0;0;0;0;0;0;0;0;0;0;0;-22.72;0;0;0;0;0.0004;0;0;0;0;0;0;0;-0.0004;-0.0884;0;0;0;0;0;0;0;0;0;-0.7452;0;0.7452;1;1;0;0;0;0
05/02/21 19:00;0;0;90;0;0;90;0;0;0;0;22.21;6.2001;0;0;0;0;0;0;0;0;0;0;0;0;0;1;1;1;1;0;0;0;0;0;0;0;0;0;0;0;0;0;0;0;0;0;0;0;0;0;0;0;0;0;0;0;0;0;0;0;0;0;0;0;1;1;1;1;1;1;1;1;1;1;1;1;1;1;1;1;1;1;1;0;0;0;0;0;0;0;0;0;0.0004;0.088;-0.0884;0;0;0;0;0;0;0;0;0;0;0;0;0;0;0;0;0;0;0;-22.21;0;0;0;0;0.0004;0;0;0;0;0;0;0;-0.0004;-0.0884;0;0;0;0;0;0;0;0;0;-0.7452;0;0.7452;1;1;0;0;0;0
05/02/21 20:00;0;0;90;0;0;90;0;0;0;0;20.7;4.96;0;0;0;0;0;0;0;0;0;0;0;0;0;1;1;1;1;0;0;0;0;0;0;0;0;0;0;0;0;0;0;0;0;0;0;0;0;0;0;0;0;0;0;0;0;0;0;0;0;0;0;0;1;1;1;1;1;1;1;1;1;1;1;1;1;1;1;1;1;1;1;0;0;0;0;0;0;0;0;0;0.0004;0.088;-0.0884;0;0;0;0;0;0;0;0;0;0;0;0;0;0;0;0;0;0;0;-20.7;0;0;0;0;0.0004;0;0;0;0;0;0;0;-0.0004;-0.0884;0;0;0;0;0;0;0;0;0;-0.7452;0;0.7452;1;1;0;0;0;0
05/02/21 21:00;0;0;90;0;0;90;0;0;0;0;21.01;4.57;0;0;0;0;0;0;0;0;0;0;0;0;0;1;1;1;1;0;0;0;0;0;0;0;0;0;0;0;0;0;0;0;0;0;0;0;0;0;0;0;0;0;0;0;0;0;0;0;0;0;0;0;1;1;1;1;1;1;1;1;1;1;1;1;1;1;1;1;1;1;1;0;0;0;0;0;0;0;0;0;0.0004;0.088;-0.0884;0;0;0;0;0;0;0;0;0;0;0;0;0;0;0;0;0;0;0;-21.01;0;0;0;0;0.0004;0;0;0;0;0;0;0;-0.0004;-0.0884;0;0;0;0;0;0;0;0;0;-0.7452;0;0.7452;1;1;0;0;0;0
05/02/21 22:00;0;0;90;0;0;90;0;0;0;0;21.69;4.6199;0;0;0;0;0;0;0;0;0;0;0;0;0;1;1;1;1;0;0;0;0;0;0;0;0;0;0;0;0;0;0;0;0;0;0;0;0;0;0;0;0;0;0;0;0;0;0;0;0;0;0;0;1;1;1;1;1;1;1;1;1;1;1;1;1;1;1;1;1;1;1;0;0;0;0;0;0;0;0;0;0.0004;0.088;-0.0884;0;0;0;0;0;0;0;0;0;0;0;0;0;0;0;0;0;0;0;-21.69;0;0;0;0;0.0004;0;0;0;0;0;0;0;-0.0004;-0.0884;0;0;0;0;0;0;0;0;0;-0.7452;0;0.7452;1;1;0;0;0;0
05/02/21 23:00;0;0;90;0;0;90;0;0;0;0;21.3;4.2;0;0;0;0;0;0;0;0;0;0;0;0;0;1;1;1;1;0;0;0;0;0;0;0;0;0;0;0;0;0;0;0;0;0;0;0;0;0;0;0;0;0;0;0;0;0;0;0;0;0;0;0;1;1;1;1;1;1;1;1;1;1;1;1;1;1;1;1;1;1;1;0;0;0;0;0;0;0;0;0;0.0004;0.088;-0.0884;0;0;0;0;0;0;0;0;0;0;0;0;0;0;0;0;0;0;0;-21.3;0;0;0;0;0.0004;0;0;0;0;0;0;0;-0.0004;-0.0884;0;0;0;0;0;0;0;0;0;-0.7452;0;0.7452;1;1;0;0;0;0
06/02/21 00:00;0;0;90;0;0;90;0;0;0;0;21.5;2.5301;0;0;0;0;0;0;0;0;0;0;0;0;0;1;1;1;1;0;0;0;0;0;0;0;0;0;0;0;0;0;0;0;0;0;0;0;0;0;0;0;0;0;0;0;0;0;0;0;0;0;0;0;1;1;1;1;1;1;1;1;1;1;1;1;1;1;1;1;1;1;1;0;0;0;0;0;0;0;0;0;0.0004;0.088;-0.0884;0;0;0;0;0;0;0;0;0;0;0;0;0;0;0;0;0;0;0;-21.5;0;0;0;0;0.0004;0;0;0;0;0;0;0;-0.0004;-0.0884;0;0;0;0;0;0;0;0;0;-0.7452;0;0.7452;1;1;0;0;0;0
06/02/21 01:00;0;0;90;0;0;90;0;0;0;0;21.36;1.33;0;0;0;0;0;0;0;0;0;0;0;0;0;1;1;1;1;0;0;0;0;0;0;0;0;0;0;0;0;0;0;0;0;0;0;0;0;0;0;0;0;0;0;0;0;0;0;0;0;0;0;0;1;1;1;1;1;1;1;1;1;1;1;1;1;1;1;1;1;1;1;0;0;0;0;0;0;0;0;0;0.0004;0.088;-0.0884;0;0;0;0;0;0;0;0;0;0;0;0;0;0;0;0;0;0;0;-21.36;0;0;0;0;0.0004;0;0;0;0;0;0;0;-0.0004;-0.0884;0;0;0;0;0;0;0;0;0;-0.7452;0;0.7452;1;1;0;0;0;0
06/02/21 02:00;0;0;90;0;0;90;0;0;0;0;21.34;1.22;0;0;0;0;0;0;0;0;0;0;0;0;0;1;1;1;1;0;0;0;0;0;0;0;0;0;0;0;0;0;0;0;0;0;0;0;0;0;0;0;0;0;0;0;0;0;0;0;0;0;0;0;1;1;1;1;1;1;1;1;1;1;1;1;1;1;1;1;1;1;1;0;0;0;0;0;0;0;0;0;0.0004;0.088;-0.0884;0;0;0;0;0;0;0;0;0;0;0;0;0;0;0;0;0;0;0;-21.34;0;0;0;0;0.0004;0;0;0;0;0;0;0;-0.0004;-0.0884;0;0;0;0;0;0;0;0;0;-0.7452;0;0.7452;1;1;0;0;0;0
06/02/21 03:00;0;0;90;0;0;90;0;0;0;0;17.76;1.96;0;0;0;0;0;0;0;0;0;0;0;0;0;1;1;1;1;0;0;0;0;0;0;0;0;0;0;0;0;0;0;0;0;0;0;0;0;0;0;0;0;0;0;0;0;0;0;0;0;0;0;0;1;1;1;1;1;1;1;1;1;1;1;1;1;1;1;1;1;1;1;0;0;0;0;0;0;0;0;0;0.0004;0.088;-0.0884;0;0;0;0;0;0;0;0;0;0;0;0;0;0;0;0;0;0;0;-17.76;0;0;0;0;0.0004;0;0;0;0;0;0;0;-0.0004;-0.0884;0;0;0;0;0;0;0;0;0;-0.7452;0;0.7452;1;1;0;0;0;0
06/02/21 04:00;0;0;90;0;0;90;0;0;0;0;17.44;3.1701;0;0;0;0;0;0;0;0;0;0;0;0;0;1;1;1;1;0;0;0;0;0;0;0;0;0;0;0;0;0;0;0;0;0;0;0;0;0;0;0;0;0;0;0;0;0;0;0;0;0;0;0;1;1;1;1;1;1;1;1;1;1;1;1;1;1;1;1;1;1;1;0;0;0;0;0;0;0;0;0;0.0004;0.088;-0.0884;0;0;0;0;0;0;0;0;0;0;0;0;0;0;0;0;0;0;0;-17.44;0;0;0;0;0.0004;0;0;0;0;0;0;0;-0.0004;-0.0884;0;0;0;0;0;0;0;0;0;-0.7452;0;0.7452;1;1;0;0;0;0
06/02/21 05:00;3.3108;-106.6;81.948;3.4546;4.9487;-90;-4.9487;3.4967;3.4967;0;18;4.5;0;0;3.4902;0;0;0.0013;3.4915;3.4915;0;0;0;0;0;1;1;1;1;0;0;0;0;0;0;0;0;0;0;0;0;0;0;0;0;0;0;0;0;0;0;0;0;0;0;0;0;0;0;0;0;0;0;0;0;1;1;1;1;1;1;1;1;1;1;1;1;1;0;0;1;0;0;0;0;0;0;0;0;0;0;0;0.0004;0.088;-0.0884;0;0;0;0;0;0;0;0;0;0;0;0;0;0;0;0;0;0;0;-18;0;0;0;0;0.0004;0;0;0;0;0;0;0;-0.0004;-0.0884;0;0;0;0;0;0;0;0;0;-0.7452;0;0.7452;1;1;0;0;0;0
06/02/21 06:00;12.455;-100.27;58.463;12.651;19.433;-90;-19.433;92.809;80.003;12.806;19.28;4.6801;0;31.057;74.435;8.2101;0;0.5287;114.23;0;114.23;31.057;8.2101;74.435;0.5287;0.2719;0.6562;0;0.0046;112.15;2.0798;0;0;1.6389;0.4409;108.15;3.7798;0.9701;0.2564;2.5339;0.0193;111.93;0.2243;0.0621;0.0164;0.1456;0.0002;108.26;30.025;7.9372;70.117;0.0683;46.204;36.963;14.36;0.2401;0.5461;7.8556;0.1096;8.1616;0;1;0;0;1.2308;0.9818;1;1;0.978;0.1661;0.9662;0.9687;1;0.9651;0.7794;0.998;0.998;1;0.998;0.998;0.9467;0.942;0.1292;0.3251;0.3255;0.002;0.0168;-0.0005;0.0022;0.0076;0.0014;0;0;0.088;0.1945;0;0;0;0;0;0;0;0;0;0;0;0;0.0061;0.0004;0.2895;0.2895;0;24.607;24.607;5.327;0.0493;277.61;1042.7;1;0.007;0.007;0;0;0;0;0;0;0.2825;0.1945;0;16.745;19.39;11.252;13.029;97.598;97.598;2.7416;2.4411;1.6403;0.3005;0.8007;0.1096;0.2921;0.5983;46.124;0.569;0
06/02/21 07:00;24.64;-92.053;5.6611;24.654;60;-90;-60;338.4;118.5;219.9;20.58;5.05;0;524.86;55.469;106.31;0;16.92;703.56;0;703.56;524.86;106.31;55.469;16.92;0.746;0.1029;0;0.024;680.86;22.698;0;0;6.9494;15.749;677.59;1.9123;0.1024;0.0207;1.7133;0.0759;679.5;1.3617;1.0497;0.2126;0.097;0.0023;679.56;523.71;106.07;46.71;1.0929;53.772;43.018;19.297;9.2777;1.0525;15.139;1.9714;6.9139;0;1;0;0;2.0791;0.9677;1;1;0.8747;0.0692;0.9972;0.9998;1;0.9646;0.9351;0.998;0.998;1;0.998;0.998;0.9631;0.8421;0.0646;2.0023;1.9746;0.0119;-0.0001;0.2048;0.0123;0.0436;0.0026;0;0;0.088;1.5413;0;0;0;0;0;0;0;0;0;0;0;0;0.0352;0.0093;1.655;1.655;0;54.352;54.352;33.772;0.0498;1703.5;971.5;1;0.0257;0.0257;0;0;0;0;0;0;1.6293;1.5413;0;15.544;17.999;14.476;16.763;98.447;98.447;16.885;13.957;12.998;2.9289;0.9588;0.1735;0.0568;0.7698;48.304;0.7576;0
06/02/21 08:00;36.886;-83.077;5.532;37.087;52.913;-90;-52.913;630.79;104;526.79;22.19;5.61;0;873.57;31.224;107.87;0;25.041;1037.7;0;1037.7;873.57;107.87;31.224;25.041;0.8418;0.0542;0;0.0241;1011.1;26.579;0;0;3.2602;23.319;1007.9;1.197;0.1666;0.0206;0.9399;0.07;1009.1;2.0223;1.7471;0.2157;0.0559;0.0034;1013.2;871.66;107.63;26.968;1.6487;214.27;171.41;66.566;3.3521;2.68;38.55;5.3004;37.878;0;1;0;0;1.6451;0.9744;1;1;0.8956;0.0688;0.9988;0.9998;1;0.9663;0.9593;0.998;0.998;1;0.998;0.998;0.9713;0.8637;0.0658;2.9532;2.9761;0.0179;0.0013;0.5075;0.0171;0.0608;0.006;0;0;0.088;2.1709;0;0;0;0;0;0;0;0;0;0;0;0;0.049;0.0203;2.2961;2.2961;0;73.191;73.191;51.001;0.0506;2567.3;894.33;1;0.0372;0.0372;0;0;0;0;0;0;2.2589;2.1709;0;14.621;16.931;13.824;16.008;98.381;98.381;24.905;19.363;18.307;5.542;1.0557;0.2225;0.0424;0.7351;25.121;0.7152;0
06/02/21 09:00;48.857;-71.943;11.768;50.285;39.715;-90;-39.715;814.2;134.3;679.9;23.11;6.35;0;883.87;42.369;112.33;0;18.789;1057.4;0;1057.4;883.87;112.33;42.369;18.789;0.8359;0.0578;0;0.0178;1037.3;20.039;0;0;2.9103;17.129;1033.4;1.8332;0.3585;0.0456;1.2752;0.1539;1035.2;2.0746;1.7677;0.2247;0.0789;0.0033;1038.5;881.74;112.06;38.104;1.5029;387.67;310.14;127.41;1.6886;4.1109;59.134;5.0878;61.556;0;1;0;0;1.2986;0.981;1;1;0.9313;0.0884;0.9982;0.9996;1;0.9676;0.9071;0.998;0.998;1;0.998;0.998;0.9774;0.8993;0.08;3.0092;3.0897;0.0186;0.003;0.5523;0.0176;0.0625;0.0091;0;0;0.088;2.2282;0;0;0;0;0;0;0;0;0;0;0;0;0.0503;0.0218;2.3545;2.3545;0;75.502;75.502;52.392;0.0507;2663.6;883.93;1;0.0383;0.0383;0;0;0;0;0;0;2.3162;2.2282;0;14.714;17.039;13.925;16.125;98.373;98.373;25.377;19.855;18.79;5.5211;1.0651;0.2176;0.042;0.7405;30.107;0.7107;0
06/02/21 10:00;59.887;-55.699;16.423;64.401;25.599;-90;-25.599;959.31;158.3;801;23.8;6.95;0;888.19;51.202;115.83;0;9.4168;1064.6;0;1064.6;888.19;115.83;51.202;9.4168;0.8343;0.0569;0;0.0088;1054.8;9.8033;0;0;1.7576;8.0457;1050.2;2.4797;0.5028;0.0656;1.6389;0.2724;1052.7;2.1097;1.7764;0.2317;0.0989;0.0027;1052.7;885.91;115.53;47.707;1.096;526.31;421.05;168.38;0.4477;5.76;82.856;2.5002;88.168;0;1;0;0;1.1098;0.9908;1;1;0.9657;0.1456;0.9976;0.9994;1;0.9668;0.8009;0.998;0.998;1;0.998;0.998;0.9865;0.9317;0.1164;3.0299;3.1779;0.0191;0.0045;0.5864;0.018;0.0638;0.0127;0;0;0.088;2.2721;0;0;0;0;0;0;0;0;0;0;0;0;0.0514;0.023;2.3992;2.3992;0;77.118;77.118;53.318;0.0508;2737.3;876.5;1;0.0392;0.0392;0;0;0;0;0;0;2.3601;2.2721;0;14.891;17.244;14.102;16.33;98.367;98.367;25.551;20.233;19.161;5.3184;1.0724;0.2081;0.042;0.7499;32.8;0.7086;0
06/02/21 11:00;68.205;-28.141;19.111;79.32;10.68;-90;-10.68;1033.5;170.5;862.99;24.49;7.1601;0;878.21;57.075;114.92;0;1.7903;1052;0;1052;878.21;114.92;57.075;1.7903;0.8348;0.056;0;0.0017;1050;1.9454;0;0;0.4591;1.4864;1044.9;3.0084;0.5785;0.0757;2.286;0.0681;1047.9;2.1001;1.7564;0.2298;0.1132;0.0006;1045.3;875.87;114.61;54.217;0.2352;602.71;482.17;195.44;0.0217;6.3938;91.973;0.346;98.345;0;1;0;0;1.0179;0.9982;1;1;0.992;0.1698;0.9971;0.9993;1;0.9595;0.7755;0.998;0.998;1;0.998;0.998;0.9933;0.9499;0.1314;2.9939;3.1749;0.0191;0.0044;0.5909;0.0179;0.0636;0.0141;0;0;0.088;2.2638;0;0;0;0;0;0;0;0;0;0;0;0;0.0512;0.0229;2.3907;2.3907;0;77.557;77.557;53.067;0.0508;2732.3;875;1;0.0389;0.0389;0;0;0;0;0;0;2.3518;2.2638;0;15.017;17.389;14.22;16.466;98.371;98.371;25.248;20.161;19.091;5.0864;1.0704;0.2015;0.0424;0.7561;34.272;0.7097;0
06/02/21 12:00;69.913;12.812;19.566;85.364;4.6361;90;4.6361;1059.8;174.9;884.89;25.28;7.0899;0;887.8;57.373;117.82;0;0.3468;1063.3;0;1063.3;887.8;117.82;57.373;0.3468;0.8349;0.0543;0;0.0003;1062.9;0.409;0;0;0.1199;0.2891;1057.6;3.1939;0.5988;0.0795;2.5028;0.0128;1060.8;2.1259;1.7756;0.2356;0.1145;0.0001;1057.6;885.42;117.5;54.636;0.0447;623.77;499.02;199.91;0.0003;6.7694;97.375;0.0281;104.14;0;1;0;0;1.0033;0.9996;1;1;0.9979;0.1663;0.997;0.9993;1;0.9562;0.7767;0.998;0.998;1;0.998;0.998;0.9946;0.9523;0.1289;3.0262;3.221;0.0194;0.0053;0.6169;0.0181;0.064;0.0148;0;0;0.088;2.2801;0;0;0;0;0;0;0;0;0;0;0;0;0.0516;0.0236;2.4074;2.4074;0;79.057;79.057;53.778;0.0508;2747.3;875;1;0.0393;0.0393;0;0;0;0;0;0;2.3681;2.2801;0;14.961;17.324;14.169;16.408;98.367;98.367;25.52;20.302;19.228;5.218;1.0737;0.2045;0.0421;0.7535;34.057;0.7051;0
06/02/21 13:00;63.673;46.602;17.741;70.225;19.775;90;19.775;860.91;247.6;613.31;26.26;6.9101;0;651.75;123.12;128.3;0;5.077;908.25;0;908.25;651.75;128.3;123.12;5.077;0.7176;0.1411;0;0.0056;901.2;7.0515;0;0;2.7996;4.252;894.57;4.8221;0.3986;0.0785;4.1625;0.1825;899.39;1.8024;1.3035;0.2566;0.2406;0.0017;895.81;650.04;127.97;115.92;0.6408;490.4;392.32;158.26;0.4232;5.2783;75.926;1.2403;80.781;0;1;0;0;1.055;0.9922;1;1;0.9773;0.1625;0.9946;0.9994;1;0.9653;0.7783;0.998;0.998;1;0.998;0.998;0.9849;0.9415;0.1262;2.5848;2.7151;0.0164;-0.0012;0.447;0.0158;0.0559;0.012;0;0;0.088;1.9863;0;0;0;0;0;0;0;0;0;0;0;0;0.0451;0.017;2.1072;2.1072;0;71.46;71.46;45.2;0.0505;2337.7;901.37;1;0.0329;0.0329;0;0;0;0;0;0;2.0743;1.9863;0;15.331;17.753;14.451;16.734;98.44;98.44;21.798;17.77;16.75;4.028;1.0194;0.1848;0.0468;0.7684;76.413;0.7232;0
06/02/21 14:00;53.394;66.382;13.822;55.76;34.24;90;34.24;599.59;373.8;225.8;26;6.65;0;273.13;272.98;90.632;0;10.391;647.13;0;647.13;273.13;90.632;272.98;10.391;0.4221;0.4379;0;0.0161;622.9;24.226;0;0;14.931;9.2957;613;8.6573;0.1301;0.0432;8.3227;0.1613;621.66;1.2458;0.5463;0.1813;0.5161;0.0022;616.12;272.45;90.408;249.21;0.9323;337.02;269.62;111.32;6.5235;3.8662;55.614;3.1203;52.956;0;1;0;0;1.0793;0.9626;1;1;0.9453;0.1054;0.9861;0.9995;1;0.9677;0.8525;0.998;0.998;1;0.998;0.998;0.9473;0.9129;0.0897;1.8417;1.8742;0.0113;0.0008;0.2101;0.0116;0.041;0.0093;0;0;0.088;1.4372;0;0;0;0;0;0;0;0;0;0;0;0;0.033;0.0084;1.5486;1.5486;0;56.62;56.62;30.62;0.05;1613.7;959.7;1;0.0235;0.0235;0;0;0;0;0;0;1.5252;1.4372;0;15.814;18.312;14.675;16.994;98.484;98.484;15.531;13.06;12.12;2.4712;0.9401;0.1591;0.0605;0.7804;185.56;0.7332;0
06/02/21 15:00;41.681;79.043;8.1615;42.205;47.795;90;47.795;426.69;333.7;92.993;24.79;6.2999;0;138.43;251.14;49.503;0;14.005;453.08;0;453.08;138.43;49.503;251.14;14.005;0.3055;0.5852;0;0.0309;417.33;35.747;0;0;22.699;13.048;408.89;7.5996;0.0389;0.0139;7.4992;0.0475;416.49;0.8347;0.2769;0.099;0.4569;0.0019;413.69;138.11;49.39;220.49;0.9075;241.02;192.81;81.995;18.89;3.5344;50.842;4.7998;35.487;0;1;0;0;1.0618;0.9211;1;1;0.9096;0.0683;0.9818;0.9997;1;0.9671;0.9503;0.998;0.998;1;0.998;0.998;0.9025;0.8779;0.0648;1.2894;1.2854;0.0077;0.0081;0.0918;0.0082;0.0292;0.0088;0;0;0.088;0.9987;0;0;0;0;0;0;0;0;0;0;0;0;0.0236;0.0042;1.1037;1.1037;0;45.059;45.059;20.269;0.0496;1104.2;999.58;1;0.017;0.017;0;0;0;0;0;0;1.0867;0.9987;0;16.098;18.641;14.566;16.867;98.459;98.459;10.874;9.308;8.4225;1.5658;0.8855;0.144;0.0814;0.7746;191.88;0.7145;0
06/02/21 16:00;29.494;88.651;1.276;29.501;60;90;60;158;155;2.999;24.51;5.47;0;6.0899;115.74;1.3663;0;7.8998;131.1;0;131.1;6.0899;1.3663;115.74;7.8998;0.0465;0.9431;0;0.0603;109.16;21.941;0;0;14.551;7.3903;105.33;3.6083;0.0003;0.0001;3.5733;0.0347;108.94;0.2183;0.0122;0.0027;0.2024;0.001;108.65;6.0775;1.3635;97.416;0.4738;101.37;81.1;37.32;19.352;2.044;29.402;3.3193;12.094;0;1;0;0;0.8298;0.8326;1;1;0.8743;0.0645;0.9669;1;1;0.9646;0.9318;0.998;0.998;1;0.998;0.998;0.8034;0.8417;0.06;0.3731;0.3697;0.0022;0.0171;0.0064;0.0024;0.0085;0.0052;0;0;0.088;0.2255;0;0;0;0;0;0;0;0;0;0;0;0;0.0069;0.0005;0.3205;0.3205;0;29.722;29.722;5.2122;0.0495;313.99;1020.9;1;0.0071;0.0071;0;0;0;0;0;0;0.3135;0.2255;0;16.157;18.709;11.365;13.161;97.796;97.796;3.1464;2.7032;1.9015;0.4432;0.8017;0.1409;0.2548;0.6044;100.76;0.5175;0
06/02/21 17:00;17.253;97.051;44.002;17.377;29.035;90;29.035;280.91;129.1;151.81;24.39;3.7499;0;368.17;76.859;114.2;0;3.5304;562.77;0;562.77;368.17;114.2;76.859;3.5304;0.6542;0.1428;0;0.0063;556.45;6.317;0;0;3.2371;3.08;548.41;6.9258;3.3896;1.0514;2.4022;0.0826;555.34;1.1129;0.7363;0.2284;0.1472;0.0009;548.75;364.05;112.92;71.072;0.367;51.302;41.041;15.98;1.0398;0.6543;9.4123;0.3443;9.0268;0;1;0;0;2.0034;0.9888;1;1;0.9579;0.1276;0.9875;0.9908;1;0.9673;0.8163;0.998;0.998;1;0.998;0.998;0.9745;0.9247;0.1039;1.6016;1.5889;0.0096;0.004;0.1505;0.01;0.0354;0.0016;0;0;0.088;1.235;0;0;0;0;0;0;0;0;0;0;0;0;0.0285;0.0062;1.3432;1.3432;0;51.684;51.684;27.294;0.0498;1369.1;981.09;1;0.0202;0.0202;0;0;0;0;0;0;1.323;1.235;0;15.772;18.263;14.501;16.792;98.497;98.497;13.506;11.327;10.415;2.179;0.9124;0.1613;0.0676;0.7711;50.327;0.7616;0
06/02/21 18:00;5.6212;104.97;76.258;5.8172;8.4128;90;8.4128;46.707;45.499;1.208;23.28;2.9301;0;2.9296;44.857;0.9698;0;0.0503;48.806;0;48.806;2.9296;0.9698;44.857;0.0503;0.06;0.9201;0;0.001;48.521;0.2855;0;0;0.2437;0.0418;45.734;2.6903;0.621;0.2056;1.8619;0.0019;48.424;0.097;0.0059;0.0019;0.0892;0;45.741;2.3028;0.7623;42.662;0.0065;26.8;21.44;8.1718;0.0065;0.3184;4.5799;0.0072;4.8918;0;1;0;0;1.0449;0.9942;1;1;0.9946;0.1676;0.9444;0.7876;1;0.9582;0.7753;0.998;0.998;1;0.998;0.998;0.937;0.9511;0.1297;0.1389;0.14;0.0008;0.0129;0.0003;0.0009;0.0031;0.0008;0;0;0.088;0.0257;0;0;0;0;0;0;0;0;0;0;0;0;0.0025;0.0001;0.1186;0.1186;0;25.557;25.557;2.2764;0.0498;118.28;1002.6;1;0.0048;0.0048;0;0;0;0;0;0;0.1137;0.0257;0;16.056;18.593;3.4859;4.0366;95.915;95.915;1.1714;1.0001;0.2171;0.1713;0.783;0.1462;0.6684;0.1854;26.792;0.1732;0
06/02/21 19:00;0;0;90;0;0;90;0;0;0;0;20.78;2.7001;0;0;0;0;0;0;0;0;0;0;0;0;0;1;1;1;1;0;0;0;0;0;0;0;0;0;0;0;0;0;0;0;0;0;0;0;0;0;0;0;0;0;0;0;0;0;0;0;0;0;0;0;1;1;1;1;1;1;1;1;1;1;1;1;1;1;1;1;1;1;1;0;0;0;0;0;0;0;0;0;0.0004;0.088;-0.0884;0;0;0;0;0;0;0;0;0;0;0;0;0;0;0;0;0;0;0;-20.78;0;0;0;0;0.0004;0;0;0;0;0;0;0;-0.0004;-0.0884;0;0;0;0;0;0;0;0;0;-0.7452;0;0.7452;1;1;0;0;0;0
06/02/21 20:00;0;0;90;0;0;90;0;0;0;0;18.4;2.6299;0;0;0;0;0;0;0;0;0;0;0;0;0;1;1;1;1;0;0;0;0;0;0;0;0;0;0;0;0;0;0;0;0;0;0;0;0;0;0;0;0;0;0;0;0;0;0;0;0;0;0;0;1;1;1;1;1;1;1;1;1;1;1;1;1;1;1;1;1;1;1;0;0;0;0;0;0;0;0;0;0.0004;0.088;-0.0884;0;0;0;0;0;0;0;0;0;0;0;0;0;0;0;0;0;0;0;-18.4;0;0;0;0;0.0004;0;0;0;0;0;0;0;-0.0004;-0.0884;0;0;0;0;0;0;0;0;0;-0.7452;0;0.7452;1;1;0;0;0;0
06/02/21 21:00;0;0;90;0;0;90;0;0;0;0;17.43;2.6201;0;0;0;0;0;0;0;0;0;0;0;0;0;1;1;1;1;0;0;0;0;0;0;0;0;0;0;0;0;0;0;0;0;0;0;0;0;0;0;0;0;0;0;0;0;0;0;0;0;0;0;0;1;1;1;1;1;1;1;1;1;1;1;1;1;1;1;1;1;1;1;0;0;0;0;0;0;0;0;0;0.0004;0.088;-0.0884;0;0;0;0;0;0;0;0;0;0;0;0;0;0;0;0;0;0;0;-17.43;0;0;0;0;0.0004;0;0;0;0;0;0;0;-0.0004;-0.0884;0;0;0;0;0;0;0;0;0;-0.7452;0;0.7452;1;1;0;0;0;0
06/02/21 22:00;0;0;90;0;0;90;0;0;0;0;16.33;2.6101;0;0;0;0;0;0;0;0;0;0;0;0;0;1;1;1;1;0;0;0;0;0;0;0;0;0;0;0;0;0;0;0;0;0;0;0;0;0;0;0;0;0;0;0;0;0;0;0;0;0;0;0;1;1;1;1;1;1;1;1;1;1;1;1;1;1;1;1;1;1;1;0;0;0;0;0;0;0;0;0;0.0004;0.088;-0.0884;0;0;0;0;0;0;0;0;0;0;0;0;0;0;0;0;0;0;0;-16.33;0;0;0;0;0.0004;0;0;0;0;0;0;0;-0.0004;-0.0884;0;0;0;0;0;0;0;0;0;-0.7452;0;0.7452;1;1;0;0;0;0
06/02/21 23:00;0;0;90;0;0;90;0;0;0;0;15.3;2.6;0;0;0;0;0;0;0;0;0;0;0;0;0;1;1;1;1;0;0;0;0;0;0;0;0;0;0;0;0;0;0;0;0;0;0;0;0;0;0;0;0;0;0;0;0;0;0;0;0;0;0;0;1;1;1;1;1;1;1;1;1;1;1;1;1;1;1;1;1;1;1;0;0;0;0;0;0;0;0;0;0.0004;0.088;-0.0884;0;0;0;0;0;0;0;0;0;0;0;0;0;0;0;0;0;0;0;-15.3;0;0;0;0;0.0004;0;0;0;0;0;0;0;-0.0004;-0.0884;0;0;0;0;0;0;0;0;0;-0.7452;0;0.7452;1;1;0;0;0;0
07/02/21 00:00;0;0;90;0;0;90;0;0;0;0;14.81;2.67;0;0;0;0;0;0;0;0;0;0;0;0;0;1;1;1;1;0;0;0;0;0;0;0;0;0;0;0;0;0;0;0;0;0;0;0;0;0;0;0;0;0;0;0;0;0;0;0;0;0;0;0;1;1;1;1;1;1;1;1;1;1;1;1;1;1;1;1;1;1;1;0;0;0;0;0;0;0;0;0;0.0004;0.088;-0.0884;0;0;0;0;0;0;0;0;0;0;0;0;0;0;0;0;0;0;0;-14.81;0;0;0;0;0.0004;0;0;0;0;0;0;0;-0.0004;-0.0884;0;0;0;0;0;0;0;0;0;-0.7452;0;0.7452;1;1;0;0;0;0
07/02/21 01:00;0;0;90;0;0;90;0;0;0;0;14;2.83;0;0;0;0;0;0;0;0;0;0;0;0;0;1;1;1;1;0;0;0;0;0;0;0;0;0;0;0;0;0;0;0;0;0;0;0;0;0;0;0;0;0;0;0;0;0;0;0;0;0;0;0;1;1;1;1;1;1;1;1;1;1;1;1;1;1;1;1;1;1;1;0;0;0;0;0;0;0;0;0;0.0004;0.088;-0.0884;0;0;0;0;0;0;0;0;0;0;0;0;0;0;0;0;0;0;0;-14;0;0;0;0;0.0004;0;0;0;0;0;0;0;-0.0004;-0.0884;0;0;0;0;0;0;0;0;0;-0.7452;0;0.7452;1;1;0;0;0;0
07/02/21 02:00;0;0;90;0;0;90;0;0;0;0;13.95;3.0901;0;0;0;0;0;0;0;0;0;0;0;0;0;1;1;1;1;0;0;0;0;0;0;0;0;0;0;0;0;0;0;0;0;0;0;0;0;0;0;0;0;0;0;0;0;0;0;0;0;0;0;0;1;1;1;1;1;1;1;1;1;1;1;1;1;1;1;1;1;1;1;0;0;0;0;0;0;0;0;0;0.0004;0.088;-0.0884;0;0;0;0;0;0;0;0;0;0;0;0;0;0;0;0;0;0;0;-13.95;0;0;0;0;0.0004;0;0;0;0;0;0;0;-0.0004;-0.0884;0;0;0;0;0;0;0;0;0;-0.7452;0;0.7452;1;1;0;0;0;0
07/02/21 03:00;0;0;90;0;0;90;0;0;0;0;13.38;3.4299;0;0;0;0;0;0;0;0;0;0;0;0;0;1;1;1;1;0;0;0;0;0;0;0;0;0;0;0;0;0;0;0;0;0;0;0;0;0;0;0;0;0;0;0;0;0;0;0;0;0;0;0;1;1;1;1;1;1;1;1;1;1;1;1;1;1;1;1;1;1;1;0;0;0;0;0;0;0;0;0;0.0004;0.088;-0.0884;0;0;0;0;0;0;0;0;0;0;0;0;0;0;0;0;0;0;0;-13.38;0;0;0;0;0.0004;0;0;0;0;0;0;0;-0.0004;-0.0884;0;0;0;0;0;0;0;0;0;-0.7452;0;0.7452;1;1;0;0;0;0
07/02/21 04:00;0;0;90;0;0;90;0;0;0;0;13;3.62;0;0;0;0;0;0;0;0;0;0;0;0;0;1;1;1;1;0;0;0;0;0;0;0;0;0;0;0;0;0;0;0;0;0;0;0;0;0;0;0;0;0;0;0;0;0;0;0;0;0;0;0;1;1;1;1;1;1;1;1;1;1;1;1;1;1;1;1;1;1;1;0;0;0;0;0;0;0;0;0;0.0004;0.088;-0.0884;0;0;0;0;0;0;0;0;0;0;0;0;0;0;0;0;0;0;0;-13;0;0;0;0;0.0004;0;0;0;0;0;0;0;-0.0004;-0.0884;0;0;0;0;0;0;0;0;0;-0.7452;0;0.7452;1;1;0;0;0;0
07/02/21 05:00;3.1127;-106.36;82.433;3.2438;4.644;-90;-4.644;13.108;13.098;0.0102;12.86;4.56;0;0.0247;13.074;0.0043;0;0.0043;13.108;0;13.108;0.0247;0.0043;13.074;0.0043;0.0019;0.9978;0;0.0003;13.077;0.0308;0;0;0.0272;0.0036;12.468;0.5826;0.0104;0.0018;0.5703;0.0002;13.051;0.0262;0;0;0.0261;0;12.468;0.0143;0.0025;12.451;0.0006;7.7611;6.2089;2.3598;0;0.0925;1.3309;0.0002;1.4233;0;1;0;0;1;0.9976;1;1;0.9979;0.1671;0.9554;0.5803;1;0.9562;0.777;0.998;0.998;1;0.998;0.998;0.9512;0.9523;0.1296;0.0373;0.0383;0.0002;0.0068;-0.0016;0.0002;0.0008;0.0002;0;0;0.088;-0.0598;0;0;0;0;0;0;0;0;0;0;0;0;0.0007;0;0.0309;0.0309;0;13.487;13.487;0.6272;0.0503;31.01;995.81;1;0.0027;0.0027;0;0;0;0;0;0;0.0282;-0.0598;0;15.568;18.027;-30.152;-34.916;91.288;91.288;0.3146;0.2604;-0.5044;0.0542;0.7648;0.1722;2.4312;0;7.761;0;0
07/02/21 06:00;12.266;-100.02;58.986;12.45;19.074;-90;-19.074;176.5;33.1;143.4;16.97;4.8;0;347.77;16.702;38.626;0;0.969;404.07;0;404.07;347.77;38.626;16.702;0.969;0.8607;0.0437;0;0.0024;402.91;1.1641;0;0;0.3564;0.8077;388.66;13.443;11.552;1.2831;0.5725;0.0356;402.1;0.8058;0.6955;0.0773;0.0327;0.0003;388.68;335.53;37.265;15.741;0.1254;11.114;8.8908;3.5861;0.0507;0.1223;1.7595;0.0235;1.8311;0;1;0;0;2.2894;0.9971;1;1;0.9787;0.1665;0.9666;0.9667;1;0.9649;0.779;0.998;0.998;1;0.998;0.998;0.9619;0.9424;0.1295;1.15;1.1156;0.0067;0.0106;0.044;0.0074;0.0262;0.0003;0;0;0.088;0.8921;0;0;0;0;0;0;0;0;0;0;0;0;0.0211;0.0033;0.9961;0.9961;0;36.099;36.099;19.129;0.0492;960.44;1037.1;1;0.016;0.016;0;0;0;0;0;0;0.9801;0.8921;0;16.289;18.862;14.589;16.894;98.398;98.398;9.6977;8.3999;7.5233;1.2978;0.8766;0.1338;0.0904;0.7758;10.333;0.7733;0
07/02/21 07:00;24.458;-91.774;5.7621;24.468;60;-90;-60;486.7;80.302;406.4;19.92;5.21;0;976.64;18.084;135.03;0;24.335;1154.1;0;1154.1;976.64;135.03;18.084;24.335;0.8462;0.0368;0;0.0211;1129.2;24.916;0;0;2.2656;22.651;1126;0.8885;0.194;0.0268;0.5586;0.1091;1126.9;2.2584;1.9533;0.2701;0.0316;0.0034;1126.9;974.49;134.74;15.228;1.5719;22.218;17.774;7.9871;3.0294;0.3817;5.4905;0.8509;2.8428;0;1;0;0;2.3712;0.9784;1;1;0.8747;0.0692;0.9992;0.9998;1;0.9646;0.9351;0.998;0.998;1;0.998;0.998;0.9757;0.8421;0.0646;3.2845;3.2351;0.0195;0.0055;0.5963;0.0183;0.0649;0.0008;0;0;0.088;2.3252;0;0;0;0;0;0;0;0;0;0;0;0;0.0523;0.0239;2.4537;2.4537;0;77.091;77.091;57.171;0.0508;2792.9;878.53;1;0.0405;0.0405;0;0;0;0;0;0;2.4132;2.3252;0;14.049;16.268;13.313;15.416;98.35;98.35;27.698;20.692;19.608;7.0062;1.0835;0.2529;0.0391;0.7079;15.748;0.7054;0
07/02/21 08:00;36.7;-82.763;5.7973;36.92;53.08;-90;-53.08;366.61;267;99.603;20.3;5.14;0;165.81;188.31;52.809;0;14.639;421.57;0;421.57;165.81;52.809;188.31;14.639;0.3933;0.4814;0;0.0347;388.18;33.385;0;0;19.752;13.633;381.65;5.7552;0.0331;0.0106;5.6706;0.041;387.41;0.7764;0.3316;0.1056;0.3371;0.002;386.54;165.45;52.693;162.55;0.9627;193.39;154.71;66.578;20.406;3.1262;44.969;4.8895;27.689;0;1;0;0;1.1499;0.9208;1;1;0.8951;0.0687;0.9851;0.9998;1;0.9663;0.9592;0.998;0.998;1;0.998;0.998;0.9053;0.8632;0.0658;1.1997;1.196;0.0072;0.0094;0.0601;0.0078;0.0278;0.008;0;0;0.088;0.9451;0;0;0;0;0;0;0;0;0;0;0;0;0.0224;0.0037;1.0496;1.0496;0;39.133;39.133;18.833;0.0493;1026.7;1022.3;1;0.0165;0.0165;0;0;0;0;0;0;1.0331;0.9451;0;16.453;19.052;14.814;17.154;98.424;98.424;10.118;8.8517;7.9701;1.2659;0.8816;0.1251;0.0871;0.7877;151.77;0.7295;0
07/02/21 09:00;48.655;-71.579;12.049;50.144;39.856;-90;-39.856;685.7;193.7;492.01;22.58;4.91;0;640.92;91.218;117.88;0;15.932;865.94;0;865.94;640.92;117.88;91.218;15.932;0.7401;0.1237;0;0.0184;845.11;20.832;0;0;6.3001;14.532;840.23;3.1878;0.2662;0.049;2.7449;0.1277;843.42;1.6902;1.2818;0.2358;0.1698;0.0028;844.68;639.37;117.59;82.003;1.2691;336.06;268.85;110.75;3.6735;3.6878;53.047;4.4482;53.062;0;1;0;0;1.2629;0.9759;1;1;0.9309;0.0878;0.9962;0.9996;1;0.9676;0.9086;0.998;0.998;1;0.998;0.998;0.9703;0.899;0.0797;2.4644;2.523;0.0152;-0.0019;0.355;0.0151;0.0535;0.0086;0;0;0.088;1.8998;0;0;0;0;0;0;0;0;0;0;0;0;0.0431;0.0148;2.0196;2.0196;0;64.804;64.804;42.224;0.0503;2174.2;928.87;1;0.0317;0.0317;0;0;0;0;0;0;1.9878;1.8998;0;15.411;17.846;14.498;16.788;98.428;98.428;20.783;17.031;16.022;3.7512;1.0098;0.1805;0.0486;0.7709;64.898;0.7371;0
07/02/21 10:00;59.65;-55.293;16.72;64.296;25.704;-90;-25.704;901.09;157.4;743.69;23.68;4.7701;0;825.36;57.699;107.31;0;8.9164;999.29;0;999.29;825.36;107.31;57.699;8.9164;0.8259;0.0667;0;0.0089;989.68;9.6153;0;0;1.9935;7.6218;985.06;2.6395;0.4757;0.0619;1.8454;0.2566;987.7;1.9794;1.6507;0.2146;0.1114;0.0026;987.43;823.24;107.04;53.749;1.0354;494.69;395.75;158.27;0.5113;5.4194;77.956;2.3727;82.865;0;1;0;0;1.109;0.9904;1;1;0.9654;0.1452;0.9973;0.9994;1;0.9668;0.8014;0.998;0.998;1;0.998;0.998;0.9858;0.9315;0.1161;2.8439;2.9813;0.018;0.0014;0.5121;0.0171;0.0608;0.0122;0;0;0.088;2.1653;0;0;0;0;0;0;0;0;0;0;0;0;0.049;0.0203;2.2903;2.2903;0;73.539;73.539;49.858;0.0506;2568.5;891.71;1;0.037;0.037;0;0;0;0;0;0;2.2533;2.1653;0;15.145;17.538;14.319;16.581;98.385;98.385;23.983;19.315;18.261;4.6685;1.054;0.1947;0.0439;0.7614;36.985;0.7194;0
07/02/21 11:00;67.911;-27.857;19.419;79.262;10.738;-90;-10.738;940.3;190.8;749.5;24.54;4.8;0;762.86;80.075;111.98;0;1.6464;956.56;0;956.56;762.86;111.98;80.075;1.6464;0.7975;0.0854;0;0.0017;954.54;2.0168;0;0;0.6499;1.3669;948.78;3.8524;0.5107;0.075;3.2041;0.0626;952.63;1.9091;1.5257;0.224;0.1589;0.0006;949.1;760.82;111.68;76.062;0.2163;548.66;438.93;177.59;0.0309;5.8426;84.043;0.3183;89.855;0;1;0;0;1.0173;0.9979;1;1;0.9919;0.1698;0.996;0.9993;1;0.9596;0.7755;0.998;0.998;1;0.998;0.998;0.9919;0.9499;0.1314;2.7223;2.8838;0.0174;0.0002;0.4852;0.0167;0.0591;0.0132;0;0;0.088;2.1018;0;0;0;0;0;0;0;0;0;0;0;0;0.0476;0.0191;2.2254;2.2254;0;72.52;72.52;47.981;0.0506;2483.5;896.05;1;0.0356;0.0356;0;0;0;0;0;0;2.1898;2.1018;0;15.373;17.802;14.519;16.813;98.402;98.402;22.957;18.767;17.725;4.1906;1.042;0.1825;0.0454;0.7721;48.089;0.7244;0
07/02/21 12:00;69.61;12.587;19.879;85.369;4.631;90;4.631;1041.7;171.5;870.2;25.44;4.81;0;873.05;57.908;113.87;0;0.3401;1045.2;0;1045.2;873.05;113.87;57.908;0.3401;0.8353;0.0557;0;0.0003;1044.8;0.4044;0;0;0.1208;0.2835;1039.5;3.2152;0.5983;0.078;2.5263;0.0126;1042.7;2.0895;1.7461;0.2277;0.1156;0.0001;1039.5;870.71;113.56;55.145;0.0438;613.14;490.51;196.49;0.0003;6.6549;95.729;0.0275;102.38;0;1;0;0;1.0033;0.9996;1;1;0.9979;0.1663;0.9969;0.9993;1;0.9562;0.7767;0.998;0.998;1;0.998;0.998;0.9945;0.9523;0.1289;2.9745;3.1658;0.0191;0.0042;0.5974;0.0178;0.0632;0.0146;0;0;0.088;2.2492;0;0;0;0;0;0;0;0;0;0;0;0;0.0509;0.0228;2.3758;2.3758;0;78.259;78.259;52.819;0.0508;2713.2;875;1;0.0386;0.0386;0;0;0;0;0;0;2.3372;2.2492;0;15.021;17.394;14.22;16.467;98.376;98.376;25.084;20.035;18.968;5.0487;1.0675;0.2013;0.0426;0.7562;34.374;0.7076;0
07/02/21 13:00;63.439;46.136;18.051;70.179;19.821;90;19.821;995.41;165.1;830.3;26.34;4.7799;0;882.59;54.195;116.13;0;5.8971;1058.8;0;1058.8;882.59;116.13;54.195;5.8971;0.8336;0.0568;0;0.0056;1052.6;6.1763;0;0;1.2371;4.9392;1047.9;2.664;0.5492;0.0723;1.8306;0.2119;1050.5;2.1053;1.7652;0.2323;0.1059;0.0019;1049.3;880.28;115.83;51.021;0.7441;563.42;450.73;182.6;0.1887;5.9945;86.228;1.4359;92.034;0;1;0;0;1.0637;0.9942;1;1;0.9772;0.1624;0.9975;0.9994;1;0.9654;0.7784;0.998;0.998;1;0.998;0.998;0.9897;0.9414;0.1262;3.0133;3.1749;0.0191;0.0044;0.6152;0.0178;0.063;0.0131;0;0;0.088;2.2423;0;0;0;0;0;0;0;0;0;0;0;0;0.0507;0.0229;2.3687;2.3687;0;79.648;79.648;53.308;0.0509;2701.9;875;1;0.0384;0.0384;0;0;0;0;0;0;2.3303;2.2423;0;14.783;17.118;13.994;16.205;98.378;98.378;25.412;19.976;18.909;5.4361;1.0661;0.2139;0.042;0.7441;33.642;0.7014;0
07/02/21 14:00;53.212;65.955;14.123;55.672;34.328;90;34.328;878.71;154.6;724.11;26.84;4.73;0;876.84;50.168;120.66;0;15.305;1063;0;1063;876.84;120.66;50.168;15.305;0.8249;0.0616;0;0.0144;1046.5;16.452;0;0;2.7552;13.697;1042.2;2.2503;0.4269;0.0587;1.5291;0.2356;1044.4;2.093;1.7537;0.2413;0.0948;0.0032;1046.3;874.66;120.36;45.789;1.3694;448.6;358.88;149.33;1.213;4.5858;65.964;4.1676;69.337;0;1;0;0;1.2097;0.9845;1;1;0.9451;0.1051;0.9978;0.9995;1;0.9677;0.8532;0.998;0.998;1;0.998;0.998;0.9804;0.9127;0.0895;3.0251;3.1258;0.0188;0.0035;0.6085;0.0175;0.0619;0.01;0;0;0.088;2.2077;0;0;0;0;0;0;0;0;0;0;0;0;0.0499;0.0223;2.3333;2.3333;0;79.867;79.867;53.027;0.0509;2661.5;875;1;0.0376;0.0376;0;0;0;0;0;0;2.2957;2.2077;0;14.505;16.797;13.724;15.893;98.389;98.389;25.511;19.677;18.618;5.8339;1.0592;0.2287;0.0415;0.7298;34.125;0.6974;0
07/02/21 15:00;41.524;78.68;8.4507;42.083;47.917;90;47.917;709.01;146.6;562.41;27.25;4.57;0;839.15;48.388;132.29;0;23.383;1043.2;0;1043.2;839.15;132.29;48.388;23.383;0.8044;0.0688;0;0.0224;1017;26.178;0;0;4.3897;21.789;1013.2;1.8065;0.2445;0.0385;1.445;0.0785;1015;2.0341;1.6783;0.2646;0.088;0.0032;1018.8;837.23;131.98;42.466;1.5124;289.49;231.59;91.699;3.6769;3.4509;49.639;5.6557;49.413;0;1;0;0;1.4714;0.9749;1;1;0.9093;0.0682;0.9982;0.9997;1;0.9671;0.9507;0.998;0.998;1;0.998;0.998;0.9712;0.8776;0.0647;2.9689;3.0144;0.0182;0.0018;0.5752;0.0169;0.0601;0.0076;0;0;0.088;2.1415;0;0;0;0;0;0;0;0;0;0;0;0;0.0484;0.0208;2.2655;2.2655;0;78.754;78.754;51.504;0.0508;2587.2;875;1;0.036;0.036;0;0;0;0;0;0;2.2295;2.1415;0;14.35;16.617;13.565;15.708;98.41;98.41;25.037;19.105;18.059;5.9317;1.0459;0.2369;0.0418;0.7213;37.013;0.6965;0
07/02/21 16:00;29.345;88.335;1.5883;29.355;60;90;60;495.3;148.1;347.2;27.22;4.18;0;708.2;54.978;152.56;0;24.765;940.51;0;940.51;708.2;152.56;54.978;24.765;0.753;0.0848;0;0.0263;910.43;30.079;0;0;6.9117;23.168;906.75;1.8531;0.0388;0.0084;1.6973;0.1087;908.61;1.8209;1.4164;0.3051;0.0961;0.0032;910.98;706.75;152.25;46.272;1.4853;116.68;93.347;39.569;9.1974;1.7228;24.783;4.2268;17.308;0;1;0;0;1.8989;0.968;1;1;0.8743;0.0645;0.998;0.9999;1;0.9646;0.9318;0.998;0.998;1;0.998;0.998;0.9641;0.8417;0.06;2.6766;2.656;0.016;-0.0015;0.4534;0.0153;0.0543;0.0039;0;0;0.088;1.9347;0;0;0;0;0;0;0;0;0;0;0;0;0.0438;0.0164;2.0544;2.0544;0;73.097;73.097;45.877;0.0506;2291.6;896.52;1;0.0317;0.0317;0;0;0;0;0;0;2.0227;1.9347;0;14.434;16.715;13.593;15.741;98.455;98.455;22.572;17.325;16.316;5.2468;1.0098;0.2324;0.0447;0.7228;47.862;0.7088;0
07/02/21 17:00;17.101;96.764;44.506;17.214;28.654;90;28.654;261.39;141.6;119.79;26.59;2.76;0;290.53;94.327;99.729;0;3.2013;487.79;0;487.79;290.53;99.729;94.327;3.2013;0.5956;0.1999;0;0.0066;481.11;6.6775;0;0;3.8899;2.7876;473.41;6.7396;2.7603;0.9475;2.955;0.0767;480.15;0.9622;0.5811;0.1995;0.1809;0.0008;473.78;287.19;98.582;87.301;0.3361;62.396;49.917;20.127;1.2186;0.7479;10.758;0.3766;10.287;0;1;0;0;1.8661;0.9863;1;1;0.9588;0.1292;0.986;0.9905;1;0.9673;0.8142;0.998;0.998;1;0.998;0.998;0.9705;0.9255;0.105;1.3882;1.3771;0.0083;0.0068;0.1233;0.0087;0.0307;0.0018;0;0;0.088;1.0622;0;0;0;0;0;0;0;0;0;0;0;0;0.0248;0.0048;1.1679;1.1679;0;50.137;50.137;23.547;0.0497;1186.9;983.93;1;0.0177;0.0177;0;0;0;0;0;0;1.1502;1.0622;0;15.821;18.32;14.389;16.662;98.484;98.484;11.707;9.8487;8.9573;1.8582;0.8914;0.1587;0.0761;0.7651;61.608;0.7527;0
07/02/21 18:00;5.4585;104.7;76.662;5.6419;8.1521;90;8.1521;46.707;45.4;1.3077;25.01;2.75;0;3.1716;44.727;1.079;0;0.0472;49.025;0;49.025;3.1716;1.079;44.727;0.0472;0.0647;0.9133;0;0.001;48.755;0.27;0;0;0.2307;0.0393;45.851;2.8067;0.7023;0.2389;1.8637;0.0018;48.658;0.0975;0.0063;0.0022;0.089;0;45.858;2.4629;0.8379;42.544;0.0061;26.709;21.368;8.1423;0.0057;0.3174;4.5654;0.0065;4.8771;0;1;0;0;1.0496;0.9945;1;1;0.9948;0.1676;0.9423;0.7781;1;0.958;0.7753;0.998;0.998;1;0.998;0.998;0.9353;0.9512;0.1297;0.1395;0.1403;0.0008;0.0129;0.0012;0.0009;0.0031;0.0008;0;0;0.088;0.0252;0;0;0;0;0;0;0;0;0;0;0;0;0.0025;0.0001;0.118;0.118;0;27.295;27.295;2.2856;0.0498;118.57;995.34;1;0.0048;0.0048;0;0;0;0;0;0;0.1132;0.0252;0;15.907;18.42;3.4032;3.9408;95.959;95.959;1.1766;0.9953;0.2129;0.1813;0.7823;0.1541;0.6649;0.181;26.701;0.1692;0
07/02/21 19:00;0;0;90;0;0;90;0;0;0;0;21.65;2.8501;0;0;0;0;0;0;0;0;0;0;0;0;0;1;1;1;1;0;0;0;0;0;0;0;0;0;0;0;0;0;0;0;0;0;0;0;0;0;0;0;0;0;0;0;0;0;0;0;0;0;0;0;1;1;1;1;1;1;1;1;1;1;1;1;1;1;1;1;1;1;1;0;0;0;0;0;0;0;0;0;0.0004;0.088;-0.0884;0;0;0;0;0;0;0;0;0;0;0;0;0;0;0;0;0;0;0;-21.65;0;0;0;0;0.0004;0;0;0;0;0;0;0;-0.0004;-0.0884;0;0;0;0;0;0;0;0;0;-0.7452;0;0.7452;1;1;0;0;0;0
07/02/21 20:00;0;0;90;0;0;90;0;0;0;0;20.86;2.8799;0;0;0;0;0;0;0;0;0;0;0;0;0;1;1;1;1;0;0;0;0;0;0;0;0;0;0;0;0;0;0;0;0;0;0;0;0;0;0;0;0;0;0;0;0;0;0;0;0;0;0;0;1;1;1;1;1;1;1;1;1;1;1;1;1;1;1;1;1;1;1;0;0;0;0;0;0;0;0;0;0.0004;0.088;-0.0884;0;0;0;0;0;0;0;0;0;0;0;0;0;0;0;0;0;0;0;-20.86;0;0;0;0;0.0004;0;0;0;0;0;0;0;-0.0004;-0.0884;0;0;0;0;0;0;0;0;0;-0.7452;0;0.7452;1;1;0;0;0;0
07/02/21 21:00;0;0;90;0;0;90;0;0;0;0;19.69;2.81;0;0;0;0;0;0;0;0;0;0;0;0;0;1;1;1;1;0;0;0;0;0;0;0;0;0;0;0;0;0;0;0;0;0;0;0;0;0;0;0;0;0;0;0;0;0;0;0;0;0;0;0;1;1;1;1;1;1;1;1;1;1;1;1;1;1;1;1;1;1;1;0;0;0;0;0;0;0;0;0;0.0004;0.088;-0.0884;0;0;0;0;0;0;0;0;0;0;0;0;0;0;0;0;0;0;0;-19.69;0;0;0;0;0.0004;0;0;0;0;0;0;0;-0.0004;-0.0884;0;0;0;0;0;0;0;0;0;-0.7452;0;0.7452;1;1;0;0;0;0
07/02/21 22:00;0;0;90;0;0;90;0;0;0;0;17.94;2.4699;0;0;0;0;0;0;0;0;0;0;0;0;0;1;1;1;1;0;0;0;0;0;0;0;0;0;0;0;0;0;0;0;0;0;0;0;0;0;0;0;0;0;0;0;0;0;0;0;0;0;0;0;1;1;1;1;1;1;1;1;1;1;1;1;1;1;1;1;1;1;1;0;0;0;0;0;0;0;0;0;0.0004;0.088;-0.0884;0;0;0;0;0;0;0;0;0;0;0;0;0;0;0;0;0;0;0;-17.94;0;0;0;0;0.0004;0;0;0;0;0;0;0;-0.0004;-0.0884;0;0;0;0;0;0;0;0;0;-0.7452;0;0.7452;1;1;0;0;0;0
07/02/21 23:00;0;0;90;0;0;90;0;0;0;0;16.6;1.97;0;0;0;0;0;0;0;0;0;0;0;0;0;1;1;1;1;0;0;0;0;0;0;0;0;0;0;0;0;0;0;0;0;0;0;0;0;0;0;0;0;0;0;0;0;0;0;0;0;0;0;0;1;1;1;1;1;1;1;1;1;1;1;1;1;1;1;1;1;1;1;0;0;0;0;0;0;0;0;0;0.0004;0.088;-0.0884;0;0;0;0;0;0;0;0;0;0;0;0;0;0;0;0;0;0;0;-16.6;0;0;0;0;0.0004;0;0;0;0;0;0;0;-0.0004;-0.0884;0;0;0;0;0;0;0;0;0;-0.7452;0;0.7452;1;1;0;0;0;0
08/02/21 00:00;0;0;90;0;0;90;0;0;0;0;16.14;1.88;0;0;0;0;0;0;0;0;0;0;0;0;0;1;1;1;1;0;0;0;0;0;0;0;0;0;0;0;0;0;0;0;0;0;0;0;0;0;0;0;0;0;0;0;0;0;0;0;0;0;0;0;1;1;1;1;1;1;1;1;1;1;1;1;1;1;1;1;1;1;1;0;0;0;0;0;0;0;0;0;0.0004;0.088;-0.0884;0;0;0;0;0;0;0;0;0;0;0;0;0;0;0;0;0;0;0;-16.14;0;0;0;0;0.0004;0;0;0;0;0;0;0;-0.0004;-0.0884;0;0;0;0;0;0;0;0;0;-0.7452;0;0.7452;1;1;0;0;0;0
08/02/21 01:00;0;0;90;0;0;90;0;0;0;0;15.06;2.27;0;0;0;0;0;0;0;0;0;0;0;0;0;1;1;1;1;0;0;0;0;0;0;0;0;0;0;0;0;0;0;0;0;0;0;0;0;0;0;0;0;0;0;0;0;0;0;0;0;0;0;0;1;1;1;1;1;1;1;1;1;1;1;1;1;1;1;1;1;1;1;0;0;0;0;0;0;0;0;0;0.0004;0.088;-0.0884;0;0;0;0;0;0;0;0;0;0;0;0;0;0;0;0;0;0;0;-15.06;0;0;0;0;0.0004;0;0;0;0;0;0;0;-0.0004;-0.0884;0;0;0;0;0;0;0;0;0;-0.7452;0;0.7452;1;1;0;0;0;0
08/02/21 02:00;0;0;90;0;0;90;0;0;0;0;13.95;2.9301;0;0;0;0;0;0;0;0;0;0;0;0;0;1;1;1;1;0;0;0;0;0;0;0;0;0;0;0;0;0;0;0;0;0;0;0;0;0;0;0;0;0;0;0;0;0;0;0;0;0;0;0;1;1;1;1;1;1;1;1;1;1;1;1;1;1;1;1;1;1;1;0;0;0;0;0;0;0;0;0;0.0004;0.088;-0.0884;0;0;0;0;0;0;0;0;0;0;0;0;0;0;0;0;0;0;0;-13.95;0;0;0;0;0.0004;0;0;0;0;0;0;0;-0.0004;-0.0884;0;0;0;0;0;0;0;0;0;-0.7452;0;0.7452;1;1;0;0;0;0
08/02/21 03:00;0;0;90;0;0;90;0;0;0;0;13.48;3.6501;0;0;0;0;0;0;0;0;0;0;0;0;0;1;1;1;1;0;0;0;0;0;0;0;0;0;0;0;0;0;0;0;0;0;0;0;0;0;0;0;0;0;0;0;0;0;0;0;0;0;0;0;1;1;1;1;1;1;1;1;1;1;1;1;1;1;1;1;1;1;1;0;0;0;0;0;0;0;0;0;0.0004;0.088;-0.0884;0;0;0;0;0;0;0;0;0;0;0;0;0;0;0;0;0;0;0;-13.48;0;0;0;0;0.0004;0;0;0;0;0;0;0;-0.0004;-0.0884;0;0;0;0;0;0;0;0;0;-0.7452;0;0.7452;1;1;0;0;0;0
08/02/21 04:00;0;0;90;0;0;90;0;0;0;0;12.75;4.04;0;0;0;0;0;0;0;0;0;0;0;0;0;1;1;1;1;0;0;0;0;0;0;0;0;0;0;0;0;0;0;0;0;0;0;0;0;0;0;0;0;0;0;0;0;0;0;0;0;0;0;0;1;1;1;1;1;1;1;1;1;1;1;1;1;1;1;1;1;1;1;0;0;0;0;0;0;0;0;0;0.0004;0.088;-0.0884;0;0;0;0;0;0;0;0;0;0;0;0;0;0;0;0;0;0;0;-12.75;0;0;0;0;0.0004;0;0;0;0;0;0;0;-0.0004;-0.0884;0;0;0;0;0;0;0;0;0;-0.7452;0;0.7452;1;1;0;0;0;0
08/02/21 05:00;3.1111;-105.97;82.436;3.2358;4.6324;-90;-4.6324;8.0092;8.0025;0.0067;12.43;5.3;0;0.0163;7.9887;0.0017;0;0.0026;8.0093;0;8.0093;0.0163;0.0017;7.9887;0.0026;0.002;0.9977;0;0.0003;7.9906;0.0187;0;0;0.0166;0.0022;7.6184;0.3562;0.0068;0.0007;0.3485;0.0001;7.9746;0.016;0;0;0.0159;0;7.6185;0.0094;0.001;7.6076;0.0003;4.7421;3.7937;1.4418;0;0.0565;0.8132;0.0001;0.8697;0;1;0;0;1;0.9977;1;1;0.9979;0.1671;0.9553;0.5801;1;0.9562;0.777;0.998;0.998;1;0.998;0.998;0.9512;0.9523;0.1296;0.0228;0.0234;0.0001;0.0053;-0.0009;0.0001;0.0005;0.0001;0;0;0.088;-0.0725;0;0;0;0;0;0;0;0;0;0;0;0;0.0004;0;0.0178;0.0178;0;12.817;12.817;0.3876;0.0509;18.291;974.55;1;0.0024;0.0024;0;0;0;0;0;0;0.0155;-0.0725;0;14.707;17.03;-59.838;-69.291;86.796;86.796;0.1922;0.1503;-0.6116;0.0419;0.762;0.218;3.9639;0;4.7421;0;0
08/02/21 06:00;12.077;-99.758;59.507;12.249;18.719;-90;-18.719;173.8;32.102;141.7;15.22;6.09;0;343.65;16.16;37.6;0;0.9193;398.33;0;398.33;343.65;37.6;16.16;0.9193;0.8627;0.0429;0;0.0023;397.23;1.1;0;0;0.3342;0.7659;382.39;14.053;12.134;1.3276;0.5578;0.0339;396.44;0.7945;0.6873;0.0752;0.0317;0.0003;382.41;330.83;36.197;15.236;0.1192;10.752;8.6014;3.4695;0.0459;0.1181;1.6992;0.0217;1.7714;0;1;0;0;2.2919;0.9972;1;1;0.9793;0.1669;0.9646;0.9646;1;0.9647;0.7786;0.998;0.998;1;0.998;0.998;0.96;0.9428;0.1297;1.1336;1.0975;0.0066;0.0108;0.0351;0.0073;0.0259;0.0003;0;0;0.088;0.8834;0;0;0;0;0;0;0;0;0;0;0;0;0.0209;0.0032;0.9873;0.9873;0;34.009;34.009;18.789;0.0491;944.38;1045.5;1;0.0159;0.0159;0;0;0;0;0;0;0.9714;0.8834;0;16.379;18.966;14.655;16.97;98.386;98.386;9.56;8.3263;7.4498;1.2337;0.8765;0.129;0.0917;0.7793;9.9816;0.7768;0
08/02/21 07:00;24.275;-91.489;5.8764;24.282;60;-90;-60;401.59;67.497;334.1;17.99;5.4299;0;808.39;21.287;94.644;0;20.08;944.4;0;944.4;808.39;94.644;21.287;20.08;0.856;0.0438;0;0.0213;923.04;21.357;0;0;2.6669;18.69;920.27;0.9304;0.1638;0.0192;0.6575;0.09;921.2;1.8461;1.6168;0.1893;0.0372;0.0028;920.88;806.61;94.436;17.925;1.2971;21.229;16.983;8.1221;3.5638;0.3763;5.4134;0.6108;2.2259;0;1;0;0;2.3516;0.9774;1;1;0.8747;0.0692;0.999;0.9998;1;0.9646;0.9351;0.998;0.998;1;0.998;0.998;0.9744;0.8421;0.0646;2.6877;2.6456;0.0159;-0.0015;0.3661;0.0159;0.0562;0.0009;0;0;0.088;2.0084;0;0;0;0;0;0;0;0;0;0;0;0;0.0453;0.0162;2.1305;2.1305;0;64.212;64.212;46.222;0.0502;2283.3;933.08;1;0.0341;0.0341;0;0;0;0;0;0;2.0964;2.0084;0;14.907;17.262;14.053;16.273;98.4;98.4;22.666;17.967;16.937;4.6987;1.0296;0.2073;0.0454;0.7473;18.537;0.7441;0
08/02/21 08:00;36.514;-82.442;6.0679;36.753;53.247;-90;-53.247;622.51;102.5;520.01;22.78;4.1401;0;869.04;30.866;106.75;0;25.002;1031.7;0;1031.7;869.04;106.75;30.866;25.002;0.8424;0.0542;0;0.0242;1005.1;26.538;0;0;3.2523;23.286;1001.9;1.2041;0.1818;0.0223;0.9299;0.0701;1003.1;2.0103;1.7381;0.2135;0.0552;0.0034;1007;867.12;106.52;26.628;1.6422;208.43;166.75;65.797;3.3874;2.5474;36.643;5.079;35.803;0;1;0;0;1.6573;0.9743;1;1;0.8946;0.0686;0.9988;0.9998;1;0.9663;0.9591;0.998;0.998;1;0.998;0.998;0.9712;0.8627;0.0657;2.936;2.9545;0.0178;0.0011;0.5072;0.017;0.0603;0.0057;0;0;0.088;2.1522;0;0;0;0;0;0;0;0;0;0;0;0;0.0486;0.02;2.2769;2.2769;0;73.49;73.49;50.71;0.0506;2548.9;893.27;1;0.0367;0.0367;0;0;0;0;0;0;2.2402;2.1522;0;14.584;16.888;13.785;15.963;98.388;98.388;24.76;19.201;18.149;5.5588;1.0517;0.2245;0.0425;0.733;24.92;0.714;0
08/02/21 09:00;48.453;-71.21;12.335;50.004;39.996;-90;-39.996;831.1;137.1;694;24.61;2.99;0;905.89;41.012;118.34;0;19.44;1084.7;0;1084.7;905.89;118.34;41.012;19.44;0.8352;0.0557;0;0.0179;1064.1;20.59;0;0;2.8478;17.742;1060.1;1.8219;0.3852;0.0503;1.2339;0.1524;1062;2.1282;1.8118;0.2367;0.0763;0.0034;1065.4;903.69;118.05;36.854;1.5422;393.63;314.9;129.33;1.6746;4.1742;60.045;5.2583;62.544;0;1;0;0;1.3051;0.981;1;1;0.9306;0.0873;0.9983;0.9996;1;0.9676;0.9101;0.998;0.998;1;0.998;0.998;0.9774;0.8986;0.0793;3.0869;3.1685;0.0191;0.0043;0.6006;0.0178;0.0632;0.0092;0;0;0.088;2.2539;0;0;0;0;0;0;0;0;0;0;0;0;0.0509;0.0229;2.3806;2.3806;0;78.492;78.492;53.882;0.0508;2718.8;875;1;0.0387;0.0387;0;0;0;0;0;0;2.3419;2.2539;0;14.503;16.794;13.731;15.9;98.374;98.374;26.032;20.076;19.008;5.9564;1.0685;0.2288;0.041;0.7302;29.213;0.7011;0
08/02/21 10:00;59.41;-54.883;17.022;64.194;25.806;-90;-25.806;944.91;155.9;789.01;26.07;2.1599;0;876.41;51.312;113.18;0;9.4235;1050.3;0;1050.3;876.41;113.18;51.312;9.4235;0.8344;0.0578;0;0.009;1040.5;9.8432;0;0;1.7842;8.059;1035.9;2.4902;0.5143;0.0664;1.6398;0.2698;1038.4;2.081;1.7528;0.2264;0.0991;0.0027;1038.4;874.14;112.89;47.789;1.0919;517.78;414.22;167.7;0.4615;5.5346;79.613;2.4582;84.686;0;1;0;0;1.1116;0.9906;1;1;0.9652;0.1448;0.9976;0.9994;1;0.9668;0.8019;0.998;0.998;1;0.998;0.998;0.9863;0.9313;0.1159;2.9892;3.1303;0.0189;0.0036;0.5963;0.0176;0.0623;0.0121;0;0;0.088;2.221;0;0;0;0;0;0;0;0;0;0;0;0;0.0502;0.0223;2.3469;2.3469;0;78.729;78.729;52.659;0.0508;2679.5;875;1;0.0379;0.0379;0;0;0;0;0;0;2.309;2.221;0;14.765;17.098;13.973;16.181;98.384;98.384;25.208;19.792;18.73;5.4159;1.0619;0.2148;0.0421;0.743;32.911;0.7031;0
08/02/21 11:00;67.613;-27.568;19.732;79.207;10.793;-90;-10.793;681.99;404.5;277.49;26.55;1.57;0;282.49;315.12;88.125;0;1.2064;686.94;0;686.94;282.49;88.125;315.12;1.2064;0.4112;0.4605;0;0.0018;683.36;3.5811;0;0;2.5795;1.0016;669.1;12.896;0.1922;0.0599;12.598;0.0459;681.99;1.3667;0.565;0.1763;0.6251;0.0004;669.33;281.73;87.889;299.32;0.1585;401.27;321.02;126.84;0.1225;4.4772;64.403;0.2276;68.757;0;1;0;0;1.0073;0.9948;1;1;0.9918;0.1698;0.9811;0.9993;1;0.9596;0.7755;0.998;0.998;1;0.998;0.998;0.974;0.9499;0.1314;1.955;2.044;0.0123;-0.0006;0.254;0.0124;0.0441;0.0106;0;0;0.088;1.5521;0;0;0;0;0;0;0;0;0;0;0;0;0.0356;0.0099;1.6655;1.6655;0;60.058;60.058;33.508;0.0501;1760.8;945.89;1;0.0254;0.0254;0;0;0;0;0;0;1.6401;1.5521;0;16.021;18.552;14.93;17.289;98.473;98.473;16.487;14.046;13.089;2.4409;0.9565;0.1481;0.058;0.7939;189.27;0.7419;0
08/02/21 12:00;69.302;12.375;20.196;85.371;4.6295;90;4.6295;813.11;325.3;487.81;26.76;0.9699;0;489.4;204;121.36;0;0.2653;815.03;0;815.03;489.4;121.36;204;0.2653;0.6005;0.2506;0;0.0003;814.39;0.6466;0;0;0.4254;0.2212;803.42;9.3351;0.3407;0.0845;8.9;0.0098;812.76;1.6288;0.9788;0.2427;0.4072;0.0001;803.44;488.09;121.03;194.27;0.0342;479.27;383.42;151.95;0.0007;5.3085;76.361;0.019;81.668;0;1;0;0;1.0024;0.9992;1;1;0.9979;0.1663;0.9885;0.9993;1;0.9562;0.7767;0.998;0.998;1;0.998;0.998;0.9858;0.9523;0.1289;2.3195;2.4517;0.0148;-0.002;0.3668;0.0145;0.0514;0.0123;0;0;0.088;1.8205;0;0;0;0;0;0;0;0;0;0;0;0;0.0414;0.014;1.9385;1.9385;0;67.217;67.217;40.457;0.0504;2110.9;918.34;1;0.03;0.03;0;0;0;0;0;0;1.9085;1.8205;0;15.717;18.199;14.76;17.091;98.451;98.451;19.561;16.348;15.352;3.2132;0.9953;0.1643;0.0509;0.7849;121.1;0.7334;0
08/02/21 13:00;63.197;45.677;18.364;70.129;19.871;90;19.871;911.31;199.9;711.41;28.1;0.3999;0;756.45;83.713;120.81;0;5.426;966.4;0;966.4;756.45;120.81;83.713;5.426;0.7828;0.0922;0;0.0056;959.94;6.464;0;0;1.919;4.545;954.44;3.5752;0.4789;0.0765;2.825;0.1948;958.02;1.9199;1.5129;0.2416;0.1636;0.0018;955.76;754.46;120.49;78.806;0.6844;517.06;413.65;167.29;0.2931;5.528;79.518;1.3244;84.753;0;1;0;0;1.0605;0.9933;1;1;0.9771;0.1624;0.9963;0.9994;1;0.9654;0.7784;0.998;0.998;1;0.998;0.998;0.9876;0.9414;0.1261;2.7503;2.8938;0.0174;0.0003;0.5292;0.0164;0.0583;0.0122;0;0;0.088;2.0713;0;0;0;0;0;0;0;0;0;0;0;0;0.0469;0.0192;2.1937;2.1937;0;76.527;76.527;48.427;0.0507;2493.3;879.85;1;0.0345;0.0345;0;0;0;0;0;0;2.1593;2.0713;0;15;17.37;14.163;16.4;98.429;98.429;23.194;18.5;17.467;4.6935;1.0327;0.2024;0.0445;0.7531;51.979;0.7094;0
08/02/21 14:00;53.024;65.53;14.427;55.578;34.422;90;34.422;901.09;149.6;751.49;28.95;0.68;0;911.01;44.938;121.65;0;15.779;1093.4;0;1093.4;911.01;121.65;44.938;15.779;0.8332;0.0555;0;0.0144;1076.8;16.605;0;0;2.4786;14.127;1072.5;2.1235;0.4531;0.0605;1.3692;0.2407;1074.6;2.1536;1.822;0.2433;0.0849;0.0033;1076.8;908.74;121.35;41.005;1.4078;458.72;366.98;152.74;1.0973;4.6777;67.287;4.2904;70.868;0;1;0;0;1.2134;0.9848;1;1;0.9448;0.1047;0.998;0.9995;1;0.9677;0.854;0.998;0.998;1;0.998;0.998;0.9809;0.9125;0.0892;3.1117;3.2156;0.0194;0.0052;0.6706;0.0176;0.0626;0.01;0;0;0.088;2.2162;0;0;0;0;0;0;0;0;0;0;0;0;0.0504;0.0235;2.3563;2.342;0;83.694;83.694;54.745;0.051;2676.5;875;1;0.0521;0.0378;0;0.0143;0;0;0;0;2.3042;2.2162;0;14.154;16.39;13.394;15.509;97.787;98.386;26.241;19.75;18.689;6.4913;1.0609;0.2474;0.0404;0.7122;30.59;0.6808;0
08/02/21 15:00;41.361;78.317;8.7422;41.956;48.044;90;48.044;762.71;126;636.71;28.77;1.25;0;952.35;32.892;129.5;0;25.279;1140;0;1140;952.35;129.5;32.892;25.279;0.8354;0.051;0;0.0222;1113.5;26.555;0;0;2.9954;23.56;1109.8;1.3922;0.287;0.039;0.9823;0.0839;1111.2;2.2269;1.9047;0.259;0.0598;0.0034;1115.8;950.16;129.2;28.855;1.6321;304.59;243.67;95.902;2.5247;3.581;51.511;5.9869;52.568;0;1;0;0;1.4947;0.9767;1;1;0.9089;0.068;0.9987;0.9997;1;0.9671;0.9511;0.998;0.998;1;0.998;0.998;0.9735;0.8772;0.0646;3.2444;3.2957;0.0198;0.0068;0.7088;0.0179;0.0636;0.0076;0;0;0.088;2.2414;0;0;0;0;0;0;0;0;0;0;0;0;0.0512;0.0246;2.3954;2.3678;0;85.508;85.508;56.738;0.0511;2706;875;1;0.066;0.0384;0;0.0276;0;0;0;0;2.3294;2.2414;0;13.725;15.893;12.992;15.044;97.246;98.378;27.36;19.968;18.902;7.3927;1.0659;0.2702;0.039;0.6908;25.19;0.6682;0
08/02/21 16:00;29.19;88.017;1.9049;29.205;60;90;60;528.61;116.6;412;28.05;1.5001;0;844.3;34.771;143.94;0;26.43;1049.4;0;1049.4;844.3;143.94;34.771;26.43;0.8045;0.0583;0;0.0252;1020.3;29.097;0;0;4.3713;24.726;1017;1.2544;0.0554;0.0095;1.0735;0.116;1018.3;2.0407;1.6886;0.2879;0.0608;0.0034;1020.8;842.55;143.64;29.265;1.5852;107.04;85.63;36.769;5.8197;1.3797;19.846;3.7502;15.406;0;1;0;0;1.9853;0.9723;1;1;0.8743;0.0645;0.9988;0.9999;1;0.9646;0.9318;0.998;0.998;1;0.998;0.998;0.9691;0.8417;0.06;2.9866;2.9604;0.0178;0.0011;0.5765;0.0166;0.0587;0.003;0;0;0.088;2.0963;0;0;0;0;0;0;0;0;0;0;0;0;0.0473;0.0201;2.2192;2.2192;0;79.794;79.794;51.744;0.0509;2532.5;875;1;0.0349;0.0349;0;0;0;0;0;0;2.1843;2.0963;0;13.974;16.181;13.199;15.285;98.425;98.425;25.187;18.715;17.678;6.4718;1.0368;0.257;0.0412;0.7019;30.27;0.6921;0
08/02/21 17:00;16.944;96.476;45.024;17.046;28.266;90;28.266;257.6;141.6;116;28.4;1.33;0;281.34;95.362;97.478;0;3.0718;477.25;0;477.25;281.34;97.478;95.362;3.0718;0.5895;0.2063;0;0.0064;470.73;6.5178;0;0;3.848;2.6699;463.01;6.7838;2.7581;0.9556;2.9947;0.0754;469.79;0.9415;0.5627;0.195;0.183;0.0008;463.37;278.02;96.327;88.336;0.3257;62.89;50.312;20.252;1.1748;0.7526;10.826;0.3677;10.404;0;1;0;0;1.8527;0.9863;1;1;0.9596;0.1308;0.9856;0.9902;1;0.9672;0.812;0.998;0.998;1;0.998;0.998;0.9702;0.9263;0.106;1.3582;1.3474;0.0081;0.0072;0.1272;0.0084;0.0299;0.0018;0;0;0.088;1.0309;0;0;0;0;0;0;0;0;0;0;0;0;0.0241;0.0046;1.136;1.136;0;51.458;51.458;23.058;0.0498;1161.4;978.12;1;0.0172;0.0172;0;0;0;0;0;0;1.1189;1.0309;0;15.729;18.214;14.273;16.528;98.49;98.49;11.454;9.5802;8.6934;1.8738;0.8868;0.1636;0.0774;0.759;62.125;0.7463;0
08/02/21 18:00;5.4886;104.29;76.587;5.6627;8.1829;90;8.1829;15.003;14.9;0.1022;26.62;1.47;0;0.2478;14.813;0.0275;0;0.0153;15.104;0;15.104;0.2478;0.0275;14.813;0.0153;0.0164;0.9818;0;0.001;15.014;0.0896;0;0;0.0769;0.0127;14.306;0.678;0.0544;0.006;0.6169;0.0006;14.984;0.03;0.0005;0.0001;0.0295;0;14.308;0.1929;0.0214;14.09;0.002;8.8441;7.0753;2.6958;0.0019;0.1051;1.5121;0.0022;1.6153;0;1;0;0;1.0068;0.9941;1;1;0.9948;0.1676;0.9548;0.7799;1;0.9581;0.7753;0.998;0.998;1;0.998;0.998;0.9472;0.9512;0.1297;0.043;0.044;0.0003;0.0073;0.0004;0.0003;0.0009;0.0002;0;0;0.088;-0.0568;0;0;0;0;0;0;0;0;0;0;0;0;0.0007;0;0.0339;0.0339;0;27.346;27.346;0.7258;0.0507;35.948;941.77;1;0.0026;0.0026;0;0;0;0;0;0;0.0312;-0.0568;0;14.811;17.151;-24.842;-28.766;92.214;92.214;0.3625;0.2855;-0.4788;0.077;0.7643;0.2124;2.1086;0;8.8436;0;0
08/02/21 19:00;0;0;90;0;0;90;0;0;0;0;22;1.63;0;0;0;0;0;0;0;0;0;0;0;0;0;1;1;1;1;0;0;0;0;0;0;0;0;0;0;0;0;0;0;0;0;0;0;0;0;0;0;0;0;0;0;0;0;0;0;0;0;0;0;0;1;1;1;1;1;1;1;1;1;1;1;1;1;1;1;1;1;1;1;0;0;0;0;0;0;0;0;0;0.0004;0.088;-0.0884;0;0;0;0;0;0;0;0;0;0;0;0;0;0;0;0;0;0;0;-22;0;0;0;0;0.0004;0;0;0;0;0;0;0;-0.0004;-0.0884;0;0;0;0;0;0;0;0;0;-0.7452;0;0.7452;1;1;0;0;0;0
08/02/21 20:00;0;0;90;0;0;90;0;0;0;0;20.1;1.87;0;0;0;0;0;0;0;0;0;0;0;0;0;1;1;1;1;0;0;0;0;0;0;0;0;0;0;0;0;0;0;0;0;0;0;0;0;0;0;0;0;0;0;0;0;0;0;0;0;0;0;0;1;1;1;1;1;1;1;1;1;1;1;1;1;1;1;1;1;1;1;0;0;0;0;0;0;0;0;0;0.0004;0.088;-0.0884;0;0;0;0;0;0;0;0;0;0;0;0;0;0;0;0;0;0;0;-20.1;0;0;0;0;0.0004;0;0;0;0;0;0;0;-0.0004;-0.0884;0;0;0;0;0;0;0;0;0;-0.7452;0;0.7452;1;1;0;0;0;0
08/02/21 21:00;0;0;90;0;0;90;0;0;0;0;20.48;2.2499;0;0;0;0;0;0;0;0;0;0;0;0;0;1;1;1;1;0;0;0;0;0;0;0;0;0;0;0;0;0;0;0;0;0;0;0;0;0;0;0;0;0;0;0;0;0;0;0;0;0;0;0;1;1;1;1;1;1;1;1;1;1;1;1;1;1;1;1;1;1;1;0;0;0;0;0;0;0;0;0;0.0004;0.088;-0.0884;0;0;0;0;0;0;0;0;0;0;0;0;0;0;0;0;0;0;0;-20.48;0;0;0;0;0.0004;0;0;0;0;0;0;0;-0.0004;-0.0884;0;0;0;0;0;0;0;0;0;-0.7452;0;0.7452;1;1;0;0;0;0
08/02/21 22:00;0;0;90;0;0;90;0;0;0;0;19.73;2.42;0;0;0;0;0;0;0;0;0;0;0;0;0;1;1;1;1;0;0;0;0;0;0;0;0;0;0;0;0;0;0;0;0;0;0;0;0;0;0;0;0;0;0;0;0;0;0;0;0;0;0;0;1;1;1;1;1;1;1;1;1;1;1;1;1;1;1;1;1;1;1;0;0;0;0;0;0;0;0;0;0.0004;0.088;-0.0884;0;0;0;0;0;0;0;0;0;0;0;0;0;0;0;0;0;0;0;-19.73;0;0;0;0;0.0004;0;0;0;0;0;0;0;-0.0004;-0.0884;0;0;0;0;0;0;0;0;0;-0.7452;0;0.7452;1;1;0;0;0;0
08/02/21 23:00;0;0;90;0;0;90;0;0;0;0;20.79;2.59;0;0;0;0;0;0;0;0;0;0;0;0;0;1;1;1;1;0;0;0;0;0;0;0;0;0;0;0;0;0;0;0;0;0;0;0;0;0;0;0;0;0;0;0;0;0;0;0;0;0;0;0;1;1;1;1;1;1;1;1;1;1;1;1;1;1;1;1;1;1;1;0;0;0;0;0;0;0;0;0;0.0004;0.088;-0.0884;0;0;0;0;0;0;0;0;0;0;0;0;0;0;0;0;0;0;0;-20.79;0;0;0;0;0.0004;0;0;0;0;0;0;0;-0.0004;-0.0884;0;0;0;0;0;0;0;0;0;-0.7452;0;0.7452;1;1;0;0;0;0
09/02/21 00:00;0;0;90;0;0;90;0;0;0;0;19.76;3.2501;0;0;0;0;0;0;0;0;0;0;0;0;0;1;1;1;1;0;0;0;0;0;0;0;0;0;0;0;0;0;0;0;0;0;0;0;0;0;0;0;0;0;0;0;0;0;0;0;0;0;0;0;1;1;1;1;1;1;1;1;1;1;1;1;1;1;1;1;1;1;1;0;0;0;0;0;0;0;0;0;0.0004;0.088;-0.0884;0;0;0;0;0;0;0;0;0;0;0;0;0;0;0;0;0;0;0;-19.76;0;0;0;0;0.0004;0;0;0;0;0;0;0;-0.0004;-0.0884;0;0;0;0;0;0;0;0;0;-0.7452;0;0.7452;1;1;0;0;0;0
09/02/21 01:00;0;0;90;0;0;90;0;0;0;0;19;4.2299;0;0;0;0;0;0;0;0;0;0;0;0;0;1;1;1;1;0;0;0;0;0;0;0;0;0;0;0;0;0;0;0;0;0;0;0;0;0;0;0;0;0;0;0;0;0;0;0;0;0;0;0;1;1;1;1;1;1;1;1;1;1;1;1;1;1;1;1;1;1;1;0;0;0;0;0;0;0;0;0;0.0004;0.088;-0.0884;0;0;0;0;0;0;0;0;0;0;0;0;0;0;0;0;0;0;0;-19;0;0;0;0;0.0004;0;0;0;0;0;0;0;-0.0004;-0.0884;0;0;0;0;0;0;0;0;0;-0.7452;0;0.7452;1;1;0;0;0;0
09/02/21 02:00;0;0;90;0;0;90;0;0;0;0;17.97;4.75;0;0;0;0;0;0;0;0;0;0;0;0;0;1;1;1;1;0;0;0;0;0;0;0;0;0;0;0;0;0;0;0;0;0;0;0;0;0;0;0;0;0;0;0;0;0;0;0;0;0;0;0;1;1;1;1;1;1;1;1;1;1;1;1;1;1;1;1;1;1;1;0;0;0;0;0;0;0;0;0;0.0004;0.088;-0.0884;0;0;0;0;0;0;0;0;0;0;0;0;0;0;0;0;0;0;0;-17.97;0;0;0;0;0.0004;0;0;0;0;0;0;0;-0.0004;-0.0884;0;0;0;0;0;0;0;0;0;-0.7452;0;0.7452;1;1;0;0;0;0
09/02/21 03:00;0;0;90;0;0;90;0;0;0;0;17.12;4.8699;0;0;0;0;0;0;0;0;0;0;0;0;0;1;1;1;1;0;0;0;0;0;0;0;0;0;0;0;0;0;0;0;0;0;0;0;0;0;0;0;0;0;0;0;0;0;0;0;0;0;0;0;1;1;1;1;1;1;1;1;1;1;1;1;1;1;1;1;1;1;1;0;0;0;0;0;0;0;0;0;0.0004;0.088;-0.0884;0;0;0;0;0;0;0;0;0;0;0;0;0;0;0;0;0;0;0;-17.12;0;0;0;0;0.0004;0;0;0;0;0;0;0;-0.0004;-0.0884;0;0;0;0;0;0;0;0;0;-0.7452;0;0.7452;1;1;0;0;0;0
09/02/21 04:00;0;0;90;0;0;90;0;0;0;0;17.3;4.88;0;0;0;0;0;0;0;0;0;0;0;0;0;1;1;1;1;0;0;0;0;0;0;0;0;0;0;0;0;0;0;0;0;0;0;0;0;0;0;0;0;0;0;0;0;0;0;0;0;0;0;0;1;1;1;1;1;1;1;1;1;1;1;1;1;1;1;1;1;1;1;0;0;0;0;0;0;0;0;0;0.0004;0.088;-0.0884;0;0;0;0;0;0;0;0;0;0;0;0;0;0;0;0;0;0;0;-17.3;0;0;0;0;0.0004;0;0;0;0;0;0;0;-0.0004;-0.0884;0;0;0;0;0;0;0;0;0;-0.7452;0;0.7452;1;1;0;0;0;0
09/02/21 05:00;2.9134;-105.72;82.919;3.0263;4.3302;-90;-4.3302;8.9078;8.9003;0.0074;17.07;5.7399;0;0.0181;8.8867;0.0023;0;0.0025;8.9096;0;8.9096;0.0181;0.0023;8.8867;0.0025;0.002;0.9977;0;0.0003;8.8908;0.0187;0;0;0.0166;0.0021;8.475;0.3981;0.008;0.001;0.389;0.0001;8.8731;0.0178;0;0;0.0177;0;8.475;0.01;0.0013;8.4633;0.0003;5.2734;4.2187;1.6031;0;0.0629;0.9045;0.0001;0.9673;0;1;0;0;1.0002;0.9979;1;1;0.9981;0.1669;0.9551;0.5566;1;0.9561;0.7771;0.998;0.998;1;0.998;0.998;0.9512;0.9524;0.1295;0.0254;0.0261;0.0002;0.0056;-0.0007;0.0001;0.0005;0.0001;0;0;0.088;-0.0706;0;0;0;0;0;0;0;0;0;0;0;0;0.0004;0;0.0197;0.0197;0;17.501;17.501;0.4314;0.0509;20.577;959.22;1;0.0024;0.0024;0;0;0;0;0;0;0.0174;-0.0706;0;14.639;16.952;-52.39;-60.667;87.959;87.959;0.2138;0.1665;-0.5957;0.0474;0.7622;0.2215;3.5643;0;5.2733;0;0
09/02/21 06:00;11.889;-99.492;60.025;12.049;18.367;-90;-18.367;169.79;31.703;138.09;19.19;6.3799;0;334.91;16.122;36.766;0;0.8649;388.66;0;388.66;334.91;36.766;16.122;0.8649;0.8617;0.0437;0;0.0022;387.62;1.0432;0;0;0.3229;0.7203;372.32;14.525;12.554;1.3782;0.5603;0.032;386.85;0.7752;0.6698;0.0735;0.0316;0.0003;372.34;321.69;35.314;15.208;0.1123;10.694;8.5551;3.4456;0.0429;0.1176;1.6923;0.0206;1.767;0;1;0;0;2.289;0.9973;1;1;0.98;0.1672;0.9625;0.9624;1;0.9645;0.7783;0.998;0.998;1;0.998;0.998;0.958;0.9433;0.1299;1.1061;1.0687;0.0064;0.0112;0.0478;0.007;0.0249;0.0003;0;0;0.088;0.8448;0;0;0;0;0;0;0;0;0;0;0;0;0.0201;0.003;0.9479;0.9479;0;37.541;37.541;18.351;0.0493;920.25;1030.1;1;0.0151;0.0151;0;0;0;0;0;0;0.9328;0.8448;0;16.117;18.663;14.363;16.632;98.403;98.403;9.3279;7.9942;7.1244;1.3338;0.8698;0.143;0.0932;0.7638;9.943;0.7613;0
09/02/21 07:00;24.092;-91.2;8.1099;24.096;57.867;-90;-57.867;394.79;67.497;327.3;21.18;5.62;0;793.79;22.129;93.63;0;18.481;928.03;0;928.03;793.79;93.63;22.129;18.481;0.8553;0.0438;0;0.0199;908.18;19.85;0;0;2.6307;17.219;905.37;0.9924;0.2219;0.0262;0.677;0.0673;906.36;1.8164;1.5876;0.1873;0.039;0.0025;906.18;791.98;93.417;18.782;1.1922;20.591;16.473;6.9747;3.2561;0.4107;5.9078;0.8087;3.0624;0;1;0;0;2.3507;0.9786;1;1;0.8811;0.0683;0.9989;0.9997;1;0.9652;0.9465;0.998;0.998;1;0.998;0.998;0.9756;0.8488;0.0645;2.6411;2.6045;0.0157;-0.0017;0.3846;0.0154;0.0548;0.001;0;0;0.088;1.9542;0;0;0;0;0;0;0;0;0;0;0;0;0.0441;0.0158;2.0749;2.0749;0;66.748;66.748;45.568;0.0503;2247.8;923.1;1;0.0327;0.0327;0;0;0;0;0;0;2.0422;1.9542;0;14.774;17.108;13.915;16.113;98.426;98.426;22.273;17.498;16.48;4.7747;1.0176;0.2144;0.0457;0.7399;18.798;0.7364;0
09/02/21 08:00;36.327;-82.117;6.3436;36.587;53.413;-90;-53.413;611.71;101.1;510.6;23.09;4.4601;0;856.65;31.075;104.29;0;24.71;1016.7;0;1016.7;856.65;104.29;31.075;24.71;0.8426;0.0549;0;0.0243;990.42;26.305;0;0;3.2892;23.016;987.23;1.2162;0.1873;0.0228;0.9366;0.0695;988.44;1.9808;1.7133;0.2086;0.0556;0.0034;992.25;854.75;104.06;26.793;1.6212;203.62;162.9;64.111;3.4476;2.5084;36.083;5.0275;35.144;0;1;0;0;1.6621;0.9741;1;1;0.8942;0.0686;0.9988;0.9998;1;0.9662;0.9589;0.998;0.998;1;0.998;0.998;0.971;0.8622;0.0656;2.8935;2.9112;0.0175;0.0005;0.4951;0.0168;0.0595;0.0056;0;0;0.088;2.1245;0;0;0;0;0;0;0;0;0;0;0;0;0.048;0.0195;2.2486;2.2486;0;73.037;73.037;49.947;0.0506;2511.5;895.32;1;0.0361;0.0361;0;0;0;0;0;0;2.2125;2.1245;0;14.614;16.923;13.808;15.989;98.395;98.395;24.401;18.963;17.916;5.4388;1.0464;0.2229;0.0429;0.7342;25.133;0.7152;0
09/02/21 09:00;48.249;-70.836;12.627;49.866;40.134;-90;-40.134;801.9;132.2;669.69;24.35;3.2501;0;875.95;41.95;110.73;0;18.882;1047.5;0;1047.5;875.95;110.73;41.95;18.882;0.8362;0.0581;0;0.018;1027.3;20.167;0;0;2.9278;17.239;1023.4;1.8371;0.3813;0.0482;1.2617;0.1459;1025.3;2.0547;1.7519;0.2215;0.078;0.0033;1028.6;873.81;110.46;37.682;1.4937;379.43;303.54;124.66;1.7331;4.0316;57.994;5.1103;60.292;0;1;0;0;1.3063;0.9807;1;1;0.9302;0.087;0.9982;0.9996;1;0.9676;0.911;0.998;0.998;1;0.998;0.998;0.977;0.8983;0.0791;2.9811;3.0589;0.0184;0.0025;0.5556;0.0174;0.0616;0.0089;0;0;0.088;2.198;0;0;0;0;0;0;0;0;0;0;0;0;0.0496;0.0214;2.3235;2.3235;0;76.269;76.269;51.919;0.0507;2637.3;881;1;0.0375;0.0375;0;0;0;0;0;0;2.286;2.198;0;14.657;16.973;13.865;16.056;98.386;98.386;25.14;19.594;18.536;5.5459;1.0585;0.2206;0.0421;0.7373;29.916;0.708;0
09/02/21 10:00;59.169;-54.469;17.328;64.093;25.907;-90;-25.907;945.59;156;789.59;25.72;2.2201;0;877.81;50.976;113.76;0;9.5028;1052;0;1052;877.81;113.76;50.976;9.5028;0.8344;0.0575;0;0.009;1042.1;9.9143;0;0;1.7836;8.1307;1037.6;2.4907;0.5243;0.068;1.6278;0.2706;1040;2.0843;1.7556;0.2275;0.0984;0.0027;1040;875.53;113.47;47.466;1.0987;517.79;414.23;167.74;0.4648;5.5329;79.589;2.4816;84.657;0;1;0;0;1.1126;0.9906;1;1;0.965;0.1444;0.9976;0.9994;1;0.9668;0.8024;0.998;0.998;1;0.998;0.998;0.9862;0.9311;0.1156;2.994;3.135;0.0189;0.0037;0.594;0.0176;0.0625;0.0121;0;0;0.088;2.2274;0;0;0;0;0;0;0;0;0;0;0;0;0.0504;0.0224;2.3534;2.3534;0;78.45;78.45;52.731;0.0508;2687.6;875;1;0.0381;0.0381;0;0;0;0;0;0;2.3154;2.2274;0;14.782;17.117;13.99;16.2;98.383;98.383;25.249;19.847;18.784;5.4023;1.0631;0.214;0.0421;0.7439;32.716;0.7041;0
09/02/21 11:00;67.312;-27.274;20.05;79.155;10.845;-90;-10.845;1033.9;170.6;863.31;26.12;1.55;0;879;56.221;115.95;0;1.8466;1053;0;1053;879;115.95;56.221;1.8466;0.8347;0.0551;0;0.0018;1051;1.997;0;0;0.464;1.5331;1045.9;3.0035;0.6075;0.0801;2.2456;0.0703;1048.9;2.102;1.758;0.2319;0.1115;0.0006;1046.3;876.64;115.63;53.4;0.2426;602.72;482.18;195.47;0.0227;6.3925;91.953;0.3594;98.323;0;1;0;0;1.0185;0.9981;1;1;0.9917;0.1698;0.9971;0.9993;1;0.9596;0.7755;0.998;0.998;1;0.998;0.998;0.9933;0.9498;0.1314;2.9968;3.1777;0.0191;0.0045;0.6118;0.0178;0.0631;0.014;0;0;0.088;2.247;0;0;0;0;0;0;0;0;0;0;0;0;0.0508;0.023;2.3736;2.3736;0;79.314;79.314;53.194;0.0509;2708.2;875;1;0.0385;0.0385;0;0;0;0;0;0;2.335;2.247;0;14.895;17.248;14.101;16.328;98.377;98.377;25.272;20.016;18.949;5.256;1.0671;0.208;0.0422;0.7498;33.774;0.7038;0
09/02/21 12:00;68.988;12.176;20.517;85.368;4.6316;90;4.6316;794.8;339.5;455.3;26.42;1.3401;0;456.79;221.02;118.51;0;0.2595;796.58;0;796.58;456.79;118.51;221.02;0.2595;0.5734;0.2778;0;0.0003;795.9;0.6776;0;0;0.4612;0.2164;784.25;10.059;0.3231;0.0838;9.6423;0.0096;794.31;1.5918;0.9136;0.237;0.4411;0.0001;784.27;455.56;118.19;210.48;0.0335;468.57;374.86;148.34;0.0008;5.2045;74.865;0.0183;80.068;0;1;0;0;1.0022;0.9991;1;1;0.9979;0.1663;0.9873;0.9993;1;0.9562;0.7767;0.998;0.998;1;0.998;0.998;0.9845;0.9523;0.1289;2.267;2.3938;0.0144;-0.002;0.3466;0.0142;0.0505;0.0121;0;0;0.088;1.7864;0;0;0;0;0;0;0;0;0;0;0;0;0.0407;0.0134;1.9039;1.9039;0;65.869;65.869;39.449;0.0503;2061.5;923.52;1;0.0295;0.0295;0;0;0;0;0;0;1.8744;1.7864;0;15.793;18.288;14.819;17.16;98.452;98.452;19.118;16.056;15.065;3.0624;0.9907;0.1602;0.0518;0.788;131.2;0.7362;0
09/02/21 13:00;62.949;45.227;18.681;70.074;19.926;90;19.926;1048.6;173;875.6;27.62;1.3699;0;931.36;50.123;129.05;0;6.2775;1116.8;0;1116.8;931.36;129.05;50.123;6.2775;0.8339;0.0505;0;0.0056;1110.4;6.4129;0;0;1.1542;5.2587;1105.6;2.5978;0.5998;0.0831;1.6897;0.2252;1108.2;2.2208;1.8627;0.2581;0.0979;0.002;1107.1;928.89;128.71;47.181;0.7915;592.97;474.37;192.26;0.178;6.3025;90.659;1.5303;96.784;0;1;0;0;1.0651;0.9943;1;1;0.977;0.1623;0.9977;0.9994;1;0.9654;0.7785;0.998;0.998;1;0.998;0.998;0.9899;0.9413;0.1261;3.1784;3.3491;0.0202;0.0079;0.7022;0.0183;0.065;0.0135;0;0;0.088;2.2974;0;0;0;0;0;0;0;0;0;0;0;0;0.0524;0.0253;2.4443;2.4252;0;84.073;84.073;56.453;0.0511;2771.6;875;1;0.0588;0.0397;0;0.0191;0;0;0;0;2.3854;2.2974;0;14.349;16.616;13.594;15.741;97.594;98.362;26.803;20.452;19.375;6.3516;1.0772;0.237;0.0402;0.7228;31.13;0.6814;0
09/02/21 14:00;52.828;65.107;14.734;55.479;34.521;90;34.521;994.8;164.1;830.7;28.09;1.3401;0;1008.2;38.36;148.11;0;17.516;1212.2;0;1212.2;1008.2;148.11;38.36;17.516;0.8317;0.0461;0;0.0144;1194.4;17.815;0;0;2.1253;15.69;1190;2.0203;0.5121;0.0752;1.1684;0.2646;1192;2.3888;2.0165;0.2962;0.0725;0.0037;1194.9;1005.7;147.74;34.994;1.5581;504.42;403.53;164.43;0.9469;5.3553;77.034;4.9378;81.442;0;1;0;0;1.2186;0.9853;1;1;0.9446;0.1043;0.9983;0.9995;1;0.9677;0.8548;0.998;0.998;1;0.998;0.998;0.9817;0.9122;0.089;3.4499;3.5731;0.0215;0.0136;0.8141;0.0191;0.0676;0.0112;0;0;0.088;2.3443;0;0;0;0;0;0;0;0;0;0;0;0;0.0545;0.0287;2.5429;2.4731;0;89.116;89.116;61.026;0.0513;2826.4;875;1;0.1106;0.0408;0;0.0698;0;0;0;0;2.4323;2.3443;0;13.481;15.611;12.779;14.798;95.649;98.348;29.093;20.856;19.77;8.2371;1.0866;0.2831;0.0373;0.6795;26.131;0.6487;0
09/02/21 15:00;41.191;77.953;9.036;41.825;48.175;90;48.175;727.39;132.7;594.69;28.02;1.39;0;891.79;39.356;128.18;0;24.233;1083.6;0;1083.6;891.79;128.18;39.356;24.233;0.823;0.0587;0;0.0224;1057.4;26.187;0;0;3.5983;22.588;1053.7;1.5727;0.2778;0.0399;1.1755;0.0795;1055.3;2.1147;1.7836;0.2564;0.0715;0.0033;1059.5;889.73;127.88;34.511;1.5616;291.85;233.48;92.016;3.048;3.4641;49.829;5.7875;50.245;0;1;0;0;1.4896;0.9758;1;1;0.9086;0.0679;0.9985;0.9997;1;0.9671;0.9515;0.998;0.998;1;0.998;0.998;0.9724;0.8769;0.0644;3.0837;3.131;0.0189;0.0036;0.6307;0.0173;0.0615;0.0075;0;0;0.088;2.1859;0;0;0;0;0;0;0;0;0;0;0;0;0.0496;0.0224;2.3195;2.311;0;81.715;81.715;53.695;0.051;2641.2;875;1;0.0456;0.0371;0;0.0085;0;0;0;0;2.2739;2.1859;0;14.093;16.32;13.331;15.437;98.033;98.396;26.005;19.489;18.434;6.5163;1.0548;0.2506;0.0406;0.7089;30.179;0.6853;0
09/02/21 16:00;29.03;87.698;2.2254;29.05;60;90;60;474.01;162.6;311.41;28.58;1.5101;0;641.24;66.125;153.27;0;23.7;884.33;0;884.33;641.24;153.27;66.125;23.7;0.7251;0.1016;0;0.0268;853.85;30.485;0;0;8.3131;22.172;849.93;2.2065;0.0492;0.0118;2.0415;0.104;852.14;1.7077;1.2825;0.3065;0.1156;0.0031;854.03;639.9;152.95;55.655;1.4214;117.42;93.934;40.906;11.061;1.7803;25.609;4.0991;16.329;0;1;0;0;1.8657;0.9655;1;1;0.8743;0.0645;0.9974;0.9999;1;0.9646;0.9318;0.998;0.998;1;0.998;0.998;0.9611;0.8417;0.06;2.5167;2.4948;0.015;-0.002;0.4123;0.0145;0.0514;0.004;0;0;0.088;1.8258;0;0;0;0;0;0;0;0;0;0;0;0;0.0414;0.0145;1.9436;1.9436;0;71.529;71.529;42.949;0.0505;2151.3;903.48;1;0.0298;0.0298;0;0;0;0;0;0;1.9138;1.8258;0;14.523;16.818;13.643;15.798;98.466;98.466;21.224;16.391;15.397;4.833;0.9936;0.2277;0.0468;0.7255;57.566;0.7101;0
09/02/21 17:00;16.781;96.187;45.556;16.874;27.873;90;27.873;248.3;145;103.31;28.82;1.49;0;250.54;101.73;89.76;0;2.8806;444.91;0;444.91;250.54;89.76;101.73;2.8806;0.5631;0.2351;0;0.0065;438.4;6.5127;0;0;4.0138;2.499;430.8;6.7168;2.5339;0.9078;3.2027;0.0724;437.52;0.8768;0.5011;0.1795;0.1954;0.0008;431.18;247.51;88.672;94.313;0.3085;66.788;53.43;21.453;1.1933;0.7992;11.496;0.3785;11.102;0;1;0;0;1.7918;0.9854;1;1;0.9605;0.1325;0.9846;0.9899;1;0.9672;0.8099;0.998;0.998;1;0.998;0.998;0.9683;0.9271;0.1071;1.2662;1.2567;0.0076;0.0085;0.1134;0.0079;0.028;0.002;0;0;0.088;0.9586;0;0;0;0;0;0;0;0;0;0;0;0;0.0225;0.004;1.0627;1.0627;0;50.262;50.262;21.441;0.0498;1083.2;981.12;1;0.0161;0.0161;0;0;0;0;0;0;1.0466;0.9586;0;15.784;18.277;14.237;16.486;98.481;98.481;10.678;8.962;8.0838;1.7158;0.8782;0.1607;0.0822;0.7571;66.1;0.7427;0
09/02/21 18:00;5.3158;104.01;77.015;5.4779;7.9088;90;7.9088;37.506;36.798;0.708;26.6;1.9801;0;1.717;36.424;0.4865;0;0.0357;38.663;0;38.663;1.717;0.4865;36.424;0.0357;0.0444;0.943;0;0.0009;38.455;0.2084;0;0;0.1787;0.0297;36.346;2.0315;0.3951;0.112;1.5231;0.0013;38.378;0.0769;0.0034;0.001;0.0725;0;36.351;1.3184;0.3736;34.65;0.0046;21.738;17.39;6.6248;0.0041;0.2584;3.7169;0.0048;3.9712;0;1;0;0;1.0308;0.9946;1;1;0.9951;0.1675;0.9471;0.7694;1;0.9579;0.7754;0.998;0.998;1;0.998;0.998;0.9401;0.9513;0.1296;0.11;0.1114;0.0007;0.0117;0.0014;0.0007;0.0024;0.0006;0;0;0.088;-0.0001;0;0;0;0;0;0;0;0;0;0;0;0;0.002;0.0001;0.0919;0.0919;0;28.419;28.419;1.8189;0.05;93.78;980.27;1;0.004;0.004;0;0;0;0;0;0;0.0879;-0.0001;0;15.712;18.194;-0.0201;-0.0232;95.597;95.597;0.9279;0.7753;-0.001;0.1527;0.7762;0.1645;0.8366;0;21.733;0;0
09/02/21 19:00;0;0;90;0;0;90;0;0;0;0;22.19;2.6;0;0;0;0;0;0;0;0;0;0;0;0;0;1;1;1;1;0;0;0;0;0;0;0;0;0;0;0;0;0;0;0;0;0;0;0;0;0;0;0;0;0;0;0;0;0;0;0;0;0;0;0;1;1;1;1;1;1;1;1;1;1;1;1;1;1;1;1;1;1;1;0;0;0;0;0;0;0;0;0;0.0004;0.088;-0.0884;0;0;0;0;0;0;0;0;0;0;0;0;0;0;0;0;0;0;0;-22.19;0;0;0;0;0.0004;0;0;0;0;0;0;0;-0.0004;-0.0884;0;0;0;0;0;0;0;0;0;-0.7452;0;0.7452;1;1;0;0;0;0
09/02/21 20:00;0;0;90;0;0;90;0;0;0;0;21.7;3.9099;0;0;0;0;0;0;0;0;0;0;0;0;0;1;1;1;1;0;0;0;0;0;0;0;0;0;0;0;0;0;0;0;0;0;0;0;0;0;0;0;0;0;0;0;0;0;0;0;0;0;0;0;1;1;1;1;1;1;1;1;1;1;1;1;1;1;1;1;1;1;1;0;0;0;0;0;0;0;0;0;0.0004;0.088;-0.0884;0;0;0;0;0;0;0;0;0;0;0;0;0;0;0;0;0;0;0;-21.7;0;0;0;0;0.0004;0;0;0;0;0;0;0;-0.0004;-0.0884;0;0;0;0;0;0;0;0;0;-0.7452;0;0.7452;1;1;0;0;0;0
09/02/21 21:00;0;0;90;0;0;90;0;0;0;0;21.3;5.36;0;0;0;0;0;0;0;0;0;0;0;0;0;1;1;1;1;0;0;0;0;0;0;0;0;0;0;0;0;0;0;0;0;0;0;0;0;0;0;0;0;0;0;0;0;0;0;0;0;0;0;0;1;1;1;1;1;1;1;1;1;1;1;1;1;1;1;1;1;1;1;0;0;0;0;0;0;0;0;0;0.0004;0.088;-0.0884;0;0;0;0;0;0;0;0;0;0;0;0;0;0;0;0;0;0;0;-21.3;0;0;0;0;0.0004;0;0;0;0;0;0;0;-0.0004;-0.0884;0;0;0;0;0;0;0;0;0;-0.7452;0;0.7452;1;1;0;0;0;0
09/02/21 22:00;0;0;90;0;0;90;0;0;0;0;20.16;6.8401;0;0;0;0;0;0;0;0;0;0;0;0;0;1;1;1;1;0;0;0;0;0;0;0;0;0;0;0;0;0;0;0;0;0;0;0;0;0;0;0;0;0;0;0;0;0;0;0;0;0;0;0;1;1;1;1;1;1;1;1;1;1;1;1;1;1;1;1;1;1;1;0;0;0;0;0;0;0;0;0;0.0004;0.088;-0.0884;0;0;0;0;0;0;0;0;0;0;0;0;0;0;0;0;0;0;0;-20.16;0;0;0;0;0.0004;0;0;0;0;0;0;0;-0.0004;-0.0884;0;0;0;0;0;0;0;0;0;-0.7452;0;0.7452;1;1;0;0;0;0
09/02/21 23:00;0;0;90;0;0;90;0;0;0;0;19.3;7.28;0;0;0;0;0;0;0;0;0;0;0;0;0;1;1;1;1;0;0;0;0;0;0;0;0;0;0;0;0;0;0;0;0;0;0;0;0;0;0;0;0;0;0;0;0;0;0;0;0;0;0;0;1;1;1;1;1;1;1;1;1;1;1;1;1;1;1;1;1;1;1;0;0;0;0;0;0;0;0;0;0.0004;0.088;-0.0884;0;0;0;0;0;0;0;0;0;0;0;0;0;0;0;0;0;0;0;-19.3;0;0;0;0;0.0004;0;0;0;0;0;0;0;-0.0004;-0.0884;0;0;0;0;0;0;0;0;0;-0.7452;0;0.7452;1;1;0;0;0;0
10/02/21 00:00;0;0;90;0;0;90;0;0;0;0;18.36;6.89;0;0;0;0;0;0;0;0;0;0;0;0;0;1;1;1;1;0;0;0;0;0;0;0;0;0;0;0;0;0;0;0;0;0;0;0;0;0;0;0;0;0;0;0;0;0;0;0;0;0;0;0;1;1;1;1;1;1;1;1;1;1;1;1;1;1;1;1;1;1;1;0;0;0;0;0;0;0;0;0;0.0004;0.088;-0.0884;0;0;0;0;0;0;0;0;0;0;0;0;0;0;0;0;0;0;0;-18.36;0;0;0;0;0.0004;0;0;0;0;0;0;0;-0.0004;-0.0884;0;0;0;0;0;0;0;0;0;-0.7452;0;0.7452;1;1;0;0;0;0
10/02/21 01:00;0;0;90;0;0;90;0;0;0;0;17.7;6.6701;0;0;0;0;0;0;0;0;0;0;0;0;0;1;1;1;1;0;0;0;0;0;0;0;0;0;0;0;0;0;0;0;0;0;0;0;0;0;0;0;0;0;0;0;0;0;0;0;0;0;0;0;1;1;1;1;1;1;1;1;1;1;1;1;1;1;1;1;1;1;1;0;0;0;0;0;0;0;0;0;0.0004;0.088;-0.0884;0;0;0;0;0;0;0;0;0;0;0;0;0;0;0;0;0;0;0;-17.7;0;0;0;0;0.0004;0;0;0;0;0;0;0;-0.0004;-0.0884;0;0;0;0;0;0;0;0;0;-0.7452;0;0.7452;1;1;0;0;0;0
10/02/21 02:00;0;0;90;0;0;90;0;0;0;0;17.24;6.6001;0;0;0;0;0;0;0;0;0;0;0;0;0;1;1;1;1;0;0;0;0;0;0;0;0;0;0;0;0;0;0;0;0;0;0;0;0;0;0;0;0;0;0;0;0;0;0;0;0;0;0;0;1;1;1;1;1;1;1;1;1;1;1;1;1;1;1;1;1;1;1;0;0;0;0;0;0;0;0;0;0.0004;0.088;-0.0884;0;0;0;0;0;0;0;0;0;0;0;0;0;0;0;0;0;0;0;-17.24;0;0;0;0;0.0004;0;0;0;0;0;0;0;-0.0004;-0.0884;0;0;0;0;0;0;0;0;0;-0.7452;0;0.7452;1;1;0;0;0;0
10/02/21 03:00;0;0;90;0;0;90;0;0;0;0;16.4;6.43;0;0;0;0;0;0;0;0;0;0;0;0;0;1;1;1;1;0;0;0;0;0;0;0;0;0;0;0;0;0;0;0;0;0;0;0;0;0;0;0;0;0;0;0;0;0;0;0;0;0;0;0;1;1;1;1;1;1;1;1;1;1;1;1;1;1;1;1;1;1;1;0;0;0;0;0;0;0;0;0;0.0004;0.088;-0.0884;0;0;0;0;0;0;0;0;0;0;0;0;0;0;0;0;0;0;0;-16.4;0;0;0;0;0.0004;0;0;0;0;0;0;0;-0.0004;-0.0884;0;0;0;0;0;0;0;0;0;-0.7452;0;0.7452;1;1;0;0;0;0
10/02/21 04:00;0;0;90;0;0;90;0;0;0;0;15.98;6.08;0;0;0;0;0;0;0;0;0;0;0;0;0;1;1;1;1;0;0;0;0;0;0;0;0;0;0;0;0;0;0;0;0;0;0;0;0;0;0;0;0;0;0;0;0;0;0;0;0;0;0;0;1;1;1;1;1;1;1;1;1;1;1;1;1;1;1;1;1;1;1;0;0;0;0;0;0;0;0;0;0.0004;0.088;-0.0884;0;0;0;0;0;0;0;0;0;0;0;0;0;0;0;0;0;0;0;-15.98;0;0;0;0;0.0004;0;0;0;0;0;0;0;-0.0004;-0.0884;0;0;0;0;0;0;0;0;0;-0.7452;0;0.7452;1;1;0;0;0;0
10/02/21 05:00;2.913;-105.32;82.92;3.0201;4.3212;-90;-4.3212;7.3059;7.297;0.009;15.45;6.24;0;0.0217;7.2857;0.0022;0;0.0021;7.3117;0;7.3117;0.0217;0.0022;7.2857;0.0021;0.003;0.9967;0;0.0003;7.2964;0.0153;0;0;0.0136;0.0017;6.9522;0.3296;0.0096;0.001;0.319;0.0001;7.2818;0.0146;0;0;0.0145;0;6.9522;0.0121;0.0012;6.9386;0.0003;4.3233;3.4587;1.3143;0;0.0515;0.7415;0;0.7931;0;1;0;0;1.0008;0.9979;1;1;0.9981;0.1669;0.9547;0.5566;1;0.9561;0.7771;0.998;0.998;1;0.998;0.998;0.9508;0.9524;0.1294;0.0208;0.0214;0.0001;0.005;-0.0006;0.0001;0.0004;0.0001;0;0;0.088;-0.0744;0;0;0;0;0;0;0;0;0;0;0;0;0.0003;0;0.0159;0.0159;0;15.805;15.805;0.3553;0.0511;16.574;956.62;1;0.0023;0.0023;0;0;0;0;0;0;0.0136;-0.0744;0;14.329;16.593;-67.272;-77.899;85.547;85.547;0.1755;0.1337;-0.6277;0.0418;0.7614;0.238;4.3392;0;4.3233;0;0
10/02/21 06:00;11.7;-99.221;60.54;11.849;18.018;-90;-18.018;170.79;29.402;141.39;17.67;6.34;0;342.91;14.411;35.478;0;0.8376;393.64;0;393.64;342.91;35.478;14.411;0.8376;0.8711;0.0387;0;0.0021;392.66;0.9768;0;0;0.2795;0.6973;376.45;15.422;13.491;1.3958;0.5042;0.0311;391.87;0.7853;0.6858;0.071;0.0283;0.0003;376.47;328.73;34.011;13.599;0.109;9.6387;7.711;3.1191;0.0359;0.105;1.5101;0.0176;1.5792;0;1;0;0;2.3048;0.9975;1;1;0.9806;0.1675;0.9606;0.9606;1;0.9642;0.778;0.998;0.998;1;0.998;0.998;0.9563;0.9437;0.1301;1.1203;1.0801;0.0065;0.0111;0.0431;0.0071;0.0253;0.0003;0;0;0.088;0.8599;0;0;0;0;0;0;0;0;0;0;0;0;0.0204;0.0031;0.9633;0.9633;0;36.203;36.203;18.533;0.0492;929.88;1036;1;0.0154;0.0154;0;0;0;0;0;0;0.9479;0.8599;0;16.171;18.726;14.435;16.715;98.396;98.396;9.4473;8.1237;7.2514;1.3235;0.8724;0.1401;0.0923;0.7676;8.8743;0.7654;0
10/02/21 07:00;23.909;-90.905;10.603;23.911;55.517;-90;-55.517;397.9;66.1;331.8;19.75;5.7301;0;804.71;21.522;93.657;0;17.263;937.15;0;937.15;804.71;93.657;21.522;17.263;0.8587;0.0414;0;0.0184;918.65;18.497;0;0;2.4093;16.088;915.78;1.0337;0.2941;0.0342;0.6527;0.0526;916.81;1.8373;1.6094;0.1873;0.0382;0.0023;916.28;802.8;93.435;18.422;1.1199;19.622;15.698;7.2852;2.7348;0.3259;4.6884;0.4978;2.2795;0;1;0;0;2.3552;0.9803;1;1;0.8881;0.0681;0.9989;0.9996;1;0.9658;0.9551;0.998;0.998;1;0.998;0.998;0.9772;0.856;0.0649;2.6671;2.631;0.0158;-0.0016;0.3794;0.0157;0.0555;0.0008;0;0;0.088;1.9832;0;0;0;0;0;0;0;0;0;0;0;0;0.0447;0.0161;2.1046;2.1046;0;65.807;65.807;46.057;0.0503;2270.6;926.85;1;0.0333;0.0333;0;0;0;0;0;0;2.0712;1.9832;0;14.839;17.184;13.984;16.193;98.416;98.416;22.492;17.748;16.725;4.7436;1.0233;0.2109;0.0455;0.7436;17.807;0.7408;0
10/02/21 08:00;36.14;-81.788;6.6243;36.422;53.578;-90;-53.578;615.5;101.3;514.19;21.65;4.5399;0;866.04;30.501;106.15;0;25.006;1027.7;0;1027.7;866.04;106.15;30.501;25.006;0.8427;0.054;0;0.0243;1001.2;26.536;0;0;3.2429;23.293;997.95;1.2122;0.1978;0.0242;0.9197;0.0705;999.16;2.0023;1.7321;0.2123;0.0545;0.0034;1003.3;864.11;105.92;26.284;1.6388;203.04;162.43;62.011;3.4209;2.6247;37.755;5.3553;36.958;0;1;0;0;1.6697;0.9742;1;1;0.8937;0.0685;0.9988;0.9998;1;0.9662;0.9587;0.998;0.998;1;0.998;0.998;0.9711;0.8617;0.0655;2.9248;2.9462;0.0177;0.0009;0.4909;0.0171;0.0605;0.0059;0;0;0.088;2.1595;0;0;0;0;0;0;0;0;0;0;0;0;0.0487;0.0199;2.2845;2.2845;0;72.102;72.102;50.452;0.0506;2541.4;898.93;1;0.037;0.037;0;0;0;0;0;0;2.2475;2.1595;0;14.689;17.009;13.885;16.079;98.38;98.38;24.665;19.265;18.211;5.3994;1.0543;0.2189;0.0427;0.7383;24.713;0.7186;0
10/02/21 09:00;48.044;-70.457;12.923;49.728;40.272;-90;-40.272;804.9;132.8;672.1;23.58;3.0399;0;880.88;41.565;112.25;0;19.077;1053.8;0;1053.8;880.88;112.25;41.565;19.077;0.8359;0.0575;0;0.0181;1033.4;20.339;0;0;2.9156;17.423;1029.5;1.8376;0.3924;0.05;1.2498;0.1454;1031.4;2.0669;1.7618;0.2245;0.0773;0.0033;1034.7;878.73;111.98;37.322;1.505;379.94;303.95;124.8;1.7375;4.0386;58.094;5.1589;60.395;0;1;0;0;1.3092;0.9807;1;1;0.9299;0.0867;0.9982;0.9996;1;0.9676;0.9119;0.998;0.998;1;0.998;0.998;0.977;0.8979;0.0789;2.999;3.0767;0.0185;0.0028;0.5533;0.0175;0.0621;0.009;0;0;0.088;2.2159;0;0;0;0;0;0;0;0;0;0;0;0;0.05;0.0216;2.3419;2.3419;0;75.788;75.788;52.208;0.0507;2652.6;882.87;1;0.038;0.038;0;0;0;0;0;0;2.3039;2.2159;0;14.685;17.005;13.895;16.09;98.378;98.378;25.291;19.749;18.687;5.5415;1.0624;0.2191;0.042;0.7389;29.676;0.7096;0
10/02/21 10:00;58.925;-54.05;17.639;63.994;26.006;-90;-26.006;942.99;155.6;787.39;24.83;1.47;0;876.1;50.813;113.58;0;9.548;1050;0;1050;876.1;113.58;50.813;9.548;0.8343;0.0575;0;0.0091;1040.1;9.9619;0;0;1.7888;8.1731;1035.5;2.4938;0.5327;0.0691;1.6214;0.2705;1038;2.0802;1.7522;0.2272;0.098;0.0027;1038;873.81;113.28;47.305;1.1016;516.03;412.83;167.2;0.4696;5.5127;79.299;2.4962;84.342;0;1;0;0;1.1135;0.9905;1;1;0.9648;0.144;0.9976;0.9994;1;0.9669;0.8028;0.998;0.998;1;0.998;0.998;0.9862;0.931;0.1154;2.9883;3.1286;0.0188;0.0036;0.5809;0.0177;0.0627;0.0122;0;0;0.088;2.2337;0;0;0;0;0;0;0;0;0;0;0;0;0.0505;0.0223;2.36;2.36;0;77.411;77.411;52.581;0.0508;2697.1;875;1;0.0382;0.0382;0;0;0;0;0;0;2.3217;2.2337;0;14.851;17.198;14.057;16.278;98.381;98.381;25.201;19.902;18.837;5.2991;1.0644;0.2103;0.0422;0.7475;32.631;0.7075;0
10/02/21 11:00;67.008;-26.976;20.371;79.105;10.895;-90;-10.895;1014.4;167;847.4;26.22;0.36;0;862.95;56.783;111.71;0;1.8283;1033.3;0;1033.3;862.95;111.71;56.783;1.8283;0.8352;0.0567;0;0.0018;1031.3;1.9901;0;0;0.4722;1.5179;1026.2;3.0202;0.606;0.0784;2.2662;0.0696;1029.2;2.0626;1.7259;0.2234;0.1126;0.0006;1026.6;860.62;111.41;53.932;0.2402;591.3;473.04;191.75;0.0233;6.2724;90.226;0.3566;96.475;0;1;0;0;1.0186;0.9981;1;1;0.9917;0.1698;0.9971;0.9993;1;0.9597;0.7755;0.998;0.998;1;0.998;0.998;0.9932;0.9498;0.1314;2.9406;3.1178;0.0188;0.0034;0.5899;0.0175;0.0622;0.0138;0;0;0.088;2.2142;0;0;0;0;0;0;0;0;0;0;0;0;0.0501;0.0221;2.3399;2.3399;0;78.369;78.369;52.149;0.0508;2672.2;875;1;0.0378;0.0378;0;0;0;0;0;0;2.3022;2.2142;0;14.964;17.328;14.16;16.397;98.387;98.387;24.799;19.733;18.673;5.0655;1.0605;0.2043;0.0428;0.753;34.115;0.7068;0
10/02/21 12:00;68.67;11.989;20.843;85.363;4.6373;90;4.6373;1023.9;169.7;854.21;27.24;0.7999;0;857.01;58.554;111.41;0;0.3352;1027.3;0;1027.3;857.01;111.41;58.554;0.3352;0.8342;0.0573;0;0.0003;1026.9;0.4019;0;0;0.1224;0.2794;1021.6;3.2625;0.6158;0.08;2.5543;0.0124;1024.9;2.0538;1.714;0.2228;0.1169;0.0001;1021.6;854.68;111.11;55.76;0.0432;602.67;482.13;193.11;0.0003;6.5424;94.11;0.0271;100.65;0;1;0;0;1.0033;0.9996;1;1;0.9979;0.1663;0.9968;0.9993;1;0.9562;0.7767;0.998;0.998;1;0.998;0.998;0.9944;0.9523;0.1289;2.9237;3.1114;0.0187;0.0033;0.5981;0.0174;0.0618;0.0143;0;0;0.088;2.2004;0;0;0;0;0;0;0;0;0;0;0;0;0.0498;0.022;2.3258;2.3258;0;79.19;79.19;51.95;0.0509;2654.1;875;1;0.0374;0.0374;0;0;0;0;0;0;2.2884;2.2004;0;14.96;17.324;14.154;16.39;98.391;98.391;24.656;19.614;18.556;5.0414;1.0577;0.2045;0.0429;0.7526;34.758;0.7043;0
10/02/21 13:00;62.694;44.784;19.002;70.015;19.985;90;19.985;976.91;164.9;812;28.1;1.31;0;864.03;55.641;114.42;0;5.8827;1040;0;1040;864.03;114.42;55.641;5.8827;0.8308;0.0592;0;0.0057;1033.8;6.2161;0;0;1.2877;4.9284;1029;2.7254;0.566;0.075;1.8736;0.2109;1031.7;2.0675;1.7281;0.2288;0.1087;0.0019;1030.4;861.74;114.12;52.371;0.7414;552.64;442.11;179.11;0.1993;5.8806;84.59;1.4359;90.271;0;1;0;0;1.0646;0.994;1;1;0.9769;0.1622;0.9974;0.9993;1;0.9655;0.7785;0.998;0.998;1;0.998;0.998;0.9894;0.9412;0.126;2.9597;3.1175;0.0188;0.0034;0.614;0.0174;0.0616;0.0128;0;0;0.088;2.1865;0;0;0;0;0;0;0;0;0;0;0;0;0.0496;0.0221;2.3178;2.3116;0;80.482;80.482;52.381;0.0509;2641.9;875;1;0.0433;0.0371;0;0.0062;0;0;0;0;2.2745;2.1865;0;14.688;17.008;13.893;16.088;98.132;98.395;24.96;19.494;18.439;5.4652;1.0549;0.219;0.0423;0.7388;34.566;0.6964;0
10/02/21 14:00;52.627;64.686;15.043;55.376;34.624;90;34.624;882.69;150.2;732.49;28.31;1.63;0;890.13;46.856;120.06;0;15.633;1072.7;0;1072.7;890.13;120.06;46.856;15.633;0.8298;0.0583;0;0.0146;1056.1;16.618;0;0;2.6082;14.009;1051.8;2.1843;0.4616;0.0623;1.4266;0.2338;1053.9;2.1121;1.7803;0.2401;0.0885;0.0032;1056.2;887.89;119.75;42.732;1.3862;448.74;358.99;146.32;1.167;4.7833;68.806;4.4226;72.422;0;1;0;0;1.2152;0.9845;1;1;0.9443;0.1038;0.9979;0.9995;1;0.9677;0.8557;0.998;0.998;1;0.998;0.998;0.9805;0.912;0.0887;3.0528;3.1597;0.019;0.0041;0.6387;0.0175;0.062;0.0103;0;0;0.088;2.2004;0;0;0;0;0;0;0;0;0;0;0;0;0.05;0.0227;2.3353;2.3259;0;81.916;81.916;53.606;0.051;2658.1;875;1;0.0469;0.0374;0;0.0095;0;0;0;0;2.2884;2.2004;0;14.328;16.591;13.555;15.697;97.992;98.391;25.744;19.614;18.557;6.13;1.0577;0.2381;0.0411;0.7208;31.944;0.6878;0
10/02/21 15:00;41.016;77.59;9.3319;41.688;48.312;90;48.312;701.1;145.4;555.7;28.5;1.78;0;835.54;47.907;132.1;0;23.482;1039;0;1039;835.54;132.1;47.907;23.482;0.8042;0.0687;0;0.0226;1012.7;26.29;0;0;4.3982;21.892;1008.9;1.8185;0.2688;0.0425;1.431;0.0762;1010.7;2.0255;1.6711;0.2642;0.087;0.0032;1014.6;833.6;131.79;41.99;1.5103;283.31;226.65;89.506;3.7453;3.402;48.936;5.6704;48.593;0;1;0;0;1.482;0.9747;1;1;0.9082;0.0677;0.9982;0.9997;1;0.967;0.952;0.998;0.998;1;0.998;0.998;0.971;0.8765;0.0643;2.957;3.0008;0.0181;0.0017;0.5845;0.0168;0.0595;0.0074;0;0;0.088;2.1208;0;0;0;0;0;0;0;0;0;0;0;0;0.0479;0.0206;2.2443;2.2443;0;79.831;79.831;51.331;0.0509;2560.5;875;1;0.0355;0.0355;0;0;0;0;0;0;2.2088;2.1208;0;14.273;16.528;13.487;15.618;98.417;98.417;24.937;18.926;17.885;6.0104;1.0417;0.241;0.0418;0.7172;36.785;0.6928;0
10/02/21 16:00;28.864;87.379;2.5498;28.889;60;90;60;475.2;158.3;316.9;28.34;1.71;0;655.81;63.11;153.47;0;23.76;896.15;0;896.15;655.81;153.47;63.11;23.76;0.7318;0.0969;0;0.0265;865.99;30.162;0;0;7.934;22.228;862.13;2.1238;0.0576;0.0135;1.9484;0.1043;864.25;1.732;1.3116;0.3069;0.1104;0.0031;866.17;654.44;153.15;53.117;1.425;113.94;91.156;39.401;10.557;1.7354;24.962;4.0423;16.141;0;1;0;0;1.8858;0.9663;1;1;0.8743;0.0645;0.9975;0.9999;1;0.9646;0.9318;0.998;0.998;1;0.998;0.998;0.962;0.8417;0.06;2.5504;2.5282;0.0152;-0.0019;0.4213;0.0147;0.052;0.0039;0;0;0.088;1.8481;0;0;0;0;0;0;0;0;0;0;0;0;0.0419;0.0149;1.9663;1.9663;0;71.919;71.919;43.578;0.0505;2180;901.99;1;0.0302;0.0302;0;0;0;0;0;0;1.9361;1.8481;0;14.499;16.79;13.628;15.78;98.463;98.463;21.508;16.582;15.585;4.9253;0.9969;0.229;0.0464;0.7246;54.941;0.7098;0
10/02/21 17:00;16.613;95.896;46.1;16.696;27.473;90;27.473;240.3;147;93.294;28.17;1.31;0;226.26;106.41;83.017;0;2.7099;418.4;0;418.4;226.26;83.017;106.41;2.7099;0.5408;0.2608;0;0.0065;411.95;6.4493;0;0;4.1029;2.3463;404.47;6.6551;2.3602;0.866;3.3592;0.0697;411.13;0.8239;0.4525;0.166;0.2046;0.0007;404.86;223.45;81.985;98.746;0.2931;69.593;55.675;22.305;1.1869;0.8323;11.972;0.3816;11.617;0;1;0;0;1.7412;0.9846;1;1;0.9614;0.1342;0.9838;0.9895;1;0.9671;0.8078;0.998;0.998;1;0.998;0.998;0.9667;0.928;0.1081;1.1907;1.1823;0.0071;0.0096;0.0984;0.0075;0.0265;0.0021;0;0;0.088;0.9028;0;0;0;0;0;0;0;0;0;0;0;0;0.0213;0.0036;1.0062;1.0062;0;48.275;48.275;20.105;0.0497;1018.9;987.53;1;0.0154;0.0154;0;0;0;0;0;0;0.9908;0.9028;0;15.891;18.402;14.258;16.51;98.468;98.468;10.042;8.4853;7.6133;1.5563;0.8721;0.155;0.0868;0.7582;68.968;0.7423;0
10/02/21 18:00;5.3366;103.6;76.964;5.4897;7.9262;90;7.9262;30.904;30.399;0.5044;28.17;1.33;0;1.2233;30.137;0.2853;0;0.0295;31.675;0;31.675;1.2233;0.2853;30.137;0.0295;0.0386;0.9524;0;0.0009;31.502;0.173;0;0;0.1484;0.0246;29.833;1.6062;0.2799;0.0653;1.2599;0.0011;31.439;0.063;0.0024;0.0006;0.06;0;29.837;0.9409;0.2195;28.669;0.0038;17.986;14.389;5.4813;0.0034;0.2138;3.0754;0.004;3.2858;0;1;0;0;1.025;0.9945;1;1;0.9951;0.1675;0.9489;0.7707;1;0.9579;0.7754;0.998;0.998;1;0.998;0.998;0.9418;0.9513;0.1296;0.0901;0.0915;0.0006;0.0106;0.0016;0.0006;0.002;0.0005;0;0;0.088;-0.0175;0;0;0;0;0;0;0;0;0;0;0;0;0.0016;0.0001;0.0741;0.0741;0;29.669;29.669;1.4986;0.0502;76.703;966.03;1;0.0036;0.0036;0;0;0;0;0;0;0.0705;-0.0175;0;15.458;17.9;-3.6443;-4.22;95.187;95.187;0.7602;0.6249;-0.1473;0.1353;0.7722;0.178;1.0158;0;17.983;0;0
10/02/21 19:00;0;0;90;0;0;90;0;0;0;0;22.31;1.31;0;0;0;0;0;0;0;0;0;0;0;0;0;1;1;1;1;0;0;0;0;0;0;0;0;0;0;0;0;0;0;0;0;0;0;0;0;0;0;0;0;0;0;0;0;0;0;0;0;0;0;0;1;1;1;1;1;1;1;1;1;1;1;1;1;1;1;1;1;1;1;0;0;0;0;0;0;0;0;0;0.0004;0.088;-0.0884;0;0;0;0;0;0;0;0;0;0;0;0;0;0;0;0;0;0;0;-22.31;0;0;0;0;0.0004;0;0;0;0;0;0;0;-0.0004;-0.0884;0;0;0;0;0;0;0;0;0;-0.7452;0;0.7452;1;1;0;0;0;0
10/02/21 20:00;0;0;90;0;0;90;0;0;0;0;19.59;1.2899;0;0;0;0;0;0;0;0;0;0;0;0;0;1;1;1;1;0;0;0;0;0;0;0;0;0;0;0;0;0;0;0;0;0;0;0;0;0;0;0;0;0;0;0;0;0;0;0;0;0;0;0;1;1;1;1;1;1;1;1;1;1;1;1;1;1;1;1;1;1;1;0;0;0;0;0;0;0;0;0;0.0004;0.088;-0.0884;0;0;0;0;0;0;0;0;0;0;0;0;0;0;0;0;0;0;0;-19.59;0;0;0;0;0.0004;0;0;0;0;0;0;0;-0.0004;-0.0884;0;0;0;0;0;0;0;0;0;-0.7452;0;0.7452;1;1;0;0;0;0
10/02/21 21:00;0;0;90;0;0;90;0;0;0;0;19;1.4301;0;0;0;0;0;0;0;0;0;0;0;0;0;1;1;1;1;0;0;0;0;0;0;0;0;0;0;0;0;0;0;0;0;0;0;0;0;0;0;0;0;0;0;0;0;0;0;0;0;0;0;0;1;1;1;1;1;1;1;1;1;1;1;1;1;1;1;1;1;1;1;0;0;0;0;0;0;0;0;0;0.0004;0.088;-0.0884;0;0;0;0;0;0;0;0;0;0;0;0;0;0;0;0;0;0;0;-19;0;0;0;0;0.0004;0;0;0;0;0;0;0;-0.0004;-0.0884;0;0;0;0;0;0;0;0;0;-0.7452;0;0.7452;1;1;0;0;0;0
10/02/21 22:00;0;0;90;0;0;90;0;0;0;0;18.5;1.7699;0;0;0;0;0;0;0;0;0;0;0;0;0;1;1;1;1;0;0;0;0;0;0;0;0;0;0;0;0;0;0;0;0;0;0;0;0;0;0;0;0;0;0;0;0;0;0;0;0;0;0;0;1;1;1;1;1;1;1;1;1;1;1;1;1;1;1;1;1;1;1;0;0;0;0;0;0;0;0;0;0.0004;0.088;-0.0884;0;0;0;0;0;0;0;0;0;0;0;0;0;0;0;0;0;0;0;-18.5;0;0;0;0;0.0004;0;0;0;0;0;0;0;-0.0004;-0.0884;0;0;0;0;0;0;0;0;0;-0.7452;0;0.7452;1;1;0;0;0;0
10/02/21 23:00;0;0;90;0;0;90;0;0;0;0;18.33;2.2301;0;0;0;0;0;0;0;0;0;0;0;0;0;1;1;1;1;0;0;0;0;0;0;0;0;0;0;0;0;0;0;0;0;0;0;0;0;0;0;0;0;0;0;0;0;0;0;0;0;0;0;0;1;1;1;1;1;1;1;1;1;1;1;1;1;1;1;1;1;1;1;0;0;0;0;0;0;0;0;0;0.0004;0.088;-0.0884;0;0;0;0;0;0;0;0;0;0;0;0;0;0;0;0;0;0;0;-18.33;0;0;0;0;0.0004;0;0;0;0;0;0;0;-0.0004;-0.0884;0;0;0;0;0;0;0;0;0;-0.7452;0;0.7452;1;1;0;0;0;0
11/02/21 00:00;0;0;90;0;0;90;0;0;0;0;17.65;2.66;0;0;0;0;0;0;0;0;0;0;0;0;0;1;1;1;1;0;0;0;0;0;0;0;0;0;0;0;0;0;0;0;0;0;0;0;0;0;0;0;0;0;0;0;0;0;0;0;0;0;0;0;1;1;1;1;1;1;1;1;1;1;1;1;1;1;1;1;1;1;1;0;0;0;0;0;0;0;0;0;0.0004;0.088;-0.0884;0;0;0;0;0;0;0;0;0;0;0;0;0;0;0;0;0;0;0;-17.65;0;0;0;0;0.0004;0;0;0;0;0;0;0;-0.0004;-0.0884;0;0;0;0;0;0;0;0;0;-0.7452;0;0.7452;1;1;0;0;0;0
11/02/21 01:00;0;0;90;0;0;90;0;0;0;0;16.42;2.92;0;0;0;0;0;0;0;0;0;0;0;0;0;1;1;1;1;0;0;0;0;0;0;0;0;0;0;0;0;0;0;0;0;0;0;0;0;0;0;0;0;0;0;0;0;0;0;0;0;0;0;0;1;1;1;1;1;1;1;1;1;1;1;1;1;1;1;1;1;1;1;0;0;0;0;0;0;0;0;0;0.0004;0.088;-0.0884;0;0;0;0;0;0;0;0;0;0;0;0;0;0;0;0;0;0;0;-16.42;0;0;0;0;0.0004;0;0;0;0;0;0;0;-0.0004;-0.0884;0;0;0;0;0;0;0;0;0;-0.7452;0;0.7452;1;1;0;0;0;0
11/02/21 02:00;0;0;90;0;0;90;0;0;0;0;16.73;3.0299;0;0;0;0;0;0;0;0;0;0;0;0;0;1;1;1;1;0;0;0;0;0;0;0;0;0;0;0;0;0;0;0;0;0;0;0;0;0;0;0;0;0;0;0;0;0;0;0;0;0;0;0;1;1;1;1;1;1;1;1;1;1;1;1;1;1;1;1;1;1;1;0;0;0;0;0;0;0;0;0;0.0004;0.088;-0.0884;0;0;0;0;0;0;0;0;0;0;0;0;0;0;0;0;0;0;0;-16.73;0;0;0;0;0.0004;0;0;0;0;0;0;0;-0.0004;-0.0884;0;0;0;0;0;0;0;0;0;-0.7452;0;0.7452;1;1;0;0;0;0
11/02/21 03:00;0;0;90;0;0;90;0;0;0;0;17.23;3.2601;0;0;0;0;0;0;0;0;0;0;0;0;0;1;1;1;1;0;0;0;0;0;0;0;0;0;0;0;0;0;0;0;0;0;0;0;0;0;0;0;0;0;0;0;0;0;0;0;0;0;0;0;1;1;1;1;1;1;1;1;1;1;1;1;1;1;1;1;1;1;1;0;0;0;0;0;0;0;0;0;0.0004;0.088;-0.0884;0;0;0;0;0;0;0;0;0;0;0;0;0;0;0;0;0;0;0;-17.23;0;0;0;0;0.0004;0;0;0;0;0;0;0;-0.0004;-0.0884;0;0;0;0;0;0;0;0;0;-0.7452;0;0.7452;1;1;0;0;0;0
11/02/21 04:00;0;0;90;0;0;90;0;0;0;0;16.7;3.8901;0;0;0;0;0;0;0;0;0;0;0;0;0;1;1;1;1;0;0;0;0;0;0;0;0;0;0;0;0;0;0;0;0;0;0;0;0;0;0;0;0;0;0;0;0;0;0;0;0;0;0;0;1;1;1;1;1;1;1;1;1;1;1;1;1;1;1;1;1;1;1;0;0;0;0;0;0;0;0;0;0.0004;0.088;-0.0884;0;0;0;0;0;0;0;0;0;0;0;0;0;0;0;0;0;0;0;-16.7;0;0;0;0;0.0004;0;0;0;0;0;0;0;-0.0004;-0.0884;0;0;0;0;0;0;0;0;0;-0.7452;0;0.7452;1;1;0;0;0;0
11/02/21 05:00;2.716;-105.05;83.401;2.8123;4.0218;-90;-4.0218;6.7004;6.6984;0.002;17.13;5.0299;0;0.0048;6.69;0.0005;0;0.0017;6.6968;6.6968;0;0.0048;0;0;0;1;1;1;1;0;0;0;0;0;0;0;0;0;0;0;0;0;0;0;0;0;0;0;0;0;0;0;0;0;0;0;0;0;0;0;0;0;0;0;0;1;1;1;1;1;1;1;1;1;1;1;0;1;0;0;1;0;0;0;0;0;0;0;0;0;0;0;0.0004;0.088;-0.0884;0;0;0;0;0;0;0;0;0;0;0;0;0;0;0;0;0;0;0;-17.13;0;0;0;0;0.0004;0;0;0;0;0;0;0;-0.0004;-0.0884;0;0;0;0;0;0;0;0;0;-0.7452;0;0.7452;1;1;0;0;0;0
11/02/21 06:00;11.512;-98.946;61.052;11.65;17.674;-90;-17.674;163;30.3;132.7;18.76;5.1899;0;321.83;15.542;34.879;0;0.7693;373.02;0;373.02;321.83;34.879;15.542;0.7693;0.8628;0.0437;0;0.0021;372.09;0.9321;0;0;0.2919;0.6402;356.03;15.315;13.298;1.4412;0.5475;0.0286;371.34;0.7442;0.6437;0.0698;0.0305;0.0003;356.05;307.89;33.368;14.673;0.1002;10.278;8.2221;3.3068;0.0361;0.113;1.626;0.018;1.703;0;1;0;0;2.2885;0.9975;1;1;0.9812;0.1678;0.9588;0.9586;1;0.964;0.7778;0.998;0.998;1;0.998;0.998;0.9544;0.944;0.1303;1.0616;1.0219;0.0062;0.0119;0.0412;0.0067;0.0239;0.0003;0;0;0.088;0.8071;0;0;0;0;0;0;0;0;0;0;0;0;0.0193;0.0028;0.9098;0.9098;0;36.295;36.295;17.535;0.0493;879.62;1034.3;1;0.0146;0.0146;0;0;0;0;0;0;0.8951;0.8071;0;16.116;18.662;14.298;16.557;98.392;98.392;8.9525;7.6722;6.8067;1.2803;0.8655;0.143;0.0967;0.7603;9.557;0.7578;0
11/02/21 07:00;23.726;-90.606;12.62;23.727;53.665;-90;-53.665;387.29;66.599;320.69;21.85;5.7301;0;777.77;22.858;91.9;0;15.782;908.31;0;908.31;777.77;91.9;22.858;15.782;0.8563;0.0425;0;0.0174;891.18;17.138;0;0;2.436;14.701;888.28;1.1123;0.3384;0.04;0.6894;0.0446;889.39;1.7824;1.5555;0.1838;0.0408;0.0022;888.94;775.88;91.676;19.692;1.0337;20.294;16.235;6.7695;2.5776;0.3705;5.3297;0.661;3.1227;0;1;0;0;2.3453;0.9811;1;1;0.8934;0.0685;0.9987;0.9996;1;0.9662;0.9587;0.998;0.998;1;0.998;0.998;0.9779;0.8615;0.0655;2.585;2.554;0.0154;-0.0019;0.3755;0.0152;0.0537;0.0009;0;0;0.088;1.9168;0;0;0;0;0;0;0;0;0;0;0;0;0.0433;0.0152;2.0368;2.0368;0;66.551;66.551;44.701;0.0503;2204.7;923.82;1;0.032;0.032;0;0;0;0;0;0;2.0048;1.9168;0;14.817;17.158;13.945;16.148;98.43;98.43;21.8;17.176;16.165;4.6232;1.0117;0.2121;0.0464;0.7415;18.537;0.7383;0
11/02/21 08:00;35.953;-81.453;6.9099;36.258;53.742;-90;-53.742;604.69;99.999;504.69;23.93;5.6;0;853.37;30.743;103.76;0;24.707;1012.6;0;1012.6;853.37;103.76;30.743;24.707;0.8428;0.0548;0;0.0244;986.27;26.299;0;0;3.2832;23.016;983.08;1.2253;0.2033;0.0247;0.9273;0.0699;984.3;1.9725;1.7067;0.2075;0.0549;0.0034;988.17;851.46;103.52;26.477;1.6175;198.3;158.64;61.85;3.4851;2.4892;35.806;5.0897;34.81;0;1;0;0;1.6745;0.974;1;1;0.8932;0.0684;0.9988;0.9998;1;0.9662;0.9586;0.998;0.998;1;0.998;0.998;0.9709;0.8613;0.0655;2.8817;2.8989;0.0175;0.0004;0.5001;0.0167;0.0591;0.0056;0;0;0.088;2.1091;0;0;0;0;0;0;0;0;0;0;0;0;0.0476;0.0193;2.2327;2.2327;0;73.694;73.694;49.764;0.0506;2501.1;892.7;1;0.0357;0.0357;0;0;0;0;0;0;2.1971;2.1091;0;14.57;16.872;13.764;15.938;98.403;98.403;24.302;18.829;17.786;5.473;1.0428;0.2252;0.0429;0.7319;24.952;0.713;0
11/02/21 09:00;47.839;-70.074;13.224;49.592;40.408;-90;-40.408;788.3;129.8;658.5;25.68;4.91;0;864.8;41.822;108.1;0;18.805;1033.5;0;1033.5;864.8;108.1;41.822;18.805;0.8367;0.0587;0;0.0182;1013.4;20.129;0;0;2.9482;17.181;1009.5;1.842;0.3942;0.0493;1.2571;0.1413;1011.4;2.0268;1.7296;0.2162;0.0777;0.0032;1014.6;862.68;107.84;37.539;1.4795;371.52;297.22;122.03;1.7685;3.9544;56.882;5.0853;59.068;0;1;0;0;1.3111;0.9805;1;1;0.9295;0.0864;0.9982;0.9995;1;0.9676;0.9128;0.998;0.998;1;0.998;0.998;0.9768;0.8976;0.0787;2.9413;3.0168;0.0182;0.0019;0.5553;0.0171;0.0606;0.0087;0;0;0.088;2.1608;0;0;0;0;0;0;0;0;0;0;0;0;0.0488;0.0208;2.2853;2.2853;0;76.92;76.92;51.24;0.0508;2601.2;878.57;1;0.0366;0.0366;0;0;0;0;0;0;2.2488;2.1608;0;14.612;16.92;13.815;15.998;98.4;98.4;24.805;19.273;18.222;5.5321;1.0505;0.223;0.0423;0.7346;29.894;0.7056;0
11/02/21 10:00;58.679;-53.628;17.955;63.897;26.103;-90;-26.103;922.89;152;770.9;27.6;4.44;0;858.45;51.324;109.04;0;9.4132;1028.2;0;1028.2;858.45;109.04;51.324;9.4132;0.8349;0.0591;0;0.0092;1018.3;9.8789;0;0;1.8176;8.0613;1013.8;2.5008;0.5313;0.0675;1.6366;0.2654;1016.3;2.0367;1.7169;0.2181;0.099;0.0027;1016.3;856.21;108.75;47.771;1.0838;504.82;403.86;163.58;0.4805;5.3931;77.577;2.4642;82.49;0;1;0;0;1.1141;0.9904;1;1;0.9646;0.1436;0.9975;0.9994;1;0.9669;0.8033;0.998;0.998;1;0.998;0.998;0.986;0.9308;0.1151;2.9263;3.063;0.0184;0.0025;0.5886;0.0172;0.0609;0.0118;0;0;0.088;2.1684;0;0;0;0;0;0;0;0;0;0;0;0;0.0491;0.0214;2.293;2.293;0;79.152;79.152;51.552;0.0509;2617.1;875;1;0.0367;0.0367;0;0;0;0;0;0;2.2564;2.1684;0;14.736;17.064;13.935;16.137;98.401;98.401;24.677;19.337;18.286;5.34;1.0513;0.2164;0.0426;0.741;32.979;0.7014;0
11/02/21 11:00;66.701;-26.674;20.697;79.058;10.942;-90;-10.942;1054;173.9;880.11;28.65;4.3199;0;896.4;54.445;121.16;0;1.9161;1073.9;0;1073.9;896.4;121.16;54.445;1.9161;0.8347;0.0525;0;0.0018;1071.9;2.0467;0;0;0.456;1.5907;1066.8;2.9701;0.6396;0.0864;2.1711;0.0729;1069.7;2.1438;1.7928;0.2423;0.108;0.0007;1067.2;893.97;120.83;51.709;0.2518;614.27;491.42;195.58;0.0227;6.751;97.111;0.3873;103.84;0;1;0;0;1.0189;0.9981;1;1;0.9916;0.1698;0.9972;0.9993;1;0.9597;0.7755;0.998;0.998;1;0.998;0.998;0.9933;0.9498;0.1314;3.0563;3.2477;0.0196;0.0058;0.6697;0.0179;0.0634;0.0145;0;0;0.088;2.2421;0;0;0;0;0;0;0;0;0;0;0;0;0.051;0.0239;2.382;2.3686;0;83.073;83.073;54.423;0.051;2706.9;875;1;0.0518;0.0384;0;0.0134;0;0;0;0;2.3301;2.2421;0;14.574;16.876;13.796;15.976;97.824;98.378;25.774;19.974;18.908;5.7998;1.0661;0.225;0.0414;0.7336;32.715;0.6871;0
11/02/21 12:00;68.347;11.814;21.172;85.353;4.6467;90;4.6467;1017.8;169.3;848.49;29.81;4.4601;0;851.29;58.872;110.69;0;0.3345;1021.2;0;1021.2;851.29;110.69;58.872;0.3345;0.8336;0.058;0;0.0003;1020.8;0.4024;0;0;0.1235;0.2789;1015.5;3.2824;0.6213;0.0808;2.5679;0.0124;1018.7;2.0416;1.7026;0.2214;0.1175;0.0001;1015.5;848.97;110.39;56.063;0.0431;599.06;479.25;191.95;0.0003;6.5037;93.553;0.0272;100.06;0;1;0;0;1.0033;0.9996;1;1;0.9979;0.1663;0.9968;0.9993;1;0.9562;0.7767;0.998;0.998;1;0.998;0.998;0.9944;0.9523;0.1289;2.9062;3.0928;0.0186;0.003;0.6214;0.0171;0.0608;0.0141;0;0;0.088;2.1539;0;0;0;0;0;0;0;0;0;0;0;0;0.049;0.0218;2.2869;2.2783;0;81.549;81.549;51.738;0.051;2603.7;875;1;0.045;0.0363;0;0.0087;0;0;0;0;2.2419;2.1539;0;14.742;17.071;13.938;16.14;98.032;98.406;24.509;19.213;18.164;5.2958;1.0484;0.2161;0.0428;0.7411;34.947;0.6936;0
11/02/21 13:00;62.433;44.349;19.325;69.952;20.048;90;20.048;962.51;167.1;795.41;30.39;4.56;0;846.72;58.247;113.93;0;5.8324;1024.7;0;1024.7;846.72;113.93;58.247;5.8324;0.8263;0.0625;0;0.0057;1018.5;6.2423;0;0;1.3549;4.8874;1013.6;2.8084;0.5641;0.0759;1.9597;0.2087;1016.5;2.037;1.6934;0.2279;0.1138;0.0019;1015.1;844.46;113.63;54.818;0.7345;544.48;435.58;176.45;0.211;5.7956;83.368;1.4249;88.952;0;1;0;0;1.0646;0.9939;1;1;0.9767;0.162;0.9972;0.9993;1;0.9655;0.7787;0.998;0.998;1;0.998;0.998;0.9892;0.9411;0.1259;2.9163;3.0712;0.0185;0.0027;0.6229;0.017;0.0603;0.0125;0;0;0.088;2.1338;0;0;0;0;0;0;0;0;0;0;0;0;0.0485;0.0215;2.2673;2.2577;0;82.057;82.057;51.667;0.051;2580.2;875;1;0.0455;0.0358;0;0.0096;0;0;0;0;2.2218;2.1338;0;14.558;16.858;13.76;15.934;97.995;98.413;24.594;19.039;17.995;5.5545;1.0444;0.2259;0.0425;0.7317;36.196;0.6897;0
11/02/21 14:00;52.418;64.267;15.355;55.268;34.732;90;34.732;888.71;148.5;740.21;31.67;4.43;0;900.69;45.076;120.48;0;15.835;1082.1;0;1082.1;900.69;120.48;45.076;15.835;0.8324;0.0563;0;0.0146;1065.4;16.719;0;0;2.5214;14.198;1061.1;2.1468;0.4768;0.0638;1.3719;0.2343;1063.2;2.1307;1.8014;0.241;0.0851;0.0033;1065.6;898.41;120.18;41.097;1.3995;450.99;360.79;147.05;1.135;4.8043;69.109;4.48;72.778;0;1;0;0;1.2176;0.9845;1;1;0.9441;0.1034;0.998;0.9995;1;0.9677;0.8566;0.998;0.998;1;0.998;0.998;0.9806;0.9117;0.0884;3.0795;3.1871;0.0192;0.0046;0.6911;0.0173;0.0614;0.0102;0;0;0.088;2.1562;0;0;0;0;0;0;0;0;0;0;0;0;0.0494;0.0231;2.3108;2.2806;0;85.931;85.931;54.261;0.0511;2606.4;875;1;0.0665;0.0364;0;0.0302;0;0;0;0;2.2442;2.1562;0;13.927;16.127;13.167;15.248;97.121;98.405;25.97;19.233;18.184;6.7374;1.0489;0.2594;0.0404;0.7002;30.757;0.6682;0
11/02/21 15:00;40.835;77.226;9.6298;41.547;48.453;90;48.453;700.61;143.5;557.11;31.46;4.17;0;839.99;46.756;131.6;0;23.595;1041.9;0;1041.9;839.99;131.6;46.756;23.595;0.8062;0.0675;0;0.0226;1015.6;26.312;0;0;4.3109;22.001;1011.8;1.795;0.2788;0.0437;1.3968;0.0757;1013.6;2.0313;1.68;0.2632;0.0849;0.0032;1017.5;838.03;131.29;40.964;1.5146;281.69;225.35;88.876;3.6927;3.3881;48.737;5.6868;48.432;0;1;0;0;1.4872;0.9747;1;1;0.9078;0.0675;0.9982;0.9997;1;0.967;0.9524;0.998;0.998;1;0.998;0.998;0.9711;0.8761;0.0642;2.9653;3.0087;0.0181;0.0018;0.6219;0.0166;0.0588;0.0073;0;0;0.088;2.0824;0;0;0;0;0;0;0;0;0;0;0;0;0.0473;0.0207;2.2162;2.2051;0;83.077;83.077;51.617;0.051;2520.1;875;1;0.0458;0.0346;0;0.0112;0;0;0;0;2.1704;2.0824;0;13.984;16.194;13.207;15.293;97.934;98.43;25.007;18.596;17.562;6.411;1.034;0.2564;0.0414;0.7023;35.951;0.6785;0
11/02/21 16:00;28.692;87.058;2.878;28.724;60;90;60;446.99;181.9;265.09;31.4;3.55;0;551.46;82.651;149.15;0;22.35;805.6;0;805.6;551.46;149.15;82.651;22.35;0.6845;0.1303;0;0.0277;774.3;31.299;0;0;10.391;20.908;770.04;2.7193;0.0547;0.0148;2.5517;0.0981;772.75;1.5486;1.1029;0.2983;0.1445;0.0029;774.12;550.3;148.83;69.564;1.3404;121.28;97.027;43.253;13.823;1.9298;27.76;4.0877;15.866;0;1;0;0;1.8023;0.9611;1;1;0.8743;0.0645;0.9965;0.9999;1;0.9646;0.9318;0.998;0.998;1;0.998;0.998;0.9559;0.8417;0.06;2.2927;2.2704;0.0137;-0.0018;0.3658;0.0132;0.047;0.0044;0;0;0.088;1.6633;0;0;0;0;0;0;0;0;0;0;0;0;0.0379;0.0122;1.7781;1.7781;0;70.277;70.277;38.877;0.0505;1959.3;907.53;1;0.0268;0.0268;0;0;0;0;0;0;1.7513;1.6633;0;14.585;16.889;13.643;15.799;98.492;98.492;19.334;14.995;14.027;4.3394;0.9683;0.2244;0.0501;0.7255;71.953;0.7072;0
11/02/21 17:00;16.44;95.604;46.657;16.514;27.068;90;27.068;132.19;126.3;5.8901;30.53;2.8799;0;14.285;117.61;4.551;0;1.4479;137.89;0;137.89;14.285;4.551;117.61;1.4479;0.1036;0.8634;0;0.0105;132.21;5.6795;0;0;4.4282;1.2513;127.99;3.9637;0.1537;0.049;3.7229;0.0381;131.95;0.2644;0.0286;0.0091;0.2264;0.0004;128.39;14.103;4.4929;109.23;0.1581;76.067;60.854;24.234;1.245;0.9158;13.173;0.406;12.844;0;1;0;0;1.0431;0.9588;1;1;0.9623;0.1358;0.97;0.9892;1;0.967;0.8057;0.998;0.998;1;0.998;0.998;0.9282;0.9288;0.1092;0.3924;0.3937;0.0024;0.0172;0.0172;0.0025;0.0089;0.0023;0;0;0.088;0.2407;0;0;0;0;0;0;0;0;0;0;0;0;0.0071;0.0006;0.3357;0.3357;0;36.89;36.89;6.3596;0.0497;336.29;998.26;1;0.007;0.007;0;0;0;0;0;0;0.3287;0.2407;0;16.087;18.628;11.535;13.357;97.915;97.915;3.3094;2.831;2.0299;0.4784;0.8011;0.1446;0.2421;0.6134;76.029;0.5724;0
11/02/21 18:00;5.154;103.33;77.416;5.2958;7.6394;90;7.6394;14.299;14.202;0.0973;28.11;3.1701;0;0.2359;14.128;0.0266;0;0.0127;14.403;0;14.403;0.2359;0.0266;14.128;0.0127;0.0164;0.9818;0;0.0009;14.327;0.0761;0;0;0.0655;0.0106;13.642;0.6567;0.0567;0.0064;0.5931;0.0005;14.299;0.0287;0.0005;0.0001;0.0281;0;13.644;0.1787;0.0202;13.441;0.0016;8.4261;6.7409;2.5671;0.0014;0.1002;1.4413;0.0017;1.5401;0;1;0;0;1.0073;0.9947;1;1;0.9954;0.1674;0.9541;0.7591;1;0.9577;0.7755;0.998;0.998;1;0.998;0.998;0.9471;0.9514;0.1296;0.041;0.0419;0.0003;0.0072;0.0006;0.0002;0.0008;0.0002;0;0;0.088;-0.0587;0;0;0;0;0;0;0;0;0;0;0;0;0.0007;0;0.0319;0.0319;0;28.804;28.804;0.6935;0.0508;34.221;932.86;1;0.0026;0.0026;0;0;0;0;0;0;0.0293;-0.0587;0;14.646;16.959;-26.91;-31.161;91.925;91.925;0.3457;0.2692;-0.4946;0.0765;0.7639;0.2212;2.2097;0;8.4255;0;0
11/02/21 19:00;0;0;90;0;0;90;0;0;0;0;24.38;3.4299;0;0;0;0;0;0;0;0;0;0;0;0;0;1;1;1;1;0;0;0;0;0;0;0;0;0;0;0;0;0;0;0;0;0;0;0;0;0;0;0;0;0;0;0;0;0;0;0;0;0;0;0;1;1;1;1;1;1;1;1;1;1;1;1;1;1;1;1;1;1;1;0;0;0;0;0;0;0;0;0;0.0004;0.088;-0.0884;0;0;0;0;0;0;0;0;0;0;0;0;0;0;0;0;0;0;0;-24.38;0;0;0;0;0.0004;0;0;0;0;0;0;0;-0.0004;-0.0884;0;0;0;0;0;0;0;0;0;-0.7452;0;0.7452;1;1;0;0;0;0
11/02/21 20:00;0;0;90;0;0;90;0;0;0;0;22.23;3.8;0;0;0;0;0;0;0;0;0;0;0;0;0;1;1;1;1;0;0;0;0;0;0;0;0;0;0;0;0;0;0;0;0;0;0;0;0;0;0;0;0;0;0;0;0;0;0;0;0;0;0;0;1;1;1;1;1;1;1;1;1;1;1;1;1;1;1;1;1;1;1;0;0;0;0;0;0;0;0;0;0.0004;0.088;-0.0884;0;0;0;0;0;0;0;0;0;0;0;0;0;0;0;0;0;0;0;-22.23;0;0;0;0;0.0004;0;0;0;0;0;0;0;-0.0004;-0.0884;0;0;0;0;0;0;0;0;0;-0.7452;0;0.7452;1;1;0;0;0;0
11/02/21 21:00;0;0;90;0;0;90;0;0;0;0;22.4;4.28;0;0;0;0;0;0;0;0;0;0;0;0;0;1;1;1;1;0;0;0;0;0;0;0;0;0;0;0;0;0;0;0;0;0;0;0;0;0;0;0;0;0;0;0;0;0;0;0;0;0;0;0;1;1;1;1;1;1;1;1;1;1;1;1;1;1;1;1;1;1;1;0;0;0;0;0;0;0;0;0;0.0004;0.088;-0.0884;0;0;0;0;0;0;0;0;0;0;0;0;0;0;0;0;0;0;0;-22.4;0;0;0;0;0.0004;0;0;0;0;0;0;0;-0.0004;-0.0884;0;0;0;0;0;0;0;0;0;-0.7452;0;0.7452;1;1;0;0;0;0
11/02/21 22:00;0;0;90;0;0;90;0;0;0;0;23.36;5.04;0;0;0;0;0;0;0;0;0;0;0;0;0;1;1;1;1;0;0;0;0;0;0;0;0;0;0;0;0;0;0;0;0;0;0;0;0;0;0;0;0;0;0;0;0;0;0;0;0;0;0;0;1;1;1;1;1;1;1;1;1;1;1;1;1;1;1;1;1;1;1;0;0;0;0;0;0;0;0;0;0.0004;0.088;-0.0884;0;0;0;0;0;0;0;0;0;0;0;0;0;0;0;0;0;0;0;-23.36;0;0;0;0;0.0004;0;0;0;0;0;0;0;-0.0004;-0.0884;0;0;0;0;0;0;0;0;0;-0.7452;0;0.7452;1;1;0;0;0;0
11/02/21 23:00;0;0;90;0;0;90;0;0;0;0;22.4;5.6501;0;0;0;0;0;0;0;0;0;0;0;0;0;1;1;1;1;0;0;0;0;0;0;0;0;0;0;0;0;0;0;0;0;0;0;0;0;0;0;0;0;0;0;0;0;0;0;0;0;0;0;0;1;1;1;1;1;1;1;1;1;1;1;1;1;1;1;1;1;1;1;0;0;0;0;0;0;0;0;0;0.0004;0.088;-0.0884;0;0;0;0;0;0;0;0;0;0;0;0;0;0;0;0;0;0;0;-22.4;0;0;0;0;0.0004;0;0;0;0;0;0;0;-0.0004;-0.0884;0;0;0;0;0;0;0;0;0;-0.7452;0;0.7452;1;1;0;0;0;0
12/02/21 00:00;0;0;90;0;0;90;0;0;0;0;22.5;6.2901;0;0;0;0;0;0;0;0;0;0;0;0;0;1;1;1;1;0;0;0;0;0;0;0;0;0;0;0;0;0;0;0;0;0;0;0;0;0;0;0;0;0;0;0;0;0;0;0;0;0;0;0;1;1;1;1;1;1;1;1;1;1;1;1;1;1;1;1;1;1;1;0;0;0;0;0;0;0;0;0;0.0004;0.088;-0.0884;0;0;0;0;0;0;0;0;0;0;0;0;0;0;0;0;0;0;0;-22.5;0;0;0;0;0.0004;0;0;0;0;0;0;0;-0.0004;-0.0884;0;0;0;0;0;0;0;0;0;-0.7452;0;0.7452;1;1;0;0;0;0
12/02/21 01:00;0;0;90;0;0;90;0;0;0;0;22.56;6.8301;0;0;0;0;0;0;0;0;0;0;0;0;0;1;1;1;1;0;0;0;0;0;0;0;0;0;0;0;0;0;0;0;0;0;0;0;0;0;0;0;0;0;0;0;0;0;0;0;0;0;0;0;1;1;1;1;1;1;1;1;1;1;1;1;1;1;1;1;1;1;1;0;0;0;0;0;0;0;0;0;0.0004;0.088;-0.0884;0;0;0;0;0;0;0;0;0;0;0;0;0;0;0;0;0;0;0;-22.56;0;0;0;0;0.0004;0;0;0;0;0;0;0;-0.0004;-0.0884;0;0;0;0;0;0;0;0;0;-0.7452;0;0.7452;1;1;0;0;0;0
12/02/21 02:00;0;0;90;0;0;90;0;0;0;0;21.9;7.27;0;0;0;0;0;0;0;0;0;0;0;0;0;1;1;1;1;0;0;0;0;0;0;0;0;0;0;0;0;0;0;0;0;0;0;0;0;0;0;0;0;0;0;0;0;0;0;0;0;0;0;0;1;1;1;1;1;1;1;1;1;1;1;1;1;1;1;1;1;1;1;0;0;0;0;0;0;0;0;0;0.0004;0.088;-0.0884;0;0;0;0;0;0;0;0;0;0;0;0;0;0;0;0;0;0;0;-21.9;0;0;0;0;0.0004;0;0;0;0;0;0;0;-0.0004;-0.0884;0;0;0;0;0;0;0;0;0;-0.7452;0;0.7452;1;1;0;0;0;0
12/02/21 03:00;0;0;90;0;0;90;0;0;0;0;21.9;7.2401;0;0;0;0;0;0;0;0;0;0;0;0;0;1;1;1;1;0;0;0;0;0;0;0;0;0;0;0;0;0;0;0;0;0;0;0;0;0;0;0;0;0;0;0;0;0;0;0;0;0;0;0;1;1;1;1;1;1;1;1;1;1;1;1;1;1;1;1;1;1;1;0;0;0;0;0;0;0;0;0;0.0004;0.088;-0.0884;0;0;0;0;0;0;0;0;0;0;0;0;0;0;0;0;0;0;0;-21.9;0;0;0;0;0.0004;0;0;0;0;0;0;0;-0.0004;-0.0884;0;0;0;0;0;0;0;0;0;-0.7452;0;0.7452;1;1;0;0;0;0
12/02/21 04:00;0;0;90;0;0;90;0;0;0;0;22.54;6.43;0;0;0;0;0;0;0;0;0;0;0;0;0;1;1;1;1;0;0;0;0;0;0;0;0;0;0;0;0;0;0;0;0;0;0;0;0;0;0;0;0;0;0;0;0;0;0;0;0;0;0;0;1;1;1;1;1;1;1;1;1;1;1;1;1;1;1;1;1;1;1;0;0;0;0;0;0;0;0;0;0.0004;0.088;-0.0884;0;0;0;0;0;0;0;0;0;0;0;0;0;0;0;0;0;0;0;-22.54;0;0;0;0;0.0004;0;0;0;0;0;0;0;-0.0004;-0.0884;0;0;0;0;0;0;0;0;0;-0.7452;0;0.7452;1;1;0;0;0;0
12/02/21 05:00;2.717;-104.64;83.398;2.8081;4.0158;-90;-4.0158;0;0;0;22.27;5.07;0;0;0;0;0;0;0;0;0;0;0;0;0;1;1;1;1;0;0;0;0;0;0;0;0;0;0;0;0;0;0;0;0;0;0;0;0;0;0;0;0;0;0;0;0;0;0;0;0;0;0;0;1;1;1;1;1;1;1;1;1;1;1;1;1;1;1;1;1;1;1;0;0;0;0;0;0;0;0;0;0.0004;0.088;-0.0884;0;0;0;0;0;0;0;0;0;0;0;0;0;0;0;0;0;0;0;-22.27;0;0;0;0;0.0004;0;0;0;0;0;0;0;-0.0004;-0.0884;0;0;0;0;0;0;0;0;0;-0.7452;0;0.7452;1;1;0;0;0;0
12/02/21 06:00;11.324;-98.665;61.561;11.451;17.333;-90;-17.333;10.51;10.497;0.0131;22.18;3.8;0;0.0317;10.258;0.0012;0;0.0477;10.338;0;10.338;0.0317;0.0012;10.258;0.0477;0.0031;0.9968;0;0.0046;10.112;0.2261;0;0;0.1864;0.0397;9.7251;0.3669;0.0014;0.0001;0.3637;0.0018;10.092;0.0202;0.0001;0;0.0201;0;9.7364;0.0303;0.0012;9.6875;0.0062;6.2987;5.0389;1.9465;0.0221;0.0745;1.0714;0.0113;1.1238;0;1;0;0;0.9837;0.9781;1;1;0.9818;0.1681;0.9636;0.9565;1;0.9638;0.7775;0.998;0.998;1;0.998;0.998;0.9407;0.9444;0.1304;0.0294;0.03;0.0002;0.006;-0.0002;0.0002;0.0006;0.0002;0;0;0.088;-0.0678;0;0;0;0;0;0;0;0;0;0;0;0;0.0005;0;0.0226;0.0226;0;22.675;22.675;0.4954;0.0509;23.981;943.42;1;0.0024;0.0024;0;0;0;0;0;0;0.0202;-0.0678;0;14.461;16.745;-43.329;-50.174;89.33;89.33;0.2481;0.1908;-0.5717;0.0573;0.7625;0.231;3.073;0;6.2986;0;0
12/02/21 07:00;23.543;-90.303;14.362;23.543;52.098;-90;-52.098;68.391;67.597;0.7937;22.8;3.29;0;1.9251;54.484;0.2326;0;2.6377;59.279;0;59.279;1.9251;0.2326;54.484;2.6377;0.0325;0.9636;0;0.0445;51.262;8.0174;0;0;5.5623;2.4552;49.514;1.6455;0.001;0.0001;1.637;0.0074;51.159;0.1025;0.0039;0.0005;0.0978;0.0004;50.572;1.9203;0.2321;47.187;0.1748;43.467;34.773;15.381;5.5302;0.7369;10.6;1.0577;5.8063;0;1;0;0;0.8668;0.8648;1;1;0.8979;0.0692;0.9678;0.9995;1;0.9665;0.9594;0.998;0.998;1;0.998;0.998;0.8353;0.8661;0.0663;0.1687;0.1659;0.001;0.0138;0.0002;0.0011;0.0037;0.0018;0;0;0.088;0.0477;0;0;0;0;0;0;0;0;0;0;0;0;0.003;0.0002;0.1412;0.1412;0;25.262;25.262;2.4615;0.0497;140.04;1008;1;0.0054;0.0054;0;0;0;0;0;0;0.1357;0.0477;0;15.736;18.221;5.3186;6.1588;96.139;96.139;1.4227;1.1904;0.4024;0.2323;0.7881;0.1633;0.5539;0.2828;43.462;0.2494;0
12/02/21 08:00;35.765;-81.114;7.2004;36.094;53.906;-90;-53.906;117.79;116.2;1.5906;24.1;3.6699;0;2.6999;92.15;0.3833;0;4.84;100.07;0;100.07;2.6999;0.3833;92.15;4.84;0.027;0.9692;0;0.0484;85.68;14.394;0;0;9.8847;4.5091;82.713;2.7955;0.0007;0.0001;2.7809;0.0138;85.508;0.1714;0.0054;0.0008;0.1645;0.0007;84.678;2.6939;0.3825;79.32;0.3166;75.476;60.38;26.999;10.541;1.3216;19.011;1.9649;9.7915;0;1;0;0;0.8496;0.8562;1;1;0.8927;0.0684;0.9673;0.9998;1;0.9661;0.9584;0.998;0.998;1;0.998;0.998;0.8265;0.8608;0.0654;0.2848;0.2803;0.0017;0.0163;0.0033;0.0018;0.0064;0.0033;0;0;0.088;0.1477;0;0;0;0;0;0;0;0;0;0;0;0;0.0052;0.0003;0.242;0.242;0;28.198;28.198;4.098;0.0495;237.9;1017.3;1;0.0063;0.0063;0;0;0;0;0;0;0.2357;0.1477;0;15.98;18.504;9.7514;11.292;97.385;97.385;2.4018;2.0409;1.2454;0.3609;0.7955;0.1503;0.3312;0.5185;74.924;0.454;0
12/02/21 09:00;47.632;-69.686;13.53;49.457;40.543;-90;-40.543;62.198;61.803;0.3947;23.31;4.89;0;0.5194;54.364;0.031;0;1.4933;56.407;0;56.407;0.5194;0.031;54.364;1.4933;0.0092;0.9902;0;0.0265;51.191;5.216;0;0;3.8512;1.3648;49.444;1.645;0.0002;0;1.6336;0.0111;51.089;0.1024;0.001;0.0001;0.101;0.0003;49.979;0.5181;0.0309;48.778;0.1172;39.095;31.276;13.204;2.3195;0.5312;7.6411;0.5345;5.8528;0;1;0;0;0.9069;0.9075;1;1;0.9292;0.086;0.9678;0.9995;1;0.9676;0.9137;0.998;0.998;1;0.998;0.998;0.8766;0.8973;0.0785;0.1605;0.1583;0.001;0.0135;0.0005;0.001;0.0036;0.0013;0;0;0.088;0.0412;0;0;0;0;0;0;0;0;0;0;0;0;0.0029;0.0001;0.1345;0.1345;0;25.769;25.769;2.4592;0.0497;133.74;1005.4;1;0.0053;0.0053;0;0;0;0;0;0;0.1292;0.0412;0;15.752;18.241;4.8275;5.5901;96.089;96.089;1.3538;1.134;0.3475;0.2198;0.7865;0.1624;0.5809;0.2567;38.903;0.2331;0
12/02/21 10:00;58.431;-53.202;18.275;63.802;26.198;-90;-26.198;148.31;146.6;1.7042;23.1;5.71;0;1.8994;138.87;0.2334;0;1.5235;142.53;0;142.53;1.8994;0.2334;138.87;1.5235;0.0133;0.985;0;0.0107;136.28;6.2522;0;0;4.9469;1.3053;131.54;4.4692;0.0012;0.0001;4.4251;0.0427;136.01;0.2726;0.0038;0.0005;0.2679;0.0004;131.98;1.8944;0.2328;129.23;0.1751;90.326;72.261;28.852;1.3108;1.0717;15.415;0.441;15.176;0;1;0;0;0.961;0.9561;1;1;0.9644;0.1432;0.9671;0.9994;1;0.9669;0.8038;0.998;0.998;1;0.998;0.998;0.9229;0.9306;0.1149;0.4056;0.4085;0.0025;0.0172;0.0068;0.0027;0.0095;0.0027;0;0;0.088;0.2633;0;0;0;0;0;0;0;0;0;0;0;0;0.0076;0.0006;0.3588;0.3588;0;29.594;29.594;6.4939;0.0494;348.52;1029.6;1;0.0076;0.0076;0;0;0;0;0;0;0.3513;0.2633;0;16.637;19.265;12.207;14.135;97.894;97.894;3.4207;3.0262;2.2204;0.3945;0.8058;0.1153;0.2356;0.6491;89.287;0.6005;0
12/02/21 11:00;66.391;-26.369;21.028;79.014;10.986;-90;-10.986;647.49;414;233.5;23.77;5.8299;0;237.86;335.56;76.744;0;1.1866;651.34;0;651.34;237.86;76.744;335.56;1.1866;0.3652;0.517;0;0.0018;647.53;3.8147;0;0;2.8297;0.9851;632.59;13.645;0.1724;0.0556;13.371;0.0452;646.23;1.2951;0.4757;0.1535;0.6655;0.0004;632.82;237.21;76.535;318.69;0.1559;381.41;305.12;119.01;0.1395;4.3576;62.682;0.2292;66.9;0;1;0;0;1.0059;0.9941;1;1;0.9916;0.1698;0.9789;0.9993;1;0.9597;0.7755;0.998;0.998;1;0.998;0.998;0.9712;0.9497;0.1314;1.8537;1.9361;0.0117;0.0002;0.2078;0.012;0.0426;0.0106;0;0;0.088;1.4953;0;0;0;0;0;0;0;0;0;0;0;0;0.0343;0.009;1.6079;1.6079;0;55.331;55.331;31.561;0.0499;1666.3;964.95;1;0.0247;0.0247;0;0;0;0;0;0;1.5833;1.4953;0;16.313;18.89;15.17;17.566;98.465;98.465;15.632;13.56;12.61;2.0723;0.9503;0.1326;0.0608;0.8066;201.65;0.7524;0
12/02/21 12:00;68.02;11.651;21.504;85.34;4.6598;90;4.6598;452.11;410.2;41.91;24.57;5.3;0;42.049;396.3;13.283;0;0.1494;451.79;0;451.79;42.049;13.283;396.3;0.1494;0.0931;0.8775;0;0.0003;450.83;0.9595;0;0;0.8349;0.1246;432.59;17.33;0.0312;0.0098;17.284;0.0055;449.92;0.9017;0.0841;0.0266;0.7909;0;432.6;41.934;13.246;377.39;0.0193;267.7;214.16;81.959;0.0015;3.1546;45.377;0.0066;48.53;0;1;0;0;0.9993;0.9979;1;1;0.9979;0.1663;0.9615;0.9993;1;0.9562;0.7767;0.998;0.998;1;0.998;0.998;0.9575;0.9523;0.1289;1.2857;1.3286;0.008;0.0075;0.0994;0.0085;0.0301;0.0079;0;0;0.088;1.033;0;0;0;0;0;0;0;0;0;0;0;0;0.0243;0.0045;1.1385;1.1385;0;46.024;46.024;21.454;0.0496;1142;996.97;1;0.0175;0.0175;0;0;0;0;0;0;1.121;1.033;0;16.652;19.283;15.109;17.496;98.465;98.465;10.843;9.6011;8.7117;1.2417;0.8895;0.1145;0.082;0.8034;235.26;0.7473;0
12/02/21 13:00;62.166;43.923;19.652;69.884;20.116;90;20.116;183.61;181.1;2.5065;23.6;4.81;0;2.6693;175.22;0.3904;0;1.12;179.4;0;179.4;2.6693;0.3904;175.22;1.12;0.0149;0.9829;0;0.0062;174.36;5.0368;0;0;4.098;0.9388;168.08;5.9333;0.0018;0.0003;5.8912;0.04;174.01;0.3487;0.0053;0.0008;0.3422;0.0004;168.36;2.6622;0.3893;164.89;0.1409;110.54;88.433;34.667;0.6385;1.2905;18.563;0.2816;19.215;0;1;0;0;0.9771;0.9719;1;1;0.9766;0.1618;0.9659;0.9993;1;0.9655;0.7789;0.998;0.998;1;0.998;0.998;0.9369;0.941;0.1258;0.5106;0.5189;0.0031;0.0171;0.013;0.0034;0.0121;0.0033;0;0;0.088;0.3598;0;0;0;0;0;0;0;0;0;0;0;0;0.0097;0.0009;0.4563;0.4563;0;31.895;31.895;8.2954;0.0494;443.24;1029.6;1;0.0086;0.0086;0;0;0;0;0;0;0.4478;0.3598;0;16.809;19.465;13.251;15.345;98.118;98.118;4.3056;3.8485;3.0339;0.4571;0.8146;0.1062;0.1892;0.7046;108.92;0.654;0
12/02/21 14:00;52.204;63.851;15.67;55.155;34.845;90;34.845;159.3;157.3;2.0062;23.3;4.3199;0;2.4444;142.94;0.3475;0;2.8564;148.59;0;148.59;2.4444;0.3475;142.94;2.8564;0.0165;0.9812;0;0.0192;137.99;10.599;0;0;8.0364;2.5624;133.32;4.3921;0.0013;0.0002;4.3488;0.0418;137.71;0.276;0.0049;0.0007;0.2698;0.0006;134.26;2.4382;0.3466;130.28;0.2516;98.762;79.009;32.651;3.6273;1.2426;17.875;0.9441;15.49;0;1;0;0;0.9327;0.9287;1;1;0.9438;0.1029;0.9681;0.9995;1;0.9677;0.8575;0.998;0.998;1;0.998;0.998;0.8973;0.9115;0.0881;0.4229;0.4199;0.0025;0.0172;0.0075;0.0027;0.0097;0.0032;0;0;0.088;0.2729;0;0;0;0;0;0;0;0;0;0;0;0;0.0079;0.0006;0.3686;0.3686;0;29.883;29.883;6.5827;0.0494;358.17;1029;1;0.0077;0.0077;0;0;0;0;0;0;0.3609;0.2729;0;16.391;18.981;12.137;14.055;97.923;97.923;3.566;3.1082;2.3016;0.4578;0.8067;0.1284;0.2262;0.6454;97.616;0.5921;0
12/02/21 15:00;40.648;76.863;9.9297;41.4;48.6;90;48.6;151.71;149.5;2.203;23.13;3.64;0;3.3312;123.89;0.546;0;5.1381;132.9;0;132.9;3.3312;0.546;123.89;5.1381;0.0251;0.9708;0;0.0387;116.64;16.264;0;0;11.472;4.7919;112.68;3.7189;0.0011;0.0002;3.7013;0.0163;116.4;0.2333;0.0067;0.0011;0.2248;0.0007;114.67;3.3234;0.5447;108.49;0.3292;96.366;77.092;33.717;9.8724;1.5034;21.625;1.9884;13.256;0;1;0;0;0.876;0.8776;1;1;0.9074;0.0674;0.9681;0.9997;1;0.967;0.9528;0.998;0.998;1;0.998;0.998;0.8479;0.8757;0.0641;0.3782;0.3714;0.0022;0.0171;0.005;0.0024;0.0086;0.0038;0;0;0.088;0.2296;0;0;0;0;0;0;0;0;0;0;0;0;0.0069;0.0005;0.3247;0.3247;0;28.697;28.697;5.5674;0.0494;316.06;1027.5;1;0.0072;0.0072;0;0;0;0;0;0;0.3176;0.2296;0;16.147;18.697;11.415;13.218;97.791;97.791;3.1896;2.7386;1.936;0.451;0.8026;0.1414;0.2516;0.607;95.392;0.5411;0
12/02/21 16:00;28.515;86.738;3.21;28.554;60;90;60;190.21;184.2;6.0094;24.8;2.5401;0;12.568;136.91;3.463;0;9.5104;162.45;0;162.45;12.568;3.463;136.91;9.5104;0.0774;0.9013;0;0.0585;136.34;26.109;0;0;17.212;8.8971;131.8;4.2702;0.0014;0.0004;4.2267;0.0417;136.07;0.2727;0.0251;0.0069;0.2394;0.0012;135.77;12.542;3.4557;115.23;0.5704;120.27;96.22;44.139;22.891;2.4296;34.95;3.9706;14.488;0;1;0;0;0.8541;0.8393;1;1;0.8743;0.0645;0.9686;0.9999;1;0.9646;0.9318;0.998;0.998;1;0.998;0.998;0.8113;0.8417;0.06;0.4623;0.4584;0.0028;0.0173;0.0105;0.003;0.0106;0.0062;0;0;0.088;0.3029;0;0;0;0;0;0;0;0;0;0;0;0;0.0086;0.0007;0.3988;0.3988;0;31.316;31.316;6.5162;0.0494;389.86;1023;1;0.0079;0.0079;0;0;0;0;0;0;0.3909;0.3029;0;16.224;18.786;12.322;14.269;98.015;98.015;3.8988;3.3634;2.5546;0.5353;0.8089;0.1373;0.2075;0.6552;119.19;0.5643;0
12/02/21 17:00;16.261;95.312;47.225;16.328;26.658;90;26.658;121.6;117.5;4.1029;23.91;1.7;0;9.9506;110.09;2.9818;0;1.2927;124.32;0;124.32;9.9506;2.9818;110.09;1.2927;0.08;0.896;0;0.0104;119.16;5.1599;0;0;4.045;1.1149;115.24;3.6732;0.1103;0.0331;3.495;0.0348;118.92;0.2383;0.0199;0.006;0.2121;0.0004;115.61;9.8204;2.9428;102.34;0.1426;71.011;56.809;22.587;1.1047;0.8535;12.278;0.3655;12.027;0;1;0;0;1.0223;0.9585;1;1;0.9633;0.1375;0.9691;0.9889;1;0.967;0.8037;0.998;0.998;1;0.998;0.998;0.927;0.9296;0.1103;0.3538;0.3554;0.0021;0.017;0.006;0.0023;0.0082;0.0022;0;0;0.088;0.2155;0;0;0;0;0;0;0;0;0;0;0;0;0.0066;0.0005;0.3105;0.3105;0;29.607;29.607;5.697;0.0494;303.08;1024.5;1;0.007;0.007;0;0;0;0;0;0;0.3035;0.2155;0;16.504;19.111;11.455;13.264;97.748;97.748;2.9836;2.6184;1.8173;0.3652;0.8011;0.1224;0.2685;0.6091;70.985;0.5672;0
12/02/21 18:00;5.1656;102.91;77.387;5.2989;7.6439;90;7.6439;11.291;11.291;0;22.85;1.71;0;0;11.241;0;0;0.01;11.251;0;11.251;0;0;11.241;0.01;0;1;0;0.0009;11.19;0.0605;0;0;0.0522;0.0084;10.696;0.4722;0;0;0.4718;0.0004;11.168;0.0224;0;0;0.0224;0;10.697;0;0;10.694;0.0013;6.7037;5.363;2.0423;0.0011;0.0797;1.1468;0.0013;1.2254;0;1;0;0;0.9964;0.9946;1;1;0.9954;0.1674;0.9577;1;1;0.9577;0.7755;0.998;1;1;0.998;0.998;0.9507;0.9514;0.1296;0.032;0.0329;0.0002;0.0063;-0.0002;0.0002;0.0007;0.0002;0;0;0.088;-0.0655;0;0;0;0;0;0;0;0;0;0;0;0;0.0005;0;0.025;0.025;0;23.394;23.394;0.544;0.0509;26.464;944.9;1;0.0025;0.0025;0;0;0;0;0;0;0.0225;-0.0655;0;14.686;17.007;-38.446;-44.52;90.144;90.144;0.27;0.2109;-0.552;0.0591;0.7629;0.219;2.8253;0;6.7037;0;0
12/02/21 19:00;0;0;90;0;0;90;0;0;0;0;22.1;2.0899;0;0;0;0;0;0;0;0;0;0;0;0;0;1;1;1;1;0;0;0;0;0;0;0;0;0;0;0;0;0;0;0;0;0;0;0;0;0;0;0;0;0;0;0;0;0;0;0;0;0;0;0;1;1;1;1;1;1;1;1;1;1;1;1;1;1;1;1;1;1;1;0;0;0;0;0;0;0;0;0;0.0004;0.088;-0.0884;0;0;0;0;0;0;0;0;0;0;0;0;0;0;0;0;0;0;0;-22.1;0;0;0;0;0.0004;0;0;0;0;0;0;0;-0.0004;-0.0884;0;0;0;0;0;0;0;0;0;-0.7452;0;0.7452;1;1;0;0;0;0
12/02/21 20:00;0;0;90;0;0;90;0;0;0;0;21.28;2.59;0;0;0;0;0;0;0;0;0;0;0;0;0;1;1;1;1;0;0;0;0;0;0;0;0;0;0;0;0;0;0;0;0;0;0;0;0;0;0;0;0;0;0;0;0;0;0;0;0;0;0;0;1;1;1;1;1;1;1;1;1;1;1;1;1;1;1;1;1;1;1;0;0;0;0;0;0;0;0;0;0.0004;0.088;-0.0884;0;0;0;0;0;0;0;0;0;0;0;0;0;0;0;0;0;0;0;-21.28;0;0;0;0;0.0004;0;0;0;0;0;0;0;-0.0004;-0.0884;0;0;0;0;0;0;0;0;0;-0.7452;0;0.7452;1;1;0;0;0;0
12/02/21 21:00;0;0;90;0;0;90;0;0;0;0;20.84;2.67;0;0;0;0;0;0;0;0;0;0;0;0;0;1;1;1;1;0;0;0;0;0;0;0;0;0;0;0;0;0;0;0;0;0;0;0;0;0;0;0;0;0;0;0;0;0;0;0;0;0;0;0;1;1;1;1;1;1;1;1;1;1;1;1;1;1;1;1;1;1;1;0;0;0;0;0;0;0;0;0;0.0004;0.088;-0.0884;0;0;0;0;0;0;0;0;0;0;0;0;0;0;0;0;0;0;0;-20.84;0;0;0;0;0.0004;0;0;0;0;0;0;0;-0.0004;-0.0884;0;0;0;0;0;0;0;0;0;-0.7452;0;0.7452;1;1;0;0;0;0
12/02/21 22:00;0;0;90;0;0;90;0;0;0;0;20.8;2.02;0;0;0;0;0;0;0;0;0;0;0;0;0;1;1;1;1;0;0;0;0;0;0;0;0;0;0;0;0;0;0;0;0;0;0;0;0;0;0;0;0;0;0;0;0;0;0;0;0;0;0;0;1;1;1;1;1;1;1;1;1;1;1;1;1;1;1;1;1;1;1;0;0;0;0;0;0;0;0;0;0.0004;0.088;-0.0884;0;0;0;0;0;0;0;0;0;0;0;0;0;0;0;0;0;0;0;-20.8;0;0;0;0;0.0004;0;0;0;0;0;0;0;-0.0004;-0.0884;0;0;0;0;0;0;0;0;0;-0.7452;0;0.7452;1;1;0;0;0;0
12/02/21 23:00;0;0;90;0;0;90;0;0;0;0;20.34;1.46;0;0;0;0;0;0;0;0;0;0;0;0;0;1;1;1;1;0;0;0;0;0;0;0;0;0;0;0;0;0;0;0;0;0;0;0;0;0;0;0;0;0;0;0;0;0;0;0;0;0;0;0;1;1;1;1;1;1;1;1;1;1;1;1;1;1;1;1;1;1;1;0;0;0;0;0;0;0;0;0;0.0004;0.088;-0.0884;0;0;0;0;0;0;0;0;0;0;0;0;0;0;0;0;0;0;0;-20.34;0;0;0;0;0.0004;0;0;0;0;0;0;0;-0.0004;-0.0884;0;0;0;0;0;0;0;0;0;-0.7452;0;0.7452;1;1;0;0;0;0
13/02/21 00:00;0;0;90;0;0;90;0;0;0;0;19.6;1.3599;0;0;0;0;0;0;0;0;0;0;0;0;0;1;1;1;1;0;0;0;0;0;0;0;0;0;0;0;0;0;0;0;0;0;0;0;0;0;0;0;0;0;0;0;0;0;0;0;0;0;0;0;1;1;1;1;1;1;1;1;1;1;1;1;1;1;1;1;1;1;1;0;0;0;0;0;0;0;0;0;0.0004;0.088;-0.0884;0;0;0;0;0;0;0;0;0;0;0;0;0;0;0;0;0;0;0;-19.6;0;0;0;0;0.0004;0;0;0;0;0;0;0;-0.0004;-0.0884;0;0;0;0;0;0;0;0;0;-0.7452;0;0.7452;1;1;0;0;0;0
13/02/21 01:00;0;0;90;0;0;90;0;0;0;0;19.68;1.4499;0;0;0;0;0;0;0;0;0;0;0;0;0;1;1;1;1;0;0;0;0;0;0;0;0;0;0;0;0;0;0;0;0;0;0;0;0;0;0;0;0;0;0;0;0;0;0;0;0;0;0;0;1;1;1;1;1;1;1;1;1;1;1;1;1;1;1;1;1;1;1;0;0;0;0;0;0;0;0;0;0.0004;0.088;-0.0884;0;0;0;0;0;0;0;0;0;0;0;0;0;0;0;0;0;0;0;-19.68;0;0;0;0;0.0004;0;0;0;0;0;0;0;-0.0004;-0.0884;0;0;0;0;0;0;0;0;0;-0.7452;0;0.7452;1;1;0;0;0;0
13/02/21 02:00;0;0;90;0;0;90;0;0;0;0;18.84;1.55;0;0;0;0;0;0;0;0;0;0;0;0;0;1;1;1;1;0;0;0;0;0;0;0;0;0;0;0;0;0;0;0;0;0;0;0;0;0;0;0;0;0;0;0;0;0;0;0;0;0;0;0;1;1;1;1;1;1;1;1;1;1;1;1;1;1;1;1;1;1;1;0;0;0;0;0;0;0;0;0;0.0004;0.088;-0.0884;0;0;0;0;0;0;0;0;0;0;0;0;0;0;0;0;0;0;0;-18.84;0;0;0;0;0.0004;0;0;0;0;0;0;0;-0.0004;-0.0884;0;0;0;0;0;0;0;0;0;-0.7452;0;0.7452;1;1;0;0;0;0
13/02/21 03:00;0;0;90;0;0;90;0;0;0;0;17.51;1.7;0;0;0;0;0;0;0;0;0;0;0;0;0;1;1;1;1;0;0;0;0;0;0;0;0;0;0;0;0;0;0;0;0;0;0;0;0;0;0;0;0;0;0;0;0;0;0;0;0;0;0;0;1;1;1;1;1;1;1;1;1;1;1;1;1;1;1;1;1;1;1;0;0;0;0;0;0;0;0;0;0.0004;0.088;-0.0884;0;0;0;0;0;0;0;0;0;0;0;0;0;0;0;0;0;0;0;-17.51;0;0;0;0;0.0004;0;0;0;0;0;0;0;-0.0004;-0.0884;0;0;0;0;0;0;0;0;0;-0.7452;0;0.7452;1;1;0;0;0;0
13/02/21 04:00;0;0;90;0;0;90;0;0;0;0;17.79;1.8301;0;0;0;0;0;0;0;0;0;0;0;0;0;1;1;1;1;0;0;0;0;0;0;0;0;0;0;0;0;0;0;0;0;0;0;0;0;0;0;0;0;0;0;0;0;0;0;0;0;0;0;0;1;1;1;1;1;1;1;1;1;1;1;1;1;1;1;1;1;1;1;0;0;0;0;0;0;0;0;0;0.0004;0.088;-0.0884;0;0;0;0;0;0;0;0;0;0;0;0;0;0;0;0;0;0;0;-17.79;0;0;0;0;0.0004;0;0;0;0;0;0;0;-0.0004;-0.0884;0;0;0;0;0;0;0;0;0;-0.7452;0;0.7452;1;1;0;0;0;0
13/02/21 05:00;2.521;-104.37;83.876;2.6023;3.7197;-90;-3.7197;6.3097;6.2994;0.0103;16.89;2.2399;0;0.025;6.2917;0.0026;0;0.0013;6.3206;6.3206;0;0.025;0;0;0;1;1;1;1;0;0;0;0;0;0;0;0;0;0;0;0;0;0;0;0;0;0;0;0;0;0;0;0;0;0;0;0;0;0;0;0;0;0;0;0;1;1;1;1;1;1;1;1;1;1;1;0;1;0;0;1;0;0;0;0;0;0;0;0;0;0;0;0.0004;0.088;-0.0884;0;0;0;0;0;0;0;0;0;0;0;0;0;0;0;0;0;0;0;-16.89;0;0;0;0;0.0004;0;0;0;0;0;0;0;-0.0004;-0.0884;0;0;0;0;0;0;0;0;0;-0.7452;0;0.7452;1;1;0;0;0;0
13/02/21 06:00;11.137;-98.38;62.067;11.254;16.995;-90;-16.995;167.9;27.699;140.2;17.69;2.6901;0;340.03;13.044;34.835;0;0.7332;388.64;0;388.64;340.03;34.835;13.044;0.7332;0.8749;0.0355;0;0.0019;387.8;0.8392;0;0;0.2294;0.6098;369.41;17.613;15.529;1.591;0.4655;0.0274;387.03;0.7756;0.6801;0.0697;0.0256;0.0002;369.43;323.82;33.174;12.324;0.0957;8.7559;7.0047;2.8392;0.0265;0.0946;1.3607;0.0137;1.4288;0;1;0;0;2.3147;0.9978;1;1;0.9824;0.1683;0.9545;0.9542;1;0.9636;0.7773;0.998;0.998;1;0.998;0.998;0.9505;0.9448;0.1306;1.106;1.0597;0.0064;0.0113;0.041;0.007;0.0248;0.0002;0;0;0.088;0.8426;0;0;0;0;0;0;0;0;0;0;0;0;0.02;0.003;0.9458;0.9458;0;35.874;35.874;18.184;0.0492;912.16;1036.9;1;0.0152;0.0152;0;0;0;0;0;0;0.9306;0.8426;0;16.082;18.622;14.327;16.59;98.393;98.393;9.3274;7.9763;7.106;1.3511;0.8703;0.1448;0.0933;0.7618;7.9986;0.7599;0
13/02/21 07:00;23.36;-89.995;15.919;23.36;50.721;-90;-50.721;390.5;64.397;326.1;18.8;3.62;0;790.88;21.689;91.761;0;14.328;918.66;0;918.66;790.88;91.761;21.689;14.328;0.8609;0.0392;0;0.0156;903.21;15.452;0;0;2.1299;13.322;900.23;1.1761;0.434;0.0504;0.65;0.0417;901.4;1.8064;1.5818;0.1835;0.0391;0.002;900.77;788.87;91.527;18.87;0.9615;18.842;15.074;6.1884;2.0085;0.3253;4.6792;0.5441;2.996;0;1;0;0;2.3525;0.9832;1;1;0.9018;0.0702;0.9987;0.9995;1;0.9667;0.9584;0.998;0.998;1;0.998;0.998;0.9799;0.87;0.0671;2.6144;2.5866;0.0156;-0.0018;0.3563;0.0155;0.055;0.0008;0;0;0.088;1.9642;0;0;0;0;0;0;0;0;0;0;0;0;0.0443;0.0156;2.0853;2.0853;0;64.008;64.008;45.208;0.0502;2233;933.86;1;0.0331;0.0331;0;0;0;0;0;0;2.0522;1.9642;0;14.999;17.369;14.128;16.36;98.414;98.414;22.048;17.585;16.564;4.4625;1.0211;0.2024;0.0463;0.7513;17.059;0.7484;0
13/02/21 08:00;35.577;-80.771;7.4956;35.931;54.069;-90;-54.069;612.9;101.1;511.79;19.61;4.3199;0;872.16;29.805;108.27;0;25.324;1035.6;0;1035.6;872.16;108.27;29.805;25.324;0.8422;0.0532;0;0.0245;1008.8;26.805;0;0;3.2112;23.594;1005.5;1.2255;0.2254;0.028;0.8999;0.0723;1006.7;2.0175;1.7443;0.2165;0.0532;0.0035;1010.7;870.19;108.03;25.641;1.6547;197.33;157.87;61.077;3.4517;2.5066;36.057;5.2011;35.112;0;1;0;0;1.6896;0.9741;1;1;0.8923;0.0683;0.9988;0.9997;1;0.9661;0.9581;0.998;0.998;1;0.998;0.998;0.971;0.8603;0.0653;2.9471;2.964;0.0179;0.0012;0.4751;0.0173;0.0613;0.0057;0;0;0.088;2.1901;0;0;0;0;0;0;0;0;0;0;0;0;0.0494;0.0202;2.316;2.316;0;70.372;70.372;50.762;0.0505;2556.4;905.97;1;0.0379;0.0379;0;0;0;0;0;0;2.2781;2.1901;0;14.779;17.113;13.975;16.183;98.363;98.363;24.854;19.531;18.469;5.3222;1.0619;0.2141;0.0427;0.7431;24.276;0.7243;0
13/02/21 09:00;47.424;-69.294;13.84;49.323;40.677;-90;-40.677;770;128.5;641.49;22.49;4.74;0;845.85;42.668;105.45;0;18.603;1012.6;0;1012.6;845.85;105.45;42.668;18.603;0.8354;0.0605;0;0.0184;992.53;20.046;0;0;3.0373;17.008;988.67;1.8717;0.4036;0.0503;1.2818;0.136;990.54;1.9851;1.6917;0.2109;0.0793;0.0032;993.89;843.76;105.19;38.27;1.4558;361.71;289.37;116.22;1.8456;4.0258;57.91;5.2228;60.09;0;1;0;0;1.315;0.9802;1;1;0.9288;0.0857;0.9981;0.9995;1;0.9676;0.9146;0.998;0.998;1;0.998;0.998;0.9764;0.8969;0.0783;2.8817;2.9596;0.0178;0.0011;0.4972;0.0171;0.0607;0.0091;0;0;0.088;2.1627;0;0;0;0;0;0;0;0;0;0;0;0;0.0489;0.0201;2.2877;2.2877;0;72.488;72.488;49.998;0.0506;2551.3;896.68;1;0.037;0.037;0;0;0;0;0;0;2.2507;2.1627;0;14.929;17.288;14.113;16.343;98.381;98.381;24.302;19.292;18.238;5.0094;1.0545;0.2061;0.0434;0.7505;30.568;0.7197;0
13/02/21 10:00;58.181;-52.773;18.6;63.708;26.292;-90;-26.292;938.21;154.8;783.41;24.22;5.0801;0;873.81;50.108;113.72;0;9.7057;1047.3;0;1047.3;873.81;113.72;50.108;9.7057;0.8343;0.0571;0;0.0093;1037.2;10.114;0;0;1.7951;8.3191;1032.7;2.4997;0.5603;0.0729;1.5956;0.2709;1035.2;2.0744;1.7476;0.2274;0.0966;0.0028;1035.2;871.5;113.42;46.621;1.1129;512.42;409.93;166.11;0.4812;5.4697;78.68;2.5455;83.668;0;1;0;0;1.1163;0.9903;1;1;0.9642;0.1429;0.9976;0.9994;1;0.9669;0.8042;0.998;0.998;1;0.998;0.998;0.986;0.9304;0.1147;2.9806;3.1194;0.0188;0.0034;0.5702;0.0177;0.0627;0.0121;0;0;0.088;2.2353;0;0;0;0;0;0;0;0;0;0;0;0;0.0505;0.0222;2.3617;2.3617;0;76.622;76.622;52.402;0.0507;2687.4;878.79;1;0.0383;0.0383;0;0;0;0;0;0;2.3233;2.2353;0;14.9;17.254;14.103;16.331;98.376;98.376;25.136;19.916;18.851;5.2198;1.0655;0.2077;0.0424;0.7499;32.235;0.71;0
13/02/21 11:00;66.079;-26.06;21.362;78.973;11.027;-90;-11.027;1025.8;169.3;856.5;25.4;5.38;0;872.61;55.458;115.46;0;1.894;1045.4;0;1045.4;872.61;115.46;55.458;1.894;0.8347;0.0549;0;0.0018;1043.4;2.043;0;0;0.4706;1.5723;1038.3;3.008;0.6426;0.085;2.2084;0.0721;1041.3;2.0868;1.7452;0.2309;0.11;0.0006;1038.7;870.23;115.14;52.669;0.2489;597.75;478.2;190.31;0.0238;6.5704;94.513;0.384;101.06;0;1;0;0;1.0191;0.998;1;1;0.9915;0.1698;0.9971;0.9993;1;0.9598;0.7755;0.998;0.998;1;0.998;0.998;0.9932;0.9497;0.1314;2.9752;3.161;0.019;0.0042;0.5953;0.0178;0.0631;0.0144;0;0;0.088;2.247;0;0;0;0;0;0;0;0;0;0;0;0;0.0508;0.0227;2.3736;2.3736;0;78.155;78.155;52.755;0.0508;2711;875;1;0.0385;0.0385;0;0;0;0;0;0;2.335;2.247;0;15.003;17.373;14.203;16.447;98.377;98.377;25.09;20.017;18.95;5.0734;1.0671;0.2022;0.0425;0.7553;33.331;0.7074;0
13/02/21 12:00;67.689;11.499;21.84;85.323;4.6766;90;4.6766;1036;170.8;865.2;26.43;5.62;0;868.09;56.594;114.5;0;0.3449;1039.5;0;1039.5;868.09;114.5;56.594;0.3449;0.8351;0.0548;0;0.0003;1039.1;0.4074;0;0;0.1199;0.2875;1033.8;3.2203;0.6536;0.0862;2.4677;0.0128;1037;2.0782;1.7362;0.229;0.1129;0.0001;1033.8;865.7;114.18;53.893;0.0445;609.75;487.8;195.41;0.0003;6.6174;95.189;0.0285;101.81;0;1;0;0;1.0034;0.9996;1;1;0.9979;0.1663;0.9969;0.9992;1;0.9562;0.7767;0.998;0.998;1;0.998;0.998;0.9945;0.9523;0.1289;2.9584;3.1486;0.019;0.0039;0.6027;0.0177;0.0626;0.0145;0;0;0.088;2.2291;0;0;0;0;0;0;0;0;0;0;0;0;0.0505;0.0226;2.3552;2.3552;0;78.993;78.993;52.564;0.0508;2688;875;1;0.0381;0.0381;0;0;0;0;0;0;2.3171;2.2291;0;14.971;17.336;14.17;16.408;98.382;98.382;24.948;19.861;18.798;5.0871;1.0635;0.2039;0.0426;0.7535;33.596;0.7051;0
13/02/21 13:00;61.892;43.505;19.981;69.812;20.188;90;20.188;984.31;162.6;821.71;27.53;5.8101;0;875.5;52.718;115.3;0;6.0473;1049.6;0;1049.6;875.5;115.3;52.718;6.0473;0.8342;0.056;0;0.0058;1043.2;6.3102;0;0;1.24;5.0701;1038.5;2.669;0.603;0.0794;1.7711;0.2154;1041.2;2.0865;1.751;0.2306;0.103;0.002;1040;873.14;114.99;49.604;0.7598;556.18;444.94;180.34;0.1961;5.9125;85.049;1.4791;90.765;0;1;0;0;1.0663;0.994;1;1;0.9765;0.1616;0.9974;0.9993;1;0.9655;0.7791;0.998;0.998;1;0.998;0.998;0.9895;0.9409;0.1256;2.987;3.1458;0.0189;0.0039;0.6183;0.0175;0.0622;0.0129;0;0;0.088;2.2077;0;0;0;0;0;0;0;0;0;0;0;0;0.0501;0.0225;2.3394;2.3333;0;80.393;80.393;52.863;0.0509;2666.7;875;1;0.0437;0.0376;0;0.0061;0;0;0;0;2.2957;2.2077;0;14.691;17.011;13.9;16.096;98.132;98.389;25.189;19.677;18.618;5.5121;1.0592;0.2188;0.042;0.7391;32.783;0.6969;0
13/02/21 14:00;51.983;63.438;15.987;55.037;34.963;90;34.963;874.7;148.8;725.9;27.87;5.92;0;885.77;46.264;119.51;0;15.786;1067.3;0;1067.3;885.77;119.51;46.264;15.786;0.8299;0.0581;0;0.0148;1050.5;16.784;0;0;2.615;14.17;1046.3;2.1893;0.4881;0.0659;1.407;0.2283;1048.4;2.1011;1.7715;0.239;0.0873;0.0032;1050.7;883.51;119.21;42.155;1.3854;443;354.4;144.47;1.1915;4.7226;67.933;4.4734;71.465;0;1;0;0;1.2202;0.9843;1;1;0.9435;0.1024;0.9979;0.9994;1;0.9677;0.8585;0.998;0.998;1;0.998;0.998;0.9803;0.9112;0.0878;3.0375;3.1423;0.0189;0.0038;0.6266;0.0175;0.0619;0.0102;0;0;0.088;2.1981;0;0;0;0;0;0;0;0;0;0;0;0;0.0499;0.0225;2.3311;2.3235;0;81.162;81.162;53.292;0.0509;2655.4;875;1;0.0449;0.0374;0;0.0076;0;0;0;0;2.2861;2.1981;0;14.385;16.657;13.609;15.759;98.072;98.392;25.616;19.594;18.537;6.0217;1.0573;0.2351;0.0413;0.7236;31.624;0.6907;0
13/02/21 15:00;40.455;76.501;10.231;41.249;48.751;90;48.751;692.4;144.1;548.3;27.78;5.84;0;831.6;47.381;131.94;0;23.588;1034.5;0;1034.5;831.6;131.94;47.381;23.588;0.8039;0.0686;0;0.0228;1008.1;26.41;0;0;4.4075;22.003;1004.3;1.8296;0.2933;0.0465;1.4158;0.0739;1006.1;2.0162;1.6632;0.2639;0.0859;0.0032;1009.8;829.65;131.63;41.472;1.5081;276.49;221.19;88.213;3.8222;3.2748;47.106;5.5114;46.559;0;1;0;0;1.4941;0.9745;1;1;0.907;0.0672;0.9982;0.9996;1;0.967;0.9533;0.998;0.998;1;0.998;0.998;0.9708;0.8753;0.0639;2.9441;2.9834;0.018;0.0014;0.5703;0.0168;0.0594;0.0072;0;0;0.088;2.1186;0;0;0;0;0;0;0;0;0;0;0;0;0.0479;0.0204;2.2421;2.2421;0;78.833;78.833;51.053;0.0508;2560.3;875;1;0.0355;0.0355;0;0;0;0;0;0;2.2066;2.1186;0;14.321;16.584;13.533;15.67;98.418;98.418;24.828;18.908;17.866;5.9207;1.0413;0.2385;0.0419;0.7196;36.538;0.6959;0
13/02/21 16:00;28.333;86.416;3.5455;28.38;60;90;60;472.09;151.2;320.89;27.7;5.28;0;674.85;58.624;153.59;0;23.605;910.67;0;910.67;674.85;153.59;58.624;23.605;0.741;0.0903;0;0.0259;881.22;29.452;0;0;7.37;22.082;877.44;2.0147;0.0825;0.0188;1.8099;0.1036;879.46;1.7624;1.3497;0.3072;0.1025;0.003;881.16;673.42;153.27;49.341;1.4157;105.05;84.04;36.823;9.8067;1.5723;22.617;3.7182;14.383;0;1;0;0;1.929;0.9677;1;1;0.8743;0.0645;0.9977;0.9999;1;0.9646;0.9318;0.998;0.998;1;0.998;0.998;0.9635;0.8417;0.06;2.5917;2.5664;0.0155;-0.0018;0.4288;0.0149;0.0527;0.0036;0;0;0.088;1.8763;0;0;0;0;0;0;0;0;0;0;0;0;0.0425;0.0153;1.9951;1.9951;0;72.057;72.057;44.357;0.0506;2213.5;901.33;1;0.0307;0.0307;0;0;0;0;0;0;1.9643;1.8763;0;14.476;16.763;13.615;15.766;98.459;98.459;21.856;16.825;15.823;5.0316;1.0013;0.2302;0.0458;0.724;51.036;0.7108;0
13/02/21 17:00;16.078;95.018;47.805;16.136;26.244;90;26.244;240;139.3;100.7;26.89;3.48;0;244.23;97.798;87.761;0;2.4739;432.27;0;432.27;244.23;87.761;97.798;2.4739;0.565;0.232;0;0.0057;426.63;5.6338;0;0;3.5043;2.1295;418.81;6.9757;2.7907;1.0028;3.1141;0.0682;425.78;0.8533;0.4885;0.1755;0.1886;0.0007;419.12;240.96;86.583;90.991;0.2755;63.567;50.854;20.298;0.9291;0.7551;10.861;0.312;10.687;0;1;0;0;1.8011;0.987;1;1;0.9642;0.1392;0.9836;0.9886;1;0.9669;0.8017;0.998;0.998;1;0.998;0.998;0.9689;0.9304;0.1114;1.2302;1.2209;0.0074;0.009;0.0989;0.0077;0.0274;0.0019;0;0;0.088;0.9386;0;0;0;0;0;0;0;0;0;0;0;0;0.0221;0.0038;1.0425;1.0425;0;47.693;47.693;20.803;0.0497;1052.2;990.81;1;0.016;0.016;0;0;0;0;0;0;1.0266;0.9386;0;15.937;18.455;14.348;16.614;98.467;98.467;10.374;8.7919;7.915;1.5825;0.8769;0.1525;0.0845;0.7629;62.897;0.7488;0
13/02/21 18:00;4.9734;102.63;77.863;5.0962;7.3448;90;7.3448;31.392;30.898;0.4939;25.37;3.1999;0;1.1979;30.646;0.305;0;0.0258;32.175;0;32.175;1.1979;0.305;30.646;0.0258;0.0372;0.9533;0;0.0008;32.02;0.1547;0;0;0.1332;0.0214;30.284;1.6723;0.3025;0.077;1.2918;0.001;31.956;0.064;0.0024;0.0006;0.061;0;30.287;0.893;0.2274;29.16;0.0033;18.269;14.616;5.565;0.0025;0.2173;3.1255;0.0032;3.3403;0;1;0;0;1.0249;0.9952;1;1;0.9957;0.1673;0.9477;0.7469;1;0.9576;0.7756;0.998;0.998;1;0.998;0.998;0.9412;0.9515;0.1295;0.0916;0.0929;0.0006;0.0107;0.0006;0.0006;0.002;0.0005;0;0;0.088;-0.0155;0;0;0;0;0;0;0;0;0;0;0;0;0.0016;0.0001;0.0762;0.0762;0;26.887;26.887;1.5174;0.0501;77.87;978.6;1;0.0037;0.0037;0;0;0;0;0;0;0.0725;-0.0155;0;15.65;18.123;-3.1786;-3.6807;95.17;95.17;0.7722;0.6426;-0.1305;0.1296;0.7732;0.1678;1.0012;0;18.266;0;0
13/02/21 19:00;0;0;90;0;0;90;0;0;0;0;22.67;3.0901;0;0;0;0;0;0;0;0;0;0;0;0;0;1;1;1;1;0;0;0;0;0;0;0;0;0;0;0;0;0;0;0;0;0;0;0;0;0;0;0;0;0;0;0;0;0;0;0;0;0;0;0;1;1;1;1;1;1;1;1;1;1;1;1;1;1;1;1;1;1;1;0;0;0;0;0;0;0;0;0;0.0004;0.088;-0.0884;0;0;0;0;0;0;0;0;0;0;0;0;0;0;0;0;0;0;0;-22.67;0;0;0;0;0.0004;0;0;0;0;0;0;0;-0.0004;-0.0884;0;0;0;0;0;0;0;0;0;-0.7452;0;0.7452;1;1;0;0;0;0
13/02/21 20:00;0;0;90;0;0;90;0;0;0;0;19.64;2.59;0;0;0;0;0;0;0;0;0;0;0;0;0;1;1;1;1;0;0;0;0;0;0;0;0;0;0;0;0;0;0;0;0;0;0;0;0;0;0;0;0;0;0;0;0;0;0;0;0;0;0;0;1;1;1;1;1;1;1;1;1;1;1;1;1;1;1;1;1;1;1;0;0;0;0;0;0;0;0;0;0.0004;0.088;-0.0884;0;0;0;0;0;0;0;0;0;0;0;0;0;0;0;0;0;0;0;-19.64;0;0;0;0;0.0004;0;0;0;0;0;0;0;-0.0004;-0.0884;0;0;0;0;0;0;0;0;0;-0.7452;0;0.7452;1;1;0;0;0;0
13/02/21 21:00;0;0;90;0;0;90;0;0;0;0;20.59;2.18;0;0;0;0;0;0;0;0;0;0;0;0;0;1;1;1;1;0;0;0;0;0;0;0;0;0;0;0;0;0;0;0;0;0;0;0;0;0;0;0;0;0;0;0;0;0;0;0;0;0;0;0;1;1;1;1;1;1;1;1;1;1;1;1;1;1;1;1;1;1;1;0;0;0;0;0;0;0;0;0;0.0004;0.088;-0.0884;0;0;0;0;0;0;0;0;0;0;0;0;0;0;0;0;0;0;0;-20.59;0;0;0;0;0.0004;0;0;0;0;0;0;0;-0.0004;-0.0884;0;0;0;0;0;0;0;0;0;-0.7452;0;0.7452;1;1;0;0;0;0
13/02/21 22:00;0;0;90;0;0;90;0;0;0;0;18.9;3.4101;0;0;0;0;0;0;0;0;0;0;0;0;0;1;1;1;1;0;0;0;0;0;0;0;0;0;0;0;0;0;0;0;0;0;0;0;0;0;0;0;0;0;0;0;0;0;0;0;0;0;0;0;1;1;1;1;1;1;1;1;1;1;1;1;1;1;1;1;1;1;1;0;0;0;0;0;0;0;0;0;0.0004;0.088;-0.0884;0;0;0;0;0;0;0;0;0;0;0;0;0;0;0;0;0;0;0;-18.9;0;0;0;0;0.0004;0;0;0;0;0;0;0;-0.0004;-0.0884;0;0;0;0;0;0;0;0;0;-0.7452;0;0.7452;1;1;0;0;0;0
13/02/21 23:00;0;0;90;0;0;90;0;0;0;0;17.95;4.5;0;0;0;0;0;0;0;0;0;0;0;0;0;1;1;1;1;0;0;0;0;0;0;0;0;0;0;0;0;0;0;0;0;0;0;0;0;0;0;0;0;0;0;0;0;0;0;0;0;0;0;0;1;1;1;1;1;1;1;1;1;1;1;1;1;1;1;1;1;1;1;0;0;0;0;0;0;0;0;0;0.0004;0.088;-0.0884;0;0;0;0;0;0;0;0;0;0;0;0;0;0;0;0;0;0;0;-17.95;0;0;0;0;0.0004;0;0;0;0;0;0;0;-0.0004;-0.0884;0;0;0;0;0;0;0;0;0;-0.7452;0;0.7452;1;1;0;0;0;0
14/02/21 00:00;0;0;90;0;0;90;0;0;0;0;17.17;4.5301;0;0;0;0;0;0;0;0;0;0;0;0;0;1;1;1;1;0;0;0;0;0;0;0;0;0;0;0;0;0;0;0;0;0;0;0;0;0;0;0;0;0;0;0;0;0;0;0;0;0;0;0;1;1;1;1;1;1;1;1;1;1;1;1;1;1;1;1;1;1;1;0;0;0;0;0;0;0;0;0;0.0004;0.088;-0.0884;0;0;0;0;0;0;0;0;0;0;0;0;0;0;0;0;0;0;0;-17.17;0;0;0;0;0.0004;0;0;0;0;0;0;0;-0.0004;-0.0884;0;0;0;0;0;0;0;0;0;-0.7452;0;0.7452;1;1;0;0;0;0
14/02/21 01:00;0;0;90;0;0;90;0;0;0;0;16.31;4.35;0;0;0;0;0;0;0;0;0;0;0;0;0;1;1;1;1;0;0;0;0;0;0;0;0;0;0;0;0;0;0;0;0;0;0;0;0;0;0;0;0;0;0;0;0;0;0;0;0;0;0;0;1;1;1;1;1;1;1;1;1;1;1;1;1;1;1;1;1;1;1;0;0;0;0;0;0;0;0;0;0.0004;0.088;-0.0884;0;0;0;0;0;0;0;0;0;0;0;0;0;0;0;0;0;0;0;-16.31;0;0;0;0;0.0004;0;0;0;0;0;0;0;-0.0004;-0.0884;0;0;0;0;0;0;0;0;0;-0.7452;0;0.7452;1;1;0;0;0;0
14/02/21 02:00;0;0;90;0;0;90;0;0;0;0;15.5;4.1401;0;0;0;0;0;0;0;0;0;0;0;0;0;1;1;1;1;0;0;0;0;0;0;0;0;0;0;0;0;0;0;0;0;0;0;0;0;0;0;0;0;0;0;0;0;0;0;0;0;0;0;0;1;1;1;1;1;1;1;1;1;1;1;1;1;1;1;1;1;1;1;0;0;0;0;0;0;0;0;0;0.0004;0.088;-0.0884;0;0;0;0;0;0;0;0;0;0;0;0;0;0;0;0;0;0;0;-15.5;0;0;0;0;0.0004;0;0;0;0;0;0;0;-0.0004;-0.0884;0;0;0;0;0;0;0;0;0;-0.7452;0;0.7452;1;1;0;0;0;0
14/02/21 03:00;0;0;90;0;0;90;0;0;0;0;15.74;4.1301;0;0;0;0;0;0;0;0;0;0;0;0;0;1;1;1;1;0;0;0;0;0;0;0;0;0;0;0;0;0;0;0;0;0;0;0;0;0;0;0;0;0;0;0;0;0;0;0;0;0;0;0;1;1;1;1;1;1;1;1;1;1;1;1;1;1;1;1;1;1;1;0;0;0;0;0;0;0;0;0;0.0004;0.088;-0.0884;0;0;0;0;0;0;0;0;0;0;0;0;0;0;0;0;0;0;0;-15.74;0;0;0;0;0.0004;0;0;0;0;0;0;0;-0.0004;-0.0884;0;0;0;0;0;0;0;0;0;-0.7452;0;0.7452;1;1;0;0;0;0
14/02/21 04:00;0;0;90;0;0;90;0;0;0;0;13.98;3.94;0;0;0;0;0;0;0;0;0;0;0;0;0;1;1;1;1;0;0;0;0;0;0;0;0;0;0;0;0;0;0;0;0;0;0;0;0;0;0;0;0;0;0;0;0;0;0;0;0;0;0;0;1;1;1;1;1;1;1;1;1;1;1;1;1;1;1;1;1;1;1;0;0;0;0;0;0;0;0;0;0.0004;0.088;-0.0884;0;0;0;0;0;0;0;0;0;0;0;0;0;0;0;0;0;0;0;-13.98;0;0;0;0;0.0004;0;0;0;0;0;0;0;-0.0004;-0.0884;0;0;0;0;0;0;0;0;0;-0.7452;0;0.7452;1;1;0;0;0;0
14/02/21 05:00;2.5238;-103.95;83.869;2.6004;3.7169;-90;-3.7169;3.692;3.692;0;13.67;4.51;0;0;3.6882;0;0;0.0008;3.6889;3.6889;0;0;0;0;0;1;1;1;1;0;0;0;0;0;0;0;0;0;0;0;0;0;0;0;0;0;0;0;0;0;0;0;0;0;0;0;0;0;0;0;0;0;0;0;0;1;1;1;1;1;1;1;1;1;1;1;1;1;0;0;1;0;0;0;0;0;0;0;0;0;0;0;0.0004;0.088;-0.0884;0;0;0;0;0;0;0;0;0;0;0;0;0;0;0;0;0;0;0;-13.67;0;0;0;0;0.0004;0;0;0;0;0;0;0;-0.0004;-0.0884;0;0;0;0;0;0;0;0;0;-0.7452;0;0.7452;1;1;0;0;0;0
14/02/21 06:00;10.95;-98.091;62.57;11.057;16.662;-90;-16.662;151.61;28.903;122.71;16.5;5.38;0;297.59;15.232;32.363;0;0.6365;345.83;0;345.83;297.59;32.363;15.232;0.6365;0.8605;0.0459;0;0.0018;345.04;0.7883;0;0;0.259;0.5292;327.92;16.429;14.302;1.5554;0.5471;0.0239;344.35;0.6901;0.5952;0.0647;0.0299;0.0002;327.94;282.7;30.743;14.396;0.0832;9.9945;7.9956;2.8482;0.0288;0.1334;1.9189;0.019;2.0236;0;1;0;0;2.2811;0.9977;1;1;0.983;0.1686;0.9523;0.9518;1;0.9634;0.777;0.998;0.998;1;0.998;0.998;0.9482;0.9451;0.1307;0.9842;0.9421;0.0057;0.013;0.0256;0.0063;0.0223;0.0003;0;0;0.088;0.7467;0;0;0;0;0;0;0;0;0;0;0;0;0.018;0.0024;0.8486;0.8486;0;32.61;32.61;16.11;0.0491;809.79;1047.9;1;0.0139;0.0139;0;0;0;0;0;0;0.8347;0.7467;0;16.215;18.777;14.268;16.522;98.364;98.364;8.2998;7.1564;6.2972;1.1434;0.8592;0.1378;0.1035;0.7587;9.3279;0.7556;0
14/02/21 07:00;23.178;-89.683;17.34;23.178;49.484;-90;-49.484;375.1;65.502;309.6;19.36;4.5499;0;750.87;23.655;89.307;0;13.141;876.97;0;876.97;750.87;89.307;23.655;13.141;0.8562;0.042;0;0.015;862.53;14.446;0;0;2.2412;12.205;859.55;1.2509;0.4488;0.0534;0.7077;0.0409;860.8;1.7251;1.5017;0.1786;0.0428;0.0019;859.95;748.92;89.075;20.663;0.8937;20.073;16.058;7.2551;2.0098;0.295;4.2441;0.3989;2.5293;0;1;0;0;2.338;0.9835;1;1;0.9053;0.0713;0.9985;0.9994;1;0.9669;0.9562;0.998;0.998;1;0.998;0.998;0.9801;0.8735;0.068;2.4958;2.4689;0.0149;-0.002;0.3268;0.0149;0.0529;0.0007;0;0;0.088;1.8843;0;0;0;0;0;0;0;0;0;0;0;0;0.0426;0.0143;2.004;2.004;0;62.471;62.471;43.111;0.0502;2132.3;939.82;1;0.0317;0.0317;0;0;0;0;0;0;1.9723;1.8843;0;15.1;17.485;14.198;16.441;98.419;98.419;21.047;16.9;15.89;4.1477;1.0092;0.1971;0.048;0.755;18.375;0.7523;0
14/02/21 08:00;35.389;-80.423;7.7953;35.769;54.231;-90;-54.231;596.1;98.402;497.7;21.2;3.2699;0;851.46;30.078;103.4;0;24.767;1009.7;0;1009.7;851.46;103.4;30.078;24.767;0.8433;0.0543;0;0.0245;983.37;26.33;0;0;3.2546;23.075;980.17;1.2362;0.2288;0.0278;0.9085;0.0711;981.4;1.9667;1.7029;0.2068;0.0536;0.0034;985.27;849.53;103.16;25.861;1.6167;190.89;152.71;58.92;3.5199;2.4472;35.202;5.099;34.13;0;1;0;0;1.6939;0.9739;1;1;0.8918;0.0683;0.9987;0.9997;1;0.9661;0.9579;0.998;0.998;1;0.998;0.998;0.9708;0.8598;0.0653;2.8735;2.8894;0.0174;0.0003;0.4669;0.0168;0.0597;0.0056;0;0;0.088;2.131;0;0;0;0;0;0;0;0;0;0;0;0;0.0481;0.0192;2.2555;2.2555;0;70.695;70.695;49.495;0.0505;2492.1;905.06;1;0.0365;0.0365;0;0;0;0;0;0;2.219;2.131;0;14.761;17.093;13.946;16.15;98.383;98.383;24.233;19.021;17.971;5.2119;1.0497;0.2151;0.0433;0.7416;24.541;0.7227;0
14/02/21 09:00;47.215;-68.899;14.155;49.19;40.81;-90;-40.81;784.7;129.2;655.5;22.99;2.4601;0;866.05;41.049;108.96;0;19.077;1035.1;0;1035.1;866.05;108.96;41.049;19.077;0.8367;0.0581;0;0.0184;1014.8;20.383;0;0;2.9361;17.447;1010.9;1.8462;0.4226;0.0532;1.2328;0.1376;1012.7;2.0295;1.7321;0.2179;0.0762;0.0033;1016.1;863.9;108.69;36.804;1.489;367.36;293.89;119.2;1.7958;4.0083;57.657;5.19;59.87;0;1;0;0;1.3191;0.9803;1;1;0.9285;0.0854;0.9982;0.9995;1;0.9676;0.9154;0.998;0.998;1;0.998;0.998;0.9766;0.8966;0.0781;2.9459;3.0226;0.0182;0.002;0.5261;0.0173;0.0615;0.009;0;0;0.088;2.1925;0;0;0;0;0;0;0;0;0;0;0;0;0.0495;0.0209;2.3181;2.3181;0;74.184;74.184;51.194;0.0506;2605.9;889.54;1;0.0376;0.0376;0;0;0;0;0;0;2.2805;2.1925;0;14.798;17.135;13.996;16.207;98.379;98.379;24.843;19.548;18.489;5.2949;1.0591;0.2131;0.0426;0.7442;29.441;0.7144;0
14/02/21 10:00;57.93;-52.341;18.929;63.617;26.383;-90;-26.383;922.89;152.1;770.8;23.69;2.04;0;860.41;50.452;110.37;0;9.6126;1030.8;0;1030.8;860.41;110.37;50.452;9.6126;0.8347;0.0583;0;0.0093;1020.8;10.06;0;0;1.8176;8.2428;1016.2;2.5059;0.5614;0.072;1.6054;0.267;1018.7;2.0416;1.7208;0.2207;0.0973;0.0027;1018.8;858.13;110.08;46.932;1.1;503.83;403.06;163.34;0.4904;5.3778;77.358;2.5241;82.246;0;1;0;0;1.117;0.9902;1;1;0.964;0.1425;0.9975;0.9993;1;0.9669;0.8047;0.998;0.998;1;0.998;0.998;0.9858;0.9302;0.1144;2.9337;3.0697;0.0185;0.0026;0.5455;0.0175;0.0621;0.012;0;0;0.088;2.2139;0;0;0;0;0;0;0;0;0;0;0;0;0.0501;0.0215;2.3399;2.3399;0;75.198;75.198;51.508;0.0507;2644.9;884.7;1;0.038;0.038;0;0;0;0;0;0;2.3019;2.2139;0;14.999;17.369;14.192;16.434;98.377;98.377;24.74;19.733;18.67;5.0076;1.0624;0.2024;0.0429;0.7547;32.475;0.7145;0
14/02/21 11:00;65.763;-25.748;21.7;78.934;11.066;-90;-11.066;1017.6;167.9;849.69;25.08;1.6601;0;865.79;55.567;113.93;0;1.892;1037.2;0;1037.2;865.79;113.93;55.567;1.892;0.8348;0.0554;0;0.0018;1035.1;2.045;0;0;0.4743;1.5707;1030.1;3.0162;0.6477;0.0852;2.2113;0.072;1033.1;2.0703;1.7316;0.2279;0.1102;0.0006;1030.4;863.41;113.62;52.771;0.2486;592.92;474.34;188.77;0.0242;6.5175;93.752;0.3842;100.25;0;1;0;0;1.0192;0.998;1;1;0.9915;0.1698;0.9971;0.9993;1;0.9598;0.7755;0.998;0.998;1;0.998;0.998;0.9931;0.9497;0.1314;2.9517;3.1359;0.0189;0.0037;0.5819;0.0177;0.0628;0.0144;0;0;0.088;2.2372;0;0;0;0;0;0;0;0;0;0;0;0;0.0506;0.0224;2.3635;2.3635;0;77.383;77.383;52.303;0.0508;2701.1;875;1;0.0383;0.0383;0;0;0;0;0;0;2.3252;2.2372;0;15.058;17.437;14.253;16.505;98.38;98.38;24.892;19.932;18.867;4.9607;1.0651;0.1993;0.0428;0.7579;33.4;0.7099;0
14/02/21 12:00;67.353;11.357;22.18;85.303;4.6971;90;4.6971;1050.8;173.4;877.4;25.43;1.3401;0;880.36;55.493;118.21;0;0.3529;1054.4;0;1054.4;880.36;118.21;55.493;0.3529;0.8349;0.053;0;0.0003;1054;0.4126;0;0;0.1184;0.2942;1048.7;3.1957;0.6731;0.0904;2.4192;0.0131;1051.9;2.108;1.7607;0.2364;0.1107;0.0001;1048.7;877.92;117.89;52.845;0.0455;618.44;494.76;198.22;0.0003;6.7105;96.527;0.0295;103.24;0;1;0;0;1.0034;0.9996;1;1;0.9979;0.1663;0.997;0.9992;1;0.9562;0.7767;0.998;0.998;1;0.998;0.998;0.9946;0.9523;0.1289;3.0008;3.1938;0.0192;0.0047;0.6082;0.0179;0.0636;0.0147;0;0;0.088;2.2641;0;0;0;0;0;0;0;0;0;0;0;0;0.0512;0.0232;2.3911;2.3911;0;78.74;78.74;53.31;0.0508;2729.5;875;1;0.0389;0.0389;0;0;0;0;0;0;2.3521;2.2641;0;14.985;17.352;14.189;16.431;98.371;98.371;25.306;20.164;19.094;5.1418;1.0705;0.2032;0.0423;0.7545;32.944;0.7061;0
14/02/21 13:00;61.613;43.096;20.314;69.735;20.265;90;20.265;430.41;391.8;38.606;26.36;1.5901;0;41.154;367.77;13.098;0;2.6642;424.68;0;424.68;41.154;13.098;367.77;2.6642;0.0969;0.8723;0;0.0063;413.74;10.938;0;0;8.7035;2.2344;400.44;12.479;0.0288;0.0092;12.346;0.0947;412.92;0.8275;0.0823;0.0262;0.7181;0.0009;401.12;41.042;13.063;346;0.3343;257.42;205.94;80.501;1.3774;3.013;43.341;0.6795;44.977;0;1;0;0;0.9867;0.9742;1;1;0.9763;0.1613;0.9698;0.9993;1;0.9655;0.7793;0.998;0.998;1;0.998;0.998;0.9429;0.9408;0.1255;1.2086;1.2344;0.0074;0.0088;0.0935;0.0079;0.0279;0.0075;0;0;0.088;0.9508;0;0;0;0;0;0;0;0;0;0;0;0;0.0225;0.0039;1.055;1.055;0;46.232;46.232;19.872;0.0496;1061;994.36;1;0.0162;0.0162;0;0;0;0;0;0;1.0388;0.9508;0;16.416;19.009;14.794;17.131;98.463;98.463;10.192;8.8969;8.018;1.2954;0.8789;0.1271;0.0862;0.7867;228.79;0.7308;0
14/02/21 14:00;51.756;63.028;16.306;54.914;35.086;90;35.086;924.4;152.5;771.89;27.61;2.2499;0;943.3;41.262;130.9;0;16.797;1132.3;0;1132.3;943.3;130.9;41.262;16.797;0.8331;0.0513;0;0.0148;1114.8;17.43;0;0;2.3451;15.085;1110.5;2.0981;0.5302;0.0736;1.2544;0.2399;1112.6;2.2297;1.8866;0.2618;0.0778;0.0034;1115.3;940.88;130.57;37.585;1.4686;466.5;373.2;152.13;1.0761;4.9618;71.374;4.754;75.259;0;1;0;0;1.2249;0.9846;1;1;0.9432;0.1019;0.9981;0.9994;1;0.9677;0.8596;0.998;0.998;1;0.998;0.998;0.9808;0.9109;0.0874;3.2223;3.3338;0.0201;0.0076;0.7022;0.0182;0.0646;0.0106;0;0;0.088;2.2859;0;0;0;0;0;0;0;0;0;0;0;0;0.0521;0.0252;2.4332;2.4133;0;84.327;84.327;56.717;0.0511;2758.1;875;1;0.0593;0.0395;0;0.0199;0;0;0;0;2.3739;2.2859;0;14.084;16.309;13.341;15.448;97.561;98.365;27.174;20.352;19.277;6.8223;1.0749;0.2511;0.0396;0.7094;28.232;0.6774;0
14/02/21 15:00;40.256;76.139;10.535;41.093;48.907;90;48.907;721.9;126.8;595.1;27.78;2.81;0;905.4;35.918;126.97;0;24.741;1093;0;1093;905.4;126.97;35.918;24.741;0.8283;0.0555;0;0.0226;1066.6;26.439;0;0;3.3568;23.082;1062.9;1.525;0.3288;0.0461;1.0734;0.0766;1064.5;2.1332;1.8108;0.2539;0.0651;0.0033;1068.6;903.26;126.67;31.423;1.5785;282.71;226.17;89.752;2.9315;3.3141;47.672;5.6793;48.054;0;1;0;0;1.5141;0.9758;1;1;0.9065;0.067;0.9986;0.9996;1;0.967;0.9537;0.998;0.998;1;0.998;0.998;0.9725;0.8748;0.0638;3.1107;3.1529;0.019;0.004;0.6378;0.0174;0.0619;0.0072;0;0;0.088;2.1985;0;0;0;0;0;0;0;0;0;0;0;0;0.0498;0.0227;2.3331;2.3239;0;81.958;81.958;54.178;0.051;2655.9;875;1;0.0466;0.0374;0;0.0092;0;0;0;0;2.2865;2.1985;0;14.049;16.269;13.291;15.391;98.004;98.392;26.233;19.598;18.54;6.6349;1.0573;0.2529;0.0403;0.7068;27.741;0.6844;0
14/02/21 16:00;28.145;86.094;3.8846;28.2;60;90;60;459.81;159.5;300.3;27.77;3.0101;0;635.18;65.198;153.49;0;22.99;876.86;0;876.86;635.18;153.49;65.198;22.99;0.7244;0.1006;0;0.0262;847.15;29.704;0;0;8.1965;21.508;843.24;2.2194;0.0851;0.0206;2.0128;0.1009;845.46;1.6943;1.2704;0.307;0.114;0.003;847.04;633.82;153.17;54.874;1.3789;106.04;84.832;37.06;10.906;1.6597;23.875;3.7978;14.629;0;1;0;0;1.907;0.9661;1;1;0.8743;0.0645;0.9974;0.9999;1;0.9646;0.9318;0.998;0.998;1;0.998;0.998;0.9617;0.8417;0.06;2.4955;2.4713;0.0149;-0.002;0.3978;0.0144;0.0512;0.0038;0;0;0.088;1.818;0;0;0;0;0;0;0;0;0;0;0;0;0.0412;0.0143;1.9358;1.9358;0;70.339;70.339;42.569;0.0505;2131.6;908.13;1;0.0298;0.0298;0;0;0;0;0;0;1.906;1.818;0;14.588;16.893;13.701;15.865;98.462;98.462;21.045;16.325;15.332;4.7197;0.9931;0.2243;0.0472;0.7285;56.759;0.714;0
14/02/21 17:00;15.889;94.724;48.395;15.941;25.825;90;25.825;221.99;145.7;76.294;27.63;2.33;0;185.03;110.85;70.373;0;2.217;368.48;0;368.48;185.03;70.373;110.85;2.217;0.5022;0.3069;0;0.006;362.7;5.7756;0;0;3.871;1.9046;355.37;6.6097;2.178;0.8284;3.5409;0.0624;361.98;0.7254;0.3701;0.1407;0.214;0.0006;355.71;182.49;69.404;103.23;0.2493;71.627;57.301;22.796;0.9949;0.8523;12.261;0.3394;12.118;0;1;0;0;1.6599;0.9843;1;1;0.9651;0.1409;0.9817;0.9882;1;0.9668;0.7997;0.998;0.998;1;0.998;0.998;0.9644;0.9312;0.1125;1.0487;1.0423;0.0063;0.0116;0.0757;0.0066;0.0236;0.0021;0;0;0.088;0.7926;0;0;0;0;0;0;0;0;0;0;0;0;0.019;0.0029;0.8945;0.8945;0;45.264;45.264;17.634;0.0496;897.72;996.42;1;0.0139;0.0139;0;0;0;0;0;0;0.8806;0.7926;0;16.041;18.575;14.214;16.459;98.445;98.445;8.8435;7.5435;6.6841;1.3;0.8594;0.147;0.0972;0.7558;71.111;0.7375;0
14/02/21 18:00;4.9762;102.22;77.856;5.0909;7.337;90;7.337;27.505;27;0.5044;27;2.4699;0;1.2234;26.778;0.2722;0;0.0225;28.296;0;28.296;1.2234;0.2722;26.778;0.0225;0.0432;0.9471;0;0.0008;28.161;0.135;0;0;0.1162;0.0188;26.598;1.5071;0.3087;0.0687;1.1289;0.0008;28.105;0.0563;0.0024;0.0005;0.0533;0;26.6;0.9122;0.2029;25.48;0.0029;15.964;12.771;4.8627;0.0022;0.1899;2.731;0.0028;2.9187;0;1;0;0;1.0288;0.9952;1;1;0.9957;0.1673;0.9464;0.7471;1;0.9576;0.7756;0.998;0.998;1;0.998;0.998;0.94;0.9515;0.1295;0.0805;0.0816;0.0005;0.0101;0.001;0.0005;0.0017;0.0004;0;0;0.088;-0.0255;0;0;0;0;0;0;0;0;0;0;0;0;0.0014;0.0001;0.0659;0.0659;0;28.337;28.337;1.3368;0.0503;68.165;966.49;1;0.0034;0.0034;0;0;0;0;0;0;0.0625;-0.0255;0;15.385;17.815;-5.9573;-6.8984;94.854;94.854;0.6791;0.5556;-0.2151;0.1235;0.7707;0.1819;1.1349;0;15.961;0;0
14/02/21 19:00;0;0;90;0;0;90;0;0;0;0;23.64;2.35;0;0;0;0;0;0;0;0;0;0;0;0;0;1;1;1;1;0;0;0;0;0;0;0;0;0;0;0;0;0;0;0;0;0;0;0;0;0;0;0;0;0;0;0;0;0;0;0;0;0;0;0;1;1;1;1;1;1;1;1;1;1;1;1;1;1;1;1;1;1;1;0;0;0;0;0;0;0;0;0;0.0004;0.088;-0.0884;0;0;0;0;0;0;0;0;0;0;0;0;0;0;0;0;0;0;0;-23.64;0;0;0;0;0.0004;0;0;0;0;0;0;0;-0.0004;-0.0884;0;0;0;0;0;0;0;0;0;-0.7452;0;0.7452;1;1;0;0;0;0
14/02/21 20:00;0;0;90;0;0;90;0;0;0;0;22.11;1.7599;0;0;0;0;0;0;0;0;0;0;0;0;0;1;1;1;1;0;0;0;0;0;0;0;0;0;0;0;0;0;0;0;0;0;0;0;0;0;0;0;0;0;0;0;0;0;0;0;0;0;0;0;1;1;1;1;1;1;1;1;1;1;1;1;1;1;1;1;1;1;1;0;0;0;0;0;0;0;0;0;0.0004;0.088;-0.0884;0;0;0;0;0;0;0;0;0;0;0;0;0;0;0;0;0;0;0;-22.11;0;0;0;0;0.0004;0;0;0;0;0;0;0;-0.0004;-0.0884;0;0;0;0;0;0;0;0;0;-0.7452;0;0.7452;1;1;0;0;0;0
14/02/21 21:00;0;0;90;0;0;90;0;0;0;0;19.6;1.9001;0;0;0;0;0;0;0;0;0;0;0;0;0;1;1;1;1;0;0;0;0;0;0;0;0;0;0;0;0;0;0;0;0;0;0;0;0;0;0;0;0;0;0;0;0;0;0;0;0;0;0;0;1;1;1;1;1;1;1;1;1;1;1;1;1;1;1;1;1;1;1;0;0;0;0;0;0;0;0;0;0.0004;0.088;-0.0884;0;0;0;0;0;0;0;0;0;0;0;0;0;0;0;0;0;0;0;-19.6;0;0;0;0;0.0004;0;0;0;0;0;0;0;-0.0004;-0.0884;0;0;0;0;0;0;0;0;0;-0.7452;0;0.7452;1;1;0;0;0;0
14/02/21 22:00;0;0;90;0;0;90;0;0;0;0;19;3.06;0;0;0;0;0;0;0;0;0;0;0;0;0;1;1;1;1;0;0;0;0;0;0;0;0;0;0;0;0;0;0;0;0;0;0;0;0;0;0;0;0;0;0;0;0;0;0;0;0;0;0;0;1;1;1;1;1;1;1;1;1;1;1;1;1;1;1;1;1;1;1;0;0;0;0;0;0;0;0;0;0.0004;0.088;-0.0884;0;0;0;0;0;0;0;0;0;0;0;0;0;0;0;0;0;0;0;-19;0;0;0;0;0.0004;0;0;0;0;0;0;0;-0.0004;-0.0884;0;0;0;0;0;0;0;0;0;-0.7452;0;0.7452;1;1;0;0;0;0
14/02/21 23:00;0;0;90;0;0;90;0;0;0;0;18.74;4.27;0;0;0;0;0;0;0;0;0;0;0;0;0;1;1;1;1;0;0;0;0;0;0;0;0;0;0;0;0;0;0;0;0;0;0;0;0;0;0;0;0;0;0;0;0;0;0;0;0;0;0;0;1;1;1;1;1;1;1;1;1;1;1;1;1;1;1;1;1;1;1;0;0;0;0;0;0;0;0;0;0.0004;0.088;-0.0884;0;0;0;0;0;0;0;0;0;0;0;0;0;0;0;0;0;0;0;-18.74;0;0;0;0;0.0004;0;0;0;0;0;0;0;-0.0004;-0.0884;0;0;0;0;0;0;0;0;0;-0.7452;0;0.7452;1;1;0;0;0;0
15/02/21 00:00;0;0;90;0;0;90;0;0;0;0;17.89;4.6101;0;0;0;0;0;0;0;0;0;0;0;0;0;1;1;1;1;0;0;0;0;0;0;0;0;0;0;0;0;0;0;0;0;0;0;0;0;0;0;0;0;0;0;0;0;0;0;0;0;0;0;0;1;1;1;1;1;1;1;1;1;1;1;1;1;1;1;1;1;1;1;0;0;0;0;0;0;0;0;0;0.0004;0.088;-0.0884;0;0;0;0;0;0;0;0;0;0;0;0;0;0;0;0;0;0;0;-17.89;0;0;0;0;0.0004;0;0;0;0;0;0;0;-0.0004;-0.0884;0;0;0;0;0;0;0;0;0;-0.7452;0;0.7452;1;1;0;0;0;0
15/02/21 01:00;0;0;90;0;0;90;0;0;0;0;17.35;4.33;0;0;0;0;0;0;0;0;0;0;0;0;0;1;1;1;1;0;0;0;0;0;0;0;0;0;0;0;0;0;0;0;0;0;0;0;0;0;0;0;0;0;0;0;0;0;0;0;0;0;0;0;1;1;1;1;1;1;1;1;1;1;1;1;1;1;1;1;1;1;1;0;0;0;0;0;0;0;0;0;0.0004;0.088;-0.0884;0;0;0;0;0;0;0;0;0;0;0;0;0;0;0;0;0;0;0;-17.35;0;0;0;0;0.0004;0;0;0;0;0;0;0;-0.0004;-0.0884;0;0;0;0;0;0;0;0;0;-0.7452;0;0.7452;1;1;0;0;0;0
15/02/21 02:00;0;0;90;0;0;90;0;0;0;0;16.7;3.85;0;0;0;0;0;0;0;0;0;0;0;0;0;1;1;1;1;0;0;0;0;0;0;0;0;0;0;0;0;0;0;0;0;0;0;0;0;0;0;0;0;0;0;0;0;0;0;0;0;0;0;0;1;1;1;1;1;1;1;1;1;1;1;1;1;1;1;1;1;1;1;0;0;0;0;0;0;0;0;0;0.0004;0.088;-0.0884;0;0;0;0;0;0;0;0;0;0;0;0;0;0;0;0;0;0;0;-16.7;0;0;0;0;0.0004;0;0;0;0;0;0;0;-0.0004;-0.0884;0;0;0;0;0;0;0;0;0;-0.7452;0;0.7452;1;1;0;0;0;0
15/02/21 03:00;0;0;90;0;0;90;0;0;0;0;16.05;3.3301;0;0;0;0;0;0;0;0;0;0;0;0;0;1;1;1;1;0;0;0;0;0;0;0;0;0;0;0;0;0;0;0;0;0;0;0;0;0;0;0;0;0;0;0;0;0;0;0;0;0;0;0;1;1;1;1;1;1;1;1;1;1;1;1;1;1;1;1;1;1;1;0;0;0;0;0;0;0;0;0;0.0004;0.088;-0.0884;0;0;0;0;0;0;0;0;0;0;0;0;0;0;0;0;0;0;0;-16.05;0;0;0;0;0.0004;0;0;0;0;0;0;0;-0.0004;-0.0884;0;0;0;0;0;0;0;0;0;-0.7452;0;0.7452;1;1;0;0;0;0
15/02/21 04:00;0;0;90;0;0;90;0;0;0;0;15.07;2.8799;0;0;0;0;0;0;0;0;0;0;0;0;0;1;1;1;1;0;0;0;0;0;0;0;0;0;0;0;0;0;0;0;0;0;0;0;0;0;0;0;0;0;0;0;0;0;0;0;0;0;0;0;1;1;1;1;1;1;1;1;1;1;1;1;1;1;1;1;1;1;1;0;0;0;0;0;0;0;0;0;0.0004;0.088;-0.0884;0;0;0;0;0;0;0;0;0;0;0;0;0;0;0;0;0;0;0;-15.07;0;0;0;0;0.0004;0;0;0;0;0;0;0;-0.0004;-0.0884;0;0;0;0;0;0;0;0;0;-0.7452;0;0.7452;1;1;0;0;0;0
15/02/21 05:00;2.329;-103.67;84.344;2.3968;3.4244;-90;-3.4244;2.8911;2.8911;0;13.56;3.3401;0;0;2.8885;0;0;0.0005;2.8891;2.8891;0;0;0;0;0;1;1;1;1;0;0;0;0;0;0;0;0;0;0;0;0;0;0;0;0;0;0;0;0;0;0;0;0;0;0;0;0;0;0;0;0;0;0;0;0;1;1;1;1;1;1;1;1;1;1;1;1;1;0;0;1;0;0;0;0;0;0;0;0;0;0;0;0.0004;0.088;-0.0884;0;0;0;0;0;0;0;0;0;0;0;0;0;0;0;0;0;0;0;-13.56;0;0;0;0;0.0004;0;0;0;0;0;0;0;-0.0004;-0.0884;0;0;0;0;0;0;0;0;0;-0.7452;0;0.7452;1;1;0;0;0;0
15/02/21 06:00;10.763;-97.797;63.07;10.861;16.332;-90;-16.332;153.89;26.102;127.79;15.72;3.9199;0;309.93;13.063;30.972;0;0.621;354.59;0;354.59;309.93;30.972;13.063;0.621;0.8741;0.0386;0;0.0018;353.85;0.731;0;0;0.2148;0.5162;335.4;17.745;15.682;1.5672;0.4722;0.0233;353.15;0.7077;0.6199;0.0619;0.0257;0.0002;335.41;293.63;29.343;12.35;0.0812;8.6778;6.9422;2.7995;0.023;0.0945;1.359;0.0124;1.4304;0;1;0;0;2.3041;0.9979;1;1;0.9836;0.1688;0.9498;0.9493;1;0.9632;0.7768;0.998;0.998;1;0.998;0.998;0.9459;0.9454;0.1308;1.0091;0.9624;0.0058;0.0127;0.0247;0.0064;0.0228;0.0002;0;0;0.088;0.7666;0;0;0;0;0;0;0;0;0;0;0;0;0.0184;0.0025;0.8688;0.8688;0;32.189;32.189;16.469;0.0491;827.24;1050.3;1;0.0142;0.0142;0;0;0;0;0;0;0.8546;0.7666;0;16.192;18.749;14.287;16.544;98.363;98.363;8.5101;7.3271;6.465;1.183;0.862;0.139;0.1013;0.7597;7.9891;0.7575;0
15/02/21 07:00;22.995;-89.366;18.658;22.996;48.354;-90;-48.354;378.99;63.4;315.59;19.27;3.2601;0;765.4;22.289;88.809;0;12.714;889.21;0;889.21;765.4;88.809;22.289;12.714;0.8608;0.0394;0;0.0143;875.37;13.835;0;0;2.0422;11.793;872.37;1.2585;0.4923;0.0571;0.6662;0.043;873.62;1.7507;1.5308;0.1776;0.0405;0.0018;872.97;763.37;88.574;19.541;0.8766;18.849;15.079;5.5591;1.7483;0.3495;5.0277;0.6063;3.6289;0;1;0;0;2.3463;0.9844;1;1;0.9084;0.0725;0.9986;0.9994;1;0.967;0.9533;0.998;0.998;1;0.998;0.998;0.9811;0.8767;0.0689;2.5306;2.5077;0.0151;-0.002;0.337;0.0151;0.0536;0.0008;0;0;0.088;1.9102;0;0;0;0;0;0;0;0;0;0;0;0;0.0431;0.0147;2.0303;2.0303;0;63.044;63.044;43.774;0.0502;2165.5;937.57;1;0.0321;0.0321;0;0;0;0;0;0;1.9982;1.9102;0;15.088;17.471;14.195;16.437;98.418;98.418;21.341;17.122;16.109;4.2194;1.013;0.1977;0.0475;0.7548;17.124;0.7516;0
15/02/21 08:00;35.2;-80.071;8.0996;35.608;54.392;-90;-54.392;600.71;98.901;501.81;21.28;2.65;0;861.86;29.545;105.72;0;25.095;1022.2;0;1022.2;861.86;105.72;29.545;25.095;0.8431;0.0535;0;0.0245;995.63;26.593;0;0;3.2107;23.383;992.4;1.2355;0.2406;0.0295;0.8928;0.0725;993.64;1.9913;1.7237;0.2114;0.0527;0.0034;997.34;859.9;105.48;25.389;1.6367;190.51;152.41;60.049;3.4939;2.36;33.947;4.9409;32.814;0;1;0;0;1.7017;0.974;1;1;0.8913;0.0682;0.9988;0.9997;1;0.966;0.9576;0.998;0.998;1;0.998;0.998;0.9708;0.8593;0.0652;2.9092;2.9215;0.0176;0.0007;0.4796;0.017;0.0602;0.0053;0;0;0.088;2.1482;0;0;0;0;0;0;0;0;0;0;0;0;0.0485;0.0196;2.273;2.273;0;71.423;71.423;50.143;0.0505;2520.2;901.95;1;0.0368;0.0368;0;0;0;0;0;0;2.2362;2.1482;0;14.694;17.015;13.887;16.081;98.38;98.38;24.533;19.169;18.116;5.3645;1.0526;0.2187;0.0429;0.7384;24.148;0.7205;0
15/02/21 09:00;47.005;-68.499;14.474;49.059;40.941;-90;-40.941;790.19;130.4;659.8;22.16;2.4799;0;873.46;40.636;111.33;0;19.329;1044.8;0;1044.8;873.46;111.33;40.636;19.329;0.836;0.0574;0;0.0185;1024.1;20.604;0;0;2.9203;17.684;1020.3;1.849;0.4358;0.0555;1.2201;0.1375;1022.1;2.0483;1.7469;0.2227;0.0754;0.0033;1025.5;871.27;111.05;36.42;1.5048;369.01;295.21;119.7;1.7975;4.0278;57.938;5.2533;60.168;0;1;0;0;1.3221;0.9803;1;1;0.9281;0.0851;0.9982;0.9995;1;0.9676;0.9163;0.998;0.998;1;0.998;0.998;0.9765;0.8963;0.0779;2.9733;3.0501;0.0184;0.0024;0.5267;0.0175;0.0621;0.009;0;0;0.088;2.2165;0;0;0;0;0;0;0;0;0;0;0;0;0.05;0.0213;2.3427;2.3427;0;73.813;73.813;51.653;0.0506;2629.6;890.92;1;0.0382;0.0382;0;0;0;0;0;0;2.3045;2.2165;0;14.818;17.158;14.019;16.234;98.37;98.37;25.074;19.757;18.692;5.3176;1.0642;0.2121;0.0424;0.7455;29.178;0.7158;0
15/02/21 10:00;57.676;-51.907;19.262;63.527;26.473;-90;-26.473;929.91;153.4;776.5;23.47;2.51;0;867.46;49.863;112.58;0;9.7504;1039.7;0;1039.7;867.46;112.58;49.863;9.7504;0.8344;0.0573;0;0.0094;1029.5;10.171;0;0;1.8061;8.3644;1024.9;2.506;0.576;0.0748;1.5857;0.2696;1027.4;2.059;1.7349;0.2252;0.0961;0.0028;1027.5;865.15;112.28;46.375;1.1136;507.28;405.83;164.49;0.4905;5.4126;77.858;2.5624;82.78;0;1;0;0;1.118;0.9902;1;1;0.9638;0.1421;0.9976;0.9993;1;0.9669;0.8051;0.998;0.998;1;0.998;0.998;0.9858;0.9301;0.1142;2.9588;3.0957;0.0186;0.0031;0.5525;0.0177;0.0626;0.012;0;0;0.088;2.2305;0;0;0;0;0;0;0;0;0;0;0;0;0.0504;0.0219;2.3569;2.3569;0;75.429;75.429;51.959;0.0507;2667.1;883.67;1;0.0384;0.0384;0;0;0;0;0;0;2.3185;2.2305;0;14.98;17.346;14.177;16.417;98.373;98.373;24.952;19.876;18.81;5.0761;1.0656;0.2034;0.0427;0.7539;32.113;0.7138;0
15/02/21 11:00;65.445;-25.434;22.042;78.898;11.102;-90;-11.102;1011.4;166.9;844.51;24.39;2.58;0;860.61;55.585;112.9;0;1.8926;1031;0;1031;860.61;112.9;55.585;1.8926;0.8347;0.0557;0;0.0018;1028.9;2.0482;0;0;0.477;1.5712;1023.9;3.0224;0.6539;0.0858;2.2106;0.072;1026.9;2.0579;1.7212;0.2258;0.1102;0.0006;1024.2;858.24;112.59;52.787;0.2487;589.27;471.42;187.61;0.0245;6.4774;93.175;0.3849;99.628;0;1;0;0;1.0194;0.998;1;1;0.9914;0.1698;0.9971;0.9992;1;0.9598;0.7755;0.998;0.998;1;0.998;0.998;0.9931;0.9497;0.1314;2.9341;3.1171;0.0188;0.0034;0.5665;0.0177;0.0628;0.0144;0;0;0.088;2.2345;0;0;0;0;0;0;0;0;0;0;0;0;0.0506;0.0221;2.3609;2.3609;0;76.333;76.333;51.943;0.0507;2684.2;879.54;1;0.0383;0.0383;0;0;0;0;0;0;2.3225;2.2345;0;15.132;17.522;14.322;16.584;98.376;98.376;24.744;19.909;18.844;4.8344;1.0655;0.1954;0.0431;0.7616;33.414;0.7133;0
15/02/21 12:00;67.013;11.227;22.523;85.279;4.7213;90;4.7213;1019.5;167.9;851.59;25.54;2.5401;0;854.49;56.763;111.42;0;0.3459;1023;0;1023;854.49;111.42;56.763;0.3459;0.8353;0.0558;0;0.0003;1022.6;0.4104;0;0;0.122;0.2884;1017.3;3.2366;0.6634;0.0865;2.4738;0.0128;1020.6;2.0452;1.709;0.2228;0.1133;0.0001;1017.4;852.12;111.11;54.054;0.0446;600.01;480.01;192.28;0.0003;6.5124;93.678;0.0292;100.19;0;1;0;0;1.0035;0.9996;1;1;0.9979;0.1663;0.9968;0.9992;1;0.9562;0.7767;0.998;0.998;1;0.998;0.998;0.9944;0.9523;0.1289;2.9114;3.0984;0.0187;0.0031;0.5729;0.0175;0.0622;0.0144;0;0;0.088;2.212;0;0;0;0;0;0;0;0;0;0;0;0;0.0501;0.0219;2.3377;2.3377;0;77.188;77.188;51.648;0.0508;2668.1;876.17;1;0.0377;0.0377;0;0;0;0;0;0;2.3;2.212;0;15.1;17.485;14.288;16.545;98.386;98.386;24.552;19.714;18.654;4.8384;1.0603;0.1971;0.0432;0.7598;33.698;0.711;0
15/02/21 13:00;61.327;42.696;20.649;69.654;20.346;90;20.346;961.71;162.8;798.91;26.61;2.3701;0;852.07;55.044;113.04;0;6.0002;1026.1;0;1026.1;852.07;113.04;55.044;6.0002;0.8304;0.0595;0;0.0058;1019.8;6.3447;0;0;1.311;5.0337;1015;2.7459;0.6065;0.0805;1.8463;0.2127;1017.8;2.0396;1.7041;0.2261;0.1075;0.0019;1016.5;849.76;112.73;51.779;0.7519;543.16;434.53;176.13;0.2106;5.7745;83.064;1.4703;88.628;0;1;0;0;1.067;0.9938;1;1;0.9762;0.1611;0.9973;0.9993;1;0.9656;0.7795;0.998;0.998;1;0.998;0.998;0.9892;0.9407;0.1253;2.9203;3.0746;0.0185;0.0027;0.5799;0.0173;0.0614;0.0127;0;0;0.088;2.186;0;0;0;0;0;0;0;0;0;0;0;0;0.0495;0.0216;2.3111;2.3111;0;78.183;78.183;51.573;0.0508;2639.9;875;1;0.0371;0.0371;0;0;0;0;0;0;2.274;2.186;0;14.882;17.233;14.077;16.301;98.395;98.395;24.628;19.49;18.435;5.138;1.0548;0.2086;0.0428;0.7485;34.256;0.7058;0
15/02/21 14:00;51.523;62.621;16.627;54.787;35.213;90;35.213;848;154.4;693.6;27.53;2.1599;0;848.94;51.419;119.7;0;15.517;1035.6;0;1035.6;848.94;119.7;51.419;15.517;0.8198;0.0646;0;0.015;1018.7;16.883;0;0;2.939;13.944;1014.3;2.3365;0.4866;0.0686;1.5626;0.2187;1016.7;2.0374;1.6979;0.2394;0.097;0.0031;1018.7;846.76;119.4;46.821;1.3514;429.18;343.34;140;1.3564;4.5861;65.969;4.4098;69.198;0;1;0;0;1.2212;0.9837;1;1;0.9428;0.1014;0.9977;0.9994;1;0.9677;0.8607;0.998;0.998;1;0.998;0.998;0.9795;0.9106;0.0871;2.9472;3.0468;0.0183;0.0023;0.5851;0.0171;0.0606;0.01;0;0;0.088;2.1589;0;0;0;0;0;0;0;0;0;0;0;0;0.0488;0.0212;2.2833;2.2833;0;79.107;79.107;51.577;0.0508;2606.3;875;1;0.0364;0.0364;0;0;0;0;0;0;2.2469;2.1589;0;14.57;16.871;13.776;15.952;98.404;98.404;24.854;19.255;18.206;5.5986;1.0494;0.2253;0.0422;0.7325;35.216;0.6992;0
15/02/21 15:00;40.051;75.778;10.84;40.932;49.068;90;49.068;675.6;150.7;524.9;27.67;1.86;0;801.18;51.981;134.15;0;23.297;1010.6;0;1010.6;801.18;134.15;51.981;23.297;0.7928;0.0745;0;0.0231;983.99;26.621;0;0;4.8812;21.74;980.04;1.9745;0.2994;0.0501;1.5537;0.0713;982.02;1.968;1.6024;0.2683;0.0942;0.0031;985.52;799.28;133.83;45.452;1.4832;269.23;215.39;85.846;4.2878;3.2291;46.449;5.4791;45.391;0;1;0;0;1.4959;0.9737;1;1;0.9061;0.0669;0.998;0.9996;1;0.9669;0.9541;0.998;0.998;1;0.998;0.998;0.9698;0.8744;0.0637;2.8761;2.9127;0.0175;0.0006;0.5422;0.0165;0.0584;0.0071;0;0;0.088;2.0812;0;0;0;0;0;0;0;0;0;0;0;0;0.047;0.0195;2.2038;2.2038;0;77.434;77.434;49.764;0.0508;2512.5;877.14;1;0.0346;0.0346;0;0;0;0;0;0;2.1692;2.0812;0;14.41;16.686;13.608;15.758;98.428;98.428;24.255;18.585;17.551;5.6693;1.0342;0.2337;0.0426;0.7236;40.21;0.6995;0
15/02/21 16:00;27.952;85.773;4.2271;28.016;60;90;60;454.9;160.6;294.3;28;1.33;0;626.17;66.379;153.39;0;22.745;868.68;0;868.68;626.17;153.39;66.379;22.745;0.7208;0.1026;0;0.0262;839.06;29.623;0;0;8.3451;21.278;835.12;2.2627;0.0912;0.0224;2.0493;0.0998;837.38;1.6781;1.2523;0.3068;0.1161;0.0029;838.7;624.83;153.06;55.869;1.3642;104.33;83.463;37.273;11.103;1.6045;23.081;3.5793;13.582;0;1;0;0;1.9096;0.9659;1;1;0.8743;0.0645;0.9973;0.9999;1;0.9646;0.9318;0.998;0.998;1;0.998;0.998;0.9614;0.8417;0.06;2.4722;2.4458;0.0147;-0.002;0.3921;0.0143;0.0507;0.0037;0;0;0.088;1.8001;0;0;0;0;0;0;0;0;0;0;0;0;0.0408;0.014;1.9176;1.9176;0;70.153;70.153;42.153;0.0505;2110;908.82;1;0.0294;0.0294;0;0;0;0;0;0;1.8881;1.8001;0;14.587;16.891;13.693;15.857;98.465;98.465;20.848;16.171;15.181;4.6771;0.9904;0.2243;0.0475;0.7282;57.787;0.714;0
15/02/21 17:00;15.696;94.429;48.997;15.74;25.401;90;25.401;221.5;143.4;78.1;27.32;0.9;0;189.41;108.3;71.785;0;2.1414;371.64;0;371.64;189.41;71.785;108.3;2.1414;0.5097;0.2972;0;0.0058;366.12;5.5191;0;0;3.683;1.836;358.69;6.6984;2.2961;0.8702;3.4706;0.0616;365.39;0.7322;0.3788;0.1436;0.2092;0.0006;359.01;186.74;70.771;100.94;0.2431;69.824;55.859;22.193;0.917;0.8294;11.93;0.3178;11.843;0;1;0;0;1.6778;0.9851;1;1;0.966;0.1426;0.9817;0.9879;1;0.9668;0.7978;0.998;0.998;1;0.998;0.998;0.9652;0.932;0.1135;1.0577;1.0511;0.0063;0.0115;0.0758;0.0067;0.0238;0.0021;0;0;0.088;0.8008;0;0;0;0;0;0;0;0;0;0;0;0;0.0191;0.0029;0.9029;0.9029;0;45.116;45.116;17.796;0.0496;905.32;997.3;1;0.014;0.014;0;0;0;0;0;0;0.8888;0.8008;0;16.053;18.59;14.239;16.489;98.445;98.445;8.9195;7.6141;6.7535;1.3054;0.8605;0.1464;0.0965;0.7572;69.297;0.7394;0
15/02/21 18:00;4.7748;101.94;78.353;4.8798;7.0263;90;7.0263;15.491;15.399;0.0917;25.34;1.8;0;0.2225;15.329;0.0294;0;0.0116;15.593;0;15.593;0.2225;0.0294;15.329;0.0116;0.0143;0.9838;0;0.0007;15.521;0.0717;0;0;0.062;0.0097;14.773;0.7166;0.0593;0.0078;0.649;0.0004;15.49;0.031;0.0004;0.0001;0.0305;0;14.775;0.1627;0.0215;14.588;0.0015;9.1322;7.3057;2.7808;0.001;0.1087;1.5629;0.0014;1.6706;0;1;0;0;1.0066;0.9954;1;1;0.996;0.1672;0.9537;0.7328;1;0.9574;0.7757;0.998;0.998;1;0.998;0.998;0.9475;0.9516;0.1295;0.0444;0.0454;0.0003;0.0075;0.0002;0.0003;0.0009;0.0002;0;0;0.088;-0.0554;0;0;0;0;0;0;0;0;0;0;0;0;0.0007;0;0.0353;0.0353;0;26.088;26.088;0.7483;0.0506;37.167;948.76;1;0.0027;0.0027;0;0;0;0;0;0;0.0326;-0.0554;0;14.944;17.304;-23.485;-27.195;92.397;92.397;0.3742;0.2974;-0.4673;0.0769;0.7647;0.2054;2.0435;0;9.1317;0;0
15/02/21 19:00;0;0;90;0;0;90;0;0;0;0;22.22;3.8;0;0;0;0;0;0;0;0;0;0;0;0;0;1;1;1;1;0;0;0;0;0;0;0;0;0;0;0;0;0;0;0;0;0;0;0;0;0;0;0;0;0;0;0;0;0;0;0;0;0;0;0;1;1;1;1;1;1;1;1;1;1;1;1;1;1;1;1;1;1;1;0;0;0;0;0;0;0;0;0;0.0004;0.088;-0.0884;0;0;0;0;0;0;0;0;0;0;0;0;0;0;0;0;0;0;0;-22.22;0;0;0;0;0.0004;0;0;0;0;0;0;0;-0.0004;-0.0884;0;0;0;0;0;0;0;0;0;-0.7452;0;0.7452;1;1;0;0;0;0
15/02/21 20:00;0;0;90;0;0;90;0;0;0;0;20.9;4.57;0;0;0;0;0;0;0;0;0;0;0;0;0;1;1;1;1;0;0;0;0;0;0;0;0;0;0;0;0;0;0;0;0;0;0;0;0;0;0;0;0;0;0;0;0;0;0;0;0;0;0;0;1;1;1;1;1;1;1;1;1;1;1;1;1;1;1;1;1;1;1;0;0;0;0;0;0;0;0;0;0.0004;0.088;-0.0884;0;0;0;0;0;0;0;0;0;0;0;0;0;0;0;0;0;0;0;-20.9;0;0;0;0;0.0004;0;0;0;0;0;0;0;-0.0004;-0.0884;0;0;0;0;0;0;0;0;0;-0.7452;0;0.7452;1;1;0;0;0;0
15/02/21 21:00;0;0;90;0;0;90;0;0;0;0;19.88;4.72;0;0;0;0;0;0;0;0;0;0;0;0;0;1;1;1;1;0;0;0;0;0;0;0;0;0;0;0;0;0;0;0;0;0;0;0;0;0;0;0;0;0;0;0;0;0;0;0;0;0;0;0;1;1;1;1;1;1;1;1;1;1;1;1;1;1;1;1;1;1;1;0;0;0;0;0;0;0;0;0;0.0004;0.088;-0.0884;0;0;0;0;0;0;0;0;0;0;0;0;0;0;0;0;0;0;0;-19.88;0;0;0;0;0.0004;0;0;0;0;0;0;0;-0.0004;-0.0884;0;0;0;0;0;0;0;0;0;-0.7452;0;0.7452;1;1;0;0;0;0
15/02/21 22:00;0;0;90;0;0;90;0;0;0;0;19.02;4.5301;0;0;0;0;0;0;0;0;0;0;0;0;0;1;1;1;1;0;0;0;0;0;0;0;0;0;0;0;0;0;0;0;0;0;0;0;0;0;0;0;0;0;0;0;0;0;0;0;0;0;0;0;1;1;1;1;1;1;1;1;1;1;1;1;1;1;1;1;1;1;1;0;0;0;0;0;0;0;0;0;0.0004;0.088;-0.0884;0;0;0;0;0;0;0;0;0;0;0;0;0;0;0;0;0;0;0;-19.02;0;0;0;0;0.0004;0;0;0;0;0;0;0;-0.0004;-0.0884;0;0;0;0;0;0;0;0;0;-0.7452;0;0.7452;1;1;0;0;0;0
15/02/21 23:00;0;0;90;0;0;90;0;0;0;0;18.14;4.1401;0;0;0;0;0;0;0;0;0;0;0;0;0;1;1;1;1;0;0;0;0;0;0;0;0;0;0;0;0;0;0;0;0;0;0;0;0;0;0;0;0;0;0;0;0;0;0;0;0;0;0;0;1;1;1;1;1;1;1;1;1;1;1;1;1;1;1;1;1;1;1;0;0;0;0;0;0;0;0;0;0.0004;0.088;-0.0884;0;0;0;0;0;0;0;0;0;0;0;0;0;0;0;0;0;0;0;-18.14;0;0;0;0;0.0004;0;0;0;0;0;0;0;-0.0004;-0.0884;0;0;0;0;0;0;0;0;0;-0.7452;0;0.7452;1;1;0;0;0;0
16/02/21 00:00;0;0;90;0;0;90;0;0;0;0;16.62;3.8399;0;0;0;0;0;0;0;0;0;0;0;0;0;1;1;1;1;0;0;0;0;0;0;0;0;0;0;0;0;0;0;0;0;0;0;0;0;0;0;0;0;0;0;0;0;0;0;0;0;0;0;0;1;1;1;1;1;1;1;1;1;1;1;1;1;1;1;1;1;1;1;0;0;0;0;0;0;0;0;0;0.0004;0.088;-0.0884;0;0;0;0;0;0;0;0;0;0;0;0;0;0;0;0;0;0;0;-16.62;0;0;0;0;0.0004;0;0;0;0;0;0;0;-0.0004;-0.0884;0;0;0;0;0;0;0;0;0;-0.7452;0;0.7452;1;1;0;0;0;0
16/02/21 01:00;0;0;90;0;0;90;0;0;0;0;16.67;3.63;0;0;0;0;0;0;0;0;0;0;0;0;0;1;1;1;1;0;0;0;0;0;0;0;0;0;0;0;0;0;0;0;0;0;0;0;0;0;0;0;0;0;0;0;0;0;0;0;0;0;0;0;1;1;1;1;1;1;1;1;1;1;1;1;1;1;1;1;1;1;1;0;0;0;0;0;0;0;0;0;0.0004;0.088;-0.0884;0;0;0;0;0;0;0;0;0;0;0;0;0;0;0;0;0;0;0;-16.67;0;0;0;0;0.0004;0;0;0;0;0;0;0;-0.0004;-0.0884;0;0;0;0;0;0;0;0;0;-0.7452;0;0.7452;1;1;0;0;0;0
16/02/21 02:00;0;0;90;0;0;90;0;0;0;0;17.08;3.45;0;0;0;0;0;0;0;0;0;0;0;0;0;1;1;1;1;0;0;0;0;0;0;0;0;0;0;0;0;0;0;0;0;0;0;0;0;0;0;0;0;0;0;0;0;0;0;0;0;0;0;0;1;1;1;1;1;1;1;1;1;1;1;1;1;1;1;1;1;1;1;0;0;0;0;0;0;0;0;0;0.0004;0.088;-0.0884;0;0;0;0;0;0;0;0;0;0;0;0;0;0;0;0;0;0;0;-17.08;0;0;0;0;0.0004;0;0;0;0;0;0;0;-0.0004;-0.0884;0;0;0;0;0;0;0;0;0;-0.7452;0;0.7452;1;1;0;0;0;0
16/02/21 03:00;0;0;90;0;0;90;0;0;0;0;16.45;3.3401;0;0;0;0;0;0;0;0;0;0;0;0;0;1;1;1;1;0;0;0;0;0;0;0;0;0;0;0;0;0;0;0;0;0;0;0;0;0;0;0;0;0;0;0;0;0;0;0;0;0;0;0;1;1;1;1;1;1;1;1;1;1;1;1;1;1;1;1;1;1;1;0;0;0;0;0;0;0;0;0;0.0004;0.088;-0.0884;0;0;0;0;0;0;0;0;0;0;0;0;0;0;0;0;0;0;0;-16.45;0;0;0;0;0.0004;0;0;0;0;0;0;0;-0.0004;-0.0884;0;0;0;0;0;0;0;0;0;-0.7452;0;0.7452;1;1;0;0;0;0
16/02/21 04:00;0;0;90;0;0;90;0;0;0;0;15.04;3.31;0;0;0;0;0;0;0;0;0;0;0;0;0;1;1;1;1;0;0;0;0;0;0;0;0;0;0;0;0;0;0;0;0;0;0;0;0;0;0;0;0;0;0;0;0;0;0;0;0;0;0;0;1;1;1;1;1;1;1;1;1;1;1;1;1;1;1;1;1;1;1;0;0;0;0;0;0;0;0;0;0.0004;0.088;-0.0884;0;0;0;0;0;0;0;0;0;0;0;0;0;0;0;0;0;0;0;-15.04;0;0;0;0;0.0004;0;0;0;0;0;0;0;-0.0004;-0.0884;0;0;0;0;0;0;0;0;0;-0.7452;0;0.7452;1;1;0;0;0;0
16/02/21 05:00;2.3337;-103.24;84.332;2.3973;3.4252;-90;-3.4252;1.6995;1.6995;0;13.95;4.09;0;0;1.698;0;0;0.0003;1.6983;1.6983;0;0;0;0;0;1;1;1;1;0;0;0;0;0;0;0;0;0;0;0;0;0;0;0;0;0;0;0;0;0;0;0;0;0;0;0;0;0;0;0;0;0;0;0;0;1;1;1;1;1;1;1;1;1;1;1;1;1;0;0;1;0;0;0;0;0;0;0;0;0;0;0;0.0004;0.088;-0.0884;0;0;0;0;0;0;0;0;0;0;0;0;0;0;0;0;0;0;0;-13.95;0;0;0;0;0.0004;0;0;0;0;0;0;0;-0.0004;-0.0884;0;0;0;0;0;0;0;0;0;-0.7452;0;0.7452;1;1;0;0;0;0
16/02/21 06:00;10.577;-97.5;63.566;10.666;16.005;-90;-16.005;153.99;25.397;128.59;16.24;5.8999;0;311.88;12.425;30.864;0;0.5969;355.76;0;355.76;311.88;30.864;12.425;0.5969;0.8766;0.0366;0;0.0017;355.07;0.6936;0;0;0.1975;0.4961;335.62;18.742;16.622;1.645;0.452;0.0225;354.36;0.7101;0.6238;0.0617;0.0245;0.0002;335.63;294.63;29.158;11.751;0.0782;8.282;6.6256;2.2579;0.0204;0.117;1.6825;0.0152;1.779;0;1;0;0;2.3103;0.9981;1;1;0.9841;0.1689;0.9471;0.9466;1;0.963;0.7767;0.998;0.998;1;0.998;0.998;0.9434;0.9458;0.1309;1.0125;0.9636;0.0058;0.0127;0.0265;0.0064;0.0228;0.0003;0;0;0.088;0.766;0;0;0;0;0;0;0;0;0;0;0;0;0.0184;0.0025;0.8682;0.8682;0;32.727;32.727;16.487;0.0491;828.45;1048;1;0.0142;0.0142;0;0;0;0;0;0;0.854;0.766;0;16.126;18.674;14.228;16.476;98.367;98.367;8.5383;7.3217;6.46;1.2166;0.8617;0.1425;0.1009;0.7566;7.5895;0.7539;0
16/02/21 07:00;22.813;-89.046;19.892;22.816;47.311;-90;-47.311;370.49;63.699;306.79;18.75;6.59;0;744.06;23.198;87.431;0;11.929;866.62;0;866.62;744.06;87.431;23.198;11.929;0.8586;0.0405;0;0.0138;853.51;13.108;0;0;2.0591;11.049;850.5;1.3072;0.5102;0.06;0.6929;0.0441;851.81;1.707;1.4881;0.1749;0.0423;0.0018;850.84;742.06;87.196;20.404;0.834;19.323;15.458;6.933;1.6871;0.2712;3.9015;0.3461;2.4857;0;1;0;0;2.3391;0.9849;1;1;0.9112;0.0738;0.9985;0.9993;1;0.9672;0.9498;0.998;0.998;1;0.998;0.998;0.9814;0.8795;0.0699;2.4663;2.4422;0.0147;-0.002;0.3136;0.0148;0.0525;0.0006;0;0;0.088;1.8721;0;0;0;0;0;0;0;0;0;0;0;0;0.0423;0.014;1.9916;1.9916;0;61.369;61.369;42.619;0.0501;2109.4;944.18;1;0.0315;0.0315;0;0;0;0;0;0;1.9601;1.8721;0;15.186;17.585;14.275;16.53;98.417;98.417;20.799;16.795;15.787;4.0034;1.008;0.1925;0.0485;0.7591;17.643;0.7565;0
16/02/21 08:00;35.011;-79.716;8.4083;35.448;54.552;-90;-54.552;598.79;98.702;500.09;22;5.5799;0;862.28;29.362;106.1;0;25.152;1022.9;0;1022.9;862.28;106.1;29.362;25.152;0.843;0.0533;0;0.0246;996.26;26.64;0;0;3.2044;23.436;993.02;1.2415;0.2499;0.0308;0.8877;0.0731;994.26;1.9925;1.7246;0.2122;0.0523;0.0034;997.97;860.31;105.86;25.218;1.639;188.34;150.67;59.151;3.5083;2.3504;33.81;4.9509;32.652;0;1;0;0;1.7083;0.974;1;1;0.8909;0.0682;0.9988;0.9997;1;0.966;0.9573;0.998;0.998;1;0.998;0.998;0.9708;0.8588;0.0652;2.9111;2.923;0.0176;0.0007;0.4882;0.0169;0.06;0.0053;0;0;0.088;2.1418;0;0;0;0;0;0;0;0;0;0;0;0;0.0483;0.0196;2.2663;2.2663;0;72.206;72.206;50.206;0.0506;2521.7;898.73;1;0.0366;0.0366;0;0;0;0;0;0;2.2298;2.1418;0;14.641;16.954;13.836;16.022;98.386;98.386;24.55;19.112;18.062;5.4372;1.0506;0.2215;0.0428;0.7357;24.04;0.718;0
16/02/21 09:00;46.794;-68.096;14.797;48.929;41.071;-90;-41.071;810.61;133.8;676.81;24.53;4.3001;0;897.75;39.41;117.86;0;19.949;1075;0;1075;897.75;117.86;39.41;19.949;0.8351;0.0552;0;0.0186;1053.9;21.102;0;0;2.8454;18.257;1049.9;1.8411;0.4579;0.0601;1.183;0.14;1051.8;2.1077;1.7955;0.2357;0.0731;0.0034;1055.3;895.5;117.57;35.308;1.5492;377.29;301.83;122.34;1.7626;4.1163;59.211;5.4122;61.565;0;1;0;0;1.3261;0.9804;1;1;0.9278;0.0848;0.9982;0.9995;1;0.9676;0.9171;0.998;0.998;1;0.998;0.998;0.9767;0.8959;0.0777;3.0593;3.138;0.0189;0.0038;0.5878;0.0177;0.0627;0.0091;0;0;0.088;2.2387;0;0;0;0;0;0;0;0;0;0;0;0;0.0505;0.0225;2.3651;2.3651;0;77.864;77.864;53.334;0.0508;2702.9;875;1;0.0383;0.0383;0;0;0;0;0;0;2.3267;2.2387;0;14.538;16.835;13.762;15.936;98.379;98.379;25.799;19.945;18.879;5.8545;1.0654;0.2269;0.0413;0.7318;28.328;0.7028;0
16/02/21 10:00;57.42;-51.469;19.599;63.44;26.56;-90;-26.56;946.9;156.2;790.7;25.87;3.3401;0;883.99;48.658;117.2;0;9.9932;1059.8;0;1059.8;883.99;117.2;48.658;9.9932;0.8341;0.0553;0;0.0094;1049.5;10.348;0;0;1.7718;8.5762;1044.9;2.4978;0.5972;0.0792;1.5464;0.275;1047.4;2.099;1.768;0.2344;0.0938;0.0028;1047.5;881.63;116.89;45.246;1.1391;516.09;412.87;167.38;0.4843;5.5034;79.165;2.628;84.184;0;1;0;0;1.1193;0.9902;1;1;0.9636;0.1418;0.9976;0.9993;1;0.967;0.8055;0.998;0.998;1;0.998;0.998;0.9859;0.9299;0.114;3.0162;3.1556;0.019;0.0041;0.6041;0.0177;0.0628;0.012;0;0;0.088;2.2364;0;0;0;0;0;0;0;0;0;0;0;0;0.0506;0.0227;2.3627;2.3627;0;78.998;78.998;53.128;0.0508;2696.9;875;1;0.0383;0.0383;0;0;0;0;0;0;2.3244;2.2364;0;14.731;17.058;13.944;16.147;98.38;98.38;25.436;19.925;18.86;5.5111;1.065;0.2167;0.0419;0.7415;31.354;0.7022;0
16/02/21 11:00;65.124;-25.118;22.388;78.865;11.135;-90;-11.135;1005.8;166;839.8;27.52;2.81;0;855.91;55.568;112.01;0;1.8933;1025.4;0;1025.4;855.91;112.01;55.568;1.8933;0.8347;0.056;0;0.0018;1023.3;2.051;0;0;0.4793;1.5717;1018.3;3.0278;0.6605;0.0864;2.2087;0.0721;1021.3;2.0467;1.7118;0.224;0.1102;0.0006;1018.6;853.54;111.7;52.769;0.2488;585.97;468.77;186.56;0.0247;6.4411;92.652;0.3855;99.069;0;1;0;0;1.0195;0.998;1;1;0.9914;0.1698;0.997;0.9992;1;0.9598;0.7755;0.998;0.998;1;0.998;0.998;0.9931;0.9496;0.1314;2.9182;3.1;0.0187;0.0031;0.5973;0.0174;0.0616;0.0141;0;0;0.088;2.1912;0;0;0;0;0;0;0;0;0;0;0;0;0.0496;0.0219;2.3164;2.3164;0;79.305;79.305;51.785;0.0509;2643.1;875;1;0.0372;0.0372;0;0;0;0;0;0;2.2792;2.1912;0;14.928;17.286;14.121;16.352;98.394;98.394;24.609;19.534;18.479;5.0747;1.0559;0.2062;0.0429;0.7509;33.407;0.7033;0
16/02/21 12:00;66.669;11.106;22.869;85.251;4.7492;90;4.7492;1091.3;180.1;911.2;27.89;2.51;0;914.34;52.185;128.27;0;0.3747;1095.2;0;1095.2;914.34;128.27;52.185;0.3747;0.8349;0.048;0;0.0003;1094.7;0.4256;0;0;0.1132;0.3124;1089.4;3.1094;0.7208;0.1011;2.2736;0.0139;1092.5;2.1895;1.8287;0.2565;0.1041;0.0001;1089.5;911.79;127.91;49.694;0.0483;642.22;513.78;205.9;0.0003;6.9647;100.18;0.0321;107.15;0;1;0;0;1.0035;0.9996;1;1;0.9978;0.1663;0.9972;0.9992;1;0.9563;0.7767;0.998;0.998;1;0.998;0.998;0.9948;0.9523;0.1289;3.1168;3.3177;0.02;0.0072;0.6888;0.0182;0.0646;0.0149;0;0;0.088;2.2845;0;0;0;0;0;0;0;0;0;0;0;0;0.052;0.0249;2.4271;2.412;0;83.492;83.492;55.601;0.051;2756.5;875;1;0.0546;0.0394;0;0.0151;0;0;0;0;2.3725;2.2845;0;14.553;16.852;13.784;15.962;97.752;98.365;26.284;20.34;19.266;5.9435;1.0746;0.2261;0.0409;0.733;30.982;0.686;0
16/02/21 13:00;61.036;42.304;20.986;69.568;20.432;90;20.432;1067.8;176.2;891.6;28.07;2.33;0;951.46;46.271;137.04;0;6.7176;1141.5;0;1141.5;951.46;137.04;46.271;6.7176;0.8335;0.0464;0;0.0059;1134.7;6.7469;0;0;1.1095;5.6374;1129.9;2.5755;0.6883;0.0991;1.5506;0.2374;1132.5;2.2695;1.9029;0.2741;0.0903;0.0022;1131.5;948.87;136.67;43.52;0.8406;602.22;481.77;195.44;0.1802;6.3889;91.902;1.6463;98.11;0;1;0;0;1.069;0.9941;1;1;0.976;0.1608;0.9977;0.9993;1;0.9656;0.7798;0.998;0.998;1;0.998;0.998;0.9898;0.9406;0.1251;3.2486;3.4215;0.0206;0.0096;0.7393;0.0186;0.0658;0.0135;0;0;0.088;2.3121;0;0;0;0;0;0;0;0;0;0;0;0;0.053;0.0264;2.4746;2.4402;0;85.852;85.852;57.782;0.0511;2788.8;875;1;0.0745;0.0401;0;0.0344;0;0;0;0;2.4001;2.3121;0;14.126;16.358;13.385;15.499;96.99;98.357;27.396;20.579;19.499;6.8171;1.0801;0.2488;0.0394;0.7117;28.809;0.6713;0
16/02/21 14:00;51.284;62.218;16.95;54.655;35.345;90;35.345;899.51;148.6;750.91;28.93;2.2399;0;920.59;42.045;125.4;0;16.579;1104.6;0;1104.6;920.59;125.4;42.045;16.579;0.8334;0.0531;0;0.015;1087.3;17.325;0;0;2.4173;14.907;1083;2.1188;0.5379;0.0733;1.2771;0.2305;1085.1;2.1746;1.8412;0.2508;0.0793;0.0033;1087.6;918.21;125.07;38.271;1.4381;452.85;362.28;149.28;1.1244;4.7182;67.87;4.5876;71.463;0;1;0;0;1.228;0.9843;1;1;0.9425;0.1008;0.998;0.9994;1;0.9677;0.8618;0.998;0.998;1;0.998;0.998;0.9804;0.9102;0.0867;3.1436;3.2476;0.0196;0.0058;0.6836;0.0178;0.063;0.0101;0;0;0.088;2.2291;0;0;0;0;0;0;0;0;0;0;0;0;0.0508;0.0239;2.3731;2.3552;0;84.236;84.236;55.306;0.0511;2691.6;875;1;0.0561;0.0381;0;0.018;0;0;0;0;2.3171;2.2291;0;14.089;16.315;13.335;15.441;97.638;98.382;26.511;19.861;18.798;6.6492;1.0635;0.2508;0.0401;0.7091;28.826;0.6779;0
16/02/21 15:00;39.841;75.417;11.147;40.766;49.234;90;49.234;266.8;255.8;11.003;28.72;2.26;0;16.85;208.82;4.812;0;9.2587;239.74;0;239.74;16.85;4.812;208.82;9.2587;0.0703;0.9096;0;0.0386;211.39;28.346;0;0;19.705;8.6412;204.69;6.2789;0.0065;0.0018;6.2426;0.028;210.97;0.4228;0.0337;0.0096;0.3782;0.0012;208.27;16.81;4.8005;182.49;0.5882;167.05;133.64;58.209;17.406;2.6406;37.985;3.5754;23.219;0;1;0;0;0.8986;0.8818;1;1;0.9056;0.0667;0.9702;0.9996;1;0.9669;0.9545;0.998;0.998;1;0.998;0.998;0.8538;0.8739;0.0635;0.6823;0.6719;0.004;0.0161;0.0337;0.0043;0.0153;0.0066;0;0;0.088;0.4804;0;0;0;0;0;0;0;0;0;0;0;0;0.0124;0.0013;0.5781;0.5781;0;38.865;38.865;10.145;0.0496;574.63;1006;1;0.0097;0.0097;0;0;0;0;0;0;0.5684;0.4804;0;15.934;18.451;13.241;15.333;98.322;98.322;5.7538;4.8752;4.0513;0.8786;0.8239;0.1527;0.1432;0.7041;161.8;0.6294;0
16/02/21 16:00;27.753;85.451;4.5729;27.828;60;90;60;222.11;208.2;13.909;28.46;2.0799;0;29.774;152.81;9.5212;0;11.105;203.21;0;203.21;29.774;9.5212;152.81;11.105;0.1465;0.8066;0;0.0546;173.61;29.601;0;0;19.211;10.389;168.49;4.7727;0.0047;0.0015;4.7178;0.0487;173.27;0.3472;0.0595;0.019;0.2672;0.0014;172.97;29.71;9.5007;128.62;0.6661;135.27;108.21;49.592;25.55;2.7231;39.171;4.479;16.343;0;1;0;0;0.9149;0.8543;1;1;0.8743;0.0645;0.9725;0.9998;1;0.9646;0.9318;0.998;0.998;1;0.998;0.998;0.8291;0.8417;0.06;0.5783;0.5733;0.0035;0.0169;0.0246;0.0037;0.0131;0.0069;0;0;0.088;0.3964;0;0;0;0;0;0;0;0;0;0;0;0;0.0106;0.001;0.4932;0.4932;0;36.81;36.81;8.3503;0.0496;489.04;1008.6;1;0.0088;0.0088;0;0;0;0;0;0;0.4844;0.3964;0;16.038;18.572;12.891;14.928;98.221;98.221;4.8771;4.1594;3.3433;0.7178;0.8161;0.1472;0.1673;0.6855;133.03;0.599;0
16/02/21 17:00;15.497;94.133;49.608;15.536;24.975;90;24.975;114.2;110.6;3.5972;28.35;1.7401;0;8.7242;104.42;2.5829;0;1.0678;116.79;0;116.79;8.7242;2.5829;104.42;1.0678;0.0747;0.9032;0;0.0091;112.42;4.3694;0;0;3.4556;0.9137;108.67;3.5298;0.1089;0.0322;3.3573;0.0314;112.2;0.2248;0.0174;0.0052;0.2019;0.0003;108.96;8.5979;2.5455;97.401;0.1224;66.662;53.33;21.055;0.8324;0.7976;11.474;0.2938;11.439;0;1;0;0;1.0227;0.9626;1;1;0.9669;0.1443;0.9685;0.9875;1;0.9667;0.796;0.998;0.998;1;0.998;0.998;0.9304;0.9328;0.1146;0.3324;0.3347;0.002;0.0168;0.0107;0.0021;0.0076;0.002;0;0;0.088;0.1923;0;0;0;0;0;0;0;0;0;0;0;0;0.0061;0.0004;0.2869;0.2869;0;33.744;33.744;5.3939;0.0496;285.43;1005.1;1;0.0066;0.0066;0;0;0;0;0;0;0.2803;0.1923;0;16.232;18.796;10.883;12.602;97.717;97.717;2.803;2.4194;1.622;0.3836;0.7974;0.1368;0.2845;0.5787;66.639;0.539;0
16/02/21 18:00;4.769;101.52;78.368;4.8665;7.0067;90;7.0067;8.2045;8.202;0.0025;26.07;2.9401;0;0.0062;8.1712;0.0004;0;0.0061;8.1839;0;8.1839;0.0062;0.0004;8.1712;0.0061;0.0008;0.9992;0;0.0007;8.1459;0.038;0;0;0.0329;0.0051;7.7816;0.348;0.0017;0.0001;0.346;0.0002;8.1296;0.0163;0;0;0.0163;0;7.7823;0.0045;0.0003;7.776;0.0008;4.8674;3.8939;1.4821;0.0005;0.0579;0.8331;0.0007;0.8905;0;1;0;0;0.9975;0.9954;1;1;0.996;0.1672;0.9572;0.7324;1;0.9574;0.7757;0.998;0.998;1;0.998;0.998;0.9508;0.9516;0.1295;0.0233;0.0239;0.0001;0.0053;0.0001;0.0001;0.0005;0.0001;0;0;0.088;-0.073;0;0;0;0;0;0;0;0;0;0;0;0;0.0004;0;0.0172;0.0172;0;26.47;26.47;0.3996;0.0514;18.868;914.02;1;0.0023;0.0023;0;0;0;0;0;0;0.015;-0.073;0;13.925;16.125;-58.965;-68.28;86.817;86.817;0.1964;0.1454;-0.6159;0.051;0.7613;0.2595;3.8759;0;4.8674;0;0
16/02/21 19:00;0;0;90;0;0;90;0;0;0;0;23.66;4.9201;0;0;0;0;0;0;0;0;0;0;0;0;0;1;1;1;1;0;0;0;0;0;0;0;0;0;0;0;0;0;0;0;0;0;0;0;0;0;0;0;0;0;0;0;0;0;0;0;0;0;0;0;1;1;1;1;1;1;1;1;1;1;1;1;1;1;1;1;1;1;1;0;0;0;0;0;0;0;0;0;0.0004;0.088;-0.0884;0;0;0;0;0;0;0;0;0;0;0;0;0;0;0;0;0;0;0;-23.66;0;0;0;0;0.0004;0;0;0;0;0;0;0;-0.0004;-0.0884;0;0;0;0;0;0;0;0;0;-0.7452;0;0.7452;1;1;0;0;0;0
16/02/21 20:00;0;0;90;0;0;90;0;0;0;0;22.62;6.11;0;0;0;0;0;0;0;0;0;0;0;0;0;1;1;1;1;0;0;0;0;0;0;0;0;0;0;0;0;0;0;0;0;0;0;0;0;0;0;0;0;0;0;0;0;0;0;0;0;0;0;0;1;1;1;1;1;1;1;1;1;1;1;1;1;1;1;1;1;1;1;0;0;0;0;0;0;0;0;0;0.0004;0.088;-0.0884;0;0;0;0;0;0;0;0;0;0;0;0;0;0;0;0;0;0;0;-22.62;0;0;0;0;0.0004;0;0;0;0;0;0;0;-0.0004;-0.0884;0;0;0;0;0;0;0;0;0;-0.7452;0;0.7452;1;1;0;0;0;0
16/02/21 21:00;0;0;90;0;0;90;0;0;0;0;21.87;6.6701;0;0;0;0;0;0;0;0;0;0;0;0;0;1;1;1;1;0;0;0;0;0;0;0;0;0;0;0;0;0;0;0;0;0;0;0;0;0;0;0;0;0;0;0;0;0;0;0;0;0;0;0;1;1;1;1;1;1;1;1;1;1;1;1;1;1;1;1;1;1;1;0;0;0;0;0;0;0;0;0;0.0004;0.088;-0.0884;0;0;0;0;0;0;0;0;0;0;0;0;0;0;0;0;0;0;0;-21.87;0;0;0;0;0.0004;0;0;0;0;0;0;0;-0.0004;-0.0884;0;0;0;0;0;0;0;0;0;-0.7452;0;0.7452;1;1;0;0;0;0
16/02/21 22:00;0;0;90;0;0;90;0;0;0;0;20.73;6.6899;0;0;0;0;0;0;0;0;0;0;0;0;0;1;1;1;1;0;0;0;0;0;0;0;0;0;0;0;0;0;0;0;0;0;0;0;0;0;0;0;0;0;0;0;0;0;0;0;0;0;0;0;1;1;1;1;1;1;1;1;1;1;1;1;1;1;1;1;1;1;1;0;0;0;0;0;0;0;0;0;0.0004;0.088;-0.0884;0;0;0;0;0;0;0;0;0;0;0;0;0;0;0;0;0;0;0;-20.73;0;0;0;0;0.0004;0;0;0;0;0;0;0;-0.0004;-0.0884;0;0;0;0;0;0;0;0;0;-0.7452;0;0.7452;1;1;0;0;0;0
16/02/21 23:00;0;0;90;0;0;90;0;0;0;0;19.6;6.35;0;0;0;0;0;0;0;0;0;0;0;0;0;1;1;1;1;0;0;0;0;0;0;0;0;0;0;0;0;0;0;0;0;0;0;0;0;0;0;0;0;0;0;0;0;0;0;0;0;0;0;0;1;1;1;1;1;1;1;1;1;1;1;1;1;1;1;1;1;1;1;0;0;0;0;0;0;0;0;0;0.0004;0.088;-0.0884;0;0;0;0;0;0;0;0;0;0;0;0;0;0;0;0;0;0;0;-19.6;0;0;0;0;0.0004;0;0;0;0;0;0;0;-0.0004;-0.0884;0;0;0;0;0;0;0;0;0;-0.7452;0;0.7452;1;1;0;0;0;0
17/02/21 00:00;0;0;90;0;0;90;0;0;0;0;19.07;5.6599;0;0;0;0;0;0;0;0;0;0;0;0;0;1;1;1;1;0;0;0;0;0;0;0;0;0;0;0;0;0;0;0;0;0;0;0;0;0;0;0;0;0;0;0;0;0;0;0;0;0;0;0;1;1;1;1;1;1;1;1;1;1;1;1;1;1;1;1;1;1;1;0;0;0;0;0;0;0;0;0;0.0004;0.088;-0.0884;0;0;0;0;0;0;0;0;0;0;0;0;0;0;0;0;0;0;0;-19.07;0;0;0;0;0.0004;0;0;0;0;0;0;0;-0.0004;-0.0884;0;0;0;0;0;0;0;0;0;-0.7452;0;0.7452;1;1;0;0;0;0
17/02/21 01:00;0;0;90;0;0;90;0;0;0;0;18.21;5.23;0;0;0;0;0;0;0;0;0;0;0;0;0;1;1;1;1;0;0;0;0;0;0;0;0;0;0;0;0;0;0;0;0;0;0;0;0;0;0;0;0;0;0;0;0;0;0;0;0;0;0;0;1;1;1;1;1;1;1;1;1;1;1;1;1;1;1;1;1;1;1;0;0;0;0;0;0;0;0;0;0.0004;0.088;-0.0884;0;0;0;0;0;0;0;0;0;0;0;0;0;0;0;0;0;0;0;-18.21;0;0;0;0;0.0004;0;0;0;0;0;0;0;-0.0004;-0.0884;0;0;0;0;0;0;0;0;0;-0.7452;0;0.7452;1;1;0;0;0;0
17/02/21 02:00;0;0;90;0;0;90;0;0;0;0;18.1;5.15;0;0;0;0;0;0;0;0;0;0;0;0;0;1;1;1;1;0;0;0;0;0;0;0;0;0;0;0;0;0;0;0;0;0;0;0;0;0;0;0;0;0;0;0;0;0;0;0;0;0;0;0;1;1;1;1;1;1;1;1;1;1;1;1;1;1;1;1;1;1;1;0;0;0;0;0;0;0;0;0;0.0004;0.088;-0.0884;0;0;0;0;0;0;0;0;0;0;0;0;0;0;0;0;0;0;0;-18.1;0;0;0;0;0.0004;0;0;0;0;0;0;0;-0.0004;-0.0884;0;0;0;0;0;0;0;0;0;-0.7452;0;0.7452;1;1;0;0;0;0
17/02/21 03:00;0;0;90;0;0;90;0;0;0;0;18;5.13;0;0;0;0;0;0;0;0;0;0;0;0;0;1;1;1;1;0;0;0;0;0;0;0;0;0;0;0;0;0;0;0;0;0;0;0;0;0;0;0;0;0;0;0;0;0;0;0;0;0;0;0;1;1;1;1;1;1;1;1;1;1;1;1;1;1;1;1;1;1;1;0;0;0;0;0;0;0;0;0;0.0004;0.088;-0.0884;0;0;0;0;0;0;0;0;0;0;0;0;0;0;0;0;0;0;0;-18;0;0;0;0;0.0004;0;0;0;0;0;0;0;-0.0004;-0.0884;0;0;0;0;0;0;0;0;0;-0.7452;0;0.7452;1;1;0;0;0;0
17/02/21 04:00;0;0;90;0;0;90;0;0;0;0;17.75;5.28;0;0;0;0;0;0;0;0;0;0;0;0;0;1;1;1;1;0;0;0;0;0;0;0;0;0;0;0;0;0;0;0;0;0;0;0;0;0;0;0;0;0;0;0;0;0;0;0;0;0;0;0;1;1;1;1;1;1;1;1;1;1;1;1;1;1;1;1;1;1;1;0;0;0;0;0;0;0;0;0;0.0004;0.088;-0.0884;0;0;0;0;0;0;0;0;0;0;0;0;0;0;0;0;0;0;0;-17.75;0;0;0;0;0.0004;0;0;0;0;0;0;0;-0.0004;-0.0884;0;0;0;0;0;0;0;0;0;-0.7452;0;0.7452;1;1;0;0;0;0
17/02/21 05:00;2.1403;-102.95;84.803;2.1961;3.1364;-90;-3.1364;1.3088;1.2969;0.0119;17.5;5.94;0;0.0288;1.2957;0.0007;0;0.0002;1.3254;1.3254;0;0.0288;0;0;0;1;1;1;1;0;0;0;0;0;0;0;0;0;0;0;0;0;0;0;0;0;0;0;0;0;0;0;0;0;0;0;0;0;0;0;0;0;0;0;0;1;1;1;1;1;1;1;1;1;1;1;0;1;0;0;1;0;0;0;0;0;0;0;0;0;0;0;0.0004;0.088;-0.0884;0;0;0;0;0;0;0;0;0;0;0;0;0;0;0;0;0;0;0;-17.5;0;0;0;0;0.0004;0;0;0;0;0;0;0;-0.0004;-0.0884;0;0;0;0;0;0;0;0;0;-0.7452;0;0.7452;1;1;0;0;0;0
17/02/21 06:00;10.391;-97.198;64.06;10.472;15.683;-90;-15.683;88.296;64.597;23.7;18.98;6.3701;0;57.478;57.434;14.73;0;0.3287;129.97;0;129.97;57.478;14.73;57.434;0.3287;0.4422;0.4444;0;0.0025;128.82;1.1551;0;0;0.882;0.2731;122.39;6.1696;3.2279;0.8272;2.1022;0.0124;128.56;0.2576;0.115;0.0295;0.1131;0.0001;122.44;54.135;13.873;54.337;0.0431;35.185;28.148;10.863;0.0871;0.4143;5.96;0.0493;6.2872;0;1;0;0;1.472;0.9911;1;1;0.9846;0.1691;0.952;0.9437;1;0.9628;0.7765;0.998;0.998;1;0.998;0.998;0.9417;0.9461;0.131;0.3699;0.3622;0.0022;0.017;0;0.0024;0.0085;0.0011;0;0;0.088;0.2283;0;0;0;0;0;0;0;0;0;0;0;0;0.0069;0.0005;0.3237;0.3237;0;25.003;25.003;6.0231;0.0492;309.43;1046.1;1;0.0073;0.0073;0;0;0;0;0;0;0.3163;0.2283;0;16.457;19.057;11.609;13.443;97.73;97.73;3.1193;2.7297;1.9256;0.3896;0.8041;0.1249;0.2578;0.6173;35.039;0.5968;0
17/02/21 07:00;22.631;-88.721;21.057;22.636;46.339;-90;-46.339;385.69;63.599;322.09;21.08;6.1;0;781.16;21.559;92.383;0;11.941;907.05;0;907.05;781.16;92.383;21.559;11.941;0.8612;0.0369;0;0.0132;894.15;12.901;0;0;1.8567;11.045;891.03;1.3263;0.567;0.0671;0.6439;0.0484;892.36;1.7883;1.5623;0.1848;0.0394;0.0018;891.45;779.03;92.131;19.019;0.8466;18.011;14.409;5.8428;1.4597;0.2858;4.1105;0.4187;2.9365;0;1;0;0;2.3517;0.9858;1;1;0.9139;0.0751;0.9985;0.9993;1;0.9673;0.9459;0.998;0.998;1;0.998;0.998;0.9823;0.8822;0.0709;2.5814;2.5588;0.0154;-0.0018;0.3701;0.0152;0.054;0.0007;0;0;0.088;1.9263;0;0;0;0;0;0;0;0;0;0;0;0;0.0435;0.0153;2.0465;2.0465;0;65.895;65.895;44.815;0.0503;2209;926.45;1;0.0322;0.0322;0;0;0;0;0;0;2.0143;1.9263;0;14.909;17.264;14.033;16.25;98.426;98.426;21.769;17.258;16.245;4.5108;1.0137;0.2072;0.0466;0.7462;16.246;0.7437;0
17/02/21 08:00;34.821;-79.356;8.7213;35.289;54.711;-90;-54.711;588.91;96.999;491.91;22.98;5.31;0;851.5;29.353;103.5;0;24.87;1009.2;0;1009.2;851.5;103.5;29.353;24.87;0.8437;0.0537;0;0.0246;982.83;26.391;0;0;3.217;23.174;979.62;1.2477;0.256;0.0311;0.8879;0.0727;980.86;1.9657;1.703;0.207;0.0523;0.0034;984.52;849.54;103.26;25.195;1.6193;183.94;147.15;57.579;3.5432;2.3155;33.307;4.9015;32.079;0;1;0;0;1.7137;0.9738;1;1;0.8904;0.0682;0.9987;0.9997;1;0.966;0.957;0.998;0.998;1;0.998;0.998;0.9707;0.8584;0.0651;2.8722;2.8835;0.0174;0.0002;0.4851;0.0167;0.0591;0.0052;0;0;0.088;2.1093;0;0;0;0;0;0;0;0;0;0;0;0;0.0476;0.0191;2.233;2.233;0;72.521;72.521;49.541;0.0506;2487.7;897.64;1;0.0358;0.0358;0;0;0;0;0;0;2.1973;2.1093;0;14.621;16.931;13.811;15.992;98.398;98.398;24.221;18.832;17.788;5.3898;1.0438;0.2225;0.0431;0.7344;24.074;0.7167;0
17/02/21 09:00;46.582;-67.69;15.125;48.8;41.2;-90;-41.2;700.71;151.8;548.91;23.97;4.4699;0;729.53;61.087;109.09;0;17.348;917.05;0;917.05;729.53;109.09;61.087;17.348;0.7955;0.0855;0;0.0189;896.74;20.312;0;0;4.4308;15.881;892.55;2.3906;0.3804;0.0569;1.8333;0.1202;894.94;1.7935;1.4591;0.2182;0.1133;0.0029;897.33;727.69;108.81;54.71;1.3438;330.86;264.69;107.55;2.7581;3.6717;52.816;4.778;53.729;0;1;0;0;1.3088;0.9779;1;1;0.9275;0.0846;0.9973;0.9995;1;0.9676;0.9179;0.998;0.998;1;0.998;0.998;0.9733;0.8956;0.0775;2.6098;2.6731;0.0161;-0.0014;0.4161;0.0157;0.0557;0.0084;0;0;0.088;1.9803;0;0;0;0;0;0;0;0;0;0;0;0;0.0448;0.0165;2.1012;2.1012;0;68.976;68.976;45.006;0.0504;2302.1;912.75;1;0.033;0.033;0;0;0;0;0;0;2.0683;1.9803;0;15.141;17.533;14.269;16.523;98.431;98.431;22.009;17.72;16.7;4.2891;1.0202;0.1949;0.0464;0.7588;43.959;0.7274;0
17/02/21 10:00;57.163;-51.03;19.94;63.354;26.646;-90;-26.646;912.11;150.2;761.91;24.99;3.71;0;852.44;49.944;109.04;0;9.6871;1021.1;0;1021.1;852.44;109.04;49.944;9.6871;0.8348;0.0584;0;0.0095;1011;10.145;0;0;1.828;8.3169;1006.4;2.5125;0.5859;0.0749;1.5863;0.2653;1008.9;2.0219;1.7049;0.2181;0.0962;0.0027;1009;850.15;108.74;46.434;1.1021;497.07;397.65;161.22;0.5026;5.3023;76.271;2.5511;81.071;0;1;0;0;1.1195;0.9901;1;1;0.9634;0.1414;0.9975;0.9993;1;0.967;0.806;0.998;0.998;1;0.998;0.998;0.9856;0.9297;0.1138;2.906;3.0395;0.0183;0.0022;0.5496;0.0173;0.0613;0.0118;0;0;0.088;2.1834;0;0;0;0;0;0;0;0;0;0;0;0;0.0494;0.0211;2.3086;2.3086;0;76.035;76.035;51.046;0.0507;2619;881.47;1;0.0372;0.0372;0;0;0;0;0;0;2.2714;2.1834;0;14.94;17.3;14.13;16.362;98.39;98.39;24.507;19.469;18.413;5.0377;1.0556;0.2056;0.0431;0.7514;32.2;0.7116;0
17/02/21 11:00;64.801;-24.799;22.737;78.835;11.165;-90;-11.165;1012.1;167;845.11;26.37;3.3;0;861.41;54.87;113.76;0;1.9155;1032;0;1032;861.41;113.76;54.87;1.9155;0.8347;0.055;0;0.0019;1029.9;2.0656;0;0;0.4754;1.5901;1024.8;3.0171;0.6752;0.0892;2.1799;0.0729;1027.8;2.0598;1.7228;0.2275;0.1088;0.0007;1025.2;859.01;113.44;52.106;0.2518;589.59;471.67;187.72;0.0247;6.4802;93.215;0.3905;99.67;0;1;0;0;1.0196;0.998;1;1;0.9913;0.1698;0.9971;0.9992;1;0.9598;0.7755;0.998;0.998;1;0.998;0.998;0.9931;0.9496;0.1314;2.9369;3.1199;0.0188;0.0035;0.5912;0.0175;0.0622;0.0142;0;0;0.088;2.2144;0;0;0;0;0;0;0;0;0;0;0;0;0.0501;0.0222;2.3402;2.3402;0;78.452;78.452;52.082;0.0508;2672.2;875;1;0.0378;0.0378;0;0;0;0;0;0;2.3024;2.2144;0;14.985;17.352;14.18;16.42;98.387;98.387;24.767;19.735;18.674;5.0321;1.0605;0.2032;0.0428;0.754;32.99;0.7062;0
17/02/21 12:00;66.322;10.995;23.218;85.219;4.7809;90;4.7809;1094.8;180.6;914.2;26.68;3.1899;0;917.39;51.516;129.44;0;0.3809;1098.7;0;1098.7;917.39;129.44;51.516;0.3809;0.835;0.0472;0;0.0003;1098.3;0.4305;0;0;0.1129;0.3175;1093;3.0956;0.7342;0.1036;2.2436;0.0141;1096.1;2.1966;1.8348;0.2589;0.1028;0.0001;1093;914.82;129.08;49.057;0.0491;644.26;515.41;206.56;0.0004;6.9861;100.49;0.0331;107.48;0;1;0;0;1.0036;0.9996;1;1;0.9978;0.1664;0.9972;0.9992;1;0.9563;0.7767;0.998;0.998;1;0.998;0.998;0.9948;0.9523;0.1289;3.1269;3.3286;0.02;0.0075;0.6778;0.0184;0.0651;0.015;0;0;0.088;2.307;0;0;0;0;0;0;0;0;0;0;0;0;0.0525;0.0251;2.4472;2.435;0;82.414;82.414;55.734;0.051;2782.8;875;1;0.0522;0.04;0;0.0122;0;0;0;0;2.395;2.307;0;14.644;16.958;13.875;16.067;97.867;98.359;26.37;20.535;19.455;5.835;1.0791;0.2213;0.0409;0.7378;30.586;0.6905;0
17/02/21 13:00;60.74;41.921;21.327;69.478;20.522;90;20.522;598.89;415.1;183.79;26.47;3.0901;0;196.24;341.34;66.812;0;3.8005;608.2;0;608.2;196.24;66.812;341.34;3.8005;0.3227;0.5675;0;0.0062;596.77;11.433;0;0;8.2427;3.1905;583.82;11.756;0.1443;0.0491;11.429;0.1339;595.57;1.1935;0.3925;0.1336;0.6662;0.0012;584.78;195.71;66.629;321.01;0.4749;351.05;280.84;111.23;1.3395;3.9794;57.242;0.9605;59.882;0;1;0;0;1.0155;0.9812;1;1;0.9759;0.1605;0.9803;0.9993;1;0.9656;0.78;0.998;0.998;1;0.998;0.998;0.9599;0.9404;0.1249;1.7309;1.7877;0.0108;0.0017;0.1941;0.0111;0.0393;0.0096;0;0;0.088;1.3716;0;0;0;0;0;0;0;0;0;0;0;0;0.0316;0.0077;1.4819;1.4819;0;55.614;55.614;29.143;0.0499;1538.2;963.39;1;0.0223;0.0223;0;0;0;0;0;0;1.4596;1.3716;0;16.101;18.644;14.903;17.257;98.497;98.497;14.597;12.497;11.567;2.0995;0.93;0.1438;0.0637;0.7925;212.62;0.7403;0
17/02/21 14:00;51.039;61.819;17.275;54.518;35.482;90;35.482;857.61;147.8;709.81;27.03;2.9301;0;871.68;46.502;118.55;0;15.926;1052.7;0;1052.7;871.68;118.55;46.502;15.926;0.8281;0.0593;0;0.0151;1035.6;17.018;0;0;2.6898;14.329;1031.3;2.2199;0.5191;0.0706;1.412;0.2183;1033.6;2.0713;1.7434;0.2371;0.0876;0.0032;1035.8;869.41;118.24;42.313;1.3756;431.97;345.57;142.4;1.2595;4.5122;64.906;4.4176;68.158;0;1;0;0;1.2274;0.9838;1;1;0.9422;0.1003;0.9979;0.9994;1;0.9677;0.863;0.998;0.998;1;0.998;0.998;0.9798;0.9099;0.0864;2.9958;3.0934;0.0186;0.003;0.5981;0.0173;0.0614;0.0099;0;0;0.088;2.1886;0;0;0;0;0;0;0;0;0;0;0;0;0.0495;0.0218;2.3138;2.3138;0;79.49;79.49;52.46;0.0509;2640.1;875;1;0.0371;0.0371;0;0;0;0;0;0;2.2766;2.1886;0;14.524;16.819;13.739;15.909;98.395;98.395;25.264;19.512;18.457;5.7516;1.0554;0.2277;0.0418;0.7306;31.916;0.6983;0
17/02/21 15:00;39.625;75.059;11.454;40.596;49.404;90;49.404;660.7;156.3;504.4;27.4;2.76;0;775.13;56.002;135.93;0;23.077;990.14;0;990.14;775.13;135.93;56.002;23.077;0.7829;0.0799;0;0.0233;963.28;26.853;0;0;5.3111;21.542;959.25;2.1032;0.3061;0.0537;1.6745;0.069;961.36;1.9266;1.5503;0.2719;0.1014;0.0031;964.78;773.28;135.6;48.915;1.4629;262.5;210;82.865;4.7295;3.2383;46.581;5.5245;45.09;0;1;0;0;1.4986;0.9729;1;1;0.9052;0.0665;0.9978;0.9996;1;0.9669;0.9549;0.998;0.998;1;0.998;0.998;0.9688;0.8735;0.0634;2.8179;2.8536;0.0172;-0.0001;0.5171;0.0162;0.0576;0.0072;0;0;0.088;2.0512;0;0;0;0;0;0;0;0;0;0;0;0;0.0464;0.0187;2.1733;2.1733;0;76.052;76.052;48.652;0.0507;2461.4;882.93;1;0.034;0.034;0;0;0;0;0;0;2.1392;2.0512;0;14.504;16.795;13.689;15.852;98.433;98.433;23.763;18.327;17.298;5.4359;1.0292;0.2288;0.0433;0.7279;43.464;0.7032;0
17/02/21 16:00;27.55;85.129;4.922;27.635;60;90;60;437.4;169.6;267.8;27.33;2.4699;0;576.87;74.501;151.35;0;21.87;824.6;0;824.6;576.87;151.35;74.501;21.87;0.6996;0.1169;0;0.0265;794.77;29.826;0;0;9.3661;20.459;790.66;2.5196;0.0979;0.0257;2.3001;0.096;793.18;1.5895;1.1537;0.3027;0.1303;0.0028;794.37;575.62;151.03;62.705;1.3117;104.13;83.303;36.984;12.461;1.7052;24.528;3.7093;13.773;0;1;0;0;1.8852;0.9638;1;1;0.8743;0.0645;0.9968;0.9998;1;0.9646;0.9318;0.998;0.998;1;0.998;0.998;0.9588;0.8417;0.06;2.3467;2.3219;0.014;-0.0019;0.3473;0.0137;0.0487;0.0039;0;0;0.088;1.7279;0;0;0;0;0;0;0;0;0;0;0;0;0.0392;0.0127;1.8442;1.8442;0;67.143;67.143;39.813;0.0504;2004.1;920.24;1;0.0283;0.0283;0;0;0;0;0;0;1.8159;1.7279;0;14.779;17.114;13.847;16.034;98.466;98.466;19.79;15.553;14.572;4.2377;0.9807;0.2141;0.0496;0.7363;64.858;0.7203;0
17/02/21 17:00;15.294;93.837;50.229;15.327;24.544;90;24.544;216.7;140.3;76.394;26.63;2.3999;0;185.28;106.2;70.515;0;1.958;363.95;0;363.95;185.28;70.515;106.2;1.958;0.5091;0.2972;0;0.0054;358.86;5.0903;0;0;3.4181;1.6722;351.35;6.796;2.398;0.9126;3.4267;0.0587;358.15;0.7177;0.3706;0.141;0.2056;0.0006;351.63;182.51;69.461;99.153;0.2265;68.126;54.5;21.588;0.7962;0.807;11.609;0.2854;11.62;0;1;0;0;1.6795;0.986;1;1;0.9678;0.146;0.981;0.987;1;0.9666;0.7942;0.998;0.998;1;0.998;0.998;0.9654;0.9336;0.1157;1.0358;1.0293;0.0062;0.0118;0.0703;0.0066;0.0234;0.002;0;0;0.088;0.7856;0;0;0;0;0;0;0;0;0;0;0;0;0.0188;0.0028;0.8875;0.8875;0;44.048;44.048;17.418;0.0496;886.44;1001.2;1;0.0139;0.0139;0;0;0;0;0;0;0.8736;0.7856;0;16.113;18.658;14.263;16.517;98.438;98.438;8.7349;7.4841;6.625;1.2508;0.859;0.1432;0.0983;0.7585;67.609;0.7408;0
17/02/21 18:00;4.5586;101.24;78.886;4.6472;6.685;90;6.685;16.194;15.998;0.1964;24.47;4.03;0;0.4763;15.915;0.0686;0;0.011;16.471;0;16.471;0.4763;0.0686;15.915;0.011;0.0289;0.9669;0;0.0007;16.403;0.0686;0;0;0.0594;0.0092;15.538;0.8315;0.1348;0.0194;0.6769;0.0004;16.37;0.0328;0.001;0.0001;0.0317;0;15.539;0.3406;0.0491;15.147;0.0014;9.4763;7.581;2.885;0.0008;0.1128;1.6222;0.0012;1.7342;0;1;0;0;1.0171;0.9958;1;1;0.9963;0.1671;0.9492;0.7165;1;0.9572;0.7758;0.998;0.998;1;0.998;0.998;0.9434;0.9517;0.1294;0.0469;0.0477;0.0003;0.0077;0;0.0003;0.001;0.0003;0;0;0.088;-0.0534;0;0;0;0;0;0;0;0;0;0;0;0;0.0008;0;0.0374;0.0374;0;25.256;25.256;0.7857;0.0506;39.135;954.77;1;0.0027;0.0027;0;0;0;0;0;0;0.0346;-0.0534;0;14.99;17.358;-21.413;-24.796;92.669;92.669;0.3953;0.3151;-0.4501;0.0802;0.7652;0.2029;1.9358;0;9.4752;0;0
17/02/21 19:00;0;0;90;0;0;90;0;0;0;0;22.35;5.38;0;0;0;0;0;0;0;0;0;0;0;0;0;1;1;1;1;0;0;0;0;0;0;0;0;0;0;0;0;0;0;0;0;0;0;0;0;0;0;0;0;0;0;0;0;0;0;0;0;0;0;0;1;1;1;1;1;1;1;1;1;1;1;1;1;1;1;1;1;1;1;0;0;0;0;0;0;0;0;0;0.0004;0.088;-0.0884;0;0;0;0;0;0;0;0;0;0;0;0;0;0;0;0;0;0;0;-22.35;0;0;0;0;0.0004;0;0;0;0;0;0;0;-0.0004;-0.0884;0;0;0;0;0;0;0;0;0;-0.7452;0;0.7452;1;1;0;0;0;0
17/02/21 20:00;0;0;90;0;0;90;0;0;0;0;21.7;6.9;0;0;0;0;0;0;0;0;0;0;0;0;0;1;1;1;1;0;0;0;0;0;0;0;0;0;0;0;0;0;0;0;0;0;0;0;0;0;0;0;0;0;0;0;0;0;0;0;0;0;0;0;1;1;1;1;1;1;1;1;1;1;1;1;1;1;1;1;1;1;1;0;0;0;0;0;0;0;0;0;0.0004;0.088;-0.0884;0;0;0;0;0;0;0;0;0;0;0;0;0;0;0;0;0;0;0;-21.7;0;0;0;0;0.0004;0;0;0;0;0;0;0;-0.0004;-0.0884;0;0;0;0;0;0;0;0;0;-0.7452;0;0.7452;1;1;0;0;0;0
17/02/21 21:00;0;0;90;0;0;90;0;0;0;0;20.5;7.2;0;0;0;0;0;0;0;0;0;0;0;0;0;1;1;1;1;0;0;0;0;0;0;0;0;0;0;0;0;0;0;0;0;0;0;0;0;0;0;0;0;0;0;0;0;0;0;0;0;0;0;0;1;1;1;1;1;1;1;1;1;1;1;1;1;1;1;1;1;1;1;0;0;0;0;0;0;0;0;0;0.0004;0.088;-0.0884;0;0;0;0;0;0;0;0;0;0;0;0;0;0;0;0;0;0;0;-20.5;0;0;0;0;0.0004;0;0;0;0;0;0;0;-0.0004;-0.0884;0;0;0;0;0;0;0;0;0;-0.7452;0;0.7452;1;1;0;0;0;0
17/02/21 22:00;0;0;90;0;0;90;0;0;0;0;19.61;7.0999;0;0;0;0;0;0;0;0;0;0;0;0;0;1;1;1;1;0;0;0;0;0;0;0;0;0;0;0;0;0;0;0;0;0;0;0;0;0;0;0;0;0;0;0;0;0;0;0;0;0;0;0;1;1;1;1;1;1;1;1;1;1;1;1;1;1;1;1;1;1;1;0;0;0;0;0;0;0;0;0;0.0004;0.088;-0.0884;0;0;0;0;0;0;0;0;0;0;0;0;0;0;0;0;0;0;0;-19.61;0;0;0;0;0.0004;0;0;0;0;0;0;0;-0.0004;-0.0884;0;0;0;0;0;0;0;0;0;-0.7452;0;0.7452;1;1;0;0;0;0
17/02/21 23:00;0;0;90;0;0;90;0;0;0;0;18.8;6.5499;0;0;0;0;0;0;0;0;0;0;0;0;0;1;1;1;1;0;0;0;0;0;0;0;0;0;0;0;0;0;0;0;0;0;0;0;0;0;0;0;0;0;0;0;0;0;0;0;0;0;0;0;1;1;1;1;1;1;1;1;1;1;1;1;1;1;1;1;1;1;1;0;0;0;0;0;0;0;0;0;0.0004;0.088;-0.0884;0;0;0;0;0;0;0;0;0;0;0;0;0;0;0;0;0;0;0;-18.8;0;0;0;0;0.0004;0;0;0;0;0;0;0;-0.0004;-0.0884;0;0;0;0;0;0;0;0;0;-0.7452;0;0.7452;1;1;0;0;0;0
18/02/21 00:00;0;0;90;0;0;90;0;0;0;0;17.7;5.9799;0;0;0;0;0;0;0;0;0;0;0;0;0;1;1;1;1;0;0;0;0;0;0;0;0;0;0;0;0;0;0;0;0;0;0;0;0;0;0;0;0;0;0;0;0;0;0;0;0;0;0;0;1;1;1;1;1;1;1;1;1;1;1;1;1;1;1;1;1;1;1;0;0;0;0;0;0;0;0;0;0.0004;0.088;-0.0884;0;0;0;0;0;0;0;0;0;0;0;0;0;0;0;0;0;0;0;-17.7;0;0;0;0;0.0004;0;0;0;0;0;0;0;-0.0004;-0.0884;0;0;0;0;0;0;0;0;0;-0.7452;0;0.7452;1;1;0;0;0;0
18/02/21 01:00;0;0;90;0;0;90;0;0;0;0;16.74;5.38;0;0;0;0;0;0;0;0;0;0;0;0;0;1;1;1;1;0;0;0;0;0;0;0;0;0;0;0;0;0;0;0;0;0;0;0;0;0;0;0;0;0;0;0;0;0;0;0;0;0;0;0;1;1;1;1;1;1;1;1;1;1;1;1;1;1;1;1;1;1;1;0;0;0;0;0;0;0;0;0;0.0004;0.088;-0.0884;0;0;0;0;0;0;0;0;0;0;0;0;0;0;0;0;0;0;0;-16.74;0;0;0;0;0.0004;0;0;0;0;0;0;0;-0.0004;-0.0884;0;0;0;0;0;0;0;0;0;-0.7452;0;0.7452;1;1;0;0;0;0
18/02/21 02:00;0;0;90;0;0;90;0;0;0;0;14.44;4.88;0;0;0;0;0;0;0;0;0;0;0;0;0;1;1;1;1;0;0;0;0;0;0;0;0;0;0;0;0;0;0;0;0;0;0;0;0;0;0;0;0;0;0;0;0;0;0;0;0;0;0;0;1;1;1;1;1;1;1;1;1;1;1;1;1;1;1;1;1;1;1;0;0;0;0;0;0;0;0;0;0.0004;0.088;-0.0884;0;0;0;0;0;0;0;0;0;0;0;0;0;0;0;0;0;0;0;-14.44;0;0;0;0;0.0004;0;0;0;0;0;0;0;-0.0004;-0.0884;0;0;0;0;0;0;0;0;0;-0.7452;0;0.7452;1;1;0;0;0;0
18/02/21 03:00;0;0;90;0;0;90;0;0;0;0;12.82;4.3801;0;0;0;0;0;0;0;0;0;0;0;0;0;1;1;1;1;0;0;0;0;0;0;0;0;0;0;0;0;0;0;0;0;0;0;0;0;0;0;0;0;0;0;0;0;0;0;0;0;0;0;0;1;1;1;1;1;1;1;1;1;1;1;1;1;1;1;1;1;1;1;0;0;0;0;0;0;0;0;0;0.0004;0.088;-0.0884;0;0;0;0;0;0;0;0;0;0;0;0;0;0;0;0;0;0;0;-12.82;0;0;0;0;0.0004;0;0;0;0;0;0;0;-0.0004;-0.0884;0;0;0;0;0;0;0;0;0;-0.7452;0;0.7452;1;1;0;0;0;0
18/02/21 04:00;0;0;90;0;0;90;0;0;0;0;11.93;4.0799;0;0;0;0;0;0;0;0;0;0;0;0;0;1;1;1;1;0;0;0;0;0;0;0;0;0;0;0;0;0;0;0;0;0;0;0;0;0;0;0;0;0;0;0;0;0;0;0;0;0;0;0;1;1;1;1;1;1;1;1;1;1;1;1;1;1;1;1;1;1;1;0;0;0;0;0;0;0;0;0;0.0004;0.088;-0.0884;0;0;0;0;0;0;0;0;0;0;0;0;0;0;0;0;0;0;0;-11.93;0;0;0;0;0.0004;0;0;0;0;0;0;0;-0.0004;-0.0884;0;0;0;0;0;0;0;0;0;-0.7452;0;0.7452;1;1;0;0;0;0
18/02/21 05:00;2.1471;-102.51;84.787;2.1993;3.141;-90;-3.141;0.7032;0.6983;0.0049;11.1;4.7799;0;0.0119;0.6978;0.0002;0;0.0001;0.7099;0.7099;0;0.0119;0;0;0;1;1;1;1;0;0;0;0;0;0;0;0;0;0;0;0;0;0;0;0;0;0;0;0;0;0;0;0;0;0;0;0;0;0;0;0;0;0;0;0;1;1;1;1;1;1;1;1;1;1;1;0;1;0;0;1;0;0;0;0;0;0;0;0;0;0;0;0.0004;0.088;-0.0884;0;0;0;0;0;0;0;0;0;0;0;0;0;0;0;0;0;0;0;-11.1;0;0;0;0;0.0004;0;0;0;0;0;0;0;-0.0004;-0.0884;0;0;0;0;0;0;0;0;0;-0.7452;0;0.7452;1;1;0;0;0;0
18/02/21 06:00;10.206;-96.891;64.55;10.278;15.364;-90;-15.364;142.99;24.399;118.59;15.33;7.11;0;287.62;12.482;28.352;0;0.511;328.97;0;328.97;287.62;28.352;12.482;0.511;0.8743;0.0395;0;0.0016;328.36;0.6097;0;0;0.1852;0.4245;308.52;19.181;17.024;1.6781;0.4596;0.0193;327.7;0.6567;0.5752;0.0567;0.0246;0.0002;308.53;270.02;26.617;11.813;0.067;8.2443;6.5955;2.2004;0.0177;0.1193;1.7166;0.0138;1.8182;0;1;0;0;2.3006;0.9981;1;1;0.9852;0.1693;0.9415;0.9407;1;0.9625;0.7764;0.998;0.998;1;0.998;0.998;0.9378;0.9464;0.1311;0.9362;0.8862;0.0053;0.0137;0.0173;0.0059;0.0211;0.0003;0;0;0.088;0.702;0;0;0;0;0;0;0;0;0;0;0;0;0.017;0.0022;0.8034;0.8034;0;30.466;30.466;15.136;0.0491;760.96;1055.7;1;0.0133;0.0133;0;0;0;0;0;0;0.79;0.702;0;16.137;18.686;14.101;16.329;98.339;98.339;7.8952;6.7748;5.9202;1.1205;0.8546;0.1419;0.1082;0.7498;7.606;0.7469;0
18/02/21 07:00;22.449;-88.393;22.163;22.457;45.428;-90;-45.428;371.7;61.597;310.11;19.19;8.2899;0;752.1;21.945;86.842;0;11.084;871.97;0;871.97;752.1;86.842;21.945;11.084;0.8625;0.0379;0;0.0127;859.9;12.072;0;0;1.836;10.236;856.83;1.3457;0.5746;0.0663;0.6555;0.0492;858.18;1.7198;1.5042;0.1737;0.0402;0.0017;857.12;750.02;86.602;19.413;0.7968;18.092;14.473;6.4637;1.3873;0.2432;3.499;0.2932;2.355;0;1;0;0;2.3459;0.9862;1;1;0.9163;0.0765;0.9984;0.9992;1;0.9673;0.9418;0.998;0.998;1;0.998;0.998;0.9826;0.8846;0.0719;2.4816;2.4593;0.0148;-0.002;0.3227;0.0149;0.0527;0.0006;0;0;0.088;1.8794;0;0;0;0;0;0;0;0;0;0;0;0;0.0425;0.0142;1.999;1.999;0;62.154;62.154;42.964;0.0501;2124.1;941.1;1;0.0316;0.0316;0;0;0;0;0;0;1.9674;1.8794;0;15.149;17.542;14.243;16.493;98.419;98.419;20.927;16.858;15.849;4.0693;1.0087;0.1945;0.0482;0.7573;16.397;0.7551;0
18/02/21 08:00;34.632;-78.993;9.0384;35.131;54.869;-90;-54.869;597.5;98.602;498.9;21.93;8.0599;0;866.99;28.862;107.68;0;25.368;1028.9;0;1028.9;866.99;107.68;28.862;25.368;0.8426;0.0527;0;0.0247;1002.1;26.815;0;0;3.1765;23.639;998.83;1.2519;0.2701;0.0335;0.8735;0.0747;1000.1;2.0042;1.734;0.2154;0.0514;0.0035;1003.9;864.99;107.43;24.761;1.6504;184.67;147.73;57.51;3.5197;2.3416;33.683;5.0485;32.505;0;1;0;0;1.722;0.9739;1;1;0.8899;0.0681;0.9987;0.9997;1;0.9659;0.9567;0.998;0.998;1;0.998;0.998;0.9708;0.8579;0.0651;2.9282;2.9396;0.0177;0.0009;0.4934;0.017;0.0603;0.0053;0;0;0.088;2.1519;0;0;0;0;0;0;0;0;0;0;0;0;0.0485;0.0198;2.2767;2.2767;0;72.44;72.44;50.51;0.0506;2536.1;897.7;1;0.0368;0.0368;0;0;0;0;0;0;2.2399;2.1519;0;14.622;16.932;13.82;16.004;98.383;98.383;24.694;19.2;18.147;5.4938;1.0525;0.2225;0.0426;0.7349;23.712;0.7173;0
18/02/21 09:00;46.369;-67.28;15.456;48.673;41.327;-90;-41.327;792.4;130.8;661.6;23.3;7.5501;0;881.02;39.585;113.96;0;19.735;1054.3;0;1054.3;881.02;113.96;39.585;19.735;0.8356;0.0563;0;0.0187;1033.3;20.956;0;0;2.8842;18.072;1029.4;1.8527;0.4694;0.0607;1.1877;0.1349;1031.3;2.0667;1.762;0.2279;0.0734;0.0033;1034.8;878.79;113.68;35.439;1.5249;367.46;293.97;119.12;1.8084;4.0175;57.79;5.3499;59.999;0;1;0;0;1.3305;0.9801;1;1;0.9271;0.0843;0.9982;0.9995;1;0.9676;0.9187;0.998;0.998;1;0.998;0.998;0.9764;0.8953;0.0773;3.0005;3.0763;0.0185;0.0028;0.5499;0.0175;0.0622;0.0089;0;0;0.088;2.2187;0;0;0;0;0;0;0;0;0;0;0;0;0.0501;0.0216;2.3448;2.3448;0;75.49;75.49;52.19;0.0507;2652.3;884.07;1;0.0381;0.0381;0;0;0;0;0;0;2.3067;2.2187;0;14.696;17.018;13.906;16.103;98.376;98.376;25.303;19.774;18.711;5.5294;1.0633;0.2185;0.042;0.7395;28.517;0.7103;0
18/02/21 10:00;56.903;-50.589;20.284;63.27;26.73;-90;-26.73;947.7;156.4;791.3;25.33;7.12;0;885.98;47.948;118.4;0;10.127;1062.5;0;1062.5;885.98;118.4;47.948;10.127;0.8339;0.0547;0;0.0095;1052;10.462;0;0;1.7638;8.6982;1047.4;2.5004;0.6195;0.0828;1.522;0.2761;1049.9;2.104;1.772;0.2368;0.0924;0.0029;1050.1;883.59;118.08;44.569;1.1501;515.88;412.7;167.36;0.4881;5.4981;79.088;2.668;84.098;0;1;0;0;1.1211;0.9902;1;1;0.9632;0.1411;0.9976;0.9993;1;0.967;0.8064;0.998;0.998;1;0.998;0.998;0.9858;0.9295;0.1136;3.0237;3.1627;0.019;0.0042;0.6004;0.0178;0.063;0.0121;0;0;0.088;2.2462;0;0;0;0;0;0;0;0;0;0;0;0;0.0508;0.0228;2.3727;2.3727;0;78.566;78.566;53.236;0.0508;2709.2;875;1;0.0385;0.0385;0;0;0;0;0;0;2.3342;2.2462;0;14.757;17.088;13.97;16.177;98.377;98.377;25.499;20.009;18.942;5.4898;1.0669;0.2153;0.0418;0.7429;30.929;0.7036;0
18/02/21 11:00;64.475;-24.479;23.089;78.808;11.192;-90;-11.192;1040.9;171.7;869.2;25.8;6.81;0;886.05;52.809;120.68;0;1.9796;1061.5;0;1061.5;886.05;120.68;52.809;1.9796;0.8347;0.0516;0;0.0019;1059.4;2.1028;0;0;0.4594;1.6434;1054.3;2.9737;0.7052;0.0961;2.0971;0.0753;1057.3;2.1188;1.7721;0.2414;0.1047;0.0007;1054.7;883.57;120.34;50.148;0.2602;606.27;485.02;193.06;0.024;6.6614;95.822;0.4041;102.46;0;1;0;0;1.0198;0.998;1;1;0.9913;0.1698;0.9972;0.9992;1;0.9599;0.7755;0.998;0.998;1;0.998;0.998;0.9932;0.9496;0.1314;3.021;3.2096;0.0193;0.005;0.6191;0.018;0.0637;0.0145;0;0;0.088;2.2681;0;0;0;0;0;0;0;0;0;0;0;0;0.0513;0.0234;2.3952;2.3952;0;79.427;79.427;53.627;0.0509;2732.4;875;1;0.039;0.039;0;0;0;0;0;0;2.3561;2.2681;0;14.91;17.265;14.119;16.35;98.37;98.37;25.476;20.199;19.127;5.2777;1.0713;0.2072;0.0421;0.7508;31.753;0.7033;0
18/02/21 12:00;65.971;10.894;23.57;85.184;4.8162;90;4.8162;835.49;274.1;561.39;26.45;6.4699;0;563.38;153.23;121.03;0;0.295;837.94;0;837.94;563.38;121.03;153.23;0.295;0.6723;0.1832;0;0.0004;837.35;0.5857;0;0;0.3398;0.2459;828.44;7.2378;0.4577;0.0983;6.6707;0.0109;835.67;1.6747;1.1268;0.2421;0.3058;0.0001;828.46;561.8;120.69;145.91;0.038;492.16;393.73;156.62;0.0009;5.4131;77.865;0.0242;83.278;0;1;0;0;1.0029;0.9993;1;1;0.9978;0.1664;0.9913;0.9992;1;0.9563;0.7766;0.998;0.998;1;0.998;0.998;0.9887;0.9523;0.129;2.3847;2.5263;0.0152;-0.0019;0.3866;0.0149;0.0528;0.0124;0;0;0.088;1.87;0;0;0;0;0;0;0;0;0;0;0;0;0.0425;0.0148;1.9889;1.9889;0;68.198;68.198;41.749;0.0504;2174.4;914.68;1;0.0309;0.0309;0;0;0;0;0;0;1.958;1.87;0;15.684;18.162;14.747;17.076;98.447;98.447;20.11;16.772;15.77;3.338;1.0026;0.166;0.0499;0.7842;90.978;0.7332;0
18/02/21 13:00;60.438;41.547;21.669;69.384;20.616;90;20.616;1018.4;168;850.4;26.49;6.16;0;908.58;48.815;125.62;0;6.5215;1089.5;0;1089.5;908.58;125.62;48.815;6.5215;0.8339;0.0508;0;0.006;1082.9;6.6643;0;0;1.1875;5.4768;1078.1;2.6344;0.6787;0.0938;1.6328;0.2291;1080.7;2.1657;1.8172;0.2512;0.0953;0.0021;1079.7;906.08;125.27;45.899;0.8136;574.05;459.24;186.31;0.1963;6.0908;87.614;1.6017;93.509;0;1;0;0;1.0698;0.9939;1;1;0.9757;0.1602;0.9976;0.9993;1;0.9656;0.7803;0.998;0.998;1;0.998;0.998;0.9895;0.9403;0.1248;3.1007;3.2645;0.0197;0.0061;0.6532;0.0181;0.0642;0.0132;0;0;0.088;2.2779;0;0;0;0;0;0;0;0;0;0;0;0;0.0517;0.0242;2.4142;2.4051;0;81.416;81.416;54.926;0.0509;2748.7;875;1;0.0483;0.0393;0;0.0091;0;0;0;0;2.3659;2.2779;0;14.587;16.891;13.815;15.998;97.998;98.367;26.149;20.283;19.21;5.8659;1.0733;0.2243;0.041;0.7346;30.42;0.6929;0
18/02/21 14:00;50.788;61.424;17.602;54.377;35.623;90;35.623;948.6;156.5;792.1;27.48;6.02;0;974.45;38.048;140.89;0;17.751;1171.1;0;1171.1;974.45;140.89;38.048;17.751;0.8321;0.0476;0;0.0152;1152.9;18.196;0;0;2.2145;15.982;1148.6;2.0712;0.5913;0.0855;1.1548;0.2397;1150.6;2.3059;1.9489;0.2818;0.0717;0.0035;1153.5;971.91;140.52;34.607;1.5266;475.14;380.11;156.64;1.0458;4.9404;71.066;4.9089;74.961;0;1;0;0;1.2346;0.9845;1;1;0.9418;0.0997;0.9982;0.9994;1;0.9677;0.8643;0.998;0.998;1;0.998;0.998;0.9807;0.9096;0.086;3.333;3.4425;0.0207;0.0101;0.7486;0.0186;0.0661;0.0104;0;0;0.088;2.3227;0;0;0;0;0;0;0;0;0;0;0;0;0.0533;0.0267;2.4879;2.451;0;86.238;86.238;58.758;0.0512;2801.2;875;1;0.0772;0.0403;0;0.0369;0;0;0;0;2.4107;2.3227;0;13.829;16.014;13.105;15.176;96.897;98.354;28.107;20.67;19.587;7.4376;1.0823;0.2646;0.0385;0.6969;26.143;0.6666;0
18/02/21 15:00;39.404;74.701;11.764;40.421;49.579;90;49.579;694.71;130.4;564.31;27.62;5.95;0;870.31;39.084;127.97;0;24.426;1061.8;0;1061.8;870.31;127.97;39.084;24.426;0.8197;0.0598;0;0.023;1035.3;26.531;0;0;3.7257;22.805;1031.5;1.6459;0.3529;0.0519;1.1689;0.0722;1033.2;2.0705;1.7406;0.2559;0.0707;0.0032;1037.2;868.21;127.66;34.118;1.545;268.08;214.46;83.908;3.3435;3.257;46.851;5.696;46.764;0;1;0;0;1.5284;0.975;1;1;0.9047;0.0663;0.9984;0.9996;1;0.9669;0.9553;0.998;0.998;1;0.998;0.998;0.9715;0.873;0.0633;3.0218;3.0615;0.0184;0.0025;0.5992;0.0171;0.0606;0.0071;0;0;0.088;2.1573;0;0;0;0;0;0;0;0;0;0;0;0;0.0488;0.0214;2.2863;2.2817;0;80.116;80.116;52.497;0.0509;2607.6;875;1;0.041;0.0364;0;0.0046;0;0;0;0;2.2453;2.1573;0;14.2;16.443;13.426;15.546;98.206;98.405;25.483;19.242;18.192;6.2414;1.0491;0.2449;0.0412;0.7139;30.386;0.6911;0
18/02/21 16:00;27.341;84.807;5.2743;27.437;60;90;60;458.5;145.4;313.1;27.34;5.39;0;678.82;55.836;153.83;0;22.925;911.41;0;911.41;678.82;153.83;55.836;22.925;0.7448;0.0864;0;0.0252;882.94;28.466;0;0;7.0195;21.446;879.2;1.9758;0.1234;0.028;1.7238;0.1006;881.18;1.7659;1.3576;0.3077;0.0976;0.003;882.59;677.34;153.49;46.995;1.3749;91.02;72.816;31.73;9.3404;1.4285;20.549;3.388;12.637;0;1;0;0;1.9878;0.9688;1;1;0.8743;0.0645;0.9978;0.9998;1;0.9646;0.9318;0.998;0.998;1;0.998;0.998;0.9647;0.8417;0.06;2.5938;2.5663;0.0155;-0.0018;0.4261;0.0149;0.0528;0.0032;0;0;0.088;1.879;0;0;0;0;0;0;0;0;0;0;0;0;0.0425;0.0153;1.9978;1.9978;0;71.775;71.775;44.435;0.0505;2213.5;902.59;1;0.0308;0.0308;0;0;0;0;0;0;1.967;1.879;0;14.485;16.773;13.623;15.776;98.458;98.458;21.874;16.848;15.846;5.0258;1.002;0.2298;0.0458;0.7244;48.609;0.7124;0
18/02/21 17:00;15.086;93.541;50.859;15.114;24.111;90;24.111;213.81;138.8;75.007;26.86;3.8901;0;181.91;105.36;69.442;0;1.8653;358.58;0;358.58;181.91;69.442;105.36;1.8653;0.5073;0.299;0;0.0052;353.7;4.8852;0;0;3.2954;1.5899;346.09;6.8995;2.4829;0.9478;3.4118;0.0571;352.99;0.7074;0.3638;0.1389;0.2041;0.0006;346.36;179.07;68.355;98.45;0.2178;67.413;53.93;21.329;0.7414;0.7977;11.475;0.2705;11.531;0;1;0;0;1.6771;0.9864;1;1;0.9687;0.1477;0.9805;0.9863;1;0.9665;0.7924;0.998;0.998;1;0.998;0.998;0.9652;0.9344;0.1168;1.0205;1.0139;0.0061;0.012;0.0691;0.0065;0.023;0.002;0;0;0.088;0.7723;0;0;0;0;0;0;0;0;0;0;0;0;0.0185;0.0027;0.8739;0.8739;0;44.019;44.019;17.159;0.0496;873.18;1000.9;1;0.0137;0.0137;0;0;0;0;0;0;0.8603;0.7723;0;16.105;18.649;14.232;16.48;98.436;98.436;8.6059;7.3701;6.5127;1.2359;0.8573;0.1436;0.0996;0.7568;66.905;0.7391;0
18/02/21 18:00;4.5445;100.81;78.921;4.6263;6.6543;90;6.6543;16.702;16.497;0.2055;25.04;4.99;0;0.4983;16.411;0.0743;0;0.0113;16.994;0;16.994;0.4983;0.0743;16.411;0.0113;0.0293;0.9663;0;0.0007;16.924;0.0702;0;0;0.0608;0.0094;16.029;0.8613;0.1415;0.0211;0.6983;0.0004;16.89;0.0338;0.001;0.0001;0.0327;0;16.03;0.3558;0.053;15.619;0.0015;9.7707;7.8166;2.9746;0.0008;0.1163;1.6727;0.0012;1.7881;0;1;0;0;1.0175;0.9959;1;1;0.9963;0.1671;0.949;0.7154;1;0.9572;0.7758;0.998;0.998;1;0.998;0.998;0.9432;0.9518;0.1294;0.0484;0.0492;0.0003;0.0078;0.0002;0.0003;0.001;0.0003;0;0;0.088;-0.0522;0;0;0;0;0;0;0;0;0;0;0;0;0.0008;0;0.0386;0.0386;0;25.85;25.85;0.8105;0.0506;40.427;953.66;1;0.0028;0.0028;0;0;0;0;0;0;0.0358;-0.0522;0;14.991;17.359;-20.3;-23.507;92.838;92.838;0.4079;0.3251;-0.4403;0.0827;0.7654;0.2028;1.8766;0;9.7695;0;0
18/02/21 19:00;0;0;90;0;0;90;0;0;0;0;23.6;6.35;0;0;0;0;0;0;0;0;0;0;0;0;0;1;1;1;1;0;0;0;0;0;0;0;0;0;0;0;0;0;0;0;0;0;0;0;0;0;0;0;0;0;0;0;0;0;0;0;0;0;0;0;1;1;1;1;1;1;1;1;1;1;1;1;1;1;1;1;1;1;1;0;0;0;0;0;0;0;0;0;0.0004;0.088;-0.0884;0;0;0;0;0;0;0;0;0;0;0;0;0;0;0;0;0;0;0;-23.6;0;0;0;0;0.0004;0;0;0;0;0;0;0;-0.0004;-0.0884;0;0;0;0;0;0;0;0;0;-0.7452;0;0.7452;1;1;0;0;0;0
18/02/21 20:00;0;0;90;0;0;90;0;0;0;0;22.72;6.6899;0;0;0;0;0;0;0;0;0;0;0;0;0;1;1;1;1;0;0;0;0;0;0;0;0;0;0;0;0;0;0;0;0;0;0;0;0;0;0;0;0;0;0;0;0;0;0;0;0;0;0;0;1;1;1;1;1;1;1;1;1;1;1;1;1;1;1;1;1;1;1;0;0;0;0;0;0;0;0;0;0.0004;0.088;-0.0884;0;0;0;0;0;0;0;0;0;0;0;0;0;0;0;0;0;0;0;-22.72;0;0;0;0;0.0004;0;0;0;0;0;0;0;-0.0004;-0.0884;0;0;0;0;0;0;0;0;0;-0.7452;0;0.7452;1;1;0;0;0;0
18/02/21 21:00;0;0;90;0;0;90;0;0;0;0;21.79;6.7601;0;0;0;0;0;0;0;0;0;0;0;0;0;1;1;1;1;0;0;0;0;0;0;0;0;0;0;0;0;0;0;0;0;0;0;0;0;0;0;0;0;0;0;0;0;0;0;0;0;0;0;0;1;1;1;1;1;1;1;1;1;1;1;1;1;1;1;1;1;1;1;0;0;0;0;0;0;0;0;0;0.0004;0.088;-0.0884;0;0;0;0;0;0;0;0;0;0;0;0;0;0;0;0;0;0;0;-21.79;0;0;0;0;0.0004;0;0;0;0;0;0;0;-0.0004;-0.0884;0;0;0;0;0;0;0;0;0;-0.7452;0;0.7452;1;1;0;0;0;0
18/02/21 22:00;0;0;90;0;0;90;0;0;0;0;20.33;6.79;0;0;0;0;0;0;0;0;0;0;0;0;0;1;1;1;1;0;0;0;0;0;0;0;0;0;0;0;0;0;0;0;0;0;0;0;0;0;0;0;0;0;0;0;0;0;0;0;0;0;0;0;1;1;1;1;1;1;1;1;1;1;1;1;1;1;1;1;1;1;1;0;0;0;0;0;0;0;0;0;0.0004;0.088;-0.0884;0;0;0;0;0;0;0;0;0;0;0;0;0;0;0;0;0;0;0;-20.33;0;0;0;0;0.0004;0;0;0;0;0;0;0;-0.0004;-0.0884;0;0;0;0;0;0;0;0;0;-0.7452;0;0.7452;1;1;0;0;0;0
18/02/21 23:00;0;0;90;0;0;90;0;0;0;0;19.78;6.3799;0;0;0;0;0;0;0;0;0;0;0;0;0;1;1;1;1;0;0;0;0;0;0;0;0;0;0;0;0;0;0;0;0;0;0;0;0;0;0;0;0;0;0;0;0;0;0;0;0;0;0;0;1;1;1;1;1;1;1;1;1;1;1;1;1;1;1;1;1;1;1;0;0;0;0;0;0;0;0;0;0.0004;0.088;-0.0884;0;0;0;0;0;0;0;0;0;0;0;0;0;0;0;0;0;0;0;-19.78;0;0;0;0;0.0004;0;0;0;0;0;0;0;-0.0004;-0.0884;0;0;0;0;0;0;0;0;0;-0.7452;0;0.7452;1;1;0;0;0;0
19/02/21 00:00;0;0;90;0;0;90;0;0;0;0;19.2;5.9601;0;0;0;0;0;0;0;0;0;0;0;0;0;1;1;1;1;0;0;0;0;0;0;0;0;0;0;0;0;0;0;0;0;0;0;0;0;0;0;0;0;0;0;0;0;0;0;0;0;0;0;0;1;1;1;1;1;1;1;1;1;1;1;1;1;1;1;1;1;1;1;0;0;0;0;0;0;0;0;0;0.0004;0.088;-0.0884;0;0;0;0;0;0;0;0;0;0;0;0;0;0;0;0;0;0;0;-19.2;0;0;0;0;0.0004;0;0;0;0;0;0;0;-0.0004;-0.0884;0;0;0;0;0;0;0;0;0;-0.7452;0;0.7452;1;1;0;0;0;0
19/02/21 01:00;0;0;90;0;0;90;0;0;0;0;18.32;5.76;0;0;0;0;0;0;0;0;0;0;0;0;0;1;1;1;1;0;0;0;0;0;0;0;0;0;0;0;0;0;0;0;0;0;0;0;0;0;0;0;0;0;0;0;0;0;0;0;0;0;0;0;1;1;1;1;1;1;1;1;1;1;1;1;1;1;1;1;1;1;1;0;0;0;0;0;0;0;0;0;0.0004;0.088;-0.0884;0;0;0;0;0;0;0;0;0;0;0;0;0;0;0;0;0;0;0;-18.32;0;0;0;0;0.0004;0;0;0;0;0;0;0;-0.0004;-0.0884;0;0;0;0;0;0;0;0;0;-0.7452;0;0.7452;1;1;0;0;0;0
19/02/21 02:00;0;0;90;0;0;90;0;0;0;0;17.44;5.93;0;0;0;0;0;0;0;0;0;0;0;0;0;1;1;1;1;0;0;0;0;0;0;0;0;0;0;0;0;0;0;0;0;0;0;0;0;0;0;0;0;0;0;0;0;0;0;0;0;0;0;0;1;1;1;1;1;1;1;1;1;1;1;1;1;1;1;1;1;1;1;0;0;0;0;0;0;0;0;0;0.0004;0.088;-0.0884;0;0;0;0;0;0;0;0;0;0;0;0;0;0;0;0;0;0;0;-17.44;0;0;0;0;0.0004;0;0;0;0;0;0;0;-0.0004;-0.0884;0;0;0;0;0;0;0;0;0;-0.7452;0;0.7452;1;1;0;0;0;0
19/02/21 03:00;0;0;90;0;0;90;0;0;0;0;17.59;6.11;0;0;0;0;0;0;0;0;0;0;0;0;0;1;1;1;1;0;0;0;0;0;0;0;0;0;0;0;0;0;0;0;0;0;0;0;0;0;0;0;0;0;0;0;0;0;0;0;0;0;0;0;1;1;1;1;1;1;1;1;1;1;1;1;1;1;1;1;1;1;1;0;0;0;0;0;0;0;0;0;0.0004;0.088;-0.0884;0;0;0;0;0;0;0;0;0;0;0;0;0;0;0;0;0;0;0;-17.59;0;0;0;0;0.0004;0;0;0;0;0;0;0;-0.0004;-0.0884;0;0;0;0;0;0;0;0;0;-0.7452;0;0.7452;1;1;0;0;0;0
19/02/21 04:00;0;0;90;0;0;90;0;0;0;0;17.4;6.02;0;0;0;0;0;0;0;0;0;0;0;0;0;1;1;1;1;0;0;0;0;0;0;0;0;0;0;0;0;0;0;0;0;0;0;0;0;0;0;0;0;0;0;0;0;0;0;0;0;0;0;0;1;1;1;1;1;1;1;1;1;1;1;1;1;1;1;1;1;1;1;0;0;0;0;0;0;0;0;0;0.0004;0.088;-0.0884;0;0;0;0;0;0;0;0;0;0;0;0;0;0;0;0;0;0;0;-17.4;0;0;0;0;0.0004;0;0;0;0;0;0;0;-0.0004;-0.0884;0;0;0;0;0;0;0;0;0;-0.7452;0;0.7452;1;1;0;0;0;0
19/02/21 05:00;1.9553;-102.21;85.253;2.0005;2.8561;-90;-2.8561;0.1953;0.1953;0;16.92;6.9101;0;0;0.1952;0;0;0;0.1952;0.1952;0;0;0;0;0;1;1;1;1;0;0;0;0;0;0;0;0;0;0;0;0;0;0;0;0;0;0;0;0;0;0;0;0;0;0;0;0;0;0;0;0;0;0;0;0;1;1;1;1;1;1;1;1;1;1;1;1;1;0;0;1;0;0;0;0;0;0;0;0;0;0;0;0.0004;0.088;-0.0884;0;0;0;0;0;0;0;0;0;0;0;0;0;0;0;0;0;0;0;-16.92;0;0;0;0;0.0004;0;0;0;0;0;0;0;-0.0004;-0.0884;0;0;0;0;0;0;0;0;0;-0.7452;0;0.7452;1;1;0;0;0;0
19/02/21 06:00;10.021;-96.581;65.037;10.086;15.048;-90;-15.048;136.9;24.499;112.4;18.92;7.5699;0;272.6;12.941;27.484;0;0.4694;313.49;0;313.49;272.6;27.484;12.941;0.4694;0.8696;0.0428;0;0.0015;312.92;0.5753;0;0;0.1854;0.3899;293.07;19.221;17.009;1.7148;0.4794;0.0178;312.29;0.6258;0.5452;0.055;0.0255;0.0002;293.08;255.05;25.714;12.251;0.0616;8.4828;6.7863;2.7187;0.017;0.0932;1.3401;0.01;1.4162;0;1;0;0;2.29;0.9982;1;1;0.9857;0.1694;0.9385;0.9375;1;0.9623;0.7762;0.998;0.998;1;0.998;0.998;0.9349;0.9467;0.1312;0.8922;0.8412;0.0051;0.0143;0.0251;0.0056;0.0198;0.0002;0;0;0.088;0.6528;0;0;0;0;0;0;0;0;0;0;0;0;0.0159;0.002;0.7533;0.7533;0;33.337;33.337;14.417;0.0492;722.89;1042;1;0.0125;0.0125;0;0;0;0;0;0;0.7408;0.6528;0;15.878;18.386;13.76;15.933;98.343;98.343;7.5239;6.3524;5.5051;1.1714;0.8474;0.1557;0.1126;0.7317;7.8766;0.7293;0
19/02/21 07:00;22.267;-88.061;23.219;22.279;44.568;-90;-44.568;360.39;62.003;298.39;21.47;7.37;0;723.68;23.151;84.798;0;10.364;842;0;842;723.68;84.798;23.151;10.364;0.8595;0.0398;0;0.0123;830.55;11.44;0;0;1.8837;9.5567;827.5;1.3892;0.5792;0.0679;0.6918;0.0503;828.89;1.6611;1.4474;0.1696;0.0425;0.0016;827.89;721.66;84.561;20.533;0.7555;18.796;15.036;6.1173;1.3701;0.2869;4.1276;0.3849;3.0444;0;1;0;0;2.3363;0.9864;1;1;0.9186;0.0779;0.9983;0.9992;1;0.9674;0.9376;0.998;0.998;1;0.998;0.998;0.9828;0.8869;0.0729;2.3963;2.3769;0.0143;-0.002;0.3194;0.0143;0.0508;0.0007;0;0;0.088;1.8071;0;0;0;0;0;0;0;0;0;0;0;0;0.0409;0.0133;1.9252;1.9252;0;62.993;62.993;41.523;0.0502;2053.3;937.64;1;0.0302;0.0302;0;0;0;0;0;0;1.8951;1.8071;0;15.109;17.496;14.182;16.422;98.434;98.434;20.208;16.236;15.239;3.972;0.9964;0.1966;0.0493;0.7541;17.162;0.7514;0
19/02/21 08:00;34.442;-78.627;9.3595;34.973;55.027;-90;-55.027;580.39;95.801;484.59;23.86;6.24;0;845.42;29.119;102.55;0;24.771;1001.9;0;1001.9;845.42;102.55;29.119;24.771;0.8438;0.0538;0;0.0247;975.56;26.302;0;0;3.2181;23.084;972.35;1.2611;0.2728;0.0331;0.8817;0.0735;973.61;1.9511;1.6908;0.2051;0.0518;0.0034;977.29;843.46;102.31;24.968;1.6105;178.38;142.71;55.383;3.5868;2.2851;32.87;4.9441;31.569;0;1;0;0;1.7262;0.9737;1;1;0.8895;0.0681;0.9987;0.9997;1;0.9659;0.9563;0.998;0.998;1;0.998;0.998;0.9705;0.8574;0.065;2.8512;2.862;0.0172;0;0.4872;0.0165;0.0585;0.0051;0;0;0.088;2.0881;0;0;0;0;0;0;0;0;0;0;0;0;0.0471;0.0189;2.2113;2.2113;0;73.055;73.055;49.195;0.0506;2469.2;895.56;1;0.0352;0.0352;0;0;0;0;0;0;2.1761;2.0881;0;14.585;16.889;13.773;15.948;98.408;98.408;24.045;18.649;17.609;5.3961;1.0391;0.2244;0.0432;0.7324;23.964;0.7148;0
19/02/21 09:00;46.154;-66.868;15.792;48.547;41.453;-90;-41.453;766.11;126.1;640.01;26.05;4.99;0;853.92;40.208;106.92;0;19.191;1020.2;0;1020.2;853.92;106.92;40.208;19.191;0.837;0.0582;0;0.0188;999.71;20.522;0;0;2.9428;17.579;995.85;1.8586;0.4648;0.0582;1.2061;0.1294;997.71;1.9994;1.7078;0.2138;0.0745;0.0032;1001.1;851.74;106.65;35.985;1.4793;354.91;283.92;115.04;1.856;3.8875;55.921;5.2048;57.952;0;1;0;0;1.3317;0.9799;1;1;0.9268;0.084;0.9981;0.9995;1;0.9676;0.9195;0.998;0.998;1;0.998;0.998;0.9761;0.895;0.0771;2.9035;2.9761;0.0179;0.0013;0.5444;0.0169;0.0599;0.0086;0;0;0.088;2.1346;0;0;0;0;0;0;0;0;0;0;0;0;0.0482;0.0203;2.2585;2.2585;0;76.582;76.582;50.531;0.0507;2566.3;880.09;1;0.036;0.036;0;0;0;0;0;0;2.2226;2.1346;0;14.628;16.939;13.825;16.01;98.407;98.407;24.486;19.047;18.001;5.439;1.0455;0.2221;0.0427;0.7352;28.997;0.7062;0
19/02/21 10:00;56.642;-50.146;20.633;63.189;26.811;-90;-26.811;920.51;151.9;768.61;27.34;3.87;0;861.19;49.015;112.15;0;9.8959;1032.3;0;1032.3;861.19;112.15;49.015;9.8959;0.8343;0.0571;0;0.0096;1021.9;10.315;0;0;1.8119;8.5027;1017.4;2.5159;0.6125;0.0798;1.5549;0.2686;1019.9;2.0439;1.7224;0.2243;0.0944;0.0028;1020;858.86;111.85;45.554;1.1218;500.98;400.78;162.54;0.5042;5.3405;76.821;2.6103;81.657;0;1;0;0;1.1214;0.99;1;1;0.963;0.1408;0.9975;0.9993;1;0.967;0.8068;0.998;0.998;1;0.998;0.998;0.9856;0.9294;0.1134;2.9377;3.0722;0.0185;0.0027;0.5894;0.0172;0.0611;0.0117;0;0;0.088;2.1759;0;0;0;0;0;0;0;0;0;0;0;0;0.0492;0.0215;2.3008;2.3008;0;79.071;79.071;51.731;0.0508;2626.1;875;1;0.0368;0.0368;0;0;0;0;0;0;2.2639;2.1759;0;14.728;17.055;13.929;16.129;98.399;98.399;24.774;19.403;18.35;5.3717;1.0528;0.2168;0.0425;0.7407;31.634;0.7016;0
19/02/21 11:00;64.147;-24.158;23.445;78.783;11.217;-90;-11.217;966.49;161.7;804.79;27.85;3;0;820.46;57.59;105.57;0;1.8461;985.47;0;985.47;820.46;105.57;57.59;1.8461;0.8326;0.0603;0;0.0019;983.44;2.0355;0;0;0.5029;1.5326;978.37;3.1046;0.6631;0.0853;2.2859;0.0703;981.47;1.9669;1.6409;0.2111;0.1142;0.0006;978.74;818.16;105.28;54.687;0.2427;563.02;450.42;179.23;0.0263;6.1908;89.052;0.3769;95.217;0;1;0;0;1.0196;0.9979;1;1;0.9913;0.1698;0.9968;0.9992;1;0.9599;0.7755;0.998;0.998;1;0.998;0.998;0.9928;0.9496;0.1314;2.8046;2.9786;0.0179;0.0014;0.5552;0.0168;0.0597;0.0136;0;0;0.088;2.122;0;0;0;0;0;0;0;0;0;0;0;0;0.0481;0.0203;2.2456;2.2456;0;77.532;77.532;49.682;0.0508;2566.4;875;1;0.0356;0.0356;0;0;0;0;0;0;2.21;2.122;0;15.058;17.436;14.229;16.477;98.417;98.417;23.651;18.937;17.895;4.714;1.042;0.1993;0.0441;0.7566;34.63;0.7087;0
19/02/21 12:00;65.616;10.801;23.925;85.145;4.8553;90;4.8553;435;397.5;37.496;28.3;2.35;0;37.631;385.09;11.761;0;0.1561;434.64;0;434.64;37.631;11.761;385.09;0.1561;0.0866;0.8864;0;0.0004;433.64;0.9949;0;0;0.8648;0.1301;415.97;16.804;0.031;0.0097;16.757;0.0058;432.78;0.8673;0.0753;0.0235;0.7684;0.0001;415.98;37.525;11.728;366.7;0.0201;257.6;206.08;78.835;0.0024;3.0377;43.697;0.0082;46.732;0;1;0;0;0.9992;0.9977;1;1;0.9978;0.1664;0.9612;0.9992;1;0.9563;0.7766;0.998;0.998;1;0.998;0.998;0.9571;0.9522;0.129;1.2369;1.2777;0.0077;0.0082;0.1094;0.0081;0.0286;0.0075;0;0;0.088;0.9766;0;0;0;0;0;0;0;0;0;0;0;0;0.023;0.0042;1.081;1.081;0;48.985;48.985;20.685;0.0497;1098.4;984.17;1;0.0164;0.0164;0;0;0;0;0;0;1.0646;0.9766;0;16.435;19.032;14.847;17.193;98.478;98.478;10.431;9.1165;8.2357;1.3148;0.8808;0.126;0.0844;0.7895;228.65;0.7342;0
19/02/21 13:00;60.13;41.181;22.014;69.286;20.714;90;20.714;918.3;171.2;747.1;29.1;1.81;0;798.73;63.457;112.93;0;5.9363;981.05;0;981.05;798.73;112.93;63.457;5.9363;0.8142;0.0707;0;0.0061;974.51;6.5428;0;0;1.5555;4.9873;969.54;3.0201;0.6061;0.0857;2.1205;0.2078;972.56;1.949;1.5975;0.2259;0.1238;0.0019;971.04;796.53;112.61;59.657;0.7393;518.23;414.59;164.81;0.2591;5.724;82.338;1.5039;87.803;0;1;0;0;1.0683;0.9933;1;1;0.9755;0.1599;0.9969;0.9992;1;0.9657;0.7806;0.998;0.998;1;0.998;0.998;0.9883;0.9401;0.1245;2.792;2.9432;0.0177;0.0009;0.5578;0.0166;0.0588;0.0126;0;0;0.088;2.0889;0;0;0;0;0;0;0;0;0;0;0;0;0.0473;0.0198;2.2116;2.2116;0;78.368;78.368;49.268;0.0508;2526.1;875;1;0.0348;0.0348;0;0;0;0;0;0;2.1769;2.0889;0;14.897;17.25;14.07;16.292;98.428;98.428;23.545;18.651;17.616;4.8943;1.0353;0.2079;0.044;0.7482;39.564;0.7039;0
19/02/21 14:00;50.532;61.032;17.93;54.231;35.769;90;35.769;837.51;151.2;686.31;29.46;1.3699;0;845.85;49.757;118.64;0;15.797;1030;0;1030;845.85;118.64;49.757;15.797;0.8212;0.0636;0;0.0153;1012.9;17.146;0;0;2.9146;14.231;1008.6;2.3156;0.5228;0.0733;1.5095;0.21;1010.9;2.0258;1.6917;0.2373;0.0937;0.0031;1012.9;843.64;118.33;45.24;1.3524;421.06;336.85;138.83;1.3851;4.4071;63.395;4.393;66.417;0;1;0;0;1.2299;0.9834;1;1;0.9414;0.0991;0.9977;0.9994;1;0.9677;0.8656;0.998;0.998;1;0.998;0.998;0.9791;0.9092;0.0856;2.9314;3.0251;0.0182;0.002;0.6;0.0168;0.0597;0.0096;0;0;0.088;2.1199;0;0;0;0;0;0;0;0;0;0;0;0;0.0481;0.0209;2.2497;2.2434;0;80.815;80.815;51.355;0.0509;2563.9;875;1;0.0418;0.0355;0;0.0063;0;0;0;0;2.2079;2.1199;0;14.392;16.666;13.6;15.748;98.143;98.417;24.721;18.919;17.878;5.8018;1.0416;0.2347;0.0421;0.7232;34.227;0.6913;0
19/02/21 15:00;39.177;74.345;12.074;40.242;49.758;90;49.758;699.81;125.9;573.91;30.15;1.01;0;888.38;36.207;126.79;0;24.772;1076.1;0;1076.1;888.38;126.79;36.207;24.772;0.8255;0.0567;0;0.023;1049.5;26.603;0;0;3.4696;23.133;1045.9;1.578;0.3698;0.0528;1.0831;0.0724;1047.4;2.0991;1.7768;0.2536;0.0655;0.0033;1051.6;886.23;126.48;31.589;1.5634;267.49;213.99;83.48;3.1371;3.2528;46.79;5.7488;46.906;0;1;0;0;1.5378;0.9753;1;1;0.9042;0.0662;0.9985;0.9996;1;0.9669;0.9557;0.998;0.998;1;0.998;0.998;0.9719;0.8725;0.0631;3.0626;3.1025;0.0187;0.0032;0.6458;0.017;0.0604;0.007;0;0;0.088;2.1428;0;0;0;0;0;0;0;0;0;0;0;0;0.0487;0.022;2.2797;2.2669;0;83.526;83.526;53.376;0.051;2590.7;875;1;0.0488;0.0361;0;0.0128;0;0;0;0;2.2308;2.1428;0;13.92;16.118;13.158;15.236;97.858;98.41;25.827;19.117;18.071;6.7106;1.0462;0.2598;0.0405;0.6997;28.2;0.6776;0
19/02/21 16:00;27.127;84.486;5.6296;27.235;60;90;60;435.8;163.3;272.5;30.19;0.7001;0;594.74;70.059;152.53;0;21.79;839.12;0;839.12;594.74;152.53;70.059;21.79;0.7088;0.1095;0;0.026;809.93;29.192;0;0;8.8077;20.385;805.9;2.4036;0.1154;0.0296;2.1629;0.0956;808.31;1.6199;1.1895;0.3051;0.1225;0.0028;809.29;593.44;152.2;58.966;1.3069;96.769;77.415;34.717;11.718;1.5711;22.6;3.3835;12.453;0;1;0;0;1.9255;0.9652;1;1;0.8743;0.0645;0.997;0.9998;1;0.9646;0.9318;0.998;0.998;1;0.998;0.998;0.9604;0.8417;0.06;2.3881;2.3607;0.0142;-0.002;0.3852;0.0137;0.0487;0.0036;0;0;0.088;1.7288;0;0;0;0;0;0;0;0;0;0;0;0;0.0393;0.0131;1.8448;1.8448;0;70.895;70.895;40.705;0.0505;2037;905.64;1;0.028;0.028;0;0;0;0;0;0;1.8168;1.7288;0;14.528;16.823;13.614;15.765;98.481;98.481;20.139;15.558;14.579;4.5812;0.9784;0.2275;0.0486;0.7239;60.991;0.7096;0
19/02/21 17:00;14.874;93.244;51.498;14.897;23.674;90;23.674;206.3;139;67.306;29.7;0.3101;0;163.24;108.15;63.3;0;1.7362;336.42;0;336.42;163.24;63.3;108.15;1.7362;0.4852;0.3266;0;0.0052;331.66;4.7617;0;0;3.2848;1.4769;324.15;6.8447;2.3602;0.9152;3.5151;0.0542;331;0.6633;0.3265;0.1266;0.2097;0.0005;324.42;160.55;62.258;101.14;0.2046;68.962;55.169;21.422;0.7129;0.8389;12.067;0.2719;12.193;0;1;0;0;1.6307;0.9858;1;1;0.9696;0.1493;0.9793;0.9855;1;0.9664;0.7907;0.998;0.998;1;0.998;0.998;0.9635;0.9352;0.1178;0.9574;0.9524;0.0057;0.0128;0.0713;0.006;0.0214;0.0021;0;0;0.088;0.7126;0;0;0;0;0;0;0;0;0;0;0;0;0.0172;0.0025;0.8133;0.8133;0;45.802;45.802;16.102;0.0497;820.15;991.65;1;0.0127;0.0127;0;0;0;0;0;0;0.8006;0.7126;0;15.975;18.499;13.997;16.208;98.439;98.439;8.0741;6.8587;6.0096;1.2154;0.8492;0.1505;0.1052;0.7443;68.504;0.7248;0
19/02/21 18:00;4.3255;100.53;79.46;4.3993;6.3222;90;6.3222;12.6;12.499;0.1009;27.47;0.4099;0;0.2447;12.449;0.029;0;0.0077;12.73;0;12.73;0.2447;0.029;12.449;0.0077;0.0192;0.9785;0;0.0006;12.682;0.0488;0;0;0.0425;0.0064;12.041;0.6149;0.0738;0.0088;0.532;0.0003;12.656;0.0254;0.0005;0.0001;0.0248;0;12.042;0.1704;0.0202;11.85;0.001;7.4077;5.9262;2.2546;0.0005;0.0882;1.2686;0.0008;1.3562;0;1;0;0;1.0104;0.9962;1;1;0.9966;0.167;0.9514;0.6977;1;0.957;0.776;0.998;0.998;1;0.998;0.998;0.9459;0.9519;0.1293;0.0362;0.037;0.0002;0.0067;0.0004;0.0002;0.0007;0.0002;0;0;0.088;-0.0626;0;0;0;0;0;0;0;0;0;0;0;0;0.0006;0;0.0279;0.0279;0;28.083;28.083;0.6132;0.0509;30.008;929.79;1;0.0025;0.0025;0;0;0;0;0;0;0.0254;-0.0626;0;14.483;16.771;-32.49;-37.623;91.06;91.06;0.3055;0.2353;-0.5279;0.0702;0.7632;0.2299;2.4978;0;7.4072;0;0
19/02/21 19:00;0;0;90;0;0;90;0;0;0;0;24.12;0.83;0;0;0;0;0;0;0;0;0;0;0;0;0;1;1;1;1;0;0;0;0;0;0;0;0;0;0;0;0;0;0;0;0;0;0;0;0;0;0;0;0;0;0;0;0;0;0;0;0;0;0;0;1;1;1;1;1;1;1;1;1;1;1;1;1;1;1;1;1;1;1;0;0;0;0;0;0;0;0;0;0.0004;0.088;-0.0884;0;0;0;0;0;0;0;0;0;0;0;0;0;0;0;0;0;0;0;-24.12;0;0;0;0;0.0004;0;0;0;0;0;0;0;-0.0004;-0.0884;0;0;0;0;0;0;0;0;0;-0.7452;0;0.7452;1;1;0;0;0;0
19/02/21 20:00;0;0;90;0;0;90;0;0;0;0;22.11;1.39;0;0;0;0;0;0;0;0;0;0;0;0;0;1;1;1;1;0;0;0;0;0;0;0;0;0;0;0;0;0;0;0;0;0;0;0;0;0;0;0;0;0;0;0;0;0;0;0;0;0;0;0;1;1;1;1;1;1;1;1;1;1;1;1;1;1;1;1;1;1;1;0;0;0;0;0;0;0;0;0;0.0004;0.088;-0.0884;0;0;0;0;0;0;0;0;0;0;0;0;0;0;0;0;0;0;0;-22.11;0;0;0;0;0.0004;0;0;0;0;0;0;0;-0.0004;-0.0884;0;0;0;0;0;0;0;0;0;-0.7452;0;0.7452;1;1;0;0;0;0
19/02/21 21:00;0;0;90;0;0;90;0;0;0;0;21.57;2.12;0;0;0;0;0;0;0;0;0;0;0;0;0;1;1;1;1;0;0;0;0;0;0;0;0;0;0;0;0;0;0;0;0;0;0;0;0;0;0;0;0;0;0;0;0;0;0;0;0;0;0;0;1;1;1;1;1;1;1;1;1;1;1;1;1;1;1;1;1;1;1;0;0;0;0;0;0;0;0;0;0.0004;0.088;-0.0884;0;0;0;0;0;0;0;0;0;0;0;0;0;0;0;0;0;0;0;-21.57;0;0;0;0;0.0004;0;0;0;0;0;0;0;-0.0004;-0.0884;0;0;0;0;0;0;0;0;0;-0.7452;0;0.7452;1;1;0;0;0;0
19/02/21 22:00;0;0;90;0;0;90;0;0;0;0;21.15;2.74;0;0;0;0;0;0;0;0;0;0;0;0;0;1;1;1;1;0;0;0;0;0;0;0;0;0;0;0;0;0;0;0;0;0;0;0;0;0;0;0;0;0;0;0;0;0;0;0;0;0;0;0;1;1;1;1;1;1;1;1;1;1;1;1;1;1;1;1;1;1;1;0;0;0;0;0;0;0;0;0;0.0004;0.088;-0.0884;0;0;0;0;0;0;0;0;0;0;0;0;0;0;0;0;0;0;0;-21.15;0;0;0;0;0.0004;0;0;0;0;0;0;0;-0.0004;-0.0884;0;0;0;0;0;0;0;0;0;-0.7452;0;0.7452;1;1;0;0;0;0
19/02/21 23:00;0;0;90;0;0;90;0;0;0;0;22.41;2.9301;0;0;0;0;0;0;0;0;0;0;0;0;0;1;1;1;1;0;0;0;0;0;0;0;0;0;0;0;0;0;0;0;0;0;0;0;0;0;0;0;0;0;0;0;0;0;0;0;0;0;0;0;1;1;1;1;1;1;1;1;1;1;1;1;1;1;1;1;1;1;1;0;0;0;0;0;0;0;0;0;0.0004;0.088;-0.0884;0;0;0;0;0;0;0;0;0;0;0;0;0;0;0;0;0;0;0;-22.41;0;0;0;0;0.0004;0;0;0;0;0;0;0;-0.0004;-0.0884;0;0;0;0;0;0;0;0;0;-0.7452;0;0.7452;1;1;0;0;0;0
20/02/21 00:00;0;0;90;0;0;90;0;0;0;0;22.02;2.9;0;0;0;0;0;0;0;0;0;0;0;0;0;1;1;1;1;0;0;0;0;0;0;0;0;0;0;0;0;0;0;0;0;0;0;0;0;0;0;0;0;0;0;0;0;0;0;0;0;0;0;0;1;1;1;1;1;1;1;1;1;1;1;1;1;1;1;1;1;1;1;0;0;0;0;0;0;0;0;0;0.0004;0.088;-0.0884;0;0;0;0;0;0;0;0;0;0;0;0;0;0;0;0;0;0;0;-22.02;0;0;0;0;0.0004;0;0;0;0;0;0;0;-0.0004;-0.0884;0;0;0;0;0;0;0;0;0;-0.7452;0;0.7452;1;1;0;0;0;0
20/02/21 01:00;0;0;90;0;0;90;0;0;0;0;22.02;2.89;0;0;0;0;0;0;0;0;0;0;0;0;0;1;1;1;1;0;0;0;0;0;0;0;0;0;0;0;0;0;0;0;0;0;0;0;0;0;0;0;0;0;0;0;0;0;0;0;0;0;0;0;1;1;1;1;1;1;1;1;1;1;1;1;1;1;1;1;1;1;1;0;0;0;0;0;0;0;0;0;0.0004;0.088;-0.0884;0;0;0;0;0;0;0;0;0;0;0;0;0;0;0;0;0;0;0;-22.02;0;0;0;0;0.0004;0;0;0;0;0;0;0;-0.0004;-0.0884;0;0;0;0;0;0;0;0;0;-0.7452;0;0.7452;1;1;0;0;0;0
20/02/21 02:00;0;0;90;0;0;90;0;0;0;0;21.2;2.97;0;0;0;0;0;0;0;0;0;0;0;0;0;1;1;1;1;0;0;0;0;0;0;0;0;0;0;0;0;0;0;0;0;0;0;0;0;0;0;0;0;0;0;0;0;0;0;0;0;0;0;0;1;1;1;1;1;1;1;1;1;1;1;1;1;1;1;1;1;1;1;0;0;0;0;0;0;0;0;0;0.0004;0.088;-0.0884;0;0;0;0;0;0;0;0;0;0;0;0;0;0;0;0;0;0;0;-21.2;0;0;0;0;0.0004;0;0;0;0;0;0;0;-0.0004;-0.0884;0;0;0;0;0;0;0;0;0;-0.7452;0;0.7452;1;1;0;0;0;0
20/02/21 03:00;0;0;90;0;0;90;0;0;0;0;19.33;3.07;0;0;0;0;0;0;0;0;0;0;0;0;0;1;1;1;1;0;0;0;0;0;0;0;0;0;0;0;0;0;0;0;0;0;0;0;0;0;0;0;0;0;0;0;0;0;0;0;0;0;0;0;1;1;1;1;1;1;1;1;1;1;1;1;1;1;1;1;1;1;1;0;0;0;0;0;0;0;0;0;0.0004;0.088;-0.0884;0;0;0;0;0;0;0;0;0;0;0;0;0;0;0;0;0;0;0;-19.33;0;0;0;0;0.0004;0;0;0;0;0;0;0;-0.0004;-0.0884;0;0;0;0;0;0;0;0;0;-0.7452;0;0.7452;1;1;0;0;0;0
20/02/21 04:00;0;0;90;0;0;90;0;0;0;0;17.86;3.06;0;0;0;0;0;0;0;0;0;0;0;0;0;1;1;1;1;0;0;0;0;0;0;0;0;0;0;0;0;0;0;0;0;0;0;0;0;0;0;0;0;0;0;0;0;0;0;0;0;0;0;0;1;1;1;1;1;1;1;1;1;1;1;1;1;1;1;1;1;1;1;0;0;0;0;0;0;0;0;0;0.0004;0.088;-0.0884;0;0;0;0;0;0;0;0;0;0;0;0;0;0;0;0;0;0;0;-17.86;0;0;0;0;0.0004;0;0;0;0;0;0;0;-0.0004;-0.0884;0;0;0;0;0;0;0;0;0;-0.7452;0;0.7452;1;1;0;0;0;0
20/02/21 05:00;1.9644;-101.76;85.231;2.0065;2.8646;-90;-2.8646;0.293;0.293;0;16.63;4.0799;0;0;0.2928;0;0;0;0.2929;0.2929;0;0;0;0;0;1;1;1;1;0;0;0;0;0;0;0;0;0;0;0;0;0;0;0;0;0;0;0;0;0;0;0;0;0;0;0;0;0;0;0;0;0;0;0;0;1;1;1;1;1;1;1;1;1;1;1;1;1;0;0;1;0;0;0;0;0;0;0;0;0;0;0;0.0004;0.088;-0.0884;0;0;0;0;0;0;0;0;0;0;0;0;0;0;0;0;0;0;0;-16.63;0;0;0;0;0.0004;0;0;0;0;0;0;0;-0.0004;-0.0884;0;0;0;0;0;0;0;0;0;-0.7452;0;0.7452;1;1;0;0;0;0
20/02/21 06:00;9.8371;-96.268;65.521;9.8951;14.736;-90;-14.736;131.19;24.898;106.3;19.97;3.96;0;257.8;13.573;26.916;0;0.4315;298.72;0;298.72;257.8;26.916;13.573;0.4315;0.863;0.0469;0;0.0014;298.17;0.546;0;0;0.1877;0.3584;278.33;19.25;16.957;1.7704;0.5058;0.0163;297.58;0.5963;0.5156;0.0538;0.0268;0.0001;278.34;240.33;25.091;12.853;0.0566;8.8274;7.0619;2.8177;0.0166;0.0976;1.4041;0.0099;1.4851;0;1;0;0;2.2769;0.9982;1;1;0.9862;0.1695;0.9353;0.9341;1;0.9621;0.7761;0.998;0.998;1;0.998;0.998;0.9317;0.9469;0.1313;0.8501;0.7992;0.0048;0.0148;0.0248;0.0053;0.0187;0.0003;0;0;0.088;0.6137;0;0;0;0;0;0;0;0;0;0;0;0;0.0151;0.0018;0.7136;0.7136;0;33.671;33.671;13.701;0.0492;686.64;1039.2;1;0.0119;0.0119;0;0;0;0;0;0;0.7017;0.6137;0;15.785;18.278;13.575;15.719;98.332;98.332;7.1692;6.0175;5.175;1.1518;0.8425;0.1607;0.1175;0.7218;8.2522;0.7193;0
20/02/21 07:00;22.086;-87.726;24.232;22.102;43.753;-90;-43.753;357.6;61.298;296.3;23.14;3.5199;0;718.62;22.985;83.931;0;9.9296;835.46;0;835.46;718.62;83.931;22.985;9.9296;0.8601;0.0394;0;0.0119;824.5;10.962;0;0;1.8205;9.1416;821.44;1.4102;0.6003;0.0701;0.6873;0.0525;822.85;1.649;1.4372;0.1679;0.0423;0.0016;821.72;716.58;83.693;20.435;0.7339;18.536;14.829;6.5655;1.2766;0.2435;3.5027;0.2775;2.4696;0;1;0;0;2.3363;0.9869;1;1;0.9208;0.0794;0.9983;0.9992;1;0.9675;0.9332;0.998;0.998;1;0.998;0.998;0.9832;0.8891;0.0739;2.3777;2.358;0.0142;-0.002;0.329;0.0141;0.0501;0.0006;0;0;0.088;1.781;0;0;0;0;0;0;0;0;0;0;0;0;0.0403;0.0131;1.8986;1.8986;0;64.407;64.407;41.267;0.0502;2037.1;932.01;1;0.0295;0.0295;0;0;0;0;0;0;1.869;1.781;0;15.017;17.389;14.087;16.312;98.444;98.444;20.051;16.011;15.02;4.0401;0.9912;0.2015;0.0494;0.7491;16.914;0.7467;0
20/02/21 08:00;34.251;-78.257;9.6846;34.817;55.183;-90;-55.183;576.09;95.203;480.89;26.68;2.5401;0;842.25;29.005;102.07;0;24.717;998.04;0;998.04;842.25;102.07;29.005;24.717;0.8439;0.0538;0;0.0248;971.79;26.252;0;0;3.2187;23.034;968.58;1.2679;0.2812;0.0341;0.8787;0.074;969.84;1.9436;1.6845;0.2041;0.0516;0.0034;973.51;840.28;101.83;24.856;1.6058;175.62;140.5;54.315;3.6085;2.2685;32.632;4.9352;31.292;0;1;0;0;1.7324;0.9737;1;1;0.889;0.0681;0.9987;0.9997;1;0.9659;0.956;0.998;0.998;1;0.998;0.998;0.9705;0.857;0.065;2.8403;2.8507;0.0172;-0.0001;0.5139;0.0162;0.0576;0.005;0;0;0.088;2.0536;0;0;0;0;0;0;0;0;0;0;0;0;0.0464;0.0187;2.1757;2.1757;0;75.794;75.794;49.115;0.0507;2460;884.42;1;0.0341;0.0341;0;0;0;0;0;0;2.1416;2.0536;0;14.405;16.681;13.597;15.745;98.431;98.431;23.953;18.348;17.318;5.6048;1.03;0.234;0.043;0.723;23.911;0.7057;0
20/02/21 09:00;45.939;-66.452;16.131;48.422;41.578;-90;-41.578;757.9;124.9;633.01;28.85;1.71;0;846.21;40.272;105.37;0;19.095;1010.9;0;1010.9;846.21;105.37;40.272;19.095;0.837;0.0587;0;0.0189;990.48;20.457;0;0;2.9605;17.496;986.64;1.864;0.4705;0.0586;1.2078;0.1271;988.5;1.981;1.6924;0.2107;0.0746;0.0032;991.82;844.04;105.1;36.029;1.4684;350.47;280.37;113.59;1.8781;3.8431;55.281;5.1769;57.246;0;1;0;0;1.3339;0.9798;1;1;0.9265;0.0837;0.9981;0.9994;1;0.9676;0.9203;0.998;0.998;1;0.998;0.998;0.976;0.8946;0.0769;2.8771;2.9484;0.0178;0.001;0.5658;0.0165;0.0587;0.0084;0;0;0.088;2.0902;0;0;0;0;0;0;0;0;0;0;0;0;0.0473;0.0199;2.213;2.213;0;79.014;79.014;50.164;0.0508;2526.6;875;1;0.0348;0.0348;0;0;0;0;0;0;2.1782;2.0902;0;14.465;16.75;13.663;15.821;98.427;98.427;24.263;18.663;17.627;5.5999;1.0356;0.2308;0.0427;0.7265;29.075;0.6979;0
20/02/21 10:00;56.379;-49.702;20.985;63.109;26.891;-90;-26.891;893;147.3;745.7;30.34;1.3599;0;836.12;49.944;105.96;0;9.6564;1001.7;0;1001.7;836.12;105.96;49.944;9.6564;0.8347;0.0595;0;0.0096;991.52;10.155;0;0;1.855;8.3001;987.01;2.526;0.6048;0.0766;1.5835;0.261;989.54;1.983;1.6722;0.2119;0.0962;0.0027;989.56;833.84;105.67;46.409;1.0927;485.92;388.74;157.67;0.519;5.1812;74.53;2.5503;79.192;0;1;0;0;1.1217;0.9899;1;1;0.9629;0.1405;0.9974;0.9993;1;0.967;0.8072;0.998;0.998;1;0.998;0.998;0.9854;0.9292;0.1132;2.8507;2.9805;0.018;0.0014;0.589;0.0166;0.0589;0.0113;0;0;0.088;2.0891;0;0;0;0;0;0;0;0;0;0;0;0;0.0474;0.0203;2.2177;2.2118;0;80.588;80.588;50.248;0.0509;2527.8;875;1;0.0406;0.0348;0;0.0058;0;0;0;0;2.1771;2.0891;0;14.591;16.896;13.781;15.958;98.17;98.428;24.04;18.653;17.617;5.3876;1.0354;0.2241;0.0431;0.7328;32.25;0.6942;0
20/02/21 11:00;63.816;-23.835;23.805;78.762;11.238;-90;-11.238;1062;175.2;886.8;31.61;1.5199;0;904.14;50.673;126.46;0;2.0364;1083.3;0;1083.3;904.14;126.46;50.673;2.0364;0.8346;0.0487;0;0.0019;1081.2;2.1345;0;0;0.4439;1.6905;1076.1;2.9339;0.7419;0.1038;2.0106;0.0775;1079;2.1623;1.8083;0.2529;0.1005;0.0007;1076.5;901.59;126.1;48.118;0.2677;618.45;494.76;196.97;0.0234;6.7932;97.718;0.4166;104.49;0;1;0;0;1.0201;0.998;1;1;0.9912;0.1698;0.9973;0.9992;1;0.9599;0.7755;0.998;0.998;1;0.998;0.998;0.9933;0.9496;0.1314;3.083;3.2757;0.0197;0.0063;0.7187;0.0177;0.0628;0.0143;0;0;0.088;2.197;0;0;0;0;0;0;0;0;0;0;0;0;0.0506;0.0243;2.3611;2.3223;0;86.672;86.672;55.062;0.0512;2654.1;875;1;0.0761;0.0373;0;0.0388;0;0;0;0;2.285;2.197;0;14.166;16.404;13.401;15.518;96.775;98.392;25.999;19.585;18.528;6.4148;1.057;0.2467;0.0407;0.7126;30.473;0.6675;0
20/02/21 12:00;65.258;10.717;24.282;85.102;4.8981;90;4.8981;654.19;411.3;242.89;31.87;1.7501;0;243.78;331.89;79.094;0;0.2389;655.01;0;655.01;243.78;79.094;331.89;0.2389;0.3722;0.5071;0;0.0004;654.05;0.9547;0;0;0.7556;0.1991;638.03;14.714;0.2041;0.0662;14.435;0.0089;652.74;1.3081;0.4876;0.1582;0.6623;0.0001;638.05;243.09;78.87;316.04;0.0308;386.3;309.04;120.75;0.0023;4.3905;63.156;0.017;67.545;0;1;0;0;1.0012;0.9985;1;1;0.9977;0.1664;0.9775;0.9992;1;0.9563;0.7766;0.998;0.998;1;0.998;0.998;0.9741;0.9522;0.129;1.8641;1.952;0.0118;0.0001;0.2704;0.0117;0.0415;0.0103;0;0;0.088;1.4526;0;0;0;0;0;0;0;0;0;0;0;0;0.0334;0.0091;1.5638;1.5638;0;63.93;63.93;32.06;0.0502;1682;929.74;1;0.0232;0.0232;0;0;0;0;0;0;1.5406;1.4526;0;15.776;18.269;14.654;16.969;98.515;98.515;15.72;13.188;12.25;2.5324;0.9379;0.1611;0.0597;0.7792;197.08;0.7268;0
20/02/21 13:00;59.818;40.824;22.361;69.183;20.817;90;20.817;932.5;163.5;769.01;32.08;1.9299;0;822.71;57.361;111.48;0;6.0876;997.64;0;997.64;822.71;111.48;57.361;6.0876;0.8247;0.0636;0;0.0061;991.11;6.5337;0;0;1.4173;5.1164;986.28;2.8472;0.6342;0.0859;1.9148;0.2123;989.13;1.9822;1.6454;0.223;0.1119;0.0019;987.82;820.43;111.17;53.917;0.7568;525.69;420.55;167.24;0.2387;5.801;83.445;1.5438;89.008;0;1;0;0;1.0699;0.9935;1;1;0.9753;0.1595;0.9971;0.9992;1;0.9657;0.7809;0.998;0.998;1;0.998;0.998;0.9886;0.94;0.1243;2.8392;2.9934;0.018;0.0016;0.611;0.0165;0.0587;0.0125;0;0;0.088;2.0749;0;0;0;0;0;0;0;0;0;0;0;0;0.0472;0.0205;2.2073;2.1973;0;82.365;82.365;50.284;0.051;2511.2;875;1;0.0444;0.0344;0;0.01;0;0;0;0;2.1629;2.0749;0;14.554;16.853;13.743;15.914;97.987;98.433;23.943;18.53;17.498;5.413;1.0325;0.2261;0.0431;0.7308;35.782;0.6877;0
20/02/21 14:00;50.27;60.645;18.26;54.081;35.92;90;35.92;861.81;143.7;718.11;32.81;2.0899;0;886.72;43.05;118.7;0;16.388;1064.9;0;1064.9;886.72;118.7;43.05;16.388;0.8327;0.0558;0;0.0154;1047.5;17.312;0;0;2.5383;14.774;1043.3;2.1526;0.5582;0.0747;1.3054;0.2143;1045.5;2.0951;1.7734;0.2374;0.081;0.0032;1047.9;884.39;118.39;39.125;1.3964;431.35;345.08;142.23;1.2164;4.5012;64.748;4.5488;68.033;0;1;0;0;1.2356;0.9837;1;1;0.941;0.0985;0.9979;0.9994;1;0.9677;0.8669;0.998;0.998;1;0.998;0.998;0.9798;0.9088;0.0852;3.0305;3.1277;0.0188;0.0036;0.6814;0.017;0.0602;0.0095;0;0;0.088;2.1122;0;0;0;0;0;0;0;0;0;0;0;0;0.0485;0.0223;2.2664;2.2355;0;86.171;86.171;53.361;0.0511;2554.9;875;1;0.0662;0.0353;0;0.0309;0;0;0;0;2.2002;2.1122;0;13.872;16.064;13.107;15.178;97.078;98.42;25.557;18.852;17.812;6.7044;1.04;0.2623;0.0407;0.697;29.649;0.6666;0
20/02/21 15:00;38.946;73.991;12.386;40.058;49.942;90;49.942;598.6;201.9;396.7;33.23;2.1699;0;616.41;90.901;141.84;0;21.336;870.49;0;870.49;616.41;141.84;90.901;21.336;0.7081;0.1289;0;0.0245;841.81;28.686;0;0;8.7576;19.928;837.02;3.1052;0.2632;0.0606;2.7198;0.0617;840.12;1.6836;1.2328;0.2837;0.1643;0.0028;842.28;614.92;141.5;79.26;1.3436;247.8;198.24;80.102;7.9671;3.1624;45.49;5.2633;40.685;0;1;0;0;1.4542;0.967;1;1;0.9037;0.066;0.9963;0.9996;1;0.9668;0.9561;0.998;0.998;1;0.998;0.998;0.9615;0.8719;0.063;2.4774;2.501;0.0151;-0.002;0.4513;0.0143;0.0506;0.007;0;0;0.088;1.7926;0;0;0;0;0;0;0;0;0;0;0;0;0.0407;0.0146;1.9094;1.9094;0;75.671;75.671;42.442;0.0507;2156.1;885.57;1;0.0288;0.0288;0;0;0;0;0;0;1.8806;1.7926;0;14.495;16.784;13.608;15.757;98.49;98.49;20.892;16.102;15.117;4.7894;0.9853;0.2292;0.0472;0.7236;70.928;0.6963;0
20/02/21 16:00;26.909;84.165;5.9878;27.029;60;90;60;434.7;160.1;274.6;33.19;2.0099;0;603.45;67.879;152.94;0;21.735;846;0;846;603.45;152.94;67.879;21.735;0.7133;0.1059;0;0.0257;817.13;28.867;0;0;8.5336;20.333;813.15;2.3471;0.1246;0.0316;2.0956;0.0954;815.5;1.6343;1.2069;0.3059;0.1187;0.0028;816.26;602.12;152.6;57.131;1.3036;92.944;74.355;33.955;11.353;1.4757;21.228;3.1057;11.35;0;1;0;0;1.9462;0.9659;1;1;0.8743;0.0645;0.9971;0.9998;1;0.9646;0.9318;0.998;0.998;1;0.998;0.998;0.9612;0.8417;0.06;2.4076;2.3779;0.0143;-0.002;0.4183;0.0136;0.0483;0.0033;0;0;0.088;1.7143;0;0;0;0;0;0;0;0;0;0;0;0;0.0389;0.0132;1.8298;1.8298;0;74.379;74.379;41.189;0.0507;2051.1;892.09;1;0.0275;0.0275;0;0;0;0;0;0;1.8023;1.7143;0;14.292;16.55;13.39;15.505;98.498;98.498;20.304;15.431;14.457;4.8734;0.9739;0.24;0.048;0.712;59.093;0.6989;0
20/02/21 17:00;14.657;92.947;52.145;14.675;23.235;90;23.235;201.6;137.9;63.695;32.45;1.5801;0;154.48;108.45;60.317;0;1.635;324.88;0;324.88;154.48;60.317;108.45;1.635;0.4755;0.3388;0;0.005;320.29;4.5845;0;0;3.1963;1.3882;312.76;6.8944;2.3763;0.9278;3.5384;0.052;319.65;0.6406;0.309;0.1206;0.2105;0.0005;313.01;151.79;59.268;101.5;0.1944;68.959;55.167;21.738;0.6685;0.8153;11.728;0.2532;11.875;0;1;0;0;1.6115;0.9859;1;1;0.9705;0.151;0.9784;0.9846;1;0.9663;0.789;0.998;0.998;1;0.998;0.998;0.9627;0.936;0.1189;0.9246;0.919;0.0055;0.0133;0.0763;0.0058;0.0205;0.002;0;0;0.088;0.6769;0;0;0;0;0;0;0;0;0;0;0;0;0.0165;0.0023;0.7769;0.7769;0;48.019;48.019;15.569;0.0498;791.62;981.45;1;0.0121;0.0121;0;0;0;0;0;0;0.7649;0.6769;0;15.803;18.299;13.767;15.942;98.444;98.444;7.7971;6.552;5.708;1.2451;0.844;0.1597;0.1083;0.7321;68.525;0.7128;0
20/02/21 18:00;4.3034;100.11;79.514;4.371;6.2809;90;6.2809;0;0;0;30.51;1.57;0;0;0;0;0;0;0;0;0;0;0;0;0;1;1;1;1;0;0;0;0;0;0;0;0;0;0;0;0;0;0;0;0;0;0;0;0;0;0;0;0;0;0;0;0;0;0;0;0;0;0;0;1;1;1;1;1;1;1;1;1;1;1;1;1;1;1;1;1;1;1;0;0;0;0;0;0;0;0;0;0.0004;0.088;-0.0884;0;0;0;0;0;0;0;0;0;0;0;0;0;0;0;0;0;0;0;-30.51;0;0;0;0;0.0004;0;0;0;0;0;0;0;-0.0004;-0.0884;0;0;0;0;0;0;0;0;0;-0.7452;0;0.7452;1;1;0;0;0;0
20/02/21 19:00;0;0;90;0;0;90;0;0;0;0;24.7;1.49;0;0;0;0;0;0;0;0;0;0;0;0;0;1;1;1;1;0;0;0;0;0;0;0;0;0;0;0;0;0;0;0;0;0;0;0;0;0;0;0;0;0;0;0;0;0;0;0;0;0;0;0;1;1;1;1;1;1;1;1;1;1;1;1;1;1;1;1;1;1;1;0;0;0;0;0;0;0;0;0;0.0004;0.088;-0.0884;0;0;0;0;0;0;0;0;0;0;0;0;0;0;0;0;0;0;0;-24.7;0;0;0;0;0.0004;0;0;0;0;0;0;0;-0.0004;-0.0884;0;0;0;0;0;0;0;0;0;-0.7452;0;0.7452;1;1;0;0;0;0
20/02/21 20:00;0;0;90;0;0;90;0;0;0;0;25.96;1.3599;0;0;0;0;0;0;0;0;0;0;0;0;0;1;1;1;1;0;0;0;0;0;0;0;0;0;0;0;0;0;0;0;0;0;0;0;0;0;0;0;0;0;0;0;0;0;0;0;0;0;0;0;1;1;1;1;1;1;1;1;1;1;1;1;1;1;1;1;1;1;1;0;0;0;0;0;0;0;0;0;0.0004;0.088;-0.0884;0;0;0;0;0;0;0;0;0;0;0;0;0;0;0;0;0;0;0;-25.96;0;0;0;0;0.0004;0;0;0;0;0;0;0;-0.0004;-0.0884;0;0;0;0;0;0;0;0;0;-0.7452;0;0.7452;1;1;0;0;0;0
20/02/21 21:00;0;0;90;0;0;90;0;0;0;0;21.94;1.31;0;0;0;0;0;0;0;0;0;0;0;0;0;1;1;1;1;0;0;0;0;0;0;0;0;0;0;0;0;0;0;0;0;0;0;0;0;0;0;0;0;0;0;0;0;0;0;0;0;0;0;0;1;1;1;1;1;1;1;1;1;1;1;1;1;1;1;1;1;1;1;0;0;0;0;0;0;0;0;0;0.0004;0.088;-0.0884;0;0;0;0;0;0;0;0;0;0;0;0;0;0;0;0;0;0;0;-21.94;0;0;0;0;0.0004;0;0;0;0;0;0;0;-0.0004;-0.0884;0;0;0;0;0;0;0;0;0;-0.7452;0;0.7452;1;1;0;0;0;0
20/02/21 22:00;0;0;90;0;0;90;0;0;0;0;20.46;1.46;0;0;0;0;0;0;0;0;0;0;0;0;0;1;1;1;1;0;0;0;0;0;0;0;0;0;0;0;0;0;0;0;0;0;0;0;0;0;0;0;0;0;0;0;0;0;0;0;0;0;0;0;1;1;1;1;1;1;1;1;1;1;1;1;1;1;1;1;1;1;1;0;0;0;0;0;0;0;0;0;0.0004;0.088;-0.0884;0;0;0;0;0;0;0;0;0;0;0;0;0;0;0;0;0;0;0;-20.46;0;0;0;0;0.0004;0;0;0;0;0;0;0;-0.0004;-0.0884;0;0;0;0;0;0;0;0;0;-0.7452;0;0.7452;1;1;0;0;0;0
20/02/21 23:00;0;0;90;0;0;90;0;0;0;0;19.82;1.7599;0;0;0;0;0;0;0;0;0;0;0;0;0;1;1;1;1;0;0;0;0;0;0;0;0;0;0;0;0;0;0;0;0;0;0;0;0;0;0;0;0;0;0;0;0;0;0;0;0;0;0;0;1;1;1;1;1;1;1;1;1;1;1;1;1;1;1;1;1;1;1;0;0;0;0;0;0;0;0;0;0.0004;0.088;-0.0884;0;0;0;0;0;0;0;0;0;0;0;0;0;0;0;0;0;0;0;-19.82;0;0;0;0;0.0004;0;0;0;0;0;0;0;-0.0004;-0.0884;0;0;0;0;0;0;0;0;0;-0.7452;0;0.7452;1;1;0;0;0;0
21/02/21 00:00;0;0;90;0;0;90;0;0;0;0;19.1;2.0899;0;0;0;0;0;0;0;0;0;0;0;0;0;1;1;1;1;0;0;0;0;0;0;0;0;0;0;0;0;0;0;0;0;0;0;0;0;0;0;0;0;0;0;0;0;0;0;0;0;0;0;0;1;1;1;1;1;1;1;1;1;1;1;1;1;1;1;1;1;1;1;0;0;0;0;0;0;0;0;0;0.0004;0.088;-0.0884;0;0;0;0;0;0;0;0;0;0;0;0;0;0;0;0;0;0;0;-19.1;0;0;0;0;0.0004;0;0;0;0;0;0;0;-0.0004;-0.0884;0;0;0;0;0;0;0;0;0;-0.7452;0;0.7452;1;1;0;0;0;0
21/02/21 01:00;0;0;90;0;0;90;0;0;0;0;18.3;2.3899;0;0;0;0;0;0;0;0;0;0;0;0;0;1;1;1;1;0;0;0;0;0;0;0;0;0;0;0;0;0;0;0;0;0;0;0;0;0;0;0;0;0;0;0;0;0;0;0;0;0;0;0;1;1;1;1;1;1;1;1;1;1;1;1;1;1;1;1;1;1;1;0;0;0;0;0;0;0;0;0;0.0004;0.088;-0.0884;0;0;0;0;0;0;0;0;0;0;0;0;0;0;0;0;0;0;0;-18.3;0;0;0;0;0.0004;0;0;0;0;0;0;0;-0.0004;-0.0884;0;0;0;0;0;0;0;0;0;-0.7452;0;0.7452;1;1;0;0;0;0
21/02/21 02:00;0;0;90;0;0;90;0;0;0;0;17.48;2.6399;0;0;0;0;0;0;0;0;0;0;0;0;0;1;1;1;1;0;0;0;0;0;0;0;0;0;0;0;0;0;0;0;0;0;0;0;0;0;0;0;0;0;0;0;0;0;0;0;0;0;0;0;1;1;1;1;1;1;1;1;1;1;1;1;1;1;1;1;1;1;1;0;0;0;0;0;0;0;0;0;0.0004;0.088;-0.0884;0;0;0;0;0;0;0;0;0;0;0;0;0;0;0;0;0;0;0;-17.48;0;0;0;0;0.0004;0;0;0;0;0;0;0;-0.0004;-0.0884;0;0;0;0;0;0;0;0;0;-0.7452;0;0.7452;1;1;0;0;0;0
21/02/21 03:00;0;0;90;0;0;90;0;0;0;0;16.6;2.76;0;0;0;0;0;0;0;0;0;0;0;0;0;1;1;1;1;0;0;0;0;0;0;0;0;0;0;0;0;0;0;0;0;0;0;0;0;0;0;0;0;0;0;0;0;0;0;0;0;0;0;0;1;1;1;1;1;1;1;1;1;1;1;1;1;1;1;1;1;1;1;0;0;0;0;0;0;0;0;0;0.0004;0.088;-0.0884;0;0;0;0;0;0;0;0;0;0;0;0;0;0;0;0;0;0;0;-16.6;0;0;0;0;0.0004;0;0;0;0;0;0;0;-0.0004;-0.0884;0;0;0;0;0;0;0;0;0;-0.7452;0;0.7452;1;1;0;0;0;0
21/02/21 04:00;0;0;90;0;0;90;0;0;0;0;17.2;2.82;0;0;0;0;0;0;0;0;0;0;0;0;0;1;1;1;1;0;0;0;0;0;0;0;0;0;0;0;0;0;0;0;0;0;0;0;0;0;0;0;0;0;0;0;0;0;0;0;0;0;0;0;1;1;1;1;1;1;1;1;1;1;1;1;1;1;1;1;1;1;1;0;0;0;0;0;0;0;0;0;0.0004;0.088;-0.0884;0;0;0;0;0;0;0;0;0;0;0;0;0;0;0;0;0;0;0;-17.2;0;0;0;0;0.0004;0;0;0;0;0;0;0;-0.0004;-0.0884;0;0;0;0;0;0;0;0;0;-0.7452;0;0.7452;1;1;0;0;0;0
21/02/21 05:00;1.7743;-101.45;85.693;1.8103;2.5838;-90;-2.5838;3.5944;3.4988;0.0955;17;3.9199;0;0;3.4971;0;0;0.0004;3.4974;3.4974;0;0;0;0;0;1;1;1;1;0;0;0;0;0;0;0;0;0;0;0;0;0;0;0;0;0;0;0;0;0;0;0;0;0;0;0;0;0;0;0;0;0;0;0;0;1;1;1;1;1;1;1;1;1;1;1;1;1;0;0;1;0;0;0;0;0;0;0;0;0;0;0;0.0004;0.088;-0.0884;0;0;0;0;0;0;0;0;0;0;0;0;0;0;0;0;0;0;0;-17;0;0;0;0;0.0004;0;0;0;0;0;0;0;-0.0004;-0.0884;0;0;0;0;0;0;0;0;0;-0.7452;0;0.7452;1;1;0;0;0;0
21/02/21 06:00;9.6538;-95.95;66.002;9.7051;14.427;-90;-14.427;88.003;56.003;32;20.18;3.7401;0;77.61;47.581;18.577;0;0.2775;144.05;0;144.05;77.61;18.577;47.581;0.2775;0.5388;0.3322;0;0.0019;143.18;0.8652;0;0;0.6348;0.2305;134.43;8.464;5.382;1.2882;1.7833;0.0105;142.89;0.2864;0.1552;0.0372;0.0939;0.0001;134.46;72.073;17.251;45.069;0.0364;29.091;23.273;8.9752;0.0536;0.3418;4.9171;0.033;5.2053;0;1;0;0;1.6368;0.994;1;1;0.9867;0.1696;0.9408;0.9305;1;0.9619;0.776;0.998;0.998;1;0.998;0.998;0.9332;0.9472;0.1313;0.4099;0.3946;0.0024;0.0172;0.0026;0.0026;0.0092;0.0009;0;0;0.088;0.2561;0;0;0;0;0;0;0;0;0;0;0;0;0.0074;0.0006;0.3517;0.3517;0;26.8;26.8;6.6197;0.0492;337.38;1042.4;1;0.0076;0.0076;0;0;0;0;0;0;0.3441;0.2561;0;16.133;18.682;11.747;13.603;97.837;97.837;3.4571;2.9658;2.1595;0.4913;0.8063;0.1421;0.2332;0.6247;28.897;0.6091;0
21/02/21 07:00;21.905;-87.387;25.206;21.925;42.978;-90;-42.978;179.5;153.7;25.804;21.94;3.4299;0;62.581;126.48;18.479;0;4.8176;212.36;0;212.36;62.581;18.479;126.48;4.8176;0.2947;0.6183;0;0.0227;198.17;14.188;0;0;9.7595;4.4282;193.89;3.8832;0.0544;0.0161;3.7851;0.0277;197.77;0.3963;0.1252;0.037;0.2334;0.0008;195.34;62.401;18.426;112.7;0.361;92.597;74.077;31.54;6.594;1.3123;18.878;1.4549;13.596;0;1;0;0;1.183;0.9332;1;1;0.9228;0.0808;0.9804;0.9991;1;0.9675;0.9288;0.998;0.998;1;0.998;0.998;0.913;0.8911;0.0749;0.6043;0.5967;0.0036;0.0167;0.014;0.0039;0.014;0.0034;0;0;0.088;0.4314;0;0;0;0;0;0;0;0;0;0;0;0;0.0112;0.0011;0.5288;0.5288;0;31.494;31.494;9.554;0.0493;510.08;1036.7;1;0.0094;0.0094;0;0;0;0;0;0;0.5194;0.4314;0;16.456;19.055;13.424;15.544;98.217;98.217;5.0965;4.4596;3.638;0.6369;0.8216;0.125;0.1612;0.7138;92.433;0.6693;0
21/02/21 08:00;34.061;-77.884;10.013;34.662;55.338;-90;-55.338;373.6;237;136.6;25.38;2.9499;0;240.18;153.4;72.844;0;16.112;482.53;0;482.53;240.18;72.844;153.4;16.112;0.4977;0.3513;0;0.0334;450.43;32.107;0;0;17.092;15.015;444.72;4.806;0.0829;0.0251;4.6493;0.0486;449.53;0.9009;0.4804;0.1457;0.2726;0.0022;449.65;239.61;72.673;131.39;1.0461;176.27;141.01;60.364;19.245;2.9121;41.89;4.9352;25.556;0;1;0;0;1.2916;0.9335;1;1;0.8886;0.0681;0.9893;0.9997;1;0.9658;0.9556;0.998;0.998;1;0.998;0.998;0.9216;0.8565;0.0649;1.3733;1.3704;0.0083;0.0069;0.1095;0.0087;0.0309;0.0072;0;0;0.088;1.0634;0;0;0;0;0;0;0;0;0;0;0;0;0.0249;0.0047;1.1693;1.1693;0;47.459;47.459;22.079;0.0496;1178.4;992.27;1;0.0179;0.0179;0;0;0;0;0;0;1.1514;1.0634;0;16.012;18.542;14.563;16.863;98.473;98.473;11.581;9.8605;8.9679;1.7203;0.8927;0.1485;0.0771;0.7744;126.68;0.7271;0
21/02/21 09:00;45.723;-66.034;16.473;48.299;41.701;-90;-41.701;753.2;124.3;628.9;28.01;2.5301;0;842.32;40.212;104.81;0;19.084;1006.4;0;1006.4;842.32;104.81;40.212;19.084;0.8369;0.0589;0;0.019;985.97;20.461;0;0;2.9689;17.492;982.13;1.869;0.4783;0.0595;1.2057;0.1254;984;1.9719;1.6846;0.2096;0.0745;0.0032;987.14;840.16;104.54;35.963;1.4641;347.6;278.08;113.79;1.8945;3.7401;53.799;5.0127;55.645;0;1;0;0;1.3362;0.9797;1;1;0.9262;0.0835;0.9981;0.9994;1;0.9676;0.9211;0.998;0.998;1;0.998;0.998;0.9759;0.8943;0.0767;2.8642;2.9321;0.0177;0.0008;0.5507;0.0165;0.0587;0.0082;0;0;0.088;2.0897;0;0;0;0;0;0;0;0;0;0;0;0;0.0473;0.0197;2.2125;2.2125;0;77.899;77.899;49.889;0.0508;2528.5;875;1;0.0348;0.0348;0;0;0;0;0;0;2.1777;2.0897;0;14.526;16.821;13.72;15.888;98.428;98.428;24.154;18.658;17.623;5.4963;1.0355;0.2276;0.0429;0.7296;29.062;0.7015;0
21/02/21 10:00;56.114;-49.256;21.34;63.031;26.969;-90;-26.969;876.11;147.1;729.01;30.71;2.2301;0;817.96;51.551;103.88;0;9.5276;982.92;0;982.92;817.96;103.88;51.551;9.5276;0.8322;0.0621;0;0.0097;972.8;10.116;0;0;1.9236;8.1924;968.29;2.5681;0.6017;0.0764;1.6336;0.2564;970.86;1.9456;1.6359;0.2078;0.0993;0.0027;970.81;815.72;103.6;47.894;1.0762;476.66;381.33;154.67;0.541;5.0839;73.13;2.5195;77.673;0;1;0;0;1.1219;0.9897;1;1;0.9627;0.1401;0.9974;0.9993;1;0.967;0.8076;0.998;0.998;1;0.998;0.998;0.9851;0.9291;0.113;2.7973;2.924;0.0176;0.0007;0.5716;0.0163;0.0579;0.0111;0;0;0.088;2.0561;0;0;0;0;0;0;0;0;0;0;0;0;0.0467;0.0196;2.1825;2.1781;0;79.98;79.98;49.27;0.0509;2489.3;875;1;0.0384;0.034;0;0.0044;0;0;0;0;2.1441;2.0561;0;14.643;16.956;13.823;16.006;98.243;98.439;23.59;18.368;17.339;5.2219;1.0288;0.2214;0.0436;0.735;33.304;0.6962;0
21/02/21 11:00;63.483;-23.511;24.167;78.743;11.257;-90;-11.257;958.99;160.7;798.29;32.27;2.27;0;813.96;57.386;104.77;0;1.8451;977.96;0;977.96;813.96;104.77;57.386;1.8451;0.8323;0.0606;0;0.0019;975.92;2.0359;0;0;0.5042;1.5317;970.86;3.1119;0.6781;0.0873;2.2763;0.0702;973.97;1.9518;1.6279;0.2095;0.1138;0.0006;971.23;811.65;104.47;54.492;0.2425;558.6;446.88;177.82;0.0266;6.1422;88.353;0.3773;94.469;0;1;0;0;1.0198;0.9979;1;1;0.9912;0.1698;0.9968;0.9992;1;0.9599;0.7755;0.998;0.998;1;0.998;0.998;0.9927;0.9496;0.1314;2.7832;2.9557;0.0178;0.0011;0.5968;0.0164;0.0581;0.0133;0;0;0.088;2.0551;0;0;0;0;0;0;0;0;0;0;0;0;0.0468;0.02;2.1855;2.177;0;81.742;81.742;49.472;0.051;2488;875;1;0.0425;0.034;0;0.0085;0;0;0;0;2.1431;2.0551;0;14.71;17.034;13.886;16.08;98.057;98.44;23.471;18.359;17.331;5.1117;1.0285;0.2178;0.0438;0.7384;34.512;0.6916;0
21/02/21 12:00;64.897;10.641;24.642;85.055;4.9445;90;4.9445;973.41;166.4;807.01;33.3;2.7001;0;810.03;60.002;106.68;0;0.3622;977.07;0;977.07;810.03;106.68;60.002;0.3622;0.829;0.0618;0;0.0004;976.63;0.4406;0;0;0.1386;0.302;971.28;3.4004;0.6881;0.0906;2.6083;0.0134;974.68;1.9533;1.6201;0.2134;0.1197;0.0001;971.31;807.72;106.38;57.135;0.0467;572.8;458.24;183.51;0.0005;6.2204;89.478;0.0334;95.698;0;1;0;0;1.0038;0.9995;1;1;0.9977;0.1664;0.9965;0.9991;1;0.9563;0.7766;0.998;0.998;1;0.998;0.998;0.9941;0.9522;0.129;2.7807;2.9582;0.0178;0.0011;0.6092;0.0163;0.0578;0.0134;0;0;0.088;2.0432;0;0;0;0;0;0;0;0;0;0;0;0;0.0466;0.02;2.1759;2.1649;0;82.839;82.839;49.539;0.051;2474.1;875;1;0.0447;0.0337;0;0.0111;0;0;0;0;2.1312;2.0432;0;14.641;16.954;13.818;16.001;97.944;98.444;23.45;18.257;17.23;5.1932;1.0262;0.2215;0.0438;0.7348;35.631;0.6876;0
21/02/21 13:00;59.501;40.476;22.71;69.075;20.925;90;20.925;922.09;165.4;756.69;33.63;3.3301;0;810.12;59.272;111.46;0;6.0811;986.93;0;986.93;810.12;111.46;59.272;6.0811;0.8208;0.0662;0;0.0062;980.34;6.5898;0;0;1.4766;5.1132;975.47;2.9092;0.6342;0.0873;1.9764;0.2113;978.38;1.9607;1.6202;0.2229;0.1156;0.0019;976.98;807.86;111.15;55.703;0.7546;519.67;415.73;167.5;0.2512;5.5941;80.469;1.5075;85.812;0;1;0;0;1.0703;0.9933;1;1;0.9751;0.1592;0.997;0.9992;1;0.9657;0.7812;0.998;0.998;1;0.998;0.998;0.9884;0.9398;0.1241;2.8087;2.9564;0.0178;0.0011;0.615;0.0163;0.0577;0.012;0;0;0.088;2.0363;0;0;0;0;0;0;0;0;0;0;0;0;0.0464;0.02;2.1701;2.1578;0;83.406;83.406;49.776;0.051;2466.1;875;1;0.0458;0.0335;0;0.0123;0;0;0;0;2.1243;2.0363;0;14.448;16.73;13.634;15.788;97.891;98.447;23.686;18.197;17.173;5.4889;1.0248;0.2317;0.0433;0.725;36.994;0.6833;0
21/02/21 14:00;50.002;60.263;18.592;53.925;36.075;90;36.075;814.4;158;656.4;34.97;3.8201;0;812.12;55.123;120.05;0;15.616;1002.9;0;1002.9;812.12;120.05;55.123;15.616;0.8098;0.0705;0;0.0156;985.55;17.36;0;0;3.2722;14.088;981.11;2.469;0.5205;0.0769;1.6708;0.2008;983.58;1.9711;1.6242;0.2401;0.1037;0.0031;985.47;809.98;119.73;50.076;1.3243;408.97;327.17;134.86;1.5793;4.2942;61.77;4.3575;64.485;0;1;0;0;1.2315;0.9827;1;1;0.9406;0.0979;0.9975;0.9994;1;0.9677;0.8683;0.998;0.998;1;0.998;0.998;0.9783;0.9084;0.0848;2.8542;2.9432;0.0177;0.0009;0.6308;0.0161;0.0569;0.0091;0;0;0.088;2.0043;0;0;0;0;0;0;0;0;0;0;0;0;0.0459;0.0199;2.1459;2.1251;0;85.104;85.104;50.134;0.0511;2428.7;875;1;0.0536;0.0328;0;0.0208;0;0;0;0;2.0923;2.0043;0;14.002;16.214;13.206;15.292;97.504;98.459;24.07;17.921;16.903;6.1488;1.0184;0.2555;0.0423;0.7022;38.01;0.6713;0
21/02/21 15:00;38.709;73.638;12.698;39.87;50.131;90;50.131;626.1;171.9;454.2;34.94;4.0501;0;708.54;67.623;139.59;0;22.475;938.23;0;938.23;708.54;139.59;67.623;22.475;0.7552;0.096;0;0.024;910.69;27.546;0;0;6.5507;20.995;906.4;2.4594;0.3102;0.0611;2.0238;0.0643;908.86;1.8214;1.4171;0.2792;0.1221;0.003;911.72;706.81;139.25;58.927;1.4121;248.56;198.85;79.519;6.0067;3.0971;44.551;5.3192;41.641;0;1;0;0;1.4985;0.9706;1;1;0.9031;0.0658;0.9973;0.9996;1;0.9668;0.9564;0.998;0.998;1;0.998;0.998;0.9661;0.8714;0.0628;2.6701;2.6978;0.0162;-0.0013;0.5398;0.015;0.0532;0.0067;0;0;0.088;1.8844;0;0;0;0;0;0;0;0;0;0;0;0;0.0429;0.0169;2.0084;2.0027;0;81.104;81.104;46.164;0.0509;2288.8;875;1;0.036;0.0303;0;0.0057;0;0;0;0;1.9724;1.8844;0;14.105;16.333;13.272;15.368;98.207;98.485;22.518;16.889;15.891;5.6285;0.9981;0.25;0.0443;0.7057;52.865;0.6815;0
21/02/21 16:00;26.686;83.845;6.3489;26.819;60;90;60;67.004;66.4;0.604;34.35;3.53;0;1.3366;49.752;0.1416;0;3.3502;54.58;0;54.58;1.3366;0.1416;49.752;3.3502;0.0245;0.9729;0;0.0614;45.191;9.3888;0;0;6.2547;3.1341;43.55;1.551;0.0003;0;1.536;0.0147;45.101;0.0904;0.0027;0.0003;0.087;0.0004;44.977;1.3336;0.1413;41.874;0.2009;43.374;34.699;15.944;8.3184;0.8786;12.638;1.4268;5.1986;0;1;0;0;0.8146;0.828;1;1;0.8743;0.0645;0.9656;0.9998;1;0.9646;0.9318;0.998;0.998;1;0.998;0.998;0.7979;0.8417;0.06;0.1553;0.154;0.0009;0.0134;0.0066;0.0009;0.0033;0.0021;0;0;0.088;0.0314;0;0;0;0;0;0;0;0;0;0;0;0;0.0027;0.0001;0.1239;0.1239;0;36.539;36.539;2.1895;0.0503;129.75;955.28;1;0.0046;0.0046;0;0;0;0;0;0;0.1194;0.0314;0;15.006;17.376;3.8003;4.4007;96.326;96.326;1.3099;1.0452;0.2647;0.2647;0.7805;0.2021;0.5959;0.2021;43.312;0.1722;0
21/02/21 17:00;14.435;92.651;52.801;14.45;22.793;90;22.793;83.198;81.599;1.5985;30.91;2.4601;0;3.8767;78.053;0.9095;0;0.6497;83.489;0;83.489;3.8767;0.9095;78.053;0.6497;0.0464;0.9427;0;0.0078;80.708;2.7812;0;0;2.2307;0.5505;77.89;2.6564;0.0637;0.0149;2.5568;0.021;80.546;0.1614;0.0078;0.0018;0.1516;0.0002;78.063;3.8053;0.8927;73.114;0.0779;49.209;39.367;15.438;0.4489;0.5849;8.4131;0.1735;8.549;0;1;0;0;1.0035;0.9667;1;1;0.9714;0.1526;0.967;0.9835;1;0.9662;0.7874;0.998;0.998;1;0.998;0.998;0.9329;0.9367;0.1199;0.2376;0.2402;0.0014;0.0156;0.0087;0.0015;0.0053;0.0014;0;0;0.088;0.1079;0;0;0;0;0;0;0;0;0;0;0;0;0.0043;0.0003;0.2016;0.2016;0;34.794;34.794;3.8833;0.0499;204.3;986.9;1;0.0057;0.0057;0;0;0;0;0;0;0.1959;0.1079;0;15.958;18.479;8.5398;9.8889;97.162;97.162;2.0037;1.7003;0.9099;0.3035;0.7904;0.1514;0.3944;0.4541;49.199;0.4223;0
21/02/21 18:00;4.2777;99.681;79.578;4.3393;6.2346;90;6.2346;36.608;35.102;1.5053;29.72;2.4501;0;3.6509;34.492;1.2314;0;0.0217;39.396;0;39.396;3.6509;1.2314;34.492;0.0217;0.0927;0.8761;0;0.0005;39.263;0.1331;0;0;0.115;0.018;36.216;2.9689;1.1159;0.3764;1.4758;0.0008;39.185;0.0785;0.0073;0.0025;0.0688;0;36.218;2.5276;0.8526;32.833;0.0028;20.53;16.424;6.2496;0.0013;0.2443;3.5145;0.002;3.7576;0;1;0;0;1.0762;0.9966;1;1;0.9967;0.167;0.9242;0.6937;1;0.957;0.776;0.998;0.998;1;0.998;0.998;0.9193;0.9519;0.1293;0.1121;0.1107;0.0007;0.0116;0.0027;0.0007;0.0024;0.0006;0;0;0.088;-0.0019;0;0;0;0;0;0;0;0;0;0;0;0;0.0019;0.0001;0.0901;0.0901;0;31.537;31.537;1.8173;0.0502;93.144;966.86;1;0.0039;0.0039;0;0;0;0;0;0;0.0861;-0.0019;0;15.105;17.492;-0.3122;-0.3615;95.649;95.649;0.9455;0.7595;-0.0157;0.186;0.7752;0.1968;0.8198;0;20.52;0;0
21/02/21 19:00;0;0;90;0;0;90;0;0;0;0;26.48;2.5499;0;0;0;0;0;0;0;0;0;0;0;0;0;1;1;1;1;0;0;0;0;0;0;0;0;0;0;0;0;0;0;0;0;0;0;0;0;0;0;0;0;0;0;0;0;0;0;0;0;0;0;0;1;1;1;1;1;1;1;1;1;1;1;1;1;1;1;1;1;1;1;0;0;0;0;0;0;0;0;0;0.0004;0.088;-0.0884;0;0;0;0;0;0;0;0;0;0;0;0;0;0;0;0;0;0;0;-26.48;0;0;0;0;0.0004;0;0;0;0;0;0;0;-0.0004;-0.0884;0;0;0;0;0;0;0;0;0;-0.7452;0;0.7452;1;1;0;0;0;0
21/02/21 20:00;0;0;90;0;0;90;0;0;0;0;24.54;2.75;0;0;0;0;0;0;0;0;0;0;0;0;0;1;1;1;1;0;0;0;0;0;0;0;0;0;0;0;0;0;0;0;0;0;0;0;0;0;0;0;0;0;0;0;0;0;0;0;0;0;0;0;1;1;1;1;1;1;1;1;1;1;1;1;1;1;1;1;1;1;1;0;0;0;0;0;0;0;0;0;0.0004;0.088;-0.0884;0;0;0;0;0;0;0;0;0;0;0;0;0;0;0;0;0;0;0;-24.54;0;0;0;0;0.0004;0;0;0;0;0;0;0;-0.0004;-0.0884;0;0;0;0;0;0;0;0;0;-0.7452;0;0.7452;1;1;0;0;0;0
21/02/21 21:00;0;0;90;0;0;90;0;0;0;0;23.6;2.9401;0;0;0;0;0;0;0;0;0;0;0;0;0;1;1;1;1;0;0;0;0;0;0;0;0;0;0;0;0;0;0;0;0;0;0;0;0;0;0;0;0;0;0;0;0;0;0;0;0;0;0;0;1;1;1;1;1;1;1;1;1;1;1;1;1;1;1;1;1;1;1;0;0;0;0;0;0;0;0;0;0.0004;0.088;-0.0884;0;0;0;0;0;0;0;0;0;0;0;0;0;0;0;0;0;0;0;-23.6;0;0;0;0;0.0004;0;0;0;0;0;0;0;-0.0004;-0.0884;0;0;0;0;0;0;0;0;0;-0.7452;0;0.7452;1;1;0;0;0;0
21/02/21 22:00;0;0;90;0;0;90;0;0;0;0;24.8;2.68;0;0;0;0;0;0;0;0;0;0;0;0;0;1;1;1;1;0;0;0;0;0;0;0;0;0;0;0;0;0;0;0;0;0;0;0;0;0;0;0;0;0;0;0;0;0;0;0;0;0;0;0;1;1;1;1;1;1;1;1;1;1;1;1;1;1;1;1;1;1;1;0;0;0;0;0;0;0;0;0;0.0004;0.088;-0.0884;0;0;0;0;0;0;0;0;0;0;0;0;0;0;0;0;0;0;0;-24.8;0;0;0;0;0.0004;0;0;0;0;0;0;0;-0.0004;-0.0884;0;0;0;0;0;0;0;0;0;-0.7452;0;0.7452;1;1;0;0;0;0
21/02/21 23:00;0;0;90;0;0;90;0;0;0;0;24.1;2.28;0;0;0;0;0;0;0;0;0;0;0;0;0;1;1;1;1;0;0;0;0;0;0;0;0;0;0;0;0;0;0;0;0;0;0;0;0;0;0;0;0;0;0;0;0;0;0;0;0;0;0;0;1;1;1;1;1;1;1;1;1;1;1;1;1;1;1;1;1;1;1;0;0;0;0;0;0;0;0;0;0.0004;0.088;-0.0884;0;0;0;0;0;0;0;0;0;0;0;0;0;0;0;0;0;0;0;-24.1;0;0;0;0;0.0004;0;0;0;0;0;0;0;-0.0004;-0.0884;0;0;0;0;0;0;0;0;0;-0.7452;0;0.7452;1;1;0;0;0;0
22/02/21 00:00;0;0;90;0;0;90;0;0;0;0;23.11;2.0701;0;0;0;0;0;0;0;0;0;0;0;0;0;1;1;1;1;0;0;0;0;0;0;0;0;0;0;0;0;0;0;0;0;0;0;0;0;0;0;0;0;0;0;0;0;0;0;0;0;0;0;0;1;1;1;1;1;1;1;1;1;1;1;1;1;1;1;1;1;1;1;0;0;0;0;0;0;0;0;0;0.0004;0.088;-0.0884;0;0;0;0;0;0;0;0;0;0;0;0;0;0;0;0;0;0;0;-23.11;0;0;0;0;0.0004;0;0;0;0;0;0;0;-0.0004;-0.0884;0;0;0;0;0;0;0;0;0;-0.7452;0;0.7452;1;1;0;0;0;0
22/02/21 01:00;0;0;90;0;0;90;0;0;0;0;21.3;2.0099;0;0;0;0;0;0;0;0;0;0;0;0;0;1;1;1;1;0;0;0;0;0;0;0;0;0;0;0;0;0;0;0;0;0;0;0;0;0;0;0;0;0;0;0;0;0;0;0;0;0;0;0;1;1;1;1;1;1;1;1;1;1;1;1;1;1;1;1;1;1;1;0;0;0;0;0;0;0;0;0;0.0004;0.088;-0.0884;0;0;0;0;0;0;0;0;0;0;0;0;0;0;0;0;0;0;0;-21.3;0;0;0;0;0.0004;0;0;0;0;0;0;0;-0.0004;-0.0884;0;0;0;0;0;0;0;0;0;-0.7452;0;0.7452;1;1;0;0;0;0
22/02/21 02:00;0;0;90;0;0;90;0;0;0;0;19.28;1.9901;0;0;0;0;0;0;0;0;0;0;0;0;0;1;1;1;1;0;0;0;0;0;0;0;0;0;0;0;0;0;0;0;0;0;0;0;0;0;0;0;0;0;0;0;0;0;0;0;0;0;0;0;1;1;1;1;1;1;1;1;1;1;1;1;1;1;1;1;1;1;1;0;0;0;0;0;0;0;0;0;0.0004;0.088;-0.0884;0;0;0;0;0;0;0;0;0;0;0;0;0;0;0;0;0;0;0;-19.28;0;0;0;0;0.0004;0;0;0;0;0;0;0;-0.0004;-0.0884;0;0;0;0;0;0;0;0;0;-0.7452;0;0.7452;1;1;0;0;0;0
22/02/21 03:00;0;0;90;0;0;90;0;0;0;0;18.3;1.9801;0;0;0;0;0;0;0;0;0;0;0;0;0;1;1;1;1;0;0;0;0;0;0;0;0;0;0;0;0;0;0;0;0;0;0;0;0;0;0;0;0;0;0;0;0;0;0;0;0;0;0;0;1;1;1;1;1;1;1;1;1;1;1;1;1;1;1;1;1;1;1;0;0;0;0;0;0;0;0;0;0.0004;0.088;-0.0884;0;0;0;0;0;0;0;0;0;0;0;0;0;0;0;0;0;0;0;-18.3;0;0;0;0;0.0004;0;0;0;0;0;0;0;-0.0004;-0.0884;0;0;0;0;0;0;0;0;0;-0.7452;0;0.7452;1;1;0;0;0;0
22/02/21 04:00;0;0;90;0;0;90;0;0;0;0;17.87;1.95;0;0;0;0;0;0;0;0;0;0;0;0;0;1;1;1;1;0;0;0;0;0;0;0;0;0;0;0;0;0;0;0;0;0;0;0;0;0;0;0;0;0;0;0;0;0;0;0;0;0;0;0;1;1;1;1;1;1;1;1;1;1;1;1;1;1;1;1;1;1;1;0;0;0;0;0;0;0;0;0;0.0004;0.088;-0.0884;0;0;0;0;0;0;0;0;0;0;0;0;0;0;0;0;0;0;0;-17.87;0;0;0;0;0.0004;0;0;0;0;0;0;0;-0.0004;-0.0884;0;0;0;0;0;0;0;0;0;-0.7452;0;0.7452;1;1;0;0;0;0
22/02/21 05:00;1.7858;-100.99;85.666;1.8191;2.5964;-90;-2.5964;0;0;0;17.37;2.7701;0;0;0;0;0;0;0;0;0;0;0;0;0;1;1;1;1;0;0;0;0;0;0;0;0;0;0;0;0;0;0;0;0;0;0;0;0;0;0;0;0;0;0;0;0;0;0;0;0;0;0;0;1;1;1;1;1;1;1;1;1;1;1;1;1;1;1;1;1;1;1;0;0;0;0;0;0;0;0;0;0.0004;0.088;-0.0884;0;0;0;0;0;0;0;0;0;0;0;0;0;0;0;0;0;0;0;-17.37;0;0;0;0;0.0004;0;0;0;0;0;0;0;-0.0004;-0.0884;0;0;0;0;0;0;0;0;0;-0.7452;0;0.7452;1;1;0;0;0;0
22/02/21 06:00;9.4711;-95.629;66.479;9.5161;14.122;-90;-14.122;123.2;24.399;98.805;18.82;3.46;0;239.63;13.684;25.478;0;0.3723;279.17;0;279.17;239.63;25.478;13.684;0.3723;0.8584;0.0504;0;0.0013;278.68;0.4853;0;0;0.1761;0.3092;258.21;19.91;17.518;1.8625;0.5158;0.0141;278.12;0.5574;0.4793;0.051;0.027;0.0001;258.22;221.63;23.565;12.965;0.0489;8.8376;7.0701;2.811;0.0144;0.0982;1.4129;0.009;1.4968;0;1;0;0;2.2659;0.9983;1;1;0.9871;0.1697;0.9284;0.9267;1;0.9617;0.7759;0.998;0.998;1;0.998;0.998;0.9249;0.9475;0.1314;0.7945;0.7416;0.0045;0.0154;0.0173;0.0049;0.0175;0.0003;0;0;0.088;0.5667;0;0;0;0;0;0;0;0;0;0;0;0;0.0141;0.0016;0.6661;0.6661;0;31.515;31.515;12.695;0.0492;636.47;1046.5;1;0.0113;0.0113;0;0;0;0;0;0;0.6547;0.5667;0;15.766;18.257;13.415;15.534;98.3;98.3;6.7;5.6171;4.7795;1.0829;0.8376;0.1616;0.125;0.7134;8.302;0.7107;0
22/02/21 07:00;21.724;-87.045;26.146;21.75;42.239;-90;-42.239;350.39;60.3;290.09;19.66;4.56;0;703.56;22.984;82.186;0;9.0979;817.82;0;817.82;703.56;82.186;22.984;9.0979;0.8603;0.0392;0;0.0111;807.75;10.078;0;0;1.729;8.349;804.68;1.4532;0.6341;0.0741;0.6885;0.0565;806.13;1.6155;1.4071;0.1644;0.0425;0.0015;804.93;701.51;81.948;20.523;0.691;18.276;14.621;6.4365;1.1309;0.2342;3.3686;0.2523;2.4718;0;1;0;0;2.334;0.9877;1;1;0.9248;0.0823;0.9982;0.9991;1;0.9675;0.9244;0.998;0.998;1;0.998;0.998;0.9839;0.893;0.0759;2.3275;2.3097;0.0139;-0.0019;0.2851;0.0141;0.05;0.0006;0;0;0.088;1.7773;0;0;0;0;0;0;0;0;0;0;0;0;0.0402;0.0126;1.8952;1.8952;0;59.937;59.937;40.278;0.0501;1995.4;949.77;1;0.0298;0.0298;0;0;0;0;0;0;1.8653;1.7773;0;15.313;17.732;14.361;16.63;98.426;98.426;19.628;15.982;14.989;3.6455;0.9936;0.1857;0.0506;0.7636;16.688;0.7613;0
22/02/21 08:00;33.87;-77.508;10.346;34.508;55.492;-90;-55.492;557.91;95.203;462.71;20.44;5.4001;0;816.75;30.176;100.04;0;24.184;971.15;0;971.15;816.75;100.04;30.176;24.184;0.841;0.056;0;0.0249;945.24;25.914;0;0;3.3759;22.538;942.03;1.3157;0.2913;0.0357;0.9151;0.0736;943.35;1.8905;1.6335;0.2001;0.0536;0.0033;946.69;814.83;99.807;25.832;1.5691;168.18;134.54;53.141;3.8285;2.1233;30.543;4.6528;28.837;0;1;0;0;1.7407;0.9733;1;1;0.8881;0.0681;0.9986;0.9996;1;0.9658;0.9552;0.998;0.998;1;0.998;0.998;0.97;0.856;0.0649;2.7638;2.7697;0.0167;-0.0008;0.4198;0.0163;0.0579;0.0049;0;0;0.088;2.0673;0;0;0;0;0;0;0;0;0;0;0;0;0.0467;0.0177;2.1905;2.1905;0;67.899;67.899;47.459;0.0504;2387.4;917.49;1;0.0352;0.0352;0;0;0;0;0;0;2.1553;2.0673;0;14.904;17.259;14.066;16.288;98.393;98.393;23.308;18.472;17.433;4.8352;1.039;0.2075;0.0446;0.748;24.961;0.7308;0
22/02/21 09:00;45.506;-65.614;16.82;48.176;41.824;-90;-41.824;762.49;125.9;636.59;22.07;6.11;0;854.26;39.56;108.11;0;19.428;1021.4;0;1021.4;854.26;108.11;39.56;19.428;0.8364;0.0578;0;0.019;1000.6;20.745;0;0;2.9333;17.812;996.74;1.87;0.4953;0.0627;1.1859;0.1261;998.61;2.0012;1.7085;0.2162;0.0733;0.0032;1001.8;852.05;107.83;35.368;1.4871;350.92;280.73;114.84;1.8827;3.776;54.317;5.0958;56.21;0;1;0;0;1.3395;0.9797;1;1;0.9259;0.0832;0.9981;0.9994;1;0.9676;0.9219;0.998;0.998;1;0.998;0.998;0.9759;0.894;0.0765;2.9067;2.9751;0.0179;0.0013;0.4996;0.0172;0.061;0.0085;0;0;0.088;2.1749;0;0;0;0;0;0;0;0;0;0;0;0;0.0491;0.0203;2.3002;2.3002;0;72.476;72.476;50.406;0.0506;2565;896.77;1;0.0373;0.0373;0;0;0;0;0;0;2.2629;2.1749;0;14.882;17.233;14.071;16.294;98.377;98.377;24.513;19.398;18.341;5.1145;1.057;0.2086;0.0431;0.7482;28.621;0.7196;0
22/02/21 10:00;55.847;-48.81;21.699;62.955;27.045;-90;-27.045;909.3;150;759.3;23.22;6.6801;0;852.52;48.509;110.8;0;9.9433;1021.8;0;1021.8;852.52;110.8;48.509;9.9433;0.8344;0.0572;0;0.0097;1011.4;10.371;0;0;1.8183;8.5529;1006.9;2.5234;0.6377;0.0829;1.5364;0.2665;1009.4;2.0228;1.705;0.2216;0.0934;0.0028;1009.5;850.18;110.5;45.061;1.1212;494.08;395.26;160.37;0.5143;5.264;75.721;2.6296;80.471;0;1;0;0;1.1237;0.9898;1;1;0.9625;0.1398;0.9975;0.9993;1;0.967;0.808;0.998;0.998;1;0.998;0.998;0.9854;0.9289;0.1128;2.9079;3.0399;0.0183;0.0022;0.5294;0.0174;0.0618;0.0118;0;0;0.088;2.2023;0;0;0;0;0;0;0;0;0;0;0;0;0.0498;0.0211;2.3281;2.3281;0;74.211;74.211;50.991;0.0506;2619.3;888.83;1;0.0378;0.0378;0;0;0;0;0;0;2.2903;2.2023;0;15.056;17.435;14.242;16.492;98.376;98.376;24.523;19.633;18.572;4.8896;1.0609;0.1994;0.0433;0.7573;31.353;0.7175;0
22/02/21 11:00;63.148;-23.187;24.532;78.726;11.274;-90;-11.274;990.99;163.5;827.49;24.65;7.0199;0;843.77;54.235;110.87;0;1.9121;1010.8;0;1010.8;843.77;110.87;54.235;1.9121;0.8348;0.0555;0;0.0019;1008.7;2.065;0;0;0.4776;1.5873;1003.7;3.0308;0.7136;0.0938;2.1507;0.0728;1006.7;2.0175;1.6875;0.2217;0.1075;0.0006;1004.1;841.37;110.56;51.499;0.2513;577.15;461.72;183.77;0.0253;6.3432;91.245;0.3915;97.563;0;1;0;0;1.02;0.998;1;1;0.9912;0.1698;0.997;0.9992;1;0.9599;0.7755;0.998;0.998;1;0.998;0.998;0.993;0.9496;0.1314;2.8766;3.0555;0.0184;0.0024;0.5468;0.0174;0.0618;0.0141;0;0;0.088;2.198;0;0;0;0;0;0;0;0;0;0;0;0;0.0498;0.0213;2.3235;2.3235;0;75.535;75.535;50.885;0.0507;2631.4;882.99;1;0.0376;0.0376;0;0;0;0;0;0;2.286;2.198;0;15.19;17.59;14.369;16.639;98.384;98.384;24.259;19.595;18.536;4.6643;1.0589;0.1923;0.0436;0.7641;32.618;0.7157;0
22/02/21 12:00;64.532;10.573;25.005;85.005;4.9947;90;4.9947;999.19;164.5;834.69;26.74;7.12;0;837.87;55.345;109.47;0;0.3794;1003.1;0;1003.1;837.87;109.47;55.345;0.3794;0.8353;0.0556;0;0.0004;1002.6;0.4462;0;0;0.1299;0.3163;997.38;3.2351;0.7222;0.0944;2.4044;0.0141;1000.6;2.0052;1.6757;0.2189;0.1104;0.0001;997.42;835.48;109.16;52.7;0.0489;587.91;470.33;188.42;0.0006;6.3803;91.778;0.0358;98.158;0;1;0;0;1.0039;0.9996;1;1;0.9977;0.1665;0.9968;0.9991;1;0.9564;0.7766;0.998;0.998;1;0.998;0.998;0.9943;0.9522;0.129;2.8546;3.0375;0.0183;0.0022;0.5642;0.0172;0.0609;0.0141;0;0;0.088;2.166;0;0;0;0;0;0;0;0;0;0;0;0;0.0491;0.0211;2.2906;2.2906;0;77.382;77.382;50.642;0.0508;2617.8;875;1;0.0366;0.0366;0;0;0;0;0;0;2.254;2.166;0;15.09;17.474;14.269;16.523;98.402;98.402;24.074;19.317;18.266;4.7565;1.0508;0.1976;0.0437;0.7588;32.868;0.7101;0
22/02/21 13:00;59.179;40.137;23.06;68.964;21.036;90;21.036;945.49;158.2;787.29;28.04;7.2;0;843.51;52.401;111.42;0;6.3014;1013.6;0;1013.6;843.51;111.42;52.401;6.3014;0.8322;0.0579;0;0.0062;1007;6.6174;0;0;1.3167;5.3008;1002.3;2.7226;0.6705;0.0886;1.7454;0.2181;1005;2.014;1.687;0.2228;0.1022;0.002;1003.8;841.15;111.11;49.237;0.7805;532.2;425.76;171.63;0.2267;5.7212;82.297;1.5634;87.792;0;1;0;0;1.0721;0.9935;1;1;0.9749;0.1588;0.9973;0.9992;1;0.9658;0.7816;0.998;0.998;1;0.998;0.998;0.9888;0.9396;0.1239;2.8847;3.0369;0.0183;0.0022;0.5821;0.017;0.0604;0.0125;0;0;0.088;2.1504;0;0;0;0;0;0;0;0;0;0;0;0;0.0487;0.0211;2.2746;2.2746;0;78.999;78.999;50.959;0.0508;2596.4;875;1;0.0362;0.0362;0;0;0;0;0;0;2.2384;2.1504;0;14.829;17.171;14.019;16.233;98.407;98.407;24.327;19.182;18.135;5.1448;1.0477;0.2115;0.0431;0.7455;32.725;0.7027;0
22/02/21 14:00;49.73;59.885;18.924;53.766;36.234;90;36.234;820.71;152.2;668.5;28.86;7.38;0;828.78;51.113;118.54;0;15.872;1014.3;0;1014.3;828.78;118.54;51.113;15.872;0.8171;0.066;0;0.0156;996.93;17.384;0;0;3.0552;14.329;992.57;2.3671;0.5407;0.0773;1.5486;0.2005;994.94;1.9939;1.6576;0.2371;0.0961;0.0031;996.99;826.59;118.23;46.414;1.3393;410.72;328.58;135.45;1.4871;4.3057;61.935;4.4253;64.754;0;1;0;0;1.2359;0.9829;1;1;0.9402;0.0972;0.9976;0.9993;1;0.9677;0.8698;0.998;0.998;1;0.998;0.998;0.9786;0.9081;0.0844;2.8867;2.9765;0.0179;0.0013;0.5746;0.0167;0.0592;0.0094;0;0;0.088;2.1063;0;0;0;0;0;0;0;0;0;0;0;0;0.0476;0.0203;2.2295;2.2295;0;79.339;79.339;50.479;0.0509;2544.6;875;1;0.0352;0.0352;0;0;0;0;0;0;2.1943;2.1063;0;14.525;16.819;13.722;15.89;98.422;98.422;24.344;18.802;17.763;5.5417;1.0388;0.2276;0.0427;0.7297;35.29;0.6978;0
22/02/21 15:00;38.467;73.288;13.012;39.677;50.323;90;50.323;646.3;150.6;495.7;28.79;7.45;0;776.41;52.88;134.78;0;23.367;987.44;0;987.44;776.41;134.78;52.88;23.367;0.7863;0.0772;0;0.0237;960.45;26.984;0;0;5.1512;21.833;956.47;2.058;0.3483;0.0605;1.583;0.0662;958.53;1.9209;1.5528;0.2696;0.0955;0.0031;961.86;774.51;134.45;46.051;1.4649;249.31;199.45;79.15;4.7617;3.0639;44.072;5.3884;42.375;0;1;0;0;1.5278;0.9727;1;1;0.9026;0.0657;0.9979;0.9996;1;0.9668;0.9567;0.998;0.998;1;0.998;0.998;0.9686;0.8708;0.0627;2.8102;2.8402;0.0171;-0.0002;0.5283;0.0161;0.057;0.0068;0;0;0.088;2.0293;0;0;0;0;0;0;0;0;0;0;0;0;0.0459;0.0186;2.1508;2.1508;0;77.353;77.353;48.563;0.0508;2450.3;877.76;1;0.0334;0.0334;0;0;0;0;0;0;2.1173;2.0293;0;14.393;16.667;13.58;15.726;98.447;98.447;23.698;18.138;17.114;5.5609;1.0239;0.2347;0.0432;0.7221;41.42;0.6988;0
22/02/21 16:00;26.458;83.525;6.7128;26.604;60;90;60;438.1;148.3;289.8;28.44;7.03;0;646;59.349;154.18;0;21.905;881.43;0;881.43;646;154.18;59.349;21.905;0.7329;0.0922;0;0.0249;853.48;27.954;0;0;7.4612;20.492;849.66;2.1136;0.1495;0.0357;1.8323;0.0961;851.77;1.707;1.292;0.3084;0.1038;0.0028;852.59;644.56;153.83;49.951;1.3138;82.323;65.858;29.618;9.9275;1.3284;19.109;2.9352;10.51;0;1;0;0;2.0119;0.9683;1;1;0.8743;0.0645;0.9975;0.9998;1;0.9646;0.9318;0.998;0.998;1;0.998;0.998;0.964;0.8417;0.06;2.5085;2.4776;0.0149;-0.002;0.4081;0.0144;0.0511;0.003;0;0;0.088;1.8151;0;0;0;0;0;0;0;0;0;0;0;0;0.0411;0.0143;1.9327;1.9327;0;71.369;71.369;42.929;0.0505;2137.2;904.3;1;0.0296;0.0296;0;0;0;0;0;0;1.9031;1.8151;0;14.489;16.778;13.607;15.757;98.467;98.467;21.154;16.299;15.307;4.8557;0.992;0.2295;0.0469;0.7236;51.667;0.712;0
22/02/21 17:00;14.21;92.354;53.464;14.221;22.349;90;22.349;207.5;130;77.498;27.04;5.1899;0;187.95;96.793;71.373;0;1.5586;357.68;0;357.68;187.95;71.373;96.793;1.5586;0.5255;0.275;0;0.0044;353.68;3.9985;0;0;2.6802;1.3183;345.17;7.8021;3.3102;1.257;3.1836;0.0514;352.97;0.7074;0.3759;0.1427;0.1882;0.0005;345.37;184.27;69.973;90.741;0.1885;61.389;49.111;19.319;0.5187;0.723;10.4;0.2045;10.604;0;1;0;0;1.7238;0.9888;1;1;0.9723;0.1542;0.9779;0.9824;1;0.9661;0.7858;0.998;0.998;1;0.998;0.998;0.965;0.9375;0.1209;1.0179;1.009;0.0061;0.0121;0.0693;0.0065;0.0229;0.0018;0;0;0.088;0.7677;0;0;0;0;0;0;0;0;0;0;0;0;0.0184;0.0027;0.8692;0.8692;0;44.156;44.156;17.116;0.0496;868.99;1000.3;1;0.0136;0.0136;0;0;0;0;0;0;0.8557;0.7677;0;16.059;18.596;14.182;16.423;98.437;98.437;8.5843;7.3304;6.4737;1.2539;0.8567;0.1461;0.0998;0.7541;60.865;0.7381;0
22/02/21 18:00;4.0466;99.397;80.146;4.1015;5.8878;90;5.8878;9.0055;9.0001;0.0054;24.83;4.96;0;0.013;8.9759;0.0012;0;0.0048;8.9948;0;8.9948;0.013;0.0012;8.9759;0.0048;0.0014;0.9984;0;0.0005;8.9635;0.0313;0;0;0.0273;0.004;8.5551;0.3905;0.0042;0.0004;0.3857;0.0002;8.9456;0.0179;0;0;0.0179;0;8.5555;0.0087;0.0008;8.5449;0.0006;5.3371;4.2697;1.6239;0.0002;0.0636;0.9144;0.0004;0.9777;0;1;0;0;0.9988;0.9965;1;1;0.997;0.1668;0.9563;0.6738;1;0.9568;0.7762;0.998;0.998;1;0.998;0.998;0.9511;0.952;0.1292;0.0256;0.0263;0.0002;0.0056;0;0.0001;0.0005;0.0001;0;0;0.088;-0.071;0;0;0;0;0;0;0;0;0;0;0;0;0.0004;0;0.0193;0.0193;0;25.268;25.268;0.4379;0.0512;20.868;924.91;1;0.0023;0.0023;0;0;0;0;0;0;0.017;-0.071;0;14.18;16.42;-52.176;-60.419;87.959;87.959;0.2159;0.1628;-0.5989;0.0531;0.7617;0.246;3.5285;0;5.3371;0;0
22/02/21 19:00;0;0;90;0;0;90;0;0;0;0;22.45;5.4999;0;0;0;0;0;0;0;0;0;0;0;0;0;1;1;1;1;0;0;0;0;0;0;0;0;0;0;0;0;0;0;0;0;0;0;0;0;0;0;0;0;0;0;0;0;0;0;0;0;0;0;0;1;1;1;1;1;1;1;1;1;1;1;1;1;1;1;1;1;1;1;0;0;0;0;0;0;0;0;0;0.0004;0.088;-0.0884;0;0;0;0;0;0;0;0;0;0;0;0;0;0;0;0;0;0;0;-22.45;0;0;0;0;0.0004;0;0;0;0;0;0;0;-0.0004;-0.0884;0;0;0;0;0;0;0;0;0;-0.7452;0;0.7452;1;1;0;0;0;0
22/02/21 20:00;0;0;90;0;0;90;0;0;0;0;20.98;5.6599;0;0;0;0;0;0;0;0;0;0;0;0;0;1;1;1;1;0;0;0;0;0;0;0;0;0;0;0;0;0;0;0;0;0;0;0;0;0;0;0;0;0;0;0;0;0;0;0;0;0;0;0;1;1;1;1;1;1;1;1;1;1;1;1;1;1;1;1;1;1;1;0;0;0;0;0;0;0;0;0;0.0004;0.088;-0.0884;0;0;0;0;0;0;0;0;0;0;0;0;0;0;0;0;0;0;0;-20.98;0;0;0;0;0.0004;0;0;0;0;0;0;0;-0.0004;-0.0884;0;0;0;0;0;0;0;0;0;-0.7452;0;0.7452;1;1;0;0;0;0
22/02/21 21:00;0;0;90;0;0;90;0;0;0;0;19.6;5.6;0;0;0;0;0;0;0;0;0;0;0;0;0;1;1;1;1;0;0;0;0;0;0;0;0;0;0;0;0;0;0;0;0;0;0;0;0;0;0;0;0;0;0;0;0;0;0;0;0;0;0;0;1;1;1;1;1;1;1;1;1;1;1;1;1;1;1;1;1;1;1;0;0;0;0;0;0;0;0;0;0.0004;0.088;-0.0884;0;0;0;0;0;0;0;0;0;0;0;0;0;0;0;0;0;0;0;-19.6;0;0;0;0;0.0004;0;0;0;0;0;0;0;-0.0004;-0.0884;0;0;0;0;0;0;0;0;0;-0.7452;0;0.7452;1;1;0;0;0;0
22/02/21 22:00;0;0;90;0;0;90;0;0;0;0;17.61;5.29;0;0;0;0;0;0;0;0;0;0;0;0;0;1;1;1;1;0;0;0;0;0;0;0;0;0;0;0;0;0;0;0;0;0;0;0;0;0;0;0;0;0;0;0;0;0;0;0;0;0;0;0;1;1;1;1;1;1;1;1;1;1;1;1;1;1;1;1;1;1;1;0;0;0;0;0;0;0;0;0;0.0004;0.088;-0.0884;0;0;0;0;0;0;0;0;0;0;0;0;0;0;0;0;0;0;0;-17.61;0;0;0;0;0.0004;0;0;0;0;0;0;0;-0.0004;-0.0884;0;0;0;0;0;0;0;0;0;-0.7452;0;0.7452;1;1;0;0;0;0
22/02/21 23:00;0;0;90;0;0;90;0;0;0;0;16.4;5.0199;0;0;0;0;0;0;0;0;0;0;0;0;0;1;1;1;1;0;0;0;0;0;0;0;0;0;0;0;0;0;0;0;0;0;0;0;0;0;0;0;0;0;0;0;0;0;0;0;0;0;0;0;1;1;1;1;1;1;1;1;1;1;1;1;1;1;1;1;1;1;1;0;0;0;0;0;0;0;0;0;0.0004;0.088;-0.0884;0;0;0;0;0;0;0;0;0;0;0;0;0;0;0;0;0;0;0;-16.4;0;0;0;0;0.0004;0;0;0;0;0;0;0;-0.0004;-0.0884;0;0;0;0;0;0;0;0;0;-0.7452;0;0.7452;1;1;0;0;0;0
23/02/21 00:00;0;0;90;0;0;90;0;0;0;0;15.47;4.74;0;0;0;0;0;0;0;0;0;0;0;0;0;1;1;1;1;0;0;0;0;0;0;0;0;0;0;0;0;0;0;0;0;0;0;0;0;0;0;0;0;0;0;0;0;0;0;0;0;0;0;0;1;1;1;1;1;1;1;1;1;1;1;1;1;1;1;1;1;1;1;0;0;0;0;0;0;0;0;0;0.0004;0.088;-0.0884;0;0;0;0;0;0;0;0;0;0;0;0;0;0;0;0;0;0;0;-15.47;0;0;0;0;0.0004;0;0;0;0;0;0;0;-0.0004;-0.0884;0;0;0;0;0;0;0;0;0;-0.7452;0;0.7452;1;1;0;0;0;0
23/02/21 01:00;0;0;90;0;0;90;0;0;0;0;13.88;4.1301;0;0;0;0;0;0;0;0;0;0;0;0;0;1;1;1;1;0;0;0;0;0;0;0;0;0;0;0;0;0;0;0;0;0;0;0;0;0;0;0;0;0;0;0;0;0;0;0;0;0;0;0;1;1;1;1;1;1;1;1;1;1;1;1;1;1;1;1;1;1;1;0;0;0;0;0;0;0;0;0;0.0004;0.088;-0.0884;0;0;0;0;0;0;0;0;0;0;0;0;0;0;0;0;0;0;0;-13.88;0;0;0;0;0.0004;0;0;0;0;0;0;0;-0.0004;-0.0884;0;0;0;0;0;0;0;0;0;-0.7452;0;0.7452;1;1;0;0;0;0
23/02/21 02:00;0;0;90;0;0;90;0;0;0;0;11.7;3.55;0;0;0;0;0;0;0;0;0;0;0;0;0;1;1;1;1;0;0;0;0;0;0;0;0;0;0;0;0;0;0;0;0;0;0;0;0;0;0;0;0;0;0;0;0;0;0;0;0;0;0;0;1;1;1;1;1;1;1;1;1;1;1;1;1;1;1;1;1;1;1;0;0;0;0;0;0;0;0;0;0.0004;0.088;-0.0884;0;0;0;0;0;0;0;0;0;0;0;0;0;0;0;0;0;0;0;-11.7;0;0;0;0;0.0004;0;0;0;0;0;0;0;-0.0004;-0.0884;0;0;0;0;0;0;0;0;0;-0.7452;0;0.7452;1;1;0;0;0;0
23/02/21 03:00;0;0;90;0;0;90;0;0;0;0;11.2;3.1199;0;0;0;0;0;0;0;0;0;0;0;0;0;1;1;1;1;0;0;0;0;0;0;0;0;0;0;0;0;0;0;0;0;0;0;0;0;0;0;0;0;0;0;0;0;0;0;0;0;0;0;0;1;1;1;1;1;1;1;1;1;1;1;1;1;1;1;1;1;1;1;0;0;0;0;0;0;0;0;0;0.0004;0.088;-0.0884;0;0;0;0;0;0;0;0;0;0;0;0;0;0;0;0;0;0;0;-11.2;0;0;0;0;0.0004;0;0;0;0;0;0;0;-0.0004;-0.0884;0;0;0;0;0;0;0;0;0;-0.7452;0;0.7452;1;1;0;0;0;0
23/02/21 04:00;0;0;90;0;0;90;0;0;0;0;10.98;3.0299;0;0;0;0;0;0;0;0;0;0;0;0;0;1;1;1;1;0;0;0;0;0;0;0;0;0;0;0;0;0;0;0;0;0;0;0;0;0;0;0;0;0;0;0;0;0;0;0;0;0;0;0;1;1;1;1;1;1;1;1;1;1;1;1;1;1;1;1;1;1;1;0;0;0;0;0;0;0;0;0;0.0004;0.088;-0.0884;0;0;0;0;0;0;0;0;0;0;0;0;0;0;0;0;0;0;0;-10.98;0;0;0;0;0.0004;0;0;0;0;0;0;0;-0.0004;-0.0884;0;0;0;0;0;0;0;0;0;-0.7452;0;0.7452;1;1;0;0;0;0
23/02/21 05:00;1.5976;-100.68;86.123;1.6257;2.3197;-90;-2.3197;0;0;0;10.6;3.85;0;0;0;0;0;0;0;0;0;0;0;0;0;1;1;1;1;0;0;0;0;0;0;0;0;0;0;0;0;0;0;0;0;0;0;0;0;0;0;0;0;0;0;0;0;0;0;0;0;0;0;0;1;1;1;1;1;1;1;1;1;1;1;1;1;1;1;1;1;1;1;0;0;0;0;0;0;0;0;0;0.0004;0.088;-0.0884;0;0;0;0;0;0;0;0;0;0;0;0;0;0;0;0;0;0;0;-10.6;0;0;0;0;0.0004;0;0;0;0;0;0;0;-0.0004;-0.0884;0;0;0;0;0;0;0;0;0;-0.7452;0;0.7452;1;1;0;0;0;0
23/02/21 06:00;9.289;-95.305;66.954;9.3283;13.82;-90;-13.82;132.89;21.898;111;11.99;3.38;0;269.2;10.935;26.198;0;0.3847;306.71;0;306.71;269.2;26.198;10.935;0.3847;0.8777;0.0369;0;0.0013;306.26;0.4551;0;0;0.1357;0.3194;282.46;23.19;20.743;2.0186;0.4145;0.0146;305.65;0.6125;0.5384;0.0524;0.0216;0.0001;282.46;247.92;24.127;10.364;0.0506;7.2245;5.7796;2.3256;0.0106;0.0784;1.1282;0.0068;1.1959;0;1;0;0;2.308;0.9985;1;1;0.9876;0.1697;0.9241;0.9228;1;0.9615;0.7758;0.998;0.998;1;0.998;0.998;0.9209;0.9477;0.1314;0.8729;0.8104;0.0049;0.0146;0.0023;0.0055;0.0196;0.0002;0;0;0.088;0.6449;0;0;0;0;0;0;0;0;0;0;0;0;0.0158;0.0018;0.7457;0.7457;0;25.802;25.802;13.812;0.0489;694.88;1073.1;1;0.0127;0.0127;0;0;0;0;0;0;0.7329;0.6449;0;16.065;18.603;13.894;16.089;98.292;98.292;7.3611;6.2882;5.4387;1.0729;0.8495;0.1458;0.1154;0.7388;6.6277;0.7368;0
23/02/21 07:00;21.543;-86.699;27.055;21.576;41.531;-90;-41.531;367.7;60.699;307;14.3;2.67;0;744.56;21.241;88.29;0;9.2441;863.34;0;863.34;744.56;88.29;21.241;9.2441;0.8624;0.0353;0;0.0107;853.31;10.028;0;0;1.5589;8.4692;850.13;1.4757;0.6944;0.0823;0.6371;0.0618;851.6;1.7066;1.4891;0.1766;0.0394;0.0015;850.35;742.38;88.031;19.006;0.7115;17.011;13.609;6.0066;0.9866;0.2127;3.0593;0.2228;2.2854;0;1;0;0;2.3479;0.9884;1;1;0.9266;0.0838;0.9983;0.9991;1;0.9676;0.92;0.998;0.998;1;0.998;0.998;0.9847;0.8948;0.077;2.457;2.4391;0.0147;-0.002;0.2725;0.0151;0.0535;0.0005;0;0;0.088;1.9072;0;0;0;0;0;0;0;0;0;0;0;0;0.0431;0.0139;2.0278;2.0278;0;56.738;56.738;42.439;0.0499;2106.5;962.66;1;0.0326;0.0326;0;0;0;0;0;0;1.9952;1.9072;0;15.521;17.973;14.598;16.904;98.393;98.393;20.72;17.101;16.084;3.6193;1.0169;0.1747;0.0491;0.7762;15.329;0.7742;0
23/02/21 08:00;33.679;-77.13;10.682;34.355;55.645;-90;-55.645;603.99;99.699;504.29;16.7;2.58;0;893.63;27.109;115.25;0;26.315;1062.3;0;1062.3;893.63;115.25;27.109;26.315;0.8412;0.0503;0;0.0248;1034.7;27.569;0;0;3.0449;24.524;1031.4;1.2748;0.3291;0.0424;0.8225;0.0809;1032.7;2.0695;1.7873;0.2305;0.0481;0.0036;1036.4;891.52;114.98;23.194;1.7064;177.84;142.27;55.752;3.4741;2.2367;32.174;4.9888;30.937;0;1;0;0;1.7588;0.974;1;1;0.8877;0.0681;0.9988;0.9996;1;0.9658;0.9548;0.998;0.998;1;0.998;0.998;0.9709;0.8556;0.0648;3.0233;3.0296;0.0182;0.0021;0.4669;0.0178;0.0631;0.0051;0;0;0.088;2.2569;0;0;0;0;0;0;0;0;0;0;0;0;0.0508;0.021;2.3846;2.3846;0;68.699;68.699;51.999;0.0504;2613;912.58;1;0.0397;0.0397;0;0;0;0;0;0;2.3449;2.2569;0;14.833;17.176;14.039;16.256;98.335;98.335;25.495;20.109;19.032;5.3861;1.077;0.2113;0.0422;0.7465;22.462;0.73;0
23/02/21 09:00;45.288;-65.192;17.169;48.056;41.944;-90;-41.944;677.69;152.1;525.6;18.92;2.9499;0;706.64;62.254;108.49;0;17.363;894.75;0;894.75;706.64;108.49;62.254;17.363;0.7898;0.089;0;0.0194;874.2;20.558;0;0;4.6356;15.923;869.99;2.4595;0.4182;0.0642;1.8658;0.1112;872.45;1.7484;1.4133;0.217;0.1152;0.0029;874.63;704.81;108.21;55.637;1.326;316.93;253.54;103.94;2.9888;3.4796;50.052;4.6394;50.543;0;1;0;0;1.3203;0.977;1;1;0.9255;0.0829;0.9972;0.9994;1;0.9676;0.9226;0.998;0.998;1;0.998;0.998;0.9723;0.8937;0.0764;2.5464;2.6026;0.0157;-0.0017;0.3448;0.0157;0.0557;0.0082;0;0;0.088;1.9822;0;0;0;0;0;0;0;0;0;0;0;0;0.0449;0.0157;2.1037;2.1037;0;62.557;62.557;43.638;0.0502;2242.9;937.92;1;0.0335;0.0335;0;0;0;0;0;0;2.0702;1.9822;0;15.536;17.991;14.639;16.951;98.405;98.405;21.474;17.741;16.716;3.7333;1.025;0.1739;0.0477;0.7784;45.087;0.7471;0
23/02/21 10:00;55.578;-48.362;22.06;62.881;27.119;-90;-27.119;933.4;154;779.4;21.23;3.2601;0;875.68;46.892;117.27;0;10.262;1050.1;0;1050.1;875.68;117.27;46.892;10.262;0.8339;0.0544;0;0.0098;1039.5;10.595;0;0;1.7654;8.8299;1034.9;2.5133;0.6659;0.0892;1.4844;0.2739;1037.4;2.079;1.7514;0.2345;0.0903;0.0029;1037.6;873.26;116.95;43.552;1.1552;506.7;405.36;164.49;0.5021;5.3947;77.6;2.7148;82.493;0;1;0;0;1.125;0.9899;1;1;0.9624;0.1395;0.9976;0.9992;1;0.967;0.8084;0.998;0.998;1;0.998;0.998;0.9855;0.9288;0.1126;2.9885;3.1242;0.0188;0.0035;0.5368;0.018;0.0637;0.0121;0;0;0.088;2.2703;0;0;0;0;0;0;0;0;0;0;0;0;0.0513;0.0222;2.3977;2.3977;0;73.618;73.618;52.388;0.0506;2691.6;890.83;1;0.0395;0.0395;0;0;0;0;0;0;2.3583;2.2703;0;15.088;17.472;14.286;16.543;98.353;98.353;25.202;20.22;19.145;4.982;1.0751;0.1977;0.0427;0.7597;30.323;0.7198;0
23/02/21 11:00;62.81;-22.862;24.9;78.713;11.287;-90;-11.287;1090.7;180;910.69;22.53;3.4399;0;928.65;47.338;134.81;0;2.1095;1112.9;0;1112.9;928.65;134.81;47.338;2.1095;0.8344;0.0444;0;0.0019;1110.7;2.1689;0;0;0.4177;1.7512;1105.6;2.8699;0.7971;0.1157;1.8767;0.0803;1108.5;2.2215;1.8573;0.2696;0.0938;0.0007;1106.1;926;134.42;44.949;0.2773;635.02;508.02;202.29;0.0223;6.9725;100.3;0.4325;107.25;0;1;0;0;1.0204;0.9981;1;1;0.9912;0.1698;0.9974;0.9991;1;0.9599;0.7755;0.998;0.998;1;0.998;0.998;0.9935;0.9495;0.1314;3.1673;3.3655;0.0203;0.0083;0.6398;0.0189;0.067;0.0153;0;0;0.088;2.3866;0;0;0;0;0;0;0;0;0;0;0;0;0.0539;0.0256;2.5165;2.5165;0;78.741;78.741;56.21;0.0508;2872.2;875;1;0.0419;0.0419;0;0;0;0;0;0;2.4746;2.3866;0;14.942;17.302;14.171;16.409;98.337;98.337;26.71;21.222;20.127;5.488;1.0951;0.2055;0.041;0.7535;28.471;0.7059;0
23/02/21 12:00;64.165;10.513;25.37;84.952;5.0485;90;5.0485;916.6;188.2;728.41;23.54;3.4901;0;731.24;78.786;109.68;0;0.3556;920.07;0;920.07;731.24;109.68;78.786;0.3556;0.7948;0.086;0;0.0004;919.58;0.4844;0;0;0.188;0.2964;913.57;4.1693;0.6395;0.0959;3.4206;0.0132;917.74;1.8392;1.4625;0.2194;0.1572;0.0001;913.61;729.14;109.37;75.02;0.0459;539.42;431.54;172.59;0.0008;5.8727;84.476;0.0337;90.348;0;1;0;0;1.0038;0.9995;1;1;0.9976;0.1665;0.9955;0.9991;1;0.9564;0.7765;0.998;0.998;1;0.998;0.998;0.9929;0.9522;0.129;2.6184;2.7831;0.0168;-0.0007;0.4394;0.0163;0.0578;0.0134;0;0;0.088;2.0532;0;0;0;0;0;0;0;0;0;0;0;0;0.0465;0.0178;2.1758;2.1758;0;69.63;69.63;46.09;0.0505;2395.2;908.4;1;0.0347;0.0347;0;0;0;0;0;0;2.1412;2.0532;0;15.627;18.096;14.746;17.076;98.407;98.407;22.082;18.349;17.315;3.7325;1.0344;0.169;0.0468;0.7841;46.792;0.7337;0
23/02/21 13:00;58.852;39.806;23.413;68.848;21.152;90;21.152;618.9;394.6;224.29;24.5;3.55;0;240.5;309.62;79.545;0;4.1697;633.83;0;633.83;240.5;79.545;309.62;4.1697;0.3794;0.4951;0;0.0066;622.48;11.358;0;0;7.8485;3.5093;610.53;10.703;0.1941;0.0642;10.301;0.1437;621.23;1.245;0.481;0.1591;0.6035;0.0013;611.59;239.82;79.322;290.87;0.5154;360.64;288.51;114.4;1.3581;4.0786;58.669;1.0651;61.39;0;1;0;0;1.0241;0.9821;1;1;0.9747;0.1584;0.9828;0.9992;1;0.9658;0.7819;0.998;0.998;1;0.998;0.998;0.9632;0.9394;0.1236;1.8038;1.8673;0.0112;0.0009;0.1981;0.0116;0.0411;0.0099;0;0;0.088;1.4413;0;0;0;0;0;0;0;0;0;0;0;0;0.0331;0.0084;1.553;1.553;0;54.955;54.955;30.455;0.0499;1606.9;966.45;1;0.0237;0.0237;0;0;0;0;0;0;1.5293;1.4413;0;16.191;18.749;15.027;17.4;98.475;98.475;15.212;13.097;12.155;2.1152;0.9418;0.139;0.0619;0.799;193.47;0.7473;0
23/02/21 14:00;49.453;59.511;19.259;53.602;36.398;90;36.398;891.7;147.1;744.59;25.37;3.64;0;925.06;39.436;128.47;0;17.396;1110.4;0;1110.4;925.06;128.47;39.436;17.396;0.8331;0.0512;0;0.0157;1092.3;18.09;0;0;2.3739;15.717;1088;2.1094;0.6141;0.0853;1.1943;0.2157;1090.1;2.1845;1.8501;0.2569;0.0741;0.0034;1092.8;922.6;128.12;35.794;1.4604;442.99;354.4;146.09;1.1665;4.6158;66.396;4.8296;69.846;0;1;0;0;1.2452;0.9837;1;1;0.9398;0.0965;0.9981;0.9993;1;0.9677;0.8713;0.998;0.998;1;0.998;0.998;0.9798;0.9076;0.0839;3.16;3.2596;0.0196;0.006;0.6445;0.0181;0.0643;0.01;0;0;0.088;2.2865;0;0;0;0;0;0;0;0;0;0;0;0;0.0518;0.0241;2.4211;2.4139;0;80.773;80.773;55.403;0.0509;2758.8;875;1;0.0466;0.0395;0;0.0071;0;0;0;0;2.3745;2.2865;0;14.366;16.635;13.607;15.757;98.075;98.365;26.649;20.357;19.282;6.2916;1.075;0.2361;0.0403;0.7236;27.264;0.6926;0
23/02/21 15:00;38.22;72.939;13.326;39.48;50.52;90;50.52;258.21;247.5;10.709;24.75;3.63;0;16.844;199.92;4.8337;0;9.4039;231;0;231;16.844;4.8337;199.92;9.4039;0.0729;0.9062;0;0.0407;202.62;28.373;0;0;19.585;8.788;196.2;6.0228;0.0077;0.0022;5.9864;0.0264;202.22;0.4052;0.0337;0.0097;0.3607;0.0012;199.87;16.802;4.8218;173.98;0.5882;161.79;129.43;56.65;18.228;2.6287;37.812;3.673;22.213;0;1;0;0;0.8946;0.8772;1;1;0.902;0.0655;0.9702;0.9995;1;0.9667;0.957;0.998;0.998;1;0.998;0.998;0.8493;0.8703;0.0626;0.6574;0.6476;0.0039;0.0163;0.0221;0.0042;0.015;0.0067;0;0;0.088;0.4683;0;0;0;0;0;0;0;0;0;0;0;0;0.0121;0.0012;0.566;0.566;0;34.441;34.441;9.6908;0.0494;552.81;1023.8;1;0.0097;0.0097;0;0;0;0;0;0;0.5563;0.4683;0;16.19;18.748;13.395;15.511;98.284;98.284;5.5439;4.7729;3.9489;0.771;0.824;0.1391;0.1486;0.7123;156.9;0.6345;0
23/02/21 16:00;26.225;83.207;7.0794;26.386;60;90;60;422.49;158.7;263.79;24.94;3.4299;0;592.39;68.057;152.62;0;21.125;834.19;0;834.19;592.39;152.62;68.057;21.125;0.7101;0.1069;0;0.0253;805.87;28.318;0;0;8.556;19.762;801.89;2.3756;0.1446;0.0372;2.1011;0.0927;804.26;1.6117;1.1848;0.3052;0.119;0.0027;804.76;591.06;152.27;57.281;1.267;85.32;68.256;31.349;11.383;1.4055;20.217;2.8729;10.24;0;1;0;0;1.9744;0.9661;1;1;0.8743;0.0645;0.997;0.9998;1;0.9646;0.9318;0.998;0.998;1;0.998;0.998;0.9613;0.8417;0.06;2.374;2.343;0.0141;-0.0019;0.3342;0.014;0.0496;0.0033;0;0;0.088;1.7599;0;0;0;0;0;0;0;0;0;0;0;0;0.0399;0.0129;1.8769;1.8769;0;65.254;65.254;40.314;0.0503;2022.7;927.95;1;0.0291;0.0291;0;0;0;0;0;0;1.8479;1.7599;0;14.868;17.217;13.941;16.143;98.452;98.452;20.021;15.829;14.841;4.1921;0.9872;0.2094;0.0493;0.7413;59.248;0.7281;0
23/02/21 17:00;13.98;92.057;54.134;13.988;21.903;90;21.903;182.2;135;47.198;24.48;2.58;0;114.47;111.89;45.888;0;1.3152;273.56;0;273.56;114.47;45.888;111.89;1.3152;0.4184;0.4138;0;0.0048;269.45;4.1099;0;0;2.9996;1.1103;262.14;6.7767;2.1679;0.8691;3.6956;0.0441;268.91;0.5389;0.2289;0.0918;0.2178;0.0004;262.36;112.07;44.927;104.98;0.1604;70.516;56.412;22.112;0.5573;0.8332;11.985;0.2244;12.261;0;1;0;0;1.5014;0.985;1;1;0.9732;0.1558;0.9748;0.981;1;0.966;0.7843;0.998;0.998;1;0.998;0.998;0.9582;0.9382;0.122;0.7785;0.7746;0.0047;0.0151;0.0347;0.005;0.0179;0.0021;0;0;0.088;0.5799;0;0;0;0;0;0;0;0;0;0;0;0;0.0144;0.0017;0.6791;0.6791;0;37.43;37.43;12.95;0.0494;665.33;1020.7;1;0.0112;0.0112;0;0;0;0;0;0;0.6679;0.5799;0;16.404;18.996;14.007;16.22;98.347;98.347;6.5655;5.7271;4.8903;0.8384;0.8368;0.1277;0.1274;0.7448;70.192;0.7212;0
23/02/21 18:00;4.0135;98.972;80.227;4.063;5.8318;90;5.8318;5.2939;5.2939;0;22.44;2.7199;0;0;5.2802;0;0;0.0027;5.2829;5.2829;0;0;0;0;0;1;1;1;1;0;0;0;0;0;0;0;0;0;0;0;0;0;0;0;0;0;0;0;0;0;0;0;0;0;0;0;0;0;0;0;0;0;0;0;0;1;1;1;1;1;1;1;1;1;1;1;1;1;0;0;1;0;0;0;0;0;0;0;0;0;0;0;0.0004;0.088;-0.0884;0;0;0;0;0;0;0;0;0;0;0;0;0;0;0;0;0;0;0;-22.44;0;0;0;0;0.0004;0;0;0;0;0;0;0;-0.0004;-0.0884;0;0;0;0;0;0;0;0;0;-0.7452;0;0.7452;1;1;0;0;0;0
23/02/21 19:00;0;0;90;0;0;90;0;0;0;0;20.3;2.4601;0;0;0;0;0;0;0;0;0;0;0;0;0;1;1;1;1;0;0;0;0;0;0;0;0;0;0;0;0;0;0;0;0;0;0;0;0;0;0;0;0;0;0;0;0;0;0;0;0;0;0;0;1;1;1;1;1;1;1;1;1;1;1;1;1;1;1;1;1;1;1;0;0;0;0;0;0;0;0;0;0.0004;0.088;-0.0884;0;0;0;0;0;0;0;0;0;0;0;0;0;0;0;0;0;0;0;-20.3;0;0;0;0;0.0004;0;0;0;0;0;0;0;-0.0004;-0.0884;0;0;0;0;0;0;0;0;0;-0.7452;0;0.7452;1;1;0;0;0;0
23/02/21 20:00;0;0;90;0;0;90;0;0;0;0;18.3;1.5001;0;0;0;0;0;0;0;0;0;0;0;0;0;1;1;1;1;0;0;0;0;0;0;0;0;0;0;0;0;0;0;0;0;0;0;0;0;0;0;0;0;0;0;0;0;0;0;0;0;0;0;0;1;1;1;1;1;1;1;1;1;1;1;1;1;1;1;1;1;1;1;0;0;0;0;0;0;0;0;0;0.0004;0.088;-0.0884;0;0;0;0;0;0;0;0;0;0;0;0;0;0;0;0;0;0;0;-18.3;0;0;0;0;0.0004;0;0;0;0;0;0;0;-0.0004;-0.0884;0;0;0;0;0;0;0;0;0;-0.7452;0;0.7452;1;1;0;0;0;0
23/02/21 21:00;0;0;90;0;0;90;0;0;0;0;16.83;2.13;0;0;0;0;0;0;0;0;0;0;0;0;0;1;1;1;1;0;0;0;0;0;0;0;0;0;0;0;0;0;0;0;0;0;0;0;0;0;0;0;0;0;0;0;0;0;0;0;0;0;0;0;1;1;1;1;1;1;1;1;1;1;1;1;1;1;1;1;1;1;1;0;0;0;0;0;0;0;0;0;0.0004;0.088;-0.0884;0;0;0;0;0;0;0;0;0;0;0;0;0;0;0;0;0;0;0;-16.83;0;0;0;0;0.0004;0;0;0;0;0;0;0;-0.0004;-0.0884;0;0;0;0;0;0;0;0;0;-0.7452;0;0.7452;1;1;0;0;0;0
23/02/21 22:00;0;0;90;0;0;90;0;0;0;0;16.75;4.18;0;0;0;0;0;0;0;0;0;0;0;0;0;1;1;1;1;0;0;0;0;0;0;0;0;0;0;0;0;0;0;0;0;0;0;0;0;0;0;0;0;0;0;0;0;0;0;0;0;0;0;0;1;1;1;1;1;1;1;1;1;1;1;1;1;1;1;1;1;1;1;0;0;0;0;0;0;0;0;0;0.0004;0.088;-0.0884;0;0;0;0;0;0;0;0;0;0;0;0;0;0;0;0;0;0;0;-16.75;0;0;0;0;0.0004;0;0;0;0;0;0;0;-0.0004;-0.0884;0;0;0;0;0;0;0;0;0;-0.7452;0;0.7452;1;1;0;0;0;0
23/02/21 23:00;0;0;90;0;0;90;0;0;0;0;15.87;5.2501;0;0;0;0;0;0;0;0;0;0;0;0;0;1;1;1;1;0;0;0;0;0;0;0;0;0;0;0;0;0;0;0;0;0;0;0;0;0;0;0;0;0;0;0;0;0;0;0;0;0;0;0;1;1;1;1;1;1;1;1;1;1;1;1;1;1;1;1;1;1;1;0;0;0;0;0;0;0;0;0;0.0004;0.088;-0.0884;0;0;0;0;0;0;0;0;0;0;0;0;0;0;0;0;0;0;0;-15.87;0;0;0;0;0.0004;0;0;0;0;0;0;0;-0.0004;-0.0884;0;0;0;0;0;0;0;0;0;-0.7452;0;0.7452;1;1;0;0;0;0
24/02/21 00:00;0;0;90;0;0;90;0;0;0;0;16.3;5.38;0;0;0;0;0;0;0;0;0;0;0;0;0;1;1;1;1;0;0;0;0;0;0;0;0;0;0;0;0;0;0;0;0;0;0;0;0;0;0;0;0;0;0;0;0;0;0;0;0;0;0;0;1;1;1;1;1;1;1;1;1;1;1;1;1;1;1;1;1;1;1;0;0;0;0;0;0;0;0;0;0.0004;0.088;-0.0884;0;0;0;0;0;0;0;0;0;0;0;0;0;0;0;0;0;0;0;-16.3;0;0;0;0;0.0004;0;0;0;0;0;0;0;-0.0004;-0.0884;0;0;0;0;0;0;0;0;0;-0.7452;0;0.7452;1;1;0;0;0;0
24/02/21 01:00;0;0;90;0;0;90;0;0;0;0;15.31;5.0001;0;0;0;0;0;0;0;0;0;0;0;0;0;1;1;1;1;0;0;0;0;0;0;0;0;0;0;0;0;0;0;0;0;0;0;0;0;0;0;0;0;0;0;0;0;0;0;0;0;0;0;0;1;1;1;1;1;1;1;1;1;1;1;1;1;1;1;1;1;1;1;0;0;0;0;0;0;0;0;0;0.0004;0.088;-0.0884;0;0;0;0;0;0;0;0;0;0;0;0;0;0;0;0;0;0;0;-15.31;0;0;0;0;0.0004;0;0;0;0;0;0;0;-0.0004;-0.0884;0;0;0;0;0;0;0;0;0;-0.7452;0;0.7452;1;1;0;0;0;0
24/02/21 02:00;0;0;90;0;0;90;0;0;0;0;14.7;4.89;0;0;0;0;0;0;0;0;0;0;0;0;0;1;1;1;1;0;0;0;0;0;0;0;0;0;0;0;0;0;0;0;0;0;0;0;0;0;0;0;0;0;0;0;0;0;0;0;0;0;0;0;1;1;1;1;1;1;1;1;1;1;1;1;1;1;1;1;1;1;1;0;0;0;0;0;0;0;0;0;0.0004;0.088;-0.0884;0;0;0;0;0;0;0;0;0;0;0;0;0;0;0;0;0;0;0;-14.7;0;0;0;0;0.0004;0;0;0;0;0;0;0;-0.0004;-0.0884;0;0;0;0;0;0;0;0;0;-0.7452;0;0.7452;1;1;0;0;0;0
24/02/21 03:00;0;0;90;0;0;90;0;0;0;0;14.89;4.9301;0;0;0;0;0;0;0;0;0;0;0;0;0;1;1;1;1;0;0;0;0;0;0;0;0;0;0;0;0;0;0;0;0;0;0;0;0;0;0;0;0;0;0;0;0;0;0;0;0;0;0;0;1;1;1;1;1;1;1;1;1;1;1;1;1;1;1;1;1;1;1;0;0;0;0;0;0;0;0;0;0.0004;0.088;-0.0884;0;0;0;0;0;0;0;0;0;0;0;0;0;0;0;0;0;0;0;-14.89;0;0;0;0;0.0004;0;0;0;0;0;0;0;-0.0004;-0.0884;0;0;0;0;0;0;0;0;0;-0.7452;0;0.7452;1;1;0;0;0;0
24/02/21 04:00;0;0;90;0;0;90;0;0;0;0;14.9;4.9201;0;0;0;0;0;0;0;0;0;0;0;0;0;1;1;1;1;0;0;0;0;0;0;0;0;0;0;0;0;0;0;0;0;0;0;0;0;0;0;0;0;0;0;0;0;0;0;0;0;0;0;0;1;1;1;1;1;1;1;1;1;1;1;1;1;1;1;1;1;1;1;0;0;0;0;0;0;0;0;0;0.0004;0.088;-0.0884;0;0;0;0;0;0;0;0;0;0;0;0;0;0;0;0;0;0;0;-14.9;0;0;0;0;0.0004;0;0;0;0;0;0;0;-0.0004;-0.0884;0;0;0;0;0;0;0;0;0;-0.7452;0;0.7452;1;1;0;0;0;0
24/02/21 05:00;1.6115;-100.21;86.089;1.6374;2.3364;-90;-2.3364;0;0;0;14.3;5.9701;0;0;0;0;0;0;0;0;0;0;0;0;0;1;1;1;1;0;0;0;0;0;0;0;0;0;0;0;0;0;0;0;0;0;0;0;0;0;0;0;0;0;0;0;0;0;0;0;0;0;0;0;1;1;1;1;1;1;1;1;1;1;1;1;1;1;1;1;1;1;1;0;0;0;0;0;0;0;0;0;0.0004;0.088;-0.0884;0;0;0;0;0;0;0;0;0;0;0;0;0;0;0;0;0;0;0;-14.3;0;0;0;0;0.0004;0;0;0;0;0;0;0;-0.0004;-0.0884;0;0;0;0;0;0;0;0;0;-0.7452;0;0.7452;1;1;0;0;0;0
24/02/21 06:00;9.1077;-94.977;67.425;9.1416;13.522;-90;-13.522;131.6;21.699;109.91;15.68;7.0099;0;266.55;10.735;26.223;0;0.3648;303.88;0;303.88;266.55;26.223;10.735;0.3648;0.8772;0.0365;0;0.0012;303.45;0.4312;0;0;0.1284;0.3029;278.64;24.197;21.644;2.1294;0.4091;0.0139;302.84;0.6069;0.5331;0.0524;0.0212;0.0001;278.65;244.38;24.042;10.176;0.048;7.0914;5.6731;2.2828;0.0097;0.0769;1.1066;0.0063;1.1739;0;1;0;0;2.309;0.9986;1;1;0.988;0.1698;0.9201;0.9186;1;0.9614;0.7757;0.998;0.998;1;0.998;0.998;0.917;0.948;0.1315;0.8648;0.7995;0.0048;0.0148;0.0124;0.0054;0.0191;0.0002;0;0;0.088;0.6254;0;0;0;0;0;0;0;0;0;0;0;0;0.0153;0.0018;0.7257;0.7257;0;29.347;29.347;13.667;0.049;685.85;1058.1;1;0.0123;0.0123;0;0;0;0;0;0;0.7134;0.6254;0;15.78;18.273;13.6;15.748;98.307;98.307;7.293;6.1198;5.2741;1.1733;0.8457;0.1609;0.116;0.7232;6.4999;0.7212;0
24/02/21 07:00;21.363;-86.351;27.936;21.402;40.852;-90;-40.852;323.9;69.2;254.7;18.26;6.6801;0;617.73;30.276;84.218;0;7.8903;740.11;0;740.11;617.73;84.218;30.276;7.8903;0.8346;0.0516;0;0.0107;730.72;9.3858;0;0;2.1689;7.2169;727.62;1.6419;0.5949;0.0811;0.9092;0.0567;729.26;1.4614;1.2355;0.1684;0.0562;0.0013;727.98;615.9;83.968;27.142;0.6153;23.141;18.512;7.5489;1.3277;0.3288;4.7297;0.3621;3.7309;0;1;0;0;2.285;0.9873;1;1;0.9284;0.0853;0.9977;0.999;1;0.9676;0.9157;0.998;0.998;1;0.998;0.998;0.9831;0.8965;0.078;2.1063;2.0923;0.0126;-0.0009;0.218;0.013;0.0462;0.0008;0;0;0.088;1.6393;0;0;0;0;0;0;0;0;0;0;0;0;0.0372;0.0104;1.7549;1.7549;0;54.525;54.525;36.265;0.0498;1806.4;971.45;1;0.0276;0.0276;0;0;0;0;0;0;1.7273;1.6393;0;15.668;18.143;14.636;16.948;98.428;98.428;17.763;14.799;13.824;2.9636;0.9748;0.1668;0.0549;0.7783;21.722;0.7746;0
24/02/21 08:00;33.487;-76.748;11.022;34.203;55.797;-90;-55.797;191.3;185.1;6.2054;18.94;5.7499;0;11.039;143.41;2.6578;0;8.3767;165.48;0;165.48;11.039;2.6578;143.41;8.3767;0.0667;0.9172;0;0.0506;141.5;23.978;0;0;16.171;7.8067;136.83;4.3842;0.0042;0.001;4.353;0.026;141.22;0.283;0.0221;0.0053;0.2545;0.0011;140.26;11.013;2.6515;122.63;0.5429;121.1;96.88;43.471;18.522;2.2152;31.865;3.4224;15.558;0;1;0;0;0.865;0.8551;1;1;0.8872;0.068;0.969;0.9996;1;0.9657;0.9543;0.998;0.998;1;0.998;0.998;0.8269;0.8551;0.0648;0.4709;0.4651;0.0028;0.0172;0.0011;0.0031;0.011;0.0058;0;0;0.088;0.3181;0;0;0;0;0;0;0;0;0;0;0;0;0.0089;0.0007;0.4144;0.4144;0;25.67;25.67;6.7306;0.0492;395.72;1047.3;1;0.0083;0.0083;0;0;0;0;0;0;0.4061;0.3181;0;16.549;19.164;12.703;14.71;97.992;97.992;3.9715;3.495;2.6827;0.4765;0.8123;0.12;0.2045;0.6755;119.02;0.5904;0
24/02/21 09:00;45.068;-64.767;17.522;47.936;42.064;-90;-42.064;772.4;127.4;645;21.52;4.64;0;868.81;38.417;112.21;0;19.897;1039.3;0;1039.3;868.81;112.21;38.417;19.897;0.8359;0.0561;0;0.0191;1018.2;21.124;0;0;2.8726;18.252;1014.3;1.8697;0.5248;0.0678;1.1512;0.1259;1016.2;2.0364;1.7376;0.2244;0.0711;0.0033;1019.5;866.54;111.91;34.322;1.5161;353.64;282.91;115.67;1.8648;3.8075;54.769;5.2061;56.712;0;1;0;0;1.3456;0.9797;1;1;0.9252;0.0827;0.9982;0.9994;1;0.9675;0.9233;0.998;0.998;1;0.998;0.998;0.9759;0.8934;0.0762;2.9578;3.0266;0.0182;0.002;0.5119;0.0175;0.0619;0.0086;0;0;0.088;2.2095;0;0;0;0;0;0;0;0;0;0;0;0;0.0499;0.021;2.3357;2.3357;0;72.829;72.829;51.309;0.0506;2609.4;895.09;1;0.0381;0.0381;0;0;0;0;0;0;2.2975;2.2095;0;14.85;17.196;14.048;16.267;98.367;98.367;24.944;19.697;18.633;5.2468;1.0637;0.2103;0.0426;0.747;27.852;0.7187;0
24/02/21 10:00;55.308;-47.915;22.425;62.809;27.191;-90;-27.191;887.4;146.1;741.3;23.31;3.39;0;833.41;48.716;106.28;0;9.8071;998.21;0;998.21;833.41;106.28;48.716;9.8071;0.8349;0.0586;0;0.0098;987.92;10.283;0;0;1.8418;8.4415;983.42;2.5284;0.6443;0.0822;1.5414;0.2607;985.95;1.9758;1.6668;0.2126;0.0937;0.0027;986.02;831.09;105.98;45.239;1.1022;481.8;385.44;156.41;0.5263;5.1326;73.831;2.5982;78.437;0;1;0;0;1.1249;0.9897;1;1;0.9622;0.1392;0.9974;0.9992;1;0.9671;0.8087;0.998;0.998;1;0.998;0.998;0.9852;0.9286;0.1124;2.8408;2.9689;0.0179;0.0012;0.505;0.0171;0.0607;0.0115;0;0;0.088;2.1615;0;0;0;0;0;0;0;0;0;0;0;0;0.0489;0.0202;2.2864;2.2864;0;73.066;73.066;49.756;0.0506;2558.1;893.8;1;0.0369;0.0369;0;0;0;0;0;0;2.2495;2.1615;0;15.136;17.527;14.309;16.569;98.384;98.384;23.957;19.282;18.228;4.6751;1.0537;0.1951;0.044;0.7609;31.516;0.721;0
24/02/21 11:00;62.471;-22.538;25.271;78.702;11.298;-90;-11.298;1120.7;184.9;935.8;24.95;2.29;0;954.29;44.43;142.8;0;2.1716;1143.7;0;1143.7;954.29;142.8;44.43;2.1716;0.8344;0.0407;0;0.0019;1141.5;2.1954;0;0;0.3927;1.8027;1136.4;2.7995;0.8313;0.1244;1.7611;0.0827;1139.2;2.283;1.9086;0.2856;0.0881;0.0007;1136.9;951.55;142.39;42.188;0.2854;652.42;521.93;207.87;0.021;7.1611;103.01;0.4456;110.15;0;1;0;0;1.0205;0.9981;1;1;0.9912;0.1698;0.9975;0.9991;1;0.9599;0.7755;0.998;0.998;1;0.998;0.998;0.9936;0.9495;0.1314;3.2549;3.459;0.0208;0.0105;0.71;0.019;0.0675;0.0154;0;0;0.088;2.3899;0;0;0;0;0;0;0;0;0;0;0;0;0.0543;0.0269;2.5345;2.5198;0;82.927;82.927;57.977;0.051;2879.8;875;1;0.0566;0.0419;0;0.0147;0;0;0;0;2.4779;2.3899;0;14.559;16.859;13.808;15.989;97.767;98.336;27.449;21.25;20.154;6.1989;1.0958;0.2258;0.0399;0.7342;26.722;0.6879;0
24/02/21 12:00;63.795;10.46;25.737;84.894;5.1059;90;5.1059;766.4;318.3;448.1;25.31;1.5199;0;449.88;203.81;114.54;0;0.3041;768.54;0;768.54;449.88;114.54;203.81;0.3041;0.5854;0.2656;0;0.0004;767.79;0.7486;0;0;0.4951;0.2535;756.9;9.3548;0.3991;0.1016;8.8427;0.0113;766.26;1.5356;0.8998;0.2291;0.4066;0.0001;756.93;448.58;114.21;194.06;0.0392;451.65;361.32;143.09;0.0021;5.0094;72.059;0.0271;77.066;0;1;0;0;1.0028;0.999;1;1;0.9976;0.1665;0.9878;0.9991;1;0.9564;0.7765;0.998;0.998;1;0.998;0.998;0.9849;0.9522;0.129;2.1872;2.31;0.0139;-0.0019;0.3133;0.0139;0.0493;0.0118;0;0;0.088;1.7407;0;0;0;0;0;0;0;0;0;0;0;0;0.0397;0.0125;1.8575;1.8575;0;63.306;63.306;37.995;0.0502;1989.8;933.5;1;0.0288;0.0288;0;0;0;0;0;0;1.8287;1.7407;0;15.971;18.494;14.967;17.331;98.45;98.45;18.445;15.665;14.68;2.7803;0.985;0.1507;0.0534;0.7959;121.05;0.7437;0
24/02/21 13:00;58.522;39.483;23.767;68.728;21.272;90;21.272;793.5;254.2;539.3;25.2;1.1001;0;578.73;134.11;123.8;0;5.4062;842.04;0;842.04;578.73;123.8;134.11;5.4062;0.6873;0.1657;0;0.0064;834.05;7.9826;0;0;3.4304;4.5521;827.17;5.2176;0.4742;0.1014;4.4564;0.1856;832.39;1.6681;1.1575;0.2476;0.2614;0.0017;828.52;577.1;123.45;125.96;0.6668;450.26;360.21;144.63;0.6015;4.9041;70.543;1.355;74.846;0;1;0;0;1.0612;0.9905;1;1;0.9744;0.158;0.9937;0.9992;1;0.9658;0.7823;0.998;0.998;1;0.998;0.998;0.9823;0.9392;0.1233;2.3964;2.5118;0.0151;-0.0019;0.3721;0.0149;0.0528;0.0113;0;0;0.088;1.8713;0;0;0;0;0;0;0;0;0;0;0;0;0.0425;0.0147;1.9903;1.9903;0;66.838;66.838;41.638;0.0503;2162.9;920.23;1;0.031;0.031;0;0;0;0;0;0;1.9593;1.8713;0;15.619;18.087;14.685;17.005;98.441;98.441;20.209;16.785;15.781;3.4242;1.0038;0.1694;0.0497;0.7809;83.851;0.7348;0
24/02/21 14:00;49.17;59.142;19.594;53.433;36.567;90;36.567;505.01;369.3;135.71;25.51;1.1199;0;168.96;290.1;59.185;0;9.9405;528.19;0;528.19;168.96;59.185;290.1;9.9405;0.3199;0.5681;0;0.0188;501.61;26.577;0;0;17.589;8.9876;491.55;9.0563;0.1141;0.04;8.7813;0.1209;500.61;1.0032;0.3379;0.1184;0.545;0.0019;494.69;168.51;59.026;263.18;0.8301;290.46;232.37;96.39;8.6879;3.5023;50.379;3.1363;45.193;0;1;0;0;1.0459;0.9497;1;1;0.9394;0.0959;0.9819;0.9993;1;0.9677;0.8729;0.998;0.998;1;0.998;0.998;0.9306;0.9072;0.0835;1.5032;1.5162;0.0091;0.0049;0.1343;0.0096;0.034;0.0086;0;0;0.088;1.1753;0;0;0;0;0;0;0;0;0;0;0;0;0.0274;0.0057;1.2827;1.2827;0;49.951;49.951;24.441;0.0497;1303.2;984.26;1;0.0194;0.0194;0;0;0;0;0;0;1.2633;1.1753;0;16.047;18.582;14.704;17.027;98.49;98.49;12.677;10.817;9.9116;1.8595;0.9055;0.1467;0.0714;0.7819;200.83;0.7298;0
24/02/21 15:00;37.968;72.593;13.641;39.278;50.722;90;50.722;203.61;199.4;4.2104;25.83;1.2099;0;6.6507;162.02;1.547;0;7.4707;177.69;0;177.69;6.6507;1.547;162.02;7.4707;0.0374;0.9539;0;0.042;154.74;22.947;0;0;15.964;6.9827;149.55;4.8777;0.0031;0.0007;4.8531;0.0208;154.43;0.3095;0.0133;0.0031;0.2921;0.001;152.51;6.6342;1.5431;140.91;0.4663;129.24;103.39;45.389;14.979;2.1182;30.47;2.9609;17.609;0;1;0;0;0.8727;0.8709;1;1;0.9015;0.0653;0.9684;0.9995;1;0.9667;0.9573;0.998;0.998;1;0.998;0.998;0.8417;0.8697;0.0624;0.5057;0.4974;0.003;0.0172;0.0149;0.0032;0.0115;0.0054;0;0;0.088;0.336;0;0;0;0;0;0;0;0;0;0;0;0;0.0092;0.0008;0.4322;0.4322;0;33.227;33.227;7.3971;0.0495;423.74;1020;1;0.0082;0.0082;0;0;0;0;0;0;0.424;0.336;0;16.073;18.612;12.494;14.468;98.094;98.094;4.2645;3.6448;2.8332;0.6196;0.8116;0.1453;0.1903;0.6644;127.42;0.5888;0
24/02/21 16:00;25.989;82.889;7.4485;26.163;60;90;60;278.7;226.1;52.6;24.7;1.22;0;119.03;154.97;44.077;0;13.935;332;0;332;119.03;44.077;154.97;13.935;0.3585;0.5087;0;0.042;299.49;32.518;0;0;19.482;13.036;294;4.8873;0.0306;0.0113;4.7842;0.0612;298.89;0.599;0.2381;0.0882;0.271;0.0018;298.69;118.76;43.978;130.43;0.8358;140.07;112.05;51.243;25.911;2.7912;40.15;4.6932;17.031;0;1;0;0;1.1913;0.9021;1;1;0.8743;0.0645;0.9836;0.9997;1;0.9646;0.9318;0.998;0.998;1;0.998;0.998;0.8855;0.8417;0.06;0.9449;0.935;0.0056;0.0131;0.0477;0.0061;0.0216;0.0071;0;0;0.088;0.7131;0;0;0;0;0;0;0;0;0;0;0;0;0.0174;0.0024;0.8141;0.8141;0;39.234;39.234;14.534;0.0494;801.77;1015.4;1;0.013;0.013;0;0;0;0;0;0;0.8011;0.7131;0;16.204;18.764;14.194;16.436;98.404;98.404;7.9681;6.8658;6.0141;1.1023;0.8517;0.1383;0.1069;0.7548;134.91;0.6921;0
24/02/21 17:00;13.746;91.761;54.811;13.752;21.455;90;21.455;183.51;132.5;51.008;24.35;1.2701;0;123.71;108.2;49.508;0;1.2716;282.69;0;282.69;123.71;49.508;108.2;1.2716;0.4376;0.3873;0;0.0045;278.81;3.8777;0;0;2.8062;1.0715;271.09;7.1702;2.5265;1.0111;3.5892;0.0434;278.26;0.5576;0.2474;0.099;0.2108;0.0004;271.29;120.93;48.398;101.6;0.1563;68.069;54.455;21.321;0.4999;0.8034;11.556;0.2057;11.859;0;1;0;0;1.5405;0.9863;1;1;0.9741;0.1574;0.9742;0.9795;1;0.9659;0.7829;0.998;0.998;1;0.998;0.998;0.9589;0.9389;0.1229;0.8045;0.7993;0.0048;0.0148;0.0366;0.0052;0.0184;0.002;0;0;0.088;0.6012;0;0;0;0;0;0;0;0;0;0;0;0;0.0149;0.0018;0.7008;0.7008;0;37.742;37.742;13.393;0.0494;686.76;1020.4;1;0.0115;0.0115;0;0;0;0;0;0;0.6892;0.6012;0;16.38;18.968;14.054;16.274;98.357;98.357;6.7846;5.9096;5.0704;0.875;0.8392;0.129;0.1237;0.7473;67.719;0.7251;0
24/02/21 18:00;3.7747;98.687;80.813;3.8184;5.4762;90;5.4762;6.7004;6.6984;0.002;22.51;2.12;0;0.0048;6.683;0.0003;0;0.0031;6.6911;6.6911;0;0.0048;0;0;0;1;1;1;1;0;0;0;0;0;0;0;0;0;0;0;0;0;0;0;0;0;0;0;0;0;0;0;0;0;0;0;0;0;0;0;0;0;0;0;0;1;1;1;1;1;1;1;1;1;1;1;0;1;0;0;1;0;0;0;0;0;0;0;0;0;0;0;0.0004;0.088;-0.0884;0;0;0;0;0;0;0;0;0;0;0;0;0;0;0;0;0;0;0;-22.51;0;0;0;0;0.0004;0;0;0;0;0;0;0;-0.0004;-0.0884;0;0;0;0;0;0;0;0;0;-0.7452;0;0.7452;1;1;0;0;0;0
24/02/21 19:00;0;0;90;0;0;90;0;0;0;0;21.01;3.9801;0;0;0;0;0;0;0;0;0;0;0;0;0;1;1;1;1;0;0;0;0;0;0;0;0;0;0;0;0;0;0;0;0;0;0;0;0;0;0;0;0;0;0;0;0;0;0;0;0;0;0;0;1;1;1;1;1;1;1;1;1;1;1;1;1;1;1;1;1;1;1;0;0;0;0;0;0;0;0;0;0.0004;0.088;-0.0884;0;0;0;0;0;0;0;0;0;0;0;0;0;0;0;0;0;0;0;-21.01;0;0;0;0;0.0004;0;0;0;0;0;0;0;-0.0004;-0.0884;0;0;0;0;0;0;0;0;0;-0.7452;0;0.7452;1;1;0;0;0;0
24/02/21 20:00;0;0;90;0;0;90;0;0;0;0;20.06;5.4299;0;0;0;0;0;0;0;0;0;0;0;0;0;1;1;1;1;0;0;0;0;0;0;0;0;0;0;0;0;0;0;0;0;0;0;0;0;0;0;0;0;0;0;0;0;0;0;0;0;0;0;0;1;1;1;1;1;1;1;1;1;1;1;1;1;1;1;1;1;1;1;0;0;0;0;0;0;0;0;0;0.0004;0.088;-0.0884;0;0;0;0;0;0;0;0;0;0;0;0;0;0;0;0;0;0;0;-20.06;0;0;0;0;0.0004;0;0;0;0;0;0;0;-0.0004;-0.0884;0;0;0;0;0;0;0;0;0;-0.7452;0;0.7452;1;1;0;0;0;0
24/02/21 21:00;0;0;90;0;0;90;0;0;0;0;19.6;6.2901;0;0;0;0;0;0;0;0;0;0;0;0;0;1;1;1;1;0;0;0;0;0;0;0;0;0;0;0;0;0;0;0;0;0;0;0;0;0;0;0;0;0;0;0;0;0;0;0;0;0;0;0;1;1;1;1;1;1;1;1;1;1;1;1;1;1;1;1;1;1;1;0;0;0;0;0;0;0;0;0;0.0004;0.088;-0.0884;0;0;0;0;0;0;0;0;0;0;0;0;0;0;0;0;0;0;0;-19.6;0;0;0;0;0.0004;0;0;0;0;0;0;0;-0.0004;-0.0884;0;0;0;0;0;0;0;0;0;-0.7452;0;0.7452;1;1;0;0;0;0
24/02/21 22:00;0;0;90;0;0;90;0;0;0;0;19.11;6.4699;0;0;0;0;0;0;0;0;0;0;0;0;0;1;1;1;1;0;0;0;0;0;0;0;0;0;0;0;0;0;0;0;0;0;0;0;0;0;0;0;0;0;0;0;0;0;0;0;0;0;0;0;1;1;1;1;1;1;1;1;1;1;1;1;1;1;1;1;1;1;1;0;0;0;0;0;0;0;0;0;0.0004;0.088;-0.0884;0;0;0;0;0;0;0;0;0;0;0;0;0;0;0;0;0;0;0;-19.11;0;0;0;0;0.0004;0;0;0;0;0;0;0;-0.0004;-0.0884;0;0;0;0;0;0;0;0;0;-0.7452;0;0.7452;1;1;0;0;0;0
24/02/21 23:00;0;0;90;0;0;90;0;0;0;0;18.89;6;0;0;0;0;0;0;0;0;0;0;0;0;0;1;1;1;1;0;0;0;0;0;0;0;0;0;0;0;0;0;0;0;0;0;0;0;0;0;0;0;0;0;0;0;0;0;0;0;0;0;0;0;1;1;1;1;1;1;1;1;1;1;1;1;1;1;1;1;1;1;1;0;0;0;0;0;0;0;0;0;0.0004;0.088;-0.0884;0;0;0;0;0;0;0;0;0;0;0;0;0;0;0;0;0;0;0;-18.89;0;0;0;0;0.0004;0;0;0;0;0;0;0;-0.0004;-0.0884;0;0;0;0;0;0;0;0;0;-0.7452;0;0.7452;1;1;0;0;0;0
25/02/21 00:00;0;0;90;0;0;90;0;0;0;0;18.09;5.3499;0;0;0;0;0;0;0;0;0;0;0;0;0;1;1;1;1;0;0;0;0;0;0;0;0;0;0;0;0;0;0;0;0;0;0;0;0;0;0;0;0;0;0;0;0;0;0;0;0;0;0;0;1;1;1;1;1;1;1;1;1;1;1;1;1;1;1;1;1;1;1;0;0;0;0;0;0;0;0;0;0.0004;0.088;-0.0884;0;0;0;0;0;0;0;0;0;0;0;0;0;0;0;0;0;0;0;-18.09;0;0;0;0;0.0004;0;0;0;0;0;0;0;-0.0004;-0.0884;0;0;0;0;0;0;0;0;0;-0.7452;0;0.7452;1;1;0;0;0;0
25/02/21 01:00;0;0;90;0;0;90;0;0;0;0;16.9;4.83;0;0;0;0;0;0;0;0;0;0;0;0;0;1;1;1;1;0;0;0;0;0;0;0;0;0;0;0;0;0;0;0;0;0;0;0;0;0;0;0;0;0;0;0;0;0;0;0;0;0;0;0;1;1;1;1;1;1;1;1;1;1;1;1;1;1;1;1;1;1;1;0;0;0;0;0;0;0;0;0;0.0004;0.088;-0.0884;0;0;0;0;0;0;0;0;0;0;0;0;0;0;0;0;0;0;0;-16.9;0;0;0;0;0.0004;0;0;0;0;0;0;0;-0.0004;-0.0884;0;0;0;0;0;0;0;0;0;-0.7452;0;0.7452;1;1;0;0;0;0
25/02/21 02:00;0;0;90;0;0;90;0;0;0;0;16.99;4.33;0;0;0;0;0;0;0;0;0;0;0;0;0;1;1;1;1;0;0;0;0;0;0;0;0;0;0;0;0;0;0;0;0;0;0;0;0;0;0;0;0;0;0;0;0;0;0;0;0;0;0;0;1;1;1;1;1;1;1;1;1;1;1;1;1;1;1;1;1;1;1;0;0;0;0;0;0;0;0;0;0.0004;0.088;-0.0884;0;0;0;0;0;0;0;0;0;0;0;0;0;0;0;0;0;0;0;-16.99;0;0;0;0;0.0004;0;0;0;0;0;0;0;-0.0004;-0.0884;0;0;0;0;0;0;0;0;0;-0.7452;0;0.7452;1;1;0;0;0;0
25/02/21 03:00;0;0;90;0;0;90;0;0;0;0;17.25;3.8101;0;0;0;0;0;0;0;0;0;0;0;0;0;1;1;1;1;0;0;0;0;0;0;0;0;0;0;0;0;0;0;0;0;0;0;0;0;0;0;0;0;0;0;0;0;0;0;0;0;0;0;0;1;1;1;1;1;1;1;1;1;1;1;1;1;1;1;1;1;1;1;0;0;0;0;0;0;0;0;0;0.0004;0.088;-0.0884;0;0;0;0;0;0;0;0;0;0;0;0;0;0;0;0;0;0;0;-17.25;0;0;0;0;0.0004;0;0;0;0;0;0;0;-0.0004;-0.0884;0;0;0;0;0;0;0;0;0;-0.7452;0;0.7452;1;1;0;0;0;0
25/02/21 04:00;0;0;90;0;0;90;0;0;0;0;16.86;3.47;0;0;0;0;0;0;0;0;0;0;0;0;0;1;1;1;1;0;0;0;0;0;0;0;0;0;0;0;0;0;0;0;0;0;0;0;0;0;0;0;0;0;0;0;0;0;0;0;0;0;0;0;1;1;1;1;1;1;1;1;1;1;1;1;1;1;1;1;1;1;1;0;0;0;0;0;0;0;0;0;0.0004;0.088;-0.0884;0;0;0;0;0;0;0;0;0;0;0;0;0;0;0;0;0;0;0;-16.86;0;0;0;0;0.0004;0;0;0;0;0;0;0;-0.0004;-0.0884;0;0;0;0;0;0;0;0;0;-0.7452;0;0.7452;1;1;0;0;0;0
25/02/21 05:00;1.4253;-99.889;86.542;1.4468;2.0639;-90;-2.0639;0;0;0;16.2;3.5199;0;0;0;0;0;0;0;0;0;0;0;0;0;1;1;1;1;0;0;0;0;0;0;0;0;0;0;0;0;0;0;0;0;0;0;0;0;0;0;0;0;0;0;0;0;0;0;0;0;0;0;0;1;1;1;1;1;1;1;1;1;1;1;1;1;1;1;1;1;1;1;0;0;0;0;0;0;0;0;0;0.0004;0.088;-0.0884;0;0;0;0;0;0;0;0;0;0;0;0;0;0;0;0;0;0;0;-16.2;0;0;0;0;0.0004;0;0;0;0;0;0;0;-0.0004;-0.0884;0;0;0;0;0;0;0;0;0;-0.7452;0;0.7452;1;1;0;0;0;0
25/02/21 06:00;8.9271;-94.646;67.892;8.956;13.227;-90;-13.227;10.197;10.097;0.0996;15.74;3.2601;0;0.2415;9.959;0.0113;0;0.027;10.239;0;10.239;0.2415;0.0113;9.959;0.027;0.0236;0.9753;0;0.0026;10.102;0.1372;0;0;0.1148;0.0225;9.6771;0.4042;0.0207;0.001;0.3816;0.001;10.081;0.0202;0.0005;0;0.0197;0;9.6827;0.2203;0.0103;9.4429;0.0036;6.0248;4.8198;1.8479;0.0082;0.0713;1.0257;0.0055;1.0888;0;1;0;0;1.0041;0.9866;1;1;0.9885;0.1698;0.9599;0.9143;1;0.9612;0.7757;0.998;0.998;1;0.998;0.998;0.9451;0.9482;0.1315;0.0291;0.0298;0.0002;0.006;-0.0009;0.0002;0.0006;0.0002;0;0;0.088;-0.0674;0;0;0;0;0;0;0;0;0;0;0;0;0.0005;0;0.023;0.023;0;16.231;16.231;0.4906;0.0507;23.719;971.45;1;0.0025;0.0025;0;0;0;0;0;0;0.0206;-0.0674;0;14.871;17.22;-43.514;-50.389;89.3;89.3;0.2457;0.1943;-0.5686;0.0514;0.7629;0.2092;3.1046;0;6.0242;0;0
25/02/21 07:00;21.183;-86;28.793;21.23;40.199;-90;-40.199;336.99;59.701;277.29;19.15;2.74;0;672.51;23.641;79.778;0;7.9596;783.89;0;783.89;672.51;79.778;23.641;7.9596;0.8579;0.0403;0;0.0102;774.96;8.9222;0;0;1.6539;7.2683;771.89;1.5187;0.6675;0.0792;0.7109;0.0611;773.41;1.5499;1.345;0.1596;0.044;0.0014;772.12;670.49;79.539;21.232;0.6289;18.389;14.711;6.4176;0.9815;0.2293;3.2979;0.2272;2.5458;0;1;0;0;2.3261;0.9886;1;1;0.93;0.0869;0.998;0.999;1;0.9676;0.9114;0.998;0.998;1;0.998;0.998;0.9847;0.8981;0.079;2.2309;2.2157;0.0133;-0.0016;0.256;0.0136;0.0484;0.0006;0;0;0.088;1.7179;0;0;0;0;0;0;0;0;0;0;0;0;0.039;0.0116;1.8348;1.8348;0;57.718;57.718;38.569;0.05;1914;958.6;1;0.0289;0.0289;0;0;0;0;0;0;1.8059;1.7179;0;15.467;17.91;14.482;16.77;98.427;98.427;18.813;15.473;14.488;3.3401;0.9855;0.1775;0.0524;0.7701;16.869;0.7677;0
25/02/21 08:00;33.296;-76.364;11.365;34.052;55.948;-90;-55.948;77.494;76.797;0.6973;20.46;2.57;0;1.2452;59.844;0.1251;0;3.4102;64.625;0;64.625;1.2452;0.1251;59.844;3.4102;0.0193;0.9788;0;0.0528;54.672;9.953;0;0;6.7748;3.1782;52.734;1.8287;0.0005;0;1.8175;0.0107;54.562;0.1093;0.0025;0.0003;0.1061;0.0005;54.148;1.2423;0.1248;51.146;0.2209;49.957;39.965;18.019;7.8036;0.9188;13.217;1.414;6.3323;0;1;0;0;0.8339;0.846;1;1;0.8868;0.068;0.9665;0.9996;1;0.9657;0.9539;0.998;0.998;1;0.998;0.998;0.816;0.8546;0.0648;0.1839;0.1814;0.0011;0.0143;-0.0013;0.0012;0.0042;0.0023;0;0;0.088;0.0624;0;0;0;0;0;0;0;0;0;0;0;0;0.0033;0.0002;0.1562;0.1562;0;23.075;23.075;2.6148;0.0496;153.1;1020.1;1;0.0057;0.0057;0;0;0;0;0;0;0.1504;0.0624;0;15.969;18.491;6.3843;7.3929;96.329;96.329;1.551;1.317;0.5265;0.234;0.7905;0.1509;0.5096;0.3395;49.752;0.2944;0
25/02/21 09:00;44.848;-64.341;17.879;47.818;42.182;-90;-42.182;145.01;143;2.0086;20.43;3.3;0;2.7107;124.23;0.3946;0;3.7554;131.09;0;131.09;2.7107;0.3946;124.23;3.7554;0.0207;0.9763;0;0.0286;118.31;12.773;0;0;9.327;3.4458;114.33;3.7472;0.0017;0.0002;3.7218;0.0235;118.08;0.2366;0.0054;0.0008;0.2298;0.0006;115.69;2.7036;0.3936;110.95;0.2855;91.182;72.945;31.085;6.0731;1.2632;18.171;1.3587;13.361;0;1;0;0;0.904;0.9026;1;1;0.9249;0.0824;0.9683;0.9994;1;0.9675;0.9241;0.998;0.998;1;0.998;0.998;0.8722;0.8931;0.076;0.3731;0.3674;0.0022;0.0171;0.0014;0.0024;0.0086;0.0033;0;0;0.088;0.2297;0;0;0;0;0;0;0;0;0;0;0;0;0.0069;0.0005;0.325;0.325;0;26.065;26.065;5.6353;0.0493;312.84;1038.8;1;0.0073;0.0073;0;0;0;0;0;0;0.3177;0.2297;0;16.381;18.969;11.578;13.407;97.757;97.757;3.1461;2.7405;1.9369;0.4056;0.8036;0.1289;0.2554;0.6157;90.155;0.5578;0
25/02/21 10:00;55.035;-47.467;22.793;62.738;27.262;-90;-27.262;737;229.4;507.6;22.1;4.04;0;571.03;120.3;114.77;0;8.1863;814.29;0;814.29;571.03;114.77;120.3;8.1863;0.7013;0.1578;0;0.0101;802.67;11.616;0;0;4.5673;7.0487;796.51;4.5601;0.4487;0.0902;3.8046;0.2167;801.07;1.6053;1.1421;0.2295;0.2315;0.0023;798.67;569.44;114.45;111.7;0.9186;406.1;324.88;132.88;1.3073;4.3147;62.065;2.1642;65.073;0;1;0;0;1.1049;0.9857;1;1;0.962;0.139;0.9943;0.9992;1;0.9671;0.8091;0.998;0.998;1;0.998;0.998;0.9782;0.9285;0.1122;2.3174;2.4094;0.0145;-0.002;0.3153;0.0146;0.0517;0.0102;0;0;0.088;1.8313;0;0;0;0;0;0;0;0;0;0;0;0;0.0416;0.0136;1.9499;1.9499;0;62.038;62.038;39.938;0.0501;2076.2;939.2;1;0.0306;0.0306;0;0;0;0;0;0;1.9193;1.8313;0;15.824;18.323;14.861;17.209;98.428;98.428;19.543;16.444;15.443;3.0989;1.0006;0.1586;0.0512;0.7902;77.865;0.7476;0
25/02/21 11:00;62.129;-22.213;25.645;78.695;11.306;-90;-11.306;751.01;304;447.01;24.6;4.43;0;455.85;191.75;112.56;0;1.4573;761.62;0;761.62;455.85;112.56;191.75;1.4573;0.5985;0.2537;0;0.0019;758.71;2.9065;0;0;1.6967;1.2098;749.03;8.1576;0.403;0.0995;7.5997;0.0555;757.19;1.5174;0.9117;0.2251;0.3801;0.0005;749.33;454.54;112.23;182.07;0.1916;439.49;351.59;138.73;0.0889;4.9129;70.67;0.2932;75.494;0;1;0;0;1.0141;0.9962;1;1;0.9912;0.1698;0.9892;0.9991;1;0.9599;0.7755;0.998;0.998;1;0.998;0.998;0.9835;0.9495;0.1314;2.1675;2.2854;0.0138;-0.0018;0.3006;0.0138;0.049;0.0116;0;0;0.088;1.7301;0;0;0;0;0;0;0;0;0;0;0;0;0.0395;0.0123;1.8468;1.8468;0;62.166;62.166;37.566;0.0502;1968.8;938.02;1;0.0287;0.0287;0;0;0;0;0;0;1.8181;1.7301;0;16.023;18.554;15.011;17.382;98.447;98.447;18.279;15.574;14.59;2.7046;0.984;0.148;0.0538;0.7982;115.33;0.7464;0
25/02/21 12:00;63.422;10.413;26.107;84.833;5.1669;90;5.1669;417.1;384.1;33.006;24.84;4.41;0;33.141;373.16;10.22;0;0.1695;416.69;0;416.69;33.141;10.22;373.16;0.1695;0.0795;0.8959;0;0.0004;415.62;1.0649;0;0;0.9236;0.1413;398.57;16.224;0.0298;0.0092;16.179;0.0063;414.79;0.8312;0.0663;0.0204;0.7445;0.0001;398.58;33.045;10.19;355.31;0.0219;247.05;197.64;75.576;0.0042;2.9154;41.936;0.0111;44.848;0;1;0;0;0.999;0.9974;1;1;0.9975;0.1665;0.9609;0.9991;1;0.9564;0.7765;0.998;0.998;1;0.998;0.998;0.9565;0.9522;0.129;1.1859;1.2244;0.0074;0.009;0.0855;0.0079;0.0279;0.0073;0;0;0.088;0.9489;0;0;0;0;0;0;0;0;0;0;0;0;0.0224;0.0038;1.0532;1.0532;0;44.593;44.593;19.753;0.0496;1052.3;1000.9;1;0.0163;0.0163;0;0;0;0;0;0;1.0369;0.9489;0;16.702;19.34;15.048;17.425;98.454;98.454;10.001;8.8817;8.0022;1.1188;0.8795;0.1119;0.0879;0.8002;221.66;0.7441;0
25/02/21 13:00;58.186;39.169;24.123;68.604;21.396;90;21.396;626.9;385.4;241.5;27.24;4.41;0;259.38;296.19;84.465;0;4.3207;644.35;0;644.35;259.38;84.465;296.19;4.3207;0.4025;0.4664;0;0.0067;633.06;11.288;0;0;7.6476;3.6399;621.53;10.264;0.2157;0.0702;9.8305;0.1476;631.8;1.2661;0.5188;0.1689;0.5771;0.0014;622.64;258.65;84.226;278.13;0.5318;364.38;291.5;115.77;1.355;4.1081;59.093;1.1067;61.846;0;1;0;0;1.0278;0.9825;1;1;0.9742;0.1576;0.9838;0.9992;1;0.9659;0.7827;0.998;0.998;1;0.998;0.998;0.9646;0.939;0.1231;1.8338;1.8998;0.0114;0.0006;0.2246;0.0116;0.0413;0.0098;0;0;0.088;1.4469;0;0;0;0;0;0;0;0;0;0;0;0;0.0333;0.0087;1.5585;1.5585;0;58.329;58.329;31.089;0.05;1636.1;952.57;1;0.0235;0.0235;0;0;0;0;0;0;1.5349;1.4469;0;15.982;18.507;14.839;17.183;98.49;98.49;15.464;13.143;12.202;2.3216;0.9406;0.1501;0.0608;0.7891;185.31;0.7384;0
25/02/21 14:00;48.883;58.778;19.93;53.26;36.74;90;36.74;916.7;151.3;765.4;27.78;4.43;0;955.13;36.865;137.73;0;18.209;1147.9;0;1147.9;955.13;137.73;36.865;18.209;0.832;0.048;0;0.0159;1129.2;18.728;0;0;2.2517;16.476;1124.9;2.0833;0.6562;0.0946;1.1154;0.2171;1126.9;2.2584;1.9103;0.2755;0.0692;0.0035;1130;952.56;137.36;33.429;1.5124;452.93;362.34;147.67;1.1263;4.8249;69.404;5.1171;73.103;0;1;0;0;1.2522;0.9837;1;1;0.9389;0.0952;0.9982;0.9993;1;0.9677;0.8745;0.998;0.998;1;0.998;0.998;0.9799;0.9068;0.0831;3.2669;3.372;0.0203;0.0084;0.7218;0.0183;0.0651;0.0102;0;0;0.088;2.2942;0;0;0;0;0;0;0;0;0;0;0;0;0.0524;0.0257;2.4496;2.4218;0;85.276;85.276;57.497;0.0511;2767.8;875;1;0.0675;0.0397;0;0.0278;0;0;0;0;2.3822;2.2942;0;13.941;16.143;13.206;15.292;97.246;98.363;27.55;20.423;19.347;7.1269;1.0765;0.2587;0.0391;0.7022;25.556;0.6718;0
25/02/21 15:00;37.712;72.249;13.957;39.072;50.928;90;50.928;669;125.6;543.4;28.66;4.57;0;862.12;37.08;127.1;0;24.733;1051;0;1051;862.12;127.1;37.08;24.733;0.8203;0.0588;0;0.0235;1024.2;26.796;0;0;3.6751;23.121;1020.5;1.6553;0.4148;0.0612;1.1111;0.0683;1022.2;2.0485;1.7242;0.2542;0.0668;0.0032;1026.2;859.99;126.79;32.227;1.5402;246.85;197.48;76.683;3.4826;3.0632;44.062;5.6238;43.643;0;1;0;0;1.5711;0.9745;1;1;0.9009;0.0652;0.9984;0.9995;1;0.9667;0.9576;0.998;0.998;1;0.998;0.998;0.971;0.8691;0.0623;2.9912;3.0242;0.0182;0.002;0.5977;0.0168;0.0597;0.0067;0;0;0.088;2.1249;0;0;0;0;0;0;0;0;0;0;0;0;0.0481;0.0209;2.254;2.2485;0;80.618;80.618;51.957;0.0509;2569.7;875;1;0.0412;0.0356;0;0.0055;0;0;0;0;2.2129;2.1249;0;14.136;16.37;13.359;15.47;98.174;98.416;25.225;18.962;17.919;6.2632;1.0426;0.2483;0.0413;0.7104;29.221;0.6888;0
25/02/21 16:00;25.747;82.572;7.8201;25.937;60;90;60;404.09;167;237.1;27.47;4.12;0;540.72;76.165;149.25;0;20.205;786.34;0;786.34;540.72;149.25;76.165;20.205;0.6876;0.1226;0;0.0257;757.86;28.477;0;0;9.5753;18.902;753.72;2.6261;0.1458;0.0402;2.3514;0.0887;756.35;1.5157;1.0814;0.2985;0.1332;0.0026;756.74;539.49;148.91;64.105;1.2118;85.749;68.599;31.058;12.738;1.5261;21.952;3.0203;10.74;0;1;0;0;1.9459;0.9638;1;1;0.8743;0.0645;0.9965;0.9997;1;0.9646;0.9318;0.998;0.998;1;0.998;0.998;0.9585;0.8417;0.06;2.2379;2.2091;0.0133;-0.0015;0.3166;0.0132;0.0467;0.0035;0;0;0.088;1.6532;0;0;0;0;0;0;0;0;0;0;0;0;0.0376;0.0115;1.7682;1.7682;0;65.371;65.371;37.901;0.0503;1907.4;927.01;1;0.027;0.027;0;0;0;0;0;0;1.7412;1.6532;0;14.859;17.206;13.892;16.087;98.473;98.473;18.872;14.911;13.941;3.9609;0.9698;0.2099;0.0514;0.7387;66.307;0.7236;0
25/02/21 17:00;13.508;91.465;55.494;13.512;21.006;90;21.006;185.21;129.6;55.608;27.24;3.1899;0;134.86;103.88;53.728;0;1.2308;293.7;0;293.7;134.86;53.728;103.88;1.2308;0.4592;0.3579;0;0.0042;290.06;3.6393;0;0;2.604;1.0353;281.81;7.6667;2.9771;1.186;3.461;0.0426;289.48;0.5801;0.2697;0.1075;0.2025;0.0004;282;131.62;52.434;97.609;0.1525;65.242;52.194;20.415;0.4442;0.7691;11.063;0.1869;11.387;0;1;0;0;1.5858;0.9876;1;1;0.9749;0.1589;0.9735;0.9779;1;0.9658;0.7815;0.998;0.998;1;0.998;0.998;0.9595;0.9397;0.1239;0.8358;0.829;0.005;0.0144;0.0484;0.0053;0.0189;0.0019;0;0;0.088;0.6183;0;0;0;0;0;0;0;0;0;0;0;0;0.0152;0.0019;0.7179;0.7179;0;41.199;41.199;13.959;0.0495;713.01;1006.9;1;0.0116;0.0116;0;0;0;0;0;0;0.7063;0.6183;0;16.152;18.704;13.911;16.109;98.385;98.385;7.0488;6.0542;5.2143;0.9946;0.8399;0.1411;0.1192;0.7397;64.861;0.7195;0
25/02/21 18:00;3.7346;98.26;80.911;3.7736;5.4112;90;5.4112;2.5981;2.5981;0;24.55;3.5001;0;0;2.5923;0;0;0.0012;2.5935;2.5935;0;0;0;0;0;1;1;1;1;0;0;0;0;0;0;0;0;0;0;0;0;0;0;0;0;0;0;0;0;0;0;0;0;0;0;0;0;0;0;0;0;0;0;0;0;1;1;1;1;1;1;1;1;1;1;1;1;1;0;0;1;0;0;0;0;0;0;0;0;0;0;0;0.0004;0.088;-0.0884;0;0;0;0;0;0;0;0;0;0;0;0;0;0;0;0;0;0;0;-24.55;0;0;0;0;0.0004;0;0;0;0;0;0;0;-0.0004;-0.0884;0;0;0;0;0;0;0;0;0;-0.7452;0;0.7452;1;1;0;0;0;0
25/02/21 19:00;0;0;90;0;0;90;0;0;0;0;21.54;3.79;0;0;0;0;0;0;0;0;0;0;0;0;0;1;1;1;1;0;0;0;0;0;0;0;0;0;0;0;0;0;0;0;0;0;0;0;0;0;0;0;0;0;0;0;0;0;0;0;0;0;0;0;1;1;1;1;1;1;1;1;1;1;1;1;1;1;1;1;1;1;1;0;0;0;0;0;0;0;0;0;0.0004;0.088;-0.0884;0;0;0;0;0;0;0;0;0;0;0;0;0;0;0;0;0;0;0;-21.54;0;0;0;0;0.0004;0;0;0;0;0;0;0;-0.0004;-0.0884;0;0;0;0;0;0;0;0;0;-0.7452;0;0.7452;1;1;0;0;0;0
25/02/21 20:00;0;0;90;0;0;90;0;0;0;0;19.84;3.78;0;0;0;0;0;0;0;0;0;0;0;0;0;1;1;1;1;0;0;0;0;0;0;0;0;0;0;0;0;0;0;0;0;0;0;0;0;0;0;0;0;0;0;0;0;0;0;0;0;0;0;0;1;1;1;1;1;1;1;1;1;1;1;1;1;1;1;1;1;1;1;0;0;0;0;0;0;0;0;0;0.0004;0.088;-0.0884;0;0;0;0;0;0;0;0;0;0;0;0;0;0;0;0;0;0;0;-19.84;0;0;0;0;0.0004;0;0;0;0;0;0;0;-0.0004;-0.0884;0;0;0;0;0;0;0;0;0;-0.7452;0;0.7452;1;1;0;0;0;0
25/02/21 21:00;0;0;90;0;0;90;0;0;0;0;18.48;3.61;0;0;0;0;0;0;0;0;0;0;0;0;0;1;1;1;1;0;0;0;0;0;0;0;0;0;0;0;0;0;0;0;0;0;0;0;0;0;0;0;0;0;0;0;0;0;0;0;0;0;0;0;1;1;1;1;1;1;1;1;1;1;1;1;1;1;1;1;1;1;1;0;0;0;0;0;0;0;0;0;0.0004;0.088;-0.0884;0;0;0;0;0;0;0;0;0;0;0;0;0;0;0;0;0;0;0;-18.48;0;0;0;0;0.0004;0;0;0;0;0;0;0;-0.0004;-0.0884;0;0;0;0;0;0;0;0;0;-0.7452;0;0.7452;1;1;0;0;0;0
25/02/21 22:00;0;0;90;0;0;90;0;0;0;0;14.2;3.4201;0;0;0;0;0;0;0;0;0;0;0;0;0;1;1;1;1;0;0;0;0;0;0;0;0;0;0;0;0;0;0;0;0;0;0;0;0;0;0;0;0;0;0;0;0;0;0;0;0;0;0;0;1;1;1;1;1;1;1;1;1;1;1;1;1;1;1;1;1;1;1;0;0;0;0;0;0;0;0;0;0.0004;0.088;-0.0884;0;0;0;0;0;0;0;0;0;0;0;0;0;0;0;0;0;0;0;-14.2;0;0;0;0;0.0004;0;0;0;0;0;0;0;-0.0004;-0.0884;0;0;0;0;0;0;0;0;0;-0.7452;0;0.7452;1;1;0;0;0;0
25/02/21 23:00;0;0;90;0;0;90;0;0;0;0;12.94;3.24;0;0;0;0;0;0;0;0;0;0;0;0;0;1;1;1;1;0;0;0;0;0;0;0;0;0;0;0;0;0;0;0;0;0;0;0;0;0;0;0;0;0;0;0;0;0;0;0;0;0;0;0;1;1;1;1;1;1;1;1;1;1;1;1;1;1;1;1;1;1;1;0;0;0;0;0;0;0;0;0;0.0004;0.088;-0.0884;0;0;0;0;0;0;0;0;0;0;0;0;0;0;0;0;0;0;0;-12.94;0;0;0;0;0.0004;0;0;0;0;0;0;0;-0.0004;-0.0884;0;0;0;0;0;0;0;0;0;-0.7452;0;0.7452;1;1;0;0;0;0
26/02/21 00:00;0;0;90;0;0;90;0;0;0;0;12.38;3.0399;0;0;0;0;0;0;0;0;0;0;0;0;0;1;1;1;1;0;0;0;0;0;0;0;0;0;0;0;0;0;0;0;0;0;0;0;0;0;0;0;0;0;0;0;0;0;0;0;0;0;0;0;1;1;1;1;1;1;1;1;1;1;1;1;1;1;1;1;1;1;1;0;0;0;0;0;0;0;0;0;0.0004;0.088;-0.0884;0;0;0;0;0;0;0;0;0;0;0;0;0;0;0;0;0;0;0;-12.38;0;0;0;0;0.0004;0;0;0;0;0;0;0;-0.0004;-0.0884;0;0;0;0;0;0;0;0;0;-0.7452;0;0.7452;1;1;0;0;0;0
26/02/21 01:00;0;0;90;0;0;90;0;0;0;0;11.18;2.8501;0;0;0;0;0;0;0;0;0;0;0;0;0;1;1;1;1;0;0;0;0;0;0;0;0;0;0;0;0;0;0;0;0;0;0;0;0;0;0;0;0;0;0;0;0;0;0;0;0;0;0;0;1;1;1;1;1;1;1;1;1;1;1;1;1;1;1;1;1;1;1;0;0;0;0;0;0;0;0;0;0.0004;0.088;-0.0884;0;0;0;0;0;0;0;0;0;0;0;0;0;0;0;0;0;0;0;-11.18;0;0;0;0;0.0004;0;0;0;0;0;0;0;-0.0004;-0.0884;0;0;0;0;0;0;0;0;0;-0.7452;0;0.7452;1;1;0;0;0;0
26/02/21 02:00;0;0;90;0;0;90;0;0;0;0;11.21;2.6901;0;0;0;0;0;0;0;0;0;0;0;0;0;1;1;1;1;0;0;0;0;0;0;0;0;0;0;0;0;0;0;0;0;0;0;0;0;0;0;0;0;0;0;0;0;0;0;0;0;0;0;0;1;1;1;1;1;1;1;1;1;1;1;1;1;1;1;1;1;1;1;0;0;0;0;0;0;0;0;0;0.0004;0.088;-0.0884;0;0;0;0;0;0;0;0;0;0;0;0;0;0;0;0;0;0;0;-11.21;0;0;0;0;0.0004;0;0;0;0;0;0;0;-0.0004;-0.0884;0;0;0;0;0;0;0;0;0;-0.7452;0;0.7452;1;1;0;0;0;0
26/02/21 03:00;0;0;90;0;0;90;0;0;0;0;10.8;2.52;0;0;0;0;0;0;0;0;0;0;0;0;0;1;1;1;1;0;0;0;0;0;0;0;0;0;0;0;0;0;0;0;0;0;0;0;0;0;0;0;0;0;0;0;0;0;0;0;0;0;0;0;1;1;1;1;1;1;1;1;1;1;1;1;1;1;1;1;1;1;1;0;0;0;0;0;0;0;0;0;0.0004;0.088;-0.0884;0;0;0;0;0;0;0;0;0;0;0;0;0;0;0;0;0;0;0;-10.8;0;0;0;0;0.0004;0;0;0;0;0;0;0;-0.0004;-0.0884;0;0;0;0;0;0;0;0;0;-0.7452;0;0.7452;1;1;0;0;0;0
26/02/21 04:00;0;0;90;0;0;90;0;0;0;0;9.5001;2.3099;0;0;0;0;0;0;0;0;0;0;0;0;0;1;1;1;1;0;0;0;0;0;0;0;0;0;0;0;0;0;0;0;0;0;0;0;0;0;0;0;0;0;0;0;0;0;0;0;0;0;0;0;1;1;1;1;1;1;1;1;1;1;1;1;1;1;1;1;1;1;1;0;0;0;0;0;0;0;0;0;0.0004;0.088;-0.0884;0;0;0;0;0;0;0;0;0;0;0;0;0;0;0;0;0;0;0;-9.5001;0;0;0;0;0.0004;0;0;0;0;0;0;0;-0.0004;-0.0884;0;0;0;0;0;0;0;0;0;-0.7452;0;0.7452;1;1;0;0;0;0
26/02/21 05:00;1.4417;-99.419;86.502;1.4614;2.0847;-90;-2.0847;0;0;0;10.02;2.29;0;0;0;0;0;0;0;0;0;0;0;0;0;1;1;1;1;0;0;0;0;0;0;0;0;0;0;0;0;0;0;0;0;0;0;0;0;0;0;0;0;0;0;0;0;0;0;0;0;0;0;0;1;1;1;1;1;1;1;1;1;1;1;1;1;1;1;1;1;1;1;0;0;0;0;0;0;0;0;0;0.0004;0.088;-0.0884;0;0;0;0;0;0;0;0;0;0;0;0;0;0;0;0;0;0;0;-10.02;0;0;0;0;0.0004;0;0;0;0;0;0;0;-0.0004;-0.0884;0;0;0;0;0;0;0;0;0;-0.7452;0;0.7452;1;1;0;0;0;0
26/02/21 06:00;8.7472;-94.312;68.357;8.7716;12.935;-90;-12.935;121.9;20.102;101.79;10.88;2.5599;0;246.88;10.304;23.442;0;0.3093;280.93;0;280.93;246.88;23.442;10.304;0.3093;0.8788;0.0378;0;0.0011;280.56;0.3711;0;0;0.1143;0.2568;255.24;24.764;22.244;2.1121;0.3969;0.0118;280;0.5611;0.4938;0.0469;0.0204;0.0001;255.24;224.14;21.283;9.7725;0.0407;6.7734;5.4187;2.1753;0.0079;0.0737;1.0605;0.0054;1.1264;0;1;0;0;2.3047;0.9987;1;1;0.9889;0.1699;0.9116;0.9097;1;0.961;0.7756;0.998;0.998;1;0.998;0.998;0.9085;0.9484;0.1315;0.7995;0.7324;0.0044;0.0155;-0.0043;0.005;0.0178;0.0002;0;0;0.088;0.578;0;0;0;0;0;0;0;0;0;0;0;0;0.0143;0.0015;0.6779;0.6779;0;23.345;23.345;12.464;0.0488;627.88;1079.7;1;0.0119;0.0119;0;0;0;0;0;0;0.666;0.578;0;15.945;18.464;13.596;15.744;98.252;98.252;6.7424;5.7168;4.8747;1.0256;0.8421;0.1521;0.1249;0.723;6.2273;0.721;0
26/02/21 07:00;21.003;-85.646;29.626;21.059;39.57;-90;-39.57;346.41;57.1;289.31;16.99;4.3001;0;701.65;21.243;80.296;0;7.9382;811.13;0;811.13;701.65;80.296;21.243;7.9382;0.865;0.036;0;0.0098;802.44;8.6837;0;0;1.4511;7.2326;799.33;1.5046;0.7166;0.082;0.6395;0.0665;800.84;1.6049;1.4033;0.1606;0.0396;0.0014;799.59;699.53;80.053;19.113;0.6377;16.657;13.325;5.2918;0.8358;0.2381;3.4251;0.2582;2.8274;0;1;0;0;2.3415;0.9893;1;1;0.9317;0.0889;0.9981;0.999;1;0.9676;0.9056;0.998;0.998;1;0.998;0.998;0.9855;0.8997;0.0803;2.3084;2.2946;0.0138;-0.0018;0.2581;0.0142;0.0503;0.0006;0;0;0.088;1.7883;0;0;0;0;0;0;0;0;0;0;0;0;0.0405;0.0124;1.9066;1.9066;0;56.901;56.901;39.911;0.0499;1981.9;961.97;1;0.0303;0.0303;0;0;0;0;0;0;1.8763;1.7883;0;15.532;17.986;14.568;16.87;98.412;98.412;19.467;16.078;15.081;3.3888;0.9975;0.1741;0.0512;0.7747;15.077;0.7722;0
26/02/21 08:00;33.104;-75.978;11.711;33.901;56.099;-90;-56.099;565.19;93.2;471.99;19.51;4.9499;0;846.22;27.527;103.73;0;24.995;1002.5;0;1002.5;846.22;103.73;27.527;24.995;0.8441;0.0524;0;0.0249;976.05;26.423;0;0;3.1284;23.294;972.8;1.299;0.3416;0.0419;0.8365;0.0791;974.1;1.9521;1.6924;0.2075;0.0488;0.0034;977.64;844.19;103.48;23.514;1.6182;163.01;130.4;50.606;3.6296;2.1112;30.369;4.8409;28.85;0;1;0;0;1.7737;0.9736;1;1;0.8864;0.068;0.9987;0.9996;1;0.9656;0.9534;0.998;0.998;1;0.998;0.998;0.9704;0.8542;0.0647;2.853;2.858;0.0172;0;0.4396;0.0168;0.0596;0.0048;0;0;0.088;2.1285;0;0;0;0;0;0;0;0;0;0;0;0;0.048;0.0188;2.2531;2.2531;0;68.546;68.546;49.036;0.0504;2464.4;914.28;1;0.0366;0.0366;0;0;0;0;0;0;2.2165;2.1285;0;14.852;17.198;14.03;16.247;98.375;98.375;24.059;19.001;17.95;5.0586;1.051;0.2103;0.0437;0.7461;22.923;0.7295;0
26/02/21 09:00;44.627;-63.913;18.238;47.701;42.299;-90;-42.299;755.6;124.7;630.9;21.78;5.0801;0;852.98;38.49;108.76;0;19.673;1019.9;0;1019.9;852.98;108.76;38.49;19.673;0.8363;0.057;0;0.0193;998.95;20.957;0;0;2.9016;18.056;995.07;1.879;0.5363;0.0684;1.153;0.1214;996.95;1.9979;1.706;0.2175;0.0712;0.0032;1000.2;850.74;108.48;34.364;1.4924;344.7;275.76;112.7;1.9044;3.7196;53.505;5.1434;55.32;0;1;0;0;1.3498;0.9795;1;1;0.9246;0.0822;0.9981;0.9994;1;0.9675;0.9248;0.998;0.998;1;0.998;0.998;0.9757;0.8928;0.0759;2.9026;2.9689;0.0179;0.0012;0.4943;0.0172;0.061;0.0084;0;0;0.088;2.1742;0;0;0;0;0;0;0;0;0;0;0;0;0.0491;0.0202;2.2996;2.2996;0;72.085;72.085;50.305;0.0506;2559.6;898.41;1;0.0374;0.0374;0;0;0;0;0;0;2.2622;2.1742;0;14.899;17.253;14.087;16.312;98.375;98.375;24.478;19.393;18.335;5.0852;1.0572;0.2077;0.0432;0.7491;27.962;0.7208;0
26/02/21 10:00;54.762;-47.019;23.164;62.67;27.33;-90;-27.33;896.7;148;748.7;23.03;5.0801;0;842.77;47.724;109.7;0;10.009;1010.2;0;1010.2;842.77;109.7;47.724;10.009;0.8343;0.0572;0;0.0099;999.76;10.44;0;0;1.8191;8.6212;995.23;2.5331;0.673;0.0876;1.5086;0.2639;997.76;1.9995;1.6855;0.2194;0.0918;0.0028;997.83;840.41;109.39;44.305;1.1214;486.25;389;159.78;0.5249;5.055;72.714;2.5993;77.244;0;1;0;0;1.1266;0.9897;1;1;0.9619;0.1387;0.9975;0.9992;1;0.9671;0.8095;0.998;0.998;1;0.998;0.998;0.9852;0.9283;0.112;2.875;3.0005;0.0181;0.0016;0.5138;0.0173;0.0612;0.0114;0;0;0.088;2.1818;0;0;0;0;0;0;0;0;0;0;0;0;0.0493;0.0206;2.3072;2.3072;0;73.398;73.398;50.368;0.0506;2585.5;892.36;1;0.0374;0.0374;0;0;0;0;0;0;2.2698;2.1818;0;15.092;17.476;14.272;16.526;98.379;98.379;24.245;19.457;18.399;4.788;1.0575;0.1975;0.0436;0.7589;30.902;0.7201;0
26/02/21 11:00;61.786;-21.888;26.02;78.689;11.311;-90;-11.311;973.41;160.6;812.81;23.75;5.07;0;828.91;53.66;108.52;0;1.8906;992.98;0;992.98;828.91;108.52;53.66;1.8906;0.8348;0.0559;0;0.0019;990.94;2.0446;0;0;0.4752;1.5694;985.91;3.0393;0.7435;0.0973;2.1265;0.072;988.95;1.9819;1.6578;0.217;0.1064;0.0006;986.3;826.51;108.21;50.952;0.2485;566.87;453.49;180.49;0.0253;6.2303;89.62;0.3876;95.825;0;1;0;0;1.0201;0.9979;1;1;0.9911;0.1698;0.9969;0.9991;1;0.9599;0.7755;0.998;0.998;1;0.998;0.998;0.9929;0.9495;0.1314;2.8259;3.0014;0.0181;0.0017;0.5168;0.0173;0.0612;0.014;0;0;0.088;2.1773;0;0;0;0;0;0;0;0;0;0;0;0;0.0493;0.0206;2.3026;2.3026;0;73.656;73.656;49.906;0.0506;2584.8;890.8;1;0.0373;0.0373;0;0;0;0;0;0;2.2653;2.1773;0;15.323;17.744;14.489;16.778;98.382;98.382;23.832;19.418;18.362;4.4137;1.0563;0.1852;0.0443;0.7705;32.275;0.7217;0
26/02/21 12:00;63.046;10.373;26.478;84.768;5.2316;90;5.2316;993.3;163.8;829.5;25.35;5.13;0;832.97;54.19;109.95;0;0.4138;997.52;0;997.52;832.97;109.95;54.19;0.4138;0.835;0.0547;0;0.0004;997.04;0.4816;0;0;0.1368;0.3449;991.82;3.2237;0.7603;0.1004;2.3477;0.0154;995.05;1.9941;1.6659;0.2199;0.1081;0.0001;991.87;830.54;109.63;51.598;0.0534;584.3;467.44;187.28;0.0008;6.34;91.198;0.0422;97.538;0;1;0;0;1.0043;0.9995;1;1;0.9975;0.1666;0.9968;0.9991;1;0.9565;0.7765;0.998;0.998;1;0.998;0.998;0.9943;0.9522;0.1291;2.8389;3.0205;0.0182;0.0019;0.5418;0.0172;0.061;0.0141;0;0;0.088;2.1713;0;0;0;0;0;0;0;0;0;0;0;0;0.0492;0.0208;2.2962;2.2962;0;75.638;75.638;50.288;0.0507;2601.3;882.7;1;0.0369;0.0369;0;0;0;0;0;0;2.2593;2.1713;0;15.211;17.614;14.383;16.656;98.392;98.392;23.941;19.364;18.311;4.5765;1.0534;0.1912;0.044;0.7648;32.192;0.7158;0
26/02/21 13:00;57.847;38.863;24.48;68.475;21.525;90;21.525;933.21;155.5;777.7;25.98;5.1099;0;836.01;51.049;110.3;0;6.5083;1003.9;0;1003.9;836.01;110.3;51.049;6.5083;0.8328;0.0573;0;0.0065;997.05;6.8165;0;0;1.3308;5.4857;992.34;2.7122;0.7055;0.0931;1.6922;0.2213;995.06;1.9941;1.672;0.2206;0.0994;0.002;993.97;833.63;109.99;47.927;0.7992;524;419.2;169.12;0.2401;5.6251;80.915;1.6239;86.3;0;1;0;0;1.0757;0.9932;1;1;0.9739;0.1571;0.9973;0.9992;1;0.9659;0.7831;0.998;0.998;1;0.998;0.998;0.9885;0.9388;0.1228;2.8569;3.0059;0.0181;0.0017;0.5468;0.0171;0.0606;0.0125;0;0;0.088;2.1552;0;0;0;0;0;0;0;0;0;0;0;0;0.0488;0.0207;2.2797;2.2797;0;76.322;76.322;50.342;0.0507;2589.7;880.3;1;0.0365;0.0365;0;0;0;0;0;0;2.2432;2.1552;0;15.006;17.377;14.187;16.428;98.4;98.4;24.093;19.225;18.175;4.8677;1.0497;0.202;0.0436;0.7544;31.961;0.7115;0
26/02/21 14:00;48.591;58.418;20.267;53.083;36.917;90;36.917;731.3;205.2;526.1;26.54;4.9201;0;658.03;91.598;129.32;0;14.662;893.61;0;893.61;658.03;129.32;91.598;14.662;0.7364;0.1189;0;0.0164;874.7;18.914;0;0;5.6368;13.277;869.46;3.4915;0.4597;0.0904;2.7702;0.1712;872.95;1.7494;1.3161;0.2586;0.1719;0.0028;873.67;656.25;128.98;83.019;1.211;370.03;296.03;120.9;2.8372;4.0497;58.254;4.2142;59.466;0;1;0;0;1.222;0.9788;1;1;0.9385;0.0945;0.996;0.9993;1;0.9677;0.8762;0.998;0.998;1;0.998;0.998;0.973;0.9063;0.0826;2.5431;2.6163;0.0158;-0.0017;0.4214;0.0153;0.0541;0.0092;0;0;0.088;1.923;0;0;0;0;0;0;0;0;0;0;0;0;0.0436;0.0158;2.0428;2.0428;0;70.435;70.435;43.895;0.0505;2253;906.69;1;0.0317;0.0317;0;0;0;0;0;0;2.011;1.923;0;15.106;17.492;14.22;16.467;98.447;98.447;21.447;17.227;16.217;4.2197;1.0097;0.1968;0.0471;0.7562;63.591;0.721;0
26/02/21 15:00;37.451;71.907;14.273;38.863;51.137;90;51.137;643.39;138.2;505.19;26.79;4.74;0;805.14;45.345;131.44;0;23.969;1005.9;0;1005.9;805.14;131.44;45.345;23.969;0.8004;0.0689;0;0.0238;978.97;26.932;0;0;4.5212;22.411;975.12;1.8857;0.3961;0.0647;1.3592;0.0657;977.01;1.9579;1.6103;0.2629;0.0816;0.0031;980.65;803.13;131.12;39.383;1.4894;239.19;191.36;74.458;4.3186;3.0196;43.435;5.5309;42.136;0;1;0;0;1.5634;0.9732;1;1;0.9003;0.065;0.9981;0.9995;1;0.9666;0.9578;0.998;0.998;1;0.998;0.998;0.9694;0.8685;0.0621;2.8627;2.8927;0.0174;0.0003;0.5261;0.0164;0.0583;0.0067;0;0;0.088;2.0785;0;0;0;0;0;0;0;0;0;0;0;0;0.047;0.0192;2.2012;2.2012;0;76.256;76.256;49.466;0.0507;2495.5;882.07;1;0.0347;0.0347;0;0;0;0;0;0;2.1665;2.0785;0;14.46;16.744;13.654;15.811;98.424;98.424;24.142;18.563;17.528;5.5788;1.0346;0.2311;0.0429;0.7261;35.811;0.7033;0
26/02/21 16:00;25.502;82.256;8.1941;25.707;60;90;60;421.5;146;275.5;26.97;4.03;0;633.36;59.166;154.28;0;21.075;867.88;0;867.88;633.36;154.28;59.166;21.075;0.7298;0.0925;0;0.0243;840.73;27.154;0;0;7.4382;19.716;836.9;2.1416;0.1789;0.0436;1.8266;0.0925;839.05;1.6815;1.2667;0.3086;0.1035;0.0027;839.31;631.92;153.93;49.798;1.264;70.947;56.757;26.075;9.8967;1.1963;17.209;2.4069;8.5081;0;1;0;0;2.059;0.9687;1;1;0.8743;0.0645;0.9974;0.9997;1;0.9646;0.9318;0.998;0.998;1;0.998;0.998;0.9643;0.8417;0.06;2.4699;2.4358;0.0147;-0.002;0.3819;0.0143;0.0507;0.0027;0;0;0.088;1.8013;0;0;0;0;0;0;0;0;0;0;0;0;0.0408;0.0139;1.9189;1.9189;0;69.179;69.179;42.209;0.0504;2102.1;912.83;1;0.0295;0.0295;0;0;0;0;0;0;1.8893;1.8013;0;14.61;16.918;13.715;15.882;98.46;98.46;20.829;16.182;15.191;4.6471;0.9913;0.2231;0.0476;0.7293;51.508;0.7186;0
26/02/21 17:00;13.266;91.169;56.184;13.269;20.555;90;20.555;155.69;128.5;27.188;25.85;2.6201;0;65.939;113.82;26.525;0;0.9912;207.28;0;207.28;65.939;26.525;113.82;0.9912;0.3181;0.5539;0;0.0048;203.69;3.588;0;0;2.7558;0.8322;197.23;6.0549;1.5763;0.6341;3.8097;0.0349;203.28;0.4074;0.1319;0.0531;0.2221;0.0003;197.42;64.231;25.838;107.04;0.1238;71.098;56.878;22.176;0.4493;0.8404;12.089;0.1936;12.48;0;1;0;0;1.3313;0.9827;1;1;0.9758;0.1604;0.9702;0.976;1;0.9656;0.7801;0.998;0.998;1;0.998;0.998;0.9515;0.9404;0.1249;0.5899;0.5891;0.0035;0.0168;0.0226;0.0038;0.0136;0.0021;0;0;0.088;0.4175;0;0;0;0;0;0;0;0;0;0;0;0;0.0109;0.0011;0.5146;0.5146;0;35.601;35.601;9.7509;0.0494;504.72;1019.7;1;0.0091;0.0091;0;0;0;0;0;0;0.5055;0.4175;0;16.407;18.998;13.311;15.414;98.23;98.23;4.9747;4.34;3.5211;0.6346;0.8189;0.1276;0.1646;0.7078;70.911;0.6782;0
26/02/21 18:00;3.6912;97.833;81.017;3.7259;5.3419;90;5.3419;0;0;0;22.68;2.49;0;0;0;0;0;0;0;0;0;0;0;0;0;1;1;1;1;0;0;0;0;0;0;0;0;0;0;0;0;0;0;0;0;0;0;0;0;0;0;0;0;0;0;0;0;0;0;0;0;0;0;0;1;1;1;1;1;1;1;1;1;1;1;1;1;1;1;1;1;1;1;0;0;0;0;0;0;0;0;0;0.0004;0.088;-0.0884;0;0;0;0;0;0;0;0;0;0;0;0;0;0;0;0;0;0;0;-22.68;0;0;0;0;0.0004;0;0;0;0;0;0;0;-0.0004;-0.0884;0;0;0;0;0;0;0;0;0;-0.7452;0;0.7452;1;1;0;0;0;0
26/02/21 19:00;0;0;90;0;0;90;0;0;0;0;20.2;2.3801;0;0;0;0;0;0;0;0;0;0;0;0;0;1;1;1;1;0;0;0;0;0;0;0;0;0;0;0;0;0;0;0;0;0;0;0;0;0;0;0;0;0;0;0;0;0;0;0;0;0;0;0;1;1;1;1;1;1;1;1;1;1;1;1;1;1;1;1;1;1;1;0;0;0;0;0;0;0;0;0;0.0004;0.088;-0.0884;0;0;0;0;0;0;0;0;0;0;0;0;0;0;0;0;0;0;0;-20.2;0;0;0;0;0.0004;0;0;0;0;0;0;0;-0.0004;-0.0884;0;0;0;0;0;0;0;0;0;-0.7452;0;0.7452;1;1;0;0;0;0
26/02/21 20:00;0;0;90;0;0;90;0;0;0;0;16.63;2.2499;0;0;0;0;0;0;0;0;0;0;0;0;0;1;1;1;1;0;0;0;0;0;0;0;0;0;0;0;0;0;0;0;0;0;0;0;0;0;0;0;0;0;0;0;0;0;0;0;0;0;0;0;1;1;1;1;1;1;1;1;1;1;1;1;1;1;1;1;1;1;1;0;0;0;0;0;0;0;0;0;0.0004;0.088;-0.0884;0;0;0;0;0;0;0;0;0;0;0;0;0;0;0;0;0;0;0;-16.63;0;0;0;0;0.0004;0;0;0;0;0;0;0;-0.0004;-0.0884;0;0;0;0;0;0;0;0;0;-0.7452;0;0.7452;1;1;0;0;0;0
26/02/21 21:00;0;0;90;0;0;90;0;0;0;0;15.77;2.0899;0;0;0;0;0;0;0;0;0;0;0;0;0;1;1;1;1;0;0;0;0;0;0;0;0;0;0;0;0;0;0;0;0;0;0;0;0;0;0;0;0;0;0;0;0;0;0;0;0;0;0;0;1;1;1;1;1;1;1;1;1;1;1;1;1;1;1;1;1;1;1;0;0;0;0;0;0;0;0;0;0.0004;0.088;-0.0884;0;0;0;0;0;0;0;0;0;0;0;0;0;0;0;0;0;0;0;-15.77;0;0;0;0;0.0004;0;0;0;0;0;0;0;-0.0004;-0.0884;0;0;0;0;0;0;0;0;0;-0.7452;0;0.7452;1;1;0;0;0;0
26/02/21 22:00;0;0;90;0;0;90;0;0;0;0;16.66;1.86;0;0;0;0;0;0;0;0;0;0;0;0;0;1;1;1;1;0;0;0;0;0;0;0;0;0;0;0;0;0;0;0;0;0;0;0;0;0;0;0;0;0;0;0;0;0;0;0;0;0;0;0;1;1;1;1;1;1;1;1;1;1;1;1;1;1;1;1;1;1;1;0;0;0;0;0;0;0;0;0;0.0004;0.088;-0.0884;0;0;0;0;0;0;0;0;0;0;0;0;0;0;0;0;0;0;0;-16.66;0;0;0;0;0.0004;0;0;0;0;0;0;0;-0.0004;-0.0884;0;0;0;0;0;0;0;0;0;-0.7452;0;0.7452;1;1;0;0;0;0
26/02/21 23:00;0;0;90;0;0;90;0;0;0;0;15.57;1.89;0;0;0;0;0;0;0;0;0;0;0;0;0;1;1;1;1;0;0;0;0;0;0;0;0;0;0;0;0;0;0;0;0;0;0;0;0;0;0;0;0;0;0;0;0;0;0;0;0;0;0;0;1;1;1;1;1;1;1;1;1;1;1;1;1;1;1;1;1;1;1;0;0;0;0;0;0;0;0;0;0.0004;0.088;-0.0884;0;0;0;0;0;0;0;0;0;0;0;0;0;0;0;0;0;0;0;-15.57;0;0;0;0;0.0004;0;0;0;0;0;0;0;-0.0004;-0.0884;0;0;0;0;0;0;0;0;0;-0.7452;0;0.7452;1;1;0;0;0;0
27/02/21 00:00;0;0;90;0;0;90;0;0;0;0;14.84;2.0701;0;0;0;0;0;0;0;0;0;0;0;0;0;1;1;1;1;0;0;0;0;0;0;0;0;0;0;0;0;0;0;0;0;0;0;0;0;0;0;0;0;0;0;0;0;0;0;0;0;0;0;0;1;1;1;1;1;1;1;1;1;1;1;1;1;1;1;1;1;1;1;0;0;0;0;0;0;0;0;0;0.0004;0.088;-0.0884;0;0;0;0;0;0;0;0;0;0;0;0;0;0;0;0;0;0;0;-14.84;0;0;0;0;0.0004;0;0;0;0;0;0;0;-0.0004;-0.0884;0;0;0;0;0;0;0;0;0;-0.7452;0;0.7452;1;1;0;0;0;0
27/02/21 01:00;0;0;90;0;0;90;0;0;0;0;14.98;2.18;0;0;0;0;0;0;0;0;0;0;0;0;0;1;1;1;1;0;0;0;0;0;0;0;0;0;0;0;0;0;0;0;0;0;0;0;0;0;0;0;0;0;0;0;0;0;0;0;0;0;0;0;1;1;1;1;1;1;1;1;1;1;1;1;1;1;1;1;1;1;1;0;0;0;0;0;0;0;0;0;0.0004;0.088;-0.0884;0;0;0;0;0;0;0;0;0;0;0;0;0;0;0;0;0;0;0;-14.98;0;0;0;0;0.0004;0;0;0;0;0;0;0;-0.0004;-0.0884;0;0;0;0;0;0;0;0;0;-0.7452;0;0.7452;1;1;0;0;0;0
27/02/21 02:00;0;0;90;0;0;90;0;0;0;0;14.16;2.28;0;0;0;0;0;0;0;0;0;0;0;0;0;1;1;1;1;0;0;0;0;0;0;0;0;0;0;0;0;0;0;0;0;0;0;0;0;0;0;0;0;0;0;0;0;0;0;0;0;0;0;0;1;1;1;1;1;1;1;1;1;1;1;1;1;1;1;1;1;1;1;0;0;0;0;0;0;0;0;0;0.0004;0.088;-0.0884;0;0;0;0;0;0;0;0;0;0;0;0;0;0;0;0;0;0;0;-14.16;0;0;0;0;0.0004;0;0;0;0;0;0;0;-0.0004;-0.0884;0;0;0;0;0;0;0;0;0;-0.7452;0;0.7452;1;1;0;0;0;0
27/02/21 03:00;0;0;90;0;0;90;0;0;0;0;14.25;2.4699;0;0;0;0;0;0;0;0;0;0;0;0;0;1;1;1;1;0;0;0;0;0;0;0;0;0;0;0;0;0;0;0;0;0;0;0;0;0;0;0;0;0;0;0;0;0;0;0;0;0;0;0;1;1;1;1;1;1;1;1;1;1;1;1;1;1;1;1;1;1;1;0;0;0;0;0;0;0;0;0;0.0004;0.088;-0.0884;0;0;0;0;0;0;0;0;0;0;0;0;0;0;0;0;0;0;0;-14.25;0;0;0;0;0.0004;0;0;0;0;0;0;0;-0.0004;-0.0884;0;0;0;0;0;0;0;0;0;-0.7452;0;0.7452;1;1;0;0;0;0
27/02/21 04:00;0;0;90;0;0;90;0;0;0;0;14.01;2.52;0;0;0;0;0;0;0;0;0;0;0;0;0;1;1;1;1;0;0;0;0;0;0;0;0;0;0;0;0;0;0;0;0;0;0;0;0;0;0;0;0;0;0;0;0;0;0;0;0;0;0;0;1;1;1;1;1;1;1;1;1;1;1;1;1;1;1;1;1;1;1;0;0;0;0;0;0;0;0;0;0.0004;0.088;-0.0884;0;0;0;0;0;0;0;0;0;0;0;0;0;0;0;0;0;0;0;-14.01;0;0;0;0;0.0004;0;0;0;0;0;0;0;-0.0004;-0.0884;0;0;0;0;0;0;0;0;0;-0.7452;0;0.7452;1;1;0;0;0;0
27/02/21 05:00;1.2575;-99.088;86.949;1.2735;1.8163;-90;-1.8163;0;0;0;13.62;2.41;0;0;0;0;0;0;0;0;0;0;0;0;0;1;1;1;1;0;0;0;0;0;0;0;0;0;0;0;0;0;0;0;0;0;0;0;0;0;0;0;0;0;0;0;0;0;0;0;0;0;0;0;1;1;1;1;1;1;1;1;1;1;1;1;1;1;1;1;1;1;1;0;0;0;0;0;0;0;0;0;0.0004;0.088;-0.0884;0;0;0;0;0;0;0;0;0;0;0;0;0;0;0;0;0;0;0;-13.62;0;0;0;0;0.0004;0;0;0;0;0;0;0;-0.0004;-0.0884;0;0;0;0;0;0;0;0;0;-0.7452;0;0.7452;1;1;0;0;0;0
27/02/21 06:00;8.568;-93.974;68.818;8.5884;12.646;-90;-12.646;35.709;34.803;0.906;14.3;3.05;0;2.1974;34.231;0.3689;0;0.0866;36.884;0;36.884;2.1974;0.3689;34.231;0.0866;0.0596;0.9304;0;0.0023;36.446;0.4376;0;0;0.3657;0.0719;34.801;1.5721;0.2084;0.035;1.3254;0.0033;36.373;0.0729;0.0044;0.0007;0.0677;0;34.818;1.9846;0.3332;32.472;0.0114;20.674;16.539;6.3362;0.0239;0.2447;3.5205;0.0169;3.7413;0;1;0;0;1.0329;0.9881;1;1;0.9893;0.1699;0.9568;0.905;1;0.9608;0.7756;0.998;0.998;1;0.998;0.998;0.9435;0.9486;0.1315;0.105;0.1067;0.0006;0.0114;-0.0035;0.0007;0.0024;0.0006;0;0;0.088;-0.0001;0;0;0;0;0;0;0;0;0;0;0;0;0.002;0.0001;0.0923;0.0923;0;16.024;16.024;1.7245;0.0496;89.505;1031.5;1;0.0044;0.0044;0;0;0;0;0;0;0.0879;-0.0001;0;16.541;19.154;-0.012;-0.0138;95.241;95.241;0.8852;0.7786;-0.0006;0.1066;0.7792;0.1204;0.8802;0;20.669;0;0
27/02/21 07:00;20.824;-85.289;30.438;20.888;38.963;-90;-38.963;445.7;73.497;372.2;17.79;1.64;0;902.7;16.171;134.12;0;9.9147;1062.9;0;1062.9;902.7;134.12;16.171;9.9147;0.8493;0.0245;0;0.0093;1052.8;10.09;0;0;1.0785;9.0114;1048.8;1.9154;1.1643;0.173;0.4873;0.0908;1050.7;2.1056;1.8054;0.2682;0.0302;0.0018;1048.9;899.73;133.68;14.575;0.8107;13.512;10.81;4.8428;0.6044;0.1526;2.1955;0.1431;1.7438;0;1;0;0;2.3848;0.9905;1;1;0.9333;0.0911;0.9982;0.9987;1;0.9677;0.8993;0.998;0.998;1;0.998;0.998;0.9867;0.9013;0.0818;3.025;3.0055;0.0181;0.0017;0.4857;0.0175;0.0621;0.0003;0;0;0.088;2.2226;0;0;0;0;0;0;0;0;0;0;0;0;0.05;0.0207;2.3493;2.3493;0;70.757;70.757;52.967;0.0505;2595.4;905.2;1;0.0387;0.0387;0;0;0;0;0;0;2.3106;2.2226;0;14.605;16.913;13.818;16.001;98.353;98.353;25.51;19.812;18.744;5.6977;1.0684;0.2234;0.0419;0.7348;11.418;0.7336;0
27/02/21 08:00;32.911;-75.589;12.06;33.752;56.248;-90;-56.248;273.31;234.3;39.007;21.94;2.4799;0;70.206;172.84;21.757;0;12.146;276.95;0;276.95;70.206;21.757;172.84;12.146;0.2535;0.6679;0;0.0439;245.91;31.038;0;0;19.718;11.319;240.09;5.3317;0.0292;0.009;5.2547;0.0388;245.42;0.4918;0.1404;0.0435;0.3062;0.0017;244.64;70.037;21.705;147.56;0.786;157.53;126.02;56.013;22.967;2.8432;40.898;4.5502;20.774;0;1;0;0;1.0133;0.8879;1;1;0.8859;0.068;0.9783;0.9996;1;0.9656;0.9529;0.998;0.998;1;0.998;0.998;0.8669;0.8537;0.0647;0.7882;0.7818;0.0047;0.015;0.0246;0.0052;0.0183;0.0073;0;0;0.088;0.5908;0;0;0;0;0;0;0;0;0;0;0;0;0.0147;0.0017;0.6903;0.6903;0;33.773;33.773;11.833;0.0493;668.31;1032.9;1;0.0115;0.0115;0;0;0;0;0;0;0.6788;0.5908;0;16.47;19.072;14.096;16.322;98.333;98.333;6.6467;5.8212;4.982;0.8256;0.8392;0.1242;0.1263;0.7495;144.17;0.6749;0
27/02/21 09:00;44.405;-63.483;18.6;47.585;42.415;-90;-42.415;841.1;138.8;702.3;22.89;3.31;0;951.27;33.619;135.61;0;22.013;1142.5;0;1142.5;951.27;135.61;33.619;22.013;0.8326;0.0487;0;0.0193;1119.8;22.753;0;0;2.5446;20.209;1115.7;1.838;0.6099;0.087;1.0069;0.1342;1117.5;2.2395;1.9025;0.2712;0.0621;0.0036;1121.4;948.75;135.25;30.005;1.6664;380.92;304.74;124.43;1.6802;4.0905;58.84;5.7198;61.251;0;1;0;0;1.3583;0.9801;1;1;0.9243;0.082;0.9984;0.9994;1;0.9675;0.9255;0.998;0.998;1;0.998;0.998;0.9765;0.8925;0.0757;3.2515;3.3263;0.02;0.0074;0.6437;0.0186;0.0659;0.0089;0;0;0.088;2.3544;0;0;0;0;0;0;0;0;0;0;0;0;0.0531;0.0251;2.4835;2.4835;0;79.654;79.654;56.764;0.0509;2833;875;1;0.0411;0.0411;0;0;0;0;0;0;2.4424;2.3544;0;14.364;16.633;13.617;15.769;98.345;98.345;27.42;20.944;19.855;6.4762;1.0886;0.2362;0.0397;0.7241;24.448;0.6972;0
27/02/21 10:00;54.486;-46.571;23.537;62.603;27.397;-90;-27.397;601.51;339.3;262.21;26.03;4.01;0;295.33;246.13;88.474;0;6.7464;636.68;0;636.68;295.33;88.474;246.13;6.7464;0.4639;0.3972;0;0.0106;621.45;15.231;0;0;9.4183;5.8126;611.94;8.2652;0.2396;0.0718;7.7766;0.1772;620.21;1.2429;0.5907;0.1769;0.4734;0.0019;613.8;294.5;88.225;228.46;0.7547;342.72;274.18;111.2;2.7187;3.8076;54.771;1.8604;55.86;0;1;0;0;1.0585;0.9761;1;1;0.9617;0.1384;0.9867;0.9992;1;0.9671;0.8098;0.998;0.998;1;0.998;0.998;0.9611;0.9282;0.1119;1.8119;1.8658;0.0112;0.0009;0.209;0.0115;0.0408;0.0092;0;0;0.088;1.4306;0;0;0;0;0;0;0;0;0;0;0;0;0.0329;0.0084;1.5419;1.5419;0;56.597;56.597;30.567;0.05;1606.5;959.8;1;0.0233;0.0233;0;0;0;0;0;0;1.5186;1.4306;0;16.004;18.532;14.848;17.193;98.486;98.486;15.28;13.003;12.064;2.2769;0.939;0.149;0.0615;0.7895;159.44;0.7418;0
27/02/21 11:00;61.44;-21.564;26.399;78.687;11.313;-90;-11.313;908.69;165.8;742.89;26.47;4.59;0;757.61;64.385;102.78;0;1.7657;926.54;0;926.54;757.61;102.78;64.385;1.7657;0.8177;0.0714;0;0.0019;924.51;2.0361;0;0;0.5704;1.4658;919.26;3.4016;0.6894;0.0935;2.5515;0.0672;922.66;1.849;1.5152;0.2056;0.1276;0.0006;919.62;755.41;102.48;61.136;0.2321;529.38;423.5;168.44;0.0303;5.8261;83.806;0.3615;89.602;0;1;0;0;1.0196;0.9978;1;1;0.9911;0.1698;0.9963;0.9991;1;0.9599;0.7755;0.998;0.998;1;0.998;0.998;0.9921;0.9495;0.1314;2.6369;2.799;0.0169;-0.0006;0.4759;0.0161;0.0573;0.0131;0;0;0.088;2.0342;0;0;0;0;0;0;0;0;0;0;0;0;0.0461;0.018;2.156;2.156;0;72.975;72.975;46.505;0.0506;2410.3;894.52;1;0.0339;0.0339;0;0;0;0;0;0;2.1222;2.0342;0;15.377;17.806;14.507;16.799;98.428;98.428;22.237;18.182;17.154;4.0548;1.0279;0.1823;0.0462;0.7714;38.726;0.7225;0
27/02/21 12:00;62.668;10.339;26.852;84.7;5.2997;90;5.2997;998.3;164.7;833.59;27.93;5.0801;0;837.17;53.519;111.55;0;0.4268;1002.7;0;1002.7;837.17;111.55;53.519;0.4268;0.8349;0.0538;0;0.0004;1002.2;0.4935;0;0;0.1379;0.3557;996.96;3.2107;0.7749;0.1033;2.3167;0.0159;1000.2;2.0043;1.6743;0.2231;0.1068;0.0001;997;834.72;111.22;50.957;0.0551;587.2;469.76;188.22;0.0008;6.3706;91.639;0.0445;98.009;0;1;0;0;1.0044;0.9995;1;1;0.9974;0.1666;0.9968;0.9991;1;0.9565;0.7764;0.998;0.998;1;0.998;0.998;0.9943;0.9521;0.1291;2.8535;3.036;0.0183;0.0021;0.5775;0.0171;0.0605;0.014;0;0;0.088;2.1525;0;0;0;0;0;0;0;0;0;0;0;0;0.0488;0.021;2.2768;2.2768;0;78.602;78.602;50.672;0.0508;2599.6;875;1;0.0363;0.0363;0;0;0;0;0;0;2.2405;2.1525;0;15.005;17.375;14.186;16.427;98.406;98.406;24.064;19.2;18.152;4.8637;1.0481;0.2021;0.0436;0.7543;31.796;0.706;0
27/02/21 13:00;57.504;38.565;24.839;68.343;21.657;90;21.657;699.1;329.6;369.51;28.2;5.4101;0;397.57;217.85;111.66;0;4.9351;732.02;0;732.02;397.57;111.66;217.85;4.9351;0.5431;0.3043;0;0.0067;722.12;9.8976;0;0;5.7355;4.162;712.86;7.8154;0.3404;0.0956;7.2123;0.167;720.67;1.4442;0.7951;0.2233;0.4242;0.0015;714.12;396.44;111.34;204.48;0.6046;400.83;320.66;128.17;1.0421;4.4367;63.821;1.2559;67.215;0;1;0;0;1.0471;0.9865;1;1;0.9737;0.1567;0.9892;0.9991;1;0.9659;0.7835;0.998;0.998;1;0.998;0.998;0.9738;0.9386;0.1225;2.0833;2.171;0.0131;-0.0014;0.3005;0.013;0.0461;0.0104;0;0;0.088;1.6264;0;0;0;0;0;0;0;0;0;0;0;0;0.0372;0.0111;1.7409;1.7409;0;64.01;64.01;35.81;0.0502;1870.9;930.52;1;0.0266;0.0266;0;0;0;0;0;0;1.7144;1.6264;0;15.715;18.198;14.681;17.001;98.475;98.475;17.568;14.681;13.715;2.887;0.9661;0.1643;0.055;0.7807;136.49;0.7328;0
27/02/21 14:00;48.295;58.064;20.605;52.902;37.098;90;37.098;868.51;143.3;725.21;29.05;5.36;0;909.23;38.885;125.43;0;17.578;1091.1;0;1091.1;909.23;125.43;38.885;17.578;0.8333;0.0517;0;0.0161;1072.8;18.342;0;0;2.4113;15.931;1068.5;2.1112;0.6458;0.0891;1.1755;0.2008;1070.6;2.1456;1.8185;0.2509;0.0729;0.0033;1073.5;906.77;125.09;35.226;1.4437;427.76;342.21;139.48;1.2277;4.5663;65.685;4.9504;69.023;0;1;0;0;1.2563;0.9832;1;1;0.938;0.0937;0.998;0.9993;1;0.9677;0.8779;0.998;0.998;1;0.998;0.998;0.9793;0.9059;0.0821;3.1052;3.2029;0.0193;0.0049;0.6668;0.0176;0.0624;0.0098;0;0;0.088;2.209;0;0;0;0;0;0;0;0;0;0;0;0;0.0502;0.0233;2.3486;2.3347;0;83.587;83.587;54.536;0.051;2668.2;875;1;0.0516;0.0376;0;0.0139;0;0;0;0;2.297;2.209;0;14.139;16.373;13.378;15.492;97.804;98.388;26.187;19.688;18.629;6.4985;1.0594;0.2482;0.0405;0.7114;27.036;0.6807;0
27/02/21 15:00;37.186;71.568;14.59;38.649;51.351;90;51.351;630.21;144.4;485.81;29.1;5.04;0;777.85;49.539;133.56;0;23.661;984.61;0;984.61;777.85;133.56;49.539;23.661;0.79;0.0743;0;0.024;957.51;27.096;0;0;4.9693;22.127;953.59;2.0083;0.3912;0.0672;1.4855;0.0644;955.6;1.915;1.5557;0.2671;0.0891;0.0031;958.9;775.91;133.22;42.995;1.4671;234.47;187.58;74.201;4.7865;2.9171;41.961;5.3114;40.091;0;1;0;0;1.5624;0.9725;1;1;0.8997;0.0649;0.9979;0.9995;1;0.9666;0.9579;0.998;0.998;1;0.998;0.998;0.9685;0.8679;0.062;2.8021;2.8275;0.017;-0.0003;0.5278;0.016;0.0567;0.0064;0;0;0.088;2.0187;0;0;0;0;0;0;0;0;0;0;0;0;0.0457;0.0184;2.1399;2.1399;0;77.524;77.524;48.423;0.0508;2439.5;877.17;1;0.0331;0.0331;0;0;0;0;0;0;2.1067;2.0187;0;14.361;16.63;13.548;15.689;98.451;98.451;23.631;18.046;17.024;5.5848;1.0216;0.2363;0.0432;0.7204;39.209;0.6982;0
27/02/21 16:00;25.253;81.941;8.5704;25.473;60;90;60;406.2;155.7;250.5;28.87;4.1;0;580.63;67.497;152.3;0;20.31;820.74;0;820.74;580.63;152.3;67.497;20.31;0.7075;0.107;0;0.0247;793.25;27.486;0;0;8.4856;19;789.28;2.3895;0.1715;0.045;2.0838;0.0891;791.67;1.5865;1.1613;0.3046;0.118;0.0026;791.65;579.3;151.95;56.81;1.2181;74.243;59.394;27.73;11.289;1.2837;18.465;2.3727;8.4592;0;1;0;0;2.0205;0.9665;1;1;0.8743;0.0645;0.997;0.9997;1;0.9646;0.9318;0.998;0.998;1;0.998;0.998;0.9617;0.8417;0.06;2.3358;2.302;0.0139;-0.0018;0.3571;0.0135;0.048;0.0029;0;0;0.088;1.7016;0;0;0;0;0;0;0;0;0;0;0;0;0.0387;0.0125;1.8172;1.8172;0;68.663;68.663;39.793;0.0504;1987.4;914.4;1;0.0277;0.0277;0;0;0;0;0;0;1.7896;1.7016;0;14.631;16.942;13.7;15.864;98.477;98.477;19.698;15.325;14.349;4.3728;0.9755;0.222;0.0495;0.7285;58.761;0.7164;0
27/02/21 17:00;13.02;90.873;56.879;13.022;20.103;90;20.103;177.49;126.1;51.39;28.2;2.7801;0;124.64;102.22;50.135;0;1.0814;278.07;0;278.07;124.64;50.135;102.22;1.0814;0.4482;0.3715;0;0.0039;274.78;3.2945;0;0;2.3882;0.9063;266.22;8.0071;3.2314;1.2998;3.4372;0.0386;274.23;0.5496;0.2493;0.1003;0.1997;0.0004;266.38;121.16;48.734;96.193;0.1361;63.892;51.113;19.934;0.3717;0.7528;10.829;0.164;11.21;0;1;0;0;1.5667;0.9882;1;1;0.9766;0.1619;0.9708;0.974;1;0.9655;0.7788;0.998;0.998;1;0.998;0.998;0.9574;0.9411;0.1258;0.7914;0.7838;0.0047;0.015;0.0464;0.005;0.0178;0.0019;0;0;0.088;0.578;0;0;0;0;0;0;0;0;0;0;0;0;0.0144;0.0017;0.677;0.677;0;41.394;41.394;13.194;0.0496;674.04;1004.3;1;0.011;0.011;0;0;0;0;0;0;0.666;0.578;0;16.087;18.629;13.734;15.904;98.373;98.373;6.6737;5.7089;4.8739;0.9647;0.835;0.1446;0.1251;0.7303;63.539;0.7096;0
27/02/21 18:00;3.442;97.548;81.628;3.472;4.974;90;4.974;0;0;0;24.96;2.83;0;0;0;0;0;0;0;0;0;0;0;0;0;1;1;1;1;0;0;0;0;0;0;0;0;0;0;0;0;0;0;0;0;0;0;0;0;0;0;0;0;0;0;0;0;0;0;0;0;0;0;0;1;1;1;1;1;1;1;1;1;1;1;1;1;1;1;1;1;1;1;0;0;0;0;0;0;0;0;0;0.0004;0.088;-0.0884;0;0;0;0;0;0;0;0;0;0;0;0;0;0;0;0;0;0;0;-24.96;0;0;0;0;0.0004;0;0;0;0;0;0;0;-0.0004;-0.0884;0;0;0;0;0;0;0;0;0;-0.7452;0;0.7452;1;1;0;0;0;0
27/02/21 19:00;0;0;90;0;0;90;0;0;0;0;20.53;2.9401;0;0;0;0;0;0;0;0;0;0;0;0;0;1;1;1;1;0;0;0;0;0;0;0;0;0;0;0;0;0;0;0;0;0;0;0;0;0;0;0;0;0;0;0;0;0;0;0;0;0;0;0;1;1;1;1;1;1;1;1;1;1;1;1;1;1;1;1;1;1;1;0;0;0;0;0;0;0;0;0;0.0004;0.088;-0.0884;0;0;0;0;0;0;0;0;0;0;0;0;0;0;0;0;0;0;0;-20.53;0;0;0;0;0.0004;0;0;0;0;0;0;0;-0.0004;-0.0884;0;0;0;0;0;0;0;0;0;-0.7452;0;0.7452;1;1;0;0;0;0
27/02/21 20:00;0;0;90;0;0;90;0;0;0;0;17.3;2.97;0;0;0;0;0;0;0;0;0;0;0;0;0;1;1;1;1;0;0;0;0;0;0;0;0;0;0;0;0;0;0;0;0;0;0;0;0;0;0;0;0;0;0;0;0;0;0;0;0;0;0;0;1;1;1;1;1;1;1;1;1;1;1;1;1;1;1;1;1;1;1;0;0;0;0;0;0;0;0;0;0.0004;0.088;-0.0884;0;0;0;0;0;0;0;0;0;0;0;0;0;0;0;0;0;0;0;-17.3;0;0;0;0;0.0004;0;0;0;0;0;0;0;-0.0004;-0.0884;0;0;0;0;0;0;0;0;0;-0.7452;0;0.7452;1;1;0;0;0;0
27/02/21 21:00;0;0;90;0;0;90;0;0;0;0;17.79;2.9401;0;0;0;0;0;0;0;0;0;0;0;0;0;1;1;1;1;0;0;0;0;0;0;0;0;0;0;0;0;0;0;0;0;0;0;0;0;0;0;0;0;0;0;0;0;0;0;0;0;0;0;0;1;1;1;1;1;1;1;1;1;1;1;1;1;1;1;1;1;1;1;0;0;0;0;0;0;0;0;0;0.0004;0.088;-0.0884;0;0;0;0;0;0;0;0;0;0;0;0;0;0;0;0;0;0;0;-17.79;0;0;0;0;0.0004;0;0;0;0;0;0;0;-0.0004;-0.0884;0;0;0;0;0;0;0;0;0;-0.7452;0;0.7452;1;1;0;0;0;0
27/02/21 22:00;0;0;90;0;0;90;0;0;0;0;15.4;2.89;0;0;0;0;0;0;0;0;0;0;0;0;0;1;1;1;1;0;0;0;0;0;0;0;0;0;0;0;0;0;0;0;0;0;0;0;0;0;0;0;0;0;0;0;0;0;0;0;0;0;0;0;1;1;1;1;1;1;1;1;1;1;1;1;1;1;1;1;1;1;1;0;0;0;0;0;0;0;0;0;0.0004;0.088;-0.0884;0;0;0;0;0;0;0;0;0;0;0;0;0;0;0;0;0;0;0;-15.4;0;0;0;0;0.0004;0;0;0;0;0;0;0;-0.0004;-0.0884;0;0;0;0;0;0;0;0;0;-0.7452;0;0.7452;1;1;0;0;0;0
27/02/21 23:00;0;0;90;0;0;90;0;0;0;0;15.25;2.7999;0;0;0;0;0;0;0;0;0;0;0;0;0;1;1;1;1;0;0;0;0;0;0;0;0;0;0;0;0;0;0;0;0;0;0;0;0;0;0;0;0;0;0;0;0;0;0;0;0;0;0;0;1;1;1;1;1;1;1;1;1;1;1;1;1;1;1;1;1;1;1;0;0;0;0;0;0;0;0;0;0.0004;0.088;-0.0884;0;0;0;0;0;0;0;0;0;0;0;0;0;0;0;0;0;0;0;-15.25;0;0;0;0;0.0004;0;0;0;0;0;0;0;-0.0004;-0.0884;0;0;0;0;0;0;0;0;0;-0.7452;0;0.7452;1;1;0;0;0;0
28/02/21 00:00;0;0;90;0;0;90;0;0;0;0;14.49;2.65;0;0;0;0;0;0;0;0;0;0;0;0;0;1;1;1;1;0;0;0;0;0;0;0;0;0;0;0;0;0;0;0;0;0;0;0;0;0;0;0;0;0;0;0;0;0;0;0;0;0;0;0;1;1;1;1;1;1;1;1;1;1;1;1;1;1;1;1;1;1;1;0;0;0;0;0;0;0;0;0;0.0004;0.088;-0.0884;0;0;0;0;0;0;0;0;0;0;0;0;0;0;0;0;0;0;0;-14.49;0;0;0;0;0.0004;0;0;0;0;0;0;0;-0.0004;-0.0884;0;0;0;0;0;0;0;0;0;-0.7452;0;0.7452;1;1;0;0;0;0
28/02/21 01:00;0;0;90;0;0;90;0;0;0;0;12.92;2.4799;0;0;0;0;0;0;0;0;0;0;0;0;0;1;1;1;1;0;0;0;0;0;0;0;0;0;0;0;0;0;0;0;0;0;0;0;0;0;0;0;0;0;0;0;0;0;0;0;0;0;0;0;1;1;1;1;1;1;1;1;1;1;1;1;1;1;1;1;1;1;1;0;0;0;0;0;0;0;0;0;0.0004;0.088;-0.0884;0;0;0;0;0;0;0;0;0;0;0;0;0;0;0;0;0;0;0;-12.92;0;0;0;0;0.0004;0;0;0;0;0;0;0;-0.0004;-0.0884;0;0;0;0;0;0;0;0;0;-0.7452;0;0.7452;1;1;0;0;0;0
28/02/21 02:00;0;0;90;0;0;90;0;0;0;0;12.28;2.3199;0;0;0;0;0;0;0;0;0;0;0;0;0;1;1;1;1;0;0;0;0;0;0;0;0;0;0;0;0;0;0;0;0;0;0;0;0;0;0;0;0;0;0;0;0;0;0;0;0;0;0;0;1;1;1;1;1;1;1;1;1;1;1;1;1;1;1;1;1;1;1;0;0;0;0;0;0;0;0;0;0.0004;0.088;-0.0884;0;0;0;0;0;0;0;0;0;0;0;0;0;0;0;0;0;0;0;-12.28;0;0;0;0;0.0004;0;0;0;0;0;0;0;-0.0004;-0.0884;0;0;0;0;0;0;0;0;0;-0.7452;0;0.7452;1;1;0;0;0;0
28/02/21 03:00;0;0;90;0;0;90;0;0;0;0;10.75;2.2301;0;0;0;0;0;0;0;0;0;0;0;0;0;1;1;1;1;0;0;0;0;0;0;0;0;0;0;0;0;0;0;0;0;0;0;0;0;0;0;0;0;0;0;0;0;0;0;0;0;0;0;0;1;1;1;1;1;1;1;1;1;1;1;1;1;1;1;1;1;1;1;0;0;0;0;0;0;0;0;0;0.0004;0.088;-0.0884;0;0;0;0;0;0;0;0;0;0;0;0;0;0;0;0;0;0;0;-10.75;0;0;0;0;0.0004;0;0;0;0;0;0;0;-0.0004;-0.0884;0;0;0;0;0;0;0;0;0;-0.7452;0;0.7452;1;1;0;0;0;0
28/02/21 04:00;0;0;90;0;0;90;0;0;0;0;10.14;2.21;0;0;0;0;0;0;0;0;0;0;0;0;0;1;1;1;1;0;0;0;0;0;0;0;0;0;0;0;0;0;0;0;0;0;0;0;0;0;0;0;0;0;0;0;0;0;0;0;0;0;0;0;1;1;1;1;1;1;1;1;1;1;1;1;1;1;1;1;1;1;1;0;0;0;0;0;0;0;0;0;0.0004;0.088;-0.0884;0;0;0;0;0;0;0;0;0;0;0;0;0;0;0;0;0;0;0;-10.14;0;0;0;0;0.0004;0;0;0;0;0;0;0;-0.0004;-0.0884;0;0;0;0;0;0;0;0;0;-0.7452;0;0.7452;1;1;0;0;0;0
28/02/21 05:00;1.2764;-98.612;86.903;1.291;1.8413;-90;-1.8413;0;0;0;9.1398;1.9999;0;0;0;0;0;0;0;0;0;0;0;0;0;1;1;1;1;0;0;0;0;0;0;0;0;0;0;0;0;0;0;0;0;0;0;0;0;0;0;0;0;0;0;0;0;0;0;0;0;0;0;0;1;1;1;1;1;1;1;1;1;1;1;1;1;1;1;1;1;1;1;0;0;0;0;0;0;0;0;0;0.0004;0.088;-0.0884;0;0;0;0;0;0;0;0;0;0;0;0;0;0;0;0;0;0;0;-9.1398;0;0;0;0;0.0004;0;0;0;0;0;0;0;-0.0004;-0.0884;0;0;0;0;0;0;0;0;0;-0.7452;0;0.7452;1;1;0;0;0;0
28/02/21 06:00;8.3896;-93.635;69.277;8.4062;12.36;-90;-12.36;114.39;18.898;95.497;11.88;2.36;0;231.61;9.8886;21.569;0;0.2651;263.33;0;263.33;231.61;21.569;9.8886;0.2651;0.8795;0.0386;0;0.001;263.01;0.3217;0;0;0.1017;0.2201;236.81;25.669;23.121;2.1532;0.3848;0.0101;262.48;0.526;0.4632;0.0431;0.0196;0.0001;236.82;208.02;19.373;9.3825;0.0349;6.4771;5.1817;2.0766;0.0064;0.0707;1.0164;0.0046;1.0806;0;1;0;0;2.3019;0.9988;1;1;0.9897;0.1699;0.9022;0.9;1;0.9606;0.7755;0.998;0.998;1;0.998;0.998;0.8993;0.9488;0.1315;0.7494;0.6796;0.0041;0.016;-0.0038;0.0046;0.0165;0.0002;0;0;0.088;0.5282;0;0;0;0;0;0;0;0;0;0;0;0;0.0133;0.0014;0.6273;0.6273;0;23.452;23.452;11.572;0.0489;582.57;1076.8;1;0.0111;0.0111;0;0;0;0;0;0;0.6162;0.5282;0;15.741;18.228;13.254;15.348;98.23;98.23;6.3199;5.2901;4.4543;1.0298;0.8358;0.1629;0.1322;0.7048;5.9657;0.7028;0
28/02/21 07:00;20.645;-84.93;31.231;20.719;38.377;-90;-38.377;337.11;56.003;281.11;15.54;1.32;0;681.76;21.317;77.863;0;7.2833;788.22;0;788.22;681.76;77.863;21.317;7.2833;0.8649;0.0363;0;0.0092;780.23;7.9925;0;0;1.3888;6.6037;776.62;2.0466;1.1948;0.1365;0.643;0.0724;778.67;1.5605;1.3635;0.1557;0.0399;0.0014;776.8;679.2;77.57;19.245;0.6059;16.512;13.21;5.7483;0.755;0.1986;2.8568;0.1812;2.3004;0;1;0;0;2.3382;0.9899;1;1;0.9349;0.0933;0.9974;0.9982;1;0.9677;0.8933;0.998;0.998;1;0.998;0.998;0.9853;0.9028;0.0832;2.2432;2.2282;0.0134;-0.0016;0.2294;0.0139;0.0493;0.0005;0;0;0.088;1.7539;0;0;0;0;0;0;0;0;0;0;0;0;0.0397;0.0117;1.8718;1.8718;0;54.233;54.233;38.693;0.0498;1924.1;972.8;1;0.0298;0.0298;0;0;0;0;0;0;1.8419;1.7539;0;15.692;18.171;14.704;17.027;98.406;98.406;18.917;15.785;14.791;3.1324;0.9937;0.1656;0.0525;0.7819;14.977;0.7798;0
28/02/21 08:00;32.719;-75.199;12.412;33.604;56.396;-90;-56.396;555.19;91.398;463.8;19.8;2.9;0;838;27.193;101.88;0;24.792;991.87;0;991.87;838;101.88;27.193;24.792;0.8449;0.0524;0;0.025;965.65;26.219;0;0;3.1142;23.105;962.41;1.3094;0.3585;0.0436;0.8272;0.0801;963.72;1.9313;1.676;0.2038;0.0482;0.0034;966.99;835.97;101.64;23.203;1.6036;157.26;125.81;49.931;3.653;1.9746;28.404;4.5783;26.726;0;1;0;0;1.7865;0.9736;1;1;0.8855;0.0681;0.9986;0.9996;1;0.9656;0.9524;0.998;0.998;1;0.998;0.998;0.9703;0.8533;0.0647;2.8228;2.8235;0.017;-0.0003;0.4319;0.0166;0.059;0.0045;0;0;0.088;2.1049;0;0;0;0;0;0;0;0;0;0;0;0;0.0475;0.0184;2.229;2.229;0;68.302;68.302;48.502;0.0504;2434.6;915.56;1;0.0361;0.0361;0;0;0;0;0;0;2.1929;2.1049;0;14.85;17.196;14.023;16.239;98.382;98.382;23.805;18.797;17.751;5.0076;1.0463;0.2104;0.044;0.7457;22.72;0.73;0
28/02/21 09:00;44.181;-63.053;18.965;47.471;42.529;-90;-42.529;746.2;123.1;623.1;24.53;3.71;0;845.53;38.184;107.38;0;19.63;1010.7;0;1010.7;845.53;107.38;38.184;19.63;0.8366;0.0572;0;0.0194;989.8;20.927;0;0;2.9015;18.026;985.94;1.8846;0.5528;0.0702;1.1434;0.1182;987.82;1.9796;1.6911;0.2148;0.0706;0.0032;991.27;843.29;107.1;34.068;1.4829;339.05;271.24;108.33;1.9247;3.8257;55.031;5.3302;56.932;0;1;0;0;1.3545;0.9793;1;1;0.924;0.0817;0.9981;0.9993;1;0.9675;0.9262;0.998;0.998;1;0.998;0.998;0.9755;0.8922;0.0755;2.8765;2.9463;0.0177;0.0009;0.5164;0.0169;0.0599;0.0086;0;0;0.088;2.1337;0;0;0;0;0;0;0;0;0;0;0;0;0.0482;0.0199;2.2579;2.2579;0;74.471;74.471;49.941;0.0507;2540.5;888.76;1;0.0362;0.0362;0;0;0;0;0;0;2.2217;2.1337;0;14.761;17.093;13.95;16.153;98.399;98.399;24.258;19.041;17.994;5.2168;1.047;0.2151;0.0432;0.7418;27.795;0.7127;0
28/02/21 10:00;54.209;-46.123;23.913;62.539;27.462;-90;-27.462;883.71;145.8;737.91;26.75;4.12;0;831.61;47.592;107.47;0;9.9575;996.64;0;996.64;831.61;107.47;47.592;9.9575;0.8344;0.0577;0;0.01;986.23;10.41;0;0;1.828;8.5819;981.72;2.5378;0.6855;0.0886;1.503;0.2606;984.26;1.9725;1.6632;0.2149;0.0915;0.0028;984.31;829.27;107.17;44.169;1.1122;478.8;383.04;157.36;0.5322;4.9766;71.586;2.5897;76.031;0;1;0;0;1.1278;0.9896;1;1;0.9616;0.1381;0.9974;0.9992;1;0.9671;0.8102;0.998;0.998;1;0.998;0.998;0.985;0.9281;0.1117;2.8364;2.9596;0.0178;0.0011;0.5413;0.0168;0.0596;0.011;0;0;0.088;2.1203;0;0;0;0;0;0;0;0;0;0;0;0;0.048;0.0201;2.2439;2.2439;0;76.563;76.563;49.813;0.0507;2550.7;879.75;1;0.0356;0.0356;0;0;0;0;0;0;2.2083;2.1203;0;14.878;17.228;14.058;16.279;98.412;98.412;23.919;18.923;17.881;4.9959;1.0426;0.2089;0.0436;0.7476;30.843;0.7094;0
28/02/21 11:00;61.092;-21.241;26.779;78.687;11.313;-90;-11.313;963.8;159.2;804.6;27.92;4.3001;0;820.54;53.468;107.29;0;1.8727;983.17;0;983.17;820.54;107.29;53.468;1.8727;0.8346;0.0563;0;0.0019;981.15;2.0283;0;0;0.4737;1.5546;976.14;3.0466;0.7575;0.099;2.1188;0.0713;979.18;1.9623;1.6411;0.2146;0.106;0.0006;976.52;818.14;106.98;50.769;0.2462;561.27;449.02;178.71;0.0252;6.169;88.738;0.3839;94.882;0;1;0;0;1.0201;0.9979;1;1;0.9911;0.1698;0.9969;0.9991;1;0.9599;0.7755;0.998;0.998;1;0.998;0.998;0.9928;0.9495;0.1314;2.798;2.9716;0.0179;0.0013;0.5535;0.0168;0.0596;0.0136;0;0;0.088;2.1174;0;0;0;0;0;0;0;0;0;0;0;0;0.048;0.0202;2.2409;2.2409;0;77.487;77.487;49.567;0.0508;2561;875;1;0.0354;0.0354;0;0;0;0;0;0;2.2054;2.1174;0;15.061;17.44;14.231;16.48;98.418;98.418;23.596;18.898;17.857;4.6985;1.0411;0.1991;0.0441;0.7568;32.16;0.7089;0
28/02/21 12:00;62.288;10.311;27.227;84.629;5.3714;90;5.3714;974.89;160.6;814.3;29.06;4.33;0;817.89;54.268;106.68;0;0.4281;979.26;0;979.26;817.89;106.68;54.268;0.4281;0.8352;0.0559;0;0.0004;978.76;0.4996;0;0;0.1428;0.3568;973.57;3.2308;0.7676;0.1001;2.3471;0.0159;976.81;1.9575;1.6358;0.2134;0.1083;0.0001;973.62;815.48;106.37;51.67;0.0553;573.4;458.72;186.66;0.0009;6.0345;86.804;0.0456;92.837;0;1;0;0;1.0045;0.9995;1;1;0.9974;0.1666;0.9967;0.9991;1;0.9565;0.7764;0.998;0.998;1;0.998;0.998;0.9942;0.9521;0.1291;2.7869;2.9595;0.0178;0.0011;0.5627;0.0166;0.059;0.0132;0;0;0.088;2.0983;0;0;0;0;0;0;0;0;0;0;0;0;0.0476;0.02;2.2213;2.2213;0;78.54;78.54;49.48;0.0508;2536.7;875;1;0.035;0.035;0;0;0;0;0;0;2.1863;2.0983;0;14.989;17.357;14.159;16.396;98.425;98.425;23.502;18.733;17.695;4.7696;1.0372;0.2029;0.0441;0.7529;32.244;0.7061;0
28/02/21 13:00;57.157;38.274;25.199;68.206;21.794;90;21.794;922.4;154.5;767.91;30.28;4.26;0;827.02;51.073;109.35;0;6.5929;994.03;0;994.03;827.02;109.35;51.073;6.5929;0.832;0.058;0;0.0066;987.11;6.9215;0;0;1.3583;5.5632;982.41;2.724;0.7184;0.095;1.6886;0.222;985.13;1.9742;1.654;0.2187;0.0994;0.0021;984.06;824.64;109.03;47.927;0.8056;517.27;413.81;167.02;0.2513;5.5492;79.824;1.6502;85.122;0;1;0;0;1.0777;0.993;1;1;0.9734;0.1562;0.9972;0.9991;1;0.966;0.784;0.998;0.998;1;0.998;0.998;0.9883;0.9384;0.1222;2.8289;2.9754;0.0179;0.0013;0.5846;0.0166;0.0589;0.0121;0;0;0.088;2.0883;0;0;0;0;0;0;0;0;0;0;0;0;0.0474;0.0203;2.2162;2.211;0;80.281;80.281;50.001;0.0509;2526.9;875;1;0.04;0.0348;0;0.0052;0;0;0;0;2.1763;2.0883;0;14.698;17.02;13.882;16.075;98.196;98.428;23.857;18.646;17.611;5.211;1.0352;0.2184;0.0434;0.7382;32.021;0.6963;0
28/02/21 14:00;47.994;57.714;20.944;52.716;37.284;90;37.284;803.3;145.7;657.6;30.43;4.0501;0;826.51;47.575;116.52;0;16.416;1007;0;1007;826.51;116.52;47.575;16.416;0.8207;0.0635;0;0.0163;989.15;17.862;0;0;2.9731;14.889;984.87;2.3017;0.5967;0.0841;1.4376;0.1833;987.18;1.9783;1.653;0.233;0.0892;0.0031;989.52;824.26;116.2;43.075;1.3403;396.51;317.21;129.35;1.5266;4.2546;61.201;4.6431;63.93;0;1;0;0;1.2536;0.9823;1;1;0.9375;0.093;0.9977;0.9993;1;0.9677;0.8797;0.998;0.998;1;0.998;0.998;0.978;0.9054;0.0816;2.8659;2.9537;0.0178;0.001;0.5836;0.0165;0.0584;0.0093;0;0;0.088;2.0723;0;0;0;0;0;0;0;0;0;0;0;0;0.047;0.02;2.2001;2.1946;0;80.568;80.568;50.138;0.0509;2508.1;875;1;0.0399;0.0344;0;0.0055;0;0;0;0;2.1603;2.0723;0;14.401;16.676;13.598;15.746;98.188;98.434;24.168;18.508;17.476;5.6608;1.032;0.2342;0.0427;0.7231;33.127;0.6916;0
28/02/21 15:00;36.917;71.231;14.907;38.431;51.569;90;51.569;537.3;225.4;311.9;30.6;3.6501;0;501.79;114.52;135.39;0;20.333;772.03;0;772.03;501.79;135.39;114.52;20.333;0.65;0.1747;0;0.0263;741.45;30.576;0;0;11.559;19.017;736.15;3.8179;0.2579;0.0696;3.4355;0.055;739.97;1.4829;1.0036;0.2708;0.2059;0.0026;741.39;500.53;135.05;99.321;1.258;225.46;180.37;73.54;11.221;3.0927;44.488;5.2354;36.36;0;1;0;0;1.4369;0.9604;1;1;0.8991;0.0647;0.9948;0.9995;1;0.9666;0.9581;0.998;0.998;1;0.998;0.998;0.9535;0.8673;0.0619;2.1971;2.2103;0.0133;-0.0015;0.3354;0.013;0.0463;0.0071;0;0;0.088;1.6334;0;0;0;0;0;0;0;0;0;0;0;0;0.0373;0.0115;1.7479;1.7479;0;67.69;67.69;37.09;0.0504;1906.4;916.83;1;0.0264;0.0264;0;0;0;0;0;0;1.7214;1.6334;0;14.96;17.324;13.981;16.19;98.488;98.488;18.529;14.74;13.775;3.7887;0.965;0.2045;0.0521;0.7434;90.844;0.7127;0
28/02/21 16:00;24.999;81.627;8.9489;25.235;60;90;60;398.99;157.7;241.3;30.85;2.5599;0;564.03;69.718;151.33;0;19.95;805.02;0;805.02;564.03;151.33;69.718;19.95;0.7006;0.1114;0;0.0248;777.59;27.428;0;0;8.7648;18.663;773.58;2.4606;0.174;0.0467;2.1524;0.0876;776.04;1.5552;1.1281;0.3027;0.1219;0.0026;776.22;562.72;150.98;58.679;1.1965;73.219;58.575;26.385;11.661;1.3628;19.603;2.6422;9.3049;0;1;0;0;2.0176;0.9659;1;1;0.8743;0.0645;0.9968;0.9997;1;0.9646;0.9318;0.998;0.998;1;0.998;0.998;0.9609;0.8417;0.06;2.291;2.2601;0.0136;-0.0017;0.361;0.0132;0.0469;0.0031;0;0;0.088;1.6595;0;0;0;0;0;0;0;0;0;0;0;0;0.0377;0.0121;1.7743;1.7743;0;69.893;69.893;39.043;0.0505;1951.2;909.33;1;0.0268;0.0268;0;0;0;0;0;0;1.7475;1.6595;0;14.564;16.865;13.622;15.774;98.491;98.491;19.321;14.963;13.995;4.3578;0.9679;0.2256;0.0501;0.7243;60.694;0.7114;0
28/02/21 17:00;12.771;90.578;57.58;12.772;19.65;90;19.65;171.2;124.8;46.404;29.76;1.8;0;112.54;102.88;45.683;0;0.997;262.1;0;262.1;112.54;45.683;102.88;0.997;0.4294;0.3963;0;0.0038;258.95;3.1495;0;0;2.3146;0.8348;250.45;7.9766;3.1682;1.286;3.4865;0.0359;258.43;0.5179;0.2251;0.0914;0.2011;0.0003;250.61;109.15;44.306;96.873;0.126;64.131;51.305;19.979;0.3451;0.7557;10.87;0.1558;11.281;0;1;0;0;1.5309;0.988;1;1;0.9775;0.1627;0.9691;0.9718;1;0.9653;0.7782;0.998;0.998;1;0.998;0.998;0.9556;0.9417;0.1263;0.7459;0.7388;0.0044;0.0155;0.0459;0.0047;0.0167;0.0019;0;0;0.088;0.5363;0;0;0;0;0;0;0;0;0;0;0;0;0.0135;0.0016;0.6346;0.6346;0;42.187;42.187;12.427;0.0496;635.23;999.08;1;0.0104;0.0104;0;0;0;0;0;0;0.6243;0.5363;0;16;18.528;13.52;15.656;98.363;98.363;6.2904;5.352;4.5223;0.9384;0.8297;0.1492;0.1319;0.7189;63.811;0.6973;0
28/02/21 18:00;3.3922;97.12;81.749;3.4185;4.8966;90;4.8966;0;0;0;26.45;1.31;0;0;0;0;0;0;0;0;0;0;0;0;0;1;1;1;1;0;0;0;0;0;0;0;0;0;0;0;0;0;0;0;0;0;0;0;0;0;0;0;0;0;0;0;0;0;0;0;0;0;0;0;1;1;1;1;1;1;1;1;1;1;1;1;1;1;1;1;1;1;1;0;0;0;0;0;0;0;0;0;0.0004;0.088;-0.0884;0;0;0;0;0;0;0;0;0;0;0;0;0;0;0;0;0;0;0;-26.45;0;0;0;0;0.0004;0;0;0;0;0;0;0;-0.0004;-0.0884;0;0;0;0;0;0;0;0;0;-0.7452;0;0.7452;1;1;0;0;0;0
28/02/21 19:00;0;0;90;0;0;90;0;0;0;0;21.44;0.99;0;0;0;0;0;0;0;0;0;0;0;0;0;1;1;1;1;0;0;0;0;0;0;0;0;0;0;0;0;0;0;0;0;0;0;0;0;0;0;0;0;0;0;0;0;0;0;0;0;0;0;0;1;1;1;1;1;1;1;1;1;1;1;1;1;1;1;1;1;1;1;0;0;0;0;0;0;0;0;0;0.0004;0.088;-0.0884;0;0;0;0;0;0;0;0;0;0;0;0;0;0;0;0;0;0;0;-21.44;0;0;0;0;0.0004;0;0;0;0;0;0;0;-0.0004;-0.0884;0;0;0;0;0;0;0;0;0;-0.7452;0;0.7452;1;1;0;0;0;0
28/02/21 20:00;0;0;90;0;0;90;0;0;0;0;19.36;1.46;0;0;0;0;0;0;0;0;0;0;0;0;0;1;1;1;1;0;0;0;0;0;0;0;0;0;0;0;0;0;0;0;0;0;0;0;0;0;0;0;0;0;0;0;0;0;0;0;0;0;0;0;1;1;1;1;1;1;1;1;1;1;1;1;1;1;1;1;1;1;1;0;0;0;0;0;0;0;0;0;0.0004;0.088;-0.0884;0;0;0;0;0;0;0;0;0;0;0;0;0;0;0;0;0;0;0;-19.36;0;0;0;0;0.0004;0;0;0;0;0;0;0;-0.0004;-0.0884;0;0;0;0;0;0;0;0;0;-0.7452;0;0.7452;1;1;0;0;0;0
28/02/21 21:00;0;0;90;0;0;90;0;0;0;0;17.1;2.2301;0;0;0;0;0;0;0;0;0;0;0;0;0;1;1;1;1;0;0;0;0;0;0;0;0;0;0;0;0;0;0;0;0;0;0;0;0;0;0;0;0;0;0;0;0;0;0;0;0;0;0;0;1;1;1;1;1;1;1;1;1;1;1;1;1;1;1;1;1;1;1;0;0;0;0;0;0;0;0;0;0.0004;0.088;-0.0884;0;0;0;0;0;0;0;0;0;0;0;0;0;0;0;0;0;0;0;-17.1;0;0;0;0;0.0004;0;0;0;0;0;0;0;-0.0004;-0.0884;0;0;0;0;0;0;0;0;0;-0.7452;0;0.7452;1;1;0;0;0;0
28/02/21 22:00;0;0;90;0;0;90;0;0;0;0;16.67;2.8601;0;0;0;0;0;0;0;0;0;0;0;0;0;1;1;1;1;0;0;0;0;0;0;0;0;0;0;0;0;0;0;0;0;0;0;0;0;0;0;0;0;0;0;0;0;0;0;0;0;0;0;0;1;1;1;1;1;1;1;1;1;1;1;1;1;1;1;1;1;1;1;0;0;0;0;0;0;0;0;0;0.0004;0.088;-0.0884;0;0;0;0;0;0;0;0;0;0;0;0;0;0;0;0;0;0;0;-16.67;0;0;0;0;0.0004;0;0;0;0;0;0;0;-0.0004;-0.0884;0;0;0;0;0;0;0;0;0;-0.7452;0;0.7452;1;1;0;0;0;0
28/02/21 23:00;0;0;90;0;0;90;0;0;0;0;16.72;3.24;0;0;0;0;0;0;0;0;0;0;0;0;0;1;1;1;1;0;0;0;0;0;0;0;0;0;0;0;0;0;0;0;0;0;0;0;0;0;0;0;0;0;0;0;0;0;0;0;0;0;0;0;1;1;1;1;1;1;1;1;1;1;1;1;1;1;1;1;1;1;1;0;0;0;0;0;0;0;0;0;0.0004;0.088;-0.0884;0;0;0;0;0;0;0;0;0;0;0;0;0;0;0;0;0;0;0;-16.72;0;0;0;0;0.0004;0;0;0;0;0;0;0;-0.0004;-0.0884;0;0;0;0;0;0;0;0;0;-0.7452;0;0.7452;1;1;0;0;0;0
01/03/21 00:00;0;0;90;0;0;90;0;0;0;0;15.68;3.4;0;0;0;0;0;0;0;0;0;0;0;0;0;1;1;1;1;0;0;0;0;0;0;0;0;0;0;0;0;0;0;0;0;0;0;0;0;0;0;0;0;0;0;0;0;0;0;0;0;0;0;0;1;1;1;1;1;1;1;1;1;1;1;1;1;1;1;1;1;1;1;0;0;0;0;0;0;0;0;0;0.0004;0.088;-0.0884;0;0;0;0;0;0;0;0;0;0;0;0;0;0;0;0;0;0;0;-15.68;0;0;0;0;0.0004;0;0;0;0;0;0;0;-0.0004;-0.0884;0;0;0;0;0;0;0;0;0;-0.7452;0;0.7452;1;1;0;0;0;0
01/03/21 01:00;0;0;90;0;0;90;0;0;0;0;14.56;3.47;0;0;0;0;0;0;0;0;0;0;0;0;0;1;1;1;1;0;0;0;0;0;0;0;0;0;0;0;0;0;0;0;0;0;0;0;0;0;0;0;0;0;0;0;0;0;0;0;0;0;0;0;1;1;1;1;1;1;1;1;1;1;1;1;1;1;1;1;1;1;1;0;0;0;0;0;0;0;0;0;0.0004;0.088;-0.0884;0;0;0;0;0;0;0;0;0;0;0;0;0;0;0;0;0;0;0;-14.56;0;0;0;0;0.0004;0;0;0;0;0;0;0;-0.0004;-0.0884;0;0;0;0;0;0;0;0;0;-0.7452;0;0.7452;1;1;0;0;0;0
01/03/21 02:00;0;0;90;0;0;90;0;0;0;0;12.73;3.4901;0;0;0;0;0;0;0;0;0;0;0;0;0;1;1;1;1;0;0;0;0;0;0;0;0;0;0;0;0;0;0;0;0;0;0;0;0;0;0;0;0;0;0;0;0;0;0;0;0;0;0;0;1;1;1;1;1;1;1;1;1;1;1;1;1;1;1;1;1;1;1;0;0;0;0;0;0;0;0;0;0.0004;0.088;-0.0884;0;0;0;0;0;0;0;0;0;0;0;0;0;0;0;0;0;0;0;-12.73;0;0;0;0;0.0004;0;0;0;0;0;0;0;-0.0004;-0.0884;0;0;0;0;0;0;0;0;0;-0.7452;0;0.7452;1;1;0;0;0;0
01/03/21 03:00;0;0;90;0;0;90;0;0;0;0;11.87;3.4299;0;0;0;0;0;0;0;0;0;0;0;0;0;1;1;1;1;0;0;0;0;0;0;0;0;0;0;0;0;0;0;0;0;0;0;0;0;0;0;0;0;0;0;0;0;0;0;0;0;0;0;0;1;1;1;1;1;1;1;1;1;1;1;1;1;1;1;1;1;1;1;0;0;0;0;0;0;0;0;0;0.0004;0.088;-0.0884;0;0;0;0;0;0;0;0;0;0;0;0;0;0;0;0;0;0;0;-11.87;0;0;0;0;0.0004;0;0;0;0;0;0;0;-0.0004;-0.0884;0;0;0;0;0;0;0;0;0;-0.7452;0;0.7452;1;1;0;0;0;0
01/03/21 04:00;0;0;90;0;0;90;0;0;0;0;11.28;3.3;0;0;0;0;0;0;0;0;0;0;0;0;0;1;1;1;1;0;0;0;0;0;0;0;0;0;0;0;0;0;0;0;0;0;0;0;0;0;0;0;0;0;0;0;0;0;0;0;0;0;0;0;1;1;1;1;1;1;1;1;1;1;1;1;1;1;1;1;1;1;1;0;0;0;0;0;0;0;0;0;0.0004;0.088;-0.0884;0;0;0;0;0;0;0;0;0;0;0;0;0;0;0;0;0;0;0;-11.28;0;0;0;0;0.0004;0;0;0;0;0;0;0;-0.0004;-0.0884;0;0;0;0;0;0;0;0;0;-0.7452;0;0.7452;1;1;0;0;0;0
01/03/21 05:00;1.0943;-98.275;87.345;1.1059;1.577;-90;-1.577;0;0;0;12.6;3.47;0;0;0;0;0;0;0;0;0;0;0;0;0;1;1;1;1;0;0;0;0;0;0;0;0;0;0;0;0;0;0;0;0;0;0;0;0;0;0;0;0;0;0;0;0;0;0;0;0;0;0;0;1;1;1;1;1;1;1;1;1;1;1;1;1;1;1;1;1;1;1;0;0;0;0;0;0;0;0;0;0.0004;0.088;-0.0884;0;0;0;0;0;0;0;0;0;0;0;0;0;0;0;0;0;0;0;-12.6;0;0;0;0;0.0004;0;0;0;0;0;0;0;-0.0004;-0.0884;0;0;0;0;0;0;0;0;0;-0.7452;0;0.7452;1;1;0;0;0;0
01/03/21 06:00;8.2119;-93.292;69.732;8.2253;12.077;-90;-12.077;109.2;18.499;90.699;13.49;3.79;0;219.97;9.9377;20.494;0;0.2296;250.63;0;250.63;219.97;20.494;9.9377;0.2296;0.8777;0.0406;0;0.0009;250.34;0.2888;0;0;0.0983;0.1906;223.07;25.52;22.983;2.1413;0.3867;0.0087;248.59;1.7524;1.5398;0.1435;0.0689;0.0003;223.08;195.45;18.209;9.3839;0.03;6.4761;5.2197;2.0088;0.0059;0.0688;0.9903;0.0042;1.0532;0;1;0;0;2.2952;0.9988;1;1;0.9901;0.1699;0.8973;0.8948;1;0.9604;0.7755;0.993;0.993;1;0.993;0.993;0.89;0.9443;0.1308;0.7133;0.6402;0.0039;0.0164;-0.0014;0.0043;0.0154;0.0002;0;0;0.088;0.4893;0;0;0;0;0;0;0;0;0;0;0;0;0.0124;0.0012;0.5877;0.5877;0;24.404;24.404;10.914;0.0489;548.81;1070.9;1;0.0105;0.0105;0;0;0;0;0;0;0.5773;0.4893;0;15.496;17.944;12.899;14.937;98.216;98.216;6.0152;4.9565;4.126;1.0587;0.8305;0.176;0.1381;0.6859;5.9903;0.6839;0
01/03/21 07:00;20.466;-84.569;32.005;20.55;37.809;-90;-37.809;330.41;55.697;274.71;18.69;4.42;0;666.25;21.676;76.344;0;6.5896;770.86;0;770.86;666.25;76.344;21.676;6.5896;0.8643;0.0367;0;0.0085;763.52;7.3403;0;0;1.3799;5.9604;755.83;2.3505;1.4615;0.1675;0.6513;0.0702;758.18;5.3447;4.6638;0.5344;0.1421;0.0044;756;660.13;75.642;19.503;0.5546;16.658;13.427;5.6059;0.7294;0.195;2.8049;0.1719;2.2705;0;1;0;0;2.3331;0.9905;1;1;0.9363;0.0955;0.9969;0.9978;1;0.9677;0.8877;0.993;0.993;1;0.993;0.993;0.9805;0.8997;0.0842;2.1938;2.1686;0.0131;-0.0013;0.2405;0.0134;0.0476;0.0005;0;0;0.088;1.689;0;0;0;0;0;0;0;0;0;0;0;0;0.0383;0.0112;1.8054;1.8054;0;56.416;56.416;37.727;0.0499;1873.1;963.86;1;0.0284;0.0284;0;0;0;0;0;0;1.777;1.689;0;15.476;17.921;14.479;16.766;98.427;98.427;18.501;15.225;14.244;3.2753;0.9816;0.177;0.0531;0.7699;15.158;0.7678;0
01/03/21 08:00;32.526;-74.806;12.767;33.457;56.543;-90;-56.543;547.5;90.3;457.2;25.2;5.0801;0;829.29;27.199;100.19;0;23.337;980.01;0;980.01;829.29;100.19;27.199;23.337;0.8462;0.0516;0;0.0238;955.14;24.876;0;0;3.1267;21.749;947.14;1.3065;0.3631;0.0439;0.8237;0.0758;948.45;6.686;5.805;0.7013;0.1685;0.0111;951.55;823.12;99.442;23.08;1.5014;153.83;123.98;47.182;3.6873;1.9004;27.337;4.4075;25.55;0;1;0;0;1.79;0.9746;1;1;0.885;0.0681;0.9986;0.9996;1;0.9655;0.9519;0.993;0.993;1;0.993;0.993;0.9665;0.8486;0.0643;2.789;2.7772;0.0167;-0.0007;0.4738;0.016;0.0568;0.0043;0;0;0.088;2.0251;0;0;0;0;0;0;0;0;0;0;0;0;0.0457;0.0178;2.1468;2.1468;0;73.122;73.122;47.922;0.0506;2396.4;895.83;1;0.0337;0.0337;0;0;0;0;0;0;2.1131;2.0251;0;14.475;16.762;13.655;15.812;98.43;98.43;23.52;18.104;17.078;5.4163;1.0263;0.2303;0.0436;0.7261;22.762;0.7112;0
01/03/21 09:00;43.957;-62.621;19.332;47.358;42.643;-90;-42.643;737.8;121.7;616.11;26.34;6.18;0;837.56;38.177;105.63;0;18.532;999.9;0;999.9;837.56;105.63;38.177;18.532;0.8376;0.0567;0;0.0185;979.97;19.934;0;0;2.9123;17.022;971.24;1.8725;0.5554;0.07;1.1373;0.1097;973.11;6.8598;5.8629;0.7394;0.2469;0.0106;976.21;831.14;104.82;33.881;1.3901;334.63;269.71;104.77;1.9417;3.6004;51.791;4.9759;53.45;0;1;0;0;1.3552;0.9801;1;1;0.9237;0.0815;0.9981;0.9993;1;0.9675;0.9268;0.993;0.993;1;0.993;0.993;0.9713;0.8875;0.075;2.8456;2.8968;0.0174;0.0004;0.5197;0.0165;0.0586;0.008;0;0;0.088;2.0868;0;0;0;0;0;0;0;0;0;0;0;0;0.0472;0.0193;2.2097;2.2097;0;75.581;75.581;49.241;0.0507;2498.1;884.53;1;0.0349;0.0349;0;0;0;0;0;0;2.1748;2.0868;0;14.603;16.91;13.791;15.969;98.419;98.419;23.998;18.635;17.598;5.3631;1.0367;0.2235;0.0432;0.7333;27.818;0.7059;0
01/03/21 10:00;53.93;-45.676;24.292;62.475;27.525;-90;-27.525;880.31;145.2;735.11;27.96;7.22;0;828.93;47.366;107.12;0;9.4657;992.88;0;992.88;828.93;107.12;47.366;9.4657;0.8349;0.0572;0;0.0095;982.89;9.9865;0;0;1.826;8.1605;973.5;2.5133;0.6907;0.0892;1.4878;0.2456;976.01;6.8803;5.8025;0.7498;0.3188;0.0091;976.02;822.44;106.28;43.733;1.0505;476.74;384.26;152;0.5338;4.8068;69.143;2.5152;73.416;0;1;0;0;1.1279;0.9899;1;1;0.9614;0.1379;0.9974;0.9992;1;0.9671;0.8105;0.993;0.993;1;0.993;0.993;0.9805;0.9233;0.111;2.8257;2.9309;0.0177;0.0008;0.5451;0.0166;0.0588;0.0106;0;0;0.088;2.0916;0;0;0;0;0;0;0;0;0;0;0;0;0.0473;0.0197;2.2145;2.2145;0;77.389;77.389;49.429;0.0508;2526.3;876.58;1;0.0349;0.0349;0;0;0;0;0;0;2.1796;2.0916;0;14.738;17.066;13.92;16.119;98.425;98.425;23.829;18.675;17.639;5.1541;1.0362;0.2163;0.0435;0.7402;30.708;0.7035;0
01/03/21 11:00;60.743;-20.919;27.162;78.69;11.31;-90;-11.31;970.21;160.1;810.11;28.84;8.2701;0;826.15;52.644;109.06;0;1.79;989.64;0;989.64;826.15;109.06;52.644;1.79;0.8348;0.055;0;0.0018;987.69;1.9522;0;0;0.4662;1.486;977.76;3.0149;0.7697;0.1016;2.0758;0.0678;980.78;6.9138;5.7831;0.7634;0.3652;0.0021;978.14;819.6;108.19;49.736;0.2341;564.99;455.38;174.5;0.0248;6.023;86.638;0.3747;92.636;0;1;0;0;1.02;0.998;1;1;0.9911;0.1698;0.9969;0.9991;1;0.9599;0.7755;0.993;0.993;1;0.993;0.993;0.988;0.9448;0.1308;2.8164;2.9721;0.0179;0.0013;0.5649;0.0167;0.0593;0.0132;0;0;0.088;2.1076;0;0;0;0;0;0;0;0;0;0;0;0;0.0478;0.0202;2.2308;2.2308;0;78.533;78.533;49.693;0.0508;2547.5;875;1;0.0352;0.0352;0;0;0;0;0;0;2.1956;2.1076;0;14.895;17.248;14.072;16.296;98.421;98.421;23.751;18.812;17.773;4.939;1.0391;0.2079;0.0437;0.7483;31.664;0.7023;0
01/03/21 12:00;61.905;10.289;27.604;84.553;5.4465;90;5.4465;975.79;160.6;815.19;29.8;8.96;0;818.89;53.721;107.24;0;0.4185;980.27;0;980.27;818.89;107.24;53.721;0.4185;0.8354;0.0552;0;0.0004;979.78;0.4933;0;0;0.1445;0.3488;969.72;3.202;0.7753;0.1015;2.3097;0.0155;972.92;6.8584;5.7322;0.7507;0.375;0.0005;969.76;812.38;106.39;50.892;0.0538;573.88;462.55;181.22;0.001;5.8576;84.26;0.0464;90.117;0;1;0;0;1.0046;0.9995;1;1;0.9973;0.1666;0.9967;0.999;1;0.9566;0.7764;0.993;0.993;1;0.993;0.993;0.9892;0.9473;0.1285;2.7898;2.9433;0.0177;0.0009;0.5658;0.0165;0.0586;0.0128;0;0;0.088;2.0814;0;0;0;0;0;0;0;0;0;0;0;0;0.0472;0.0198;2.2039;2.2039;0;79.107;79.107;49.307;0.0508;2515.6;875;1;0.0346;0.0346;0;0;0;0;0;0;2.1694;2.0814;0;14.857;17.204;14.03;16.247;98.431;98.431;23.526;18.586;17.552;4.9403;1.0338;0.21;0.0439;0.7461;31.922;0.701;0
01/03/21 13:00;56.807;37.992;25.56;68.065;21.935;90;21.935;918.69;153.8;764.89;29.76;9.1599;0;824.58;50.768;109.02;0;6.3178;990.69;0;990.69;824.58;109.02;50.768;6.3178;0.8323;0.0576;0;0.0064;983.99;6.6984;0;0;1.3642;5.3342;974.4;2.6969;0.7229;0.0956;1.6679;0.2105;977.1;6.8879;5.7721;0.7631;0.3458;0.0069;976.02;818.09;108.16;47.39;0.7662;514.81;414.94;161.28;0.2556;5.3556;77.038;1.6173;82.138;0;1;0;0;1.0784;0.9932;1;1;0.9731;0.1557;0.9972;0.9991;1;0.966;0.7844;0.993;0.993;1;0.993;0.993;0.9836;0.9335;0.1213;2.8194;2.9468;0.0177;0.001;0.5687;0.0165;0.0586;0.0117;0;0;0.088;2.0828;0;0;0;0;0;0;0;0;0;0;0;0;0.0472;0.0199;2.2055;2.2055;0;79.314;79.314;49.554;0.0509;2517;875;1;0.0346;0.0346;0;0;0;0;0;0;2.1708;2.0828;0;14.711;17.035;13.893;16.088;98.43;98.43;23.776;18.599;17.565;5.1774;1.0341;0.2178;0.0435;0.7388;31.853;0.6981;0
01/03/21 14:00;47.689;57.369;21.283;52.526;37.474;90;37.474;796.19;146.3;649.89;29.63;9.1599;0;818.88;48.261;116.54;0;15.609;999.29;0;999.29;818.88;116.54;48.261;15.609;0.8195;0.0639;0;0.0156;982.08;17.209;0;0;3.0399;14.169;972.9;2.3026;0.5978;0.0851;1.4504;0.1694;975.2;6.8745;5.7321;0.8158;0.3165;0.0101;977.41;812.55;115.64;43.454;1.2605;392.23;316.14;124.12;1.5755;4.0892;58.822;4.5118;61.335;0;1;0;0;1.2551;0.9828;1;1;0.937;0.0923;0.9976;0.9993;1;0.9677;0.8815;0.993;0.993;1;0.993;0.993;0.9736;0.9004;0.0808;2.8439;2.9143;0.0176;0.0006;0.5603;0.0164;0.058;0.009;0;0;0.088;2.0641;0;0;0;0;0;0;0;0;0;0;0;0;0.0467;0.0195;2.1863;2.1863;0;79.098;79.098;49.468;0.0508;2496;875;1;0.0342;0.0342;0;0;0;0;0;0;2.1521;2.0641;0;14.457;16.741;13.649;15.806;98.437;98.437;23.983;18.437;17.407;5.5454;1.0304;0.2312;0.043;0.7258;33.657;0.6952;0
01/03/21 15:00;36.643;70.896;15.224;38.21;51.79;90;51.79;612.1;150.9;461.2;29.11;9.11;0;745.62;54.236;135.61;0;22.182;957.65;0;957.65;745.62;135.61;54.236;22.182;0.7786;0.0798;0;0.0232;931.4;26.258;0;0;5.5082;20.75;922.74;2.1392;0.3893;0.0708;1.6196;0.0595;924.88;6.5198;5.2194;0.9493;0.3411;0.01;927.87;740.02;134.59;46.767;1.3625;226.63;182.66;69.401;5.3974;2.8047;40.345;5.1377;37.752;0;1;0;0;1.5645;0.9726;1;1;0.8984;0.0646;0.9977;0.9995;1;0.9665;0.9582;0.993;0.993;1;0.993;0.993;0.9635;0.8623;0.0614;2.7254;2.7355;0.0165;-0.001;0.4948;0.0156;0.0552;0.0062;0;0;0.088;1.9664;0;0;0;0;0;0;0;0;0;0;0;0;0.0445;0.0173;2.0864;2.0864;0;75.904;75.904;46.794;0.0507;2359.9;884.11;1;0.0321;0.0321;0;0;0;0;0;0;2.0544;1.9664;0;14.397;16.671;13.568;15.712;98.462;98.462;22.984;17.595;16.583;5.3884;1.0127;0.2344;0.0441;0.7215;43.121;0.6994;0
01/03/21 16:00;24.742;81.315;9.3294;24.994;60;90;60;399.99;151.8;248.19;28.5;8.48;0;585.17;65.282;152.67;0;19;822.12;0;822.12;585.17;152.67;65.282;19;0.7118;0.1025;0;0.0231;796.14;25.981;0;0;8.2072;17.774;788.24;2.3244;0.1872;0.0489;2.0054;0.083;790.56;5.573;4.0962;1.0687;0.3995;0.0086;790.48;580.88;151.55;54.67;1.1338;67.043;54.037;23.762;10.919;1.2257;17.631;2.2403;7.9375;0;1;0;0;2.0553;0.9684;1;1;0.8743;0.0645;0.9971;0.9997;1;0.9646;0.9318;0.993;0.993;1;0.993;0.993;0.9588;0.8374;0.0597;2.3397;2.2969;0.0138;-0.0018;0.3527;0.0135;0.048;0.0028;0;0;0.088;1.7012;0;0;0;0;0;0;0;0;0;0;0;0;0.0386;0.0124;1.8169;1.8169;0;68.227;68.227;39.727;0.0504;1983.2;916.14;1;0.0277;0.0277;0;0;0;0;0;0;1.7892;1.7012;0;14.603;16.91;13.673;15.834;98.475;98.475;19.731;15.322;14.346;4.409;0.9757;0.2235;0.0495;0.7271;56.833;0.7156;0
01/03/21 17:00;12.518;90.283;58.285;12.519;19.197;90;19.197;168.7;122.6;46.099;26.93;6.09;0;111.8;100.96;45.491;0;0.8911;259.14;0;259.14;111.8;45.491;100.96;0.8911;0.4314;0.393;0;0.0034;256.21;2.9301;0;0;2.1845;0.7457;246.16;8.2539;3.4029;1.3846;3.4343;0.0321;254.42;1.7935;0.7826;0.3184;0.6914;0.001;246.3;107.62;43.788;94.648;0.1123;62.81;50.625;18.961;0.312;0.7182;10.331;0.1399;10.737;0;1;0;0;1.5361;0.9887;1;1;0.9784;0.1632;0.9676;0.9693;1;0.965;0.7778;0.993;0.993;1;0.993;0.993;0.9499;0.9375;0.1261;0.7375;0.7254;0.0044;0.0156;0.037;0.0047;0.0166;0.0018;0;0;0.088;0.532;0;0;0;0;0;0;0;0;0;0;0;0;0.0134;0.0015;0.6305;0.6305;0;39.115;39.115;12.184;0.0495;623.22;1011.7;1;0.0105;0.0105;0;0;0;0;0;0;0.62;0.532;0;16.077;18.617;13.566;15.71;98.34;98.34;6.2194;5.317;4.4866;0.9024;0.8304;0.1451;0.1335;0.7214;62.492;0.7005;0
01/03/21 18:00;3.3395;96.693;81.878;3.3624;4.8154;90;4.8154;0;0;0;24.54;4.36;0;0;0;0;0;0;0;0;0;0;0;0;0;1;1;1;1;0;0;0;0;0;0;0;0;0;0;0;0;0;0;0;0;0;0;0;0;0;0;0;0;0;0;0;0;0;0;0;0;0;0;0;1;1;1;1;1;1;1;1;1;1;1;1;1;1;1;1;1;1;1;0;0;0;0;0;0;0;0;0;0.0004;0.088;-0.0884;0;0;0;0;0;0;0;0;0;0;0;0;0;0;0;0;0;0;0;-24.54;0;0;0;0;0.0004;0;0;0;0;0;0;0;-0.0004;-0.0884;0;0;0;0;0;0;0;0;0;-0.7452;0;0.7452;1;1;0;0;0;0
01/03/21 19:00;0;0;90;0;0;90;0;0;0;0;22.78;3.72;0;0;0;0;0;0;0;0;0;0;0;0;0;1;1;1;1;0;0;0;0;0;0;0;0;0;0;0;0;0;0;0;0;0;0;0;0;0;0;0;0;0;0;0;0;0;0;0;0;0;0;0;1;1;1;1;1;1;1;1;1;1;1;1;1;1;1;1;1;1;1;0;0;0;0;0;0;0;0;0;0.0004;0.088;-0.0884;0;0;0;0;0;0;0;0;0;0;0;0;0;0;0;0;0;0;0;-22.78;0;0;0;0;0.0004;0;0;0;0;0;0;0;-0.0004;-0.0884;0;0;0;0;0;0;0;0;0;-0.7452;0;0.7452;1;1;0;0;0;0
01/03/21 20:00;0;0;90;0;0;90;0;0;0;0;20.94;3.5001;0;0;0;0;0;0;0;0;0;0;0;0;0;1;1;1;1;0;0;0;0;0;0;0;0;0;0;0;0;0;0;0;0;0;0;0;0;0;0;0;0;0;0;0;0;0;0;0;0;0;0;0;1;1;1;1;1;1;1;1;1;1;1;1;1;1;1;1;1;1;1;0;0;0;0;0;0;0;0;0;0.0004;0.088;-0.0884;0;0;0;0;0;0;0;0;0;0;0;0;0;0;0;0;0;0;0;-20.94;0;0;0;0;0.0004;0;0;0;0;0;0;0;-0.0004;-0.0884;0;0;0;0;0;0;0;0;0;-0.7452;0;0.7452;1;1;0;0;0;0
01/03/21 21:00;0;0;90;0;0;90;0;0;0;0;17.52;4.1;0;0;0;0;0;0;0;0;0;0;0;0;0;1;1;1;1;0;0;0;0;0;0;0;0;0;0;0;0;0;0;0;0;0;0;0;0;0;0;0;0;0;0;0;0;0;0;0;0;0;0;0;1;1;1;1;1;1;1;1;1;1;1;1;1;1;1;1;1;1;1;0;0;0;0;0;0;0;0;0;0.0004;0.088;-0.0884;0;0;0;0;0;0;0;0;0;0;0;0;0;0;0;0;0;0;0;-17.52;0;0;0;0;0.0004;0;0;0;0;0;0;0;-0.0004;-0.0884;0;0;0;0;0;0;0;0;0;-0.7452;0;0.7452;1;1;0;0;0;0
01/03/21 22:00;0;0;90;0;0;90;0;0;0;0;18.85;4.8599;0;0;0;0;0;0;0;0;0;0;0;0;0;1;1;1;1;0;0;0;0;0;0;0;0;0;0;0;0;0;0;0;0;0;0;0;0;0;0;0;0;0;0;0;0;0;0;0;0;0;0;0;1;1;1;1;1;1;1;1;1;1;1;1;1;1;1;1;1;1;1;0;0;0;0;0;0;0;0;0;0.0004;0.088;-0.0884;0;0;0;0;0;0;0;0;0;0;0;0;0;0;0;0;0;0;0;-18.85;0;0;0;0;0.0004;0;0;0;0;0;0;0;-0.0004;-0.0884;0;0;0;0;0;0;0;0;0;-0.7452;0;0.7452;1;1;0;0;0;0
01/03/21 23:00;0;0;90;0;0;90;0;0;0;0;18.06;4.8599;0;0;0;0;0;0;0;0;0;0;0;0;0;1;1;1;1;0;0;0;0;0;0;0;0;0;0;0;0;0;0;0;0;0;0;0;0;0;0;0;0;0;0;0;0;0;0;0;0;0;0;0;1;1;1;1;1;1;1;1;1;1;1;1;1;1;1;1;1;1;1;0;0;0;0;0;0;0;0;0;0.0004;0.088;-0.0884;0;0;0;0;0;0;0;0;0;0;0;0;0;0;0;0;0;0;0;-18.06;0;0;0;0;0.0004;0;0;0;0;0;0;0;-0.0004;-0.0884;0;0;0;0;0;0;0;0;0;-0.7452;0;0.7452;1;1;0;0;0;0
02/03/21 00:00;0;0;90;0;0;90;0;0;0;0;16.45;4.27;0;0;0;0;0;0;0;0;0;0;0;0;0;1;1;1;1;0;0;0;0;0;0;0;0;0;0;0;0;0;0;0;0;0;0;0;0;0;0;0;0;0;0;0;0;0;0;0;0;0;0;0;1;1;1;1;1;1;1;1;1;1;1;1;1;1;1;1;1;1;1;0;0;0;0;0;0;0;0;0;0.0004;0.088;-0.0884;0;0;0;0;0;0;0;0;0;0;0;0;0;0;0;0;0;0;0;-16.45;0;0;0;0;0.0004;0;0;0;0;0;0;0;-0.0004;-0.0884;0;0;0;0;0;0;0;0;0;-0.7452;0;0.7452;1;1;0;0;0;0
02/03/21 01:00;0;0;90;0;0;90;0;0;0;0;14.88;4.12;0;0;0;0;0;0;0;0;0;0;0;0;0;1;1;1;1;0;0;0;0;0;0;0;0;0;0;0;0;0;0;0;0;0;0;0;0;0;0;0;0;0;0;0;0;0;0;0;0;0;0;0;1;1;1;1;1;1;1;1;1;1;1;1;1;1;1;1;1;1;1;0;0;0;0;0;0;0;0;0;0.0004;0.088;-0.0884;0;0;0;0;0;0;0;0;0;0;0;0;0;0;0;0;0;0;0;-14.88;0;0;0;0;0.0004;0;0;0;0;0;0;0;-0.0004;-0.0884;0;0;0;0;0;0;0;0;0;-0.7452;0;0.7452;1;1;0;0;0;0
02/03/21 02:00;0;0;90;0;0;90;0;0;0;0;12.99;4.28;0;0;0;0;0;0;0;0;0;0;0;0;0;1;1;1;1;0;0;0;0;0;0;0;0;0;0;0;0;0;0;0;0;0;0;0;0;0;0;0;0;0;0;0;0;0;0;0;0;0;0;0;1;1;1;1;1;1;1;1;1;1;1;1;1;1;1;1;1;1;1;0;0;0;0;0;0;0;0;0;0.0004;0.088;-0.0884;0;0;0;0;0;0;0;0;0;0;0;0;0;0;0;0;0;0;0;-12.99;0;0;0;0;0.0004;0;0;0;0;0;0;0;-0.0004;-0.0884;0;0;0;0;0;0;0;0;0;-0.7452;0;0.7452;1;1;0;0;0;0
02/03/21 03:00;0;0;90;0;0;90;0;0;0;0;11.7;4.34;0;0;0;0;0;0;0;0;0;0;0;0;0;1;1;1;1;0;0;0;0;0;0;0;0;0;0;0;0;0;0;0;0;0;0;0;0;0;0;0;0;0;0;0;0;0;0;0;0;0;0;0;1;1;1;1;1;1;1;1;1;1;1;1;1;1;1;1;1;1;1;0;0;0;0;0;0;0;0;0;0.0004;0.088;-0.0884;0;0;0;0;0;0;0;0;0;0;0;0;0;0;0;0;0;0;0;-11.7;0;0;0;0;0.0004;0;0;0;0;0;0;0;-0.0004;-0.0884;0;0;0;0;0;0;0;0;0;-0.7452;0;0.7452;1;1;0;0;0;0
02/03/21 04:00;0;0;90;0;0;90;0;0;0;0;10.11;4.18;0;0;0;0;0;0;0;0;0;0;0;0;0;1;1;1;1;0;0;0;0;0;0;0;0;0;0;0;0;0;0;0;0;0;0;0;0;0;0;0;0;0;0;0;0;0;0;0;0;0;0;0;1;1;1;1;1;1;1;1;1;1;1;1;1;1;1;1;1;1;1;0;0;0;0;0;0;0;0;0;0.0004;0.088;-0.0884;0;0;0;0;0;0;0;0;0;0;0;0;0;0;0;0;0;0;0;-10.11;0;0;0;0;0.0004;0;0;0;0;0;0;0;-0.0004;-0.0884;0;0;0;0;0;0;0;0;0;-0.7452;0;0.7452;1;1;0;0;0;0
02/03/21 05:00;0.9132;-97.935;87.785;0.9221;1.3147;-90;-1.3147;0;0;0;8.3501;4.81;0;0;0;0;0;0;0;0;0;0;0;0;0;1;1;1;1;0;0;0;0;0;0;0;0;0;0;0;0;0;0;0;0;0;0;0;0;0;0;0;0;0;0;0;0;0;0;0;0;0;0;0;1;1;1;1;1;1;1;1;1;1;1;1;1;1;1;1;1;1;1;0;0;0;0;0;0;0;0;0;0.0004;0.088;-0.0884;0;0;0;0;0;0;0;0;0;0;0;0;0;0;0;0;0;0;0;-8.3501;0;0;0;0;0.0004;0;0;0;0;0;0;0;-0.0004;-0.0884;0;0;0;0;0;0;0;0;0;-0.7452;0;0.7452;1;1;0;0;0;0
02/03/21 06:00;8.035;-92.947;70.184;8.0455;11.797;-90;-11.797;114.3;18.898;95.399;10.04;5.3201;0;231.37;9.5138;22.513;0;0.2294;263.63;0;263.63;231.37;22.513;9.5138;0.2294;0.8776;0.037;0;0.0009;263.34;0.2808;0;0;0.0904;0.1904;233.27;28.232;25.381;2.4697;0.372;0.0087;261.5;1.8434;1.6196;0.1576;0.066;0.0003;233.28;204.37;19.886;8.9854;0.03;6.243;5.0319;1.4774;0.0052;0.0962;1.3834;0.0057;1.4744;0;1;0;0;2.3065;0.9989;1;1;0.9905;0.1699;0.892;0.8895;1;0.9602;0.7755;0.993;0.993;1;0.993;0.993;0.8849;0.9445;0.1308;0.7503;0.6702;0.004;0.0161;-0.0086;0.0046;0.0163;0.0003;0;0;0.088;0.5238;0;0;0;0;0;0;0;0;0;0;0;0;0.0132;0.0013;0.6229;0.6229;0;21.421;21.421;11.381;0.0488;574.36;1084.5;1;0.0111;0.0111;0;0;0;0;0;0;0.6118;0.5238;0;15.613;18.079;13.128;15.202;98.215;98.215;6.327;5.2528;4.4169;1.0743;0.8359;0.1698;0.1321;0.6981;5.7302;0.6954;0
02/03/21 07:00;20.287;-84.205;32.764;20.383;37.258;-90;-37.258;346.9;57.2;289.7;12.4;4.8599;0;702.59;20.478;83.419;0;6.7255;813.21;0;813.21;702.59;83.419;20.478;6.7255;0.864;0.0335;0;0.0083;805.87;7.3431;0;0;1.2742;6.0689;797.47;2.763;1.8505;0.2197;0.616;0.0767;800.23;5.6411;4.9181;0.5839;0.1344;0.0046;797.62;695.82;82.615;18.453;0.5753;15.844;12.77;5.3447;0.6554;0.1821;2.6198;0.1562;2.1464;0;1;0;0;2.3443;0.991;1;1;0.9378;0.0976;0.9965;0.9973;1;0.9677;0.8824;0.993;0.993;1;0.993;0.993;0.9806;0.9011;0.0855;2.3143;2.2873;0.0138;-0.0018;0.2175;0.0144;0.0511;0.0004;0;0;0.088;1.8191;0;0;0;0;0;0;0;0;0;0;0;0;0.0412;0.0123;1.9384;1.9384;0;52.059;52.059;39.659;0.0497;1974.6;981.66;1;0.0313;0.0313;0;0;0;0;0;0;1.9071;1.8191;0;15.751;18.239;14.782;17.117;98.387;98.387;19.517;16.347;15.341;3.1704;1.0058;0.1624;0.0515;0.786;14.256;0.7841;0
02/03/21 08:00;32.333;-74.412;13.124;33.311;56.689;-90;-56.689;570.7;94.198;476.51;14.62;4.5499;0;867.67;26.179;109.98;0;24.442;1028.3;0;1028.3;867.67;109.98;26.179;24.442;0.8438;0.0492;0;0.0238;1002.5;25.799;0;0;3.0207;22.778;994.14;1.3136;0.3906;0.0495;0.7932;0.0803;995.46;7.0173;6.0737;0.7699;0.1621;0.0116;998.73;861.2;109.16;22.203;1.5719;157.72;127.12;48.07;3.5821;1.9555;28.129;4.587;26.502;0;1;0;0;1.8018;0.9749;1;1;0.8846;0.0681;0.9987;0.9995;1;0.9655;0.9514;0.993;0.993;1;0.993;0.993;0.9668;0.8481;0.0643;2.9264;2.9138;0.0175;0.0006;0.4059;0.0174;0.0618;0.0046;0;0;0.088;2.2097;0;0;0;0;0;0;0;0;0;0;0;0;0.0498;0.0195;2.3367;2.3367;0;64.569;64.569;49.949;0.0502;2511;930.59;1;0.039;0.039;0;0;0;0;0;0;2.2977;2.2097;0;15.016;17.388;14.2;16.443;98.331;98.331;24.679;19.706;18.635;4.9729;1.071;0.2015;0.0434;0.7551;21.945;0.7399;0
02/03/21 09:00;43.732;-62.188;19.702;47.245;42.755;-90;-42.755;760.31;125.5;634.8;17.13;4.73;0;864.54;36.904;112.96;0;19.194;1033.6;0;1033.6;864.54;112.96;36.904;19.194;0.8364;0.0543;0;0.0186;1013.1;20.46;0;0;2.826;17.634;1004.2;1.8721;0.5842;0.0763;1.0992;0.1123;1006;7.092;6.0518;0.7907;0.2385;0.0109;1009.3;857.9;112.09;32.74;1.4367;343.59;276.94;107.52;1.8943;3.6943;53.142;5.1416;54.942;0;1;0;0;1.3595;0.9802;1;1;0.9234;0.0813;0.9981;0.9993;1;0.9675;0.9275;0.993;0.993;1;0.993;0.993;0.9715;0.8872;0.0749;2.9415;2.9942;0.018;0.0016;0.4509;0.0177;0.0627;0.0085;0;0;0.088;2.2366;0;0;0;0;0;0;0;0;0;0;0;0;0.0505;0.0205;2.3639;2.3639;0;67.714;67.714;50.584;0.0504;2580.1;916.2;1;0.0393;0.0393;0;0;0;0;0;0;2.3246;2.2366;0;15.113;17.5;14.299;16.558;98.337;98.337;24.806;19.935;18.862;4.8712;1.0736;0.1964;0.0433;0.7604;26.917;0.7322;0
02/03/21 10:00;53.649;-45.23;24.672;62.414;27.586;-90;-27.586;895.7;147.8;747.9;18.6;5.1601;0;843.83;46.237;111.45;0;9.6734;1011.2;0;1011.2;843.83;111.45;46.237;9.6734;0.8345;0.0553;0;0.0096;1001.1;10.131;0;0;1.7888;8.3419;991.54;2.5102;0.7141;0.0943;1.4517;0.2501;994.05;7.0074;5.9068;0.7801;0.3111;0.0093;994.11;837.21;110.57;42.685;1.072;484.71;390.68;154.57;0.5253;4.8841;70.256;2.5711;74.615;0;1;0;0;1.1289;0.99;1;1;0.9613;0.1376;0.9975;0.9991;1;0.9671;0.8108;0.993;0.993;1;0.993;0.993;0.9806;0.9232;0.1108;2.8778;2.9849;0.018;0.0014;0.4589;0.0175;0.0622;0.0112;0;0;0.088;2.2184;0;0;0;0;0;0;0;0;0;0;0;0;0.0501;0.0204;2.3451;2.3451;0;68.582;68.582;49.982;0.0504;2571;912.15;1;0.0388;0.0388;0;0;0;0;0;0;2.3064;2.2184;0;15.325;17.746;14.497;16.787;98.347;98.347;24.268;19.777;18.708;4.4916;1.069;0.1851;0.044;0.7709;29.988;0.7328;0
02/03/21 11:00;60.392;-20.598;27.547;78.695;11.305;-90;-11.305;977.8;161.3;816.5;20.77;5.5799;0;832.66;51.773;111.18;0;1.8024;997.41;0;997.41;832.66;111.18;51.773;1.8024;0.8348;0.0537;0;0.0018;995.46;1.9543;0;0;0.4581;1.4962;985.49;3.0017;0.7867;0.105;2.0417;0.0683;988.49;6.9682;5.8286;0.7783;0.3592;0.0021;985.87;826.04;110.3;48.914;0.2357;569.4;458.94;175.88;0.0244;6.0694;87.305;0.3773;93.35;0;1;0;0;1.0201;0.998;1;1;0.9912;0.1698;0.997;0.999;1;0.9599;0.7755;0.993;0.993;1;0.993;0.993;0.988;0.9448;0.1308;2.8386;2.9955;0.018;0.0016;0.4816;0.0175;0.0619;0.0138;0;0;0.088;2.2045;0;0;0;0;0;0;0;0;0;0;0;0;0.0499;0.0205;2.3307;2.3307;0;70.526;70.526;49.757;0.0505;2579.3;903.61;1;0.0382;0.0382;0;0;0;0;0;0;2.2925;2.2045;0;15.441;17.88;14.605;16.912;98.36;98.36;23.938;19.655;18.59;4.283;1.0644;0.1789;0.0445;0.7766;31.14;0.7289;0
02/03/21 12:00;61.521;10.271;27.983;84.475;5.5251;90;5.5251;983.9;162.3;821.6;21.97;6.01;0;825.43;52.996;109.69;0;0.4343;988.55;0;988.55;825.43;109.69;52.996;0.4343;0.835;0.054;0;0.0004;988.05;0.5077;0;0;0.1458;0.3619;977.94;3.1899;0.7922;0.1053;2.2764;0.0161;981.13;6.9163;5.778;0.7678;0.37;0.0005;977.99;818.86;108.82;50.204;0.0558;578.59;466.34;182.73;0.0011;5.9046;84.935;0.0491;90.838;0;1;0;0;1.0047;0.9995;1;1;0.9972;0.1667;0.9967;0.999;1;0.9566;0.7763;0.993;0.993;1;0.993;0.993;0.9893;0.9473;0.1285;2.8133;2.9682;0.0179;0.0012;0.4866;0.0172;0.0611;0.0134;0;0;0.088;2.1759;0;0;0;0;0;0;0;0;0;0;0;0;0.0492;0.0201;2.3014;2.3014;0;71.38;71.38;49.41;0.0505;2556.1;900.33;1;0.0374;0.0374;0;0;0;0;0;0;2.2639;2.1759;0;15.383;17.814;14.545;16.843;98.373;98.373;23.725;19.408;18.35;4.3176;1.0579;0.182;0.0446;0.7734;31.495;0.7267;0
02/03/21 13:00;56.453;37.716;25.922;67.921;22.079;90;22.079;927.7;152.9;774.8;23.5;6.2299;0;836.11;48.745;110.4;0;6.463;1001.7;0;1001.7;836.11;110.4;48.745;6.463;0.8347;0.0551;0;0.0065;994.93;6.7839;0;0;1.3237;5.4602;985.31;2.655;0.7434;0.0982;1.5993;0.2142;987.97;6.9645;5.8528;0.7728;0.332;0.007;986.97;829.52;109.53;45.49;0.7817;519.35;418.6;162.75;0.2514;5.3988;77.66;1.6569;82.807;0;1;0;0;1.0798;0.9932;1;1;0.9728;0.1552;0.9973;0.9991;1;0.966;0.7849;0.993;0.993;1;0.993;0.993;0.9836;0.9332;0.1209;2.8508;2.9794;0.0179;0.0014;0.5099;0.0172;0.0608;0.0121;0;0;0.088;2.1657;0;0;0;0;0;0;0;0;0;0;0;0;0.049;0.0203;2.2907;2.2907;0;73.364;73.364;49.864;0.0506;2566.8;892.43;1;0.037;0.037;0;0;0;0;0;0;2.2537;2.1657;0;15.111;17.498;14.286;16.543;98.384;98.384;24.041;19.318;18.264;4.7234;1.0542;0.1965;0.0439;0.7597;30.608;0.718;0
02/03/21 14:00;47.381;57.029;21.623;52.333;37.667;90;37.667;803.11;141.2;661.91;24.46;6.27;0;836.19;44.604;115.48;0;15.902;1012.2;0;1012.2;836.19;115.48;44.604;15.902;0.8261;0.0598;0;0.0157;994.89;17.279;0;0;2.8321;14.447;985.72;2.2141;0.6202;0.0856;1.3399;0.1684;987.93;6.9643;5.8533;0.8083;0.2924;0.0102;990.19;829.72;114.58;40.139;1.2763;394;317.56;125.9;1.4823;4.0214;57.847;4.4746;60.386;0;1;0;0;1.2603;0.9829;1;1;0.9365;0.0915;0.9978;0.9993;1;0.9677;0.8834;0.993;0.993;1;0.993;0.993;0.9739;0.8999;0.0803;2.8806;2.9489;0.0178;0.001;0.5159;0.0169;0.0599;0.009;0;0;0.088;2.136;0;0;0;0;0;0;0;0;0;0;0;0;0.0483;0.0199;2.2602;2.2602;0;74.386;74.386;49.926;0.0506;2542.4;889.01;1;0.0362;0.0362;0;0;0;0;0;0;2.224;2.136;0;14.756;17.087;13.945;16.148;98.398;98.398;24.292;19.061;18.013;5.2315;1.0475;0.2154;0.0431;0.7415;31.156;0.7111;0
02/03/21 15:00;36.366;70.565;15.542;37.984;52.016;90;52.016;635.11;129.4;505.71;24.84;6.2199;0;821.7;40.363;129.06;0;23.202;1014.3;0;1014.3;821.7;129.06;40.363;23.202;0.8101;0.0627;0;0.0229;988.49;25.833;0;0;4.1252;21.708;979.8;1.7747;0.438;0.0688;1.2059;0.062;981.57;6.9194;5.7519;0.9034;0.2537;0.0105;984.83;815.51;128.09;34.779;1.4223;227.2;183.13;70.127;4.0799;2.6897;38.69;5.0363;37.3;0;1;0;0;1.5971;0.9745;1;1;0.8978;0.0644;0.9982;0.9995;1;0.9665;0.9582;0.993;0.993;1;0.993;0.993;0.966;0.8616;0.0613;2.8867;2.8952;0.0174;0.0004;0.5077;0.0166;0.0588;0.006;0;0;0.088;2.0983;0;0;0;0;0;0;0;0;0;0;0;0;0.0474;0.0193;2.2216;2.2216;0;74.47;74.47;49.63;0.0507;2497.7;889.46;1;0.0353;0.0353;0;0;0;0;0;0;2.1863;2.0983;0;14.473;16.76;13.67;15.829;98.41;98.41;24.344;18.735;17.695;5.6084;1.04;0.2304;0.0427;0.7269;32.166;0.7067;0
02/03/21 16:00;24.481;81.004;9.712;24.75;60;90;60;414;133.5;280.5;24.19;5.47;0;667.19;51.347;154.69;0;19.665;892.9;0;892.9;667.19;154.69;51.347;19.665;0.7472;0.0795;0;0.022;868.04;24.852;0;0;6.4553;18.397;860.03;1.937;0.2223;0.0515;1.5773;0.0859;861.97;6.0763;4.6703;1.0828;0.3142;0.0089;861.94;662.3;153.56;43.001;1.1735;53.014;42.729;18.45;8.5893;0.9883;14.217;1.9097;6.6157;0;1;0;0;2.1568;0.9722;1;1;0.8743;0.0645;0.9978;0.9997;1;0.9646;0.9318;0.993;0.993;1;0.993;0.993;0.9632;0.8374;0.0597;2.5411;2.4946;0.015;-0.002;0.3756;0.0147;0.0523;0.0023;0;0;0.088;1.8611;0;0;0;0;0;0;0;0;0;0;0;0;0.0421;0.0145;1.98;1.98;0;67.505;67.505;43.314;0.0504;2152.9;919.66;1;0.0308;0.0308;0;0;0;0;0;0;1.9491;1.8611;0;14.653;16.968;13.773;15.949;98.443;98.443;21.429;16.697;15.695;4.7323;1.002;0.2208;0.0468;0.7324;44.701;0.7238;0
02/03/21 17:00;12.262;89.989;58.996;12.262;18.742;90;18.742;172.1;119.2;52.897;23;3.55;0;128.29;95.243;51.82;0;0.8669;276.22;0;276.22;128.29;51.82;95.243;0.8669;0.4644;0.3479;0;0.0031;273.51;2.7048;0;0;1.9798;0.725;262.34;9.2594;4.2448;1.7146;3.2686;0.0314;271.6;1.9146;0.898;0.3627;0.6528;0.001;262.46;123.15;49.742;89.341;0.1096;59.199;47.714;17.863;0.2707;0.6759;9.722;0.1242;10.127;0;1;0;0;1.605;0.9902;1;1;0.9792;0.1638;0.9659;0.9667;1;0.9647;0.7773;0.993;0.993;1;0.993;0.993;0.9498;0.938;0.1264;0.7861;0.7704;0.0046;0.0151;0.0303;0.005;0.0179;0.0017;0;0;0.088;0.5803;0;0;0;0;0;0;0;0;0;0;0;0;0.0144;0.0017;0.6796;0.6796;0;35.944;35.944;12.944;0.0493;661.58;1027.2;1;0.0113;0.0113;0;0;0;0;0;0;0.6683;0.5803;0;16.258;18.826;13.882;16.075;98.337;98.337;6.6293;5.7311;4.8937;0.8981;0.8374;0.1355;0.1263;0.7382;58.835;0.7192;0
02/03/21 18:00;3.0808;96.407;82.51;3.1001;4.4366;90;4.4366;0;0;0;20.41;3.54;0;0;0;0;0;0;0;0;0;0;0;0;0;1;1;1;1;0;0;0;0;0;0;0;0;0;0;0;0;0;0;0;0;0;0;0;0;0;0;0;0;0;0;0;0;0;0;0;0;0;0;0;1;1;1;1;1;1;1;1;1;1;1;1;1;1;1;1;1;1;1;0;0;0;0;0;0;0;0;0;0.0004;0.088;-0.0884;0;0;0;0;0;0;0;0;0;0;0;0;0;0;0;0;0;0;0;-20.41;0;0;0;0;0.0004;0;0;0;0;0;0;0;-0.0004;-0.0884;0;0;0;0;0;0;0;0;0;-0.7452;0;0.7452;1;1;0;0;0;0
02/03/21 19:00;0;0;90;0;0;90;0;0;0;0;18.35;3.7401;0;0;0;0;0;0;0;0;0;0;0;0;0;1;1;1;1;0;0;0;0;0;0;0;0;0;0;0;0;0;0;0;0;0;0;0;0;0;0;0;0;0;0;0;0;0;0;0;0;0;0;0;1;1;1;1;1;1;1;1;1;1;1;1;1;1;1;1;1;1;1;0;0;0;0;0;0;0;0;0;0.0004;0.088;-0.0884;0;0;0;0;0;0;0;0;0;0;0;0;0;0;0;0;0;0;0;-18.35;0;0;0;0;0.0004;0;0;0;0;0;0;0;-0.0004;-0.0884;0;0;0;0;0;0;0;0;0;-0.7452;0;0.7452;1;1;0;0;0;0
02/03/21 20:00;0;0;90;0;0;90;0;0;0;0;16.85;3.8299;0;0;0;0;0;0;0;0;0;0;0;0;0;1;1;1;1;0;0;0;0;0;0;0;0;0;0;0;0;0;0;0;0;0;0;0;0;0;0;0;0;0;0;0;0;0;0;0;0;0;0;0;1;1;1;1;1;1;1;1;1;1;1;1;1;1;1;1;1;1;1;0;0;0;0;0;0;0;0;0;0.0004;0.088;-0.0884;0;0;0;0;0;0;0;0;0;0;0;0;0;0;0;0;0;0;0;-16.85;0;0;0;0;0.0004;0;0;0;0;0;0;0;-0.0004;-0.0884;0;0;0;0;0;0;0;0;0;-0.7452;0;0.7452;1;1;0;0;0;0
02/03/21 21:00;0;0;90;0;0;90;0;0;0;0;15.37;3.6699;0;0;0;0;0;0;0;0;0;0;0;0;0;1;1;1;1;0;0;0;0;0;0;0;0;0;0;0;0;0;0;0;0;0;0;0;0;0;0;0;0;0;0;0;0;0;0;0;0;0;0;0;1;1;1;1;1;1;1;1;1;1;1;1;1;1;1;1;1;1;1;0;0;0;0;0;0;0;0;0;0.0004;0.088;-0.0884;0;0;0;0;0;0;0;0;0;0;0;0;0;0;0;0;0;0;0;-15.37;0;0;0;0;0.0004;0;0;0;0;0;0;0;-0.0004;-0.0884;0;0;0;0;0;0;0;0;0;-0.7452;0;0.7452;1;1;0;0;0;0
02/03/21 22:00;0;0;90;0;0;90;0;0;0;0;13.3;3.14;0;0;0;0;0;0;0;0;0;0;0;0;0;1;1;1;1;0;0;0;0;0;0;0;0;0;0;0;0;0;0;0;0;0;0;0;0;0;0;0;0;0;0;0;0;0;0;0;0;0;0;0;1;1;1;1;1;1;1;1;1;1;1;1;1;1;1;1;1;1;1;0;0;0;0;0;0;0;0;0;0.0004;0.088;-0.0884;0;0;0;0;0;0;0;0;0;0;0;0;0;0;0;0;0;0;0;-13.3;0;0;0;0;0.0004;0;0;0;0;0;0;0;-0.0004;-0.0884;0;0;0;0;0;0;0;0;0;-0.7452;0;0.7452;1;1;0;0;0;0
02/03/21 23:00;0;0;90;0;0;90;0;0;0;0;11.7;2.21;0;0;0;0;0;0;0;0;0;0;0;0;0;1;1;1;1;0;0;0;0;0;0;0;0;0;0;0;0;0;0;0;0;0;0;0;0;0;0;0;0;0;0;0;0;0;0;0;0;0;0;0;1;1;1;1;1;1;1;1;1;1;1;1;1;1;1;1;1;1;1;0;0;0;0;0;0;0;0;0;0.0004;0.088;-0.0884;0;0;0;0;0;0;0;0;0;0;0;0;0;0;0;0;0;0;0;-11.7;0;0;0;0;0.0004;0;0;0;0;0;0;0;-0.0004;-0.0884;0;0;0;0;0;0;0;0;0;-0.7452;0;0.7452;1;1;0;0;0;0
03/03/21 00:00;0;0;90;0;0;90;0;0;0;0;11.28;1.95;0;0;0;0;0;0;0;0;0;0;0;0;0;1;1;1;1;0;0;0;0;0;0;0;0;0;0;0;0;0;0;0;0;0;0;0;0;0;0;0;0;0;0;0;0;0;0;0;0;0;0;0;1;1;1;1;1;1;1;1;1;1;1;1;1;1;1;1;1;1;1;0;0;0;0;0;0;0;0;0;0.0004;0.088;-0.0884;0;0;0;0;0;0;0;0;0;0;0;0;0;0;0;0;0;0;0;-11.28;0;0;0;0;0.0004;0;0;0;0;0;0;0;-0.0004;-0.0884;0;0;0;0;0;0;0;0;0;-0.7452;0;0.7452;1;1;0;0;0;0
03/03/21 01:00;0;0;90;0;0;90;0;0;0;0;9.9202;2.3701;0;0;0;0;0;0;0;0;0;0;0;0;0;1;1;1;1;0;0;0;0;0;0;0;0;0;0;0;0;0;0;0;0;0;0;0;0;0;0;0;0;0;0;0;0;0;0;0;0;0;0;0;1;1;1;1;1;1;1;1;1;1;1;1;1;1;1;1;1;1;1;0;0;0;0;0;0;0;0;0;0.0004;0.088;-0.0884;0;0;0;0;0;0;0;0;0;0;0;0;0;0;0;0;0;0;0;-9.9202;0;0;0;0;0.0004;0;0;0;0;0;0;0;-0.0004;-0.0884;0;0;0;0;0;0;0;0;0;-0.7452;0;0.7452;1;1;0;0;0;0
03/03/21 02:00;0;0;90;0;0;90;0;0;0;0;8.85;2.7199;0;0;0;0;0;0;0;0;0;0;0;0;0;1;1;1;1;0;0;0;0;0;0;0;0;0;0;0;0;0;0;0;0;0;0;0;0;0;0;0;0;0;0;0;0;0;0;0;0;0;0;0;1;1;1;1;1;1;1;1;1;1;1;1;1;1;1;1;1;1;1;0;0;0;0;0;0;0;0;0;0.0004;0.088;-0.0884;0;0;0;0;0;0;0;0;0;0;0;0;0;0;0;0;0;0;0;-8.85;0;0;0;0;0.0004;0;0;0;0;0;0;0;-0.0004;-0.0884;0;0;0;0;0;0;0;0;0;-0.7452;0;0.7452;1;1;0;0;0;0
03/03/21 03:00;0;0;90;0;0;90;0;0;0;0;7.7797;3;0;0;0;0;0;0;0;0;0;0;0;0;0;1;1;1;1;0;0;0;0;0;0;0;0;0;0;0;0;0;0;0;0;0;0;0;0;0;0;0;0;0;0;0;0;0;0;0;0;0;0;0;1;1;1;1;1;1;1;1;1;1;1;1;1;1;1;1;1;1;1;0;0;0;0;0;0;0;0;0;0.0004;0.088;-0.0884;0;0;0;0;0;0;0;0;0;0;0;0;0;0;0;0;0;0;0;-7.7797;0;0;0;0;0.0004;0;0;0;0;0;0;0;-0.0004;-0.0884;0;0;0;0;0;0;0;0;0;-0.7452;0;0.7452;1;1;0;0;0;0
03/03/21 04:00;0;0;90;0;0;90;0;0;0;0;6.9002;3.0901;0;0;0;0;0;0;0;0;0;0;0;0;0;1;1;1;1;0;0;0;0;0;0;0;0;0;0;0;0;0;0;0;0;0;0;0;0;0;0;0;0;0;0;0;0;0;0;0;0;0;0;0;1;1;1;1;1;1;1;1;1;1;1;1;1;1;1;1;1;1;1;0;0;0;0;0;0;0;0;0;0.0004;0.088;-0.0884;0;0;0;0;0;0;0;0;0;0;0;0;0;0;0;0;0;0;0;-6.9002;0;0;0;0;0.0004;0;0;0;0;0;0;0;-0.0004;-0.0884;0;0;0;0;0;0;0;0;0;-0.7452;0;0.7452;1;1;0;0;0;0
03/03/21 05:00;0.9358;-97.449;87.73;0.9438;1.3456;-90;-1.3456;0;0;0;6.3298;3.48;0;0;0;0;0;0;0;0;0;0;0;0;0;1;1;1;1;0;0;0;0;0;0;0;0;0;0;0;0;0;0;0;0;0;0;0;0;0;0;0;0;0;0;0;0;0;0;0;0;0;0;0;1;1;1;1;1;1;1;1;1;1;1;1;1;1;1;1;1;1;1;0;0;0;0;0;0;0;0;0;0.0004;0.088;-0.0884;0;0;0;0;0;0;0;0;0;0;0;0;0;0;0;0;0;0;0;-6.3298;0;0;0;0;0.0004;0;0;0;0;0;0;0;-0.0004;-0.0884;0;0;0;0;0;0;0;0;0;-0.7452;0;0.7452;1;1;0;0;0;0
03/03/21 06:00;7.8588;-92.599;70.633;7.8668;11.52;-90;-11.52;107.3;17.9;89.403;8.3999;4.67;0;216.83;9.3773;20.44;0;0.2054;246.85;0;246.85;216.83;20.44;9.3773;0.2054;0.8784;0.0388;0;0.0008;246.59;0.2561;0;0;0.0856;0.1705;217.22;27.648;24.922;2.3493;0.3684;0.0078;244.87;1.7262;1.5178;0.1431;0.065;0.0002;217.22;190.39;17.947;8.8582;0.0269;6.1229;4.935;1.9015;0.0047;0.0649;0.9334;0.0035;0.9936;0;1;0;0;2.3005;0.999;1;1;0.9909;0.1699;0.8871;0.8842;1;0.9601;0.7755;0.993;0.993;1;0.993;0.993;0.88;0.9446;0.1308;0.7025;0.6234;0.0038;0.0165;-0.0134;0.0043;0.0153;0.0002;0;0;0.088;0.4846;0;0;0;0;0;0;0;0;0;0;0;0;0.0123;0.0012;0.5832;0.5832;0;18.982;18.982;10.582;0.0487;534.05;1092;1;0.0106;0.0106;0;0;0;0;0;0;0.5726;0.4846;0;15.611;18.078;12.971;15.02;98.177;98.177;5.9244;4.9181;4.0863;1.0063;0.8318;0.1699;0.1404;0.6897;5.6435;0.6878;0
03/03/21 07:00;20.109;-83.839;33.506;20.216;36.723;-90;-36.723;331.99;54.599;277.39;13.27;4.0601;0;672.75;20.609;76.929;0;6.2594;776.55;0;776.55;672.75;76.929;20.609;6.2594;0.8663;0.0346;0;0.0081;769.66;6.889;0;0;1.2539;5.6351;761.28;2.9947;2.062;0.2358;0.6208;0.0761;764.27;5.3876;4.7093;0.5385;0.1355;0.0044;761.48;665.98;76.154;18.599;0.5439;15.8;12.734;4.7694;0.6277;0.2164;3.1123;0.2005;2.701;0;1;0;0;2.3391;0.9911;1;1;0.9392;0.0997;0.9961;0.9969;1;0.9677;0.8773;0.993;0.993;1;0.993;0.993;0.9803;0.9025;0.0869;2.21;2.1849;0.0132;-0.0014;0.2005;0.0138;0.049;0.0005;0;0;0.088;1.7407;0;0;0;0;0;0;0;0;0;0;0;0;0.0394;0.0113;1.8586;1.8586;0;51.102;51.102;37.832;0.0497;1885.6;985.65;1;0.0298;0.0298;0;0;0;0;0;0;1.8287;1.7407;0;15.815;18.314;14.813;17.153;98.395;98.395;18.637;15.673;14.68;2.9637;0.9937;0.159;0.0533;0.7877;14.285;0.7853;0
03/03/21 08:00;32.139;-74.016;13.484;33.165;56.835;-90;-56.835;554.29;91.497;462.8;16.57;2.5;0;845.97;26.441;104.77;0;23.851;1001;0;1001;845.97;104.77;26.441;23.851;0.8451;0.0502;0;0.0238;975.75;25.289;0;0;3.0623;22.227;967.6;1.3205;0.3913;0.0485;0.8016;0.0793;968.92;6.8302;5.9218;0.7334;0.1637;0.0114;972.09;839.66;103.99;22.414;1.5334;152.22;122.69;46.219;3.6506;1.9113;27.493;4.4923;25.754;0;1;0;0;1.806;0.9747;1;1;0.8842;0.0681;0.9986;0.9995;1;0.9655;0.9509;0.993;0.993;1;0.993;0.993;0.9666;0.8477;0.0643;2.8489;2.8363;0.0171;-0.0002;0.402;0.0169;0.06;0.0044;0;0;0.088;2.1439;0;0;0;0;0;0;0;0;0;0;0;0;0.0483;0.0185;2.2692;2.2692;0;65.209;65.209;48.64;0.0503;2444;928.47;1;0.0373;0.0373;0;0;0;0;0;0;2.2319;2.1439;0;14.979;17.346;14.152;16.388;98.355;98.355;24.025;19.137;18.08;4.8882;1.0569;0.2035;0.044;0.7525;22.2;0.7374;0
03/03/21 09:00;43.505;-61.755;20.075;47.134;42.866;-90;-42.866;740.69;122.2;618.49;19.16;1.63;0;843.83;37.388;107.86;0;18.791;1007.9;0;1007.9;843.83;107.86;37.388;18.791;0.8372;0.0557;0;0.0186;987.73;20.142;0;0;2.8739;17.268;978.94;1.8774;0.581;0.0743;1.1135;0.1087;980.81;6.9141;5.9068;0.755;0.2416;0.0107;983.97;837.35;107.03;33.159;1.4038;334.36;269.49;104.62;1.9361;3.6017;51.809;5.0352;53.475;0;1;0;0;1.3607;0.98;1;1;0.9231;0.0811;0.9981;0.9993;1;0.9675;0.9281;0.993;0.993;1;0.993;0.993;0.9713;0.8869;0.0747;2.8683;2.919;0.0176;0.0006;0.4482;0.0172;0.0609;0.0083;0;0;0.088;2.172;0;0;0;0;0;0;0;0;0;0;0;0;0.049;0.0195;2.2977;2.2977;0;68.503;68.503;49.343;0.0504;2515.4;913.42;1;0.0377;0.0377;0;0;0;0;0;0;2.26;2.172;0;15.064;17.444;14.24;16.49;98.361;98.361;24.189;19.376;18.317;4.8125;1.0597;0.199;0.0438;0.7572;27.297;0.7292;0
03/03/21 10:00;53.367;-44.786;25.055;62.355;27.645;-90;-27.645;875.21;144.4;730.81;21.81;2.05;0;824.99;46.874;106.89;0;9.4922;988.25;0;988.25;824.99;106.89;46.874;9.4922;0.8348;0.057;0;0.0096;978.24;10.008;0;0;1.8198;8.188;968.88;2.5165;0.709;0.0919;1.4711;0.2446;971.4;6.8477;5.775;0.7482;0.3154;0.0091;971.4;818.51;106.05;43.267;1.0505;473.55;381.69;151.01;0.5364;4.773;68.657;2.5253;72.894;0;1;0;0;1.1292;0.9899;1;1;0.9612;0.1374;0.9974;0.9991;1;0.9671;0.8111;0.993;0.993;1;0.993;0.993;0.9804;0.9231;0.1107;2.8125;2.9168;0.0176;0.0006;0.4716;0.017;0.0603;0.0108;0;0;0.088;2.1461;0;0;0;0;0;0;0;0;0;0;0;0;0.0485;0.0195;2.2709;2.2709;0;70.736;70.736;48.926;0.0505;2512.9;903.7;1;0.0368;0.0368;0;0;0;0;0;0;2.2341;2.1461;0;15.184;17.583;14.35;16.617;98.379;98.379;23.718;19.151;18.098;4.5672;1.0525;0.1926;0.0444;0.7631;30.413;0.7253;0
03/03/21 11:00;60.04;-20.278;27.934;78.703;11.297;-90;-11.297;963;158.9;804.1;23.07;2.7099;0;819.98;52.199;108.29;0;1.7726;982.25;0;982.25;819.98;108.29;52.199;1.7726;0.8348;0.0549;0;0.0018;980.31;1.9329;0;0;0.4613;1.4716;970.44;3.0152;0.7856;0.1038;2.0587;0.0671;973.45;6.8622;5.7399;0.758;0.3622;0.0021;970.81;813.46;107.43;49.316;0.2318;560.81;452.01;173.21;0.0245;5.9784;85.997;0.3709;91.951;0;1;0;0;1.02;0.998;1;1;0.9912;0.1698;0.9969;0.999;1;0.9599;0.7755;0.993;0.993;1;0.993;0.993;0.988;0.9448;0.1308;2.7954;2.9498;0.0178;0.001;0.4918;0.0171;0.0606;0.0135;0;0;0.088;2.1546;0;0;0;0;0;0;0;0;0;0;0;0;0.0488;0.0199;2.2795;2.2795;0;72.131;72.131;49.061;0.0506;2540.3;897.31;1;0.0369;0.0369;0;0;0;0;0;0;2.2426;2.1546;0;15.335;17.757;14.495;16.785;98.383;98.383;23.574;19.223;18.17;4.3509;1.053;0.1846;0.0447;0.7708;31.395;0.7234;0
03/03/21 12:00;61.134;10.259;28.363;84.393;5.6071;90;5.6071;1004.2;165.7;838.5;23.54;3.29;0;842.53;51.34;114.79;0;0.4564;1009.1;0;1009.1;842.53;114.79;51.34;0.4564;0.8349;0.0513;0;0.0005;1008.6;0.5249;0;0;0.1446;0.3804;998.37;3.1512;0.8196;0.1117;2.203;0.0169;1001.5;7.0601;5.8977;0.8035;0.3584;0.0005;998.43;835.81;113.87;48.634;0.0587;590.46;475.91;186.52;0.0011;6.0231;86.641;0.0527;92.663;0;1;0;0;1.0049;0.9995;1;1;0.9972;0.1667;0.9969;0.999;1;0.9567;0.7763;0.993;0.993;1;0.993;0.993;0.9894;0.9473;0.1285;2.8718;3.0301;0.0182;0.0021;0.5264;0.0174;0.0616;0.0135;0;0;0.088;2.1946;0;0;0;0;0;0;0;0;0;0;0;0;0.0497;0.021;2.3202;2.3202;0;74.096;74.096;50.556;0.0506;2609.9;889.01;1;0.0376;0.0376;0;0;0;0;0;0;2.2826;2.1946;0;15.193;17.594;14.371;16.641;98.378;98.378;24.219;19.567;18.507;4.652;1.0594;0.1921;0.0437;0.7642;30.515;0.718;0
03/03/21 13:00;56.096;37.449;26.285;67.772;22.228;90;22.228;538.71;398.7;140.01;24.3;4.02;0;151.25;337.26;52.315;0;3.803;544.62;0;544.62;151.25;52.315;337.26;3.803;0.2777;0.6262;0;0.007;532.15;12.472;0;0;9.2574;3.2149;517.07;11.358;0.1364;0.0472;11.049;0.1253;528.42;3.725;1.0587;0.3662;2.296;0.0041;518.09;150.05;51.902;314.65;0.4587;316.85;255.38;97.314;1.7718;3.5275;50.741;1.0216;52.497;0;1;0;0;1.011;0.9771;1;1;0.9726;0.1546;0.9785;0.9991;1;0.9661;0.7854;0.993;0.993;1;0.993;0.993;0.9494;0.933;0.1206;1.5499;1.5839;0.0095;0.004;0.1404;0.01;0.0355;0.0087;0;0;0.088;1.2327;0;0;0;0;0;0;0;0;0;0;0;0;0.0286;0.0062;1.341;1.341;0;50.005;50.005;25.705;0.0497;1361.3;985.06;1;0.0202;0.0202;0;0;0;0;0;0;1.3207;1.2327;0;16.27;18.84;14.957;17.32;98.491;98.491;13.071;11.309;10.396;1.7624;0.9127;0.1348;0.0698;0.7953;211.93;0.7435;0
03/03/21 14:00;47.068;56.694;21.964;52.135;37.865;90;37.865;581.19;316.8;264.39;24.58;4.67;0;334.91;209.75;104.34;0;11.625;660.62;0;660.62;334.91;104.34;209.75;11.625;0.507;0.3351;0;0.0176;636.62;23.997;0;0;13.427;10.57;625.42;6.749;0.2523;0.0786;6.298;0.12;632.17;4.4564;2.3443;0.7304;1.3742;0.0074;629.01;332.31;103.53;188.65;0.9272;313.29;252.51;100.58;7.0807;3.5508;51.077;3.5877;47.547;0;1;0;0;1.1367;0.9637;1;1;0.936;0.0907;0.9893;0.9992;1;0.9677;0.8854;0.993;0.993;1;0.993;0.993;0.9467;0.8994;0.0798;1.8801;1.9019;0.0115;0.0006;0.2074;0.0118;0.0418;0.0086;0;0;0.088;1.466;0;0;0;0;0;0;0;0;0;0;0;0;0.0336;0.0087;1.5781;1.5781;0;55.797;55.797;31.217;0.0499;1637.9;963.48;1;0.0241;0.0241;0;0;0;0;0;0;1.554;1.466;0;15.785;18.279;14.664;16.98;98.473;98.473;15.855;13.308;12.363;2.5468;0.9453;0.1606;0.0596;0.7797;146.75;0.7371;0
03/03/21 15:00;36.085;70.236;15.859;37.755;52.245;90;52.245;686.8;113.1;573.69;24.6;4.98;0;936.97;27.229;129.56;0;25.297;1119.1;0;1119.1;936.97;129.56;27.229;25.297;0.8373;0.0469;0;0.0226;1092.6;26.471;0;0;2.8006;23.67;1083.5;1.4614;0.5097;0.0705;0.8139;0.0674;1084.9;7.6481;6.5588;0.9069;0.171;0.0114;1089.1;929.9;128.58;23.444;1.5474;237.17;191.16;70.54;2.7972;2.8858;41.512;5.6227;41.6;0;1;0;0;1.6294;0.9763;1;1;0.8971;0.0643;0.9987;0.9995;1;0.9664;0.9583;0.993;0.993;1;0.993;0.993;0.9682;0.861;0.0612;3.1847;3.1991;0.0193;0.0048;0.6207;0.0179;0.0634;0.0063;0;0;0.088;2.2654;0;0;0;0;0;0;0;0;0;0;0;0;0.0511;0.0233;2.3924;2.3924;0;79.726;79.726;55.125;0.0509;2729.4;875;1;0.039;0.039;0;0;0;0;0;0;2.3534;2.2654;0;14.127;16.359;13.377;15.49;98.371;98.371;26.857;20.175;19.104;6.6822;1.0708;0.2488;0.0399;0.7113;21.751;0.6921;0
03/03/21 16:00;24.217;80.694;10.096;24.502;60;90;60;269.11;213.1;56.007;24.41;4.41;0;134.43;144.11;50.286;0;12.783;341.61;0;341.61;134.43;50.286;144.11;12.783;0.3935;0.4593;0;0.0374;311.53;30.076;0;0;18.118;11.958;304.8;4.5467;0.0466;0.0174;4.4269;0.0558;309.35;2.1807;0.941;0.352;0.882;0.0058;308.87;133.44;49.917;120.69;0.7628;126.63;102.06;45.113;24.096;2.5257;36.331;4.0624;14.76;0;1;0;0;1.2694;0.912;1;1;0.8743;0.0645;0.9853;0.9997;1;0.9646;0.9318;0.993;0.993;1;0.993;0.993;0.8923;0.8374;0.0597;0.9722;0.9565;0.0058;0.0128;0.0496;0.0062;0.0221;0.0064;0;0;0.088;0.7322;0;0;0;0;0;0;0;0;0;0;0;0;0.0178;0.0025;0.8334;0.8334;0;39.478;39.478;15.068;0.0494;820.68;1015.5;1;0.0133;0.0133;0;0;0;0;0;0;0.8202;0.7322;0;16.121;18.668;14.163;16.4;98.409;98.409;8.1986;7.0283;6.1744;1.1703;0.8539;0.1427;0.1042;0.7531;125.46;0.6976;0
03/03/21 17:00;12.003;89.695;59.71;12.003;18.287;90;18.287;163.41;118.3;45.109;23.94;3.0901;0;109.4;97.301;44.81;0;0.784;252.3;0;252.3;109.4;44.81;97.301;0.784;0.4336;0.3888;0;0.0031;249.7;2.5962;0;0;1.941;0.6552;239.01;8.9453;3.9358;1.6121;3.3689;0.0285;247.95;1.7479;0.7658;0.3137;0.6675;0.0009;239.13;104.7;42.884;91.324;0.0994;60.299;48.601;18.166;0.2537;0.6889;9.909;0.1193;10.344;0;1;0;0;1.544;0.9897;1;1;0.9801;0.1643;0.9639;0.9638;1;0.9644;0.777;0.993;0.993;1;0.993;0.993;0.9473;0.9386;0.1267;0.718;0.704;0.0042;0.0158;0.0272;0.0046;0.0163;0.0018;0;0;0.088;0.521;0;0;0;0;0;0;0;0;0;0;0;0;0.0131;0.0014;0.6195;0.6195;0;35.74;35.74;11.799;0.0494;604.18;1025.3;1;0.0105;0.0105;0;0;0;0;0;0;0.609;0.521;0;16.225;18.788;13.646;15.802;98.312;98.312;6.0551;5.2242;4.3939;0.831;0.8303;0.1372;0.1371;0.7256;59.987;0.7049;0
03/03/21 18:00;3.0224;95.979;82.653;3.0389;4.3483;90;4.3483;0;0;0;20.81;3.21;0;0;0;0;0;0;0;0;0;0;0;0;0;1;1;1;1;0;0;0;0;0;0;0;0;0;0;0;0;0;0;0;0;0;0;0;0;0;0;0;0;0;0;0;0;0;0;0;0;0;0;0;1;1;1;1;1;1;1;1;1;1;1;1;1;1;1;1;1;1;1;0;0;0;0;0;0;0;0;0;0.0004;0.088;-0.0884;0;0;0;0;0;0;0;0;0;0;0;0;0;0;0;0;0;0;0;-20.81;0;0;0;0;0.0004;0;0;0;0;0;0;0;-0.0004;-0.0884;0;0;0;0;0;0;0;0;0;-0.7452;0;0.7452;1;1;0;0;0;0
03/03/21 19:00;0;0;90;0;0;90;0;0;0;0;15.35;3.2799;0;0;0;0;0;0;0;0;0;0;0;0;0;1;1;1;1;0;0;0;0;0;0;0;0;0;0;0;0;0;0;0;0;0;0;0;0;0;0;0;0;0;0;0;0;0;0;0;0;0;0;0;1;1;1;1;1;1;1;1;1;1;1;1;1;1;1;1;1;1;1;0;0;0;0;0;0;0;0;0;0.0004;0.088;-0.0884;0;0;0;0;0;0;0;0;0;0;0;0;0;0;0;0;0;0;0;-15.35;0;0;0;0;0.0004;0;0;0;0;0;0;0;-0.0004;-0.0884;0;0;0;0;0;0;0;0;0;-0.7452;0;0.7452;1;1;0;0;0;0
03/03/21 20:00;0;0;90;0;0;90;0;0;0;0;12.82;3.2699;0;0;0;0;0;0;0;0;0;0;0;0;0;1;1;1;1;0;0;0;0;0;0;0;0;0;0;0;0;0;0;0;0;0;0;0;0;0;0;0;0;0;0;0;0;0;0;0;0;0;0;0;1;1;1;1;1;1;1;1;1;1;1;1;1;1;1;1;1;1;1;0;0;0;0;0;0;0;0;0;0.0004;0.088;-0.0884;0;0;0;0;0;0;0;0;0;0;0;0;0;0;0;0;0;0;0;-12.82;0;0;0;0;0.0004;0;0;0;0;0;0;0;-0.0004;-0.0884;0;0;0;0;0;0;0;0;0;-0.7452;0;0.7452;1;1;0;0;0;0
03/03/21 21:00;0;0;90;0;0;90;0;0;0;0;13.99;3.1999;0;0;0;0;0;0;0;0;0;0;0;0;0;1;1;1;1;0;0;0;0;0;0;0;0;0;0;0;0;0;0;0;0;0;0;0;0;0;0;0;0;0;0;0;0;0;0;0;0;0;0;0;1;1;1;1;1;1;1;1;1;1;1;1;1;1;1;1;1;1;1;0;0;0;0;0;0;0;0;0;0.0004;0.088;-0.0884;0;0;0;0;0;0;0;0;0;0;0;0;0;0;0;0;0;0;0;-13.99;0;0;0;0;0.0004;0;0;0;0;0;0;0;-0.0004;-0.0884;0;0;0;0;0;0;0;0;0;-0.7452;0;0.7452;1;1;0;0;0;0
03/03/21 22:00;0;0;90;0;0;90;0;0;0;0;11.84;2.97;0;0;0;0;0;0;0;0;0;0;0;0;0;1;1;1;1;0;0;0;0;0;0;0;0;0;0;0;0;0;0;0;0;0;0;0;0;0;0;0;0;0;0;0;0;0;0;0;0;0;0;0;1;1;1;1;1;1;1;1;1;1;1;1;1;1;1;1;1;1;1;0;0;0;0;0;0;0;0;0;0.0004;0.088;-0.0884;0;0;0;0;0;0;0;0;0;0;0;0;0;0;0;0;0;0;0;-11.84;0;0;0;0;0.0004;0;0;0;0;0;0;0;-0.0004;-0.0884;0;0;0;0;0;0;0;0;0;-0.7452;0;0.7452;1;1;0;0;0;0
03/03/21 23:00;0;0;90;0;0;90;0;0;0;0;10.2;2.58;0;0;0;0;0;0;0;0;0;0;0;0;0;1;1;1;1;0;0;0;0;0;0;0;0;0;0;0;0;0;0;0;0;0;0;0;0;0;0;0;0;0;0;0;0;0;0;0;0;0;0;0;1;1;1;1;1;1;1;1;1;1;1;1;1;1;1;1;1;1;1;0;0;0;0;0;0;0;0;0;0.0004;0.088;-0.0884;0;0;0;0;0;0;0;0;0;0;0;0;0;0;0;0;0;0;0;-10.2;0;0;0;0;0.0004;0;0;0;0;0;0;0;-0.0004;-0.0884;0;0;0;0;0;0;0;0;0;-0.7452;0;0.7452;1;1;0;0;0;0
04/03/21 00:00;0;0;90;0;0;90;0;0;0;0;9.7999;2.12;0;0;0;0;0;0;0;0;0;0;0;0;0;1;1;1;1;0;0;0;0;0;0;0;0;0;0;0;0;0;0;0;0;0;0;0;0;0;0;0;0;0;0;0;0;0;0;0;0;0;0;0;1;1;1;1;1;1;1;1;1;1;1;1;1;1;1;1;1;1;1;0;0;0;0;0;0;0;0;0;0.0004;0.088;-0.0884;0;0;0;0;0;0;0;0;0;0;0;0;0;0;0;0;0;0;0;-9.7999;0;0;0;0;0.0004;0;0;0;0;0;0;0;-0.0004;-0.0884;0;0;0;0;0;0;0;0;0;-0.7452;0;0.7452;1;1;0;0;0;0
04/03/21 01:00;0;0;90;0;0;90;0;0;0;0;8.2098;1.8;0;0;0;0;0;0;0;0;0;0;0;0;0;1;1;1;1;0;0;0;0;0;0;0;0;0;0;0;0;0;0;0;0;0;0;0;0;0;0;0;0;0;0;0;0;0;0;0;0;0;0;0;1;1;1;1;1;1;1;1;1;1;1;1;1;1;1;1;1;1;1;0;0;0;0;0;0;0;0;0;0.0004;0.088;-0.0884;0;0;0;0;0;0;0;0;0;0;0;0;0;0;0;0;0;0;0;-8.2098;0;0;0;0;0.0004;0;0;0;0;0;0;0;-0.0004;-0.0884;0;0;0;0;0;0;0;0;0;-0.7452;0;0.7452;1;1;0;0;0;0
04/03/21 02:00;0;0;90;0;0;90;0;0;0;0;8.5003;1.7699;0;0;0;0;0;0;0;0;0;0;0;0;0;1;1;1;1;0;0;0;0;0;0;0;0;0;0;0;0;0;0;0;0;0;0;0;0;0;0;0;0;0;0;0;0;0;0;0;0;0;0;0;1;1;1;1;1;1;1;1;1;1;1;1;1;1;1;1;1;1;1;0;0;0;0;0;0;0;0;0;0.0004;0.088;-0.0884;0;0;0;0;0;0;0;0;0;0;0;0;0;0;0;0;0;0;0;-8.5003;0;0;0;0;0.0004;0;0;0;0;0;0;0;-0.0004;-0.0884;0;0;0;0;0;0;0;0;0;-0.7452;0;0.7452;1;1;0;0;0;0
04/03/21 03:00;0;0;90;0;0;90;0;0;0;0;7.2;1.9199;0;0;0;0;0;0;0;0;0;0;0;0;0;1;1;1;1;0;0;0;0;0;0;0;0;0;0;0;0;0;0;0;0;0;0;0;0;0;0;0;0;0;0;0;0;0;0;0;0;0;0;0;1;1;1;1;1;1;1;1;1;1;1;1;1;1;1;1;1;1;1;0;0;0;0;0;0;0;0;0;0.0004;0.088;-0.0884;0;0;0;0;0;0;0;0;0;0;0;0;0;0;0;0;0;0;0;-7.2;0;0;0;0;0.0004;0;0;0;0;0;0;0;-0.0004;-0.0884;0;0;0;0;0;0;0;0;0;-0.7452;0;0.7452;1;1;0;0;0;0
04/03/21 04:00;0;0;90;0;0;90;0;0;0;0;6.98;2.1;0;0;0;0;0;0;0;0;0;0;0;0;0;1;1;1;1;0;0;0;0;0;0;0;0;0;0;0;0;0;0;0;0;0;0;0;0;0;0;0;0;0;0;0;0;0;0;0;0;0;0;0;1;1;1;1;1;1;1;1;1;1;1;1;1;1;1;1;1;1;1;0;0;0;0;0;0;0;0;0;0.0004;0.088;-0.0884;0;0;0;0;0;0;0;0;0;0;0;0;0;0;0;0;0;0;0;-6.98;0;0;0;0;0.0004;0;0;0;0;0;0;0;-0.0004;-0.0884;0;0;0;0;0;0;0;0;0;-0.7452;0;0.7452;1;1;0;0;0;0
04/03/21 05:00;0.7568;-97.104;88.164;0.7627;1.0873;-90;-1.0873;0;0;0;6.1397;2.43;0;0;0;0;0;0;0;0;0;0;0;0;0;1;1;1;1;0;0;0;0;0;0;0;0;0;0;0;0;0;0;0;0;0;0;0;0;0;0;0;0;0;0;0;0;0;0;0;0;0;0;0;1;1;1;1;1;1;1;1;1;1;1;1;1;1;1;1;1;1;1;0;0;0;0;0;0;0;0;0;0.0004;0.088;-0.0884;0;0;0;0;0;0;0;0;0;0;0;0;0;0;0;0;0;0;0;-6.1397;0;0;0;0;0.0004;0;0;0;0;0;0;0;-0.0004;-0.0884;0;0;0;0;0;0;0;0;0;-0.7452;0;0.7452;1;1;0;0;0;0
04/03/21 06:00;7.6833;-92.249;71.08;7.6892;11.246;-90;-11.246;100.7;20.801;79.9;8.0403;2.84;0;193.78;11.732;21.719;0;0.1837;227.41;0;227.41;193.78;21.719;11.732;0.1837;0.8521;0.0524;0;0.0008;227.16;0.2554;0;0;0.1029;0.1525;199.14;26.427;23.341;2.616;0.4631;0.007;225.57;1.5901;1.3565;0.152;0.0814;0.0002;199.15;169.08;18.951;11.084;0.024;7.4905;6.0373;2.2988;0.0054;0.0811;1.1671;0.0041;1.2428;0;1;0;0;2.2583;0.9989;1;1;0.9912;0.1698;0.8828;0.8787;1;0.9599;0.7755;0.993;0.993;1;0.993;0.993;0.8757;0.9448;0.1308;0.6472;0.5721;0.0034;0.0169;-0.0148;0.004;0.0141;0.0002;0;0;0.088;0.438;0;0;0;0;0;0;0;0;0;0;0;0;0.0113;0.001;0.5361;0.5361;0;17.739;17.739;9.6984;0.0487;489.92;1094.2;1;0.0101;0.0101;0;0;0;0;0;0;0.526;0.438;0;15.576;18.037;12.726;14.737;98.121;98.121;5.458;4.5206;3.6936;0.9373;0.827;0.1717;0.1515;0.6767;7.0551;0.6741;0
04/03/21 07:00;19.931;-83.472;34.234;20.051;36.204;-90;-36.204;322.3;53.801;268.5;12.92;1.87;0;651.19;21.026;74.039;0;5.9117;752.17;0;752.17;651.19;74.039;21.026;5.9117;0.8658;0.0358;0;0.0079;745.61;6.561;0;0;1.2511;5.3099;737.15;3.2399;2.2713;0.2582;0.6342;0.0762;740.39;5.2192;4.5583;0.5183;0.1384;0.0042;737.29;644.36;73.263;19.002;0.5215;15.979;12.879;5.3483;0.6098;0.1831;2.6334;0.1488;2.2067;0;1;0;0;2.3337;0.9913;1;1;0.9405;0.1018;0.9956;0.9965;1;0.9677;0.8725;0.993;0.993;1;0.993;0.993;0.98;0.9038;0.0882;2.1406;2.1147;0.0127;-0.0011;0.1822;0.0134;0.0477;0.0005;0;0;0.088;1.6932;0;0;0;0;0;0;0;0;0;0;0;0;0.0384;0.0106;1.8103;1.8103;0;49.507;49.507;36.587;0.0496;1824.2;992.34;1;0.029;0.029;0;0;0;0;0;0;1.7812;1.6932;0;15.904;18.416;14.875;17.225;98.396;98.396;18.052;15.266;14.279;2.7857;0.987;0.1543;0.0547;0.791;14.513;0.7889;0
04/03/21 08:00;31.945;-73.619;13.846;33.021;56.979;-90;-56.979;538.71;88.697;450.01;17.46;1.79;0;825.79;26.536;99.725;0;23.288;975.34;0;975.34;825.79;99.725;26.536;23.288;0.8467;0.0511;0;0.0239;950.55;24.787;0;0;3.0846;21.702;942.57;1.3227;0.3922;0.0474;0.8049;0.0783;943.9;6.6539;5.7805;0.6981;0.1642;0.0111;946.75;819.61;98.98;22.482;1.4967;146.93;118.42;45.914;3.6966;1.7715;25.482;4.1768;23.557;0;1;0;0;1.8105;0.9746;1;1;0.8838;0.0681;0.9986;0.9995;1;0.9654;0.9503;0.993;0.993;1;0.993;0.993;0.9664;0.8472;0.0643;2.7757;2.7598;0.0166;-0.0009;0.3876;0.0165;0.0585;0.0041;0;0;0.088;2.0886;0;0;0;0;0;0;0;0;0;0;0;0;0.0471;0.0176;2.2126;2.2126;0;64.826;64.826;47.366;0.0503;2379;930.05;1;0.036;0.036;0;0;0;0;0;0;2.1766;2.0886;0;14.99;17.358;14.15;16.386;98.373;98.373;23.408;18.659;17.613;4.7492;1.0457;0.2029;0.0447;0.7524;22.316;0.738;0
04/03/21 09:00;43.278;-61.321;20.449;47.025;42.975;-90;-42.975;726.71;119.8;606.9;20.1;2.5499;0;829.51;37.573;104.43;0;18.526;990.04;0;990.04;829.51;104.43;37.573;18.526;0.8379;0.0567;0;0.0187;970.11;19.928;0;0;2.899;17.029;961.44;1.8798;0.5818;0.0732;1.1188;0.1059;963.32;6.7908;5.8065;0.731;0.2427;0.0105;966.4;823.12;103.63;33.313;1.3813;327.57;264.02;102.48;1.9628;3.534;50.835;4.9641;52.406;0;1;0;0;1.3624;0.9799;1;1;0.9228;0.0808;0.998;0.9993;1;0.9675;0.9288;0.993;0.993;1;0.993;0.993;0.9711;0.8866;0.0746;2.8176;2.8668;0.0173;0.0001;0.4411;0.0169;0.0598;0.0081;0;0;0.088;2.1319;0;0;0;0;0;0;0;0;0;0;0;0;0.0482;0.0189;2.2566;2.2566;0;68.563;68.563;48.463;0.0504;2470.3;913.5;1;0.0367;0.0367;0;0;0;0;0;0;2.2199;2.1319;0;15.062;17.441;14.229;16.477;98.374;98.374;23.761;19.03;17.979;4.7308;1.0515;0.1991;0.0443;0.7566;27.459;0.7286;0
04/03/21 10:00;53.084;-44.342;25.44;62.297;27.703;-90;-27.703;864.99;142.8;722.19;22.73;3.38;0;815.7;47.015;104.95;0;9.42;977.09;0;977.09;815.7;104.95;47.015;9.42;0.8348;0.0578;0;0.0096;967.13;9.9593;0;0;1.8314;8.1279;957.84;2.5203;0.7118;0.0916;1.475;0.2419;960.36;6.7699;5.7099;0.7347;0.3163;0.009;960.35;809.28;104.13;43.393;1.0411;467.89;377.12;149.22;0.542;4.7159;67.837;2.508;72.011;0;1;0;0;1.1296;0.9898;1;1;0.961;0.1372;0.9974;0.9991;1;0.9671;0.8115;0.993;0.993;1;0.993;0.993;0.9803;0.9229;0.1105;2.7807;2.8835;0.0174;0.0002;0.4703;0.0168;0.0595;0.0107;0;0;0.088;2.1176;0;0;0;0;0;0;0;0;0;0;0;0;0.0479;0.0191;2.2417;2.2417;0;71.114;71.114;48.383;0.0505;2484.3;902.33;1;0.0361;0.0361;0;0;0;0;0;0;2.2056;2.1176;0;15.16;17.555;14.321;16.583;98.39;98.39;23.45;18.904;17.858;4.546;1.0464;0.1939;0.0446;0.7615;30.516;0.7239;0
04/03/21 11:00;59.685;-19.959;28.322;78.713;11.287;-90;-11.287;941;154.9;786.1;23.73;4.18;0;801.61;52.768;103.62;0;1.729;959.72;0;959.72;801.61;103.62;52.768;1.729;0.8352;0.0568;0;0.0018;957.82;1.901;0;0;0.4656;1.4353;948.09;3.0264;0.7787;0.1007;2.0815;0.0655;951.12;6.7048;5.6113;0.7253;0.3661;0.0021;948.45;795.22;102.79;49.855;0.2261;548.04;441.72;169.25;0.0247;5.8432;84.053;0.3616;89.871;0;1;0;0;1.0199;0.998;1;1;0.9912;0.1698;0.9968;0.999;1;0.9599;0.7755;0.993;0.993;1;0.993;0.993;0.9879;0.9448;0.1308;2.7313;2.882;0.0174;0.0002;0.4756;0.0167;0.0593;0.0132;0;0;0.088;2.1089;0;0;0;0;0;0;0;0;0;0;0;0;0.0478;0.019;2.2327;2.2327;0;71.641;71.641;47.911;0.0505;2481.7;899.66;1;0.0358;0.0358;0;0;0;0;0;0;2.1969;2.1089;0;15.373;17.801;14.52;16.814;98.396;98.396;23.033;18.829;17.784;4.2048;1.0441;0.1826;0.0453;0.7721;31.737;0.7246;0
04/03/21 12:00;60.745;10.251;28.744;84.308;5.6924;90;5.6924;958.7;157.9;800.8;25.32;4.8401;0;804.77;53.358;104.92;0;0.4491;963.5;0;963.5;804.77;104.92;53.358;0.4491;0.8353;0.0558;0;0.0005;962.97;0.5281;0;0;0.1539;0.3742;953.03;3.2007;0.7934;0.1034;2.2872;0.0166;956.23;6.7408;5.6334;0.7345;0.3724;0.0005;953.09;798.34;104.09;50.544;0.0577;563.68;454.32;178.01;0.0013;5.7534;82.761;0.0528;88.513;0;1;0;0;1.005;0.9995;1;1;0.9971;0.1668;0.9967;0.999;1;0.9567;0.7762;0.993;0.993;1;0.993;0.993;0.9891;0.9473;0.1285;2.7421;2.8926;0.0174;0.0003;0.4976;0.0166;0.059;0.0129;0;0;0.088;2.0986;0;0;0;0;0;0;0;0;0;0;0;0;0.0475;0.0192;2.222;2.222;0;73.557;73.557;48.237;0.0506;2491.5;891.82;1;0.0354;0.0354;0;0;0;0;0;0;2.1866;2.0986;0;15.239;17.647;14.393;16.667;98.408;98.408;23.124;18.738;17.698;4.3856;1.0405;0.1897;0.045;0.7653;31.718;0.7191;0
04/03/21 13:00;55.736;37.188;26.649;67.62;22.38;90;22.38;892.59;154.3;738.3;25.7;5.4999;0;798.43;52.927;107.39;0;6.3869;965.14;0;965.14;798.43;107.39;52.927;6.3869;0.8273;0.0615;0;0.0066;958.27;6.8715;0;0;1.4688;5.4027;948.79;2.7687;0.7298;0.0982;1.7316;0.2092;951.56;6.7079;5.589;0.7517;0.3602;0.0069;950.43;792.12;106.54;49.366;0.7681;499.22;402.37;156.48;0.2865;5.19;74.656;1.6439;79.559;0;1;0;0;1.0813;0.9929;1;1;0.9722;0.1541;0.9971;0.9991;1;0.9661;0.786;0.993;0.993;1;0.993;0.993;0.9831;0.9327;0.1203;2.7467;2.8688;0.0173;0.0001;0.4954;0.0165;0.0585;0.0116;0;0;0.088;2.0805;0;0;0;0;0;0;0;0;0;0;0;0;0.0471;0.0189;2.2034;2.2034;0;73.729;73.729;48.029;0.0506;2471.7;891.46;1;0.0349;0.0349;0;0;0;0;0;0;2.1685;2.0805;0;15.086;17.469;14.244;16.495;98.414;98.414;23.163;18.582;17.545;4.5816;1.0368;0.1978;0.0448;0.7574;33.287;0.716;0
04/03/21 14:00;46.752;56.363;22.305;51.933;38.067;90;38.067;764.9;154.2;610.7;26.4;6.1;0;775.69;54.568;118.3;0;15.456;964.01;0;964.01;775.69;118.3;54.568;15.456;0.8046;0.0726;0;0.016;946.43;17.588;0;0;3.522;14.066;937.32;2.4772;0.5934;0.0905;1.6378;0.1554;939.8;6.625;5.4298;0.8281;0.3573;0.0097;941.7;769.67;117.38;49.051;1.225;375.27;302.47;119.95;1.8791;3.8587;55.505;4.3745;57.485;0;1;0;0;1.2603;0.9818;1;1;0.9355;0.0899;0.9974;0.9992;1;0.9677;0.8874;0.993;0.993;1;0.993;0.993;0.9723;0.8989;0.0793;2.7435;2.8055;0.0169;-0.0005;0.486;0.0161;0.0572;0.0087;0;0;0.088;2.0351;0;0;0;0;0;0;0;0;0;0;0;0;0.0461;0.0181;2.1569;2.1569;0;73.853;73.853;47.453;0.0506;2418.6;891.8;1;0.0339;0.0339;0;0;0;0;0;0;2.1231;2.0351;0;14.785;17.12;13.95;16.153;98.43;98.43;23.136;18.189;17.162;4.9469;1.0276;0.2138;0.0444;0.7418;38.242;0.7111;0
04/03/21 15:00;35.8;69.909;16.177;37.522;52.478;90;52.478;593.4;153.5;439.9;27;6.57;0;722.25;56.591;136.54;0;22.038;937.42;0;937.42;722.25;136.54;56.591;22.038;0.7705;0.0839;0;0.0235;910.94;26.482;0;0;5.8583;20.624;902.33;2.2275;0.4008;0.0758;1.6923;0.0586;904.56;6.3765;5.0558;0.9558;0.3551;0.0099;907.54;716.8;135.51;48.685;1.3454;216.01;174.11;65.314;5.8967;2.7767;39.942;5.2076;36.822;0;1;0;0;1.5797;0.9717;1;1;0.8965;0.0642;0.9975;0.9994;1;0.9664;0.9582;0.993;0.993;1;0.993;0.993;0.9626;0.8603;0.061;2.6678;2.6766;0.0161;-0.0014;0.4523;0.0155;0.0548;0.0063;0;0;0.088;1.952;0;0;0;0;0;0;0;0;0;0;0;0;0.0442;0.0166;2.0721;2.0721;0;72.636;72.636;45.636;0.0506;2307.9;897.84;1;0.0321;0.0321;0;0;0;0;0;0;2.04;1.952;0;14.607;16.914;13.76;15.934;98.451;98.451;22.498;17.474;16.462;5.0235;1.0128;0.2233;0.045;0.7317;45.315;0.7091;0
04/03/21 16:00;23.949;80.385;10.483;24.251;60;90;60;372.41;162.4;210.01;26.94;6.25;0;508.73;76.404;146.63;0;17.689;749.45;0;749.45;508.73;146.63;76.404;17.689;0.6788;0.1256;0;0.0236;723.29;26.154;0;0;9.6054;16.549;715.57;2.6599;0.1829;0.0527;2.347;0.0773;718.23;5.063;3.5611;1.0264;0.4676;0.008;717.7;504.98;145.55;63.984;1.0556;68.157;54.934;24.482;12.778;1.3339;19.188;2.1254;7.744;0;1;0;0;2.0124;0.9651;1;1;0.8743;0.0645;0.9963;0.9996;1;0.9646;0.9318;0.993;0.993;1;0.993;0.993;0.9548;0.8374;0.0597;2.1329;2.0918;0.0126;-0.0009;0.281;0.0126;0.0447;0.0031;0;0;0.088;1.5786;0;0;0;0;0;0;0;0;0;0;0;0;0.036;0.0104;1.6923;1.6923;0;62.852;62.852;35.912;0.0502;1806.4;936.83;1;0.0258;0.0258;0;0;0;0;0;0;1.6666;1.5786;0;14.921;17.279;13.918;16.117;98.478;98.478;17.987;14.272;13.312;3.7151;0.9594;0.2065;0.0533;0.7401;66.515;0.7262;0
04/03/21 17:00;11.741;89.402;60.429;11.741;17.832;90;17.832;151.1;117;34.099;25.89;4.0601;0;82.7;100.41;34.256;0;0.6896;218.05;0;218.05;82.7;34.256;100.41;0.6896;0.3793;0.4636;0;0.0032;215.55;2.496;0;0;1.92;0.576;205.98;8.0628;3.2034;1.3269;3.5073;0.0252;214.05;1.5089;0.5789;0.2398;0.6894;0.0008;206.1;78.917;32.689;94.289;0.0876;62.017;49.986;18.651;0.2396;0.7093;10.202;0.1156;10.672;0;1;0;0;1.4431;0.9886;1;1;0.9809;0.1647;0.9623;0.961;1;0.9641;0.7766;0.993;0.993;1;0.993;0.993;0.9447;0.9391;0.127;0.6206;0.6101;0.0037;0.0166;0.0245;0.004;0.014;0.0018;0;0;0.088;0.4358;0;0;0;0;0;0;0;0;0;0;0;0;0.0113;0.0011;0.5331;0.5331;0;36.074;36.074;10.184;0.0494;523.14;1019.1;1;0.0093;0.0093;0;0;0;0;0;0;0.5238;0.4358;0;16.157;18.709;13.208;15.294;98.256;98.256;5.2332;4.496;3.6755;0.7372;0.8205;0.1409;0.1568;0.7023;61.781;0.6786;0
04/03/21 18:00;2.758;95.694;83.299;2.7716;3.9632;90;3.9632;0;0;0;23.65;3.7;0;0;0;0;0;0;0;0;0;0;0;0;0;1;1;1;1;0;0;0;0;0;0;0;0;0;0;0;0;0;0;0;0;0;0;0;0;0;0;0;0;0;0;0;0;0;0;0;0;0;0;0;1;1;1;1;1;1;1;1;1;1;1;1;1;1;1;1;1;1;1;0;0;0;0;0;0;0;0;0;0.0004;0.088;-0.0884;0;0;0;0;0;0;0;0;0;0;0;0;0;0;0;0;0;0;0;-23.65;0;0;0;0;0.0004;0;0;0;0;0;0;0;-0.0004;-0.0884;0;0;0;0;0;0;0;0;0;-0.7452;0;0.7452;1;1;0;0;0;0
04/03/21 19:00;0;0;90;0;0;90;0;0;0;0;21.79;3.86;0;0;0;0;0;0;0;0;0;0;0;0;0;1;1;1;1;0;0;0;0;0;0;0;0;0;0;0;0;0;0;0;0;0;0;0;0;0;0;0;0;0;0;0;0;0;0;0;0;0;0;0;1;1;1;1;1;1;1;1;1;1;1;1;1;1;1;1;1;1;1;0;0;0;0;0;0;0;0;0;0.0004;0.088;-0.0884;0;0;0;0;0;0;0;0;0;0;0;0;0;0;0;0;0;0;0;-21.79;0;0;0;0;0.0004;0;0;0;0;0;0;0;-0.0004;-0.0884;0;0;0;0;0;0;0;0;0;-0.7452;0;0.7452;1;1;0;0;0;0
04/03/21 20:00;0;0;90;0;0;90;0;0;0;0;20.69;4.18;0;0;0;0;0;0;0;0;0;0;0;0;0;1;1;1;1;0;0;0;0;0;0;0;0;0;0;0;0;0;0;0;0;0;0;0;0;0;0;0;0;0;0;0;0;0;0;0;0;0;0;0;1;1;1;1;1;1;1;1;1;1;1;1;1;1;1;1;1;1;1;0;0;0;0;0;0;0;0;0;0.0004;0.088;-0.0884;0;0;0;0;0;0;0;0;0;0;0;0;0;0;0;0;0;0;0;-20.69;0;0;0;0;0.0004;0;0;0;0;0;0;0;-0.0004;-0.0884;0;0;0;0;0;0;0;0;0;-0.7452;0;0.7452;1;1;0;0;0;0
04/03/21 21:00;0;0;90;0;0;90;0;0;0;0;19.6;4.41;0;0;0;0;0;0;0;0;0;0;0;0;0;1;1;1;1;0;0;0;0;0;0;0;0;0;0;0;0;0;0;0;0;0;0;0;0;0;0;0;0;0;0;0;0;0;0;0;0;0;0;0;1;1;1;1;1;1;1;1;1;1;1;1;1;1;1;1;1;1;1;0;0;0;0;0;0;0;0;0;0.0004;0.088;-0.0884;0;0;0;0;0;0;0;0;0;0;0;0;0;0;0;0;0;0;0;-19.6;0;0;0;0;0.0004;0;0;0;0;0;0;0;-0.0004;-0.0884;0;0;0;0;0;0;0;0;0;-0.7452;0;0.7452;1;1;0;0;0;0
04/03/21 22:00;0;0;90;0;0;90;0;0;0;0;19.16;4.6101;0;0;0;0;0;0;0;0;0;0;0;0;0;1;1;1;1;0;0;0;0;0;0;0;0;0;0;0;0;0;0;0;0;0;0;0;0;0;0;0;0;0;0;0;0;0;0;0;0;0;0;0;1;1;1;1;1;1;1;1;1;1;1;1;1;1;1;1;1;1;1;0;0;0;0;0;0;0;0;0;0.0004;0.088;-0.0884;0;0;0;0;0;0;0;0;0;0;0;0;0;0;0;0;0;0;0;-19.16;0;0;0;0;0.0004;0;0;0;0;0;0;0;-0.0004;-0.0884;0;0;0;0;0;0;0;0;0;-0.7452;0;0.7452;1;1;0;0;0;0
04/03/21 23:00;0;0;90;0;0;90;0;0;0;0;18.4;4.74;0;0;0;0;0;0;0;0;0;0;0;0;0;1;1;1;1;0;0;0;0;0;0;0;0;0;0;0;0;0;0;0;0;0;0;0;0;0;0;0;0;0;0;0;0;0;0;0;0;0;0;0;1;1;1;1;1;1;1;1;1;1;1;1;1;1;1;1;1;1;1;0;0;0;0;0;0;0;0;0;0.0004;0.088;-0.0884;0;0;0;0;0;0;0;0;0;0;0;0;0;0;0;0;0;0;0;-18.4;0;0;0;0;0.0004;0;0;0;0;0;0;0;-0.0004;-0.0884;0;0;0;0;0;0;0;0;0;-0.7452;0;0.7452;1;1;0;0;0;0
05/03/21 00:00;0;0;90;0;0;90;0;0;0;0;17.1;4.6801;0;0;0;0;0;0;0;0;0;0;0;0;0;1;1;1;1;0;0;0;0;0;0;0;0;0;0;0;0;0;0;0;0;0;0;0;0;0;0;0;0;0;0;0;0;0;0;0;0;0;0;0;1;1;1;1;1;1;1;1;1;1;1;1;1;1;1;1;1;1;1;0;0;0;0;0;0;0;0;0;0.0004;0.088;-0.0884;0;0;0;0;0;0;0;0;0;0;0;0;0;0;0;0;0;0;0;-17.1;0;0;0;0;0.0004;0;0;0;0;0;0;0;-0.0004;-0.0884;0;0;0;0;0;0;0;0;0;-0.7452;0;0.7452;1;1;0;0;0;0
05/03/21 01:00;0;0;90;0;0;90;0;0;0;0;16.73;4.5499;0;0;0;0;0;0;0;0;0;0;0;0;0;1;1;1;1;0;0;0;0;0;0;0;0;0;0;0;0;0;0;0;0;0;0;0;0;0;0;0;0;0;0;0;0;0;0;0;0;0;0;0;1;1;1;1;1;1;1;1;1;1;1;1;1;1;1;1;1;1;1;0;0;0;0;0;0;0;0;0;0.0004;0.088;-0.0884;0;0;0;0;0;0;0;0;0;0;0;0;0;0;0;0;0;0;0;-16.73;0;0;0;0;0.0004;0;0;0;0;0;0;0;-0.0004;-0.0884;0;0;0;0;0;0;0;0;0;-0.7452;0;0.7452;1;1;0;0;0;0
05/03/21 02:00;0;0;90;0;0;90;0;0;0;0;16.1;4.42;0;0;0;0;0;0;0;0;0;0;0;0;0;1;1;1;1;0;0;0;0;0;0;0;0;0;0;0;0;0;0;0;0;0;0;0;0;0;0;0;0;0;0;0;0;0;0;0;0;0;0;0;1;1;1;1;1;1;1;1;1;1;1;1;1;1;1;1;1;1;1;0;0;0;0;0;0;0;0;-0.0004;0.0004;0.088;-0.0884;0;0;0;0;0;0;0;0;0;0;0;0;0;0;0;0;0;0;0;-16.1;0;0;0;0;0.0004;0;0;0;0;0;0;0;-0.0004;-0.0884;0;0;0;0;0;0;0;0;0;-0.7452;0;0.7452;1;1;0;0;0;0
05/03/21 03:00;0;0;90;0;0;90;0;0;0;0;14.8;4.1301;0;0;0;0;0;0;0;0;0;0;0;0;0;1;1;1;1;0;0;0;0;0;0;0;0;0;0;0;0;0;0;0;0;0;0;0;0;0;0;0;0;0;0;0;0;0;0;0;0;0;0;0;1;1;1;1;1;1;1;1;1;1;1;1;1;1;1;1;1;1;1;0;0;0;0;0;0;0;0;-0.0004;0.0004;0.088;-0.0884;0;0;0;0;0;0;0;0;0;0;0;0;0;0;0;0;0;0;0;-14.8;0;0;0;0;0.0004;0;0;0;0;0;0;0;-0.0004;-0.0884;0;0;0;0;0;0;0;0;0;-0.7452;0;0.7452;1;1;0;0;0;0
05/03/21 04:00;0;0;90;0;0;90;0;0;0;0;14.2;3.9001;0;0;0;0;0;0;0;0;0;0;0;0;0;1;1;1;1;0;0;0;0;0;0;0;0;0;0;0;0;0;0;0;0;0;0;0;0;0;0;0;0;0;0;0;0;0;0;0;0;0;0;0;1;1;1;1;1;1;1;1;1;1;1;1;1;1;1;1;1;1;1;0;0;0;0;0;0;0;0;-0.0004;0.0004;0.088;-0.0884;0;0;0;0;0;0;0;0;0;0;0;0;0;0;0;0;0;0;0;-14.2;0;0;0;0;0.0004;0;0;0;0;0;0;0;-0.0004;-0.0884;0;0;0;0;0;0;0;0;0;-0.7452;0;0.7452;1;1;0;0;0;0
05/03/21 05:00;0.7818;-96.613;88.104;0.7871;1.1221;-90;-1.1221;0;0;0;13.6;4.59;0;0;0;0;0;0;0;0;0;0;0;0;0;1;1;1;1;0;0;0;0;0;0;0;0;0;0;0;0;0;0;0;0;0;0;0;0;0;0;0;0;0;0;0;0;0;0;0;0;0;0;0;1;1;1;1;1;1;1;1;1;1;1;1;1;1;1;1;1;1;1;0;0;0;0;0;0;0;0;-0.0004;0.0004;0.088;-0.0884;0;0;0;0;0;0;0;0;0;0;0;0;0;0;0;0;0;0;0;-13.6;0;0;0;0;0.0004;0;0;0;0;0;0;0;-0.0004;-0.0884;0;0;0;0;0;0;0;0;0;-0.7452;0;0.7452;1;1;0;0;0;0
05/03/21 06:00;7.5086;-91.897;71.523;7.5127;10.975;-90;-10.975;77.103;38.202;38.901;13.42;5.6401;0;94.345;29.731;19.88;0;0.134;144.09;0;144.09;94.345;19.88;29.731;0.134;0.6548;0.2073;0;0.0009;143.73;0.3615;0;0;0.2503;0.1112;127.12;15.604;11.91;2.5096;1.179;0.0051;142.72;1.0061;0.6604;0.1392;0.2064;0.0002;127.13;81.775;17.231;28.095;0.0175;18.097;14.586;5.4075;0.0123;0.2055;2.956;0.0098;3.1492;0;1;0;0;1.8688;0.9975;1;1;0.9916;0.1698;0.8907;0.8729;1;0.9597;0.7755;0.993;0.993;1;0.993;0.993;0.8822;0.945;0.1308;0.4101;0.3696;0.0022;0.0171;-0.0072;0.0025;0.0089;0.0005;0.3302;0;0;0;0;0;0;0;0;0;0;0;0;0;0;0;0.0071;0.0005;0.3379;0.3379;0;19.646;19.646;6.2254;0.049;315.85;1070;1;0.0077;0.0077;0;0;0;0;0;0;0.3302;0;0;15.498;17.946;0;0;97.711;97.711;3.4582;2.8499;0;0.6082;2.8499;0.1759;0.8241;0;17.866;0;0
05/03/21 07:00;19.753;-83.102;34.948;19.886;35.698;-90;-35.698;321.4;53.202;268.2;16.14;5.4999;0;650.46;20.633;73.802;0;5.7371;750.63;0;750.63;650.46;73.802;20.633;5.7371;0.8666;0.0351;0;0.0076;744.29;6.3423;0;0;1.201;5.1413;735.55;3.528;2.5386;0.288;0.6232;0.0781;739.08;5.21;4.5532;0.5166;0.136;0.0042;735.69;643.37;72.997;18.672;0.5135;15.648;12.612;5.232;0.5702;0.1779;2.559;0.1408;2.1667;0;1;0;0;2.3355;0.9916;1;1;0.9418;0.1038;0.9952;0.9961;1;0.9677;0.868;0.993;0.993;1;0.993;0.993;0.9799;0.905;0.0895;2.1362;2.11;0.0127;-0.001;0.2063;0.0132;0.047;0.0004;1.7547;0;0;0;0;0;0;0;0;0;0;0;0;0;0;0;0.0378;0.0106;1.783;1.783;0;52.745;52.745;36.606;0.0498;1821.4;978.91;1;0.0283;0.0283;0;0;0;0;0;0;1.7547;0;0;15.696;18.175;0;0;98.415;98.415;18.015;15.036;0;2.9792;15.036;0.1654;0.8346;0;14.185;0;0
05/03/21 08:00;31.751;-73.22;14.211;32.877;57.123;-90;-57.123;541.69;89.303;452.39;17.93;4.9;0;833.38;26.204;101.93;0;23.526;985.04;0;985.04;833.38;101.93;26.204;23.526;0.846;0.0505;0;0.0239;960.06;24.98;0;0;3.0571;21.923;952.01;1.3311;0.4062;0.0497;0.7953;0.08;953.34;6.7204;5.8336;0.7135;0.162;0.0112;956.22;827.14;101.17;22.189;1.5116;146.04;117.71;45.413;3.6831;1.7758;25.544;4.2141;23.637;0;1;0;0;1.8184;0.9746;1;1;0.8833;0.0681;0.9986;0.9995;1;0.9654;0.9497;0.993;0.993;1;0.993;0.993;0.9665;0.8468;0.0643;2.8033;2.787;0.0168;-0.0007;0.4013;0.0166;0.0588;0.0041;2.1886;0;0;0;0;0;0;0;0;0;0;0;0;0;0;0;0.0474;0.0179;2.2248;2.2248;0;65.809;65.809;47.879;0.0503;2401.9;926.25;1;0.0362;0.0362;0;0;0;0;0;0;2.1886;0;0;14.925;17.282;0;0;98.372;98.372;23.641;18.762;0;4.879;18.762;0.2064;0.7936;0;22.073;0;0
05/03/21 09:00;43.05;-60.887;20.826;46.916;43.084;-90;-43.084;736.4;121.5;614.9;19.8;4.7099;0;841.92;36.87;108.01;0;18.864;1005.7;0;1005.7;841.92;108.01;36.87;18.864;0.8372;0.0554;0;0.0188;985.46;20.198;0;0;2.8553;17.343;976.68;1.8829;0.6014;0.0772;1.0978;0.1066;978.56;6.8982;5.8935;0.756;0.2381;0.0106;981.73;835.43;107.17;32.679;1.4037;330.99;266.78;103.5;1.943;3.5712;51.37;5.0469;52.998;0;1;0;0;1.3657;0.9799;1;1;0.9226;0.0806;0.9981;0.9993;1;0.9675;0.9294;0.993;0.993;1;0.993;0.993;0.9712;0.8863;0.0744;2.862;2.9117;0.0175;0.0005;0.453;0.0171;0.0606;0.0082;2.2492;0;0;0;0;0;0;0;0;0;0;0;0;0;0;0;0.0488;0.0194;2.2866;2.2866;0;69.052;69.052;49.252;0.0504;2509.4;911.21;1;0.0373;0.0373;0;0;0;0;0;0;2.2492;0;0;15.024;17.398;0;0;98.367;98.367;24.136;19.283;0;4.853;19.283;0.2011;0.7989;0;26.971;0;0
05/03/21 10:00;52.799;-43.9;25.828;62.24;27.76;-90;-27.76;874.29;144.2;730.09;21.6;4.7601;0;825.05;46.118;107.66;0;9.5593;988.38;0;988.38;825.05;107.66;46.118;9.5593;0.8347;0.0563;0;0.0097;978.33;10.053;0;0;1.8023;8.2503;968.96;2.5172;0.7309;0.0954;1.4463;0.2447;971.48;6.8483;5.7753;0.7536;0.3102;0.0092;971.51;818.54;106.81;42.559;1.0551;472.61;380.92;150.74;0.5355;4.7613;68.489;2.5459;72.715;0;1;0;0;1.1305;0.9898;1;1;0.9609;0.1369;0.9974;0.9991;1;0.9671;0.8118;0.993;0.993;1;0.993;0.993;0.9804;0.9228;0.1104;2.8129;2.9167;0.0176;0.0006;0.4693;0.017;0.0603;0.0108;2.2362;0;0;0;0;0;0;0;0;0;0;0;0;0;0;0;0.0486;0.0195;2.2731;2.2731;0;70.522;70.522;48.921;0.0505;2512.8;904.59;1;0.0369;0.0369;0;0;0;0;0;0;2.2362;0;0;15.197;17.598;0;0;98.378;98.378;23.721;19.169;0;4.5522;19.169;0.1919;0.8081;0;29.945;0;0
05/03/21 11:00;59.33;-19.642;28.712;78.726;11.274;-90;-11.274;958.5;158.2;800.3;23.08;4.8599;0;816.05;51.604;108.18;0;1.7572;977.59;0;977.59;816.05;108.18;51.604;1.7572;0.8348;0.0546;0;0.0018;975.68;1.9133;0;0;0.4545;1.4588;965.84;3.0128;0.8037;0.1065;2.0361;0.0665;968.85;6.8298;5.7123;0.7573;0.358;0.0021;966.21;809.53;107.32;48.755;0.2298;558.22;449.92;172.41;0.024;5.9507;85.598;0.3674;91.525;0;1;0;0;1.0199;0.998;1;1;0.9912;0.1698;0.9969;0.999;1;0.9599;0.7755;0.993;0.993;1;0.993;0.993;0.988;0.9448;0.1308;2.7822;2.9358;0.0177;0.0008;0.487;0.017;0.0603;0.0135;2.2345;0;0;0;0;0;0;0;0;0;0;0;0;0;0;0;0.0486;0.0197;2.2712;2.2712;0;71.899;71.899;48.819;0.0505;2528.2;898.33;1;0.0367;0.0367;0;0;0;0;0;0;2.2345;0;0;15.352;17.777;0;0;98.385;98.385;23.462;19.153;0;4.309;19.153;0.1837;0.8163;0;31.035;0;0
05/03/21 12:00;60.355;10.247;29.126;84.219;5.7809;90;5.7809;971.59;160.3;811.29;24.73;5.04;0;815.44;52.314;108.4;0;0.4694;976.63;0;976.63;815.44;108.4;52.314;0.4694;0.835;0.054;0;0.0005;976.08;0.5458;0;0;0.1546;0.3911;966.07;3.1803;0.8146;0.1083;2.2399;0.0174;969.25;6.8326;5.7081;0.7588;0.3651;0.0005;966.12;808.92;107.54;49.554;0.0603;571.19;460.38;180.4;0.0014;5.8284;83.839;0.0563;89.666;0;1;0;0;1.0052;0.9994;1;1;0.997;0.1668;0.9967;0.999;1;0.9568;0.7762;0.993;0.993;1;0.993;0.993;0.9892;0.9472;0.1286;2.7794;2.9321;0.0177;0.0008;0.5049;0.0169;0.0598;0.0131;2.2151;0;0;0;0;0;0;0;0;0;0;0;0;0;0;0;0.0482;0.0197;2.2511;2.2511;0;73.63;73.63;48.9;0.0506;2525.5;891.35;1;0.0361;0.0361;0;0;0;0;0;0;2.2151;0;0;15.231;17.638;0;0;98.398;98.398;23.439;18.984;0;4.455;18.984;0.1901;0.8099;0;31.101;0;0
05/03/21 13:00;55.373;36.934;27.014;67.464;22.536;90;22.536;917.89;151.1;766.79;25.87;5.4101;0;830.19;47.72;109.87;0;6.6587;994.44;0;994.44;830.19;109.87;47.72;6.6587;0.8348;0.0547;0;0.0067;987.47;6.9755;0;0;1.3392;5.6364;977.91;2.6467;0.7692;0.1018;1.559;0.2167;980.55;6.9123;5.8113;0.7691;0.3247;0.0072;979.62;823.61;109;44.497;0.7984;512.6;413.16;160.76;0.265;5.3217;76.551;1.7159;81.607;0;1;0;0;1.0834;0.993;1;1;0.9719;0.1535;0.9973;0.9991;1;0.9662;0.7865;0.993;0.993;1;0.993;0.993;0.9834;0.9325;0.1199;2.8301;2.9561;0.0178;0.0011;0.5285;0.0169;0.0598;0.0118;2.2161;0;0;0;0;0;0;0;0;0;0;0;0;0;0;0;0.0482;0.02;2.252;2.252;0;75.444;75.444;49.574;0.0507;2547.1;884.13;1;0.0359;0.0359;0;0;0;0;0;0;2.2161;0;0;14.964;17.328;0;0;98.405;98.405;23.867;18.992;0;4.8751;18.992;0.2043;0.7957;0;30.037;0;0
05/03/21 14:00;46.432;56.038;22.646;51.728;38.272;90;38.272;787.69;139.8;647.9;26.26;5.84;0;825.26;44.357;114.77;0;16.083;1000.5;0;1000.5;825.26;114.77;44.357;16.083;0.8249;0.0604;0;0.0161;982.93;17.536;0;0;2.8869;14.649;973.83;2.2183;0.641;0.0891;1.3308;0.1574;976.05;6.8805;5.7768;0.8034;0.2903;0.01;978.36;818.84;113.87;39.849;1.2664;383.44;309.05;122.52;1.5567;3.9215;56.409;4.5317;58.774;0;1;0;0;1.2701;0.9825;1;1;0.9349;0.0891;0.9977;0.9992;1;0.9677;0.8895;0.993;0.993;1;0.993;0.993;0.9734;0.8984;0.0787;2.8472;2.9122;0.0175;0.0005;0.5229;0.0166;0.0589;0.0087;2.1849;0;0;0;0;0;0;0;0;0;0;0;0;0;0;0;0.0474;0.0195;2.2201;2.2201;0;75.635;75.635;49.375;0.0507;2511;884.12;1;0.0352;0.0352;0;0;0;0;0;0;2.1849;0;0;14.663;16.98;0;0;98.416;98.416;24.011;18.722;0;5.2892;18.722;0.2203;0.7797;0;31.139;0;0
05/03/21 15:00;35.511;69.585;16.495;37.286;52.714;90;52.714;612.8;133.2;479.6;26.32;6.1;0;791.69;43.301;130.85;0;22.949;988.79;0;988.79;791.69;130.85;43.301;22.949;0.8007;0.067;0;0.0232;962.8;25.991;0;0;4.5118;21.479;954.18;1.8786;0.4479;0.074;1.2956;0.0611;956.06;6.7396;5.5418;0.9159;0.2715;0.0103;959.27;785.7;129.86;37.222;1.3982;215.11;173.38;65.51;4.5849;2.6509;38.132;5.0903;36.198;0;1;0;0;1.6136;0.9737;1;1;0.8958;0.064;0.998;0.9994;1;0.9664;0.9582;0.993;0.993;1;0.993;0.993;0.965;0.8596;0.0609;2.814;2.8209;0.017;-0.0004;0.4969;0.0162;0.0573;0.0059;2.1296;0;0;0;0;0;0;0;0;0;0;0;0;0;0;0;0.0461;0.0183;2.1635;2.1635;0;74.659;74.659;48.339;0.0507;2433.7;888.99;1;0.0339;0.0339;0;0;0;0;0;0;2.1296;0;0;14.459;16.743;0;0;98.431;98.431;23.731;18.245;0;5.4857;18.245;0.2312;0.7688;0;34.759;0;0
05/03/21 16:00;23.678;80.078;13.102;23.997;56.517;90;56.517;393;138.1;254.9;26.19;5.4001;0;618.19;58.128;153.23;0;16.738;846.29;0;846.29;618.19;153.23;58.128;16.738;0.7305;0.0885;0;0.0198;823.91;22.379;0;0;6.7006;15.679;815.98;2.1585;0.2778;0.0689;1.7592;0.0526;818.14;5.7673;4.3274;1.0726;0.36;0.0074;817.35;613.59;152.08;49.309;0.9989;50.179;40.444;17.771;7.859;0.8979;12.916;1.3695;5.9551;0;1;0;0;2.1534;0.9736;1;1;0.8847;0.0633;0.9974;0.9995;1;0.9656;0.95;0.993;0.993;1;0.993;0.993;0.9642;0.8483;0.0597;2.4085;2.3644;0.0142;-0.002;0.3546;0.014;0.0496;0.0021;1.8498;0;0;0;0;0;0;0;0;0;0;0;0;0;0;0;0.0399;0.0131;1.8788;1.8788;0;67.28;67.28;41.091;0.0504;2041.5;920.28;1;0.0289;0.0289;0;0;0;0;0;0;1.8498;0;0;14.67;16.987;0;0;98.46;98.46;20.311;15.844;0;4.4669;15.844;0.2199;0.7801;0;48.621;0;0
05/03/21 17:00;11.476;89.11;61.151;11.477;17.376;90;17.376;153.89;114.5;39.394;25.17;3.64;0;95.541;95.919;39.632;0;0.6672;231.76;0;231.76;95.541;39.632;95.919;0.6672;0.4122;0.4168;0;0.0029;229.45;2.3132;0;0;1.7562;0.557;218.82;9.0157;3.9658;1.6451;3.3804;0.0245;227.84;1.6061;0.6688;0.2774;0.6591;0.0008;218.93;90.906;37.709;90.124;0.085;59.181;47.7;17.789;0.209;0.6761;9.726;0.1035;10.193;0;1;0;0;1.506;0.99;1;1;0.9817;0.1652;0.9604;0.9582;1;0.9638;0.7763;0.993;0.993;1;0.993;0.993;0.9442;0.9396;0.1273;0.6596;0.6458;0.0039;0.0163;0.0256;0.0042;0.0149;0.0017;0.5563;0;0;0;0;0;0;0;0;0;0;0;0;0;0;0;0.012;0.0012;0.5659;0.5659;0;35.983;35.983;10.813;0.0494;554.02;1021.5;1;0.0097;0.0097;0;0;0;0;0;0;0.5563;0;0;16.136;18.685;0;0;98.288;98.288;5.5622;4.7727;0;0.7895;4.7727;0.1419;0.8581;0;58.908;0;0
05/03/21 18:00;2.6943;95.266;83.454;2.7057;3.8684;90;3.8684;0;0;0;22.51;3.7499;0;0;0;0;0;0;0;0;0;0;0;0;0;1;1;1;1;0;0;0;0;0;0;0;0;0;0;0;0;0;0;0;0;0;0;0;0;0;0;0;0;0;0;0;0;0;0;0;0;0;0;0;1;1;1;1;1;1;1;1;1;1;1;1;1;1;1;1;1;1;1;0;0;0;0;0;0;0;0;-0.0004;0.0004;0.088;-0.0884;0;0;0;0;0;0;0;0;0;0;0;0;0;0;0;0;0;0;0;-22.51;0;0;0;0;0.0004;0;0;0;0;0;0;0;-0.0004;-0.0884;0;0;0;0;0;0;0;0;0;-0.7452;0;0.7452;1;1;0;0;0;0
05/03/21 19:00;0;0;90;0;0;90;0;0;0;0;20.38;4.1499;0;0;0;0;0;0;0;0;0;0;0;0;0;1;1;1;1;0;0;0;0;0;0;0;0;0;0;0;0;0;0;0;0;0;0;0;0;0;0;0;0;0;0;0;0;0;0;0;0;0;0;0;1;1;1;1;1;1;1;1;1;1;1;1;1;1;1;1;1;1;1;0;0;0;0;0;0;0;0;-0.0004;0.0004;0.088;-0.0884;0;0;0;0;0;0;0;0;0;0;0;0;0;0;0;0;0;0;0;-20.38;0;0;0;0;0.0004;0;0;0;0;0;0;0;-0.0004;-0.0884;0;0;0;0;0;0;0;0;0;-0.7452;0;0.7452;1;1;0;0;0;0
05/03/21 20:00;0;0;90;0;0;90;0;0;0;0;17.9;4.2399;0;0;0;0;0;0;0;0;0;0;0;0;0;1;1;1;1;0;0;0;0;0;0;0;0;0;0;0;0;0;0;0;0;0;0;0;0;0;0;0;0;0;0;0;0;0;0;0;0;0;0;0;1;1;1;1;1;1;1;1;1;1;1;1;1;1;1;1;1;1;1;0;0;0;0;0;0;0;0;-0.0004;0.0004;0.088;-0.0884;0;0;0;0;0;0;0;0;0;0;0;0;0;0;0;0;0;0;0;-17.9;0;0;0;0;0.0004;0;0;0;0;0;0;0;-0.0004;-0.0884;0;0;0;0;0;0;0;0;0;-0.7452;0;0.7452;1;1;0;0;0;0
05/03/21 21:00;0;0;90;0;0;90;0;0;0;0;16.37;3.71;0;0;0;0;0;0;0;0;0;0;0;0;0;1;1;1;1;0;0;0;0;0;0;0;0;0;0;0;0;0;0;0;0;0;0;0;0;0;0;0;0;0;0;0;0;0;0;0;0;0;0;0;1;1;1;1;1;1;1;1;1;1;1;1;1;1;1;1;1;1;1;0;0;0;0;0;0;0;0;-0.0004;0.0004;0.088;-0.0884;0;0;0;0;0;0;0;0;0;0;0;0;0;0;0;0;0;0;0;-16.37;0;0;0;0;0.0004;0;0;0;0;0;0;0;-0.0004;-0.0884;0;0;0;0;0;0;0;0;0;-0.7452;0;0.7452;1;1;0;0;0;0
05/03/21 22:00;0;0;90;0;0;90;0;0;0;0;13.9;2.84;0;0;0;0;0;0;0;0;0;0;0;0;0;1;1;1;1;0;0;0;0;0;0;0;0;0;0;0;0;0;0;0;0;0;0;0;0;0;0;0;0;0;0;0;0;0;0;0;0;0;0;0;1;1;1;1;1;1;1;1;1;1;1;1;1;1;1;1;1;1;1;0;0;0;0;0;0;0;0;-0.0004;0.0004;0.088;-0.0884;0;0;0;0;0;0;0;0;0;0;0;0;0;0;0;0;0;0;0;-13.9;0;0;0;0;0.0004;0;0;0;0;0;0;0;-0.0004;-0.0884;0;0;0;0;0;0;0;0;0;-0.7452;0;0.7452;1;1;0;0;0;0
05/03/21 23:00;0;0;90;0;0;90;0;0;0;0;13.17;2.44;0;0;0;0;0;0;0;0;0;0;0;0;0;1;1;1;1;0;0;0;0;0;0;0;0;0;0;0;0;0;0;0;0;0;0;0;0;0;0;0;0;0;0;0;0;0;0;0;0;0;0;0;1;1;1;1;1;1;1;1;1;1;1;1;1;1;1;1;1;1;1;0;0;0;0;0;0;0;0;-0.0004;0.0004;0.088;-0.0884;0;0;0;0;0;0;0;0;0;0;0;0;0;0;0;0;0;0;0;-13.17;0;0;0;0;0.0004;0;0;0;0;0;0;0;-0.0004;-0.0884;0;0;0;0;0;0;0;0;0;-0.7452;0;0.7452;1;1;0;0;0;0
06/03/21 00:00;0;0;90;0;0;90;0;0;0;0;11.42;2.58;0;0;0;0;0;0;0;0;0;0;0;0;0;1;1;1;1;0;0;0;0;0;0;0;0;0;0;0;0;0;0;0;0;0;0;0;0;0;0;0;0;0;0;0;0;0;0;0;0;0;0;0;1;1;1;1;1;1;1;1;1;1;1;1;1;1;1;1;1;1;1;0;0;0;0;0;0;0;0;-0.0004;0.0004;0.088;-0.0884;0;0;0;0;0;0;0;0;0;0;0;0;0;0;0;0;0;0;0;-11.42;0;0;0;0;0.0004;0;0;0;0;0;0;0;-0.0004;-0.0884;0;0;0;0;0;0;0;0;0;-0.7452;0;0.7452;1;1;0;0;0;0
06/03/21 01:00;0;0;90;0;0;90;0;0;0;0;9.9302;3.0399;0;0;0;0;0;0;0;0;0;0;0;0;0;1;1;1;1;0;0;0;0;0;0;0;0;0;0;0;0;0;0;0;0;0;0;0;0;0;0;0;0;0;0;0;0;0;0;0;0;0;0;0;1;1;1;1;1;1;1;1;1;1;1;1;1;1;1;1;1;1;1;0;0;0;0;0;0;0;0;-0.0004;0.0004;0.088;-0.0884;0;0;0;0;0;0;0;0;0;0;0;0;0;0;0;0;0;0;0;-9.9302;0;0;0;0;0.0004;0;0;0;0;0;0;0;-0.0004;-0.0884;0;0;0;0;0;0;0;0;0;-0.7452;0;0.7452;1;1;0;0;0;0
06/03/21 02:00;0;0;90;0;0;90;0;0;0;0;9.53;3.3499;0;0;0;0;0;0;0;0;0;0;0;0;0;1;1;1;1;0;0;0;0;0;0;0;0;0;0;0;0;0;0;0;0;0;0;0;0;0;0;0;0;0;0;0;0;0;0;0;0;0;0;0;1;1;1;1;1;1;1;1;1;1;1;1;1;1;1;1;1;1;1;0;0;0;0;0;0;0;0;-0.0004;0.0004;0.088;-0.0884;0;0;0;0;0;0;0;0;0;0;0;0;0;0;0;0;0;0;0;-9.53;0;0;0;0;0.0004;0;0;0;0;0;0;0;-0.0004;-0.0884;0;0;0;0;0;0;0;0;0;-0.7452;0;0.7452;1;1;0;0;0;0
06/03/21 03:00;0;0;90;0;0;90;0;0;0;0;8.8001;3.23;0;0;0;0;0;0;0;0;0;0;0;0;0;1;1;1;1;0;0;0;0;0;0;0;0;0;0;0;0;0;0;0;0;0;0;0;0;0;0;0;0;0;0;0;0;0;0;0;0;0;0;0;1;1;1;1;1;1;1;1;1;1;1;1;1;1;1;1;1;1;1;0;0;0;0;0;0;0;0;-0.0004;0.0004;0.088;-0.0884;0;0;0;0;0;0;0;0;0;0;0;0;0;0;0;0;0;0;0;-8.8001;0;0;0;0;0.0004;0;0;0;0;0;0;0;-0.0004;-0.0884;0;0;0;0;0;0;0;0;0;-0.7452;0;0.7452;1;1;0;0;0;0
06/03/21 04:00;0;0;90;0;0;90;0;0;0;0;7.2599;3.2699;0;0;0;0;0;0;0;0;0;0;0;0;0;1;1;1;1;0;0;0;0;0;0;0;0;0;0;0;0;0;0;0;0;0;0;0;0;0;0;0;0;0;0;0;0;0;0;0;0;0;0;0;1;1;1;1;1;1;1;1;1;1;1;1;1;1;1;1;1;1;1;0;0;0;0;0;0;0;0;-0.0004;0.0004;0.088;-0.0884;0;0;0;0;0;0;0;0;0;0;0;0;0;0;0;0;0;0;0;-7.2599;0;0;0;0;0.0004;0;0;0;0;0;0;0;-0.0004;-0.0884;0;0;0;0;0;0;0;0;0;-0.7452;0;0.7452;1;1;0;0;0;0
06/03/21 05:00;0.6049;-96.264;88.533;0.6086;0.8675;-90;-0.8675;0;0;0;6.5798;3.85;0;0;0;0;0;0;0;0;0;0;0;0;0;1;1;1;1;0;0;0;0;0;0;0;0;0;0;0;0;0;0;0;0;0;0;0;0;0;0;0;0;0;0;0;0;0;0;0;0;0;0;0;1;1;1;1;1;1;1;1;1;1;1;1;1;1;1;1;1;1;1;0;0;0;0;0;0;0;0;-0.0004;0.0004;0.088;-0.0884;0;0;0;0;0;0;0;0;0;0;0;0;0;0;0;0;0;0;0;-6.5798;0;0;0;0;0.0004;0;0;0;0;0;0;0;-0.0004;-0.0884;0;0;0;0;0;0;0;0;0;-0.7452;0;0.7452;1;1;0;0;0;0
06/03/21 06:00;7.3346;-91.543;71.964;7.3373;10.706;-90;-10.706;99.294;19.397;79.897;7.9698;5.44;0;193.77;10.55;21.231;0;0.1642;225.72;0;225.72;193.77;21.231;10.55;0.1642;0.8585;0.0475;0;0.0007;225.5;0.2215;0;0;0.0852;0.1363;195.04;28.876;25.641;2.8093;0.4203;0.0062;223.92;1.5785;1.3564;0.1486;0.0733;0.0002;195.05;166.78;18.273;9.9716;0.0215;6.7699;5.4565;2.0836;0.004;0.0729;1.0485;0.0032;1.1174;0;1;0;0;2.2732;0.999;1;1;0.9919;0.1698;0.871;0.8667;1;0.9596;0.7755;0.993;0.993;1;0.993;0.993;0.8641;0.9451;0.1307;0.6424;0.5601;0.0034;0.0169;-0.0151;0.0039;0.0138;0.0002;0.515;0;0;0;0;0;0;0;0;0;0;0;0;0;0;0;0.0111;0.001;0.525;0.525;0;17.468;17.468;9.4983;0.0487;479.63;1094.6;1;0.01;0.01;0;0;0;0;0;0;0.515;0;0;15.369;17.797;0;0;98.103;98.103;5.4173;4.4273;0;0.9899;4.4273;0.1827;0.8173;0;6.3355;0;0
06/03/21 07:00;19.576;-82.731;35.65;19.722;35.206;-90;-35.206;319.51;52.696;266.81;13.41;6.0599;0;647.09;20.383;73.392;0;5.5519;746.42;0;746.42;647.09;73.392;20.383;5.5519;0.8669;0.0347;0;0.0074;740.29;6.1252;0;0;1.161;4.9643;731.31;3.8018;2.7892;0.3163;0.6166;0.0796;735.11;5.1821;4.5296;0.5137;0.1346;0.0041;731.45;639.77;72.562;18.471;0.504;15.415;12.424;5.1467;0.5372;0.1741;2.5048;0.1341;2.1418;0;1;0;0;2.3362;0.9918;1;1;0.943;0.1059;0.9948;0.9957;1;0.9677;0.8637;0.993;0.993;1;0.993;0.993;0.9798;0.9062;0.0908;2.1243;2.0978;0.0126;-0.0009;0.1823;0.0133;0.0473;0.0004;1.7655;0;0;0;0;0;0;0;0;0;0;0;0;0;0;0;0.0381;0.0105;1.7942;1.7942;0;49.714;49.714;36.304;0.0496;1809.6;991.5;1;0.0287;0.0287;0;0;0;0;0;0;1.7655;0;0;15.884;18.393;0;0;98.399;98.399;17.914;15.131;0;2.7832;15.131;0.1554;0.8446;0;13.959;0;0
06/03/21 08:00;31.556;-72.82;14.578;32.735;57.266;-90;-57.266;542.4;89.502;452.9;18.72;5.3201;0;837.54;25.921;103.29;0;23.664;990.41;0;990.41;837.54;103.29;25.921;23.664;0.8456;0.0501;0;0.0239;965.33;25.087;0;0;3.0351;22.051;957.23;1.339;0.4188;0.0516;0.7871;0.0814;958.57;6.7573;5.8628;0.723;0.1602;0.0113;961.75;831.26;102.52;21.939;1.5201;144.6;116.54;43.427;3.6758;1.8601;26.757;4.5203;24.941;0;1;0;0;1.826;0.9747;1;1;0.8829;0.0682;0.9986;0.9995;1;0.9654;0.9492;0.993;0.993;1;0.993;0.993;0.9665;0.8464;0.0642;2.8186;2.8052;0.0169;-0.0005;0.415;0.0166;0.0589;0.0043;2.1923;0;0;0;0;0;0;0;0;0;0;0;0;0;0;0;0.0475;0.0181;2.2285;2.2285;0;66.905;66.905;48.185;0.0503;2418.1;921.57;1;0.0362;0.0362;0;0;0;0;0;0;2.1923;0;0;14.868;17.217;0;0;98.376;98.376;23.77;18.793;0;4.9771;18.793;0.2094;0.7906;0;21.87;0;0
06/03/21 09:00;42.82;-60.453;21.205;46.808;43.192;-90;-43.192;731.49;120.7;610.79;21.1;4.3099;0;837.78;36.729;107.28;0;18.828;1000.6;0;1000.6;837.78;107.28;36.729;18.828;0.8373;0.0555;0;0.0188;980.45;20.168;0;0;2.8548;17.314;971.7;1.886;0.6093;0.078;1.0934;0.1052;973.58;6.8631;5.8644;0.751;0.2371;0.0106;976.73;831.3;106.45;32.544;1.3983;328.14;264.48;102.58;1.9522;3.5438;50.977;5.0343;52.568;0;1;0;0;1.3679;0.9798;1;1;0.9223;0.0804;0.9981;0.9993;1;0.9675;0.93;0.993;0.993;1;0.993;0.993;0.9711;0.886;0.0743;2.8477;2.8966;0.0174;0.0004;0.4622;0.0169;0.06;0.0081;2.2273;0;0;0;0;0;0;0;0;0;0;0;0;0;0;0;0.0483;0.0193;2.264;2.264;0;70.145;70.145;49.044;0.0505;2496.8;906.79;1;0.0367;0.0367;0;0;0;0;0;0;2.2273;0;0;14.951;17.313;0;0;98.379;98.379;24.015;19.093;0;4.9219;19.093;0.205;0.795;0;26.894;0;0
06/03/21 10:00;52.512;-43.459;26.216;62.185;27.815;-90;-27.815;863.19;142.4;720.8;22.94;3.1899;0;814.96;46.28;105.47;0;9.4746;976.18;0;976.18;814.96;105.47;46.28;9.4746;0.8348;0.0571;0;0.0097;966.18;9.9937;0;0;1.8143;8.1793;956.9;2.5202;0.7328;0.0948;1.4509;0.2417;959.42;6.7633;5.7047;0.7383;0.3113;0.0091;959.51;808.52;104.63;42.704;1.0444;466.49;375.99;145.78;0.541;4.8961;70.429;2.6116;74.784;0;1;0;0;1.1309;0.9898;1;1;0.9608;0.1367;0.9974;0.9991;1;0.9671;0.8121;0.993;0.993;1;0.993;0.993;0.9803;0.9227;0.1102;2.7781;2.8863;0.0174;0.0003;0.4725;0.0168;0.0595;0.0111;2.2057;0;0;0;0;0;0;0;0;0;0;0;0;0;0;0;0.0479;0.0191;2.2417;2.2417;0;71.282;71.282;48.342;0.0505;2486.5;901.55;1;0.0361;0.0361;0;0;0;0;0;0;2.2057;0;0;15.175;17.572;0;0;98.391;98.391;23.428;18.905;0;4.5235;18.905;0.1931;0.8069;0;30.061;0;0
06/03/21 11:00;58.973;-19.328;29.104;78.741;11.259;-90;-11.259;947.1;156.3;790.8;24.33;2.26;0;806.31;51.783;106.06;0;1.7317;965.88;0;965.88;806.31;106.06;51.783;1.7317;0.8348;0.0554;0;0.0018;963.99;1.8926;0;0;0.4551;1.4376;954.22;3.02;0.8049;0.1059;2.0437;0.0656;957.24;6.7479;5.6442;0.7424;0.3593;0.0021;954.59;799.86;105.21;48.925;0.2265;551.6;444.59;170.36;0.024;5.8807;84.591;0.3618;90.448;0;1;0;0;1.0198;0.998;1;1;0.9912;0.1698;0.9968;0.999;1;0.9599;0.7755;0.993;0.993;1;0.993;0.993;0.9879;0.9448;0.1308;2.7488;2.9006;0.0175;0.0004;0.4886;0.0168;0.0594;0.0133;2.2016;0;0;0;0;0;0;0;0;0;0;0;0;0;0;0;0.0479;0.0193;2.2374;2.2374;0;72.589;72.589;48.259;0.0506;2498;895.69;1;0.0358;0.0358;0;0;0;0;0;0;2.2016;0;0;15.307;17.725;0;0;98.399;98.399;23.181;18.869;0;4.3125;18.869;0.186;0.814;0;31.142;0;0
06/03/21 12:00;59.963;10.247;29.51;84.127;5.8727;90;5.8727;951.8;156.7;795.1;25.15;1.5001;0;799.3;52.776;104.33;0;0.4746;956.88;0;956.88;799.3;104.33;52.776;0.4746;0.8353;0.0557;0;0.0005;956.33;0.5554;0;0;0.16;0.3954;946.44;3.1894;0.809;0.1056;2.2572;0.0176;949.63;6.6943;5.5951;0.7303;0.3683;0.0006;946.5;792.89;103.5;49.991;0.061;559.51;450.96;176.7;0.0015;5.7102;82.14;0.058;87.848;0;1;0;0;1.0053;0.9994;1;1;0.997;0.1668;0.9966;0.999;1;0.9568;0.7762;0.993;0.993;1;0.993;0.993;0.9891;0.9472;0.1286;2.7232;2.8725;0.0173;0.0001;0.4887;0.0166;0.0587;0.0128;2.1768;0;0;0;0;0;0;0;0;0;0;0;0;0;0;0;0.0473;0.0189;2.212;2.212;0;73.033;73.033;47.883;0.0506;2474.1;894.06;1;0.0352;0.0352;0;0;0;0;0;0;2.1768;0;0;15.275;17.689;0;0;98.409;98.409;22.965;18.654;0;4.3111;18.654;0.1877;0.8123;0;31.38;0;0
06/03/21 13:00;55.007;36.687;27.379;67.304;22.696;90;22.696;893.59;150.8;742.79;26.94;0.7801;0;805.14;50.179;106.87;0;6.5735;968.76;0;968.76;805.14;106.87;50.179;6.5735;0.8311;0.0586;0;0.0068;961.77;6.9923;0;0;1.4243;5.568;952.33;2.706;0.7561;0.1004;1.6369;0.2126;955.04;6.7324;5.636;0.7481;0.3413;0.007;953.99;798.74;106.03;46.777;0.7858;498.8;402.03;158.43;0.2858;5.0505;72.649;1.6552;77.414;0;1;0;0;1.0841;0.9928;1;1;0.9716;0.153;0.9972;0.9991;1;0.9662;0.7871;0.993;0.993;1;0.993;0.993;0.983;0.9322;0.1195;2.757;2.875;0.0173;0.0001;0.512;0.0164;0.0582;0.0113;2.1592;0;0;0;0;0;0;0;0;0;0;0;0;0;0;0;0.0469;0.019;2.1937;2.1937;0;75.208;75.208;48.267;0.0507;2477.5;885.48;1;0.0346;0.0346;0;0;0;0;0;0;2.1592;0;0;14.964;17.327;0;0;98.424;98.424;23.25;18.5;0;4.7503;18.5;0.2043;0.7957;0;31.613;0;0
06/03/21 14:00;46.108;55.717;22.987;51.519;38.481;90;38.481;767.91;145.8;622.11;26.77;0.4601;0;794.71;49.06;115.94;0;15.844;975.55;0;975.55;794.71;115.94;49.06;15.844;0.8146;0.0665;0;0.0162;957.89;17.664;0;0;3.22;14.444;948.84;2.34;0.6266;0.0914;1.4713;0.1507;951.18;6.7052;5.5629;0.8116;0.3209;0.0098;953.32;788.52;115.04;44.048;1.2393;373.73;301.22;119.44;1.7537;3.8366;55.188;4.477;57.27;0;1;0;0;1.2704;0.9819;1;1;0.9344;0.0883;0.9975;0.9992;1;0.9677;0.8916;0.993;0.993;1;0.993;0.993;0.9726;0.8978;0.0782;2.7763;2.8381;0.0171;-0.0002;0.5018;0.0162;0.0576;0.0086;2.1379;0;0;0;0;0;0;0;0;0;0;0;0;0;0;0;0.0464;0.0185;2.1721;2.1721;0;74.846;74.846;48.076;0.0507;2447.1;887.62;1;0.0341;0.0341;0;0;0;0;0;0;2.1379;0;0;14.713;17.037;0;0;98.429;98.429;23.413;18.317;0;5.096;18.317;0.2177;0.7823;0;34.501;0;0
06/03/21 15:00;35.219;69.264;16.813;37.046;52.954;90;52.954;587.5;149.1;438.41;26.83;0.8099;0;727.69;53.974;135.66;0;22.188;939.52;0;939.52;727.69;135.66;53.974;22.188;0.7745;0.0811;0;0.0236;913.09;26.43;0;0;5.661;20.769;904.52;2.1729;0.4196;0.0782;1.6159;0.0591;906.7;6.3916;5.0938;0.9497;0.3382;0.0099;909.57;722.18;134.64;46.359;1.3492;209.34;168.73;63.966;5.8048;2.6532;38.165;5.0471;35.014;0;1;0;0;1.5992;0.9719;1;1;0.8951;0.0639;0.9976;0.9994;1;0.9663;0.958;0.993;0.993;1;0.993;0.993;0.9628;0.8589;0.0608;2.6738;2.6788;0.0161;-0.0014;0.4521;0.0155;0.0549;0.006;2.0426;0;0;0;0;0;0;0;0;0;0;0;0;0;0;0;0.0442;0.0166;2.0747;2.0747;0;72.575;72.575;45.745;0.0506;2310;898.15;1;0.0322;0.0322;0;0;0;0;0;0;2.0426;0;0;14.592;16.897;0;0;98.45;98.45;22.548;17.496;0;5.0522;17.496;0.2241;0.7759;0;43.436;0;0
06/03/21 16:00;23.403;79.773;15.565;23.74;53.781;90;53.781;371;153.6;217.4;27.03;0.9699;0;527.26;73.956;147.03;0;14.42;762.67;0;762.67;527.26;147.03;73.956;14.42;0.6913;0.1159;0;0.0189;741.23;21.436;0;0;7.9332;13.503;733.42;2.6178;0.2815;0.0785;2.2188;0.039;736.04;5.1886;3.6908;1.0292;0.4622;0.0064;735.08;523.29;145.92;63.342;0.8716;61.402;49.49;20.89;8.3938;1.0748;15.461;1.6555;8.1423;0;1;0;0;2.0557;0.9719;1;1;0.8927;0.0636;0.9964;0.9995;1;0.9662;0.9572;0.993;0.993;1;0.993;0.993;0.9617;0.8565;0.0604;2.1705;2.1341;0.0129;-0.0012;0.2944;0.0128;0.0454;0.0025;1.6937;0;0;0;0;0;0;0;0;0;0;0;0;0;0;0;0.0366;0.0108;1.7199;1.7199;0;63.866;63.866;36.836;0.0502;1843.3;933.06;1;0.0262;0.0262;0;0;0;0;0;0;1.6937;0;0;14.902;17.256;0;0;98.476;98.476;18.304;14.504;0;3.7997;14.504;0.2076;0.7924;0;60.04;0;0
06/03/21 17:00;11.207;88.818;61.876;11.21;16.921;90;16.921;130.3;110.5;19.793;26.42;1.16;0;48.005;100.17;19.681;0;0.5359;168.39;0;168.39;48.005;19.681;100.17;0.5359;0.2851;0.598;0;0.0032;166.19;2.2011;0;0;1.7539;0.4471;158.43;6.5988;2.1402;0.8774;3.5615;0.0197;165.03;1.1633;0.336;0.1378;0.6889;0.0006;158.53;45.529;18.666;94.167;0.0684;61.542;49.603;18.456;0.1987;0.7047;10.137;0.101;10.643;0;1;0;0;1.2924;0.9869;1;1;0.9825;0.1656;0.96;0.9551;1;0.9636;0.7761;0.993;0.993;1;0.993;0.993;0.9408;0.9401;0.1276;0.4792;0.4739;0.0029;0.0172;0.016;0.0031;0.0109;0.0018;0.4046;0;0;0;0;0;0;0;0;0;0;0;0;0;0;0;0.0088;0.0007;0.4126;0.4126;0;34.259;34.259;7.8389;0.0495;405.29;1018.1;1;0.008;0.008;0;0;0;0;0;0;0.4046;0;0;16.191;18.749;0;0;98.058;98.058;4.0414;3.4796;0;0.5618;3.4796;0.139;0.861;0;61.405;0;0
06/03/21 18:00;2.6284;94.839;83.615;2.6378;3.7706;90;3.7706;0;0;0;22.33;1.4201;0;0;0;0;0;0;0;0;0;0;0;0;0;1;1;1;1;0;0;0;0;0;0;0;0;0;0;0;0;0;0;0;0;0;0;0;0;0;0;0;0;0;0;0;0;0;0;0;0;0;0;0;1;1;1;1;1;1;1;1;1;1;1;1;1;1;1;1;1;1;1;0;0;0;0;0;0;0;0;-0.0004;0.0004;0.088;-0.0884;0;0;0;0;0;0;0;0;0;0;0;0;0;0;0;0;0;0;0;-22.33;0;0;0;0;0.0004;0;0;0;0;0;0;0;-0.0004;-0.0884;0;0;0;0;0;0;0;0;0;-0.7452;0;0.7452;1;1;0;0;0;0
06/03/21 19:00;0;0;90;0;0;90;0;0;0;0;18.79;1.65;0;0;0;0;0;0;0;0;0;0;0;0;0;1;1;1;1;0;0;0;0;0;0;0;0;0;0;0;0;0;0;0;0;0;0;0;0;0;0;0;0;0;0;0;0;0;0;0;0;0;0;0;1;1;1;1;1;1;1;1;1;1;1;1;1;1;1;1;1;1;1;0;0;0;0;0;0;0;0;-0.0004;0.0004;0.088;-0.0884;0;0;0;0;0;0;0;0;0;0;0;0;0;0;0;0;0;0;0;-18.79;0;0;0;0;0.0004;0;0;0;0;0;0;0;-0.0004;-0.0884;0;0;0;0;0;0;0;0;0;-0.7452;0;0.7452;1;1;0;0;0;0
06/03/21 20:00;0;0;90;0;0;90;0;0;0;0;18.2;1.9801;0;0;0;0;0;0;0;0;0;0;0;0;0;1;1;1;1;0;0;0;0;0;0;0;0;0;0;0;0;0;0;0;0;0;0;0;0;0;0;0;0;0;0;0;0;0;0;0;0;0;0;0;1;1;1;1;1;1;1;1;1;1;1;1;1;1;1;1;1;1;1;0;0;0;0;0;0;0;0;-0.0004;0.0004;0.088;-0.0884;0;0;0;0;0;0;0;0;0;0;0;0;0;0;0;0;0;0;0;-18.2;0;0;0;0;0.0004;0;0;0;0;0;0;0;-0.0004;-0.0884;0;0;0;0;0;0;0;0;0;-0.7452;0;0.7452;1;1;0;0;0;0
06/03/21 21:00;0;0;90;0;0;90;0;0;0;0;14.99;2.5401;0;0;0;0;0;0;0;0;0;0;0;0;0;1;1;1;1;0;0;0;0;0;0;0;0;0;0;0;0;0;0;0;0;0;0;0;0;0;0;0;0;0;0;0;0;0;0;0;0;0;0;0;1;1;1;1;1;1;1;1;1;1;1;1;1;1;1;1;1;1;1;0;0;0;0;0;0;0;0;-0.0004;0.0004;0.088;-0.0884;0;0;0;0;0;0;0;0;0;0;0;0;0;0;0;0;0;0;0;-14.99;0;0;0;0;0.0004;0;0;0;0;0;0;0;-0.0004;-0.0884;0;0;0;0;0;0;0;0;0;-0.7452;0;0.7452;1;1;0;0;0;0
06/03/21 22:00;0;0;90;0;0;90;0;0;0;0;13.34;3.2501;0;0;0;0;0;0;0;0;0;0;0;0;0;1;1;1;1;0;0;0;0;0;0;0;0;0;0;0;0;0;0;0;0;0;0;0;0;0;0;0;0;0;0;0;0;0;0;0;0;0;0;0;1;1;1;1;1;1;1;1;1;1;1;1;1;1;1;1;1;1;1;0;0;0;0;0;0;0;0;-0.0004;0.0004;0.088;-0.0884;0;0;0;0;0;0;0;0;0;0;0;0;0;0;0;0;0;0;0;-13.34;0;0;0;0;0.0004;0;0;0;0;0;0;0;-0.0004;-0.0884;0;0;0;0;0;0;0;0;0;-0.7452;0;0.7452;1;1;0;0;0;0
06/03/21 23:00;0;0;90;0;0;90;0;0;0;0;17.3;4.36;0;0;0;0;0;0;0;0;0;0;0;0;0;1;1;1;1;0;0;0;0;0;0;0;0;0;0;0;0;0;0;0;0;0;0;0;0;0;0;0;0;0;0;0;0;0;0;0;0;0;0;0;1;1;1;1;1;1;1;1;1;1;1;1;1;1;1;1;1;1;1;0;0;0;0;0;0;0;0;-0.0004;0.0004;0.088;-0.0884;0;0;0;0;0;0;0;0;0;0;0;0;0;0;0;0;0;0;0;-17.3;0;0;0;0;0.0004;0;0;0;0;0;0;0;-0.0004;-0.0884;0;0;0;0;0;0;0;0;0;-0.7452;0;0.7452;1;1;0;0;0;0
07/03/21 00:00;0;0;90;0;0;90;0;0;0;0;16.27;5.76;0;0;0;0;0;0;0;0;0;0;0;0;0;1;1;1;1;0;0;0;0;0;0;0;0;0;0;0;0;0;0;0;0;0;0;0;0;0;0;0;0;0;0;0;0;0;0;0;0;0;0;0;1;1;1;1;1;1;1;1;1;1;1;1;1;1;1;1;1;1;1;0;0;0;0;0;0;0;0;-0.0004;0.0004;0.088;-0.0884;0;0;0;0;0;0;0;0;0;0;0;0;0;0;0;0;0;0;0;-16.27;0;0;0;0;0.0004;0;0;0;0;0;0;0;-0.0004;-0.0884;0;0;0;0;0;0;0;0;0;-0.7452;0;0.7452;1;1;0;0;0;0
07/03/21 01:00;0;0;90;0;0;90;0;0;0;0;15.6;6.19;0;0;0;0;0;0;0;0;0;0;0;0;0;1;1;1;1;0;0;0;0;0;0;0;0;0;0;0;0;0;0;0;0;0;0;0;0;0;0;0;0;0;0;0;0;0;0;0;0;0;0;0;1;1;1;1;1;1;1;1;1;1;1;1;1;1;1;1;1;1;1;0;0;0;0;0;0;0;0;-0.0004;0.0004;0.088;-0.0884;0;0;0;0;0;0;0;0;0;0;0;0;0;0;0;0;0;0;0;-15.6;0;0;0;0;0.0004;0;0;0;0;0;0;0;-0.0004;-0.0884;0;0;0;0;0;0;0;0;0;-0.7452;0;0.7452;1;1;0;0;0;0
07/03/21 02:00;0;0;90;0;0;90;0;0;0;0;13.99;6.1399;0;0;0;0;0;0;0;0;0;0;0;0;0;1;1;1;1;0;0;0;0;0;0;0;0;0;0;0;0;0;0;0;0;0;0;0;0;0;0;0;0;0;0;0;0;0;0;0;0;0;0;0;1;1;1;1;1;1;1;1;1;1;1;1;1;1;1;1;1;1;1;0;0;0;0;0;0;0;0;-0.0004;0.0004;0.088;-0.0884;0;0;0;0;0;0;0;0;0;0;0;0;0;0;0;0;0;0;0;-13.99;0;0;0;0;0.0004;0;0;0;0;0;0;0;-0.0004;-0.0884;0;0;0;0;0;0;0;0;0;-0.7452;0;0.7452;1;1;0;0;0;0
07/03/21 03:00;0;0;90;0;0;90;0;0;0;0;12.84;5.79;0;0;0;0;0;0;0;0;0;0;0;0;0;1;1;1;1;0;0;0;0;0;0;0;0;0;0;0;0;0;0;0;0;0;0;0;0;0;0;0;0;0;0;0;0;0;0;0;0;0;0;0;1;1;1;1;1;1;1;1;1;1;1;1;1;1;1;1;1;1;1;0;0;0;0;0;0;0;0;-0.0004;0.0004;0.088;-0.0884;0;0;0;0;0;0;0;0;0;0;0;0;0;0;0;0;0;0;0;-12.84;0;0;0;0;0.0004;0;0;0;0;0;0;0;-0.0004;-0.0884;0;0;0;0;0;0;0;0;0;-0.7452;0;0.7452;1;1;0;0;0;0
07/03/21 04:00;0;0;90;0;0;90;0;0;0;0;12.4;5.3;0;0;0;0;0;0;0;0;0;0;0;0;0;1;1;1;1;0;0;0;0;0;0;0;0;0;0;0;0;0;0;0;0;0;0;0;0;0;0;0;0;0;0;0;0;0;0;0;0;0;0;0;1;1;1;1;1;1;1;1;1;1;1;1;1;1;1;1;1;1;1;0;0;0;0;0;0;0;0;-0.0004;0.0004;0.088;-0.0884;0;0;0;0;0;0;0;0;0;0;0;0;0;0;0;0;0;0;0;-12.4;0;0;0;0;0.0004;0;0;0;0;0;0;0;-0.0004;-0.0884;0;0;0;0;0;0;0;0;0;-0.7452;0;0.7452;1;1;0;0;0;0
07/03/21 05:00;0.6324;-95.768;88.466;0.6356;0.9061;-90;-0.9061;0;0;0;12.62;5.3499;0;0;0;0;0;0;0;0;0;0;0;0;0;1;1;1;1;0;0;0;0;0;0;0;0;0;0;0;0;0;0;0;0;0;0;0;0;0;0;0;0;0;0;0;0;0;0;0;0;0;0;0;1;1;1;1;1;1;1;1;1;1;1;1;1;1;1;1;1;1;1;0;0;0;0;0;0;0;0;-0.0004;0.0004;0.088;-0.0884;0;0;0;0;0;0;0;0;0;0;0;0;0;0;0;0;0;0;0;-12.62;0;0;0;0;0.0004;0;0;0;0;0;0;0;-0.0004;-0.0884;0;0;0;0;0;0;0;0;0;-0.7452;0;0.7452;1;1;0;0;0;0
07/03/21 06:00;7.1614;-91.187;72.401;7.1629;10.44;-90;-10.44;74.7;37.497;37.203;13.89;5.52;0;90.229;29.18;19.581;0;0.1175;139.11;0;139.11;90.229;19.581;29.18;0.1175;0.6486;0.2106;0;0.0008;138.78;0.3235;0;0;0.2259;0.0975;121.41;16.403;12.515;2.7159;1.1675;0.0044;137.81;0.9715;0.6316;0.1371;0.2027;0.0001;121.42;77.082;16.728;27.584;0.0154;17.732;14.292;5.2943;0.01;0.2015;2.8984;0.0084;3.0899;0;1;0;0;1.8622;0.9977;1;1;0.9923;0.1697;0.881;0.8603;1;0.9594;0.7755;0.993;0.993;1;0.993;0.993;0.8728;0.9453;0.1307;0.3959;0.3532;0.0021;0.017;-0.0066;0.0024;0.0085;0.0005;0.3145;0;0;0;0;0;0;0;0;0;0;0;0;0;0;0;0.0068;0.0005;0.322;0.322;0;19.84;19.84;5.9494;0.049;301.71;1067.4;1;0.0075;0.0075;0;0;0;0;0;0;0.3145;0;0;15.298;17.715;0;0;97.658;97.658;3.3386;2.7158;0;0.6227;2.7158;0.1865;0.8135;0;17.511;0;0
07/03/21 07:00;19.398;-82.358;36.34;19.559;34.725;-90;-34.725;295.7;58.098;237.6;17.84;5.46;0;576.24;25.608;72.725;0;5.0033;679.58;0;679.58;576.24;72.725;25.608;5.0033;0.8479;0.045;0;0.0074;673.69;5.8913;0;0;1.4275;4.4638;665.06;3.9085;2.7147;0.3426;0.7759;0.0752;668.97;4.7158;4.0337;0.5091;0.1693;0.0038;665.22;569.49;71.873;23.236;0.4605;18.783;15.139;6.1889;0.6434;0.2168;3.1188;0.1626;2.6922;0;1;0;0;2.2982;0.9913;1;1;0.9443;0.1078;0.9942;0.9953;1;0.9677;0.8596;0.993;0.993;1;0.993;0.993;0.9786;0.9073;0.092;1.934;1.9095;0.0115;0.0005;0.1744;0.0121;0.0428;0.0005;1.5991;0;0;0;0;0;0;0;0;0;0;0;0;0;0;0;0.0345;0.0088;1.6245;1.6245;0;50.895;50.895;33.055;0.0497;1646.7;986.51;1;0.0254;0.0254;0;0;0;0;0;0;1.5991;0;0;15.796;18.291;0;0;98.437;98.437;16.31;13.7;0;2.6103;13.7;0.16;0.84;0;17.472;0;0
07/03/21 08:00;31.362;-72.42;14.946;32.592;57.408;-90;-57.408;527;86.901;440.1;20.89;4.91;0;817.03;26.066;98.43;0;23.097;964.63;0;964.63;817.03;98.43;26.066;23.097;0.847;0.051;0;0.0239;940.04;24.585;0;0;3.063;21.522;932.12;1.3417;0.4189;0.0505;0.7919;0.0804;933.46;6.5803;5.7192;0.689;0.161;0.011;936.32;810.9;97.69;22.05;1.4833;139.53;112.46;43.207;3.7287;1.7222;24.773;4.2065;22.767;0;1;0;0;1.8304;0.9745;1;1;0.8825;0.0682;0.9986;0.9995;1;0.9653;0.9486;0.993;0.993;1;0.993;0.993;0.9663;0.8459;0.0642;2.7452;2.7285;0.0164;-0.0011;0.4133;0.0161;0.0571;0.004;2.1251;0;0;0;0;0;0;0;0;0;0;0;0;0;0;0;0.046;0.0172;2.1596;2.1596;0;67.847;67.847;46.957;0.0504;2352.1;918.15;1;0.0345;0.0345;0;0;0;0;0;0;2.1251;0;0;14.794;17.131;0;0;98.404;98.404;23.151;18.212;0;4.939;18.212;0.2133;0.7867;0;22.027;0;0
07/03/21 09:00;42.59;-60.019;21.586;46.701;43.299;-90;-43.299;704.59;116.4;588.19;23.08;4.3001;0;808.19;37.501;100.29;0;18.221;964.21;0;964.21;808.19;100.29;37.501;18.221;0.8382;0.0578;0;0.0189;944.52;19.685;0;0;2.9253;16.759;936.02;1.8895;0.5984;0.0743;1.1163;0.1006;937.91;6.6117;5.6573;0.7021;0.242;0.0102;940.9;801.93;99.519;33.217;1.3507;315.91;254.63;98.763;2.01;3.4201;49.198;4.8764;50.608;0;1;0;0;1.3685;0.9796;1;1;0.922;0.0802;0.998;0.9993;1;0.9675;0.9307;0.993;0.993;1;0.993;0.993;0.9708;0.8858;0.0741;2.7441;2.7905;0.0168;-0.0006;0.4476;0.0163;0.0578;0.0078;2.1457;0;0;0;0;0;0;0;0;0;0;0;0;0;0;0;0.0465;0.0179;2.1804;2.1804;0;70.33;70.33;47.25;0.0505;2405;906.61;1;0.0347;0.0347;0;0;0;0;0;0;2.1457;0;0;14.943;17.304;0;0;98.407;98.407;23.141;18.388;0;4.7531;18.388;0.2054;0.7946;0;27.485;0;0
07/03/21 10:00;52.224;-43.02;26.607;62.132;27.868;-90;-27.868;858.99;141.7;717.3;25.22;3.78;0;811.4;46.085;104.95;0;9.4639;971.89;0;971.89;811.4;104.95;46.085;9.4639;0.8349;0.0572;0;0.0097;961.91;9.9845;0;0;1.8122;8.1723;952.65;2.5212;0.7405;0.0958;1.4443;0.2407;955.18;6.7334;5.6798;0.7346;0.3099;0.009;955.26;804.98;104.12;42.519;1.042;464.04;374.02;145.03;0.5424;4.8699;70.052;2.6101;74.379;0;1;0;0;1.1314;0.9897;1;1;0.9607;0.1365;0.9974;0.9991;1;0.9671;0.8124;0.993;0.993;1;0.993;0.993;0.9802;0.9226;0.1101;2.7659;2.8734;0.0173;0.0001;0.4931;0.0165;0.0587;0.0109;2.1754;0;0;0;0;0;0;0;0;0;0;0;0;0;0;0;0.0473;0.019;2.2106;2.2106;0;73.433;73.433;48.213;0.0506;2476;892.8;1;0.0351;0.0351;0;0;0;0;0;0;2.1754;0;0;15.03;17.404;0;0;98.411;98.411;23.325;18.642;0;4.6835;18.642;0.2008;0.7992;0;29.945;0;0
07/03/21 11:00;58.614;-19.015;29.497;78.758;11.242;-90;-11.242;937.41;154.9;782.51;26.4;3.3499;0;797.82;51.954;104.44;0;1.7087;955.92;0;955.92;797.82;104.44;51.954;1.7087;0.8346;0.0561;0;0.0018;954.05;1.8739;0;0;0.4554;1.4185;944.34;3.0286;0.8072;0.1057;2.051;0.0647;947.37;6.6784;5.5847;0.7311;0.3605;0.002;944.7;791.43;103.61;49.088;0.2235;545.99;440.07;168.62;0.0239;5.8213;83.737;0.3567;89.535;0;1;0;0;1.0198;0.998;1;1;0.9912;0.1698;0.9968;0.999;1;0.9599;0.7755;0.993;0.993;1;0.993;0.993;0.9879;0.9448;0.1308;2.7205;2.8706;0.0173;0.0001;0.5009;0.0165;0.0584;0.013;2.1637;0;0;0;0;0;0;0;0;0;0;0;0;0;0;0;0.047;0.0189;2.1985;2.1985;0;74.223;74.223;47.823;0.0506;2472.5;889.16;1;0.0348;0.0348;0;0;0;0;0;0;2.1637;0;0;15.197;17.598;0;0;98.418;98.418;22.942;18.54;0;4.4021;18.54;0.1919;0.8081;0;31.244;0;0
07/03/21 12:00;59.569;10.251;29.895;84.032;5.9677;90;5.9677;800.2;240.9;559.3;27.7;3.1099;0;562.34;127.81;113.35;0;0.412;803.92;0;803.92;562.34;113.35;127.81;0.412;0.6995;0.1595;0;0.0005;803.18;0.7407;0;0;0.3975;0.3432;791.39;6.1679;0.5766;0.1162;5.4598;0.0153;797.56;5.6223;3.9364;0.7935;0.8919;0.0005;791.44;557.83;112.44;121.06;0.053;470.8;379.47;147.6;0.0038;4.8755;70.132;0.0498;75.004;0;1;0;0;1.0047;0.9991;1;1;0.9969;0.1669;0.9923;0.999;1;0.9568;0.7761;0.993;0.993;1;0.993;0.993;0.9844;0.9472;0.1286;2.2879;2.4048;0.0145;-0.002;0.363;0.0142;0.0504;0.0112;1.8702;0;0;0;0;0;0;0;0;0;0;0;0;0;0;0;0.0406;0.0135;1.8995;1.8995;0;67.564;67.564;39.863;0.0504;2071.2;917.07;1;0.0293;0.0293;0;0;0;0;0;0;1.8702;0;0;15.613;18.079;0;0;98.459;98.459;19.294;16.018;0;3.2757;16.018;0.1698;0.8302;0;76.007;0;0
07/03/21 13:00;54.639;36.447;27.745;67.141;22.859;90;22.859;858.8;160.1;698.7;29.4;2.9301;0;758.25;58.735;107.4;0;6.4077;930.79;0;930.79;758.25;107.4;58.735;6.4077;0.8146;0.07;0;0.0069;923.68;7.1179;0;0;1.6864;5.4314;914.27;2.9428;0.7216;0.1022;1.9132;0.2059;917.21;6.4657;5.3078;0.7518;0.3993;0.0068;915.89;752.22;106.54;54.736;0.7635;479.52;386.49;152.25;0.3429;4.8631;69.954;1.6188;74.474;0;1;0;0;1.0838;0.9924;1;1;0.9713;0.1524;0.9968;0.999;1;0.9662;0.7876;0.993;0.993;1;0.993;0.993;0.9822;0.9319;0.1192;2.649;2.7605;0.0166;-0.0009;0.4977;0.0157;0.0558;0.0108;0;0;0.088;1.9818;0;0;0;0;0;0;0;0;0;0;0;0;0.0449;0.0176;2.1022;2.1022;0;75.759;75.759;46.359;0.0507;2379;883.67;1;0.0324;0.0324;0;0;0;0;0;0;2.0698;1.9818;0;14.924;17.282;14.069;16.292;98.459;98.459;22.339;17.728;16.713;4.6108;1.0154;0.2064;0.0455;0.7481;37.036;0.7083;0
07/03/21 14:00;45.782;55.401;23.328;51.306;38.694;90;38.694;390.5;339.1;51.393;29.6;2.7001;0;65.847;286.27;22.478;0;8.1429;382.74;0;382.74;65.847;22.478;286.27;8.1429;0.172;0.7692;0;0.0213;356.36;26.38;0;0;18.95;7.4301;345.13;8.7279;0.0527;0.018;8.582;0.0752;353.86;2.4945;0.4609;0.1573;1.8712;0.005;347.95;65.333;22.303;256.86;0.6327;234.37;188.9;75.706;10.407;2.9585;42.556;2.8143;35.108;0;1;0;0;0.9801;0.9311;1;1;0.9338;0.0875;0.9753;0.9992;1;0.9677;0.8938;0.993;0.993;1;0.993;0.993;0.9018;0.8973;0.0777;1.0892;1.0807;0.0065;0.0111;0.0842;0.0069;0.0243;0.0073;0;0;0.088;0.8157;0;0;0;0;0;0;0;0;0;0;0;0;0.0196;0.0031;0.9178;0.9178;0;46.751;46.751;17.151;0.0497;928.48;988.51;1;0.0141;0.0141;0;0;0;0;0;0;0.9037;0.8157;0;15.846;18.349;14.083;16.307;98.459;98.459;9.1857;7.74;6.8787;1.4456;0.8614;0.1574;0.0938;0.7488;201.67;0.6913;0
07/03/21 15:00;34.924;68.946;17.13;36.803;53.197;90;53.197;261.61;246;15.605;29.71;1.94;0;26.048;192.82;8.0756;0;9.9641;236.91;0;236.91;26.048;8.0756;192.82;9.9641;0.11;0.856;0;0.0421;207.22;29.687;0;0;20.358;9.3283;199.95;5.8228;0.0153;0.0047;5.7761;0.0266;205.77;1.4505;0.1823;0.0565;1.2072;0.0045;203.94;25.851;8.0143;165.48;0.6048;162.01;130.58;55.606;21.055;2.7333;39.318;3.9949;20.996;0;1;0;0;0.9056;0.8747;1;1;0.8944;0.0638;0.9717;0.9994;1;0.9663;0.9578;0.993;0.993;1;0.993;0.993;0.844;0.8582;0.0607;0.6742;0.6622;0.004;0.0162;0.0351;0.0042;0.0151;0.0068;0;0;0.088;0.4699;0;0;0;0;0;0;0;0;0;0;0;0;0.0121;0.0013;0.5674;0.5674;0;39.628;39.628;9.9179;0.0496;566.25;1002;1;0.0095;0.0095;0;0;0;0;0;0;0.5579;0.4699;0;15.826;18.326;13.106;15.176;98.323;98.323;5.6858;4.7849;3.9625;0.9009;0.8224;0.1584;0.1446;0.6969;155.57;0.6199;0
07/03/21 16:00;23.126;79.469;17.722;23.48;51.602;90;51.602;172.71;165.2;7.5042;29.17;1.1801;0;18.2;132.06;5.5231;0;6.2162;162;0;162;18.2;5.5231;132.06;6.2162;0.1123;0.8536;0;0.0384;142.84;19.155;0;0;13.341;5.8141;137.87;3.9732;0.0111;0.0034;3.942;0.0167;141.84;0.9999;0.1274;0.0387;0.831;0.0028;140.29;18.061;5.4811;113.95;0.3825;104.84;84.501;35.913;12.964;1.7304;24.89;2.4218;13.657;0;1;0;0;0.938;0.8818;1;1;0.899;0.0647;0.972;0.9994;1;0.9666;0.9581;0.993;0.993;1;0.993;0.993;0.8511;0.8628;0.0615;0.461;0.4512;0.0027;0.0173;0.0181;0.0029;0.0103;0.0043;0;0;0.088;0.2911;0;0;0;0;0;0;0;0;0;0;0;0;0.0083;0.0007;0.3867;0.3867;0;36.011;36.011;6.8407;0.0496;384.77;1005;1;0.0076;0.0076;0;0;0;0;0;0;0.3791;0.2911;0;15.774;18.266;11.874;13.75;98.033;98.033;3.888;3.2612;2.4549;0.6268;0.8063;0.1612;0.2074;0.6314;104.79;0.5663;0
07/03/21 17:00;10.937;88.528;62.604;10.94;16.465;90;16.465;72.102;70.597;1.5053;28.29;0.77;0;3.6508;68.754;0.9801;0;0.2809;73.665;0;73.665;3.6508;0.9801;68.754;0.2809;0.0496;0.9371;0;0.0038;72.281;1.3841;0;0;1.1498;0.2343;69.077;2.6987;0.1752;0.047;2.4661;0.0104;71.775;0.506;0.0256;0.0069;0.4732;0.0003;69.141;3.45;0.9262;64.664;0.0359;42.08;33.916;12.593;0.1239;0.4828;6.9443;0.0647;7.3032;0;1;0;0;1.0217;0.9812;1;1;0.9833;0.1659;0.9624;0.9517;1;0.9633;0.7758;0.993;0.993;1;0.993;0.993;0.9377;0.9405;0.1278;0.2096;0.2117;0.0013;0.015;0.0053;0.0013;0.0047;0.0012;0;0;0.088;0.0853;0;0;0;0;0;0;0;0;0;0;0;0;0.0038;0.0002;0.1789;0.1789;0;31.729;31.729;3.4395;0.0498;179.88;994.48;1;0.0056;0.0056;0;0;0;0;0;0;0.1733;0.0853;0;16.047;18.582;7.6477;8.8559;96.851;96.851;1.768;1.5086;0.719;0.2594;0.7896;0.1467;0.4466;0.4067;42.07;0.3799;0
07/03/21 18:00;2.3563;94.554;84.277;2.3638;3.377;90;3.377;0;0;0;25.08;0.5401;0;0;0;0;0;0;0;0;0;0;0;0;0;1;1;1;1;0;0;0;0;0;0;0;0;0;0;0;0;0;0;0;0;0;0;0;0;0;0;0;0;0;0;0;0;0;0;0;0;0;0;0;1;1;1;1;1;1;1;1;1;1;1;1;1;1;1;1;1;1;1;0;0;0;0;0;0;0;0;0;0.0004;0.088;-0.0884;0;0;0;0;0;0;0;0;0;0;0;0;0;0;0;0;0;0;0;-25.08;0;0;0;0;0.0004;0;0;0;0;0;0;0;-0.0004;-0.0884;0;0;0;0;0;0;0;0;0;-0.7452;0;0.7452;1;1;0;0;0;0
07/03/21 19:00;0;0;90;0;0;90;0;0;0;0;22.2;0.74;0;0;0;0;0;0;0;0;0;0;0;0;0;1;1;1;1;0;0;0;0;0;0;0;0;0;0;0;0;0;0;0;0;0;0;0;0;0;0;0;0;0;0;0;0;0;0;0;0;0;0;0;1;1;1;1;1;1;1;1;1;1;1;1;1;1;1;1;1;1;1;0;0;0;0;0;0;0;0;0;0.0004;0.088;-0.0884;0;0;0;0;0;0;0;0;0;0;0;0;0;0;0;0;0;0;0;-22.2;0;0;0;0;0.0004;0;0;0;0;0;0;0;-0.0004;-0.0884;0;0;0;0;0;0;0;0;0;-0.7452;0;0.7452;1;1;0;0;0;0
07/03/21 20:00;0;0;90;0;0;90;0;0;0;0;20.79;0.98;0;0;0;0;0;0;0;0;0;0;0;0;0;1;1;1;1;0;0;0;0;0;0;0;0;0;0;0;0;0;0;0;0;0;0;0;0;0;0;0;0;0;0;0;0;0;0;0;0;0;0;0;1;1;1;1;1;1;1;1;1;1;1;1;1;1;1;1;1;1;1;0;0;0;0;0;0;0;0;0;0.0004;0.088;-0.0884;0;0;0;0;0;0;0;0;0;0;0;0;0;0;0;0;0;0;0;-20.79;0;0;0;0;0.0004;0;0;0;0;0;0;0;-0.0004;-0.0884;0;0;0;0;0;0;0;0;0;-0.7452;0;0.7452;1;1;0;0;0;0
07/03/21 21:00;0;0;90;0;0;90;0;0;0;0;18.99;1.16;0;0;0;0;0;0;0;0;0;0;0;0;0;1;1;1;1;0;0;0;0;0;0;0;0;0;0;0;0;0;0;0;0;0;0;0;0;0;0;0;0;0;0;0;0;0;0;0;0;0;0;0;1;1;1;1;1;1;1;1;1;1;1;1;1;1;1;1;1;1;1;0;0;0;0;0;0;0;0;0;0.0004;0.088;-0.0884;0;0;0;0;0;0;0;0;0;0;0;0;0;0;0;0;0;0;0;-18.99;0;0;0;0;0.0004;0;0;0;0;0;0;0;-0.0004;-0.0884;0;0;0;0;0;0;0;0;0;-0.7452;0;0.7452;1;1;0;0;0;0
07/03/21 22:00;0;0;90;0;0;90;0;0;0;0;17.73;1.22;0;0;0;0;0;0;0;0;0;0;0;0;0;1;1;1;1;0;0;0;0;0;0;0;0;0;0;0;0;0;0;0;0;0;0;0;0;0;0;0;0;0;0;0;0;0;0;0;0;0;0;0;1;1;1;1;1;1;1;1;1;1;1;1;1;1;1;1;1;1;1;0;0;0;0;0;0;0;0;0;0.0004;0.088;-0.0884;0;0;0;0;0;0;0;0;0;0;0;0;0;0;0;0;0;0;0;-17.73;0;0;0;0;0.0004;0;0;0;0;0;0;0;-0.0004;-0.0884;0;0;0;0;0;0;0;0;0;-0.7452;0;0.7452;1;1;0;0;0;0
07/03/21 23:00;0;0;90;0;0;90;0;0;0;0;17.1;1.3599;0;0;0;0;0;0;0;0;0;0;0;0;0;1;1;1;1;0;0;0;0;0;0;0;0;0;0;0;0;0;0;0;0;0;0;0;0;0;0;0;0;0;0;0;0;0;0;0;0;0;0;0;1;1;1;1;1;1;1;1;1;1;1;1;1;1;1;1;1;1;1;0;0;0;0;0;0;0;0;0;0.0004;0.088;-0.0884;0;0;0;0;0;0;0;0;0;0;0;0;0;0;0;0;0;0;0;-17.1;0;0;0;0;0.0004;0;0;0;0;0;0;0;-0.0004;-0.0884;0;0;0;0;0;0;0;0;0;-0.7452;0;0.7452;1;1;0;0;0;0
08/03/21 00:00;0;0;90;0;0;90;0;0;0;0;17.18;1.47;0;0;0;0;0;0;0;0;0;0;0;0;0;1;1;1;1;0;0;0;0;0;0;0;0;0;0;0;0;0;0;0;0;0;0;0;0;0;0;0;0;0;0;0;0;0;0;0;0;0;0;0;1;1;1;1;1;1;1;1;1;1;1;1;1;1;1;1;1;1;1;0;0;0;0;0;0;0;0;0;0.0004;0.088;-0.0884;0;0;0;0;0;0;0;0;0;0;0;0;0;0;0;0;0;0;0;-17.18;0;0;0;0;0.0004;0;0;0;0;0;0;0;-0.0004;-0.0884;0;0;0;0;0;0;0;0;0;-0.7452;0;0.7452;1;1;0;0;0;0
08/03/21 01:00;0;0;90;0;0;90;0;0;0;0;14.9;1.46;0;0;0;0;0;0;0;0;0;0;0;0;0;1;1;1;1;0;0;0;0;0;0;0;0;0;0;0;0;0;0;0;0;0;0;0;0;0;0;0;0;0;0;0;0;0;0;0;0;0;0;0;1;1;1;1;1;1;1;1;1;1;1;1;1;1;1;1;1;1;1;0;0;0;0;0;0;0;0;0;0.0004;0.088;-0.0884;0;0;0;0;0;0;0;0;0;0;0;0;0;0;0;0;0;0;0;-14.9;0;0;0;0;0.0004;0;0;0;0;0;0;0;-0.0004;-0.0884;0;0;0;0;0;0;0;0;0;-0.7452;0;0.7452;1;1;0;0;0;0
08/03/21 02:00;0;0;90;0;0;90;0;0;0;0;15.73;1.4301;0;0;0;0;0;0;0;0;0;0;0;0;0;1;1;1;1;0;0;0;0;0;0;0;0;0;0;0;0;0;0;0;0;0;0;0;0;0;0;0;0;0;0;0;0;0;0;0;0;0;0;0;1;1;1;1;1;1;1;1;1;1;1;1;1;1;1;1;1;1;1;0;0;0;0;0;0;0;0;0;0.0004;0.088;-0.0884;0;0;0;0;0;0;0;0;0;0;0;0;0;0;0;0;0;0;0;-15.73;0;0;0;0;0.0004;0;0;0;0;0;0;0;-0.0004;-0.0884;0;0;0;0;0;0;0;0;0;-0.7452;0;0.7452;1;1;0;0;0;0
08/03/21 03:00;0;0;90;0;0;90;0;0;0;0;16.5;1.54;0;0;0;0;0;0;0;0;0;0;0;0;0;1;1;1;1;0;0;0;0;0;0;0;0;0;0;0;0;0;0;0;0;0;0;0;0;0;0;0;0;0;0;0;0;0;0;0;0;0;0;0;1;1;1;1;1;1;1;1;1;1;1;1;1;1;1;1;1;1;1;0;0;0;0;0;0;0;0;0;0.0004;0.088;-0.0884;0;0;0;0;0;0;0;0;0;0;0;0;0;0;0;0;0;0;0;-16.5;0;0;0;0;0.0004;0;0;0;0;0;0;0;-0.0004;-0.0884;0;0;0;0;0;0;0;0;0;-0.7452;0;0.7452;1;1;0;0;0;0
08/03/21 04:00;0;0;90;0;0;90;0;0;0;0;16.5;1.9901;0;0;0;0;0;0;0;0;0;0;0;0;0;1;1;1;1;0;0;0;0;0;0;0;0;0;0;0;0;0;0;0;0;0;0;0;0;0;0;0;0;0;0;0;0;0;0;0;0;0;0;0;1;1;1;1;1;1;1;1;1;1;1;1;1;1;1;1;1;1;1;0;0;0;0;0;0;0;0;0;0.0004;0.088;-0.0884;0;0;0;0;0;0;0;0;0;0;0;0;0;0;0;0;0;0;0;-16.5;0;0;0;0;0.0004;0;0;0;0;0;0;0;-0.0004;-0.0884;0;0;0;0;0;0;0;0;0;-0.7452;0;0.7452;1;1;0;0;0;0
08/03/21 05:00;0.4575;-95.414;88.89;0.4596;0.6551;-90;-0.6551;0;0;0;16.16;2.5301;0;0;0;0;0;0;0;0;0;0;0;0;0;1;1;1;1;0;0;0;0;0;0;0;0;0;0;0;0;0;0;0;0;0;0;0;0;0;0;0;0;0;0;0;0;0;0;0;0;0;0;0;1;1;1;1;1;1;1;1;1;1;1;1;1;1;1;1;1;1;1;0;0;0;0;0;0;0;0;0;0.0004;0.088;-0.0884;0;0;0;0;0;0;0;0;0;0;0;0;0;0;0;0;0;0;0;-16.16;0;0;0;0;0.0004;0;0;0;0;0;0;0;-0.0004;-0.0884;0;0;0;0;0;0;0;0;0;-0.7452;0;0.7452;1;1;0;0;0;0
08/03/21 06:00;6.9889;-90.829;72.836;6.9896;10.176;-90;-10.176;42.097;38.801;3.2962;17.4;3.3499;0;7.9942;37.743;1.8402;0;0.0629;47.64;0;47.64;7.9942;1.8402;37.743;0.0629;0.1678;0.7936;0;0.0013;47.308;0.3322;0;0;0.28;0.0522;44.028;2.9489;1.1623;0.2676;1.5166;0.0024;46.977;0.3312;0.056;0.0129;0.2622;0.0001;44.038;6.7759;1.5597;35.684;0.0082;22.654;18.259;6.7152;0.0117;0.2605;3.7474;0.0101;3.9962;0;1;0;0;1.1317;0.993;1;1;0.9926;0.1697;0.9372;0.8536;1;0.9592;0.7755;0.993;0.993;1;0.993;0.993;0.9242;0.9455;0.1306;0.1356;0.1335;0.0008;0.0126;-0.0027;0.0009;0.003;0.0007;0;0;0.088;0.0226;0;0;0;0;0;0;0;0;0;0;0;0;0.0025;0.0001;0.1156;0.1156;0;19.582;19.582;2.1815;0.0495;112.63;1026.5;1;0.005;0.005;0;0;0;0;0;0;0.1106;0.0226;0;16.036;18.569;3.1401;3.6362;95.701;95.701;1.1434;0.9749;0.1909;0.1684;0.784;0.1473;0.6857;0.167;22.634;0.1577;0
08/03/21 07:00;19.221;-81.985;37.019;19.397;34.257;-90;-34.257;139.91;126.2;13.706;19.02;2.6;0;33.241;111.79;9.1983;0;2.3057;156.54;0;156.54;33.241;9.1983;111.79;2.3057;0.2124;0.7289;0;0.0147;148.38;8.1526;0;0;6.1;2.0527;143.7;3.6456;0.1697;0.047;3.3927;0.0363;147.34;1.0387;0.2327;0.0644;0.7398;0.0018;144.39;32.839;9.0869;101.56;0.215;76.084;61.324;24.181;2.6757;0.9405;13.529;0.6879;11.794;0;1;0;0;1.1189;0.9479;1;1;0.9454;0.1098;0.9753;0.9949;1;0.9677;0.8557;0.993;0.993;1;0.993;0.993;0.918;0.9085;0.0933;0.4455;0.4402;0.0027;0.0173;0.0017;0.0029;0.0104;0.0024;0;0;0.088;0.2977;0;0;0;0;0;0;0;0;0;0;0;0;0.0084;0.0007;0.3938;0.3938;0;26.088;26.088;7.0675;0.0492;375.88;1047.6;1;0.0081;0.0081;0;0;0;0;0;0;0.3857;0.2977;0;16.622;19.248;12.565;14.55;97.942;97.942;3.7569;3.3206;2.5102;0.4362;0.8105;0.1161;0.2157;0.6682;75.998;0.6276;0
08/03/21 08:00;31.166;-72.018;15.317;32.451;57.549;-90;-57.549;253.09;219.7;33.39;21.04;1.8399;0;62.227;160.93;19.069;0;11.142;253.37;0;253.37;62.227;19.069;160.93;11.142;0.2456;0.6791;0;0.044;224.01;29.361;0;0;18.979;10.382;217.47;4.9743;0.0327;0.01;4.8923;0.0393;222.44;1.5681;0.4356;0.1335;0.9937;0.0053;221.77;61.758;18.926;136.07;0.7154;146.48;118.06;51.032;23.19;2.6921;38.725;4.3052;18.228;0;1;0;0;1.0011;0.8841;1;1;0.8821;0.0682;0.9776;0.9995;1;0.9653;0.948;0.993;0.993;1;0.993;0.993;0.8583;0.8455;0.0642;0.7211;0.7121;0.0043;0.0157;0.0172;0.0047;0.0168;0.007;0;0;0.088;0.5326;0;0;0;0;0;0;0;0;0;0;0;0;0.0135;0.0015;0.6314;0.6314;0;31.748;31.748;10.708;0.0492;607.81;1038.8;1;0.0108;0.0108;0;0;0;0;0;0;0.6206;0.5326;0;16.467;19.069;13.891;16.086;98.295;98.295;6.0809;5.3247;4.4918;0.7562;0.8329;0.1244;0.137;0.7387;136.22;0.6628;0
08/03/21 09:00;42.358;-59.585;21.968;46.595;43.405;-90;-43.405;403;304.3;98.699;24.3;3.39;0;135.85;234.91;44.29;0;10.47;425.52;0;425.52;135.85;44.29;234.91;10.47;0.3193;0.5767;0;0.0246;397.5;28.023;0;0;18.39;9.6325;387.53;7.1846;0.1024;0.0334;6.9916;0.0572;394.72;2.7825;0.951;0.31;1.5157;0.0059;391.11;134.8;43.947;208.01;0.7747;229.29;184.81;74.698;12.671;3.0152;43.373;3.576;33.717;0;1;0;0;1.0559;0.9341;1;1;0.9217;0.08;0.9818;0.9992;1;0.9675;0.9313;0.993;0.993;1;0.993;0.993;0.9107;0.8855;0.074;1.211;1.2059;0.0073;0.0093;0.0795;0.0078;0.0276;0.0076;0;0;0.088;0.9369;0;0;0;0;0;0;0;0;0;0;0;0;0.0222;0.0037;1.0411;1.0411;0;43.491;43.491;19.191;0.0495;1036;1004.8;1;0.0162;0.0162;0;0;0;0;0;0;1.0249;0.9369;0;16.167;18.721;14.549;16.847;98.447;98.447;10.213;8.7794;7.901;1.4332;0.8784;0.1403;0.086;0.7737;172.33;0.7188;0
08/03/21 10:00;51.934;-42.583;26.999;62.08;27.92;-90;-27.92;254.4;248.4;6.0023;26.31;4.3899;0;6.793;232.65;1.5471;0;2.8131;243.81;0;243.81;6.793;1.5471;232.65;2.8131;0.0279;0.9658;0;0.0115;232.2;11.606;0;0;9.176;2.4297;223.21;7.3677;0.0063;0.0014;7.2886;0.0713;230.58;1.6254;0.0476;0.0108;1.5643;0.0027;224.07;6.7391;1.5348;214.62;0.3093;155.17;125.07;48.107;2.7445;1.8203;26.184;0.8656;25.26;0;1;0;0;0.9584;0.9524;1;1;0.9606;0.1363;0.968;0.9991;1;0.9672;0.8126;0.993;0.993;1;0.993;0.993;0.9155;0.9225;0.11;0.6939;0.6935;0.0042;0.0159;0.0309;0.0045;0.016;0.0046;0;0;0.088;0.5051;0;0;0;0;0;0;0;0;0;0;0;0;0.0128;0.0014;0.6032;0.6032;0;37.35;37.35;11.04;0.0495;594.03;1015.5;1;0.0101;0.0101;0;0;0;0;0;0;0.5931;0.5051;0;16.349;18.932;13.689;15.852;98.32;98.32;5.8513;5.087;4.2594;0.7643;0.8276;0.1306;0.1414;0.7279;151.22;0.6738;0
08/03/21 11:00;58.254;-18.704;29.892;78.778;11.222;-90;-11.222;539.29;396.2;143.1;28.22;4.9499;0;145.88;344.74;49.063;0;0.9796;540.67;0;540.67;145.88;49.063;344.74;0.9796;0.2698;0.6394;0;0.0018;536.84;3.8261;0;0;3.0129;0.8132;519.24;13.851;0.1496;0.0503;13.614;0.0371;533.09;3.7579;1.0212;0.3434;2.3921;0.0012;519.43;144.71;48.669;325.73;0.1281;318.54;256.74;95.932;0.1551;3.5643;51.27;0.1932;54.68;0;1;0;0;1.0026;0.9929;1;1;0.9913;0.1698;0.974;0.999;1;0.9599;0.7755;0.993;0.993;1;0.993;0.993;0.9604;0.9448;0.1308;1.5387;1.5888;0.0096;0.004;0.1645;0.0099;0.035;0.0086;0;0;0.088;1.2151;0;0;0;0;0;0;0;0;0;0;0;0;0.0282;0.0062;1.3228;1.3228;0;54.121;54.121;25.901;0.0499;1365.4;968.83;1;0.0197;0.0197;0;0;0;0;0;0;1.3031;1.2151;0;16.167;18.722;14.851;17.197;98.511;98.511;12.976;11.156;10.247;1.8204;0.9082;0.1403;0.07;0.7897;207.31;0.7374;0
08/03/21 12:00;59.175;10.258;30.281;83.934;6.0657;90;6.0657;930;155;775.01;30.38;5.4101;0;779.37;53.869;101.54;0;0.4946;935.28;0;935.28;779.37;101.54;53.869;0.4946;0.8333;0.0581;0;0.0005;934.69;0.584;0;0;0.1719;0.4121;924.79;3.3666;0.9289;0.121;2.2983;0.0184;928.15;6.5429;5.4556;0.7108;0.3759;0.0006;924.85;772.99;100.71;51.023;0.0636;546.58;440.54;172.59;0.0018;5.5798;80.263;0.0627;85.841;0;1;0;0;1.0057;0.9994;1;1;0.9968;0.1669;0.9964;0.9988;1;0.9569;0.7761;0.993;0.993;1;0.993;0.993;0.9888;0.9472;0.1286;2.6617;2.8068;0.0169;-0.0005;0.522;0.0159;0.0563;0.0123;0;0;0.088;1.9997;0;0;0;0;0;0;0;0;0;0;0;0;0.0454;0.0181;2.1204;2.1204;0;77.333;77.333;46.953;0.0508;2418.3;876.8;1;0.0327;0.0327;0;0;0;0;0;0;2.0877;1.9997;0;14.981;17.348;14.128;16.36;98.459;98.459;22.447;17.881;16.864;4.5654;1.0177;0.2034;0.0453;0.7513;32.039;0.7059;0
08/03/21 13:00;54.268;36.213;28.111;66.974;23.026;90;23.026;578.5;375.1;203.4;30.01;5.9899;0;221.01;295.01;73.719;0;4.3787;594.12;0;594.12;221.01;73.719;295.01;4.3787;0.372;0.5039;0;0.0074;581.83;12.284;0;0;8.5701;3.7143;567.74;10.019;0.2131;0.0711;9.5949;0.1397;577.76;4.0728;1.5471;0.516;2.0051;0.0047;568.91;219.25;73.132;274.84;0.5201;336.51;271.23;104.6;1.7606;3.6573;52.609;1.1682;54.506;0;1;0;0;1.027;0.9793;1;1;0.9709;0.1517;0.9827;0.999;1;0.9663;0.7882;0.993;0.993;1;0.993;0.993;0.9556;0.9316;0.1188;1.6908;1.7331;0.0104;0.0023;0.206;0.0106;0.0376;0.0087;0;0;0.088;1.3109;0;0;0;0;0;0;0;0;0;0;0;0;0.0303;0.0073;1.4198;1.4198;0;58.421;58.421;28.41;0.05;1492.1;951.55;1;0.0209;0.0209;0;0;0;0;0;0;1.3989;1.3109;0;15.792;18.287;14.581;16.884;98.528;98.528;14.259;11.974;11.055;2.2851;0.9184;0.1603;0.0644;0.7753;186.19;0.7271;0
08/03/21 14:00;45.453;55.089;23.67;51.09;38.91;90;38.91;393.9;339.2;54.693;29.26;6.72;0;70.287;284.87;24.149;0;8.3023;387.61;0;387.61;70.287;24.149;284.87;8.3023;0.1813;0.7564;0;0.0214;361;26.603;0;0;19.021;7.5823;349.79;8.6879;0.0571;0.0196;8.5369;0.0743;358.48;2.527;0.492;0.169;1.8609;0.005;352.66;69.738;23.96;255.45;0.6406;235.79;190.04;76.207;10.556;2.9791;42.854;2.8692;35.277;0;1;0;0;0.984;0.9314;1;1;0.9332;0.0867;0.9758;0.9992;1;0.9677;0.896;0.993;0.993;1;0.993;0.993;0.9024;0.8967;0.0772;1.1031;1.0948;0.0066;0.0109;0.0849;0.0069;0.0246;0.0074;0;0;0.088;0.8282;0;0;0;0;0;0;0;0;0;0;0;0;0.0198;0.0031;0.9306;0.9306;0;46.639;46.639;17.379;0.0497;940.59;989.33;1;0.0143;0.0143;0;0;0;0;0;0;0.9162;0.8282;0;15.864;18.37;14.12;16.35;98.459;98.459;9.3025;7.8475;6.9844;1.4551;0.863;0.1564;0.0928;0.7508;201.05;0.6934;0
08/03/21 15:00;34.626;68.631;17.448;36.557;53.443;90;53.443;408.61;278;130.61;29.27;7.06;0;219.28;184.99;77.44;0;15.697;497.4;0;497.4;219.28;77.44;184.99;15.697;0.4408;0.4035;0;0.0316;463.05;34.36;0;0;19.663;14.697;454.04;5.7647;0.1312;0.0463;5.545;0.0421;459.8;3.2413;1.5349;0.5421;1.1573;0.007;459.09;217.61;76.852;158.63;0.951;204.63;164.93;68.153;20.531;3.1936;45.939;5.048;28.601;0;1;0;0;1.2173;0.9309;1;1;0.8937;0.0637;0.9875;0.9994;1;0.9662;0.9576;0.993;0.993;1;0.993;0.993;0.9128;0.8575;0.0606;1.4156;1.4055;0.0085;0.0064;0.1347;0.0088;0.0312;0.0078;0;0;0.088;1.0724;0;0;0;0;0;0;0;0;0;0;0;0;0.0251;0.0049;1.1781;1.1781;0;51.892;51.892;22.622;0.0498;1208.4;974.95;1;0.0177;0.0177;0;0;0;0;0;0;1.1604;1.0724;0;15.651;18.123;14.246;16.497;98.496;98.496;11.938;9.9349;9.0435;2.0028;0.8915;0.1678;0.0747;0.7576;149.64;0.7086;0
08/03/21 16:00;22.846;79.167;19.673;23.217;49.74;90;49.74;198.49;182.7;15.789;28.43;6.0401;0;38.292;145.97;13.007;0;6.6703;203.94;0;203.94;38.292;13.007;145.97;6.6703;0.1878;0.7485;0;0.0327;183.73;20.209;0;0;13.981;6.2288;178.05;4.3986;0.0258;0.0088;4.3445;0.0194;182.45;1.2861;0.268;0.091;0.924;0.0031;180.47;37.998;12.907;126.72;0.419;113.77;91.702;38.663;12.608;1.8031;25.937;2.4209;15.132;0;1;0;0;1.0275;0.9009;1;1;0.9042;0.0662;0.9759;0.9993;1;0.9669;0.9557;0.993;0.993;1;0.993;0.993;0.873;0.8681;0.0628;0.5804;0.5683;0.0034;0.0169;0.0253;0.0037;0.013;0.0045;0;0;0.088;0.3933;0;0;0;0;0;0;0;0;0;0;0;0;0.0105;0.001;0.4901;0.4901;0;37.253;37.253;8.8228;0.0496;485.88;1008.7;1;0.0087;0.0087;0;0;0;0;0;0;0.4813;0.3933;0;15.879;18.388;12.745;14.758;98.216;98.216;4.8946;4.133;3.3171;0.7617;0.8158;0.1556;0.1667;0.6777;113.67;0.6188;0
08/03/21 17:00;10.663;88.237;63.335;10.668;16.01;90;16.01;175.69;95.303;80.392;27.9;3.8101;0;194.97;64.146;72.488;0;0.6473;332.25;0;332.25;194.97;72.488;64.146;0.6473;0.5868;0.195;0;0.0019;330.69;1.563;0;0;1.0233;0.5397;312.19;16.189;10.092;3.752;2.321;0.024;328.38;2.3148;1.3648;0.5074;0.4419;0.0008;312.25;183.52;68.229;60.359;0.0829;39.722;32.016;11.651;0.1047;0.4703;6.7653;0.0593;7.1308;0;1;0;0;1.8911;0.9953;1;1;0.984;0.1662;0.9507;0.9479;1;0.963;0.7756;0.993;0.993;1;0.993;0.993;0.9396;0.941;0.128;0.9456;0.9069;0.0055;0.0134;0.06;0.0058;0.0206;0.0012;0;0;0.088;0.6813;0;0;0;0;0;0;0;0;0;0;0;0;0.0166;0.0023;0.7817;0.7817;0;43.381;43.381;15.481;0.0496;781.03;1000.9;1;0.0124;0.0124;0;0;0;0;0;0;0.7693;0.6813;0;15.547;18.003;13.551;15.691;98.416;98.416;7.9741;6.5923;5.7457;1.3818;0.8465;0.1733;0.1062;0.7206;39.182;0.7097;0
08/03/21 18:00;2.2859;94.127;84.449;2.2918;3.2737;90;3.2737;0;0;0;25.04;2.41;0;0;0;0;0;0;0;0;0;0;0;0;0;1;1;1;1;0;0;0;0;0;0;0;0;0;0;0;0;0;0;0;0;0;0;0;0;0;0;0;0;0;0;0;0;0;0;0;0;0;0;0;1;1;1;1;1;1;1;1;1;1;1;1;1;1;1;1;1;1;1;0;0;0;0;0;0;0;0;0;0.0004;0.088;-0.0884;0;0;0;0;0;0;0;0;0;0;0;0;0;0;0;0;0;0;0;-25.04;0;0;0;0;0.0004;0;0;0;0;0;0;0;-0.0004;-0.0884;0;0;0;0;0;0;0;0;0;-0.7452;0;0.7452;1;1;0;0;0;0
08/03/21 19:00;0;0;90;0;0;90;0;0;0;0;21;1.88;0;0;0;0;0;0;0;0;0;0;0;0;0;1;1;1;1;0;0;0;0;0;0;0;0;0;0;0;0;0;0;0;0;0;0;0;0;0;0;0;0;0;0;0;0;0;0;0;0;0;0;0;1;1;1;1;1;1;1;1;1;1;1;1;1;1;1;1;1;1;1;0;0;0;0;0;0;0;0;0;0.0004;0.088;-0.0884;0;0;0;0;0;0;0;0;0;0;0;0;0;0;0;0;0;0;0;-21;0;0;0;0;0.0004;0;0;0;0;0;0;0;-0.0004;-0.0884;0;0;0;0;0;0;0;0;0;-0.7452;0;0.7452;1;1;0;0;0;0
08/03/21 20:00;0;0;90;0;0;90;0;0;0;0;17.67;1.64;0;0;0;0;0;0;0;0;0;0;0;0;0;1;1;1;1;0;0;0;0;0;0;0;0;0;0;0;0;0;0;0;0;0;0;0;0;0;0;0;0;0;0;0;0;0;0;0;0;0;0;0;1;1;1;1;1;1;1;1;1;1;1;1;1;1;1;1;1;1;1;0;0;0;0;0;0;0;0;0;0.0004;0.088;-0.0884;0;0;0;0;0;0;0;0;0;0;0;0;0;0;0;0;0;0;0;-17.67;0;0;0;0;0.0004;0;0;0;0;0;0;0;-0.0004;-0.0884;0;0;0;0;0;0;0;0;0;-0.7452;0;0.7452;1;1;0;0;0;0
08/03/21 21:00;0;0;90;0;0;90;0;0;0;0;17.58;1.39;0;0;0;0;0;0;0;0;0;0;0;0;0;1;1;1;1;0;0;0;0;0;0;0;0;0;0;0;0;0;0;0;0;0;0;0;0;0;0;0;0;0;0;0;0;0;0;0;0;0;0;0;1;1;1;1;1;1;1;1;1;1;1;1;1;1;1;1;1;1;1;0;0;0;0;0;0;0;0;0;0.0004;0.088;-0.0884;0;0;0;0;0;0;0;0;0;0;0;0;0;0;0;0;0;0;0;-17.58;0;0;0;0;0.0004;0;0;0;0;0;0;0;-0.0004;-0.0884;0;0;0;0;0;0;0;0;0;-0.7452;0;0.7452;1;1;0;0;0;0
08/03/21 22:00;0;0;90;0;0;90;0;0;0;0;17.76;1.8201;0;0;0;0;0;0;0;0;0;0;0;0;0;1;1;1;1;0;0;0;0;0;0;0;0;0;0;0;0;0;0;0;0;0;0;0;0;0;0;0;0;0;0;0;0;0;0;0;0;0;0;0;1;1;1;1;1;1;1;1;1;1;1;1;1;1;1;1;1;1;1;0;0;0;0;0;0;0;0;0;0.0004;0.088;-0.0884;0;0;0;0;0;0;0;0;0;0;0;0;0;0;0;0;0;0;0;-17.76;0;0;0;0;0.0004;0;0;0;0;0;0;0;-0.0004;-0.0884;0;0;0;0;0;0;0;0;0;-0.7452;0;0.7452;1;1;0;0;0;0
08/03/21 23:00;0;0;90;0;0;90;0;0;0;0;18.4;2.26;0;0;0;0;0;0;0;0;0;0;0;0;0;1;1;1;1;0;0;0;0;0;0;0;0;0;0;0;0;0;0;0;0;0;0;0;0;0;0;0;0;0;0;0;0;0;0;0;0;0;0;0;1;1;1;1;1;1;1;1;1;1;1;1;1;1;1;1;1;1;1;0;0;0;0;0;0;0;0;0;0.0004;0.088;-0.0884;0;0;0;0;0;0;0;0;0;0;0;0;0;0;0;0;0;0;0;-18.4;0;0;0;0;0.0004;0;0;0;0;0;0;0;-0.0004;-0.0884;0;0;0;0;0;0;0;0;0;-0.7452;0;0.7452;1;1;0;0;0;0
09/03/21 00:00;0;0;90;0;0;90;0;0;0;0;16.36;2.3899;0;0;0;0;0;0;0;0;0;0;0;0;0;1;1;1;1;0;0;0;0;0;0;0;0;0;0;0;0;0;0;0;0;0;0;0;0;0;0;0;0;0;0;0;0;0;0;0;0;0;0;0;1;1;1;1;1;1;1;1;1;1;1;1;1;1;1;1;1;1;1;0;0;0;0;0;0;0;0;0;0.0004;0.088;-0.0884;0;0;0;0;0;0;0;0;0;0;0;0;0;0;0;0;0;0;0;-16.36;0;0;0;0;0.0004;0;0;0;0;0;0;0;-0.0004;-0.0884;0;0;0;0;0;0;0;0;0;-0.7452;0;0.7452;1;1;0;0;0;0
09/03/21 01:00;0;0;90;0;0;90;0;0;0;0;15.8;2.44;0;0;0;0;0;0;0;0;0;0;0;0;0;1;1;1;1;0;0;0;0;0;0;0;0;0;0;0;0;0;0;0;0;0;0;0;0;0;0;0;0;0;0;0;0;0;0;0;0;0;0;0;1;1;1;1;1;1;1;1;1;1;1;1;1;1;1;1;1;1;1;0;0;0;0;0;0;0;0;0;0.0004;0.088;-0.0884;0;0;0;0;0;0;0;0;0;0;0;0;0;0;0;0;0;0;0;-15.8;0;0;0;0;0.0004;0;0;0;0;0;0;0;-0.0004;-0.0884;0;0;0;0;0;0;0;0;0;-0.7452;0;0.7452;1;1;0;0;0;0
09/03/21 02:00;0;0;90;0;0;90;0;0;0;0;15.44;2.49;0;0;0;0;0;0;0;0;0;0;0;0;0;1;1;1;1;0;0;0;0;0;0;0;0;0;0;0;0;0;0;0;0;0;0;0;0;0;0;0;0;0;0;0;0;0;0;0;0;0;0;0;1;1;1;1;1;1;1;1;1;1;1;1;1;1;1;1;1;1;1;0;0;0;0;0;0;0;0;0;0.0004;0.088;-0.0884;0;0;0;0;0;0;0;0;0;0;0;0;0;0;0;0;0;0;0;-15.44;0;0;0;0;0.0004;0;0;0;0;0;0;0;-0.0004;-0.0884;0;0;0;0;0;0;0;0;0;-0.7452;0;0.7452;1;1;0;0;0;0
09/03/21 03:00;0;0;90;0;0;90;0;0;0;0;15;2.3701;0;0;0;0;0;0;0;0;0;0;0;0;0;1;1;1;1;0;0;0;0;0;0;0;0;0;0;0;0;0;0;0;0;0;0;0;0;0;0;0;0;0;0;0;0;0;0;0;0;0;0;0;1;1;1;1;1;1;1;1;1;1;1;1;1;1;1;1;1;1;1;0;0;0;0;0;0;0;0;0;0.0004;0.088;-0.0884;0;0;0;0;0;0;0;0;0;0;0;0;0;0;0;0;0;0;0;-15;0;0;0;0;0.0004;0;0;0;0;0;0;0;-0.0004;-0.0884;0;0;0;0;0;0;0;0;0;-0.7452;0;0.7452;1;1;0;0;0;0
09/03/21 04:00;0;0;90;0;0;90;0;0;0;0;14.29;2.26;0;0;0;0;0;0;0;0;0;0;0;0;0;1;1;1;1;0;0;0;0;0;0;0;0;0;0;0;0;0;0;0;0;0;0;0;0;0;0;0;0;0;0;0;0;0;0;0;0;0;0;0;1;1;1;1;1;1;1;1;1;1;1;1;1;1;1;1;1;1;1;0;0;0;0;0;0;0;0;0;0.0004;0.088;-0.0884;0;0;0;0;0;0;0;0;0;0;0;0;0;0;0;0;0;0;0;-14.29;0;0;0;0;0.0004;0;0;0;0;0;0;0;-0.0004;-0.0884;0;0;0;0;0;0;0;0;0;-0.7452;0;0.7452;1;1;0;0;0;0
09/03/21 05:00;0.4873;-94.914;88.818;0.4891;0.6972;-90;-0.6972;0;0;0;12.51;2.74;0;0;0;0;0;0;0;0;0;0;0;0;0;1;1;1;1;0;0;0;0;0;0;0;0;0;0;0;0;0;0;0;0;0;0;0;0;0;0;0;0;0;0;0;0;0;0;0;0;0;0;0;1;1;1;1;1;1;1;1;1;1;1;1;1;1;1;1;1;1;1;0;0;0;0;0;0;0;0;0;0.0004;0.088;-0.0884;0;0;0;0;0;0;0;0;0;0;0;0;0;0;0;0;0;0;0;-12.51;0;0;0;0;0.0004;0;0;0;0;0;0;0;-0.0004;-0.0884;0;0;0;0;0;0;0;0;0;-0.7452;0;0.7452;1;1;0;0;0;0
09/03/21 06:00;6.817;-90.469;73.269;6.8173;9.9143;-90;-9.9143;42.195;38.901;3.2941;13.4;3.53;0;7.9891;37.836;1.891;0;0.0599;47.776;0;47.776;7.9891;1.891;37.836;0.0599;0.1672;0.7932;0;0.0013;47.458;0.3184;0;0;0.2687;0.0497;44.091;3.0349;1.2176;0.2882;1.5268;0.0023;47.126;0.3322;0.0559;0.0132;0.263;0.0001;44.1;6.7156;1.5895;35.778;0.0078;22.696;18.293;6.7255;0.0106;0.261;3.7551;0.0094;4.0055;0;1;0;0;1.1323;0.9933;1;1;0.9929;0.1696;0.9356;0.8465;1;0.9591;0.7755;0.993;0.993;1;0.993;0.993;0.9229;0.9456;0.1306;0.136;0.1337;0.0008;0.0126;-0.0046;0.0009;0.0031;0.0007;0;0;0.088;0.0245;0;0;0;0;0;0;0;0;0;0;0;0;0.0025;0.0001;0.1176;0.1176;0;15.577;15.577;2.1772;0.0494;112.7;1043.8;1;0.0052;0.0052;0;0;0;0;0;0;0.1125;0.0245;0;16.27;18.84;3.3836;3.9181;95.607;95.607;1.1466;0.992;0.2063;0.1546;0.7857;0.1349;0.6852;0.1799;22.676;0.1699;0
09/03/21 07:00;19.044;-81.609;37.687;19.235;33.799;-90;-33.799;383.19;63.2;319.99;15.24;4.56;0;776.07;16.879;108.56;0;6.1524;907.66;0;907.66;776.07;108.56;16.879;6.1524;0.855;0.0254;0;0.0068;901.29;6.3672;0;0;0.9018;5.4655;889.51;5.4737;4.2632;0.5964;0.5131;0.101;894.98;6.3091;5.4325;0.7599;0.1118;0.0048;889.61;766.37;107.21;15.353;0.5812;13.222;10.657;4.4754;0.3872;0.1406;2.023;0.0999;1.7764;0;1;0;0;2.3687;0.993;1;1;0.9466;0.1117;0.9939;0.9945;1;0.9677;0.852;0.993;0.993;1;0.993;0.993;0.98;0.9096;0.0945;2.5831;2.5493;0.0154;-0.0019;0.3121;0.0156;0.0552;0.0003;0;0;0.088;1.9714;0;0;0;0;0;0;0;0;0;0;0;0;0.0445;0.0152;2.093;2.093;0;59.754;59.754;44.514;0.05;2201.5;950.7;1;0.0336;0.0336;0;0;0;0;0;0;2.0594;1.9714;0;15.237;17.644;14.352;16.62;98.396;98.396;21.784;17.65;16.625;4.1335;1.0252;0.1898;0.0471;0.7632;11.435;0.7619;0
09/03/21 08:00;30.97;-71.616;15.689;32.311;57.689;-90;-57.689;477.31;101.9;375.41;16.82;4.96;0;702.34;36.991;100.45;0;21.107;860.88;0;860.88;702.34;100.45;36.991;21.107;0.8158;0.0675;0;0.0245;836.84;24.045;0;0;4.3778;19.667;829.35;1.6325;0.378;0.0541;1.1252;0.0753;830.98;5.8579;4.9164;0.7031;0.2283;0.0101;833.4;697.05;99.689;31.259;1.3551;131.07;105.64;40.741;5.3813;1.7299;24.883;4.0553;21.232;0;1;0;0;1.8036;0.9721;1;1;0.8817;0.0682;0.998;0.9995;1;0.9653;0.9473;0.993;0.993;1;0.993;0.993;0.9634;0.8451;0.0642;2.45;2.4343;0.0147;-0.002;0.2854;0.015;0.053;0.0041;0;0;0.088;1.8874;0;0;0;0;0;0;0;0;0;0;0;0;0.0427;0.0139;2.0075;2.0075;0;58.274;58.274;41.454;0.05;2100.6;955.66;1;0.0321;0.0321;0;0;0;0;0;0;1.9754;1.8874;0;15.409;17.843;14.488;16.776;98.403;98.403;20.661;16.929;15.917;3.7318;1.0125;0.1806;0.049;0.7704;31.36;0.7541;0
09/03/21 09:00;42.126;-59.152;22.352;46.49;43.51;-90;-43.51;713.89;117.8;596.09;19.3;5.12;0;821.9;36.397;104.25;0;18.633;981.18;0;981.18;821.9;104.25;36.397;18.633;0.8377;0.0561;0;0.019;961.18;20.005;0;0;2.8594;17.146;952.55;1.8938;0.6301;0.0799;1.0831;0.1006;954.45;6.7282;5.7533;0.7297;0.2348;0.0104;957.53;815.52;103.44;32.219;1.3761;318.42;256.65;99.468;1.9839;3.4497;49.622;4.9744;51.088;0;1;0;0;1.3744;0.9796;1;1;0.9214;0.0798;0.998;0.9992;1;0.9675;0.9318;0.993;0.993;1;0.993;0.993;0.9708;0.8852;0.0739;2.7924;2.839;0.0171;-0.0002;0.4235;0.0168;0.0595;0.008;0;0;0.088;2.1232;0;0;0;0;0;0;0;0;0;0;0;0;0.048;0.0185;2.2478;2.2478;0;67.264;67.264;47.964;0.0504;2445.6;919.11;1;0.0366;0.0366;0;0;0;0;0;0;2.2112;2.1232;0;15.138;17.53;14.299;16.558;98.372;98.372;23.548;18.956;17.905;4.5925;1.0508;0.195;0.0446;0.7604;26.726;0.7326;0
09/03/21 10:00;51.643;-42.148;27.393;62.03;27.97;-90;-27.97;857.1;141.4;715.7;21.44;5.29;0;810.36;45.379;105.53;0;9.5112;970.78;0;970.78;810.36;105.53;45.379;9.5112;0.8347;0.0565;0;0.0098;960.77;10.012;0;0;1.7949;8.2171;951.52;2.5221;0.7614;0.0992;1.4212;0.2404;954.04;6.7254;5.6725;0.7387;0.3051;0.0091;954.15;803.92;104.7;41.857;1.0447;462.62;372.87;144.61;0.541;4.8534;69.814;2.6257;74.127;0;1;0;0;1.1326;0.9897;1;1;0.9604;0.1361;0.9974;0.9991;1;0.9672;0.8129;0.993;0.993;1;0.993;0.993;0.9802;0.9224;0.1098;2.7628;2.8697;0.0173;0.0001;0.4506;0.0168;0.0596;0.0111;0;0;0.088;2.1229;0;0;0;0;0;0;0;0;0;0;0;0;0.048;0.0189;2.2473;2.2473;0;69.438;69.438;47.998;0.0504;2471.6;909.25;1;0.0364;0.0364;0;0;0;0;0;0;2.2109;2.1229;0;15.297;17.713;14.45;16.733;98.382;98.382;23.299;18.951;17.903;4.3473;1.0488;0.1866;0.045;0.7684;29.505;0.7291;0
09/03/21 11:00;57.893;-18.396;30.288;78.8;11.2;-90;-11.2;937.41;154.7;782.71;22.71;5.4901;0;797.91;50.969;105.24;0;1.6961;955.81;0;955.81;797.91;105.24;50.969;1.6961;0.8348;0.0551;0;0.0018;953.96;1.8521;0;0;0.444;1.4081;944.13;3.1579;0.9543;0.1259;2.0135;0.0642;947.28;6.6777;5.5853;0.7367;0.3537;0.002;944.48;791.37;104.38;48.157;0.2218;546.03;440.1;168.64;0.0232;5.8214;83.738;0.3536;89.536;0;1;0;0;1.0196;0.9981;1;1;0.9913;0.1698;0.9967;0.9988;1;0.9599;0.7755;0.993;0.993;1;0.993;0.993;0.9878;0.9448;0.1308;2.7202;2.87;0.0173;0.0001;0.4604;0.0167;0.0594;0.0133;0;0;0.088;2.112;0;0;0;0;0;0;0;0;0;0;0;0;0.0478;0.0189;2.2361;2.2361;0;70.371;70.371;47.661;0.0505;2470.9;904.95;1;0.036;0.036;0;0;0;0;0;0;2.2;2.112;0;15.459;17.901;14.602;16.908;98.39;98.39;22.94;18.857;17.811;4.0826;1.0458;0.178;0.0456;0.7764;30.647;0.7286;0
09/03/21 12:00;58.778;10.268;30.667;83.833;6.1668;90;6.1668;943.4;155.3;788.1;24.46;5.7301;0;792.69;51.786;103.97;0;0.5186;948.96;0;948.96;792.69;103.97;51.786;0.5186;0.8353;0.0551;0;0.0005;948.36;0.6018;0;0;0.1697;0.432;938.22;3.4957;1.1227;0.1473;2.2065;0.0193;941.72;6.6385;5.5488;0.7278;0.3613;0.0006;938.3;786.02;103.09;49.048;0.0667;554.37;446.82;172;0.0019;5.8581;84.267;0.0702;90.123;0;1;0;0;1.0059;0.9994;1;1;0.9967;0.1669;0.9963;0.9986;1;0.9569;0.776;0.993;0.993;1;0.993;0.993;0.9887;0.9471;0.1286;2.7007;2.8533;0.0172;-0.0001;0.4735;0.0165;0.0587;0.0133;0;0;0.088;2.0851;0;0;0;0;0;0;0;0;0;0;0;0;0.0472;0.0187;2.2083;2.2083;0;71.882;71.882;47.422;0.0505;2457;898.79;1;0.0352;0.0352;0;0;0;0;0;0;2.1731;2.0851;0;15.377;17.806;14.519;16.813;98.405;98.405;22.775;18.623;17.584;4.1523;1.0391;0.1823;0.0456;0.7721;30.805;0.7239;0
09/03/21 13:00;53.895;35.985;28.478;66.803;23.197;90;23.197;885.31;148;737.31;25.6;5.8801;0;802.16;48.415;106.12;0;6.7993;963.5;0;963.5;802.16;106.12;48.415;6.7993;0.8325;0.0573;0;0.0071;956.3;7.1951;0;0;1.4232;5.7719;946.93;2.6748;0.7835;0.1037;1.5723;0.2154;949.61;6.6941;5.6151;0.7429;0.3289;0.0072;948.71;795.76;105.28;45.091;0.8048;492.77;397.17;153.53;0.2982;5.1844;74.576;1.7772;79.462;0;1;0;0;1.0883;0.9925;1;1;0.9706;0.1511;0.9972;0.999;1;0.9663;0.7889;0.993;0.993;1;0.993;0.993;0.9828;0.9313;0.1184;2.742;2.8637;0.0172;0;0.4924;0.0165;0.0584;0.0116;0;0;0.088;2.0786;0;0;0;0;0;0;0;0;0;0;0;0;0.0471;0.0188;2.2015;2.2015;0;73.527;73.527;47.927;0.0506;2467.2;892.31;1;0.0349;0.0349;0;0;0;0;0;0;2.1666;2.0786;0;15.099;17.484;14.256;16.508;98.414;98.414;23.124;18.566;17.529;4.558;1.0365;0.1971;0.0448;0.7581;30.586;0.7165;0
09/03/21 14:00;45.12;54.783;24.011;50.87;39.13;90;39.13;742.61;150.2;592.41;26.52;5.86;0;763.69;52.836;116.91;0;15.823;949.26;0;949.26;763.69;116.91;52.836;15.823;0.8045;0.0723;0;0.0167;931.24;18.022;0;0;3.5586;14.463;922.27;2.4452;0.629;0.0963;1.5828;0.1372;924.72;6.5187;5.3458;0.8184;0.3449;0.0095;926.8;757.71;116;47.349;1.2125;359.14;289.47;113.52;1.9995;3.7891;54.504;4.53;56.294;0;1;0;0;1.2783;0.981;1;1;0.9326;0.0859;0.9974;0.9992;1;0.9677;0.8983;0.993;0.993;1;0.993;0.993;0.9716;0.8962;0.0766;2.7015;2.7608;0.0166;-0.0008;0.4718;0.0159;0.0564;0.0085;0;0;0.088;2.0081;0;0;0;0;0;0;0;0;0;0;0;0;0.0455;0.0176;2.1294;2.1294;0;73.186;73.186;46.666;0.0506;2379.9;894.75;1;0.0333;0.0333;0;0;0;0;0;0;2.0961;2.0081;0;14.823;17.165;13.979;16.187;98.438;98.438;22.782;17.957;16.935;4.8248;1.0227;0.2118;0.0449;0.7433;37.359;0.7127;0
09/03/21 15:00;34.325;68.319;17.765;36.308;53.692;90;53.692;566.31;153;413.31;27.26;5.61;0;698;57.324;136.78;0;21.943;914.05;0;914.05;698;136.78;57.324;21.943;0.7636;0.0867;0;0.024;887.37;26.681;0;0;6.1343;20.547;878.87;2.2872;0.4253;0.0833;1.7194;0.0592;881.16;6.2116;4.886;0.9575;0.3583;0.0098;883.8;692.69;135.74;49.112;1.3272;198.28;159.81;61.109;6.4711;2.5422;36.569;4.9268;32.64;0;1;0;0;1.6141;0.9708;1;1;0.893;0.0636;0.9974;0.9994;1;0.9662;0.9573;0.993;0.993;1;0.993;0.993;0.9615;0.8567;0.0605;2.6013;2.6019;0.0157;-0.0017;0.4309;0.0151;0.0535;0.0058;0;0;0.088;1.9045;0;0;0;0;0;0;0;0;0;0;0;0;0.0431;0.0157;2.0238;2.0238;0;71.675;71.675;44.415;0.0505;2242.9;902.29;1;0.0313;0.0313;0;0;0;0;0;0;1.9925;1.9045;0;14.63;16.942;13.768;15.943;98.454;98.454;21.937;17.067;16.061;4.8705;1.006;0.222;0.0459;0.7321;46.493;0.7108;0
09/03/21 16:00;22.563;78.866;21.473;22.952;48.089;90;48.089;358.69;149.1;209.6;27.02;4.4601;0;508.33;75.289;142.66;0;11.314;737.59;0;737.59;508.33;142.66;75.289;11.314;0.6892;0.1174;0;0.0153;720.18;17.411;0;0;6.8658;10.545;712.39;2.754;0.3744;0.1051;2.2373;0.0372;715.14;5.0413;3.5583;0.9986;0.479;0.0054;713.71;504.4;141.55;65.707;0.7264;59.001;47.555;19.159;5.7861;0.9441;13.58;1.3227;8.7377;0;1;0;0;2.0563;0.9764;1;1;0.9088;0.068;0.9961;0.9993;1;0.9671;0.9513;0.993;0.993;1;0.993;0.993;0.9658;0.8727;0.0642;2.0991;2.0692;0.0125;-0.0008;0.2774;0.0125;0.0442;0.0022;0;0;0.088;1.5619;0;0;0;0;0;0;0;0;0;0;0;0;0.0356;0.0102;1.6754;1.6754;0;62.77;62.77;35.75;0.0502;1787.4;937.34;1;0.0255;0.0255;0;0;0;0;0;0;1.6499;1.5619;0;15.009;17.38;13.993;16.203;98.481;98.481;17.702;14.129;13.172;3.5736;0.9568;0.2019;0.054;0.7441;57.686;0.734;0
09/03/21 17:00;10.388;87.948;64.069;10.394;15.555;90;15.555;125.2;104.6;20.595;25.93;3.0399;0;49.949;94.215;20.928;0;0.4356;165.53;0;165.53;49.949;20.928;94.215;0.4356;0.3018;0.5718;0;0.0026;163.73;1.7948;0;0;1.4318;0.3631;155.17;7.4191;2.7936;1.1705;3.4389;0.0162;162.59;1.1461;0.3496;0.1465;0.6495;0.0005;155.25;46.806;19.611;88.695;0.0559;57.594;46.421;17.228;0.1388;0.6592;9.483;0.0768;10.003;0;1;0;0;1.3221;0.9892;1;1;0.9848;0.1665;0.9544;0.9437;1;0.9627;0.7754;0.993;0.993;1;0.993;0.993;0.9374;0.9414;0.1282;0.4711;0.4632;0.0028;0.0172;0.0145;0.003;0.0106;0.0017;0;0;0.088;0.3081;0;0;0;0;0;0;0;0;0;0;0;0;0.0086;0.0007;0.404;0.404;0;33.605;33.605;7.6748;0.0495;396.13;1019.9;1;0.0079;0.0079;0;0;0;0;0;0;0.3961;0.3081;0;16.129;18.677;12.299;14.242;98.035;98.035;3.9727;3.4072;2.5981;0.5655;0.8091;0.1423;0.2037;0.654;57.451;0.6271;0
09/03/21 18:00;2.2134;93.699;84.625;2.218;3.1679;90;3.1679;0;0;0;23.5;3.05;0;0;0;0;0;0;0;0;0;0;0;0;0;1;1;1;1;0;0;0;0;0;0;0;0;0;0;0;0;0;0;0;0;0;0;0;0;0;0;0;0;0;0;0;0;0;0;0;0;0;0;0;1;1;1;1;1;1;1;1;1;1;1;1;1;1;1;1;1;1;1;0;0;0;0;0;0;0;0;0;0.0004;0.088;-0.0884;0;0;0;0;0;0;0;0;0;0;0;0;0;0;0;0;0;0;0;-23.5;0;0;0;0;0.0004;0;0;0;0;0;0;0;-0.0004;-0.0884;0;0;0;0;0;0;0;0;0;-0.7452;0;0.7452;1;1;0;0;0;0
09/03/21 19:00;0;0;90;0;0;90;0;0;0;0;21.2;3.0901;0;0;0;0;0;0;0;0;0;0;0;0;0;1;1;1;1;0;0;0;0;0;0;0;0;0;0;0;0;0;0;0;0;0;0;0;0;0;0;0;0;0;0;0;0;0;0;0;0;0;0;0;1;1;1;1;1;1;1;1;1;1;1;1;1;1;1;1;1;1;1;0;0;0;0;0;0;0;0;0;0.0004;0.088;-0.0884;0;0;0;0;0;0;0;0;0;0;0;0;0;0;0;0;0;0;0;-21.2;0;0;0;0;0.0004;0;0;0;0;0;0;0;-0.0004;-0.0884;0;0;0;0;0;0;0;0;0;-0.7452;0;0.7452;1;1;0;0;0;0
09/03/21 20:00;0;0;90;0;0;90;0;0;0;0;20.15;3.0399;0;0;0;0;0;0;0;0;0;0;0;0;0;1;1;1;1;0;0;0;0;0;0;0;0;0;0;0;0;0;0;0;0;0;0;0;0;0;0;0;0;0;0;0;0;0;0;0;0;0;0;0;1;1;1;1;1;1;1;1;1;1;1;1;1;1;1;1;1;1;1;0;0;0;0;0;0;0;0;0;0.0004;0.088;-0.0884;0;0;0;0;0;0;0;0;0;0;0;0;0;0;0;0;0;0;0;-20.15;0;0;0;0;0.0004;0;0;0;0;0;0;0;-0.0004;-0.0884;0;0;0;0;0;0;0;0;0;-0.7452;0;0.7452;1;1;0;0;0;0
09/03/21 21:00;0;0;90;0;0;90;0;0;0;0;16.8;2.9401;0;0;0;0;0;0;0;0;0;0;0;0;0;1;1;1;1;0;0;0;0;0;0;0;0;0;0;0;0;0;0;0;0;0;0;0;0;0;0;0;0;0;0;0;0;0;0;0;0;0;0;0;1;1;1;1;1;1;1;1;1;1;1;1;1;1;1;1;1;1;1;0;0;0;0;0;0;0;0;0;0.0004;0.088;-0.0884;0;0;0;0;0;0;0;0;0;0;0;0;0;0;0;0;0;0;0;-16.8;0;0;0;0;0.0004;0;0;0;0;0;0;0;-0.0004;-0.0884;0;0;0;0;0;0;0;0;0;-0.7452;0;0.7452;1;1;0;0;0;0
09/03/21 22:00;0;0;90;0;0;90;0;0;0;0;16.19;2.7801;0;0;0;0;0;0;0;0;0;0;0;0;0;1;1;1;1;0;0;0;0;0;0;0;0;0;0;0;0;0;0;0;0;0;0;0;0;0;0;0;0;0;0;0;0;0;0;0;0;0;0;0;1;1;1;1;1;1;1;1;1;1;1;1;1;1;1;1;1;1;1;0;0;0;0;0;0;0;0;0;0.0004;0.088;-0.0884;0;0;0;0;0;0;0;0;0;0;0;0;0;0;0;0;0;0;0;-16.19;0;0;0;0;0.0004;0;0;0;0;0;0;0;-0.0004;-0.0884;0;0;0;0;0;0;0;0;0;-0.7452;0;0.7452;1;1;0;0;0;0
09/03/21 23:00;0;0;90;0;0;90;0;0;0;0;13.46;2.59;0;0;0;0;0;0;0;0;0;0;0;0;0;1;1;1;1;0;0;0;0;0;0;0;0;0;0;0;0;0;0;0;0;0;0;0;0;0;0;0;0;0;0;0;0;0;0;0;0;0;0;0;1;1;1;1;1;1;1;1;1;1;1;1;1;1;1;1;1;1;1;0;0;0;0;0;0;0;0;0;0.0004;0.088;-0.0884;0;0;0;0;0;0;0;0;0;0;0;0;0;0;0;0;0;0;0;-13.46;0;0;0;0;0.0004;0;0;0;0;0;0;0;-0.0004;-0.0884;0;0;0;0;0;0;0;0;0;-0.7452;0;0.7452;1;1;0;0;0;0
10/03/21 00:00;0;0;90;0;0;90;0;0;0;0;12.36;2.27;0;0;0;0;0;0;0;0;0;0;0;0;0;1;1;1;1;0;0;0;0;0;0;0;0;0;0;0;0;0;0;0;0;0;0;0;0;0;0;0;0;0;0;0;0;0;0;0;0;0;0;0;1;1;1;1;1;1;1;1;1;1;1;1;1;1;1;1;1;1;1;0;0;0;0;0;0;0;0;0;0.0004;0.088;-0.0884;0;0;0;0;0;0;0;0;0;0;0;0;0;0;0;0;0;0;0;-12.36;0;0;0;0;0.0004;0;0;0;0;0;0;0;-0.0004;-0.0884;0;0;0;0;0;0;0;0;0;-0.7452;0;0.7452;1;1;0;0;0;0
10/03/21 01:00;0;0;90;0;0;90;0;0;0;0;12.54;1.9199;0;0;0;0;0;0;0;0;0;0;0;0;0;1;1;1;1;0;0;0;0;0;0;0;0;0;0;0;0;0;0;0;0;0;0;0;0;0;0;0;0;0;0;0;0;0;0;0;0;0;0;0;1;1;1;1;1;1;1;1;1;1;1;1;1;1;1;1;1;1;1;0;0;0;0;0;0;0;0;0;0.0004;0.088;-0.0884;0;0;0;0;0;0;0;0;0;0;0;0;0;0;0;0;0;0;0;-12.54;0;0;0;0;0.0004;0;0;0;0;0;0;0;-0.0004;-0.0884;0;0;0;0;0;0;0;0;0;-0.7452;0;0.7452;1;1;0;0;0;0
10/03/21 02:00;0;0;90;0;0;90;0;0;0;0;11.36;1.8;0;0;0;0;0;0;0;0;0;0;0;0;0;1;1;1;1;0;0;0;0;0;0;0;0;0;0;0;0;0;0;0;0;0;0;0;0;0;0;0;0;0;0;0;0;0;0;0;0;0;0;0;1;1;1;1;1;1;1;1;1;1;1;1;1;1;1;1;1;1;1;0;0;0;0;0;0;0;0;0;0.0004;0.088;-0.0884;0;0;0;0;0;0;0;0;0;0;0;0;0;0;0;0;0;0;0;-11.36;0;0;0;0;0.0004;0;0;0;0;0;0;0;-0.0004;-0.0884;0;0;0;0;0;0;0;0;0;-0.7452;0;0.7452;1;1;0;0;0;0
10/03/21 03:00;0;0;90;0;0;90;0;0;0;0;10.45;1.9299;0;0;0;0;0;0;0;0;0;0;0;0;0;1;1;1;1;0;0;0;0;0;0;0;0;0;0;0;0;0;0;0;0;0;0;0;0;0;0;0;0;0;0;0;0;0;0;0;0;0;0;0;1;1;1;1;1;1;1;1;1;1;1;1;1;1;1;1;1;1;1;0;0;0;0;0;0;0;0;0;0.0004;0.088;-0.0884;0;0;0;0;0;0;0;0;0;0;0;0;0;0;0;0;0;0;0;-10.45;0;0;0;0;0.0004;0;0;0;0;0;0;0;-0.0004;-0.0884;0;0;0;0;0;0;0;0;0;-0.7452;0;0.7452;1;1;0;0;0;0
10/03/21 04:00;0;0;90;0;0;90;0;0;0;0;9.9501;2.18;0;0;0;0;0;0;0;0;0;0;0;0;0;1;1;1;1;0;0;0;0;0;0;0;0;0;0;0;0;0;0;0;0;0;0;0;0;0;0;0;0;0;0;0;0;0;0;0;0;0;0;0;1;1;1;1;1;1;1;1;1;1;1;1;1;1;1;1;1;1;1;0;0;0;0;0;0;0;0;0;0.0004;0.088;-0.0884;0;0;0;0;0;0;0;0;0;0;0;0;0;0;0;0;0;0;0;-9.9501;0;0;0;0;0.0004;0;0;0;0;0;0;0;-0.0004;-0.0884;0;0;0;0;0;0;0;0;0;-0.7452;0;0.7452;1;1;0;0;0;0
10/03/21 05:00;0.3144;-94.556;89.237;0.3154;0.4496;-90;-0.4496;0;0;0;8.6;2.34;0;0;0;0;0;0;0;0;0;0;0;0;0;1;1;1;1;0;0;0;0;0;0;0;0;0;0;0;0;0;0;0;0;0;0;0;0;0;0;0;0;0;0;0;0;0;0;0;0;0;0;0;1;1;1;1;1;1;1;1;1;1;1;1;1;1;1;1;1;1;1;0;0;0;0;0;0;0;0;0;0.0004;0.088;-0.0884;0;0;0;0;0;0;0;0;0;0;0;0;0;0;0;0;0;0;0;-8.6;0;0;0;0;0.0004;0;0;0;0;0;0;0;-0.0004;-0.0884;0;0;0;0;0;0;0;0;0;-0.7452;0;0.7452;1;1;0;0;0;0
10/03/21 06:00;6.6459;-90.108;73.699;6.6459;9.6552;-90;-9.6552;87.398;20.003;67.395;10.51;3.4;0;163.45;11.504;20.413;0;0.1176;195.49;0;195.49;163.45;20.413;11.504;0.1176;0.8361;0.0594;0;0.0006;195.31;0.1758;0;0;0.0782;0.0977;164.1;29.844;26.112;3.2611;0.4661;0.0044;193.94;1.3672;1.1442;0.1429;0.08;0.0001;164.1;136.2;17.01;10.879;0.0154;7.2614;5.8527;2.2157;0.0029;0.0793;1.1412;0.0027;1.2176;0;1;0;0;2.2368;0.9991;1;1;0.9932;0.1695;0.8461;0.8391;1;0.9589;0.7755;0.993;0.993;1;0.993;0.993;0.8394;0.9457;0.1306;0.5563;0.4718;0.0028;0.0172;-0.011;0.0032;0.0115;0.0002;0;0;0.088;0.3409;0;0;0;0;0;0;0;0;0;0;0;0;0.0093;0.0007;0.4378;0.4378;0;18.52;18.52;8.0102;0.0488;403.78;1084.2;1;0.0089;0.0089;0;0;0;0;0;0;0.4289;0.3409;0;14.798;17.136;11.522;13.342;97.959;97.959;4.6917;3.6919;2.8744;0.9998;0.8174;0.2131;0.1742;0.6127;6.8899;0.61;0
10/03/21 07:00;18.867;-81.233;38.346;19.074;33.352;-90;-33.352;294.19;52.497;241.69;15.42;2.65;0;586.18;22.156;68.762;0;4.6028;681.7;0;681.7;586.18;68.762;22.156;4.6028;0.8599;0.0393;0;0.0068;676.46;5.2393;0;0;1.1591;4.0802;667.12;4.6016;3.4442;0.404;0.6747;0.0786;671.72;4.7352;4.1032;0.4813;0.147;0.0037;667.25;578.63;67.877;20.176;0.4402;16.283;13.124;5.366;0.4847;0.1831;2.6345;0.1267;2.3329;0;1;0;0;2.3172;0.9923;1;1;0.9477;0.1135;0.9931;0.9941;1;0.9676;0.8484;0.993;0.993;1;0.993;0.993;0.9786;0.9106;0.0956;1.9401;1.9143;0.0115;0.0004;0.1585;0.0122;0.0433;0.0005;0;0;0.088;1.5303;0;0;0;0;0;0;0;0;0;0;0;0;0.0349;0.0088;1.6443;1.6443;0;48.512;48.512;33.092;0.0496;1649.8;996.64;1;0.026;0.026;0;0;0;0;0;0;1.6183;1.5303;0;15.938;18.456;14.834;17.177;98.421;98.421;16.361;13.866;12.905;2.4945;0.961;0.1525;0.0587;0.7888;14.96;0.7865;0
10/03/21 08:00;30.774;-71.213;16.063;32.171;57.829;-90;-57.829;514.8;85.198;429.6;20.85;2.4601;0;806.84;25.674;97.082;0;22.866;952.46;0;952.46;806.84;97.082;25.674;22.866;0.8471;0.051;0;0.024;928.11;24.354;0;0;3.0492;21.305;920.25;1.362;0.4445;0.0535;0.7814;0.0826;921.61;6.4968;5.6479;0.6796;0.1584;0.0109;924.2;800.75;96.349;21.685;1.4678;132.21;106.56;41.79;3.7693;1.5918;22.897;3.9499;20.72;0;1;0;0;1.8502;0.9744;1;1;0.8812;0.0683;0.9985;0.9994;1;0.9652;0.9467;0.993;0.993;1;0.993;0.993;0.9662;0.8446;0.0642;2.7106;2.6901;0.0162;-0.0013;0.4011;0.0159;0.0565;0.0037;0;0;0.088;2.0139;0;0;0;0;0;0;0;0;0;0;0;0;0.0455;0.0167;2.1358;2.1358;0;67.184;67.184;46.334;0.0503;2319.2;920.91;1;0.034;0.034;0;0;0;0;0;0;2.1019;2.0139;0;14.818;17.159;13.972;16.179;98.41;98.41;22.859;18.012;16.983;4.8474;1.0286;0.2121;0.045;0.7429;21.801;0.7298;0
10/03/21 09:00;41.893;-58.719;22.738;46.386;43.614;-90;-43.614;706.8;116.8;590;24.38;2.3899;0;814.91;36.4;103;0;18.532;972.85;0;972.85;814.91;103;36.4;18.532;0.8377;0.0565;0;0.019;952.92;19.926;0;0;2.8697;17.057;944.35;1.898;0.6355;0.0803;1.0831;0.099;946.25;6.6704;5.7044;0.721;0.2347;0.0103;949.13;808.57;102.2;32.212;1.3662;314.7;253.65;99.339;2.0003;3.3449;48.115;4.78;49.46;0;1;0;0;1.3764;0.9795;1;1;0.9212;0.0796;0.998;0.9992;1;0.9675;0.9324;0.993;0.993;1;0.993;0.993;0.9707;0.885;0.0737;2.7686;2.8119;0.0169;-0.0004;0.4693;0.0163;0.0577;0.0076;0;0;0.088;2.0573;0;0;0;0;0;0;0;0;0;0;0;0;0.0465;0.0182;2.1798;2.1798;0;72.121;72.121;47.741;0.0506;2424.3;899.13;1;0.0345;0.0345;0;0;0;0;0;0;2.1453;2.0573;0;14.806;17.145;13.974;16.181;98.415;98.415;23.348;18.383;17.349;4.9658;1.0335;0.2127;0.0443;0.7431;26.753;0.7165;0
10/03/21 10:00;51.351;-41.716;27.788;61.98;28.02;-90;-28.02;846;139.6;706.41;26.63;2.1599;0;800.2;45.523;103.36;0;9.4205;958.5;0;958.5;800.2;103.36;45.523;9.4205;0.8348;0.0573;0;0.0098;948.55;9.9463;0;0;1.8057;8.1406;939.39;2.5238;0.7627;0.0985;1.4252;0.2374;941.91;6.6399;5.6014;0.7235;0.306;0.009;941.99;793.84;102.53;41.986;1.0335;456.52;367.96;142.71;0.546;4.7896;68.897;2.6023;73.14;0;1;0;0;1.133;0.9896;1;1;0.9603;0.1359;0.9973;0.999;1;0.9672;0.8132;0.993;0.993;1;0.993;0.993;0.9801;0.9223;0.1097;2.7278;2.8331;0.0171;-0.0003;0.4943;0.0163;0.0576;0.0107;0;0;0.088;2.0503;0;0;0;0;0;0;0;0;0;0;0;0;0.0464;0.0185;2.1725;2.1725;0;74.202;74.202;47.572;0.0506;2441.4;889.84;1;0.0342;0.0342;0;0;0;0;0;0;2.1383;2.0503;0;14.977;17.343;14.135;16.368;98.427;98.427;23.004;18.321;17.291;4.683;1.0303;0.2036;0.0448;0.7516;29.608;0.7133;0
10/03/21 11:00;57.531;-18.09;30.684;78.824;11.176;-90;-11.176;922.7;152.2;770.49;27.98;1.8201;0;785.39;51.271;102.38;0;1.6624;940.71;0;940.71;785.39;102.38;51.271;1.6624;0.8349;0.0563;0;0.0018;938.88;1.8251;0;0;0.445;1.3801;928.95;3.3556;1.1203;0.146;2.0263;0.063;932.31;6.5722;5.4977;0.7167;0.3558;0.002;929.3;778.77;101.52;48.444;0.2174;537.51;433.23;166;0.0231;5.7312;82.441;0.3462;88.149;0;1;0;0;1.0195;0.9981;1;1;0.9913;0.1698;0.9964;0.9986;1;0.9599;0.7755;0.993;0.993;1;0.993;0.993;0.9875;0.9449;0.1308;2.6772;2.8239;0.017;-0.0003;0.5016;0.0161;0.0572;0.0128;0;0;0.088;2.0334;0;0;0;0;0;0;0;0;0;0;0;0;0.0461;0.0183;2.1551;2.1551;0;75.056;75.056;47.076;0.0507;2432.5;885.95;1;0.0337;0.0337;0;0;0;0;0;0;2.1214;2.0334;0;15.138;17.53;14.284;16.54;98.437;98.437;22.577;18.174;17.148;4.4028;1.0262;0.195;0.0455;0.7595;30.827;0.7128;0
10/03/21 12:00;58.381;10.282;31.054;83.729;6.2709;90;6.2709;931.19;153.6;777.59;28.67;1.39;0;782.28;52.092;101.96;0;0.5293;936.86;0;936.86;782.28;101.96;52.092;0.5293;0.835;0.0562;0;0.0006;936.24;0.6163;0;0;0.1754;0.4409;926;3.6874;1.2838;0.1673;2.2166;0.0197;929.69;6.5537;5.4759;0.7137;0.3634;0.0006;926.07;775.52;101.08;49.337;0.0681;547.13;440.99;169.74;0.0021;5.782;83.172;0.0729;88.952;0;1;0;0;1.0061;0.9993;1;1;0.9966;0.167;0.996;0.9983;1;0.957;0.776;0.993;0.993;1;0.993;0.993;0.9884;0.9471;0.1287;2.6662;2.8162;0.017;-0.0004;0.506;0.0161;0.0569;0.0129;0;0;0.088;2.0223;0;0;0;0;0;0;0;0;0;0;0;0;0.0459;0.0182;2.1436;2.1436;0;75.619;75.619;46.949;0.0507;2425.9;883.66;1;0.0334;0.0334;0;0;0;0;0;0;2.1103;2.0223;0;15.12;17.508;14.264;16.517;98.443;98.443;22.485;18.077;17.054;4.4071;1.0235;0.196;0.0455;0.7585;30.992;0.7112;0
10/03/21 13:00;53.52;35.763;28.845;66.629;23.371;90;23.371;900.8;148.3;752.5;29.73;0.93;0;819.76;46.041;109.25;0;7.021;982.07;0;982.07;819.76;109.25;46.041;7.021;0.8347;0.054;0;0.0071;974.74;7.3344;0;0;1.3698;5.9646;965.28;2.6328;0.811;0.1081;1.4929;0.2208;967.91;6.8231;5.7383;0.7648;0.3127;0.0074;967.12;813.21;108.38;42.866;0.8282;500.73;403.59;156.07;0.2914;5.2635;75.713;1.8383;80.685;0;1;0;0;1.0902;0.9925;1;1;0.9702;0.1505;0.9973;0.999;1;0.9663;0.7895;0.993;0.993;1;0.993;0.993;0.9829;0.931;0.118;2.7949;2.9187;0.0176;0.0006;0.5579;0.0164;0.0582;0.0115;0;0;0.088;2.0678;0;0;0;0;0;0;0;0;0;0;0;0;0.0468;0.0195;2.19;2.19;0;78.798;78.798;49.069;0.0508;2500.6;875;1;0.0343;0.0343;0;0;0;0;0;0;2.1558;2.0678;0;14.736;17.064;13.913;16.111;98.435;98.435;23.57;18.469;17.438;5.1007;1.0311;0.2164;0.0437;0.7398;29.114;0.6995;0
10/03/21 14:00;44.786;54.481;24.353;50.647;39.353;90;39.353;695.61;182.5;513.1;30.93;0.5599;0;663.56;76.647;124.22;0;14.984;879.42;0;879.42;663.56;124.22;76.647;14.984;0.7546;0.1042;0;0.017;860.5;18.917;0;0;5.2079;13.709;851.4;3.079;0.5543;0.1038;2.2953;0.1257;854.48;6.0235;4.645;0.8696;0.5001;0.0089;855.74;658.37;123.25;68.644;1.1401;340.23;274.22;107.72;2.9557;3.6467;52.456;4.3456;53.147;0;1;0;0;1.2642;0.9785;1;1;0.9321;0.0851;0.9964;0.9992;1;0.9676;0.9007;0.993;0.993;1;0.993;0.993;0.9681;0.8956;0.0761;2.5028;2.5534;0.0154;-0.0019;0.4452;0.0147;0.052;0.0082;0;0;0.088;1.8449;0;0;0;0;0;0;0;0;0;0;0;0;0.0419;0.0151;1.9628;1.9628;0;74.042;74.042;43.112;0.0506;2200.5;891.99;1;0.0299;0.0299;0;0;0;0;0;0;1.9329;1.8449;0;14.749;17.079;13.862;16.052;98.474;98.474;21.106;16.553;15.558;4.5534;0.9947;0.2157;0.0471;0.7371;54.298;0.7056;0
10/03/21 15:00;34.022;68.009;18.081;36.056;53.944;90;53.944;397.51;275.2;122.31;31.26;0.3801;0;207.81;184.06;73.859;0;15.537;481.26;0;481.26;207.81;73.859;184.06;15.537;0.4318;0.4147;0;0.0323;446.88;34.38;0;0;19.831;14.55;438.01;5.7413;0.1289;0.0458;5.5244;0.0422;443.76;3.1282;1.4547;0.517;1.1496;0.0069;443.1;206.23;73.297;157.55;0.9381;199.9;161.12;66.613;21.108;3.1857;45.825;5.0827;27.903;0;1;0;0;1.2107;0.9286;1;1;0.8923;0.0635;0.9871;0.9994;1;0.9661;0.9569;0.993;0.993;1;0.993;0.993;0.9101;0.856;0.0604;1.3696;1.3595;0.0082;0.0071;0.1365;0.0085;0.03;0.0077;0;0;0.088;1.0279;0;0;0;0;0;0;0;0;0;0;0;0;0.0242;0.0046;1.1328;1.1328;0;53.11;53.11;21.85;0.0499;1168.8;969.23;1;0.017;0.017;0;0;0;0;0;0;1.1159;1.0279;0;15.554;18.012;14.113;16.343;98.502;98.502;11.55;9.5534;8.6681;1.997;0.8853;0.1729;0.0766;0.7505;149.68;0.7005;0
10/03/21 16:00;22.278;78.567;23.157;22.684;46.593;90;46.593;378.5;124.9;253.61;30.32;0.37;0;615.07;54.431;146.42;0;11.248;827.17;0;827.17;615.07;146.42;54.431;11.248;0.7436;0.0794;0;0.0136;811.97;15.202;0;0;4.7406;10.462;804.02;2.2639;0.4885;0.1163;1.6166;0.0425;806.28;5.6838;4.3055;1.025;0.3478;0.0055;804.87;610.27;145.28;47.726;0.7387;42.651;34.376;13.978;3.7506;0.646;9.2924;0.8544;6.1878;0;1;0;0;2.1854;0.9816;1;1;0.9129;0.0699;0.9972;0.9992;1;0.9672;0.9456;0.993;0.993;1;0.993;0.993;0.972;0.8768;0.0657;2.3541;2.3214;0.014;-0.0019;0.3793;0.0135;0.0479;0.0015;0;0;0.088;1.7004;0;0;0;0;0;0;0;0;0;0;0;0;0.0386;0.0127;1.8159;1.8159;0;70.931;70.931;40.611;0.0505;2004.5;905.88;1;0.0275;0.0275;0;0;0;0;0;0;1.7884;1.7004;0;14.506;16.798;13.584;15.73;98.486;98.486;19.852;15.313;14.339;4.5387;0.9739;0.2286;0.0491;0.7223;41.112;0.7163;0
10/03/21 17:00;10.11;87.66;64.804;10.118;15.1;90;15.1;75.404;73.397;2.0061;28.34;0.53;0;4.8654;71.535;1.4701;0;0.2473;78.117;0;78.117;4.8654;1.4701;71.535;0.2473;0.0623;0.9189;0;0.0032;76.877;1.2402;0;0;1.0341;0.2061;73.313;3.0263;0.2945;0.089;2.6336;0.0092;76.339;0.5381;0.0341;0.0103;0.4935;0.0003;73.367;4.5369;1.3708;67.373;0.0318;43.561;35.11;13.003;0.0948;0.4997;7.1886;0.0541;7.5936;0;1;0;0;1.036;0.9841;1;1;0.9855;0.1668;0.9604;0.939;1;0.9624;0.7752;0.993;0.993;1;0.993;0.993;0.9385;0.9418;0.1284;0.2223;0.2243;0.0014;0.0153;0.0058;0.0014;0.005;0.0012;0;0;0.088;0.0962;0;0;0;0;0;0;0;0;0;0;0;0;0.004;0.0002;0.1899;0.1899;0;31.989;31.989;3.6489;0.0498;190.7;995.93;1;0.0057;0.0057;0;0;0;0;0;0;0.1842;0.0962;0;16.066;18.604;8.137;9.4225;96.983;96.983;1.8748;1.6016;0.8112;0.2732;0.7904;0.1457;0.4216;0.4327;43.548;0.4048;0
10/03/21 18:00;2.1391;93.272;84.806;2.1426;3.0597;90;3.0597;0;0;0;25.25;0.67;0;0;0;0;0;0;0;0;0;0;0;0;0;1;1;1;1;0;0;0;0;0;0;0;0;0;0;0;0;0;0;0;0;0;0;0;0;0;0;0;0;0;0;0;0;0;0;0;0;0;0;0;1;1;1;1;1;1;1;1;1;1;1;1;1;1;1;1;1;1;1;0;0;0;0;0;0;0;0;0;0.0004;0.088;-0.0884;0;0;0;0;0;0;0;0;0;0;0;0;0;0;0;0;0;0;0;-25.25;0;0;0;0;0.0004;0;0;0;0;0;0;0;-0.0004;-0.0884;0;0;0;0;0;0;0;0;0;-0.7452;0;0.7452;1;1;0;0;0;0
10/03/21 19:00;0;0;90;0;0;90;0;0;0;0;21.76;1.0301;0;0;0;0;0;0;0;0;0;0;0;0;0;1;1;1;1;0;0;0;0;0;0;0;0;0;0;0;0;0;0;0;0;0;0;0;0;0;0;0;0;0;0;0;0;0;0;0;0;0;0;0;1;1;1;1;1;1;1;1;1;1;1;1;1;1;1;1;1;1;1;0;0;0;0;0;0;0;0;0;0.0004;0.088;-0.0884;0;0;0;0;0;0;0;0;0;0;0;0;0;0;0;0;0;0;0;-21.76;0;0;0;0;0.0004;0;0;0;0;0;0;0;-0.0004;-0.0884;0;0;0;0;0;0;0;0;0;-0.7452;0;0.7452;1;1;0;0;0;0
10/03/21 20:00;0;0;90;0;0;90;0;0;0;0;19.93;2.0899;0;0;0;0;0;0;0;0;0;0;0;0;0;1;1;1;1;0;0;0;0;0;0;0;0;0;0;0;0;0;0;0;0;0;0;0;0;0;0;0;0;0;0;0;0;0;0;0;0;0;0;0;1;1;1;1;1;1;1;1;1;1;1;1;1;1;1;1;1;1;1;0;0;0;0;0;0;0;0;0;0.0004;0.088;-0.0884;0;0;0;0;0;0;0;0;0;0;0;0;0;0;0;0;0;0;0;-19.93;0;0;0;0;0.0004;0;0;0;0;0;0;0;-0.0004;-0.0884;0;0;0;0;0;0;0;0;0;-0.7452;0;0.7452;1;1;0;0;0;0
10/03/21 21:00;0;0;90;0;0;90;0;0;0;0;22.36;3.15;0;0;0;0;0;0;0;0;0;0;0;0;0;1;1;1;1;0;0;0;0;0;0;0;0;0;0;0;0;0;0;0;0;0;0;0;0;0;0;0;0;0;0;0;0;0;0;0;0;0;0;0;1;1;1;1;1;1;1;1;1;1;1;1;1;1;1;1;1;1;1;0;0;0;0;0;0;0;0;0;0.0004;0.088;-0.0884;0;0;0;0;0;0;0;0;0;0;0;0;0;0;0;0;0;0;0;-22.36;0;0;0;0;0.0004;0;0;0;0;0;0;0;-0.0004;-0.0884;0;0;0;0;0;0;0;0;0;-0.7452;0;0.7452;1;1;0;0;0;0
10/03/21 22:00;0;0;90;0;0;90;0;0;0;0;21.66;4.73;0;0;0;0;0;0;0;0;0;0;0;0;0;1;1;1;1;0;0;0;0;0;0;0;0;0;0;0;0;0;0;0;0;0;0;0;0;0;0;0;0;0;0;0;0;0;0;0;0;0;0;0;1;1;1;1;1;1;1;1;1;1;1;1;1;1;1;1;1;1;1;0;0;0;0;0;0;0;0;0;0.0004;0.088;-0.0884;0;0;0;0;0;0;0;0;0;0;0;0;0;0;0;0;0;0;0;-21.66;0;0;0;0;0.0004;0;0;0;0;0;0;0;-0.0004;-0.0884;0;0;0;0;0;0;0;0;0;-0.7452;0;0.7452;1;1;0;0;0;0
10/03/21 23:00;0;0;90;0;0;90;0;0;0;0;20.87;5.8001;0;0;0;0;0;0;0;0;0;0;0;0;0;1;1;1;1;0;0;0;0;0;0;0;0;0;0;0;0;0;0;0;0;0;0;0;0;0;0;0;0;0;0;0;0;0;0;0;0;0;0;0;1;1;1;1;1;1;1;1;1;1;1;1;1;1;1;1;1;1;1;0;0;0;0;0;0;0;0;0;0.0004;0.088;-0.0884;0;0;0;0;0;0;0;0;0;0;0;0;0;0;0;0;0;0;0;-20.87;0;0;0;0;0.0004;0;0;0;0;0;0;0;-0.0004;-0.0884;0;0;0;0;0;0;0;0;0;-0.7452;0;0.7452;1;1;0;0;0;0
11/03/21 00:00;0;0;90;0;0;90;0;0;0;0;20.34;5.62;0;0;0;0;0;0;0;0;0;0;0;0;0;1;1;1;1;0;0;0;0;0;0;0;0;0;0;0;0;0;0;0;0;0;0;0;0;0;0;0;0;0;0;0;0;0;0;0;0;0;0;0;1;1;1;1;1;1;1;1;1;1;1;1;1;1;1;1;1;1;1;0;0;0;0;0;0;0;0;0;0.0004;0.088;-0.0884;0;0;0;0;0;0;0;0;0;0;0;0;0;0;0;0;0;0;0;-20.34;0;0;0;0;0.0004;0;0;0;0;0;0;0;-0.0004;-0.0884;0;0;0;0;0;0;0;0;0;-0.7452;0;0.7452;1;1;0;0;0;0
11/03/21 01:00;0;0;90;0;0;90;0;0;0;0;19.94;5.06;0;0;0;0;0;0;0;0;0;0;0;0;0;1;1;1;1;0;0;0;0;0;0;0;0;0;0;0;0;0;0;0;0;0;0;0;0;0;0;0;0;0;0;0;0;0;0;0;0;0;0;0;1;1;1;1;1;1;1;1;1;1;1;1;1;1;1;1;1;1;1;0;0;0;0;0;0;0;0;0;0.0004;0.088;-0.0884;0;0;0;0;0;0;0;0;0;0;0;0;0;0;0;0;0;0;0;-19.94;0;0;0;0;0.0004;0;0;0;0;0;0;0;-0.0004;-0.0884;0;0;0;0;0;0;0;0;0;-0.7452;0;0.7452;1;1;0;0;0;0
11/03/21 02:00;0;0;90;0;0;90;0;0;0;0;19.6;4.96;0;0;0;0;0;0;0;0;0;0;0;0;0;1;1;1;1;0;0;0;0;0;0;0;0;0;0;0;0;0;0;0;0;0;0;0;0;0;0;0;0;0;0;0;0;0;0;0;0;0;0;0;1;1;1;1;1;1;1;1;1;1;1;1;1;1;1;1;1;1;1;0;0;0;0;0;0;0;0;0;0.0004;0.088;-0.0884;0;0;0;0;0;0;0;0;0;0;0;0;0;0;0;0;0;0;0;-19.6;0;0;0;0;0.0004;0;0;0;0;0;0;0;-0.0004;-0.0884;0;0;0;0;0;0;0;0;0;-0.7452;0;0.7452;1;1;0;0;0;0
11/03/21 03:00;0;0;90;0;0;90;0;0;0;0;19.4;4.89;0;0;0;0;0;0;0;0;0;0;0;0;0;1;1;1;1;0;0;0;0;0;0;0;0;0;0;0;0;0;0;0;0;0;0;0;0;0;0;0;0;0;0;0;0;0;0;0;0;0;0;0;1;1;1;1;1;1;1;1;1;1;1;1;1;1;1;1;1;1;1;0;0;0;0;0;0;0;0;0;0.0004;0.088;-0.0884;0;0;0;0;0;0;0;0;0;0;0;0;0;0;0;0;0;0;0;-19.4;0;0;0;0;0.0004;0;0;0;0;0;0;0;-0.0004;-0.0884;0;0;0;0;0;0;0;0;0;-0.7452;0;0.7452;1;1;0;0;0;0
11/03/21 04:00;0;0;90;0;0;90;0;0;0;0;19.4;4.66;0;0;0;0;0;0;0;0;0;0;0;0;0;1;1;1;1;0;0;0;0;0;0;0;0;0;0;0;0;0;0;0;0;0;0;0;0;0;0;0;0;0;0;0;0;0;0;0;0;0;0;0;1;1;1;1;1;1;1;1;1;1;1;1;1;1;1;1;1;1;1;0;0;0;0;0;0;0;0;0;0.0004;0.088;-0.0884;0;0;0;0;0;0;0;0;0;0;0;0;0;0;0;0;0;0;0;-19.4;0;0;0;0;0.0004;0;0;0;0;0;0;0;-0.0004;-0.0884;0;0;0;0;0;0;0;0;0;-0.7452;0;0.7452;1;1;0;0;0;0
11/03/21 05:00;0.1425;-94.197;89.654;0.1428;0.2036;-90;-0.2036;0;0;0;19.11;4.8501;0;0;0;0;0;0;0;0;0;0;0;0;0;1;1;1;1;0;0;0;0;0;0;0;0;0;0;0;0;0;0;0;0;0;0;0;0;0;0;0;0;0;0;0;0;0;0;0;0;0;0;0;1;1;1;1;1;1;1;1;1;1;1;1;1;1;1;1;1;1;1;0;0;0;0;0;0;0;0;0;0.0004;0.088;-0.0884;0;0;0;0;0;0;0;0;0;0;0;0;0;0;0;0;0;0;0;-19.11;0;0;0;0;0.0004;0;0;0;0;0;0;0;-0.0004;-0.0884;0;0;0;0;0;0;0;0;0;-0.7452;0;0.7452;1;1;0;0;0;0
11/03/21 06:00;6.4754;-89.746;74.126;6.4755;9.3983;-90;-9.3983;36.999;35.102;1.896;19.15;5.7;0;4.5984;34.443;1.0348;0;0.0472;40.123;0;40.123;4.5984;1.0348;34.443;0.0472;0.1146;0.8596;0;0.0012;39.861;0.263;0;0;0.2238;0.0392;37.235;2.3463;0.7699;0.1733;1.4013;0.0018;39.581;0.279;0.0322;0.0072;0.2395;0.0001;37.243;3.7963;0.8543;32.578;0.0062;20.628;16.626;6.1082;0.0078;0.2375;3.4157;0.0074;3.6453;0;1;0;0;1.0845;0.9934;1;1;0.9935;0.1694;0.9407;0.8314;1;0.9588;0.7756;0.993;0.993;1;0.993;0.993;0.928;0.9459;0.1305;0.1142;0.1134;0.0007;0.0118;-0.0017;0.0007;0.0025;0.0006;0;0;0.088;0.0043;0;0;0;0;0;0;0;0;0;0;0;0;0.0021;0.0001;0.0966;0.0966;0;21.001;21.001;1.8512;0.0497;95.388;1013.1;1;0.0044;0.0044;0;0;0;0;0;0;0.0923;0.0043;0;15.915;18.429;0.7004;0.811;95.467;95.467;0.963;0.8149;0.0359;0.148;0.7791;0.1537;0.809;0.0372;20.617;0.035;0
11/03/21 07:00;18.691;-80.856;38.995;18.914;32.914;-90;-32.914;175.69;131;44.698;20.99;6.2199;0;108.4;108.33;32.038;0;2.6791;251.45;0;251.45;108.4;32.038;108.33;2.6791;0.4311;0.4415;0;0.0107;243.53;7.9203;0;0;5.5503;2.37;237.6;4.2306;0.6778;0.2003;3.3049;0.0475;241.83;1.7047;0.7588;0.2243;0.7195;0.0022;238.21;106.97;31.613;98.759;0.2594;73.191;58.992;23.064;2.2599;0.8971;12.904;0.6072;11.542;0;1;0;0;1.4312;0.9685;1;1;0.9488;0.1154;0.9825;0.9937;1;0.9676;0.8451;0.993;0.993;1;0.993;0.993;0.9449;0.9116;0.0968;0.7156;0.7074;0.0043;0.0158;0.0195;0.0047;0.0166;0.0023;0;0;0.088;0.5307;0;0;0;0;0;0;0;0;0;0;0;0;0.0134;0.0015;0.6294;0.6294;0;32.69;32.69;11.7;0.0492;606.2;1038.3;1;0.0107;0.0107;0;0;0;0;0;0;0.6187;0.5307;0;16.54;19.153;13.946;16.149;98.295;98.295;6.0349;5.308;4.4753;0.727;0.8326;0.1205;0.138;0.7416;72.907;0.7141;0
11/03/21 08:00;30.578;-70.811;16.438;32.031;57.969;-90;-57.969;232.79;208.8;23.996;22.99;5.7201;0;45.243;154.32;13.426;0;10.386;223.38;0;223.38;45.243;13.426;154.32;10.386;0.2025;0.7374;0;0.0465;195.31;28.068;0;0;18.392;9.6762;189.17;4.7705;0.0255;0.0076;4.6994;0.038;193.94;1.3672;0.3167;0.094;0.9515;0.005;193.29;44.9;13.324;130.28;0.6666;138.29;111.46;48.462;22.819;2.5834;37.161;4.1171;16.926;0;1;0;0;0.9595;0.8743;1;1;0.8808;0.0683;0.9754;0.9994;1;0.9652;0.9461;0.993;0.993;1;0.993;0.993;0.8469;0.8442;0.0642;0.6357;0.6274;0.0038;0.0165;0.0166;0.0041;0.0147;0.0066;0;0;0.088;0.4546;0;0;0;0;0;0;0;0;0;0;0;0;0.0118;0.0012;0.5522;0.5522;0;32.32;32.32;9.33;0.0493;535.05;1032;1;0.0096;0.0096;0;0;0;0;0;0;0.5426;0.4546;0;16.335;18.916;13.447;15.572;98.256;98.256;5.361;4.6568;3.8334;0.7043;0.8233;0.1314;0.1536;0.7151;131.25;0.6359;0
11/03/21 09:00;41.658;-58.287;23.125;46.283;43.717;-90;-43.717;431.89;292.6;139.29;23.7;5.1701;0;192.72;213.85;61.335;0;11.375;479.29;0;479.29;192.72;61.335;213.85;11.375;0.4021;0.4699;0;0.0237;451.9;27.39;0;0;16.918;10.472;442.11;6.6245;0.1529;0.0486;6.3628;0.0601;448.73;3.1633;1.3491;0.4293;1.3785;0.0063;445.82;191.22;60.857;189.19;0.8371;236.7;190.78;77.032;11.824;3.0362;43.674;3.7068;34.886;0;1;0;0;1.1097;0.9429;1;1;0.9209;0.0794;0.9852;0.9992;1;0.9675;0.933;0.993;0.993;1;0.993;0.993;0.9224;0.8847;0.0736;1.364;1.363;0.0082;0.007;0.0998;0.0087;0.031;0.0076;0;0;0.088;1.065;0;0;0;0;0;0;0;0;0;0;0;0;0.025;0.0047;1.171;1.171;0;45.616;45.616;21.916;0.0496;1171.7;999.38;1;0.018;0.018;0;0;0;0;0;0;1.153;1.065;0;16.145;18.695;14.683;17.003;98.464;98.464;11.503;9.8751;8.9813;1.6277;0.8938;0.1415;0.0777;0.7808;157.32;0.7309;0
11/03/21 10:00;51.057;-41.286;28.184;61.932;28.068;-90;-28.068;40.905;40.803;0.1022;22.19;4.8;0;0.1158;38.4;0.0044;0;0.457;38.977;0;38.977;0.1158;0.0044;38.4;0.457;0.003;0.9969;0;0.0117;37.055;1.9224;0;0;1.5274;0.395;35.582;1.2135;0.0001;0;1.2019;0.0115;36.796;0.2594;0.0008;0;0.2581;0.0004;35.723;0.1149;0.0044;35.413;0.0501;25.04;20.182;7.7752;0.4614;0.2942;4.2316;0.1411;4.0644;0;1;0;0;0.9529;0.9507;1;1;0.9602;0.1357;0.967;0.999;1;0.9672;0.8134;0.993;0.993;1;0.993;0.993;0.9129;0.9222;0.1096;0.1109;0.1107;0.0007;0.0116;-0.0004;0.0007;0.0025;0.0007;0;0;0.088;0.0007;0;0;0;0;0;0;0;0;0;0;0;0;0.002;0.0001;0.0929;0.0929;0;23.964;23.964;1.7745;0.0499;93.029;998.47;1;0.0042;0.0042;0;0;0;0;0;0;0.0887;0.0007;0;15.747;18.235;0.1182;0.1369;95.489;95.489;0.9355;0.7833;0.0059;0.1521;0.7774;0.1626;0.8311;0.0063;24.984;0.0058;0
11/03/21 11:00;57.168;-17.786;31.082;78.85;11.15;-90;-11.15;57.705;57.499;0.2058;18.6;4.6299;0;0.2098;56.947;0.0104;0;0.1035;57.27;0;57.27;0.2098;0.0104;56.947;0.1035;0.0037;0.9962;0;0.0018;56.692;0.5783;0;0;0.4923;0.0859;54.039;2.2559;0.0003;0;2.2516;0.0039;56.295;0.3968;0.0015;0.0001;0.3952;0.0001;54.059;0.208;0.0103;53.807;0.0135;34.363;27.696;10.215;0.025;0.3937;5.6638;0.0195;6.0325;0;1;0;0;0.9925;0.9899;1;1;0.9914;0.1698;0.9599;0.9983;1;0.9598;0.7755;0.993;0.993;1;0.993;0.993;0.9436;0.9449;0.1308;0.163;0.166;0.001;0.0138;-0.0023;0.0011;0.0038;0.001;0;0;0.088;0.0507;0;0;0;0;0;0;0;0;0;0;0;0;0.0031;0.0002;0.1444;0.1444;0;21.275;21.275;2.6746;0.0495;140.46;1028;1;0.0057;0.0057;0;0;0;0;0;0;0.1387;0.0507;0;16.66;19.292;5.8459;6.7694;96.033;96.033;1.3745;1.2177;0.4273;0.1568;0.7904;0.1141;0.5751;0.3109;34.237;0.2894;0
11/03/21 12:00;57.983;10.298;31.442;83.622;6.3779;90;6.3779;42.605;42.499;0.1057;19.2;4.6001;0;0.1064;42.364;0.0039;0;0.0251;42.499;0;42.499;0.1064;0.0039;42.364;0.0251;0.0025;0.9974;0;0.0006;42.332;0.1674;0;0;0.1466;0.0209;40.234;1.8013;0.0002;0;1.8001;0.0009;42.035;0.2963;0.0007;0;0.2955;0;40.237;0.1054;0.0038;40.122;0.0032;25.273;20.37;7.4727;0.0018;0.2911;4.1876;0.0026;4.477;0;1;0;0;0.9975;0.9961;1;1;0.9965;0.167;0.9571;0.9981;1;0.9571;0.776;0.993;0.993;1;0.993;0.993;0.9467;0.9471;0.1287;0.1209;0.1235;0.0007;0.0122;-0.0017;0.0008;0.0028;0.0007;0;0;0.088;0.013;0;0;0;0;0;0;0;0;0;0;0;0;0.0022;0.0001;0.1056;0.1056;0;21.198;21.198;1.9986;0.0497;104.02;1015.6;1;0.0046;0.0046;0;0;0;0;0;0;0.101;0.013;0;16.426;19.021;2.0239;2.3436;95.621;95.621;1.02;0.8909;0.1098;0.1291;0.7811;0.1266;0.7658;0.1076;25.209;0.1002;0
11/03/21 13:00;53.143;35.546;29.212;66.452;23.548;90;23.548;202.59;199.3;3.2944;19.2;4.5;0;3.5937;190.43;0.6471;0;1.6027;196.28;0;196.28;3.5937;0.6471;190.43;1.6027;0.0183;0.9784;0;0.0082;189.18;7.0974;0;0;5.7347;1.3627;181.63;6.2194;0.0036;0.0006;6.1652;0.05;187.85;1.3242;0.0252;0.0045;1.2929;0.0017;182.08;3.5649;0.642;177.24;0.1884;122.69;98.886;37.786;1.2312;1.3945;20.06;0.4464;20.223;0;1;0;0;0.9688;0.9638;1;1;0.9699;0.1498;0.9669;0.999;1;0.9664;0.7902;0.993;0.993;1;0.993;0.993;0.9254;0.9307;0.1175;0.5586;0.5611;0.0034;0.0169;0.0063;0.0037;0.0133;0.0036;0;0;0.088;0.4049;0;0;0;0;0;0;0;0;0;0;0;0;0.0107;0.001;0.5022;0.5022;0;28.13;28.13;8.9299;0.0492;479.35;1047.6;1;0.0093;0.0093;0;0;0;0;0;0;0.4929;0.4049;0;16.907;19.578;13.633;15.787;98.157;98.157;4.7106;4.235;3.4149;0.4756;0.8202;0.101;0.1741;0.7249;120.54;0.6734;0
11/03/21 14:00;44.448;54.183;24.694;50.421;39.579;90;39.579;320.5;299.3;21.207;19.82;4.36;0;27.514;259.19;8.5021;0;6.9804;302.18;0;302.18;27.514;8.5021;259.19;6.9804;0.0911;0.8808;0;0.0231;278.03;24.16;0;0;17.767;6.3924;268.23;7.8463;0.0233;0.0072;7.7592;0.0566;276.08;1.9462;0.1926;0.0595;1.6899;0.0041;270.72;27.299;8.4354;231.97;0.5273;196.95;158.74;63.981;10.182;2.556;36.767;2.4875;29.141;0;1;0;0;0.9428;0.92;1;1;0.9314;0.0842;0.9716;0.9991;1;0.9676;0.9031;0.993;0.993;1;0.993;0.993;0.8876;0.895;0.0755;0.86;0.8482;0.0051;0.0142;0.0243;0.0056;0.02;0.0066;0;0;0.088;0.6538;0;0;0;0;0;0;0;0;0;0;0;0;0.0161;0.002;0.7543;0.7543;0;33.02;33.02;13.2;0.0492;725.79;1039.2;1;0.0125;0.0125;0;0;0;0;0;0;0.7418;0.6538;0;16.493;19.099;14.297;16.555;98.348;98.348;7.2524;6.3607;5.5135;0.8917;0.8472;0.123;0.1168;0.7602;183.97;0.6968;0
11/03/21 15:00;33.715;67.702;18.397;35.801;54.199;90;54.199;136.8;134.7;2.0987;20.4;4.6801;0;3.5878;106.46;0.6295;0;5.3938;116.07;0;116.07;3.5878;0.6295;106.46;5.3938;0.0309;0.9637;0;0.0465;99.468;16.6;0;0;11.549;5.0515;95.557;3.215;0.0023;0.0004;3.1976;0.0148;98.772;0.6963;0.0251;0.0044;0.6644;0.0024;97.791;3.5604;0.6247;91.047;0.3252;87.55;70.566;30.434;12.412;1.5193;21.855;2.2344;10.962;0;1;0;0;0.8484;0.857;1;1;0.8915;0.0635;0.9674;0.9994;1;0.9661;0.9565;0.993;0.993;1;0.993;0.993;0.8233;0.8552;0.0603;0.3303;0.3236;0.0019;0.0168;0.0001;0.0021;0.0076;0.0039;0;0;0.088;0.1898;0;0;0;0;0;0;0;0;0;0;0;0;0.0061;0.0004;0.2846;0.2846;0;25.115;25.115;4.7148;0.0493;274.78;1035.8;1;0.0068;0.0068;0;0;0;0;0;0;0.2778;0.1898;0;16.204;18.764;10.805;12.512;97.6;97.6;2.7856;2.4002;1.6005;0.3854;0.7997;0.1384;0.2871;0.5745;86.814;0.5036;0
11/03/21 16:00;21.99;78.269;24.749;22.414;45.214;90;45.214;109.3;107.4;1.8936;21.2;4.8;0;4.5924;91.197;0.9523;0;3.0687;99.81;0;99.81;4.5924;0.9523;91.197;3.0687;0.046;0.9444;0;0.0307;89.36;10.45;0;0;7.6028;2.8476;86.007;2.7272;0.0039;0.0008;2.7091;0.0134;88.734;0.6255;0.0321;0.0067;0.5852;0.0015;87.174;4.5564;0.9449;80.3;0.2062;68.015;54.82;22.665;5.6618;0.9851;14.171;1.167;9.4938;0;1;0;0;0.9132;0.8953;1;1;0.9166;0.0721;0.9693;0.9991;1;0.9674;0.9392;0.993;0.993;1;0.993;0.993;0.8617;0.8805;0.0672;0.2841;0.2778;0.0017;0.0162;0.0005;0.0018;0.0064;0.0025;0;0;0.088;0.1487;0;0;0;0;0;0;0;0;0;0;0;0;0.0052;0.0003;0.2431;0.2431;0;25.45;25.45;4.2495;0.0494;236.05;1030.1;1;0.0065;0.0065;0;0;0;0;0;0;0.2367;0.1487;0;16.098;18.641;9.8436;11.399;97.341;97.341;2.3954;2.0505;1.2539;0.3449;0.7966;0.144;0.3326;0.5234;68.004;0.4731;0
11/03/21 17:00;9.8296;87.372;65.541;9.8398;14.646;90;14.646;55.009;54.1;0.9091;21;4.75;0;2.2049;53.016;0.5052;0;0.1698;55.896;0;55.896;2.2049;0.5052;53.016;0.1698;0.0394;0.9515;0;0.003;55.027;0.8694;0;0;0.728;0.1414;52.489;2.1527;0.1446;0.0331;1.9686;0.0063;54.642;0.3852;0.0154;0.0035;0.366;0.0002;52.526;2.0448;0.4685;49.954;0.0218;32.228;25.976;9.6116;0.063;0.3698;5.3197;0.0371;5.6265;0;1;0;0;1.0161;0.9844;1;1;0.9863;0.167;0.9606;0.9339;1;0.9621;0.7751;0.993;0.993;1;0.993;0.993;0.939;0.9422;0.1286;0.1591;0.1609;0.001;0.0136;-0.0008;0.001;0.0037;0.0009;0;0;0.088;0.045;0;0;0;0;0;0;0;0;0;0;0;0;0.0029;0.0001;0.1385;0.1385;0;23.604;23.604;2.6039;0.0496;136.17;1016.9;1;0.0055;0.0055;0;0;0;0;0;0;0.133;0.045;0;16.37;18.956;5.3198;6.1602;96.049;96.049;1.3415;1.1677;0.3795;0.1738;0.7883;0.1295;0.5876;0.2829;32.223;0.2641;0
11/03/21 18:00;1.8588;92.989;85.488;1.8614;2.6568;90;2.6568;0;0;0;20.62;4.26;0;0;0;0;0;0;0;0;0;0;0;0;0;1;1;1;1;0;0;0;0;0;0;0;0;0;0;0;0;0;0;0;0;0;0;0;0;0;0;0;0;0;0;0;0;0;0;0;0;0;0;0;1;1;1;1;1;1;1;1;1;1;1;1;1;1;1;1;1;1;1;0;0;0;0;0;0;0;0;0;0.0004;0.088;-0.0884;0;0;0;0;0;0;0;0;0;0;0;0;0;0;0;0;0;0;0;-20.62;0;0;0;0;0.0004;0;0;0;0;0;0;0;-0.0004;-0.0884;0;0;0;0;0;0;0;0;0;-0.7452;0;0.7452;1;1;0;0;0;0
11/03/21 19:00;0;0;90;0;0;90;0;0;0;0;19.8;3.61;0;0;0;0;0;0;0;0;0;0;0;0;0;1;1;1;1;0;0;0;0;0;0;0;0;0;0;0;0;0;0;0;0;0;0;0;0;0;0;0;0;0;0;0;0;0;0;0;0;0;0;0;1;1;1;1;1;1;1;1;1;1;1;1;1;1;1;1;1;1;1;0;0;0;0;0;0;0;0;0;0.0004;0.088;-0.0884;0;0;0;0;0;0;0;0;0;0;0;0;0;0;0;0;0;0;0;-19.8;0;0;0;0;0.0004;0;0;0;0;0;0;0;-0.0004;-0.0884;0;0;0;0;0;0;0;0;0;-0.7452;0;0.7452;1;1;0;0;0;0
11/03/21 20:00;0;0;90;0;0;90;0;0;0;0;19.4;3.1701;0;0;0;0;0;0;0;0;0;0;0;0;0;1;1;1;1;0;0;0;0;0;0;0;0;0;0;0;0;0;0;0;0;0;0;0;0;0;0;0;0;0;0;0;0;0;0;0;0;0;0;0;1;1;1;1;1;1;1;1;1;1;1;1;1;1;1;1;1;1;1;0;0;0;0;0;0;0;0;0;0.0004;0.088;-0.0884;0;0;0;0;0;0;0;0;0;0;0;0;0;0;0;0;0;0;0;-19.4;0;0;0;0;0.0004;0;0;0;0;0;0;0;-0.0004;-0.0884;0;0;0;0;0;0;0;0;0;-0.7452;0;0.7452;1;1;0;0;0;0
11/03/21 21:00;0;0;90;0;0;90;0;0;0;0;18.4;3.37;0;0;0;0;0;0;0;0;0;0;0;0;0;1;1;1;1;0;0;0;0;0;0;0;0;0;0;0;0;0;0;0;0;0;0;0;0;0;0;0;0;0;0;0;0;0;0;0;0;0;0;0;1;1;1;1;1;1;1;1;1;1;1;1;1;1;1;1;1;1;1;0;0;0;0;0;0;0;0;0;0.0004;0.088;-0.0884;0;0;0;0;0;0;0;0;0;0;0;0;0;0;0;0;0;0;0;-18.4;0;0;0;0;0.0004;0;0;0;0;0;0;0;-0.0004;-0.0884;0;0;0;0;0;0;0;0;0;-0.7452;0;0.7452;1;1;0;0;0;0
11/03/21 22:00;0;0;90;0;0;90;0;0;0;0;18.12;3.4399;0;0;0;0;0;0;0;0;0;0;0;0;0;1;1;1;1;0;0;0;0;0;0;0;0;0;0;0;0;0;0;0;0;0;0;0;0;0;0;0;0;0;0;0;0;0;0;0;0;0;0;0;1;1;1;1;1;1;1;1;1;1;1;1;1;1;1;1;1;1;1;0;0;0;0;0;0;0;0;0;0.0004;0.088;-0.0884;0;0;0;0;0;0;0;0;0;0;0;0;0;0;0;0;0;0;0;-18.12;0;0;0;0;0.0004;0;0;0;0;0;0;0;-0.0004;-0.0884;0;0;0;0;0;0;0;0;0;-0.7452;0;0.7452;1;1;0;0;0;0
11/03/21 23:00;0;0;90;0;0;90;0;0;0;0;17.6;3.4201;0;0;0;0;0;0;0;0;0;0;0;0;0;1;1;1;1;0;0;0;0;0;0;0;0;0;0;0;0;0;0;0;0;0;0;0;0;0;0;0;0;0;0;0;0;0;0;0;0;0;0;0;1;1;1;1;1;1;1;1;1;1;1;1;1;1;1;1;1;1;1;0;0;0;0;0;0;0;0;0;0.0004;0.088;-0.0884;0;0;0;0;0;0;0;0;0;0;0;0;0;0;0;0;0;0;0;-17.6;0;0;0;0;0.0004;0;0;0;0;0;0;0;-0.0004;-0.0884;0;0;0;0;0;0;0;0;0;-0.7452;0;0.7452;1;1;0;0;0;0
12/03/21 00:00;0;0;90;0;0;90;0;0;0;0;17.41;3.0399;0;0;0;0;0;0;0;0;0;0;0;0;0;1;1;1;1;0;0;0;0;0;0;0;0;0;0;0;0;0;0;0;0;0;0;0;0;0;0;0;0;0;0;0;0;0;0;0;0;0;0;0;1;1;1;1;1;1;1;1;1;1;1;1;1;1;1;1;1;1;1;0;0;0;0;0;0;0;0;0;0.0004;0.088;-0.0884;0;0;0;0;0;0;0;0;0;0;0;0;0;0;0;0;0;0;0;-17.41;0;0;0;0;0.0004;0;0;0;0;0;0;0;-0.0004;-0.0884;0;0;0;0;0;0;0;0;0;-0.7452;0;0.7452;1;1;0;0;0;0
12/03/21 01:00;0;0;90;0;0;90;0;0;0;0;17.49;2.7099;0;0;0;0;0;0;0;0;0;0;0;0;0;1;1;1;1;0;0;0;0;0;0;0;0;0;0;0;0;0;0;0;0;0;0;0;0;0;0;0;0;0;0;0;0;0;0;0;0;0;0;0;1;1;1;1;1;1;1;1;1;1;1;1;1;1;1;1;1;1;1;0;0;0;0;0;0;0;0;0;0.0004;0.088;-0.0884;0;0;0;0;0;0;0;0;0;0;0;0;0;0;0;0;0;0;0;-17.49;0;0;0;0;0.0004;0;0;0;0;0;0;0;-0.0004;-0.0884;0;0;0;0;0;0;0;0;0;-0.7452;0;0.7452;1;1;0;0;0;0
12/03/21 02:00;0;0;90;0;0;90;0;0;0;0;18;2.6201;0;0;0;0;0;0;0;0;0;0;0;0;0;1;1;1;1;0;0;0;0;0;0;0;0;0;0;0;0;0;0;0;0;0;0;0;0;0;0;0;0;0;0;0;0;0;0;0;0;0;0;0;1;1;1;1;1;1;1;1;1;1;1;1;1;1;1;1;1;1;1;0;0;0;0;0;0;0;0;0;0.0004;0.088;-0.0884;0;0;0;0;0;0;0;0;0;0;0;0;0;0;0;0;0;0;0;-18;0;0;0;0;0.0004;0;0;0;0;0;0;0;-0.0004;-0.0884;0;0;0;0;0;0;0;0;0;-0.7452;0;0.7452;1;1;0;0;0;0
12/03/21 03:00;0;0;90;0;0;90;0;0;0;0;18.22;2.57;0;0;0;0;0;0;0;0;0;0;0;0;0;1;1;1;1;0;0;0;0;0;0;0;0;0;0;0;0;0;0;0;0;0;0;0;0;0;0;0;0;0;0;0;0;0;0;0;0;0;0;0;1;1;1;1;1;1;1;1;1;1;1;1;1;1;1;1;1;1;1;0;0;0;0;0;0;0;0;0;0.0004;0.088;-0.0884;0;0;0;0;0;0;0;0;0;0;0;0;0;0;0;0;0;0;0;-18.22;0;0;0;0;0.0004;0;0;0;0;0;0;0;-0.0004;-0.0884;0;0;0;0;0;0;0;0;0;-0.7452;0;0.7452;1;1;0;0;0;0
12/03/21 04:00;0;0;90;0;0;90;0;0;0;0;17.11;2.49;0;0;0;0;0;0;0;0;0;0;0;0;0;1;1;1;1;0;0;0;0;0;0;0;0;0;0;0;0;0;0;0;0;0;0;0;0;0;0;0;0;0;0;0;0;0;0;0;0;0;0;0;1;1;1;1;1;1;1;1;1;1;1;1;1;1;1;1;1;1;1;0;0;0;0;0;0;0;0;0;0.0004;0.088;-0.0884;0;0;0;0;0;0;0;0;0;0;0;0;0;0;0;0;0;0;0;-17.11;0;0;0;0;0.0004;0;0;0;0;0;0;0;-0.0004;-0.0884;0;0;0;0;0;0;0;0;0;-0.7452;0;0.7452;1;1;0;0;0;0
12/03/21 05:00;0.1754;-93.692;89.575;0.1758;0.2506;-90;-0.2506;0;0;0;16.1;2.5499;0;0;0;0;0;0;0;0;0;0;0;0;0;1;1;1;1;0;0;0;0;0;0;0;0;0;0;0;0;0;0;0;0;0;0;0;0;0;0;0;0;0;0;0;0;0;0;0;0;0;0;0;1;1;1;1;1;1;1;1;1;1;1;1;1;1;1;1;1;1;1;0;0;0;0;0;0;0;0;0;0.0004;0.088;-0.0884;0;0;0;0;0;0;0;0;0;0;0;0;0;0;0;0;0;0;0;-16.1;0;0;0;0;0.0004;0;0;0;0;0;0;0;-0.0004;-0.0884;0;0;0;0;0;0;0;0;0;-0.7452;0;0.7452;1;1;0;0;0;0
12/03/21 06:00;6.3056;-89.382;74.551;6.306;9.1435;-90;-9.1435;84.8;19.604;65.196;16.75;3.0299;0;158.12;11.115;20.415;0;0.1024;189.75;0;189.75;158.12;20.415;11.115;0.1024;0.8333;0.0591;0;0.0005;189.6;0.154;0;0;0.069;0.085;156.49;31.783;27.743;3.5819;0.454;0.0039;188.27;1.3272;1.1068;0.1429;0.0773;0.0001;156.49;129.27;16.69;10.515;0.0134;7.01;5.6501;2.1383;0.0023;0.0766;1.1019;0.0022;1.1762;0;1;0;0;2.2376;0.9992;1;1;0.9938;0.1694;0.8312;0.8233;1;0.9586;0.7756;0.993;0.993;1;0.993;0.993;0.8247;0.946;0.1304;0.54;0.4499;0.0027;0.0173;-0.0009;0.003;0.0107;0.0002;0;0;0.088;0.3113;0;0;0;0;0;0;0;0;0;0;0;0;0.0086;0.0007;0.4077;0.4077;0;24.43;24.43;7.6797;0.0491;385.27;1058.2;1;0.0084;0.0084;0;0;0;0;0;0;0.3993;0.3113;0;14.197;16.44;10.842;12.554;97.95;97.95;4.554;3.438;2.6254;1.116;0.8126;0.2451;0.1784;0.5765;6.6494;0.574;0
12/03/21 07:00;18.514;-80.478;39.635;18.755;32.485;-90;-32.485;282;54.001;228;20.74;2.89;0;552.97;23.923;68.022;0;4.1918;649.1;0;649.1;552.97;68.022;23.923;4.1918;0.8519;0.0433;0;0.0065;644.2;4.9012;0;0;1.2005;3.7007;634.77;4.9221;3.6632;0.4506;0.7311;0.0771;639.69;4.5094;3.8708;0.4762;0.1591;0.0034;634.9;545.43;67.096;21.832;0.4106;17.303;13.947;5.6601;0.4779;0.1949;2.8042;0.1278;2.5213;0;1;0;0;2.3018;0.9924;1;1;0.9498;0.1172;0.9923;0.9933;1;0.9676;0.8419;0.993;0.993;1;0.993;0.993;0.9779;0.9126;0.0979;1.8473;1.8221;0.011;0.0013;0.1761;0.0114;0.0406;0.0005;0;0;0.088;1.4289;0;0;0;0;0;0;0;0;0;0;0;0;0.0327;0.008;1.5406;1.5406;0;52.331;52.331;31.591;0.0498;1571.5;980.31;1;0.0237;0.0237;0;0;0;0;0;0;1.5169;1.4289;0;15.683;18.161;14.546;16.844;98.462;98.462;15.578;12.992;12.05;2.5868;0.9419;0.1661;0.0605;0.7735;16.049;0.771;0
12/03/21 08:00;30.381;-70.408;16.815;31.893;58.107;-90;-58.107;257.7;217.4;40.302;22.79;2.3899;0;76.281;156.55;23.719;0;11.547;268.1;0;268.1;76.281;23.719;156.55;11.547;0.2845;0.627;0;0.0431;238.62;29.481;0;0;18.723;10.758;232.08;4.8706;0.044;0.0137;4.7701;0.0428;236.95;1.6703;0.534;0.166;0.9648;0.0055;236.43;75.703;23.539;132.09;0.7411;145.16;117;50.674;23.347;2.685;38.622;4.3515;17.961;0;1;0;0;1.0404;0.89;1;1;0.8804;0.0684;0.9794;0.9994;1;0.9651;0.9454;0.993;0.993;1;0.993;0.993;0.8656;0.8438;0.0642;0.763;0.7538;0.0045;0.0153;0.025;0.005;0.0176;0.0069;0;0;0.088;0.5646;0;0;0;0;0;0;0;0;0;0;0;0;0.0142;0.0016;0.6637;0.6637;0;34.236;34.236;11.445;0.0493;644.4;1030;1;0.0111;0.0111;0;0;0;0;0;0;0.6526;0.5646;0;16.359;18.943;13.916;16.114;98.326;98.326;6.4344;5.5971;4.7613;0.8373;0.8358;0.1301;0.1299;0.74;133.36;0.6679;0
12/03/21 09:00;41.423;-57.856;23.513;46.18;43.82;-90;-43.82;324.8;285.6;39.2;23.51;1.8301;0;54.33;235.3;16.965;0;8.5929;315.19;0;315.19;54.33;16.965;235.3;8.5929;0.1724;0.7738;0;0.0273;288.6;26.591;0;0;18.679;7.912;279.47;7.1026;0.0438;0.0137;7.0002;0.0449;286.58;2.0202;0.3803;0.1188;1.5163;0.0048;282.58;53.906;16.833;208.1;0.6312;195.44;157.53;64.365;13.114;2.6754;38.484;3.1063;28.045;0;1;0;0;0.9704;0.9156;1;1;0.9206;0.0792;0.9752;0.9992;1;0.9675;0.9336;0.993;0.993;1;0.993;0.993;0.8867;0.8844;0.0735;0.897;0.8856;0.0053;0.0137;0.0391;0.0058;0.0205;0.0068;0;0;0.088;0.675;0;0;0;0;0;0;0;0;0;0;0;0;0.0165;0.0021;0.7756;0.7756;0;37.309;37.309;13.799;0.0494;758.84;1022.1;1;0.0126;0.0126;0;0;0;0;0;0;0.763;0.675;0;16.26;18.829;14.152;16.388;98.381;98.381;7.5645;6.5406;5.6926;1.0239;0.848;0.1354;0.1121;0.7525;173.26;0.6895;0
12/03/21 10:00;50.762;-40.859;28.581;61.886;28.114;-90;-28.114;490.71;353.3;137.41;24.07;1.71;0;155.79;289.79;51.405;0;5.5005;502.49;0;502.49;155.79;51.405;289.79;5.5005;0.31;0.5877;0;0.0109;486.18;16.312;0;0;11.557;4.7553;473.37;9.4082;0.1527;0.0504;9.0672;0.1378;482.77;3.4032;1.0906;0.3598;1.9476;0.0052;475;154.55;50.995;267.22;0.6021;286.33;230.79;89.077;3.5028;3.2377;46.573;1.6315;46.308;0;1;0;0;1.024;0.9675;1;1;0.9601;0.1355;0.9805;0.999;1;0.9672;0.8137;0.993;0.993;1;0.993;0.993;0.942;0.9221;0.1095;1.43;1.4523;0.0087;0.0058;0.1163;0.0093;0.0328;0.008;0;0;0.088;1.1328;0;0;0;0;0;0;0;0;0;0;0;0;0.0264;0.0052;1.2397;1.2397;0;47.565;47.565;23.495;0.0496;1248.5;992.94;1;0.0189;0.0189;0;0;0;0;0;0;1.2208;1.1328;0;16.302;18.877;14.896;17.25;98.476;98.476;12.06;10.454;9.5528;1.6055;0.9014;0.1331;0.0747;0.7921;188.6;0.7407;0
12/03/21 11:00;56.803;-17.486;31.481;78.878;11.122;-90;-11.122;944.91;155.9;789.01;24.7;1.79;0;804.11;49.104;108.37;0;1.686;963.27;0;963.27;804.11;108.37;49.104;1.686;0.8348;0.0527;0;0.0018;961.44;1.8225;0;0;0.4228;1.3997;950.98;3.7299;1.5189;0.2047;1.9424;0.0638;954.71;6.7301;5.6288;0.7586;0.3408;0.002;951.34;796.96;107.4;46.398;0.2205;550.47;443.68;170.02;0.0218;5.8678;84.405;0.3505;90.251;0;1;0;0;1.0194;0.9981;1;1;0.9914;0.1698;0.9961;0.9981;1;0.9598;0.7755;0.993;0.993;1;0.993;0.993;0.9872;0.9449;0.1308;2.7414;2.8909;0.0174;0.0003;0.4893;0.0167;0.0592;0.0132;0;0;0.088;2.1044;0;0;0;0;0;0;0;0;0;0;0;0;0.0477;0.0192;2.2279;2.2279;0;72.804;72.804;48.104;0.0506;2489.7;894.85;1;0.0356;0.0356;0;0;0;0;0;0;2.1924;2.1044;0;15.284;17.698;14.436;16.716;98.403;98.403;23.118;18.789;17.746;4.3299;1.0423;0.1873;0.0451;0.7676;29.52;0.7204;0
12/03/21 12:00;57.584;10.316;31.83;83.512;6.4876;90;6.4876;536.21;398.7;137.51;26.62;1.7699;0;138.39;350.59;47.28;0;0.3262;536.59;0;536.59;138.39;47.28;350.59;0.3262;0.2579;0.654;0;0.0006;535.08;1.5183;0;0;1.2466;0.2717;516.05;15.277;0.2895;0.0989;14.876;0.0121;531.33;3.7455;0.9688;0.331;2.4454;0.0004;516.09;137.14;46.85;332.03;0.042;316.96;255.47;95.306;0.0158;3.5474;51.029;0.0393;54.56;0;1;0;0;1.0007;0.9972;1;1;0.9964;0.1671;0.9712;0.9979;1;0.9571;0.7759;0.993;0.993;1;0.993;0.993;0.9617;0.947;0.1287;1.5271;1.5788;0.0095;0.0041;0.1532;0.0099;0.0351;0.0087;0;0;0.088;1.2162;0;0;0;0;0;0;0;0;0;0;0;0;0.0282;0.0061;1.324;1.324;0;52.324;52.324;25.704;0.0498;1356.8;975.83;1;0.0198;0.0198;0;0;0;0;0;0;1.3042;1.2162;0;16.305;18.881;14.977;17.343;98.502;98.502;12.878;11.166;10.256;1.7127;0.9093;0.133;0.0706;0.7964;208.66;0.7435;0
12/03/21 13:00;52.765;35.336;29.579;66.271;23.729;90;23.729;923.69;152.4;771.29;27.88;1.6799;0;842.52;43.677;116.66;0;7.4184;1010.3;0;1010.3;842.52;116.66;43.677;7.4184;0.8339;0.0506;0;0.0073;1002.6;7.6437;0;0;1.3315;6.3122;993;2.6146;0.8548;0.1184;1.4118;0.2297;995.61;7.0184;5.8976;0.8166;0.2964;0.0077;994.94;835.76;115.73;40.637;0.8687;512.21;412.84;159.76;0.292;5.3765;77.34;1.9498;82.424;0;1;0;0;1.0937;0.9924;1;1;0.9695;0.1491;0.9974;0.999;1;0.9664;0.7909;0.993;0.993;1;0.993;0.993;0.9829;0.9304;0.1171;2.8752;3.0015;0.0181;0.0017;0.5682;0.0169;0.0599;0.0118;0;0;0.088;2.1323;0;0;0;0;0;0;0;0;0;0;0;0;0.0483;0.0206;2.2561;2.2561;0;78.339;78.339;50.459;0.0508;2576.9;875;1;0.0358;0.0358;0;0;0;0;0;0;2.2203;2.1323;0;14.756;17.088;13.947;16.15;98.413;98.413;24.247;19.026;17.982;5.2209;1.044;0.2153;0.0431;0.7416;27.675;0.7014;0
12/03/21 14:00;44.108;53.89;25.034;50.191;39.809;90;39.809;726.49;149.1;577.4;28.57;1.63;0;751.64;52.716;116.47;0;15.999;936.82;0;936.82;751.64;116.47;52.716;15.999;0.8023;0.0733;0;0.0171;918.51;18.311;0;0;3.646;14.665;909.63;2.4482;0.6454;0.1;1.5776;0.1251;912.08;6.4296;5.2615;0.8153;0.3435;0.0093;914.09;745.73;115.55;47.149;1.1999;348.17;280.62;111.07;2.1161;3.6185;52.051;4.4582;53.554;0;1;0;0;1.2895;0.9805;1;1;0.9308;0.0834;0.9973;0.9991;1;0.9676;0.9056;0.993;0.993;1;0.993;0.993;0.971;0.8944;0.075;2.6661;2.7195;0.0164;-0.0011;0.4795;0.0156;0.0552;0.0081;0;0;0.088;1.9642;0;0;0;0;0;0;0;0;0;0;0;0;0.0445;0.0171;2.0843;2.0843;0;74.652;74.652;46.082;0.0507;2344.8;888.93;1;0.0321;0.0321;0;0;0;0;0;0;2.0522;1.9642;0;14.702;17.025;13.855;16.043;98.458;98.458;22.484;17.577;16.564;4.9062;1.0132;0.2182;0.0451;0.7367;37.49;0.7073;0
12/03/21 15:00;33.407;67.398;18.713;35.543;54.457;90;54.457;542.01;159.6;382.41;28.91;1.65;0;657.84;62.79;137.94;0;21.559;880.12;0;880.12;657.84;137.94;62.79;21.559;0.7474;0.0958;0;0.0245;853.07;27.05;0;0;6.8586;20.192;844.64;2.4579;0.4222;0.0885;1.8874;0.0597;847.1;5.9715;4.6049;0.9656;0.3915;0.0096;849.41;652.81;136.88;53.653;1.2977;187.43;151.07;58.537;7.4486;2.4396;35.093;4.7634;30.084;0;1;0;0;1.6238;0.9693;1;1;0.8908;0.0634;0.9971;0.9994;1;0.966;0.956;0.993;0.993;1;0.993;0.993;0.9597;0.8545;0.0602;2.5048;2.5005;0.0151;-0.002;0.4138;0.0145;0.0515;0.0055;0;0;0.088;1.8282;0;0;0;0;0;0;0;0;0;0;0;0;0.0415;0.0146;1.9461;1.9461;0;71.594;71.594;42.684;0.0505;2155.4;902.9;1;0.0299;0.0299;0;0;0;0;0;0;1.9162;1.8282;0;14.611;16.919;13.726;15.895;98.466;98.466;21.123;16.411;15.418;4.7115;0.9939;0.223;0.0471;0.7299;51.346;0.7087;0
12/03/21 16:00;21.701;77.973;26.264;22.141;43.931;90;43.931;327.4;160.5;166.9;29;1.24;0;404.78;92.97;127.1;0;8.7034;633.55;0;633.55;404.78;127.1;92.97;8.7034;0.6389;0.1605;0;0.0137;618.06;15.488;0;0;7.4317;8.0568;610.45;3.2867;0.3647;0.1145;2.7641;0.0434;613.74;4.3265;2.8335;0.8897;0.5988;0.0045;611.55;401.59;126.09;82.175;0.5986;69.597;56.095;23.219;5.2282;0.9695;13.946;1.1005;9.6875;0;1;0;0;1.9351;0.9756;1;1;0.9201;0.0743;0.9946;0.9991;1;0.9675;0.9324;0.993;0.993;1;0.993;0.993;0.9635;0.8839;0.0688;1.803;1.7776;0.0107;0.0018;0.2186;0.0108;0.0384;0.0023;0;0;0.088;1.3469;0;0;0;0;0;0;0;0;0;0;0;0;0.0309;0.0077;1.4564;1.4564;0;59.568;59.568;30.568;0.0501;1534.5;949.15;1;0.0215;0.0215;0;0;0;0;0;0;1.4349;1.3469;0;15.191;17.59;14.048;16.267;98.521;98.521;15.205;12.282;11.358;2.9231;0.9238;0.1922;0.0608;0.747;68.522;0.7349;0
12/03/21 17:00;9.5476;87.085;66.28;9.5598;14.192;90;14.192;107.91;94.797;13.112;28;0.6;0;31.801;88.012;13.147;0;0.3129;133.27;0;133.27;31.801;13.147;88.012;0.3129;0.2386;0.6627;0;0.0023;131.87;1.4067;0;0;1.1461;0.2606;124.44;6.5055;2.2625;0.9354;3.2959;0.0117;130.94;0.9231;0.2226;0.092;0.6081;0.0004;124.49;29.316;12.12;82.962;0.0403;53.499;43.12;15.957;0.0935;0.6131;8.8187;0.0568;9.3383;0;1;0;0;1.2351;0.9894;1;1;0.987;0.1672;0.9503;0.9284;1;0.9618;0.775;0.993;0.993;1;0.993;0.993;0.9337;0.9426;0.1287;0.3793;0.3739;0.0023;0.0171;0.0126;0.0024;0.0085;0.0015;0;0;0.088;0.2272;0;0;0;0;0;0;0;0;0;0;0;0;0.0068;0.0005;0.3222;0.3222;0;34.171;34.171;6.1707;0.0496;319.34;1008.9;1;0.007;0.007;0;0;0;0;0;0;0.3152;0.2272;0;15.975;18.499;11.266;13.046;97.839;97.839;3.1986;2.7171;1.9162;0.4815;0.8008;0.1505;0.2504;0.5991;53.409;0.5708;0
12/03/21 18:00;1.7811;92.562;85.677;1.7828;2.5445;90;2.5445;0;0;0;25.04;0.3801;0;0;0;0;0;0;0;0;0;0;0;0;0;1;1;1;1;0;0;0;0;0;0;0;0;0;0;0;0;0;0;0;0;0;0;0;0;0;0;0;0;0;0;0;0;0;0;0;0;0;0;0;1;1;1;1;1;1;1;1;1;1;1;1;1;1;1;1;1;1;1;0;0;0;0;0;0;0;0;0;0.0004;0.088;-0.0884;0;0;0;0;0;0;0;0;0;0;0;0;0;0;0;0;0;0;0;-25.04;0;0;0;0;0.0004;0;0;0;0;0;0;0;-0.0004;-0.0884;0;0;0;0;0;0;0;0;0;-0.7452;0;0.7452;1;1;0;0;0;0
12/03/21 19:00;0;0;90;0;0;90;0;0;0;0;21.24;1.1801;0;0;0;0;0;0;0;0;0;0;0;0;0;1;1;1;1;0;0;0;0;0;0;0;0;0;0;0;0;0;0;0;0;0;0;0;0;0;0;0;0;0;0;0;0;0;0;0;0;0;0;0;1;1;1;1;1;1;1;1;1;1;1;1;1;1;1;1;1;1;1;0;0;0;0;0;0;0;0;0;0.0004;0.088;-0.0884;0;0;0;0;0;0;0;0;0;0;0;0;0;0;0;0;0;0;0;-21.24;0;0;0;0;0.0004;0;0;0;0;0;0;0;-0.0004;-0.0884;0;0;0;0;0;0;0;0;0;-0.7452;0;0.7452;1;1;0;0;0;0
12/03/21 20:00;0;0;90;0;0;90;0;0;0;0;21.2;1.9101;0;0;0;0;0;0;0;0;0;0;0;0;0;1;1;1;1;0;0;0;0;0;0;0;0;0;0;0;0;0;0;0;0;0;0;0;0;0;0;0;0;0;0;0;0;0;0;0;0;0;0;0;1;1;1;1;1;1;1;1;1;1;1;1;1;1;1;1;1;1;1;0;0;0;0;0;0;0;0;0;0.0004;0.088;-0.0884;0;0;0;0;0;0;0;0;0;0;0;0;0;0;0;0;0;0;0;-21.2;0;0;0;0;0.0004;0;0;0;0;0;0;0;-0.0004;-0.0884;0;0;0;0;0;0;0;0;0;-0.7452;0;0.7452;1;1;0;0;0;0
12/03/21 21:00;0;0;90;0;0;90;0;0;0;0;19.83;2.3199;0;0;0;0;0;0;0;0;0;0;0;0;0;1;1;1;1;0;0;0;0;0;0;0;0;0;0;0;0;0;0;0;0;0;0;0;0;0;0;0;0;0;0;0;0;0;0;0;0;0;0;0;1;1;1;1;1;1;1;1;1;1;1;1;1;1;1;1;1;1;1;0;0;0;0;0;0;0;0;0;0.0004;0.088;-0.0884;0;0;0;0;0;0;0;0;0;0;0;0;0;0;0;0;0;0;0;-19.83;0;0;0;0;0.0004;0;0;0;0;0;0;0;-0.0004;-0.0884;0;0;0;0;0;0;0;0;0;-0.7452;0;0.7452;1;1;0;0;0;0
12/03/21 22:00;0;0;90;0;0;90;0;0;0;0;19.19;2.59;0;0;0;0;0;0;0;0;0;0;0;0;0;1;1;1;1;0;0;0;0;0;0;0;0;0;0;0;0;0;0;0;0;0;0;0;0;0;0;0;0;0;0;0;0;0;0;0;0;0;0;0;1;1;1;1;1;1;1;1;1;1;1;1;1;1;1;1;1;1;1;0;0;0;0;0;0;0;0;0;0.0004;0.088;-0.0884;0;0;0;0;0;0;0;0;0;0;0;0;0;0;0;0;0;0;0;-19.19;0;0;0;0;0.0004;0;0;0;0;0;0;0;-0.0004;-0.0884;0;0;0;0;0;0;0;0;0;-0.7452;0;0.7452;1;1;0;0;0;0
12/03/21 23:00;0;0;90;0;0;90;0;0;0;0;19.2;2.7801;0;0;0;0;0;0;0;0;0;0;0;0;0;1;1;1;1;0;0;0;0;0;0;0;0;0;0;0;0;0;0;0;0;0;0;0;0;0;0;0;0;0;0;0;0;0;0;0;0;0;0;0;1;1;1;1;1;1;1;1;1;1;1;1;1;1;1;1;1;1;1;0;0;0;0;0;0;0;0;0;0.0004;0.088;-0.0884;0;0;0;0;0;0;0;0;0;0;0;0;0;0;0;0;0;0;0;-19.2;0;0;0;0;0.0004;0;0;0;0;0;0;0;-0.0004;-0.0884;0;0;0;0;0;0;0;0;0;-0.7452;0;0.7452;1;1;0;0;0;0
13/03/21 00:00;0;0;90;0;0;90;0;0;0;0;18.43;2.9301;0;0;0;0;0;0;0;0;0;0;0;0;0;1;1;1;1;0;0;0;0;0;0;0;0;0;0;0;0;0;0;0;0;0;0;0;0;0;0;0;0;0;0;0;0;0;0;0;0;0;0;0;1;1;1;1;1;1;1;1;1;1;1;1;1;1;1;1;1;1;1;0;0;0;0;0;0;0;0;0;0.0004;0.088;-0.0884;0;0;0;0;0;0;0;0;0;0;0;0;0;0;0;0;0;0;0;-18.43;0;0;0;0;0.0004;0;0;0;0;0;0;0;-0.0004;-0.0884;0;0;0;0;0;0;0;0;0;-0.7452;0;0.7452;1;1;0;0;0;0
13/03/21 01:00;0;0;90;0;0;90;0;0;0;0;17.63;3.05;0;0;0;0;0;0;0;0;0;0;0;0;0;1;1;1;1;0;0;0;0;0;0;0;0;0;0;0;0;0;0;0;0;0;0;0;0;0;0;0;0;0;0;0;0;0;0;0;0;0;0;0;1;1;1;1;1;1;1;1;1;1;1;1;1;1;1;1;1;1;1;0;0;0;0;0;0;0;0;0;0.0004;0.088;-0.0884;0;0;0;0;0;0;0;0;0;0;0;0;0;0;0;0;0;0;0;-17.63;0;0;0;0;0.0004;0;0;0;0;0;0;0;-0.0004;-0.0884;0;0;0;0;0;0;0;0;0;-0.7452;0;0.7452;1;1;0;0;0;0
13/03/21 02:00;0;0;90;0;0;90;0;0;0;0;17.9;3.14;0;0;0;0;0;0;0;0;0;0;0;0;0;1;1;1;1;0;0;0;0;0;0;0;0;0;0;0;0;0;0;0;0;0;0;0;0;0;0;0;0;0;0;0;0;0;0;0;0;0;0;0;1;1;1;1;1;1;1;1;1;1;1;1;1;1;1;1;1;1;1;0;0;0;0;0;0;0;0;0;0.0004;0.088;-0.0884;0;0;0;0;0;0;0;0;0;0;0;0;0;0;0;0;0;0;0;-17.9;0;0;0;0;0.0004;0;0;0;0;0;0;0;-0.0004;-0.0884;0;0;0;0;0;0;0;0;0;-0.7452;0;0.7452;1;1;0;0;0;0
13/03/21 03:00;0;0;90;0;0;90;0;0;0;0;17.66;3.3401;0;0;0;0;0;0;0;0;0;0;0;0;0;1;1;1;1;0;0;0;0;0;0;0;0;0;0;0;0;0;0;0;0;0;0;0;0;0;0;0;0;0;0;0;0;0;0;0;0;0;0;0;1;1;1;1;1;1;1;1;1;1;1;1;1;1;1;1;1;1;1;0;0;0;0;0;0;0;0;0;0.0004;0.088;-0.0884;0;0;0;0;0;0;0;0;0;0;0;0;0;0;0;0;0;0;0;-17.66;0;0;0;0;0.0004;0;0;0;0;0;0;0;-0.0004;-0.0884;0;0;0;0;0;0;0;0;0;-0.7452;0;0.7452;1;1;0;0;0;0
13/03/21 04:00;0;0;90;0;0;90;0;0;0;0;17.34;3.61;0;0;0;0;0;0;0;0;0;0;0;0;0;1;1;1;1;0;0;0;0;0;0;0;0;0;0;0;0;0;0;0;0;0;0;0;0;0;0;0;0;0;0;0;0;0;0;0;0;0;0;0;1;1;1;1;1;1;1;1;1;1;1;1;1;1;1;1;1;1;1;0;0;0;0;0;0;0;0;0;0.0004;0.088;-0.0884;0;0;0;0;0;0;0;0;0;0;0;0;0;0;0;0;0;0;0;-17.34;0;0;0;0;0.0004;0;0;0;0;0;0;0;-0.0004;-0.0884;0;0;0;0;0;0;0;0;0;-0.7452;0;0.7452;1;1;0;0;0;0
13/03/21 05:00;0;0;90;0;0;90;0;0;0;0;16.9;4.43;0;0;0;0;0;0;0;0;0;0;0;0;0;1;1;1;1;0;0;0;0;0;0;0;0;0;0;0;0;0;0;0;0;0;0;0;0;0;0;0;0;0;0;0;0;0;0;0;0;0;0;0;1;1;1;1;1;1;1;1;1;1;1;1;1;1;1;1;1;1;1;0;0;0;0;0;0;0;0;0;0.0004;0.088;-0.0884;0;0;0;0;0;0;0;0;0;0;0;0;0;0;0;0;0;0;0;-16.9;0;0;0;0;0.0004;0;0;0;0;0;0;0;-0.0004;-0.0884;0;0;0;0;0;0;0;0;0;-0.7452;0;0.7452;1;1;0;0;0;0
13/03/21 06:00;6.1365;-89.017;74.974;6.1374;8.8908;-90;-8.8908;71.204;32.601;38.602;18.4;5.12;0;93.622;23.936;20.665;0;0.0813;138.3;0;138.3;93.622;20.665;23.936;0.0813;0.6769;0.1737;0;0.0006;138.09;0.2093;0;0;0.1418;0.0675;115.13;21.995;17.212;3.799;0.9815;0.0031;137.13;0.9667;0.6554;0.1447;0.1666;0.0001;115.14;75.755;16.721;22.646;0.0106;14.542;11.721;4.3432;0.0044;0.1649;2.3721;0.0044;2.5326;0;1;0;0;1.9424;0.9985;1;1;0.9941;0.1693;0.8396;0.8149;1;0.9585;0.7757;0.993;0.993;1;0.993;0.993;0.8325;0.9461;0.1304;0.3936;0.3342;0.002;0.0168;-0.0011;0.0022;0.0079;0.0004;0;0;0.088;0.2041;0;0;0;0;0;0;0;0;0;0;0;0;0.0063;0.0004;0.2992;0.2992;0;24.065;24.065;5.6649;0.0492;285.55;1047.8;1;0.0071;0.0071;0;0;0;0;0;0;0.2921;0.2041;0;14.295;16.553;9.7511;11.292;97.625;97.625;3.3193;2.5231;1.7211;0.7961;0.802;0.2399;0.2416;0.5185;14.311;0.5119;0
13/03/21 07:00;18.338;-80.099;40.267;18.596;32.065;-90;-32.065;339.71;56.103;283.6;22.27;5.53;0;687.82;18.014;88.768;0;4.9232;799.52;0;799.52;687.82;88.768;18.014;4.9232;0.8603;0.0287;0;0.0062;794.3;5.2232;0;0;0.8856;4.3377;782.67;6.075;4.809;0.6206;0.5516;0.0937;788.74;5.5601;4.8147;0.6214;0.1199;0.0041;782.76;678.2;87.526;16.457;0.4877;13.617;10.975;4.5389;0.3446;0.1459;2.0981;0.0931;1.8994;0;1;0;0;2.3536;0.9935;1;1;0.9508;0.1189;0.9923;0.993;1;0.9676;0.8388;0.993;0.993;1;0.993;0.993;0.9789;0.9136;0.0991;2.2754;2.2438;0.0135;-0.0017;0.2898;0.0136;0.0482;0.0003;0;0;0.088;1.7127;0;0;0;0;0;0;0;0;0;0;0;0;0.0388;0.0119;1.8292;1.8292;0;61.498;61.498;39.228;0.0501;1938.8;943.45;1;0.0285;0.0285;0;0;0;0;0;0;1.8007;1.7127;0;15.118;17.506;14.155;16.392;98.444;98.444;19.189;15.426;14.444;3.7629;0.9821;0.1961;0.0512;0.7527;12.048;0.7512;0
13/03/21 08:00;30.183;-70.004;17.193;31.754;58.246;-90;-58.246;465.7;98.402;367.3;24.59;6.3799;0;697.92;35.389;98.862;0;20.958;853.13;0;853.13;697.92;98.862;35.389;20.958;0.8181;0.066;0;0.0246;829.36;23.772;0;0;4.2469;19.525;821.93;1.6274;0.4116;0.0583;1.0789;0.0787;823.55;5.8055;4.8855;0.692;0.218;0.01;825.76;692.63;98.112;29.845;1.345;122.6;98.817;38.642;5.327;1.6025;23.052;3.8281;19.327;0;1;0;0;1.8319;0.9721;1;1;0.88;0.0684;0.998;0.9994;1;0.9651;0.9448;0.993;0.993;1;0.993;0.993;0.9634;0.8433;0.0642;2.4279;2.4087;0.0145;-0.002;0.3493;0.0143;0.0508;0.0037;0;0;0.088;1.8057;0;0;0;0;0;0;0;0;0;0;0;0;0.0409;0.0136;1.9236;1.9236;0;65.933;65.933;41.344;0.0503;2078.8;925.32;1;0.0299;0.0299;0;0;0;0;0;0;1.8937;1.8057;0;14.899;17.253;13.986;16.195;98.447;98.447;20.475;16.222;15.228;4.2535;0.9941;0.2077;0.0486;0.7437;30.194;0.729;0
13/03/21 09:00;41.186;-57.426;23.902;46.078;43.922;-90;-43.922;693.2;114.2;579;28.4;6.3799;0;803.86;35.72;100.89;0;18.421;958.89;0;958.89;803.86;100.89;35.72;18.421;0.8383;0.0565;0;0.0192;939.08;19.81;0;0;2.8452;16.964;930.61;1.8996;0.659;0.0827;1.0626;0.0952;932.51;6.5736;5.627;0.7063;0.2301;0.0102;935.35;797.57;100.11;31.582;1.3507;306.78;247.26;96.754;2.0111;3.2701;47.039;4.7419;48.298;0;1;0;0;1.3833;0.9793;1;1;0.9203;0.0791;0.998;0.9992;1;0.9674;0.9341;0.993;0.993;1;0.993;0.993;0.9705;0.8842;0.0733;2.7289;2.7703;0.0167;-0.0008;0.4976;0.0158;0.056;0.0073;0;0;0.088;1.9941;0;0;0;0;0;0;0;0;0;0;0;0;0.0451;0.0177;2.1149;2.1149;0;75.581;75.581;47.181;0.0507;2389.4;885.11;1;0.0327;0.0327;0;0;0;0;0;0;2.0821;1.9941;0;14.574;16.876;13.742;15.913;98.452;98.452;23.013;17.835;16.817;5.1786;1.0181;0.225;0.0442;0.7307;26.326;0.7049;0
13/03/21 10:00;50.466;-40.435;28.979;61.84;28.16;-90;-28.16;915.61;151.1;764.51;30.76;6.3099;0;867.15;40.171;122.95;0;10.296;1040.6;0;1040.6;867.15;122.95;40.171;10.296;0.8333;0.0485;0;0.0099;1030.1;10.509;0;0;1.6062;8.9031;1020.4;2.498;0.8619;0.1222;1.2566;0.2573;1022.9;7.2104;6.07;0.8607;0.27;0.0098;1023.2;860.22;121.97;37.039;1.1258;492.82;397.21;154.11;0.4907;5.1607;74.235;2.8445;78.905;0;1;0;0;1.1365;0.9899;1;1;0.96;0.1353;0.9976;0.999;1;0.9672;0.814;0.993;0.993;1;0.993;0.993;0.9806;0.922;0.1093;2.9614;3.0761;0.0185;0.0027;0.6323;0.017;0.0601;0.0111;0;0;0.088;2.1293;0;0;0;0;0;0;0;0;0;0;0;0;0.0484;0.0216;2.2643;2.253;0;82.801;82.801;52.041;0.051;2574.9;875;1;0.047;0.0357;0;0.0113;0;0;0;0;2.2173;2.1293;0;14.307;16.568;13.522;15.658;97.923;98.414;24.974;19;17.956;5.9738;1.0434;0.2392;0.0418;0.719;26.152;0.6826;0
13/03/21 11:00;56.438;-17.188;31.88;78.908;11.092;-90;-11.092;882.2;148.6;733.6;31.82;6.3099;0;747.57;53.414;96.483;0;1.5657;899.03;0;899.03;747.57;96.483;53.414;1.5657;0.8315;0.0612;0;0.0017;897.27;1.7576;0;0;0.4578;1.2998;887.03;3.9634;1.5855;0.2046;2.114;0.0593;890.99;6.2809;5.233;0.6754;0.3707;0.0019;887.36;740.75;95.603;50.471;0.2047;514.08;414.34;158.72;0.0234;5.484;78.885;0.3248;84.346;0;1;0;0;1.0191;0.998;1;1;0.9914;0.1698;0.9956;0.9979;1;0.9598;0.7755;0.993;0.993;1;0.993;0.993;0.9867;0.9449;0.1308;2.5586;2.6968;0.0162;-0.0013;0.4972;0.0153;0.0542;0.0121;0;0;0.088;1.9233;0;0;0;0;0;0;0;0;0;0;0;0;0.0437;0.0168;2.0425;2.0425;0;76.838;76.838;45.019;0.0508;2323.3;879.13;1;0.0312;0.0312;0;0;0;0;0;0;2.0113;1.9233;0;15.012;17.384;14.136;16.37;98.474;98.474;21.577;17.224;16.219;4.3525;1.005;0.2017;0.0466;0.7517;32.108;0.7054;0
13/03/21 12:00;57.184;10.336;32.219;83.4;6.6001;90;6.6001;872.81;161.2;711.6;31.76;6.1301;0;716.35;62.209;99.447;0;0.5495;878.56;0;878.56;716.35;99.447;62.209;0.5495;0.8154;0.0714;0;0.0006;877.87;0.6851;0;0;0.2274;0.4577;867.18;4.5468;1.6602;0.2305;2.6357;0.0204;871.73;6.1451;5.0144;0.6961;0.4339;0.0006;867.26;709.68;98.52;58.912;0.0707;512.7;413.23;158.95;0.0032;5.4255;78.044;0.0792;83.466;0;1;0;0;1.0066;0.9992;1;1;0.9963;0.1671;0.9948;0.9977;1;0.9572;0.7759;0.993;0.993;1;0.993;0.993;0.9871;0.947;0.1287;2.5003;2.6376;0.0159;-0.0016;0.4759;0.015;0.0533;0.0121;0;0;0.088;1.8894;0;0;0;0;0;0;0;0;0;0;0;0;0.0429;0.0161;2.008;2.008;0;75.732;75.732;43.972;0.0507;2271.9;883.85;1;0.0306;0.0306;0;0;0;0;0;0;1.9774;1.8894;0;15.103;17.489;14.211;16.456;98.475;98.475;21.085;16.934;15.933;4.1518;1.0004;0.1969;0.0474;0.7557;37.031;0.7085;0
13/03/21 13:00;52.384;35.13;29.946;66.088;23.912;90;23.912;916.9;151.3;765.6;33.06;5.9701;0;837.48;43.514;115.77;0;7.4765;1004.2;0;1004.2;837.48;115.77;43.514;7.4765;0.8339;0.0508;0;0.0074;996.53;7.71;0;0;1.3431;6.367;986.94;2.613;0.8602;0.1189;1.4043;0.2296;989.56;6.9757;5.8624;0.8104;0.2952;0.0078;988.91;830.76;114.84;40.471;0.8722;507.91;409.37;158.47;0.299;5.3289;76.654;1.9693;81.684;0;1;0;0;1.0953;0.9923;1;1;0.9691;0.1484;0.9974;0.999;1;0.9665;0.7916;0.993;0.993;1;0.993;0.993;0.9828;0.9301;0.1167;2.858;2.9829;0.018;0.0014;0.6206;0.0164;0.0582;0.0114;0;0;0.088;2.0554;0;0;0;0;0;0;0;0;0;0;0;0;0.0469;0.0204;2.1897;2.1774;0;83.422;83.422;50.362;0.051;2488.4;875;1;0.0463;0.034;0;0.0124;0;0;0;0;2.1434;2.0554;0;14.327;16.591;13.525;15.661;97.884;98.44;24.102;18.362;17.333;5.7397;1.0286;0.2381;0.0427;0.7192;27.6;0.6803;0
13/03/21 14:00;43.766;53.601;25.375;49.959;40.041;90;40.041;289.89;276.5;13.392;32.3;5.9099;0;17.492;240.67;5.0606;0;6.4559;269.68;0;269.68;17.492;5.0606;240.67;6.4559;0.0649;0.9164;0;0.0239;246.96;22.717;0;0;16.794;5.9226;237.97;7.2686;0.0152;0.0044;7.2002;0.0488;245.24;1.7288;0.1224;0.0354;1.5671;0.0037;240.29;17.355;5.0207;215.11;0.4808;179.51;144.69;58.497;9.8389;2.3543;33.866;2.3242;26.381;0;1;0;0;0.9303;0.9158;1;1;0.9302;0.0826;0.9704;0.9991;1;0.9676;0.9079;0.993;0.993;1;0.993;0.993;0.8824;0.8938;0.0745;0.7675;0.7553;0.0045;0.0153;0.0523;0.0048;0.017;0.0058;0;0;0.088;0.542;0;0;0;0;0;0;0;0;0;0;0;0;0.0137;0.0016;0.6404;0.6404;0;44.132;44.132;11.832;0.0497;647.79;988.52;1;0.0104;0.0104;0;0;0;0;0;0;0.63;0.542;0;15.69;18.169;13.281;15.379;98.383;98.383;6.4724;5.4002;4.5707;1.0722;0.8294;0.1657;0.1281;0.7062;171.5;0.6455;0
13/03/21 15:00;33.096;67.097;19.028;35.282;54.718;90;54.718;241.1;228.6;12.495;32.28;5.13;0;21.633;177.33;6.5546;0;9.6746;215.2;0;215.2;21.633;6.5546;177.33;9.6746;0.1005;0.869;0;0.045;186.63;28.567;0;0;19.505;9.0617;179.94;5.3801;0.0141;0.0043;5.3346;0.0271;185.32;1.3064;0.1514;0.0459;1.1048;0.0043;183.89;21.467;6.5044;151.39;0.5815;150.14;121.01;51.918;21.38;2.6293;37.821;3.9426;19.071;0;1;0;0;0.8926;0.8673;1;1;0.89;0.0634;0.971;0.9993;1;0.966;0.9555;0.993;0.993;1;0.993;0.993;0.8362;0.8537;0.0601;0.6124;0.6019;0.0036;0.0167;0.0355;0.0038;0.0136;0.0065;0;0;0.088;0.4134;0;0;0;0;0;0;0;0;0;0;0;0;0.0109;0.0011;0.5102;0.5102;0;41.226;41.226;8.9459;0.0497;514.44;991.66;1;0.0088;0.0088;0;0;0;0;0;0;0.5014;0.4134;0;15.665;18.14;12.693;14.698;98.278;98.278;5.1647;4.3022;3.486;0.8625;0.8162;0.167;0.158;0.675;145.42;0.5965;0
13/03/21 16:00;21.409;77.679;27.716;21.866;42.725;90;42.725;161.1;154.1;7.0029;32.26;3.7499;0;16.984;131.8;5.1893;0;4.0617;158.03;0;158.03;16.984;5.1893;131.8;4.0617;0.1075;0.8597;0;0.0257;144.16;13.866;0;0;10.115;3.7504;139.19;3.9679;0.0161;0.0049;3.9237;0.0231;143.16;1.0092;0.1189;0.0363;0.8518;0.0022;140.63;16.849;5.148;116.9;0.286;96.147;77.495;31.716;6.733;1.331;19.146;1.4473;13.744;0;1;0;0;0.9809;0.9123;1;1;0.9232;0.0766;0.9723;0.999;1;0.9675;0.9253;0.993;0.993;1;0.993;0.993;0.8808;0.887;0.0704;0.4497;0.4407;0.0027;0.0173;0.0229;0.0028;0.0099;0.0033;0;0;0.088;0.278;0;0;0;0;0;0;0;0;0;0;0;0;0.008;0.0007;0.3734;0.3734;0;39.184;39.184;6.9241;0.0497;376.6;991.38;1;0.0073;0.0073;0;0;0;0;0;0;0.366;0.278;0;15.612;18.078;11.625;13.462;98.036;98.036;3.7927;3.1485;2.3446;0.6442;0.8039;0.1698;0.212;0.6182;96.103;0.5668;0
13/03/21 17:00;9.2638;86.799;67.019;9.2781;13.74;90;13.74;27.7;27.399;0.3007;30.69;4.3701;0;0.7294;26.971;0.0898;0;0.0753;27.865;0;27.865;0.7294;0.0898;26.971;0.0753;0.0262;0.9706;0;0.0027;27.47;0.3953;0;0;0.3326;0.0627;26.193;1.0846;0.0563;0.0069;1.0185;0.0028;27.278;0.1923;0.0051;0.0006;0.1865;0.0001;26.209;0.6679;0.0823;25.433;0.0097;16.344;13.173;4.8666;0.0255;0.1876;2.6989;0.016;2.861;0;1;0;0;1.006;0.9858;1;1;0.9877;0.1674;0.9602;0.9222;1;0.9615;0.7749;0.993;0.993;1;0.993;0.993;0.94;0.943;0.1288;0.0793;0.0804;0.0005;0.01;0.0021;0.0005;0.0017;0.0004;0;0;0.088;-0.0275;0;0;0;0;0;0;0;0;0;0;0;0;0.0014;0.0001;0.0638;0.0638;0;32.011;32.011;1.3208;0.0504;67.172;950.09;1;0.0033;0.0033;0;0;0;0;0;0;0.0605;-0.0275;0;15.134;17.525;-6.5098;-7.5382;94.874;94.874;0.6688;0.5382;-0.2315;0.1306;0.7697;0.1952;1.1509;0;16.342;0;0
13/03/21 18:00;1.7018;92.136;85.87;1.703;2.4302;90;2.4302;0;0;0;25.65;6.09;0;0;0;0;0;0;0;0;0;0;0;0;0;1;1;1;1;0;0;0;0;0;0;0;0;0;0;0;0;0;0;0;0;0;0;0;0;0;0;0;0;0;0;0;0;0;0;0;0;0;0;0;1;1;1;1;1;1;1;1;1;1;1;1;1;1;1;1;1;1;1;0;0;0;0;0;0;0;0;0;0.0004;0.088;-0.0884;0;0;0;0;0;0;0;0;0;0;0;0;0;0;0;0;0;0;0;-25.65;0;0;0;0;0.0004;0;0;0;0;0;0;0;-0.0004;-0.0884;0;0;0;0;0;0;0;0;0;-0.7452;0;0.7452;1;1;0;0;0;0
13/03/21 19:00;0;0;90;0;0;90;0;0;0;0;23.4;6.4401;0;0;0;0;0;0;0;0;0;0;0;0;0;1;1;1;1;0;0;0;0;0;0;0;0;0;0;0;0;0;0;0;0;0;0;0;0;0;0;0;0;0;0;0;0;0;0;0;0;0;0;0;1;1;1;1;1;1;1;1;1;1;1;1;1;1;1;1;1;1;1;0;0;0;0;0;0;0;0;0;0.0004;0.088;-0.0884;0;0;0;0;0;0;0;0;0;0;0;0;0;0;0;0;0;0;0;-23.4;0;0;0;0;0.0004;0;0;0;0;0;0;0;-0.0004;-0.0884;0;0;0;0;0;0;0;0;0;-0.7452;0;0.7452;1;1;0;0;0;0
13/03/21 20:00;0;0;90;0;0;90;0;0;0;0;21.95;6.26;0;0;0;0;0;0;0;0;0;0;0;0;0;1;1;1;1;0;0;0;0;0;0;0;0;0;0;0;0;0;0;0;0;0;0;0;0;0;0;0;0;0;0;0;0;0;0;0;0;0;0;0;1;1;1;1;1;1;1;1;1;1;1;1;1;1;1;1;1;1;1;0;0;0;0;0;0;0;0;0;0.0004;0.088;-0.0884;0;0;0;0;0;0;0;0;0;0;0;0;0;0;0;0;0;0;0;-21.95;0;0;0;0;0.0004;0;0;0;0;0;0;0;-0.0004;-0.0884;0;0;0;0;0;0;0;0;0;-0.7452;0;0.7452;1;1;0;0;0;0
13/03/21 21:00;0;0;90;0;0;90;0;0;0;0;20.92;6.08;0;0;0;0;0;0;0;0;0;0;0;0;0;1;1;1;1;0;0;0;0;0;0;0;0;0;0;0;0;0;0;0;0;0;0;0;0;0;0;0;0;0;0;0;0;0;0;0;0;0;0;0;1;1;1;1;1;1;1;1;1;1;1;1;1;1;1;1;1;1;1;0;0;0;0;0;0;0;0;0;0.0004;0.088;-0.0884;0;0;0;0;0;0;0;0;0;0;0;0;0;0;0;0;0;0;0;-20.92;0;0;0;0;0.0004;0;0;0;0;0;0;0;-0.0004;-0.0884;0;0;0;0;0;0;0;0;0;-0.7452;0;0.7452;1;1;0;0;0;0
13/03/21 22:00;0;0;90;0;0;90;0;0;0;0;20.59;6.1201;0;0;0;0;0;0;0;0;0;0;0;0;0;1;1;1;1;0;0;0;0;0;0;0;0;0;0;0;0;0;0;0;0;0;0;0;0;0;0;0;0;0;0;0;0;0;0;0;0;0;0;0;1;1;1;1;1;1;1;1;1;1;1;1;1;1;1;1;1;1;1;0;0;0;0;0;0;0;0;0;0.0004;0.088;-0.0884;0;0;0;0;0;0;0;0;0;0;0;0;0;0;0;0;0;0;0;-20.59;0;0;0;0;0.0004;0;0;0;0;0;0;0;-0.0004;-0.0884;0;0;0;0;0;0;0;0;0;-0.7452;0;0.7452;1;1;0;0;0;0
13/03/21 23:00;0;0;90;0;0;90;0;0;0;0;20.36;5.8801;0;0;0;0;0;0;0;0;0;0;0;0;0;1;1;1;1;0;0;0;0;0;0;0;0;0;0;0;0;0;0;0;0;0;0;0;0;0;0;0;0;0;0;0;0;0;0;0;0;0;0;0;1;1;1;1;1;1;1;1;1;1;1;1;1;1;1;1;1;1;1;0;0;0;0;0;0;0;0;0;0.0004;0.088;-0.0884;0;0;0;0;0;0;0;0;0;0;0;0;0;0;0;0;0;0;0;-20.36;0;0;0;0;0.0004;0;0;0;0;0;0;0;-0.0004;-0.0884;0;0;0;0;0;0;0;0;0;-0.7452;0;0.7452;1;1;0;0;0;0
14/03/21 00:00;0;0;90;0;0;90;0;0;0;0;20.1;5.7;0;0;0;0;0;0;0;0;0;0;0;0;0;1;1;1;1;0;0;0;0;0;0;0;0;0;0;0;0;0;0;0;0;0;0;0;0;0;0;0;0;0;0;0;0;0;0;0;0;0;0;0;1;1;1;1;1;1;1;1;1;1;1;1;1;1;1;1;1;1;1;0;0;0;0;0;0;0;0;0;0.0004;0.088;-0.0884;0;0;0;0;0;0;0;0;0;0;0;0;0;0;0;0;0;0;0;-20.1;0;0;0;0;0.0004;0;0;0;0;0;0;0;-0.0004;-0.0884;0;0;0;0;0;0;0;0;0;-0.7452;0;0.7452;1;1;0;0;0;0
14/03/21 01:00;0;0;90;0;0;90;0;0;0;0;18.8;5.8299;0;0;0;0;0;0;0;0;0;0;0;0;0;1;1;1;1;0;0;0;0;0;0;0;0;0;0;0;0;0;0;0;0;0;0;0;0;0;0;0;0;0;0;0;0;0;0;0;0;0;0;0;1;1;1;1;1;1;1;1;1;1;1;1;1;1;1;1;1;1;1;0;0;0;0;0;0;0;0;0;0.0004;0.088;-0.0884;0;0;0;0;0;0;0;0;0;0;0;0;0;0;0;0;0;0;0;-18.8;0;0;0;0;0.0004;0;0;0;0;0;0;0;-0.0004;-0.0884;0;0;0;0;0;0;0;0;0;-0.7452;0;0.7452;1;1;0;0;0;0
14/03/21 02:00;0;0;90;0;0;90;0;0;0;0;16.38;6.08;0;0;0;0;0;0;0;0;0;0;0;0;0;1;1;1;1;0;0;0;0;0;0;0;0;0;0;0;0;0;0;0;0;0;0;0;0;0;0;0;0;0;0;0;0;0;0;0;0;0;0;0;1;1;1;1;1;1;1;1;1;1;1;1;1;1;1;1;1;1;1;0;0;0;0;0;0;0;0;0;0.0004;0.088;-0.0884;0;0;0;0;0;0;0;0;0;0;0;0;0;0;0;0;0;0;0;-16.38;0;0;0;0;0.0004;0;0;0;0;0;0;0;-0.0004;-0.0884;0;0;0;0;0;0;0;0;0;-0.7452;0;0.7452;1;1;0;0;0;0
14/03/21 03:00;0;0;90;0;0;90;0;0;0;0;15.58;6.17;0;0;0;0;0;0;0;0;0;0;0;0;0;1;1;1;1;0;0;0;0;0;0;0;0;0;0;0;0;0;0;0;0;0;0;0;0;0;0;0;0;0;0;0;0;0;0;0;0;0;0;0;1;1;1;1;1;1;1;1;1;1;1;1;1;1;1;1;1;1;1;0;0;0;0;0;0;0;0;0;0.0004;0.088;-0.0884;0;0;0;0;0;0;0;0;0;0;0;0;0;0;0;0;0;0;0;-15.58;0;0;0;0;0.0004;0;0;0;0;0;0;0;-0.0004;-0.0884;0;0;0;0;0;0;0;0;0;-0.7452;0;0.7452;1;1;0;0;0;0
14/03/21 04:00;0;0;90;0;0;90;0;0;0;0;13.81;5.92;0;0;0;0;0;0;0;0;0;0;0;0;0;1;1;1;1;0;0;0;0;0;0;0;0;0;0;0;0;0;0;0;0;0;0;0;0;0;0;0;0;0;0;0;0;0;0;0;0;0;0;0;1;1;1;1;1;1;1;1;1;1;1;1;1;1;1;1;1;1;1;0;0;0;0;0;0;0;0;0;0.0004;0.088;-0.0884;0;0;0;0;0;0;0;0;0;0;0;0;0;0;0;0;0;0;0;-13.81;0;0;0;0;0.0004;0;0;0;0;0;0;0;-0.0004;-0.0884;0;0;0;0;0;0;0;0;0;-0.7452;0;0.7452;1;1;0;0;0;0
14/03/21 05:00;0;0;90;0;0;90;0;0;0;0;13.35;5.6599;0;0;0;0;0;0;0;0;0;0;0;0;0;1;1;1;1;0;0;0;0;0;0;0;0;0;0;0;0;0;0;0;0;0;0;0;0;0;0;0;0;0;0;0;0;0;0;0;0;0;0;0;1;1;1;1;1;1;1;1;1;1;1;1;1;1;1;1;1;1;1;0;0;0;0;0;0;0;0;0;0.0004;0.088;-0.0884;0;0;0;0;0;0;0;0;0;0;0;0;0;0;0;0;0;0;0;-13.35;0;0;0;0;0.0004;0;0;0;0;0;0;0;-0.0004;-0.0884;0;0;0;0;0;0;0;0;0;-0.7452;0;0.7452;1;1;0;0;0;0
14/03/21 06:00;6.1723;-88.507;74.885;6.1744;8.9462;-90;-8.9462;13.498;13.397;0.1016;12.68;5.6699;0;0.2464;13.306;0.0222;0;0.0156;13.59;0;13.59;0.2464;0.0222;13.306;0.0156;0.0181;0.9802;0;0.0011;13.498;0.0926;0;0;0.0797;0.013;12.809;0.5947;0.0449;0.004;0.5452;0.0006;13.403;0.0945;0.0017;0.0002;0.0926;0;12.811;0.1998;0.018;12.589;0.002;7.9572;6.4135;2.3544;0.0025;0.0917;1.3188;0.0025;1.4079;0;1;0;0;1.0068;0.9932;1;1;0.994;0.1693;0.9556;0.8167;1;0.9585;0.7757;0.993;0.993;1;0.993;0.993;0.9425;0.9461;0.1304;0.0387;0.0393;0.0002;0.0069;-0.0016;0.0002;0.0008;0.0002;0;0;0.088;-0.059;0;0;0;0;0;0;0;0;0;0;0;0;0.0007;0;0.0318;0.0318;0;13.324;13.324;0.6439;0.0503;31.829;997.83;1;0.0027;0.0027;0;0;0;0;0;0;0.029;-0.059;0;15.442;17.882;-28.666;-33.194;91.449;91.449;0.3262;0.2678;-0.4972;0.0583;0.765;0.1789;2.3454;0;7.9567;0;0
14/03/21 07:00;18.161;-79.72;40.892;18.438;31.653;-90;-31.653;113.91;107.6;6.3042;12.3;5.6401;0;15.289;98.14;3.822;0;1.6097;118.86;0;118.86;15.289;3.822;98.14;1.6097;0.1286;0.8392;0;0.0135;112.72;6.142;0;0;4.7266;1.4154;108.75;3.183;0.1124;0.0281;3.0108;0.0317;111.93;0.789;0.107;0.0268;0.6539;0.0014;109.24;15.07;3.7672;89.749;0.1612;65.48;52.777;20.588;1.7891;0.7905;11.371;0.4916;10.372;0;1;0;0;1.0435;0.9483;1;1;0.9518;0.1207;0.9716;0.9926;1;0.9675;0.8359;0.993;0.993;1;0.993;0.993;0.9149;0.9145;0.1002;0.3383;0.3353;0.002;0.0169;-0.009;0.0023;0.0081;0.0021;0;0;0.088;0.2106;0;0;0;0;0;0;0;0;0;0;0;0;0.0065;0.0004;0.306;0.306;0;17.625;17.625;5.3247;0.049;285.5;1071.9;1;0.0074;0.0074;0;0;0;0;0;0;0.2986;0.2106;0;17.013;19.701;11.709;13.558;97.576;97.576;2.8527;2.5808;1.7761;0.2719;0.8047;0.0953;0.2821;0.6226;65.441;0.581;0
14/03/21 08:00;29.985;-69.602;17.571;31.617;58.383;-90;-58.383;245.3;211.8;33.498;12.9;5.46;0;63.899;153.58;19.609;0;11.087;248.18;0;248.18;63.899;19.609;153.58;11.087;0.2575;0.6635;0;0.0447;219.35;28.822;0;0;18.494;10.328;213.04;4.7775;0.0385;0.0118;4.6851;0.0421;217.82;1.5355;0.4473;0.1373;0.9456;0.0053;217.31;63.413;19.46;129.46;0.7115;140.75;113.45;49.269;23.293;2.6374;37.938;4.2717;17.283;0;1;0;0;1.0117;0.8839;1;1;0.8796;0.0685;0.9781;0.9994;1;0.9651;0.9441;0.993;0.993;1;0.993;0.993;0.8584;0.8429;0.0642;0.7063;0.6977;0.0042;0.0159;-0.0042;0.0048;0.0169;0.007;0;0;0.088;0.5389;0;0;0;0;0;0;0;0;0;0;0;0;0.0136;0.0014;0.6381;0.6381;0;23.318;23.318;10.418;0.0489;594.96;1072.4;1;0.0112;0.0112;0;0;0;0;0;0;0.6269;0.5389;0;16.989;19.673;14.348;16.614;98.243;98.243;5.9562;5.3809;4.5442;0.5753;0.8367;0.0966;0.1405;0.7629;131.24;0.6846;0
14/03/21 09:00;40.949;-56.998;24.292;45.976;44.024;-90;-44.024;143.31;141.1;2.2046;13.5;5.1701;0;3.066;120.98;0.478;0;3.8248;128.35;0;128.35;3.066;0.478;120.98;3.8248;0.0239;0.9724;0;0.0298;115.16;13.192;0;0;9.6693;3.5232;110.73;3.6212;0.0026;0.0004;3.5987;0.0196;114.35;0.8061;0.0215;0.0033;0.7792;0.0021;112.17;3.042;0.4742;106.94;0.28;90.342;72.816;30.109;6.8512;1.2648;18.193;1.4404;12.607;0;1;0;0;0.8957;0.8972;1;1;0.9201;0.0789;0.9683;0.9992;1;0.9674;0.9347;0.993;0.993;1;0.993;0.993;0.8627;0.8839;0.0732;0.3653;0.3574;0.0022;0.017;-0.0079;0.0024;0.0086;0.0033;0;0;0.088;0.2288;0;0;0;0;0;0;0;0;0;0;0;0;0.0069;0.0005;0.3243;0.3243;0;18.927;18.927;5.427;0.049;303.95;1067;1;0.0076;0.0076;0;0;0;0;0;0;0.3168;0.2288;0;16.697;19.335;11.778;13.638;97.668;97.668;3.0805;2.7351;1.9292;0.3454;0.8059;0.1121;0.2616;0.6263;89.248;0.5662;0
14/03/21 10:00;50.169;-40.014;29.378;61.795;28.205;-90;-28.205;302.1;288.2;13.9;14.13;5.04;0;15.773;267.54;4.2865;0;3.4077;291.01;0;291.01;15.773;4.2865;267.54;3.4077;0.0542;0.9311;0;0.0117;277.33;13.672;0;0;10.724;2.9473;266.92;8.4713;0.0159;0.0043;8.3662;0.0849;275.39;1.9413;0.1104;0.03;1.7977;0.0032;267.97;15.647;4.2521;246.65;0.3722;183.67;148.04;57.017;3.2698;2.1511;30.943;1.05;29.825;0;1;0;0;0.9633;0.953;1;1;0.9599;0.1351;0.9692;0.999;1;0.9672;0.8142;0.993;0.993;1;0.993;0.993;0.9172;0.9219;0.1092;0.8282;0.8287;0.005;0.0144;0.0065;0.0056;0.0199;0.0057;0;0;0.088;0.6528;0;0;0;0;0;0;0;0;0;0;0;0;0.0161;0.0019;0.7536;0.7536;0;27.203;27.203;13.073;0.049;708;1064.3;1;0.0127;0.0127;0;0;0;0;0;0;0.7408;0.6528;0;17.111;19.814;14.823;17.165;98.308;98.308;6.9842;6.3548;5.5052;0.6293;0.8496;0.0901;0.1216;0.7882;174.22;0.7301;0
14/03/21 11:00;56.072;-16.894;32.28;78.939;11.061;-90;-11.061;898.59;147.9;750.69;16.09;5.3;0;764.9;50.531;98.728;0;1.5857;915.75;0;915.75;764.9;98.728;50.531;1.5857;0.8353;0.0569;0;0.0017;914;1.7474;0;0;0.431;1.3164;903.51;4.0933;1.7999;0.2323;2.001;0.06;907.6;6.398;5.3543;0.6911;0.3507;0.0019;903.84;757.75;97.805;47.749;0.2074;523.61;422.03;161.69;0.0219;5.5838;80.32;0.3287;85.882;0;1;0;0;1.0191;0.9981;1;1;0.9915;0.1698;0.9955;0.9976;1;0.9598;0.7755;0.993;0.993;1;0.993;0.993;0.9866;0.9449;0.1308;2.6061;2.7468;0.0165;-0.0009;0.3515;0.0167;0.0591;0.0132;0;0;0.088;2.1012;0;0;0;0;0;0;0;0;0;0;0;0;0.0476;0.0173;2.2258;2.2258;0;61.364;61.364;45.274;0.0501;2363.8;941.64;1;0.0366;0.0366;0;0;0;0;0;0;2.1892;2.1012;0;16.061;18.599;15.162;17.558;98.357;98.357;21.978;18.771;17.72;3.2074;1.0506;0.1459;0.0478;0.8063;30.373;0.7566;0
14/03/21 12:00;56.783;10.359;32.608;83.285;6.7153;90;6.7153;871.91;158.8;713.11;18.95;5.76;0;718.03;60.576;98.695;0;0.5683;877.87;0;877.87;718.03;98.695;60.576;0.5683;0.8179;0.0697;0;0.0006;877.17;0.701;0;0;0.2277;0.4733;866.37;4.6609;1.8263;0.251;2.5625;0.0211;871.03;6.1402;5.0262;0.6909;0.4224;0.0007;866.45;711.18;97.753;57.363;0.0732;512.08;412.74;158.78;0.0034;5.4178;77.933;0.0833;83.347;0;1;0;0;1.0068;0.9992;1;1;0.9962;0.1671;0.9946;0.9974;1;0.9572;0.7758;0.993;0.993;1;0.993;0.993;0.9869;0.947;0.1288;2.4983;2.6351;0.0159;-0.0016;0.3475;0.0159;0.0564;0.0128;0;0;0.088;2.0046;0;0;0;0;0;0;0;0;0;0;0;0;0.0455;0.016;2.1267;2.1267;0;62.4;62.4;43.45;0.0502;2268.3;937.57;1;0.0341;0.0341;0;0;0;0;0;0;2.0926;2.0046;0;16.008;18.537;15.089;17.473;98.397;98.397;21.069;17.935;16.905;3.1342;1.0297;0.1488;0.0489;0.8024;36.066;0.7524;0
14/03/21 13:00;52.003;34.93;30.313;65.901;24.099;90;24.099;478.7;378.1;100.6;20.3;5.87;0;110.2;328.19;38.288;0;3.9637;480.65;0;480.65;110.2;38.288;328.19;3.9637;0.2293;0.6911;0;0.0082;467.01;13.635;0;0;10.257;3.3783;452.87;10.876;0.1334;0.0463;10.575;0.1207;463.74;3.2691;0.7714;0.268;2.2255;0.0041;453.98;109.3;37.974;305.13;0.4606;283.01;228.11;87.007;2.3049;3.1923;45.92;1.1113;46.807;0;1;0;0;1.0041;0.9716;1;1;0.9687;0.1477;0.9765;0.9988;1;0.9665;0.7923;0.993;0.993;1;0.993;0.993;0.9422;0.9297;0.1162;1.3679;1.3908;0.0084;0.0066;0.0872;0.009;0.032;0.0081;0;0;0.088;1.1022;0;0;0;0;0;0;0;0;0;0;0;0;0.0258;0.0048;1.2089;1.2089;0;42.692;42.692;22.392;0.0494;1195.2;1011.5;1;0.0187;0.0187;0;0;0;0;0;0;1.1902;1.1022;0;16.62;19.246;15.153;17.547;98.451;98.451;11.536;10.195;9.295;1.3404;0.9001;0.1162;0.078;0.8058;208.39;0.752;0
14/03/21 14:00;43.422;53.317;25.715;49.723;40.277;90;40.277;680.6;175.7;504.91;20.71;5.62;0;661.8;72.495;122.49;0;15.328;872.12;0;872.12;661.8;122.49;72.495;15.328;0.7588;0.1007;0;0.0176;852.95;19.174;0;0;5.1026;14.071;844;2.9724;0.5837;0.108;2.1677;0.113;846.98;5.9706;4.6326;0.8575;0.4717;0.0088;848.33;656.59;121.53;64.753;1.1358;328.32;264.63;104.84;3.0273;3.4728;49.955;4.3242;50.401;0;1;0;0;1.2814;0.978;1;1;0.9296;0.082;0.9965;0.9991;1;0.9676;0.9095;0.993;0.993;1;0.993;0.993;0.9678;0.8932;0.0741;2.482;2.5272;0.0152;-0.0019;0.3397;0.0152;0.054;0.0082;0;0;0.088;1.9183;0;0;0;0;0;0;0;0;0;0;0;0;0.0435;0.0149;2.0385;2.0385;0;63.063;63.063;42.353;0.0502;2178.3;935.84;1;0.0322;0.0322;0;0;0;0;0;0;2.0063;1.9183;0;15.446;17.886;14.535;16.831;98.418;98.418;20.931;17.191;16.177;3.7397;1.014;0.1787;0.0484;0.7729;51.761;0.7411;0
14/03/21 15:00;32.783;66.798;19.343;35.019;54.981;90;54.981;601.29;107.2;494.09;22.55;5.29;0;861.01;28.617;123.44;0;24.343;1037.4;0;1037.4;861.01;123.44;28.617;24.343;0.83;0.051;0;0.0235;1011.4;25.971;0;0;3.1695;22.802;1002.8;1.5838;0.5712;0.0819;0.8616;0.0691;1004.4;7.0801;6.0271;0.8641;0.1781;0.0108;1007.7;854.41;122.5;24.408;1.4612;184.54;148.74;55.576;3.5146;2.2875;32.905;4.9417;31.678;0;1;0;0;1.7253;0.975;1;1;0.8892;0.0633;0.9984;0.9993;1;0.9659;0.9549;0.993;0.993;1;0.993;0.993;0.9666;0.8529;0.06;2.9524;2.9491;0.0178;0.001;0.5042;0.017;0.0602;0.0051;0;0;0.088;2.1506;0;0;0;0;0;0;0;0;0;0;0;0;0.0485;0.02;2.2753;2.2753;0;73.296;73.296;50.746;0.0506;2544.6;894.2;1;0.0367;0.0367;0;0;0;0;0;0;2.2386;2.1506;0;14.493;16.783;13.699;15.863;98.387;98.387;24.898;19.188;18.137;5.7099;1.0515;0.2293;0.0422;0.7284;23.534;0.7115;0
14/03/21 16:00;21.115;77.386;29.111;21.589;41.586;90;41.586;342.7;136.4;206.3;21.8;3.87;0;500.33;69.775;137.18;0;8.2053;715.49;0;715.49;500.33;137.18;69.775;8.2053;0.6993;0.109;0;0.0115;702.79;12.704;0;0;5.1473;7.5568;695.1;2.7702;0.4996;0.137;2.0809;0.0527;697.87;4.9195;3.5023;0.9603;0.4524;0.0045;695.81;496.33;136.08;62.094;0.5912;51.664;41.642;17.146;3.2498;0.6846;9.8471;0.7124;7.2818;0;1;0;0;2.0878;0.9822;1;1;0.9262;0.079;0.996;0.999;1;0.9676;0.9182;0.993;0.993;1;0.993;0.993;0.9715;0.8899;0.0721;2.0362;2.0105;0.0121;-0.0004;0.2241;0.0124;0.0441;0.0017;0;0;0.088;1.5575;0;0;0;0;0;0;0;0;0;0;0;0;0.0355;0.0097;1.6714;1.6714;0;56.504;56.504;34.704;0.0499;1735.7;962.92;1;0.0259;0.0259;0;0;0;0;0;0;1.6455;1.5575;0;15.436;17.875;14.385;16.657;98.453;98.453;17.172;14.095;13.135;3.0768;0.9601;0.1792;0.0559;0.7649;50.377;0.7571;0
14/03/21 17:00;8.9784;86.514;67.76;8.9948;13.288;90;13.288;116.19;93.899;22.293;21.13;3.08;0;54.067;83.059;23.556;0;0.2955;160.98;0;160.98;54.067;23.556;83.059;0.2955;0.3359;0.5178;0;0.0018;159.76;1.2141;0;0;0.9681;0.246;148.96;9.6837;4.5345;1.9756;3.1625;0.0111;158.65;1.1183;0.3785;0.1649;0.5746;0.0003;149.01;49.154;21.416;78.354;0.0381;50.41;40.63;14.917;0.0696;0.5841;8.4027;0.0455;8.9173;0;1;0;0;1.3854;0.9925;1;1;0.9883;0.1676;0.939;0.9155;1;0.9612;0.7748;0.993;0.993;1;0.993;0.993;0.9254;0.9434;0.1289;0.4581;0.4432;0.0027;0.0173;0.0056;0.0029;0.0104;0.0015;0;0;0.088;0.2978;0;0;0;0;0;0;0;0;0;0;0;0;0.0084;0.0007;0.3938;0.3938;0;28.469;28.469;7.3386;0.0493;378.93;1039.3;1;0.008;0.008;0;0;0;0;0;0;0.3858;0.2978;0;16.166;18.72;12.225;14.156;97.963;97.963;3.8635;3.3212;2.5114;0.5422;0.8098;0.1403;0.2096;0.6501;50.253;0.6256;0
14/03/21 18:00;1.4168;91.854;86.562;1.4175;2.0221;90;2.0221;0;0;0;19.07;2.9;0;0;0;0;0;0;0;0;0;0;0;0;0;1;1;1;1;0;0;0;0;0;0;0;0;0;0;0;0;0;0;0;0;0;0;0;0;0;0;0;0;0;0;0;0;0;0;0;0;0;0;0;1;1;1;1;1;1;1;1;1;1;1;1;1;1;1;1;1;1;1;0;0;0;0;0;0;0;0;0;0.0004;0.088;-0.0884;0;0;0;0;0;0;0;0;0;0;0;0;0;0;0;0;0;0;0;-19.07;0;0;0;0;0.0004;0;0;0;0;0;0;0;-0.0004;-0.0884;0;0;0;0;0;0;0;0;0;-0.7452;0;0.7452;1;1;0;0;0;0
14/03/21 19:00;0;0;90;0;0;90;0;0;0;0;17.62;2.18;0;0;0;0;0;0;0;0;0;0;0;0;0;1;1;1;1;0;0;0;0;0;0;0;0;0;0;0;0;0;0;0;0;0;0;0;0;0;0;0;0;0;0;0;0;0;0;0;0;0;0;0;1;1;1;1;1;1;1;1;1;1;1;1;1;1;1;1;1;1;1;0;0;0;0;0;0;0;0;0;0.0004;0.088;-0.0884;0;0;0;0;0;0;0;0;0;0;0;0;0;0;0;0;0;0;0;-17.62;0;0;0;0;0.0004;0;0;0;0;0;0;0;-0.0004;-0.0884;0;0;0;0;0;0;0;0;0;-0.7452;0;0.7452;1;1;0;0;0;0
14/03/21 20:00;0;0;90;0;0;90;0;0;0;0;16.14;1.06;0;0;0;0;0;0;0;0;0;0;0;0;0;1;1;1;1;0;0;0;0;0;0;0;0;0;0;0;0;0;0;0;0;0;0;0;0;0;0;0;0;0;0;0;0;0;0;0;0;0;0;0;1;1;1;1;1;1;1;1;1;1;1;1;1;1;1;1;1;1;1;0;0;0;0;0;0;0;0;0;0.0004;0.088;-0.0884;0;0;0;0;0;0;0;0;0;0;0;0;0;0;0;0;0;0;0;-16.14;0;0;0;0;0.0004;0;0;0;0;0;0;0;-0.0004;-0.0884;0;0;0;0;0;0;0;0;0;-0.7452;0;0.7452;1;1;0;0;0;0
14/03/21 21:00;0;0;90;0;0;90;0;0;0;0;14.7;0.4601;0;0;0;0;0;0;0;0;0;0;0;0;0;1;1;1;1;0;0;0;0;0;0;0;0;0;0;0;0;0;0;0;0;0;0;0;0;0;0;0;0;0;0;0;0;0;0;0;0;0;0;0;1;1;1;1;1;1;1;1;1;1;1;1;1;1;1;1;1;1;1;0;0;0;0;0;0;0;0;0;0.0004;0.088;-0.0884;0;0;0;0;0;0;0;0;0;0;0;0;0;0;0;0;0;0;0;-14.7;0;0;0;0;0.0004;0;0;0;0;0;0;0;-0.0004;-0.0884;0;0;0;0;0;0;0;0;0;-0.7452;0;0.7452;1;1;0;0;0;0
14/03/21 22:00;0;0;90;0;0;90;0;0;0;0;13.5;0.92;0;0;0;0;0;0;0;0;0;0;0;0;0;1;1;1;1;0;0;0;0;0;0;0;0;0;0;0;0;0;0;0;0;0;0;0;0;0;0;0;0;0;0;0;0;0;0;0;0;0;0;0;1;1;1;1;1;1;1;1;1;1;1;1;1;1;1;1;1;1;1;0;0;0;0;0;0;0;0;0;0.0004;0.088;-0.0884;0;0;0;0;0;0;0;0;0;0;0;0;0;0;0;0;0;0;0;-13.5;0;0;0;0;0.0004;0;0;0;0;0;0;0;-0.0004;-0.0884;0;0;0;0;0;0;0;0;0;-0.7452;0;0.7452;1;1;0;0;0;0
14/03/21 23:00;0;0;90;0;0;90;0;0;0;0;13.6;1.4301;0;0;0;0;0;0;0;0;0;0;0;0;0;1;1;1;1;0;0;0;0;0;0;0;0;0;0;0;0;0;0;0;0;0;0;0;0;0;0;0;0;0;0;0;0;0;0;0;0;0;0;0;1;1;1;1;1;1;1;1;1;1;1;1;1;1;1;1;1;1;1;0;0;0;0;0;0;0;0;0;0.0004;0.088;-0.0884;0;0;0;0;0;0;0;0;0;0;0;0;0;0;0;0;0;0;0;-13.6;0;0;0;0;0.0004;0;0;0;0;0;0;0;-0.0004;-0.0884;0;0;0;0;0;0;0;0;0;-0.7452;0;0.7452;1;1;0;0;0;0
15/03/21 00:00;0;0;90;0;0;90;0;0;0;0;12.4;1.89;0;0;0;0;0;0;0;0;0;0;0;0;0;1;1;1;1;0;0;0;0;0;0;0;0;0;0;0;0;0;0;0;0;0;0;0;0;0;0;0;0;0;0;0;0;0;0;0;0;0;0;0;1;1;1;1;1;1;1;1;1;1;1;1;1;1;1;1;1;1;1;0;0;0;0;0;0;0;0;0;0.0004;0.088;-0.0884;0;0;0;0;0;0;0;0;0;0;0;0;0;0;0;0;0;0;0;-12.4;0;0;0;0;0.0004;0;0;0;0;0;0;0;-0.0004;-0.0884;0;0;0;0;0;0;0;0;0;-0.7452;0;0.7452;1;1;0;0;0;0
15/03/21 01:00;0;0;90;0;0;90;0;0;0;0;11.8;2.1699;0;0;0;0;0;0;0;0;0;0;0;0;0;1;1;1;1;0;0;0;0;0;0;0;0;0;0;0;0;0;0;0;0;0;0;0;0;0;0;0;0;0;0;0;0;0;0;0;0;0;0;0;1;1;1;1;1;1;1;1;1;1;1;1;1;1;1;1;1;1;1;0;0;0;0;0;0;0;0;0;0.0004;0.088;-0.0884;0;0;0;0;0;0;0;0;0;0;0;0;0;0;0;0;0;0;0;-11.8;0;0;0;0;0.0004;0;0;0;0;0;0;0;-0.0004;-0.0884;0;0;0;0;0;0;0;0;0;-0.7452;0;0.7452;1;1;0;0;0;0
15/03/21 02:00;0;0;90;0;0;90;0;0;0;0;10.43;2.27;0;0;0;0;0;0;0;0;0;0;0;0;0;1;1;1;1;0;0;0;0;0;0;0;0;0;0;0;0;0;0;0;0;0;0;0;0;0;0;0;0;0;0;0;0;0;0;0;0;0;0;0;1;1;1;1;1;1;1;1;1;1;1;1;1;1;1;1;1;1;1;0;0;0;0;0;0;0;0;0;0.0004;0.088;-0.0884;0;0;0;0;0;0;0;0;0;0;0;0;0;0;0;0;0;0;0;-10.43;0;0;0;0;0.0004;0;0;0;0;0;0;0;-0.0004;-0.0884;0;0;0;0;0;0;0;0;0;-0.7452;0;0.7452;1;1;0;0;0;0
15/03/21 03:00;0;0;90;0;0;90;0;0;0;0;9.2003;2.3701;0;0;0;0;0;0;0;0;0;0;0;0;0;1;1;1;1;0;0;0;0;0;0;0;0;0;0;0;0;0;0;0;0;0;0;0;0;0;0;0;0;0;0;0;0;0;0;0;0;0;0;0;1;1;1;1;1;1;1;1;1;1;1;1;1;1;1;1;1;1;1;0;0;0;0;0;0;0;0;0;0.0004;0.088;-0.0884;0;0;0;0;0;0;0;0;0;0;0;0;0;0;0;0;0;0;0;-9.2003;0;0;0;0;0.0004;0;0;0;0;0;0;0;-0.0004;-0.0884;0;0;0;0;0;0;0;0;0;-0.7452;0;0.7452;1;1;0;0;0;0
15/03/21 04:00;0;0;90;0;0;90;0;0;0;0;8.6399;2.42;0;0;0;0;0;0;0;0;0;0;0;0;0;1;1;1;1;0;0;0;0;0;0;0;0;0;0;0;0;0;0;0;0;0;0;0;0;0;0;0;0;0;0;0;0;0;0;0;0;0;0;0;1;1;1;1;1;1;1;1;1;1;1;1;1;1;1;1;1;1;1;0;0;0;0;0;0;0;0;0;0.0004;0.088;-0.0884;0;0;0;0;0;0;0;0;0;0;0;0;0;0;0;0;0;0;0;-8.6399;0;0;0;0;0.0004;0;0;0;0;0;0;0;-0.0004;-0.0884;0;0;0;0;0;0;0;0;0;-0.7452;0;0.7452;1;1;0;0;0;0
15/03/21 05:00;0;0;90;0;0;90;0;0;0;0;8.4498;2.84;0;0;0;0;0;0;0;0;0;0;0;0;0;1;1;1;1;0;0;0;0;0;0;0;0;0;0;0;0;0;0;0;0;0;0;0;0;0;0;0;0;0;0;0;0;0;0;0;0;0;0;0;1;1;1;1;1;1;1;1;1;1;1;1;1;1;1;1;1;1;1;0;0;0;0;0;0;0;0;0;0.0004;0.088;-0.0884;0;0;0;0;0;0;0;0;0;0;0;0;0;0;0;0;0;0;0;-8.4498;0;0;0;0;0.0004;0;0;0;0;0;0;0;-0.0004;-0.0884;0;0;0;0;0;0;0;0;0;-0.7452;0;0.7452;1;1;0;0;0;0
15/03/21 06:00;6.0044;-88.14;75.304;6.0075;8.6966;-90;-8.6966;89.605;14.801;74.805;8.9497;3.5099;0;181.42;7.0912;18.598;0;0.0979;207.21;0;207.21;181.42;18.598;7.0912;0.0979;0.8756;0.0347;0;0.0005;207.09;0.1218;0;0;0.0405;0.0813;167.26;38.383;34.546;3.5414;0.2916;0.0037;205.64;1.4496;1.27;0.1302;0.0494;0.0001;167.26;145.61;14.927;6.7097;0.0128;4.6421;3.7415;1.4446;0.0012;0.0488;0.7026;0.0012;0.7502;0;1;0;0;2.3125;0.9994;1;1;0.9943;0.1692;0.8133;0.8082;1;0.9583;0.7757;0.993;0.993;1;0.993;0.993;0.8072;0.9462;0.1303;0.5897;0.4799;0.0029;0.0172;-0.0136;0.0033;0.0118;0.0001;0;0;0.088;0.3509;0;0;0;0;0;0;0;0;0;0;0;0;0.0095;0.0008;0.448;0.448;0;17.103;17.103;8.1532;0.0487;410.72;1090.8;1;0.0091;0.0091;0;0;0;0;0;0;0.4389;0.3509;0;14.287;16.544;11.19;12.958;97.967;97.967;4.973;3.7781;2.9592;1.1949;0.8189;0.2403;0.1647;0.5951;4.238;0.5935;0
15/03/21 07:00;17.985;-79.341;41.508;18.28;31.248;-90;-31.248;287.61;47.701;239.91;12.26;2.73;0;581.84;19.337;65.124;0;3.9637;670.27;0;670.27;581.84;65.124;19.337;3.9637;0.8681;0.0348;0;0.0059;665.87;4.3911;0;0;0.9125;3.4786;655.55;5.6645;4.4874;0.5023;0.5944;0.0804;661.21;4.6611;4.0729;0.4559;0.129;0.0034;655.64;573.28;64.166;17.701;0.4012;14.164;11.416;4.6563;0.3381;0.1546;2.224;0.0935;2.0405;0;1;0;0;2.3305;0.9934;1;1;0.9528;0.1224;0.9914;0.9922;1;0.9675;0.8331;0.993;0.993;1;0.993;0.993;0.978;0.9154;0.1012;1.9075;1.8803;0.0113;0.0008;0.13;0.0122;0.0432;0.0004;0;0;0.088;1.5251;0;0;0;0;0;0;0;0;0;0;0;0;0.0348;0.0085;1.6393;1.6393;0;44.677;44.677;32.417;0.0495;1619.7;1012.1;1;0.0261;0.0261;0;0;0;0;0;0;1.6131;1.5251;0;16.161;18.714;15.036;17.411;98.405;98.405;16.086;13.824;12.862;2.262;0.9626;0.1406;0.0598;0.7995;12.857;0.7976;0
15/03/21 08:00;29.787;-69.199;17.951;31.479;58.521;-90;-58.521;498.31;82.298;416.01;14.96;1.23;0;796.66;24.633;95.621;0;22.619;939.54;0;939.54;796.66;95.621;24.633;22.619;0.8479;0.0503;0;0.0241;915.49;24.046;0;0;2.9764;21.07;907.69;1.3884;0.4905;0.0589;0.7519;0.0871;909.08;6.4084;5.5766;0.6693;0.1516;0.0108;911.65;790.6;94.893;20.753;1.4515;120.92;97.461;37.429;3.7726;1.5286;21.988;3.9587;19.744;0;1;0;0;1.8855;0.9744;1;1;0.8792;0.0685;0.9985;0.9994;1;0.965;0.9434;0.993;0.993;1;0.993;0.993;0.9661;0.8425;0.0642;2.6738;2.6524;0.016;-0.0015;0.3306;0.0162;0.0573;0.0036;0;0;0.088;2.0444;0;0;0;0;0;0;0;0;0;0;0;0;0.0461;0.0163;2.1677;2.1677;0;60.408;60.408;45.448;0.0501;2288.1;947.4;1;0.0353;0.0353;0;0;0;0;0;0;2.1324;2.0444;0;15.246;17.655;14.379;16.651;98.372;98.372;22.549;18.281;17.241;4.268;1.0398;0.1893;0.0461;0.7646;21.083;0.7514;0
15/03/21 09:00;40.711;-56.571;24.683;45.875;44.125;-90;-44.125;688.69;113.6;575.09;17.64;1.0301;0;801.16;35.243;101.1;0;18.461;955.96;0;955.96;801.16;101.1;35.243;18.461;0.8381;0.0562;0;0.0193;936.12;19.835;0;0;2.8261;17.009;927.66;1.9055;0.6783;0.0856;1.0482;0.0934;929.57;6.5529;5.6081;0.7077;0.2269;0.0102;932.41;794.87;100.3;31.141;1.3491;303.48;244.61;95.655;2.0159;3.2406;46.615;4.7451;47.839;0;1;0;0;1.3881;0.9793;1;1;0.9198;0.0787;0.998;0.9991;1;0.9674;0.9352;0.993;0.993;1;0.993;0.993;0.9704;0.8836;0.0731;2.7206;2.7611;0.0166;-0.0008;0.3819;0.0165;0.0587;0.0076;0;0;0.088;2.0917;0;0;0;0;0;0;0;0;0;0;0;0;0.0473;0.0176;2.2158;2.2158;0;64.234;64.234;46.594;0.0502;2378.4;931.64;1;0.0361;0.0361;0;0;0;0;0;0;2.1797;2.0917;0;15.316;17.736;14.458;16.743;98.37;98.37;22.943;18.686;17.639;4.257;1.0467;0.1855;0.0456;0.7688;26.021;0.7418;0
15/03/21 10:00;49.87;-39.596;29.778;61.752;28.248;-90;-28.248;823.09;136;687.09;19.1;1.5199;0;779.98;44.627;100.52;0;9.3126;934.44;0;934.44;779.98;100.52;44.627;9.3126;0.8347;0.0577;0;0.01;924.59;9.8494;0;0;1.7933;8.0561;915.59;2.5259;0.7966;0.1027;1.3951;0.2315;918.12;6.4721;5.4599;0.7036;0.2998;0.0088;918.17;773.73;99.711;41.139;1.0162;443.43;357.41;138.67;0.5506;4.6503;66.893;2.5788;70.993;0;1;0;0;1.1353;0.9895;1;1;0.9598;0.1349;0.9972;0.999;1;0.9672;0.8145;0.993;0.993;1;0.993;0.993;0.9798;0.9218;0.1091;2.6593;2.761;0.0166;-0.0008;0.3907;0.0165;0.0584;0.0108;0;0;0.088;2.0803;0;0;0;0;0;0;0;0;0;0;0;0;0.0471;0.0175;2.2041;2.2041;0;65.121;65.121;46.021;0.0503;2376.3;927.5;1;0.0357;0.0357;0;0;0;0;0;0;2.1683;2.0803;0;15.586;18.048;14.711;17.035;98.378;98.378;22.427;18.587;17.544;3.8395;1.0435;0.1712;0.0465;0.7823;29.069;0.7425;0
15/03/21 11:00;55.706;-16.602;32.681;78.973;11.027;-90;-11.027;903.4;149.3;754.09;19.69;2.0601;0;768.28;50.099;100.59;0;1.5845;920.56;0;920.56;768.28;100.59;50.099;1.5845;0.8346;0.0561;0;0.0017;918.82;1.7406;0;0;0.4251;1.3155;908.09;4.2917;1.9866;0.2601;1.985;0.06;912.38;6.4317;5.378;0.7042;0.3477;0.0019;908.42;760.91;99.63;47.341;0.2072;526.44;424.31;162.57;0.0215;5.6137;80.751;0.328;86.343;0;1;0;0;1.019;0.9981;1;1;0.9915;0.1698;0.9953;0.9974;1;0.9598;0.7755;0.993;0.993;1;0.993;0.993;0.9865;0.945;0.1308;2.6198;2.7608;0.0166;-0.0008;0.3929;0.0165;0.0584;0.0131;0;0;0.088;2.076;0;0;0;0;0;0;0;0;0;0;0;0;0.047;0.0175;2.1996;2.1996;0;65.342;65.342;45.653;0.0503;2375;926.18;1;0.0356;0.0356;0;0;0;0;0;0;2.164;2.076;0;15.789;18.284;14.902;17.256;98.381;98.381;22.093;18.55;17.507;3.5436;1.0424;0.1604;0.0472;0.7924;30.11;0.7436;0
15/03/21 12:00;56.382;10.383;32.997;83.167;6.8331;90;6.8331;909.1;149.9;759.2;21.14;2.3701;0;764.63;50.707;99.723;0;0.6134;915.67;0;915.67;764.63;99.723;50.707;0.6134;0.835;0.056;0;0.0007;914.97;0.7069;0;0;0.1961;0.5109;904;4.5582;2.1176;0.2762;2.1416;0.0228;908.56;6.4048;5.3524;0.6981;0.3536;0.0007;904.1;757.16;98.748;48.015;0.079;533.76;430.21;165.62;0.0031;5.6391;81.117;0.0916;86.753;0;1;0;0;1.0072;0.9992;1;1;0.9961;0.1672;0.995;0.9972;1;0.9573;0.7758;0.993;0.993;1;0.993;0.993;0.9873;0.9469;0.1288;2.6059;2.7492;0.0166;-0.0009;0.4042;0.0163;0.0578;0.0131;0;0;0.088;2.0552;0;0;0;0;0;0;0;0;0;0;0;0;0.0466;0.0174;2.1782;2.1782;0;66.636;66.636;45.495;0.0503;2364.7;921.13;1;0.035;0.035;0;0;0;0;0;0;2.1432;2.0552;0;15.719;18.202;14.832;17.175;98.394;98.394;21.976;18.369;17.332;3.607;1.0372;0.1641;0.0472;0.7887;30.196;0.7396;0
15/03/21 13:00;51.62;34.735;30.679;65.711;24.289;90;24.289;849.89;144.3;705.59;22.24;2.3801;0;774.11;47.976;103.24;0;7.1468;932.48;0;932.48;774.11;103.24;47.976;7.1468;0.8302;0.0591;0;0.0077;924.86;7.6149;0;0;1.5184;6.0965;915.38;3.0082;1.102;0.147;1.5435;0.2158;918.39;6.474;5.4188;0.7227;0.3252;0.0074;917.23;767.59;102.37;44.589;0.8272;470.21;378.99;148.59;0.3481;4.8155;69.269;1.8489;73.737;0;1;0;0;1.0972;0.9918;1;1;0.9684;0.147;0.9967;0.9986;1;0.9665;0.7931;0.993;0.993;1;0.993;0.993;0.9817;0.9294;0.1157;2.6538;2.763;0.0166;-0.0008;0.4236;0.0163;0.0577;0.0111;0;0;0.088;2.0518;0;0;0;0;0;0;0;0;0;0;0;0;0.0465;0.0176;2.1745;2.1745;0;68.373;68.373;46.134;0.0504;2378.5;914.25;1;0.0348;0.0348;0;0;0;0;0;0;2.1398;2.0518;0;15.41;17.844;14.54;16.837;98.402;98.402;22.379;18.338;17.303;4.0412;1.0352;0.1806;0.0463;0.7732;30.496;0.7324;0
15/03/21 14:00;43.077;53.036;26.054;49.485;40.515;90;40.515;712.7;146;566.7;22.65;2.26;0;745.44;51.248;115.45;0;16.234;928.37;0;928.37;745.44;115.45;51.248;16.234;0.803;0.0727;0;0.0175;909.82;18.55;0;0;3.6385;14.911;901.03;2.4176;0.6661;0.1032;1.5316;0.1167;903.45;6.3687;5.218;0.8081;0.3333;0.0093;905.54;739.55;114.54;45.744;1.1966;337.91;272.36;107.73;2.1851;3.5247;50.701;4.5144;52.041;0;1;0;0;1.3026;0.98;1;1;0.929;0.0815;0.9973;0.9991;1;0.9676;0.9111;0.993;0.993;1;0.993;0.993;0.9706;0.8926;0.0737;2.6421;2.6924;0.0162;-0.0013;0.4099;0.0159;0.0563;0.0081;0;0;0.088;2.0036;0;0;0;0;0;0;0;0;0;0;0;0;0.0453;0.0167;2.1252;2.1252;0;68.048;68.048;45.399;0.0504;2318.6;916.6;1;0.0336;0.0336;0;0;0;0;0;0;2.0916;2.0036;0;15.127;17.517;14.261;16.514;98.418;98.418;22.281;17.922;16.897;4.3585;1.0257;0.1956;0.046;0.7584;36.664;0.7286;0
15/03/21 15:00;32.468;66.502;19.657;34.754;55.246;90;55.246;534.29;150.3;383.99;23.26;2.05;0;673.61;56.843;136.64;0;21.823;888.92;0;888.92;673.61;136.64;56.843;21.823;0.7578;0.0885;0;0.0246;862.14;26.782;0;0;6.3399;20.443;853.78;2.3219;0.4542;0.0921;1.7128;0.0629;856.1;6.0349;4.7153;0.9565;0.3535;0.0097;858.6;668.44;135.59;48.436;1.3083;176.32;142.11;54.093;7.0938;2.3639;34.003;4.8178;29.273;0;1;0;0;1.6637;0.9699;1;1;0.8885;0.0633;0.9973;0.9993;1;0.9658;0.9542;0.993;0.993;1;0.993;0.993;0.9605;0.8521;0.06;2.5298;2.5246;0.0152;-0.0019;0.3682;0.015;0.0532;0.0055;0;0;0.088;1.8923;0;0;0;0;0;0;0;0;0;0;0;0;0.0429;0.0148;2.0118;2.0118;0;66.214;66.214;42.954;0.0503;2177.1;924.05;1;0.0315;0.0315;0;0;0;0;0;0;1.9803;1.8923;0;14.955;17.318;14.067;16.289;98.434;98.434;21.334;16.966;15.958;4.3685;1.0078;0.2048;0.0472;0.748;46.883;0.7272;0
15/03/21 16:00;20.819;77.095;30.459;21.311;40.502;90;40.502;322.81;148.7;174.11;23.18;1.63;0;422.27;84.429;128;0;7.3483;642.04;0;642.04;422.27;128;84.429;7.3483;0.6577;0.1429;0;0.0114;629.3;12.741;0;0;5.9915;6.7494;621.61;3.2891;0.5471;0.1658;2.5233;0.0529;624.9;4.4051;2.9559;0.896;0.5491;0.0042;622.41;418.77;126.94;75.365;0.5418;61.508;49.576;20.265;3.591;0.8065;11.602;0.8031;8.8172;0;1;0;0;1.9889;0.9802;1;1;0.929;0.0815;0.9947;0.9987;1;0.9676;0.911;0.993;0.993;1;0.993;0.993;0.9682;0.8926;0.0737;1.8272;1.804;0.0109;0.0015;0.1864;0.0112;0.0399;0.002;0;0;0.088;1.4012;0;0;0;0;0;0;0;0;0;0;0;0;0.0321;0.0079;1.5123;1.5123;0;54.165;54.165;30.986;0.0498;1555.8;972.03;1;0.023;0.023;0;0;0;0;0;0;1.4892;1.4012;0;15.564;18.023;14.422;16.7;98.479;98.479;15.409;12.753;11.817;2.656;0.9361;0.1724;0.0608;0.7669;60.396;0.7566;0
15/03/21 17:00;8.6915;86.23;68.5;8.7101;12.837;90;12.837;91.598;83.801;7.7964;22.34;2.04;0;18.908;79.661;7.5971;0;0.2175;106.38;0;106.38;18.908;7.5971;79.661;0.2175;0.1777;0.7508;0;0.002;105.33;1.0571;0;0;0.8761;0.181;99.109;5.4806;1.7225;0.6921;3.0579;0.0082;104.59;0.7373;0.1324;0.0532;0.5515;0.0003;99.148;17.054;6.8519;75.175;0.0281;48.182;38.835;14.335;0.0589;0.5528;7.9523;0.0397;8.4462;0;1;0;0;1.1614;0.9901;1;1;0.989;0.1677;0.9476;0.9083;1;0.9609;0.7748;0.993;0.993;1;0.993;0.993;0.9316;0.9437;0.129;0.3028;0.2996;0.0018;0.0165;0.0025;0.002;0.0069;0.0014;0;0;0.088;0.168;0;0;0;0;0;0;0;0;0;0;0;0;0.0056;0.0004;0.2626;0.2626;0;27.237;27.237;4.897;0.0494;255.4;1028.2;1;0.0066;0.0066;0;0;0;0;0;0;0.256;0.168;0;16.312;18.889;10.437;12.086;97.491;97.491;2.5532;2.2146;1.417;0.3386;0.7977;0.1326;0.3124;0.555;48.128;0.5256;0
15/03/21 18:00;1.3349;91.429;86.761;1.3353;1.9046;90;1.9046;0;0;0;19.72;2.4601;0;0;0;0;0;0;0;0;0;0;0;0;0;1;1;1;1;0;0;0;0;0;0;0;0;0;0;0;0;0;0;0;0;0;0;0;0;0;0;0;0;0;0;0;0;0;0;0;0;0;0;0;1;1;1;1;1;1;1;1;1;1;1;1;1;1;1;1;1;1;1;0;0;0;0;0;0;0;0;0;0.0004;0.088;-0.0884;0;0;0;0;0;0;0;0;0;0;0;0;0;0;0;0;0;0;0;-19.72;0;0;0;0;0.0004;0;0;0;0;0;0;0;-0.0004;-0.0884;0;0;0;0;0;0;0;0;0;-0.7452;0;0.7452;1;1;0;0;0;0
15/03/21 19:00;0;0;90;0;0;90;0;0;0;0;15.68;2.67;0;0;0;0;0;0;0;0;0;0;0;0;0;1;1;1;1;0;0;0;0;0;0;0;0;0;0;0;0;0;0;0;0;0;0;0;0;0;0;0;0;0;0;0;0;0;0;0;0;0;0;0;1;1;1;1;1;1;1;1;1;1;1;1;1;1;1;1;1;1;1;0;0;0;0;0;0;0;0;0;0.0004;0.088;-0.0884;0;0;0;0;0;0;0;0;0;0;0;0;0;0;0;0;0;0;0;-15.68;0;0;0;0;0.0004;0;0;0;0;0;0;0;-0.0004;-0.0884;0;0;0;0;0;0;0;0;0;-0.7452;0;0.7452;1;1;0;0;0;0
15/03/21 20:00;0;0;90;0;0;90;0;0;0;0;13.84;2.7801;0;0;0;0;0;0;0;0;0;0;0;0;0;1;1;1;1;0;0;0;0;0;0;0;0;0;0;0;0;0;0;0;0;0;0;0;0;0;0;0;0;0;0;0;0;0;0;0;0;0;0;0;1;1;1;1;1;1;1;1;1;1;1;1;1;1;1;1;1;1;1;0;0;0;0;0;0;0;0;0;0.0004;0.088;-0.0884;0;0;0;0;0;0;0;0;0;0;0;0;0;0;0;0;0;0;0;-13.84;0;0;0;0;0.0004;0;0;0;0;0;0;0;-0.0004;-0.0884;0;0;0;0;0;0;0;0;0;-0.7452;0;0.7452;1;1;0;0;0;0
15/03/21 21:00;0;0;90;0;0;90;0;0;0;0;12.62;2.7899;0;0;0;0;0;0;0;0;0;0;0;0;0;1;1;1;1;0;0;0;0;0;0;0;0;0;0;0;0;0;0;0;0;0;0;0;0;0;0;0;0;0;0;0;0;0;0;0;0;0;0;0;1;1;1;1;1;1;1;1;1;1;1;1;1;1;1;1;1;1;1;0;0;0;0;0;0;0;0;0;0.0004;0.088;-0.0884;0;0;0;0;0;0;0;0;0;0;0;0;0;0;0;0;0;0;0;-12.62;0;0;0;0;0.0004;0;0;0;0;0;0;0;-0.0004;-0.0884;0;0;0;0;0;0;0;0;0;-0.7452;0;0.7452;1;1;0;0;0;0
15/03/21 22:00;0;0;90;0;0;90;0;0;0;0;12.12;2.6901;0;0;0;0;0;0;0;0;0;0;0;0;0;1;1;1;1;0;0;0;0;0;0;0;0;0;0;0;0;0;0;0;0;0;0;0;0;0;0;0;0;0;0;0;0;0;0;0;0;0;0;0;1;1;1;1;1;1;1;1;1;1;1;1;1;1;1;1;1;1;1;0;0;0;0;0;0;0;0;0;0.0004;0.088;-0.0884;0;0;0;0;0;0;0;0;0;0;0;0;0;0;0;0;0;0;0;-12.12;0;0;0;0;0.0004;0;0;0;0;0;0;0;-0.0004;-0.0884;0;0;0;0;0;0;0;0;0;-0.7452;0;0.7452;1;1;0;0;0;0
15/03/21 23:00;0;0;90;0;0;90;0;0;0;0;11.5;2.7001;0;0;0;0;0;0;0;0;0;0;0;0;0;1;1;1;1;0;0;0;0;0;0;0;0;0;0;0;0;0;0;0;0;0;0;0;0;0;0;0;0;0;0;0;0;0;0;0;0;0;0;0;1;1;1;1;1;1;1;1;1;1;1;1;1;1;1;1;1;1;1;0;0;0;0;0;0;0;0;0;0.0004;0.088;-0.0884;0;0;0;0;0;0;0;0;0;0;0;0;0;0;0;0;0;0;0;-11.5;0;0;0;0;0.0004;0;0;0;0;0;0;0;-0.0004;-0.0884;0;0;0;0;0;0;0;0;0;-0.7452;0;0.7452;1;1;0;0;0;0
16/03/21 00:00;0;0;90;0;0;90;0;0;0;0;11.45;2.91;0;0;0;0;0;0;0;0;0;0;0;0;0;1;1;1;1;0;0;0;0;0;0;0;0;0;0;0;0;0;0;0;0;0;0;0;0;0;0;0;0;0;0;0;0;0;0;0;0;0;0;0;1;1;1;1;1;1;1;1;1;1;1;1;1;1;1;1;1;1;1;0;0;0;0;0;0;0;0;0;0.0004;0.088;-0.0884;0;0;0;0;0;0;0;0;0;0;0;0;0;0;0;0;0;0;0;-11.45;0;0;0;0;0.0004;0;0;0;0;0;0;0;-0.0004;-0.0884;0;0;0;0;0;0;0;0;0;-0.7452;0;0.7452;1;1;0;0;0;0
16/03/21 01:00;0;0;90;0;0;90;0;0;0;0;11.54;3.1899;0;0;0;0;0;0;0;0;0;0;0;0;0;1;1;1;1;0;0;0;0;0;0;0;0;0;0;0;0;0;0;0;0;0;0;0;0;0;0;0;0;0;0;0;0;0;0;0;0;0;0;0;1;1;1;1;1;1;1;1;1;1;1;1;1;1;1;1;1;1;1;0;0;0;0;0;0;0;0;0;0.0004;0.088;-0.0884;0;0;0;0;0;0;0;0;0;0;0;0;0;0;0;0;0;0;0;-11.54;0;0;0;0;0.0004;0;0;0;0;0;0;0;-0.0004;-0.0884;0;0;0;0;0;0;0;0;0;-0.7452;0;0.7452;1;1;0;0;0;0
16/03/21 02:00;0;0;90;0;0;90;0;0;0;0;13.38;3.6601;0;0;0;0;0;0;0;0;0;0;0;0;0;1;1;1;1;0;0;0;0;0;0;0;0;0;0;0;0;0;0;0;0;0;0;0;0;0;0;0;0;0;0;0;0;0;0;0;0;0;0;0;1;1;1;1;1;1;1;1;1;1;1;1;1;1;1;1;1;1;1;0;0;0;0;0;0;0;0;0;0.0004;0.088;-0.0884;0;0;0;0;0;0;0;0;0;0;0;0;0;0;0;0;0;0;0;-13.38;0;0;0;0;0.0004;0;0;0;0;0;0;0;-0.0004;-0.0884;0;0;0;0;0;0;0;0;0;-0.7452;0;0.7452;1;1;0;0;0;0
16/03/21 03:00;0;0;90;0;0;90;0;0;0;0;13.69;4.2;0;0;0;0;0;0;0;0;0;0;0;0;0;1;1;1;1;0;0;0;0;0;0;0;0;0;0;0;0;0;0;0;0;0;0;0;0;0;0;0;0;0;0;0;0;0;0;0;0;0;0;0;1;1;1;1;1;1;1;1;1;1;1;1;1;1;1;1;1;1;1;0;0;0;0;0;0;0;0;0;0.0004;0.088;-0.0884;0;0;0;0;0;0;0;0;0;0;0;0;0;0;0;0;0;0;0;-13.69;0;0;0;0;0.0004;0;0;0;0;0;0;0;-0.0004;-0.0884;0;0;0;0;0;0;0;0;0;-0.7452;0;0.7452;1;1;0;0;0;0
16/03/21 04:00;0;0;90;0;0;90;0;0;0;0;13.07;4.36;0;0;0;0;0;0;0;0;0;0;0;0;0;1;1;1;1;0;0;0;0;0;0;0;0;0;0;0;0;0;0;0;0;0;0;0;0;0;0;0;0;0;0;0;0;0;0;0;0;0;0;0;1;1;1;1;1;1;1;1;1;1;1;1;1;1;1;1;1;1;1;0;0;0;0;0;0;0;0;0;0.0004;0.088;-0.0884;0;0;0;0;0;0;0;0;0;0;0;0;0;0;0;0;0;0;0;-13.07;0;0;0;0;0.0004;0;0;0;0;0;0;0;-0.0004;-0.0884;0;0;0;0;0;0;0;0;0;-0.7452;0;0.7452;1;1;0;0;0;0
16/03/21 05:00;0;0;90;0;0;90;0;0;0;0;13.23;4.64;0;0;0;0;0;0;0;0;0;0;0;0;0;1;1;1;1;0;0;0;0;0;0;0;0;0;0;0;0;0;0;0;0;0;0;0;0;0;0;0;0;0;0;0;0;0;0;0;0;0;0;0;1;1;1;1;1;1;1;1;1;1;1;1;1;1;1;1;1;1;1;0;0;0;0;0;0;0;0;0;0.0004;0.088;-0.0884;0;0;0;0;0;0;0;0;0;0;0;0;0;0;0;0;0;0;0;-13.23;0;0;0;0;0.0004;0;0;0;0;0;0;0;-0.0004;-0.0884;0;0;0;0;0;0;0;0;0;-0.7452;0;0.7452;1;1;0;0;0;0
16/03/21 06:00;5.8369;-87.773;75.721;5.8413;8.4487;-90;-8.4487;71.497;26.501;44.995;13.76;4.8699;0;109.13;17.904;20.614;0;0.0737;147.72;0;147.72;109.13;20.614;17.904;0.0737;0.7387;0.1217;0;0.0005;147.56;0.1587;0;0;0.0975;0.0612;119.95;26.572;21.726;4.104;0.7391;0.0028;146.53;1.0329;0.7639;0.1443;0.1246;0.0001;119.96;86.636;16.366;16.943;0.0096;10.957;8.8311;3.2866;0.0027;0.1233;1.7734;0.0028;1.894;0;1;0;0;2.0661;0.9989;1;1;0.9946;0.1691;0.8187;0.7995;1;0.9582;0.7758;0.993;0.993;1;0.993;0.993;0.8121;0.9463;0.1303;0.4204;0.3468;0.0021;0.0169;-0.0067;0.0023;0.0083;0.0003;0;0;0.088;0.2209;0;0;0;0;0;0;0;0;0;0;0;0;0.0067;0.0005;0.3164;0.3164;0;19.638;19.638;5.8778;0.049;296.26;1067.9;1;0.0075;0.0075;0;0;0;0;0;0;0.3089;0.2209;0;14.152;16.388;9.8809;11.442;97.634;97.634;3.5452;2.668;1.8627;0.8772;0.8053;0.2474;0.2271;0.5254;10.695;0.5207;0
16/03/21 07:00;17.809;-78.961;42.118;18.123;30.85;-90;-30.85;279.5;47.701;231.8;17.63;5.9099;0;562.18;19.973;63.56;0;3.7569;649.47;0;649.47;562.18;63.56;19.973;3.7569;0.8656;0.0365;0;0.0058;645.26;4.2145;0;0;0.9236;3.2909;635;5.7413;4.5349;0.5127;0.6152;0.0785;640.74;4.5168;3.9353;0.4449;0.1333;0.0033;635.09;553.71;62.602;18.301;0.3843;14.507;11.692;4.7505;0.3341;0.1588;2.2839;0.0935;2.1086;0;1;0;0;2.3237;0.9935;1;1;0.9538;0.124;0.991;0.9919;1;0.9675;0.8304;0.993;0.993;1;0.993;0.993;0.9777;0.9163;0.1023;1.8483;1.8216;0.011;0.0013;0.1552;0.0116;0.0411;0.0004;0;0;0.088;1.4477;0;0;0;0;0;0;0;0;0;0;0;0;0.0331;0.008;1.56;1.56;0;49.15;49.15;31.52;0.0496;1569.6;993.9;1;0.0243;0.0243;0;0;0;0;0;0;1.5357;1.4477;0;15.872;18.38;14.73;17.057;98.442;98.442;15.587;13.156;12.209;2.4315;0.9471;0.156;0.0608;0.7833;13.243;0.7812;0
16/03/21 08:00;29.588;-68.797;18.331;31.342;58.658;-90;-58.658;492.51;81.699;410.81;19.4;5.47;0;789.78;24.645;94.732;0;22.451;931.61;0;931.61;789.78;94.732;24.645;22.451;0.8478;0.0506;0;0.0241;907.71;23.9;0;0;2.9879;20.912;899.96;1.3965;0.4966;0.0596;0.7527;0.0876;901.36;6.354;5.5285;0.6631;0.1516;0.0108;903.9;783.76;94.009;20.753;1.4408;118.29;95.341;36.419;3.8059;1.5156;21.801;3.9371;19.51;0;1;0;0;1.8916;0.9743;1;1;0.8788;0.0686;0.9985;0.9994;1;0.965;0.9427;0.993;0.993;1;0.993;0.993;0.966;0.8421;0.0642;2.6513;2.6298;0.0158;-0.0016;0.3679;0.0157;0.0558;0.0035;0;0;0.088;1.99;0;0;0;0;0;0;0;0;0;0;0;0;0.0449;0.016;2.1116;2.1116;0;64.617;64.617;45.217;0.0502;2268.4;930.9;1;0.0336;0.0336;0;0;0;0;0;0;2.078;1.99;0;14.978;17.344;14.115;16.345;98.409;98.409;22.359;17.808;16.782;4.551;1.0254;0.2035;0.0459;0.7506;21.127;0.7377;0
16/03/21 09:00;40.471;-56.146;25.074;45.775;44.225;-90;-44.225;675.7;111.3;564.4;21.13;4.64;0;787.61;35.313;97.903;0;18.192;939.02;0;939.02;787.61;97.903;35.313;18.192;0.8388;0.057;0;0.0194;919.41;19.605;0;0;2.8412;16.764;911.07;1.9029;0.6774;0.0842;1.0502;0.0911;912.97;6.4359;5.5133;0.6853;0.2273;0.01;915.75;781.42;97.133;31.194;1.3271;297.33;239.65;93.696;2.0357;3.18;45.743;4.6758;46.887;0;1;0;0;1.3897;0.9791;1;1;0.9195;0.0785;0.9979;0.9991;1;0.9674;0.9358;0.993;0.993;1;0.993;0.993;0.9702;0.8834;0.073;2.6724;2.7117;0.0163;-0.0012;0.4024;0.0161;0.057;0.0073;0;0;0.088;2.0286;0;0;0;0;0;0;0;0;0;0;0;0;0.0459;0.017;2.1509;2.1509;0;66.995;66.995;45.865;0.0503;2335.7;920.89;1;0.0343;0.0343;0;0;0;0;0;0;2.1166;2.0286;0;15.136;17.528;14.276;16.531;98.404;98.404;22.536;18.139;17.107;4.3973;1.0316;0.1951;0.0458;0.7591;26.097;0.7324;0
16/03/21 10:00;49.571;-39.182;30.178;61.709;28.291;-90;-28.291;810;133.3;676.7;22.42;3.9001;0;768.5;44.566;97.554;0;9.1917;919.81;0;919.81;768.5;97.554;44.566;9.1917;0.8355;0.0584;0;0.01;910.06;9.7484;0;0;1.7952;7.9532;901.09;2.6015;0.8703;0.1105;1.3928;0.2279;903.69;6.3705;5.3795;0.6829;0.2994;0.0087;903.64;762.25;96.761;41.078;1.0019;436.3;351.66;136.45;0.5527;4.5757;65.819;2.5467;69.842;0;1;0;0;1.1356;0.9894;1;1;0.9597;0.1347;0.9971;0.9989;1;0.9672;0.8147;0.993;0.993;1;0.993;0.993;0.9796;0.9217;0.109;2.6177;2.7172;0.0164;-0.0011;0.4112;0.016;0.0569;0.0105;0;0;0.088;2.0224;0;0;0;0;0;0;0;0;0;0;0;0;0.0458;0.017;2.1445;2.1445;0;67.813;67.813;45.393;0.0504;2338.7;916.97;1;0.0341;0.0341;0;0;0;0;0;0;2.1104;2.0224;0;15.406;17.84;14.529;16.824;98.41;98.41;22.076;18.085;17.055;3.9907;1.0296;0.1808;0.0466;0.7726;29.037;0.7333;0
16/03/21 11:00;55.338;-16.314;33.082;79.008;10.992;-90;-10.992;886.5;146;740.5;23.11;3.4399;0;754.34;50.251;97.061;0;1.545;903.2;0;903.2;754.34;97.061;50.251;1.545;0.8352;0.0573;0;0.0017;901.49;1.7068;0;0;0.4242;1.2827;890.73;4.4504;2.1262;0.2736;1.9922;0.0585;895.18;6.3104;5.2804;0.6794;0.3488;0.0018;891.05;746.94;96.108;47.486;0.202;516.65;416.42;159.53;0.0213;5.51;79.26;0.3193;84.748;0;1;0;0;1.0188;0.9981;1;1;0.9916;0.1698;0.995;0.9972;1;0.9597;0.7755;0.993;0.993;1;0.993;0.993;0.9862;0.945;0.1308;2.5704;2.7081;0.0163;-0.0012;0.4116;0.016;0.0566;0.0127;0;0;0.088;2.0118;0;0;0;0;0;0;0;0;0;0;0;0;0.0456;0.0169;2.1336;2.1336;0;67.987;67.987;44.878;0.0504;2329.7;915.82;1;0.0338;0.0338;0;0;0;0;0;0;2.0998;2.0118;0;15.61;18.076;14.719;17.044;98.415;98.415;21.677;17.993;16.966;3.6838;1.0272;0.1699;0.0474;0.7827;30.199;0.7344;0
16/03/21 12:00;55.98;10.409;33.386;83.047;6.9533;90;6.9533;893.81;149.1;744.71;24.4;3.3301;0;750.23;51.795;97.829;0;0.6245;900.48;0;900.48;750.23;97.829;51.795;0.6245;0.8331;0.0582;0;0.0007;899.75;0.7261;0;0;0.206;0.5201;888.7;4.7476;2.2472;0.293;2.1841;0.0233;893.45;6.2983;5.2516;0.6848;0.3611;0.0007;888.8;742.73;96.852;49.044;0.0804;524.71;422.92;162.8;0.0034;5.5444;79.754;0.0946;85.294;0;1;0;0;1.0075;0.9992;1;1;0.996;0.1672;0.9947;0.997;1;0.9574;0.7757;0.993;0.993;1;0.993;0.993;0.9869;0.9469;0.1288;2.5627;2.7027;0.0163;-0.0012;0.4229;0.0159;0.0562;0.0127;0;0;0.088;1.9965;0;0;0;0;0;0;0;0;0;0;0;0;0.0453;0.0168;2.1178;2.1178;0;69.221;69.221;44.821;0.0504;2325.6;910.65;1;0.0333;0.0333;0;0;0;0;0;0;2.0845;1.9965;0;15.541;17.996;14.651;16.965;98.426;98.426;21.611;17.86;16.836;3.7518;1.0232;0.1736;0.0473;0.7791;30.851;0.7306;0
16/03/21 13:00;51.236;34.545;31.046;65.519;24.481;90;24.481;831.9;147;684.9;24.22;3.37;0;752.56;50.999;102.85;0;7.1052;913.51;0;913.51;752.56;102.85;50.999;7.1052;0.8238;0.0636;0;0.0078;905.81;7.7009;0;0;1.6346;6.0663;896.22;3.2504;1.2314;0.1683;1.6381;0.2126;899.47;6.3407;5.2679;0.7199;0.3456;0.0073;898.06;746.06;101.96;47.381;0.819;459.98;370.74;145.38;0.3804;4.7121;67.781;1.8434;72.113;0;1;0;0;1.0981;0.9916;1;1;0.9679;0.1462;0.9964;0.9984;1;0.9666;0.7939;0.993;0.993;1;0.993;0.993;0.9811;0.9291;0.1153;2.5998;2.7052;0.0163;-0.0012;0.4254;0.0159;0.0562;0.0108;0;0;0.088;1.9984;0;0;0;0;0;0;0;0;0;0;0;0;0.0453;0.0169;2.1197;2.1197;0;69.427;69.427;45.207;0.0504;2328.9;910.18;1;0.0334;0.0334;0;0;0;0;0;0;2.0864;1.9984;0;15.333;17.756;14.455;16.739;98.426;98.426;21.924;17.876;16.853;4.0482;1.0235;0.1846;0.0467;0.7687;32.454;0.7282;0
16/03/21 14:00;42.729;52.76;26.393;49.244;40.756;90;40.756;703.89;147.7;556.19;25.19;3.6799;0;734.25;52.669;115.86;0;16.216;919;0;919;734.25;115.86;52.669;16.216;0.799;0.075;0;0.0176;900.32;18.677;0;0;3.7722;14.904;891.56;2.4565;0.6647;0.1049;1.5732;0.1137;894.02;6.3023;5.1398;0.811;0.3423;0.0092;896.11;728.45;114.94;46.982;1.1891;332.91;268.32;104.94;2.2918;3.5594;51.201;4.546;52.469;0;1;0;0;1.3056;0.9797;1;1;0.9284;0.0809;0.9973;0.9991;1;0.9676;0.9127;0.993;0.993;1;0.993;0.993;0.9701;0.892;0.0733;2.6154;2.6664;0.0161;-0.0014;0.4268;0.0156;0.0552;0.0081;0;0;0.088;1.9645;0;0;0;0;0;0;0;0;0;0;0;0;0.0445;0.0164;2.0851;2.0851;0;70.191;70.191;45.001;0.0505;2297;907.73;1;0.0325;0.0325;0;0;0;0;0;0;2.0525;1.9645;0;14.993;17.361;14.126;16.357;98.439;98.439;22.056;17.584;16.567;4.4723;1.0165;0.2028;0.0461;0.7511;37.758;0.7211;0
16/03/21 15:00;32.151;66.21;19.97;34.486;55.514;90;55.514;555.6;126.7;428.9;24.5;4.28;0;757.51;41.25;130.74;0;22.897;952.4;0;952.4;757.51;130.74;41.25;22.897;0.7954;0.0674;0;0.024;926.31;26.082;0;0;4.6331;21.449;917.91;1.9195;0.5189;0.0896;1.244;0.067;919.83;6.4842;5.3026;0.9152;0.2563;0.0101;922.55;751.69;129.73;35.116;1.3711;172.6;139.11;53.293;5.2381;2.1809;31.372;4.6432;28.315;0;1;0;0;1.7142;0.9726;1;1;0.8877;0.0633;0.9979;0.9993;1;0.9658;0.9534;0.993;0.993;1;0.993;0.993;0.9638;0.8513;0.0599;2.7104;2.7023;0.0163;-0.0012;0.439;0.0157;0.0558;0.005;0;0;0.088;1.9889;0;0;0;0;0;0;0;0;0;0;0;0;0.045;0.0169;2.1099;2.1099;0;70.856;70.856;46.356;0.0505;2330.3;905.44;1;0.033;0.033;0;0;0;0;0;0;2.0769;1.9889;0;14.639;16.952;13.8;15.98;98.434;98.434;22.858;17.793;16.773;5.0641;1.0207;0.2216;0.0447;0.7338;34.122;0.7161;0
16/03/21 16:00;20.522;76.806;31.764;21.03;39.468;90;39.468;315.19;149.7;165.49;24.13;4.2299;0;401.36;87.247;124.24;0;6.8275;619.67;0;619.67;401.36;124.24;87.247;6.8275;0.6477;0.1518;0;0.011;607.47;12.204;0;0;5.9548;6.2496;599.47;3.748;0.8243;0.2552;2.6123;0.0563;603.22;4.2523;2.8095;0.8697;0.569;0.004;600.28;397.72;123.12;78.111;0.5176;62.929;50.721;20.282;3.3956;0.8364;12.031;0.815;9.472;0;1;0;0;1.966;0.9803;1;1;0.9317;0.0847;0.9938;0.9979;1;0.9676;0.9019;0.993;0.993;1;0.993;0.993;0.9674;0.8953;0.0758;1.7635;1.7416;0.0105;0.0022;0.1791;0.0108;0.0385;0.002;0;0;0.088;1.35;0;0;0;0;0;0;0;0;0;0;0;0;0.031;0.0074;1.4601;1.4601;0;54.012;54.012;29.882;0.0498;1501.4;972.44;1;0.022;0.022;0;0;0;0;0;0;1.438;1.35;0;15.569;18.029;14.396;16.67;98.492;98.492;14.872;12.313;11.385;2.5593;0.9278;0.1721;0.0624;0.7655;61.868;0.7546;0
16/03/21 17:00;8.4032;85.946;69.242;8.424;12.388;90;12.388;97.302;85.597;11.705;23.17;4.35;0;28.387;79.689;12.053;0;0.2152;120.34;0;120.34;28.387;12.053;79.689;0.2152;0.2359;0.664;0;0.0018;119.34;1.0045;0;0;0.8254;0.1791;111.41;7.0929;2.8087;1.1925;3.0836;0.0081;118.5;0.8354;0.1987;0.0844;0.552;0.0003;111.45;25.38;10.776;75.228;0.0278;48.161;38.818;14.282;0.0517;0.5552;7.9859;0.0363;8.4894;0;1;0;0;1.2368;0.9917;1;1;0.9896;0.1678;0.9401;0.9004;1;0.9606;0.7747;0.993;0.993;1;0.993;0.993;0.9258;0.944;0.1291;0.3425;0.3349;0.002;0.0169;0.0045;0.0022;0.0077;0.0014;0;0;0.088;0.1987;0;0;0;0;0;0;0;0;0;0;0;0;0.0062;0.0004;0.2935;0.2935;0;28.675;28.675;5.505;0.0494;285.78;1027;1;0.0068;0.0068;0;0;0;0;0;0;0.2867;0.1987;0;16.116;18.662;10.909;12.632;97.67;97.67;2.8883;2.4752;1.6754;0.4131;0.7998;0.143;0.2769;0.5801;48.079;0.5526;0
16/03/21 18:00;1.2519;91.004;86.963;1.2521;1.7858;90;1.7858;0;0;0;21.6;5.37;0;0;0;0;0;0;0;0;0;0;0;0;0;1;1;1;1;0;0;0;0;0;0;0;0;0;0;0;0;0;0;0;0;0;0;0;0;0;0;0;0;0;0;0;0;0;0;0;0;0;0;0;1;1;1;1;1;1;1;1;1;1;1;1;1;1;1;1;1;1;1;0;0;0;0;0;0;0;0;0;0.0004;0.088;-0.0884;0;0;0;0;0;0;0;0;0;0;0;0;0;0;0;0;0;0;0;-21.6;0;0;0;0;0.0004;0;0;0;0;0;0;0;-0.0004;-0.0884;0;0;0;0;0;0;0;0;0;-0.7452;0;0.7452;1;1;0;0;0;0
16/03/21 19:00;0;0;90;0;0;90;0;0;0;0;20.8;6.1399;0;0;0;0;0;0;0;0;0;0;0;0;0;1;1;1;1;0;0;0;0;0;0;0;0;0;0;0;0;0;0;0;0;0;0;0;0;0;0;0;0;0;0;0;0;0;0;0;0;0;0;0;1;1;1;1;1;1;1;1;1;1;1;1;1;1;1;1;1;1;1;0;0;0;0;0;0;0;0;0;0.0004;0.088;-0.0884;0;0;0;0;0;0;0;0;0;0;0;0;0;0;0;0;0;0;0;-20.8;0;0;0;0;0.0004;0;0;0;0;0;0;0;-0.0004;-0.0884;0;0;0;0;0;0;0;0;0;-0.7452;0;0.7452;1;1;0;0;0;0
16/03/21 20:00;0;0;90;0;0;90;0;0;0;0;19.74;6.26;0;0;0;0;0;0;0;0;0;0;0;0;0;1;1;1;1;0;0;0;0;0;0;0;0;0;0;0;0;0;0;0;0;0;0;0;0;0;0;0;0;0;0;0;0;0;0;0;0;0;0;0;1;1;1;1;1;1;1;1;1;1;1;1;1;1;1;1;1;1;1;0;0;0;0;0;0;0;0;0;0.0004;0.088;-0.0884;0;0;0;0;0;0;0;0;0;0;0;0;0;0;0;0;0;0;0;-19.74;0;0;0;0;0.0004;0;0;0;0;0;0;0;-0.0004;-0.0884;0;0;0;0;0;0;0;0;0;-0.7452;0;0.7452;1;1;0;0;0;0
16/03/21 21:00;0;0;90;0;0;90;0;0;0;0;18.7;6.2101;0;0;0;0;0;0;0;0;0;0;0;0;0;1;1;1;1;0;0;0;0;0;0;0;0;0;0;0;0;0;0;0;0;0;0;0;0;0;0;0;0;0;0;0;0;0;0;0;0;0;0;0;1;1;1;1;1;1;1;1;1;1;1;1;1;1;1;1;1;1;1;0;0;0;0;0;0;0;0;0;0.0004;0.088;-0.0884;0;0;0;0;0;0;0;0;0;0;0;0;0;0;0;0;0;0;0;-18.7;0;0;0;0;0.0004;0;0;0;0;0;0;0;-0.0004;-0.0884;0;0;0;0;0;0;0;0;0;-0.7452;0;0.7452;1;1;0;0;0;0
16/03/21 22:00;0;0;90;0;0;90;0;0;0;0;18.9;5.9899;0;0;0;0;0;0;0;0;0;0;0;0;0;1;1;1;1;0;0;0;0;0;0;0;0;0;0;0;0;0;0;0;0;0;0;0;0;0;0;0;0;0;0;0;0;0;0;0;0;0;0;0;1;1;1;1;1;1;1;1;1;1;1;1;1;1;1;1;1;1;1;0;0;0;0;0;0;0;0;0;0.0004;0.088;-0.0884;0;0;0;0;0;0;0;0;0;0;0;0;0;0;0;0;0;0;0;-18.9;0;0;0;0;0.0004;0;0;0;0;0;0;0;-0.0004;-0.0884;0;0;0;0;0;0;0;0;0;-0.7452;0;0.7452;1;1;0;0;0;0
16/03/21 23:00;0;0;90;0;0;90;0;0;0;0;17.59;5.6501;0;0;0;0;0;0;0;0;0;0;0;0;0;1;1;1;1;0;0;0;0;0;0;0;0;0;0;0;0;0;0;0;0;0;0;0;0;0;0;0;0;0;0;0;0;0;0;0;0;0;0;0;1;1;1;1;1;1;1;1;1;1;1;1;1;1;1;1;1;1;1;0;0;0;0;0;0;0;0;0;0.0004;0.088;-0.0884;0;0;0;0;0;0;0;0;0;0;0;0;0;0;0;0;0;0;0;-17.59;0;0;0;0;0.0004;0;0;0;0;0;0;0;-0.0004;-0.0884;0;0;0;0;0;0;0;0;0;-0.7452;0;0.7452;1;1;0;0;0;0
17/03/21 00:00;0;0;90;0;0;90;0;0;0;0;18.16;5.6599;0;0;0;0;0;0;0;0;0;0;0;0;0;1;1;1;1;0;0;0;0;0;0;0;0;0;0;0;0;0;0;0;0;0;0;0;0;0;0;0;0;0;0;0;0;0;0;0;0;0;0;0;1;1;1;1;1;1;1;1;1;1;1;1;1;1;1;1;1;1;1;0;0;0;0;0;0;0;0;0;0.0004;0.088;-0.0884;0;0;0;0;0;0;0;0;0;0;0;0;0;0;0;0;0;0;0;-18.16;0;0;0;0;0.0004;0;0;0;0;0;0;0;-0.0004;-0.0884;0;0;0;0;0;0;0;0;0;-0.7452;0;0.7452;1;1;0;0;0;0
17/03/21 01:00;0;0;90;0;0;90;0;0;0;0;17.21;5.87;0;0;0;0;0;0;0;0;0;0;0;0;0;1;1;1;1;0;0;0;0;0;0;0;0;0;0;0;0;0;0;0;0;0;0;0;0;0;0;0;0;0;0;0;0;0;0;0;0;0;0;0;1;1;1;1;1;1;1;1;1;1;1;1;1;1;1;1;1;1;1;0;0;0;0;0;0;0;0;0;0.0004;0.088;-0.0884;0;0;0;0;0;0;0;0;0;0;0;0;0;0;0;0;0;0;0;-17.21;0;0;0;0;0.0004;0;0;0;0;0;0;0;-0.0004;-0.0884;0;0;0;0;0;0;0;0;0;-0.7452;0;0.7452;1;1;0;0;0;0
17/03/21 02:00;0;0;90;0;0;90;0;0;0;0;17.26;6.24;0;0;0;0;0;0;0;0;0;0;0;0;0;1;1;1;1;0;0;0;0;0;0;0;0;0;0;0;0;0;0;0;0;0;0;0;0;0;0;0;0;0;0;0;0;0;0;0;0;0;0;0;1;1;1;1;1;1;1;1;1;1;1;1;1;1;1;1;1;1;1;0;0;0;0;0;0;0;0;0;0.0004;0.088;-0.0884;0;0;0;0;0;0;0;0;0;0;0;0;0;0;0;0;0;0;0;-17.26;0;0;0;0;0.0004;0;0;0;0;0;0;0;-0.0004;-0.0884;0;0;0;0;0;0;0;0;0;-0.7452;0;0.7452;1;1;0;0;0;0
17/03/21 03:00;0;0;90;0;0;90;0;0;0;0;16.9;5.8999;0;0;0;0;0;0;0;0;0;0;0;0;0;1;1;1;1;0;0;0;0;0;0;0;0;0;0;0;0;0;0;0;0;0;0;0;0;0;0;0;0;0;0;0;0;0;0;0;0;0;0;0;1;1;1;1;1;1;1;1;1;1;1;1;1;1;1;1;1;1;1;0;0;0;0;0;0;0;0;0;0.0004;0.088;-0.0884;0;0;0;0;0;0;0;0;0;0;0;0;0;0;0;0;0;0;0;-16.9;0;0;0;0;0.0004;0;0;0;0;0;0;0;-0.0004;-0.0884;0;0;0;0;0;0;0;0;0;-0.7452;0;0.7452;1;1;0;0;0;0
17/03/21 04:00;0;0;90;0;0;90;0;0;0;0;16.7;5.23;0;0;0;0;0;0;0;0;0;0;0;0;0;1;1;1;1;0;0;0;0;0;0;0;0;0;0;0;0;0;0;0;0;0;0;0;0;0;0;0;0;0;0;0;0;0;0;0;0;0;0;0;1;1;1;1;1;1;1;1;1;1;1;1;1;1;1;1;1;1;1;0;0;0;0;0;0;0;0;0;0.0004;0.088;-0.0884;0;0;0;0;0;0;0;0;0;0;0;0;0;0;0;0;0;0;0;-16.7;0;0;0;0;0.0004;0;0;0;0;0;0;0;-0.0004;-0.0884;0;0;0;0;0;0;0;0;0;-0.7452;0;0.7452;1;1;0;0;0;0
17/03/21 05:00;0;0;90;0;0;90;0;0;0;0;16.82;5.28;0;0;0;0;0;0;0;0;0;0;0;0;0;1;1;1;1;0;0;0;0;0;0;0;0;0;0;0;0;0;0;0;0;0;0;0;0;0;0;0;0;0;0;0;0;0;0;0;0;0;0;0;1;1;1;1;1;1;1;1;1;1;1;1;1;1;1;1;1;1;1;0;0;0;0;0;0;0;0;0;0.0004;0.088;-0.0884;0;0;0;0;0;0;0;0;0;0;0;0;0;0;0;0;0;0;0;-16.82;0;0;0;0;0.0004;0;0;0;0;0;0;0;-0.0004;-0.0884;0;0;0;0;0;0;0;0;0;-0.7452;0;0.7452;1;1;0;0;0;0
17/03/21 06:00;5.8743;-87.26;75.628;5.881;8.5078;-90;-8.5078;46.903;37.098;9.8048;16.97;6.34;0;23.779;34.33;6.2516;0;0.049;64.41;0;64.41;23.779;6.2516;34.33;0.049;0.3692;0.5338;0;0.0008;64.18;0.2298;0;0;0.1891;0.0407;56.394;7.3373;4.6873;1.2323;1.4159;0.0018;63.731;0.4493;0.1665;0.0438;0.239;0.0001;56.399;18.926;4.9756;32.486;0.0064;20.57;16.579;6.0644;0.0052;0.2383;3.4283;0.0056;3.6613;0;1;0;0;1.3733;0.9964;1;1;0.9945;0.1691;0.8849;0.8015;1;0.9582;0.7757;0.993;0.993;1;0.993;0.993;0.8755;0.9463;0.1303;0.1833;0.1682;0.001;0.0139;-0.0032;0.0011;0.0039;0.0006;0;0;0.088;0.0539;0;0;0;0;0;0;0;0;0;0;0;0;0.0031;0.0002;0.1477;0.1477;0;19.756;19.756;2.7861;0.0494;142.53;1036.4;1;0.0058;0.0058;0;0;0;0;0;0;0.1419;0.0539;0;15.155;17.549;5.5275;6.4008;96.045;96.045;1.5458;1.2458;0.4544;0.3001;0.7914;0.1941;0.5119;0.2939;20.509;0.2827;0
17/03/21 07:00;17.633;-78.581;42.721;17.966;30.46;-90;-30.46;174.99;120.2;54.79;17.91;7.5799;0;132.88;97.225;38.244;0;2.2943;270.65;0;270.65;132.88;38.244;97.225;2.2943;0.491;0.3677;0;0.0085;264.23;6.4115;0;0;4.4055;2.006;257.89;4.4903;1.1185;0.3219;3.0006;0.0493;262.38;1.8496;0.9302;0.2677;0.6497;0.002;258.33;130.83;37.654;89.17;0.2371;64.631;52.093;20.291;1.5523;0.7683;11.052;0.4403;10.268;0;1;0;0;1.5466;0.9763;1;1;0.9547;0.1257;0.9829;0.9915;1;0.9674;0.8278;0.993;0.993;1;0.993;0.993;0.9529;0.9171;0.1033;0.7702;0.7613;0.0046;0.0152;0.0152;0.0051;0.018;0.002;0;0;0.088;0.5853;0;0;0;0;0;0;0;0;0;0;0;0;0.0145;0.0016;0.685;0.685;0;30.579;30.579;12.669;0.0491;652.35;1050;1;0.0116;0.0116;0;0;0;0;0;0;0.6733;0.5853;0;16.724;19.366;14.291;16.549;98.303;98.303;6.4955;5.7764;4.9362;0.7191;0.8402;0.1107;0.1293;0.7599;64.285;0.7374;0
17/03/21 08:00;29.388;-68.395;18.712;31.206;58.794;-90;-58.794;286.1;213;73.102;19.3;7.6499;0;141.09;144.21;44.419;0;13.098;342.82;0;342.82;141.09;44.419;144.21;13.098;0.4116;0.4589;0;0.0382;313.08;29.742;0;0;17.543;12.199;306.31;4.578;0.0906;0.0285;4.4072;0.0518;310.89;2.1915;0.9876;0.3109;0.8867;0.0063;310.74;140.01;44.079;121.37;0.8406;143.82;115.92;50.055;22.426;2.6242;37.748;4.4363;17.947;0;1;0;0;1.1982;0.9132;1;1;0.8784;0.0686;0.9853;0.9994;1;0.965;0.942;0.993;0.993;1;0.993;0.993;0.8935;0.8416;0.0642;0.9756;0.9647;0.0058;0.0127;0.0323;0.0064;0.0227;0.0068;0;0;0.088;0.7554;0;0;0;0;0;0;0;0;0;0;0;0;0.0183;0.0025;0.8573;0.8573;0;34.377;34.377;15.077;0.0492;826.62;1037.1;1;0.0139;0.0139;0;0;0;0;0;0;0.8434;0.7554;0;16.524;19.134;14.56;16.861;98.381;98.381;8.2277;7.2294;6.3703;0.9983;0.8592;0.1213;0.1044;0.7742;123.82;0.7153;0
17/03/21 09:00;40.231;-55.722;25.466;45.674;44.326;-90;-44.326;293.51;267;26.505;19.83;7.1799;0;37.05;222.19;11.109;0;7.9361;278.28;0;278.28;37.05;11.109;222.19;7.9361;0.1331;0.8269;0;0.0285;253.03;25.25;0;0;17.936;7.3144;244.57;6.6888;0.0324;0.0097;6.6074;0.0393;251.26;1.7712;0.2593;0.0778;1.4298;0.0044;247.51;36.758;11.021;196.22;0.578;179.04;144.31;59.051;12.882;2.5016;35.985;2.9368;25.604;0;1;0;0;0.9481;0.9093;1;1;0.9193;0.0783;0.9734;0.9991;1;0.9674;0.9363;0.993;0.993;1;0.993;0.993;0.8789;0.8831;0.0728;0.792;0.7802;0.0047;0.015;0.0192;0.0052;0.0184;0.0065;0;0;0.088;0.5951;0;0;0;0;0;0;0;0;0;0;0;0;0.0148;0.0017;0.6947;0.6947;0;31.863;31.863;12.033;0.0492;666.9;1041.7;1;0.0117;0.0117;0;0;0;0;0;0;0.6831;0.5951;0;16.496;19.102;14.13;16.362;98.32;98.32;6.6788;5.8587;5.0181;0.8202;0.8405;0.1228;0.1258;0.7514;164.35;0.685;0
17/03/21 10:00;49.27;-38.771;30.579;61.667;28.333;-90;-28.333;340.1;313.2;26.897;20.1;6.73;0;30.558;286.86;9.1603;0;3.8706;330.45;0;330.45;30.558;9.1603;286.86;3.8706;0.0925;0.8798;0;0.0117;315.52;14.932;0;0;11.583;3.3497;304.19;9.113;0.0417;0.0125;8.963;0.0957;313.31;2.2086;0.2139;0.0641;1.9269;0.0036;305.38;30.302;9.0837;264.39;0.4215;205.62;165.73;63.883;3.5619;2.3986;34.502;1.189;33.339;0;1;0;0;0.9716;0.9548;1;1;0.9596;0.1346;0.9709;0.9986;1;0.9672;0.8149;0.993;0.993;1;0.993;0.993;0.9206;0.9217;0.1089;0.9404;0.9428;0.0057;0.013;0.034;0.0062;0.0221;0.0062;0;0;0.088;0.734;0;0;0;0;0;0;0;0;0;0;0;0;0.0178;0.0024;0.8355;0.8355;0;35.082;35.082;14.983;0.0493;808.19;1033.8;1;0.0135;0.0135;0;0;0;0;0;0;0.822;0.734;0;16.708;19.347;14.678;16.996;98.382;98.382;7.9308;7.046;6.1899;0.8848;0.8561;0.1116;0.1079;0.7805;186.96;0.7239;0
17/03/21 11:00;54.97;-16.03;33.483;79.045;10.955;-90;-10.955;350.7;329.1;21.606;20.7;6.5201;0;22.007;319.86;6.4151;0;0.6071;348.89;0;348.89;22.007;6.4151;319.86;0.6071;0.0631;0.9185;0;0.0017;345.7;3.1887;0;0;2.6846;0.504;330.48;12.798;0.0672;0.0196;12.689;0.023;343.28;2.4199;0.1541;0.0449;2.2202;0.0007;330.6;21.786;6.3506;302.27;0.0794;208.45;168.01;62.025;0.1314;2.3831;34.28;0.1147;36.532;0;1;0;0;0.9948;0.9909;1;1;0.9916;0.1698;0.9627;0.9969;1;0.9597;0.7755;0.993;0.993;1;0.993;0.993;0.9472;0.945;0.1308;0.9929;1.0145;0.0061;0.012;0.0434;0.0067;0.0237;0.0061;0;0;0.088;0.7924;0;0;0;0;0;0;0;0;0;0;0;0;0.0191;0.0027;0.8948;0.8948;0;36.994;36.994;16.294;0.0493;870.55;1027.8;1;0.0143;0.0143;0;0;0;0;0;0;0.8804;0.7924;0;16.947;19.624;15.009;17.38;98.4;98.4;8.3733;7.5456;6.6828;0.8277;0.8629;0.0988;0.103;0.7981;192.2;0.7434;0
17/03/21 12:00;55.578;10.436;33.775;82.924;7.0759;90;7.0759;247.6;242.8;4.7981;20.6;6.49;0;4.8349;240.86;1.0322;0;0.1791;246.9;0;246.9;4.8349;1.0322;240.86;0.1791;0.0196;0.9762;0;0.0007;245.77;1.1347;0;0;0.9856;0.1492;233.88;10.165;0.0156;0.0033;10.139;0.0067;244.05;1.7204;0.0338;0.0072;1.6791;0.0002;233.91;4.7855;1.0216;228.05;0.0231;146.91;118.41;43.447;0.0165;1.692;24.338;0.0222;26.014;0;1;0;0;0.9972;0.9954;1;1;0.9959;0.1673;0.9583;0.9968;1;0.9574;0.7757;0.993;0.993;1;0.993;0.993;0.9473;0.9468;0.1288;0.7027;0.718;0.0043;0.0157;0.0183;0.0048;0.0169;0.0044;0;0;0.088;0.5397;0;0;0;0;0;0;0;0;0;0;0;0;0.0136;0.0015;0.6386;0.6386;0;32.113;32.113;11.513;0.0492;614.23;1039.6;1;0.0109;0.0109;0;0;0;0;0;0;0.6277;0.5397;0;17.09;19.79;14.444;16.726;98.298;98.298;5.9257;5.3851;4.5513;0.5406;0.8338;0.0912;0.1407;0.7681;143.49;0.7153;0
17/03/21 13:00;50.851;34.359;31.412;65.323;24.677;90;24.677;393.6;351.1;42.499;21.02;6.5301;0;46.771;321.75;15.358;0;3.4148;387.3;0;387.3;46.771;15.358;321.75;3.4148;0.1208;0.8396;0;0.0088;373.93;13.363;0;0;10.445;2.9181;360.78;10.534;0.0865;0.0284;10.318;0.1013;371.32;2.6175;0.3274;0.1075;2.1792;0.0035;361.76;46.357;15.222;298.81;0.392;235.95;190.18;72.59;2.4582;2.693;38.737;0.9768;38.972;0;1;0;0;0.984;0.9655;1;1;0.9675;0.1455;0.9716;0.9981;1;0.9666;0.7947;0.993;0.993;1;0.993;0.993;0.9315;0.9287;0.1148;1.1022;1.1126;0.0067;0.0106;0.0548;0.0073;0.0258;0.0069;0;0;0.088;0.873;0;0;0;0;0;0;0;0;0;0;0;0;0.0208;0.0032;0.9765;0.9765;0;38.825;38.825;17.805;0.0494;955.23;1022.3;1;0.0155;0.0155;0;0;0;0;0;0;0.961;0.873;0;16.66;19.292;14.895;17.248;98.417;98.417;9.2951;8.2348;7.3623;1.0603;0.8725;0.1141;0.0939;0.7921;204.99;0.7369;0
17/03/21 14:00;42.38;52.488;26.731;49;41;90;41;342.4;307.8;34.604;22.02;6.6299;0;45.85;259.99;15.186;0;7.9789;329.01;0;329.01;45.85;15.186;259.99;7.9789;0.1394;0.8145;0;0.0243;302.89;26.123;0;0;18.785;7.3379;292.89;7.8728;0.042;0.0139;7.7623;0.0545;300.77;2.1202;0.321;0.1063;1.6885;0.0045;295.74;45.487;15.065;231.76;0.5821;207.79;167.48;67.758;11.528;2.7313;39.289;2.847;30.492;0;1;0;0;0.9609;0.9206;1;1;0.9277;0.0803;0.9738;0.9991;1;0.9676;0.9143;0.993;0.993;1;0.993;0.993;0.8902;0.8914;0.0729;0.9363;0.9248;0.0056;0.0132;0.0379;0.0061;0.0216;0.007;0;0;0.088;0.7127;0;0;0;0;0;0;0;0;0;0;0;0;0.0174;0.0023;0.8138;0.8138;0;36.466;36.466;14.446;0.0493;792.52;1026.8;1;0.0131;0.0131;0;0;0;0;0;0;0.8007;0.7127;0;16.345;18.927;14.314;16.575;98.386;98.386;7.8962;6.8629;6.01;1.0333;0.8529;0.1309;0.108;0.7611;186.77;0.6987;0
17/03/21 15:00;31.833;65.919;20.283;34.216;55.784;90;55.784;225;214.8;10.202;21.58;6.59;0;18.142;165.44;5.3587;0;9.3556;198.29;0;198.29;18.142;5.3587;165.44;9.3556;0.0915;0.8815;0;0.0472;170.82;27.477;0;0;18.713;8.7639;164.58;5.0381;0.0126;0.0037;4.9939;0.0279;169.62;1.1957;0.127;0.0375;1.0271;0.0041;168.44;18.003;5.3175;140.7;0.5596;140.83;113.51;48.978;21.35;2.5323;36.427;3.8582;17.609;0;1;0;0;0.8813;0.8614;1;1;0.8869;0.0632;0.9703;0.9993;1;0.9657;0.9526;0.993;0.993;1;0.993;0.993;0.83;0.8505;0.0598;0.5643;0.5549;0.0033;0.017;0.0094;0.0037;0.013;0.0065;0;0;0.088;0.3934;0;0;0;0;0;0;0;0;0;0;0;0;0.0105;0.001;0.4905;0.4905;0;29.689;29.689;8.1092;0.0493;472.61;1037.8;1;0.009;0.009;0;0;0;0;0;0;0.4814;0.3934;0;16.345;18.927;13.111;15.182;98.158;98.158;4.759;4.1362;3.3179;0.6228;0.8183;0.1309;0.1719;0.6972;137.26;0.6129;0
17/03/21 16:00;20.223;76.518;33.032;20.748;38.476;90;38.476;209.51;178;31.509;20.94;6.1;0;76.419;148.18;28.54;0;4.3217;257.46;0;257.46;76.419;28.54;148.18;4.3217;0.2968;0.5923;0;0.0168;243.8;13.664;0;0;9.7242;3.9398;237.32;4.7781;0.2132;0.0796;4.4442;0.0411;242.09;1.7066;0.5349;0.1998;0.9692;0.0027;238.55;75.67;28.261;133.05;0.3381;104.42;84.159;33.79;5.2839;1.3561;19.507;1.2378;15.579;0;1;0;0;1.2289;0.9469;1;1;0.9344;0.0884;0.9803;0.9972;1;0.9677;0.8916;0.993;0.993;1;0.993;0.993;0.9217;0.8978;0.0782;0.7327;0.7216;0.0043;0.0156;0.0198;0.0048;0.0169;0.0035;0;0;0.088;0.5426;0;0;0;0;0;0;0;0;0;0;0;0;0.0136;0.0015;0.6415;0.6415;0;32.626;32.626;11.686;0.0492;617.89;1038.2;1;0.0109;0.0109;0;0;0;0;0;0;0.6306;0.5426;0;16.465;19.066;13.927;16.127;98.301;98.301;6.1792;5.41;4.576;0.7692;0.834;0.1245;0.135;0.7405;104.2;0.7008;0
17/03/21 17:00;8.1138;85.664;69.983;8.1368;11.939;90;11.939;52.196;51.3;0.8966;20.4;5.7399;0;2.1746;50.511;0.5733;0;0.1073;53.366;0;53.366;2.1746;0.5733;50.511;0.1073;0.0407;0.9485;0;0.002;52.785;0.581;0;0;0.4917;0.0893;50.147;2.2692;0.2336;0.0616;1.97;0.004;52.416;0.3695;0.0152;0.004;0.3501;0.0001;50.167;1.9258;0.5077;47.699;0.0138;30.441;24.535;9.04;0.0286;0.3498;5.0318;0.0208;5.353;0;1;0;0;1.0224;0.9891;1;1;0.9903;0.1678;0.9567;0.8918;1;0.9603;0.7747;0.993;0.993;1;0.993;0.993;0.9397;0.9443;0.1291;0.1519;0.1536;0.0009;0.0134;-0.0012;0.001;0.0035;0.0009;0;0;0.088;0.0389;0;0;0;0;0;0;0;0;0;0;0;0;0.0028;0.0001;0.1322;0.1322;0;22.888;22.888;2.4876;0.0496;129.88;1017.9;1;0.0053;0.0053;0;0;0;0;0;0;0.1269;0.0389;0;16.371;18.957;4.8153;5.576;95.974;95.974;1.2808;1.115;0.328;0.1658;0.787;0.1295;0.6145;0.2561;30.435;0.2392;0
17/03/21 18:00;0.9635;90.723;87.663;0.9636;1.3739;90;1.3739;0;0;0;19.28;5.68;0;0;0;0;0;0;0;0;0;0;0;0;0;1;1;1;1;0;0;0;0;0;0;0;0;0;0;0;0;0;0;0;0;0;0;0;0;0;0;0;0;0;0;0;0;0;0;0;0;0;0;0;1;1;1;1;1;1;1;1;1;1;1;1;1;1;1;1;1;1;1;0;0;0;0;0;0;0;0;0;0.0004;0.088;-0.0884;0;0;0;0;0;0;0;0;0;0;0;0;0;0;0;0;0;0;0;-19.28;0;0;0;0;0.0004;0;0;0;0;0;0;0;-0.0004;-0.0884;0;0;0;0;0;0;0;0;0;-0.7452;0;0.7452;1;1;0;0;0;0
17/03/21 19:00;0;0;90;0;0;90;0;0;0;0;18.73;5.5701;0;0;0;0;0;0;0;0;0;0;0;0;0;1;1;1;1;0;0;0;0;0;0;0;0;0;0;0;0;0;0;0;0;0;0;0;0;0;0;0;0;0;0;0;0;0;0;0;0;0;0;0;1;1;1;1;1;1;1;1;1;1;1;1;1;1;1;1;1;1;1;0;0;0;0;0;0;0;0;0;0.0004;0.088;-0.0884;0;0;0;0;0;0;0;0;0;0;0;0;0;0;0;0;0;0;0;-18.73;0;0;0;0;0.0004;0;0;0;0;0;0;0;-0.0004;-0.0884;0;0;0;0;0;0;0;0;0;-0.7452;0;0.7452;1;1;0;0;0;0
17/03/21 20:00;0;0;90;0;0;90;0;0;0;0;18.39;5.2599;0;0;0;0;0;0;0;0;0;0;0;0;0;1;1;1;1;0;0;0;0;0;0;0;0;0;0;0;0;0;0;0;0;0;0;0;0;0;0;0;0;0;0;0;0;0;0;0;0;0;0;0;1;1;1;1;1;1;1;1;1;1;1;1;1;1;1;1;1;1;1;0;0;0;0;0;0;0;0;0;0.0004;0.088;-0.0884;0;0;0;0;0;0;0;0;0;0;0;0;0;0;0;0;0;0;0;-18.39;0;0;0;0;0.0004;0;0;0;0;0;0;0;-0.0004;-0.0884;0;0;0;0;0;0;0;0;0;-0.7452;0;0.7452;1;1;0;0;0;0
17/03/21 21:00;0;0;90;0;0;90;0;0;0;0;17.7;4.9399;0;0;0;0;0;0;0;0;0;0;0;0;0;1;1;1;1;0;0;0;0;0;0;0;0;0;0;0;0;0;0;0;0;0;0;0;0;0;0;0;0;0;0;0;0;0;0;0;0;0;0;0;1;1;1;1;1;1;1;1;1;1;1;1;1;1;1;1;1;1;1;0;0;0;0;0;0;0;0;0;0.0004;0.088;-0.0884;0;0;0;0;0;0;0;0;0;0;0;0;0;0;0;0;0;0;0;-17.7;0;0;0;0;0.0004;0;0;0;0;0;0;0;-0.0004;-0.0884;0;0;0;0;0;0;0;0;0;-0.7452;0;0.7452;1;1;0;0;0;0
17/03/21 22:00;0;0;90;0;0;90;0;0;0;0;17.86;4.6299;0;0;0;0;0;0;0;0;0;0;0;0;0;1;1;1;1;0;0;0;0;0;0;0;0;0;0;0;0;0;0;0;0;0;0;0;0;0;0;0;0;0;0;0;0;0;0;0;0;0;0;0;1;1;1;1;1;1;1;1;1;1;1;1;1;1;1;1;1;1;1;0;0;0;0;0;0;0;0;0;0.0004;0.088;-0.0884;0;0;0;0;0;0;0;0;0;0;0;0;0;0;0;0;0;0;0;-17.86;0;0;0;0;0.0004;0;0;0;0;0;0;0;-0.0004;-0.0884;0;0;0;0;0;0;0;0;0;-0.7452;0;0.7452;1;1;0;0;0;0
17/03/21 23:00;0;0;90;0;0;90;0;0;0;0;17.81;4.3801;0;0;0;0;0;0;0;0;0;0;0;0;0;1;1;1;1;0;0;0;0;0;0;0;0;0;0;0;0;0;0;0;0;0;0;0;0;0;0;0;0;0;0;0;0;0;0;0;0;0;0;0;1;1;1;1;1;1;1;1;1;1;1;1;1;1;1;1;1;1;1;0;0;0;0;0;0;0;0;0;0.0004;0.088;-0.0884;0;0;0;0;0;0;0;0;0;0;0;0;0;0;0;0;0;0;0;-17.81;0;0;0;0;0.0004;0;0;0;0;0;0;0;-0.0004;-0.0884;0;0;0;0;0;0;0;0;0;-0.7452;0;0.7452;1;1;0;0;0;0
18/03/21 00:00;0;0;90;0;0;90;0;0;0;0;17.5;4.0799;0;0;0;0;0;0;0;0;0;0;0;0;0;1;1;1;1;0;0;0;0;0;0;0;0;0;0;0;0;0;0;0;0;0;0;0;0;0;0;0;0;0;0;0;0;0;0;0;0;0;0;0;1;1;1;1;1;1;1;1;1;1;1;1;1;1;1;1;1;1;1;0;0;0;0;0;0;0;0;0;0.0004;0.088;-0.0884;0;0;0;0;0;0;0;0;0;0;0;0;0;0;0;0;0;0;0;-17.5;0;0;0;0;0.0004;0;0;0;0;0;0;0;-0.0004;-0.0884;0;0;0;0;0;0;0;0;0;-0.7452;0;0.7452;1;1;0;0;0;0
18/03/21 01:00;0;0;90;0;0;90;0;0;0;0;17.08;3.88;0;0;0;0;0;0;0;0;0;0;0;0;0;1;1;1;1;0;0;0;0;0;0;0;0;0;0;0;0;0;0;0;0;0;0;0;0;0;0;0;0;0;0;0;0;0;0;0;0;0;0;0;1;1;1;1;1;1;1;1;1;1;1;1;1;1;1;1;1;1;1;0;0;0;0;0;0;0;0;0;0.0004;0.088;-0.0884;0;0;0;0;0;0;0;0;0;0;0;0;0;0;0;0;0;0;0;-17.08;0;0;0;0;0.0004;0;0;0;0;0;0;0;-0.0004;-0.0884;0;0;0;0;0;0;0;0;0;-0.7452;0;0.7452;1;1;0;0;0;0
18/03/21 02:00;0;0;90;0;0;90;0;0;0;0;15.85;3.6601;0;0;0;0;0;0;0;0;0;0;0;0;0;1;1;1;1;0;0;0;0;0;0;0;0;0;0;0;0;0;0;0;0;0;0;0;0;0;0;0;0;0;0;0;0;0;0;0;0;0;0;0;1;1;1;1;1;1;1;1;1;1;1;1;1;1;1;1;1;1;1;0;0;0;0;0;0;0;0;0;0.0004;0.088;-0.0884;0;0;0;0;0;0;0;0;0;0;0;0;0;0;0;0;0;0;0;-15.85;0;0;0;0;0.0004;0;0;0;0;0;0;0;-0.0004;-0.0884;0;0;0;0;0;0;0;0;0;-0.7452;0;0.7452;1;1;0;0;0;0
18/03/21 03:00;0;0;90;0;0;90;0;0;0;0;16.12;3.6501;0;0;0;0;0;0;0;0;0;0;0;0;0;1;1;1;1;0;0;0;0;0;0;0;0;0;0;0;0;0;0;0;0;0;0;0;0;0;0;0;0;0;0;0;0;0;0;0;0;0;0;0;1;1;1;1;1;1;1;1;1;1;1;1;1;1;1;1;1;1;1;0;0;0;0;0;0;0;0;0;0.0004;0.088;-0.0884;0;0;0;0;0;0;0;0;0;0;0;0;0;0;0;0;0;0;0;-16.12;0;0;0;0;0.0004;0;0;0;0;0;0;0;-0.0004;-0.0884;0;0;0;0;0;0;0;0;0;-0.7452;0;0.7452;1;1;0;0;0;0
18/03/21 04:00;0;0;90;0;0;90;0;0;0;0;18.08;3.7;0;0;0;0;0;0;0;0;0;0;0;0;0;1;1;1;1;0;0;0;0;0;0;0;0;0;0;0;0;0;0;0;0;0;0;0;0;0;0;0;0;0;0;0;0;0;0;0;0;0;0;0;1;1;1;1;1;1;1;1;1;1;1;1;1;1;1;1;1;1;1;0;0;0;0;0;0;0;0;0;0.0004;0.088;-0.0884;0;0;0;0;0;0;0;0;0;0;0;0;0;0;0;0;0;0;0;-18.08;0;0;0;0;0.0004;0;0;0;0;0;0;0;-0.0004;-0.0884;0;0;0;0;0;0;0;0;0;-0.7452;0;0.7452;1;1;0;0;0;0
18/03/21 05:00;0;0;90;0;0;90;0;0;0;0;15.4;3.7301;0;0;0;0;0;0;0;0;0;0;0;0;0;1;1;1;1;0;0;0;0;0;0;0;0;0;0;0;0;0;0;0;0;0;0;0;0;0;0;0;0;0;0;0;0;0;0;0;0;0;0;0;1;1;1;1;1;1;1;1;1;1;1;1;1;1;1;1;1;1;1;0;0;0;0;0;0;0;0;0;0.0004;0.088;-0.0884;0;0;0;0;0;0;0;0;0;0;0;0;0;0;0;0;0;0;0;-15.4;0;0;0;0;0.0004;0;0;0;0;0;0;0;-0.0004;-0.0884;0;0;0;0;0;0;0;0;0;-0.7452;0;0.7452;1;1;0;0;0;0
18/03/21 06:00;5.7079;-86.891;76.042;5.7163;8.2626;-90;-8.2626;16.409;16.197;0.2117;16.66;4.1599;0;0.5136;16.088;0.0607;0;0.0162;16.679;0;16.679;0.5136;0.0607;16.088;0.0162;0.0308;0.9656;0;0.001;16.581;0.0979;0;0;0.0844;0.0134;15.68;0.7849;0.1058;0.0125;0.666;0.0006;16.465;0.1161;0.0036;0.0004;0.112;0;15.682;0.4041;0.0478;15.226;0.0021;9.6075;7.7437;2.8409;0.0022;0.1108;1.5932;0.0024;1.7017;0;1;0;0;1.0164;0.9941;1;1;0.9948;0.169;0.9523;0.7925;1;0.9581;0.7758;0.993;0.993;1;0.993;0.993;0.9401;0.9464;0.1302;0.0475;0.0481;0.0003;0.0077;-0.0013;0.0003;0.001;0.0003;0;0;0.088;-0.0519;0;0;0;0;0;0;0;0;0;0;0;0;0.0008;0;0.0389;0.0389;0;17.448;17.448;0.7878;0.0502;39.364;989.23;1;0.0029;0.0029;0;0;0;0;0;0;0.0361;-0.0519;0;15.428;17.865;-20.572;-23.822;92.642;92.642;0.4003;0.3284;-0.4379;0.0719;0.7663;0.1796;1.9143;0;9.6064;0;0
18/03/21 07:00;17.457;-78.202;43.318;17.81;30.075;-90;-30.075;57.002;56.103;0.8993;16.4;5.6401;0;2.1809;52.212;0.296;0;0.729;55.418;0;55.418;2.1809;0.296;52.212;0.729;0.0394;0.9553;0;0.0132;52.464;2.9548;0;0;2.3185;0.6362;50.444;1.6525;0.0191;0.0026;1.6147;0.0161;52.096;0.3672;0.0153;0.0021;0.3493;0.0006;50.673;2.1466;0.2913;47.93;0.0761;34.436;27.755;10.766;0.7976;0.4104;5.9034;0.2289;5.5162;0;1;0;0;0.9722;0.9467;1;1;0.9556;0.1273;0.9683;0.9912;1;0.9674;0.8254;0.993;0.993;1;0.993;0.993;0.9102;0.918;0.1043;0.1577;0.1568;0.0009;0.0135;-0.0035;0.001;0.0036;0.001;0;0;0.088;0.0435;0;0;0;0;0;0;0;0;0;0;0;0;0.0029;0.0001;0.1371;0.1371;0;18.893;18.893;2.4937;0.0494;132.47;1035.3;1;0.0056;0.0056;0;0;0;0;0;0;0.1315;0.0435;0;16.353;18.936;5.1901;6.01;95.902;95.902;1.33;1.1566;0.3671;0.1735;0.7895;0.1304;0.5936;0.276;34.431;0.2556;0
18/03/21 08:00;29.188;-67.995;19.094;31.069;58.931;-90;-58.931;223.1;199.5;23.606;18.64;7.54;0;45.742;145.91;13.579;0;10.257;215.49;0;215.49;45.742;13.579;145.91;10.257;0.2123;0.7247;0;0.0476;188.13;27.363;0;0;17.81;9.5525;182.27;4.5419;0.03;0.0089;4.462;0.0411;186.81;1.3169;0.3202;0.0951;0.8967;0.0049;186.34;45.392;13.475;122.75;0.6583;131.76;106.2;46.406;22.878;2.5201;36.25;4.0685;15.892;0;1;0;0;0.9659;0.873;1;1;0.8779;0.0687;0.9757;0.9993;1;0.9649;0.9412;0.993;0.993;1;0.993;0.993;0.8458;0.8412;0.0642;0.6133;0.6057;0.0036;0.0166;0.0057;0.0041;0.0144;0.0066;0;0;0.088;0.4444;0;0;0;0;0;0;0;0;0;0;0;0;0.0116;0.0011;0.5421;0.5421;0;27.597;27.597;8.9569;0.0491;516.28;1049.9;1;0.0097;0.0097;0;0;0;0;0;0;0.5324;0.4444;0;16.622;19.248;13.626;15.778;98.211;98.211;5.1718;4.5712;3.7473;0.6006;0.8239;0.1161;0.1593;0.7246;125.48;0.6435;0
18/03/21 09:00;39.99;-55.3;25.859;45.575;44.425;-90;-44.425;342.7;285.3;57.393;21.93;7.8701;0;80.365;228.68;25.891;0;9.3058;344.24;0;344.24;80.365;25.891;228.68;9.3058;0.2335;0.6913;0;0.027;317.14;27.099;0;0;18.52;8.5785;307.98;6.9398;0.0713;0.023;6.7999;0.0456;314.92;2.22;0.5626;0.1812;1.4711;0.0051;311.31;79.731;25.686;201.89;0.6766;201.59;162.48;66.091;13.362;2.7682;39.82;3.3255;29.226;0;1;0;0;1.0045;0.9213;1;1;0.919;0.0782;0.978;0.9991;1;0.9674;0.9368;0.993;0.993;1;0.993;0.993;0.8947;0.8828;0.0727;0.9797;0.9704;0.0058;0.0126;0.0421;0.0064;0.0226;0.0071;0;0;0.088;0.7515;0;0;0;0;0;0;0;0;0;0;0;0;0.0182;0.0025;0.8532;0.8532;0;37.124;37.124;15.194;0.0493;832.01;1025.4;1;0.0137;0.0137;0;0;0;0;0;0;0.8395;0.7515;0;16.377;18.965;14.426;16.705;98.398;98.398;8.2618;7.1949;6.3375;1.0669;0.8574;0.1291;0.1038;0.7671;169.31;0.706;0
18/03/21 10:00;48.968;-38.363;30.98;61.626;28.374;-90;-28.374;240.8;235.3;5.5037;22.86;7.46;0;6.2552;219.99;1.4159;0;2.7483;230.41;0;230.41;6.2552;1.4159;219.99;2.7483;0.0271;0.9667;0;0.0119;219.13;11.282;0;0;8.9034;2.379;210.65;6.9521;0.01;0.0023;6.872;0.0678;217.6;1.5339;0.0438;0.0099;1.4776;0.0026;211.5;6.2014;1.4038;202.74;0.299;147.02;118.5;45.66;2.7455;1.729;24.871;0.8522;23.854;0;1;0;0;0.9569;0.951;1;1;0.9595;0.1344;0.9681;0.9984;1;0.9672;0.8152;0.993;0.993;1;0.993;0.993;0.9142;0.9216;0.1088;0.6557;0.6549;0.0039;0.0163;0.0195;0.0043;0.0153;0.0044;0;0;0.088;0.4797;0;0;0;0;0;0;0;0;0;0;0;0;0.0123;0.0013;0.5777;0.5777;0;33.248;33.248;10.388;0.0493;560.02;1031.5;1;0.0099;0.0099;0;0;0;0;0;0;0.5677;0.4797;0;16.567;19.184;13.758;15.931;98.278;98.278;5.5299;4.8715;4.0455;0.6584;0.826;0.1191;0.1494;0.7316;143.42;0.6769;0
18/03/21 11:00;54.602;-15.748;33.884;79.083;10.917;-90;-10.917;175.6;173.1;2.4997;21.91;7.1799;0;2.5458;171.15;0.3923;0;0.3019;174.39;0;174.39;2.5458;0.3923;171.15;0.3019;0.0146;0.9832;0;0.0017;172.71;1.6787;0;0;1.4281;0.2506;164.69;6.8148;0.0084;0.0013;6.7937;0.0114;171.5;1.209;0.0178;0.0027;1.188;0.0004;164.74;2.5196;0.3883;161.74;0.0395;104.51;84.237;31.288;0.0694;1.1828;17.015;0.0555;18.128;0;1;0;0;0.9931;0.9904;1;1;0.9917;0.1698;0.9603;0.9967;1;0.9597;0.7755;0.993;0.993;1;0.993;0.993;0.9444;0.945;0.1307;0.4963;0.5054;0.003;0.0172;0.0092;0.0033;0.0118;0.003;0;0;0.088;0.3509;0;0;0;0;0;0;0;0;0;0;0;0;0.0095;0.0008;0.4475;0.4475;0;30.027;30.027;8.1166;0.0493;431.77;1036.4;1;0.0086;0.0086;0;0;0;0;0;0;0.4389;0.3509;0;16.956;19.635;13.297;15.398;98.086;98.086;4.1853;3.7737;2.9593;0.4117;0.8143;0.0984;0.1946;0.7071;102.83;0.6589;0
18/03/21 12:00;55.176;10.464;34.164;82.799;7.2008;90;7.2008;171.1;168.8;2.3037;21.01;7.2499;0;2.3221;167.79;0.3465;0;0.1282;170.59;0;170.59;2.3221;0.3465;167.79;0.1282;0.0136;0.9844;0;0.0008;169.78;0.8132;0;0;0.7064;0.1068;161.52;7.0653;0.008;0.0012;7.0513;0.0048;168.59;1.1884;0.0163;0.0024;1.1696;0.0002;161.54;2.2978;0.3429;158.86;0.0165;101.54;81.839;30.27;0.0125;1.1538;16.597;0.0159;17.739;0;1;0;0;0.997;0.9952;1;1;0.9958;0.1673;0.9581;0.9965;1;0.9575;0.7756;0.993;0.993;1;0.993;0.993;0.9468;0.9468;0.1289;0.4855;0.4954;0.003;0.0172;0.0071;0.0033;0.0116;0.003;0;0;0.088;0.3436;0;0;0;0;0;0;0;0;0;0;0;0;0.0094;0.0008;0.4401;0.4401;0;28.965;28.965;7.9549;0.0492;423.19;1040;1;0.0085;0.0085;0;0;0;0;0;0;0.4316;0.3436;0;17.048;19.741;13.309;15.411;98.064;98.064;4.0941;3.7114;2.8974;0.3827;0.814;0.0935;0.1988;0.7077;99.985;0.6597;0
18/03/21 13:00;50.465;34.177;31.777;65.125;24.875;90;24.875;500.81;368.2;132.61;24.13;7.51;0;146.17;307.31;50.641;0;4.4137;508.53;0;508.53;146.17;50.641;307.31;4.4137;0.2874;0.613;0;0.0087;494.65;13.88;0;0;10.105;3.7752;480.82;10.375;0.3013;0.1044;9.8392;0.1296;491.19;3.4626;1.0232;0.3545;2.0804;0.0045;482.05;144.85;50.183;285.28;0.5045;293.81;236.81;91.075;2.4156;3.267;46.995;1.2359;47.846;0;1;0;0;1.0154;0.9727;1;1;0.9671;0.1447;0.9789;0.9979;1;0.9667;0.7955;0.993;0.993;1;0.993;0.993;0.9455;0.9283;0.1143;1.4472;1.4733;0.0089;0.0055;0.1203;0.0094;0.0332;0.0081;0;0;0.088;1.1487;0;0;0;0;0;0;0;0;0;0;0;0;0.0268;0.0054;1.2558;1.2558;0;48.002;48.002;23.872;0.0496;1266.5;991.52;1;0.0191;0.0191;0;0;0;0;0;0;1.2367;1.1487;0;16.318;18.896;14.926;17.285;98.479;98.479;12.205;10.59;9.6872;1.6144;0.9032;0.1323;0.074;0.7937;196.01;0.7424;0
18/03/21 14:00;42.03;52.22;27.068;48.754;41.246;90;41.246;216.09;211.6;4.4934;24.84;7.54;0;5.9762;184.44;1.3706;0;5.0936;196.89;0;196.89;5.9762;1.3706;184.44;5.0936;0.0304;0.9627;0;0.0259;178.75;18.131;0;0;13.444;4.6872;171.96;5.5449;0.0055;0.0013;5.5041;0.0339;177.5;1.2513;0.0418;0.0096;1.197;0.0028;173.84;5.9288;1.3598;164.3;0.3696;135.29;109.04;44.314;8.3482;1.8201;26.181;1.8776;19.653;0;1;0;0;0.9111;0.9079;1;1;0.9271;0.0798;0.9688;0.9991;1;0.9676;0.916;0.993;0.993;1;0.993;0.993;0.8734;0.8908;0.0726;0.5603;0.5498;0.0033;0.017;0.0166;0.0036;0.0127;0.0046;0;0;0.088;0.3839;0;0;0;0;0;0;0;0;0;0;0;0;0.0103;0.0009;0.4807;0.4807;0;33.336;33.336;8.4954;0.0494;469.23;1024.6;1;0.0088;0.0088;0;0;0;0;0;0;0.4719;0.3839;0;16.135;18.684;12.886;14.922;98.17;98.17;4.7252;4.0542;3.2379;0.671;0.8163;0.142;0.1728;0.6852;132.78;0.6232;0
18/03/21 15:00;31.513;65.632;20.594;33.944;56.056;90;56.056;335.29;261.9;73.391;24.9;6.8;0;131.44;183.28;47.792;0;14.067;376.57;0;376.57;131.44;47.792;183.28;14.067;0.349;0.5241;0;0.0374;342.52;34.055;0;0;20.877;13.177;334.41;5.7069;0.0928;0.0338;5.5376;0.0427;340.12;2.3976;0.9201;0.3345;1.1368;0.0062;339.4;130.42;47.424;155.72;0.8406;179.06;144.32;61.11;24.063;3.0949;44.519;4.9872;23.551;0;1;0;0;1.1231;0.9096;1;1;0.8861;0.0632;0.9832;0.9993;1;0.9657;0.9517;0.993;0.993;1;0.993;0.993;0.888;0.8497;0.0598;1.0717;1.0602;0.0064;0.0113;0.0623;0.0069;0.0243;0.0078;0;0;0.088;0.8162;0;0;0;0;0;0;0;0;0;0;0;0;0.0196;0.003;0.9186;0.9186;0;41.448;41.448;16.548;0.0495;909.92;1009.5;1;0.0144;0.0144;0;0;0;0;0;0;0.9042;0.8162;0;16.119;18.666;14.322;16.584;98.429;98.429;9.0377;7.7466;6.8828;1.2911;0.8638;0.1429;0.0956;0.7616;152.52;0.6996;0
18/03/21 16:00;19.923;76.232;34.265;20.464;37.524;90;37.524;167.61;156.6;11.007;24.3;5.21;0;26.694;137.11;8.9025;0;3.2944;176;0;176;26.694;8.9025;137.11;3.2944;0.1517;0.7977;0;0.0187;164.35;11.645;0;0;8.6543;2.9911;158.92;4.2803;0.0936;0.0312;4.12;0.0355;163.2;1.1505;0.1869;0.0623;0.8992;0.0021;159.99;26.414;8.809;123.44;0.2656;95.73;77.158;30.871;4.4861;1.2271;17.651;1.0682;14.392;0;1;0;0;1.0501;0.9338;1;1;0.9369;0.0921;0.9738;0.9965;1;0.9677;0.882;0.993;0.993;1;0.993;0.993;0.903;0.9003;0.0806;0.5009;0.4931;0.003;0.0172;0.0128;0.0032;0.0114;0.0031;0;0;0.088;0.3361;0;0;0;0;0;0;0;0;0;0;0;0;0.0092;0.0008;0.4324;0.4324;0;32.149;32.149;7.8491;0.0494;421.16;1026.6;1;0.0083;0.0083;0;0;0;0;0;0;0.4241;0.3361;0;16.234;18.798;12.618;14.611;98.079;98.079;4.224;3.6463;2.8342;0.5777;0.8122;0.1368;0.1923;0.671;95.658;0.6241;0
18/03/21 17:00;7.8233;85.382;70.724;7.8485;11.492;90;11.492;26.508;26.302;0.2065;23.01;4.7899;0;0.5009;26.01;0.0702;0;0.0505;26.631;0;26.631;0.5009;0.0702;26.01;0.0505;0.0188;0.9786;0;0.0019;26.352;0.2795;0;0;0.2375;0.042;25.077;1.0904;0.0581;0.0081;1.0223;0.0019;26.167;0.1845;0.0035;0.0005;0.1804;0.0001;25.086;0.4393;0.0616;24.569;0.0065;15.653;12.616;4.6454;0.0128;0.18;2.5886;0.0097;2.7558;0;1;0;0;1.0046;0.9895;1;1;0.9909;0.1679;0.9583;0.8832;1;0.9601;0.7747;0.993;0.993;1;0.993;0.993;0.9416;0.9446;0.1292;0.0758;0.077;0.0005;0.0098;-0.0002;0.0005;0.0017;0.0004;0;0;0.088;-0.0284;0;0;0;0;0;0;0;0;0;0;0;0;0.0013;0.0001;0.063;0.063;0;24.267;24.267;1.2572;0.0501;64.171;981.3;1;0.0034;0.0034;0;0;0;0;0;0;0.0596;-0.0284;0;15.625;18.093;-7.0523;-8.1664;94.612;94.612;0.6391;0.531;-0.2397;0.1081;0.7707;0.1691;1.2059;0;15.652;0;0
18/03/21 18:00;0.8787;90.3;87.869;0.8787;1.2527;90;1.2527;0;0;0;22.24;5.2;0;0;0;0;0;0;0;0;0;0;0;0;0;1;1;1;1;0;0;0;0;0;0;0;0;0;0;0;0;0;0;0;0;0;0;0;0;0;0;0;0;0;0;0;0;0;0;0;0;0;0;0;1;1;1;1;1;1;1;1;1;1;1;1;1;1;1;1;1;1;1;0;0;0;0;0;0;0;0;0;0.0004;0.088;-0.0884;0;0;0;0;0;0;0;0;0;0;0;0;0;0;0;0;0;0;0;-22.24;0;0;0;0;0.0004;0;0;0;0;0;0;0;-0.0004;-0.0884;0;0;0;0;0;0;0;0;0;-0.7452;0;0.7452;1;1;0;0;0;0
18/03/21 19:00;0;0;90;0;0;90;0;0;0;0;21.66;5.4901;0;0;0;0;0;0;0;0;0;0;0;0;0;1;1;1;1;0;0;0;0;0;0;0;0;0;0;0;0;0;0;0;0;0;0;0;0;0;0;0;0;0;0;0;0;0;0;0;0;0;0;0;1;1;1;1;1;1;1;1;1;1;1;1;1;1;1;1;1;1;1;0;0;0;0;0;0;0;0;0;0.0004;0.088;-0.0884;0;0;0;0;0;0;0;0;0;0;0;0;0;0;0;0;0;0;0;-21.66;0;0;0;0;0.0004;0;0;0;0;0;0;0;-0.0004;-0.0884;0;0;0;0;0;0;0;0;0;-0.7452;0;0.7452;1;1;0;0;0;0
18/03/21 20:00;0;0;90;0;0;90;0;0;0;0;21.22;5.62;0;0;0;0;0;0;0;0;0;0;0;0;0;1;1;1;1;0;0;0;0;0;0;0;0;0;0;0;0;0;0;0;0;0;0;0;0;0;0;0;0;0;0;0;0;0;0;0;0;0;0;0;1;1;1;1;1;1;1;1;1;1;1;1;1;1;1;1;1;1;1;0;0;0;0;0;0;0;0;0;0.0004;0.088;-0.0884;0;0;0;0;0;0;0;0;0;0;0;0;0;0;0;0;0;0;0;-21.22;0;0;0;0;0.0004;0;0;0;0;0;0;0;-0.0004;-0.0884;0;0;0;0;0;0;0;0;0;-0.7452;0;0.7452;1;1;0;0;0;0
18/03/21 21:00;0;0;90;0;0;90;0;0;0;0;20.8;5.7499;0;0;0;0;0;0;0;0;0;0;0;0;0;1;1;1;1;0;0;0;0;0;0;0;0;0;0;0;0;0;0;0;0;0;0;0;0;0;0;0;0;0;0;0;0;0;0;0;0;0;0;0;1;1;1;1;1;1;1;1;1;1;1;1;1;1;1;1;1;1;1;0;0;0;0;0;0;0;0;0;0.0004;0.088;-0.0884;0;0;0;0;0;0;0;0;0;0;0;0;0;0;0;0;0;0;0;-20.8;0;0;0;0;0.0004;0;0;0;0;0;0;0;-0.0004;-0.0884;0;0;0;0;0;0;0;0;0;-0.7452;0;0.7452;1;1;0;0;0;0
18/03/21 22:00;0;0;90;0;0;90;0;0;0;0;20.5;5.86;0;0;0;0;0;0;0;0;0;0;0;0;0;1;1;1;1;0;0;0;0;0;0;0;0;0;0;0;0;0;0;0;0;0;0;0;0;0;0;0;0;0;0;0;0;0;0;0;0;0;0;0;1;1;1;1;1;1;1;1;1;1;1;1;1;1;1;1;1;1;1;0;0;0;0;0;0;0;0;0;0.0004;0.088;-0.0884;0;0;0;0;0;0;0;0;0;0;0;0;0;0;0;0;0;0;0;-20.5;0;0;0;0;0.0004;0;0;0;0;0;0;0;-0.0004;-0.0884;0;0;0;0;0;0;0;0;0;-0.7452;0;0.7452;1;1;0;0;0;0
18/03/21 23:00;0;0;90;0;0;90;0;0;0;0;19.9;5.85;0;0;0;0;0;0;0;0;0;0;0;0;0;1;1;1;1;0;0;0;0;0;0;0;0;0;0;0;0;0;0;0;0;0;0;0;0;0;0;0;0;0;0;0;0;0;0;0;0;0;0;0;1;1;1;1;1;1;1;1;1;1;1;1;1;1;1;1;1;1;1;0;0;0;0;0;0;0;0;0;0.0004;0.088;-0.0884;0;0;0;0;0;0;0;0;0;0;0;0;0;0;0;0;0;0;0;-19.9;0;0;0;0;0.0004;0;0;0;0;0;0;0;-0.0004;-0.0884;0;0;0;0;0;0;0;0;0;-0.7452;0;0.7452;1;1;0;0;0;0
19/03/21 00:00;0;0;90;0;0;90;0;0;0;0;18.95;5.63;0;0;0;0;0;0;0;0;0;0;0;0;0;1;1;1;1;0;0;0;0;0;0;0;0;0;0;0;0;0;0;0;0;0;0;0;0;0;0;0;0;0;0;0;0;0;0;0;0;0;0;0;1;1;1;1;1;1;1;1;1;1;1;1;1;1;1;1;1;1;1;0;0;0;0;0;0;0;0;0;0.0004;0.088;-0.0884;0;0;0;0;0;0;0;0;0;0;0;0;0;0;0;0;0;0;0;-18.95;0;0;0;0;0.0004;0;0;0;0;0;0;0;-0.0004;-0.0884;0;0;0;0;0;0;0;0;0;-0.7452;0;0.7452;1;1;0;0;0;0
19/03/21 01:00;0;0;90;0;0;90;0;0;0;0;17.1;5.3201;0;0;0;0;0;0;0;0;0;0;0;0;0;1;1;1;1;0;0;0;0;0;0;0;0;0;0;0;0;0;0;0;0;0;0;0;0;0;0;0;0;0;0;0;0;0;0;0;0;0;0;0;1;1;1;1;1;1;1;1;1;1;1;1;1;1;1;1;1;1;1;0;0;0;0;0;0;0;0;0;0.0004;0.088;-0.0884;0;0;0;0;0;0;0;0;0;0;0;0;0;0;0;0;0;0;0;-17.1;0;0;0;0;0.0004;0;0;0;0;0;0;0;-0.0004;-0.0884;0;0;0;0;0;0;0;0;0;-0.7452;0;0.7452;1;1;0;0;0;0
19/03/21 02:00;0;0;90;0;0;90;0;0;0;0;18.33;4.97;0;0;0;0;0;0;0;0;0;0;0;0;0;1;1;1;1;0;0;0;0;0;0;0;0;0;0;0;0;0;0;0;0;0;0;0;0;0;0;0;0;0;0;0;0;0;0;0;0;0;0;0;1;1;1;1;1;1;1;1;1;1;1;1;1;1;1;1;1;1;1;0;0;0;0;0;0;0;0;0;0.0004;0.088;-0.0884;0;0;0;0;0;0;0;0;0;0;0;0;0;0;0;0;0;0;0;-18.33;0;0;0;0;0.0004;0;0;0;0;0;0;0;-0.0004;-0.0884;0;0;0;0;0;0;0;0;0;-0.7452;0;0.7452;1;1;0;0;0;0
19/03/21 03:00;0;0;90;0;0;90;0;0;0;0;18.56;4.4501;0;0;0;0;0;0;0;0;0;0;0;0;0;1;1;1;1;0;0;0;0;0;0;0;0;0;0;0;0;0;0;0;0;0;0;0;0;0;0;0;0;0;0;0;0;0;0;0;0;0;0;0;1;1;1;1;1;1;1;1;1;1;1;1;1;1;1;1;1;1;1;0;0;0;0;0;0;0;0;0;0.0004;0.088;-0.0884;0;0;0;0;0;0;0;0;0;0;0;0;0;0;0;0;0;0;0;-18.56;0;0;0;0;0.0004;0;0;0;0;0;0;0;-0.0004;-0.0884;0;0;0;0;0;0;0;0;0;-0.7452;0;0.7452;1;1;0;0;0;0
19/03/21 04:00;0;0;90;0;0;90;0;0;0;0;18.46;4.0601;0;0;0;0;0;0;0;0;0;0;0;0;0;1;1;1;1;0;0;0;0;0;0;0;0;0;0;0;0;0;0;0;0;0;0;0;0;0;0;0;0;0;0;0;0;0;0;0;0;0;0;0;1;1;1;1;1;1;1;1;1;1;1;1;1;1;1;1;1;1;1;0;0;0;0;0;0;0;0;0;0.0004;0.088;-0.0884;0;0;0;0;0;0;0;0;0;0;0;0;0;0;0;0;0;0;0;-18.46;0;0;0;0;0.0004;0;0;0;0;0;0;0;-0.0004;-0.0884;0;0;0;0;0;0;0;0;0;-0.7452;0;0.7452;1;1;0;0;0;0
19/03/21 05:00;0;0;90;0;0;90;0;0;0;0;17.59;4.35;0;0;0;0;0;0;0;0;0;0;0;0;0;1;1;1;1;0;0;0;0;0;0;0;0;0;0;0;0;0;0;0;0;0;0;0;0;0;0;0;0;0;0;0;0;0;0;0;0;0;0;0;1;1;1;1;1;1;1;1;1;1;1;1;1;1;1;1;1;1;1;0;0;0;0;0;0;0;0;0;0.0004;0.088;-0.0884;0;0;0;0;0;0;0;0;0;0;0;0;0;0;0;0;0;0;0;-17.59;0;0;0;0;0.0004;0;0;0;0;0;0;0;-0.0004;-0.0884;0;0;0;0;0;0;0;0;0;-0.7452;0;0.7452;1;1;0;0;0;0
19/03/21 06:00;5.7461;-86.378;75.947;5.7575;8.3239;-90;-8.3239;29.595;28.397;1.198;16.41;5.61;0;2.9054;28.002;0.5983;0;0.0296;31.535;0;31.535;2.9054;0.5983;28.002;0.0296;0.0921;0.8889;0;0.0009;31.362;0.1734;0;0;0.1488;0.0246;29.269;1.8739;0.5926;0.122;1.1581;0.0011;31.142;0.2195;0.0203;0.0042;0.195;0;29.273;2.2924;0.4721;26.5;0.0039;16.729;13.484;4.9479;0.0039;0.1928;2.7731;0.0042;2.962;0;1;0;0;1.0656;0.9945;1;1;0.9947;0.1691;0.9398;0.7946;1;0.9581;0.7758;0.993;0.993;1;0.993;0.993;0.9281;0.9464;0.1302;0.0897;0.0893;0.0005;0.0105;-0.0023;0.0006;0.002;0.0005;0;0;0.088;-0.016;0;0;0;0;0;0;0;0;0;0;0;0;0.0016;0.0001;0.0759;0.0759;0;17.866;17.866;1.4562;0.0498;74.683;1015.9;1;0.0039;0.0039;0;0;0;0;0;0;0.072;-0.016;0;15.898;18.41;-3.3531;-3.8828;94.894;94.894;0.7568;0.6398;-0.1349;0.117;0.7748;0.1546;1.0237;0;16.722;0;0
19/03/21 07:00;17.281;-77.822;43.909;17.654;29.697;-90;-29.697;193.2;106.4;86.799;19.44;6.8599;0;210.51;78.319;54.748;0;2.4106;345.99;0;345.99;210.51;54.748;78.319;2.4106;0.6084;0.2333;0;0.007;340.48;5.5083;0;0;3.4084;2.0998;333.2;4.8975;1.9171;0.4986;2.4272;0.0546;338.1;2.3834;1.4736;0.3832;0.5244;0.0022;333.53;207.12;53.866;71.959;0.2539;52.048;41.951;16.332;1.1454;0.6125;8.8102;0.3324;8.2773;0;1;0;0;1.7909;0.9841;1;1;0.9565;0.1289;0.9855;0.9908;1;0.9674;0.823;0.993;0.993;1;0.993;0.993;0.963;0.9188;0.1053;0.9847;0.9719;0.0059;0.0126;0.0377;0.0064;0.0227;0.0016;0;0;0.088;0.7623;0;0;0;0;0;0;0;0;0;0;0;0;0.0183;0.0025;0.8642;0.8642;0;35.851;35.851;16.412;0.0493;835.7;1034.2;1;0.0139;0.0139;0;0;0;0;0;0;0.8503;0.7623;0;16.506;19.114;14.559;16.859;98.386;98.386;8.3038;7.2883;6.4286;1.0155;0.8597;0.1223;0.1035;0.7742;51.513;0.7597;0
19/03/21 08:00;28.988;-67.595;19.475;30.933;59.067;-90;-59.067;541.79;89.402;452.39;20.84;7.3299;0;880.08;21.807;117.88;0;25.013;1044.8;0;1044.8;880.08;117.88;21.807;25.013;0.8424;0.0448;0;0.0239;1018.8;25.964;0;0;2.6706;23.294;1010.2;1.4354;0.5879;0.0787;0.6672;0.1016;1011.7;7.1317;6.1605;0.8252;0.134;0.012;1014.3;873.33;116.98;18.335;1.6055;122.3;98.576;38.25;3.4533;1.497;21.534;4.0474;19.577;0;1;0;0;1.9284;0.9751;1;1;0.8775;0.0687;0.9986;0.9993;1;0.9649;0.9405;0.993;0.993;1;0.993;0.993;0.9669;0.8408;0.0642;2.9734;2.9451;0.0177;0.0009;0.4886;0.0171;0.0605;0.0034;0;0;0.088;2.1631;0;0;0;0;0;0;0;0;0;0;0;0;0.0488;0.0199;2.2882;2.2882;0;71.905;71.905;51.066;0.0505;2541.8;900.24;1;0.0371;0.0371;0;0;0;0;0;0;2.2511;2.1631;0;14.472;16.759;13.681;15.842;98.377;98.377;25.075;19.297;18.242;5.7779;1.0553;0.2304;0.0421;0.7275;18.783;0.7164;0
19/03/21 09:00;39.748;-54.881;26.251;45.475;44.525;-90;-44.525;472.19;248.3;223.89;23;7.06;0;314.04;158.59;88.545;0;12.877;574.06;0;574.06;314.04;88.545;158.59;12.877;0.5471;0.2987;0;0.0224;549.3;24.759;0;0;12.886;11.873;540.31;5.1405;0.2828;0.0797;4.7155;0.0625;545.45;3.8451;2.1983;0.6198;1.0199;0.007;544.22;311.56;87.846;139.97;0.9347;239.36;192.93;76.704;9.3401;2.9777;42.833;3.9077;36.471;0;1;0;0;1.2157;0.9569;1;1;0.9187;0.078;0.9906;0.9991;1;0.9674;0.9373;0.993;0.993;1;0.993;0.993;0.9412;0.8826;0.0726;1.6337;1.6428;0.0099;0.0033;0.1446;0.0104;0.0369;0.0074;0;0;0.088;1.2851;0;0;0;0;0;0;0;0;0;0;0;0;0.0297;0.0066;1.3942;1.3942;0;49.852;49.852;26.852;0.0497;1412.6;986.97;1;0.021;0.021;0;0;0;0;0;0;1.3731;1.2851;0;16.048;18.584;14.793;17.13;98.491;98.491;13.777;11.757;10.838;2.0201;0.9195;0.1466;0.0667;0.7866;117.52;0.745;0
19/03/21 10:00;48.666;-37.96;31.381;61.585;28.415;-90;-28.415;417.1;341.7;75.406;23.65;6.66;0;85.735;297.7;28.329;0;4.7739;416.54;0;416.54;85.735;28.329;297.7;4.7739;0.2058;0.7262;0;0.0115;400.33;16.209;0;0;12.076;4.1331;387.9;9.6232;0.157;0.0519;9.2969;0.1175;397.53;2.8023;0.6001;0.1983;1.9994;0.0045;389.35;84.978;28.078;274.33;0.5188;247.65;199.6;77.038;3.734;2.8463;40.943;1.4447;40.055;0;1;0;0;0.9986;0.9611;1;1;0.9594;0.1342;0.9758;0.9982;1;0.9672;0.8154;0.993;0.993;1;0.993;0.993;0.9313;0.9215;0.1087;1.1854;1.196;0.0072;0.0094;0.0761;0.0077;0.0274;0.0072;0;0;0.088;0.9312;0;0;0;0;0;0;0;0;0;0;0;0;0.0221;0.0037;1.0353;1.0353;0;42.849;42.849;19.199;0.0495;1027.6;1007.4;1;0.0161;0.0161;0;0;0;0;0;0;1.0192;0.9312;0;16.424;19.018;14.772;17.106;98.443;98.443;9.9969;8.7306;7.8525;1.2663;0.878;0.1267;0.0878;0.7855;194.13;0.7317;0
19/03/21 11:00;54.233;-15.471;34.285;79.123;10.877;-90;-10.877;696.51;262.4;434.11;25.02;6.3799;0;442.05;159.02;103.8;0;1.1887;706.06;0;706.06;442.05;103.8;159.02;1.1887;0.6261;0.2269;0;0.0017;703.75;2.3057;0;0;1.3188;0.9869;690.55;8.2818;1.555;0.3651;6.3166;0.045;698.83;4.9263;3.0943;0.7266;1.1039;0.0014;690.78;437.4;102.71;150.29;0.1554;407.62;328.54;126.84;0.0638;4.287;61.667;0.2338;65.89;0;1;0;0;1.0137;0.9967;1;1;0.9917;0.1698;0.9881;0.9965;1;0.9597;0.7755;0.993;0.993;1;0.993;0.993;0.978;0.945;0.1307;2.0094;2.0999;0.0126;-0.001;0.2572;0.0128;0.0455;0.0102;0;0;0.088;1.6011;0;0;0;0;0;0;0;0;0;0;0;0;0.0366;0.0105;1.7155;1.7155;0;59.585;59.585;34.565;0.0501;1809.3;948.16;1;0.0264;0.0264;0;0;0;0;0;0;1.6891;1.6011;0;16.055;18.591;14.984;17.352;98.461;98.461;16.945;14.467;13.502;2.4785;0.9648;0.1463;0.0569;0.7968;95.538;0.7479;0
19/03/21 12:00;54.773;10.493;34.553;82.672;7.328;90;7.328;367.19;341.2;25.994;25.35;6.0401;0;26.208;331.95;7.9482;0;0.2849;366.39;0;366.39;26.208;7.9482;331.95;0.2849;0.0715;0.9068;0;0.0008;364.72;1.6752;0;0;1.4379;0.2372;348.1;14.062;0.0963;0.0292;13.925;0.0106;362.17;2.553;0.1835;0.0556;2.3136;0.0003;348.14;25.928;7.8634;314.28;0.0367;217.71;175.48;64.634;0.0267;2.4916;35.841;0.0376;38.306;0;1;0;0;0.9978;0.9954;1;1;0.9957;0.1673;0.9612;0.9963;1;0.9576;0.7756;0.993;0.993;1;0.993;0.993;0.9501;0.9467;0.1289;1.0427;1.0678;0.0064;0.0112;0.0672;0.0069;0.0244;0.0063;0;0;0.088;0.8204;0;0;0;0;0;0;0;0;0;0;0;0;0.0197;0.003;0.9228;0.9228;0;42.588;42.588;17.237;0.0495;917.43;1005.9;1;0.0144;0.0144;0;0;0;0;0;0;0.9084;0.8204;0;16.643;19.272;14.795;17.133;98.435;98.435;8.7935;7.7822;6.9183;1.0113;0.8639;0.115;0.0982;0.7867;197.85;0.7331;0
19/03/21 13:00;50.079;34;32.142;64.925;25.075;90;25.075;658.2;273.9;384.3;26.68;5.7399;0;424.29;166.03;110.02;0;5.8933;706.24;0;706.24;424.29;110.02;166.03;5.8933;0.6008;0.2434;0;0.0083;695.66;10.576;0;0;5.5305;5.0453;684.1;6.6935;0.9645;0.2501;5.3075;0.1714;690.79;4.8696;2.97;0.7702;1.1235;0.0059;685.68;420.35;109;154.07;0.6706;370.75;298.83;116.46;1.3437;3.9117;56.268;1.5797;58.836;0;1;0;0;1.073;0.985;1;1;0.9667;0.1439;0.9903;0.9977;1;0.9667;0.7964;0.993;0.993;1;0.993;0.993;0.9687;0.928;0.1138;2.0099;2.0745;0.0125;-0.0008;0.2645;0.0126;0.0446;0.0093;0;0;0.088;1.5719;0;0;0;0;0;0;0;0;0;0;0;0;0.036;0.0102;1.6856;1.6856;0;60.962;60.962;34.283;0.0501;1788;942.73;1;0.0257;0.0257;0;0;0;0;0;0;1.6599;1.5719;0;15.772;18.263;14.707;17.031;98.473;98.473;16.95;14.215;13.256;2.7348;0.9592;0.1613;0.0566;0.7821;106.03;0.738;0
19/03/21 14:00;41.679;51.956;27.405;48.505;41.495;90;41.495;510.6;296.5;214.1;26.99;5.54;0;285.84;198.67;92.543;0;12.174;589.23;0;589.23;285.84;92.543;198.67;12.174;0.4851;0.3578;0;0.0207;563.41;25.819;0;0;14.609;11.21;553.11;6.3606;0.2687;0.087;5.926;0.079;559.47;3.9439;2.0009;0.6478;1.2884;0.0068;556.95;283.57;91.808;176.85;0.8789;271.49;218.82;87.171;9.1814;3.2744;47.101;3.8464;41.194;0;1;0;0;1.154;0.9562;1;1;0.9265;0.0792;0.9886;0.9991;1;0.9676;0.9176;0.993;0.993;1;0.993;0.993;0.9387;0.8902;0.0722;1.6769;1.6878;0.0102;0.0028;0.1772;0.0105;0.0372;0.0079;0;0;0.088;1.2962;0;0;0;0;0;0;0;0;0;0;0;0;0.0299;0.0069;1.4051;1.4051;0;54.583;54.583;27.593;0.0499;1452;967.75;1;0.0209;0.0209;0;0;0;0;0;0;1.3842;1.2962;0;15.758;18.248;14.537;16.833;98.512;98.512;14.142;11.85;10.931;2.2917;0.9184;0.1621;0.0649;0.773;143.33;0.7294;0
19/03/21 15:00;31.192;65.347;20.905;33.67;56.33;90;56.33;533.9;128.9;405;27.1;5.2401;0;730.51;43.3;132.01;0;22.601;928.42;0;928.42;730.51;132.01;43.3;22.601;0.7868;0.071;0;0.0243;902.28;26.139;0;0;4.9674;21.171;893.97;1.998;0.5238;0.0947;1.3096;0.07;895.97;6.316;5.1136;0.9241;0.2683;0.01;898.67;724.87;130.99;36.755;1.3495;160.43;129.31;48.759;5.7886;2.1376;30.749;4.7032;27.098;0;1;0;0;1.7389;0.9718;1;1;0.8853;0.0632;0.9978;0.9993;1;0.9656;0.9507;0.993;0.993;1;0.993;0.993;0.9629;0.8488;0.0597;2.6422;2.6328;0.0159;-0.0016;0.4419;0.0152;0.054;0.0048;0;0;0.088;1.9233;0;0;0;0;0;0;0;0;0;0;0;0;0.0435;0.0161;2.0429;2.0429;0;72.301;72.301;45.201;0.0506;2270.5;899.74;1;0.0316;0.0316;0;0;0;0;0;0;2.0113;1.9233;0;14.54;16.837;13.689;15.852;98.453;98.453;22.282;17.228;16.219;5.0541;1.0085;0.2268;0.0453;0.7279;36.142;0.7103;0
19/03/21 16:00;19.622;75.948;35.467;20.179;36.606;90;36.606;177.61;162;15.607;25.4;5.0199;0;37.851;141.1;13.258;0;3.3281;195.53;0;195.53;37.851;13.258;141.1;3.3281;0.1936;0.7386;0;0.017;183.96;11.579;0;0;8.5691;3.0096;178.16;4.5041;0.1591;0.0557;4.2492;0.0401;182.67;1.2877;0.265;0.0928;0.9277;0.0022;179.2;37.427;13.11;127.35;0.2762;97.812;78.837;31.409;4.2407;1.2401;17.839;1.0312;14.838;0;1;0;0;1.1009;0.9408;1;1;0.9393;0.0957;0.9753;0.9958;1;0.9677;0.8732;0.993;0.993;1;0.993;0.993;0.9112;0.9026;0.083;0.5565;0.5484;0.0033;0.017;0.0183;0.0036;0.0127;0.0031;0;0;0.088;0.3826;0;0;0;0;0;0;0;0;0;0;0;0;0.0102;0.0009;0.4793;0.4793;0;34.206;34.206;8.8057;0.0494;468.92;1022.2;1;0.0088;0.0088;0;0;0;0;0;0;0.4706;0.3826;0;16.198;18.757;12.928;14.971;98.172;98.172;4.6928;4.0422;3.2262;0.6506;0.816;0.1386;0.1739;0.6875;97.709;0.6435;0
19/03/21 17:00;7.532;85.102;71.464;7.5593;11.046;90;11.046;90.308;79.098;11.21;23.53;5.4999;0;27.188;73.499;11.912;0;0.1589;112.76;0;112.76;27.188;11.912;73.499;0.1589;0.2411;0.6532;0;0.0014;112;0.7603;0;0;0.628;0.1323;103.39;7.8219;3.4107;1.4944;2.9108;0.006;111.21;0.784;0.1903;0.0834;0.5101;0.0002;103.42;23.587;10.335;69.45;0.0205;44.255;35.67;13.139;0.0312;0.5081;7.3086;0.0246;7.7855;0;1;0;0;1.2486;0.9933;1;1;0.9915;0.1679;0.9297;0.8737;1;0.9598;0.7748;0.993;0.993;1;0.993;0.993;0.9169;0.9449;0.1292;0.3209;0.3105;0.0019;0.0166;0.0041;0.002;0.0071;0.0013;0;0;0.088;0.1767;0;0;0;0;0;0;0;0;0;0;0;0;0.0058;0.0004;0.2713;0.2713;0;28.643;28.643;5.1125;0.0494;264.89;1024.2;1;0.0066;0.0066;0;0;0;0;0;0;0.2647;0.1767;0;15.899;18.41;10.354;11.99;97.563;97.563;2.7062;2.2879;1.49;0.4184;0.7979;0.1546;0.2948;0.5506;44.176;0.5251;0
19/03/21 18:00;0.7931;89.876;88.076;0.7931;1.1307;90;1.1307;0;0;0;21.8;6.26;0;0;0;0;0;0;0;0;0;0;0;0;0;1;1;1;1;0;0;0;0;0;0;0;0;0;0;0;0;0;0;0;0;0;0;0;0;0;0;0;0;0;0;0;0;0;0;0;0;0;0;0;1;1;1;1;1;1;1;1;1;1;1;1;1;1;1;1;1;1;1;0;0;0;0;0;0;0;0;0;0.0004;0.088;-0.0884;0;0;0;0;0;0;0;0;0;0;0;0;0;0;0;0;0;0;0;-21.8;0;0;0;0;0.0004;0;0;0;0;0;0;0;-0.0004;-0.0884;0;0;0;0;0;0;0;0;0;-0.7452;0;0.7452;1;1;0;0;0;0
19/03/21 19:00;0;0;90;0;0;90;0;0;0;0;20.97;6;0;0;0;0;0;0;0;0;0;0;0;0;0;1;1;1;1;0;0;0;0;0;0;0;0;0;0;0;0;0;0;0;0;0;0;0;0;0;0;0;0;0;0;0;0;0;0;0;0;0;0;0;1;1;1;1;1;1;1;1;1;1;1;1;1;1;1;1;1;1;1;0;0;0;0;0;0;0;0;0;0.0004;0.088;-0.0884;0;0;0;0;0;0;0;0;0;0;0;0;0;0;0;0;0;0;0;-20.97;0;0;0;0;0.0004;0;0;0;0;0;0;0;-0.0004;-0.0884;0;0;0;0;0;0;0;0;0;-0.7452;0;0.7452;1;1;0;0;0;0
19/03/21 20:00;0;0;90;0;0;90;0;0;0;0;19.76;5.3499;0;0;0;0;0;0;0;0;0;0;0;0;0;1;1;1;1;0;0;0;0;0;0;0;0;0;0;0;0;0;0;0;0;0;0;0;0;0;0;0;0;0;0;0;0;0;0;0;0;0;0;0;1;1;1;1;1;1;1;1;1;1;1;1;1;1;1;1;1;1;1;0;0;0;0;0;0;0;0;0;0.0004;0.088;-0.0884;0;0;0;0;0;0;0;0;0;0;0;0;0;0;0;0;0;0;0;-19.76;0;0;0;0;0.0004;0;0;0;0;0;0;0;-0.0004;-0.0884;0;0;0;0;0;0;0;0;0;-0.7452;0;0.7452;1;1;0;0;0;0
19/03/21 21:00;0;0;90;0;0;90;0;0;0;0;19.52;4.7601;0;0;0;0;0;0;0;0;0;0;0;0;0;1;1;1;1;0;0;0;0;0;0;0;0;0;0;0;0;0;0;0;0;0;0;0;0;0;0;0;0;0;0;0;0;0;0;0;0;0;0;0;1;1;1;1;1;1;1;1;1;1;1;1;1;1;1;1;1;1;1;0;0;0;0;0;0;0;0;0;0.0004;0.088;-0.0884;0;0;0;0;0;0;0;0;0;0;0;0;0;0;0;0;0;0;0;-19.52;0;0;0;0;0.0004;0;0;0;0;0;0;0;-0.0004;-0.0884;0;0;0;0;0;0;0;0;0;-0.7452;0;0.7452;1;1;0;0;0;0
19/03/21 22:00;0;0;90;0;0;90;0;0;0;0;18.19;4.3899;0;0;0;0;0;0;0;0;0;0;0;0;0;1;1;1;1;0;0;0;0;0;0;0;0;0;0;0;0;0;0;0;0;0;0;0;0;0;0;0;0;0;0;0;0;0;0;0;0;0;0;0;1;1;1;1;1;1;1;1;1;1;1;1;1;1;1;1;1;1;1;0;0;0;0;0;0;0;0;0;0.0004;0.088;-0.0884;0;0;0;0;0;0;0;0;0;0;0;0;0;0;0;0;0;0;0;-18.19;0;0;0;0;0.0004;0;0;0;0;0;0;0;-0.0004;-0.0884;0;0;0;0;0;0;0;0;0;-0.7452;0;0.7452;1;1;0;0;0;0
19/03/21 23:00;0;0;90;0;0;90;0;0;0;0;18.22;4.26;0;0;0;0;0;0;0;0;0;0;0;0;0;1;1;1;1;0;0;0;0;0;0;0;0;0;0;0;0;0;0;0;0;0;0;0;0;0;0;0;0;0;0;0;0;0;0;0;0;0;0;0;1;1;1;1;1;1;1;1;1;1;1;1;1;1;1;1;1;1;1;0;0;0;0;0;0;0;0;0;0.0004;0.088;-0.0884;0;0;0;0;0;0;0;0;0;0;0;0;0;0;0;0;0;0;0;-18.22;0;0;0;0;0.0004;0;0;0;0;0;0;0;-0.0004;-0.0884;0;0;0;0;0;0;0;0;0;-0.7452;0;0.7452;1;1;0;0;0;0
20/03/21 00:00;0;0;90;0;0;90;0;0;0;0;17.43;4.11;0;0;0;0;0;0;0;0;0;0;0;0;0;1;1;1;1;0;0;0;0;0;0;0;0;0;0;0;0;0;0;0;0;0;0;0;0;0;0;0;0;0;0;0;0;0;0;0;0;0;0;0;1;1;1;1;1;1;1;1;1;1;1;1;1;1;1;1;1;1;1;0;0;0;0;0;0;0;0;0;0.0004;0.088;-0.0884;0;0;0;0;0;0;0;0;0;0;0;0;0;0;0;0;0;0;0;-17.43;0;0;0;0;0.0004;0;0;0;0;0;0;0;-0.0004;-0.0884;0;0;0;0;0;0;0;0;0;-0.7452;0;0.7452;1;1;0;0;0;0
20/03/21 01:00;0;0;90;0;0;90;0;0;0;0;15.1;3.87;0;0;0;0;0;0;0;0;0;0;0;0;0;1;1;1;1;0;0;0;0;0;0;0;0;0;0;0;0;0;0;0;0;0;0;0;0;0;0;0;0;0;0;0;0;0;0;0;0;0;0;0;1;1;1;1;1;1;1;1;1;1;1;1;1;1;1;1;1;1;1;0;0;0;0;0;0;0;0;0;0.0004;0.088;-0.0884;0;0;0;0;0;0;0;0;0;0;0;0;0;0;0;0;0;0;0;-15.1;0;0;0;0;0.0004;0;0;0;0;0;0;0;-0.0004;-0.0884;0;0;0;0;0;0;0;0;0;-0.7452;0;0.7452;1;1;0;0;0;0
20/03/21 02:00;0;0;90;0;0;90;0;0;0;0;13.26;3.55;0;0;0;0;0;0;0;0;0;0;0;0;0;1;1;1;1;0;0;0;0;0;0;0;0;0;0;0;0;0;0;0;0;0;0;0;0;0;0;0;0;0;0;0;0;0;0;0;0;0;0;0;1;1;1;1;1;1;1;1;1;1;1;1;1;1;1;1;1;1;1;0;0;0;0;0;0;0;0;0;0.0004;0.088;-0.0884;0;0;0;0;0;0;0;0;0;0;0;0;0;0;0;0;0;0;0;-13.26;0;0;0;0;0.0004;0;0;0;0;0;0;0;-0.0004;-0.0884;0;0;0;0;0;0;0;0;0;-0.7452;0;0.7452;1;1;0;0;0;0
20/03/21 03:00;0;0;90;0;0;90;0;0;0;0;12.21;3.3599;0;0;0;0;0;0;0;0;0;0;0;0;0;1;1;1;1;0;0;0;0;0;0;0;0;0;0;0;0;0;0;0;0;0;0;0;0;0;0;0;0;0;0;0;0;0;0;0;0;0;0;0;1;1;1;1;1;1;1;1;1;1;1;1;1;1;1;1;1;1;1;0;0;0;0;0;0;0;0;0;0.0004;0.088;-0.0884;0;0;0;0;0;0;0;0;0;0;0;0;0;0;0;0;0;0;0;-12.21;0;0;0;0;0.0004;0;0;0;0;0;0;0;-0.0004;-0.0884;0;0;0;0;0;0;0;0;0;-0.7452;0;0.7452;1;1;0;0;0;0
20/03/21 04:00;0;0;90;0;0;90;0;0;0;0;11.94;3.4399;0;0;0;0;0;0;0;0;0;0;0;0;0;1;1;1;1;0;0;0;0;0;0;0;0;0;0;0;0;0;0;0;0;0;0;0;0;0;0;0;0;0;0;0;0;0;0;0;0;0;0;0;1;1;1;1;1;1;1;1;1;1;1;1;1;1;1;1;1;1;1;0;0;0;0;0;0;0;0;0;0.0004;0.088;-0.0884;0;0;0;0;0;0;0;0;0;0;0;0;0;0;0;0;0;0;0;-11.94;0;0;0;0;0.0004;0;0;0;0;0;0;0;-0.0004;-0.0884;0;0;0;0;0;0;0;0;0;-0.7452;0;0.7452;1;1;0;0;0;0
20/03/21 05:00;0;0;90;0;0;90;0;0;0;0;13.76;3.8399;0;0;0;0;0;0;0;0;0;0;0;0;0;1;1;1;1;0;0;0;0;0;0;0;0;0;0;0;0;0;0;0;0;0;0;0;0;0;0;0;0;0;0;0;0;0;0;0;0;0;0;0;1;1;1;1;1;1;1;1;1;1;1;1;1;1;1;1;1;1;1;0;0;0;0;0;0;0;0;0;0.0004;0.088;-0.0884;0;0;0;0;0;0;0;0;0;0;0;0;0;0;0;0;0;0;0;-13.76;0;0;0;0;0.0004;0;0;0;0;0;0;0;-0.0004;-0.0884;0;0;0;0;0;0;0;0;0;-0.7452;0;0.7452;1;1;0;0;0;0
20/03/21 06:00;5.5805;-86.009;76.359;5.594;8.081;-90;-8.081;49.598;33.998;15.6;14.58;4.8501;0;37.835;29.887;9.6098;0;0.0468;77.378;0;77.378;37.835;9.6098;29.887;0.0468;0.489;0.3868;0;0.0006;77.188;0.1901;0;0;0.1512;0.0389;65.29;11.358;8.0672;2.049;1.2404;0.0018;76.648;0.5403;0.2648;0.0673;0.2081;0.0001;65.294;29.503;7.4935;28.287;0.0061;17.935;14.455;5.3189;0.0037;0.2057;2.9589;0.0041;3.1609;0;1;0;0;1.5601;0.9975;1;1;0.9949;0.169;0.8518;0.7853;1;0.958;0.7758;0.993;0.993;1;0.993;0.993;0.8438;0.9465;0.1302;0.2202;0.1927;0.0012;0.0146;-0.0051;0.0013;0.0045;0.0005;0;0;0.088;0.0778;0;0;0;0;0;0;0;0;0;0;0;0;0.0036;0.0002;0.1719;0.1719;0;17.795;17.795;3.2148;0.0492;163.6;1051;1;0.0062;0.0062;0;0;0;0;0;0;0.1658;0.0778;0;14.684;17.003;6.6418;7.6911;96.412;96.412;1.8571;1.45;0.6559;0.4071;0.7941;0.2192;0.4276;0.3532;17.839;0.3434;0
20/03/21 07:00;17.105;-77.443;44.495;17.498;29.324;-90;-29.324;83.706;81.699;2.0066;16.69;6.43;0;4.8666;76.086;0.9821;0;1.0189;82.954;0;82.954;4.8666;0.9821;76.086;1.0189;0.0587;0.9295;0;0.0123;78.822;4.1312;0;0;3.2453;0.886;75.829;2.442;0.046;0.0093;2.3631;0.0237;78.271;0.5518;0.0341;0.0069;0.5099;0.0009;76.141;4.7865;0.9659;69.968;0.1083;49.929;40.243;15.563;1.0647;0.5921;8.5167;0.3126;8.0441;0;1;0;0;0.991;0.9502;1;1;0.9573;0.1305;0.9688;0.9905;1;0.9673;0.8207;0.993;0.993;1;0.993;0.993;0.9141;0.9196;0.1063;0.2361;0.2349;0.0014;0.0155;-0.0039;0.0016;0.0055;0.0015;0;0;0.088;0.1142;0;0;0;0;0;0;0;0;0;0;0;0;0.0044;0.0003;0.2086;0.2086;0;20.426;20.426;3.7358;0.0493;199.48;1045.8;1;0.0064;0.0064;0;0;0;0;0;0;0.2022;0.1142;0;16.618;19.244;9.1003;10.538;96.943;96.943;1.9909;1.7593;0.9634;0.2316;0.7959;0.1163;0.3998;0.4839;49.917;0.4494;0
20/03/21 08:00;28.787;-67.196;19.857;30.797;59.203;-90;-59.203;201.79;186.7;15.092;18.99;7.2499;0;29.477;137.93;8.3026;0;9.3552;185.07;0;185.07;29.477;8.3026;137.93;9.3552;0.1593;0.7959;0;0.0506;159.41;25.66;0;0;16.949;8.7116;154;4.2873;0.0201;0.0057;4.223;0.0385;158.29;1.1158;0.2063;0.0581;0.8469;0.0045;157.82;29.251;8.2388;115.91;0.6006;122.84;99.006;43.455;21.985;2.3796;34.23;3.8199;14.625;0;1;0;0;0.9171;0.8613;1;1;0.8771;0.0688;0.9729;0.9993;1;0.9648;0.9398;0.993;0.993;1;0.993;0.993;0.8321;0.8404;0.0642;0.5267;0.5201;0.0031;0.0171;0.0029;0.0035;0.0123;0.0062;0;0;0.088;0.3673;0;0;0;0;0;0;0;0;0;0;0;0;0.0099;0.0009;0.4641;0.4641;0;26.562;26.562;7.5725;0.0492;442.83;1048;1;0.0089;0.0089;0;0;0;0;0;0;0.4553;0.3673;0;16.571;19.189;13.113;15.185;98.092;98.092;4.4416;3.9139;3.0971;0.5277;0.8168;0.1188;0.1839;0.6973;118.99;0.6125;0
20/03/21 09:00;39.505;-54.464;26.644;45.375;44.625;-90;-44.625;379.79;284.8;94.988;20.93;7.4899;0;133.46;217.31;43.409;0;10.401;404.58;0;404.58;133.46;43.409;217.31;10.401;0.3299;0.5628;0;0.0257;377.28;27.306;0;0;17.715;9.5917;367.96;6.6726;0.122;0.0397;6.461;0.0499;374.63;2.6409;0.9342;0.3039;1.3972;0.0057;371.51;132.41;43.065;191.74;0.7537;214.49;172.88;70.045;12.895;2.8774;41.39;3.5468;31.372;0;1;0;0;1.0653;0.9325;1;1;0.9185;0.0778;0.9822;0.9991;1;0.9674;0.9379;0.993;0.993;1;0.993;0.993;0.9095;0.8823;0.0725;1.1514;1.1458;0.0069;0.0101;0.0575;0.0075;0.0266;0.0073;0;0;0.088;0.9012;0;0;0;0;0;0;0;0;0;0;0;0;0.0214;0.0034;1.0051;1.0051;0;39.091;39.091;18.161;0.0494;983.72;1021.7;1;0.0159;0.0159;0;0;0;0;0;0;0.9892;0.9012;0;16.415;19.009;14.719;17.044;98.421;98.421;9.71;8.4757;7.5998;1.2343;0.876;0.1271;0.0902;0.7827;161.18;0.727;0
20/03/21 10:00;48.362;-37.56;31.782;61.545;28.455;-90;-28.455;508.6;327.8;180.8;22.99;7.5699;0;205.65;253.87;65.528;0;5.8372;530.88;0;530.88;205.65;65.528;253.87;5.8372;0.3874;0.4892;0;0.011;515.5;15.376;0;0;10.321;5.0546;503.27;8.6292;0.4245;0.1353;7.9262;0.1433;511.9;3.6085;1.4395;0.4587;1.7048;0.0055;504.99;203.78;64.934;233.92;0.6338;292.74;235.95;91.229;3.2004;3.275;47.11;1.7195;47.184;0;1;0;0;1.0438;0.971;1;1;0.9593;0.1341;0.9831;0.9979;1;0.9672;0.8156;0.993;0.993;1;0.993;0.993;0.948;0.9214;0.1086;1.5108;1.5392;0.0093;0.0046;0.1253;0.0098;0.0348;0.0081;0;0;0.088;1.2055;0;0;0;0;0;0;0;0;0;0;0;0;0.028;0.0058;1.3135;1.3135;0;47.97;47.97;24.98;0.0496;1323.2;992.67;1;0.02;0.02;0;0;0;0;0;0;1.2935;1.2055;0;16.349;18.932;15.005;17.376;98.481;98.481;12.741;11.077;10.166;1.6646;0.9104;0.1306;0.0715;0.7979;165.59;0.7482;0
20/03/21 11:00;53.863;-15.197;34.687;79.164;10.836;-90;-10.836;353.69;329.8;23.897;24.89;7.67;0;24.331;319.83;7.2181;0;0.5991;351.98;0;351.98;24.331;7.2181;319.83;0.5991;0.0691;0.9104;0;0.0017;348.85;3.133;0;0;2.6357;0.4974;333.55;12.854;0.0913;0.0271;12.713;0.0227;346.4;2.4419;0.1703;0.0505;2.2204;0.0007;333.66;24.069;7.1405;302.26;0.0783;210.17;169.39;62.661;0.1261;2.3944;34.442;0.112;36.71;0;1;0;0;0.9952;0.9911;1;1;0.9918;0.1698;0.9629;0.9962;1;0.9596;0.7755;0.993;0.993;1;0.993;0.993;0.9476;0.9451;0.1307;1.0017;1.0236;0.0062;0.0119;0.0601;0.0066;0.0235;0.006;0;0;0.088;0.7857;0;0;0;0;0;0;0;0;0;0;0;0;0.0189;0.0028;0.8877;0.8877;0;41.395;41.395;16.505;0.0495;879.17;1009.7;1;0.014;0.014;0;0;0;0;0;0;0.8737;0.7857;0;16.666;19.299;14.751;17.082;98.425;98.425;8.4475;7.4862;6.6262;0.9612;0.86;0.1138;0.1018;0.7844;192.13;0.7309;0
20/03/21 12:00;54.371;10.523;34.942;82.543;7.4572;90;7.4572;228.91;224.7;4.2034;23.59;7.5699;0;4.2393;222.91;0.8514;0;0.1839;228.19;0;228.19;4.2393;0.8514;222.91;0.1839;0.0186;0.9777;0;0.0008;227.04;1.1467;0;0;0.9935;0.1531;216.09;9.361;0.0165;0.0033;9.3343;0.0069;225.45;1.5893;0.0297;0.006;1.5534;0.0002;216.11;4.1931;0.8421;211.03;0.0237;135.85;109.5;40.186;0.0194;1.5643;22.502;0.0244;24.047;0;1;0;0;0.9969;0.995;1;1;0.9955;0.1674;0.9585;0.9961;1;0.9576;0.7756;0.993;0.993;1;0.993;0.993;0.947;0.9467;0.1289;0.6494;0.6634;0.004;0.0162;0.0221;0.0043;0.0154;0.004;0;0;0.088;0.4856;0;0;0;0;0;0;0;0;0;0;0;0;0.0124;0.0013;0.5836;0.5836;0;34.253;34.253;10.663;0.0493;567.74;1027.9;1;0.01;0.01;0;0;0;0;0;0;0.5736;0.4856;0;16.9;19.57;14.062;16.284;98.287;98.287;5.4765;4.9215;4.0951;0.555;0.8264;0.1013;0.1509;0.7478;132.89;0.6964;0
20/03/21 13:00;49.692;33.826;32.507;64.722;25.278;90;25.278;361.19;331.5;29.695;24.57;7.1699;0;32.84;306.7;10.371;0;3.2857;353.2;0;353.2;32.84;10.371;306.7;3.2857;0.093;0.8777;0;0.0093;340.03;13.164;0;0;10.349;2.8156;327.66;9.9904;0.0816;0.0258;9.7884;0.0946;337.65;2.3802;0.2299;0.0726;2.0745;0.0033;328.62;32.528;10.273;284.49;0.3722;217.44;175.25;66.954;2.5519;2.4964;35.91;0.9545;35.855;0;1;0;0;0.9779;0.9627;1;1;0.9663;0.1431;0.9704;0.9975;1;0.9667;0.7973;0.993;0.993;1;0.993;0.993;0.9277;0.9276;0.1133;1.0052;1.0121;0.0061;0.012;0.0571;0.0066;0.0233;0.0063;0;0;0.088;0.7774;0;0;0;0;0;0;0;0;0;0;0;0;0.0187;0.0027;0.8793;0.8793;0;40.777;40.777;16.207;0.0495;869.02;1011.8;1;0.0139;0.0139;0;0;0;0;0;0;0.8654;0.7774;0;16.451;19.049;14.544;16.842;98.421;98.421;8.4767;7.4151;6.5559;1.0616;0.8592;0.1252;0.1014;0.7734;196.09;0.7187;0
20/03/21 14:00;41.327;51.696;27.741;48.254;41.746;90;41.746;138.6;136.8;1.8009;25.05;6.73;0;2.4137;119.19;0.3633;0;3.343;125.31;0;125.31;2.4137;0.3633;119.19;3.343;0.0193;0.9778;0;0.0267;113.39;11.923;0;0;8.8427;3.08;109.02;3.5776;0.0023;0.0003;3.5538;0.0211;112.6;0.7937;0.0169;0.0025;0.7725;0.0018;110.25;2.3945;0.3604;106.03;0.2401;87.108;70.209;28.749;5.6226;1.1739;16.887;1.2297;12.438;0;1;0;0;0.9042;0.9049;1;1;0.9258;0.0787;0.9682;0.999;1;0.9676;0.9192;0.993;0.993;1;0.993;0.993;0.87;0.8895;0.0718;0.3566;0.3493;0.0021;0.017;0.007;0.0023;0.008;0.003;0;0;0.088;0.2082;0;0;0;0;0;0;0;0;0;0;0;0;0.0065;0.0005;0.3031;0.3031;0;30.446;30.446;5.3962;0.0495;297.44;1018.9;1;0.0069;0.0069;0;0;0;0;0;0;0.2962;0.2082;0;15.981;18.506;10.979;12.713;97.737;97.737;3.0075;2.5558;1.7558;0.4518;0.8;0.1502;0.266;0.5838;86.176;0.5303;0
20/03/21 15:00;30.87;65.065;21.215;33.394;56.606;90;56.606;194.7;189;5.6994;24.5;6.2001;0;10.355;145.33;2.7711;0;8.3162;166.77;0;166.77;10.355;2.7711;145.33;8.3162;0.0621;0.9213;0;0.0499;142.19;24.581;0;0;16.791;7.79;136.76;4.4357;0.0075;0.002;4.3999;0.0263;141.2;0.9954;0.0725;0.0194;0.8998;0.0037;140.25;10.275;2.7497;123.24;0.4962;123.52;99.557;43.197;19.75;2.2722;32.684;3.4922;15.206;0;1;0;0;0.8566;0.8526;1;1;0.8845;0.0633;0.9686;0.9993;1;0.9655;0.9497;0.993;0.993;1;0.993;0.993;0.82;0.848;0.0597;0.4746;0.4667;0.0028;0.0172;0.0106;0.0031;0.0108;0.0058;0;0;0.088;0.3109;0;0;0;0;0;0;0;0;0;0;0;0;0.0087;0.0007;0.407;0.407;0;31.259;31.259;6.7589;0.0494;397.19;1024.6;1;0.008;0.008;0;0;0;0;0;0;0.3989;0.3109;0;16.125;18.672;12.32;14.266;98.03;98.03;4.0026;3.4319;2.6222;0.5707;0.8097;0.1426;0.2023;0.6551;121.68;0.5713;0
20/03/21 16:00;19.32;75.666;36.64;19.893;35.719;90;35.719;41.101;40.803;0.2975;20.88;4.7899;0;0.7216;36.941;0.0647;0;0.7345;38.462;0;38.462;0.7216;0.0647;36.941;0.7345;0.0188;0.9796;0;0.0191;35.641;2.8208;0;0;2.1592;0.6616;34.263;1.1288;0.0035;0.0003;1.1152;0.0098;35.392;0.2495;0.0051;0.0005;0.2435;0.0005;34.515;0.713;0.0639;33.423;0.0627;25.403;20.475;8.1318;1.0207;0.3185;4.5815;0.2524;3.8793;0;1;0;0;0.9358;0.9267;1;1;0.9415;0.0993;0.9681;0.9951;1;0.9677;0.8651;0.993;0.993;1;0.993;0.993;0.8908;0.9048;0.0853;0.1095;0.1079;0.0007;0.0115;-0.001;0.0007;0.0024;0.0008;0;0;0.088;-0.0013;0;0;0;0;0;0;0;0;0;0;0;0;0.0019;0.0001;0.0909;0.0909;0;22.588;22.588;1.7076;0.0498;90.611;1002.8;1;0.0042;0.0042;0;0;0;0;0;0;0.0867;-0.0013;0;15.611;18.077;-0.2239;-0.2593;95.412;95.412;0.9231;0.7663;-0.011;0.1568;0.7773;0.1699;0.842;0;25.401;0;0
20/03/21 17:00;7.2399;84.822;72.203;7.2693;10.602;90;10.602;5.0009;5.0009;0;18.6;3.93;0;0;4.9582;0;0;0.0081;4.9663;4.9663;0;0;0;0;0;1;1;1;1;0;0;0;0;0;0;0;0;0;0;0;0;0;0;0;0;0;0;0;0;0;0;0;0;0;0;0;0;0;0;0;0;0;0;0;0;1;1;1;1;1;1;1;1;1;1;1;1;1;0;0;1;0;0;0;0;0;0;0;0;0;0;0;0.0004;0.088;-0.0884;0;0;0;0;0;0;0;0;0;0;0;0;0;0;0;0;0;0;0;-18.6;0;0;0;0;0.0004;0;0;0;0;0;0;0;-0.0004;-0.0884;0;0;0;0;0;0;0;0;0;-0.7452;0;0.7452;1;1;0;0;0;0
20/03/21 18:00;0.707;89.453;88.285;0.7071;1.008;90;1.008;0;0;0;17.86;3.78;0;0;0;0;0;0;0;0;0;0;0;0;0;1;1;1;1;0;0;0;0;0;0;0;0;0;0;0;0;0;0;0;0;0;0;0;0;0;0;0;0;0;0;0;0;0;0;0;0;0;0;0;1;1;1;1;1;1;1;1;1;1;1;1;1;1;1;1;1;1;1;0;0;0;0;0;0;0;0;0;0.0004;0.088;-0.0884;0;0;0;0;0;0;0;0;0;0;0;0;0;0;0;0;0;0;0;-17.86;0;0;0;0;0.0004;0;0;0;0;0;0;0;-0.0004;-0.0884;0;0;0;0;0;0;0;0;0;-0.7452;0;0.7452;1;1;0;0;0;0
20/03/21 19:00;0;0;90;0;0;90;0;0;0;0;17.32;3.86;0;0;0;0;0;0;0;0;0;0;0;0;0;1;1;1;1;0;0;0;0;0;0;0;0;0;0;0;0;0;0;0;0;0;0;0;0;0;0;0;0;0;0;0;0;0;0;0;0;0;0;0;1;1;1;1;1;1;1;1;1;1;1;1;1;1;1;1;1;1;1;0;0;0;0;0;0;0;0;0;0.0004;0.088;-0.0884;0;0;0;0;0;0;0;0;0;0;0;0;0;0;0;0;0;0;0;-17.32;0;0;0;0;0.0004;0;0;0;0;0;0;0;-0.0004;-0.0884;0;0;0;0;0;0;0;0;0;-0.7452;0;0.7452;1;1;0;0;0;0
20/03/21 20:00;0;0;90;0;0;90;0;0;0;0;17.11;4.4799;0;0;0;0;0;0;0;0;0;0;0;0;0;1;1;1;1;0;0;0;0;0;0;0;0;0;0;0;0;0;0;0;0;0;0;0;0;0;0;0;0;0;0;0;0;0;0;0;0;0;0;0;1;1;1;1;1;1;1;1;1;1;1;1;1;1;1;1;1;1;1;0;0;0;0;0;0;0;0;0;0.0004;0.088;-0.0884;0;0;0;0;0;0;0;0;0;0;0;0;0;0;0;0;0;0;0;-17.11;0;0;0;0;0.0004;0;0;0;0;0;0;0;-0.0004;-0.0884;0;0;0;0;0;0;0;0;0;-0.7452;0;0.7452;1;1;0;0;0;0
20/03/21 21:00;0;0;90;0;0;90;0;0;0;0;17.2;5.21;0;0;0;0;0;0;0;0;0;0;0;0;0;1;1;1;1;0;0;0;0;0;0;0;0;0;0;0;0;0;0;0;0;0;0;0;0;0;0;0;0;0;0;0;0;0;0;0;0;0;0;0;1;1;1;1;1;1;1;1;1;1;1;1;1;1;1;1;1;1;1;0;0;0;0;0;0;0;0;0;0.0004;0.088;-0.0884;0;0;0;0;0;0;0;0;0;0;0;0;0;0;0;0;0;0;0;-17.2;0;0;0;0;0.0004;0;0;0;0;0;0;0;-0.0004;-0.0884;0;0;0;0;0;0;0;0;0;-0.7452;0;0.7452;1;1;0;0;0;0
20/03/21 22:00;0;0;90;0;0;90;0;0;0;0;17.32;5.9899;0;0;0;0;0;0;0;0;0;0;0;0;0;1;1;1;1;0;0;0;0;0;0;0;0;0;0;0;0;0;0;0;0;0;0;0;0;0;0;0;0;0;0;0;0;0;0;0;0;0;0;0;1;1;1;1;1;1;1;1;1;1;1;1;1;1;1;1;1;1;1;0;0;0;0;0;0;0;0;0;0.0004;0.088;-0.0884;0;0;0;0;0;0;0;0;0;0;0;0;0;0;0;0;0;0;0;-17.32;0;0;0;0;0.0004;0;0;0;0;0;0;0;-0.0004;-0.0884;0;0;0;0;0;0;0;0;0;-0.7452;0;0.7452;1;1;0;0;0;0
20/03/21 23:00;0;0;90;0;0;90;0;0;0;0;18.3;6.3899;0;0;0;0;0;0;0;0;0;0;0;0;0;1;1;1;1;0;0;0;0;0;0;0;0;0;0;0;0;0;0;0;0;0;0;0;0;0;0;0;0;0;0;0;0;0;0;0;0;0;0;0;1;1;1;1;1;1;1;1;1;1;1;1;1;1;1;1;1;1;1;0;0;0;0;0;0;0;0;0;0.0004;0.088;-0.0884;0;0;0;0;0;0;0;0;0;0;0;0;0;0;0;0;0;0;0;-18.3;0;0;0;0;0.0004;0;0;0;0;0;0;0;-0.0004;-0.0884;0;0;0;0;0;0;0;0;0;-0.7452;0;0.7452;1;1;0;0;0;0
21/03/21 00:00;0;0;90;0;0;90;0;0;0;0;19;6.72;0;0;0;0;0;0;0;0;0;0;0;0;0;1;1;1;1;0;0;0;0;0;0;0;0;0;0;0;0;0;0;0;0;0;0;0;0;0;0;0;0;0;0;0;0;0;0;0;0;0;0;0;1;1;1;1;1;1;1;1;1;1;1;1;1;1;1;1;1;1;1;0;0;0;0;0;0;0;0;0;0.0004;0.088;-0.0884;0;0;0;0;0;0;0;0;0;0;0;0;0;0;0;0;0;0;0;-19;0;0;0;0;0.0004;0;0;0;0;0;0;0;-0.0004;-0.0884;0;0;0;0;0;0;0;0;0;-0.7452;0;0.7452;1;1;0;0;0;0
21/03/21 01:00;0;0;90;0;0;90;0;0;0;0;19.3;6.8401;0;0;0;0;0;0;0;0;0;0;0;0;0;1;1;1;1;0;0;0;0;0;0;0;0;0;0;0;0;0;0;0;0;0;0;0;0;0;0;0;0;0;0;0;0;0;0;0;0;0;0;0;1;1;1;1;1;1;1;1;1;1;1;1;1;1;1;1;1;1;1;0;0;0;0;0;0;0;0;0;0.0004;0.088;-0.0884;0;0;0;0;0;0;0;0;0;0;0;0;0;0;0;0;0;0;0;-19.3;0;0;0;0;0.0004;0;0;0;0;0;0;0;-0.0004;-0.0884;0;0;0;0;0;0;0;0;0;-0.7452;0;0.7452;1;1;0;0;0;0
21/03/21 02:00;0;0;90;0;0;90;0;0;0;0;19.5;7.2599;0;0;0;0;0;0;0;0;0;0;0;0;0;1;1;1;1;0;0;0;0;0;0;0;0;0;0;0;0;0;0;0;0;0;0;0;0;0;0;0;0;0;0;0;0;0;0;0;0;0;0;0;1;1;1;1;1;1;1;1;1;1;1;1;1;1;1;1;1;1;1;0;0;0;0;0;0;0;0;0;0.0004;0.088;-0.0884;0;0;0;0;0;0;0;0;0;0;0;0;0;0;0;0;0;0;0;-19.5;0;0;0;0;0.0004;0;0;0;0;0;0;0;-0.0004;-0.0884;0;0;0;0;0;0;0;0;0;-0.7452;0;0.7452;1;1;0;0;0;0
21/03/21 03:00;0;0;90;0;0;90;0;0;0;0;18.95;7.78;0;0;0;0;0;0;0;0;0;0;0;0;0;1;1;1;1;0;0;0;0;0;0;0;0;0;0;0;0;0;0;0;0;0;0;0;0;0;0;0;0;0;0;0;0;0;0;0;0;0;0;0;1;1;1;1;1;1;1;1;1;1;1;1;1;1;1;1;1;1;1;0;0;0;0;0;0;0;0;0;0.0004;0.088;-0.0884;0;0;0;0;0;0;0;0;0;0;0;0;0;0;0;0;0;0;0;-18.95;0;0;0;0;0.0004;0;0;0;0;0;0;0;-0.0004;-0.0884;0;0;0;0;0;0;0;0;0;-0.7452;0;0.7452;1;1;0;0;0;0
21/03/21 04:00;0;0;90;0;0;90;0;0;0;0;19.26;8.58;0;0;0;0;0;0;0;0;0;0;0;0;0;1;1;1;1;0;0;0;0;0;0;0;0;0;0;0;0;0;0;0;0;0;0;0;0;0;0;0;0;0;0;0;0;0;0;0;0;0;0;0;1;1;1;1;1;1;1;1;1;1;1;1;1;1;1;1;1;1;1;0;0;0;0;0;0;0;0;0;0.0004;0.088;-0.0884;0;0;0;0;0;0;0;0;0;0;0;0;0;0;0;0;0;0;0;-19.26;0;0;0;0;0.0004;0;0;0;0;0;0;0;-0.0004;-0.0884;0;0;0;0;0;0;0;0;0;-0.7452;0;0.7452;1;1;0;0;0;0
21/03/21 05:00;0;0;90;0;0;90;0;0;0;0;19.52;9.4701;0;0;0;0;0;0;0;0;0;0;0;0;0;1;1;1;1;0;0;0;0;0;0;0;0;0;0;0;0;0;0;0;0;0;0;0;0;0;0;0;0;0;0;0;0;0;0;0;0;0;0;0;1;1;1;1;1;1;1;1;1;1;1;1;1;1;1;1;1;1;1;0;0;0;0;0;0;0;0;0;0.0004;0.088;-0.0884;0;0;0;0;0;0;0;0;0;0;0;0;0;0;0;0;0;0;0;-19.52;0;0;0;0;0.0004;0;0;0;0;0;0;0;-0.0004;-0.0884;0;0;0;0;0;0;0;0;0;-0.7452;0;0.7452;1;1;0;0;0;0
21/03/21 06:00;5.4154;-85.64;76.768;5.4311;7.8394;-90;-7.8394;2.5004;2.5004;0;17.96;10.57;0;0;2.4887;0;0;0.0022;2.491;2.491;0;0;0;0;0;1;1;1;1;0;0;0;0;0;0;0;0;0;0;0;0;0;0;0;0;0;0;0;0;0;0;0;0;0;0;0;0;0;0;0;0;0;0;0;0;1;1;1;1;1;1;1;1;1;1;1;1;1;0;0;1;0;0;0;0;0;0;0;0;0;0;0;0.0004;0.088;-0.0884;0;0;0;0;0;0;0;0;0;0;0;0;0;0;0;0;0;0;0;-17.96;0;0;0;0;0.0004;0;0;0;0;0;0;0;-0.0004;-0.0884;0;0;0;0;0;0;0;0;0;-0.7452;0;0.7452;1;1;0;0;0;0
21/03/21 07:00;16.928;-77.064;45.075;17.343;28.956;-90;-28.956;36.002;35.701;0.3012;17.84;11.77;0;0.7305;33.444;0.0651;0;0.4276;34.668;0;34.668;0.7305;0.0651;33.444;0.4276;0.0211;0.9771;0;0.0123;32.898;1.7692;0;0;1.3981;0.3711;31.609;1.0589;0.0071;0.0006;1.041;0.0102;32.668;0.2303;0.0051;0.0005;0.2243;0.0004;31.742;0.7182;0.064;30.781;0.0459;21.889;17.643;6.8125;0.4479;0.259;3.7259;0.1331;3.5371;0;1;0;0;0.9629;0.949;1;1;0.9582;0.132;0.9676;0.9901;1;0.9673;0.8185;0.993;0.993;1;0.993;0.993;0.9118;0.9204;0.1073;0.0987;0.0983;0.0006;0.011;-0.002;0.0006;0.0022;0.0006;0;0;0.088;-0.0087;0;0;0;0;0;0;0;0;0;0;0;0;0.0018;0.0001;0.0834;0.0834;0;19.413;19.413;1.5729;0.0498;82.34;1012.8;1;0.004;0.004;0;0;0;0;0;0;0.0793;-0.0087;0;15.895;18.406;-1.6496;-1.9102;95.148;95.148;0.832;0.7033;-0.073;0.1288;0.7762;0.1548;0.933;0;21.887;0;0
21/03/21 08:00;28.585;-66.799;20.239;30.661;59.339;-90;-59.339;199.7;184.9;14.805;18.98;12.72;0;29.032;136.45;8.1549;0;9.297;182.94;0;182.94;29.032;8.1549;136.45;9.297;0.1587;0.7967;0;0.0508;157.46;25.48;0;0;16.823;8.6568;152.11;4.245;0.0202;0.0057;4.1804;0.0388;156.36;1.1022;0.2032;0.0571;0.8374;0.0045;155.91;28.808;8.0921;114.61;0.5969;121.61;98.02;43.045;21.929;2.365;34.02;3.802;14.456;0;1;0;0;0.9161;0.8607;1;1;0.8767;0.0689;0.9729;0.9993;1;0.9648;0.939;0.993;0.993;1;0.993;0.993;0.8315;0.8399;0.0642;0.5206;0.5142;0.0031;0.0171;0.0027;0.0034;0.0122;0.0062;0;0;0.088;0.362;0;0;0;0;0;0;0;0;0;0;0;0;0.0098;0.0008;0.4588;0.4588;0;26.459;26.459;7.4796;0.0492;437.78;1048;1;0.0088;0.0088;0;0;0;0;0;0;0.45;0.362;0;16.573;19.191;13.076;15.142;98.082;98.082;4.3905;3.8691;3.0528;0.5214;0.8163;0.1187;0.1859;0.6953;117.91;0.6103;0
21/03/21 09:00;39.261;-54.049;27.037;45.276;44.724;-90;-44.724;356.7;283.3;73.402;21.56;13.26;0;103.31;221.87;33.616;0;9.81;368.6;0;368.6;103.31;33.616;221.87;9.81;0.2803;0.6285;0;0.0266;341.41;27.193;0;0;18.145;9.0483;332.25;6.7696;0.0958;0.0312;6.596;0.0466;339.02;2.3899;0.7232;0.2353;1.426;0.0053;335.67;102.49;33.35;195.7;0.7097;205.81;165.89;67.463;13.267;2.8026;40.314;3.4258;29.85;0;1;0;0;1.0334;0.9262;1;1;0.9182;0.0776;0.98;0.9991;1;0.9674;0.9384;0.993;0.993;1;0.993;0.993;0.9014;0.8821;0.0723;1.049;1.0411;0.0063;0.0116;0.0481;0.0068;0.0242;0.0072;0;0;0.088;0.812;0;0;0;0;0;0;0;0;0;0;0;0;0.0195;0.0029;0.9146;0.9146;0;37.953;37.953;16.394;0.0493;893.2;1023.9;1;0.0146;0.0146;0;0;0;0;0;0;0.9;0.812;0;16.395;18.986;14.557;16.857;98.408;98.408;8.8464;7.7126;6.8477;1.1338;0.8649;0.1282;0.0978;0.7741;164.71;0.7155;0
21/03/21 10:00;48.058;-37.165;32.184;61.505;28.495;-90;-28.495;510.11;324.2;185.9;22.98;13.08;0;211.53;249.23;67.017;0;5.8704;533.65;0;533.65;211.53;67.017;249.23;5.8704;0.3964;0.478;0;0.011;518.41;15.24;0;0;10.155;5.0844;506.22;8.5631;0.4859;0.1539;7.7795;0.1437;514.78;3.6289;1.4807;0.4691;1.6736;0.0055;507.95;209.56;66.394;229.63;0.6368;293.12;236.26;91.367;3.1572;3.2751;47.111;1.7279;47.229;0;1;0;0;1.0462;0.9714;1;1;0.9593;0.1339;0.9834;0.9977;1;0.9672;0.8158;0.993;0.993;1;0.993;0.993;0.9486;0.9213;0.1085;1.5187;1.5476;0.0093;0.0045;0.1267;0.0098;0.0349;0.0081;0;0;0.088;1.2121;0;0;0;0;0;0;0;0;0;0;0;0;0.0281;0.0059;1.3201;1.3201;0;48.109;48.109;25.129;0.0496;1330.4;992.24;1;0.02;0.02;0;0;0;0;0;0;1.3001;1.2121;0;16.347;18.929;15.009;17.38;98.482;98.482;12.808;11.133;10.222;1.6748;0.9112;0.1308;0.0711;0.7981;162.61;0.7486;0
21/03/21 11:00;53.494;-14.927;35.088;79.206;10.794;-90;-10.794;399.99;354.8;45.189;22.46;12.9;0;46.003;337.29;14.76;0;0.6723;398.73;0;398.73;46.003;14.76;337.29;0.6723;0.1154;0.8476;0;0.0017;395.41;3.3195;0;0;2.7614;0.5581;378.96;13.684;0.1833;0.0588;13.416;0.0254;392.64;2.7679;0.322;0.1033;2.3417;0.0008;379.08;45.497;14.598;318.77;0.0879;237.35;191.3;71.037;0.1311;2.6856;38.632;0.126;41.186;0;1;0;0;0.9968;0.9917;1;1;0.9918;0.1698;0.9651;0.996;1;0.9596;0.7755;0.993;0.993;1;0.993;0.993;0.9504;0.9451;0.1307;1.1347;1.162;0.007;0.0099;0.067;0.0075;0.0268;0.0068;0;0;0.088;0.908;0;0;0;0;0;0;0;0;0;0;0;0;0.0216;0.0035;1.0119;1.0119;0;41.193;41.193;18.733;0.0494;998.24;1013.7;1;0.0159;0.0159;0;0;0;0;0;0;0.996;0.908;0;16.769;19.419;15.048;17.425;98.433;98.433;9.5695;8.5333;7.6574;1.0362;0.8759;0.1083;0.0915;0.8002;202.59;0.7461;0
21/03/21 12:00;53.968;10.554;35.33;82.412;7.5884;90;7.5884;77.298;76.797;0.5019;19.14;12.66;0;0.5063;76.426;0.035;0;0.0643;77.031;0;77.031;0.5063;0.035;76.426;0.0643;0.0066;0.993;0;0.0008;76.627;0.404;0;0;0.3505;0.0535;72.892;3.199;0.0021;0.0001;3.1943;0.0024;76.091;0.5364;0.0035;0.0002;0.5325;0.0001;72.901;0.5007;0.0346;72.348;0.0083;45.888;36.986;13.616;0.0072;0.5257;7.5626;0.0086;8.0812;0;1;0;0;0.9965;0.9948;1;1;0.9954;0.1674;0.958;0.9958;1;0.9577;0.7755;0.993;0.993;1;0.993;0.993;0.9463;0.9466;0.1289;0.2192;0.2237;0.0013;0.0153;-0.0019;0.0015;0.0052;0.0013;0;0;0.088;0.1024;0;0;0;0;0;0;0;0;0;0;0;0;0.0042;0.0002;0.1965;0.1965;0;22.74;22.74;3.5997;0.0494;190;1034.3;1;0.0062;0.0062;0;0;0;0;0;0;0.1904;0.1024;0;16.859;19.522;8.7802;10.167;96.859;96.859;1.8488;1.6573;0.8632;0.1914;0.7942;0.1035;0.4296;0.4669;45.573;0.4349;0
21/03/21 13:00;49.304;33.657;32.87;64.516;25.484;90;25.484;292.1;281.5;10.604;18.76;12.14;0;11.747;265.08;3.1702;0;2.6998;282.7;0;282.7;11.747;3.1702;265.08;2.6998;0.0416;0.9472;0;0.0096;271.32;11.377;0;0;9.0613;2.3157;260.86;8.5638;0.0317;0.0085;8.4466;0.077;269.42;1.8992;0.0822;0.0222;1.7921;0.0027;261.65;11.633;3.1395;245.78;0.3044;177.04;142.69;54.4;2.2696;2.0525;29.524;0.7944;29.307;0;1;0;0;0.9678;0.9598;1;1;0.9658;0.1423;0.9682;0.9973;1;0.9668;0.7982;0.993;0.993;1;0.993;0.993;0.9227;0.9272;0.1128;0.8045;0.8077;0.0049;0.0147;0.019;0.0054;0.0191;0.0053;0;0;0.088;0.6221;0;0;0;0;0;0;0;0;0;0;0;0;0.0154;0.0018;0.7221;0.7221;0;31.585;31.585;12.825;0.0492;691.14;1044.9;1;0.0121;0.0121;0;0;0;0;0;0;0.7101;0.6221;0;16.88;19.547;14.54;16.838;98.327;98.327;6.7847;6.0899;5.2459;0.6948;0.844;0.1024;0.1244;0.7732;169.69;0.7171;0
21/03/21 14:00;40.973;51.439;28.076;48.001;41.999;90;41.999;106.21;105.1;1.1088;18.76;11.64;0;1.492;91.491;0.1738;0;2.5915;95.748;0;95.748;1.492;0.1738;91.491;2.5915;0.0156;0.9826;0;0.0271;86.512;9.2368;0;0;6.8478;2.389;83.162;2.7442;0.0014;0.0002;2.7267;0.0159;85.906;0.6056;0.0104;0.0012;0.5925;0.0014;84.121;1.4801;0.1724;81.324;0.1851;66.846;53.878;22.061;4.4064;0.9069;13.045;0.9594;9.5457;0;1;0;0;0.9015;0.9035;1;1;0.9252;0.0781;0.9681;0.999;1;0.9676;0.9208;0.993;0.993;1;0.993;0.993;0.8685;0.8889;0.0714;0.2725;0.2668;0.0016;0.0161;-0.0021;0.0018;0.0062;0.0023;0;0;0.088;0.141;0;0;0;0;0;0;0;0;0;0;0;0;0.005;0.0003;0.2356;0.2356;0;22.862;22.862;4.1014;0.0493;226.62;1039.4;1;0.0065;0.0065;0;0;0;0;0;0;0.229;0.141;0;16.257;18.825;9.7344;11.272;97.238;97.238;2.298;1.9865;1.1895;0.3115;0.797;0.1356;0.3468;0.5176;66.292;0.4697;0
21/03/21 15:00;30.547;64.785;21.524;33.117;56.883;90;56.883;101.6;100.3;1.3015;19.1;10.94;0;2.3822;77.403;0.3417;0;4.3786;84.506;0;84.506;2.3822;0.3417;77.403;4.3786;0.0282;0.9678;0;0.0518;71.398;13.108;0;0;9.0064;4.1015;68.536;2.362;0.0018;0.0003;2.3458;0.0142;70.898;0.4998;0.0167;0.0024;0.4788;0.0019;70.393;2.3638;0.3391;65.572;0.2611;65.38;52.696;22.991;10.703;1.2106;17.414;1.8566;7.9223;0;1;0;0;0.8318;0.8449;1;1;0.8836;0.0633;0.9667;0.9993;1;0.9655;0.9486;0.993;0.993;1;0.993;0.993;0.811;0.8472;0.0596;0.2405;0.2363;0.0014;0.0156;-0.0022;0.0016;0.0055;0.0031;0;0;0.088;0.1124;0;0;0;0;0;0;0;0;0;0;0;0;0.0044;0.0003;0.2066;0.2066;0;22.486;22.486;3.3862;0.0494;199.96;1033.4;1;0.0062;0.0062;0;0;0;0;0;0;0.2004;0.1124;0;16.159;18.712;8.7901;10.179;96.982;96.982;2.0281;1.7427;0.948;0.2855;0.7947;0.1407;0.3918;0.4674;65.009;0.4049;0
21/03/21 16:00;19.017;75.385;37.788;19.605;34.862;90;34.862;110.51;108.3;2.2068;19.8;9.8701;0;5.3522;98.097;1.293;0;1.8841;106.63;0;106.63;5.3522;1.293;98.097;1.8841;0.0502;0.9377;0;0.0177;99.417;7.2097;0;0;5.5194;1.6903;95.687;3.0337;0.0297;0.0072;2.9695;0.0274;98.721;0.6959;0.0375;0.0091;0.648;0.0014;96.316;5.285;1.2768;88.96;0.165;67.015;54.014;21.375;2.4934;0.8323;11.973;0.6293;10.312;0;1;0;0;0.9649;0.9324;1;1;0.9437;0.1028;0.9693;0.9944;1;0.9677;0.8577;0.993;0.993;1;0.993;0.993;0.8974;0.9069;0.0876;0.3034;0.2995;0.0018;0.0165;-0.0005;0.002;0.007;0.0021;0;0;0.088;0.17;0;0;0;0;0;0;0;0;0;0;0;0;0.0056;0.0004;0.2647;0.2647;0;24.519;24.519;4.7187;0.0493;254.94;1038.1;1;0.0067;0.0067;0;0;0;0;0;0;0.258;0.17;0;16.402;18.993;10.533;12.197;97.468;97.468;2.559;2.2319;1.4333;0.3271;0.7986;0.1278;0.3121;0.5601;67.002;0.5167;0
21/03/21 17:00;6.9473;84.544;72.941;6.9786;10.159;90;10.159;8.6929;8.6929;0;19.9;8.82;0;0;8.6248;0;0;0.0129;8.6377;0;8.6377;0;0;8.6248;0.0129;0;1;0;0.0015;8.5629;0.0748;0;0;0.0641;0.0108;8.1558;0.3471;0;0;0.3466;0.0005;8.5029;0.0599;0;0;0.0599;0;8.1581;0;0;8.1541;0.0017;5.172;4.1686;1.5323;0.0027;0.0595;0.8563;0.0023;0.9132;0;1;0;0;0.9937;0.9913;1;1;0.9926;0.1679;0.9592;1;1;0.9592;0.7749;0.993;1;1;0.993;0.993;0.9442;0.9454;0.1292;0.0246;0.0251;0.0002;0.0055;-0.0004;0.0001;0.0005;0.0001;0;0;0.088;-0.0717;0;0;0;0;0;0;0;0;0;0;0;0;0.0004;0;0.0187;0.0187;0;20.316;20.316;0.4164;0.0511;19.748;944.91;1;0.0023;0.0023;0;0;0;0;0;0;0.0163;-0.0717;0;14.275;16.53;-54.834;-63.496;87.479;87.479;0.2073;0.1574;-0.6045;0.0499;0.7618;0.2409;3.6749;0;5.172;0;0
21/03/21 18:00;0.416;89.175;88.991;0.4161;0.5931;90;0.5931;0;0;0;19.58;8.49;0;0;0;0;0;0;0;0;0;0;0;0;0;1;1;1;1;0;0;0;0;0;0;0;0;0;0;0;0;0;0;0;0;0;0;0;0;0;0;0;0;0;0;0;0;0;0;0;0;0;0;0;1;1;1;1;1;1;1;1;1;1;1;1;1;1;1;1;1;1;1;0;0;0;0;0;0;0;0;0;0.0004;0.088;-0.0884;0;0;0;0;0;0;0;0;0;0;0;0;0;0;0;0;0;0;0;-19.58;0;0;0;0;0.0004;0;0;0;0;0;0;0;-0.0004;-0.0884;0;0;0;0;0;0;0;0;0;-0.7452;0;0.7452;1;1;0;0;0;0
21/03/21 19:00;0;0;90;0;0;90;0;0;0;0;19.3;8.3501;0;0;0;0;0;0;0;0;0;0;0;0;0;1;1;1;1;0;0;0;0;0;0;0;0;0;0;0;0;0;0;0;0;0;0;0;0;0;0;0;0;0;0;0;0;0;0;0;0;0;0;0;1;1;1;1;1;1;1;1;1;1;1;1;1;1;1;1;1;1;1;0;0;0;0;0;0;0;0;0;0.0004;0.088;-0.0884;0;0;0;0;0;0;0;0;0;0;0;0;0;0;0;0;0;0;0;-19.3;0;0;0;0;0.0004;0;0;0;0;0;0;0;-0.0004;-0.0884;0;0;0;0;0;0;0;0;0;-0.7452;0;0.7452;1;1;0;0;0;0
21/03/21 20:00;0;0;90;0;0;90;0;0;0;0;19.2;8.15;0;0;0;0;0;0;0;0;0;0;0;0;0;1;1;1;1;0;0;0;0;0;0;0;0;0;0;0;0;0;0;0;0;0;0;0;0;0;0;0;0;0;0;0;0;0;0;0;0;0;0;0;1;1;1;1;1;1;1;1;1;1;1;1;1;1;1;1;1;1;1;0;0;0;0;0;0;0;0;0;0.0004;0.088;-0.0884;0;0;0;0;0;0;0;0;0;0;0;0;0;0;0;0;0;0;0;-19.2;0;0;0;0;0.0004;0;0;0;0;0;0;0;-0.0004;-0.0884;0;0;0;0;0;0;0;0;0;-0.7452;0;0.7452;1;1;0;0;0;0
21/03/21 21:00;0;0;90;0;0;90;0;0;0;0;19;7.85;0;0;0;0;0;0;0;0;0;0;0;0;0;1;1;1;1;0;0;0;0;0;0;0;0;0;0;0;0;0;0;0;0;0;0;0;0;0;0;0;0;0;0;0;0;0;0;0;0;0;0;0;1;1;1;1;1;1;1;1;1;1;1;1;1;1;1;1;1;1;1;0;0;0;0;0;0;0;0;0;0.0004;0.088;-0.0884;0;0;0;0;0;0;0;0;0;0;0;0;0;0;0;0;0;0;0;-19;0;0;0;0;0.0004;0;0;0;0;0;0;0;-0.0004;-0.0884;0;0;0;0;0;0;0;0;0;-0.7452;0;0.7452;1;1;0;0;0;0
21/03/21 22:00;0;0;90;0;0;90;0;0;0;0;18.8;7.68;0;0;0;0;0;0;0;0;0;0;0;0;0;1;1;1;1;0;0;0;0;0;0;0;0;0;0;0;0;0;0;0;0;0;0;0;0;0;0;0;0;0;0;0;0;0;0;0;0;0;0;0;1;1;1;1;1;1;1;1;1;1;1;1;1;1;1;1;1;1;1;0;0;0;0;0;0;0;0;0;0.0004;0.088;-0.0884;0;0;0;0;0;0;0;0;0;0;0;0;0;0;0;0;0;0;0;-18.8;0;0;0;0;0.0004;0;0;0;0;0;0;0;-0.0004;-0.0884;0;0;0;0;0;0;0;0;0;-0.7452;0;0.7452;1;1;0;0;0;0
21/03/21 23:00;0;0;90;0;0;90;0;0;0;0;18.5;7.7101;0;0;0;0;0;0;0;0;0;0;0;0;0;1;1;1;1;0;0;0;0;0;0;0;0;0;0;0;0;0;0;0;0;0;0;0;0;0;0;0;0;0;0;0;0;0;0;0;0;0;0;0;1;1;1;1;1;1;1;1;1;1;1;1;1;1;1;1;1;1;1;0;0;0;0;0;0;0;0;0;0.0004;0.088;-0.0884;0;0;0;0;0;0;0;0;0;0;0;0;0;0;0;0;0;0;0;-18.5;0;0;0;0;0.0004;0;0;0;0;0;0;0;-0.0004;-0.0884;0;0;0;0;0;0;0;0;0;-0.7452;0;0.7452;1;1;0;0;0;0
22/03/21 00:00;0;0;90;0;0;90;0;0;0;0;18.52;7.6301;0;0;0;0;0;0;0;0;0;0;0;0;0;1;1;1;1;0;0;0;0;0;0;0;0;0;0;0;0;0;0;0;0;0;0;0;0;0;0;0;0;0;0;0;0;0;0;0;0;0;0;0;1;1;1;1;1;1;1;1;1;1;1;1;1;1;1;1;1;1;1;0;0;0;0;0;0;0;0;0;0.0004;0.088;-0.0884;0;0;0;0;0;0;0;0;0;0;0;0;0;0;0;0;0;0;0;-18.52;0;0;0;0;0.0004;0;0;0;0;0;0;0;-0.0004;-0.0884;0;0;0;0;0;0;0;0;0;-0.7452;0;0.7452;1;1;0;0;0;0
22/03/21 01:00;0;0;90;0;0;90;0;0;0;0;18.84;7.43;0;0;0;0;0;0;0;0;0;0;0;0;0;1;1;1;1;0;0;0;0;0;0;0;0;0;0;0;0;0;0;0;0;0;0;0;0;0;0;0;0;0;0;0;0;0;0;0;0;0;0;0;1;1;1;1;1;1;1;1;1;1;1;1;1;1;1;1;1;1;1;0;0;0;0;0;0;0;0;0;0.0004;0.088;-0.0884;0;0;0;0;0;0;0;0;0;0;0;0;0;0;0;0;0;0;0;-18.84;0;0;0;0;0.0004;0;0;0;0;0;0;0;-0.0004;-0.0884;0;0;0;0;0;0;0;0;0;-0.7452;0;0.7452;1;1;0;0;0;0
22/03/21 02:00;0;0;90;0;0;90;0;0;0;0;18.9;7.14;0;0;0;0;0;0;0;0;0;0;0;0;0;1;1;1;1;0;0;0;0;0;0;0;0;0;0;0;0;0;0;0;0;0;0;0;0;0;0;0;0;0;0;0;0;0;0;0;0;0;0;0;1;1;1;1;1;1;1;1;1;1;1;1;1;1;1;1;1;1;1;0;0;0;0;0;0;0;0;0;0.0004;0.088;-0.0884;0;0;0;0;0;0;0;0;0;0;0;0;0;0;0;0;0;0;0;-18.9;0;0;0;0;0.0004;0;0;0;0;0;0;0;-0.0004;-0.0884;0;0;0;0;0;0;0;0;0;-0.7452;0;0.7452;1;1;0;0;0;0
22/03/21 03:00;0;0;90;0;0;90;0;0;0;0;18.8;6.88;0;0;0;0;0;0;0;0;0;0;0;0;0;1;1;1;1;0;0;0;0;0;0;0;0;0;0;0;0;0;0;0;0;0;0;0;0;0;0;0;0;0;0;0;0;0;0;0;0;0;0;0;1;1;1;1;1;1;1;1;1;1;1;1;1;1;1;1;1;1;1;0;0;0;0;0;0;0;0;0;0.0004;0.088;-0.0884;0;0;0;0;0;0;0;0;0;0;0;0;0;0;0;0;0;0;0;-18.8;0;0;0;0;0.0004;0;0;0;0;0;0;0;-0.0004;-0.0884;0;0;0;0;0;0;0;0;0;-0.7452;0;0.7452;1;1;0;0;0;0
22/03/21 04:00;0;0;90;0;0;90;0;0;0;0;17.42;6.7501;0;0;0;0;0;0;0;0;0;0;0;0;0;1;1;1;1;0;0;0;0;0;0;0;0;0;0;0;0;0;0;0;0;0;0;0;0;0;0;0;0;0;0;0;0;0;0;0;0;0;0;0;1;1;1;1;1;1;1;1;1;1;1;1;1;1;1;1;1;1;1;0;0;0;0;0;0;0;0;0;0.0004;0.088;-0.0884;0;0;0;0;0;0;0;0;0;0;0;0;0;0;0;0;0;0;0;-17.42;0;0;0;0;0.0004;0;0;0;0;0;0;0;-0.0004;-0.0884;0;0;0;0;0;0;0;0;0;-0.7452;0;0.7452;1;1;0;0;0;0
22/03/21 05:00;0;0;90;0;0;90;0;0;0;0;16.77;6.9;0;0;0;0;0;0;0;0;0;0;0;0;0;1;1;1;1;0;0;0;0;0;0;0;0;0;0;0;0;0;0;0;0;0;0;0;0;0;0;0;0;0;0;0;0;0;0;0;0;0;0;0;1;1;1;1;1;1;1;1;1;1;1;1;1;1;1;1;1;1;1;0;0;0;0;0;0;0;0;0;0.0004;0.088;-0.0884;0;0;0;0;0;0;0;0;0;0;0;0;0;0;0;0;0;0;0;-16.77;0;0;0;0;0.0004;0;0;0;0;0;0;0;-0.0004;-0.0884;0;0;0;0;0;0;0;0;0;-0.7452;0;0.7452;1;1;0;0;0;0
22/03/21 06:00;5.4545;-85.125;76.671;5.4742;7.9033;-90;-7.9033;5.3915;5.3915;0;16.7;7.27;0;0;5.3659;0;0;0.0049;5.3708;5.3708;0;0;0;0;0;1;1;1;1;0;0;0;0;0;0;0;0;0;0;0;0;0;0;0;0;0;0;0;0;0;0;0;0;0;0;0;0;0;0;0;0;0;0;0;0;1;1;1;1;1;1;1;1;1;1;1;1;1;0;0;1;0;0;0;0;0;0;0;0;0;0;0;0.0004;0.088;-0.0884;0;0;0;0;0;0;0;0;0;0;0;0;0;0;0;0;0;0;0;-16.7;0;0;0;0;0.0004;0;0;0;0;0;0;0;-0.0004;-0.0884;0;0;0;0;0;0;0;0;0;-0.7452;0;0.7452;1;1;0;0;0;0
22/03/21 07:00;16.752;-76.686;45.65;17.188;28.594;-90;-28.594;17.405;17.302;0.1035;17;7.68;0;0.251;16.243;0.011;0;0.2017;16.706;0;16.706;0.251;0.011;16.243;0.2017;0.015;0.9843;0;0.0121;15.866;0.8402;0;0;0.6655;0.1747;15.241;0.5142;0.0025;0.0001;0.5067;0.0049;15.755;0.1111;0.0018;0.0001;0.109;0.0002;15.303;0.2467;0.0108;14.961;0.0218;10.605;8.5473;3.2957;0.2082;0.1252;1.8013;0.0626;1.7184;0;1;0;0;0.9598;0.9497;1;1;0.959;0.1335;0.9674;0.9898;1;0.9672;0.8164;0.993;0.993;1;0.993;0.993;0.9123;0.9211;0.1082;0.0475;0.0474;0.0003;0.0076;-0.0012;0.0003;0.001;0.0003;0;0;0.088;-0.0526;0;0;0;0;0;0;0;0;0;0;0;0;0.0008;0;0.0383;0.0383;0;17.766;17.766;0.7663;0.0503;38.778;986.69;1;0.0028;0.0028;0;0;0;0;0;0;0.0354;-0.0526;0;15.134;17.525;-20.798;-24.083;92.571;92.571;0.4009;0.3227;-0.4434;0.0783;0.7661;0.1952;1.9107;0;10.604;0;0
22/03/21 08:00;28.383;-66.403;20.621;30.525;59.475;-90;-59.475;67.707;66.998;0.7086;17.21;8.18;0;1.3952;50.459;0.143;0;3.1652;55.162;0;55.162;1.3952;0.143;50.459;3.1652;0.0253;0.9721;0;0.0574;45.974;9.1887;0;0;6.2417;2.947;44.091;1.5613;0.001;0.0001;1.5468;0.0134;45.652;0.3218;0.0098;0.001;0.3095;0.0015;45.461;1.3844;0.1419;42.361;0.2033;43.82;35.319;15.592;8.1756;0.8647;12.439;1.3704;5.1277;0;1;0;0;0.8147;0.8334;1;1;0.8763;0.0689;0.9658;0.9993;1;0.9648;0.9382;0.993;0.993;1;0.993;0.993;0.7993;0.8395;0.0642;0.157;0.155;0.0009;0.0134;-0.0032;0.001;0.0036;0.0022;0;0;0.088;0.0406;0;0;0;0;0;0;0;0;0;0;0;0;0.0029;0.0001;0.134;0.134;0;19.394;19.394;2.1842;0.0495;130.36;1028.2;1;0.0055;0.0055;0;0;0;0;0;0;0.1286;0.0406;0;16.056;18.593;4.8595;5.6271;95.921;95.921;1.3239;1.1303;0.3421;0.1936;0.7882;0.1462;0.5954;0.2584;43.67;0.2211;0
22/03/21 09:00;39.017;-53.638;27.429;45.177;44.823;-90;-44.823;84.409;83.602;0.8072;17.54;8.71;0;1.1381;71.383;0.1099;0;2.3312;74.962;0;74.962;1.1381;0.1099;71.383;2.3312;0.0152;0.9834;0;0.0311;66.955;8.0074;0;0;5.8568;2.1506;64.352;2.1342;0.0011;0.0001;2.1221;0.011;66.486;0.4687;0.008;0.0008;0.4587;0.0013;65.244;1.129;0.109;62.945;0.1684;53.414;43.052;17.822;4.3009;0.7628;10.972;0.8923;7.434;0;1;0;0;0.8881;0.8932;1;1;0.918;0.0775;0.9679;0.9991;1;0.9674;0.9389;0.993;0.993;1;0.993;0.993;0.8585;0.8818;0.0722;0.2133;0.2086;0.0013;0.015;-0.0033;0.0014;0.0049;0.002;0;0;0.088;0.0893;0;0;0;0;0;0;0;0;0;0;0;0;0.0039;0.0002;0.1834;0.1834;0;20.717;20.717;3.177;0.0494;176.68;1038;1;0.0061;0.0061;0;0;0;0;0;0;0.1773;0.0893;0;16.166;18.72;7.87;9.1133;96.665;96.665;1.7991;1.5466;0.7529;0.2525;0.7937;0.1403;0.4412;0.4185;53.041;0.3772;0
22/03/21 10:00;47.753;-36.773;32.585;61.466;28.534;-90;-28.534;141.39;139.6;1.7938;18.01;9.3001;0;2.0418;130.89;0.28;0;1.6315;134.84;0;134.84;2.0418;0.28;130.89;1.6315;0.0151;0.9828;0;0.0121;128.08;6.7582;0;0;5.3448;1.4133;123.06;4.1302;0.0052;0.0007;4.0845;0.0399;127.19;0.8966;0.0143;0.002;0.8788;0.0015;123.56;2.0224;0.2774;120.58;0.1768;86.505;69.723;27.054;1.6657;1.0084;14.505;0.5015;13.848;0;1;0;0;0.9537;0.9499;1;1;0.9592;0.1337;0.9675;0.9975;1;0.9672;0.8161;0.993;0.993;1;0.993;0.993;0.9126;0.9212;0.1084;0.3837;0.3826;0.0023;0.0171;-0.0013;0.0026;0.009;0.0026;0;0;0.088;0.2468;0;0;0;0;0;0;0;0;0;0;0;0;0.0073;0.0005;0.3424;0.3424;0;24.061;24.061;6.0508;0.0492;326.15;1049.8;1;0.0076;0.0076;0;0;0;0;0;0;0.3348;0.2468;0;16.779;19.43;12.095;14.006;97.785;97.785;3.2362;2.8874;2.0814;0.3488;0.8061;0.1078;0.2491;0.6432;85.418;0.5952;0
22/03/21 11:00;53.124;-14.661;35.489;79.25;10.75;-90;-10.75;187.59;184.7;2.8929;18.74;9.74;0;2.9446;182.6;0.4945;0;0.3128;186.35;0;186.35;2.9446;0.4945;182.6;0.3128;0.0158;0.9815;0;0.0017;184.6;1.7445;0;0;1.4848;0.2597;176.02;7.2946;0.0124;0.0021;7.2683;0.0118;183.31;1.2922;0.0206;0.0035;1.2678;0.0004;176.07;2.9116;0.4889;172.57;0.0409;111.63;89.974;33.442;0.0699;1.2616;18.147;0.0567;19.339;0;1;0;0;0.9934;0.9906;1;1;0.9919;0.1698;0.9602;0.9958;1;0.9596;0.7755;0.993;0.993;1;0.993;0.993;0.9446;0.9451;0.1307;0.5303;0.5401;0.0033;0.017;0.0047;0.0036;0.0128;0.0033;0;0;0.088;0.3872;0;0;0;0;0;0;0;0;0;0;0;0;0.0103;0.0009;0.4843;0.4843;0;27.39;27.39;8.6507;0.0491;461.43;1049.5;1;0.0091;0.0091;0;0;0;0;0;0;0.4752;0.3872;0;17.172;19.885;13.73;15.899;98.125;98.125;4.4723;4.0839;3.2652;0.3885;0.8187;0.0869;0.1831;0.7301;109.66;0.6805;0
22/03/21 12:00;53.566;10.584;35.717;82.278;7.7216;90;7.7216;168.9;166.6;2.2983;18.9;10;0;2.3193;165.5;0.3493;0;0.1455;168.31;0;168.31;2.3193;0.3493;165.5;0.1455;0.0138;0.9841;0;0.0009;167.41;0.902;0;0;0.7809;0.1211;159.32;6.9212;0.0101;0.0015;6.9042;0.0054;166.24;1.1719;0.0162;0.0024;1.153;0.0002;159.34;2.293;0.3453;156.66;0.0188;100.26;80.812;29.906;0.0168;1.1386;16.379;0.0197;17.501;0;1;0;0;0.9965;0.9946;1;1;0.9953;0.1675;0.9584;0.9956;1;0.9578;0.7755;0.993;0.993;1;0.993;0.993;0.9466;0.9466;0.1289;0.479;0.4887;0.0029;0.0172;0.0031;0.0033;0.0116;0.003;0;0;0.088;0.341;0;0;0;0;0;0;0;0;0;0;0;0;0.0093;0.0008;0.4376;0.4376;0;26.732;26.732;7.8325;0.0492;417.35;1048.5;1;0.0086;0.0086;0;0;0;0;0;0;0.429;0.341;0;17.18;19.895;13.389;15.504;98.04;98.04;4.0395;3.6904;2.8759;0.3491;0.8145;0.0864;0.2016;0.712;98.713;0.6636;0
22/03/21 13:00;48.917;33.491;33.233;64.309;25.691;90;25.691;144.4;142.6;1.8021;18.56;9.5501;0;1.9998;135.31;0.2752;0;1.3561;138.94;0;138.94;1.9998;0.2752;135.31;1.3561;0.0144;0.9836;0;0.0098;133.09;5.8503;0;0;4.686;1.1643;127.81;4.3497;0.0058;0.0008;4.3048;0.0383;132.16;0.9317;0.014;0.0019;0.9144;0.0013;128.21;1.98;0.2724;125.41;0.1522;87.847;70.805;27.187;1.1922;1.0102;14.531;0.3965;14.349;0;1;0;0;0.9622;0.9579;1;1;0.9654;0.1414;0.9671;0.9971;1;0.9668;0.7991;0.993;0.993;1;0.993;0.993;0.9199;0.9268;0.1122;0.3954;0.3959;0.0024;0.0172;-0.0002;0.0026;0.0093;0.0026;0;0;0.088;0.2582;0;0;0;0;0;0;0;0;0;0;0;0;0.0075;0.0006;0.3539;0.3539;0;24.847;24.847;6.2866;0.0492;337.67;1048;1;0.0077;0.0077;0;0;0;0;0;0;0.3462;0.2582;0;16.83;19.489;12.279;14.219;97.828;97.828;3.3347;2.9843;2.1774;0.3504;0.8069;0.1051;0.242;0.6529;86.73;0.6055;0
22/03/21 14:00;40.619;51.185;28.41;47.746;42.254;90;42.254;125.49;124;1.4914;18.1;8.7501;0;2.0149;107.71;0.2791;0;3.0975;113.1;0;113.1;2.0149;0.2791;107.71;3.0975;0.0178;0.9797;0;0.0274;102.11;10.991;0;0;8.1336;2.8572;98.166;3.2296;0.002;0.0003;3.2088;0.0185;101.4;0.7148;0.0141;0.002;0.697;0.0017;99.314;1.9988;0.2769;95.671;0.2201;78.973;63.652;26.104;5.2965;1.0746;15.458;1.148;11.236;0;1;0;0;0.9013;0.9028;1;1;0.9245;0.0776;0.9681;0.999;1;0.9675;0.9224;0.993;0.993;1;0.993;0.993;0.8679;0.8882;0.0711;0.3219;0.3151;0.0019;0.0167;-0.0024;0.0021;0.0074;0.0028;0;0;0.088;0.1854;0;0;0;0;0;0;0;0;0;0;0;0;0.006;0.0004;0.2802;0.2802;0;22.933;22.933;4.8332;0.0492;267.99;1045.7;1;0.0069;0.0069;0;0;0;0;0;0;0.2734;0.1854;0;16.373;18.96;10.829;12.54;97.541;97.541;2.7144;2.3633;1.5631;0.3511;0.8002;0.1293;0.2948;0.5759;78.217;0.5224;0
22/03/21 15:00;30.223;64.508;21.832;32.838;57.162;90;57.162;104;102.7;1.3028;17.7;8.32;0;2.4026;79.046;0.3565;0;4.5225;86.327;0;86.327;2.4026;0.3565;79.046;4.5225;0.0278;0.968;0;0.0524;72.828;13.499;0;0;9.263;4.236;69.903;2.4152;0.0018;0.0003;2.3981;0.015;72.318;0.5098;0.0168;0.0025;0.4885;0.002;71.825;2.384;0.3537;66.896;0.2695;66.961;53.971;23.576;11.121;1.2483;17.957;1.9218;8.0844;0;1;0;0;0.8301;0.8436;1;1;0.8828;0.0633;0.9666;0.9992;1;0.9654;0.9474;0.993;0.993;1;0.993;0.993;0.8097;0.8463;0.0596;0.2457;0.2415;0.0015;0.0157;-0.0034;0.0016;0.0057;0.0032;0;0;0.088;0.1181;0;0;0;0;0;0;0;0;0;0;0;0;0.0046;0.0003;0.2125;0.2125;0;21.149;21.149;3.4491;0.0493;204.34;1039.8;1;0.0063;0.0063;0;0;0;0;0;0;0.2061;0.1181;0;16.264;18.834;9.0428;10.471;97.014;97.014;2.0719;1.7919;0.9963;0.28;0.7956;0.1351;0.384;0.4809;66.597;0.4161;0
22/03/21 16:00;18.714;75.105;38.91;19.317;34.03;90;34.03;46.102;45.699;0.4029;17.88;7.94;0;0.977;41.747;0.1012;0;0.7501;43.576;0;43.576;0.977;0.1012;41.747;0.7501;0.0224;0.9753;0;0.0172;40.644;2.9318;0;0;2.2615;0.6703;39.074;1.2859;0.0061;0.0006;1.2674;0.0118;40.359;0.2845;0.0068;0.0007;0.2764;0.0006;39.325;0.9641;0.0999;37.942;0.0674;28.335;22.838;9.0048;0.9767;0.349;5.0202;0.2516;4.3925;0;1;0;0;0.9452;0.9327;1;1;0.9458;0.1063;0.9681;0.9938;1;0.9677;0.8508;0.993;0.993;1;0.993;0.993;0.8967;0.9088;0.0898;0.124;0.1226;0.0007;0.0122;-0.0023;0.0008;0.0028;0.0009;0;0;0.088;0.0126;0;0;0;0;0;0;0;0;0;0;0;0;0.0022;0.0001;0.1052;0.1052;0;19.82;19.82;1.9394;0.0496;103.12;1020.4;1;0.0047;0.0047;0;0;0;0;0;0;0.1006;0.0126;0;15.957;18.477;1.9065;2.2076;95.579;95.579;1.0458;0.8874;0.106;0.1584;0.7813;0.1515;0.7471;0.1014;28.333;0.0933;0
22/03/21 17:00;6.6542;84.266;73.678;6.6874;9.7178;90;9.7178;6.4073;6.3991;0.0082;17.64;7.61;0;0.02;6.3529;0.0008;0;0.0087;6.3824;6.3824;0;0.02;0;0;0;1;1;1;1;0;0;0;0;0;0;0;0;0;0;0;0;0;0;0;0;0;0;0;0;0;0;0;0;0;0;0;0;0;0;0;0;0;0;0;0;1;1;1;1;1;1;1;1;1;1;1;0;1;0;0;1;0;0;0;0;0;0;0;0;0;0;0;0.0004;0.088;-0.0884;0;0;0;0;0;0;0;0;0;0;0;0;0;0;0;0;0;0;0;-17.64;0;0;0;0;0.0004;0;0;0;0;0;0;0;-0.0004;-0.0884;0;0;0;0;0;0;0;0;0;-0.7452;0;0.7452;1;1;0;0;0;0
22/03/21 18:00;0.3292;88.753;89.202;0.3293;0.4694;90;0.4694;0;0;0;17.3;7.27;0;0;0;0;0;0;0;0;0;0;0;0;0;1;1;1;1;0;0;0;0;0;0;0;0;0;0;0;0;0;0;0;0;0;0;0;0;0;0;0;0;0;0;0;0;0;0;0;0;0;0;0;1;1;1;1;1;1;1;1;1;1;1;1;1;1;1;1;1;1;1;0;0;0;0;0;0;0;0;0;0.0004;0.088;-0.0884;0;0;0;0;0;0;0;0;0;0;0;0;0;0;0;0;0;0;0;-17.3;0;0;0;0;0.0004;0;0;0;0;0;0;0;-0.0004;-0.0884;0;0;0;0;0;0;0;0;0;-0.7452;0;0.7452;1;1;0;0;0;0
22/03/21 19:00;0;0;90;0;0;90;0;0;0;0;17.17;7.14;0;0;0;0;0;0;0;0;0;0;0;0;0;1;1;1;1;0;0;0;0;0;0;0;0;0;0;0;0;0;0;0;0;0;0;0;0;0;0;0;0;0;0;0;0;0;0;0;0;0;0;0;1;1;1;1;1;1;1;1;1;1;1;1;1;1;1;1;1;1;1;0;0;0;0;0;0;0;0;0;0.0004;0.088;-0.0884;0;0;0;0;0;0;0;0;0;0;0;0;0;0;0;0;0;0;0;-17.17;0;0;0;0;0.0004;0;0;0;0;0;0;0;-0.0004;-0.0884;0;0;0;0;0;0;0;0;0;-0.7452;0;0.7452;1;1;0;0;0;0
22/03/21 20:00;0;0;90;0;0;90;0;0;0;0;17.04;7.1699;0;0;0;0;0;0;0;0;0;0;0;0;0;1;1;1;1;0;0;0;0;0;0;0;0;0;0;0;0;0;0;0;0;0;0;0;0;0;0;0;0;0;0;0;0;0;0;0;0;0;0;0;1;1;1;1;1;1;1;1;1;1;1;1;1;1;1;1;1;1;1;0;0;0;0;0;0;0;0;0;0.0004;0.088;-0.0884;0;0;0;0;0;0;0;0;0;0;0;0;0;0;0;0;0;0;0;-17.04;0;0;0;0;0.0004;0;0;0;0;0;0;0;-0.0004;-0.0884;0;0;0;0;0;0;0;0;0;-0.7452;0;0.7452;1;1;0;0;0;0
22/03/21 21:00;0;0;90;0;0;90;0;0;0;0;16.94;7.1601;0;0;0;0;0;0;0;0;0;0;0;0;0;1;1;1;1;0;0;0;0;0;0;0;0;0;0;0;0;0;0;0;0;0;0;0;0;0;0;0;0;0;0;0;0;0;0;0;0;0;0;0;1;1;1;1;1;1;1;1;1;1;1;1;1;1;1;1;1;1;1;0;0;0;0;0;0;0;0;0;0.0004;0.088;-0.0884;0;0;0;0;0;0;0;0;0;0;0;0;0;0;0;0;0;0;0;-16.94;0;0;0;0;0.0004;0;0;0;0;0;0;0;-0.0004;-0.0884;0;0;0;0;0;0;0;0;0;-0.7452;0;0.7452;1;1;0;0;0;0
22/03/21 22:00;0;0;90;0;0;90;0;0;0;0;16.94;7.1501;0;0;0;0;0;0;0;0;0;0;0;0;0;1;1;1;1;0;0;0;0;0;0;0;0;0;0;0;0;0;0;0;0;0;0;0;0;0;0;0;0;0;0;0;0;0;0;0;0;0;0;0;1;1;1;1;1;1;1;1;1;1;1;1;1;1;1;1;1;1;1;0;0;0;0;0;0;0;0;0;0.0004;0.088;-0.0884;0;0;0;0;0;0;0;0;0;0;0;0;0;0;0;0;0;0;0;-16.94;0;0;0;0;0.0004;0;0;0;0;0;0;0;-0.0004;-0.0884;0;0;0;0;0;0;0;0;0;-0.7452;0;0.7452;1;1;0;0;0;0
22/03/21 23:00;0;0;90;0;0;90;0;0;0;0;16.95;7.19;0;0;0;0;0;0;0;0;0;0;0;0;0;1;1;1;1;0;0;0;0;0;0;0;0;0;0;0;0;0;0;0;0;0;0;0;0;0;0;0;0;0;0;0;0;0;0;0;0;0;0;0;1;1;1;1;1;1;1;1;1;1;1;1;1;1;1;1;1;1;1;0;0;0;0;0;0;0;0;0;0.0004;0.088;-0.0884;0;0;0;0;0;0;0;0;0;0;0;0;0;0;0;0;0;0;0;-16.95;0;0;0;0;0.0004;0;0;0;0;0;0;0;-0.0004;-0.0884;0;0;0;0;0;0;0;0;0;-0.7452;0;0.7452;1;1;0;0;0;0
23/03/21 00:00;0;0;90;0;0;90;0;0;0;0;16.8;7.2599;0;0;0;0;0;0;0;0;0;0;0;0;0;1;1;1;1;0;0;0;0;0;0;0;0;0;0;0;0;0;0;0;0;0;0;0;0;0;0;0;0;0;0;0;0;0;0;0;0;0;0;0;1;1;1;1;1;1;1;1;1;1;1;1;1;1;1;1;1;1;1;0;0;0;0;0;0;0;0;0;0.0004;0.088;-0.0884;0;0;0;0;0;0;0;0;0;0;0;0;0;0;0;0;0;0;0;-16.8;0;0;0;0;0.0004;0;0;0;0;0;0;0;-0.0004;-0.0884;0;0;0;0;0;0;0;0;0;-0.7452;0;0.7452;1;1;0;0;0;0
23/03/21 01:00;0;0;90;0;0;90;0;0;0;0;16.6;7.29;0;0;0;0;0;0;0;0;0;0;0;0;0;1;1;1;1;0;0;0;0;0;0;0;0;0;0;0;0;0;0;0;0;0;0;0;0;0;0;0;0;0;0;0;0;0;0;0;0;0;0;0;1;1;1;1;1;1;1;1;1;1;1;1;1;1;1;1;1;1;1;0;0;0;0;0;0;0;0;0;0.0004;0.088;-0.0884;0;0;0;0;0;0;0;0;0;0;0;0;0;0;0;0;0;0;0;-16.6;0;0;0;0;0.0004;0;0;0;0;0;0;0;-0.0004;-0.0884;0;0;0;0;0;0;0;0;0;-0.7452;0;0.7452;1;1;0;0;0;0
23/03/21 02:00;0;0;90;0;0;90;0;0;0;0;16.64;7.04;0;0;0;0;0;0;0;0;0;0;0;0;0;1;1;1;1;0;0;0;0;0;0;0;0;0;0;0;0;0;0;0;0;0;0;0;0;0;0;0;0;0;0;0;0;0;0;0;0;0;0;0;1;1;1;1;1;1;1;1;1;1;1;1;1;1;1;1;1;1;1;0;0;0;0;0;0;0;0;0;0.0004;0.088;-0.0884;0;0;0;0;0;0;0;0;0;0;0;0;0;0;0;0;0;0;0;-16.64;0;0;0;0;0.0004;0;0;0;0;0;0;0;-0.0004;-0.0884;0;0;0;0;0;0;0;0;0;-0.7452;0;0.7452;1;1;0;0;0;0
23/03/21 03:00;0;0;90;0;0;90;0;0;0;0;16.8;6.72;0;0;0;0;0;0;0;0;0;0;0;0;0;1;1;1;1;0;0;0;0;0;0;0;0;0;0;0;0;0;0;0;0;0;0;0;0;0;0;0;0;0;0;0;0;0;0;0;0;0;0;0;1;1;1;1;1;1;1;1;1;1;1;1;1;1;1;1;1;1;1;0;0;0;0;0;0;0;0;0;0.0004;0.088;-0.0884;0;0;0;0;0;0;0;0;0;0;0;0;0;0;0;0;0;0;0;-16.8;0;0;0;0;0.0004;0;0;0;0;0;0;0;-0.0004;-0.0884;0;0;0;0;0;0;0;0;0;-0.7452;0;0.7452;1;1;0;0;0;0
23/03/21 04:00;0;0;90;0;0;90;0;0;0;0;16.73;6.4599;0;0;0;0;0;0;0;0;0;0;0;0;0;1;1;1;1;0;0;0;0;0;0;0;0;0;0;0;0;0;0;0;0;0;0;0;0;0;0;0;0;0;0;0;0;0;0;0;0;0;0;0;1;1;1;1;1;1;1;1;1;1;1;1;1;1;1;1;1;1;1;0;0;0;0;0;0;0;0;0;0.0004;0.088;-0.0884;0;0;0;0;0;0;0;0;0;0;0;0;0;0;0;0;0;0;0;-16.73;0;0;0;0;0.0004;0;0;0;0;0;0;0;-0.0004;-0.0884;0;0;0;0;0;0;0;0;0;-0.7452;0;0.7452;1;1;0;0;0;0
23/03/21 05:00;0;0;90;0;0;90;0;0;0;0;16.9;5.85;0;0;0;0;0;0;0;0;0;0;0;0;0;1;1;1;1;0;0;0;0;0;0;0;0;0;0;0;0;0;0;0;0;0;0;0;0;0;0;0;0;0;0;0;0;0;0;0;0;0;0;0;1;1;1;1;1;1;1;1;1;1;1;1;1;1;1;1;1;1;1;0;0;0;0;0;0;0;0;0;0.0004;0.088;-0.0884;0;0;0;0;0;0;0;0;0;0;0;0;0;0;0;0;0;0;0;-16.9;0;0;0;0;0.0004;0;0;0;0;0;0;0;-0.0004;-0.0884;0;0;0;0;0;0;0;0;0;-0.7452;0;0.7452;1;1;0;0;0;0
23/03/21 06:00;5.2901;-84.757;77.079;5.3122;7.6636;-90;-7.6636;3.0083;3;0.0083;16.9;5.54;0;0.0201;2.9864;0.0005;0;0.0026;3.0096;3.0096;0;0.0201;0;0;0;1;1;1;1;0;0;0;0;0;0;0;0;0;0;0;0;0;0;0;0;0;0;0;0;0;0;0;0;0;0;0;0;0;0;0;0;0;0;0;0;1;1;1;1;1;1;1;1;1;1;1;0;1;0;0;1;0;0;0;0;0;0;0;0;0;0;0;0.0004;0.088;-0.0884;0;0;0;0;0;0;0;0;0;0;0;0;0;0;0;0;0;0;0;-16.9;0;0;0;0;0.0004;0;0;0;0;0;0;0;-0.0004;-0.0884;0;0;0;0;0;0;0;0;0;-0.7452;0;0.7452;1;1;0;0;0;0
23/03/21 07:00;16.576;-76.309;46.22;17.033;28.236;-90;-28.236;15.999;15.898;0.1008;16.9;5.61;0;0.2445;14.948;0.0099;0;0.1809;15.384;0;15.384;0.2445;0.0099;14.948;0.1809;0.0159;0.9835;0;0.0118;14.627;0.7567;0;0;0.6003;0.1564;14.05;0.4745;0.0026;0.0001;0.4674;0.0045;14.525;0.1024;0.0017;0.0001;0.1004;0.0002;14.106;0.2402;0.0097;13.78;0.0197;9.7367;7.8478;3.0218;0.1834;0.1147;1.6506;0.0558;1.5819;0;1;0;0;0.9615;0.9508;1;1;0.9598;0.135;0.9673;0.9895;1;0.9672;0.8144;0.993;0.993;1;0.993;0.993;0.9133;0.9219;0.1091;0.0438;0.0437;0.0003;0.0073;-0.0012;0.0003;0.0009;0.0003;0;0;0.088;-0.0558;0;0;0;0;0;0;0;0;0;0;0;0;0.0007;0;0.035;0.035;0;17.608;17.608;0.7074;0.0504;35.592;983.55;1;0.0028;0.0028;0;0;0;0;0;0;0.0322;-0.0558;0;15.037;17.413;-23.948;-27.732;92.118;92.118;0.3692;0.2952;-0.4702;0.074;0.7654;0.2004;2.0731;0;9.7362;0;0
23/03/21 08:00;28.181;-66.009;21.002;30.389;59.611;-90;-59.611;17.698;17.698;0;16.6;5.8001;0;0;13.326;0;0;0.8308;14.156;0;14.156;0;0;13.326;0.8308;0;1;0;0.0587;11.729;2.4273;0;0;1.6538;0.7735;11.235;0.4123;0;0;0.4088;0.0036;11.647;0.0821;0;0;0.0817;0.0004;11.599;0;0;11.181;0.0534;11.551;9.3103;4.1082;2.1768;0.2295;3.3009;0.3642;1.3535;0;1;0;0;0.7999;0.8285;1;1;0.8759;0.069;0.9646;1;1;0.9647;0.9374;0.993;1;1;0.993;0.993;0.7936;0.8391;0.0642;0.0403;0.0398;0.0002;0.007;-0.0011;0.0002;0.0008;0.0005;0;0;0.088;-0.0593;0;0;0;0;0;0;0;0;0;0;0;0;0.0007;0;0.0314;0.0314;0;17.168;17.168;0.5681;0.0506;32.139;976.57;1;0.0027;0.0027;0;0;0;0;0;0;0.0287;-0.0593;0;14.65;16.965;-27.669;-32.04;91.521;91.521;0.3398;0.2647;-0.4999;0.0751;0.7646;0.221;2.2503;0;11.551;0;0
23/03/21 09:00;38.771;-53.228;27.822;45.077;44.923;-90;-44.923;67.805;67.298;0.507;16.9;5.8901;0;0.716;57.44;0.056;0;1.8805;60.093;0;60.093;0.716;0.056;57.44;1.8805;0.0119;0.9872;0;0.0313;53.63;6.4633;0;0;4.7281;1.7351;51.537;1.717;0.0007;0.0001;1.7075;0.0088;53.254;0.3754;0.005;0.0004;0.369;0.001;52.259;0.7103;0.0556;50.636;0.1356;42.95;34.618;14.326;3.4874;0.6155;8.8534;0.7223;5.9815;0;1;0;0;0.8863;0.8924;1;1;0.9177;0.0773;0.9678;0.999;1;0.9674;0.9394;0.993;0.993;1;0.993;0.993;0.8576;0.8815;0.0721;0.171;0.1673;0.001;0.0138;-0.0034;0.0011;0.0039;0.0016;0;0;0.088;0.0522;0;0;0;0;0;0;0;0;0;0;0;0;0.0031;0.0002;0.146;0.146;0;19.449;19.449;2.5483;0.0494;141.22;1034.1;1;0.0058;0.0058;0;0;0;0;0;0;0.1402;0.0522;0;16.058;18.595;5.7428;6.65;96.024;96.024;1.4422;1.2315;0.4404;0.2107;0.7911;0.1461;0.5485;0.3054;42.72;0.275;0
23/03/21 10:00;47.447;-36.386;32.985;61.427;28.573;-90;-28.573;33.209;33.1;0.1087;17.1;5.5099;0;0.1238;31.081;0.004;0;0.3842;31.593;0;31.593;0.1238;0.004;31.081;0.3842;0.0039;0.996;0;0.0122;29.988;1.6049;0;0;1.272;0.3329;28.799;0.9794;0.0003;0;0.9697;0.0094;29.778;0.2099;0.0009;0;0.2087;0.0004;28.919;0.1226;0.004;28.631;0.0416;20.349;16.401;6.3331;0.3974;0.2396;3.4461;0.1195;3.2882;0;1;0;0;0.9513;0.9492;1;1;0.9591;0.1336;0.9671;0.9972;1;0.9672;0.8163;0.993;0.993;1;0.993;0.993;0.9116;0.9212;0.1083;0.0899;0.0896;0.0005;0.0105;-0.0021;0.0006;0.002;0.0006;0;0;0.088;-0.016;0;0;0;0;0;0;0;0;0;0;0;0;0.0016;0.0001;0.0759;0.0759;0;18.534;18.534;1.4339;0.0498;74.925;1012.4;1;0.0039;0.0039;0;0;0;0;0;0;0.072;-0.016;0;15.866;18.372;-3.3462;-3.8749;94.918;94.918;0.7582;0.6397;-0.1349;0.1185;0.7746;0.1563;1.0216;0;20.289;0;0
23/03/21 11:00;52.755;-14.398;35.889;79.294;10.706;-90;-10.706;148.5;146.6;1.8996;17.67;4.8699;0;1.9332;145.07;0.2591;0;0.2456;147.51;0;147.51;1.9332;0.2591;145.07;0.2456;0.0131;0.9851;0;0.0017;146.14;1.3754;0;0;1.1716;0.2039;139.32;5.798;0.0086;0.0012;5.779;0.0093;145.11;1.023;0.0135;0.0018;1.0073;0.0003;139.36;1.9111;0.2561;137.12;0.0321;88.372;71.228;26.42;0.0546;1.0022;14.417;0.0446;15.364;0;1;0;0;0.9933;0.9907;1;1;0.9919;0.1698;0.96;0.9955;1;0.9596;0.7755;0.993;0.993;1;0.993;0.993;0.9444;0.9451;0.1307;0.4198;0.4276;0.0026;0.0172;-0.0008;0.0029;0.0101;0.0026;0;0;0.088;0.2881;0;0;0;0;0;0;0;0;0;0;0;0;0.0082;0.0006;0.3841;0.3841;0;24.515;24.515;6.8448;0.0491;364.92;1052.6;1;0.0081;0.0081;0;0;0;0;0;0;0.3761;0.2881;0;17.207;19.925;12.904;14.942;97.904;97.904;3.5403;3.2392;2.4292;0.3011;0.81;0.085;0.2288;0.6862;87.118;0.6394;0
23/03/21 12:00;53.165;10.615;36.104;82.143;7.8565;90;7.8565;283.99;275.8;8.1907;18.3;4.0699;0;8.2683;272.46;2.0734;0;0.2532;283.06;0;283.06;8.2683;2.0734;272.46;0.2532;0.0292;0.9635;0;0.0009;281.53;1.5334;0;0;1.3226;0.2108;268.15;11.401;0.0378;0.0095;11.345;0.0095;279.56;1.9707;0.0579;0.0145;1.898;0.0003;268.19;8.1726;2.0494;257.9;0.0327;168.56;135.86;49.945;0.0297;1.9359;27.847;0.0357;29.753;0;1;0;0;0.9967;0.9946;1;1;0.9951;0.1675;0.9592;0.9954;1;0.9579;0.7754;0.993;0.993;1;0.993;0.993;0.9473;0.9465;0.129;0.8056;0.8231;0.005;0.0145;0.0191;0.0055;0.0195;0.005;0;0;0.088;0.6367;0;0;0;0;0;0;0;0;0;0;0;0;0.0157;0.0019;0.737;0.737;0;31.48;31.48;13.18;0.0491;704.51;1046.1;1;0.0123;0.0123;0;0;0;0;0;0;0.7247;0.6367;0;17.205;19.923;14.863;17.211;98.331;98.331;6.7934;6.215;5.3692;0.5784;0.8459;0.0851;0.1245;0.7903;162.56;0.7361;0
23/03/21 13:00;48.529;33.328;33.595;64.099;25.901;90;25.901;210.19;206.4;3.7888;18.47;3.3;0;4.2119;195.32;0.8443;0;2.0058;202.38;0;202.38;4.2119;0.8443;195.32;2.0058;0.0208;0.975;0;0.0099;193.8;8.5764;0;0;6.8526;1.7238;186.17;6.2756;0.0131;0.0026;6.2038;0.056;192.44;1.3566;0.0295;0.0059;1.3192;0.002;186.76;4.1692;0.8357;180.94;0.224;127.82;103.02;39.337;1.7709;1.4866;21.385;0.5959;21.1;0;1;0;0;0.9628;0.9576;1;1;0.9649;0.1406;0.9674;0.9969;1;0.9668;0.8001;0.993;0.993;1;0.993;0.993;0.9199;0.9264;0.1117;0.576;0.5772;0.0035;0.0168;0.0054;0.0039;0.0137;0.0039;0;0;0.088;0.4205;0;0;0;0;0;0;0;0;0;0;0;0;0.011;0.001;0.518;0.518;0;27.617;27.617;9.147;0.0491;493.02;1050.6;1;0.0094;0.0094;0;0;0;0;0;0;0.5085;0.4205;0;16.912;19.584;13.73;15.899;98.176;98.176;4.8571;4.368;3.5462;0.4891;0.8218;0.1007;0.1692;0.7301;125.35;0.6766;0
23/03/21 14:00;40.265;50.936;28.743;47.489;42.511;90;42.511;233.59;227.2;6.3977;19.03;3.2501;0;8.6789;195.92;2.2201;0;5.833;212.65;0;212.65;8.6789;2.2201;195.92;5.833;0.0408;0.9487;0;0.0274;192.34;20.31;0;0;14.926;5.3835;185.11;5.8791;0.0086;0.0022;5.8344;0.0339;190.99;1.3464;0.0608;0.0155;1.2669;0.0031;187.29;8.6096;2.2023;173.89;0.4124;146.15;117.8;48.083;9.8368;2.0057;28.852;2.1768;21.02;0;1;0;0;0.9103;0.9045;1;1;0.9238;0.0771;0.9692;0.999;1;0.9675;0.924;0.993;0.993;1;0.993;0.993;0.8705;0.8876;0.0707;0.6052;0.5936;0.0036;0.0167;0.0067;0.004;0.0141;0.0052;0;0;0.088;0.4334;0;0;0;0;0;0;0;0;0;0;0;0;0.0113;0.0011;0.531;0.531;0;28.13;28.13;9.0995;0.0492;506.53;1048.3;1;0.0096;0.0096;0;0;0;0;0;0;0.5214;0.4334;0;16.5;19.107;13.468;15.596;98.199;98.199;5.1036;4.4779;3.6551;0.6257;0.8228;0.1226;0.1612;0.7162;142.59;0.6501;0
23/03/21 15:00;29.899;64.234;22.139;32.558;57.442;90;57.442;146.61;144;2.6057;19.6;3.8101;0;4.842;110.33;1.0179;0;6.4325;122.62;0;122.62;4.842;1.0179;110.33;6.4325;0.0395;0.9522;0;0.0525;103.57;19.045;0;0;13.021;6.0247;99.471;3.3771;0.0037;0.0008;3.3509;0.0218;102.85;0.725;0.0339;0.0071;0.6811;0.0029;102.19;4.8044;1.01;93.274;0.3832;93.995;75.76;33.168;15.793;1.7594;25.309;2.719;11.275;0;1;0;0;0.8364;0.8447;1;1;0.882;0.0634;0.9672;0.9992;1;0.9653;0.9461;0.993;0.993;1;0.993;0.993;0.8112;0.8454;0.0596;0.349;0.3431;0.0021;0.0169;-0.0006;0.0023;0.0081;0.0045;0;0;0.088;0.2078;0;0;0;0;0;0;0;0;0;0;0;0;0.0065;0.0004;0.3029;0.3029;0;24.503;24.503;4.9033;0.0493;291.25;1040;1;0.0071;0.0071;0;0;0;0;0;0;0.2958;0.2078;0;16.323;18.901;11.2;12.969;97.667;97.667;2.9429;2.5543;1.7526;0.3886;0.8017;0.132;0.2724;0.5955;93.246;0.5158;0
23/03/21 16:00;18.41;74.828;40.01;19.028;33.223;90;33.223;89;87.599;1.4002;19.36;4.0601;0;3.3958;80.18;0.6854;0;1.382;85.644;0;85.644;3.3958;0.6854;80.18;1.382;0.0397;0.9523;0;0.0161;80.231;5.4126;0;0;4.1822;1.2304;77.176;2.4931;0.0232;0.0047;2.4418;0.0234;79.67;0.5616;0.0238;0.0048;0.532;0.0011;77.63;3.3488;0.676;73.024;0.1272;54.094;43.6;17.133;1.7272;0.6611;9.5099;0.4541;8.4438;0;1;0;0;0.9623;0.9368;1;1;0.9478;0.1097;0.9687;0.9931;1;0.9676;0.8444;0.993;0.993;1;0.993;0.993;0.9011;0.9108;0.092;0.2437;0.2412;0.0015;0.0156;-0.0016;0.0016;0.0056;0.0017;0;0;0.088;0.1177;0;0;0;0;0;0;0;0;0;0;0;0;0.0045;0.0003;0.212;0.212;0;23.17;23.17;3.8103;0.0494;204.85;1035;1;0.0063;0.0063;0;0;0;0;0;0;0.2057;0.1177;0;16.359;18.944;9.0841;10.519;97.033;97.033;2.0555;1.7881;0.9929;0.2674;0.7952;0.1301;0.3869;0.483;54.086;0.446;0
23/03/21 17:00;6.3609;83.989;74.413;6.3958;9.2784;90;9.2784;27.094;26.801;0.2937;19.1;4.3099;0;0.7124;26.574;0.1254;0;0.0337;27.446;0;27.446;0.7124;0.1254;26.574;0.0337;0.026;0.9695;0;0.0012;27.248;0.1978;0;0;0.1697;0.028;25.828;1.2291;0.1231;0.0217;1.0831;0.0013;27.057;0.1907;0.005;0.0009;0.1848;0;25.833;0.5843;0.1029;25.136;0.0043;15.904;12.819;4.7074;0.0058;0.1832;2.6349;0.0055;2.8123;0;1;0;0;1.013;0.9928;1;1;0.9936;0.1678;0.9546;0.826;1;0.9587;0.775;0.993;0.993;1;0.993;0.993;0.9411;0.9459;0.1291;0.0781;0.0792;0.0005;0.0099;-0.0013;0.0005;0.0017;0.0004;0;0;0.088;-0.0255;0;0;0;0;0;0;0;0;0;0;0;0;0.0014;0.0001;0.066;0.066;0;20.39;20.39;1.2901;0.0499;66.039;999.37;1;0.0035;0.0035;0;0;0;0;0;0;0.0625;-0.0255;0;15.89;18.4;-6.1514;-7.1232;94.627;94.627;0.6587;0.5566;-0.2155;0.1021;0.772;0.1551;1.172;0;15.902;0;0
23/03/21 18:00;0.2422;88.333;89.413;0.2423;0.3454;90;0.3454;0;0;0;18.7;4.96;0;0;0;0;0;0;0;0;0;0;0;0;0;1;1;1;1;0;0;0;0;0;0;0;0;0;0;0;0;0;0;0;0;0;0;0;0;0;0;0;0;0;0;0;0;0;0;0;0;0;0;0;1;1;1;1;1;1;1;1;1;1;1;1;1;1;1;1;1;1;1;0;0;0;0;0;0;0;0;0;0.0004;0.088;-0.0884;0;0;0;0;0;0;0;0;0;0;0;0;0;0;0;0;0;0;0;-18.7;0;0;0;0;0.0004;0;0;0;0;0;0;0;-0.0004;-0.0884;0;0;0;0;0;0;0;0;0;-0.7452;0;0.7452;1;1;0;0;0;0
23/03/21 19:00;0;0;90;0;0;90;0;0;0;0;18.55;5.0199;0;0;0;0;0;0;0;0;0;0;0;0;0;1;1;1;1;0;0;0;0;0;0;0;0;0;0;0;0;0;0;0;0;0;0;0;0;0;0;0;0;0;0;0;0;0;0;0;0;0;0;0;1;1;1;1;1;1;1;1;1;1;1;1;1;1;1;1;1;1;1;0;0;0;0;0;0;0;0;0;0.0004;0.088;-0.0884;0;0;0;0;0;0;0;0;0;0;0;0;0;0;0;0;0;0;0;-18.55;0;0;0;0;0.0004;0;0;0;0;0;0;0;-0.0004;-0.0884;0;0;0;0;0;0;0;0;0;-0.7452;0;0.7452;1;1;0;0;0;0
23/03/21 20:00;0;0;90;0;0;90;0;0;0;0;18.4;4.57;0;0;0;0;0;0;0;0;0;0;0;0;0;1;1;1;1;0;0;0;0;0;0;0;0;0;0;0;0;0;0;0;0;0;0;0;0;0;0;0;0;0;0;0;0;0;0;0;0;0;0;0;1;1;1;1;1;1;1;1;1;1;1;1;1;1;1;1;1;1;1;0;0;0;0;0;0;0;0;0;0.0004;0.088;-0.0884;0;0;0;0;0;0;0;0;0;0;0;0;0;0;0;0;0;0;0;-18.4;0;0;0;0;0.0004;0;0;0;0;0;0;0;-0.0004;-0.0884;0;0;0;0;0;0;0;0;0;-0.7452;0;0.7452;1;1;0;0;0;0
23/03/21 21:00;0;0;90;0;0;90;0;0;0;0;17.99;4.3899;0;0;0;0;0;0;0;0;0;0;0;0;0;1;1;1;1;0;0;0;0;0;0;0;0;0;0;0;0;0;0;0;0;0;0;0;0;0;0;0;0;0;0;0;0;0;0;0;0;0;0;0;1;1;1;1;1;1;1;1;1;1;1;1;1;1;1;1;1;1;1;0;0;0;0;0;0;0;0;0;0.0004;0.088;-0.0884;0;0;0;0;0;0;0;0;0;0;0;0;0;0;0;0;0;0;0;-17.99;0;0;0;0;0.0004;0;0;0;0;0;0;0;-0.0004;-0.0884;0;0;0;0;0;0;0;0;0;-0.7452;0;0.7452;1;1;0;0;0;0
23/03/21 22:00;0;0;90;0;0;90;0;0;0;0;18;4.3801;0;0;0;0;0;0;0;0;0;0;0;0;0;1;1;1;1;0;0;0;0;0;0;0;0;0;0;0;0;0;0;0;0;0;0;0;0;0;0;0;0;0;0;0;0;0;0;0;0;0;0;0;1;1;1;1;1;1;1;1;1;1;1;1;1;1;1;1;1;1;1;0;0;0;0;0;0;0;0;0;0.0004;0.088;-0.0884;0;0;0;0;0;0;0;0;0;0;0;0;0;0;0;0;0;0;0;-18;0;0;0;0;0.0004;0;0;0;0;0;0;0;-0.0004;-0.0884;0;0;0;0;0;0;0;0;0;-0.7452;0;0.7452;1;1;0;0;0;0
23/03/21 23:00;0;0;90;0;0;90;0;0;0;0;18.03;4.6299;0;0;0;0;0;0;0;0;0;0;0;0;0;1;1;1;1;0;0;0;0;0;0;0;0;0;0;0;0;0;0;0;0;0;0;0;0;0;0;0;0;0;0;0;0;0;0;0;0;0;0;0;1;1;1;1;1;1;1;1;1;1;1;1;1;1;1;1;1;1;1;0;0;0;0;0;0;0;0;0;0.0004;0.088;-0.0884;0;0;0;0;0;0;0;0;0;0;0;0;0;0;0;0;0;0;0;-18.03;0;0;0;0;0.0004;0;0;0;0;0;0;0;-0.0004;-0.0884;0;0;0;0;0;0;0;0;0;-0.7452;0;0.7452;1;1;0;0;0;0
24/03/21 00:00;0;0;90;0;0;90;0;0;0;0;18.1;4.7799;0;0;0;0;0;0;0;0;0;0;0;0;0;1;1;1;1;0;0;0;0;0;0;0;0;0;0;0;0;0;0;0;0;0;0;0;0;0;0;0;0;0;0;0;0;0;0;0;0;0;0;0;1;1;1;1;1;1;1;1;1;1;1;1;1;1;1;1;1;1;1;0;0;0;0;0;0;0;0;0;0.0004;0.088;-0.0884;0;0;0;0;0;0;0;0;0;0;0;0;0;0;0;0;0;0;0;-18.1;0;0;0;0;0.0004;0;0;0;0;0;0;0;-0.0004;-0.0884;0;0;0;0;0;0;0;0;0;-0.7452;0;0.7452;1;1;0;0;0;0
24/03/21 01:00;0;0;90;0;0;90;0;0;0;0;17.88;4.6199;0;0;0;0;0;0;0;0;0;0;0;0;0;1;1;1;1;0;0;0;0;0;0;0;0;0;0;0;0;0;0;0;0;0;0;0;0;0;0;0;0;0;0;0;0;0;0;0;0;0;0;0;1;1;1;1;1;1;1;1;1;1;1;1;1;1;1;1;1;1;1;0;0;0;0;0;0;0;0;0;0.0004;0.088;-0.0884;0;0;0;0;0;0;0;0;0;0;0;0;0;0;0;0;0;0;0;-17.88;0;0;0;0;0.0004;0;0;0;0;0;0;0;-0.0004;-0.0884;0;0;0;0;0;0;0;0;0;-0.7452;0;0.7452;1;1;0;0;0;0
24/03/21 02:00;0;0;90;0;0;90;0;0;0;0;17.74;4.35;0;0;0;0;0;0;0;0;0;0;0;0;0;1;1;1;1;0;0;0;0;0;0;0;0;0;0;0;0;0;0;0;0;0;0;0;0;0;0;0;0;0;0;0;0;0;0;0;0;0;0;0;1;1;1;1;1;1;1;1;1;1;1;1;1;1;1;1;1;1;1;0;0;0;0;0;0;0;0;0;0.0004;0.088;-0.0884;0;0;0;0;0;0;0;0;0;0;0;0;0;0;0;0;0;0;0;-17.74;0;0;0;0;0.0004;0;0;0;0;0;0;0;-0.0004;-0.0884;0;0;0;0;0;0;0;0;0;-0.7452;0;0.7452;1;1;0;0;0;0
24/03/21 03:00;0;0;90;0;0;90;0;0;0;0;17.8;4.17;0;0;0;0;0;0;0;0;0;0;0;0;0;1;1;1;1;0;0;0;0;0;0;0;0;0;0;0;0;0;0;0;0;0;0;0;0;0;0;0;0;0;0;0;0;0;0;0;0;0;0;0;1;1;1;1;1;1;1;1;1;1;1;1;1;1;1;1;1;1;1;0;0;0;0;0;0;0;0;0;0.0004;0.088;-0.0884;0;0;0;0;0;0;0;0;0;0;0;0;0;0;0;0;0;0;0;-17.8;0;0;0;0;0.0004;0;0;0;0;0;0;0;-0.0004;-0.0884;0;0;0;0;0;0;0;0;0;-0.7452;0;0.7452;1;1;0;0;0;0
24/03/21 04:00;0;0;90;0;0;90;0;0;0;0;17.6;4.33;0;0;0;0;0;0;0;0;0;0;0;0;0;1;1;1;1;0;0;0;0;0;0;0;0;0;0;0;0;0;0;0;0;0;0;0;0;0;0;0;0;0;0;0;0;0;0;0;0;0;0;0;1;1;1;1;1;1;1;1;1;1;1;1;1;1;1;1;1;1;1;0;0;0;0;0;0;0;0;0;0.0004;0.088;-0.0884;0;0;0;0;0;0;0;0;0;0;0;0;0;0;0;0;0;0;0;-17.6;0;0;0;0;0.0004;0;0;0;0;0;0;0;-0.0004;-0.0884;0;0;0;0;0;0;0;0;0;-0.7452;0;0.7452;1;1;0;0;0;0
24/03/21 05:00;0;0;90;0;0;90;0;0;0;0;17.34;4.4799;0;0;0;0;0;0;0;0;0;0;0;0;0;1;1;1;1;0;0;0;0;0;0;0;0;0;0;0;0;0;0;0;0;0;0;0;0;0;0;0;0;0;0;0;0;0;0;0;0;0;0;0;1;1;1;1;1;1;1;1;1;1;1;1;1;1;1;1;1;1;1;0;0;0;0;0;0;0;0;0;0.0004;0.088;-0.0884;0;0;0;0;0;0;0;0;0;0;0;0;0;0;0;0;0;0;0;-17.34;0;0;0;0;0.0004;0;0;0;0;0;0;0;-0.0004;-0.0884;0;0;0;0;0;0;0;0;0;-0.7452;0;0.7452;1;1;0;0;0;0
24/03/21 06:00;5.3295;-84.243;76.981;5.3564;7.7289;-90;-7.7289;7.0911;6.9977;0.0934;17;5.31;0;0.2264;6.9608;0.0124;0;0.0061;7.2058;0;7.2058;0.2264;0.0124;6.9608;0.0061;0.0314;0.9669;0;0.0008;7.168;0.0378;0;0;0.0327;0.0051;6.7727;0.3451;0.0517;0.0028;0.2904;0.0002;7.1178;0.0502;0.0016;0.0001;0.0485;0;6.7735;0.1732;0.0095;6.5892;0.0008;4.1524;3.3468;1.2273;0.0007;0.0479;0.6889;0.0008;0.7361;0;1;0;0;1.0162;0.9948;1;1;0.9953;0.1688;0.9515;0.7703;1;0.9578;0.7759;0.993;0.993;1;0.993;0.993;0.9399;0.9466;0.1301;0.0205;0.0208;0.0001;0.005;-0.0005;0.0001;0.0004;0.0001;0;0;0.088;-0.075;0;0;0;0;0;0;0;0;0;0;0;0;0.0003;0;0.0152;0.0152;0;17.347;17.347;0.3468;0.0512;16.066;948.44;1;0.0023;0.0023;0;0;0;0;0;0;0.013;-0.075;0;13.973;16.181;-68.808;-79.678;85.098;85.098;0.1729;0.1285;-0.6328;0.0444;0.7613;0.257;4.4019;0;4.1519;0;0
24/03/21 07:00;16.399;-75.933;46.786;16.878;27.882;-90;-27.882;92.907;89.203;3.7038;17.02;6.01;0;8.9826;83.222;2.0664;0;1.0246;95.296;0;95.296;8.9826;2.0664;83.222;1.0246;0.0943;0.8841;0;0.0108;91.136;4.1601;0;0;3.2753;0.8848;87.745;2.753;0.0968;0.0223;2.6079;0.026;90.498;0.638;0.0629;0.0145;0.5596;0.001;88.046;8.823;2.0297;76.78;0.1128;54.102;43.606;16.771;0.9771;0.6362;9.1508;0.3006;8.8099;0;1;0;0;1.0257;0.9563;1;1;0.9606;0.1364;0.9696;0.9891;1;0.9672;0.8124;0.993;0.993;1;0.993;0.993;0.9208;0.9226;0.1101;0.2712;0.2702;0.0016;0.0161;-0.0036;0.0018;0.0064;0.0016;0;0;0.088;0.1462;0;0;0;0;0;0;0;0;0;0;0;0;0.0051;0.0003;0.2409;0.2409;0;21.339;21.339;4.3194;0.0492;229.86;1047.9;1;0.0066;0.0066;0;0;0;0;0;0;0.2342;0.1462;0;16.702;19.341;10.14;11.742;97.247;97.247;2.2871;2.0313;1.2332;0.2559;0.798;0.1119;0.3489;0.5392;54.08;0.503;0
24/03/21 08:00;27.978;-65.616;21.383;30.252;59.748;-90;-59.748;304.29;193;111.29;17.85;6.95;0;220.9;120.05;66.168;0;14.344;421.46;0;421.46;220.9;66.168;120.05;14.344;0.5241;0.3189;0;0.034;393.16;28.302;0;0;14.949;13.353;386.45;3.9579;0.162;0.0485;3.685;0.0624;390.41;2.7521;1.5463;0.4632;0.7357;0.0069;390.69;219.19;65.656;100.68;0.9215;131.08;105.65;45.426;19.773;2.361;33.962;4.2402;16.55;0;1;0;0;1.3851;0.9328;1;1;0.8755;0.0691;0.9899;0.9993;1;0.9647;0.9366;0.993;0.993;1;0.993;0.993;0.9169;0.8387;0.0642;1.1994;1.1858;0.0071;0.0095;0.05;0.0078;0.0278;0.0061;0;0;0.088;0.9467;0;0;0;0;0;0;0;0;0;0;0;0;0.0224;0.0036;1.0514;1.0514;0;36.883;36.883;19.033;0.0493;1018.5;1032.3;1;0.0167;0.0167;0;0;0;0;0;0;1.0347;0.9467;0;16.485;19.089;14.843;17.188;98.411;98.411;10.115;8.8666;7.9835;1.2485;0.883;0.1234;0.0873;0.7893;104.23;0.7444;0
24/03/21 09:00;38.525;-52.822;28.214;44.978;45.022;-90;-45.022;502.9;203.6;299.3;18.97;8.0499;0;423.43;112.96;100.78;0;14.006;651.19;0;651.19;423.43;100.78;112.96;14.006;0.6503;0.195;0;0.0215;628.93;22.254;0;0;9.3286;12.926;620.6;3.9297;0.4098;0.0975;3.3579;0.0645;624.53;4.4025;2.964;0.7055;0.7255;0.0076;624.6;420.06;99.978;99.553;1.0084;239.54;193.07;75.928;6.9137;2.8758;41.368;4.0037;37.33;0;1;0;0;1.2949;0.9658;1;1;0.9174;0.0771;0.9937;0.999;1;0.9674;0.9399;0.993;0.993;1;0.993;0.993;0.953;0.8813;0.072;1.8532;1.8699;0.0113;0.0008;0.1635;0.0119;0.0421;0.0071;0;0;0.088;1.4782;0;0;0;0;0;0;0;0;0;0;0;0;0.0339;0.0084;1.591;1.591;0;49.793;49.793;30.824;0.0497;1608.5;989.11;1;0.0248;0.0248;0;0;0;0;0;0;1.5662;1.4782;0;16.145;18.695;15;17.369;98.441;98.441;15.628;13.417;12.466;2.2116;0.9513;0.1415;0.0609;0.7976;84.092;0.7614;0
24/03/21 10:00;47.14;-36.003;33.386;61.388;28.612;-90;-28.612;168.9;166.3;2.5975;19.25;8.6199;0;2.9589;155.74;0.4888;0;1.9593;161.15;0;161.15;2.9589;0.4888;155.74;1.9593;0.0184;0.9786;0;0.0122;153.06;8.0853;0;0;6.3874;1.6979;147.08;4.9157;0.0089;0.0015;4.8578;0.0476;151.99;1.0714;0.0207;0.0034;1.0455;0.0018;147.68;2.9293;0.4839;143.45;0.212;103.3;83.262;32.367;2.0008;1.201;17.276;0.6009;16.476;0;1;0;0;0.9541;0.9498;1;1;0.959;0.1334;0.9677;0.997;1;0.9672;0.8165;0.993;0.993;1;0.993;0.993;0.9127;0.9211;0.1082;0.4586;0.4571;0.0028;0.0173;0.0025;0.003;0.0108;0.0031;0;0;0.088;0.3121;0;0;0;0;0;0;0;0;0;0;0;0;0.0087;0.0007;0.4083;0.4083;0;26.485;26.485;7.2345;0.0492;390.13;1046.6;1;0.0082;0.0082;0;0;0;0;0;0;0.4001;0.3121;0;16.743;19.388;12.796;14.818;97.98;97.98;3.8676;3.4433;2.6317;0.4242;0.8117;0.1097;0.2099;0.6804;101.69;0.6299;0
24/03/21 11:00;52.385;-14.14;36.289;79.34;10.66;-90;-10.66;237.6;232.8;4.8012;19.3;8.7699;0;4.8856;229.77;1.0454;0;0.3896;236.09;0;236.09;4.8856;1.0454;229.77;0.3896;0.0207;0.9749;0;0.0017;233.93;2.1658;0;0;1.8424;0.3234;223.09;9.2023;0.0229;0.0049;9.1598;0.0147;232.29;1.6375;0.0342;0.0073;1.5955;0.0005;223.16;4.8285;1.0332;217.17;0.0509;141.36;113.93;41.969;0.0852;1.6219;23.331;0.0717;24.868;0;1;0;0;0.9937;0.9908;1;1;0.992;0.1698;0.9604;0.9953;1;0.9595;0.7755;0.993;0.993;1;0.993;0.993;0.9449;0.9452;0.1307;0.6719;0.6852;0.0041;0.016;0.013;0.0046;0.0162;0.0042;0;0;0.088;0.5142;0;0;0;0;0;0;0;0;0;0;0;0;0.013;0.0014;0.6127;0.6127;0;30.269;30.269;10.969;0.0492;585.67;1046.2;1;0.0106;0.0106;0;0;0;0;0;0;0.6022;0.5142;0;17.15;19.86;14.391;16.665;98.273;98.273;5.6662;5.1674;4.336;0.4988;0.8314;0.088;0.1467;0.7652;137.96;0.7125;0
24/03/21 12:00;52.764;10.647;36.49;82.007;7.9932;90;7.9932;214.2;210.5;3.6959;19.08;8.8401;0;3.7322;208.77;0.7185;0;0.1977;213.42;0;213.42;3.7322;0.7185;208.77;0.1977;0.0175;0.9791;0;0.0009;212.21;1.2071;0;0;1.0425;0.1646;202.02;8.7041;0.0179;0.0034;8.6753;0.0074;210.73;1.4855;0.0261;0.005;1.4541;0.0002;202.05;3.6882;0.71;197.6;0.0255;127.17;102.5;37.646;0.0245;1.463;21.045;0.0283;22.483;0;1;0;0;0.9964;0.9943;1;1;0.995;0.1675;0.9587;0.9952;1;0.9579;0.7754;0.993;0.993;1;0.993;0.993;0.9466;0.9465;0.129;0.6074;0.6202;0.0037;0.0165;0.0089;0.0041;0.0147;0.0038;0;0;0.088;0.4576;0;0;0;0;0;0;0;0;0;0;0;0;0.0118;0.0012;0.5554;0.5554;0;29.011;29.011;9.9307;0.0492;530.07;1047.8;1;0.0098;0.0098;0;0;0;0;0;0;0.5456;0.4576;0;17.197;19.914;14.169;16.407;98.232;98.232;5.122;4.684;3.859;0.4381;0.8249;0.0855;0.1611;0.7534;124.59;0.7016;0
24/03/21 13:00;48.142;33.169;33.956;63.887;26.113;90;26.113;470.2;356.1;114.1;19.07;8.7601;0;127.07;300.23;44.235;0;4.5593;476.1;0;476.1;127.07;44.235;300.23;4.5593;0.2669;0.6402;0;0.0096;461.5;14.594;0;0;10.672;3.9222;448.05;10.217;0.4227;0.1472;9.5213;0.1259;458.27;3.2305;0.8895;0.3096;2.0269;0.0045;449.37;125.76;43.778;278.01;0.5068;276.46;222.83;85.688;2.8016;3.1091;44.723;1.3129;45.03;0;1;0;0;1.0125;0.9693;1;1;0.9645;0.1397;0.9777;0.9966;1;0.9669;0.8011;0.993;0.993;1;0.993;0.993;0.9411;0.926;0.1112;1.3549;1.3753;0.0083;0.0068;0.0789;0.009;0.0318;0.0079;0;0;0.088;1.0955;0;0;0;0;0;0;0;0;0;0;0;0;0.0256;0.0047;1.2022;1.2022;0;41.198;41.198;22.128;0.0494;1181.7;1017.3;1;0.0187;0.0187;0;0;0;0;0;0;1.1835;1.0955;0;16.686;19.321;15.204;17.606;98.443;98.443;11.426;10.138;9.2381;1.2882;0.9;0.1127;0.0788;0.8085;192.93;0.7554;0
24/03/21 14:00;39.911;50.689;29.074;47.231;42.769;90;42.769;173.51;170.6;2.9036;19.23;8.3501;0;3.9554;147.43;0.7658;0;4.383;156.54;0;156.54;3.9554;0.7658;147.43;4.383;0.0253;0.9698;0;0.028;141.16;15.38;0;0;11.333;4.0475;135.75;4.4185;0.0039;0.0008;4.389;0.0248;140.17;0.9881;0.0277;0.0054;0.9527;0.0023;137.37;3.9238;0.7597;130.76;0.3083;109.08;87.915;36.199;7.5585;1.4907;21.442;1.6235;15.375;0;1;0;0;0.9022;0.9017;1;1;0.9231;0.0765;0.9685;0.999;1;0.9675;0.9256;0.993;0.993;1;0.993;0.993;0.8672;0.8869;0.0703;0.4455;0.436;0.0026;0.0173;0.0014;0.0029;0.0103;0.0039;0;0;0.088;0.2926;0;0;0;0;0;0;0;0;0;0;0;0;0.0083;0.0006;0.3887;0.3887;0;25.909;25.909;6.6791;0.0492;371.58;1046;1;0.008;0.008;0;0;0;0;0;0;0.3806;0.2926;0;16.407;18.998;12.353;14.304;97.933;97.933;3.7569;3.2776;2.4677;0.4793;0.8099;0.1276;0.2156;0.6569;107.55;0.5958;0
24/03/21 15:00;29.574;63.962;22.444;32.276;57.724;90;57.724;146.9;144.2;2.6992;19.1;7.0099;0;5.0547;110.16;1.0753;0;6.5033;122.79;0;122.79;5.0547;1.0753;110.16;6.5033;0.0412;0.9501;0;0.053;103.61;19.184;0;0;13.094;6.0905;99.508;3.377;0.0039;0.0008;3.3497;0.0226;102.89;0.7253;0.0354;0.0075;0.6795;0.0029;102.26;5.0154;1.0669;93.039;0.3873;94.163;75.896;33.273;16.046;1.7742;25.521;2.752;11.249;0;1;0;0;0.8359;0.8438;1;1;0.8811;0.0635;0.9672;0.9992;1;0.9652;0.9448;0.993;0.993;1;0.993;0.993;0.8104;0.8446;0.0596;0.3495;0.3437;0.0021;0.0169;-0.0012;0.0023;0.0081;0.0046;0;0;0.088;0.2089;0;0;0;0;0;0;0;0;0;0;0;0;0.0065;0.0004;0.304;0.304;0;24.003;24.003;4.9031;0.0493;291.76;1042;1;0.0071;0.0071;0;0;0;0;0;0;0.2969;0.2089;0;16.36;18.945;11.243;13.019;97.665;97.665;2.9471;2.5638;1.7618;0.3833;0.802;0.13;0.2721;0.5978;93.405;0.5173;0
24/03/21 16:00;18.105;74.552;41.088;18.738;32.439;90;32.439;85.601;84.2;1.4002;17.62;5.15;0;3.396;77.376;0.6699;0;1.2689;82.711;0;82.711;3.396;0.6699;77.376;1.2689;0.0411;0.9508;0;0.0153;77.699;5.0119;0;0;3.8865;1.1254;74.738;2.4176;0.0254;0.005;2.3642;0.023;77.156;0.5439;0.0238;0.0047;0.5144;0.001;75.15;3.3468;0.6602;70.611;0.1195;51.9;41.832;16.384;1.5352;0.6299;9.0607;0.412;8.1554;0;1;0;0;0.9662;0.9394;1;1;0.9498;0.1131;0.9687;0.9925;1;0.9676;0.8386;0.993;0.993;1;0.993;0.993;0.9036;0.9126;0.0942;0.2354;0.2332;0.0014;0.0155;-0.0032;0.0015;0.0054;0.0016;0;0;0.088;0.1119;0;0;0;0;0;0;0;0;0;0;0;0;0.0044;0.0002;0.2062;0.2062;0;21.306;21.306;3.6854;0.0493;197.96;1041.5;1;0.0063;0.0063;0;0;0;0;0;0;0.1999;0.1119;0;16.472;19.074;8.9369;10.349;96.937;96.937;1.9851;1.7387;0.9433;0.2463;0.7954;0.1241;0.4007;0.4752;51.892;0.4392;0
24/03/21 17:00;6.0675;83.713;75.146;6.1039;8.8407;90;8.8407;2.2074;2.2019;0.0055;18.6;4.3199;0;0.0133;2.1888;0.0002;0;0.0025;2.2048;2.2048;0;0.0133;0;0;0;1;1;1;1;0;0;0;0;0;0;0;0;0;0;0;0;0;0;0;0;0;0;0;0;0;0;0;0;0;0;0;0;0;0;0;0;0;0;0;0;1;1;1;1;1;1;1;1;1;1;1;0;1;0;0;1;0;0;0;0;0;0;0;0;0;0;0;0.0004;0.088;-0.0884;0;0;0;0;0;0;0;0;0;0;0;0;0;0;0;0;0;0;0;-18.6;0;0;0;0;0.0004;0;0;0;0;0;0;0;-0.0004;-0.0884;0;0;0;0;0;0;0;0;0;-0.7452;0;0.7452;1;1;0;0;0;0
24/03/21 18:00;0;0;90;0;0;90;0;0;0;0;16.8;4.25;0;0;0;0;0;0;0;0;0;0;0;0;0;1;1;1;1;0;0;0;0;0;0;0;0;0;0;0;0;0;0;0;0;0;0;0;0;0;0;0;0;0;0;0;0;0;0;0;0;0;0;0;1;1;1;1;1;1;1;1;1;1;1;1;1;1;1;1;1;1;1;0;0;0;0;0;0;0;0;0;0.0004;0.088;-0.0884;0;0;0;0;0;0;0;0;0;0;0;0;0;0;0;0;0;0;0;-16.8;0;0;0;0;0.0004;0;0;0;0;0;0;0;-0.0004;-0.0884;0;0;0;0;0;0;0;0;0;-0.7452;0;0.7452;1;1;0;0;0;0
24/03/21 19:00;0;0;90;0;0;90;0;0;0;0;16.87;4.1301;0;0;0;0;0;0;0;0;0;0;0;0;0;1;1;1;1;0;0;0;0;0;0;0;0;0;0;0;0;0;0;0;0;0;0;0;0;0;0;0;0;0;0;0;0;0;0;0;0;0;0;0;1;1;1;1;1;1;1;1;1;1;1;1;1;1;1;1;1;1;1;0;0;0;0;0;0;0;0;0;0.0004;0.088;-0.0884;0;0;0;0;0;0;0;0;0;0;0;0;0;0;0;0;0;0;0;-16.87;0;0;0;0;0.0004;0;0;0;0;0;0;0;-0.0004;-0.0884;0;0;0;0;0;0;0;0;0;-0.7452;0;0.7452;1;1;0;0;0;0
24/03/21 20:00;0;0;90;0;0;90;0;0;0;0;17;4.0501;0;0;0;0;0;0;0;0;0;0;0;0;0;1;1;1;1;0;0;0;0;0;0;0;0;0;0;0;0;0;0;0;0;0;0;0;0;0;0;0;0;0;0;0;0;0;0;0;0;0;0;0;1;1;1;1;1;1;1;1;1;1;1;1;1;1;1;1;1;1;1;0;0;0;0;0;0;0;0;0;0.0004;0.088;-0.0884;0;0;0;0;0;0;0;0;0;0;0;0;0;0;0;0;0;0;0;-17;0;0;0;0;0.0004;0;0;0;0;0;0;0;-0.0004;-0.0884;0;0;0;0;0;0;0;0;0;-0.7452;0;0.7452;1;1;0;0;0;0
24/03/21 21:00;0;0;90;0;0;90;0;0;0;0;17.5;4.0799;0;0;0;0;0;0;0;0;0;0;0;0;0;1;1;1;1;0;0;0;0;0;0;0;0;0;0;0;0;0;0;0;0;0;0;0;0;0;0;0;0;0;0;0;0;0;0;0;0;0;0;0;1;1;1;1;1;1;1;1;1;1;1;1;1;1;1;1;1;1;1;0;0;0;0;0;0;0;0;0;0.0004;0.088;-0.0884;0;0;0;0;0;0;0;0;0;0;0;0;0;0;0;0;0;0;0;-17.5;0;0;0;0;0.0004;0;0;0;0;0;0;0;-0.0004;-0.0884;0;0;0;0;0;0;0;0;0;-0.7452;0;0.7452;1;1;0;0;0;0
24/03/21 22:00;0;0;90;0;0;90;0;0;0;0;17.76;4.3999;0;0;0;0;0;0;0;0;0;0;0;0;0;1;1;1;1;0;0;0;0;0;0;0;0;0;0;0;0;0;0;0;0;0;0;0;0;0;0;0;0;0;0;0;0;0;0;0;0;0;0;0;1;1;1;1;1;1;1;1;1;1;1;1;1;1;1;1;1;1;1;0;0;0;0;0;0;0;0;0;0.0004;0.088;-0.0884;0;0;0;0;0;0;0;0;0;0;0;0;0;0;0;0;0;0;0;-17.76;0;0;0;0;0.0004;0;0;0;0;0;0;0;-0.0004;-0.0884;0;0;0;0;0;0;0;0;0;-0.7452;0;0.7452;1;1;0;0;0;0
24/03/21 23:00;0;0;90;0;0;90;0;0;0;0;17.8;4.9499;0;0;0;0;0;0;0;0;0;0;0;0;0;1;1;1;1;0;0;0;0;0;0;0;0;0;0;0;0;0;0;0;0;0;0;0;0;0;0;0;0;0;0;0;0;0;0;0;0;0;0;0;1;1;1;1;1;1;1;1;1;1;1;1;1;1;1;1;1;1;1;0;0;0;0;0;0;0;0;0;0.0004;0.088;-0.0884;0;0;0;0;0;0;0;0;0;0;0;0;0;0;0;0;0;0;0;-17.8;0;0;0;0;0.0004;0;0;0;0;0;0;0;-0.0004;-0.0884;0;0;0;0;0;0;0;0;0;-0.7452;0;0.7452;1;1;0;0;0;0
25/03/21 00:00;0;0;90;0;0;90;0;0;0;0;17.8;4.9201;0;0;0;0;0;0;0;0;0;0;0;0;0;1;1;1;1;0;0;0;0;0;0;0;0;0;0;0;0;0;0;0;0;0;0;0;0;0;0;0;0;0;0;0;0;0;0;0;0;0;0;0;1;1;1;1;1;1;1;1;1;1;1;1;1;1;1;1;1;1;1;0;0;0;0;0;0;0;0;0;0.0004;0.088;-0.0884;0;0;0;0;0;0;0;0;0;0;0;0;0;0;0;0;0;0;0;-17.8;0;0;0;0;0.0004;0;0;0;0;0;0;0;-0.0004;-0.0884;0;0;0;0;0;0;0;0;0;-0.7452;0;0.7452;1;1;0;0;0;0
25/03/21 01:00;0;0;90;0;0;90;0;0;0;0;17.6;4.33;0;0;0;0;0;0;0;0;0;0;0;0;0;1;1;1;1;0;0;0;0;0;0;0;0;0;0;0;0;0;0;0;0;0;0;0;0;0;0;0;0;0;0;0;0;0;0;0;0;0;0;0;1;1;1;1;1;1;1;1;1;1;1;1;1;1;1;1;1;1;1;0;0;0;0;0;0;0;0;0;0.0004;0.088;-0.0884;0;0;0;0;0;0;0;0;0;0;0;0;0;0;0;0;0;0;0;-17.6;0;0;0;0;0.0004;0;0;0;0;0;0;0;-0.0004;-0.0884;0;0;0;0;0;0;0;0;0;-0.7452;0;0.7452;1;1;0;0;0;0
25/03/21 02:00;0;0;90;0;0;90;0;0;0;0;17.5;4.18;0;0;0;0;0;0;0;0;0;0;0;0;0;1;1;1;1;0;0;0;0;0;0;0;0;0;0;0;0;0;0;0;0;0;0;0;0;0;0;0;0;0;0;0;0;0;0;0;0;0;0;0;1;1;1;1;1;1;1;1;1;1;1;1;1;1;1;1;1;1;1;0;0;0;0;0;0;0;0;0;0.0004;0.088;-0.0884;0;0;0;0;0;0;0;0;0;0;0;0;0;0;0;0;0;0;0;-17.5;0;0;0;0;0.0004;0;0;0;0;0;0;0;-0.0004;-0.0884;0;0;0;0;0;0;0;0;0;-0.7452;0;0.7452;1;1;0;0;0;0
25/03/21 03:00;0;0;90;0;0;90;0;0;0;0;16.66;4.1;0;0;0;0;0;0;0;0;0;0;0;0;0;1;1;1;1;0;0;0;0;0;0;0;0;0;0;0;0;0;0;0;0;0;0;0;0;0;0;0;0;0;0;0;0;0;0;0;0;0;0;0;1;1;1;1;1;1;1;1;1;1;1;1;1;1;1;1;1;1;1;0;0;0;0;0;0;0;0;0;0.0004;0.088;-0.0884;0;0;0;0;0;0;0;0;0;0;0;0;0;0;0;0;0;0;0;-16.66;0;0;0;0;0.0004;0;0;0;0;0;0;0;-0.0004;-0.0884;0;0;0;0;0;0;0;0;0;-0.7452;0;0.7452;1;1;0;0;0;0
25/03/21 04:00;0;0;90;0;0;90;0;0;0;0;16.2;4.26;0;0;0;0;0;0;0;0;0;0;0;0;0;1;1;1;1;0;0;0;0;0;0;0;0;0;0;0;0;0;0;0;0;0;0;0;0;0;0;0;0;0;0;0;0;0;0;0;0;0;0;0;1;1;1;1;1;1;1;1;1;1;1;1;1;1;1;1;1;1;1;0;0;0;0;0;0;0;0;0;0.0004;0.088;-0.0884;0;0;0;0;0;0;0;0;0;0;0;0;0;0;0;0;0;0;0;-16.2;0;0;0;0;0.0004;0;0;0;0;0;0;0;-0.0004;-0.0884;0;0;0;0;0;0;0;0;0;-0.7452;0;0.7452;1;1;0;0;0;0
25/03/21 05:00;0;0;90;0;0;90;0;0;0;0;16.1;4.44;0;0;0;0;0;0;0;0;0;0;0;0;0;1;1;1;1;0;0;0;0;0;0;0;0;0;0;0;0;0;0;0;0;0;0;0;0;0;0;0;0;0;0;0;0;0;0;0;0;0;0;0;1;1;1;1;1;1;1;1;1;1;1;1;1;1;1;1;1;1;1;0;0;0;0;0;0;0;0;0;0.0004;0.088;-0.0884;0;0;0;0;0;0;0;0;0;0;0;0;0;0;0;0;0;0;0;-16.1;0;0;0;0;0.0004;0;0;0;0;0;0;0;-0.0004;-0.0884;0;0;0;0;0;0;0;0;0;-0.7452;0;0.7452;1;1;0;0;0;0
25/03/21 06:00;5.1657;-83.875;77.387;5.1952;7.4907;-90;-7.4907;33.404;29.701;3.7032;16.1;5.07;0;8.9812;28.688;2.1584;0;0.0271;39.855;0;39.855;8.9812;2.1584;28.688;0.0271;0.2253;0.7205;0;0.0007;39.704;0.1507;0;0;0.1282;0.0225;35.568;3.8584;2.1419;0.5147;1.2008;0.001;39.426;0.2779;0.0629;0.0151;0.1999;0;35.571;6.7765;1.6285;27.159;0.0035;17.126;13.804;5.0644;0.0025;0.1973;2.8385;0.0031;3.0333;0;1;0;0;1.1931;0.9962;1;1;0.9955;0.1687;0.9021;0.7598;1;0.9577;0.776;0.993;0.993;1;0.993;0.993;0.8924;0.9467;0.13;0.1134;0.1075;0.0006;0.0115;-0.0028;0.0007;0.0024;0.0005;0;0;0.088;0.0001;0;0;0;0;0;0;0;0;0;0;0;0;0.002;0.0001;0.0925;0.0925;0;17.865;17.865;1.7647;0.0496;90.275;1024.6;1;0.0044;0.0044;0;0;0;0;0;0;0.0881;0.0001;0;15.336;17.758;0.0235;0.0273;95.294;95.294;0.9565;0.78;0.0012;0.1765;0.7788;0.1845;0.8142;0.0013;17.104;0.0012;0
25/03/21 07:00;16.223;-75.558;47.347;16.723;27.533;-90;-27.533;63.097;62.003;1.0938;15.91;5.79;0;2.6527;58.325;0.4289;0;0.6789;62.086;0;62.086;2.6527;0.4289;58.325;0.6789;0.0427;0.9504;0;0.0109;59.251;2.8349;0;0;2.2496;0.5853;56.952;1.8837;0.0295;0.0048;1.8319;0.0176;58.836;0.4148;0.0186;0.003;0.3925;0.0007;57.156;2.6046;0.4211;53.851;0.0753;37.822;30.484;11.707;0.6553;0.444;6.3873;0.204;6.1761;0;1;0;0;0.984;0.9543;1;1;0.9614;0.1379;0.968;0.9888;1;0.9671;0.8105;0.993;0.993;1;0.993;0.993;0.9173;0.9233;0.111;0.1767;0.1763;0.0011;0.0141;-0.0041;0.0012;0.0041;0.0011;0;0;0.088;0.0614;0;0;0;0;0;0;0;0;0;0;0;0;0.0033;0.0002;0.1554;0.1554;0;18.721;18.721;2.8109;0.0494;149.21;1041.2;1;0.0059;0.0059;0;0;0;0;0;0;0.1494;0.0614;0;16.535;19.147;6.5356;7.5681;96.172;96.172;1.4901;1.3101;0.5178;0.1799;0.7923;0.1208;0.5317;0.3475;37.816;0.3227;0
25/03/21 08:00;27.774;-65.225;21.764;30.116;59.884;-90;-59.884;397.8;114.3;283.5;16.5;6.17;0;565.02;47.786;100.97;0;18.829;732.6;0;732.6;565.02;100.97;47.786;18.829;0.7713;0.0909;0;0.0257;709.11;23.497;0;0;5.97;17.527;702.09;2.0479;0.4218;0.0754;1.4677;0.083;704.14;4.9637;3.9552;0.7068;0.2927;0.0091;705.6;560.65;100.18;40.056;1.2099;102.46;82.584;33.529;7.9385;1.4856;21.37;3.5006;14.917;0;1;0;0;1.8416;0.9679;1;1;0.8751;0.0691;0.9971;0.9992;1;0.9647;0.9358;0.993;0.993;1;0.993;0.993;0.9584;0.8382;0.0643;2.0849;2.0616;0.0124;-0.0007;0.1917;0.013;0.0461;0.0037;0;0;0.088;1.6324;0;0;0;0;0;0;0;0;0;0;0;0;0.0372;0.0101;1.7481;1.7481;0;51.406;51.406;34.905;0.0497;1777.3;983.56;1;0.0277;0.0277;0;0;0;0;0;0;1.7204;1.6324;0;15.767;18.258;14.724;17.05;98.416;98.416;17.582;14.742;13.766;2.8408;0.9756;0.1616;0.0555;0.7829;41.556;0.7662;0
25/03/21 09:00;38.278;-52.419;28.605;44.878;45.122;-90;-45.122;598.7;116.6;482.09;17.87;6.49;0;683.24;43.061;93.691;0;16.745;836.74;0;836.74;683.24;93.691;43.061;16.745;0.8166;0.0715;0;0.02;817.72;19.023;0;0;3.5675;15.456;809.87;2.1186;0.6704;0.0919;1.2799;0.0763;811.99;5.724;4.7827;0.6558;0.2765;0.009;814.24;677.79;92.943;37.938;1.2036;261.51;210.78;81.393;2.6585;2.9193;41.993;4.3701;42.254;0;1;0;0;1.3976;0.9773;1;1;0.9172;0.077;0.9974;0.999;1;0.9674;0.9404;0.993;0.993;1;0.993;0.993;0.9679;0.881;0.0719;2.3813;2.4137;0.0145;-0.002;0.2838;0.0148;0.0526;0.007;0;0;0.088;1.8674;0;0;0;0;0;0;0;0;0;0;0;0;0.0423;0.0136;1.9871;1.9871;0;58.355;58.355;40.485;0.05;2081.5;954.65;1;0.0317;0.0317;0;0;0;0;0;0;1.9554;1.8674;0;15.692;18.171;14.747;17.077;98.407;98.407;20.082;16.757;15.748;3.3246;1.0091;0.1656;0.0502;0.7842;32.085;0.7558;0
25/03/21 10:00;46.833;-35.625;33.786;61.35;28.65;-90;-28.65;898.4;148.2;750.2;18.86;6.65;0;854.86;34.876;126.54;0;10.45;1026.7;0;1026.7;854.86;126.54;34.876;10.45;0.8326;0.0441;0;0.0102;1016.2;10.491;0;0;1.4334;9.0572;1004.6;4.5084;2.759;0.4084;1.0876;0.2534;1009.1;7.1137;5.9841;0.8858;0.2341;0.0097;1007.5;846.12;125.25;32.121;1.1293;481.35;387.97;150.65;0.4527;5.031;72.369;2.8993;76.947;0;1;0;0;1.1428;0.9898;1;1;0.9589;0.1333;0.9955;0.9967;1;0.9673;0.8167;0.993;0.993;1;0.993;0.993;0.9785;0.921;0.1081;2.922;3.0275;0.0182;0.002;0.4758;0.0177;0.0628;0.0115;0;0;0.088;2.2407;0;0;0;0;0;0;0;0;0;0;0;0;0.0506;0.0209;2.3679;2.3679;0;69.542;69.542;50.682;0.0504;2608;907.93;1;0.0392;0.0392;0;0;0;0;0;0;2.3287;2.2407;0;15.239;17.647;14.421;16.699;98.345;98.345;24.642;19.968;18.896;4.6732;1.0727;0.1896;0.0435;0.7668;22.778;0.7284;0
25/03/21 11:00;52.015;-13.886;36.689;79.386;10.614;-90;-10.614;583.91;328.8;255.11;19.85;6.59;0;259.55;249.12;78.88;0;0.9491;588.5;0;588.5;259.55;78.88;249.12;0.9491;0.441;0.4249;0;0.0016;585.73;2.7711;0;0;1.9831;0.788;569.99;11.637;1.2753;0.3876;9.9387;0.0359;581.63;4.1001;1.8169;0.5522;1.73;0.0011;570.17;256.46;77.94;235.47;0.1241;343.34;276.73;105.5;0.091;3.7007;53.233;0.1816;56.843;0;1;0;0;1.0079;0.9953;1;1;0.992;0.1697;0.98;0.9951;1;0.9595;0.7755;0.993;0.993;1;0.993;0.993;0.9685;0.9452;0.1307;1.6748;1.7379;0.0105;0.0022;0.1419;0.0111;0.0393;0.0092;0;0;0.088;1.3739;0;0;0;0;0;0;0;0;0;0;0;0;0.0317;0.0073;1.4848;1.4848;0;48.13;48.13;28.28;0.0496;1493.3;994.31;1;0.0229;0.0229;0;0;0;0;0;0;1.4619;1.3739;0;16.672;19.306;15.427;17.864;98.459;98.459;14.124;12.521;11.586;1.6026;0.935;0.1135;0.0662;0.8203;149.56;0.7683;0
25/03/21 12:00;52.363;10.678;36.876;81.869;8.1314;90;8.1314;855.3;141.7;713.6;20.84;6.57;0;720.85;48.431;93.969;0;0.8169;864.07;0;864.07;720.85;93.969;48.431;0.8169;0.8343;0.057;0;0.0009;863.14;0.9288;0;0;0.2488;0.68;850.97;6.1311;3.6202;0.4719;2.0085;0.0305;857.1;6.042;5.046;0.6578;0.3373;0.001;851.1;712.18;92.839;45.837;0.1054;501.21;403.98;157.96;0.0063;5.1369;73.892;0.1375;79.022;0;1;0;0;1.0102;0.9989;1;1;0.9949;0.1676;0.9928;0.9949;1;0.958;0.7753;0.993;0.993;1;0.993;0.993;0.9848;0.9464;0.129;2.4591;2.5831;0.0156;-0.0018;0.3516;0.0155;0.0551;0.012;0;0;0.088;1.9544;0;0;0;0;0;0;0;0;0;0;0;0;0.0443;0.0154;2.0752;2.0752;0;63.559;63.559;42.719;0.0502;2224;933.1;1;0.0329;0.0329;0;0;0;0;0;0;2.0424;1.9544;0;15.87;18.378;14.946;17.307;98.416;98.416;20.738;17.501;16.481;3.2368;1.0194;0.1561;0.0492;0.7948;28.911;0.7469;0
25/03/21 13:00;47.755;33.013;34.316;63.674;26.326;90;26.326;354.9;324;30.901;20.69;6.73;0;34.477;297.86;10.993;0;3.4969;346.83;0;346.83;34.477;10.993;297.86;3.4969;0.0994;0.8689;0;0.0101;333.09;13.738;0;0;10.727;3.0113;321.07;9.6874;0.1219;0.0389;9.4312;0.0954;330.76;2.3316;0.2413;0.077;2.0099;0.0034;322.11;34.114;10.877;275.69;0.3868;213.76;172.29;66.007;2.86;2.4649;35.457;1.0358;35.062;0;1;0;0;0.9772;0.9604;1;1;0.964;0.1389;0.9707;0.9964;1;0.9669;0.8021;0.993;0.993;1;0.993;0.993;0.9257;0.9256;0.1106;0.987;0.9926;0.006;0.0123;0.0408;0.0065;0.0232;0.0063;0;0;0.088;0.7741;0;0;0;0;0;0;0;0;0;0;0;0;0.0187;0.0026;0.8762;0.8762;0;36.517;36.517;15.827;0.0493;851.4;1029.1;1;0.0141;0.0141;0;0;0;0;0;0;0.8621;0.7741;0;16.693;19.33;14.749;17.079;98.395;98.395;8.3238;7.3888;6.5281;0.935;0.8607;0.1123;0.1034;0.7843;191.66;0.7285;0
25/03/21 14:00;39.556;50.446;29.405;46.97;43.03;90;43.03;696.29;120.2;576.09;21.4;6.6999;0;788.08;35.472;108.37;0;17.794;949.72;0;949.72;788.08;108.37;35.472;17.794;0.8298;0.0561;0;0.0187;930.52;19.192;0;0;2.7509;16.441;921.95;2.0577;0.7948;0.1093;1.0556;0.0979;924.01;6.5137;5.5166;0.7586;0.229;0.0095;926.72;781.77;107.5;31.437;1.2452;313.43;252.62;98.031;1.8611;3.3816;48.642;4.7643;50.163;0;1;0;0;1.364;0.9798;1;1;0.9224;0.076;0.9978;0.999;1;0.9675;0.9271;0.993;0.993;1;0.993;0.993;0.9708;0.8862;0.07;2.7028;2.7488;0.0166;-0.0009;0.4162;0.0162;0.0575;0.0078;0;0;0.088;2.049;0;0;0;0;0;0;0;0;0;0;0;0;0.0463;0.0174;2.1717;2.1717;0;67.845;67.845;46.445;0.0504;2367.7;917.24;1;0.0347;0.0347;0;0;0;0;0;0;2.137;2.049;0;15.111;17.498;14.257;16.509;98.4;98.4;22.793;18.315;17.279;4.4787;1.0351;0.1965;0.0454;0.7581;25.935;0.7301;0
25/03/21 15:00;29.249;63.692;22.749;31.993;58.007;90;58.007;475.39;147.8;327.59;19.68;6.2101;0;618.31;57.833;136.26;0;21.234;833.63;0;833.63;618.31;136.26;57.833;21.234;0.7417;0.0948;0;0.0255;806.83;26.808;0;0;6.9229;19.885;798.75;2.4252;0.4824;0.1063;1.7606;0.0759;801.18;5.6478;4.3282;0.9538;0.3564;0.0094;802.98;613.5;135.2;48.793;1.2644;139.38;112.34;44.989;8.5758;1.9168;27.572;4.2267;20.913;0;1;0;0;1.7536;0.9678;1;1;0.8803;0.0636;0.997;0.9992;1;0.9652;0.9434;0.993;0.993;1;0.993;0.993;0.9582;0.8437;0.0595;2.3725;2.3526;0.0142;-0.0019;0.2878;0.0144;0.051;0.0046;0;0;0.088;1.8102;0;0;0;0;0;0;0;0;0;0;0;0;0.041;0.013;1.9287;1.9287;0;59.652;59.652;39.972;0.05;2030.2;949.97;1;0.0305;0.0305;0;0;0;0;0;0;1.8982;1.8102;0;15.288;17.703;14.349;16.616;98.421;98.421;20.007;16.265;15.266;3.7425;0.999;0.1871;0.0499;0.763;49.195;0.7446;0
25/03/21 16:00;17.801;74.277;42.146;18.447;31.676;90;31.676;163.41;148.9;14.51;20.54;4.5399;0;35.191;133.04;12.486;0;2.3125;183.03;0;183.03;35.191;12.486;133.04;2.3125;0.1923;0.7395;0;0.0126;174.55;8.4787;0;0;6.4352;2.0435;168.82;4.5092;0.2844;0.1009;4.0792;0.0446;173.33;1.2219;0.2463;0.0874;0.8862;0.0019;169.49;34.66;12.298;121.64;0.2226;88.827;71.594;27.915;2.4316;1.0735;15.442;0.6689;14.084;0;1;0;0;1.1201;0.9537;1;1;0.9516;0.1163;0.974;0.9919;1;0.9676;0.8331;0.993;0.993;1;0.993;0.993;0.9224;0.9143;0.0962;0.5209;0.5159;0.0031;0.0171;0.0072;0.0034;0.0121;0.0028;0;0;0.088;0.3628;0;0;0;0;0;0;0;0;0;0;0;0;0.0098;0.0009;0.4595;0.4595;0;28.85;28.85;8.3103;0.0492;440.86;1042.3;1;0.0087;0.0087;0;0;0;0;0;0;0.4508;0.3628;0;16.589;19.21;13.096;15.165;98.096;98.096;4.3927;3.875;3.0591;0.5177;0.8159;0.1179;0.1857;0.6964;88.73;0.655;0
25/03/21 17:00;5.9772;83.292;75.371;6.0181;8.7124;90;8.7124;55.4;53.302;2.0979;19.31;3.1999;0;5.088;52.217;1.8973;0;0.0607;59.263;0;59.263;5.088;1.8973;52.217;0.0607;0.0859;0.8821;0;0.001;58.912;0.3511;0;0;0.3005;0.0505;55.011;3.4888;0.9759;0.3639;2.1468;0.0023;58.5;0.4124;0.0356;0.0133;0.3634;0.0001;55.02;4.0766;1.5202;49.406;0.0078;31.222;25.165;9.2381;0.0088;0.3597;5.1736;0.009;5.5244;0;1;0;0;1.0697;0.9941;1;1;0.9942;0.1677;0.9404;0.8069;1;0.9584;0.7752;0.993;0.993;1;0.993;0.993;0.9282;0.9462;0.1291;0.1687;0.1678;0.001;0.0138;-0.0018;0.0011;0.0038;0.0009;0;0;0.088;0.052;0;0;0;0;0;0;0;0;0;0;0;0;0.0031;0.0002;0.1457;0.1457;0;22.034;22.034;2.7239;0.0495;142.04;1025.5;1;0.0057;0.0057;0;0;0;0;0;0;0.14;0.052;0;16.243;18.809;5.7934;6.7086;96.078;96.078;1.4223;1.2285;0.4382;0.1938;0.7903;0.1363;0.5556;0.3081;31.208;0.2892;0
25/03/21 18:00;0;0;90;0;0;90;0;0;0;0;17.19;3;0;0;0;0;0;0;0;0;0;0;0;0;0;1;1;1;1;0;0;0;0;0;0;0;0;0;0;0;0;0;0;0;0;0;0;0;0;0;0;0;0;0;0;0;0;0;0;0;0;0;0;0;1;1;1;1;1;1;1;1;1;1;1;1;1;1;1;1;1;1;1;0;0;0;0;0;0;0;0;0;0.0004;0.088;-0.0884;0;0;0;0;0;0;0;0;0;0;0;0;0;0;0;0;0;0;0;-17.19;0;0;0;0;0.0004;0;0;0;0;0;0;0;-0.0004;-0.0884;0;0;0;0;0;0;0;0;0;-0.7452;0;0.7452;1;1;0;0;0;0
25/03/21 19:00;0;0;90;0;0;90;0;0;0;0;15.22;2.9401;0;0;0;0;0;0;0;0;0;0;0;0;0;1;1;1;1;0;0;0;0;0;0;0;0;0;0;0;0;0;0;0;0;0;0;0;0;0;0;0;0;0;0;0;0;0;0;0;0;0;0;0;1;1;1;1;1;1;1;1;1;1;1;1;1;1;1;1;1;1;1;0;0;0;0;0;0;0;0;0;0.0004;0.088;-0.0884;0;0;0;0;0;0;0;0;0;0;0;0;0;0;0;0;0;0;0;-15.22;0;0;0;0;0.0004;0;0;0;0;0;0;0;-0.0004;-0.0884;0;0;0;0;0;0;0;0;0;-0.7452;0;0.7452;1;1;0;0;0;0
25/03/21 20:00;0;0;90;0;0;90;0;0;0;0;14.16;2.99;0;0;0;0;0;0;0;0;0;0;0;0;0;1;1;1;1;0;0;0;0;0;0;0;0;0;0;0;0;0;0;0;0;0;0;0;0;0;0;0;0;0;0;0;0;0;0;0;0;0;0;0;1;1;1;1;1;1;1;1;1;1;1;1;1;1;1;1;1;1;1;0;0;0;0;0;0;0;0;0;0.0004;0.088;-0.0884;0;0;0;0;0;0;0;0;0;0;0;0;0;0;0;0;0;0;0;-14.16;0;0;0;0;0.0004;0;0;0;0;0;0;0;-0.0004;-0.0884;0;0;0;0;0;0;0;0;0;-0.7452;0;0.7452;1;1;0;0;0;0
25/03/21 21:00;0;0;90;0;0;90;0;0;0;0;14.08;2.9599;0;0;0;0;0;0;0;0;0;0;0;0;0;1;1;1;1;0;0;0;0;0;0;0;0;0;0;0;0;0;0;0;0;0;0;0;0;0;0;0;0;0;0;0;0;0;0;0;0;0;0;0;1;1;1;1;1;1;1;1;1;1;1;1;1;1;1;1;1;1;1;0;0;0;0;0;0;0;0;0;0.0004;0.088;-0.0884;0;0;0;0;0;0;0;0;0;0;0;0;0;0;0;0;0;0;0;-14.08;0;0;0;0;0.0004;0;0;0;0;0;0;0;-0.0004;-0.0884;0;0;0;0;0;0;0;0;0;-0.7452;0;0.7452;1;1;0;0;0;0
25/03/21 22:00;0;0;90;0;0;90;0;0;0;0;12.37;2.91;0;0;0;0;0;0;0;0;0;0;0;0;0;1;1;1;1;0;0;0;0;0;0;0;0;0;0;0;0;0;0;0;0;0;0;0;0;0;0;0;0;0;0;0;0;0;0;0;0;0;0;0;1;1;1;1;1;1;1;1;1;1;1;1;1;1;1;1;1;1;1;0;0;0;0;0;0;0;0;0;0.0004;0.088;-0.0884;0;0;0;0;0;0;0;0;0;0;0;0;0;0;0;0;0;0;0;-12.37;0;0;0;0;0.0004;0;0;0;0;0;0;0;-0.0004;-0.0884;0;0;0;0;0;0;0;0;0;-0.7452;0;0.7452;1;1;0;0;0;0
25/03/21 23:00;0;0;90;0;0;90;0;0;0;0;11.67;2.7899;0;0;0;0;0;0;0;0;0;0;0;0;0;1;1;1;1;0;0;0;0;0;0;0;0;0;0;0;0;0;0;0;0;0;0;0;0;0;0;0;0;0;0;0;0;0;0;0;0;0;0;0;1;1;1;1;1;1;1;1;1;1;1;1;1;1;1;1;1;1;1;0;0;0;0;0;0;0;0;0;0.0004;0.088;-0.0884;0;0;0;0;0;0;0;0;0;0;0;0;0;0;0;0;0;0;0;-11.67;0;0;0;0;0.0004;0;0;0;0;0;0;0;-0.0004;-0.0884;0;0;0;0;0;0;0;0;0;-0.7452;0;0.7452;1;1;0;0;0;0
26/03/21 00:00;0;0;90;0;0;90;0;0;0;0;11.05;2.5;0;0;0;0;0;0;0;0;0;0;0;0;0;1;1;1;1;0;0;0;0;0;0;0;0;0;0;0;0;0;0;0;0;0;0;0;0;0;0;0;0;0;0;0;0;0;0;0;0;0;0;0;1;1;1;1;1;1;1;1;1;1;1;1;1;1;1;1;1;1;1;0;0;0;0;0;0;0;0;0;0.0004;0.088;-0.0884;0;0;0;0;0;0;0;0;0;0;0;0;0;0;0;0;0;0;0;-11.05;0;0;0;0;0.0004;0;0;0;0;0;0;0;-0.0004;-0.0884;0;0;0;0;0;0;0;0;0;-0.7452;0;0.7452;1;1;0;0;0;0
26/03/21 01:00;0;0;90;0;0;90;0;0;0;0;10.34;2.1501;0;0;0;0;0;0;0;0;0;0;0;0;0;1;1;1;1;0;0;0;0;0;0;0;0;0;0;0;0;0;0;0;0;0;0;0;0;0;0;0;0;0;0;0;0;0;0;0;0;0;0;0;1;1;1;1;1;1;1;1;1;1;1;1;1;1;1;1;1;1;1;0;0;0;0;0;0;0;0;0;0.0004;0.088;-0.0884;0;0;0;0;0;0;0;0;0;0;0;0;0;0;0;0;0;0;0;-10.34;0;0;0;0;0.0004;0;0;0;0;0;0;0;-0.0004;-0.0884;0;0;0;0;0;0;0;0;0;-0.7452;0;0.7452;1;1;0;0;0;0
26/03/21 02:00;0;0;90;0;0;90;0;0;0;0;9.7401;1.6099;0;0;0;0;0;0;0;0;0;0;0;0;0;1;1;1;1;0;0;0;0;0;0;0;0;0;0;0;0;0;0;0;0;0;0;0;0;0;0;0;0;0;0;0;0;0;0;0;0;0;0;0;1;1;1;1;1;1;1;1;1;1;1;1;1;1;1;1;1;1;1;0;0;0;0;0;0;0;0;0;0.0004;0.088;-0.0884;0;0;0;0;0;0;0;0;0;0;0;0;0;0;0;0;0;0;0;-9.7401;0;0;0;0;0.0004;0;0;0;0;0;0;0;-0.0004;-0.0884;0;0;0;0;0;0;0;0;0;-0.7452;0;0.7452;1;1;0;0;0;0
26/03/21 03:00;0;0;90;0;0;90;0;0;0;0;9.3399;0.84;0;0;0;0;0;0;0;0;0;0;0;0;0;1;1;1;1;0;0;0;0;0;0;0;0;0;0;0;0;0;0;0;0;0;0;0;0;0;0;0;0;0;0;0;0;0;0;0;0;0;0;0;1;1;1;1;1;1;1;1;1;1;1;1;1;1;1;1;1;1;1;0;0;0;0;0;0;0;0;0;0.0004;0.088;-0.0884;0;0;0;0;0;0;0;0;0;0;0;0;0;0;0;0;0;0;0;-9.3399;0;0;0;0;0.0004;0;0;0;0;0;0;0;-0.0004;-0.0884;0;0;0;0;0;0;0;0;0;-0.7452;0;0.7452;1;1;0;0;0;0
26/03/21 04:00;0;0;90;0;0;90;0;0;0;0;9.1398;0.6301;0;0;0;0;0;0;0;0;0;0;0;0;0;1;1;1;1;0;0;0;0;0;0;0;0;0;0;0;0;0;0;0;0;0;0;0;0;0;0;0;0;0;0;0;0;0;0;0;0;0;0;0;1;1;1;1;1;1;1;1;1;1;1;1;1;1;1;1;1;1;1;0;0;0;0;0;0;0;0;0;0.0004;0.088;-0.0884;0;0;0;0;0;0;0;0;0;0;0;0;0;0;0;0;0;0;0;-9.1398;0;0;0;0;0.0004;0;0;0;0;0;0;0;-0.0004;-0.0884;0;0;0;0;0;0;0;0;0;-0.7452;0;0.7452;1;1;0;0;0;0
26/03/21 05:00;0;0;90;0;0;90;0;0;0;0;9.0999;1.1101;0;0;0;0;0;0;0;0;0;0;0;0;0;1;1;1;1;0;0;0;0;0;0;0;0;0;0;0;0;0;0;0;0;0;0;0;0;0;0;0;0;0;0;0;0;0;0;0;0;0;0;0;1;1;1;1;1;1;1;1;1;1;1;1;1;1;1;1;1;1;1;0;0;0;0;0;0;0;0;0;0.0004;0.088;-0.0884;0;0;0;0;0;0;0;0;0;0;0;0;0;0;0;0;0;0;0;-9.0999;0;0;0;0;0.0004;0;0;0;0;0;0;0;-0.0004;-0.0884;0;0;0;0;0;0;0;0;0;-0.7452;0;0.7452;1;1;0;0;0;0
26/03/21 06:00;5.0021;-83.508;77.792;5.0342;7.2535;-90;-7.2535;58.701;21.699;37.003;8.85;1.9101;0;89.742;14.926;16.279;0;0.0446;120.99;0;120.99;89.742;16.279;14.926;0.0446;0.7417;0.1237;0;0.0004;120.89;0.1004;0;0;0.0633;0.0371;92.983;27.063;22.375;4.0588;0.6269;0.0017;120.05;0.8462;0.6282;0.114;0.104;0.0001;92.985;66.739;12.106;14.132;0.0058;9.1094;7.3422;2.6095;0.0012;0.1104;1.5884;0.0015;1.6977;0;1;0;0;2.0611;0.9992;1;1;0.9958;0.1686;0.7746;0.7489;1;0.9575;0.7761;0.993;0.993;1;0.993;0.993;0.7685;0.9468;0.1299;0.3443;0.2692;0.0016;0.0161;-0.0114;0.0018;0.0065;0.0003;0;0;0.088;0.1536;0;0;0;0;0;0;0;0;0;0;0;0;0.0053;0.0003;0.2486;0.2486;0;13.394;13.394;4.5439;0.0489;229.29;1084.3;1;0.0071;0.0071;0;0;0;0;0;0;0.2416;0.1536;0;13.578;15.723;8.387;9.7119;97.163;97.163;2.9038;2.0966;1.295;0.8072;0.8016;0.278;0.276;0.446;8.8952;0.4416;0
26/03/21 07:00;16.046;-75.184;47.904;16.568;27.188;-90;-27.188;250.8;41.801;209;13.04;1.95;0;506.89;17.725;55.876;0;2.6325;583.13;0;583.13;506.89;55.876;17.725;2.6325;0.8693;0.0349;0;0.0045;580.19;2.9359;0;0;0.67;2.2659;569.07;7.0582;5.7921;0.6385;0.558;0.0696;576.13;4.0613;3.5483;0.3911;0.1194;0.0026;569.16;497.55;54.847;16.378;0.2944;12.604;10.159;3.2577;0.1912;0.188;2.7048;0.0842;2.7017;0;1;0;0;2.325;0.995;1;1;0.9622;0.1393;0.9877;0.9885;1;0.9671;0.8087;0.993;0.993;1;0.993;0.993;0.9759;0.924;0.1118;1.6595;1.6338;0.0098;0.0034;0.0927;0.0107;0.0379;0.0005;0;0;0.088;1.3311;0;0;0;0;0;0;0;0;0;0;0;0;0.0306;0.0065;1.4417;1.4417;0;41.112;41.112;28.072;0.0493;1408;1023.9;1;0.0226;0.0226;0;0;0;0;0;0;1.4191;1.3311;0;16.337;18.918;15.084;17.467;98.434;98.434;13.995;12.158;11.225;1.8372;0.9325;0.1313;0.0666;0.8021;11.467;0.7993;0
26/03/21 08:00;27.57;-64.836;22.143;29.979;60;-90;-60;464.3;76.397;387.9;16.02;2.12;0;776.28;22.294;93.402;0;22.054;914.03;0;914.03;776.28;93.402;22.294;22.054;0.8493;0.0485;0;0.0241;890.71;23.321;0;0;2.7931;20.528;883.03;1.4441;0.5896;0.0709;0.6851;0.0984;884.48;6.235;5.434;0.6538;0.1365;0.0107;886.25;770.26;92.677;18.679;1.4175;97.153;78.305;31.875;3.7327;1.1566;16.637;3.2185;14.061;0;1;0;0;1.9686;0.9745;1;1;0.8747;0.0692;0.9984;0.9992;1;0.9646;0.9351;0.993;0.993;1;0.993;0.993;0.9661;0.8379;0.0643;2.6013;2.569;0.0155;-0.0018;0.3188;0.0157;0.0555;0.0028;0;0;0.088;1.9807;0;0;0;0;0;0;0;0;0;0;0;0;0.0447;0.0154;2.1025;2.1025;0;60.227;60.227;44.207;0.0501;2217.1;948.29;1;0.0337;0.0337;0;0;0;0;0;0;2.0687;1.9807;0;15.2;17.601;14.32;16.582;98.396;98.396;21.937;17.73;16.704;4.2065;1.0266;0.1918;0.0468;0.7614;19.414;0.7512;0
26/03/21 09:00;38.03;-52.019;28.996;44.778;45.222;-90;-45.222;643.2;106.1;537.1;18.67;1.87;0;762.54;32.958;95.724;0;18.065;909.28;0;909.28;762.54;95.724;32.958;18.065;0.8386;0.0561;0;0.0199;889.86;19.416;0;0;2.7393;16.677;881.72;1.9147;0.7584;0.0952;0.9796;0.0815;883.64;6.2291;5.3377;0.6701;0.2115;0.0097;886.37;756.44;94.958;29.027;1.2964;276.95;223.23;85.931;2.0516;3.0596;44.011;4.6509;45.019;0;1;0;0;1.4137;0.9786;1;1;0.9169;0.0768;0.9978;0.999;1;0.9674;0.9408;0.993;0.993;1;0.993;0.993;0.9697;0.8807;0.0718;2.5877;2.6241;0.0158;-0.0016;0.3509;0.0158;0.0561;0.0072;0;0;0.088;1.997;0;0;0;0;0;0;0;0;0;0;0;0;0.0452;0.016;2.1189;2.1189;0;62.908;62.908;44.239;0.0502;2261.8;936.79;1;0.0339;0.0339;0;0;0;0;0;0;2.085;1.997;0;15.398;17.831;14.512;16.805;98.4;98.4;21.823;17.869;16.841;3.9542;1.0279;0.1812;0.0471;0.7717;24.579;0.7447;0
26/03/21 10:00;46.525;-35.252;34.185;61.311;28.689;-90;-28.689;778.71;128.5;650.21;20.04;1.8;0;741.19;41.84;95.671;0;9.0815;887.79;0;887.79;741.19;95.671;41.84;9.0815;0.8349;0.0574;0;0.0102;878.19;9.5961;0;0;1.7234;7.8727;867.62;4.419;2.564;0.3309;1.3044;0.2197;872.04;6.1473;5.1884;0.6697;0.2808;0.0085;870.15;733.44;94.67;38.532;0.9806;418.1;336.99;130.84;0.5447;4.3803;63.009;2.5259;66.844;0;1;0;0;1.1401;0.9892;1;1;0.9588;0.1331;0.9949;0.9965;1;0.9673;0.817;0.993;0.993;1;0.993;0.993;0.9773;0.9209;0.108;2.5266;2.6158;0.0158;-0.0017;0.3563;0.0157;0.0557;0.0103;0;0;0.088;1.9815;0;0;0;0;0;0;0;0;0;0;0;0;0.0449;0.0158;2.1029;2.1029;0;63.596;63.596;43.556;0.0502;2253;933.4;1;0.0334;0.0334;0;0;0;0;0;0;2.0695;1.9815;0;15.652;18.125;14.748;17.078;98.41;98.41;21.307;17.734;16.71;3.5728;1.0241;0.1677;0.0481;0.7843;27.333;0.7447;0
26/03/21 11:00;51.646;-13.636;37.087;79.433;10.567;-90;-10.567;324.1;306.6;17.497;21.05;2.34;0;17.799;299.06;5.0725;0;0.5222;322.45;0;322.45;17.799;5.0725;299.06;0.5222;0.0552;0.9291;0;0.0016;319.65;2.7966;0;0;2.363;0.4336;305.34;12.078;0.0916;0.0261;11.94;0.0198;317.42;2.2376;0.1246;0.0355;2.0769;0.0006;305.43;17.583;5.0109;282.68;0.0683;192.62;155.25;57.346;0.1072;2.1994;31.637;0.0958;33.729;0;1;0;0;0.9949;0.9913;1;1;0.9921;0.1697;0.962;0.9948;1;0.9595;0.7755;0.993;0.993;1;0.993;0.993;0.9469;0.9452;0.1307;0.9177;0.9372;0.0056;0.013;0.0372;0.0062;0.0219;0.0056;0;0;0.088;0.7263;0;0;0;0;0;0;0;0;0;0;0;0;0.0176;0.0024;0.8277;0.8277;0;36.101;36.101;15.051;0.0493;803.83;1029.6;1;0.0134;0.0134;0;0;0;0;0;0;0.8143;0.7263;0;16.961;19.641;14.884;17.235;98.386;98.386;7.7388;6.9797;6.125;0.7591;0.8548;0.0981;0.1105;0.7915;179.52;0.7373;0
26/03/21 12:00;51.963;10.709;37.26;81.729;8.2711;90;8.2711;758.2;188;570.2;21.35;2.9599;0;576.19;88.328;100.25;0;0.7492;765.52;0;765.52;576.19;100.25;88.328;0.7492;0.7527;0.1164;0;0.001;764.43;1.0902;0;0;0.4666;0.6236;751.85;7.2317;3.0224;0.5259;3.6555;0.028;759.08;5.351;4.0333;0.7018;0.615;0.0009;751.97;569.14;99.023;83.591;0.0967;444.6;358.35;139.57;0.0122;4.5931;66.07;0.1264;70.651;0;1;0;0;1.0097;0.9986;1;1;0.9947;0.1676;0.9905;0.9947;1;0.9581;0.7753;0.993;0.993;1;0.993;0.993;0.9821;0.9464;0.129;2.1786;2.2838;0.0138;-0.0018;0.2739;0.014;0.0496;0.011;0;0;0.088;1.7538;0;0;0;0;0;0;0;0;0;0;0;0;0.04;0.0122;1.8712;1.8712;0;58.957;58.957;37.607;0.05;1967.5;951.04;1;0.0294;0.0294;0;0;0;0;0;0;1.8418;1.7538;0;16.152;18.704;15.139;17.53;98.429;98.429;18.372;15.78;14.79;2.5924;0.99;0.1411;0.0539;0.805;52.741;0.7562;0
26/03/21 13:00;47.368;32.859;34.675;63.459;26.541;90;26.541;560.1;317.3;242.8;21.43;2.97;0;271.4;228.27;85.319;0;5.6076;590.6;0;590.6;271.4;85.319;228.27;5.6076;0.4595;0.396;0;0.0095;577.44;13.162;0;0;8.3286;4.8338;564.69;8.7035;1.0162;0.3194;7.2165;0.1513;573.4;4.0421;1.8998;0.5972;1.5396;0.0054;566.27;268.48;84.403;211.19;0.6171;319.84;257.79;99.769;2.2562;3.4915;50.224;1.5787;51.459;0;1;0;0;1.0545;0.9777;1;1;0.9635;0.138;0.9848;0.9962;1;0.967;0.8031;0.993;0.993;1;0.993;0.993;0.9561;0.9252;0.11;1.6808;1.7207;0.0104;0.0024;0.1489;0.0109;0.0387;0.0086;0;0;0.088;1.3521;0;0;0;0;0;0;0;0;0;0;0;0;0.0312;0.0072;1.4625;1.4625;0;49.48;49.48;28.05;0.0497;1478.8;988.99;1;0.0224;0.0224;0;0;0;0;0;0;1.4401;1.3521;0;16.363;18.948;15.128;17.518;98.471;98.471;14.174;12.333;11.403;1.8412;0.9307;0.1299;0.0657;0.8044;147.08;0.7563;0
26/03/21 14:00;39.201;50.206;29.734;46.709;43.291;90;43.291;236.7;229.4;7.3017;22.14;3.39;0;10.032;196.52;2.654;0;6.1191;215.32;0;215.32;10.032;2.654;196.52;6.1191;0.0466;0.9411;0;0.0284;194.29;21.033;0;0;15.376;5.6571;187.04;5.8922;0.0102;0.0027;5.8465;0.0327;192.93;1.36;0.0702;0.0186;1.268;0.0032;189.34;9.9511;2.6327;174.03;0.4261;148.04;119.32;48.86;10.504;2.0568;29.586;2.2981;21.138;0;1;0;0;0.9097;0.9023;1;1;0.9218;0.0755;0.9695;0.999;1;0.9675;0.9287;0.993;0.993;1;0.993;0.993;0.8686;0.8856;0.0696;0.6128;0.601;0.0036;0.0167;0.0138;0.004;0.0141;0.0053;0;0;0.088;0.4337;0;0;0;0;0;0;0;0;0;0;0;0;0.0113;0.0011;0.5311;0.5311;0;31.358;31.358;9.2182;0.0493;512.82;1035.7;1;0.0094;0.0094;0;0;0;0;0;0;0.5217;0.4337;0;16.299;18.874;13.309;15.411;98.222;98.222;5.1677;4.479;3.6572;0.6888;0.8217;0.1333;0.159;0.7077;144.02;0.6417;0
26/03/21 15:00;28.924;63.425;23.052;31.71;58.29;90;58.29;199.51;191.7;7.8042;21.65;3.16;0;14.848;144.51;4.2898;0;8.991;172.64;0;172.64;14.848;4.2898;144.51;8.991;0.086;0.8891;0;0.0521;146.8;25.84;0;0;17.422;8.4187;141.32;4.4527;0.0117;0.0034;4.4046;0.033;145.77;1.0276;0.1039;0.03;0.8896;0.004;145.09;14.732;4.2564;121.8;0.5353;125.53;101.18;44.276;21.793;2.3967;34.475;3.7745;15.079;0;1;0;0;0.8653;0.8503;1;1;0.8794;0.0637;0.9695;0.9992;1;0.9651;0.9419;0.993;0.993;1;0.993;0.993;0.8186;0.8428;0.0595;0.4913;0.4842;0.0029;0.0172;0.0063;0.0032;0.0114;0.0062;0;0;0.088;0.3307;0;0;0;0;0;0;0;0;0;0;0;0;0.0092;0.0008;0.427;0.427;0;28.617;28.617;6.9665;0.0493;411.98;1036.5;1;0.0083;0.0083;0;0;0;0;0;0;0.4187;0.3307;0;16.345;18.927;12.657;14.657;98.045;98.045;4.1434;3.6012;2.7887;0.5422;0.8125;0.1309;0.1961;0.673;123.33;0.5855;0
26/03/21 16:00;17.496;74.005;43.184;18.156;30.933;90;30.933;129.3;124.5;4.8018;21.39;1.97;0;11.646;114.3;3.5152;0;1.747;131.21;0;131.21;11.646;3.5152;114.3;1.747;0.0888;0.8844;0;0.0133;124.34;6.8624;0;0;5.3242;1.5383;119.79;3.6847;0.1012;0.0305;3.5173;0.0356;123.47;0.8704;0.0815;0.0246;0.7628;0.0015;120.33;11.463;3.4601;104.69;0.1717;75.857;61.141;23.801;1.9245;0.9094;13.081;0.5385;12.066;0;1;0;0;1.0147;0.9477;1;1;0.9534;0.1195;0.9702;0.9913;1;0.9675;0.8281;0.993;0.993;1;0.993;0.993;0.913;0.916;0.0983;0.3734;0.3705;0.0022;0.0171;0.0031;0.0024;0.0086;0.0023;0;0;0.088;0.2319;0;0;0;0;0;0;0;0;0;0;0;0;0.007;0.0005;0.3272;0.3272;0;27.298;27.298;5.9078;0.0493;315.96;1035.5;1;0.0073;0.0073;0;0;0;0;0;0;0.3199;0.2319;0;16.478;19.081;11.679;13.524;97.775;97.775;3.1489;2.7591;1.9556;0.3898;0.8035;0.1238;0.2552;0.621;75.827;0.5779;0
26/03/21 17:00;5.8868;82.871;75.597;5.9324;8.5844;90;8.5844;13.498;13.397;0.1016;20.08;1.5901;0;0.2464;13.312;0.0235;0;0.0144;13.596;0;13.596;0.2464;0.0235;13.312;0.0144;0.0181;0.9802;0;0.0011;13.51;0.0867;0;0;0.0748;0.012;12.813;0.6019;0.0484;0.0046;0.5484;0.0005;13.415;0.0946;0.0017;0.0002;0.0927;0;12.815;0.1963;0.0187;12.596;0.0019;7.9546;6.4114;2.3528;0.0021;0.0917;1.3187;0.0022;1.4083;0;1;0;0;1.0073;0.9936;1;1;0.9944;0.1677;0.9551;0.8022;1;0.9583;0.7752;0.993;0.993;1;0.993;0.993;0.9424;0.9462;0.1291;0.0387;0.0393;0.0002;0.0069;-0.0006;0.0002;0.0008;0.0002;0;0;0.088;-0.0598;0;0;0;0;0;0;0;0;0;0;0;0;0.0007;0;0.0308;0.0308;0;20.728;20.728;0.6479;0.0506;31.916;965.31;1;0.0026;0.0026;0;0;0;0;0;0;0.0282;-0.0598;0;14.973;17.338;-29.071;-33.664;91.481;91.481;0.3263;0.2598;-0.5044;0.0665;0.7642;0.2038;2.3421;0;7.954;0;0
26/03/21 18:00;0;0;90;0;0;90;0;0;0;0;17.86;1.3501;0;0;0;0;0;0;0;0;0;0;0;0;0;1;1;1;1;0;0;0;0;0;0;0;0;0;0;0;0;0;0;0;0;0;0;0;0;0;0;0;0;0;0;0;0;0;0;0;0;0;0;0;1;1;1;1;1;1;1;1;1;1;1;1;1;1;1;1;1;1;1;0;0;0;0;0;0;0;0;0;0.0004;0.088;-0.0884;0;0;0;0;0;0;0;0;0;0;0;0;0;0;0;0;0;0;0;-17.86;0;0;0;0;0.0004;0;0;0;0;0;0;0;-0.0004;-0.0884;0;0;0;0;0;0;0;0;0;-0.7452;0;0.7452;1;1;0;0;0;0
26/03/21 19:00;0;0;90;0;0;90;0;0;0;0;15.6;1.33;0;0;0;0;0;0;0;0;0;0;0;0;0;1;1;1;1;0;0;0;0;0;0;0;0;0;0;0;0;0;0;0;0;0;0;0;0;0;0;0;0;0;0;0;0;0;0;0;0;0;0;0;1;1;1;1;1;1;1;1;1;1;1;1;1;1;1;1;1;1;1;0;0;0;0;0;0;0;0;0;0.0004;0.088;-0.0884;0;0;0;0;0;0;0;0;0;0;0;0;0;0;0;0;0;0;0;-15.6;0;0;0;0;0.0004;0;0;0;0;0;0;0;-0.0004;-0.0884;0;0;0;0;0;0;0;0;0;-0.7452;0;0.7452;1;1;0;0;0;0
26/03/21 20:00;0;0;90;0;0;90;0;0;0;0;15.3;1.39;0;0;0;0;0;0;0;0;0;0;0;0;0;1;1;1;1;0;0;0;0;0;0;0;0;0;0;0;0;0;0;0;0;0;0;0;0;0;0;0;0;0;0;0;0;0;0;0;0;0;0;0;1;1;1;1;1;1;1;1;1;1;1;1;1;1;1;1;1;1;1;0;0;0;0;0;0;0;0;0;0.0004;0.088;-0.0884;0;0;0;0;0;0;0;0;0;0;0;0;0;0;0;0;0;0;0;-15.3;0;0;0;0;0.0004;0;0;0;0;0;0;0;-0.0004;-0.0884;0;0;0;0;0;0;0;0;0;-0.7452;0;0.7452;1;1;0;0;0;0
26/03/21 21:00;0;0;90;0;0;90;0;0;0;0;16.22;1.57;0;0;0;0;0;0;0;0;0;0;0;0;0;1;1;1;1;0;0;0;0;0;0;0;0;0;0;0;0;0;0;0;0;0;0;0;0;0;0;0;0;0;0;0;0;0;0;0;0;0;0;0;1;1;1;1;1;1;1;1;1;1;1;1;1;1;1;1;1;1;1;0;0;0;0;0;0;0;0;0;0.0004;0.088;-0.0884;0;0;0;0;0;0;0;0;0;0;0;0;0;0;0;0;0;0;0;-16.22;0;0;0;0;0.0004;0;0;0;0;0;0;0;-0.0004;-0.0884;0;0;0;0;0;0;0;0;0;-0.7452;0;0.7452;1;1;0;0;0;0
26/03/21 22:00;0;0;90;0;0;90;0;0;0;0;15.6;1.81;0;0;0;0;0;0;0;0;0;0;0;0;0;1;1;1;1;0;0;0;0;0;0;0;0;0;0;0;0;0;0;0;0;0;0;0;0;0;0;0;0;0;0;0;0;0;0;0;0;0;0;0;1;1;1;1;1;1;1;1;1;1;1;1;1;1;1;1;1;1;1;0;0;0;0;0;0;0;0;0;0.0004;0.088;-0.0884;0;0;0;0;0;0;0;0;0;0;0;0;0;0;0;0;0;0;0;-15.6;0;0;0;0;0.0004;0;0;0;0;0;0;0;-0.0004;-0.0884;0;0;0;0;0;0;0;0;0;-0.7452;0;0.7452;1;1;0;0;0;0
26/03/21 23:00;0;0;90;0;0;90;0;0;0;0;15;2.0799;0;0;0;0;0;0;0;0;0;0;0;0;0;1;1;1;1;0;0;0;0;0;0;0;0;0;0;0;0;0;0;0;0;0;0;0;0;0;0;0;0;0;0;0;0;0;0;0;0;0;0;0;1;1;1;1;1;1;1;1;1;1;1;1;1;1;1;1;1;1;1;0;0;0;0;0;0;0;0;0;0.0004;0.088;-0.0884;0;0;0;0;0;0;0;0;0;0;0;0;0;0;0;0;0;0;0;-15;0;0;0;0;0.0004;0;0;0;0;0;0;0;-0.0004;-0.0884;0;0;0;0;0;0;0;0;0;-0.7452;0;0.7452;1;1;0;0;0;0
27/03/21 00:00;0;0;90;0;0;90;0;0;0;0;15.2;2.26;0;0;0;0;0;0;0;0;0;0;0;0;0;1;1;1;1;0;0;0;0;0;0;0;0;0;0;0;0;0;0;0;0;0;0;0;0;0;0;0;0;0;0;0;0;0;0;0;0;0;0;0;1;1;1;1;1;1;1;1;1;1;1;1;1;1;1;1;1;1;1;0;0;0;0;0;0;0;0;0;0.0004;0.088;-0.0884;0;0;0;0;0;0;0;0;0;0;0;0;0;0;0;0;0;0;0;-15.2;0;0;0;0;0.0004;0;0;0;0;0;0;0;-0.0004;-0.0884;0;0;0;0;0;0;0;0;0;-0.7452;0;0.7452;1;1;0;0;0;0
27/03/21 01:00;0;0;90;0;0;90;0;0;0;0;14.58;2.3199;0;0;0;0;0;0;0;0;0;0;0;0;0;1;1;1;1;0;0;0;0;0;0;0;0;0;0;0;0;0;0;0;0;0;0;0;0;0;0;0;0;0;0;0;0;0;0;0;0;0;0;0;1;1;1;1;1;1;1;1;1;1;1;1;1;1;1;1;1;1;1;0;0;0;0;0;0;0;0;0;0.0004;0.088;-0.0884;0;0;0;0;0;0;0;0;0;0;0;0;0;0;0;0;0;0;0;-14.58;0;0;0;0;0.0004;0;0;0;0;0;0;0;-0.0004;-0.0884;0;0;0;0;0;0;0;0;0;-0.7452;0;0.7452;1;1;0;0;0;0
27/03/21 02:00;0;0;90;0;0;90;0;0;0;0;13.47;2.43;0;0;0;0;0;0;0;0;0;0;0;0;0;1;1;1;1;0;0;0;0;0;0;0;0;0;0;0;0;0;0;0;0;0;0;0;0;0;0;0;0;0;0;0;0;0;0;0;0;0;0;0;1;1;1;1;1;1;1;1;1;1;1;1;1;1;1;1;1;1;1;0;0;0;0;0;0;0;0;0;0.0004;0.088;-0.0884;0;0;0;0;0;0;0;0;0;0;0;0;0;0;0;0;0;0;0;-13.47;0;0;0;0;0.0004;0;0;0;0;0;0;0;-0.0004;-0.0884;0;0;0;0;0;0;0;0;0;-0.7452;0;0.7452;1;1;0;0;0;0
27/03/21 03:00;0;0;90;0;0;90;0;0;0;0;12.34;2.5401;0;0;0;0;0;0;0;0;0;0;0;0;0;1;1;1;1;0;0;0;0;0;0;0;0;0;0;0;0;0;0;0;0;0;0;0;0;0;0;0;0;0;0;0;0;0;0;0;0;0;0;0;1;1;1;1;1;1;1;1;1;1;1;1;1;1;1;1;1;1;1;0;0;0;0;0;0;0;0;0;0.0004;0.088;-0.0884;0;0;0;0;0;0;0;0;0;0;0;0;0;0;0;0;0;0;0;-12.34;0;0;0;0;0.0004;0;0;0;0;0;0;0;-0.0004;-0.0884;0;0;0;0;0;0;0;0;0;-0.7452;0;0.7452;1;1;0;0;0;0
27/03/21 04:00;0;0;90;0;0;90;0;0;0;0;12.2;2.66;0;0;0;0;0;0;0;0;0;0;0;0;0;1;1;1;1;0;0;0;0;0;0;0;0;0;0;0;0;0;0;0;0;0;0;0;0;0;0;0;0;0;0;0;0;0;0;0;0;0;0;0;1;1;1;1;1;1;1;1;1;1;1;1;1;1;1;1;1;1;1;0;0;0;0;0;0;0;0;0;0.0004;0.088;-0.0884;0;0;0;0;0;0;0;0;0;0;0;0;0;0;0;0;0;0;0;-12.2;0;0;0;0;0.0004;0;0;0;0;0;0;0;-0.0004;-0.0884;0;0;0;0;0;0;0;0;0;-0.7452;0;0.7452;1;1;0;0;0;0
27/03/21 05:00;0;0;90;0;0;90;0;0;0;0;12.7;2.65;0;0;0;0;0;0;0;0;0;0;0;0;0;1;1;1;1;0;0;0;0;0;0;0;0;0;0;0;0;0;0;0;0;0;0;0;0;0;0;0;0;0;0;0;0;0;0;0;0;0;0;0;1;1;1;1;1;1;1;1;1;1;1;1;1;1;1;1;1;1;1;0;0;0;0;0;0;0;0;0;0.0004;0.088;-0.0884;0;0;0;0;0;0;0;0;0;0;0;0;0;0;0;0;0;0;0;-12.7;0;0;0;0;0.0004;0;0;0;0;0;0;0;-0.0004;-0.0884;0;0;0;0;0;0;0;0;0;-0.7452;0;0.7452;1;1;0;0;0;0
27/03/21 06:00;5.0418;-82.996;77.693;5.0795;7.3202;-90;-7.3202;30.494;27.798;2.6951;13.53;3.4399;0;6.5364;27.066;1.5079;0;0.0236;35.134;0;35.134;6.5364;1.5079;27.066;0.0236;0.186;0.771;0;0.0007;34.998;0.1361;0;0;0.1165;0.0196;31.632;3.1206;1.6122;0.3719;1.1356;0.0009;34.753;0.245;0.0458;0.0106;0.1886;0;31.635;4.8785;1.1254;25.625;0.0031;16.148;13.015;4.7735;0.0022;0.1861;2.6776;0.0027;2.8616;0;1;0;0;1.1522;0.9961;1;1;0.9957;0.1686;0.9102;0.7516;1;0.9576;0.776;0.993;0.993;1;0.993;0.993;0.9003;0.9468;0.1299;0.1;0.0959;0.0006;0.0109;-0.0035;0.0006;0.0022;0.0005;0;0;0.088;-0.0093;0;0;0;0;0;0;0;0;0;0;0;0;0.0018;0.0001;0.0828;0.0828;0;15.098;15.098;1.5684;0.0496;80.284;1031.4;1;0.0041;0.0041;0;0;0;0;0;0;0.0787;-0.0093;0;15.574;18.034;-1.7561;-2.0335;94.999;94.999;0.8432;0.6983;-0.0787;0.1449;0.777;0.1719;0.9215;0;16.132;0;0
27/03/21 07:00;15.869;-74.811;48.457;16.413;26.846;-90;-26.846;169.31;99.699;69.607;16.5;3.5099;0;168.82;76.814;44.891;0;1.7335;292.26;0;292.26;168.82;44.891;76.814;1.7335;0.5776;0.2688;0;0.0059;287.92;4.335;0;0;2.8454;1.4897;280.92;4.9814;1.9832;0.5274;2.424;0.0467;285.91;2.0154;1.1817;0.3142;0.5178;0.0017;281.18;165.65;44.05;71.027;0.1954;50.018;40.315;15.194;0.7902;0.601;8.6453;0.2605;8.4561;0;1;0;0;1.7262;0.9852;1;1;0.963;0.1406;0.9826;0.9882;1;0.967;0.807;0.993;0.993;1;0.993;0.993;0.9612;0.9247;0.1127;0.8317;0.8218;0.0049;0.0145;0.0155;0.0055;0.0195;0.0016;0;0;0.088;0.6421;0;0;0;0;0;0;0;0;0;0;0;0;0.0157;0.0019;0.7426;0.7426;0;30.289;30.289;13.789;0.0491;704.75;1053.7;1;0.0125;0.0125;0;0;0;0;0;0;0.7301;0.6421;0;16.79;19.443;14.518;16.812;98.321;98.321;7.0141;6.2624;5.4151;0.7518;0.8473;0.1072;0.1208;0.772;49.586;0.7553;0
27/03/21 08:00;27.366;-64.449;22.523;29.843;60;-90;-60;371.9;131.3;240.6;18.05;3.64;0;483.49;60.884;100.73;0;17.665;662.77;0;662.77;483.49;100.73;60.884;17.665;0.7295;0.1185;0;0.0267;638.7;24.07;0;0;7.6278;16.442;631.83;2.4012;0.3735;0.0778;1.8711;0.0788;634.23;4.4709;3.3845;0.7051;0.3728;0.0086;635.26;479.74;99.945;51.012;1.1354;104.03;83.85;35.12;10.183;1.5764;22.676;3.4325;14.069;0;1;0;0;1.7821;0.9637;1;1;0.8747;0.0692;0.9962;0.9992;1;0.9646;0.9351;0.993;0.993;1;0.993;0.993;0.9533;0.8379;0.0643;1.8862;1.863;0.0112;0.0009;0.1604;0.0118;0.042;0.0039;0;0;0.088;1.4777;0;0;0;0;0;0;0;0;0;0;0;0;0.0338;0.0083;1.5906;1.5906;0;49.42;49.42;31.37;0.0496;1603.9;991.69;1;0.0248;0.0248;0;0;0;0;0;0;1.5657;1.4777;0;15.858;18.363;14.733;17.061;98.438;98.438;15.906;13.413;12.462;2.4932;0.9516;0.1567;0.0598;0.7834;53.02;0.7639;0
27/03/21 09:00;37.781;-51.623;29.385;44.677;45.323;-90;-45.323;275.81;251.1;24.711;19;5.13;0;35.146;207.53;10.506;0;7.779;260.96;0;260.96;35.146;10.506;207.53;7.779;0.1347;0.8251;0;0.0298;236.48;24.488;0;0;17.305;7.1827;228.57;6.2489;0.0354;0.0106;6.1682;0.0347;234.82;1.6553;0.246;0.0735;1.3316;0.0042;231.46;34.864;10.422;182.73;0.5574;168.28;135.64;55.812;12.991;2.3886;34.359;2.8907;23.757;0;1;0;0;0.9462;0.9062;1;1;0.9166;0.0767;0.9734;0.999;1;0.9673;0.9413;0.993;0.993;1;0.993;0.993;0.8759;0.8805;0.0717;0.7427;0.7311;0.0044;0.0155;0.0137;0.0049;0.0173;0.0062;0;0;0.088;0.5544;0;0;0;0;0;0;0;0;0;0;0;0;0.0139;0.0015;0.6535;0.6535;0;30.236;30.236;11.236;0.0492;624.2;1047;1;0.0112;0.0112;0;0;0;0;0;0;0.6424;0.5544;0;16.548;19.162;14.037;16.254;98.293;98.293;6.2631;5.5111;4.6749;0.752;0.8362;0.1201;0.1335;0.7464;154.92;0.6794;0
27/03/21 10:00;46.217;-34.883;34.583;61.273;28.728;-90;-28.728;253.6;245.7;7.895;20.62;6.09;0;9.0031;228.74;2.2347;0;2.9653;242.95;0;242.95;9.0031;2.2347;228.74;2.9653;0.0371;0.9537;0;0.0122;230.93;12.013;0;0;9.4421;2.5711;222.07;7.2427;0.0332;0.0082;7.1297;0.0716;229.32;1.6165;0.063;0.0156;1.5351;0.0028;223;8.9069;2.2108;210.64;0.3199;154.71;124.7;48.139;2.9803;1.8196;26.174;0.923;25.013;0;1;0;0;0.958;0.9506;1;1;0.9587;0.1329;0.9684;0.9963;1;0.9673;0.8172;0.993;0.993;1;0.993;0.993;0.9141;0.9208;0.1079;0.6914;0.6904;0.0042;0.0159;0.0162;0.0046;0.0162;0.0047;0;0;0.088;0.5156;0;0;0;0;0;0;0;0;0;0;0;0;0.0131;0.0014;0.6141;0.6141;0;31.551;31.551;10.931;0.0492;590.18;1040.5;1;0.0105;0.0105;0;0;0;0;0;0;0.6036;0.5156;0;16.703;19.342;14.023;16.238;98.283;98.283;5.8307;5.1788;4.3478;0.6519;0.831;0.1118;0.1425;0.7457;149.47;0.69;0
27/03/21 11:00;51.277;-13.391;37.485;79.48;10.52;-90;-10.52;786.5;149.9;636.6;22.33;6.5201;0;647.48;60.183;90.734;0;1.2559;799.66;0;799.66;647.48;90.734;60.183;1.2559;0.8097;0.0768;0;0.0016;798.14;1.5147;0;0;0.472;1.0427;786.13;6.4208;3.4808;0.4878;2.4048;0.0475;792.55;5.587;4.5324;0.6351;0.418;0.0015;786.38;639.47;89.611;56.888;0.1641;459.04;369.99;144.19;0.0215;4.7371;68.142;0.2457;72.857;0;1;0;0;1.0167;0.9981;1;1;0.9922;0.1697;0.9919;0.9946;1;0.9594;0.7755;0.993;0.993;1;0.993;0.993;0.9831;0.9453;0.1307;2.2758;2.3864;0.0144;-0.002;0.3098;0.0144;0.0512;0.0112;0;0;0.088;1.8144;0;0;0;0;0;0;0;0;0;0;0;0;0.0413;0.0133;1.9327;1.9327;0;61.739;61.739;39.409;0.0501;2055.9;940.09;1;0.0303;0.0303;0;0;0;0;0;0;1.9024;1.8144;0;15.971;18.494;14.993;17.362;98.43;98.43;19.192;16.299;15.301;2.893;0.998;0.1507;0.052;0.7973;36.123;0.7494;0
27/03/21 12:00;51.564;10.739;37.644;81.588;8.4121;90;8.4121;578.5;337.5;241;21.77;6.51;0;243.62;260.36;76.556;0;0.5913;581.13;0;581.13;243.62;76.556;260.36;0.5913;0.4192;0.449;0;0.001;579.22;1.9063;0;0;1.4141;0.4921;562.64;12.525;1.3322;0.4186;10.753;0.0221;575.16;4.0545;1.7053;0.5359;1.8126;0.0007;562.74;240.58;75.602;246.38;0.0763;340.87;274.74;104.63;0.038;3.6775;52.9;0.0964;56.539;0;1;0;0;1.0045;0.9967;1;1;0.9946;0.1676;0.9782;0.9945;1;0.9582;0.7753;0.993;0.993;1;0.993;0.993;0.9682;0.9463;0.129;1.6538;1.716;0.0103;0.0025;0.15;0.0109;0.0386;0.0091;0;0;0.088;1.3463;0;0;0;0;0;0;0;0;0;0;0;0;0.0311;0.0071;1.4565;1.4565;0;49.723;49.723;27.954;0.0497;1474.4;987.82;1;0.0222;0.0222;0;0;0;0;0;0;1.4343;1.3463;0;16.562;19.178;15.308;17.727;98.474;98.474;13.947;12.283;11.353;1.6643;0.9295;0.1193;0.0666;0.814;155.51;0.7621;0
27/03/21 13:00;46.982;32.709;35.033;63.242;26.758;90;26.758;385.01;336.4;48.605;22.04;6.57;0;54.434;302.95;18.267;0;3.9168;379.57;0;379.57;54.434;18.267;302.95;3.9168;0.1434;0.8085;0;0.0103;364.99;14.578;0;0;11.198;3.3798;352.48;9.9544;0.2151;0.0722;9.5626;0.1044;362.44;2.5549;0.381;0.1279;2.0423;0.0038;353.64;53.838;18.067;280.15;0.4288;230.55;185.82;71.374;3.0801;2.6465;38.068;1.1615;37.635;0;1;0;0;0.9859;0.9616;1;1;0.963;0.1371;0.9725;0.996;1;0.967;0.8042;0.993;0.993;1;0.993;0.993;0.9286;0.9247;0.1095;1.0802;1.0881;0.0066;0.0109;0.0561;0.0071;0.0252;0.0067;0;0;0.088;0.849;0;0;0;0;0;0;0;0;0;0;0;0;0.0203;0.0031;0.9521;0.9521;0;39.447;39.447;17.407;0.0494;934.19;1019.1;1;0.0151;0.0151;0;0;0;0;0;0;0.937;0.849;0;16.575;19.193;14.781;17.116;98.419;98.419;9.1097;8.0289;7.1599;1.0808;0.8691;0.1186;0.0954;0.786;195.46;0.7311;0
27/03/21 14:00;38.846;49.969;30.062;46.446;43.554;90;43.554;564;212.2;351.81;21.76;6.3799;0;485.44;108.13;119.78;0;14.75;728.1;0;728.1;485.44;119.78;108.13;14.75;0.6667;0.1688;0;0.0203;705.92;22.179;0;0;8.5358;13.643;697.04;3.9375;0.5171;0.1276;3.2161;0.0767;700.98;4.9414;3.3981;0.8384;0.6972;0.0077;701.27;481.52;118.81;95.685;1.0218;269.72;217.39;85.397;5.9046;3.1224;44.915;4.2294;42.133;0;1;0;0;1.2909;0.9695;1;1;0.9211;0.075;0.9944;0.9989;1;0.9675;0.9302;0.993;0.993;1;0.993;0.993;0.9573;0.8849;0.0693;2.0721;2.0963;0.0126;-0.0009;0.2338;0.013;0.0459;0.0075;0;0;0.088;1.6219;0;0;0;0;0;0;0;0;0;0;0;0;0.037;0.0104;1.737;1.737;0;56.562;56.562;34.802;0.0499;1807;961.23;1;0.0271;0.0271;0;0;0;0;0;0;1.7099;1.6219;0;15.764;18.255;14.72;17.045;98.442;98.442;17.474;14.648;13.678;2.8262;0.9703;0.1617;0.0555;0.7827;79.43;0.7482;0
27/03/21 15:00;28.599;63.16;23.354;31.425;58.575;90;58.575;396.81;206.7;190.1;23.11;5.47;0;364.61;111.69;114.83;0;18.042;609.18;0;609.18;364.61;114.83;111.69;18.042;0.5985;0.213;0;0.0296;578.73;30.452;0;0;13.56;16.892;570.82;3.8606;0.2921;0.092;3.4085;0.0681;574.68;4.0511;2.5523;0.8038;0.6869;0.0081;575.51;361.77;113.94;94.037;1.0743;148.89;120.01;49.78;17.141;2.4543;35.305;4.69;20.618;0;1;0;0;1.5352;0.95;1;1;0.8786;0.0638;0.9933;0.9992;1;0.965;0.9404;0.993;0.993;1;0.993;0.993;0.937;0.8419;0.0595;1.7337;1.7173;0.0103;0.0024;0.1612;0.0108;0.0383;0.006;0;0;0.088;1.3402;0;0;0;0;0;0;0;0;0;0;0;0;0.0309;0.0072;1.4502;1.4502;0;51.51;51.51;28.4;0.0498;1477.2;981.69;1;0.022;0.022;0;0;0;0;0;0;1.4282;1.3402;0;15.731;18.216;14.537;16.834;98.483;98.483;14.62;12.23;11.302;2.3908;0.9276;0.1635;0.0634;0.773;95.632;0.7409;0
27/03/21 16:00;17.192;73.733;44.205;17.864;30.208;90;30.208;140.3;132.7;7.5978;22.53;4.27;0;18.427;121.37;6.0336;0;1.8099;147.64;0;147.64;18.427;6.0336;121.37;1.8099;0.1248;0.8343;0;0.0123;140.61;7.0326;0;0;5.4446;1.588;135.61;4.0151;0.171;0.056;3.7493;0.0389;139.62;0.9843;0.129;0.0422;0.8115;0.0016;136.15;18.127;5.9354;111.37;0.1814;80.161;64.61;25.08;1.8827;0.9558;13.748;0.5381;12.821;0;1;0;0;1.0523;0.9524;1;1;0.9551;0.1226;0.9712;0.9907;1;0.9674;0.8234;0.993;0.993;1;0.993;0.993;0.9185;0.9176;0.1002;0.4202;0.4171;0.0025;0.0172;0.0064;0.0027;0.0097;0.0024;0;0;0.088;0.2719;0;0;0;0;0;0;0;0;0;0;0;0;0.0078;0.0006;0.3676;0.3676;0;29.221;29.221;6.6909;0.0493;356.05;1032.5;1;0.0077;0.0077;0;0;0;0;0;0;0.3599;0.2719;0;16.453;19.052;12.171;14.093;97.911;97.911;3.5434;3.1001;2.2932;0.4433;0.8069;0.1251;0.2277;0.6472;80.112;0.605;0
27/03/21 17:00;5.7965;82.452;75.822;5.8468;8.4569;90;8.4569;60.694;56.202;4.4915;21.42;3.56;0;10.893;54.084;4.4211;0;0.0627;69.461;0;69.461;10.893;4.4211;54.084;0.0627;0.1568;0.7795;0;0.0009;69.112;0.3485;0;0;0.2963;0.0522;63.312;5.3164;2.1922;0.8897;2.2321;0.0023;68.629;0.4838;0.0763;0.0309;0.3765;0.0001;63.321;8.6248;3.5005;51.179;0.0081;32.337;26.064;9.5686;0.008;0.3724;5.3569;0.0085;5.7212;0;1;0;0;1.1444;0.995;1;1;0.9945;0.1676;0.9225;0.7973;1;0.9582;0.7752;0.993;0.993;1;0.993;0.993;0.9115;0.9463;0.129;0.1977;0.1919;0.0012;0.0145;-0.0003;0.0012;0.0044;0.0009;0;0;0.088;0.0724;0;0;0;0;0;0;0;0;0;0;0;0;0.0035;0.0002;0.1662;0.1662;0;24.557;24.557;3.1365;0.0495;162.84;1020.9;1;0.0058;0.0058;0;0;0;0;0;0;0.1604;0.0724;0;15.814;18.313;6.8896;7.978;96.502;96.502;1.6671;1.4019;0.6107;0.2652;0.7911;0.1591;0.4746;0.3664;32.307;0.3464;0
27/03/21 18:00;0;0;90;0;0;90;0;0;0;0;18.85;3.1001;0;0;0;0;0;0;0;0;0;0;0;0;0;1;1;1;1;0;0;0;0;0;0;0;0;0;0;0;0;0;0;0;0;0;0;0;0;0;0;0;0;0;0;0;0;0;0;0;0;0;0;0;1;1;1;1;1;1;1;1;1;1;1;1;1;1;1;1;1;1;1;0;0;0;0;0;0;0;0;0;0.0004;0.088;-0.0884;0;0;0;0;0;0;0;0;0;0;0;0;0;0;0;0;0;0;0;-18.85;0;0;0;0;0.0004;0;0;0;0;0;0;0;-0.0004;-0.0884;0;0;0;0;0;0;0;0;0;-0.7452;0;0.7452;1;1;0;0;0;0
27/03/21 19:00;0;0;90;0;0;90;0;0;0;0;17.3;2.7701;0;0;0;0;0;0;0;0;0;0;0;0;0;1;1;1;1;0;0;0;0;0;0;0;0;0;0;0;0;0;0;0;0;0;0;0;0;0;0;0;0;0;0;0;0;0;0;0;0;0;0;0;1;1;1;1;1;1;1;1;1;1;1;1;1;1;1;1;1;1;1;0;0;0;0;0;0;0;0;0;0.0004;0.088;-0.0884;0;0;0;0;0;0;0;0;0;0;0;0;0;0;0;0;0;0;0;-17.3;0;0;0;0;0.0004;0;0;0;0;0;0;0;-0.0004;-0.0884;0;0;0;0;0;0;0;0;0;-0.7452;0;0.7452;1;1;0;0;0;0
27/03/21 20:00;0;0;90;0;0;90;0;0;0;0;15.26;2.58;0;0;0;0;0;0;0;0;0;0;0;0;0;1;1;1;1;0;0;0;0;0;0;0;0;0;0;0;0;0;0;0;0;0;0;0;0;0;0;0;0;0;0;0;0;0;0;0;0;0;0;0;1;1;1;1;1;1;1;1;1;1;1;1;1;1;1;1;1;1;1;0;0;0;0;0;0;0;0;0;0.0004;0.088;-0.0884;0;0;0;0;0;0;0;0;0;0;0;0;0;0;0;0;0;0;0;-15.26;0;0;0;0;0.0004;0;0;0;0;0;0;0;-0.0004;-0.0884;0;0;0;0;0;0;0;0;0;-0.7452;0;0.7452;1;1;0;0;0;0
27/03/21 21:00;0;0;90;0;0;90;0;0;0;0;13.84;2.5;0;0;0;0;0;0;0;0;0;0;0;0;0;1;1;1;1;0;0;0;0;0;0;0;0;0;0;0;0;0;0;0;0;0;0;0;0;0;0;0;0;0;0;0;0;0;0;0;0;0;0;0;1;1;1;1;1;1;1;1;1;1;1;1;1;1;1;1;1;1;1;0;0;0;0;0;0;0;0;0;0.0004;0.088;-0.0884;0;0;0;0;0;0;0;0;0;0;0;0;0;0;0;0;0;0;0;-13.84;0;0;0;0;0.0004;0;0;0;0;0;0;0;-0.0004;-0.0884;0;0;0;0;0;0;0;0;0;-0.7452;0;0.7452;1;1;0;0;0;0
27/03/21 22:00;0;0;90;0;0;90;0;0;0;0;13.2;2.41;0;0;0;0;0;0;0;0;0;0;0;0;0;1;1;1;1;0;0;0;0;0;0;0;0;0;0;0;0;0;0;0;0;0;0;0;0;0;0;0;0;0;0;0;0;0;0;0;0;0;0;0;1;1;1;1;1;1;1;1;1;1;1;1;1;1;1;1;1;1;1;0;0;0;0;0;0;0;0;0;0.0004;0.088;-0.0884;0;0;0;0;0;0;0;0;0;0;0;0;0;0;0;0;0;0;0;-13.2;0;0;0;0;0.0004;0;0;0;0;0;0;0;-0.0004;-0.0884;0;0;0;0;0;0;0;0;0;-0.7452;0;0.7452;1;1;0;0;0;0
27/03/21 23:00;0;0;90;0;0;90;0;0;0;0;12.24;2.2399;0;0;0;0;0;0;0;0;0;0;0;0;0;1;1;1;1;0;0;0;0;0;0;0;0;0;0;0;0;0;0;0;0;0;0;0;0;0;0;0;0;0;0;0;0;0;0;0;0;0;0;0;1;1;1;1;1;1;1;1;1;1;1;1;1;1;1;1;1;1;1;0;0;0;0;0;0;0;0;0;0.0004;0.088;-0.0884;0;0;0;0;0;0;0;0;0;0;0;0;0;0;0;0;0;0;0;-12.24;0;0;0;0;0.0004;0;0;0;0;0;0;0;-0.0004;-0.0884;0;0;0;0;0;0;0;0;0;-0.7452;0;0.7452;1;1;0;0;0;0
28/03/21 00:00;0;0;90;0;0;90;0;0;0;0;11.63;1.9901;0;0;0;0;0;0;0;0;0;0;0;0;0;1;1;1;1;0;0;0;0;0;0;0;0;0;0;0;0;0;0;0;0;0;0;0;0;0;0;0;0;0;0;0;0;0;0;0;0;0;0;0;1;1;1;1;1;1;1;1;1;1;1;1;1;1;1;1;1;1;1;0;0;0;0;0;0;0;0;0;0.0004;0.088;-0.0884;0;0;0;0;0;0;0;0;0;0;0;0;0;0;0;0;0;0;0;-11.63;0;0;0;0;0.0004;0;0;0;0;0;0;0;-0.0004;-0.0884;0;0;0;0;0;0;0;0;0;-0.7452;0;0.7452;1;1;0;0;0;0
28/03/21 01:00;0;0;90;0;0;90;0;0;0;0;10.43;1.63;0;0;0;0;0;0;0;0;0;0;0;0;0;1;1;1;1;0;0;0;0;0;0;0;0;0;0;0;0;0;0;0;0;0;0;0;0;0;0;0;0;0;0;0;0;0;0;0;0;0;0;0;1;1;1;1;1;1;1;1;1;1;1;1;1;1;1;1;1;1;1;0;0;0;0;0;0;0;0;0;0.0004;0.088;-0.0884;0;0;0;0;0;0;0;0;0;0;0;0;0;0;0;0;0;0;0;-10.43;0;0;0;0;0.0004;0;0;0;0;0;0;0;-0.0004;-0.0884;0;0;0;0;0;0;0;0;0;-0.7452;0;0.7452;1;1;0;0;0;0
28/03/21 02:00;0;0;90;0;0;90;0;0;0;0;9.5001;1.2099;0;0;0;0;0;0;0;0;0;0;0;0;0;1;1;1;1;0;0;0;0;0;0;0;0;0;0;0;0;0;0;0;0;0;0;0;0;0;0;0;0;0;0;0;0;0;0;0;0;0;0;0;1;1;1;1;1;1;1;1;1;1;1;1;1;1;1;1;1;1;1;0;0;0;0;0;0;0;0;0;0.0004;0.088;-0.0884;0;0;0;0;0;0;0;0;0;0;0;0;0;0;0;0;0;0;0;-9.5001;0;0;0;0;0.0004;0;0;0;0;0;0;0;-0.0004;-0.0884;0;0;0;0;0;0;0;0;0;-0.7452;0;0.7452;1;1;0;0;0;0
28/03/21 03:00;0;0;90;0;0;90;0;0;0;0;9.3798;0.7999;0;0;0;0;0;0;0;0;0;0;0;0;0;1;1;1;1;0;0;0;0;0;0;0;0;0;0;0;0;0;0;0;0;0;0;0;0;0;0;0;0;0;0;0;0;0;0;0;0;0;0;0;1;1;1;1;1;1;1;1;1;1;1;1;1;1;1;1;1;1;1;0;0;0;0;0;0;0;0;0;0.0004;0.088;-0.0884;0;0;0;0;0;0;0;0;0;0;0;0;0;0;0;0;0;0;0;-9.3798;0;0;0;0;0.0004;0;0;0;0;0;0;0;-0.0004;-0.0884;0;0;0;0;0;0;0;0;0;-0.7452;0;0.7452;1;1;0;0;0;0
28/03/21 04:00;0;0;90;0;0;90;0;0;0;0;8.6599;0.43;0;0;0;0;0;0;0;0;0;0;0;0;0;1;1;1;1;0;0;0;0;0;0;0;0;0;0;0;0;0;0;0;0;0;0;0;0;0;0;0;0;0;0;0;0;0;0;0;0;0;0;0;1;1;1;1;1;1;1;1;1;1;1;1;1;1;1;1;1;1;1;0;0;0;0;0;0;0;0;0;0.0004;0.088;-0.0884;0;0;0;0;0;0;0;0;0;0;0;0;0;0;0;0;0;0;0;-8.6599;0;0;0;0;0.0004;0;0;0;0;0;0;0;-0.0004;-0.0884;0;0;0;0;0;0;0;0;0;-0.7452;0;0.7452;1;1;0;0;0;0
28/03/21 05:00;0;0;90;0;0;90;0;0;0;0;8.4797;0.13;0;0;0;0;0;0;0;0;0;0;0;0;0;1;1;1;1;0;0;0;0;0;0;0;0;0;0;0;0;0;0;0;0;0;0;0;0;0;0;0;0;0;0;0;0;0;0;0;0;0;0;0;1;1;1;1;1;1;1;1;1;1;1;1;1;1;1;1;1;1;1;0;0;0;0;0;0;0;0;0;0.0004;0.088;-0.0884;0;0;0;0;0;0;0;0;0;0;0;0;0;0;0;0;0;0;0;-8.4797;0;0;0;0;0.0004;0;0;0;0;0;0;0;-0.0004;-0.0884;0;0;0;0;0;0;0;0;0;-0.7452;0;0.7452;1;1;0;0;0;0
28/03/21 06:00;4.8787;-82.631;78.097;4.9191;7.0841;-90;-7.0841;71.907;11.9;60.007;8.5103;0.4601;0;145.53;5.751;14.861;0;0.0521;166.2;0;166.2;145.53;14.861;5.751;0.0521;0.8757;0.0349;0;0.0003;166.13;0.0668;0;0;0.0235;0.0434;123.36;41.604;37.528;3.8321;0.2421;0.002;164.97;1.1629;1.0187;0.104;0.0401;0.0001;123.36;106.99;10.925;5.4453;0.0068;3.7502;3.0227;1.1652;0.0004;0.0395;0.5688;0.0005;0.608;0;1;0;0;2.3113;0.9996;1;1;0.9959;0.1685;0.7478;0.7403;1;0.9574;0.7761;0.993;0.993;1;0.993;0.993;0.7423;0.9469;0.1299;0.473;0.3541;0.0021;0.017;-0.0134;0.0024;0.0086;0.0001;0;0;0.088;0.2339;0;0;0;0;0;0;0;0;0;0;0;0;0.007;0.0005;0.3297;0.3297;0;14.527;14.527;6.0172;0.0488;302.4;1090.4;1;0.0079;0.0079;0;0;0;0;0;0;0.3219;0.2339;0;13.111;15.182;9.2997;10.769;97.619;97.619;3.9887;2.7808;1.9725;1.2079;0.8083;0.3028;0.2027;0.4945;3.4262;0.4932;0
28/03/21 07:00;15.692;-74.44;49.007;16.258;26.508;-90;-26.508;253.89;41.901;211.99;11.7;1.48;0;514.14;16.993;58.123;0;2.5356;591.79;0;591.79;514.14;58.123;16.993;2.5356;0.8688;0.033;0;0.0043;589;2.7923;0;0;0.6168;2.1755;577.36;7.5126;6.2041;0.7014;0.5375;0.0696;584.87;4.123;3.599;0.4069;0.1146;0.0025;577.41;504.33;57.015;15.724;0.2879;12.102;9.7544;3.9213;0.1677;0.128;1.8406;0.0539;1.8008;0;1;0;0;2.3309;0.9953;1;1;0.9637;0.142;0.9872;0.9878;1;0.9669;0.8053;0.993;0.993;1;0.993;0.993;0.9756;0.9253;0.1136;1.6842;1.6557;0.01;0.0032;0.0882;0.0109;0.0386;0.0003;0;0;0.088;1.3556;0;0;0;0;0;0;0;0;0;0;0;0;0.0311;0.0067;1.4667;1.4667;0;40.157;40.157;28.457;0.0493;1426.8;1028;1;0.0231;0.0231;0;0;0;0;0;0;1.4436;1.3556;0;16.378;18.965;15.137;17.528;98.423;98.423;14.203;12.369;11.432;1.8336;0.9371;0.1291;0.066;0.8049;10.946;0.803;0
28/03/21 08:00;27.16;-64.065;22.902;29.705;60;-90;-60;338.2;158.4;179.8;15.67;3.32;0;362.83;84.655;91.878;0;16.065;555.43;0;555.43;362.83;91.878;84.655;16.065;0.6532;0.1813;0;0.0289;529.87;25.559;0;0;10.606;14.953;523.13;3.0305;0.285;0.0722;2.6016;0.0717;526.16;3.7091;2.5398;0.6431;0.5183;0.0078;526.83;360.01;91.163;70.929;1.0325;112.48;90.66;38.479;14.157;1.876;26.986;3.7032;14.705;0;1;0;0;1.6423;0.954;1;1;0.8747;0.0692;0.9942;0.9992;1;0.9646;0.9351;0.993;0.993;1;0.993;0.993;0.9419;0.8379;0.0643;1.5807;1.5614;0.0094;0.0043;0.0908;0.0102;0.0362;0.0048;0;0;0.088;1.2613;0;0;0;0;0;0;0;0;0;0;0;0;0.0291;0.006;1.3705;1.3705;0;41.492;41.492;25.823;0.0494;1343.6;1020;1;0.0213;0.0213;0;0;0;0;0;0;1.3493;1.2613;0;16.305;18.881;15.005;17.376;98.449;98.449;13.33;11.558;10.636;1.7725;0.9213;0.133;0.0691;0.7979;73.72;0.7699;0
28/03/21 09:00;37.532;-51.23;29.774;44.576;45.424;-90;-45.424;620.3;103.3;517;18.57;4.0799;0;736.62;33.463;91.147;0;17.569;878.8;0;878.8;736.62;91.147;33.463;17.569;0.8382;0.0581;0;0.02;859.77;19.024;0;0;2.7994;16.225;851.84;1.9175;0.7523;0.0931;0.9945;0.0777;853.76;6.0184;5.1563;0.638;0.2146;0.0094;856.23;730.71;90.416;29.455;1.2568;266.34;214.67;83.564;2.115;2.8915;41.593;4.3866;42.369;0;1;0;0;1.4167;0.9784;1;1;0.9163;0.0765;0.9978;0.999;1;0.9673;0.9418;0.993;0.993;1;0.993;0.993;0.9693;0.8802;0.0715;2.501;2.533;0.0153;-0.0019;0.3239;0.0154;0.0545;0.0068;0;0;0.088;1.9395;0;0;0;0;0;0;0;0;0;0;0;0;0.0439;0.0149;2.0603;2.0603;0;61.252;61.252;42.682;0.0501;2184.1;943.29;1;0.0328;0.0328;0;0;0;0;0;0;2.0275;1.9395;0;15.492;17.939;14.583;16.887;98.408;98.408;21.091;17.374;16.356;3.7168;1.0187;0.1762;0.0483;0.7755;25.003;0.7489;0
28/03/21 10:00;45.909;-34.52;34.98;61.234;28.766;-90;-28.766;764.19;125.9;638.29;19.93;4.6001;0;728.15;41.521;93.145;0;8.9594;871.78;0;871.78;728.15;93.145;41.521;8.9594;0.8353;0.0579;0;0.0103;862.29;9.4874;0;0;1.7176;7.7698;851.53;4.7301;2.8553;0.3652;1.2939;0.2157;856.26;6.036;5.0971;0.652;0.2786;0.0083;853.98;720.2;92.128;38.231;0.9656;410.1;330.54;129.86;0.5456;4.1981;60.388;2.4492;64.041;0;1;0;0;1.1408;0.9891;1;1;0.9586;0.1328;0.9945;0.9961;1;0.9673;0.8174;0.993;0.993;1;0.993;0.993;0.9768;0.9208;0.1078;2.481;2.5642;0.0154;-0.0018;0.3407;0.0155;0.0549;0.0099;0;0;0.088;1.9494;0;0;0;0;0;0;0;0;0;0;0;0;0.0442;0.0153;2.0703;2.0703;0;62.646;62.646;42.715;0.0502;2209.2;937.15;1;0.0329;0.0329;0;0;0;0;0;0;2.0374;1.9494;0;15.693;18.172;14.777;17.111;98.412;98.412;20.923;17.459;16.44;3.4635;1.0193;0.1655;0.0487;0.7857;27.139;0.747;0
28/03/21 11:00;50.908;-13.15;37.882;79.528;10.472;-90;-10.472;947.29;156.3;790.99;20.85;5.04;0;804.39;39.724;118.21;0;1.4989;963.82;0;963.82;804.39;118.21;39.724;1.4989;0.8346;0.0428;0;0.0016;962.27;1.5536;0;0;0.3091;1.2445;948.72;6.8176;4.5096;0.6627;1.5885;0.0567;955.53;6.7359;5.6307;0.8275;0.2759;0.0018;949.01;794.25;116.72;37.551;0.1959;552.53;445.34;173.93;0.0141;5.6768;81.659;0.2934;87.321;0;1;0;0;1.0175;0.9984;1;1;0.9922;0.1697;0.9929;0.9944;1;0.9594;0.7755;0.993;0.993;1;0.993;0.993;0.9843;0.9453;0.1307;2.743;2.8787;0.0173;0.0002;0.444;0.0169;0.06;0.013;0;0;0.088;2.1352;0;0;0;0;0;0;0;0;0;0;0;0;0.0483;0.019;2.2599;2.2599;0;68.676;68.676;47.826;0.0504;2478;911.98;1;0.0367;0.0367;0;0;0;0;0;0;2.2232;2.1352;0;15.494;17.942;14.639;16.951;98.375;98.375;23.132;19.058;18.006;4.0736;1.0519;0.1761;0.0455;0.7784;23.84;0.732;0
28/03/21 12:00;51.166;10.769;38.026;81.446;8.5544;90;8.5544;948.99;156.6;792.39;21.9;5.31;0;801.31;40.128;117.56;0;1.003;959.99;0;959.99;801.31;117.56;40.128;1.003;0.8347;0.0428;0;0.001;958.93;1.0589;0;0;0.2241;0.8348;945.3;6.9199;4.5597;0.6689;1.6537;0.0375;952.22;6.7125;5.6091;0.8229;0.2793;0.0012;945.48;791.14;116.06;37.971;0.1294;555.6;447.82;172.09;0.0065;5.8898;84.723;0.1808;90.606;0;1;0;0;1.0116;0.9989;1;1;0.9944;0.1677;0.9927;0.9943;1;0.9583;0.7752;0.993;0.993;1;0.993;0.993;0.9847;0.9462;0.1291;2.7321;2.8748;0.0173;0.0001;0.453;0.0168;0.0597;0.0135;0;0;0.088;2.123;0;0;0;0;0;0;0;0;0;0;0;0;0.0481;0.0189;2.2473;2.2473;0;69.59;69.59;47.69;0.0504;2474.7;908.12;1;0.0363;0.0363;0;0;0;0;0;0;2.211;2.123;0;15.469;17.913;14.613;16.922;98.383;98.383;23.04;18.952;17.903;4.0877;1.0486;0.1774;0.0455;0.7771;23.975;0.7289;0
28/03/21 13:00;46.596;32.561;35.39;63.023;26.977;90;26.977;348.69;318.1;30.59;20.8;5.3301;0;34.324;291.55;10.967;0;3.6044;340.45;0;340.45;34.324;10.967;291.55;3.6044;0.1008;0.867;0;0.0106;326.42;14.032;0;0;10.918;3.1135;314.66;9.472;0.1428;0.0456;9.1887;0.0949;324.13;2.2849;0.2403;0.0768;1.9645;0.0034;315.74;33.941;10.845;269.48;0.3926;210.15;169.38;65.042;3.0499;2.4291;34.941;1.0796;34.321;0;1;0;0;0.9764;0.9588;1;1;0.9626;0.1362;0.9708;0.9958;1;0.967;0.8052;0.993;0.993;1;0.993;0.993;0.9243;0.9243;0.1089;0.9689;0.9733;0.0059;0.0125;0.0393;0.0064;0.0227;0.0062;0;0;0.088;0.7576;0;0;0;0;0;0;0;0;0;0;0;0;0.0183;0.0025;0.8594;0.8594;0;36.31;36.31;15.51;0.0493;834.78;1029.5;1;0.0138;0.0138;0;0;0;0;0;0;0.8456;0.7576;0;16.68;19.315;14.704;17.027;98.393;98.393;8.1708;7.2472;6.3886;0.9236;0.8586;0.113;0.1051;0.7819;188.37;0.7261;0
28/03/21 14:00;38.492;49.736;30.389;46.181;43.819;90;43.819;511.2;253.3;257.9;21.3;5.1701;0;357.43;152.1;106.15;0;13.523;629.21;0;629.21;357.43;106.15;152.1;13.523;0.5681;0.2632;0;0.0215;604.58;24.629;0;0;12.113;12.516;595.18;5.1728;0.4486;0.1332;4.5227;0.0683;600.35;4.2321;2.502;0.7431;0.9799;0.0071;599.18;354.48;105.28;134.49;0.9321;256.28;206.56;82.407;8.4783;3.0709;44.173;3.9971;38.766;0;1;0;0;1.2309;0.9609;1;1;0.9204;0.0745;0.9914;0.9987;1;0.9675;0.9317;0.993;0.993;1;0.993;0.993;0.9459;0.8842;0.0689;1.7907;1.8028;0.0109;0.0015;0.1649;0.0114;0.0404;0.0076;0;0;0.088;1.4144;0;0;0;0;0;0;0;0;0;0;0;0;0.0325;0.0078;1.5258;1.5258;0;50.892;50.892;29.592;0.0497;1550.5;984.12;1;0.0235;0.0235;0;0;0;0;0;0;1.5024;1.4144;0;16.024;18.556;14.853;17.2;98.461;98.461;15.101;12.868;11.927;2.2336;0.9401;0.1479;0.0623;0.7898;111.99;0.7504;0
28/03/21 15:00;28.274;62.898;23.655;31.14;58.86;90;58.86;205.41;195.6;9.8058;21.03;4.8599;0;18.962;146.13;5.7139;0;9.4225;180.23;0;180.23;18.962;5.7139;146.13;9.4225;0.1052;0.8631;0;0.0523;153.54;26.688;0;0;17.867;8.8205;147.95;4.5218;0.0154;0.0046;4.4652;0.0366;152.47;1.0748;0.1327;0.04;0.8979;0.0042;151.89;18.814;5.6693;122.9;0.5612;128.17;103.31;45.299;22.814;2.4776;35.64;3.9393;15.303;0;1;0;0;0.8774;0.8519;1;1;0.8777;0.0639;0.9703;0.9992;1;0.9649;0.9388;0.993;0.993;1;0.993;0.993;0.8209;0.841;0.0596;0.5129;0.5059;0.003;0.0172;0.0061;0.0034;0.0119;0.0064;0;0;0.088;0.351;0;0;0;0;0;0;0;0;0;0;0;0;0.0096;0.0008;0.4476;0.4476;0;28.318;28.318;7.2882;0.0493;430.59;1039.4;1;0.0086;0.0086;0;0;0;0;0;0;0.439;0.351;0;16.41;19.002;12.868;14.901;98.08;98.08;4.3256;3.7744;2.9598;0.5512;0.8146;0.1274;0.1883;0.6843;125.53;0.596;0
28/03/21 16:00;16.888;73.464;45.207;17.573;29.501;90;29.501;118.4;114.9;3.5002;20.24;3.2601;0;8.4889;106.51;2.4501;0;1.4583;118.9;0;118.9;8.4889;2.4501;106.51;1.4583;0.0714;0.908;0;0.0123;113.03;5.876;0;0;4.6009;1.2751;108.79;3.4439;0.0837;0.0242;3.3031;0.0329;112.24;0.7912;0.0594;0.0172;0.7133;0.0013;109.24;8.3458;2.4088;97.889;0.149;69.982;56.405;21.817;1.5218;0.8316;11.963;0.445;11.272;0;1;0;0;1.0043;0.9506;1;1;0.9568;0.1256;0.9693;0.9901;1;0.9674;0.8191;0.993;0.993;1;0.993;0.993;0.915;0.9191;0.1022;0.3384;0.3365;0.002;0.0169;0.0007;0.0022;0.0079;0.0021;0;0;0.088;0.2029;0;0;0;0;0;0;0;0;0;0;0;0;0.0063;0.0004;0.2979;0.2979;0;25.603;25.603;5.3629;0.0493;286.77;1038.7;1;0.007;0.007;0;0;0;0;0;0;0.2909;0.2029;0;16.554;19.169;11.275;13.056;97.65;97.65;2.8537;2.512;1.7109;0.3417;0.8012;0.1197;0.2807;0.5995;69.96;0.5575;0
28/03/21 17:00;5.5038;82.18;76.549;5.5552;8.0233;90;8.0233;57.393;53.402;3.9907;19.2;2.92;0;9.6785;51.527;3.9325;0;0.0534;65.191;0;65.191;9.6785;3.9325;51.527;0.0534;0.1485;0.7912;0;0.0008;64.888;0.3033;0;0;0.2589;0.0444;59.329;5.1048;2.1066;0.8559;2.1402;0.002;64.434;0.4542;0.0677;0.0275;0.3589;0.0001;59.336;7.5042;3.049;48.769;0.0069;30.78;24.808;9.1036;0.0062;0.3546;5.1011;0.0069;5.4496;0;1;0;0;1.1359;0.9953;1;1;0.995;0.1675;0.9208;0.7808;1;0.958;0.7754;0.993;0.993;1;0.993;0.993;0.9101;0.9465;0.129;0.1855;0.18;0.0011;0.0142;-0.0019;0.0012;0.0041;0.0009;0;0;0.088;0.0631;0;0;0;0;0;0;0;0;0;0;0;0;0.0033;0.0002;0.1569;0.1569;0;22.135;22.135;2.9353;0.0495;152.55;1028.4;1;0.0058;0.0058;0;0;0;0;0;0;0.1511;0.0631;0;15.902;18.414;6.3914;7.4011;96.287;96.287;1.5646;1.323;0.5318;0.2416;0.7912;0.1544;0.5057;0.3399;30.752;0.3211;0
28/03/21 18:00;0;0;90;0;0;90;0;0;0;0;16.67;2.9301;0;0;0;0;0;0;0;0;0;0;0;0;0;1;1;1;1;0;0;0;0;0;0;0;0;0;0;0;0;0;0;0;0;0;0;0;0;0;0;0;0;0;0;0;0;0;0;0;0;0;0;0;1;1;1;1;1;1;1;1;1;1;1;1;1;1;1;1;1;1;1;0;0;0;0;0;0;0;0;0;0.0004;0.088;-0.0884;0;0;0;0;0;0;0;0;0;0;0;0;0;0;0;0;0;0;0;-16.67;0;0;0;0;0.0004;0;0;0;0;0;0;0;-0.0004;-0.0884;0;0;0;0;0;0;0;0;0;-0.7452;0;0.7452;1;1;0;0;0;0
28/03/21 19:00;0;0;90;0;0;90;0;0;0;0;14.65;2.9;0;0;0;0;0;0;0;0;0;0;0;0;0;1;1;1;1;0;0;0;0;0;0;0;0;0;0;0;0;0;0;0;0;0;0;0;0;0;0;0;0;0;0;0;0;0;0;0;0;0;0;0;1;1;1;1;1;1;1;1;1;1;1;1;1;1;1;1;1;1;1;0;0;0;0;0;0;0;0;0;0.0004;0.088;-0.0884;0;0;0;0;0;0;0;0;0;0;0;0;0;0;0;0;0;0;0;-14.65;0;0;0;0;0.0004;0;0;0;0;0;0;0;-0.0004;-0.0884;0;0;0;0;0;0;0;0;0;-0.7452;0;0.7452;1;1;0;0;0;0
28/03/21 20:00;0;0;90;0;0;90;0;0;0;0;11.98;2.89;0;0;0;0;0;0;0;0;0;0;0;0;0;1;1;1;1;0;0;0;0;0;0;0;0;0;0;0;0;0;0;0;0;0;0;0;0;0;0;0;0;0;0;0;0;0;0;0;0;0;0;0;1;1;1;1;1;1;1;1;1;1;1;1;1;1;1;1;1;1;1;0;0;0;0;0;0;0;0;0;0.0004;0.088;-0.0884;0;0;0;0;0;0;0;0;0;0;0;0;0;0;0;0;0;0;0;-11.98;0;0;0;0;0.0004;0;0;0;0;0;0;0;-0.0004;-0.0884;0;0;0;0;0;0;0;0;0;-0.7452;0;0.7452;1;1;0;0;0;0
28/03/21 21:00;0;0;90;0;0;90;0;0;0;0;10.67;2.91;0;0;0;0;0;0;0;0;0;0;0;0;0;1;1;1;1;0;0;0;0;0;0;0;0;0;0;0;0;0;0;0;0;0;0;0;0;0;0;0;0;0;0;0;0;0;0;0;0;0;0;0;1;1;1;1;1;1;1;1;1;1;1;1;1;1;1;1;1;1;1;0;0;0;0;0;0;0;0;0;0.0004;0.088;-0.0884;0;0;0;0;0;0;0;0;0;0;0;0;0;0;0;0;0;0;0;-10.67;0;0;0;0;0.0004;0;0;0;0;0;0;0;-0.0004;-0.0884;0;0;0;0;0;0;0;0;0;-0.7452;0;0.7452;1;1;0;0;0;0
28/03/21 22:00;0;0;90;0;0;90;0;0;0;0;9.7002;2.9;0;0;0;0;0;0;0;0;0;0;0;0;0;1;1;1;1;0;0;0;0;0;0;0;0;0;0;0;0;0;0;0;0;0;0;0;0;0;0;0;0;0;0;0;0;0;0;0;0;0;0;0;1;1;1;1;1;1;1;1;1;1;1;1;1;1;1;1;1;1;1;0;0;0;0;0;0;0;0;0;0.0004;0.088;-0.0884;0;0;0;0;0;0;0;0;0;0;0;0;0;0;0;0;0;0;0;-9.7002;0;0;0;0;0.0004;0;0;0;0;0;0;0;-0.0004;-0.0884;0;0;0;0;0;0;0;0;0;-0.7452;0;0.7452;1;1;0;0;0;0
28/03/21 23:00;0;0;90;0;0;90;0;0;0;0;9.3997;2.83;0;0;0;0;0;0;0;0;0;0;0;0;0;1;1;1;1;0;0;0;0;0;0;0;0;0;0;0;0;0;0;0;0;0;0;0;0;0;0;0;0;0;0;0;0;0;0;0;0;0;0;0;1;1;1;1;1;1;1;1;1;1;1;1;1;1;1;1;1;1;1;0;0;0;0;0;0;0;0;0;0.0004;0.088;-0.0884;0;0;0;0;0;0;0;0;0;0;0;0;0;0;0;0;0;0;0;-9.3997;0;0;0;0;0.0004;0;0;0;0;0;0;0;-0.0004;-0.0884;0;0;0;0;0;0;0;0;0;-0.7452;0;0.7452;1;1;0;0;0;0
29/03/21 00:00;0;0;90;0;0;90;0;0;0;0;9.4097;2.68;0;0;0;0;0;0;0;0;0;0;0;0;0;1;1;1;1;0;0;0;0;0;0;0;0;0;0;0;0;0;0;0;0;0;0;0;0;0;0;0;0;0;0;0;0;0;0;0;0;0;0;0;1;1;1;1;1;1;1;1;1;1;1;1;1;1;1;1;1;1;1;0;0;0;0;0;0;0;0;0;0.0004;0.088;-0.0884;0;0;0;0;0;0;0;0;0;0;0;0;0;0;0;0;0;0;0;-9.4097;0;0;0;0;0.0004;0;0;0;0;0;0;0;-0.0004;-0.0884;0;0;0;0;0;0;0;0;0;-0.7452;0;0.7452;1;1;0;0;0;0
29/03/21 01:00;0;0;90;0;0;90;0;0;0;0;8.0702;2.5599;0;0;0;0;0;0;0;0;0;0;0;0;0;1;1;1;1;0;0;0;0;0;0;0;0;0;0;0;0;0;0;0;0;0;0;0;0;0;0;0;0;0;0;0;0;0;0;0;0;0;0;0;1;1;1;1;1;1;1;1;1;1;1;1;1;1;1;1;1;1;1;0;0;0;0;0;0;0;0;0;0.0004;0.088;-0.0884;0;0;0;0;0;0;0;0;0;0;0;0;0;0;0;0;0;0;0;-8.0702;0;0;0;0;0.0004;0;0;0;0;0;0;0;-0.0004;-0.0884;0;0;0;0;0;0;0;0;0;-0.7452;0;0.7452;1;1;0;0;0;0
29/03/21 02:00;0;0;90;0;0;90;0;0;0;0;7.8801;2.51;0;0;0;0;0;0;0;0;0;0;0;0;0;1;1;1;1;0;0;0;0;0;0;0;0;0;0;0;0;0;0;0;0;0;0;0;0;0;0;0;0;0;0;0;0;0;0;0;0;0;0;0;1;1;1;1;1;1;1;1;1;1;1;1;1;1;1;1;1;1;1;0;0;0;0;0;0;0;0;0;0.0004;0.088;-0.0884;0;0;0;0;0;0;0;0;0;0;0;0;0;0;0;0;0;0;0;-7.8801;0;0;0;0;0.0004;0;0;0;0;0;0;0;-0.0004;-0.0884;0;0;0;0;0;0;0;0;0;-0.7452;0;0.7452;1;1;0;0;0;0
29/03/21 03:00;0;0;90;0;0;90;0;0;0;0;7.3197;2.5;0;0;0;0;0;0;0;0;0;0;0;0;0;1;1;1;1;0;0;0;0;0;0;0;0;0;0;0;0;0;0;0;0;0;0;0;0;0;0;0;0;0;0;0;0;0;0;0;0;0;0;0;1;1;1;1;1;1;1;1;1;1;1;1;1;1;1;1;1;1;1;0;0;0;0;0;0;0;0;0;0.0004;0.088;-0.0884;0;0;0;0;0;0;0;0;0;0;0;0;0;0;0;0;0;0;0;-7.3197;0;0;0;0;0.0004;0;0;0;0;0;0;0;-0.0004;-0.0884;0;0;0;0;0;0;0;0;0;-0.7452;0;0.7452;1;1;0;0;0;0
29/03/21 04:00;0;0;90;0;0;90;0;0;0;0;6.4003;2.4501;0;0;0;0;0;0;0;0;0;0;0;0;0;1;1;1;1;0;0;0;0;0;0;0;0;0;0;0;0;0;0;0;0;0;0;0;0;0;0;0;0;0;0;0;0;0;0;0;0;0;0;0;1;1;1;1;1;1;1;1;1;1;1;1;1;1;1;1;1;1;1;0;0;0;0;0;0;0;0;0;0.0004;0.088;-0.0884;0;0;0;0;0;0;0;0;0;0;0;0;0;0;0;0;0;0;0;-6.4003;0;0;0;0;0.0004;0;0;0;0;0;0;0;-0.0004;-0.0884;0;0;0;0;0;0;0;0;0;-0.7452;0;0.7452;1;1;0;0;0;0
29/03/21 05:00;0;0;90;0;0;90;0;0;0;0;6.1298;2.29;0;0;0;0;0;0;0;0;0;0;0;0;0;1;1;1;1;0;0;0;0;0;0;0;0;0;0;0;0;0;0;0;0;0;0;0;0;0;0;0;0;0;0;0;0;0;0;0;0;0;0;0;1;1;1;1;1;1;1;1;1;1;1;1;1;1;1;1;1;1;1;0;0;0;0;0;0;0;0;0;0.0004;0.088;-0.0884;0;0;0;0;0;0;0;0;0;0;0;0;0;0;0;0;0;0;0;-6.1298;0;0;0;0;0.0004;0;0;0;0;0;0;0;-0.0004;-0.0884;0;0;0;0;0;0;0;0;0;-0.7452;0;0.7452;1;1;0;0;0;0
29/03/21 06:00;4.9183;-82.121;77.999;4.965;7.1515;-90;-7.1515;53.896;20.501;33.395;6.7001;2.4501;0;80.991;14.614;14.141;0;0.0398;109.79;0;109.79;80.991;14.141;14.614;0.0398;0.7377;0.1335;0;0.0004;109.69;0.0936;0;0;0.0605;0.0331;84.041;24.883;20.66;3.6072;0.6146;0.0015;108.92;0.7678;0.5669;0.099;0.1019;0;84.042;59.764;10.435;13.837;0.0052;8.8995;7.173;2.5653;0.0011;0.1068;1.5368;0.0014;1.6426;0;1;0;0;2.037;0.9991;1;1;0.9959;0.1685;0.7716;0.7431;1;0.9575;0.7761;0.993;0.993;1;0.993;0.993;0.7655;0.9468;0.1299;0.3124;0.2435;0.0015;0.0157;-0.0126;0.0017;0.0059;0.0003;0;0;0.088;0.131;0;0;0;0;0;0;0;0;0;0;0;0;0.0048;0.0003;0.226;0.226;0;10.802;10.802;4.1023;0.0488;207.09;1091.4;1;0.007;0.007;0;0;0;0;0;0;0.219;0.131;0;13.604;15.753;7.8875;9.1336;96.918;96.918;2.6349;1.906;1.1051;0.7289;0.8009;0.2766;0.3039;0.4194;8.7073;0.4151;0
29/03/21 07:00;15.515;-74.07;49.552;16.103;26.173;-90;-26.173;231.6;42.699;188.9;11.58;2.82;0;458.14;19.622;53.397;0;2.2559;533.42;0;533.42;458.14;53.397;19.622;2.2559;0.8589;0.041;0;0.0042;530.79;2.6304;0;0;0.6979;1.9326;520.05;7.0202;5.6736;0.6613;0.6222;0.0631;527.07;3.7155;3.207;0.3738;0.1325;0.0023;520.11;449.26;52.362;18.169;0.258;13.647;10.999;4.3726;0.1851;0.1472;2.1178;0.0603;2.08;0;1;0;0;2.3032;0.9951;1;1;0.9644;0.1433;0.9867;0.9875;1;0.9669;0.8036;0.993;0.993;1;0.993;0.993;0.9749;0.926;0.1144;1.5181;1.4923;0.009;0.0052;0.0639;0.0099;0.0351;0.0004;0;0;0.088;1.2259;0;0;0;0;0;0;0;0;0;0;0;0;0.0283;0.0055;1.335;1.335;0;37.16;37.16;25.58;0.0492;1285.7;1038.3;1;0.021;0.021;0;0;0;0;0;0;1.3139;1.2259;0;16.538;19.15;15.187;17.586;98.424;98.424;12.802;11.258;10.339;1.544;0.9195;0.1206;0.0718;0.8076;12.614;0.8052;0
29/03/21 08:00;26.955;-63.683;23.281;29.568;60;-90;-60;450.51;74.203;376.3;15.04;4.44;0;762.57;21.918;91.147;0;21.399;897.04;0;897.04;762.57;91.147;21.918;21.399;0.8501;0.0483;0;0.0239;874.37;22.664;0;0;2.746;19.918;866.8;1.4508;0.6089;0.0728;0.6736;0.0955;868.25;6.1206;5.338;0.638;0.1342;0.0104;869.98;756.63;90.436;18.365;1.3754;90.085;72.609;29.174;3.6697;1.1109;15.98;3.1764;13.421;0;1;0;0;1.9912;0.9747;1;1;0.8747;0.0692;0.9983;0.9992;1;0.9646;0.9351;0.993;0.993;1;0.993;0.993;0.9663;0.8379;0.0643;2.5529;2.5211;0.0152;-0.0019;0.2962;0.0155;0.0549;0.0027;0;0;0.088;1.9581;0;0;0;0;0;0;0;0;0;0;0;0;0.0442;0.0148;2.0796;2.0796;0;58.369;58.369;43.329;0.05;2176;955.66;1;0.0334;0.0334;0;0;0;0;0;0;2.0461;1.9581;0;15.319;17.739;14.424;16.703;98.393;98.393;21.529;17.537;16.513;3.9918;1.0239;0.1854;0.0476;0.767;19.087;0.7569;0
29/03/21 09:00;37.282;-50.84;30.162;44.475;45.525;-90;-45.525;629.89;103.8;526.1;17.71;4.7701;0;750.93;32.289;93.953;0;17.916;895.08;0;895.08;750.93;93.953;32.289;17.916;0.8389;0.0561;0;0.02;875.82;19.259;0;0;2.7099;16.549;867.71;1.9869;0.8434;0.1055;0.9596;0.0784;869.69;6.1308;5.2565;0.6577;0.2071;0.0096;872.17;744.83;93.189;28.413;1.2796;269.41;217.15;84.465;2.0568;2.9234;42.052;4.462;42.919;0;1;0;0;1.421;0.9785;1;1;0.9161;0.0763;0.9977;0.9989;1;0.9673;0.9423;0.993;0.993;1;0.993;0.993;0.9694;0.8799;0.0714;2.5473;2.5796;0.0155;-0.0018;0.329;0.0157;0.0555;0.0069;0;0;0.088;1.977;0;0;0;0;0;0;0;0;0;0;0;0;0.0447;0.0154;2.0985;2.0985;0;61.184;61.184;43.474;0.0501;2224;943.59;1;0.0335;0.0335;0;0;0;0;0;0;2.065;1.977;0;15.492;17.94;14.595;16.901;98.402;98.402;21.482;17.697;16.672;3.785;1.025;0.1762;0.0477;0.7761;24.148;0.7497;0
29/03/21 10:00;45.6;-34.161;35.377;61.194;28.806;-90;-28.806;761.6;125.7;635.89;19.2;5.2401;0;725.69;41.291;93.223;0;8.9528;869.16;0;869.16;725.69;93.223;41.291;8.9528;0.8349;0.0578;0;0.0103;859.68;9.4773;0;0;1.7118;7.7655;848.76;4.901;3.0127;0.387;1.2864;0.215;853.66;6.0178;5.0798;0.6526;0.2771;0.0083;851.21;717.6;92.184;38.016;0.9639;408.57;329.31;129.39;0.5452;4.1821;60.158;2.4483;63.794;0;1;0;0;1.1412;0.9891;1;1;0.9585;0.1326;0.9943;0.9958;1;0.9673;0.8176;0.993;0.993;1;0.993;0.993;0.9765;0.9207;0.1077;2.4736;2.5559;0.0154;-0.0019;0.3313;0.0155;0.0549;0.0099;0;0;0.088;1.9505;0;0;0;0;0;0;0;0;0;0;0;0;0.0442;0.0152;2.0714;2.0714;0;61.745;61.745;42.545;0.0501;2202.1;940.69;1;0.033;0.033;0;0;0;0;0;0;2.0385;1.9505;0;15.749;18.237;14.829;17.172;98.409;98.409;20.86;17.469;16.449;3.391;1.0201;0.1626;0.0489;0.7885;26.995;0.7497;0
29/03/21 11:00;50.54;-12.913;38.278;79.577;10.423;-90;-10.423;832.99;137.2;695.79;20.9;5.76;0;707.47;46.533;91.798;0;1.3059;847.1;0;847.1;707.47;91.798;46.533;1.3059;0.8352;0.0565;0;0.0015;845.66;1.4436;0;0;0.3593;1.0843;833.16;6.5763;4.1289;0.5357;1.8623;0.0494;839.74;5.9196;4.9523;0.6426;0.3232;0.0016;833.42;698.38;90.619;43.988;0.1707;486.06;391.76;152.86;0.0161;5.003;71.966;0.2548;76.953;0;1;0;0;1.0169;0.9983;1;1;0.9923;0.1697;0.9922;0.9941;1;0.9594;0.7755;0.993;0.993;1;0.993;0.993;0.9835;0.9453;0.1307;2.4108;2.5286;0.0152;-0.0019;0.3365;0.0153;0.0541;0.0118;0;0;0.088;1.919;0;0;0;0;0;0;0;0;0;0;0;0;0.0436;0.0148;2.0393;2.0393;0;62.697;62.697;41.797;0.0502;2177.6;936.46;1;0.0323;0.0323;0;0;0;0;0;0;2.007;1.919;0;15.908;18.421;14.969;17.334;98.418;98.418;20.33;17.197;16.183;3.1332;1.0143;0.1541;0.0499;0.796;27.923;0.7484;0
29/03/21 12:00;50.769;10.799;38.408;81.302;8.6978;90;8.6978;842.7;138.8;703.9;22.8;5.9701;0;712.09;46.435;93.167;0;0.9207;852.62;0;852.62;712.09;93.167;46.435;0.9207;0.8352;0.0555;0;0.0011;851.58;1.0328;0;0;0.2665;0.7663;838.92;6.7045;4.2097;0.5508;1.9095;0.0345;845.62;5.9611;4.9846;0.6522;0.3232;0.0011;839.08;702.9;91.964;43.936;0.1188;493.35;397.64;152.73;0.008;5.2357;75.314;0.1673;80.541;0;1;0;0;1.0118;0.9988;1;1;0.9943;0.1677;0.9921;0.994;1;0.9583;0.7752;0.993;0.993;1;0.993;0.993;0.9839;0.9462;0.1291;2.4265;2.5515;0.0154;-0.0019;0.3604;0.0152;0.0541;0.0122;0;0;0.088;1.9174;0;0;0;0;0;0;0;0;0;0;0;0;0.0435;0.0151;2.0375;2.0375;0;64.964;64.964;42.164;0.0503;2196.8;927.48;1;0.0321;0.0321;0;0;0;0;0;0;2.0054;1.9174;0;15.791;18.285;14.86;17.208;98.427;98.427;20.463;17.182;16.17;3.2806;1.0124;0.1603;0.0495;0.7902;27.752;0.7412;0
29/03/21 13:00;46.211;32.415;35.745;62.804;27.197;90;27.197;750.11;142.8;607.31;23;5.86;0;682.8;52.038;98.617;0;7.8782;841.33;0;841.33;682.8;98.617;52.038;7.8782;0.8116;0.0712;0;0.0094;832.55;8.7865;0;0;1.9742;6.8123;821.46;5.2535;2.9805;0.4305;1.6375;0.205;826.72;5.8278;4.7796;0.6903;0.3504;0.0075;823.6;675.04;97.496;48.076;0.8535;408.08;328.91;128.46;0.5619;4.2281;60.819;2.1357;64.485;0;1;0;0;1.1216;0.9896;1;1;0.9621;0.1353;0.9936;0.9956;1;0.9671;0.8064;0.993;0.993;1;0.993;0.993;0.9764;0.9239;0.1083;2.3944;2.4782;0.0149;-0.002;0.3441;0.0148;0.0527;0.0099;0;0;0.088;1.8679;0;0;0;0;0;0;0;0;0;0;0;0;0.0424;0.0143;1.9871;1.9871;0;64.264;64.264;41.264;0.0502;2135.3;930.61;1;0.0312;0.0312;0;0;0;0;0;0;1.9559;1.8679;0;15.607;18.073;14.671;16.989;98.431;98.431;20.192;16.757;15.752;3.4345;1.005;0.1701;0.0498;0.7801;33.667;0.7401;0
29/03/21 14:00;38.138;49.505;30.714;45.916;44.084;90;44.084;425.09;295.9;129.19;23;5.6599;0;179.86;215.39;62.922;0;11.375;469.54;0;469.54;179.86;62.922;215.39;11.375;0.383;0.483;0;0.0242;441.71;27.839;0;0;17.305;10.533;431.8;6.8094;0.2597;0.0909;6.403;0.0558;438.61;3.0919;1.259;0.4405;1.3866;0.0059;435.54;178.34;62.391;190.3;0.7802;233.75;188.4;76.181;12.256;3.0288;43.569;3.7361;34.341;0;1;0;0;1.1046;0.9407;1;1;0.9197;0.074;0.9845;0.9985;1;0.9674;0.9332;0.993;0.993;1;0.993;0.993;0.9196;0.8835;0.0686;1.3363;1.3334;0.008;0.0074;0.0918;0.0086;0.0304;0.0076;0;0;0.088;1.0447;0;0;0;0;0;0;0;0;0;0;0;0;0.0245;0.0045;1.1504;1.1504;0;44.386;44.386;21.386;0.0495;1146.1;1003.8;1;0.0178;0.0178;0;0;0;0;0;0;1.1327;1.0447;0;16.19;18.748;14.702;17.025;98.457;98.457;11.269;9.7018;8.81;1.5672;0.8918;0.1391;0.0791;0.7818;158.97;0.731;0
29/03/21 15:00;27.949;62.637;23.955;30.854;59.146;90;59.146;513.51;96.6;416.91;23.3;5.06;0;812.91;25.612;122.34;0;23.764;984.62;0;984.62;812.91;122.34;25.612;23.764;0.8256;0.0501;0;0.0241;959.22;25.396;0;0;3.1536;22.243;950.86;1.647;0.6679;0.1005;0.7836;0.095;952.51;6.7146;5.6904;0.8563;0.1572;0.0106;954.8;806.55;121.38;21.517;1.4158;117.99;95.099;36.963;4.0738;1.4884;21.41;3.9346;18.825;0;1;0;0;1.9174;0.9742;1;1;0.8769;0.064;0.9983;0.9992;1;0.9649;0.9371;0.993;0.993;1;0.993;0.993;0.9657;0.8401;0.0596;2.8021;2.7746;0.0167;-0.0007;0.4553;0.0161;0.0572;0.0034;0;0;0.088;2.0406;0;0;0;0;0;0;0;0;0;0;0;0;0.0461;0.0178;2.1628;2.1628;0;71.339;71.339;48.039;0.0505;2394.1;903.41;1;0.0342;0.0342;0;0;0;0;0;0;2.1286;2.0406;0;14.515;16.808;13.695;15.858;98.417;98.417;23.631;18.239;17.208;5.3915;1.0309;0.2282;0.0436;0.7282;22.074;0.7166;0
29/03/21 16:00;16.584;73.196;46.192;17.281;28.81;90;28.81;155.69;141.1;14.59;22.38;3.2699;0;35.384;127.43;12.772;0;1.8308;177.41;0;177.41;35.384;12.772;127.43;1.8308;0.1994;0.7286;0;0.0103;170.52;6.8962;0;0;5.3008;1.5955;164.81;4.5138;0.3691;0.1332;3.9682;0.0432;169.32;1.1936;0.2477;0.0894;0.8549;0.0016;165.31;34.767;12.549;117.3;0.1905;83.412;67.23;25.96;1.677;0.9851;14.171;0.5005;13.479;0;1;0;0;1.1395;0.9611;1;1;0.9584;0.1285;0.9733;0.9895;1;0.9673;0.815;0.993;0.993;1;0.993;0.993;0.929;0.9206;0.104;0.5049;0.5014;0.003;0.0172;0.01;0.0033;0.0117;0.0025;0;0;0.088;0.3469;0;0;0;0;0;0;0;0;0;0;0;0;0.0094;0.0008;0.4434;0.4434;0;30.506;30.506;8.126;0.0493;428.53;1034.7;1;0.0085;0.0085;0;0;0;0;0;0;0.4349;0.3469;0;16.515;19.124;12.921;14.962;98.082;98.082;4.258;3.7393;2.9254;0.5187;0.8138;0.1218;0.1911;0.6871;83.315;0.6483;0
29/03/21 17:00;5.4142;81.762;76.771;5.4703;7.8975;90;7.8975;25.2;24.898;0.3015;20.13;3.2601;0;0.7313;24.722;0.1409;0;0.0227;25.617;0;25.617;0.7313;0.1409;24.722;0.0227;0.0285;0.966;0;0.0009;25.477;0.1399;0;0;0.121;0.0189;24.075;1.2241;0.1631;0.0314;1.0287;0.0008;25.299;0.1783;0.0051;0.001;0.1722;0;24.078;0.5631;0.1085;23.4;0.0029;14.753;11.891;4.3609;0.0028;0.1701;2.4471;0.0032;2.6145;0;1;0;0;1.0166;0.9945;1;1;0.9951;0.1675;0.9516;0.7754;1;0.9579;0.7754;0.993;0.993;1;0.993;0.993;0.9398;0.9465;0.129;0.0729;0.0738;0.0004;0.0096;-0.001;0.0005;0.0016;0.0004;0;0;0.088;-0.0305;0;0;0;0;0;0;0;0;0;0;0;0;0.0013;0.0001;0.0609;0.0609;0;21.334;21.334;1.2047;0.05;61.427;992.09;1;0.0034;0.0034;0;0;0;0;0;0;0.0575;-0.0305;0;15.72;18.203;-7.8549;-9.0958;94.433;94.433;0.6148;0.5139;-0.2568;0.1009;0.7707;0.1641;1.2536;0;14.751;0;0
29/03/21 18:00;0;0;90;0;0;90;0;0;0;0;18.04;3.23;0;0;0;0;0;0;0;0;0;0;0;0;0;1;1;1;1;0;0;0;0;0;0;0;0;0;0;0;0;0;0;0;0;0;0;0;0;0;0;0;0;0;0;0;0;0;0;0;0;0;0;0;1;1;1;1;1;1;1;1;1;1;1;1;1;1;1;1;1;1;1;0;0;0;0;0;0;0;0;0;0.0004;0.088;-0.0884;0;0;0;0;0;0;0;0;0;0;0;0;0;0;0;0;0;0;0;-18.04;0;0;0;0;0.0004;0;0;0;0;0;0;0;-0.0004;-0.0884;0;0;0;0;0;0;0;0;0;-0.7452;0;0.7452;1;1;0;0;0;0
29/03/21 19:00;0;0;90;0;0;90;0;0;0;0;16.8;3.1199;0;0;0;0;0;0;0;0;0;0;0;0;0;1;1;1;1;0;0;0;0;0;0;0;0;0;0;0;0;0;0;0;0;0;0;0;0;0;0;0;0;0;0;0;0;0;0;0;0;0;0;0;1;1;1;1;1;1;1;1;1;1;1;1;1;1;1;1;1;1;1;0;0;0;0;0;0;0;0;0;0.0004;0.088;-0.0884;0;0;0;0;0;0;0;0;0;0;0;0;0;0;0;0;0;0;0;-16.8;0;0;0;0;0.0004;0;0;0;0;0;0;0;-0.0004;-0.0884;0;0;0;0;0;0;0;0;0;-0.7452;0;0.7452;1;1;0;0;0;0
29/03/21 20:00;0;0;90;0;0;90;0;0;0;0;15.19;3.05;0;0;0;0;0;0;0;0;0;0;0;0;0;1;1;1;1;0;0;0;0;0;0;0;0;0;0;0;0;0;0;0;0;0;0;0;0;0;0;0;0;0;0;0;0;0;0;0;0;0;0;0;1;1;1;1;1;1;1;1;1;1;1;1;1;1;1;1;1;1;1;0;0;0;0;0;0;0;0;0;0.0004;0.088;-0.0884;0;0;0;0;0;0;0;0;0;0;0;0;0;0;0;0;0;0;0;-15.19;0;0;0;0;0.0004;0;0;0;0;0;0;0;-0.0004;-0.0884;0;0;0;0;0;0;0;0;0;-0.7452;0;0.7452;1;1;0;0;0;0
29/03/21 21:00;0;0;90;0;0;90;0;0;0;0;14.3;2.9401;0;0;0;0;0;0;0;0;0;0;0;0;0;1;1;1;1;0;0;0;0;0;0;0;0;0;0;0;0;0;0;0;0;0;0;0;0;0;0;0;0;0;0;0;0;0;0;0;0;0;0;0;1;1;1;1;1;1;1;1;1;1;1;1;1;1;1;1;1;1;1;0;0;0;0;0;0;0;0;0;0.0004;0.088;-0.0884;0;0;0;0;0;0;0;0;0;0;0;0;0;0;0;0;0;0;0;-14.3;0;0;0;0;0.0004;0;0;0;0;0;0;0;-0.0004;-0.0884;0;0;0;0;0;0;0;0;0;-0.7452;0;0.7452;1;1;0;0;0;0
29/03/21 22:00;0;0;90;0;0;90;0;0;0;0;11.1;2.59;0;0;0;0;0;0;0;0;0;0;0;0;0;1;1;1;1;0;0;0;0;0;0;0;0;0;0;0;0;0;0;0;0;0;0;0;0;0;0;0;0;0;0;0;0;0;0;0;0;0;0;0;1;1;1;1;1;1;1;1;1;1;1;1;1;1;1;1;1;1;1;0;0;0;0;0;0;0;0;0;0.0004;0.088;-0.0884;0;0;0;0;0;0;0;0;0;0;0;0;0;0;0;0;0;0;0;-11.1;0;0;0;0;0.0004;0;0;0;0;0;0;0;-0.0004;-0.0884;0;0;0;0;0;0;0;0;0;-0.7452;0;0.7452;1;1;0;0;0;0
29/03/21 23:00;0;0;90;0;0;90;0;0;0;0;10.45;2.2399;0;0;0;0;0;0;0;0;0;0;0;0;0;1;1;1;1;0;0;0;0;0;0;0;0;0;0;0;0;0;0;0;0;0;0;0;0;0;0;0;0;0;0;0;0;0;0;0;0;0;0;0;1;1;1;1;1;1;1;1;1;1;1;1;1;1;1;1;1;1;1;0;0;0;0;0;0;0;0;0;0.0004;0.088;-0.0884;0;0;0;0;0;0;0;0;0;0;0;0;0;0;0;0;0;0;0;-10.45;0;0;0;0;0.0004;0;0;0;0;0;0;0;-0.0004;-0.0884;0;0;0;0;0;0;0;0;0;-0.7452;0;0.7452;1;1;0;0;0;0
30/03/21 00:00;0;0;90;0;0;90;0;0;0;0;10.39;2.2;0;0;0;0;0;0;0;0;0;0;0;0;0;1;1;1;1;0;0;0;0;0;0;0;0;0;0;0;0;0;0;0;0;0;0;0;0;0;0;0;0;0;0;0;0;0;0;0;0;0;0;0;1;1;1;1;1;1;1;1;1;1;1;1;1;1;1;1;1;1;1;0;0;0;0;0;0;0;0;0;0.0004;0.088;-0.0884;0;0;0;0;0;0;0;0;0;0;0;0;0;0;0;0;0;0;0;-10.39;0;0;0;0;0.0004;0;0;0;0;0;0;0;-0.0004;-0.0884;0;0;0;0;0;0;0;0;0;-0.7452;0;0.7452;1;1;0;0;0;0
30/03/21 01:00;0;0;90;0;0;90;0;0;0;0;9.4303;2.41;0;0;0;0;0;0;0;0;0;0;0;0;0;1;1;1;1;0;0;0;0;0;0;0;0;0;0;0;0;0;0;0;0;0;0;0;0;0;0;0;0;0;0;0;0;0;0;0;0;0;0;0;1;1;1;1;1;1;1;1;1;1;1;1;1;1;1;1;1;1;1;0;0;0;0;0;0;0;0;0;0.0004;0.088;-0.0884;0;0;0;0;0;0;0;0;0;0;0;0;0;0;0;0;0;0;0;-9.4303;0;0;0;0;0.0004;0;0;0;0;0;0;0;-0.0004;-0.0884;0;0;0;0;0;0;0;0;0;-0.7452;0;0.7452;1;1;0;0;0;0
30/03/21 02:00;0;0;90;0;0;90;0;0;0;0;8.37;2.6299;0;0;0;0;0;0;0;0;0;0;0;0;0;1;1;1;1;0;0;0;0;0;0;0;0;0;0;0;0;0;0;0;0;0;0;0;0;0;0;0;0;0;0;0;0;0;0;0;0;0;0;0;1;1;1;1;1;1;1;1;1;1;1;1;1;1;1;1;1;1;1;0;0;0;0;0;0;0;0;0;0.0004;0.088;-0.0884;0;0;0;0;0;0;0;0;0;0;0;0;0;0;0;0;0;0;0;-8.37;0;0;0;0;0.0004;0;0;0;0;0;0;0;-0.0004;-0.0884;0;0;0;0;0;0;0;0;0;-0.7452;0;0.7452;1;1;0;0;0;0
30/03/21 03:00;0;0;90;0;0;90;0;0;0;0;7.7697;2.76;0;0;0;0;0;0;0;0;0;0;0;0;0;1;1;1;1;0;0;0;0;0;0;0;0;0;0;0;0;0;0;0;0;0;0;0;0;0;0;0;0;0;0;0;0;0;0;0;0;0;0;0;1;1;1;1;1;1;1;1;1;1;1;1;1;1;1;1;1;1;1;0;0;0;0;0;0;0;0;0;0.0004;0.088;-0.0884;0;0;0;0;0;0;0;0;0;0;0;0;0;0;0;0;0;0;0;-7.7697;0;0;0;0;0.0004;0;0;0;0;0;0;0;-0.0004;-0.0884;0;0;0;0;0;0;0;0;0;-0.7452;0;0.7452;1;1;0;0;0;0
30/03/21 04:00;0;0;90;0;0;90;0;0;0;0;7.2;2.7999;0;0;0;0;0;0;0;0;0;0;0;0;0;1;1;1;1;0;0;0;0;0;0;0;0;0;0;0;0;0;0;0;0;0;0;0;0;0;0;0;0;0;0;0;0;0;0;0;0;0;0;0;1;1;1;1;1;1;1;1;1;1;1;1;1;1;1;1;1;1;1;0;0;0;0;0;0;0;0;0;0.0004;0.088;-0.0884;0;0;0;0;0;0;0;0;0;0;0;0;0;0;0;0;0;0;0;-7.2;0;0;0;0;0.0004;0;0;0;0;0;0;0;-0.0004;-0.0884;0;0;0;0;0;0;0;0;0;-0.7452;0;0.7452;1;1;0;0;0;0
30/03/21 05:00;0;0;90;0;0;90;0;0;0;0;6.9501;2.7899;0;0;0;0;0;0;0;0;0;0;0;0;0;1;1;1;1;0;0;0;0;0;0;0;0;0;0;0;0;0;0;0;0;0;0;0;0;0;0;0;0;0;0;0;0;0;0;0;0;0;0;0;1;1;1;1;1;1;1;1;1;1;1;1;1;1;1;1;1;1;1;0;0;0;0;0;0;0;0;0;0.0004;0.088;-0.0884;0;0;0;0;0;0;0;0;0;0;0;0;0;0;0;0;0;0;0;-6.9501;0;0;0;0;0.0004;0;0;0;0;0;0;0;-0.0004;-0.0884;0;0;0;0;0;0;0;0;0;-0.7452;0;0.7452;1;1;0;0;0;0
30/03/21 06:00;4.7554;-81.758;78.401;4.8048;6.9162;-90;-6.9162;41.804;26.701;15.103;6.8098;3.6799;0;36.629;23.063;8.6188;0;0.0289;68.34;0;68.34;36.629;8.6188;23.063;0.0289;0.536;0.3379;0;0.0004;68.225;0.1145;0;0;0.0905;0.024;54.706;13.042;9.7693;2.2987;0.9731;0.0011;67.748;0.4776;0.2564;0.0603;0.1608;0;54.708;26.603;6.2598;21.839;0.0038;13.827;11.145;4.1;0.0014;0.1586;2.2808;0.0019;2.4379;0;1;0;0;1.6348;0.9983;1;1;0.9961;0.1684;0.8075;0.7314;1;0.9573;0.7762;0.993;0.993;1;0.993;0.993;0.8005;0.9469;0.1298;0.1945;0.1611;0.001;0.0136;-0.0091;0.0011;0.0039;0.0004;0;0;0.088;0.0527;0;0;0;0;0;0;0;0;0;0;0;0;0.0031;0.0001;0.147;0.147;0;9.4902;9.4902;2.6804;0.049;136.17;1079.5;1;0.0063;0.0063;0;0;0;0;0;0;0.1407;0.0527;0;14.213;16.458;5.0957;5.9007;95.722;95.722;1.6402;1.2396;0.4444;0.4006;0.7951;0.2442;0.4848;0.271;13.736;0.2644;0
30/03/21 07:00;15.338;-73.702;50.095;15.948;25.841;-90;-25.841;229.71;41.502;188.21;11.61;3.38;0;456.45;18.932;52.321;0;2.182;529.89;0;529.89;456.45;52.321;18.932;2.182;0.8614;0.0398;0;0.0041;527.36;2.5261;0;0;0.6597;1.8664;516.52;7.1454;5.8149;0.6665;0.6018;0.062;523.67;3.6915;3.1952;0.3662;0.1279;0.0022;516.58;447.44;51.288;17.543;0.2514;13.173;10.618;4.2213;0.1707;0.1416;2.0366;0.0563;2.0074;0;1;0;0;2.3068;0.9952;1;1;0.9652;0.1447;0.9864;0.9872;1;0.9668;0.8021;0.993;0.993;1;0.993;0.993;0.9748;0.9266;0.1152;1.508;1.4821;0.0089;0.0054;0.0627;0.0098;0.0349;0.0004;0;0;0.088;1.2175;0;0;0;0;0;0;0;0;0;0;0;0;0.0281;0.0055;1.3264;1.3264;0;37.014;37.014;25.404;0.0492;1276.8;1038.8;1;0.0209;0.0209;0;0;0;0;0;0;1.3055;1.2175;0;16.541;19.154;15.182;17.581;98.423;98.423;12.717;11.186;10.267;1.5317;0.9185;0.1204;0.0722;0.8073;12.146;0.805;0
30/03/21 08:00;26.749;-63.303;23.659;29.43;60;-90;-60;430.6;75.699;354.9;14.76;2.21;0;722.26;24.068;88.748;0;20.454;855.53;0;855.53;722.26;88.748;24.068;20.454;0.8442;0.052;0;0.0239;833.47;22.053;0;0;3.0153;19.038;826.15;1.489;0.5861;0.072;0.7397;0.0912;827.64;5.8343;5.0558;0.6212;0.1474;0.0099;829.25;716.62;88.054;20.165;1.3146;86.712;69.89;27.966;4.0288;1.109;15.953;3.0975;13.033;0;1;0;0;1.9868;0.9742;1;1;0.8747;0.0692;0.9982;0.9992;1;0.9646;0.9351;0.993;0.993;1;0.993;0.993;0.9657;0.8379;0.0643;2.4348;2.4045;0.0145;-0.002;0.2622;0.0149;0.0529;0.0027;0;0;0.088;1.8831;0;0;0;0;0;0;0;0;0;0;0;0;0.0426;0.0135;2.0033;2.0033;0;55.977;55.977;41.217;0.0499;2075.5;965.2;1;0.0322;0.0322;0;0;0;0;0;0;1.9711;1.8831;0;15.473;17.917;14.545;16.842;98.394;98.394;20.533;16.894;15.88;3.6389;1.0134;0.1772;0.0494;0.7734;20.959;0.7628;0
30/03/21 09:00;37.032;-50.455;30.549;44.373;45.627;-90;-45.627;625.4;103;522.4;17.47;1.3501;0;747.01;32.056;93.333;0;17.864;890.26;0;890.26;747.01;93.333;32.056;17.864;0.8391;0.0561;0;0.0201;871.06;19.202;0;0;2.6992;16.503;862.8;2.1624;1.0066;0.1258;0.9527;0.0773;864.96;6.0974;5.229;0.6533;0.2055;0.0095;867.24;740.77;92.554;28.199;1.2739;266.87;215.1;83.634;2.0578;2.8995;41.708;4.4461;42.55;0;1;0;0;1.4235;0.9784;1;1;0.9158;0.0762;0.9975;0.9986;1;0.9673;0.9428;0.993;0.993;1;0.993;0.993;0.9692;0.8797;0.0713;2.5336;2.5648;0.0154;-0.0018;0.3225;0.0156;0.0553;0.0069;0;0;0.088;1.9696;0;0;0;0;0;0;0;0;0;0;0;0;0.0446;0.0153;2.091;2.091;0;60.68;60.68;43.21;0.0501;2211.4;945.57;1;0.0334;0.0334;0;0;0;0;0;0;2.0576;1.9696;0;15.52;17.972;14.619;16.929;98.401;98.401;21.366;17.634;16.61;3.7327;1.024;0.1747;0.0479;0.7774;23.997;0.751;0
30/03/21 10:00;45.291;-33.807;35.772;61.155;28.845;-90;-28.845;665.41;160.6;504.81;19.86;1.1199;0;576.31;72.465;95.144;0;7.8431;751.77;0;751.77;576.31;95.144;72.465;7.8431;0.7666;0.1068;0;0.0104;741.95;9.815;0;0;3.0108;6.8043;731.37;5.3865;2.5248;0.4168;2.2571;0.1879;736.76;5.1937;4.0342;0.666;0.4862;0.0073;733.54;569.75;94.061;66.711;0.8437;360.04;290.19;113.88;0.9594;3.7252;53.585;2.165;56.351;0;1;0;0;1.1298;0.9869;1;1;0.9585;0.1324;0.9927;0.9956;1;0.9673;0.8179;0.993;0.993;1;0.993;0.993;0.9729;0.9206;0.1076;2.1395;2.206;0.0133;-0.0015;0.2442;0.0137;0.0484;0.009;0;0;0.088;1.7118;0;0;0;0;0;0;0;0;0;0;0;0;0.039;0.0115;1.8286;1.8286;0;56.367;56.367;36.507;0.0499;1901.1;961.87;1;0.0288;0.0288;0;0;0;0;0;0;1.7998;1.7118;0;16.073;18.612;15.046;17.423;98.425;98.425;18.042;15.421;14.436;2.6218;0.985;0.1453;0.0546;0.8001;47.389;0.7596;0
30/03/21 11:00;50.172;-12.681;38.672;79.625;10.375;-90;-10.375;746.69;164.3;582.39;21.84;1.5801;0;592.07;72.676;92.541;0;1.1597;758.44;0;758.44;592.07;92.541;72.676;1.1597;0.7806;0.0974;0;0.0015;756.92;1.5198;0;0;0.5568;0.9629;744.52;7.1071;3.5911;0.5613;2.9109;0.0439;751.63;5.2985;4.1445;0.6478;0.5048;0.0014;744.74;584.33;91.332;68.704;0.1515;436.12;351.52;136.8;0.0246;4.5131;64.919;0.225;69.408;0;1;0;0;1.0157;0.998;1;1;0.9923;0.1697;0.9905;0.9939;1;0.9594;0.7755;0.993;0.993;1;0.993;0.993;0.9816;0.9453;0.1307;2.1585;2.2608;0.0136;-0.0017;0.2722;0.0138;0.0491;0.0108;0;0;0.088;1.7344;0;0;0;0;0;0;0;0;0;0;0;0;0.0395;0.012;1.8514;1.8514;0;59.085;59.085;37.245;0.05;1947.8;950.52;1;0.029;0.029;0;0;0;0;0;0;1.8224;1.7344;0;16.131;18.679;15.111;17.498;98.433;98.433;18.203;15.613;14.627;2.5892;0.9868;0.1422;0.0542;0.8035;43.605;0.7552;0
30/03/21 12:00;50.373;10.828;38.788;81.158;8.8422;90;8.8422;748.51;176.5;572;22.41;2.34;0;578.88;80.259;96.916;0;0.8451;756.9;0;756.9;578.88;96.916;80.259;0.8451;0.7648;0.1072;0;0.0011;755.73;1.1767;0;0;0.4733;0.7033;742.97;7.4692;3.55;0.5943;3.2932;0.0316;750.44;5.2901;4.0522;0.6784;0.5585;0.001;743.12;571.28;95.644;75.934;0.1091;438.47;353.4;135.4;0.0145;4.6754;67.253;0.1538;71.914;0;1;0;0;1.0112;0.9984;1;1;0.9941;0.1677;0.99;0.9938;1;0.9584;0.7751;0.993;0.993;1;0.993;0.993;0.9816;0.9461;0.1291;2.1541;2.2608;0.0136;-0.0017;0.2764;0.0138;0.049;0.0111;0;0;0.088;1.7303;0;0;0;0;0;0;0;0;0;0;0;0;0.0394;0.012;1.8472;1.8472;0;59.593;59.593;37.183;0.05;1947.7;948.38;1;0.0289;0.0289;0;0;0;0;0;0;1.8183;1.7303;0;16.126;18.674;15.106;17.492;98.436;98.436;18.166;15.577;14.592;2.5882;0.9858;0.1425;0.0543;0.8033;47.981;0.7532;0
30/03/21 13:00;45.828;32.272;36.098;62.583;27.417;90;27.417;463.79;341;122.79;22.49;2.9;0;138.33;281.59;48.046;0;4.9491;472.92;0;472.92;138.33;48.046;281.59;4.9491;0.2925;0.6059;0;0.0105;457.81;15.106;0;0;10.822;4.284;444.78;9.8269;0.6323;0.2196;8.8479;0.1271;454.61;3.2047;0.9683;0.3363;1.8954;0.0047;446.22;136.73;47.491;260.03;0.5333;271.41;218.76;84.86;3.118;3.0282;43.56;1.4386;43.47;0;1;0;0;1.0197;0.9681;1;1;0.9616;0.1344;0.9784;0.9954;1;0.9671;0.8075;0.993;0.993;1;0.993;0.993;0.9405;0.9234;0.1078;1.3459;1.3639;0.0082;0.007;0.0945;0.0088;0.0311;0.0076;0;0;0.088;1.0708;0;0;0;0;0;0;0;0;0;0;0;0;0.0251;0.0047;1.1769;1.1769;0;44.517;44.517;22.028;0.0495;1172.4;1003.8;1;0.0181;0.0181;0;0;0;0;0;0;1.1588;1.0708;0;16.445;19.043;14.962;17.325;98.459;98.459;11.35;9.925;9.0299;1.425;0.8951;0.1256;0.0789;0.7956;182.44;0.7443;0
30/03/21 14:00;37.785;49.276;31.038;45.65;44.35;90;44.35;626.3;138.5;487.8;22.69;3.0299;0;682.16;49.688;112.66;0;16.952;861.46;0;861.46;682.16;112.66;49.688;16.952;0.7919;0.0774;0;0.0197;841.72;19.733;0;0;4.0274;15.706;832.98;2.8548;1.1133;0.1839;1.4768;0.0809;835.83;5.8921;4.7751;0.7886;0.3196;0.0087;837.58;676.27;111.68;43.864;1.157;279;224.88;86.221;2.8902;3.1581;45.429;4.6016;45.697;0;1;0;0;1.3755;0.9771;1;1;0.9189;0.0735;0.9966;0.9984;1;0.9674;0.9347;0.993;0.993;1;0.993;0.993;0.9669;0.8828;0.0683;2.4516;2.4874;0.015;-0.002;0.3478;0.0149;0.0528;0.0074;0;0;0.088;1.8753;0;0;0;0;0;0;0;0;0;0;0;0;0.0425;0.0144;1.9946;1.9946;0;64.541;64.541;41.851;0.0502;2144.4;930.12;1;0.0313;0.0313;0;0;0;0;0;0;1.9633;1.8753;0;15.3;17.717;14.385;16.657;98.431;98.431;20.675;16.821;15.814;3.8544;1.0061;0.1864;0.0487;0.7649;36.761;0.7359;0
30/03/21 15:00;27.625;62.379;24.253;30.568;59.432;90;59.432;461.6;131.1;330.5;23.22;2.9599;0;649.87;47.394;134.24;0;21.551;853.05;0;853.05;649.87;134.24;47.394;21.551;0.7618;0.0808;0;0.0253;827.01;26.044;0;0;5.8766;20.168;819.03;2.1929;0.5406;0.1117;1.4519;0.0887;821.22;5.7891;4.5491;0.9397;0.2906;0.0097;823.08;644.78;133.19;39.775;1.2844;118.03;95.134;37.753;7.6637;1.6718;24.048;4.0571;18.056;0;1;0;0;1.848;0.9695;1;1;0.876;0.0642;0.9973;0.9992;1;0.9648;0.9354;0.993;0.993;1;0.993;0.993;0.9601;0.8392;0.0596;2.4277;2.4031;0.0145;-0.002;0.3348;0.0144;0.051;0.0039;0;0;0.088;1.8137;0;0;0;0;0;0;0;0;0;0;0;0;0.0411;0.0135;1.9318;1.9318;0;64.365;64.365;41.145;0.0502;2074;931.46;1;0.0302;0.0302;0;0;0;0;0;0;1.9017;1.8137;0;14.965;17.329;14.049;16.269;98.439;98.439;20.473;16.292;15.295;4.1817;0.9964;0.2043;0.0487;0.7471;40.985;0.7316;0
30/03/21 16:00;16.281;72.929;47.161;16.989;28.136;90;28.136;122.31;117.6;4.7064;23.16;2.35;0;11.414;109.29;3.4979;0;1.373;125.58;0;125.58;11.414;3.4979;109.29;1.373;0.0909;0.8813;0;0.0109;120.01;5.5703;0;0;4.3777;1.1926;115.55;3.6157;0.1255;0.0385;3.4179;0.0338;119.17;0.8401;0.0799;0.0245;0.7344;0.0013;115.96;11.209;3.435;100.76;0.1453;71.171;57.364;22.063;1.3244;0.8393;12.073;0.4047;11.588;0;1;0;0;1.0268;0.9556;1;1;0.9599;0.1314;0.9697;0.9889;1;0.9672;0.8113;0.993;0.993;1;0.993;0.993;0.9202;0.922;0.1058;0.3574;0.3559;0.0021;0.017;0.005;0.0023;0.0082;0.0021;0;0;0.088;0.2169;0;0;0;0;0;0;0;0;0;0;0;0;0.0066;0.0005;0.312;0.312;0;28.868;28.868;5.7086;0.0494;303.59;1027.6;1;0.007;0.007;0;0;0;0;0;0;0.3049;0.2169;0;16.416;19.009;11.415;13.218;97.743;97.743;3.0139;2.6309;1.8294;0.383;0.8015;0.1271;0.2659;0.607;71.141;0.5662;0
30/03/21 17:00;5.3249;81.346;76.993;5.3859;7.7726;90;7.7726;31.509;30.998;0.5114;21.84;2.81;0;1.2402;30.731;0.3026;0;0.0275;32.302;0;32.302;1.2402;0.3026;30.731;0.0275;0.0384;0.9522;0;0.0009;32.132;0.1695;0;0;0.1466;0.0229;30.273;1.6345;0.2833;0.0691;1.2811;0.001;31.907;0.2249;0.0087;0.0021;0.2141;0;30.276;0.9483;0.2314;29.09;0.0035;18.335;14.778;5.4194;0.0032;0.2114;3.0416;0.0037;3.2498;0;1;0;0;1.0251;0.9948;1;1;0.9952;0.1675;0.9488;0.77;1;0.9578;0.7754;0.993;0.993;1;0.993;0.993;0.9372;0.9466;0.129;0.0919;0.0927;0.0006;0.0107;-0.0006;0.0006;0.002;0.0005;0;0;0.088;-0.0146;0;0;0;0;0;0;0;0;0;0;0;0;0.0016;0.0001;0.0772;0.0772;0;23.353;23.353;1.5123;0.05;77.669;993.74;1;0.0038;0.0038;0;0;0;0;0;0;0.0734;-0.0146;0;15.789;18.284;-2.9873;-3.4592;95.095;95.095;0.7752;0.6509;-0.1231;0.1243;0.774;0.1604;0.9985;0;18.332;0;0
30/03/21 18:00;0;0;90;0;0;90;0;0;0;0;19.04;3.0399;0;0;0;0;0;0;0;0;0;0;0;0;0;1;1;1;1;0;0;0;0;0;0;0;0;0;0;0;0;0;0;0;0;0;0;0;0;0;0;0;0;0;0;0;0;0;0;0;0;0;0;0;1;1;1;1;1;1;1;1;1;1;1;1;1;1;1;1;1;1;1;0;0;0;0;0;0;0;0;0;0.0004;0.088;-0.0884;0;0;0;0;0;0;0;0;0;0;0;0;0;0;0;0;0;0;0;-19.04;0;0;0;0;0.0004;0;0;0;0;0;0;0;-0.0004;-0.0884;0;0;0;0;0;0;0;0;0;-0.7452;0;0.7452;1;1;0;0;0;0
30/03/21 19:00;0;0;90;0;0;90;0;0;0;0;14.85;3.1199;0;0;0;0;0;0;0;0;0;0;0;0;0;1;1;1;1;0;0;0;0;0;0;0;0;0;0;0;0;0;0;0;0;0;0;0;0;0;0;0;0;0;0;0;0;0;0;0;0;0;0;0;1;1;1;1;1;1;1;1;1;1;1;1;1;1;1;1;1;1;1;0;0;0;0;0;0;0;0;0;0.0004;0.088;-0.0884;0;0;0;0;0;0;0;0;0;0;0;0;0;0;0;0;0;0;0;-14.85;0;0;0;0;0.0004;0;0;0;0;0;0;0;-0.0004;-0.0884;0;0;0;0;0;0;0;0;0;-0.7452;0;0.7452;1;1;0;0;0;0
30/03/21 20:00;0;0;90;0;0;90;0;0;0;0;12.8;3.0299;0;0;0;0;0;0;0;0;0;0;0;0;0;1;1;1;1;0;0;0;0;0;0;0;0;0;0;0;0;0;0;0;0;0;0;0;0;0;0;0;0;0;0;0;0;0;0;0;0;0;0;0;1;1;1;1;1;1;1;1;1;1;1;1;1;1;1;1;1;1;1;0;0;0;0;0;0;0;0;0;0.0004;0.088;-0.0884;0;0;0;0;0;0;0;0;0;0;0;0;0;0;0;0;0;0;0;-12.8;0;0;0;0;0.0004;0;0;0;0;0;0;0;-0.0004;-0.0884;0;0;0;0;0;0;0;0;0;-0.7452;0;0.7452;1;1;0;0;0;0
30/03/21 21:00;0;0;90;0;0;90;0;0;0;0;11.68;2.83;0;0;0;0;0;0;0;0;0;0;0;0;0;1;1;1;1;0;0;0;0;0;0;0;0;0;0;0;0;0;0;0;0;0;0;0;0;0;0;0;0;0;0;0;0;0;0;0;0;0;0;0;1;1;1;1;1;1;1;1;1;1;1;1;1;1;1;1;1;1;1;0;0;0;0;0;0;0;0;0;0.0004;0.088;-0.0884;0;0;0;0;0;0;0;0;0;0;0;0;0;0;0;0;0;0;0;-11.68;0;0;0;0;0.0004;0;0;0;0;0;0;0;-0.0004;-0.0884;0;0;0;0;0;0;0;0;0;-0.7452;0;0.7452;1;1;0;0;0;0
30/03/21 22:00;0;0;90;0;0;90;0;0;0;0;11.23;2.8501;0;0;0;0;0;0;0;0;0;0;0;0;0;1;1;1;1;0;0;0;0;0;0;0;0;0;0;0;0;0;0;0;0;0;0;0;0;0;0;0;0;0;0;0;0;0;0;0;0;0;0;0;1;1;1;1;1;1;1;1;1;1;1;1;1;1;1;1;1;1;1;0;0;0;0;0;0;0;0;0;0.0004;0.088;-0.0884;0;0;0;0;0;0;0;0;0;0;0;0;0;0;0;0;0;0;0;-11.23;0;0;0;0;0.0004;0;0;0;0;0;0;0;-0.0004;-0.0884;0;0;0;0;0;0;0;0;0;-0.7452;0;0.7452;1;1;0;0;0;0
30/03/21 23:00;0;0;90;0;0;90;0;0;0;0;10.8;3.1199;0;0;0;0;0;0;0;0;0;0;0;0;0;1;1;1;1;0;0;0;0;0;0;0;0;0;0;0;0;0;0;0;0;0;0;0;0;0;0;0;0;0;0;0;0;0;0;0;0;0;0;0;1;1;1;1;1;1;1;1;1;1;1;1;1;1;1;1;1;1;1;0;0;0;0;0;0;0;0;0;0.0004;0.088;-0.0884;0;0;0;0;0;0;0;0;0;0;0;0;0;0;0;0;0;0;0;-10.8;0;0;0;0;0.0004;0;0;0;0;0;0;0;-0.0004;-0.0884;0;0;0;0;0;0;0;0;0;-0.7452;0;0.7452;1;1;0;0;0;0
31/03/21 00:00;0;0;90;0;0;90;0;0;0;0;9.8298;3.5001;0;0;0;0;0;0;0;0;0;0;0;0;0;1;1;1;1;0;0;0;0;0;0;0;0;0;0;0;0;0;0;0;0;0;0;0;0;0;0;0;0;0;0;0;0;0;0;0;0;0;0;0;1;1;1;1;1;1;1;1;1;1;1;1;1;1;1;1;1;1;1;0;0;0;0;0;0;0;0;0;0.0004;0.088;-0.0884;0;0;0;0;0;0;0;0;0;0;0;0;0;0;0;0;0;0;0;-9.8298;0;0;0;0;0.0004;0;0;0;0;0;0;0;-0.0004;-0.0884;0;0;0;0;0;0;0;0;0;-0.7452;0;0.7452;1;1;0;0;0;0
31/03/21 01:00;0;0;90;0;0;90;0;0;0;0;9.4303;3.9001;0;0;0;0;0;0;0;0;0;0;0;0;0;1;1;1;1;0;0;0;0;0;0;0;0;0;0;0;0;0;0;0;0;0;0;0;0;0;0;0;0;0;0;0;0;0;0;0;0;0;0;0;1;1;1;1;1;1;1;1;1;1;1;1;1;1;1;1;1;1;1;0;0;0;0;0;0;0;0;0;0.0004;0.088;-0.0884;0;0;0;0;0;0;0;0;0;0;0;0;0;0;0;0;0;0;0;-9.4303;0;0;0;0;0.0004;0;0;0;0;0;0;0;-0.0004;-0.0884;0;0;0;0;0;0;0;0;0;-0.7452;0;0.7452;1;1;0;0;0;0
31/03/21 02:00;0;0;90;0;0;90;0;0;0;0;9.9003;4.04;0;0;0;0;0;0;0;0;0;0;0;0;0;1;1;1;1;0;0;0;0;0;0;0;0;0;0;0;0;0;0;0;0;0;0;0;0;0;0;0;0;0;0;0;0;0;0;0;0;0;0;0;1;1;1;1;1;1;1;1;1;1;1;1;1;1;1;1;1;1;1;0;0;0;0;0;0;0;0;0;0.0004;0.088;-0.0884;0;0;0;0;0;0;0;0;0;0;0;0;0;0;0;0;0;0;0;-9.9003;0;0;0;0;0.0004;0;0;0;0;0;0;0;-0.0004;-0.0884;0;0;0;0;0;0;0;0;0;-0.7452;0;0.7452;1;1;0;0;0;0
31/03/21 03:00;0;0;90;0;0;90;0;0;0;0;8.9397;3.85;0;0;0;0;0;0;0;0;0;0;0;0;0;1;1;1;1;0;0;0;0;0;0;0;0;0;0;0;0;0;0;0;0;0;0;0;0;0;0;0;0;0;0;0;0;0;0;0;0;0;0;0;1;1;1;1;1;1;1;1;1;1;1;1;1;1;1;1;1;1;1;0;0;0;0;0;0;0;0;0;0.0004;0.088;-0.0884;0;0;0;0;0;0;0;0;0;0;0;0;0;0;0;0;0;0;0;-8.9397;0;0;0;0;0.0004;0;0;0;0;0;0;0;-0.0004;-0.0884;0;0;0;0;0;0;0;0;0;-0.7452;0;0.7452;1;1;0;0;0;0
31/03/21 04:00;0;0;90;0;0;90;0;0;0;0;8.6;3.5199;0;0;0;0;0;0;0;0;0;0;0;0;0;1;1;1;1;0;0;0;0;0;0;0;0;0;0;0;0;0;0;0;0;0;0;0;0;0;0;0;0;0;0;0;0;0;0;0;0;0;0;0;1;1;1;1;1;1;1;1;1;1;1;1;1;1;1;1;1;1;1;0;0;0;0;0;0;0;0;0;0.0004;0.088;-0.0884;0;0;0;0;0;0;0;0;0;0;0;0;0;0;0;0;0;0;0;-8.6;0;0;0;0;0.0004;0;0;0;0;0;0;0;-0.0004;-0.0884;0;0;0;0;0;0;0;0;0;-0.7452;0;0.7452;1;1;0;0;0;0
31/03/21 05:00;0;0;90;0;0;90;0;0;0;0;8.3999;3.45;0;0;0;0;0;0;0;0;0;0;0;0;0;1;1;1;1;0;0;0;0;0;0;0;0;0;0;0;0;0;0;0;0;0;0;0;0;0;0;0;0;0;0;0;0;0;0;0;0;0;0;0;1;1;1;1;1;1;1;1;1;1;1;1;1;1;1;1;1;1;1;0;0;0;0;0;0;0;0;0;0.0004;0.088;-0.0884;0;0;0;0;0;0;0;0;0;0;0;0;0;0;0;0;0;0;0;-8.3999;0;0;0;0;0.0004;0;0;0;0;0;0;0;-0.0004;-0.0884;0;0;0;0;0;0;0;0;0;-0.7452;0;0.7452;1;1;0;0;0;0
31/03/21 06:00;4.5927;-81.397;78.802;4.6448;6.6814;-90;-6.6814;47.703;23.701;24.003;7.9798;3.93;0;58.213;18.445;12.595;0;0.0308;89.284;0;89.284;58.213;12.595;18.445;0.0308;0.652;0.2069;0;0.0003;89.19;0.094;0;0;0.0684;0.0256;68.037;20.529;16.234;3.5126;0.7807;0.0012;88.565;0.6243;0.4075;0.0882;0.1286;0;68.038;41.571;8.9946;17.467;0.004;11.124;8.966;3.2267;0.001;0.1322;1.9018;0.0015;2.0331;0;1;0;0;1.8716;0.9989;1;1;0.9963;0.1683;0.7682;0.7192;1;0.9572;0.7762;0.993;0.993;1;0.993;0.993;0.762;0.947;0.1297;0.2541;0.1985;0.0012;0.0147;-0.0099;0.0013;0.0048;0.0004;0;0;0.088;0.0874;0;0;0;0;0;0;0;0;0;0;0;0;0.0038;0.0002;0.182;0.182;0;11.31;11.31;3.3302;0.0489;168.38;1080.6;1;0.0065;0.0065;0;0;0;0;0;0;0.1754;0.0874;0;13.467;15.594;6.4692;7.4911;96.402;96.402;2.1428;1.5344;0.7371;0.6084;0.7973;0.2839;0.3721;0.344;10.981;0.3386;0
31/03/21 07:00;15.161;-73.336;50.634;15.793;25.512;-90;-25.512;189.51;71.203;118.3;12.29;3.4399;0;286.92;45.335;57.101;0;1.7553;391.11;0;391.11;286.92;57.101;45.335;1.7553;0.7336;0.1204;0;0.0045;388.06;3.0468;0;0;1.5476;1.4991;379.27;6.0776;3.8216;0.7606;1.4448;0.0507;385.35;2.7164;2.0084;0.3997;0.3065;0.0018;379.4;281.09;55.941;42.036;0.2036;29.721;23.955;9.2446;0.39;0.3379;4.8602;0.1305;4.8081;0;1;0;0;2.0638;0.9922;1;1;0.9659;0.1459;0.9842;0.9866;1;0.9668;0.8005;0.993;0.993;1;0.993;0.993;0.9697;0.9272;0.116;1.1131;1.0952;0.0066;0.0108;0.0228;0.0074;0.0262;0.0009;0;0;0.088;0.892;0;0;0;0;0;0;0;0;0;0;0;0;0.0211;0.0031;0.9963;0.9963;0;30.879;30.879;18.589;0.049;941.33;1058.4;1;0.0162;0.0162;0;0;0;0;0;0;0.98;0.892;0;16.832;19.491;15.071;17.452;98.369;98.369;9.3866;8.4015;7.5224;0.9851;0.8792;0.1049;0.0937;0.8014;29.026;0.794;0
31/03/21 08:00;26.542;-62.926;24.037;29.291;60;-90;-60;434.2;73.298;360.9;14.93;2.8799;0;737.6;22.519;88.441;0;20.624;869.19;0;869.19;737.6;88.441;22.519;20.624;0.8486;0.0496;0;0.0237;847.17;22.018;0;0;2.8212;19.197;839.78;1.4651;0.6081;0.0729;0.692;0.092;841.24;5.9302;5.1632;0.6191;0.1379;0.01;842.86;731.83;87.749;18.867;1.3256;84.852;68.39;27.093;3.7699;1.0918;15.705;3.0888;13.027;0;1;0;0;2.0018;0.9747;1;1;0.8747;0.0692;0.9983;0.9992;1;0.9646;0.9351;0.993;0.993;1;0.993;0.993;0.9662;0.8379;0.0643;2.4736;2.443;0.0147;-0.002;0.274;0.0151;0.0535;0.0026;0;0;0.088;1.9074;0;0;0;0;0;0;0;0;0;0;0;0;0.0431;0.014;2.028;2.028;0;56.856;56.856;41.926;0.0499;2108.8;961.69;1;0.0326;0.0326;0;0;0;0;0;0;1.9954;1.9074;0;15.417;17.853;14.501;16.792;98.394;98.394;20.861;17.102;16.085;3.7585;1.0168;0.1802;0.0487;0.7711;19.61;0.7608;0
31/03/21 09:00;36.781;-50.073;30.934;44.27;45.73;-90;-45.73;615.01;101.4;513.61;19.6;1.65;0;735.78;32.11;91.086;0;17.642;876.62;0;876.62;735.78;91.086;32.11;17.642;0.8393;0.0568;0;0.0201;857.6;19.014;0;0;2.7126;16.301;849.27;2.3291;1.1561;0.1431;0.9542;0.0756;851.6;6.0032;5.1504;0.6376;0.2058;0.0094;853.66;729.47;90.306;28.238;1.256;261.98;211.16;82.076;2.0771;2.8517;41.021;4.391;41.795;0;1;0;0;1.4254;0.9783;1;1;0.9155;0.076;0.9973;0.9984;1;0.9673;0.9432;0.993;0.993;1;0.993;0.993;0.9688;0.8794;0.0712;2.4948;2.5246;0.0152;-0.0019;0.3313;0.0153;0.0541;0.0067;0;0;0.088;1.925;0;0;0;0;0;0;0;0;0;0;0;0;0.0436;0.0148;2.0454;2.0454;0;62.186;62.186;42.586;0.0501;2176.9;939.62;1;0.0324;0.0324;0;0;0;0;0;0;2.013;1.925;0;15.418;17.854;14.51;16.803;98.414;98.414;21.039;17.249;16.233;3.7895;1.0158;0.1801;0.0483;0.7716;24.06;0.7455;0
31/03/21 10:00;44.981;-33.458;36.166;61.115;28.885;-90;-28.885;741.9;122.3;619.6;21.64;0.61;0;707.64;41.206;89.498;0;8.7685;847.11;0;847.11;707.64;89.498;41.206;8.7685;0.8354;0.059;0;0.0104;837.79;9.3244;0;0;1.7158;7.6085;826.75;5.1671;3.262;0.4126;1.2831;0.2095;831.92;5.8645;4.9535;0.6265;0.2764;0.0081;829.15;699.42;88.459;37.931;0.9423;397.85;320.67;126;0.5493;4.0728;58.585;2.4003;62.109;0;1;0;0;1.1418;0.989;1;1;0.9584;0.1323;0.9938;0.9954;1;0.9673;0.8181;0.993;0.993;1;0.993;0.993;0.976;0.9205;0.1075;2.4108;2.4896;0.015;-0.002;0.3354;0.015;0.0532;0.0096;0;0;0.088;1.8866;0;0;0;0;0;0;0;0;0;0;0;0;0.0428;0.0144;2.0063;2.0063;0;63.13;63.13;41.49;0.0502;2145.3;935.18;1;0.0316;0.0316;0;0;0;0;0;0;1.9746;1.8866;0;15.65;18.122;14.717;17.042;98.424;98.424;20.331;16.919;15.91;3.4115;1.0088;0.1678;0.0496;0.7826;26.954;0.7441;0
31/03/21 11:00;49.805;-12.453;39.065;79.674;10.326;-90;-10.326;809.81;134.3;675.5;22.85;1.3599;0;686.62;47.1;88.248;0;1.246;823.22;0;823.22;686.62;88.248;47.1;1.246;0.8341;0.0587;0;0.0015;821.83;1.3926;0;0;0.358;1.0345;809.26;6.812;4.3214;0.5554;1.888;0.0471;816.07;5.7528;4.8064;0.6177;0.3272;0.0015;809.5;677.5;87.075;44.527;0.1628;472.65;380.95;148.62;0.0158;4.8667;70.006;0.2419;74.857;0;1;0;0;1.0166;0.9983;1;1;0.9924;0.1697;0.9917;0.9937;1;0.9593;0.7755;0.993;0.993;1;0.993;0.993;0.983;0.9454;0.1307;2.3428;2.4563;0.0148;-0.002;0.3341;0.0148;0.0524;0.0114;0;0;0.088;1.8556;0;0;0;0;0;0;0;0;0;0;0;0;0.0422;0.0141;1.9746;1.9746;0;63.475;63.475;40.625;0.0502;2115.7;933.32;1;0.031;0.031;0;0;0;0;0;0;1.9436;1.8556;0;15.85;18.354;14.895;17.248;98.43;98.43;19.757;16.652;15.649;3.1049;1.0035;0.1572;0.0508;0.7921;28.256;0.7446;0
31/03/21 12:00;49.978;10.856;39.166;81.013;8.9874;90;8.9874;814.1;137.6;676.5;23.46;2.04;0;684.91;48.446;89.961;0;0.9495;824.27;0;824.27;684.91;89.961;48.446;0.9495;0.8309;0.0599;0;0.0012;823.18;1.0838;0;0;0.2935;0.7903;810.48;6.9413;4.3508;0.5715;1.9835;0.0356;817.42;5.7623;4.7944;0.6297;0.3371;0.0011;810.66;675.77;88.76;45.832;0.1226;476.4;383.98;147.46;0.0095;5.057;72.743;0.1757;77.79;0;1;0;0;1.0125;0.9987;1;1;0.9939;0.1677;0.9915;0.9936;1;0.9585;0.7751;0.993;0.993;1;0.993;0.993;0.9833;0.946;0.1291;2.3458;2.4651;0.0148;-0.002;0.3414;0.0148;0.0524;0.0118;0;0;0.088;1.8565;0;0;0;0;0;0;0;0;0;0;0;0;0.0422;0.0141;1.9754;1.9754;0;64.17;64.17;40.709;0.0502;2123;930.5;1;0.031;0.031;0;0;0;0;0;0;1.9445;1.8565;0;15.836;18.338;14.883;17.234;98.433;98.433;19.782;16.659;15.656;3.1235;1.0031;0.1579;0.0507;0.7914;28.972;0.7423;0
31/03/21 13:00;45.445;32.132;36.451;62.36;27.64;90;27.64;749.6;136.3;613.3;23.94;2.43;0;692.31;47.663;96.798;0;8.1265;844.89;0;844.89;692.31;96.798;47.663;8.1265;0.8194;0.066;0;0.0096;836;8.8975;0;0;1.8555;7.0419;824.67;5.4696;3.3059;0.4622;1.4954;0.2061;830.14;5.852;4.8461;0.6776;0.3206;0.0076;826.84;684.15;95.658;43.991;0.8709;406.21;327.4;129.49;0.5447;4.1028;59.017;2.1656;62.576;0;1;0;0;1.1271;0.9895;1;1;0.9611;0.1335;0.9934;0.9952;1;0.9671;0.8086;0.993;0.993;1;0.993;0.993;0.9761;0.923;0.1072;2.4045;2.4839;0.015;-0.002;0.3551;0.0148;0.0525;0.0095;0;0;0.088;1.8633;0;0;0;0;0;0;0;0;0;0;0;0;0.0423;0.0144;1.9822;1.9822;0;65.404;65.404;41.464;0.0503;2140.2;926.21;1;0.031;0.031;0;0;0;0;0;0;1.9513;1.8633;0;15.503;17.952;14.573;16.875;98.436;98.436;20.277;16.717;15.713;3.5609;1.0035;0.1756;0.0495;0.7749;30.924;0.7364;0
31/03/21 14:00;37.432;49.051;31.361;45.383;44.617;90;44.617;624.5;135;489.5;24.56;2.6201;0;687.68;47.527;111.65;0;17.097;863.96;0;863.96;687.68;111.65;47.527;17.097;0.796;0.0748;0;0.0198;844.22;19.734;0;0;3.8861;15.848;835.37;2.9457;1.2511;0.2031;1.4123;0.0793;838.31;5.9095;4.8138;0.7815;0.3055;0.0087;839.85;681.62;110.67;41.923;1.1612;276.25;222.66;86.171;2.8224;3.0725;44.197;4.4861;44.447;0;1;0;0;1.3834;0.9772;1;1;0.9182;0.0731;0.9965;0.9982;1;0.9674;0.9361;0.993;0.993;1;0.993;0.993;0.9669;0.8821;0.0679;2.4587;2.4914;0.015;-0.002;0.367;0.0148;0.0524;0.0071;0;0;0.088;1.8615;0;0;0;0;0;0;0;0;0;0;0;0;0.0422;0.0145;1.9804;1.9804;0;66.602;66.602;42.042;0.0503;2147.8;922.08;1;0.0309;0.0309;0;0;0;0;0;0;1.9495;1.8615;0;15.147;17.54;14.238;16.487;98.441;98.441;20.735;16.701;15.699;4.0339;1.0025;0.1945;0.0483;0.7571;35.247;0.7292;0
31/03/21 15:00;27.301;62.124;24.55;30.282;59.718;90;59.718;450.41;135.6;314.81;24.6;2.57;0;624.31;50.819;134.92;0;21.212;831.26;0;831.26;624.31;134.92;50.819;21.212;0.751;0.0867;0;0.0255;805.06;26.193;0;0;6.3454;19.848;797.14;2.2882;0.5257;0.1136;1.559;0.0899;799.43;5.6354;4.3702;0.9444;0.3113;0.0096;801.02;619.41;133.86;42.604;1.265;115.42;93.032;37.871;8.3594;1.6291;23.434;3.8754;16.704;0;1;0;0;1.8456;0.9685;1;1;0.8751;0.0643;0.9971;0.9992;1;0.9647;0.9336;0.993;0.993;1;0.993;0.993;0.959;0.8383;0.0596;2.3657;2.3387;0.0141;-0.0019;0.3285;0.014;0.0496;0.0038;0;0;0.088;1.7607;0;0;0;0;0;0;0;0;0;0;0;0;0.04;0.0129;1.8778;1.8778;0;64.657;64.657;40.056;0.0503;2018.8;930.18;1;0.0291;0.0291;0;0;0;0;0;0;1.8487;1.7607;0;14.927;17.286;13.996;16.208;98.449;98.449;19.95;15.836;14.848;4.1143;0.9877;0.2062;0.0495;0.7443;44.095;0.7289;0
31/03/21 16:00;15.979;72.664;48.115;16.698;27.476;90;27.476;116.99;113;3.9892;23.85;2.26;0;9.6749;105.5;2.9031;0;1.2537;119.33;0;119.33;9.6749;2.9031;105.5;1.2537;0.0811;0.8946;0;0.0105;114.18;5.154;0;0;4.0685;1.0855;109.89;3.491;0.1117;0.0335;3.3136;0.0321;113.38;0.7992;0.0677;0.0203;0.71;0.0012;110.26;9.4955;2.8493;97.408;0.1349;68.404;55.134;21.171;1.1768;0.8027;11.546;0.3671;11.172;0;1;0;0;1.02;0.9568;1;1;0.9614;0.1341;0.9692;0.9884;1;0.9671;0.8078;0.993;0.993;1;0.993;0.993;0.9209;0.9233;0.1076;0.3396;0.3386;0.002;0.0169;0.0053;0.0022;0.0078;0.002;0;0;0.088;0.2008;0;0;0;0;0;0;0;0;0;0;0;0;0.0063;0.0004;0.2956;0.2956;0;29.283;29.283;5.4333;0.0494;288.69;1023.9;1;0.0068;0.0068;0;0;0;0;0;0;0.2888;0.2008;0;16.368;18.954;11.117;12.873;97.69;97.69;2.864;2.4928;1.693;0.3712;0.7997;0.1296;0.2792;0.5912;68.379;0.5512;0
31/03/21 17:00;5.0343;81.077;77.712;5.0957;7.344;90;7.344;25.2;24.898;0.3015;22.71;2.67;0;0.7313;24.734;0.1517;0;0.0196;25.636;0;25.636;0.7313;0.1517;24.734;0.0196;0.0285;0.9656;0;0.0008;25.512;0.1239;0;0;0.1075;0.0164;24.078;1.2563;0.1807;0.0375;1.0373;0.0007;25.334;0.1786;0.0051;0.0011;0.1724;0;24.08;0.5454;0.1131;23.416;0.0025;14.744;11.884;4.3563;0.002;0.1701;2.4469;0.0025;2.615;0;1;0;0;1.0173;0.9952;1;1;0.9957;0.1673;0.9504;0.7511;1;0.9576;0.7756;0.993;0.993;1;0.993;0.993;0.9392;0.9467;0.1289;0.073;0.0738;0.0004;0.0096;-0.0003;0.0004;0.0016;0.0004;0;0;0.088;-0.031;0;0;0;0;0;0;0;0;0;0;0;0;0.0013;0.0001;0.0603;0.0603;0;23.917;23.917;1.2075;0.0501;61.461;980.94;1;0.0033;0.0033;0;0;0;0;0;0;0.057;-0.031;0;15.54;17.995;-8.0011;-9.265;94.477;94.477;0.6153;0.5084;-0.2618;0.1068;0.7702;0.1737;1.2518;0;14.742;0;0
31/03/21 18:00;0;0;90;0;0;90;0;0;0;0;17.57;2.7899;0;0;0;0;0;0;0;0;0;0;0;0;0;1;1;1;1;0;0;0;0;0;0;0;0;0;0;0;0;0;0;0;0;0;0;0;0;0;0;0;0;0;0;0;0;0;0;0;0;0;0;0;1;1;1;1;1;1;1;1;1;1;1;1;1;1;1;1;1;1;1;0;0;0;0;0;0;0;0;0;0.0004;0.088;-0.0884;0;0;0;0;0;0;0;0;0;0;0;0;0;0;0;0;0;0;0;-17.57;0;0;0;0;0.0004;0;0;0;0;0;0;0;-0.0004;-0.0884;0;0;0;0;0;0;0;0;0;-0.7452;0;0.7452;1;1;0;0;0;0
31/03/21 19:00;0;0;90;0;0;90;0;0;0;0;14.7;2.81;0;0;0;0;0;0;0;0;0;0;0;0;0;1;1;1;1;0;0;0;0;0;0;0;0;0;0;0;0;0;0;0;0;0;0;0;0;0;0;0;0;0;0;0;0;0;0;0;0;0;0;0;1;1;1;1;1;1;1;1;1;1;1;1;1;1;1;1;1;1;1;0;0;0;0;0;0;0;0;0;0.0004;0.088;-0.0884;0;0;0;0;0;0;0;0;0;0;0;0;0;0;0;0;0;0;0;-14.7;0;0;0;0;0.0004;0;0;0;0;0;0;0;-0.0004;-0.0884;0;0;0;0;0;0;0;0;0;-0.7452;0;0.7452;1;1;0;0;0;0
31/03/21 20:00;0;0;90;0;0;90;0;0;0;0;13.1;2.6901;0;0;0;0;0;0;0;0;0;0;0;0;0;1;1;1;1;0;0;0;0;0;0;0;0;0;0;0;0;0;0;0;0;0;0;0;0;0;0;0;0;0;0;0;0;0;0;0;0;0;0;0;1;1;1;1;1;1;1;1;1;1;1;1;1;1;1;1;1;1;1;0;0;0;0;0;0;0;0;0;0.0004;0.088;-0.0884;0;0;0;0;0;0;0;0;0;0;0;0;0;0;0;0;0;0;0;-13.1;0;0;0;0;0.0004;0;0;0;0;0;0;0;-0.0004;-0.0884;0;0;0;0;0;0;0;0;0;-0.7452;0;0.7452;1;1;0;0;0;0
31/03/21 21:00;0;0;90;0;0;90;0;0;0;0;12.14;2.6;0;0;0;0;0;0;0;0;0;0;0;0;0;1;1;1;1;0;0;0;0;0;0;0;0;0;0;0;0;0;0;0;0;0;0;0;0;0;0;0;0;0;0;0;0;0;0;0;0;0;0;0;1;1;1;1;1;1;1;1;1;1;1;1;1;1;1;1;1;1;1;0;0;0;0;0;0;0;0;0;0.0004;0.088;-0.0884;0;0;0;0;0;0;0;0;0;0;0;0;0;0;0;0;0;0;0;-12.14;0;0;0;0;0.0004;0;0;0;0;0;0;0;-0.0004;-0.0884;0;0;0;0;0;0;0;0;0;-0.7452;0;0.7452;1;1;0;0;0;0
31/03/21 22:00;0;0;90;0;0;90;0;0;0;0;11.53;2.7099;0;0;0;0;0;0;0;0;0;0;0;0;0;1;1;1;1;0;0;0;0;0;0;0;0;0;0;0;0;0;0;0;0;0;0;0;0;0;0;0;0;0;0;0;0;0;0;0;0;0;0;0;1;1;1;1;1;1;1;1;1;1;1;1;1;1;1;1;1;1;1;0;0;0;0;0;0;0;0;0;0.0004;0.088;-0.0884;0;0;0;0;0;0;0;0;0;0;0;0;0;0;0;0;0;0;0;-11.53;0;0;0;0;0.0004;0;0;0;0;0;0;0;-0.0004;-0.0884;0;0;0;0;0;0;0;0;0;-0.7452;0;0.7452;1;1;0;0;0;0
31/03/21 23:00;0;0;90;0;0;90;0;0;0;0;10.9;2.8699;0;0;0;0;0;0;0;0;0;0;0;0;0;1;1;1;1;0;0;0;0;0;0;0;0;0;0;0;0;0;0;0;0;0;0;0;0;0;0;0;0;0;0;0;0;0;0;0;0;0;0;0;1;1;1;1;1;1;1;1;1;1;1;1;1;1;1;1;1;1;1;0;0;0;0;0;0;0;0;0;0.0004;0.088;-0.0884;0;0;0;0;0;0;0;0;0;0;0;0;0;0;0;0;0;0;0;-10.9;0;0;0;0;0.0004;0;0;0;0;0;0;0;-0.0004;-0.0884;0;0;0;0;0;0;0;0;0;-0.7452;0;0.7452;1;1;0;0;0;0
01/04/21 00:00;0;0;90;0;0;90;0;0;0;0;11.86;3.15;0;0;0;0;0;0;0;0;0;0;0;0;0;1;1;1;1;0;0;0;0;0;0;0;0;0;0;0;0;0;0;0;0;0;0;0;0;0;0;0;0;0;0;0;0;0;0;0;0;0;0;0;1;1;1;1;1;1;1;1;1;1;1;1;1;1;1;1;1;1;1;0;0;0;0;0;0;0;0;0;0.0004;0.088;-0.0884;0;0;0;0;0;0;0;0;0;0;0;0;0;0;0;0;0;0;0;-11.86;0;0;0;0;0.0004;0;0;0;0;0;0;0;-0.0004;-0.0884;0;0;0;0;0;0;0;0;0;-0.7452;0;0.7452;1;1;0;0;0;0
01/04/21 01:00;0;0;90;0;0;90;0;0;0;0;11.82;3.38;0;0;0;0;0;0;0;0;0;0;0;0;0;1;1;1;1;0;0;0;0;0;0;0;0;0;0;0;0;0;0;0;0;0;0;0;0;0;0;0;0;0;0;0;0;0;0;0;0;0;0;0;1;1;1;1;1;1;1;1;1;1;1;1;1;1;1;1;1;1;1;0;0;0;0;0;0;0;0;0;0.0004;0.088;-0.0884;0;0;0;0;0;0;0;0;0;0;0;0;0;0;0;0;0;0;0;-11.82;0;0;0;0;0.0004;0;0;0;0;0;0;0;-0.0004;-0.0884;0;0;0;0;0;0;0;0;0;-0.7452;0;0.7452;1;1;0;0;0;0
01/04/21 02:00;0;0;90;0;0;90;0;0;0;0;10.78;3.61;0;0;0;0;0;0;0;0;0;0;0;0;0;1;1;1;1;0;0;0;0;0;0;0;0;0;0;0;0;0;0;0;0;0;0;0;0;0;0;0;0;0;0;0;0;0;0;0;0;0;0;0;1;1;1;1;1;1;1;1;1;1;1;1;1;1;1;1;1;1;1;0;0;0;0;0;0;0;0;0;0.0004;0.088;-0.0884;0;0;0;0;0;0;0;0;0;0;0;0;0;0;0;0;0;0;0;-10.78;0;0;0;0;0.0004;0;0;0;0;0;0;0;-0.0004;-0.0884;0;0;0;0;0;0;0;0;0;-0.7452;0;0.7452;1;1;0;0;0;0
01/04/21 03:00;0;0;90;0;0;90;0;0;0;0;10.65;3.69;0;0;0;0;0;0;0;0;0;0;0;0;0;1;1;1;1;0;0;0;0;0;0;0;0;0;0;0;0;0;0;0;0;0;0;0;0;0;0;0;0;0;0;0;0;0;0;0;0;0;0;0;1;1;1;1;1;1;1;1;1;1;1;1;1;1;1;1;1;1;1;0;0;0;0;0;0;0;0;0;0.0004;0.088;-0.0884;0;0;0;0;0;0;0;0;0;0;0;0;0;0;0;0;0;0;0;-10.65;0;0;0;0;0.0004;0;0;0;0;0;0;0;-0.0004;-0.0884;0;0;0;0;0;0;0;0;0;-0.7452;0;0.7452;1;1;0;0;0;0
01/04/21 04:00;0;0;90;0;0;90;0;0;0;0;9.3;3.48;0;0;0;0;0;0;0;0;0;0;0;0;0;1;1;1;1;0;0;0;0;0;0;0;0;0;0;0;0;0;0;0;0;0;0;0;0;0;0;0;0;0;0;0;0;0;0;0;0;0;0;0;1;1;1;1;1;1;1;1;1;1;1;1;1;1;1;1;1;1;1;0;0;0;0;0;0;0;0;0;0.0004;0.088;-0.0884;0;0;0;0;0;0;0;0;0;0;0;0;0;0;0;0;0;0;0;-9.3;0;0;0;0;0.0004;0;0;0;0;0;0;0;-0.0004;-0.0884;0;0;0;0;0;0;0;0;0;-0.7452;0;0.7452;1;1;0;0;0;0
01/04/21 05:00;0;0;90;0;0;90;0;0;0;0;8.7197;3.47;0;0;0;0;0;0;0;0;0;0;0;0;0;1;1;1;1;0;0;0;0;0;0;0;0;0;0;0;0;0;0;0;0;0;0;0;0;0;0;0;0;0;0;0;0;0;0;0;0;0;0;0;1;1;1;1;1;1;1;1;1;1;1;1;1;1;1;1;1;1;1;0;0;0;0;0;0;0;0;0;0.0004;0.088;-0.0884;0;0;0;0;0;0;0;0;0;0;0;0;0;0;0;0;0;0;0;-8.7197;0;0;0;0;0.0004;0;0;0;0;0;0;0;-0.0004;-0.0884;0;0;0;0;0;0;0;0;0;-0.7452;0;0.7452;1;1;0;0;0;0
01/04/21 06:00;4.6321;-80.891;78.705;4.691;6.7492;-90;-6.7492;38.6;26.402;12.199;8.62;4.1499;0;29.585;23.403;7.0742;0;0.0267;60.09;0;60.09;29.585;7.0742;23.403;0.0267;0.4924;0.3899;0;0.0004;59.979;0.1105;0;0;0.0882;0.0222;48.504;11.115;8.1702;1.9536;0.9907;0.001;59.619;0.3599;0.1775;0.0424;0.1399;0;48.506;21.238;5.0782;22.185;0.0035;14.009;11.193;4.2582;0.0013;0.1694;2.4364;0.0019;2.6045;0;1;0;0;1.5567;0.9982;1;1;0.9962;0.1683;0.8136;0.7222;1;0.9573;0.7762;0.994;0.994;1;0.994;0.994;0.8072;0.9479;0.1299;0.171;0.1437;0.0009;0.013;-0.0074;0.001;0.0034;0.0004;0;0;0.088;0.0357;0;0;0;0;0;0;0;0;0;0;0;0;0.0027;0.0001;0.1295;0.1295;0;11.003;11.003;2.383;0.0491;121.24;1067.8;1;0.0057;0.0057;0;0;0;0;0;0;0.1237;0.0357;0;14.237;16.486;3.9308;4.5518;95.585;95.585;1.4422;1.0918;0.3014;0.3504;0.7903;0.243;0.548;0.209;13.935;0.2029;0
01/04/21 07:00;14.983;-72.972;51.17;15.637;25.185;-90;-25.185;225.41;39.599;185.81;12.93;3.4901;0;450.64;17.89;50.484;0;2.1428;521.16;0;521.16;450.64;50.484;17.89;2.1428;0.8647;0.0384;0;0.0041;518.74;2.4256;0;0;0.5982;1.8274;507.98;7.6383;6.2976;0.7055;0.5722;0.063;515.62;3.1124;2.7039;0.3029;0.1038;0.0019;508.04;441.64;49.476;16.616;0.2506;12.444;9.943;4.1299;0.1474;0.1374;1.9763;0.0516;1.9663;0;1;0;0;2.3121;0.9953;1;1;0.9666;0.1472;0.9852;0.9859;1;0.9667;0.799;0.994;0.994;1;0.994;0.994;0.9747;0.9288;0.1169;1.4832;1.4575;0.0088;0.0057;0.0665;0.0096;0.0342;0.0004;0;0;0.088;1.1911;0;0;0;0;0;0;0;0;0;0;0;0;0.0275;0.0053;1.2995;1.2995;0;37.935;37.935;25.005;0.0492;1255.8;1034.8;1;0.0204;0.0204;0;0;0;0;0;0;1.2791;1.1911;0;16.477;19.08;15.102;17.488;98.427;98.427;12.508;10.959;10.044;1.5488;0.9145;0.1238;0.0731;0.8031;11.432;0.8008;0
01/04/21 08:00;26.335;-62.552;24.414;29.152;60;-90;-60;427.59;73.298;354.3;15.72;2.7001;0;727.24;22.862;87.884;0;21.38;859.36;0;859.36;727.24;87.884;22.862;21.38;0.8463;0.0515;0;0.0249;836.6;22.764;0;0;2.8642;19.9;830.1;1.482;0.6096;0.0737;0.7033;0.0955;831.58;5.0196;4.3634;0.5273;0.12;0.0089;833.03;722.26;87.283;19.174;1.3755;82.573;65.975;28.305;3.8274;1.0383;14.935;2.9377;12.146;0;1;0;0;2.0098;0.9735;1;1;0.8747;0.0692;0.9982;0.9992;1;0.9646;0.9351;0.994;0.994;1;0.994;0.994;0.9659;0.8387;0.0643;2.4457;2.4133;0.0145;-0.002;0.2735;0.0149;0.0528;0.0025;0;0;0.088;1.8809;0;0;0;0;0;0;0;0;0;0;0;0;0.0425;0.0136;2.0009;2.0009;0;57.174;57.174;41.454;0.0499;2083.3;960.44;1;0.032;0.032;0;0;0;0;0;0;1.9689;1.8809;0;15.386;17.816;14.463;16.748;98.399;98.399;20.625;16.874;15.862;3.7508;1.0122;0.1819;0.0491;0.7691;19.909;0.7592;0
01/04/21 09:00;36.529;-49.695;31.317;44.167;45.833;-90;-45.833;602.1;100.8;501.3;19.5;1.23;0;719.48;32.839;89.111;0;18.259;859.69;0;859.69;719.48;89.111;32.839;18.259;0.8369;0.0594;0;0.0212;840.03;19.657;0;0;2.7833;16.874;832.49;2.5065;1.2921;0.16;0.9769;0.0775;834.99;5.0402;4.3169;0.5347;0.1803;0.0083;836.96;713.87;88.416;28.899;1.2992;256.25;204.74;83.164;2.141;2.8931;41.616;4.4776;42.368;0;1;0;0;1.4278;0.9771;1;1;0.9152;0.0759;0.997;0.9982;1;0.9673;0.9437;0.994;0.994;1;0.994;0.994;0.9684;0.88;0.0712;2.4466;2.478;0.0149;-0.002;0.3167;0.015;0.0533;0.0069;0;0;0.088;1.8959;0;0;0;0;0;0;0;0;0;0;0;0;0.043;0.0143;2.0159;2.0159;0;61.212;61.212;41.712;0.0501;2136.9;943.39;1;0.032;0.032;0;0;0;0;0;0;1.9839;1.8959;0;15.495;17.943;14.573;16.875;98.414;98.414;20.633;17;15.988;3.6324;1.0117;0.1761;0.049;0.7749;24.63;0.7478;0
01/04/21 10:00;44.672;-33.115;36.558;61.074;28.926;-90;-28.926;727.19;121.8;605.4;22.75;0.8701;0;691.69;42.275;87.643;0;9.0718;830.68;0;830.68;691.69;87.643;42.275;9.0718;0.8327;0.0618;0;0.0109;821.04;9.6376;0;0;1.7643;7.8733;810.81;5.3077;3.3494;0.4244;1.3174;0.2164;816.11;4.9262;4.1501;0.5259;0.2431;0.0072;813.25;684.19;86.692;38.951;0.9749;390.01;311.62;127.98;0.5663;4.137;59.509;2.4463;63.08;0;1;0;0;1.1423;0.9884;1;1;0.9583;0.1321;0.9935;0.9951;1;0.9673;0.8183;0.994;0.994;1;0.994;0.994;0.9761;0.9214;0.1075;2.364;2.446;0.0147;-0.002;0.3325;0.0147;0.0522;0.0097;0;0;0.088;1.8493;0;0;0;0;0;0;0;0;0;0;0;0;0.042;0.014;1.9682;1.9682;0;63.452;63.452;40.702;0.0502;2107.8;933.79;1;0.0309;0.0309;0;0;0;0;0;0;1.9373;1.8493;0;15.657;18.131;14.711;17.035;98.431;98.431;19.936;16.598;15.596;3.338;1.0026;0.1674;0.0503;0.7823;27.661;0.7425;0
01/04/21 11:00;49.439;-12.23;39.457;79.723;10.277;-90;-10.277;794.49;134.5;659.99;23.82;1.1199;0;670.75;48.647;86.856;0;1.2746;807.53;0;807.53;670.75;86.856;48.647;1.2746;0.8306;0.0618;0;0.0016;806.1;1.4252;0;0;0.3669;1.0583;794.32;6.9474;4.3786;0.567;1.9536;0.0483;801.27;4.8366;4.0245;0.5211;0.2897;0.0013;794.56;662.35;85.767;46.037;0.1667;463.78;370.56;151.06;0.016;4.9499;71.202;0.243;76.136;0;1;0;0;1.0164;0.9982;1;1;0.9925;0.1697;0.9913;0.9934;1;0.9593;0.7755;0.994;0.994;1;0.994;0.994;0.9836;0.9463;0.1308;2.2982;2.4159;0.0146;-0.002;0.3307;0.0145;0.0515;0.0116;0;0;0.088;1.8217;0;0;0;0;0;0;0;0;0;0;0;0;0.0414;0.0136;1.94;1.94;0;63.703;63.703;39.883;0.0502;2081;932.27;1;0.0303;0.0303;0;0;0;0;0;0;1.9097;1.8217;0;15.875;18.383;14.907;17.262;98.437;98.437;19.381;16.36;15.363;3.0202;0.9978;0.1558;0.0515;0.7927;29.181;0.7436;0
01/04/21 12:00;49.584;10.883;39.544;80.867;9.1335;90;9.1335;799.71;138.9;660.81;24.86;1.57;0;669.29;50.404;89.306;0;1.0139;810.02;0;810.02;669.29;89.306;50.404;1.0139;0.8263;0.0635;0;0.0013;808.86;1.1575;0;0;0.3137;0.8438;796.92;7.0892;4.4027;0.5875;2.061;0.038;804.01;4.8532;4.0158;0.5358;0.3005;0.001;797.1;660.88;88.183;47.729;0.131;467.88;373.83;150.03;0.0105;5.147;74.037;0.1863;79.173;0;1;0;0;1.0129;0.9986;1;1;0.9938;0.1678;0.9912;0.9934;1;0.9586;0.7751;0.994;0.994;1;0.994;0.994;0.9838;0.9469;0.1292;2.3052;2.4289;0.0146;-0.002;0.3431;0.0145;0.0515;0.012;0;0;0.088;1.8217;0;0;0;0;0;0;0;0;0;0;0;0;0.0415;0.0138;1.9399;1.9399;0;64.914;64.914;40.054;0.0503;2091.8;927.42;1;0.0302;0.0302;0;0;0;0;0;0;1.9097;1.8217;0;15.826;18.326;14.861;17.209;98.442;98.442;19.44;16.36;15.363;3.0806;0.997;0.1585;0.0513;0.7902;30.153;0.7396;0
01/04/21 13:00;45.063;31.993;36.801;62.137;27.863;90;27.863;738.7;138;600.7;24.85;1.9901;0;679.47;49.316;96.882;0;8.5637;834.23;0;834.23;679.47;96.882;49.316;8.5637;0.8145;0.0694;0;0.0103;824.86;9.3735;0;0;1.9448;7.4288;814.28;5.6304;3.3864;0.4829;1.5465;0.2146;819.91;4.9492;4.0768;0.5813;0.2842;0.0068;816.61;672.01;95.818;45.541;0.9136;399.85;319.48;129.46;0.5796;4.355;62.645;2.3287;66.42;0;1;0;0;1.1293;0.9888;1;1;0.9606;0.1325;0.9931;0.995;1;0.9672;0.8098;0.994;0.994;1;0.994;0.994;0.9761;0.9234;0.1067;2.3742;2.4619;0.0148;-0.002;0.3556;0.0147;0.052;0.0101;0;0;0.088;1.8421;0;0;0;0;0;0;0;0;0;0;0;0;0.0419;0.0141;1.9607;1.9607;0;65.805;65.805;40.955;0.0503;2121;924.44;1;0.0306;0.0306;0;0;0;0;0;0;1.9301;1.8421;0;15.531;17.984;14.592;16.897;98.442;98.442;20.022;16.535;15.535;3.4868;0.9998;0.1742;0.0499;0.7759;32.044;0.7346;0
01/04/21 14:00;37.081;48.828;31.682;45.115;44.885;90;44.885;607.51;143;464.51;25.14;2.1501;0;655.6;53.324;113.72;0;17.707;840.36;0;840.36;655.6;113.72;53.324;17.707;0.7801;0.0845;0;0.0211;819.54;20.82;0;0;4.3983;16.422;811.41;3.2103;1.3162;0.2283;1.5859;0.0799;814.62;4.9172;3.9336;0.6823;0.2936;0.0077;816.01;650.35;112.81;47.046;1.1981;269.07;214.99;87.011;3.2322;3.1222;44.912;4.5992;44.802;0;1;0;0;1.3833;0.9752;1;1;0.9175;0.0726;0.9961;0.998;1;0.9674;0.9375;0.994;0.994;1;0.994;0.994;0.9656;0.8823;0.0677;2.3916;2.4246;0.0146;-0.002;0.3517;0.0144;0.0511;0.0072;0;0;0.088;1.8145;0;0;0;0;0;0;0;0;0;0;0;0;0.0412;0.0137;1.9326;1.9326;0;65.956;65.956;40.816;0.0503;2090.6;924.42;1;0.03;0.03;0;0;0;0;0;0;1.9025;1.8145;0;15.196;17.597;14.268;16.522;98.446;98.446;20.169;16.298;15.302;3.871;0.9954;0.1919;0.0494;0.7587;39.643;0.7295;0
01/04/21 15:00;26.979;61.87;24.845;29.995;60;90;60;425.89;153.1;272.79;25.97;1.9901;0;545.66;64.325;134.69;0;21.295;765.97;0;765.97;545.66;134.69;64.325;21.295;0.7124;0.1118;0;0.0278;737.96;28.008;0;0;8.0868;19.921;730.88;2.6514;0.4655;0.1149;1.9779;0.0931;733.54;4.4278;3.274;0.8081;0.3374;0.0082;734.84;541.92;133.77;53.923;1.272;116.98;93.463;40.981;10.759;1.7604;25.322;3.9607;16.323;0;1;0;0;1.7985;0.9634;1;1;0.8743;0.0645;0.9964;0.9991;1;0.9646;0.9318;0.994;0.994;1;0.994;0.994;0.9542;0.8383;0.0597;2.1799;2.1532;0.013;-0.0013;0.2874;0.013;0.046;0.0041;0;0;0.088;1.6281;0;0;0;0;0;0;0;0;0;0;0;0;0.0371;0.011;1.7429;1.7429;0;62.642;62.642;36.672;0.0502;1858.8;937.62;1;0.0267;0.0267;0;0;0;0;0;0;1.7161;1.6281;0;15.036;17.411;14.046;16.265;98.467;98.467;18.383;14.698;13.73;3.6855;0.9675;0.2005;0.0526;0.7469;55.999;0.7288;0
01/04/21 16:00;15.678;72.401;49.053;16.407;26.831;90;26.831;205.7;142.7;63.002;25.1;1.5999;0;152.8;111.99;59.015;0;2.2146;326.02;0;326.02;152.8;59.015;111.99;2.2146;0.4687;0.3503;0;0.0068;319.95;6.0694;0;0;4.1578;1.9116;311.87;6.1598;1.8497;0.7144;3.5367;0.0589;318.03;1.9197;0.9168;0.3541;0.647;0.0018;312.26;150.03;57.947;103.65;0.2423;72.718;58.101;23.003;1.1498;0.895;12.875;0.3888;12.62;0;1;0;0;1.5849;0.9814;1;1;0.9629;0.1368;0.9806;0.9878;1;0.967;0.8045;0.994;0.994;1;0.994;0.994;0.9566;0.9255;0.1094;0.9278;0.9192;0.0055;0.0133;0.0512;0.0059;0.0211;0.0023;0;0;0.088;0.6998;0;0;0;0;0;0;0;0;0;0;0;0;0.017;0.0023;0.8006;0.8006;0;40.528;40.528;15.428;0.0495;790.68;1012.5;1;0.0128;0.0128;0;0;0;0;0;0;0.7878;0.6998;0;16.227;18.79;14.184;16.425;98.404;98.404;7.8245;6.7514;5.9015;1.0731;0.8499;0.1371;0.1086;0.7542;72.29;0.7326;0
01/04/21 17:00;4.9466;80.663;77.929;5.0127;7.2217;90;7.2217;17.601;17.402;0.1991;24.17;1.57;0;0.4828;17.303;0.0713;0;0.014;17.871;0;17.871;0.4828;0.0713;17.303;0.014;0.027;0.969;0;0.0008;17.787;0.0848;0;0;0.0732;0.0116;16.811;0.8686;0.1223;0.0181;0.7277;0.0005;17.68;0.1067;0.0029;0.0004;0.1034;0;16.813;0.3576;0.0528;16.399;0.0018;10.312;8.2395;3.1565;0.0013;0.1233;1.7733;0.0017;1.8953;0;1;0;0;1.0154;0.9953;1;1;0.9958;0.1673;0.9509;0.7451;1;0.9575;0.7756;0.994;0.994;1;0.994;0.994;0.9407;0.9477;0.129;0.0509;0.0517;0.0003;0.008;0;0.0003;0.0011;0.0003;0;0;0.088;-0.05;0;0;0;0;0;0;0;0;0;0;0;0;0.0009;0;0.0408;0.0408;0;25.019;25.019;0.8488;0.0505;42.508;959.52;1;0.0028;0.0028;0;0;0;0;0;0;0.038;-0.05;0;15.081;17.463;-18.501;-21.424;93.075;93.075;0.4289;0.344;-0.422;0.085;0.7659;0.1981;1.7858;0;10.311;0;0
01/04/21 18:00;0;0;90;0;0;90;0;0;0;0;19.01;1.49;0;0;0;0;0;0;0;0;0;0;0;0;0;1;1;1;1;0;0;0;0;0;0;0;0;0;0;0;0;0;0;0;0;0;0;0;0;0;0;0;0;0;0;0;0;0;0;0;0;0;0;0;1;1;1;1;1;1;1;1;1;1;1;1;1;1;1;1;1;1;1;0;0;0;0;0;0;0;0;0;0.0004;0.088;-0.0884;0;0;0;0;0;0;0;0;0;0;0;0;0;0;0;0;0;0;0;-19.01;0;0;0;0;0.0004;0;0;0;0;0;0;0;-0.0004;-0.0884;0;0;0;0;0;0;0;0;0;-0.7452;0;0.7452;1;1;0;0;0;0
01/04/21 19:00;0;0;90;0;0;90;0;0;0;0;16;1.4;0;0;0;0;0;0;0;0;0;0;0;0;0;1;1;1;1;0;0;0;0;0;0;0;0;0;0;0;0;0;0;0;0;0;0;0;0;0;0;0;0;0;0;0;0;0;0;0;0;0;0;0;1;1;1;1;1;1;1;1;1;1;1;1;1;1;1;1;1;1;1;0;0;0;0;0;0;0;0;0;0.0004;0.088;-0.0884;0;0;0;0;0;0;0;0;0;0;0;0;0;0;0;0;0;0;0;-16;0;0;0;0;0.0004;0;0;0;0;0;0;0;-0.0004;-0.0884;0;0;0;0;0;0;0;0;0;-0.7452;0;0.7452;1;1;0;0;0;0
01/04/21 20:00;0;0;90;0;0;90;0;0;0;0;14.73;1.3599;0;0;0;0;0;0;0;0;0;0;0;0;0;1;1;1;1;0;0;0;0;0;0;0;0;0;0;0;0;0;0;0;0;0;0;0;0;0;0;0;0;0;0;0;0;0;0;0;0;0;0;0;1;1;1;1;1;1;1;1;1;1;1;1;1;1;1;1;1;1;1;0;0;0;0;0;0;0;0;0;0.0004;0.088;-0.0884;0;0;0;0;0;0;0;0;0;0;0;0;0;0;0;0;0;0;0;-14.73;0;0;0;0;0.0004;0;0;0;0;0;0;0;-0.0004;-0.0884;0;0;0;0;0;0;0;0;0;-0.7452;0;0.7452;1;1;0;0;0;0
01/04/21 21:00;0;0;90;0;0;90;0;0;0;0;14.02;1.2899;0;0;0;0;0;0;0;0;0;0;0;0;0;1;1;1;1;0;0;0;0;0;0;0;0;0;0;0;0;0;0;0;0;0;0;0;0;0;0;0;0;0;0;0;0;0;0;0;0;0;0;0;1;1;1;1;1;1;1;1;1;1;1;1;1;1;1;1;1;1;1;0;0;0;0;0;0;0;0;0;0.0004;0.088;-0.0884;0;0;0;0;0;0;0;0;0;0;0;0;0;0;0;0;0;0;0;-14.02;0;0;0;0;0.0004;0;0;0;0;0;0;0;-0.0004;-0.0884;0;0;0;0;0;0;0;0;0;-0.7452;0;0.7452;1;1;0;0;0;0
01/04/21 22:00;0;0;90;0;0;90;0;0;0;0;14.09;1.1101;0;0;0;0;0;0;0;0;0;0;0;0;0;1;1;1;1;0;0;0;0;0;0;0;0;0;0;0;0;0;0;0;0;0;0;0;0;0;0;0;0;0;0;0;0;0;0;0;0;0;0;0;1;1;1;1;1;1;1;1;1;1;1;1;1;1;1;1;1;1;1;0;0;0;0;0;0;0;0;0;0.0004;0.088;-0.0884;0;0;0;0;0;0;0;0;0;0;0;0;0;0;0;0;0;0;0;-14.09;0;0;0;0;0.0004;0;0;0;0;0;0;0;-0.0004;-0.0884;0;0;0;0;0;0;0;0;0;-0.7452;0;0.7452;1;1;0;0;0;0
01/04/21 23:00;0;0;90;0;0;90;0;0;0;0;12.95;0.85;0;0;0;0;0;0;0;0;0;0;0;0;0;1;1;1;1;0;0;0;0;0;0;0;0;0;0;0;0;0;0;0;0;0;0;0;0;0;0;0;0;0;0;0;0;0;0;0;0;0;0;0;1;1;1;1;1;1;1;1;1;1;1;1;1;1;1;1;1;1;1;0;0;0;0;0;0;0;0;0;0.0004;0.088;-0.0884;0;0;0;0;0;0;0;0;0;0;0;0;0;0;0;0;0;0;0;-12.95;0;0;0;0;0.0004;0;0;0;0;0;0;0;-0.0004;-0.0884;0;0;0;0;0;0;0;0;0;-0.7452;0;0.7452;1;1;0;0;0;0
02/04/21 00:00;0;0;90;0;0;90;0;0;0;0;12.54;0.8799;0;0;0;0;0;0;0;0;0;0;0;0;0;1;1;1;1;0;0;0;0;0;0;0;0;0;0;0;0;0;0;0;0;0;0;0;0;0;0;0;0;0;0;0;0;0;0;0;0;0;0;0;1;1;1;1;1;1;1;1;1;1;1;1;1;1;1;1;1;1;1;0;0;0;0;0;0;0;0;0;0.0004;0.088;-0.0884;0;0;0;0;0;0;0;0;0;0;0;0;0;0;0;0;0;0;0;-12.54;0;0;0;0;0.0004;0;0;0;0;0;0;0;-0.0004;-0.0884;0;0;0;0;0;0;0;0;0;-0.7452;0;0.7452;1;1;0;0;0;0
02/04/21 01:00;0;0;90;0;0;90;0;0;0;0;12.3;1.24;0;0;0;0;0;0;0;0;0;0;0;0;0;1;1;1;1;0;0;0;0;0;0;0;0;0;0;0;0;0;0;0;0;0;0;0;0;0;0;0;0;0;0;0;0;0;0;0;0;0;0;0;1;1;1;1;1;1;1;1;1;1;1;1;1;1;1;1;1;1;1;0;0;0;0;0;0;0;0;0;0.0004;0.088;-0.0884;0;0;0;0;0;0;0;0;0;0;0;0;0;0;0;0;0;0;0;-12.3;0;0;0;0;0.0004;0;0;0;0;0;0;0;-0.0004;-0.0884;0;0;0;0;0;0;0;0;0;-0.7452;0;0.7452;1;1;0;0;0;0
02/04/21 02:00;0;0;90;0;0;90;0;0;0;0;11.86;1.62;0;0;0;0;0;0;0;0;0;0;0;0;0;1;1;1;1;0;0;0;0;0;0;0;0;0;0;0;0;0;0;0;0;0;0;0;0;0;0;0;0;0;0;0;0;0;0;0;0;0;0;0;1;1;1;1;1;1;1;1;1;1;1;1;1;1;1;1;1;1;1;0;0;0;0;0;0;0;0;0;0.0004;0.088;-0.0884;0;0;0;0;0;0;0;0;0;0;0;0;0;0;0;0;0;0;0;-11.86;0;0;0;0;0.0004;0;0;0;0;0;0;0;-0.0004;-0.0884;0;0;0;0;0;0;0;0;0;-0.7452;0;0.7452;1;1;0;0;0;0
02/04/21 03:00;0;0;90;0;0;90;0;0;0;0;11.73;1.88;0;0;0;0;0;0;0;0;0;0;0;0;0;1;1;1;1;0;0;0;0;0;0;0;0;0;0;0;0;0;0;0;0;0;0;0;0;0;0;0;0;0;0;0;0;0;0;0;0;0;0;0;1;1;1;1;1;1;1;1;1;1;1;1;1;1;1;1;1;1;1;0;0;0;0;0;0;0;0;0;0.0004;0.088;-0.0884;0;0;0;0;0;0;0;0;0;0;0;0;0;0;0;0;0;0;0;-11.73;0;0;0;0;0.0004;0;0;0;0;0;0;0;-0.0004;-0.0884;0;0;0;0;0;0;0;0;0;-0.7452;0;0.7452;1;1;0;0;0;0
02/04/21 04:00;0;0;90;0;0;90;0;0;0;0;11.03;2.0701;0;0;0;0;0;0;0;0;0;0;0;0;0;1;1;1;1;0;0;0;0;0;0;0;0;0;0;0;0;0;0;0;0;0;0;0;0;0;0;0;0;0;0;0;0;0;0;0;0;0;0;0;1;1;1;1;1;1;1;1;1;1;1;1;1;1;1;1;1;1;1;0;0;0;0;0;0;0;0;0;0.0004;0.088;-0.0884;0;0;0;0;0;0;0;0;0;0;0;0;0;0;0;0;0;0;0;-11.03;0;0;0;0;0.0004;0;0;0;0;0;0;0;-0.0004;-0.0884;0;0;0;0;0;0;0;0;0;-0.7452;0;0.7452;1;1;0;0;0;0
02/04/21 05:00;0;0;90;0;0;90;0;0;0;0;10.72;2.21;0;0;0;0;0;0;0;0;0;0;0;0;0;1;1;1;1;0;0;0;0;0;0;0;0;0;0;0;0;0;0;0;0;0;0;0;0;0;0;0;0;0;0;0;0;0;0;0;0;0;0;0;1;1;1;1;1;1;1;1;1;1;1;1;1;1;1;1;1;1;1;0;0;0;0;0;0;0;0;0;0.0004;0.088;-0.0884;0;0;0;0;0;0;0;0;0;0;0;0;0;0;0;0;0;0;0;-10.72;0;0;0;0;0.0004;0;0;0;0;0;0;0;-0.0004;-0.0884;0;0;0;0;0;0;0;0;0;-0.7452;0;0.7452;1;1;0;0;0;0
02/04/21 06:00;4.4695;-80.533;79.106;4.531;6.5148;-90;-6.5148;32.701;25.703;6.9976;10.75;2.42;0;16.971;23.937;4.0964;0;0.0211;45.025;0;45.025;16.971;4.0964;23.937;0.0211;0.3769;0.5321;0;0.0005;44.923;0.1028;0;0;0.0852;0.0176;37.552;7.1009;4.9008;1.1829;1.0164;0.0008;44.653;0.2695;0.1018;0.0246;0.1431;0;37.554;11.968;2.8889;22.692;0.0027;14.289;11.417;4.3474;0.0011;0.1725;2.4813;0.0017;2.6527;0;1;0;0;1.3769;0.9977;1;1;0.9964;0.1682;0.841;0.7095;1;0.9571;0.7763;0.994;0.994;1;0.994;0.994;0.834;0.948;0.1298;0.1281;0.1124;0.0007;0.0117;-0.0051;0.0007;0.0026;0.0004;0;0;0.088;0.0065;0;0;0;0;0;0;0;0;0;0;0;0;0.0021;0.0001;0.0992;0.0992;0;12.603;12.603;1.8536;0.0494;94.452;1049.8;1;0.0047;0.0047;0;0;0;0;0;0;0.0945;0.0065;0;14.552;16.851;0.9469;1.0965;95.255;95.255;1.0806;0.8362;0.0544;0.2444;0.7818;0.2262;0.7235;0.0504;14.247;0.0484;0
02/04/21 07:00;14.805;-72.611;51.703;15.481;24.861;-90;-24.861;220.7;39.599;181.1;14.35;1.7;0;439.23;18.178;49.811;0;2.0453;509.26;0;509.26;439.23;49.811;18.178;2.0453;0.8625;0.0397;0;0.004;506.92;2.337;0;0;0.5954;1.7416;496.06;7.8233;6.4481;0.7313;0.5829;0.0611;503.88;3.0415;2.6354;0.2989;0.1055;0.0018;496.11;430.14;48.781;16.894;0.2407;12.581;10.052;4.165;0.1431;0.1392;2.0022;0.0507;1.9983;0;1;0;0;2.3075;0.9954;1;1;0.9672;0.1485;0.9845;0.9852;1;0.9666;0.7976;0.994;0.994;1;0.994;0.994;0.9741;0.9294;0.1177;1.4493;1.4234;0.0086;0.0062;0.0693;0.0094;0.0332;0.0004;0;0;0.088;1.1566;0;0;0;0;0;0;0;0;0;0;0;0;0.0268;0.0051;1.2645;1.2645;0;38.788;38.788;24.438;0.0493;1226.6;1030.9;1;0.0199;0.0199;0;0;0;0;0;0;1.2446;1.1566;0;16.408;19;15.008;17.379;98.429;98.429;12.222;10.664;9.7542;1.5585;0.9096;0.1275;0.0744;0.7981;11.593;0.7957;0
02/04/21 08:00;26.127;-62.181;24.79;29.012;60;-90;-60;415.4;75.599;339.8;18.16;0.35;0;700.53;24.682;88.009;0;20.77;833.99;0;833.99;700.53;88.009;24.682;20.77;0.84;0.0545;0;0.0249;811.57;22.425;0;0;3.0922;19.333;805.17;1.5232;0.5962;0.0749;0.7593;0.0927;806.7;4.8694;4.2032;0.5281;0.1295;0.0086;808.08;695.73;87.406;20.701;1.3363;80.447;64.277;27.431;4.1315;1.0471;15.063;2.9063;11.978;0;1;0;0;2.0077;0.9731;1;1;0.8747;0.0692;0.9981;0.9991;1;0.9646;0.9351;0.994;0.994;1;0.994;0.994;0.9654;0.8387;0.0643;2.3735;2.3422;0.0141;-0.0019;0.2761;0.0144;0.051;0.0025;0;0;0.088;1.8134;0;0;0;0;0;0;0;0;0;0;0;0;0.0411;0.0129;1.9321;1.9321;0;58.412;58.412;40.252;0.05;2022.2;955.44;1;0.0306;0.0306;0;0;0;0;0;0;1.9014;1.8134;0;15.308;17.727;14.368;16.638;98.415;98.415;20.016;16.293;15.293;3.7224;1.0004;0.186;0.05;0.764;21.494;0.7538;0
02/04/21 09:00;36.277;-49.322;31.7;44.063;45.937;-90;-45.937;586.51;102.6;483.91;22.44;1.3599;0;695.82;34.921;88.298;0;17.862;836.9;0;836.9;695.82;88.298;34.921;17.862;0.8314;0.0631;0;0.0213;817.42;19.48;0;0;2.9695;16.51;809.82;2.6962;1.4042;0.1782;1.0388;0.075;812.52;4.9045;4.1749;0.5298;0.1917;0.0081;814.22;690.25;87.59;30.721;1.2689;249.8;199.59;81.087;2.2942;2.8327;40.748;4.3934;41.286;0;1;0;0;1.4269;0.9767;1;1;0.915;0.0757;0.9967;0.998;1;0.9673;0.9442;0.994;0.994;1;0.994;0.994;0.9676;0.8797;0.071;2.3818;2.4112;0.0145;-0.002;0.3246;0.0145;0.0515;0.0067;0;0;0.088;1.8278;0;0;0;0;0;0;0;0;0;0;0;0;0.0415;0.0136;1.9463;1.9463;0;63.08;63.08;40.64;0.0502;2079.5;935.91;1;0.0305;0.0305;0;0;0;0;0;0;1.9158;1.8278;0;15.367;17.795;14.431;16.711;98.432;98.432;20.086;16.413;15.414;3.6726;0.9994;0.1828;0.0498;0.7674;26.216;0.7404;0
02/04/21 10:00;44.363;-32.777;36.949;61.033;28.967;-90;-28.967;733.5;120.9;612.61;24.18;1.73;0;700.2;40.667;88.603;0;9.1761;838.65;0;838.65;700.2;88.603;40.667;9.1761;0.8349;0.0594;0;0.0109;828.98;9.6664;0;0;1.701;7.9654;818.52;5.4843;3.5498;0.4492;1.267;0.2183;824.01;4.9739;4.2012;0.5316;0.2338;0.0073;821;692.45;87.622;37.465;0.9851;393.09;314.08;129.01;0.5475;4.1672;59.943;2.4743;63.563;0;1;0;0;1.1433;0.9885;1;1;0.9582;0.1319;0.9933;0.9949;1;0.9673;0.8186;0.994;0.994;1;0.994;0.994;0.976;0.9213;0.1074;2.3867;2.469;0.0149;-0.002;0.3524;0.0147;0.0522;0.0097;0;0;0.088;1.852;0;0;0;0;0;0;0;0;0;0;0;0;0.0421;0.0142;1.9708;1.9708;0;65.332;65.332;41.152;0.0503;2127.4;926.42;1;0.0308;0.0308;0;0;0;0;0;0;1.94;1.852;0;15.529;17.982;14.593;16.898;98.438;98.438;20.127;16.62;15.618;3.5073;1.0017;0.1743;0.0498;0.776;26.616;0.7366;0
02/04/21 11:00;49.073;-12.011;39.848;79.772;10.228;-90;-10.228;789.3;133.7;655.6;25.51;1.86;0;666.18;48.411;86.269;0;1.2543;802.12;0;802.12;666.18;86.269;48.411;1.2543;0.8305;0.0619;0;0.0016;800.72;1.4037;0;0;0.3622;1.0415;788.84;7.0759;4.5;0.5827;1.9456;0.0475;795.91;4.8043;3.9971;0.5176;0.2883;0.0013;789.07;657.69;85.169;45.815;0.164;460.8;368.18;150.09;0.0156;4.9182;70.747;0.2386;75.65;0;1;0;0;1.0162;0.9983;1;1;0.9925;0.1697;0.9911;0.9932;1;0.9593;0.7755;0.994;0.994;1;0.994;0.994;0.9834;0.9464;0.1308;2.2828;2.3993;0.0145;-0.002;0.3413;0.0143;0.0508;0.0115;0;0;0.088;1.797;0;0;0;0;0;0;0;0;0;0;0;0;0.0409;0.0134;1.9147;1.9147;0;65.166;65.166;39.656;0.0503;2066.7;926.47;1;0.0297;0.0297;0;0;0;0;0;0;1.885;1.797;0;15.774;18.265;14.804;17.142;98.447;98.447;19.251;16.147;15.154;3.104;0.9929;0.1612;0.0516;0.7872;29.036;0.7384;0
02/04/21 12:00;49.193;10.909;39.919;80.72;9.2801;90;9.2801;790.29;139.4;650.89;26.81;1.79;0;659.53;51.335;88.888;0;1.0344;800.78;0;800.78;659.53;88.888;51.335;1.0344;0.8236;0.0654;0;0.0013;799.59;1.1888;0;0;0.328;0.8608;787.58;7.2197;4.4825;0.6041;2.0943;0.0388;794.8;4.7976;3.9572;0.5333;0.306;0.001;787.77;651.09;87.751;48.606;0.1337;462.26;369.35;148.22;0.0114;5.0856;73.155;0.1916;78.229;0;1;0;0;1.0133;0.9985;1;1;0.9936;0.1678;0.9909;0.9932;1;0.9587;0.775;0.994;0.994;1;0.994;0.994;0.9835;0.9469;0.1293;2.279;2.4004;0.0145;-0.002;0.3526;0.0142;0.0505;0.0118;0;0;0.088;1.7872;0;0;0;0;0;0;0;0;0;0;0;0;0.0407;0.0134;1.9047;1.9047;0;66.445;66.445;39.635;0.0503;2067.3;921.34;1;0.0294;0.0294;0;0;0;0;0;0;1.8752;1.7872;0;15.717;18.2;14.748;17.078;98.454;98.454;19.219;16.062;15.072;3.1565;0.9904;0.1642;0.0515;0.7842;30.72;0.734;0
02/04/21 13:00;44.683;31.856;37.151;61.913;28.087;90;28.087;730.11;138.7;591.41;27.72;1.6099;0;670.35;50.192;96.762;0;8.5979;825.9;0;825.9;670.35;96.762;50.192;8.5979;0.8117;0.0712;0;0.0104;816.43;9.4713;0;0;2.0048;7.4665;805.77;5.7631;3.477;0.5019;1.5717;0.2125;811.53;4.8986;4.0221;0.5806;0.2891;0.0068;808.11;662.85;95.68;46.327;0.9121;394.69;315.35;127.83;0.6065;4.298;61.826;2.3441;65.517;0;1;0;0;1.1312;0.9885;1;1;0.9601;0.1316;0.9929;0.9948;1;0.9672;0.811;0.994;0.994;1;0.994;0.994;0.9756;0.923;0.1061;2.3504;2.4359;0.0147;-0.002;0.3744;0.0143;0.0509;0.0099;0;0;0.088;1.8014;0;0;0;0;0;0;0;0;0;0;0;0;0.041;0.0138;1.919;1.919;0;68.332;68.332;40.612;0.0504;2098.5;914.47;1;0.0296;0.0296;0;0;0;0;0;0;1.8894;1.8014;0;15.354;17.779;14.413;16.69;98.459;98.459;19.822;16.183;15.191;3.6386;0.9916;0.1836;0.05;0.7664;32.66;0.7257;0
02/04/21 14:00;36.73;48.608;32.001;44.847;45.153;90;45.153;592;150.6;441.4;27.88;1.4499;0;625.91;59.049;115.35;0;17.451;817.75;0;817.75;625.91;115.35;59.049;17.451;0.7654;0.0935;0;0.0213;796.65;21.105;0;0;4.9131;16.192;788.41;3.4582;1.3728;0.253;1.7559;0.0765;791.87;4.7799;3.7554;0.6921;0.3248;0.0076;792.97;620.78;114.4;52.055;1.1752;262.61;209.82;84.98;3.6529;3.0758;44.244;4.5601;43.667;0;1;0;0;1.3813;0.9742;1;1;0.9168;0.0722;0.9956;0.9978;1;0.9674;0.9389;0.994;0.994;1;0.994;0.994;0.9641;0.8816;0.0673;2.3273;2.3574;0.0142;-0.002;0.3563;0.0139;0.0494;0.0071;0;0;0.088;1.749;0;0;0;0;0;0;0;0;0;0;0;0;0.0398;0.013;1.8657;1.8657;0;67.595;67.595;39.715;0.0504;2032.8;917.79;1;0.0286;0.0286;0;0;0;0;0;0;1.837;1.749;0;15.076;17.457;14.133;16.366;98.464;98.464;19.626;15.733;14.75;3.8928;0.9837;0.1983;0.0501;0.7515;44.007;0.7223;0
02/04/21 15:00;26.657;61.618;25.141;29.709;60;90;60;418.61;154;264.61;28.45;1.1901;0;533.92;65.648;134.12;0;20.93;754.62;0;754.62;533.92;134.12;65.648;20.93;0.7075;0.1147;0;0.0277;726.78;27.834;0;0;8.2531;19.58;719.74;2.6867;0.4609;0.1158;2.0186;0.0915;722.42;4.3607;3.2035;0.8047;0.3444;0.0081;723.68;530.25;133.2;55.032;1.2503;114.13;91.189;39.702;10.98;1.7672;25.421;3.9427;16.207;0;1;0;0;1.8027;0.9631;1;1;0.8743;0.0645;0.9963;0.9991;1;0.9646;0.9318;0.994;0.994;1;0.994;0.994;0.9538;0.8383;0.0597;2.1476;2.1214;0.0128;-0.0011;0.2986;0.0127;0.045;0.0041;0;0;0.088;1.5887;0;0;0;0;0;0;0;0;0;0;0;0;0.0362;0.0107;1.7025;1.7025;0;64.623;64.623;36.173;0.0503;1831.6;929.53;1;0.0258;0.0258;0;0;0;0;0;0;1.6767;1.5887;0;14.908;17.263;13.912;16.109;98.484;98.484;18.111;14.357;13.398;3.7534;0.9598;0.2072;0.053;0.7398;57.151;0.7216;0
02/04/21 16:00;15.377;72.139;49.975;16.116;26.2;90;26.2;210.9;137.3;73.592;27.71;1.0499;0;178.48;103.8;67.632;0;2.1668;352.08;0;352.08;178.48;67.632;103.8;2.1668;0.5069;0.301;0;0.0062;346.5;5.5742;0;0;3.7094;1.8648;337.96;6.4639;2.2564;0.855;3.2929;0.0596;344.42;2.079;1.0709;0.4058;0.6005;0.0018;338.29;175.16;66.371;96.193;0.2406;67.233;53.719;21.537;0.9802;0.8047;11.575;0.3313;11.4;0;1;0;0;1.6694;0.9842;1;1;0.9643;0.1394;0.9812;0.9873;1;0.9669;0.8015;0.994;0.994;1;0.994;0.994;0.9599;0.9268;0.111;1.002;0.9911;0.006;0.0123;0.0693;0.0063;0.0224;0.002;0;0;0.088;0.7507;0;0;0;0;0;0;0;0;0;0;0;0;0.0181;0.0026;0.852;0.852;0;44.475;44.475;16.765;0.0496;853.46;998.35;1;0.0133;0.0133;0;0;0;0;0;0;0.8387;0.7507;0;15.992;18.518;14.09;16.316;98.438;98.438;8.4498;7.1854;6.3311;1.2644;0.8544;0.1496;0.1011;0.7493;66.736;0.7313;0
02/04/21 17:00;4.8597;80.249;78.144;4.9305;7.1009;90;7.1009;20.003;19.703;0.3001;25.69;1.01;0;0.7279;19.577;0.1239;0;0.0153;20.444;0;20.444;0.7279;0.1239;19.577;0.0153;0.0356;0.9583;0;0.0008;20.351;0.0933;0;0;0.0806;0.0128;19.182;1.0463;0.1889;0.0321;0.8247;0.0006;20.229;0.1221;0.0044;0.0007;0.117;0;19.184;0.5347;0.091;18.555;0.002;11.665;9.3205;3.5703;0.0014;0.1395;2.0061;0.0018;2.1442;0;1;0;0;1.022;0.9954;1;1;0.9959;0.1673;0.9483;0.739;1;0.9574;0.7757;0.994;0.994;1;0.994;0.994;0.9383;0.9478;0.129;0.0582;0.0589;0.0004;0.0085;0.0004;0.0003;0.0012;0.0003;0;0;0.088;-0.0442;0;0;0;0;0;0;0;0;0;0;0;0;0.001;0;0.0467;0.0467;0;26.658;26.658;0.9676;0.0504;48.727;958.61;1;0.0029;0.0029;0;0;0;0;0;0;0.0438;-0.0442;0;15.098;17.483;-14.298;-16.557;93.69;93.69;0.4907;0.3939;-0.3731;0.0967;0.767;0.1972;1.5632;0;11.663;0;0
02/04/21 18:00;0;0;90;0;0;90;0;0;0;0;21;0.59;0;0;0;0;0;0;0;0;0;0;0;0;0;1;1;1;1;0;0;0;0;0;0;0;0;0;0;0;0;0;0;0;0;0;0;0;0;0;0;0;0;0;0;0;0;0;0;0;0;0;0;0;1;1;1;1;1;1;1;1;1;1;1;1;1;1;1;1;1;1;1;0;0;0;0;0;0;0;0;0;0.0004;0.088;-0.0884;0;0;0;0;0;0;0;0;0;0;0;0;0;0;0;0;0;0;0;-21;0;0;0;0;0.0004;0;0;0;0;0;0;0;-0.0004;-0.0884;0;0;0;0;0;0;0;0;0;-0.7452;0;0.7452;1;1;0;0;0;0
02/04/21 19:00;0;0;90;0;0;90;0;0;0;0;18.71;1.8201;0;0;0;0;0;0;0;0;0;0;0;0;0;1;1;1;1;0;0;0;0;0;0;0;0;0;0;0;0;0;0;0;0;0;0;0;0;0;0;0;0;0;0;0;0;0;0;0;0;0;0;0;1;1;1;1;1;1;1;1;1;1;1;1;1;1;1;1;1;1;1;0;0;0;0;0;0;0;0;0;0.0004;0.088;-0.0884;0;0;0;0;0;0;0;0;0;0;0;0;0;0;0;0;0;0;0;-18.71;0;0;0;0;0.0004;0;0;0;0;0;0;0;-0.0004;-0.0884;0;0;0;0;0;0;0;0;0;-0.7452;0;0.7452;1;1;0;0;0;0
02/04/21 20:00;0;0;90;0;0;90;0;0;0;0;16.92;2.8799;0;0;0;0;0;0;0;0;0;0;0;0;0;1;1;1;1;0;0;0;0;0;0;0;0;0;0;0;0;0;0;0;0;0;0;0;0;0;0;0;0;0;0;0;0;0;0;0;0;0;0;0;1;1;1;1;1;1;1;1;1;1;1;1;1;1;1;1;1;1;1;0;0;0;0;0;0;0;0;0;0.0004;0.088;-0.0884;0;0;0;0;0;0;0;0;0;0;0;0;0;0;0;0;0;0;0;-16.92;0;0;0;0;0.0004;0;0;0;0;0;0;0;-0.0004;-0.0884;0;0;0;0;0;0;0;0;0;-0.7452;0;0.7452;1;1;0;0;0;0
02/04/21 21:00;0;0;90;0;0;90;0;0;0;0;17.36;3.64;0;0;0;0;0;0;0;0;0;0;0;0;0;1;1;1;1;0;0;0;0;0;0;0;0;0;0;0;0;0;0;0;0;0;0;0;0;0;0;0;0;0;0;0;0;0;0;0;0;0;0;0;1;1;1;1;1;1;1;1;1;1;1;1;1;1;1;1;1;1;1;0;0;0;0;0;0;0;0;0;0.0004;0.088;-0.0884;0;0;0;0;0;0;0;0;0;0;0;0;0;0;0;0;0;0;0;-17.36;0;0;0;0;0.0004;0;0;0;0;0;0;0;-0.0004;-0.0884;0;0;0;0;0;0;0;0;0;-0.7452;0;0.7452;1;1;0;0;0;0
02/04/21 22:00;0;0;90;0;0;90;0;0;0;0;17.3;4.12;0;0;0;0;0;0;0;0;0;0;0;0;0;1;1;1;1;0;0;0;0;0;0;0;0;0;0;0;0;0;0;0;0;0;0;0;0;0;0;0;0;0;0;0;0;0;0;0;0;0;0;0;1;1;1;1;1;1;1;1;1;1;1;1;1;1;1;1;1;1;1;0;0;0;0;0;0;0;0;0;0.0004;0.088;-0.0884;0;0;0;0;0;0;0;0;0;0;0;0;0;0;0;0;0;0;0;-17.3;0;0;0;0;0.0004;0;0;0;0;0;0;0;-0.0004;-0.0884;0;0;0;0;0;0;0;0;0;-0.7452;0;0.7452;1;1;0;0;0;0
02/04/21 23:00;0;0;90;0;0;90;0;0;0;0;17.4;4.2101;0;0;0;0;0;0;0;0;0;0;0;0;0;1;1;1;1;0;0;0;0;0;0;0;0;0;0;0;0;0;0;0;0;0;0;0;0;0;0;0;0;0;0;0;0;0;0;0;0;0;0;0;1;1;1;1;1;1;1;1;1;1;1;1;1;1;1;1;1;1;1;0;0;0;0;0;0;0;0;0;0.0004;0.088;-0.0884;0;0;0;0;0;0;0;0;0;0;0;0;0;0;0;0;0;0;0;-17.4;0;0;0;0;0.0004;0;0;0;0;0;0;0;-0.0004;-0.0884;0;0;0;0;0;0;0;0;0;-0.7452;0;0.7452;1;1;0;0;0;0
03/04/21 00:00;0;0;90;0;0;90;0;0;0;0;19.15;3.86;0;0;0;0;0;0;0;0;0;0;0;0;0;1;1;1;1;0;0;0;0;0;0;0;0;0;0;0;0;0;0;0;0;0;0;0;0;0;0;0;0;0;0;0;0;0;0;0;0;0;0;0;1;1;1;1;1;1;1;1;1;1;1;1;1;1;1;1;1;1;1;0;0;0;0;0;0;0;0;0;0.0004;0.088;-0.0884;0;0;0;0;0;0;0;0;0;0;0;0;0;0;0;0;0;0;0;-19.15;0;0;0;0;0.0004;0;0;0;0;0;0;0;-0.0004;-0.0884;0;0;0;0;0;0;0;0;0;-0.7452;0;0.7452;1;1;0;0;0;0
03/04/21 01:00;0;0;90;0;0;90;0;0;0;0;18.24;3.3499;0;0;0;0;0;0;0;0;0;0;0;0;0;1;1;1;1;0;0;0;0;0;0;0;0;0;0;0;0;0;0;0;0;0;0;0;0;0;0;0;0;0;0;0;0;0;0;0;0;0;0;0;1;1;1;1;1;1;1;1;1;1;1;1;1;1;1;1;1;1;1;0;0;0;0;0;0;0;0;0;0.0004;0.088;-0.0884;0;0;0;0;0;0;0;0;0;0;0;0;0;0;0;0;0;0;0;-18.24;0;0;0;0;0.0004;0;0;0;0;0;0;0;-0.0004;-0.0884;0;0;0;0;0;0;0;0;0;-0.7452;0;0.7452;1;1;0;0;0;0
03/04/21 02:00;0;0;90;0;0;90;0;0;0;0;16.81;3;0;0;0;0;0;0;0;0;0;0;0;0;0;1;1;1;1;0;0;0;0;0;0;0;0;0;0;0;0;0;0;0;0;0;0;0;0;0;0;0;0;0;0;0;0;0;0;0;0;0;0;0;1;1;1;1;1;1;1;1;1;1;1;1;1;1;1;1;1;1;1;0;0;0;0;0;0;0;0;0;0.0004;0.088;-0.0884;0;0;0;0;0;0;0;0;0;0;0;0;0;0;0;0;0;0;0;-16.81;0;0;0;0;0.0004;0;0;0;0;0;0;0;-0.0004;-0.0884;0;0;0;0;0;0;0;0;0;-0.7452;0;0.7452;1;1;0;0;0;0
03/04/21 03:00;0;0;90;0;0;90;0;0;0;0;14.86;2.81;0;0;0;0;0;0;0;0;0;0;0;0;0;1;1;1;1;0;0;0;0;0;0;0;0;0;0;0;0;0;0;0;0;0;0;0;0;0;0;0;0;0;0;0;0;0;0;0;0;0;0;0;1;1;1;1;1;1;1;1;1;1;1;1;1;1;1;1;1;1;1;0;0;0;0;0;0;0;0;0;0.0004;0.088;-0.0884;0;0;0;0;0;0;0;0;0;0;0;0;0;0;0;0;0;0;0;-14.86;0;0;0;0;0.0004;0;0;0;0;0;0;0;-0.0004;-0.0884;0;0;0;0;0;0;0;0;0;-0.7452;0;0.7452;1;1;0;0;0;0
03/04/21 04:00;0;0;90;0;0;90;0;0;0;0;13.29;2.75;0;0;0;0;0;0;0;0;0;0;0;0;0;1;1;1;1;0;0;0;0;0;0;0;0;0;0;0;0;0;0;0;0;0;0;0;0;0;0;0;0;0;0;0;0;0;0;0;0;0;0;0;1;1;1;1;1;1;1;1;1;1;1;1;1;1;1;1;1;1;1;0;0;0;0;0;0;0;0;0;0.0004;0.088;-0.0884;0;0;0;0;0;0;0;0;0;0;0;0;0;0;0;0;0;0;0;-13.29;0;0;0;0;0.0004;0;0;0;0;0;0;0;-0.0004;-0.0884;0;0;0;0;0;0;0;0;0;-0.7452;0;0.7452;1;1;0;0;0;0
03/04/21 05:00;0;0;90;0;0;90;0;0;0;0;12.13;2.84;0;0;0;0;0;0;0;0;0;0;0;0;0;1;1;1;1;0;0;0;0;0;0;0;0;0;0;0;0;0;0;0;0;0;0;0;0;0;0;0;0;0;0;0;0;0;0;0;0;0;0;0;1;1;1;1;1;1;1;1;1;1;1;1;1;1;1;1;1;1;1;0;0;0;0;0;0;0;0;0;0.0004;0.088;-0.0884;0;0;0;0;0;0;0;0;0;0;0;0;0;0;0;0;0;0;0;-12.13;0;0;0;0;0.0004;0;0;0;0;0;0;0;-0.0004;-0.0884;0;0;0;0;0;0;0;0;0;-0.7452;0;0.7452;1;1;0;0;0;0
03/04/21 06:00;4.5085;-80.03;79.01;4.5773;6.5826;-90;-6.5826;33.209;26.003;7.2062;10.72;3.79;0;17.477;24.177;4.2332;0;0.0219;45.909;0;45.909;17.477;4.2332;24.177;0.0219;0.3807;0.5271;0;0.0005;45.804;0.1057;0;0;0.0875;0.0182;38.3;7.229;4.9931;1.2094;1.0257;0.0008;45.529;0.2748;0.1049;0.0254;0.1445;0;38.301;12.379;2.9984;22.919;0.0028;14.435;11.534;4.4242;0.0012;0.1722;2.4765;0.0017;2.6475;0;1;0;0;1.3824;0.9977;1;1;0.9964;0.1683;0.8412;0.7126;1;0.9572;0.7763;0.994;0.994;1;0.994;0.994;0.8342;0.948;0.1298;0.1307;0.1145;0.0007;0.0118;-0.0052;0.0008;0.0027;0.0004;0;0;0.088;0.0084;0;0;0;0;0;0;0;0;0;0;0;0;0.0021;0.0001;0.1012;0.1012;0;12.61;12.61;1.89;0.0493;96.281;1050.6;1;0.0048;0.0048;0;0;0;0;0;0;0.0964;0.0084;0;14.56;16.86;1.2077;1.3985;95.288;95.288;1.1018;0.8531;0.0708;0.2488;0.7823;0.2258;0.71;0.0642;14.392;0.0617;0
03/04/21 07:00;14.627;-72.251;52.233;15.325;24.54;-90;-24.54;226.89;37.397;189.5;15.91;3.6501;0;459.58;16.088;49.836;0;2.0495;527.56;0;527.56;459.58;49.836;16.088;2.0495;0.8712;0.0344;0;0.0039;525.3;2.2587;0;0;0.516;1.7427;513.69;8.4517;7.1022;0.7701;0.5172;0.0621;522.15;3.1518;2.7575;0.299;0.0934;0.0018;513.74;449.72;48.766;14.961;0.2428;11.27;9.0049;3.7521;0.121;0.1228;1.7671;0.0434;1.769;0;1;0;0;2.3251;0.9957;1;1;0.9679;0.1497;0.9838;0.9845;1;0.9666;0.7962;0.994;0.994;1;0.994;0.994;0.9737;0.93;0.1185;1.5014;1.4734;0.0089;0.0055;0.0847;0.0096;0.0341;0.0003;0;0;0.088;1.1892;0;0;0;0;0;0;0;0;0;0;0;0;0.0275;0.0054;1.2974;1.2974;0;41.264;41.264;25.354;0.0494;1270;1021.6;1;0.0202;0.0202;0;0;0;0;0;0;1.2772;1.1892;0;16.251;18.818;14.896;17.249;98.443;98.443;12.661;10.941;10.029;1.7202;0.9124;0.1359;0.0721;0.7921;10.241;0.7901;0
03/04/21 08:00;25.92;-61.813;25.164;28.872;60;-90;-60;435.9;71.801;364.09;19.6;3.47;0;753.91;21.006;90.679;0;21.795;887.39;0;887.39;753.91;90.679;21.006;21.795;0.8496;0.0482;0;0.0246;864.47;22.918;0;0;2.6317;20.286;857.81;1.4732;0.6514;0.0783;0.6462;0.0973;859.28;5.1868;4.5234;0.5441;0.1102;0.0091;860.76;748.73;90.057;17.618;1.4022;79.643;63.635;26.801;3.5173;1.0226;14.71;2.946;12.215;0;1;0;0;2.0358;0.9742;1;1;0.8747;0.0692;0.9983;0.9991;1;0.9646;0.9351;0.994;0.994;1;0.994;0.994;0.9667;0.8387;0.0643;2.5254;2.4922;0.015;-0.002;0.3312;0.015;0.0533;0.0024;0;0;0.088;1.8998;0;0;0;0;0;0;0;0;0;0;0;0;0.043;0.0145;2.0197;2.0197;0;62.63;62.63;43.03;0.0502;2151.3;938.82;1;0.032;0.032;0;0;0;0;0;0;1.9878;1.8998;0;15.04;17.416;14.147;16.381;98.418;98.418;21.297;17.032;16.021;4.2648;1.0116;0.2003;0.0475;0.7523;18.293;0.743;0
03/04/21 09:00;36.025;-48.952;32.08;43.958;46.042;-90;-46.042;612.19;101.1;511.09;23.74;2.5301;0;736.31;31.147;92.682;0;18.725;878.86;0;878.86;736.31;92.682;31.147;18.725;0.8378;0.0567;0;0.0213;858.9;19.968;0;0;2.6574;17.311;850.88;2.8605;1.6487;0.2075;0.9265;0.0778;853.74;5.1534;4.4179;0.5561;0.1709;0.0085;855.66;730.24;91.918;27.392;1.3281;258.69;206.7;81.877;2.0631;3.0495;43.865;4.7747;44.852;0;1;0;0;1.4356;0.9773;1;1;0.9147;0.0755;0.9966;0.9977;1;0.9673;0.9446;0.994;0.994;1;0.994;0.994;0.9682;0.8794;0.0709;2.5012;2.536;0.0153;-0.0019;0.373;0.015;0.0534;0.0071;0;0;0.088;1.8966;0;0;0;0;0;0;0;0;0;0;0;0;0.043;0.0149;2.0162;2.0162;0;66.561;66.561;42.821;0.0503;2185.9;922.35;1;0.0316;0.0316;0;0;0;0;0;0;1.9846;1.8966;0;15.159;17.554;14.26;16.513;98.435;98.435;21.093;17.003;15.995;4.0899;1.0082;0.1939;0.0478;0.7583;23.406;0.731;0
03/04/21 10:00;44.053;-32.444;37.338;60.991;29.009;-90;-29.009;734.31;120.9;613.41;25.63;1.7501;0;701.4;40.118;89.299;0;9.2121;840.03;0;840.03;701.4;89.299;40.118;9.2121;0.835;0.0587;0;0.011;830.35;9.6802;0;0;1.6819;7.9983;819.71;5.6556;3.7146;0.4729;1.2496;0.2186;825.37;4.9821;4.2084;0.5358;0.2306;0.0073;822.2;693.48;88.291;36.956;0.988;393.34;314.28;129.1;0.5429;4.1688;59.966;2.4847;63.592;0;1;0;0;1.144;0.9885;1;1;0.9581;0.1318;0.9931;0.9947;1;0.9673;0.8188;0.994;0.994;1;0.994;0.994;0.9758;0.9212;0.1072;2.3907;2.4725;0.0149;-0.002;0.3669;0.0146;0.052;0.0096;0;0;0.088;1.8419;0;0;0;0;0;0;0;0;0;0;0;0;0.0418;0.0142;1.9604;1.9604;0;66.895;66.895;41.265;0.0503;2130.2;920.29;1;0.0305;0.0305;0;0;0;0;0;0;1.9299;1.8419;0;15.421;17.857;14.489;16.778;98.446;98.446;20.161;16.532;15.533;3.6288;0.999;0.18;0.0496;0.7705;26.264;0.7314;0
03/04/21 11:00;48.709;-11.797;40.237;79.821;10.179;-90;-10.179;802.31;132.2;670.1;26.2;1.5199;0;680.82;45.508;87.713;0;1.2629;815.3;0;815.3;680.82;87.713;45.508;1.2629;0.8351;0.0574;0;0.0015;813.92;1.3864;0;0;0.3378;1.0486;801.79;7.2433;4.7528;0.6123;1.8304;0.0478;809.03;4.8835;4.0849;0.5263;0.271;0.0013;802.03;671.98;86.574;43.068;0.1652;468.4;374.25;152.6;0.0144;4.9966;71.874;0.2397;76.856;0;1;0;0;1.0162;0.9983;1;1;0.9926;0.1697;0.991;0.993;1;0.9592;0.7755;0.994;0.994;1;0.994;0.994;0.9834;0.9464;0.1308;2.3203;2.4386;0.0147;-0.002;0.359;0.0145;0.0513;0.0116;0;0;0.088;1.8164;0;0;0;0;0;0;0;0;0;0;0;0;0.0413;0.0139;1.9344;1.9344;0;66.553;66.553;40.353;0.0503;2100.2;921.08;1;0.03;0.03;0;0;0;0;0;0;1.9044;1.8164;0;15.678;18.155;14.722;17.048;98.449;98.449;19.567;16.313;15.318;3.254;0.9951;0.1663;0.0509;0.7828;27.291;0.7344;0
03/04/21 12:00;48.802;10.934;40.294;80.573;9.4273;90;9.4273;800.2;134.8;665.39;27.71;1.4399;0;674.5;47.194;88.482;0;1.0807;811.26;0;811.26;674.5;88.482;47.194;1.0807;0.8314;0.0595;0;0.0013;810.05;1.2089;0;0;0.3095;0.8994;797.88;7.3131;4.731;0.6206;1.9209;0.0406;805.19;4.8603;4.047;0.5309;0.2813;0.0011;798.08;665.73;87.331;44.682;0.1397;467.88;373.83;150.08;0.0111;5.1441;73.995;0.2021;79.128;0;1;0;0;1.0138;0.9985;1;1;0.9934;0.1678;0.9909;0.9929;1;0.9588;0.775;0.994;0.994;1;0.994;0.994;0.9835;0.9468;0.1293;2.3088;2.4316;0.0146;-0.002;0.37;0.0143;0.0509;0.0118;0;0;0.088;1.7996;0;0;0;0;0;0;0;0;0;0;0;0;0.041;0.0138;1.9171;1.9171;0;67.911;67.911;40.201;0.0504;2093.8;915.64;1;0.0296;0.0296;0;0;0;0;0;0;1.8876;1.7996;0;15.616;18.083;14.658;16.974;98.458;98.458;19.47;16.168;15.176;3.3027;0.9915;0.1696;0.0509;0.7795;28.251;0.7296;0
03/04/21 13:00;44.305;31.721;37.498;61.689;28.311;90;28.311;733;133.9;599.1;28.29;1.32;0;680.5;46.824;95.52;0;8.7677;831.61;0;831.61;680.5;95.52;46.824;8.7677;0.8183;0.0668;0;0.0105;822.09;9.5164;0;0;1.8942;7.6222;811.3;5.8598;3.6671;0.5147;1.4641;0.2138;817.16;4.9326;4.083;0.5731;0.2696;0.0069;813.69;672.75;94.432;43.196;0.9248;395.31;315.85;128.09;0.5819;4.2997;61.849;2.3944;65.567;0;1;0;0;1.1345;0.9886;1;1;0.9595;0.1306;0.9928;0.9946;1;0.9672;0.8122;0.994;0.994;1;0.994;0.994;0.9756;0.9225;0.1055;2.3667;2.4519;0.0148;-0.002;0.3846;0.0144;0.051;0.0098;0;0;0.088;1.8066;0;0;0;0;0;0;0;0;0;0;0;0;0.0411;0.014;1.9242;1.9242;0;69.21;69.21;40.92;0.0504;2112;911.08;1;0.0296;0.0296;0;0;0;0;0;0;1.8946;1.8066;0;15.29;17.705;14.355;16.623;98.461;98.461;19.959;16.227;15.235;3.7314;0.9918;0.187;0.0497;0.7634;30.513;0.7231;0
03/04/21 14:00;36.381;48.39;32.319;44.578;45.422;90;45.422;605.3;134.5;470.8;27.97;1.09;0;670.77;47.934;111.37;0;18.045;848.12;0;848.12;670.77;111.37;47.934;18.045;0.7909;0.0778;0;0.0213;827.35;20.774;0;0;4.0229;16.751;819.02;3.362;1.595;0.2648;1.4253;0.0769;822.38;4.9641;4.0246;0.6682;0.2635;0.0078;823.53;665.15;110.44;42.223;1.2095;263.87;210.83;86.023;3.0275;3.0074;43.26;4.5132;43.239;0;1;0;0;1.4012;0.9755;1;1;0.9161;0.0717;0.9959;0.9976;1;0.9673;0.9402;0.994;0.994;1;0.994;0.994;0.9657;0.8808;0.067;2.4137;2.4428;0.0147;-0.002;0.3839;0.0143;0.0508;0.0069;0;0;0.088;1.8019;0;0;0;0;0;0;0;0;0;0;0;0;0.0409;0.0139;1.9194;1.9194;0;69.282;69.282;41.312;0.0504;2105.9;911.47;1;0.0295;0.0295;0;0;0;0;0;0;1.8899;1.8019;0;14.955;17.317;14.039;16.257;98.462;98.462;20.355;16.187;15.196;4.1682;0.9911;0.2048;0.0487;0.7465;35.812;0.7191;0
03/04/21 15:00;26.336;61.369;25.438;29.422;60;90;60;420.31;146.3;274;27.97;0.8099;0;557.75;60.104;134.68;0;21.015;773.55;0;773.55;557.75;134.68;60.104;21.015;0.721;0.1049;0;0.0272;746.34;27.216;0;0;7.5561;19.66;739.31;2.5448;0.4871;0.1176;1.8481;0.0919;741.86;4.478;3.3465;0.8081;0.3153;0.0081;743.19;553.92;133.76;50.384;1.2554;108.38;86.6;37.416;10.053;1.6726;24.06;3.8792;15.679;0;1;0;0;1.8404;0.9648;1;1;0.8743;0.0645;0.9966;0.9991;1;0.9646;0.9318;0.994;0.994;1;0.994;0.994;0.9557;0.8383;0.0597;2.2015;2.1745;0.0131;-0.0014;0.3099;0.013;0.046;0.0039;0;0;0.088;1.6272;0;0;0;0;0;0;0;0;0;0;0;0;0.0371;0.0112;1.7418;1.7418;0;65.141;65.141;37.171;0.0503;1877.5;927.72;1;0.0265;0.0265;0;0;0;0;0;0;1.7152;1.6272;0;14.879;17.229;13.9;16.096;98.477;98.477;18.565;14.688;13.723;3.8768;0.9658;0.2088;0.052;0.7392;52.324;0.7223;0
03/04/21 16:00;15.078;71.879;50.884;15.826;25.583;90;25.583;211.31;133.2;78.107;27.93;0.7001;0;189.43;98.82;71.024;0;2.0716;361.35;0;361.35;189.43;71.024;98.82;2.0716;0.5242;0.2792;0;0.0057;356.17;5.1767;0;0;3.399;1.7777;347.28;6.7568;2.5808;0.9676;3.1496;0.0588;354.03;2.137;1.1366;0.4261;0.5725;0.0018;347.57;185.71;69.63;91.699;0.2333;63.824;50.995;20.408;0.858;0.7616;10.955;0.2968;10.858;0;1;0;0;1.7101;0.9857;1;1;0.9656;0.1419;0.9809;0.9863;1;0.9668;0.7986;0.994;0.994;1;0.994;0.994;0.9611;0.9279;0.1126;1.0284;1.0164;0.0061;0.012;0.0735;0.0065;0.023;0.0019;0;0;0.088;0.7706;0;0;0;0;0;0;0;0;0;0;0;0;0.0185;0.0028;0.8722;0.8722;0;45.164;45.164;17.234;0.0496;875.46;996.27;1;0.0136;0.0136;0;0;0;0;0;0;0.8586;0.7706;0;15.95;18.47;14.092;16.319;98.443;98.443;8.6723;7.3553;6.4987;1.317;0.8566;0.1519;0.0988;0.7494;63.298;0.7327;0
03/04/21 17:00;4.5724;79.983;78.852;4.6428;6.6786;90;6.6786;17.796;17.601;0.1949;25.48;0.84;0;0.4727;17.51;0.0764;0;0.0121;18.071;0;18.071;0.4727;0.0764;17.51;0.0121;0.0262;0.9696;0;0.0007;17.996;0.0753;0;0;0.0652;0.0101;16.991;0.8964;0.1327;0.0215;0.7418;0.0004;17.888;0.108;0.0028;0.0005;0.1047;0;16.993;0.3371;0.0545;16.598;0.0016;10.426;8.3301;3.1899;0.0009;0.1247;1.7937;0.0013;1.9175;0;1;0;0;1.0155;0.9958;1;1;0.9963;0.1671;0.9499;0.7176;1;0.9572;0.7758;0.994;0.994;1;0.994;0.994;0.9403;0.9479;0.1289;0.0514;0.0522;0.0003;0.008;0.0003;0.0003;0.0011;0.0003;0;0;0.088;-0.0498;0;0;0;0;0;0;0;0;0;0;0;0;0.0009;0;0.041;0.041;0;26.338;26.338;0.8586;0.0505;42.993;954.3;1;0.0028;0.0028;0;0;0;0;0;0;0.0382;-0.0498;0;15.003;17.373;-18.205;-21.081;93.14;93.14;0.4337;0.346;-0.4199;0.0877;0.7659;0.2022;1.7658;0;10.425;0;0
03/04/21 18:00;0;0;90;0;0;90;0;0;0;0;19.53;0.93;0;0;0;0;0;0;0;0;0;0;0;0;0;1;1;1;1;0;0;0;0;0;0;0;0;0;0;0;0;0;0;0;0;0;0;0;0;0;0;0;0;0;0;0;0;0;0;0;0;0;0;0;1;1;1;1;1;1;1;1;1;1;1;1;1;1;1;1;1;1;1;0;0;0;0;0;0;0;0;0;0.0004;0.088;-0.0884;0;0;0;0;0;0;0;0;0;0;0;0;0;0;0;0;0;0;0;-19.53;0;0;0;0;0.0004;0;0;0;0;0;0;0;-0.0004;-0.0884;0;0;0;0;0;0;0;0;0;-0.7452;0;0.7452;1;1;0;0;0;0
03/04/21 19:00;0;0;90;0;0;90;0;0;0;0;16.75;1.0201;0;0;0;0;0;0;0;0;0;0;0;0;0;1;1;1;1;0;0;0;0;0;0;0;0;0;0;0;0;0;0;0;0;0;0;0;0;0;0;0;0;0;0;0;0;0;0;0;0;0;0;0;1;1;1;1;1;1;1;1;1;1;1;1;1;1;1;1;1;1;1;0;0;0;0;0;0;0;0;0;0.0004;0.088;-0.0884;0;0;0;0;0;0;0;0;0;0;0;0;0;0;0;0;0;0;0;-16.75;0;0;0;0;0.0004;0;0;0;0;0;0;0;-0.0004;-0.0884;0;0;0;0;0;0;0;0;0;-0.7452;0;0.7452;1;1;0;0;0;0
03/04/21 20:00;0;0;90;0;0;90;0;0;0;0;15.26;1.1901;0;0;0;0;0;0;0;0;0;0;0;0;0;1;1;1;1;0;0;0;0;0;0;0;0;0;0;0;0;0;0;0;0;0;0;0;0;0;0;0;0;0;0;0;0;0;0;0;0;0;0;0;1;1;1;1;1;1;1;1;1;1;1;1;1;1;1;1;1;1;1;0;0;0;0;0;0;0;0;0;0.0004;0.088;-0.0884;0;0;0;0;0;0;0;0;0;0;0;0;0;0;0;0;0;0;0;-15.26;0;0;0;0;0.0004;0;0;0;0;0;0;0;-0.0004;-0.0884;0;0;0;0;0;0;0;0;0;-0.7452;0;0.7452;1;1;0;0;0;0
03/04/21 21:00;0;0;90;0;0;90;0;0;0;0;14.01;1.4;0;0;0;0;0;0;0;0;0;0;0;0;0;1;1;1;1;0;0;0;0;0;0;0;0;0;0;0;0;0;0;0;0;0;0;0;0;0;0;0;0;0;0;0;0;0;0;0;0;0;0;0;1;1;1;1;1;1;1;1;1;1;1;1;1;1;1;1;1;1;1;0;0;0;0;0;0;0;0;0;0.0004;0.088;-0.0884;0;0;0;0;0;0;0;0;0;0;0;0;0;0;0;0;0;0;0;-14.01;0;0;0;0;0.0004;0;0;0;0;0;0;0;-0.0004;-0.0884;0;0;0;0;0;0;0;0;0;-0.7452;0;0.7452;1;1;0;0;0;0
03/04/21 22:00;0;0;90;0;0;90;0;0;0;0;14.24;1.6099;0;0;0;0;0;0;0;0;0;0;0;0;0;1;1;1;1;0;0;0;0;0;0;0;0;0;0;0;0;0;0;0;0;0;0;0;0;0;0;0;0;0;0;0;0;0;0;0;0;0;0;0;1;1;1;1;1;1;1;1;1;1;1;1;1;1;1;1;1;1;1;0;0;0;0;0;0;0;0;0;0.0004;0.088;-0.0884;0;0;0;0;0;0;0;0;0;0;0;0;0;0;0;0;0;0;0;-14.24;0;0;0;0;0.0004;0;0;0;0;0;0;0;-0.0004;-0.0884;0;0;0;0;0;0;0;0;0;-0.7452;0;0.7452;1;1;0;0;0;0
03/04/21 23:00;0;0;90;0;0;90;0;0;0;0;12.4;1.89;0;0;0;0;0;0;0;0;0;0;0;0;0;1;1;1;1;0;0;0;0;0;0;0;0;0;0;0;0;0;0;0;0;0;0;0;0;0;0;0;0;0;0;0;0;0;0;0;0;0;0;0;1;1;1;1;1;1;1;1;1;1;1;1;1;1;1;1;1;1;1;0;0;0;0;0;0;0;0;0;0.0004;0.088;-0.0884;0;0;0;0;0;0;0;0;0;0;0;0;0;0;0;0;0;0;0;-12.4;0;0;0;0;0.0004;0;0;0;0;0;0;0;-0.0004;-0.0884;0;0;0;0;0;0;0;0;0;-0.7452;0;0.7452;1;1;0;0;0;0
04/04/21 00:00;0;0;90;0;0;90;0;0;0;0;11.94;2.19;0;0;0;0;0;0;0;0;0;0;0;0;0;1;1;1;1;0;0;0;0;0;0;0;0;0;0;0;0;0;0;0;0;0;0;0;0;0;0;0;0;0;0;0;0;0;0;0;0;0;0;0;1;1;1;1;1;1;1;1;1;1;1;1;1;1;1;1;1;1;1;0;0;0;0;0;0;0;0;0;0.0004;0.088;-0.0884;0;0;0;0;0;0;0;0;0;0;0;0;0;0;0;0;0;0;0;-11.94;0;0;0;0;0.0004;0;0;0;0;0;0;0;-0.0004;-0.0884;0;0;0;0;0;0;0;0;0;-0.7452;0;0.7452;1;1;0;0;0;0
04/04/21 01:00;0;0;90;0;0;90;0;0;0;0;11.74;2.42;0;0;0;0;0;0;0;0;0;0;0;0;0;1;1;1;1;0;0;0;0;0;0;0;0;0;0;0;0;0;0;0;0;0;0;0;0;0;0;0;0;0;0;0;0;0;0;0;0;0;0;0;1;1;1;1;1;1;1;1;1;1;1;1;1;1;1;1;1;1;1;0;0;0;0;0;0;0;0;0;0.0004;0.088;-0.0884;0;0;0;0;0;0;0;0;0;0;0;0;0;0;0;0;0;0;0;-11.74;0;0;0;0;0.0004;0;0;0;0;0;0;0;-0.0004;-0.0884;0;0;0;0;0;0;0;0;0;-0.7452;0;0.7452;1;1;0;0;0;0
04/04/21 02:00;0;0;90;0;0;90;0;0;0;0;11.11;2.5599;0;0;0;0;0;0;0;0;0;0;0;0;0;1;1;1;1;0;0;0;0;0;0;0;0;0;0;0;0;0;0;0;0;0;0;0;0;0;0;0;0;0;0;0;0;0;0;0;0;0;0;0;1;1;1;1;1;1;1;1;1;1;1;1;1;1;1;1;1;1;1;0;0;0;0;0;0;0;0;0;0.0004;0.088;-0.0884;0;0;0;0;0;0;0;0;0;0;0;0;0;0;0;0;0;0;0;-11.11;0;0;0;0;0.0004;0;0;0;0;0;0;0;-0.0004;-0.0884;0;0;0;0;0;0;0;0;0;-0.7452;0;0.7452;1;1;0;0;0;0
04/04/21 03:00;0;0;90;0;0;90;0;0;0;0;10.11;2.6101;0;0;0;0;0;0;0;0;0;0;0;0;0;1;1;1;1;0;0;0;0;0;0;0;0;0;0;0;0;0;0;0;0;0;0;0;0;0;0;0;0;0;0;0;0;0;0;0;0;0;0;0;1;1;1;1;1;1;1;1;1;1;1;1;1;1;1;1;1;1;1;0;0;0;0;0;0;0;0;0;0.0004;0.088;-0.0884;0;0;0;0;0;0;0;0;0;0;0;0;0;0;0;0;0;0;0;-10.11;0;0;0;0;0.0004;0;0;0;0;0;0;0;-0.0004;-0.0884;0;0;0;0;0;0;0;0;0;-0.7452;0;0.7452;1;1;0;0;0;0
04/04/21 04:00;0;0;90;0;0;90;0;0;0;0;10.3;2.5499;0;0;0;0;0;0;0;0;0;0;0;0;0;1;1;1;1;0;0;0;0;0;0;0;0;0;0;0;0;0;0;0;0;0;0;0;0;0;0;0;0;0;0;0;0;0;0;0;0;0;0;0;1;1;1;1;1;1;1;1;1;1;1;1;1;1;1;1;1;1;1;0;0;0;0;0;0;0;0;0;0.0004;0.088;-0.0884;0;0;0;0;0;0;0;0;0;0;0;0;0;0;0;0;0;0;0;-10.3;0;0;0;0;0.0004;0;0;0;0;0;0;0;-0.0004;-0.0884;0;0;0;0;0;0;0;0;0;-0.7452;0;0.7452;1;1;0;0;0;0
04/04/21 05:00;0;0;90;0;0;90;0;0;0;0;10;2.33;0;0;0;0;0;0;0;0;0;0;0;0;0;1;1;1;1;0;0;0;0;0;0;0;0;0;0;0;0;0;0;0;0;0;0;0;0;0;0;0;0;0;0;0;0;0;0;0;0;0;0;0;1;1;1;1;1;1;1;1;1;1;1;1;1;1;1;1;1;1;1;0;0;0;0;0;0;0;0;0;0.0004;0.088;-0.0884;0;0;0;0;0;0;0;0;0;0;0;0;0;0;0;0;0;0;0;-10;0;0;0;0;0.0004;0;0;0;0;0;0;0;-0.0004;-0.0884;0;0;0;0;0;0;0;0;0;-0.7452;0;0.7452;1;1;0;0;0;0
04/04/21 06:00;4.3459;-79.676;79.41;4.4172;6.3484;-90;-6.3484;18.597;18;0.5968;9.7002;2.19;0;1.4473;17.841;0.2519;0;0.0114;19.552;0;19.552;1.4473;0.2519;17.841;0.0114;0.074;0.9131;0;0.0006;19.482;0.0704;0;0;0.0609;0.0095;18.097;1.2673;0.4324;0.0753;0.7592;0.0004;19.365;0.1169;0.0087;0.0015;0.1067;0;18.099;1.0062;0.1751;16.915;0.0015;10.62;8.485;3.2488;0.0007;0.127;1.8272;0.0011;1.9535;0;1;0;0;1.0514;0.9964;1;1;0.9966;0.1681;0.9346;0.6994;1;0.957;0.7763;0.994;0.994;1;0.994;0.994;0.9256;0.9481;0.1297;0.0556;0.0554;0.0003;0.0083;-0.0029;0.0003;0.0012;0.0003;0;0;0.088;-0.0444;0;0;0;0;0;0;0;0;0;0;0;0;0.001;0;0.0468;0.0468;0;10.602;10.602;0.9019;0.0498;45.583;1026;1;0.0032;0.0032;0;0;0;0;0;0;0.0436;-0.0444;0;15.806;18.303;-15.006;-17.377;93.225;93.225;0.4692;0.3944;-0.3744;0.0749;0.7688;0.1595;1.6384;0;10.616;0;0
04/04/21 07:00;14.449;-71.894;52.76;15.168;24.22;-90;-24.22;197.01;50.202;146.8;13.81;1.5801;0;356.04;27.305;52.483;0;1.7342;437.56;0;437.56;356.04;52.483;27.305;1.7342;0.8137;0.0664;0;0.004;435.23;2.3301;0;0;0.8576;1.4725;425.03;7.5909;5.8021;0.8553;0.8801;0.0534;432.62;2.6114;2.1362;0.3149;0.1587;0.0016;425.1;348.1;51.313;25.409;0.2068;18.175;14.522;5.9006;0.1956;0.2079;2.9907;0.0713;3.0031;0;1;0;0;2.2211;0.9947;1;1;0.9686;0.1509;0.9825;0.9836;1;0.9665;0.7949;0.994;0.994;1;0.994;0.994;0.9714;0.9305;0.1192;1.2453;1.2222;0.0074;0.009;0.042;0.0081;0.0289;0.0005;0;0;0.088;0.9936;0;0;0;0;0;0;0;0;0;0;0;0;0.0233;0.0038;1.0992;1.0992;0;34.694;34.694;20.884;0.0491;1052.1;1044.7;1;0.0176;0.0176;0;0;0;0;0;0;1.0816;0.9936;0;16.6;19.222;15.005;17.375;98.398;98.398;10.502;9.2697;8.3791;1.2318;0.8906;0.1173;0.0848;0.7979;17.35;0.7938;0
04/04/21 08:00;25.711;-61.448;25.537;28.73;60;-90;-60;413.39;72.4;340.99;17.82;2.0799;0;709.21;23.031;86.712;0;20.67;839.62;0;839.62;709.21;86.712;23.031;20.67;0.8447;0.052;0;0.0246;817.49;22.124;0;0;2.8854;19.239;811.09;1.4987;0.6218;0.076;0.7085;0.0923;812.59;4.905;4.2552;0.5203;0.1209;0.0086;813.72;704.33;86.116;19.316;1.3298;76.172;60.861;26.638;3.8556;0.9446;13.588;2.6254;10.677;0;1;0;0;2.0311;0.9736;1;1;0.8747;0.0692;0.9982;0.9991;1;0.9646;0.9351;0.994;0.994;1;0.994;0.994;0.966;0.8387;0.0643;2.3895;2.3553;0.0142;-0.002;0.2772;0.0145;0.0513;0.0023;0;0;0.088;1.8247;0;0;0;0;0;0;0;0;0;0;0;0;0.0413;0.013;1.9435;1.9435;0;58.365;58.365;40.546;0.05;2033.6;955.7;1;0.0309;0.0309;0;0;0;0;0;0;1.9127;1.8247;0;15.296;17.713;14.361;16.629;98.413;98.413;20.151;16.39;15.388;3.7607;1.0023;0.1866;0.0497;0.7636;20.056;0.7545;0
04/04/21 09:00;35.772;-48.587;32.458;43.851;46.149;-90;-46.149;591.7;98.702;493;20.91;3.48;0;711.62;31.922;88.03;0;18.178;849.75;0;849.75;711.62;88.03;31.922;18.178;0.8374;0.059;0;0.0214;830.21;19.54;0;0;2.7327;16.807;822.23;2.9907;1.75;0.2165;0.9495;0.0748;825.22;4.9812;4.2697;0.5282;0.1751;0.0082;826.73;705.6;87.286;28.065;1.2872;249.9;199.67;80.05;2.131;2.8927;41.611;4.4974;42.373;0;1;0;0;1.4361;0.977;1;1;0.9144;0.0754;0.9964;0.9975;1;0.9673;0.9451;0.994;0.994;1;0.994;0.994;0.9676;0.8792;0.0708;2.4183;2.4487;0.0147;-0.002;0.3212;0.0148;0.0525;0.0068;0;0;0.088;1.865;0;0;0;0;0;0;0;0;0;0;0;0;0.0423;0.014;1.9843;1.9843;0;62.14;62.14;41.23;0.0501;2111.7;939.67;1;0.0313;0.0313;0;0;0;0;0;0;1.953;1.865;0;15.431;17.868;14.503;16.794;98.423;98.423;20.394;16.734;15.728;3.66;1.0061;0.1795;0.0493;0.7712;24.012;0.7439;0
04/04/21 10:00;43.744;-32.117;37.726;60.949;29.051;-90;-29.051;703.89;121.3;582.59;23.99;3.55;0;666.44;43.499;85.656;0;8.8561;804.45;0;804.45;666.44;85.656;43.499;8.8561;0.8284;0.0651;0;0.011;794.93;9.5187;0;0;1.828;7.6907;784.45;5.7165;3.6795;0.4729;1.3545;0.2096;790.16;4.7696;3.9986;0.5139;0.25;0.007;786.84;658.76;84.669;40.066;0.9488;377.37;301.52;123.84;0.5914;4.0049;57.608;2.3925;61.022;0;1;0;0;1.1429;0.9882;1;1;0.958;0.1316;0.9928;0.9944;1;0.9673;0.8191;0.994;0.994;1;0.994;0.994;0.9751;0.9211;0.1071;2.2894;2.3666;0.0143;-0.002;0.3213;0.0142;0.0505;0.0094;0;0;0.088;1.7875;0;0;0;0;0;0;0;0;0;0;0;0;0.0407;0.0131;1.9052;1.9052;0;63.368;63.368;39.378;0.0502;2039.8;934;1;0.0297;0.0297;0;0;0;0;0;0;1.8755;1.7875;0;15.65;18.122;14.683;17.002;98.441;98.441;19.307;16.067;15.074;3.2403;0.9926;0.1678;0.0514;0.7808;28.486;0.741;0
04/04/21 11:00;48.345;-11.588;40.624;79.869;10.131;-90;-10.131;476;341.9;134.1;24.33;3.3401;0;136.23;294.62;45.67;0;0.7421;477.26;0;477.26;136.23;45.67;294.62;0.7421;0.2854;0.6189;0;0.0016;474.48;2.7856;0;0;2.1694;0.6162;458.43;13.198;0.9817;0.3291;11.86;0.0281;471.63;2.8469;0.8174;0.274;1.7547;0.0008;458.57;134.43;45.067;278.84;0.0971;281.09;224.59;88.369;0.09;3.2125;46.21;0.1338;49.333;0;1;0;0;1.0027;0.9942;1;1;0.9926;0.1696;0.972;0.9928;1;0.9592;0.7755;0.994;0.994;1;0.994;0.994;0.9605;0.9464;0.1308;1.3583;1.4045;0.0085;0.0064;0.1102;0.009;0.0318;0.008;0;0;0.088;1.0939;0;0;0;0;0;0;0;0;0;0;0;0;0.0256;0.0049;1.2003;1.2003;0;47.078;47.078;22.748;0.0496;1207.4;994.09;1;0.0183;0.0183;0;0;0;0;0;0;1.1819;1.0939;0;16.618;19.243;15.146;17.539;98.473;98.473;11.454;10.122;9.2252;1.3324;0.8967;0.1163;0.0783;0.8054;176.66;0.751;0
04/04/21 12:00;48.414;10.958;40.666;80.425;9.5748;90;9.5748;656.5;234.4;422.1;26.11;3.0399;0;428.06;136.53;98.284;0;0.9146;663.79;0;663.79;428.06;98.284;136.53;0.9146;0.6449;0.2071;0;0.0014;662.11;1.68;0;0;0.9189;0.7611;648.75;9.3843;3.0951;0.7106;5.5443;0.0343;658.14;3.9727;2.5684;0.5897;0.8137;0.0009;648.92;422.4;96.984;129.25;0.1182;384.81;307.46;122.56;0.0336;4.2887;61.691;0.1692;65.947;0;1;0;0;1.0111;0.9975;1;1;0.9933;0.1678;0.9857;0.9927;1;0.9589;0.775;0.994;0.994;1;0.994;0.994;0.9773;0.9467;0.1293;1.8891;1.9802;0.0119;-0.0001;0.2355;0.0121;0.043;0.0103;0;0;0.088;1.5107;0;0;0;0;0;0;0;0;0;0;0;0;0.0347;0.0094;1.6234;1.6234;0;58.562;58.562;32.452;0.05;1705.5;951.86;1;0.0247;0.0247;0;0;0;0;0;0;1.5987;1.5107;0;16.161;18.714;15.039;17.414;98.476;98.476;15.931;13.691;12.74;2.2404;0.9508;0.1406;0.0597;0.7997;81.757;0.7477;0
04/04/21 13:00;43.928;31.587;37.844;61.464;28.536;90;28.536;590.2;248.2;342;27.06;2.7701;0;389.3;148.92;102.04;0;7.17;647.43;0;647.43;389.3;102.04;148.92;7.17;0.6013;0.2411;0;0.0111;635.09;12.341;0;0;6.1011;6.2401;623.71;7.569;2.1761;0.5704;4.6501;0.1724;631.28;3.8105;2.3358;0.6122;0.8569;0.0056;625.72;384.78;100.86;137.32;0.752;327.24;261.46;105.9;1.897;3.6601;52.649;2.014;54.412;0;1;0;0;1.097;0.9809;1;1;0.959;0.1297;0.988;0.9944;1;0.9672;0.8135;0.994;0.994;1;0.994;0.994;0.9634;0.9221;0.1049;1.8425;1.8957;0.0114;0.0006;0.2236;0.0116;0.0412;0.0088;0;0;0.088;1.4451;0;0;0;0;0;0;0;0;0;0;0;0;0.0332;0.0086;1.5566;1.5566;0;58.255;58.255;31.195;0.05;1633.1;953.18;1;0.0235;0.0235;0;0;0;0;0;0;1.5331;1.4451;0;15.888;18.397;14.749;17.079;98.49;98.49;15.538;13.127;12.187;2.4112;0.9404;0.1552;0.0605;0.7843;97.191;0.7393;0
04/04/21 14:00;36.033;48.175;32.635;44.309;45.691;90;45.691;515.4;210.8;304.6;27.4;2.52;0;436.06;111.11;114.49;0;15.538;677.19;0;677.19;436.06;114.49;111.11;15.538;0.6439;0.187;0;0.0229;653.36;23.836;0;0;9.4054;14.43;644.66;4.7781;1.117;0.2933;3.3034;0.0644;649.44;3.9201;2.6164;0.6869;0.6102;0.0066;648.91;432.33;113.51;97.789;1.0367;241.9;193.28;79.961;7.155;2.9702;42.726;4.2507;38.541;0;1;0;0;1.3139;0.9648;1;1;0.9153;0.0713;0.9926;0.9974;1;0.9673;0.9415;0.994;0.994;1;0.994;0.994;0.952;0.8801;0.0667;1.9272;1.9422;0.0117;0.0002;0.239;0.0118;0.042;0.0071;0;0;0.088;1.4755;0;0;0;0;0;0;0;0;0;0;0;0;0.0338;0.009;1.5875;1.5875;0;59.678;59.678;32.278;0.0501;1674.5;948.04;1;0.024;0.024;0;0;0;0;0;0;1.5635;1.4755;0;15.491;17.938;14.398;16.672;98.488;98.488;16.253;13.388;12.443;2.865;0.9445;0.1763;0.0581;0.7656;83.217;0.7311;0
04/04/21 15:00;26.017;61.122;25.736;29.136;60;90;60;411.11;149.1;262.01;27.99;2.02;0;538.07;62.886;134;0;20.555;755.51;0;755.51;538.07;134;62.886;20.555;0.7122;0.1104;0;0.0272;728.38;27.135;0;0;7.9059;19.23;721.39;2.6174;0.4755;0.1184;1.9337;0.0899;724.01;4.3703;3.2284;0.804;0.3299;0.008;725.08;534.37;133.08;52.716;1.2279;106.25;84.894;37.417;10.518;1.6348;23.517;3.6901;14.633;0;1;0;0;1.8378;0.9641;1;1;0.8743;0.0645;0.9964;0.9991;1;0.9646;0.9318;0.994;0.994;1;0.994;0.994;0.9548;0.8383;0.0597;2.1501;2.1216;0.0128;-0.0011;0.2956;0.0127;0.045;0.0038;0;0;0.088;1.5919;0;0;0;0;0;0;0;0;0;0;0;0;0.0363;0.0107;1.7058;1.7058;0;64.234;64.234;36.244;0.0502;1831.9;931.18;1;0.0259;0.0259;0;0;0;0;0;0;1.6799;1.5919;0;14.92;17.276;13.923;16.123;98.481;98.481;18.132;14.385;13.425;3.747;0.9606;0.2066;0.053;0.7404;54.746;0.7235;0
04/04/21 16:00;14.78;71.62;51.778;15.537;24.978;90;24.978;205.19;132;73.19;27.73;1.48;0;177.51;99.38;67.291;0;1.9191;346.1;0;346.1;177.51;67.291;99.38;1.9191;0.5129;0.2927;0;0.0055;341.17;4.9318;0;0;3.2896;1.6422;332.26;6.8581;2.6245;0.9949;3.1825;0.0561;339.12;2.047;1.065;0.4037;0.5765;0.0017;332.55;173.82;65.893;92.332;0.2191;63.921;51.073;19.999;0.7928;0.787;11.321;0.2895;11.315;0;1;0;0;1.6867;0.9858;1;1;0.9669;0.1443;0.9798;0.9851;1;0.9667;0.796;0.994;0.994;1;0.994;0.994;0.96;0.9291;0.1142;0.985;0.9741;0.0059;0.0125;0.0672;0.0062;0.0221;0.002;0;0;0.088;0.7368;0;0;0;0;0;0;0;0;0;0;0;0;0.0178;0.0026;0.838;0.838;0;44.21;44.21;16.48;0.0496;838.82;998.98;1;0.0131;0.0131;0;0;0;0;0;0;0.8248;0.7368;0;15.999;18.527;14.069;16.291;98.435;98.435;8.3063;7.0667;6.2139;1.2397;0.8527;0.1492;0.1027;0.7481;63.427;0.7302;0
04/04/21 17:00;4.4877;79.572;79.061;4.5628;6.5613;90;6.5613;15.393;15.2;0.1936;25.98;1.06;0;0.4695;15.122;0.0668;0;0.0101;15.669;0;15.669;0.4695;0.0668;15.122;0.0101;0.03;0.9658;0;0.0006;15.606;0.0632;0;0;0.0548;0.0084;14.716;0.7962;0.1349;0.0192;0.6417;0.0004;15.512;0.0936;0.0028;0.0004;0.0904;0;14.717;0.3318;0.0472;14.336;0.0013;9.0024;7.1929;2.7542;0.0007;0.1077;1.549;0.0011;1.6559;0;1;0;0;1.0179;0.996;1;1;0.9964;0.1671;0.9487;0.7109;1;0.9572;0.7759;0.994;0.994;1;0.994;0.994;0.9392;0.948;0.1289;0.0446;0.0452;0.0003;0.0075;0.0003;0.0003;0.0009;0.0002;0;0;0.088;-0.0557;0;0;0;0;0;0;0;0;0;0;0;0;0.0007;0;0.035;0.035;0;26.726;26.726;0.7458;0.0507;37.007;945.81;1;0.0027;0.0027;0;0;0;0;0;0;0.0323;-0.0557;0;14.761;17.093;-23.476;-27.185;92.376;92.376;0.3761;0.2952;-0.4694;0.0809;0.7646;0.2151;2.0333;0;9.0013;0;0
04/04/21 18:00;0;0;90;0;0;90;0;0;0;0;19.61;0.51;0;0;0;0;0;0;0;0;0;0;0;0;0;1;1;1;1;0;0;0;0;0;0;0;0;0;0;0;0;0;0;0;0;0;0;0;0;0;0;0;0;0;0;0;0;0;0;0;0;0;0;0;1;1;1;1;1;1;1;1;1;1;1;1;1;1;1;1;1;1;1;0;0;0;0;0;0;0;0;0;0.0004;0.088;-0.0884;0;0;0;0;0;0;0;0;0;0;0;0;0;0;0;0;0;0;0;-19.61;0;0;0;0;0.0004;0;0;0;0;0;0;0;-0.0004;-0.0884;0;0;0;0;0;0;0;0;0;-0.7452;0;0.7452;1;1;0;0;0;0
04/04/21 19:00;0;0;90;0;0;90;0;0;0;0;16.87;0.2499;0;0;0;0;0;0;0;0;0;0;0;0;0;1;1;1;1;0;0;0;0;0;0;0;0;0;0;0;0;0;0;0;0;0;0;0;0;0;0;0;0;0;0;0;0;0;0;0;0;0;0;0;1;1;1;1;1;1;1;1;1;1;1;1;1;1;1;1;1;1;1;0;0;0;0;0;0;0;0;0;0.0004;0.088;-0.0884;0;0;0;0;0;0;0;0;0;0;0;0;0;0;0;0;0;0;0;-16.87;0;0;0;0;0.0004;0;0;0;0;0;0;0;-0.0004;-0.0884;0;0;0;0;0;0;0;0;0;-0.7452;0;0.7452;1;1;0;0;0;0
04/04/21 20:00;0;0;90;0;0;90;0;0;0;0;15.4;0.7801;0;0;0;0;0;0;0;0;0;0;0;0;0;1;1;1;1;0;0;0;0;0;0;0;0;0;0;0;0;0;0;0;0;0;0;0;0;0;0;0;0;0;0;0;0;0;0;0;0;0;0;0;1;1;1;1;1;1;1;1;1;1;1;1;1;1;1;1;1;1;1;0;0;0;0;0;0;0;0;0;0.0004;0.088;-0.0884;0;0;0;0;0;0;0;0;0;0;0;0;0;0;0;0;0;0;0;-15.4;0;0;0;0;0.0004;0;0;0;0;0;0;0;-0.0004;-0.0884;0;0;0;0;0;0;0;0;0;-0.7452;0;0.7452;1;1;0;0;0;0
04/04/21 21:00;0;0;90;0;0;90;0;0;0;0;14.35;1.0499;0;0;0;0;0;0;0;0;0;0;0;0;0;1;1;1;1;0;0;0;0;0;0;0;0;0;0;0;0;0;0;0;0;0;0;0;0;0;0;0;0;0;0;0;0;0;0;0;0;0;0;0;1;1;1;1;1;1;1;1;1;1;1;1;1;1;1;1;1;1;1;0;0;0;0;0;0;0;0;0;0.0004;0.088;-0.0884;0;0;0;0;0;0;0;0;0;0;0;0;0;0;0;0;0;0;0;-14.35;0;0;0;0;0.0004;0;0;0;0;0;0;0;-0.0004;-0.0884;0;0;0;0;0;0;0;0;0;-0.7452;0;0.7452;1;1;0;0;0;0
04/04/21 22:00;0;0;90;0;0;90;0;0;0;0;13.85;1.0499;0;0;0;0;0;0;0;0;0;0;0;0;0;1;1;1;1;0;0;0;0;0;0;0;0;0;0;0;0;0;0;0;0;0;0;0;0;0;0;0;0;0;0;0;0;0;0;0;0;0;0;0;1;1;1;1;1;1;1;1;1;1;1;1;1;1;1;1;1;1;1;0;0;0;0;0;0;0;0;0;0.0004;0.088;-0.0884;0;0;0;0;0;0;0;0;0;0;0;0;0;0;0;0;0;0;0;-13.85;0;0;0;0;0.0004;0;0;0;0;0;0;0;-0.0004;-0.0884;0;0;0;0;0;0;0;0;0;-0.7452;0;0.7452;1;1;0;0;0;0
04/04/21 23:00;0;0;90;0;0;90;0;0;0;0;13.15;1.0201;0;0;0;0;0;0;0;0;0;0;0;0;0;1;1;1;1;0;0;0;0;0;0;0;0;0;0;0;0;0;0;0;0;0;0;0;0;0;0;0;0;0;0;0;0;0;0;0;0;0;0;0;1;1;1;1;1;1;1;1;1;1;1;1;1;1;1;1;1;1;1;0;0;0;0;0;0;0;0;0;0.0004;0.088;-0.0884;0;0;0;0;0;0;0;0;0;0;0;0;0;0;0;0;0;0;0;-13.15;0;0;0;0;0.0004;0;0;0;0;0;0;0;-0.0004;-0.0884;0;0;0;0;0;0;0;0;0;-0.7452;0;0.7452;1;1;0;0;0;0
05/04/21 00:00;0;0;90;0;0;90;0;0;0;0;12.42;0.9599;0;0;0;0;0;0;0;0;0;0;0;0;0;1;1;1;1;0;0;0;0;0;0;0;0;0;0;0;0;0;0;0;0;0;0;0;0;0;0;0;0;0;0;0;0;0;0;0;0;0;0;0;1;1;1;1;1;1;1;1;1;1;1;1;1;1;1;1;1;1;1;0;0;0;0;0;0;0;0;0;0.0004;0.088;-0.0884;0;0;0;0;0;0;0;0;0;0;0;0;0;0;0;0;0;0;0;-12.42;0;0;0;0;0.0004;0;0;0;0;0;0;0;-0.0004;-0.0884;0;0;0;0;0;0;0;0;0;-0.7452;0;0.7452;1;1;0;0;0;0
05/04/21 01:00;0;0;90;0;0;90;0;0;0;0;11.89;1.0201;0;0;0;0;0;0;0;0;0;0;0;0;0;1;1;1;1;0;0;0;0;0;0;0;0;0;0;0;0;0;0;0;0;0;0;0;0;0;0;0;0;0;0;0;0;0;0;0;0;0;0;0;1;1;1;1;1;1;1;1;1;1;1;1;1;1;1;1;1;1;1;0;0;0;0;0;0;0;0;0;0.0004;0.088;-0.0884;0;0;0;0;0;0;0;0;0;0;0;0;0;0;0;0;0;0;0;-11.89;0;0;0;0;0.0004;0;0;0;0;0;0;0;-0.0004;-0.0884;0;0;0;0;0;0;0;0;0;-0.7452;0;0.7452;1;1;0;0;0;0
05/04/21 02:00;0;0;90;0;0;90;0;0;0;0;11.37;1.25;0;0;0;0;0;0;0;0;0;0;0;0;0;1;1;1;1;0;0;0;0;0;0;0;0;0;0;0;0;0;0;0;0;0;0;0;0;0;0;0;0;0;0;0;0;0;0;0;0;0;0;0;1;1;1;1;1;1;1;1;1;1;1;1;1;1;1;1;1;1;1;0;0;0;0;0;0;0;0;0;0.0004;0.088;-0.0884;0;0;0;0;0;0;0;0;0;0;0;0;0;0;0;0;0;0;0;-11.37;0;0;0;0;0.0004;0;0;0;0;0;0;0;-0.0004;-0.0884;0;0;0;0;0;0;0;0;0;-0.7452;0;0.7452;1;1;0;0;0;0
05/04/21 03:00;0;0;90;0;0;90;0;0;0;0;10.6;1.5199;0;0;0;0;0;0;0;0;0;0;0;0;0;1;1;1;1;0;0;0;0;0;0;0;0;0;0;0;0;0;0;0;0;0;0;0;0;0;0;0;0;0;0;0;0;0;0;0;0;0;0;0;1;1;1;1;1;1;1;1;1;1;1;1;1;1;1;1;1;1;1;0;0;0;0;0;0;0;0;0;0.0004;0.088;-0.0884;0;0;0;0;0;0;0;0;0;0;0;0;0;0;0;0;0;0;0;-10.6;0;0;0;0;0.0004;0;0;0;0;0;0;0;-0.0004;-0.0884;0;0;0;0;0;0;0;0;0;-0.7452;0;0.7452;1;1;0;0;0;0
05/04/21 04:00;0;0;90;0;0;90;0;0;0;0;10.44;1.73;0;0;0;0;0;0;0;0;0;0;0;0;0;1;1;1;1;0;0;0;0;0;0;0;0;0;0;0;0;0;0;0;0;0;0;0;0;0;0;0;0;0;0;0;0;0;0;0;0;0;0;0;1;1;1;1;1;1;1;1;1;1;1;1;1;1;1;1;1;1;1;0;0;0;0;0;0;0;0;0;0.0004;0.088;-0.0884;0;0;0;0;0;0;0;0;0;0;0;0;0;0;0;0;0;0;0;-10.44;0;0;0;0;0.0004;0;0;0;0;0;0;0;-0.0004;-0.0884;0;0;0;0;0;0;0;0;0;-0.7452;0;0.7452;1;1;0;0;0;0
05/04/21 05:00;0;0;90;0;0;90;0;0;0;0;10.14;2.0099;0;0;0;0;0;0;0;0;0;0;0;0;0;1;1;1;1;0;0;0;0;0;0;0;0;0;0;0;0;0;0;0;0;0;0;0;0;0;0;0;0;0;0;0;0;0;0;0;0;0;0;0;1;1;1;1;1;1;1;1;1;1;1;1;1;1;1;1;1;1;1;0;0;0;0;0;0;0;0;0;0.0004;0.088;-0.0884;0;0;0;0;0;0;0;0;0;0;0;0;0;0;0;0;0;0;0;-10.14;0;0;0;0;0.0004;0;0;0;0;0;0;0;-0.0004;-0.0884;0;0;0;0;0;0;0;0;0;-0.7452;0;0.7452;1;1;0;0;0;0
05/04/21 06:00;4.1835;-79.323;79.809;4.2569;6.1144;-90;-6.1144;30.005;24.798;5.2068;9.7999;2.2;0;12.628;23.434;3.1468;0;0.0171;39.226;0;39.226;12.628;3.1468;23.434;0.0171;0.3219;0.5978;0;0.0004;39.136;0.0895;0;0;0.0753;0.0142;32.972;5.9298;3.9457;0.9832;1.0002;0.0006;38.901;0.2348;0.0758;0.0189;0.1402;0;32.973;8.6065;2.1447;22.218;0.0022;13.971;11.162;4.2784;0.0008;0.1668;2.3995;0.0013;2.5655;0;1;0;0;1.3073;0.9977;1;1;0.9968;0.168;0.8476;0.6857;1;0.9569;0.7764;0.994;0.994;1;0.994;0.994;0.8406;0.9481;0.1297;0.1116;0.0991;0.0006;0.011;-0.0049;0.0006;0.0023;0.0004;0;0;0.088;-0.0052;0;0;0;0;0;0;0;0;0;0;0;0;0.0018;0.0001;0.0871;0.0871;0;11.429;11.429;1.6288;0.0494;83.038;1049.3;1;0.0044;0.0044;0;0;0;0;0;0;0.0828;-0.0052;0;14.678;16.996;-0.8825;-1.0219;94.988;94.988;0.9414;0.7348;-0.0442;0.2067;0.7789;0.2195;0.8274;0;13.939;0;0
05/04/21 07:00;14.271;-71.539;53.285;15.011;23.903;-90;-23.903;180.79;61.803;118.99;13.57;2.2499;0;288.58;38.221;53.04;0;1.5506;381.39;0;381.39;288.58;53.04;38.221;1.5506;0.7567;0.1043;0;0.0041;378.9;2.4901;0;0;1.1753;1.3148;369.47;7.1633;4.9668;0.9129;1.2353;0.0484;376.63;2.2734;1.7315;0.3182;0.2223;0.0014;369.56;281.88;51.809;35.589;0.186;24.932;19.921;8.0092;0.261;0.2903;4.1752;0.0965;4.2045;0;1;0;0;2.1096;0.9935;1;1;0.9692;0.1521;0.981;0.9827;1;0.9665;0.7936;0.994;0.994;1;0.994;0.994;0.9687;0.9311;0.12;1.0854;1.0657;0.0064;0.0113;0.0253;0.0072;0.0254;0.0008;0;0;0.088;0.8622;0;0;0;0;0;0;0;0;0;0;0;0;0.0205;0.003;0.966;0.966;0;31.693;31.693;18.123;0.0491;916.12;1054.4;1;0.0157;0.0157;0;0;0;0;0;0;0.9502;0.8622;0;16.736;19.38;14.939;17.299;98.371;98.371;9.1535;8.146;7.2712;1.0075;0.8748;0.1101;0.0956;0.7944;24.242;0.7879;0
05/04/21 08:00;25.502;-61.087;25.909;28.588;60;-90;-60;401.2;75.4;325.8;18.19;0.85;0;680.65;25.181;87.38;0;20.06;813.27;0;813.27;680.65;87.38;25.181;20.06;0.8369;0.0556;0;0.0247;791.45;21.826;0;0;3.1547;18.672;785.15;1.5474;0.6055;0.0777;0.7746;0.0896;786.7;4.7487;4.0839;0.5243;0.1322;0.0083;788.02;675.96;86.778;21.119;1.2906;74.429;59.469;24.995;4.2148;1.0193;14.662;2.8654;11.466;0;1;0;0;2.0271;0.9732;1;1;0.8747;0.0692;0.998;0.9991;1;0.9646;0.9351;0.994;0.994;1;0.994;0.994;0.9654;0.8387;0.0643;2.3145;2.284;0.0138;-0.0018;0.2611;0.0141;0.0499;0.0025;0;0;0.088;1.7739;0;0;0;0;0;0;0;0;0;0;0;0;0.0402;0.0123;1.8919;1.8919;0;57.41;57.41;39.22;0.05;1971.9;959.43;1;0.03;0.03;0;0;0;0;0;0;1.8619;1.7739;0;15.372;17.8;14.414;16.691;98.417;98.417;19.519;15.955;14.96;3.564;0.9947;0.1826;0.051;0.7664;21.928;0.7562;0
05/04/21 09:00;35.519;-48.227;32.835;43.744;46.256;-90;-46.256;571.99;101.4;470.59;20.54;0.7999;0;680.59;34.837;87.08;0;17.649;820.16;0;820.16;680.59;87.08;34.837;17.649;0.8298;0.064;0;0.0215;800.84;19.314;0;0;2.9923;16.322;792.87;3.1639;1.8226;0.2332;1.0362;0.0718;796.04;4.8051;4.0836;0.5225;0.1911;0.008;797.26;674.69;86.324;30.617;1.2478;242.05;193.4;77.58;2.3437;2.8172;40.524;4.3856;40.998;0;1;0;0;1.4339;0.9765;1;1;0.9141;0.0752;0.996;0.9973;1;0.9673;0.9456;0.994;0.994;1;0.994;0.994;0.9667;0.8789;0.0707;2.3341;2.3622;0.0142;-0.002;0.2939;0.0144;0.051;0.0067;0;0;0.088;1.8112;0;0;0;0;0;0;0;0;0;0;0;0;0.0411;0.0131;1.9297;1.9297;0;60.237;60.237;39.697;0.0501;2037.4;947.13;1;0.0304;0.0304;0;0;0;0;0;0;1.8992;1.8112;0;15.547;18.003;14.593;16.899;98.423;98.423;19.684;16.273;15.274;3.4106;0.9987;0.1733;0.0507;0.776;26.231;0.7483;0
05/04/21 10:00;43.435;-31.795;38.111;60.905;29.095;-90;-29.095;699.59;120.6;578.99;24.01;0.8601;0;662.6;43.237;85.202;0;8.8279;799.87;0;799.87;662.6;85.202;43.237;8.8279;0.8284;0.0651;0;0.011;790.38;9.4892;0;0;1.8213;7.6679;779.79;5.8507;3.8069;0.4895;1.346;0.2083;785.64;4.7423;3.9756;0.5112;0.2485;0.007;782.18;654.82;84.202;39.821;0.9448;374.94;299.58;123.06;0.5909;3.9787;57.232;2.386;60.62;0;1;0;0;1.1433;0.9881;1;1;0.9579;0.1314;0.9926;0.9942;1;0.9673;0.8193;0.994;0.994;1;0.994;0.994;0.9749;0.921;0.107;2.2764;2.3525;0.0142;-0.0019;0.3175;0.0142;0.0502;0.0093;0;0;0.088;1.7781;0;0;0;0;0;0;0;0;0;0;0;0;0.0404;0.013;1.8956;1.8956;0;63.147;63.147;39.137;0.0502;2027.7;934.86;1;0.0295;0.0295;0;0;0;0;0;0;1.8661;1.7781;0;15.66;18.134;14.689;17.01;98.442;98.442;19.197;15.986;14.995;3.211;0.9912;0.1673;0.0516;0.7811;28.323;0.7414;0
05/04/21 11:00;47.983;-11.383;41.009;79.917;10.083;-90;-10.083;768.39;132.8;635.59;25.8;1.08;0;645.56;49.134;84.59;0;1.1867;780.47;0;780.47;645.56;84.59;49.134;1.1867;0.8271;0.0645;0;0.0015;779.13;1.3443;0;0;0.3589;0.9854;767.01;7.4494;4.7966;0.6285;1.9793;0.0449;774.46;4.6748;3.8734;0.5075;0.2926;0.0012;767.23;636.89;83.454;46.503;0.1552;448.75;358.55;146.13;0.015;4.7918;68.928;0.2241;73.704;0;1;0;0;1.0157;0.9983;1;1;0.9927;0.1696;0.9904;0.9925;1;0.9592;0.7755;0.994;0.994;1;0.994;0.994;0.9827;0.9465;0.1308;2.2212;2.3332;0.0141;-0.0019;0.3251;0.014;0.0496;0.0112;0;0;0.088;1.7517;0;0;0;0;0;0;0;0;0;0;0;0;0.0399;0.0128;1.8686;1.8686;0;64.335;64.335;38.534;0.0502;2010.1;929.62;1;0.0289;0.0289;0;0;0;0;0;0;1.8397;1.7517;0;15.821;18.32;14.831;17.173;98.452;98.452;18.731;15.758;14.772;2.9733;0.9861;0.1587;0.0526;0.7886;29.458;0.7397;0
05/04/21 12:00;48.027;10.98;41.037;80.277;9.7226;90;9.7226;771.79;138;633.79;27.51;1.3699;0;643.03;51.389;87.498;0;1.1085;783.02;0;783.02;643.03;87.498;51.389;1.1085;0.8212;0.067;0;0.0014;781.74;1.2773;0;0;0.3548;0.9225;769.49;7.563;4.7879;0.6515;2.0819;0.0416;777.05;4.6905;3.8582;0.525;0.3062;0.0011;769.7;634.38;86.321;48.646;0.1433;451.08;360.41;146.83;0.0136;4.8201;69.336;0.2055;74.142;0;1;0;0;1.0145;0.9984;1;1;0.9931;0.1678;0.9903;0.9925;1;0.959;0.7749;0.994;0.994;1;0.994;0.994;0.9827;0.9466;0.1293;2.2284;2.341;0.0141;-0.0019;0.3422;0.0139;0.0493;0.0112;0;0;0.088;1.743;0;0;0;0;0;0;0;0;0;0;0;0;0.0397;0.0128;1.8597;1.8597;0;66.23;66.23;38.72;0.0503;2016.7;922.13;1;0.0286;0.0286;0;0;0;0;0;0;1.831;1.743;0;15.694;18.173;14.71;17.033;98.461;98.461;18.793;15.683;14.699;3.1097;0.9835;0.1655;0.0523;0.7822;30.783;0.7336;0
05/04/21 13:00;43.553;31.455;38.188;61.238;28.762;90;28.762;703.6;142.3;561.3;28.66;1.5901;0;640.29;53.785;96.937;0;8.6804;799.7;0;799.7;640.29;96.937;53.785;8.6804;0.8007;0.0781;0;0.0109;789.9;9.7942;0;0;2.2313;7.5629;779.01;6.1512;3.7071;0.5612;1.6771;0.2058;785.16;4.7394;3.8418;0.5816;0.3093;0.0067;781.35;632.74;95.794;49.567;0.9051;378.94;302.78;124.26;0.7057;4.0351;58.044;2.344;61.373;0;1;0;0;1.1366;0.9878;1;1;0.9585;0.1287;0.9922;0.9942;1;0.9673;0.8148;0.994;0.994;1;0.994;0.994;0.9741;0.9216;0.1043;2.2759;2.3518;0.0142;-0.0019;0.3582;0.0139;0.0492;0.0093;0;0;0.088;1.74;0;0;0;0;0;0;0;0;0;0;0;0;0.0396;0.013;1.8565;1.8565;0;67.912;67.912;39.252;0.0504;2026.7;915.97;1;0.0284;0.0284;0;0;0;0;0;0;1.828;1.74;0;15.34;17.763;14.378;16.649;98.468;98.468;19.193;15.656;14.674;3.537;0.982;0.1843;0.0512;0.7645;35.154;0.7251;0
05/04/21 14:00;35.686;47.961;32.949;44.04;45.96;90;45.96;579.01;145.3;433.71;28.52;1.7699;0;623.9;56.032;113.92;0;17.65;811.49;0;811.49;623.9;113.92;56.032;17.65;0.7688;0.0908;0;0.0218;790.31;21.183;0;0;4.7839;16.399;781.81;3.7617;1.7121;0.3126;1.6658;0.0711;785.57;4.7419;3.7434;0.6835;0.3075;0.0075;786.26;618.44;112.92;49.275;1.1723;252.24;201.54;82.25;3.6846;2.9252;42.078;4.4569;41.319;0;1;0;0;1.4015;0.9739;1;1;0.9146;0.0709;0.9952;0.9972;1;0.9673;0.9428;0.994;0.994;1;0.994;0.994;0.9634;0.8794;0.0664;2.3094;2.3338;0.0141;-0.0019;0.3555;0.0138;0.0488;0.0067;0;0;0.088;1.7285;0;0;0;0;0;0;0;0;0;0;0;0;0.0393;0.0128;1.8448;1.8448;0;67.913;67.913;39.393;0.0504;2012.7;916.54;1;0.0282;0.0282;0;0;0;0;0;0;1.8165;1.7285;0;15.022;17.395;14.075;16.299;98.47;98.47;19.476;15.557;14.577;3.9188;0.9802;0.2012;0.0503;0.7485;42.072;0.7205;0
05/04/21 15:00;25.699;60.876;26.035;28.85;60;90;60;399.99;153.7;246.29;29.39;1.64;0;510.32;67.28;132.6;0;20;730.2;0;730.2;510.32;132.6;67.28;20;0.6989;0.1195;0;0.0274;703.03;27.168;0;0;8.4584;18.71;696.08;2.7309;0.4562;0.1185;2.0688;0.0874;698.81;4.2182;3.0619;0.7956;0.3529;0.0077;699.61;506.8;131.68;56.4;1.1947;105.06;83.946;37.709;11.253;1.6258;23.387;3.5293;13.76;0;1;0;0;1.8255;0.9628;1;1;0.8743;0.0645;0.9961;0.9991;1;0.9646;0.9318;0.994;0.994;1;0.994;0.994;0.9533;0.8383;0.0597;2.0781;2.0485;0.0123;-0.0006;0.2867;0.0123;0.0434;0.0038;0;0;0.088;1.5328;0;0;0;0;0;0;0;0;0;0;0;0;0.035;0.01;1.6456;1.6456;0;64.37;64.37;34.98;0.0503;1768.8;930.33;1;0.0248;0.0248;0;0;0;0;0;0;1.6208;1.5328;0;14.892;17.244;13.871;16.063;98.495;98.495;17.525;13.877;12.926;3.6473;0.951;0.2081;0.0543;0.7376;58.572;0.7203;0
05/04/21 16:00;14.484;71.363;52.658;15.249;24.385;90;24.385;192.59;133;59.593;28.55;1.49;0;144.53;104.87;56.341;0;1.7181;307.46;0;307.46;144.53;56.341;104.87;1.7181;0.4701;0.3467;0;0.0056;302.65;4.8064;0;0;3.3402;1.4662;294.17;6.6656;2.3308;0.9086;3.3746;0.0517;300.84;1.8159;0.8672;0.338;0.6092;0.0015;294.45;141.33;55.094;97.548;0.1986;67.106;53.617;21.341;0.7682;0.7996;11.501;0.2786;11.533;0;1;0;0;1.5964;0.9844;1;1;0.9682;0.1466;0.9778;0.9838;1;0.9666;0.7935;0.994;0.994;1;0.994;0.994;0.9568;0.9302;0.1156;0.875;0.8655;0.0052;0.014;0.0565;0.0055;0.0196;0.002;0;0;0.088;0.6449;0;0;0;0;0;0;0;0;0;0;0;0;0.0158;0.0021;0.7448;0.7448;0;43.14;43.14;14.59;0.0496;744.79;999.95;1;0.0119;0.0119;0;0;0;0;0;0;0.7329;0.6449;0;16.006;18.535;13.86;16.049;98.405;98.405;7.379;6.2807;5.4384;1.0984;0.8423;0.1489;0.1141;0.737;66.7;0.7169;0
05/04/21 17:00;4.4042;79.162;79.266;4.4839;6.4459;90;6.4459;8.0092;8.0025;0.0067;26.73;1.5299;0;0.0163;7.9766;0.0012;0;0.0051;7.9993;0;7.9993;0.0163;0.0012;7.9766;0.0051;0.002;0.9978;0;0.0006;7.967;0.0323;0;0;0.0281;0.0042;7.5749;0.3443;0.0048;0.0004;0.339;0.0002;7.9192;0.0478;0.0001;0;0.0477;0;7.5754;0.0114;0.0009;7.5619;0.0007;4.7471;3.7929;1.4521;0.0003;0.0568;0.817;0.0005;0.8734;0;1;0;0;0.9988;0.996;1;1;0.9965;0.167;0.9565;0.7042;1;0.9571;0.7759;0.994;0.994;1;0.994;0.994;0.9469;0.948;0.1288;0.0228;0.0233;0.0001;0.0053;0.0002;0.0001;0.0004;0.0001;0;0;0.088;-0.0736;0;0;0;0;0;0;0;0;0;0;0;0;0.0004;0;0.0167;0.0167;0;27.12;27.12;0.3894;0.0514;18.346;909.47;1;0.0023;0.0023;0;0;0;0;0;0;0.0144;-0.0736;0;13.783;15.961;-60.777;-70.378;86.464;86.464;0.192;0.1407;-0.6205;0.0513;0.7612;0.2671;3.9647;0;4.747;0;0
05/04/21 18:00;0;0;90;0;0;90;0;0;0;0;20.94;1.4201;0;0;0;0;0;0;0;0;0;0;0;0;0;1;1;1;1;0;0;0;0;0;0;0;0;0;0;0;0;0;0;0;0;0;0;0;0;0;0;0;0;0;0;0;0;0;0;0;0;0;0;0;1;1;1;1;1;1;1;1;1;1;1;1;1;1;1;1;1;1;1;0;0;0;0;0;0;0;0;0;0.0004;0.088;-0.0884;0;0;0;0;0;0;0;0;0;0;0;0;0;0;0;0;0;0;0;-20.94;0;0;0;0;0.0004;0;0;0;0;0;0;0;-0.0004;-0.0884;0;0;0;0;0;0;0;0;0;-0.7452;0;0.7452;1;1;0;0;0;0
05/04/21 19:00;0;0;90;0;0;90;0;0;0;0;18.93;1.3699;0;0;0;0;0;0;0;0;0;0;0;0;0;1;1;1;1;0;0;0;0;0;0;0;0;0;0;0;0;0;0;0;0;0;0;0;0;0;0;0;0;0;0;0;0;0;0;0;0;0;0;0;1;1;1;1;1;1;1;1;1;1;1;1;1;1;1;1;1;1;1;0;0;0;0;0;0;0;0;0;0.0004;0.088;-0.0884;0;0;0;0;0;0;0;0;0;0;0;0;0;0;0;0;0;0;0;-18.93;0;0;0;0;0.0004;0;0;0;0;0;0;0;-0.0004;-0.0884;0;0;0;0;0;0;0;0;0;-0.7452;0;0.7452;1;1;0;0;0;0
05/04/21 20:00;0;0;90;0;0;90;0;0;0;0;19.05;1.87;0;0;0;0;0;0;0;0;0;0;0;0;0;1;1;1;1;0;0;0;0;0;0;0;0;0;0;0;0;0;0;0;0;0;0;0;0;0;0;0;0;0;0;0;0;0;0;0;0;0;0;0;1;1;1;1;1;1;1;1;1;1;1;1;1;1;1;1;1;1;1;0;0;0;0;0;0;0;0;0;0.0004;0.088;-0.0884;0;0;0;0;0;0;0;0;0;0;0;0;0;0;0;0;0;0;0;-19.05;0;0;0;0;0.0004;0;0;0;0;0;0;0;-0.0004;-0.0884;0;0;0;0;0;0;0;0;0;-0.7452;0;0.7452;1;1;0;0;0;0
05/04/21 21:00;0;0;90;0;0;90;0;0;0;0;21.98;2.65;0;0;0;0;0;0;0;0;0;0;0;0;0;1;1;1;1;0;0;0;0;0;0;0;0;0;0;0;0;0;0;0;0;0;0;0;0;0;0;0;0;0;0;0;0;0;0;0;0;0;0;0;1;1;1;1;1;1;1;1;1;1;1;1;1;1;1;1;1;1;1;0;0;0;0;0;0;0;0;0;0.0004;0.088;-0.0884;0;0;0;0;0;0;0;0;0;0;0;0;0;0;0;0;0;0;0;-21.98;0;0;0;0;0.0004;0;0;0;0;0;0;0;-0.0004;-0.0884;0;0;0;0;0;0;0;0;0;-0.7452;0;0.7452;1;1;0;0;0;0
05/04/21 22:00;0;0;90;0;0;90;0;0;0;0;21.02;3.4901;0;0;0;0;0;0;0;0;0;0;0;0;0;1;1;1;1;0;0;0;0;0;0;0;0;0;0;0;0;0;0;0;0;0;0;0;0;0;0;0;0;0;0;0;0;0;0;0;0;0;0;0;1;1;1;1;1;1;1;1;1;1;1;1;1;1;1;1;1;1;1;0;0;0;0;0;0;0;0;0;0.0004;0.088;-0.0884;0;0;0;0;0;0;0;0;0;0;0;0;0;0;0;0;0;0;0;-21.02;0;0;0;0;0.0004;0;0;0;0;0;0;0;-0.0004;-0.0884;0;0;0;0;0;0;0;0;0;-0.7452;0;0.7452;1;1;0;0;0;0
05/04/21 23:00;0;0;90;0;0;90;0;0;0;0;20.41;4.49;0;0;0;0;0;0;0;0;0;0;0;0;0;1;1;1;1;0;0;0;0;0;0;0;0;0;0;0;0;0;0;0;0;0;0;0;0;0;0;0;0;0;0;0;0;0;0;0;0;0;0;0;1;1;1;1;1;1;1;1;1;1;1;1;1;1;1;1;1;1;1;0;0;0;0;0;0;0;0;0;0.0004;0.088;-0.0884;0;0;0;0;0;0;0;0;0;0;0;0;0;0;0;0;0;0;0;-20.41;0;0;0;0;0.0004;0;0;0;0;0;0;0;-0.0004;-0.0884;0;0;0;0;0;0;0;0;0;-0.7452;0;0.7452;1;1;0;0;0;0
06/04/21 00:00;0;0;90;0;0;90;0;0;0;0;19.41;4.7601;0;0;0;0;0;0;0;0;0;0;0;0;0;1;1;1;1;0;0;0;0;0;0;0;0;0;0;0;0;0;0;0;0;0;0;0;0;0;0;0;0;0;0;0;0;0;0;0;0;0;0;0;1;1;1;1;1;1;1;1;1;1;1;1;1;1;1;1;1;1;1;0;0;0;0;0;0;0;0;0;0.0004;0.088;-0.0884;0;0;0;0;0;0;0;0;0;0;0;0;0;0;0;0;0;0;0;-19.41;0;0;0;0;0.0004;0;0;0;0;0;0;0;-0.0004;-0.0884;0;0;0;0;0;0;0;0;0;-0.7452;0;0.7452;1;1;0;0;0;0
06/04/21 01:00;0;0;90;0;0;90;0;0;0;0;18.6;4.3701;0;0;0;0;0;0;0;0;0;0;0;0;0;1;1;1;1;0;0;0;0;0;0;0;0;0;0;0;0;0;0;0;0;0;0;0;0;0;0;0;0;0;0;0;0;0;0;0;0;0;0;0;1;1;1;1;1;1;1;1;1;1;1;1;1;1;1;1;1;1;1;0;0;0;0;0;0;0;0;0;0.0004;0.088;-0.0884;0;0;0;0;0;0;0;0;0;0;0;0;0;0;0;0;0;0;0;-18.6;0;0;0;0;0.0004;0;0;0;0;0;0;0;-0.0004;-0.0884;0;0;0;0;0;0;0;0;0;-0.7452;0;0.7452;1;1;0;0;0;0
06/04/21 02:00;0;0;90;0;0;90;0;0;0;0;18.55;4.01;0;0;0;0;0;0;0;0;0;0;0;0;0;1;1;1;1;0;0;0;0;0;0;0;0;0;0;0;0;0;0;0;0;0;0;0;0;0;0;0;0;0;0;0;0;0;0;0;0;0;0;0;1;1;1;1;1;1;1;1;1;1;1;1;1;1;1;1;1;1;1;0;0;0;0;0;0;0;0;0;0.0004;0.088;-0.0884;0;0;0;0;0;0;0;0;0;0;0;0;0;0;0;0;0;0;0;-18.55;0;0;0;0;0.0004;0;0;0;0;0;0;0;-0.0004;-0.0884;0;0;0;0;0;0;0;0;0;-0.7452;0;0.7452;1;1;0;0;0;0
06/04/21 03:00;0;0;90;0;0;90;0;0;0;0;18.2;3.8101;0;0;0;0;0;0;0;0;0;0;0;0;0;1;1;1;1;0;0;0;0;0;0;0;0;0;0;0;0;0;0;0;0;0;0;0;0;0;0;0;0;0;0;0;0;0;0;0;0;0;0;0;1;1;1;1;1;1;1;1;1;1;1;1;1;1;1;1;1;1;1;0;0;0;0;0;0;0;0;0;0.0004;0.088;-0.0884;0;0;0;0;0;0;0;0;0;0;0;0;0;0;0;0;0;0;0;-18.2;0;0;0;0;0.0004;0;0;0;0;0;0;0;-0.0004;-0.0884;0;0;0;0;0;0;0;0;0;-0.7452;0;0.7452;1;1;0;0;0;0
06/04/21 04:00;0;0;90;0;0;90;0;0;0;0;18.1;3.61;0;0;0;0;0;0;0;0;0;0;0;0;0;1;1;1;1;0;0;0;0;0;0;0;0;0;0;0;0;0;0;0;0;0;0;0;0;0;0;0;0;0;0;0;0;0;0;0;0;0;0;0;1;1;1;1;1;1;1;1;1;1;1;1;1;1;1;1;1;1;1;0;0;0;0;0;0;0;0;0;0.0004;0.088;-0.0884;0;0;0;0;0;0;0;0;0;0;0;0;0;0;0;0;0;0;0;-18.1;0;0;0;0;0.0004;0;0;0;0;0;0;0;-0.0004;-0.0884;0;0;0;0;0;0;0;0;0;-0.7452;0;0.7452;1;1;0;0;0;0
06/04/21 05:00;0;0;90;0;0;90;0;0;0;0;17.72;3.54;0;0;0;0;0;0;0;0;0;0;0;0;0;1;1;1;1;0;0;0;0;0;0;0;0;0;0;0;0;0;0;0;0;0;0;0;0;0;0;0;0;0;0;0;0;0;0;0;0;0;0;0;1;1;1;1;1;1;1;1;1;1;1;1;1;1;1;1;1;1;1;0;0;0;0;0;0;0;0;0;0.0004;0.088;-0.0884;0;0;0;0;0;0;0;0;0;0;0;0;0;0;0;0;0;0;0;-17.72;0;0;0;0;0.0004;0;0;0;0;0;0;0;-0.0004;-0.0884;0;0;0;0;0;0;0;0;0;-0.7452;0;0.7452;1;1;0;0;0;0
06/04/21 06:00;4.2218;-78.826;79.715;4.303;6.1817;-90;-6.1817;24.809;22.197;2.6116;16.93;4.3801;0;6.3338;21.557;1.4008;0;0.0144;29.306;0;29.306;6.3338;1.4008;21.557;0.0144;0.2161;0.7361;0;0.0005;29.223;0.0825;0;0;0.0705;0.012;25.737;3.3112;1.9582;0.4331;0.9193;0.0005;29.048;0.1753;0.038;0.0084;0.1289;0;25.738;4.3376;0.9593;20.438;0.0019;12.839;10.258;3.9296;0.0008;0.1535;2.2074;0.0012;2.3601;0;1;0;0;1.1813;0.9972;1;1;0.9967;0.168;0.886;0.689;1;0.957;0.7764;0.994;0.994;1;0.994;0.994;0.8782;0.9481;0.1297;0.0834;0.0781;0.0005;0.0098;-0.0019;0.0005;0.0017;0.0004;0;0;0.088;-0.0259;0;0;0;0;0;0;0;0;0;0;0;0;0.0014;0.0001;0.0656;0.0656;0;18.213;18.213;1.2833;0.0499;65.075;1008.7;1;0.0036;0.0036;0;0;0;0;0;0;0.0621;-0.0259;0;14.8;17.138;-5.8495;-6.7736;94.545;94.545;0.7033;0.5535;-0.2188;0.1498;0.7723;0.213;1.0981;0;12.824;0;0
06/04/21 07:00;14.092;-71.187;53.807;14.853;23.588;-90;-23.588;202.5;40.098;162.4;19.82;5.0199;0;393.86;19.626;47.575;0;1.6919;462.75;0;462.75;393.86;47.575;19.626;1.6919;0.8511;0.0461;0;0.0037;460.73;2.0233;0;0;0.5908;1.4326;449.24;8.724;7.1685;0.8659;0.636;0.0535;457.97;2.7644;2.3632;0.2855;0.1142;0.0016;449.29;384.33;46.424;18.285;0.2042;13.317;10.64;4.3645;0.128;0.1487;2.1387;0.0479;2.1593;0;1;0;0;2.2853;0.9956;1;1;0.9699;0.1533;0.981;0.9817;1;0.9664;0.7923;0.994;0.994;1;0.994;0.994;0.9708;0.9317;0.1207;1.317;1.2897;0.0078;0.0081;0.078;0.0084;0.0297;0.0004;0;0;0.088;1.0237;0;0;0;0;0;0;0;0;0;0;0;0;0.0239;0.0042;1.1294;1.1294;0;42.021;42.021;22.201;0.0494;1111.8;1015.8;1;0.0176;0.0176;0;0;0;0;0;0;1.1117;1.0237;0;16.127;18.674;14.619;16.928;98.439;98.439;11.106;9.524;8.6332;1.5821;0.8907;0.1425;0.0802;0.7773;12.425;0.7747;0
06/04/21 08:00;25.293;-60.728;26.279;28.446;60;-90;-60;401.4;72.998;328.4;22.53;4.65;0;689.19;23.883;86.368;0;20.07;819.51;0;819.51;689.19;86.368;23.883;20.07;0.841;0.0536;0;0.0245;797.84;21.673;0;0;2.9922;18.681;791.52;1.5241;0.6218;0.0779;0.7347;0.0896;793.05;4.787;4.1351;0.5182;0.1253;0.0083;794.13;684.43;85.772;20.031;1.2912;72.138;57.638;25.044;3.9978;0.929;13.364;2.6092;10.295;0;1;0;0;2.0416;0.9736;1;1;0.8747;0.0692;0.9981;0.9991;1;0.9646;0.9351;0.994;0.994;1;0.994;0.994;0.9659;0.8387;0.0643;2.3323;2.2989;0.0138;-0.0018;0.3028;0.0139;0.0493;0.0022;0;0;0.088;1.7495;0;0;0;0;0;0;0;0;0;0;0;0;0.0397;0.0125;1.8666;1.8666;0;62.225;62.225;39.695;0.0501;1985.3;940.18;1;0.0291;0.0291;0;0;0;0;0;0;1.8375;1.7495;0;15.051;17.429;14.107;16.335;98.441;98.441;19.668;15.741;14.754;3.9271;0.9875;0.1997;0.0502;0.7501;20.798;0.7411;0
06/04/21 09:00;35.266;-47.871;33.209;43.636;46.364;-90;-46.364;572.79;99.201;473.59;23.8;3.71;0;686.29;33.394;86.488;0;17.752;823.92;0;823.92;686.29;86.488;33.394;17.752;0.833;0.0621;0;0.0215;804.63;19.298;0;0;2.8781;16.42;796.5;3.3024;1.9872;0.2504;0.9933;0.0715;799.8;4.8278;4.1177;0.5189;0.1831;0.008;800.9;680.18;85.718;29.339;1.253;241.37;192.86;77.289;2.265;2.8093;40.411;4.4004;40.956;0;1;0;0;1.4384;0.9766;1;1;0.9138;0.0751;0.9959;0.9971;1;0.9673;0.946;0.994;0.994;1;0.994;0.994;0.9667;0.8786;0.0706;2.3448;2.3724;0.0143;-0.002;0.3257;0.0142;0.0505;0.0066;0;0;0.088;1.7914;0;0;0;0;0;0;0;0;0;0;0;0;0.0407;0.0132;1.9091;1.9091;0;63.796;63.796;39.996;0.0502;2046.2;933.01;1;0.0298;0.0298;0;0;0;0;0;0;1.8794;1.7914;0;15.312;17.73;14.367;16.637;98.441;98.441;19.774;16.1;15.107;3.6741;0.9931;0.1858;0.0502;0.764;25.17;0.7369;0
06/04/21 10:00;43.126;-31.479;38.495;60.86;29.14;-90;-29.14;698.21;119.1;579.1;25.19;2.76;0;663.02;42.244;84.729;0;8.837;798.83;0;798.83;663.02;84.729;42.244;8.837;0.83;0.0639;0;0.0111;789.37;9.4613;0;0;1.7839;7.6774;778.65;5.9855;3.9571;0.5057;1.3148;0.2079;784.63;4.7362;3.9781;0.5084;0.2428;0.007;781.03;655.08;83.715;38.903;0.9447;373.98;298.81;122.75;0.5804;3.9672;57.067;2.3889;60.454;0;1;0;0;1.1441;0.9882;1;1;0.9578;0.1312;0.9924;0.994;1;0.9673;0.8196;0.994;0.994;1;0.994;0.994;0.9747;0.9209;0.1069;2.2734;2.3489;0.0141;-0.0019;0.327;0.0141;0.0499;0.0093;0;0;0.088;1.7662;0;0;0;0;0;0;0;0;0;0;0;0;0.0402;0.0129;1.8834;1.8834;0;64.307;64.307;39.117;0.0502;2024.6;930.25;1;0.0292;0.0292;0;0;0;0;0;0;1.8542;1.7662;0;15.58;18.041;14.61;16.918;98.448;98.448;19.172;15.883;14.894;3.2889;0.9885;0.1715;0.0516;0.7769;27.681;0.7374;0
06/04/21 11:00;47.622;-11.183;41.393;79.965;10.035;-90;-10.035;763.61;131.9;631.71;26.54;1.9001;0;641.52;48.793;84.018;0;1.1683;775.5;0;775.5;641.52;84.018;48.793;1.1683;0.8272;0.0644;0;0.0015;774.18;1.3237;0;0;0.3536;0.9701;761.97;7.5639;4.9096;0.643;1.9671;0.0442;769.53;4.6451;3.8491;0.5041;0.2906;0.0012;762.19;632.76;82.87;46.182;0.1528;446;356.35;145.23;0.0146;4.7625;68.507;0.2201;73.255;0;1;0;0;1.0156;0.9983;1;1;0.9928;0.1696;0.9902;0.9923;1;0.9591;0.7755;0.994;0.994;1;0.994;0.994;0.9825;0.9465;0.1308;2.207;2.3179;0.014;-0.0019;0.3272;0.0139;0.0491;0.0111;0;0;0.088;1.7358;0;0;0;0;0;0;0;0;0;0;0;0;0.0396;0.0126;1.8524;1.8524;0;64.838;64.838;38.298;0.0503;1997;927.59;1;0.0286;0.0286;0;0;0;0;0;0;1.8238;1.7358;0;15.784;18.277;14.79;17.127;98.457;98.457;18.612;15.621;14.638;2.9908;0.9832;0.1607;0.0528;0.7865;29.251;0.7377;0
06/04/21 12:00;47.642;11.001;41.405;80.13;9.8705;90;9.8705;762.3;138.9;623.4;27.42;1.2899;0;632.77;52.559;87.24;0;1.1284;773.69;0;773.69;632.77;87.24;52.559;1.1284;0.8179;0.0694;0;0.0015;772.38;1.3111;0;0;0.3721;0.939;760.07;7.6821;4.8472;0.6683;2.1243;0.0424;767.75;4.6343;3.7966;0.5234;0.3131;0.0011;760.28;624.12;86.048;49.749;0.1459;445.42;355.89;144.98;0.0148;4.7606;68.48;0.2107;73.226;0;1;0;0;1.0149;0.9983;1;1;0.9929;0.1679;0.99;0.9923;1;0.959;0.7749;0.994;0.994;1;0.994;0.994;0.9824;0.9465;0.1293;2.2019;2.3124;0.0139;-0.0019;0.3333;0.0138;0.0488;0.0111;0;0;0.088;1.7252;0;0;0;0;0;0;0;0;0;0;0;0;0.0393;0.0125;1.8415;1.8415;0;65.648;65.648;38.228;0.0503;1992.2;924.36;1;0.0283;0.0283;0;0;0;0;0;0;1.8132;1.7252;0;15.728;18.213;14.734;17.062;98.462;98.462;18.569;15.53;14.549;3.039;0.981;0.1637;0.0528;0.7835;31.495;0.7348;0
06/04/21 13:00;43.179;31.325;38.53;61.012;28.988;90;28.988;696.6;142.4;554.21;27.96;0.8601;0;633.58;54.186;96.706;0;8.7268;793.2;0;793.2;633.58;96.706;54.186;8.7268;0.7988;0.0793;0;0.011;783.31;9.8877;0;0;2.2762;7.6115;772.34;6.2645;3.7942;0.5791;1.6873;0.2039;778.61;4.6999;3.8015;0.5802;0.3115;0.0067;774.71;625.98;95.547;49.911;0.9046;374.63;299.33;122.89;0.7305;3.9887;57.375;2.3624;60.634;0;1;0;0;1.1387;0.9875;1;1;0.958;0.1278;0.992;0.994;1;0.9673;0.8161;0.994;0.994;1;0.994;0.994;0.9737;0.9211;0.1037;2.2574;2.3314;0.014;-0.0019;0.3461;0.0138;0.049;0.0092;0;0;0.088;1.7326;0;0;0;0;0;0;0;0;0;0;0;0;0.0395;0.0127;1.849;1.849;0;66.843;66.843;38.883;0.0503;2009.4;920.15;1;0.0284;0.0284;0;0;0;0;0;0;1.8206;1.7326;0;15.403;17.837;14.434;16.714;98.465;98.465;19.037;15.593;14.611;3.444;0.9815;0.1809;0.0516;0.7675;35.47;0.7281;0
06/04/21 14:00;35.342;47.75;33.261;43.771;46.229;90;46.229;571.19;146.5;424.69;28.62;0.6301;0;613.91;57.19;114.04;0;17.605;802.75;0;802.75;613.91;114.04;57.19;17.605;0.7648;0.0932;0;0.0219;781.46;21.289;0;0;4.9245;16.365;772.87;3.8992;1.7962;0.3337;1.7002;0.069;776.77;4.6888;3.6835;0.6843;0.3136;0.0074;777.37;608.43;113.03;50.252;1.1641;247.95;198.11;79.955;3.8371;2.9476;42.4;4.4966;41.511;0;1;0;0;1.4054;0.9735;1;1;0.9139;0.0705;0.995;0.9971;1;0.9673;0.944;0.994;0.994;1;0.994;0.994;0.9628;0.8787;0.0661;2.2846;2.309;0.0139;-0.0019;0.3488;0.0136;0.0484;0.0068;0;0;0.088;1.7119;0;0;0;0;0;0;0;0;0;0;0;0;0.039;0.0125;1.8279;1.8279;0;67.552;67.552;38.932;0.0504;1991.5;917.86;1;0.0279;0.0279;0;0;0;0;0;0;1.7999;1.7119;0;15.047;17.424;14.092;16.318;98.471;98.471;19.266;15.415;14.437;3.8511;0.9778;0.1999;0.0508;0.7494;43.05;0.7209;0
06/04/21 15:00;25.383;60.633;26.336;28.565;60;90;60;391.81;155.5;236.3;28.16;0.5699;0;494.04;69.471;131.45;0;19.59;714.56;0;714.56;494.04;131.45;69.471;19.59;0.6914;0.1246;0;0.0274;687.5;27.061;0;0;8.7337;18.327;680.59;2.7874;0.4467;0.1189;2.1362;0.0856;683.37;4.125;2.9643;0.7887;0.3644;0.0076;684.33;490.63;130.55;58.236;1.1702;103.01;82.308;35.991;11.619;1.696;24.396;3.7431;14.473;0;1;0;0;1.8238;0.9621;1;1;0.8743;0.0645;0.9959;0.9991;1;0.9646;0.9318;0.994;0.994;1;0.994;0.994;0.9525;0.8383;0.0597;2.0336;2.0068;0.0121;-0.0003;0.2659;0.0121;0.0429;0.004;0;0;0.088;1.5133;0;0;0;0;0;0;0;0;0;0;0;0;0.0346;0.0096;1.6259;1.6259;0;62.305;62.305;34.145;0.0502;1732.5;938.47;1;0.0245;0.0245;0;0;0;0;0;0;1.6013;1.5133;0;15.036;17.411;13.995;16.206;98.49;98.49;17.149;13.711;12.762;3.4381;0.9491;0.2005;0.0553;0.7442;60.479;0.7256;0
06/04/21 16:00;14.189;71.107;53.524;14.962;23.804;90;23.804;188.51;130.8;57.712;27.28;0.67;0;139.97;103.61;54.781;0;1.6036;299.96;0;299.96;139.97;54.781;103.61;1.6036;0.4666;0.3507;0;0.0053;295.42;4.5396;0;0;3.1747;1.365;286.81;6.838;2.4711;0.9672;3.3502;0.0495;293.65;1.7725;0.8398;0.3287;0.6026;0.0014;287.07;136.66;53.486;96.479;0.1877;66.069;52.789;20.968;0.6965;0.7861;11.308;0.2587;11.398;0;1;0;0;1.5912;0.9849;1;1;0.9694;0.1488;0.9767;0.9822;1;0.9664;0.7912;0.994;0.994;1;0.994;0.994;0.9562;0.9312;0.117;0.8537;0.844;0.0051;0.0142;0.0501;0.0054;0.0192;0.002;0;0;0.088;0.6307;0;0;0;0;0;0;0;0;0;0;0;0;0.0155;0.002;0.7305;0.7305;0;41.488;41.488;14.208;0.0495;725.98;1006.2;1;0.0118;0.0118;0;0;0;0;0;0;0.7187;0.6307;0;16.092;18.634;13.894;16.089;98.391;98.391;7.199;6.16;5.3188;1.039;0.8412;0.1443;0.1169;0.7388;65.676;0.7185;0
06/04/21 17:00;4.3221;78.753;79.468;4.4064;6.3326;90;6.3326;6.0948;6.0948;0;25.02;0.9401;0;0;6.0762;0;0;0.0037;6.0799;6.0799;0;0;0;0;0;1;1;1;1;0;0;0;0;0;0;0;0;0;0;0;0;0;0;0;0;0;0;0;0;0;0;0;0;0;0;0;0;0;0;0;0;0;0;0;0;1;1;1;1;1;1;1;1;1;1;1;1;1;0;0;1;0;0;0;0;0;0;0;0;0;0;0;0.0004;0.088;-0.0884;0;0;0;0;0;0;0;0;0;0;0;0;0;0;0;0;0;0;0;-25.02;0;0;0;0;0.0004;0;0;0;0;0;0;0;-0.0004;-0.0884;0;0;0;0;0;0;0;0;0;-0.7452;0;0.7452;1;1;0;0;0;0
06/04/21 18:00;0;0;90;0;0;90;0;0;0;0;21.03;1.1299;0;0;0;0;0;0;0;0;0;0;0;0;0;1;1;1;1;0;0;0;0;0;0;0;0;0;0;0;0;0;0;0;0;0;0;0;0;0;0;0;0;0;0;0;0;0;0;0;0;0;0;0;1;1;1;1;1;1;1;1;1;1;1;1;1;1;1;1;1;1;1;0;0;0;0;0;0;0;0;0;0.0004;0.088;-0.0884;0;0;0;0;0;0;0;0;0;0;0;0;0;0;0;0;0;0;0;-21.03;0;0;0;0;0.0004;0;0;0;0;0;0;0;-0.0004;-0.0884;0;0;0;0;0;0;0;0;0;-0.7452;0;0.7452;1;1;0;0;0;0
06/04/21 19:00;0;0;90;0;0;90;0;0;0;0;19.02;1.5199;0;0;0;0;0;0;0;0;0;0;0;0;0;1;1;1;1;0;0;0;0;0;0;0;0;0;0;0;0;0;0;0;0;0;0;0;0;0;0;0;0;0;0;0;0;0;0;0;0;0;0;0;1;1;1;1;1;1;1;1;1;1;1;1;1;1;1;1;1;1;1;0;0;0;0;0;0;0;0;0;0.0004;0.088;-0.0884;0;0;0;0;0;0;0;0;0;0;0;0;0;0;0;0;0;0;0;-19.02;0;0;0;0;0.0004;0;0;0;0;0;0;0;-0.0004;-0.0884;0;0;0;0;0;0;0;0;0;-0.7452;0;0.7452;1;1;0;0;0;0
06/04/21 20:00;0;0;90;0;0;90;0;0;0;0;17.62;2.19;0;0;0;0;0;0;0;0;0;0;0;0;0;1;1;1;1;0;0;0;0;0;0;0;0;0;0;0;0;0;0;0;0;0;0;0;0;0;0;0;0;0;0;0;0;0;0;0;0;0;0;0;1;1;1;1;1;1;1;1;1;1;1;1;1;1;1;1;1;1;1;0;0;0;0;0;0;0;0;0;0.0004;0.088;-0.0884;0;0;0;0;0;0;0;0;0;0;0;0;0;0;0;0;0;0;0;-17.62;0;0;0;0;0.0004;0;0;0;0;0;0;0;-0.0004;-0.0884;0;0;0;0;0;0;0;0;0;-0.7452;0;0.7452;1;1;0;0;0;0
06/04/21 21:00;0;0;90;0;0;90;0;0;0;0;18.1;3.53;0;0;0;0;0;0;0;0;0;0;0;0;0;1;1;1;1;0;0;0;0;0;0;0;0;0;0;0;0;0;0;0;0;0;0;0;0;0;0;0;0;0;0;0;0;0;0;0;0;0;0;0;1;1;1;1;1;1;1;1;1;1;1;1;1;1;1;1;1;1;1;0;0;0;0;0;0;0;0;0;0.0004;0.088;-0.0884;0;0;0;0;0;0;0;0;0;0;0;0;0;0;0;0;0;0;0;-18.1;0;0;0;0;0.0004;0;0;0;0;0;0;0;-0.0004;-0.0884;0;0;0;0;0;0;0;0;0;-0.7452;0;0.7452;1;1;0;0;0;0
06/04/21 22:00;0;0;90;0;0;90;0;0;0;0;18.64;4.66;0;0;0;0;0;0;0;0;0;0;0;0;0;1;1;1;1;0;0;0;0;0;0;0;0;0;0;0;0;0;0;0;0;0;0;0;0;0;0;0;0;0;0;0;0;0;0;0;0;0;0;0;1;1;1;1;1;1;1;1;1;1;1;1;1;1;1;1;1;1;1;0;0;0;0;0;0;0;0;0;0.0004;0.088;-0.0884;0;0;0;0;0;0;0;0;0;0;0;0;0;0;0;0;0;0;0;-18.64;0;0;0;0;0.0004;0;0;0;0;0;0;0;-0.0004;-0.0884;0;0;0;0;0;0;0;0;0;-0.7452;0;0.7452;1;1;0;0;0;0
06/04/21 23:00;0;0;90;0;0;90;0;0;0;0;20.6;5.0299;0;0;0;0;0;0;0;0;0;0;0;0;0;1;1;1;1;0;0;0;0;0;0;0;0;0;0;0;0;0;0;0;0;0;0;0;0;0;0;0;0;0;0;0;0;0;0;0;0;0;0;0;1;1;1;1;1;1;1;1;1;1;1;1;1;1;1;1;1;1;1;0;0;0;0;0;0;0;0;0;0.0004;0.088;-0.0884;0;0;0;0;0;0;0;0;0;0;0;0;0;0;0;0;0;0;0;-20.6;0;0;0;0;0.0004;0;0;0;0;0;0;0;-0.0004;-0.0884;0;0;0;0;0;0;0;0;0;-0.7452;0;0.7452;1;1;0;0;0;0
07/04/21 00:00;0;0;90;0;0;90;0;0;0;0;19.33;4.88;0;0;0;0;0;0;0;0;0;0;0;0;0;1;1;1;1;0;0;0;0;0;0;0;0;0;0;0;0;0;0;0;0;0;0;0;0;0;0;0;0;0;0;0;0;0;0;0;0;0;0;0;1;1;1;1;1;1;1;1;1;1;1;1;1;1;1;1;1;1;1;0;0;0;0;0;0;0;0;0;0.0004;0.088;-0.0884;0;0;0;0;0;0;0;0;0;0;0;0;0;0;0;0;0;0;0;-19.33;0;0;0;0;0.0004;0;0;0;0;0;0;0;-0.0004;-0.0884;0;0;0;0;0;0;0;0;0;-0.7452;0;0.7452;1;1;0;0;0;0
07/04/21 01:00;0;0;90;0;0;90;0;0;0;0;18.44;4.3199;0;0;0;0;0;0;0;0;0;0;0;0;0;1;1;1;1;0;0;0;0;0;0;0;0;0;0;0;0;0;0;0;0;0;0;0;0;0;0;0;0;0;0;0;0;0;0;0;0;0;0;0;1;1;1;1;1;1;1;1;1;1;1;1;1;1;1;1;1;1;1;0;0;0;0;0;0;0;0;0;0.0004;0.088;-0.0884;0;0;0;0;0;0;0;0;0;0;0;0;0;0;0;0;0;0;0;-18.44;0;0;0;0;0.0004;0;0;0;0;0;0;0;-0.0004;-0.0884;0;0;0;0;0;0;0;0;0;-0.7452;0;0.7452;1;1;0;0;0;0
07/04/21 02:00;0;0;90;0;0;90;0;0;0;0;18.5;3.8901;0;0;0;0;0;0;0;0;0;0;0;0;0;1;1;1;1;0;0;0;0;0;0;0;0;0;0;0;0;0;0;0;0;0;0;0;0;0;0;0;0;0;0;0;0;0;0;0;0;0;0;0;1;1;1;1;1;1;1;1;1;1;1;1;1;1;1;1;1;1;1;0;0;0;0;0;0;0;0;0;0.0004;0.088;-0.0884;0;0;0;0;0;0;0;0;0;0;0;0;0;0;0;0;0;0;0;-18.5;0;0;0;0;0.0004;0;0;0;0;0;0;0;-0.0004;-0.0884;0;0;0;0;0;0;0;0;0;-0.7452;0;0.7452;1;1;0;0;0;0
07/04/21 03:00;0;0;90;0;0;90;0;0;0;0;17.46;3.5199;0;0;0;0;0;0;0;0;0;0;0;0;0;1;1;1;1;0;0;0;0;0;0;0;0;0;0;0;0;0;0;0;0;0;0;0;0;0;0;0;0;0;0;0;0;0;0;0;0;0;0;0;1;1;1;1;1;1;1;1;1;1;1;1;1;1;1;1;1;1;1;0;0;0;0;0;0;0;0;0;0.0004;0.088;-0.0884;0;0;0;0;0;0;0;0;0;0;0;0;0;0;0;0;0;0;0;-17.46;0;0;0;0;0.0004;0;0;0;0;0;0;0;-0.0004;-0.0884;0;0;0;0;0;0;0;0;0;-0.7452;0;0.7452;1;1;0;0;0;0
07/04/21 04:00;0;0;90;0;0;90;0;0;0;0;16.22;3.13;0;0;0;0;0;0;0;0;0;0;0;0;0;1;1;1;1;0;0;0;0;0;0;0;0;0;0;0;0;0;0;0;0;0;0;0;0;0;0;0;0;0;0;0;0;0;0;0;0;0;0;0;1;1;1;1;1;1;1;1;1;1;1;1;1;1;1;1;1;1;1;0;0;0;0;0;0;0;0;0;0.0004;0.088;-0.0884;0;0;0;0;0;0;0;0;0;0;0;0;0;0;0;0;0;0;0;-16.22;0;0;0;0;0.0004;0;0;0;0;0;0;0;-0.0004;-0.0884;0;0;0;0;0;0;0;0;0;-0.7452;0;0.7452;1;1;0;0;0;0
07/04/21 05:00;0;0;90;0;0;90;0;0;0;0;15.15;2.7801;0;0;0;0;0;0;0;0;0;0;0;0;0;1;1;1;1;0;0;0;0;0;0;0;0;0;0;0;0;0;0;0;0;0;0;0;0;0;0;0;0;0;0;0;0;0;0;0;0;0;0;0;1;1;1;1;1;1;1;1;1;1;1;1;1;1;1;1;1;1;1;0;0;0;0;0;0;0;0;0;0.0004;0.088;-0.0884;0;0;0;0;0;0;0;0;0;0;0;0;0;0;0;0;0;0;0;-15.15;0;0;0;0;0.0004;0;0;0;0;0;0;0;-0.0004;-0.0884;0;0;0;0;0;0;0;0;0;-0.7452;0;0.7452;1;1;0;0;0;0
07/04/21 06:00;4.0593;-78.478;80.114;4.1425;5.9475;-90;-5.9475;24.594;21.499;3.095;15;3.72;0;7.5063;20.753;1.6731;0;0.0132;29.946;0;29.946;7.5063;1.6731;20.753;0.0132;0.2507;0.6935;0;0.0004;29.871;0.0748;0;0;0.0638;0.011;25.837;3.8549;2.426;0.5407;0.8877;0.0005;29.692;0.1792;0.045;0.01;0.1241;0;25.838;5.0353;1.1223;19.678;0.0017;12.36;9.8753;3.7828;0.0006;0.1477;2.1247;0.001;2.2719;0;1;0;0;1.2176;0.9975;1;1;0.9969;0.1679;0.8702;0.6749;1;0.9568;0.7765;0.994;0.994;1;0.994;0.994;0.8628;0.9482;0.1296;0.0852;0.0782;0.0005;0.0099;-0.0025;0.0005;0.0017;0.0004;0;0;0.088;-0.0254;0;0;0;0;0;0;0;0;0;0;0;0;0.0014;0.0001;0.0663;0.0663;0;16.286;16.286;1.2861;0.0498;65.156;1017.2;1;0.0036;0.0036;0;0;0;0;0;0;0.0626;-0.0254;0;14.625;16.936;-5.5957;-6.4797;94.513;94.513;0.7187;0.5589;-0.2139;0.1598;0.7728;0.2223;1.0753;0;12.341;0;0
07/04/21 07:00;13.913;-70.838;54.326;14.695;23.274;-90;-23.274;196.79;41.302;155.49;18.8;3.79;0;377.11;20.818;47.537;0;1.6014;447.06;0;447.06;377.11;47.537;20.818;1.6014;0.8435;0.0501;0;0.0036;445.1;1.9675;0;0;0.6134;1.3541;433.51;8.9097;7.2659;0.9159;0.6765;0.0514;442.42;2.6706;2.2626;0.2852;0.1212;0.0015;433.56;367.58;46.336;19.407;0.1944;14.015;11.198;4.5748;0.1294;0.1573;2.2631;0.0491;2.291;0;1;0;0;2.2718;0.9956;1;1;0.9705;0.1544;0.9799;0.9806;1;0.9663;0.7911;0.994;0.994;1;0.994;0.994;0.9697;0.9322;0.1214;1.2723;1.245;0.0075;0.0087;0.0672;0.0081;0.0288;0.0004;0;0;0.088;0.9918;0;0;0;0;0;0;0;0;0;0;0;0;0.0232;0.004;1.097;1.097;0;40.196;40.196;21.396;0.0494;1072.9;1022.5;1;0.0172;0.0172;0;0;0;0;0;0;1.0798;0.9918;0;16.215;18.777;14.659;16.975;98.428;98.428;10.73;9.2514;8.3638;1.4781;0.8875;0.1378;0.0827;0.7795;13.157;0.7766;0
07/04/21 08:00;25.084;-60.374;26.647;28.302;60;-90;-60;395.4;73.497;321.9;21.31;3.46;0;678.65;24.406;86.345;0;19.77;809.17;0;809.17;678.65;86.345;24.406;19.77;0.8387;0.0546;0;0.0244;787.71;21.459;0;0;3.0577;18.402;781.45;1.539;0.6209;0.079;0.7508;0.0883;782.99;4.7263;4.0719;0.5181;0.1281;0.0082;784.04;673.96;85.748;20.469;1.2719;70.232;56.116;24.196;4.0852;0.9291;13.365;2.5895;10.209;0;1;0;0;2.0465;0.9735;1;1;0.8747;0.0692;0.998;0.9991;1;0.9646;0.9351;0.994;0.994;1;0.994;0.994;0.9657;0.8387;0.0643;2.3028;2.27;0.0137;-0.0018;0.2844;0.0138;0.049;0.0022;0;0;0.088;1.7399;0;0;0;0;0;0;0;0;0;0;0;0;0.0395;0.0122;1.857;1.857;0;60.442;60.442;39.133;0.0501;1960.3;947.27;1;0.0291;0.0291;0;0;0;0;0;0;1.8279;1.7399;0;15.165;17.56;14.209;16.453;98.435;98.435;19.42;15.66;14.673;3.7601;0.9872;0.1936;0.0508;0.7555;21.253;0.7463;0
07/04/21 09:00;35.012;-47.52;33.581;43.527;46.473;-90;-46.473;569.3;98.402;470.89;22.97;2.83;0;683.75;33.041;86.062;0;17.722;820.57;0;820.57;683.75;86.062;33.041;17.722;0.8333;0.0619;0;0.0216;801.32;19.253;0;0;2.8575;16.395;793.06;3.449;2.1278;0.2678;0.9828;0.0706;796.51;4.8079;4.1025;0.5164;0.1811;0.008;797.45;677.52;85.278;29.02;1.2489;239.24;191.15;76.56;2.2594;2.7884;40.11;4.3896;40.639;0;1;0;0;1.4414;0.9765;1;1;0.9135;0.0749;0.9957;0.9969;1;0.9672;0.9465;0.994;0.994;1;0.994;0.994;0.9665;0.8783;0.0705;2.3353;2.3619;0.0142;-0.002;0.3155;0.0142;0.0505;0.0066;0;0;0.088;1.7913;0;0;0;0;0;0;0;0;0;0;0;0;0.0407;0.0131;1.9091;1.9091;0;62.76;62.76;39.79;0.0502;2037.3;937.1;1;0.0298;0.0298;0;0;0;0;0;0;1.8793;1.7913;0;15.374;17.803;14.425;16.704;98.437;98.437;19.694;16.1;15.106;3.5937;0.9938;0.1825;0.0505;0.7671;24.93;0.74;0
07/04/21 10:00;42.818;-31.168;38.876;60.814;29.186;-90;-29.186;687.6;119.9;567.7;24.68;2.1699;0;650.25;43.457;84.187;0;8.7296;786.62;0;786.62;650.25;84.187;43.457;8.7296;0.8266;0.0663;0;0.0111;777.2;9.4254;0;0;1.8397;7.5857;766.43;6.1031;4.0251;0.5211;1.3522;0.2048;772.54;4.6632;3.9015;0.5051;0.2497;0.0069;768.79;642.32;83.16;40.016;0.9322;368.34;294.3;120.9;0.6003;3.9091;56.231;2.362;59.54;0;1;0;0;1.144;0.988;1;1;0.9577;0.131;0.9921;0.9938;1;0.9673;0.8199;0.994;0.994;1;0.994;0.994;0.9743;0.9208;0.1068;2.2387;2.3122;0.0139;-0.0019;0.3123;0.0139;0.0493;0.0092;0;0;0.088;1.7462;0;0;0;0;0;0;0;0;0;0;0;0;0.0398;0.0125;1.8632;1.8632;0;63.148;63.148;38.468;0.0502;1993.1;934.78;1;0.0289;0.0289;0;0;0;0;0;0;1.8342;1.7462;0;15.651;18.124;14.669;16.986;98.447;98.447;18.879;15.712;14.726;3.1668;0.9861;0.1677;0.0522;0.78;28.484;0.7404;0
07/04/21 11:00;47.263;-10.988;41.774;80.012;9.9883;-90;-9.9883;746.69;135.3;611.39;25.37;1.49;0;620.8;52.245;83.929;0;1.1317;758.1;0;758.1;620.8;83.929;52.245;1.1317;0.8189;0.0704;0;0.0015;756.79;1.3155;0;0;0.3757;0.9398;744.55;7.7003;4.8887;0.6609;2.1079;0.0428;752.25;4.5407;3.7248;0.5036;0.3112;0.0012;744.76;612.19;82.764;49.45;0.148;436.21;348.53;141.99;0.0154;4.6618;67.058;0.2126;71.704;0;1;0;0;1.0153;0.9983;1;1;0.9928;0.1696;0.9898;0.9921;1;0.9591;0.7755;0.994;0.994;1;0.994;0.994;0.9821;0.9465;0.1307;2.1575;2.2651;0.0136;-0.0017;0.3026;0.0137;0.0484;0.011;0;0;0.088;1.7102;0;0;0;0;0;0;0;0;0;0;0;0;0.039;0.0121;1.8265;1.8265;0;62.729;62.729;37.359;0.0502;1951.7;935.86;1;0.0283;0.0283;0;0;0;0;0;0;1.7982;1.7102;0;15.921;18.436;14.907;17.262;98.453;98.453;18.195;15.403;14.423;2.7915;0.9805;0.1534;0.0539;0.7927;31.317;0.7435;0
07/04/21 12:00;47.259;11.021;41.772;79.982;10.018;90;10.018;775;132.2;642.8;25.88;0.8799;0;652.75;46.924;86.231;0;1.1817;787.09;0;787.09;652.75;86.231;46.924;1.1817;0.8293;0.0611;0;0.0015;785.76;1.3239;0;0;0.3406;0.9833;773.29;7.7548;5.1394;0.6789;1.8921;0.0444;781.05;4.7146;3.9165;0.5174;0.2795;0.0012;773.51;643.69;85.035;44.412;0.1528;452.64;361.66;147.41;0.014;4.832;69.507;0.2225;74.325;0;1;0;0;1.0156;0.9983;1;1;0.9927;0.1679;0.9901;0.9921;1;0.9591;0.7749;0.994;0.994;1;0.994;0.994;0.9825;0.9465;0.1293;2.24;2.3523;0.0142;-0.0019;0.3311;0.0141;0.0499;0.0113;0;0;0.088;1.7635;0;0;0;0;0;0;0;0;0;0;0;0;0.0402;0.0129;1.8806;1.8806;0;64.743;64.743;38.863;0.0503;2026.4;928.04;1;0.0291;0.0291;0;0;0;0;0;0;1.8515;1.7635;0;15.789;18.283;14.805;17.144;98.451;98.451;18.89;15.86;14.872;3.0305;0.9877;0.1604;0.0523;0.7873;28.129;0.7385;0
07/04/21 13:00;42.808;31.196;38.87;60.786;29.214;90;29.214;712;130.2;581.8;26.89;0.4799;0;666.58;45.313;93.73;0;9.0562;814.68;0;814.68;666.58;93.73;45.313;9.0562;0.8182;0.0667;0;0.0111;804.85;9.8347;0;0;1.9272;7.9075;793.7;6.3211;4.1237;0.5798;1.4091;0.2085;800.02;4.8291;3.9995;0.5624;0.2603;0.0069;796.15;658.46;92.587;41.717;0.9332;381.35;304.7;125.18;0.628;4.0473;58.218;2.4512;61.638;0;1;0;0;1.1442;0.9879;1;1;0.9575;0.1268;0.9921;0.9938;1;0.9673;0.8174;0.994;0.994;1;0.994;0.994;0.9742;0.9206;0.103;2.3185;2.3945;0.0144;-0.002;0.3552;0.0142;0.0503;0.0094;0;0;0.088;1.7817;0;0;0;0;0;0;0;0;0;0;0;0;0.0405;0.0134;1.899;1.899;0;66.846;66.846;39.956;0.0503;2063.4;920.32;1;0.0293;0.0293;0;0;0;0;0;0;1.8697;1.7817;0;15.403;17.837;14.452;16.735;98.456;98.456;19.552;16.015;15.025;3.5376;0.9894;0.1809;0.0506;0.7685;29.707;0.7294;0
07/04/21 14:00;34.999;47.542;33.572;43.502;46.498;90;46.498;247.99;234.7;13.291;26.8;0.51;0;19.308;194.76;5.7983;0;7.7278;227.6;0;227.6;19.308;5.7983;194.76;7.7278;0.0848;0.8897;0;0.034;203.5;24.099;0;0;16.912;7.1863;196.38;5.8977;0.06;0.018;5.7902;0.0295;202.28;1.221;0.1158;0.0348;1.0671;0.0032;199.29;19.132;5.7455;170.99;0.5088;153.96;123.01;53.227;13.318;2.3083;33.203;2.9135;22.194;0;1;0;0;0.9178;0.8941;1;1;0.9132;0.0701;0.9708;0.9969;1;0.9672;0.9452;0.994;0.994;1;0.994;0.994;0.8628;0.878;0.0658;0.6477;0.6367;0.0038;0.0164;0.0265;0.0041;0.0146;0.0058;0;0;0.088;0.4548;0;0;0;0;0;0;0;0;0;0;0;0;0.0118;0.0012;0.5523;0.5523;0;36.517;36.517;9.7168;0.0495;544.2;1014.9;1;0.0095;0.0095;0;0;0;0;0;0;0.5428;0.4548;0;16.036;18.569;13.206;15.292;98.287;98.287;5.4623;4.6577;3.8358;0.8046;0.8219;0.1473;0.1505;0.7022;146.98;0.6331;0
07/04/21 15:00;25.068;60.391;26.637;28.28;60;90;60;182;173.7;8.3014;26;0.6499;0;17.513;128.4;5.2694;0;9.1002;160.29;0;160.29;17.513;5.2694;128.4;9.1002;0.1093;0.8579;0;0.0568;135.63;24.656;0;0;16.143;8.5133;130.81;4.0089;0.016;0.0048;3.9483;0.0398;134.82;0.8138;0.1051;0.0316;0.6736;0.0035;134.56;17.392;5.233;107.64;0.5436;113.24;90.475;41.76;21.469;2.2867;32.894;3.7569;13.712;0;1;0;0;0.8807;0.8462;1;1;0.8743;0.0645;0.9703;0.9991;1;0.9646;0.9318;0.994;0.994;1;0.994;0.994;0.8161;0.8383;0.0597;0.4562;0.4509;0.0027;0.0173;0.0123;0.0029;0.0104;0.0058;0;0;0.088;0.2947;0;0;0;0;0;0;0;0;0;0;0;0;0.0084;0.0007;0.3905;0.3905;0;32.474;32.474;6.4741;0.0495;383.54;1018.1;1;0.0078;0.0078;0;0;0;0;0;0;0.3827;0.2947;0;16.098;18.641;12.149;14.068;98.008;98.008;3.8469;3.2929;2.4852;0.554;0.8077;0.144;0.21;0.646;111.78;0.56;0
07/04/21 16:00;13.896;70.852;54.377;14.675;23.235;90;23.235;115.8;109.7;6.104;26;0.74;0;14.804;103.29;4.9626;0;0.9392;123.99;0;123.99;14.804;4.9626;103.29;0.9392;0.1194;0.8406;0;0.0076;120.15;3.8416;0;0;3.0442;0.7974;115.66;3.7691;0.2869;0.0962;3.3564;0.0297;119.43;0.7209;0.0888;0.0298;0.6014;0.0009;115.9;14.428;4.8367;96.283;0.1112;65.303;52.177;20.624;0.6365;0.7802;11.223;0.2424;11.366;0;1;0;0;1.0707;0.969;1;1;0.9705;0.151;0.9684;0.9805;1;0.9663;0.789;0.994;0.994;1;0.994;0.994;0.9328;0.9322;0.1184;0.3529;0.3541;0.0021;0.017;0.0087;0.0023;0.0081;0.002;0;0;0.088;0.212;0;0;0;0;0;0;0;0;0;0;0;0;0.0065;0.0005;0.3069;0.3069;0;31.728;31.728;5.7276;0.0495;302.1;1015.9;1;0.0069;0.0069;0;0;0;0;0;0;0.3;0.212;0;16.356;18.94;11.3;13.085;97.762;97.762;2.9758;2.5882;1.7881;0.3876;0.8;0.1303;0.2689;0.6009;65.263;0.5628;0
07/04/21 17:00;4.0411;78.492;80.159;4.1237;5.9201;90;5.9201;0.9963;0.9963;0;24;0.99;0;0;0.9936;0;0;0.0005;0.9941;0.9941;0;0;0;0;0;1;1;1;1;0;0;0;0;0;0;0;0;0;0;0;0;0;0;0;0;0;0;0;0;0;0;0;0;0;0;0;0;0;0;0;0;0;0;0;0;1;1;1;1;1;1;1;1;1;1;1;1;1;0;0;1;0;0;0;0;0;0;0;0;0;0;0;0.0004;0.088;-0.0884;0;0;0;0;0;0;0;0;0;0;0;0;0;0;0;0;0;0;0;-24;0;0;0;0;0.0004;0;0;0;0;0;0;0;-0.0004;-0.0884;0;0;0;0;0;0;0;0;0;-0.7452;0;0.7452;1;1;0;0;0;0
07/04/21 18:00;0;0;90;0;0;90;0;0;0;0;20.7;1.22;0;0;0;0;0;0;0;0;0;0;0;0;0;1;1;1;1;0;0;0;0;0;0;0;0;0;0;0;0;0;0;0;0;0;0;0;0;0;0;0;0;0;0;0;0;0;0;0;0;0;0;0;1;1;1;1;1;1;1;1;1;1;1;1;1;1;1;1;1;1;1;0;0;0;0;0;0;0;0;0;0.0004;0.088;-0.0884;0;0;0;0;0;0;0;0;0;0;0;0;0;0;0;0;0;0;0;-20.7;0;0;0;0;0.0004;0;0;0;0;0;0;0;-0.0004;-0.0884;0;0;0;0;0;0;0;0;0;-0.7452;0;0.7452;1;1;0;0;0;0
07/04/21 19:00;0;0;90;0;0;90;0;0;0;0;18.62;1.6099;0;0;0;0;0;0;0;0;0;0;0;0;0;1;1;1;1;0;0;0;0;0;0;0;0;0;0;0;0;0;0;0;0;0;0;0;0;0;0;0;0;0;0;0;0;0;0;0;0;0;0;0;1;1;1;1;1;1;1;1;1;1;1;1;1;1;1;1;1;1;1;0;0;0;0;0;0;0;0;0;0.0004;0.088;-0.0884;0;0;0;0;0;0;0;0;0;0;0;0;0;0;0;0;0;0;0;-18.62;0;0;0;0;0.0004;0;0;0;0;0;0;0;-0.0004;-0.0884;0;0;0;0;0;0;0;0;0;-0.7452;0;0.7452;1;1;0;0;0;0
07/04/21 20:00;0;0;90;0;0;90;0;0;0;0;16.85;2.18;0;0;0;0;0;0;0;0;0;0;0;0;0;1;1;1;1;0;0;0;0;0;0;0;0;0;0;0;0;0;0;0;0;0;0;0;0;0;0;0;0;0;0;0;0;0;0;0;0;0;0;0;1;1;1;1;1;1;1;1;1;1;1;1;1;1;1;1;1;1;1;0;0;0;0;0;0;0;0;0;0.0004;0.088;-0.0884;0;0;0;0;0;0;0;0;0;0;0;0;0;0;0;0;0;0;0;-16.85;0;0;0;0;0.0004;0;0;0;0;0;0;0;-0.0004;-0.0884;0;0;0;0;0;0;0;0;0;-0.7452;0;0.7452;1;1;0;0;0;0
07/04/21 21:00;0;0;90;0;0;90;0;0;0;0;17.1;2.7001;0;0;0;0;0;0;0;0;0;0;0;0;0;1;1;1;1;0;0;0;0;0;0;0;0;0;0;0;0;0;0;0;0;0;0;0;0;0;0;0;0;0;0;0;0;0;0;0;0;0;0;0;1;1;1;1;1;1;1;1;1;1;1;1;1;1;1;1;1;1;1;0;0;0;0;0;0;0;0;0;0.0004;0.088;-0.0884;0;0;0;0;0;0;0;0;0;0;0;0;0;0;0;0;0;0;0;-17.1;0;0;0;0;0.0004;0;0;0;0;0;0;0;-0.0004;-0.0884;0;0;0;0;0;0;0;0;0;-0.7452;0;0.7452;1;1;0;0;0;0
07/04/21 22:00;0;0;90;0;0;90;0;0;0;0;15.99;3.2601;0;0;0;0;0;0;0;0;0;0;0;0;0;1;1;1;1;0;0;0;0;0;0;0;0;0;0;0;0;0;0;0;0;0;0;0;0;0;0;0;0;0;0;0;0;0;0;0;0;0;0;0;1;1;1;1;1;1;1;1;1;1;1;1;1;1;1;1;1;1;1;0;0;0;0;0;0;0;0;0;0.0004;0.088;-0.0884;0;0;0;0;0;0;0;0;0;0;0;0;0;0;0;0;0;0;0;-15.99;0;0;0;0;0.0004;0;0;0;0;0;0;0;-0.0004;-0.0884;0;0;0;0;0;0;0;0;0;-0.7452;0;0.7452;1;1;0;0;0;0
07/04/21 23:00;0;0;90;0;0;90;0;0;0;0;16.07;3.63;0;0;0;0;0;0;0;0;0;0;0;0;0;1;1;1;1;0;0;0;0;0;0;0;0;0;0;0;0;0;0;0;0;0;0;0;0;0;0;0;0;0;0;0;0;0;0;0;0;0;0;0;1;1;1;1;1;1;1;1;1;1;1;1;1;1;1;1;1;1;1;0;0;0;0;0;0;0;0;0;0.0004;0.088;-0.0884;0;0;0;0;0;0;0;0;0;0;0;0;0;0;0;0;0;0;0;-16.07;0;0;0;0;0.0004;0;0;0;0;0;0;0;-0.0004;-0.0884;0;0;0;0;0;0;0;0;0;-0.7452;0;0.7452;1;1;0;0;0;0
08/04/21 00:00;0;0;90;0;0;90;0;0;0;0;15.62;3.7599;0;0;0;0;0;0;0;0;0;0;0;0;0;1;1;1;1;0;0;0;0;0;0;0;0;0;0;0;0;0;0;0;0;0;0;0;0;0;0;0;0;0;0;0;0;0;0;0;0;0;0;0;1;1;1;1;1;1;1;1;1;1;1;1;1;1;1;1;1;1;1;0;0;0;0;0;0;0;0;0;0.0004;0.088;-0.0884;0;0;0;0;0;0;0;0;0;0;0;0;0;0;0;0;0;0;0;-15.62;0;0;0;0;0.0004;0;0;0;0;0;0;0;-0.0004;-0.0884;0;0;0;0;0;0;0;0;0;-0.7452;0;0.7452;1;1;0;0;0;0
08/04/21 01:00;0;0;90;0;0;90;0;0;0;0;14.77;3.72;0;0;0;0;0;0;0;0;0;0;0;0;0;1;1;1;1;0;0;0;0;0;0;0;0;0;0;0;0;0;0;0;0;0;0;0;0;0;0;0;0;0;0;0;0;0;0;0;0;0;0;0;1;1;1;1;1;1;1;1;1;1;1;1;1;1;1;1;1;1;1;0;0;0;0;0;0;0;0;0;0.0004;0.088;-0.0884;0;0;0;0;0;0;0;0;0;0;0;0;0;0;0;0;0;0;0;-14.77;0;0;0;0;0.0004;0;0;0;0;0;0;0;-0.0004;-0.0884;0;0;0;0;0;0;0;0;0;-0.7452;0;0.7452;1;1;0;0;0;0
08/04/21 02:00;0;0;90;0;0;90;0;0;0;0;14.4;3.6699;0;0;0;0;0;0;0;0;0;0;0;0;0;1;1;1;1;0;0;0;0;0;0;0;0;0;0;0;0;0;0;0;0;0;0;0;0;0;0;0;0;0;0;0;0;0;0;0;0;0;0;0;1;1;1;1;1;1;1;1;1;1;1;1;1;1;1;1;1;1;1;0;0;0;0;0;0;0;0;0;0.0004;0.088;-0.0884;0;0;0;0;0;0;0;0;0;0;0;0;0;0;0;0;0;0;0;-14.4;0;0;0;0;0.0004;0;0;0;0;0;0;0;-0.0004;-0.0884;0;0;0;0;0;0;0;0;0;-0.7452;0;0.7452;1;1;0;0;0;0
08/04/21 03:00;0;0;90;0;0;90;0;0;0;0;14.04;3.5099;0;0;0;0;0;0;0;0;0;0;0;0;0;1;1;1;1;0;0;0;0;0;0;0;0;0;0;0;0;0;0;0;0;0;0;0;0;0;0;0;0;0;0;0;0;0;0;0;0;0;0;0;1;1;1;1;1;1;1;1;1;1;1;1;1;1;1;1;1;1;1;0;0;0;0;0;0;0;0;0;0.0004;0.088;-0.0884;0;0;0;0;0;0;0;0;0;0;0;0;0;0;0;0;0;0;0;-14.04;0;0;0;0;0.0004;0;0;0;0;0;0;0;-0.0004;-0.0884;0;0;0;0;0;0;0;0;0;-0.7452;0;0.7452;1;1;0;0;0;0
08/04/21 04:00;0;0;90;0;0;90;0;0;0;0;13.2;3.29;0;0;0;0;0;0;0;0;0;0;0;0;0;1;1;1;1;0;0;0;0;0;0;0;0;0;0;0;0;0;0;0;0;0;0;0;0;0;0;0;0;0;0;0;0;0;0;0;0;0;0;0;1;1;1;1;1;1;1;1;1;1;1;1;1;1;1;1;1;1;1;0;0;0;0;0;0;0;0;0;0.0004;0.088;-0.0884;0;0;0;0;0;0;0;0;0;0;0;0;0;0;0;0;0;0;0;-13.2;0;0;0;0;0.0004;0;0;0;0;0;0;0;-0.0004;-0.0884;0;0;0;0;0;0;0;0;0;-0.7452;0;0.7452;1;1;0;0;0;0
08/04/21 05:00;0;0;90;0;0;90;0;0;0;0;13.24;3.2601;0;0;0;0;0;0;0;0;0;0;0;0;0;1;1;1;1;0;0;0;0;0;0;0;0;0;0;0;0;0;0;0;0;0;0;0;0;0;0;0;0;0;0;0;0;0;0;0;0;0;0;0;1;1;1;1;1;1;1;1;1;1;1;1;1;1;1;1;1;1;1;0;0;0;0;0;0;0;0;0;0.0004;0.088;-0.0884;0;0;0;0;0;0;0;0;0;0;0;0;0;0;0;0;0;0;0;-13.24;0;0;0;0;0.0004;0;0;0;0;0;0;0;-0.0004;-0.0884;0;0;0;0;0;0;0;0;0;-0.7452;0;0.7452;1;1;0;0;0;0
08/04/21 06:00;4.0969;-77.986;80.022;4.1883;6.0143;-90;-6.0143;25.59;22.098;3.4927;12.29;4.2101;0;8.4708;21.246;1.9239;0;0.0141;31.655;0;31.655;8.4708;1.9239;21.246;0.0141;0.2676;0.6716;0;0.0004;31.576;0.0782;0;0;0.0665;0.0117;27.152;4.2347;2.7105;0.6156;0.908;0.0005;31.387;0.1895;0.0508;0.0115;0.1271;0;27.153;5.7095;1.2968;20.144;0.0018;12.656;10.112;3.8742;0.0006;0.1512;2.1753;0.0011;2.3259;0;1;0;0;1.237;0.9975;1;1;0.9969;0.1679;0.8651;0.6781;1;0.9569;0.7765;0.994;0.994;1;0.994;0.994;0.8578;0.9482;0.1296;0.0901;0.082;0.0005;0.0101;-0.0034;0.0005;0.0019;0.0004;0;0;0.088;-0.0213;0;0;0;0;0;0;0;0;0;0;0;0;0.0015;0.0001;0.0705;0.0705;0;13.638;13.638;1.3476;0.0496;68.424;1031;1;0.0038;0.0038;0;0;0;0;0;0;0.0667;-0.0213;0;14.727;17.053;-4.4398;-5.1411;94.593;94.593;0.7597;0.5949;-0.1794;0.1648;0.7743;0.2169;1.0192;0;12.635;0;0
08/04/21 07:00;13.735;-70.491;54.843;14.537;22.962;-90;-22.962;190.31;43.198;147.11;15.45;3.88;0;356.78;22.611;47.666;0;1.5079;428.56;0;428.56;356.78;47.666;22.611;1.5079;0.8325;0.0563;0;0.0035;426.64;1.9253;0;0;0.6519;1.2734;415.04;9.0422;7.2834;0.9731;0.7368;0.049;424.08;2.5598;2.1407;0.286;0.1318;0.0014;415.09;347.36;46.407;21.09;0.1841;15.082;12.051;4.9;0.1339;0.1705;2.4521;0.0515;2.4886;0;1;0;0;2.252;0.9955;1;1;0.9712;0.1555;0.9787;0.9795;1;0.9662;0.7899;0.994;0.994;1;0.994;0.994;0.9684;0.9328;0.1221;1.2197;1.1925;0.0072;0.0094;0.046;0.0079;0.0281;0.0004;0;0;0.088;0.9622;0;0;0;0;0;0;0;0;0;0;0;0;0.0226;0.0037;1.0673;1.0673;0;35.865;35.865;20.415;0.0492;1026.8;1039.4;1;0.017;0.017;0;0;0;0;0;0;1.0502;0.9622;0;16.456;19.055;14.836;17.18;98.403;98.403;10.286;9.0003;8.1144;1.2853;0.8859;0.125;0.0861;0.7889;14.265;0.7855;0
08/04/21 08:00;24.874;-60.023;27.014;28.158;60;-90;-60;388.09;74.701;313.39;18.81;2.8699;0;663.77;25.374;86.562;0;19.405;795.11;0;795.11;663.77;86.562;25.374;19.405;0.8348;0.0563;0;0.0244;773.87;21.241;0;0;3.179;18.062;767.66;1.5632;0.6156;0.0803;0.7806;0.0866;769.22;4.6432;3.9826;0.5194;0.1332;0.0081;770.23;659.17;85.962;21.281;1.2484;68.496;54.728;23.425;4.247;0.9345;13.442;2.5727;10.13;0;1;0;0;2.0488;0.9733;1;1;0.8747;0.0692;0.998;0.9991;1;0.9646;0.9351;0.994;0.994;1;0.994;0.994;0.9655;0.8387;0.0643;2.2628;2.2306;0.0134;-0.0016;0.2531;0.0138;0.0488;0.0022;0;0;0.088;1.7327;0;0;0;0;0;0;0;0;0;0;0;0;0.0393;0.0118;1.8498;1.8498;0;57.15;57.15;38.339;0.0499;1925.9;960.48;1;0.0292;0.0292;0;0;0;0;0;0;1.8207;1.7327;0;15.374;17.802;14.4;16.674;98.423;98.423;19.083;15.6;14.612;3.4828;0.9882;0.1825;0.0518;0.7657;22.096;0.7561;0
08/04/21 09:00;34.759;-47.173;33.951;43.416;46.584;-90;-46.584;562.3;98.602;463.7;22.4;1.7599;0;674.68;33.504;85.683;0;17.584;811.45;0;811.45;674.68;85.683;33.504;17.584;0.8314;0.063;0;0.0217;792.27;19.177;0;0;2.9075;16.269;783.92;3.5954;2.2445;0.285;0.9966;0.0693;787.52;4.7536;4.0481;0.5141;0.1836;0.0079;788.28;668.38;84.883;29.416;1.2371;235.92;188.5;75.475;2.3098;2.7565;39.651;4.3574;40.098;0;1;0;0;1.4431;0.9764;1;1;0.9132;0.0747;0.9954;0.9967;1;0.9672;0.947;0.994;0.994;1;0.994;0.994;0.9661;0.878;0.0704;2.3093;2.3347;0.0141;-0.0019;0.3029;0.0141;0.0501;0.0065;0;0;0.088;1.778;0;0;0;0;0;0;0;0;0;0;0;0;0.0404;0.0128;1.8957;1.8957;0;61.697;61.697;39.297;0.0501;2013.9;941.29;1;0.0297;0.0297;0;0;0;0;0;0;1.866;1.778;0;15.437;17.876;14.479;16.767;98.435;98.435;19.475;15.987;14.994;3.4881;0.9923;0.1791;0.051;0.7699;25.305;0.7428;0
08/04/21 10:00;42.51;-30.863;39.255;60.767;29.233;-90;-29.233;681.89;119.6;562.29;24.44;1.57;0;644.36;43.557;83.749;0;8.6845;780.35;0;780.35;644.36;83.749;43.557;8.6845;0.8257;0.0669;0;0.0111;770.95;9.3969;0;0;1.8487;7.5483;760.1;6.2255;4.1306;0.5369;1.3549;0.2031;766.32;4.6257;3.8661;0.5025;0.2502;0.0068;762.45;636.36;82.71;40.103;0.9263;365.19;291.79;119.88;0.605;3.8759;55.753;2.3512;59.024;0;1;0;0;1.1444;0.988;1;1;0.9576;0.1308;0.9919;0.9936;1;0.9673;0.8202;0.994;0.994;1;0.994;0.994;0.9741;0.9207;0.1067;2.2208;2.2931;0.0138;-0.0018;0.305;0.0138;0.0491;0.0091;0;0;0.088;1.7355;0;0;0;0;0;0;0;0;0;0;0;0;0.0395;0.0124;1.8523;1.8523;0;62.573;62.573;38.133;0.0502;1976.7;937.04;1;0.0288;0.0288;0;0;0;0;0;0;1.8235;1.7355;0;15.685;18.163;14.696;17.018;98.447;98.447;18.728;15.62;14.636;3.1079;0.9847;0.1659;0.0526;0.7815;28.558;0.7418;0
08/04/21 11:00;46.904;-10.798;42.154;80.058;9.9421;-90;-9.9421;750.21;131.4;618.8;25.5;1.79;0;628.24;49.261;83.015;0;1.1266;761.64;0;761.64;628.24;83.015;49.261;1.1266;0.8248;0.0662;0;0.0015;760.35;1.287;0;0;0.3515;0.9355;748;7.7895;5.0858;0.672;1.989;0.0426;755.79;4.5621;3.7694;0.4981;0.2935;0.0011;748.21;619.38;81.845;46.627;0.1473;438.27;350.18;142.69;0.0142;4.6813;67.339;0.2112;72.006;0;1;0;0;1.0152;0.9983;1;1;0.9929;0.1696;0.9897;0.9919;1;0.9591;0.7755;0.994;0.994;1;0.994;0.994;0.9821;0.9465;0.1307;2.1676;2.2756;0.0137;-0.0018;0.3066;0.0137;0.0486;0.011;0;0;0.088;1.7161;0;0;0;0;0;0;0;0;0;0;0;0;0.0391;0.0122;1.8325;1.8325;0;63.041;63.041;37.541;0.0502;1960.7;934.63;1;0.0284;0.0284;0;0;0;0;0;0;1.8041;1.7161;0;15.899;18.41;14.889;17.241;98.453;98.453;18.279;15.454;14.472;2.8257;0.9812;0.1546;0.0537;0.7917;29.525;0.7426;0
08/04/21 12:00;46.878;11.039;42.137;79.834;10.166;90;10.166;764.8;132.6;632.2;26.63;2.2;0;642.28;47.885;85.681;0;1.2007;777.05;0;777.05;642.28;85.681;47.885;1.2007;0.8266;0.0632;0;0.0015;775.69;1.3553;0;0;0.3561;0.9992;763.18;7.8573;5.1932;0.6928;1.9262;0.0451;771.04;4.6542;3.8537;0.5141;0.2852;0.0012;763.41;633.24;84.474;45.318;0.1553;446.56;356.81;145.43;0.0151;4.768;68.586;0.2277;73.338;0;1;0;0;1.016;0.9983;1;1;0.9926;0.1679;0.9898;0.9919;1;0.9592;0.7749;0.994;0.994;1;0.994;0.994;0.9822;0.9464;0.1293;2.2114;2.3216;0.014;-0.0019;0.329;0.0139;0.0492;0.0111;0;0;0.088;1.7374;0;0;0;0;0;0;0;0;0;0;0;0;0.0396;0.0126;1.854;1.854;0;64.993;64.993;38.364;0.0503;2000.1;926.98;1;0.0286;0.0286;0;0;0;0;0;0;1.8254;1.7374;0;15.767;18.257;14.775;17.109;98.457;98.457;18.649;15.635;14.652;3.0138;0.9834;0.1616;0.0527;0.7857;28.716;0.737;0
08/04/21 13:00;42.439;31.068;39.208;60.56;29.44;90;29.44;719.6;124.6;595;27.01;2.6101;0;683.22;41.089;92.634;0;9.2918;826.23;0;826.23;683.22;92.634;41.089;9.2918;0.8269;0.061;0;0.0112;816.34;9.8914;0;0;1.7691;8.1222;805.01;6.439;4.3609;0.5913;1.276;0.2108;811.45;4.8981;4.0993;0.5558;0.2359;0.007;807.52;674.76;91.487;37.808;0.9518;384.31;307.07;126.21;0.5851;4.0715;58.567;2.5177;62.054;0;1;0;0;1.1482;0.988;1;1;0.9569;0.1259;0.9921;0.9936;1;0.9674;0.8187;0.994;0.994;1;0.994;0.994;0.9743;0.9201;0.1024;2.3514;2.4277;0.0146;-0.002;0.3663;0.0143;0.0509;0.0094;0;0;0.088;1.8018;0;0;0;0;0;0;0;0;0;0;0;0;0.041;0.0138;1.9195;1.9195;0;67.558;67.558;40.548;0.0504;2091.8;917.61;1;0.0296;0.0296;0;0;0;0;0;0;1.8898;1.8018;0;15.351;17.777;14.41;16.687;98.455;98.455;19.83;16.187;15.195;3.6424;0.9922;0.1837;0.05;0.7663;26.978;0.7277;0
08/04/21 14:00;34.658;47.335;33.88;43.234;46.766;90;46.766;612.19;109.8;502.4;27.63;2.81;0;733.45;32.493;103.99;0;19.285;889.22;0;889.22;733.45;103.99;32.493;19.285;0.8248;0.0582;0;0.0217;868.43;20.787;0;0;2.8453;17.941;859.43;3.7894;2.41;0.3417;0.966;0.0717;863.22;5.2106;4.4007;0.6239;0.1779;0.0081;864.18;726.64;103.02;28.504;1.2643;254.61;203.43;81.286;2.2711;2.9713;42.74;4.7517;43.441;0;1;0;0;1.4525;0.9766;1;1;0.9124;0.0697;0.9956;0.9967;1;0.9672;0.9463;0.994;0.994;1;0.994;0.994;0.9665;0.8772;0.0656;2.5306;2.5581;0.0154;-0.0018;0.4179;0.0149;0.0528;0.0067;0;0;0.088;1.8757;0;0;0;0;0;0;0;0;0;0;0;0;0.0425;0.0152;1.9945;1.9945;0;71.041;71.041;43.411;0.0505;2204;904.94;1;0.0308;0.0308;0;0;0;0;0;0;1.9637;1.8757;0;14.822;17.163;13.939;16.141;98.456;98.456;21.341;16.82;15.818;4.5213;1.0018;0.2119;0.0469;0.7412;24.583;0.7155;0
08/04/21 15:00;24.755;60.152;26.939;27.997;60;90;60;354.01;177.2;176.8;28.2;2.5599;0;376.41;91.695;116.97;0;17.7;602.78;0;602.78;376.41;116.97;91.695;17.7;0.6245;0.1815;0;0.0294;574.69;28.086;0;0;11.528;16.559;567.89;3.3533;0.3482;0.1082;2.8195;0.0774;571.24;3.4482;2.2585;0.7018;0.481;0.0068;571.6;373.81;116.16;76.867;1.0573;109.14;87.2;39.61;15.334;1.8972;27.291;3.7079;13.854;0;1;0;0;1.7027;0.9534;1;1;0.8743;0.0645;0.9941;0.9991;1;0.9646;0.9318;0.994;0.994;1;0.994;0.994;0.9421;0.8383;0.0597;1.7155;1.6901;0.0102;0.0028;0.1897;0.0104;0.0369;0.0046;0;0;0.088;1.2902;0;0;0;0;0;0;0;0;0;0;0;0;0.0297;0.007;1.3988;1.3988;0;56.574;56.574;28.374;0.05;1456.4;960.47;1;0.0207;0.0207;0;0;0;0;0;0;1.3782;1.2902;0;15.334;17.757;14.143;16.378;98.523;98.523;14.467;11.796;10.88;2.6704;0.9163;0.1846;0.0633;0.7521;79.827;0.7274;0
08/04/21 16:00;13.605;70.6;55.216;14.391;22.677;90;22.677;139.01;122.5;16.506;27.04;1.97;0;40.031;111.7;15.309;0;1.0746;168.11;0;168.11;40.031;15.309;111.7;1.0746;0.2381;0.6708;0;0.0064;164.04;4.0764;0;0;3.1662;0.9102;158.19;4.8615;0.8526;0.326;3.6481;0.0348;163.05;0.9842;0.2402;0.0919;0.6512;0.001;158.44;38.938;14.891;104.23;0.1286;70.475;56.309;22.228;0.6308;0.8402;12.087;0.2462;12.296;0;1;0;0;1.2094;0.9758;1;1;0.9717;0.153;0.9702;0.9786;1;0.9662;0.787;0.994;0.994;1;0.994;0.994;0.941;0.9332;0.1197;0.4784;0.4775;0.0029;0.0172;0.0172;0.0031;0.0109;0.0021;0;0;0.088;0.3186;0;0;0;0;0;0;0;0;0;0;0;0;0.0088;0.0008;0.4146;0.4146;0;34.871;34.871;7.8313;0.0495;408.36;1015.2;1;0.008;0.008;0;0;0;0;0;0;0.4066;0.3186;0;16.295;18.869;12.522;14.5;98.069;98.069;4.0347;3.4961;2.6865;0.5386;0.8096;0.1335;0.2007;0.6658;70.363;0.6318;0
08/04/21 17:00;3.9622;78.085;80.353;4.0491;5.8116;90;5.8116;0;0;0;25.21;2.0701;0;0;0;0;0;0;0;0;0;0;0;0;0;1;1;1;1;0;0;0;0;0;0;0;0;0;0;0;0;0;0;0;0;0;0;0;0;0;0;0;0;0;0;0;0;0;0;0;0;0;0;0;1;1;1;1;1;1;1;1;1;1;1;1;1;1;1;1;1;1;1;0;0;0;0;0;0;0;0;0;0.0004;0.088;-0.0884;0;0;0;0;0;0;0;0;0;0;0;0;0;0;0;0;0;0;0;-25.21;0;0;0;0;0.0004;0;0;0;0;0;0;0;-0.0004;-0.0884;0;0;0;0;0;0;0;0;0;-0.7452;0;0.7452;1;1;0;0;0;0
08/04/21 18:00;0;0;90;0;0;90;0;0;0;0;20.98;2.2399;0;0;0;0;0;0;0;0;0;0;0;0;0;1;1;1;1;0;0;0;0;0;0;0;0;0;0;0;0;0;0;0;0;0;0;0;0;0;0;0;0;0;0;0;0;0;0;0;0;0;0;0;1;1;1;1;1;1;1;1;1;1;1;1;1;1;1;1;1;1;1;0;0;0;0;0;0;0;0;0;0.0004;0.088;-0.0884;0;0;0;0;0;0;0;0;0;0;0;0;0;0;0;0;0;0;0;-20.98;0;0;0;0;0.0004;0;0;0;0;0;0;0;-0.0004;-0.0884;0;0;0;0;0;0;0;0;0;-0.7452;0;0.7452;1;1;0;0;0;0
08/04/21 19:00;0;0;90;0;0;90;0;0;0;0;18.2;2.59;0;0;0;0;0;0;0;0;0;0;0;0;0;1;1;1;1;0;0;0;0;0;0;0;0;0;0;0;0;0;0;0;0;0;0;0;0;0;0;0;0;0;0;0;0;0;0;0;0;0;0;0;1;1;1;1;1;1;1;1;1;1;1;1;1;1;1;1;1;1;1;0;0;0;0;0;0;0;0;0;0.0004;0.088;-0.0884;0;0;0;0;0;0;0;0;0;0;0;0;0;0;0;0;0;0;0;-18.2;0;0;0;0;0.0004;0;0;0;0;0;0;0;-0.0004;-0.0884;0;0;0;0;0;0;0;0;0;-0.7452;0;0.7452;1;1;0;0;0;0
08/04/21 20:00;0;0;90;0;0;90;0;0;0;0;17.1;2.91;0;0;0;0;0;0;0;0;0;0;0;0;0;1;1;1;1;0;0;0;0;0;0;0;0;0;0;0;0;0;0;0;0;0;0;0;0;0;0;0;0;0;0;0;0;0;0;0;0;0;0;0;1;1;1;1;1;1;1;1;1;1;1;1;1;1;1;1;1;1;1;0;0;0;0;0;0;0;0;0;0.0004;0.088;-0.0884;0;0;0;0;0;0;0;0;0;0;0;0;0;0;0;0;0;0;0;-17.1;0;0;0;0;0.0004;0;0;0;0;0;0;0;-0.0004;-0.0884;0;0;0;0;0;0;0;0;0;-0.7452;0;0.7452;1;1;0;0;0;0
08/04/21 21:00;0;0;90;0;0;90;0;0;0;0;18.7;3.05;0;0;0;0;0;0;0;0;0;0;0;0;0;1;1;1;1;0;0;0;0;0;0;0;0;0;0;0;0;0;0;0;0;0;0;0;0;0;0;0;0;0;0;0;0;0;0;0;0;0;0;0;1;1;1;1;1;1;1;1;1;1;1;1;1;1;1;1;1;1;1;0;0;0;0;0;0;0;0;0;0.0004;0.088;-0.0884;0;0;0;0;0;0;0;0;0;0;0;0;0;0;0;0;0;0;0;-18.7;0;0;0;0;0.0004;0;0;0;0;0;0;0;-0.0004;-0.0884;0;0;0;0;0;0;0;0;0;-0.7452;0;0.7452;1;1;0;0;0;0
08/04/21 22:00;0;0;90;0;0;90;0;0;0;0;19.1;3.2601;0;0;0;0;0;0;0;0;0;0;0;0;0;1;1;1;1;0;0;0;0;0;0;0;0;0;0;0;0;0;0;0;0;0;0;0;0;0;0;0;0;0;0;0;0;0;0;0;0;0;0;0;1;1;1;1;1;1;1;1;1;1;1;1;1;1;1;1;1;1;1;0;0;0;0;0;0;0;0;0;0.0004;0.088;-0.0884;0;0;0;0;0;0;0;0;0;0;0;0;0;0;0;0;0;0;0;-19.1;0;0;0;0;0.0004;0;0;0;0;0;0;0;-0.0004;-0.0884;0;0;0;0;0;0;0;0;0;-0.7452;0;0.7452;1;1;0;0;0;0
08/04/21 23:00;0;0;90;0;0;90;0;0;0;0;19.3;3.5801;0;0;0;0;0;0;0;0;0;0;0;0;0;1;1;1;1;0;0;0;0;0;0;0;0;0;0;0;0;0;0;0;0;0;0;0;0;0;0;0;0;0;0;0;0;0;0;0;0;0;0;0;1;1;1;1;1;1;1;1;1;1;1;1;1;1;1;1;1;1;1;0;0;0;0;0;0;0;0;0;0.0004;0.088;-0.0884;0;0;0;0;0;0;0;0;0;0;0;0;0;0;0;0;0;0;0;-19.3;0;0;0;0;0.0004;0;0;0;0;0;0;0;-0.0004;-0.0884;0;0;0;0;0;0;0;0;0;-0.7452;0;0.7452;1;1;0;0;0;0
09/04/21 00:00;0;0;90;0;0;90;0;0;0;0;18.9;3.88;0;0;0;0;0;0;0;0;0;0;0;0;0;1;1;1;1;0;0;0;0;0;0;0;0;0;0;0;0;0;0;0;0;0;0;0;0;0;0;0;0;0;0;0;0;0;0;0;0;0;0;0;1;1;1;1;1;1;1;1;1;1;1;1;1;1;1;1;1;1;1;0;0;0;0;0;0;0;0;0;0.0004;0.088;-0.0884;0;0;0;0;0;0;0;0;0;0;0;0;0;0;0;0;0;0;0;-18.9;0;0;0;0;0.0004;0;0;0;0;0;0;0;-0.0004;-0.0884;0;0;0;0;0;0;0;0;0;-0.7452;0;0.7452;1;1;0;0;0;0
09/04/21 01:00;0;0;90;0;0;90;0;0;0;0;18.5;3.96;0;0;0;0;0;0;0;0;0;0;0;0;0;1;1;1;1;0;0;0;0;0;0;0;0;0;0;0;0;0;0;0;0;0;0;0;0;0;0;0;0;0;0;0;0;0;0;0;0;0;0;0;1;1;1;1;1;1;1;1;1;1;1;1;1;1;1;1;1;1;1;0;0;0;0;0;0;0;0;0;0.0004;0.088;-0.0884;0;0;0;0;0;0;0;0;0;0;0;0;0;0;0;0;0;0;0;-18.5;0;0;0;0;0.0004;0;0;0;0;0;0;0;-0.0004;-0.0884;0;0;0;0;0;0;0;0;0;-0.7452;0;0.7452;1;1;0;0;0;0
09/04/21 02:00;0;0;90;0;0;90;0;0;0;0;16.83;4.1;0;0;0;0;0;0;0;0;0;0;0;0;0;1;1;1;1;0;0;0;0;0;0;0;0;0;0;0;0;0;0;0;0;0;0;0;0;0;0;0;0;0;0;0;0;0;0;0;0;0;0;0;1;1;1;1;1;1;1;1;1;1;1;1;1;1;1;1;1;1;1;0;0;0;0;0;0;0;0;0;0.0004;0.088;-0.0884;0;0;0;0;0;0;0;0;0;0;0;0;0;0;0;0;0;0;0;-16.83;0;0;0;0;0.0004;0;0;0;0;0;0;0;-0.0004;-0.0884;0;0;0;0;0;0;0;0;0;-0.7452;0;0.7452;1;1;0;0;0;0
09/04/21 03:00;0;0;90;0;0;90;0;0;0;0;16.44;3.9199;0;0;0;0;0;0;0;0;0;0;0;0;0;1;1;1;1;0;0;0;0;0;0;0;0;0;0;0;0;0;0;0;0;0;0;0;0;0;0;0;0;0;0;0;0;0;0;0;0;0;0;0;1;1;1;1;1;1;1;1;1;1;1;1;1;1;1;1;1;1;1;0;0;0;0;0;0;0;0;0;0.0004;0.088;-0.0884;0;0;0;0;0;0;0;0;0;0;0;0;0;0;0;0;0;0;0;-16.44;0;0;0;0;0.0004;0;0;0;0;0;0;0;-0.0004;-0.0884;0;0;0;0;0;0;0;0;0;-0.7452;0;0.7452;1;1;0;0;0;0
09/04/21 04:00;0;0;90;0;0;90;0;0;0;0;18.07;3.86;0;0;0;0;0;0;0;0;0;0;0;0;0;1;1;1;1;0;0;0;0;0;0;0;0;0;0;0;0;0;0;0;0;0;0;0;0;0;0;0;0;0;0;0;0;0;0;0;0;0;0;0;1;1;1;1;1;1;1;1;1;1;1;1;1;1;1;1;1;1;1;0;0;0;0;0;0;0;0;0;0.0004;0.088;-0.0884;0;0;0;0;0;0;0;0;0;0;0;0;0;0;0;0;0;0;0;-18.07;0;0;0;0;0.0004;0;0;0;0;0;0;0;-0.0004;-0.0884;0;0;0;0;0;0;0;0;0;-0.7452;0;0.7452;1;1;0;0;0;0
09/04/21 05:00;0;0;90;0;0;90;0;0;0;0;17.86;3.85;0;0;0;0;0;0;0;0;0;0;0;0;0;1;1;1;1;0;0;0;0;0;0;0;0;0;0;0;0;0;0;0;0;0;0;0;0;0;0;0;0;0;0;0;0;0;0;0;0;0;0;0;1;1;1;1;1;1;1;1;1;1;1;1;1;1;1;1;1;1;1;0;0;0;0;0;0;0;0;0;0.0004;0.088;-0.0884;0;0;0;0;0;0;0;0;0;0;0;0;0;0;0;0;0;0;0;-17.86;0;0;0;0;0.0004;0;0;0;0;0;0;0;-0.0004;-0.0884;0;0;0;0;0;0;0;0;0;-0.7452;0;0.7452;1;1;0;0;0;0
09/04/21 06:00;3.9343;-77.643;80.421;4.0273;5.7798;-90;-5.7798;4.7078;4.7031;0.0047;16.8;4.2299;0;0.0114;4.6909;0.0006;0;0.0024;4.7053;4.7053;0;0.0114;0;0;0;1;1;1;1;0;0;0;0;0;0;0;0;0;0;0;0;0;0;0;0;0;0;0;0;0;0;0;0;0;0;0;0;0;0;0;0;0;0;0;0;1;1;1;1;1;1;1;1;1;1;1;0;1;0;0;1;0;0;0;0;0;0;0;0;0;0;0;0.0004;0.088;-0.0884;0;0;0;0;0;0;0;0;0;0;0;0;0;0;0;0;0;0;0;-16.8;0;0;0;0;0.0004;0;0;0;0;0;0;0;-0.0004;-0.0884;0;0;0;0;0;0;0;0;0;-0.7452;0;0.7452;1;1;0;0;0;0
09/04/21 07:00;13.556;-70.148;55.357;14.378;22.652;-90;-22.652;155.2;71.801;83.401;17.64;3.79;0;202.27;50.985;45.525;0;1.1972;299.98;0;299.98;202.27;45.525;50.985;1.1972;0.6743;0.174;0;0.004;297.53;2.4478;0;0;1.4382;1.0097;288.68;7.0685;4.3778;0.9853;1.666;0.0394;295.75;1.7852;1.2136;0.2732;0.2973;0.0011;288.79;196.68;44.267;47.583;0.147;32.613;26.058;10.364;0.2869;0.3835;5.516;0.1121;5.6126;0;1;0;0;1.9328;0.9918;1;1;0.9718;0.1566;0.9761;0.9782;1;0.9662;0.7887;0.994;0.994;1;0.994;0.994;0.9623;0.9333;0.1228;0.8537;0.8373;0.005;0.0143;0.0204;0.0056;0.0198;0.001;0;0;0.088;0.6527;0;0;0;0;0;0;0;0;0;0;0;0;0.0159;0.002;0.7532;0.7532;0;31.825;31.825;14.185;0.0491;718.78;1047.9;1;0.0126;0.0126;0;0;0;0;0;0;0.7407;0.6527;0;16.592;19.213;14.377;16.648;98.334;98.334;7.1995;6.352;5.5041;0.8475;0.848;0.1177;0.1178;0.7645;32.112;0.7541;0
09/04/21 08:00;24.664;-59.676;27.378;28.012;60;-90;-60;300.89;146.5;154.39;20.22;4.3199;0;328.53;80.01;84.741;0;15.045;508.32;0;508.32;328.53;84.741;80.01;15.045;0.6463;0.187;0;0.0296;484.3;24.027;0;0;10.024;14.003;478.47;2.917;0.3088;0.0797;2.4613;0.0672;481.39;2.9058;1.9712;0.5084;0.4199;0.0062;481.67;326.25;84.153;67.105;0.9679;94.321;75.362;34.257;13.38;1.6464;23.682;3.1998;11.949;0;1;0;0;1.6894;0.9527;1;1;0.8747;0.0692;0.9939;0.9991;1;0.9646;0.9351;0.994;0.994;1;0.994;0.994;0.9413;0.8387;0.0643;1.4466;1.4255;0.0086;0.0061;0.0954;0.0092;0.0327;0.0041;0;0;0.088;1.1309;0;0;0;0;0;0;0;0;0;0;0;0;0.0263;0.0051;1.238;1.238;0;43.895;43.895;23.675;0.0495;1227.2;1008.8;1;0.0191;0.0191;0;0;0;0;0;0;1.2189;1.1309;0;16.093;18.635;14.701;17.023;98.456;98.456;12.2;10.44;9.5366;1.7598;0.9033;0.1443;0.074;0.7817;69.675;0.7554;0
09/04/21 09:00;34.505;-46.832;34.318;43.305;46.695;-90;-46.695;403.29;222.8;180.49;21.26;5.71;0;263.15;143.84;76.045;0;12.668;495.71;0;495.71;263.15;76.045;143.84;12.668;0.5309;0.3157;0;0.0256;471.46;24.25;0;0;12.527;11.723;463.1;5.529;0.9316;0.2692;4.2787;0.0494;468.63;2.8288;1.5789;0.4563;0.7879;0.0057;466.91;260.64;75.319;126.25;0.8899;202.23;161.58;67.356;9.9831;2.7103;38.987;3.8131;31.714;0;1;0;0;1.2292;0.9511;1;1;0.9129;0.0746;0.9882;0.9964;1;0.9672;0.9474;0.994;0.994;1;0.994;0.994;0.9342;0.8777;0.0702;1.4107;1.414;0.0085;0.0063;0.0962;0.0091;0.0323;0.0068;0;0;0.088;1.1168;0;0;0;0;0;0;0;0;0;0;0;0;0.0261;0.005;1.2236;1.2236;0;44.184;44.184;22.924;0.0495;1215.9;1006.4;1;0.0189;0.0189;0;0;0;0;0;0;1.2048;1.1168;0;16.312;18.888;14.887;17.239;98.458;98.458;11.897;10.319;9.4179;1.5779;0.9012;0.1326;0.0758;0.7916;108.76;0.7476;0
09/04/21 10:00;42.202;-30.564;39.632;60.719;29.281;-90;-29.281;745.21;123;622.2;21.61;6.9201;0;713.35;36.784;95.969;0;9.5216;855.62;0;855.62;713.35;95.969;36.784;9.5216;0.8337;0.0541;0;0.0111;845.78;9.8431;0;0;1.5653;8.2778;833.98;6.7312;4.7292;0.6362;1.1439;0.222;840.71;5.0747;4.2801;0.5758;0.2113;0.0075;836.55;704.34;94.757;33.864;1.0144;397.97;317.98;130.69;0.5144;4.211;60.574;2.5727;64.271;0;1;0;0;1.1482;0.9885;1;1;0.9574;0.1306;0.992;0.9933;1;0.9673;0.8205;0.994;0.994;1;0.994;0.994;0.9747;0.9206;0.1065;2.435;2.5148;0.0151;-0.0019;0.3418;0.0151;0.0536;0.0099;0;0;0.088;1.9033;0;0;0;0;0;0;0;0;0;0;0;0;0.0432;0.0147;2.0233;2.0233;0;63.474;63.474;41.864;0.0502;2166.7;933.8;1;0.0319;0.0319;0;0;0;0;0;0;1.9913;1.9033;0;15.625;18.094;14.699;17.022;98.423;98.423;20.535;17.062;16.051;3.4727;1.0113;0.1691;0.0492;0.7816;24.126;0.7423;0
09/04/21 11:00;46.548;-10.612;42.531;80.103;9.8968;-90;-9.8968;825.9;136.3;689.61;22.28;7.94;0;700.02;40.863;96.566;0;1.229;838.68;0;838.68;700.02;96.566;40.863;1.229;0.8347;0.0502;0;0.0015;837.37;1.31;0;0;0.2894;1.0206;824.02;8.3209;5.8204;0.8029;1.6511;0.0465;832.35;5.0242;4.2001;0.5794;0.2434;0.0013;824.26;690;95.183;38.679;0.1607;482.38;385.42;157.21;0.0117;5.142;73.965;0.2303;79.096;0;1;0;0;1.0155;0.9984;1;1;0.9929;0.1696;0.99;0.9916;1;0.9591;0.7755;0.994;0.994;1;0.994;0.994;0.9825;0.9466;0.1307;2.3868;2.5064;0.0151;-0.002;0.3423;0.0151;0.0534;0.0121;0;0;0.088;1.8932;0;0;0;0;0;0;0;0;0;0;0;0;0.043;0.0146;2.0128;2.0128;0;63.651;63.651;41.371;0.0502;2158.4;932.59;1;0.0317;0.0317;0;0;0;0;0;0;1.9812;1.8932;0;15.859;18.365;14.916;17.273;98.425;98.425;20.128;16.975;15.965;3.1537;1.0094;0.1567;0.0501;0.7932;24.489;0.744;0
09/04/21 12:00;46.5;11.056;42.499;79.686;10.314;90;10.314;609.4;251.2;358.2;22.42;8.3799;0;364.09;158.76;92.637;0;0.9847;616.47;0;616.47;364.09;92.637;158.76;0.9847;0.5906;0.2591;0;0.0016;614.44;2.0288;0;0;1.2095;0.8193;600.56;10.197;3.0206;0.7685;6.371;0.037;610.76;3.6867;2.1845;0.5558;0.9453;0.001;600.74;358.88;91.313;150.24;0.1273;357.19;285.4;114.89;0.0521;3.9096;56.238;0.185;60.095;0;1;0;0;1.0116;0.9967;1;1;0.9924;0.1679;0.9833;0.9917;1;0.9593;0.7748;0.994;0.994;1;0.994;0.994;0.9742;0.9463;0.1293;1.7544;1.8314;0.011;0.0012;0.1769;0.0115;0.0408;0.0096;0;0;0.088;1.4279;0;0;0;0;0;0;0;0;0;0;0;0;0.0328;0.0081;1.5396;1.5396;0;52.314;52.314;29.894;0.0498;1574.9;977.53;1;0.0236;0.0236;0;0;0;0;0;0;1.5159;1.4279;0;16.502;19.109;15.306;17.724;98.466;98.466;14.795;12.983;12.042;1.8121;0.9413;0.1225;0.0636;0.8139;95.243;0.7619;0
09/04/21 13:00;42.072;30.941;39.544;60.335;29.665;90;29.665;518.8;280.2;238.6;22.58;8.07;0;274.59;193.33;84.365;0;6.7999;559.09;0;559.09;274.59;84.365;193.33;6.7999;0.4911;0.358;0;0.0122;544.71;14.377;0;0;8.4262;5.9505;532.93;8.5095;1.8063;0.555;5.9963;0.1519;541.44;3.2683;1.6475;0.5062;1.1094;0.0051;534.88;271.14;83.304;177.8;0.6924;291.76;233.12;95.26;2.8174;3.2817;47.205;1.947;47.67;0;1;0;0;1.0777;0.9743;1;1;0.9564;0.1249;0.9843;0.9934;1;0.9674;0.8201;0.994;0.994;1;0.994;0.994;0.9532;0.9197;0.1018;1.5911;1.6249;0.0098;0.0035;0.1383;0.0103;0.0366;0.0081;0;0;0.088;1.2734;0;0;0;0;0;0;0;0;0;0;0;0;0.0295;0.0065;1.3823;1.3823;0;49.049;49.049;26.469;0.0497;1396.8;989.62;1;0.0209;0.0209;0;0;0;0;0;0;1.3614;1.2734;0;16.338;18.919;15.05;17.428;98.488;98.488;13.418;11.657;10.739;1.761;0.9184;0.1312;0.0684;0.8003;127.14;0.7527;0
09/04/21 14:00;34.319;47.13;34.187;42.966;47.034;90;47.034;631.3;104.3;527;22.27;7.6;0;773.22;27.469;105.1;0;20.103;925.89;0;925.89;773.22;105.1;27.469;20.103;0.8351;0.0514;0;0.0217;904.75;21.135;0;0;2.4254;18.709;895.39;3.9322;2.6785;0.3641;0.8167;0.0728;899.32;5.4285;4.6393;0.6306;0.1503;0.0084;900.15;765.9;104.1;24.076;1.3123;259.09;207.01;83.494;1.9591;2.9502;42.438;4.7533;43.429;0;1;0;0;1.4666;0.9772;1;1;0.9117;0.0693;0.9956;0.9965;1;0.9672;0.9474;0.994;0.994;1;0.994;0.994;0.9671;0.8765;0.0653;2.635;2.6604;0.016;-0.0015;0.3985;0.0157;0.0558;0.0068;0;0;0.088;1.9864;0;0;0;0;0;0;0;0;0;0;0;0;0.0449;0.0164;2.1077;2.1077;0;67.359;67.359;45.089;0.0504;2292.2;919.51;1;0.0333;0.0333;0;0;0;0;0;0;2.0744;1.9864;0;15.042;17.419;14.177;16.417;98.422;98.422;22.221;17.775;16.752;4.4467;1.0227;0.2001;0.046;0.7539;20.835;0.7289;0
09/04/21 15:00;24.444;59.914;27.242;27.714;60;90;60;393.6;136.1;257.5;21.79;7.03;0;553.26;55.405;133.69;0;19.68;762.04;0;762.04;553.26;133.69;55.405;19.68;0.726;0.0985;0;0.0258;736.67;25.376;0;0;6.9654;18.411;729.81;2.4322;0.5175;0.125;1.7037;0.086;732.25;4.42;3.3196;0.8022;0.2906;0.0076;732.91;549.43;132.77;46.445;1.1756;86.102;68.796;30.67;9.2676;1.3505;19.427;3.0918;11.51;0;1;0;0;1.9361;0.9667;1;1;0.8743;0.0645;0.9967;0.9991;1;0.9646;0.9318;0.994;0.994;1;0.994;0.994;0.9577;0.8383;0.0597;2.1687;2.1358;0.0129;-0.0012;0.2513;0.0131;0.0465;0.0032;0;0;0.088;1.6463;0;0;0;0;0;0;0;0;0;0;0;0;0.0375;0.0108;1.7617;1.7617;0;58.276;58.276;36.487;0.05;1843.7;955.5;1;0.0274;0.0274;0;0;0;0;0;0;1.7343;1.6463;0;15.276;17.69;14.275;16.531;98.444;98.444;18.289;14.856;13.883;3.4325;0.9733;0.1877;0.0532;0.7591;48.234;0.7449;0
09/04/21 16:00;13.316;70.348;56.042;14.107;22.13;90;22.13;191.69;118.7;72.996;20.42;5.0299;0;177.04;87.703;67.035;0;1.4122;333.19;0;333.19;177.04;67.035;87.703;1.4122;0.5313;0.2675;0;0.0042;329.6;3.5838;0;0;2.3905;1.1933;318.98;8.6421;4.1464;1.5701;2.8789;0.0468;327.62;1.9776;1.0622;0.4022;0.5119;0.0013;319.16;171.83;65.063;81.922;0.1708;55.577;44.406;17.569;0.4536;0.6572;9.4537;0.1815;9.6573;0;1;0;0;1.7381;0.9892;1;1;0.9727;0.155;0.9736;0.9764;1;0.9661;0.7851;0.994;0.994;1;0.994;0.994;0.9574;0.9341;0.121;0.9482;0.9321;0.0056;0.0131;0.0371;0.0061;0.0218;0.0017;0;0;0.088;0.7254;0;0;0;0;0;0;0;0;0;0;0;0;0.0175;0.0024;0.8268;0.8268;0;36.14;36.14;15.72;0.0493;801.3;1031.8;1;0.0134;0.0134;0;0;0;0;0;0;0.8134;0.7254;0;16.397;18.988;14.387;16.659;98.383;98.383;7.9965;6.9723;6.1174;1.0241;0.8549;0.1281;0.1069;0.765;55.084;0.7491;0
09/04/21 17:00;3.8849;77.68;80.542;3.9762;5.7055;90;5.7055;4.1023;4.0974;0.0048;18.16;3.6699;0;0.0117;4.0871;0.0005;0;0.002;4.1013;4.1013;0;0.0117;0;0;0;1;1;1;1;0;0;0;0;0;0;0;0;0;0;0;0;0;0;0;0;0;0;0;0;0;0;0;0;0;0;0;0;0;0;0;0;0;0;0;0;1;1;1;1;1;1;1;1;1;1;1;0;1;0;0;1;0;0;0;0;0;0;0;0;0;0;0;0.0004;0.088;-0.0884;0;0;0;0;0;0;0;0;0;0;0;0;0;0;0;0;0;0;0;-18.16;0;0;0;0;0.0004;0;0;0;0;0;0;0;-0.0004;-0.0884;0;0;0;0;0;0;0;0;0;-0.7452;0;0.7452;1;1;0;0;0;0
09/04/21 18:00;0;0;90;0;0;90;0;0;0;0;16.03;3.2699;0;0;0;0;0;0;0;0;0;0;0;0;0;1;1;1;1;0;0;0;0;0;0;0;0;0;0;0;0;0;0;0;0;0;0;0;0;0;0;0;0;0;0;0;0;0;0;0;0;0;0;0;1;1;1;1;1;1;1;1;1;1;1;1;1;1;1;1;1;1;1;0;0;0;0;0;0;0;0;0;0.0004;0.088;-0.0884;0;0;0;0;0;0;0;0;0;0;0;0;0;0;0;0;0;0;0;-16.03;0;0;0;0;0.0004;0;0;0;0;0;0;0;-0.0004;-0.0884;0;0;0;0;0;0;0;0;0;-0.7452;0;0.7452;1;1;0;0;0;0
09/04/21 19:00;0;0;90;0;0;90;0;0;0;0;14.83;3.06;0;0;0;0;0;0;0;0;0;0;0;0;0;1;1;1;1;0;0;0;0;0;0;0;0;0;0;0;0;0;0;0;0;0;0;0;0;0;0;0;0;0;0;0;0;0;0;0;0;0;0;0;1;1;1;1;1;1;1;1;1;1;1;1;1;1;1;1;1;1;1;0;0;0;0;0;0;0;0;0;0.0004;0.088;-0.0884;0;0;0;0;0;0;0;0;0;0;0;0;0;0;0;0;0;0;0;-14.83;0;0;0;0;0.0004;0;0;0;0;0;0;0;-0.0004;-0.0884;0;0;0;0;0;0;0;0;0;-0.7452;0;0.7452;1;1;0;0;0;0
09/04/21 20:00;0;0;90;0;0;90;0;0;0;0;13.62;2.9401;0;0;0;0;0;0;0;0;0;0;0;0;0;1;1;1;1;0;0;0;0;0;0;0;0;0;0;0;0;0;0;0;0;0;0;0;0;0;0;0;0;0;0;0;0;0;0;0;0;0;0;0;1;1;1;1;1;1;1;1;1;1;1;1;1;1;1;1;1;1;1;0;0;0;0;0;0;0;0;0;0.0004;0.088;-0.0884;0;0;0;0;0;0;0;0;0;0;0;0;0;0;0;0;0;0;0;-13.62;0;0;0;0;0.0004;0;0;0;0;0;0;0;-0.0004;-0.0884;0;0;0;0;0;0;0;0;0;-0.7452;0;0.7452;1;1;0;0;0;0
09/04/21 21:00;0;0;90;0;0;90;0;0;0;0;12.4;2.8799;0;0;0;0;0;0;0;0;0;0;0;0;0;1;1;1;1;0;0;0;0;0;0;0;0;0;0;0;0;0;0;0;0;0;0;0;0;0;0;0;0;0;0;0;0;0;0;0;0;0;0;0;1;1;1;1;1;1;1;1;1;1;1;1;1;1;1;1;1;1;1;0;0;0;0;0;0;0;0;0;0.0004;0.088;-0.0884;0;0;0;0;0;0;0;0;0;0;0;0;0;0;0;0;0;0;0;-12.4;0;0;0;0;0.0004;0;0;0;0;0;0;0;-0.0004;-0.0884;0;0;0;0;0;0;0;0;0;-0.7452;0;0.7452;1;1;0;0;0;0
09/04/21 22:00;0;0;90;0;0;90;0;0;0;0;10.15;2.7999;0;0;0;0;0;0;0;0;0;0;0;0;0;1;1;1;1;0;0;0;0;0;0;0;0;0;0;0;0;0;0;0;0;0;0;0;0;0;0;0;0;0;0;0;0;0;0;0;0;0;0;0;1;1;1;1;1;1;1;1;1;1;1;1;1;1;1;1;1;1;1;0;0;0;0;0;0;0;0;0;0.0004;0.088;-0.0884;0;0;0;0;0;0;0;0;0;0;0;0;0;0;0;0;0;0;0;-10.15;0;0;0;0;0.0004;0;0;0;0;0;0;0;-0.0004;-0.0884;0;0;0;0;0;0;0;0;0;-0.7452;0;0.7452;1;1;0;0;0;0
09/04/21 23:00;0;0;90;0;0;90;0;0;0;0;9.3399;2.7199;0;0;0;0;0;0;0;0;0;0;0;0;0;1;1;1;1;0;0;0;0;0;0;0;0;0;0;0;0;0;0;0;0;0;0;0;0;0;0;0;0;0;0;0;0;0;0;0;0;0;0;0;1;1;1;1;1;1;1;1;1;1;1;1;1;1;1;1;1;1;1;0;0;0;0;0;0;0;0;0;0.0004;0.088;-0.0884;0;0;0;0;0;0;0;0;0;0;0;0;0;0;0;0;0;0;0;-9.3399;0;0;0;0;0.0004;0;0;0;0;0;0;0;-0.0004;-0.0884;0;0;0;0;0;0;0;0;0;-0.7452;0;0.7452;1;1;0;0;0;0
10/04/21 00:00;0;0;90;0;0;90;0;0;0;0;9.2103;2.44;0;0;0;0;0;0;0;0;0;0;0;0;0;1;1;1;1;0;0;0;0;0;0;0;0;0;0;0;0;0;0;0;0;0;0;0;0;0;0;0;0;0;0;0;0;0;0;0;0;0;0;0;1;1;1;1;1;1;1;1;1;1;1;1;1;1;1;1;1;1;1;0;0;0;0;0;0;0;0;0;0.0004;0.088;-0.0884;0;0;0;0;0;0;0;0;0;0;0;0;0;0;0;0;0;0;0;-9.2103;0;0;0;0;0.0004;0;0;0;0;0;0;0;-0.0004;-0.0884;0;0;0;0;0;0;0;0;0;-0.7452;0;0.7452;1;1;0;0;0;0
10/04/21 01:00;0;0;90;0;0;90;0;0;0;0;10.4;2.4699;0;0;0;0;0;0;0;0;0;0;0;0;0;1;1;1;1;0;0;0;0;0;0;0;0;0;0;0;0;0;0;0;0;0;0;0;0;0;0;0;0;0;0;0;0;0;0;0;0;0;0;0;1;1;1;1;1;1;1;1;1;1;1;1;1;1;1;1;1;1;1;0;0;0;0;0;0;0;0;0;0.0004;0.088;-0.0884;0;0;0;0;0;0;0;0;0;0;0;0;0;0;0;0;0;0;0;-10.4;0;0;0;0;0.0004;0;0;0;0;0;0;0;-0.0004;-0.0884;0;0;0;0;0;0;0;0;0;-0.7452;0;0.7452;1;1;0;0;0;0
10/04/21 02:00;0;0;90;0;0;90;0;0;0;0;10.92;2.2499;0;0;0;0;0;0;0;0;0;0;0;0;0;1;1;1;1;0;0;0;0;0;0;0;0;0;0;0;0;0;0;0;0;0;0;0;0;0;0;0;0;0;0;0;0;0;0;0;0;0;0;0;1;1;1;1;1;1;1;1;1;1;1;1;1;1;1;1;1;1;1;0;0;0;0;0;0;0;0;0;0.0004;0.088;-0.0884;0;0;0;0;0;0;0;0;0;0;0;0;0;0;0;0;0;0;0;-10.92;0;0;0;0;0.0004;0;0;0;0;0;0;0;-0.0004;-0.0884;0;0;0;0;0;0;0;0;0;-0.7452;0;0.7452;1;1;0;0;0;0
10/04/21 03:00;0;0;90;0;0;90;0;0;0;0;11.3;2.28;0;0;0;0;0;0;0;0;0;0;0;0;0;1;1;1;1;0;0;0;0;0;0;0;0;0;0;0;0;0;0;0;0;0;0;0;0;0;0;0;0;0;0;0;0;0;0;0;0;0;0;0;1;1;1;1;1;1;1;1;1;1;1;1;1;1;1;1;1;1;1;0;0;0;0;0;0;0;0;0;0.0004;0.088;-0.0884;0;0;0;0;0;0;0;0;0;0;0;0;0;0;0;0;0;0;0;-11.3;0;0;0;0;0.0004;0;0;0;0;0;0;0;-0.0004;-0.0884;0;0;0;0;0;0;0;0;0;-0.7452;0;0.7452;1;1;0;0;0;0
10/04/21 04:00;0;0;90;0;0;90;0;0;0;0;10.4;2.5;0;0;0;0;0;0;0;0;0;0;0;0;0;1;1;1;1;0;0;0;0;0;0;0;0;0;0;0;0;0;0;0;0;0;0;0;0;0;0;0;0;0;0;0;0;0;0;0;0;0;0;0;1;1;1;1;1;1;1;1;1;1;1;1;1;1;1;1;1;1;1;0;0;0;0;0;0;0;0;0;0.0004;0.088;-0.0884;0;0;0;0;0;0;0;0;0;0;0;0;0;0;0;0;0;0;0;-10.4;0;0;0;0;0.0004;0;0;0;0;0;0;0;-0.0004;-0.0884;0;0;0;0;0;0;0;0;0;-0.7452;0;0.7452;1;1;0;0;0;0
10/04/21 05:00;0;0;90;0;0;90;0;0;0;0;10.66;2.58;0;0;0;0;0;0;0;0;0;0;0;0;0;1;1;1;1;0;0;0;0;0;0;0;0;0;0;0;0;0;0;0;0;0;0;0;0;0;0;0;0;0;0;0;0;0;0;0;0;0;0;0;1;1;1;1;1;1;1;1;1;1;1;1;1;1;1;1;1;1;1;0;0;0;0;0;0;0;0;0;0.0004;0.088;-0.0884;0;0;0;0;0;0;0;0;0;0;0;0;0;0;0;0;0;0;0;-10.66;0;0;0;0;0.0004;0;0;0;0;0;0;0;-0.0004;-0.0884;0;0;0;0;0;0;0;0;0;-0.7452;0;0.7452;1;1;0;0;0;0
10/04/21 06:00;3.7717;-77.303;80.82;3.866;5.5453;-90;-5.5453;8.0092;7.9027;0.1065;10.9;3.54;0;0.2583;7.8748;0.0228;0;0.0037;8.1597;0;8.1597;0.2583;0.0228;7.8748;0.0037;0.0317;0.9656;0;0.0005;8.1349;0.0248;0;0;0.0217;0.0031;7.6493;0.4368;0.0901;0.008;0.3385;0.0001;8.0861;0.0488;0.0015;0.0001;0.0471;0;7.6496;0.1666;0.0147;7.4675;0.0005;4.6806;3.7398;1.431;0.0001;0.056;0.806;0.0003;0.8619;0;1;0;0;1.0188;0.997;1;1;0.9972;0.1677;0.946;0.6489;1;0.9566;0.7766;0.994;0.994;1;0.994;0.994;0.9375;0.9483;0.1294;0.0232;0.0235;0.0001;0.0053;-0.0011;0.0001;0.0005;0.0001;0;0;0.088;-0.0724;0;0;0;0;0;0;0;0;0;0;0;0;0.0004;0;0.018;0.018;0;11.289;11.289;0.3887;0.0508;18.34;981.54;1;0.0024;0.0024;0;0;0;0;0;0;0.0156;-0.0724;0;14.578;16.881;-58.603;-67.861;86.858;86.858;0.1958;0.1518;-0.6103;0.044;0.7621;0.2248;3.8914;0;4.6801;0;0
10/04/21 07:00;13.377;-69.808;55.869;14.218;22.343;-90;-22.343;210.99;34.803;176.19;11.64;5.0199;0;427.31;14.743;47.257;0;1.584;490.89;0;490.89;427.31;47.257;14.743;1.584;0.8705;0.0333;0;0.0032;489.15;1.741;0;0;0.4068;1.3342;474.79;11.43;9.8093;1.0848;0.4831;0.0528;486.22;2.9349;2.5639;0.2835;0.086;0.0015;474.82;414.94;45.889;13.767;0.1956;10.229;8.173;3.3878;0.0793;0.1107;1.5918;0.0313;1.6232;0;1;0;0;2.3266;0.9965;1;1;0.9724;0.1577;0.9765;0.9769;1;0.9661;0.7876;0.994;0.994;1;0.994;0.994;0.9672;0.9338;0.1235;1.397;1.3617;0.0082;0.007;0.0479;0.0091;0.0322;0.0003;0;0;0.088;1.1188;0;0;0;0;0;0;0;0;0;0;0;0;0.026;0.0047;1.2263;1.2263;0;34.961;34.961;23.321;0.0491;1172.7;1045.7;1;0.0195;0.0195;0;0;0;0;0;0;1.2068;1.1188;0;16.508;19.116;15.06;17.439;98.408;98.408;11.781;10.342;9.435;1.4397;0.9068;0.1222;0.077;0.8008;9.2703;0.7989;0
10/04/21 08:00;24.454;-59.333;27.74;27.866;60;-90;-60;181.3;163.6;17.703;12.16;6.4599;0;37.849;118.84;10.996;0;9.065;176.75;0;176.75;37.849;10.996;118.84;9.065;0.2141;0.7237;0;0.0513;153.42;23.326;0;0;14.889;8.4376;148.76;3.7429;0.036;0.0105;3.6559;0.0405;152.5;0.9205;0.2271;0.066;0.6237;0.0038;152.29;37.586;10.92;99.673;0.5832;106.29;84.93;39.166;19.87;2.1304;30.646;3.532;12.906;0;1;0;0;0.9749;0.868;1;1;0.8747;0.0692;0.9755;0.999;1;0.9646;0.9351;0.994;0.994;1;0.994;0.994;0.8416;0.8387;0.0643;0.503;0.4971;0.003;0.0172;-0.0099;0.0034;0.0121;0.0057;0;0;0.088;0.3581;0;0;0;0;0;0;0;0;0;0;0;0;0.0097;0.0008;0.4551;0.4551;0;19.433;19.433;7.2733;0.0489;423.05;1075.9;1;0.009;0.009;0;0;0;0;0;0;0.4461;0.3581;0;17.016;19.704;13.388;15.503;98.015;98.015;4.242;3.8382;3.0199;0.4038;0.8183;0.0952;0.1929;0.7119;103.49;0.6301;0
10/04/21 09:00;34.251;-46.495;34.683;43.191;46.809;-90;-46.809;243.91;224.4;19.512;13.37;7.21;0;28.509;184.17;8.3559;0;7.6969;228.74;0;228.74;28.509;8.3559;184.17;7.6969;0.1246;0.8388;0;0.0336;205.52;23.22;0;0;16.096;7.124;198.64;5.6466;0.107;0.0314;5.4786;0.0297;204.28;1.2331;0.1711;0.0501;1.0085;0.0034;201.51;28.231;8.2744;161.59;0.5398;149.51;119.46;51.645;12.888;2.2415;32.244;2.8711;21.597;0;1;0;0;0.9378;0.8985;1;1;0.9126;0.0744;0.9724;0.9962;1;0.9672;0.9479;0.994;0.994;1;0.994;0.994;0.8684;0.8774;0.0701;0.651;0.6411;0.0039;0.0164;-0.0044;0.0044;0.0155;0.006;0;0;0.088;0.4872;0;0;0;0;0;0;0;0;0;0;0;0;0.0125;0.0012;0.5857;0.5857;0;23.087;23.087;9.7173;0.0489;546.83;1071;1;0.0105;0.0105;0;0;0;0;0;0;0.5752;0.4872;0;16.919;19.592;14.075;16.299;98.215;98.215;5.4897;4.939;4.1087;0.5507;0.8303;0.1003;0.1512;0.7484;139.4;0.677;0
10/04/21 10:00;41.896;-30.27;40.006;60.669;29.331;-90;-29.331;463.01;282.5;180.51;14.39;7.19;0;207.05;211.85;64.393;0;5.9356;489.23;0;489.23;207.05;64.393;211.85;5.9356;0.4232;0.4452;0;0.0121;475.03;14.201;0;0;9.0398;5.1615;463.6;8.5826;1.4177;0.4409;6.5861;0.1379;472.18;2.8502;1.2423;0.3864;1.2169;0.0046;465.31;204.39;63.565;195.01;0.6316;264.27;211.15;86.071;2.9679;3.0132;43.344;1.7157;43.389;0;1;0;0;1.0566;0.971;1;1;0.9573;0.1304;0.9818;0.9931;1;0.9673;0.8208;0.994;0.994;1;0.994;0.994;0.9476;0.9205;0.1064;1.3923;1.4181;0.0085;0.0062;0.0611;0.0094;0.0333;0.0078;0;0;0.088;1.152;0;0;0;0;0;0;0;0;0;0;0;0;0.0268;0.005;1.2599;1.2599;0;37.206;37.206;22.816;0.0492;1218.2;1034.2;1;0.0198;0.0198;0;0;0;0;0;0;1.24;1.152;0;17.017;19.705;15.56;18.018;98.425;98.425;11.742;10.625;9.7152;1.1169;0.9095;0.0951;0.0775;0.8274;139;0.776;0
10/04/21 11:00;46.193;-10.431;42.906;80.148;9.8524;-90;-9.8524;244.3;237.7;6.599;14.6;6.88;0;6.6977;234.36;1.6218;0;0.3603;243.04;0;243.04;6.6977;1.6218;234.36;0.3603;0.0276;0.9658;0;0.0015;241.1;1.9464;0;0;1.6472;0.2992;230.09;9.5609;0.0571;0.0138;9.4762;0.0136;239.65;1.4466;0.0402;0.0097;1.3963;0.0004;230.15;6.6004;1.5982;221.84;0.0471;145.22;116.03;44.655;0.0642;1.7257;24.823;0.0616;26.484;0;1;0;0;0.9949;0.992;1;1;0.993;0.1696;0.9601;0.9914;1;0.959;0.7755;0.994;0.994;1;0.994;0.994;0.9467;0.9466;0.1307;0.6917;0.7082;0.0043;0.0158;0.0022;0.0048;0.017;0.0046;0;0;0.088;0.5452;0;0;0;0;0;0;0;0;0;0;0;0;0.0137;0.0015;0.6444;0.6444;0;25.869;25.869;11.269;0.049;605.17;1064.8;1;0.0112;0.0112;0;0;0;0;0;0;0.6332;0.5452;0;17.52;20.288;14.823;17.164;98.259;98.259;5.833;5.4343;4.5976;0.3987;0.8367;0.0684;0.1434;0.7882;140.43;0.7322;0
10/04/21 12:00;46.124;11.071;42.86;79.539;10.461;90;10.461;187.81;184.6;3.2076;15.3;6.9299;0;3.2618;182.47;0.6141;0;0.3121;186.65;0;186.65;3.2618;0.6141;182.47;0.3121;0.0175;0.9792;0;0.0017;184.97;1.6831;0;0;1.4233;0.2597;176.51;7.3491;0.0277;0.0052;7.3044;0.0117;183.86;1.1098;0.0196;0.0037;1.0863;0.0003;176.57;3.2145;0.6052;172.65;0.0404;111.72;89.267;34.712;0.0629;1.3053;18.777;0.0545;20.019;0;1;0;0;0.9939;0.991;1;1;0.9922;0.1679;0.96;0.9914;1;0.9594;0.7748;0.994;0.994;1;0.994;0.994;0.9457;0.9462;0.1293;0.5312;0.5428;0.0033;0.017;-0.002;0.0037;0.013;0.0034;0;0;0.088;0.3957;0;0;0;0;0;0;0;0;0;0;0;0;0.0105;0.0009;0.493;0.493;0;23.95;23.95;8.6498;0.049;463.55;1063.5;1;0.0093;0.0093;0;0;0;0;0;0;0.4837;0.3957;0;17.453;20.21;14.008;16.221;98.111;98.111;4.4797;4.1574;3.3368;0.3223;0.8206;0.0719;0.1832;0.7449;109.5;0.6927;0
10/04/21 13:00;41.708;30.816;39.878;60.109;29.891;90;29.891;134.11;132.4;1.7046;15.43;7.19;0;1.9662;123.36;0.2876;0;1.7839;127.4;0;127.4;1.9662;0.2876;123.36;1.7839;0.0154;0.9823;0;0.014;120.39;7.0046;0;0;5.4418;1.5628;115.8;3.8757;0.0133;0.0019;3.8212;0.0392;119.67;0.7224;0.0118;0.0017;0.7075;0.0013;116.35;1.9411;0.284;113.39;0.1806;82.277;65.739;26.8;1.8449;0.9978;14.353;0.5516;13.506;0;1;0;0;0.95;0.945;1;1;0.9559;0.124;0.9676;0.9932;1;0.9674;0.8215;0.994;0.994;1;0.994;0.994;0.9089;0.9192;0.1012;0.3626;0.3616;0.0022;0.017;-0.0051;0.0024;0.0086;0.0026;0;0;0.088;0.2309;0;0;0;0;0;0;0;0;0;0;0;0;0.0069;0.0005;0.3264;0.3264;0;21.113;21.113;5.683;0.0491;308.04;1059.6;1;0.0075;0.0075;0;0;0;0;0;0;0.3189;0.2309;0;16.93;19.605;11.976;13.868;97.699;97.699;3.0576;2.7526;1.9472;0.3049;0.8055;0.0997;0.2634;0.6368;81.248;0.5873;0
10/04/21 14:00;33.982;46.927;34.492;42.699;47.301;90;47.301;383.8;267.5;116.29;16.82;7.3399;0;171.49;190.12;60.336;0;12.353;434.3;0;434.3;171.49;60.336;190.12;12.353;0.3949;0.4662;0;0.0284;405.87;28.427;0;0;16.926;11.501;396.9;6.5409;0.6245;0.2197;5.6531;0.0436;403.44;2.4352;1.0289;0.362;1.0392;0.0051;400.9;169.84;59.754;166.5;0.8031;206.66;165.12;70.184;13.795;2.9154;41.936;4.0006;31.056;0;1;0;0;1.1316;0.9345;1;1;0.911;0.069;0.9838;0.9963;1;0.9672;0.9485;0.994;0.994;1;0.994;0.994;0.9139;0.8758;0.065;1.236;1.231;0.0074;0.0089;0.0496;0.0082;0.0289;0.0075;0;0;0.088;0.988;0;0;0;0;0;0;0;0;0;0;0;0;0.0233;0.0039;1.0933;1.0933;0;36.356;36.356;19.536;0.0492;1056.7;1034.7;1;0.0174;0.0174;0;0;0;0;0;0;1.076;0.988;0;16.635;19.263;15.032;17.407;98.411;98.411;10.423;9.2203;8.3317;1.2029;0.8886;0.1154;0.0853;0.7993;144.57;0.7455;0
10/04/21 15:00;24.135;59.678;27.544;27.432;60;90;60;266.2;206.1;60.101;16.53;7.03;0;130.32;137.87;48.29;0;13.31;329.79;0;329.79;130.32;48.29;137.87;13.31;0.3952;0.4584;0;0.0404;300.01;29.784;0;0;17.333;12.451;293.74;4.4665;0.1232;0.0457;4.2394;0.0582;298.21;1.8001;0.7819;0.2897;0.7232;0.0052;298.1;129.42;47.955;115.58;0.7951;129.11;103.16;47.304;23.053;2.5348;36.462;4.3587;15.944;0;1;0;0;1.2389;0.9097;1;1;0.8743;0.0645;0.985;0.999;1;0.9646;0.9318;0.994;0.994;1;0.994;0.994;0.8907;0.8383;0.0597;0.9386;0.9259;0.0056;0.0132;0.0196;0.0062;0.022;0.0066;0;0;0.088;0.7309;0;0;0;0;0;0;0;0;0;0;0;0;0.0177;0.0023;0.8326;0.8326;0;30.952;30.952;14.421;0.0491;792.42;1050.7;1;0.0137;0.0137;0;0;0;0;0;0;0.8189;0.7309;0;16.682;19.317;14.645;16.958;98.356;98.356;7.9151;7.0212;6.1637;0.8939;0.8575;0.1129;0.1083;0.7787;120.03;0.7192;0
10/04/21 16:00;13.029;70.098;56.855;13.825;21.594;90;21.594;99.001;95.502;3.4992;16.4;6.01;0;8.4865;91.099;2.6429;0;0.6948;102.92;0;102.92;8.4865;2.6429;91.099;0.6948;0.0825;0.8919;0;0.0068;99.951;2.973;0;0;2.3872;0.5858;96.035;3.3158;0.2185;0.0681;3.0057;0.0235;99.351;0.5997;0.0509;0.0159;0.5323;0.0007;96.212;8.2171;2.559;85.174;0.0849;57.078;45.606;17.928;0.4308;0.6802;9.7846;0.177;10.034;0;1;0;0;1.0396;0.9711;1;1;0.9738;0.1569;0.9666;0.9741;1;0.9659;0.7833;0.994;0.994;1;0.994;0.994;0.9331;0.935;0.1221;0.2929;0.2949;0.0018;0.0165;-0.0042;0.002;0.007;0.0018;0;0;0.088;0.1693;0;0;0;0;0;0;0;0;0;0;0;0;0.0056;0.0004;0.2641;0.2641;0;21.122;21.122;4.7221;0.0492;250.99;1052.4;1;0.0068;0.0068;0;0;0;0;0;0;0.2573;0.1693;0;16.958;19.637;10.869;12.586;97.41;97.41;2.4702;2.2275;1.4277;0.2427;0.7998;0.0983;0.3238;0.578;57.056;0.5396;0
10/04/21 17:00;3.61;77.422;81.216;3.6985;5.3022;90;5.3022;1.1916;1.1916;0;15.32;4.83;0;0;1.1891;0;0;0.0005;1.1896;1.1896;0;0;0;0;0;1;1;1;1;0;0;0;0;0;0;0;0;0;0;0;0;0;0;0;0;0;0;0;0;0;0;0;0;0;0;0;0;0;0;0;0;0;0;0;0;1;1;1;1;1;1;1;1;1;1;1;1;1;0;0;1;0;0;0;0;0;0;0;0;0;0;0;0.0004;0.088;-0.0884;0;0;0;0;0;0;0;0;0;0;0;0;0;0;0;0;0;0;0;-15.32;0;0;0;0;0.0004;0;0;0;0;0;0;0;-0.0004;-0.0884;0;0;0;0;0;0;0;0;0;-0.7452;0;0.7452;1;1;0;0;0;0
10/04/21 18:00;0;0;90;0;0;90;0;0;0;0;11.43;3.62;0;0;0;0;0;0;0;0;0;0;0;0;0;1;1;1;1;0;0;0;0;0;0;0;0;0;0;0;0;0;0;0;0;0;0;0;0;0;0;0;0;0;0;0;0;0;0;0;0;0;0;0;1;1;1;1;1;1;1;1;1;1;1;1;1;1;1;1;1;1;1;0;0;0;0;0;0;0;0;0;0.0004;0.088;-0.0884;0;0;0;0;0;0;0;0;0;0;0;0;0;0;0;0;0;0;0;-11.43;0;0;0;0;0.0004;0;0;0;0;0;0;0;-0.0004;-0.0884;0;0;0;0;0;0;0;0;0;-0.7452;0;0.7452;1;1;0;0;0;0
10/04/21 19:00;0;0;90;0;0;90;0;0;0;0;12.19;3;0;0;0;0;0;0;0;0;0;0;0;0;0;1;1;1;1;0;0;0;0;0;0;0;0;0;0;0;0;0;0;0;0;0;0;0;0;0;0;0;0;0;0;0;0;0;0;0;0;0;0;0;1;1;1;1;1;1;1;1;1;1;1;1;1;1;1;1;1;1;1;0;0;0;0;0;0;0;0;0;0.0004;0.088;-0.0884;0;0;0;0;0;0;0;0;0;0;0;0;0;0;0;0;0;0;0;-12.19;0;0;0;0;0.0004;0;0;0;0;0;0;0;-0.0004;-0.0884;0;0;0;0;0;0;0;0;0;-0.7452;0;0.7452;1;1;0;0;0;0
10/04/21 20:00;0;0;90;0;0;90;0;0;0;0;13.62;3.37;0;0;0;0;0;0;0;0;0;0;0;0;0;1;1;1;1;0;0;0;0;0;0;0;0;0;0;0;0;0;0;0;0;0;0;0;0;0;0;0;0;0;0;0;0;0;0;0;0;0;0;0;1;1;1;1;1;1;1;1;1;1;1;1;1;1;1;1;1;1;1;0;0;0;0;0;0;0;0;0;0.0004;0.088;-0.0884;0;0;0;0;0;0;0;0;0;0;0;0;0;0;0;0;0;0;0;-13.62;0;0;0;0;0.0004;0;0;0;0;0;0;0;-0.0004;-0.0884;0;0;0;0;0;0;0;0;0;-0.7452;0;0.7452;1;1;0;0;0;0
10/04/21 21:00;0;0;90;0;0;90;0;0;0;0;12.99;4.18;0;0;0;0;0;0;0;0;0;0;0;0;0;1;1;1;1;0;0;0;0;0;0;0;0;0;0;0;0;0;0;0;0;0;0;0;0;0;0;0;0;0;0;0;0;0;0;0;0;0;0;0;1;1;1;1;1;1;1;1;1;1;1;1;1;1;1;1;1;1;1;0;0;0;0;0;0;0;0;0;0.0004;0.088;-0.0884;0;0;0;0;0;0;0;0;0;0;0;0;0;0;0;0;0;0;0;-12.99;0;0;0;0;0.0004;0;0;0;0;0;0;0;-0.0004;-0.0884;0;0;0;0;0;0;0;0;0;-0.7452;0;0.7452;1;1;0;0;0;0
10/04/21 22:00;0;0;90;0;0;90;0;0;0;0;12.31;4.57;0;0;0;0;0;0;0;0;0;0;0;0;0;1;1;1;1;0;0;0;0;0;0;0;0;0;0;0;0;0;0;0;0;0;0;0;0;0;0;0;0;0;0;0;0;0;0;0;0;0;0;0;1;1;1;1;1;1;1;1;1;1;1;1;1;1;1;1;1;1;1;0;0;0;0;0;0;0;0;0;0.0004;0.088;-0.0884;0;0;0;0;0;0;0;0;0;0;0;0;0;0;0;0;0;0;0;-12.31;0;0;0;0;0.0004;0;0;0;0;0;0;0;-0.0004;-0.0884;0;0;0;0;0;0;0;0;0;-0.7452;0;0.7452;1;1;0;0;0;0
10/04/21 23:00;0;0;90;0;0;90;0;0;0;0;12.18;5.15;0;0;0;0;0;0;0;0;0;0;0;0;0;1;1;1;1;0;0;0;0;0;0;0;0;0;0;0;0;0;0;0;0;0;0;0;0;0;0;0;0;0;0;0;0;0;0;0;0;0;0;0;1;1;1;1;1;1;1;1;1;1;1;1;1;1;1;1;1;1;1;0;0;0;0;0;0;0;0;0;0.0004;0.088;-0.0884;0;0;0;0;0;0;0;0;0;0;0;0;0;0;0;0;0;0;0;-12.18;0;0;0;0;0.0004;0;0;0;0;0;0;0;-0.0004;-0.0884;0;0;0;0;0;0;0;0;0;-0.7452;0;0.7452;1;1;0;0;0;0
11/04/21 00:00;0;0;90;0;0;90;0;0;0;0;10.81;5.0199;0;0;0;0;0;0;0;0;0;0;0;0;0;1;1;1;1;0;0;0;0;0;0;0;0;0;0;0;0;0;0;0;0;0;0;0;0;0;0;0;0;0;0;0;0;0;0;0;0;0;0;0;1;1;1;1;1;1;1;1;1;1;1;1;1;1;1;1;1;1;1;0;0;0;0;0;0;0;0;0;0.0004;0.088;-0.0884;0;0;0;0;0;0;0;0;0;0;0;0;0;0;0;0;0;0;0;-10.81;0;0;0;0;0.0004;0;0;0;0;0;0;0;-0.0004;-0.0884;0;0;0;0;0;0;0;0;0;-0.7452;0;0.7452;1;1;0;0;0;0
11/04/21 01:00;0;0;90;0;0;90;0;0;0;0;10.27;4.33;0;0;0;0;0;0;0;0;0;0;0;0;0;1;1;1;1;0;0;0;0;0;0;0;0;0;0;0;0;0;0;0;0;0;0;0;0;0;0;0;0;0;0;0;0;0;0;0;0;0;0;0;1;1;1;1;1;1;1;1;1;1;1;1;1;1;1;1;1;1;1;0;0;0;0;0;0;0;0;0;0.0004;0.088;-0.0884;0;0;0;0;0;0;0;0;0;0;0;0;0;0;0;0;0;0;0;-10.27;0;0;0;0;0.0004;0;0;0;0;0;0;0;-0.0004;-0.0884;0;0;0;0;0;0;0;0;0;-0.7452;0;0.7452;1;1;0;0;0;0
11/04/21 02:00;0;0;90;0;0;90;0;0;0;0;10.12;4.3899;0;0;0;0;0;0;0;0;0;0;0;0;0;1;1;1;1;0;0;0;0;0;0;0;0;0;0;0;0;0;0;0;0;0;0;0;0;0;0;0;0;0;0;0;0;0;0;0;0;0;0;0;1;1;1;1;1;1;1;1;1;1;1;1;1;1;1;1;1;1;1;0;0;0;0;0;0;0;0;0;0.0004;0.088;-0.0884;0;0;0;0;0;0;0;0;0;0;0;0;0;0;0;0;0;0;0;-10.12;0;0;0;0;0.0004;0;0;0;0;0;0;0;-0.0004;-0.0884;0;0;0;0;0;0;0;0;0;-0.7452;0;0.7452;1;1;0;0;0;0
11/04/21 03:00;0;0;90;0;0;90;0;0;0;0;9.7401;4.56;0;0;0;0;0;0;0;0;0;0;0;0;0;1;1;1;1;0;0;0;0;0;0;0;0;0;0;0;0;0;0;0;0;0;0;0;0;0;0;0;0;0;0;0;0;0;0;0;0;0;0;0;1;1;1;1;1;1;1;1;1;1;1;1;1;1;1;1;1;1;1;0;0;0;0;0;0;0;0;0;0.0004;0.088;-0.0884;0;0;0;0;0;0;0;0;0;0;0;0;0;0;0;0;0;0;0;-9.7401;0;0;0;0;0.0004;0;0;0;0;0;0;0;-0.0004;-0.0884;0;0;0;0;0;0;0;0;0;-0.7452;0;0.7452;1;1;0;0;0;0
11/04/21 04:00;0;0;90;0;0;90;0;0;0;0;8.0901;4.6199;0;0;0;0;0;0;0;0;0;0;0;0;0;1;1;1;1;0;0;0;0;0;0;0;0;0;0;0;0;0;0;0;0;0;0;0;0;0;0;0;0;0;0;0;0;0;0;0;0;0;0;0;1;1;1;1;1;1;1;1;1;1;1;1;1;1;1;1;1;1;1;0;0;0;0;0;0;0;0;0;0.0004;0.088;-0.0884;0;0;0;0;0;0;0;0;0;0;0;0;0;0;0;0;0;0;0;-8.0901;0;0;0;0;0.0004;0;0;0;0;0;0;0;-0.0004;-0.0884;0;0;0;0;0;0;0;0;0;-0.7452;0;0.7452;1;1;0;0;0;0
11/04/21 05:00;0;0;90;0;0;90;0;0;0;0;6.9999;5.0801;0;0;0;0;0;0;0;0;0;0;0;0;0;1;1;1;1;0;0;0;0;0;0;0;0;0;0;0;0;0;0;0;0;0;0;0;0;0;0;0;0;0;0;0;0;0;0;0;0;0;0;0;1;1;1;1;1;1;1;1;1;1;1;1;1;1;1;1;1;1;1;0;0;0;0;0;0;0;0;0;0.0004;0.088;-0.0884;0;0;0;0;0;0;0;0;0;0;0;0;0;0;0;0;0;0;0;-6.9999;0;0;0;0;0.0004;0;0;0;0;0;0;0;-0.0004;-0.0884;0;0;0;0;0;0;0;0;0;-0.7452;0;0.7452;1;1;0;0;0;0
11/04/21 06:00;3.8084;-76.819;80.73;3.9111;5.6109;-90;-5.6109;14.006;13.703;0.3031;6.2999;6.4599;0;0.7351;13.625;0.1115;0;0.0067;14.478;0;14.478;0.7351;0.1115;13.625;0.0067;0.0508;0.9415;0;0.0005;14.434;0.0438;0;0;0.0382;0.0056;13.469;0.878;0.254;0.0385;0.5852;0.0002;14.347;0.0866;0.0044;0.0007;0.0815;0;13.47;0.4767;0.0723;12.92;0.0009;8.0996;6.4716;2.4766;0.0003;0.0969;1.3946;0.0005;1.4913;0;1;0;0;1.0337;0.997;1;1;0.9972;0.1677;0.9388;0.6524;1;0.9567;0.7766;0.994;0.994;1;0.994;0.994;0.9303;0.9483;0.1295;0.0412;0.0413;0.0002;0.0071;-0.0026;0.0003;0.0009;0.0002;0;0;0.088;-0.0564;0;0;0;0;0;0;0;0;0;0;0;0;0.0007;0;0.0344;0.0344;0;6.973;6.973;0.6731;0.05;33.483;1028.4;1;0.0029;0.0029;0;0;0;0;0;0;0.0316;-0.0564;0;15.716;18.199;-25.75;-29.818;91.717;91.717;0.3475;0.2904;-0.4758;0.0571;0.7662;0.1643;2.205;0;8.0979;0;0
11/04/21 07:00;13.197;-69.471;56.379;14.058;22.036;-90;-22.036;194.7;33.699;161;7.5802;8;0;390.48;15.626;42.394;0;1.4223;449.92;0;449.92;390.48;42.394;15.626;1.4223;0.8679;0.0379;0;0.0032;448.3;1.6181;0;0;0.4217;1.1964;434.51;11.104;9.5102;1.0325;0.5135;0.0479;445.61;2.6898;2.3429;0.2544;0.0912;0.0014;434.55;378.62;41.108;14.6;0.1766;10.684;8.5364;2.8897;0.0799;0.1576;2.2665;0.0422;2.3441;0;1;0;0;2.3108;0.9964;1;1;0.973;0.1588;0.9751;0.9755;1;0.966;0.7865;0.994;0.994;1;0.994;0.994;0.9657;0.9343;0.1241;1.2804;1.2478;0.0075;0.0087;0.0168;0.0085;0.0302;0.0004;0;0;0.088;1.0408;0;0;0;0;0;0;0;0;0;0;0;0;0.0243;0.004;1.1475;1.1475;0;28.824;28.824;21.244;0.0489;1072.7;1069.7;1;0.0187;0.0187;0;0;0;0;0;0;1.1288;1.0408;0;16.853;19.515;15.286;17.701;98.37;98.37;10.798;9.6768;8.777;1.1212;0.8999;0.1038;0.0833;0.8128;9.8094;0.8098;0
11/04/21 08:00;24.244;-58.994;28.1;27.718;60;-90;-60;235.9;173.3;62.596;9.07;8.32;0;134.47;115.4;41.746;0;11.795;303.42;0;303.42;134.47;41.746;115.4;11.795;0.4432;0.4192;0;0.0389;277.98;25.437;0;0;14.458;10.979;272.54;3.7728;0.1297;0.0403;3.5502;0.0527;276.31;1.6679;0.8068;0.2505;0.6057;0.0049;276.25;133.54;41.455;96.789;0.7588;110.22;88.067;40.407;19.296;2.1375;30.747;3.7114;13.588;0;1;0;0;1.2862;0.9162;1;1;0.8747;0.0692;0.9863;0.999;1;0.9646;0.9351;0.994;0.994;1;0.994;0.994;0.8982;0.8387;0.0643;0.8635;0.852;0.0051;0.0141;-0.008;0.0059;0.0209;0.0058;0;0;0.088;0.6878;0;0;0;0;0;0;0;0;0;0;0;0;0.0168;0.002;0.7893;0.7893;0;22.362;22.362;13.292;0.0488;727.81;1084.5;1;0.0135;0.0135;0;0;0;0;0;0;0.7758;0.6878;0;17.19;19.906;14.98;17.346;98.291;98.291;7.282;6.6565;5.8006;0.6255;0.8559;0.0859;0.1175;0.7966;100.5;0.7404;0
11/04/21 09:00;33.998;-46.163;35.044;43.077;46.923;-90;-46.923;596.8;98.502;498.3;10.57;8.2199;0;729.6;28.555;94.538;0;18.92;871.61;0;871.61;729.6;94.538;28.555;18.92;0.8371;0.0545;0;0.0217;851.59;20.019;0;0;2.5044;17.515;842.3;4.1873;2.891;0.3746;0.8494;0.0722;846.48;5.1096;4.3776;0.5672;0.1563;0.0084;846.93;722.33;93.597;25.045;1.3246;246.36;196.84;78.513;2.0196;2.8726;41.321;4.6396;42.174;0;1;0;0;1.4605;0.977;1;1;0.9123;0.0743;0.9951;0.996;1;0.9672;0.9483;0.994;0.994;1;0.994;0.994;0.9664;0.8771;0.07;2.4805;2.5059;0.0151;-0.002;0.2415;0.0158;0.0559;0.007;0;0;0.088;1.9904;0;0;0;0;0;0;0;0;0;0;0;0;0.045;0.0146;2.113;2.113;0;52.471;52.471;41.901;0.0497;2160;978.21;1;0.0346;0.0346;0;0;0;0;0;0;2.0784;1.9904;0;16.019;18.55;15.09;17.473;98.362;98.362;20.919;17.819;16.785;3.0997;1.0339;0.1482;0.0494;0.8024;21.637;0.7749;0
11/04/21 10:00;41.59;-29.982;40.378;60.618;29.382;-90;-29.382;367.6;298.6;69.003;11.04;8.08;0;79.189;258.03;26.202;0;4.7287;368.15;0;368.15;79.189;26.202;258.03;4.7287;0.2151;0.7137;0;0.0128;353;15.154;0;0;11.041;4.113;342.01;8.8732;0.5593;0.1851;8.0192;0.1095;350.88;2.118;0.4751;0.1572;1.4819;0.0037;343.43;78.155;25.86;237.49;0.5025;217.94;174.14;70.676;3.6361;2.5822;37.144;1.4209;36.091;0;1;0;0;1.0015;0.9588;1;1;0.9572;0.1302;0.9747;0.9929;1;0.9673;0.8211;0.994;0.994;1;0.994;0.994;0.929;0.9204;0.1063;1.0477;1.057;0.0064;0.0114;0.0104;0.0072;0.0255;0.0069;0;0;0.088;0.8618;0;0;0;0;0;0;0;0;0;0;0;0;0.0206;0.0029;0.9657;0.9657;0;27.769;27.769;16.73;0.0489;904.59;1067.6;1;0.0159;0.0159;0;0;0;0;0;0;0.9498;0.8618;0;17.334;20.072;15.469;17.913;98.352;98.352;8.8356;8.1442;7.2679;0.6914;0.8763;0.0783;0.0992;0.8226;169.35;0.7648;0
11/04/21 11:00;45.839;-10.255;43.278;80.191;9.8091;-90;-9.8091;560.99;271.7;289.3;12.2;8.01;0;293.59;189.71;81.787;0;0.8201;565.91;0;565.91;293.59;81.787;189.71;0.8201;0.5188;0.3367;0;0.0014;563.9;2.0047;0;0;1.3236;0.6811;549.53;10.991;2.5686;0.7156;7.6761;0.031;560.52;3.3834;1.7615;0.4907;1.1303;0.0008;549.67;289.26;80.581;179.58;0.1072;329.54;263.3;105.45;0.0512;3.6424;52.394;0.1488;55.985;0;1;0;0;1.0088;0.9965;1;1;0.993;0.1696;0.9804;0.9912;1;0.959;0.7755;0.994;0.994;1;0.994;0.994;0.9711;0.9466;0.1307;1.6105;1.6776;0.0101;0.0029;0.0841;0.0111;0.0392;0.0094;0;0;0.088;1.3709;0;0;0;0;0;0;0;0;0;0;0;0;0.0316;0.0068;1.4824;1.4824;0;39.27;39.27;27.07;0.0493;1441.2;1028.6;1;0.0234;0.0234;0;0;0;0;0;0;1.4589;1.3709;0;17.31;20.044;16.008;18.537;98.419;98.419;13.582;12.501;11.561;1.0806;0.9398;0.0796;0.0692;0.8512;113.67;0.7961;0
11/04/21 12:00;45.75;11.084;43.218;79.393;10.607;90;10.607;843.31;139.1;704.21;13.61;8.07;0;716.45;38.182;102.34;0;1.4411;858.41;0;858.41;716.45;102.34;38.182;1.4411;0.8346;0.0462;0;0.0017;856.91;1.504;0;0;0.3049;1.1991;843.05;8.7139;6.2432;0.8918;1.5248;0.0542;851.77;5.1415;4.2987;0.614;0.2273;0.0015;843.33;705.91;100.83;36.125;0.1863;491.77;392.92;160.35;0.0142;5.2373;75.336;0.2792;80.559;0;1;0;0;1.0179;0.9982;1;1;0.992;0.1679;0.9898;0.9912;1;0.9595;0.7748;0.994;0.994;1;0.994;0.994;0.9821;0.9461;0.1293;2.443;2.5637;0.0154;-0.0018;0.2761;0.0159;0.0565;0.0127;0;0;0.088;2.0055;0;0;0;0;0;0;0;0;0;0;0;0;0.0455;0.0152;2.1282;2.1282;0;55.658;55.658;42.048;0.0499;2207.3;964.16;1;0.0347;0.0347;0;0;0;0;0;0;2.0935;2.0055;0;16.383;18.971;15.438;17.877;98.37;98.37;20.602;17.948;16.913;2.6542;1.0347;0.1288;0.0502;0.8209;22.923;0.7703;0
11/04/21 13:00;41.346;30.691;40.209;59.884;30.116;90;30.116;625.69;174.2;451.49;13.88;8.33;0;521.95;80.78;101.24;0;8.4462;712.42;0;712.42;521.95;101.24;80.78;8.4462;0.7326;0.1252;0;0.0119;701.4;11.014;0;0;3.6062;7.4074;690.17;7.0226;3.6354;0.7052;2.4991;0.1829;697.2;4.2084;3.1317;0.6074;0.463;0.0062;692.55;515.18;99.929;74.211;0.8497;336.65;268.99;109.61;1.2417;3.6759;52.877;2.3765;55.311;0;1;0;0;1.1386;0.9845;1;1;0.9554;0.123;0.9899;0.993;1;0.9674;0.8228;0.994;0.994;1;0.994;0.994;0.9688;0.9187;0.1006;2.0275;2.0873;0.0126;-0.0009;0.1694;0.0133;0.0473;0.0092;0;0;0.088;1.6713;0;0;0;0;0;0;0;0;0;0;0;0;0.0381;0.0103;1.788;1.788;0;48.101;48.101;34.221;0.0496;1795.5;995.84;1;0.0287;0.0287;0;0;0;0;0;0;1.7593;1.6713;0;16.585;19.205;15.502;17.951;98.396;98.396;17.098;15.079;14.095;2.0193;0.984;0.1181;0.0576;0.8243;53.285;0.781;0
11/04/21 14:00;33.647;46.727;34.795;42.432;47.568;90;47.568;591.39;109;482.39;14.33;8.5;0;714.95;32.822;103.45;0;19.237;870.46;0;870.46;714.95;103.45;32.822;19.237;0.8213;0.0598;0;0.0221;849.6;20.863;0;0;2.9461;17.917;840.34;4.1665;2.7292;0.3949;0.9761;0.0663;844.5;5.0976;4.2897;0.6207;0.1793;0.0079;844.92;707.93;102.44;28.721;1.2457;241.42;192.9;77.706;2.4326;2.7947;40.2;4.5797;40.562;0;1;0;0;1.4719;0.976;1;1;0.9102;0.0686;0.9951;0.9962;1;0.9671;0.9494;0.994;0.994;1;0.994;0.994;0.9654;0.875;0.0648;2.4773;2.4979;0.015;-0.002;0.2746;0.0155;0.0549;0.0068;0;0;0.088;1.9529;0;0;0;0;0;0;0;0;0;0;0;0;0.0442;0.0145;2.0743;2.0743;0;56.264;56.264;41.934;0.0499;2153.8;963.09;1;0.0335;0.0335;0;0;0;0;0;0;2.0409;1.9529;0;15.747;18.235;14.825;17.167;98.386;98.386;20.891;17.493;16.469;3.3979;1.0244;0.1626;0.049;0.7883;25.022;0.762;0
11/04/21 15:00;23.829;59.444;27.847;27.152;60;90;60;418.29;101.8;316.49;14.34;8.1901;0;692.67;32.355;128.38;0;20.915;874.32;0;874.32;692.67;128.38;32.355;20.915;0.7922;0.0609;0;0.0239;850.69;23.634;0;0;4.0677;19.566;843.72;1.8714;0.6623;0.1227;0.9949;0.0914;845.59;5.1041;4.156;0.7703;0.1697;0.0081;846.16;687.85;127.49;27.123;1.2493;66.44;53.086;23.498;5.4145;0.9401;13.524;2.4459;9.0493;0;1;0;0;2.0902;0.973;1;1;0.8743;0.0645;0.9978;0.999;1;0.9646;0.9318;0.994;0.994;1;0.994;0.994;0.965;0.8383;0.0597;2.4883;2.448;0.0147;-0.002;0.2709;0.0152;0.0537;0.0023;0;0;0.088;1.9152;0;0;0;0;0;0;0;0;0;0;0;0;0.0433;0.014;2.0359;2.0359;0;56.449;56.449;42.109;0.0499;2113.3;963.4;1;0.0328;0.0328;0;0;0;0;0;0;2.0032;1.9152;0;15.387;17.818;14.474;16.761;98.391;98.391;20.984;17.169;16.151;3.8147;1.0183;0.1818;0.0485;0.7697;28.168;0.7609;0
11/04/21 16:00;12.744;69.85;57.656;13.545;21.068;90;21.068;179.5;116.6;62.901;13.51;6.2999;0;152.55;89.066;59.312;0;1.1999;302.13;0;302.13;152.55;59.312;89.066;1.1999;0.5049;0.2988;0;0.004;298.88;3.2528;0;0;2.2433;1.0095;288.1;8.9888;4.3157;1.6779;2.9538;0.0413;297.09;1.7933;0.9153;0.3559;0.5209;0.0011;288.26;147.32;57.279;83.348;0.1479;56.059;44.791;17.385;0.385;0.6801;9.7823;0.1665;10.077;0;1;0;0;1.6832;0.9892;1;1;0.9748;0.1587;0.9697;0.9715;1;0.9658;0.7817;0.994;0.994;1;0.994;0.994;0.9535;0.9358;0.1233;0.8598;0.8443;0.0051;0.0142;0.0079;0.0057;0.0203;0.0018;0;0;0.088;0.67;0;0;0;0;0;0;0;0;0;0;0;0;0.0163;0.002;0.771;0.771;0;27.617;27.617;14.107;0.049;723.34;1065.9;1;0.013;0.013;0;0;0;0;0;0;0.758;0.67;0;16.863;19.527;14.654;16.969;98.312;98.312;7.2512;6.5023;5.6504;0.7489;0.8518;0.1033;0.1175;0.7792;55.631;0.7608;0
11/04/21 17:00;3.5367;77.019;81.396;3.6292;5.2017;90;5.2017;2.3051;2.3017;0.0034;12.05;4.42;0;0.0082;2.2969;0.0002;0;0.0009;2.3063;2.3063;0;0.0082;0;0;0;1;1;1;1;0;0;0;0;0;0;0;0;0;0;0;0;0;0;0;0;0;0;0;0;0;0;0;0;0;0;0;0;0;0;0;0;0;0;0;0;1;1;1;1;1;1;1;1;1;1;1;0;1;0;0;1;0;0;0;0;0;0;0;0;0;0;0;0.0004;0.088;-0.0884;0;0;0;0;0;0;0;0;0;0;0;0;0;0;0;0;0;0;0;-12.05;0;0;0;0;0.0004;0;0;0;0;0;0;0;-0.0004;-0.0884;0;0;0;0;0;0;0;0;0;-0.7452;0;0.7452;1;1;0;0;0;0
11/04/21 18:00;0;0;90;0;0;90;0;0;0;0;10.61;4.1499;0;0;0;0;0;0;0;0;0;0;0;0;0;1;1;1;1;0;0;0;0;0;0;0;0;0;0;0;0;0;0;0;0;0;0;0;0;0;0;0;0;0;0;0;0;0;0;0;0;0;0;0;1;1;1;1;1;1;1;1;1;1;1;1;1;1;1;1;1;1;1;0;0;0;0;0;0;0;0;0;0.0004;0.088;-0.0884;0;0;0;0;0;0;0;0;0;0;0;0;0;0;0;0;0;0;0;-10.61;0;0;0;0;0.0004;0;0;0;0;0;0;0;-0.0004;-0.0884;0;0;0;0;0;0;0;0;0;-0.7452;0;0.7452;1;1;0;0;0;0
11/04/21 19:00;0;0;90;0;0;90;0;0;0;0;10.4;4.27;0;0;0;0;0;0;0;0;0;0;0;0;0;1;1;1;1;0;0;0;0;0;0;0;0;0;0;0;0;0;0;0;0;0;0;0;0;0;0;0;0;0;0;0;0;0;0;0;0;0;0;0;1;1;1;1;1;1;1;1;1;1;1;1;1;1;1;1;1;1;1;0;0;0;0;0;0;0;0;0;0.0004;0.088;-0.0884;0;0;0;0;0;0;0;0;0;0;0;0;0;0;0;0;0;0;0;-10.4;0;0;0;0;0.0004;0;0;0;0;0;0;0;-0.0004;-0.0884;0;0;0;0;0;0;0;0;0;-0.7452;0;0.7452;1;1;0;0;0;0
11/04/21 20:00;0;0;90;0;0;90;0;0;0;0;9.7102;4.25;0;0;0;0;0;0;0;0;0;0;0;0;0;1;1;1;1;0;0;0;0;0;0;0;0;0;0;0;0;0;0;0;0;0;0;0;0;0;0;0;0;0;0;0;0;0;0;0;0;0;0;0;1;1;1;1;1;1;1;1;1;1;1;1;1;1;1;1;1;1;1;0;0;0;0;0;0;0;0;0;0.0004;0.088;-0.0884;0;0;0;0;0;0;0;0;0;0;0;0;0;0;0;0;0;0;0;-9.7102;0;0;0;0;0.0004;0;0;0;0;0;0;0;-0.0004;-0.0884;0;0;0;0;0;0;0;0;0;-0.7452;0;0.7452;1;1;0;0;0;0
11/04/21 21:00;0;0;90;0;0;90;0;0;0;0;9.3997;4.42;0;0;0;0;0;0;0;0;0;0;0;0;0;1;1;1;1;0;0;0;0;0;0;0;0;0;0;0;0;0;0;0;0;0;0;0;0;0;0;0;0;0;0;0;0;0;0;0;0;0;0;0;1;1;1;1;1;1;1;1;1;1;1;1;1;1;1;1;1;1;1;0;0;0;0;0;0;0;0;0;0.0004;0.088;-0.0884;0;0;0;0;0;0;0;0;0;0;0;0;0;0;0;0;0;0;0;-9.3997;0;0;0;0;0.0004;0;0;0;0;0;0;0;-0.0004;-0.0884;0;0;0;0;0;0;0;0;0;-0.7452;0;0.7452;1;1;0;0;0;0
11/04/21 22:00;0;0;90;0;0;90;0;0;0;0;9.1199;4.3899;0;0;0;0;0;0;0;0;0;0;0;0;0;1;1;1;1;0;0;0;0;0;0;0;0;0;0;0;0;0;0;0;0;0;0;0;0;0;0;0;0;0;0;0;0;0;0;0;0;0;0;0;1;1;1;1;1;1;1;1;1;1;1;1;1;1;1;1;1;1;1;0;0;0;0;0;0;0;0;0;0.0004;0.088;-0.0884;0;0;0;0;0;0;0;0;0;0;0;0;0;0;0;0;0;0;0;-9.1199;0;0;0;0;0.0004;0;0;0;0;0;0;0;-0.0004;-0.0884;0;0;0;0;0;0;0;0;0;-0.7452;0;0.7452;1;1;0;0;0;0
11/04/21 23:00;0;0;90;0;0;90;0;0;0;0;8.7602;4.2201;0;0;0;0;0;0;0;0;0;0;0;0;0;1;1;1;1;0;0;0;0;0;0;0;0;0;0;0;0;0;0;0;0;0;0;0;0;0;0;0;0;0;0;0;0;0;0;0;0;0;0;0;1;1;1;1;1;1;1;1;1;1;1;1;1;1;1;1;1;1;1;0;0;0;0;0;0;0;0;0;0.0004;0.088;-0.0884;0;0;0;0;0;0;0;0;0;0;0;0;0;0;0;0;0;0;0;-8.7602;0;0;0;0;0.0004;0;0;0;0;0;0;0;-0.0004;-0.0884;0;0;0;0;0;0;0;0;0;-0.7452;0;0.7452;1;1;0;0;0;0
12/04/21 00:00;0;0;90;0;0;90;0;0;0;0;6.3797;3.9199;0;0;0;0;0;0;0;0;0;0;0;0;0;1;1;1;1;0;0;0;0;0;0;0;0;0;0;0;0;0;0;0;0;0;0;0;0;0;0;0;0;0;0;0;0;0;0;0;0;0;0;0;1;1;1;1;1;1;1;1;1;1;1;1;1;1;1;1;1;1;1;0;0;0;0;0;0;0;0;0;0.0004;0.088;-0.0884;0;0;0;0;0;0;0;0;0;0;0;0;0;0;0;0;0;0;0;-6.3797;0;0;0;0;0.0004;0;0;0;0;0;0;0;-0.0004;-0.0884;0;0;0;0;0;0;0;0;0;-0.7452;0;0.7452;1;1;0;0;0;0
12/04/21 01:00;0;0;90;0;0;90;0;0;0;0;6.8802;3.62;0;0;0;0;0;0;0;0;0;0;0;0;0;1;1;1;1;0;0;0;0;0;0;0;0;0;0;0;0;0;0;0;0;0;0;0;0;0;0;0;0;0;0;0;0;0;0;0;0;0;0;0;1;1;1;1;1;1;1;1;1;1;1;1;1;1;1;1;1;1;1;0;0;0;0;0;0;0;0;0;0.0004;0.088;-0.0884;0;0;0;0;0;0;0;0;0;0;0;0;0;0;0;0;0;0;0;-6.8802;0;0;0;0;0.0004;0;0;0;0;0;0;0;-0.0004;-0.0884;0;0;0;0;0;0;0;0;0;-0.7452;0;0.7452;1;1;0;0;0;0
12/04/21 02:00;0;0;90;0;0;90;0;0;0;0;6.4003;3.32;0;0;0;0;0;0;0;0;0;0;0;0;0;1;1;1;1;0;0;0;0;0;0;0;0;0;0;0;0;0;0;0;0;0;0;0;0;0;0;0;0;0;0;0;0;0;0;0;0;0;0;0;1;1;1;1;1;1;1;1;1;1;1;1;1;1;1;1;1;1;1;0;0;0;0;0;0;0;0;0;0.0004;0.088;-0.0884;0;0;0;0;0;0;0;0;0;0;0;0;0;0;0;0;0;0;0;-6.4003;0;0;0;0;0.0004;0;0;0;0;0;0;0;-0.0004;-0.0884;0;0;0;0;0;0;0;0;0;-0.7452;0;0.7452;1;1;0;0;0;0
12/04/21 03:00;0;0;90;0;0;90;0;0;0;0;5.1;3.05;0;0;0;0;0;0;0;0;0;0;0;0;0;1;1;1;1;0;0;0;0;0;0;0;0;0;0;0;0;0;0;0;0;0;0;0;0;0;0;0;0;0;0;0;0;0;0;0;0;0;0;0;1;1;1;1;1;1;1;1;1;1;1;1;1;1;1;1;1;1;1;0;0;0;0;0;0;0;0;0;0.0004;0.088;-0.0884;0;0;0;0;0;0;0;0;0;0;0;0;0;0;0;0;0;0;0;-5.1;0;0;0;0;0.0004;0;0;0;0;0;0;0;-0.0004;-0.0884;0;0;0;0;0;0;0;0;0;-0.7452;0;0.7452;1;1;0;0;0;0
12/04/21 04:00;0;0;90;0;0;90;0;0;0;0;3.6701;3.4201;0;0;0;0;0;0;0;0;0;0;0;0;0;1;1;1;1;0;0;0;0;0;0;0;0;0;0;0;0;0;0;0;0;0;0;0;0;0;0;0;0;0;0;0;0;0;0;0;0;0;0;0;1;1;1;1;1;1;1;1;1;1;1;1;1;1;1;1;1;1;1;0;0;0;0;0;0;0;0;0;0.0004;0.088;-0.0884;0;0;0;0;0;0;0;0;0;0;0;0;0;0;0;0;0;0;0;-3.6701;0;0;0;0;0.0004;0;0;0;0;0;0;0;-0.0004;-0.0884;0;0;0;0;0;0;0;0;0;-0.7452;0;0.7452;1;1;0;0;0;0
12/04/21 05:00;0;0;90;0;0;90;0;0;0;0;2.0002;3.54;0;0;0;0;0;0;0;0;0;0;0;0;0;1;1;1;1;0;0;0;0;0;0;0;0;0;0;0;0;0;0;0;0;0;0;0;0;0;0;0;0;0;0;0;0;0;0;0;0;0;0;0;1;1;1;1;1;1;1;1;1;1;1;1;1;1;1;1;1;1;1;0;0;0;0;0;0;0;0;0;0.0004;0.088;-0.0884;0;0;0;0;0;0;0;0;0;0;0;0;0;0;0;0;0;0;0;-2.0002;0;0;0;0;0.0004;0;0;0;0;0;0;0;-0.0004;-0.0884;0;0;0;0;0;0;0;0;0;-0.7452;0;0.7452;1;1;0;0;0;0
12/04/21 06:00;3.6457;-76.485;81.129;3.7493;5.3758;-90;-5.3758;21.996;18.699;3.2974;2.2801;3.0901;0;7.9972;17.945;1.7308;0;0.0097;27.683;0;27.683;7.9972;1.7308;17.945;0.0097;0.2889;0.6486;0;0.0003;27.628;0.055;0;0;0.047;0.0081;23.177;4.2848;2.8867;0.6247;0.773;0.0004;27.462;0.1658;0.048;0.0104;0.1074;0;23.178;5.0625;1.0956;17.018;0.0013;10.682;8.5351;3.253;0.0003;0.1287;1.8516;0.0006;1.98;0;1;0;0;1.2585;0.998;1;1;0.9974;0.1676;0.844;0.6369;1;0.9565;0.7767;0.994;0.994;1;0.994;0.994;0.8372;0.9483;0.1294;0.0788;0.07;0.0004;0.0093;-0.0055;0.0005;0.0016;0.0003;0;0;0.088;-0.0298;0;0;0;0;0;0;0;0;0;0;0;0;0.0013;0;0.0619;0.0619;0;3.4235;3.4235;1.1435;0.0493;57.932;1069.1;1;0.0038;0.0038;0;0;0;0;0;0;0.0582;-0.0298;0;14.784;17.12;-7.1171;-8.2415;93.941;93.941;0.6644;0.5223;-0.2514;0.1421;0.7738;0.2138;1.1646;0;10.663;0;0
12/04/21 07:00;13.018;-69.137;56.886;13.897;21.729;-90;-21.729;199.7;32.901;166.8;6.3903;3.1701;0;404.54;14.438;43.486;0;1.419;463.88;0;463.88;404.54;43.486;14.438;1.419;0.8721;0.0342;0;0.0031;462.31;1.5732;0;0;0.381;1.1922;447.43;12.103;10.455;1.1238;0.4759;0.0484;459.54;2.7739;2.4272;0.2609;0.0843;0.0014;447.46;391.66;42.101;13.497;0.1771;9.9543;7.9535;3.2863;0.0702;0.1079;1.5524;0.0285;1.5902;0;1;0;0;2.3229;0.9966;1;1;0.9736;0.1598;0.9737;0.974;1;0.9659;0.7854;0.994;0.994;1;0.994;0.994;0.9645;0.9348;0.1248;1.3202;1.2833;0.0077;0.0081;0.0147;0.0088;0.0311;0.0003;0;0;0.088;1.0761;0;0;0;0;0;0;0;0;0;0;0;0;0.0251;0.0042;1.1834;1.1834;0;28.253;28.253;21.862;0.0489;1103.3;1072.6;1;0.0193;0.0193;0;0;0;0;0;0;1.1641;1.0761;0;16.857;19.52;15.329;17.75;98.369;98.369;11.133;9.9795;9.0747;1.1537;0.9049;0.1036;0.0813;0.8151;9.0492;0.8131;0
12/04/21 08:00;24.034;-58.659;28.458;27.57;60;-90;-60;402.2;66.2;336;9.53;3.8101;0;725.31;19.504;86.768;0;20.11;851.7;0;851.7;725.31;86.768;19.504;20.11;0.8516;0.0465;0;0.0236;830.53;21.161;0;0;2.4435;18.718;824.07;1.4833;0.7087;0.0848;0.6;0.0898;825.55;4.9832;4.3519;0.5206;0.1024;0.0084;826.39;720.25;86.163;16.358;1.2938;59.978;47.922;20.636;3.2657;0.7808;11.231;2.3214;8.7464;0;1;0;0;2.1176;0.9752;1;1;0.8747;0.0692;0.9982;0.999;1;0.9646;0.9351;0.994;0.994;1;0.994;0.994;0.9676;0.8387;0.0643;2.4239;2.3869;0.0144;-0.002;0.2131;0.0151;0.0537;0.0019;0;0;0.088;1.9129;0;0;0;0;0;0;0;0;0;0;0;0;0.0432;0.0133;2.0341;2.0341;0;50.457;50.457;40.927;0.0497;2059.4;987.7;1;0.0332;0.0332;0;0;0;0;0;0;2.0009;1.9129;0;15.782;18.275;14.841;17.186;98.367;98.367;20.441;17.154;16.132;3.287;1.0222;0.1608;0.05;0.7892;16.985;0.7815;0
12/04/21 09:00;33.744;-45.837;35.403;42.961;47.039;-90;-47.039;578.01;95.402;482.61;11.46;4.28;0;708.16;28.923;89.511;0;18.41;845;0;845;708.16;89.511;28.923;18.41;0.8381;0.056;0;0.0218;825.41;19.591;0;0;2.5458;17.045;816.2;4.2571;2.9538;0.3734;0.8604;0.0695;820.45;4.9524;4.2489;0.5371;0.1583;0.0082;820.57;700.95;88.6;25.358;1.2868;238.26;190.37;76.858;2.0629;2.7252;39.201;4.3759;39.863;0;1;0;0;1.4619;0.9768;1;1;0.912;0.0741;0.9948;0.9958;1;0.9672;0.9488;0.994;0.994;1;0.994;0.994;0.9659;0.8768;0.0699;2.4048;2.4262;0.0146;-0.002;0.2303;0.0153;0.0542;0.0067;0;0;0.088;1.9284;0;0;0;0;0;0;0;0;0;0;0;0;0.0437;0.0137;2.0497;2.0497;0;52.05;52.05;40.59;0.0497;2091.4;980.06;1;0.0334;0.0334;0;0;0;0;0;0;2.0164;1.9284;0;16.029;18.561;15.08;17.462;98.373;98.373;20.28;17.286;16.262;2.9944;1.0234;0.1477;0.0505;0.8019;21.94;0.775;0
12/04/21 10:00;41.285;-29.7;40.747;60.565;29.435;-90;-29.435;700.49;115.6;584.89;13.64;4.1;0;671.59;37.586;86.596;0;9.0425;804.81;0;804.81;671.59;86.596;37.586;9.0425;0.8345;0.0579;0;0.0112;795.33;9.48;0;0;1.6129;7.8671;783.67;6.8943;4.8876;0.6302;1.1678;0.2087;790.56;4.772;4.0295;0.5196;0.2158;0.0071;786.12;662.67;85.446;34.59;0.9597;373.9;298.75;122.8;0.5351;3.9586;56.943;2.4486;60.366;0;1;0;0;1.1489;0.9882;1;1;0.9571;0.13;0.9913;0.9927;1;0.9673;0.8214;0.994;0.994;1;0.994;0.994;0.9737;0.9203;0.1061;2.2904;2.3632;0.0142;-0.002;0.2294;0.0149;0.0527;0.0097;0;0;0.088;1.8687;0;0;0;0;0;0;0;0;0;0;0;0;0.0424;0.0131;1.9888;1.9888;0;52.633;52.633;38.992;0.0498;2035.6;976.99;1;0.0321;0.0321;0;0;0;0;0;0;1.9567;1.8687;0;16.329;18.909;15.343;17.767;98.384;98.384;19.316;16.772;15.759;2.5438;1.0131;0.1317;0.0525;0.8159;24.678;0.7748;0
12/04/21 11:00;45.488;-10.084;43.648;80.233;9.767;-90;-9.767;770.19;127.1;643.09;15.09;3.95;0;652.55;42.432;85.598;0;1.1163;781.7;0;781.7;652.55;85.598;42.432;1.1163;0.8348;0.0557;0;0.0014;780.48;1.221;0;0;0.2939;0.9271;767.42;8.3771;5.8496;0.7673;1.718;0.0422;775.79;4.6829;3.9153;0.5136;0.2528;0.0011;767.62;642.79;84.317;40.167;0.1459;450.01;359.55;146.6;0.0115;4.8008;69.057;0.2076;73.846;0;1;0;0;1.0149;0.9984;1;1;0.9931;0.1696;0.9892;0.991;1;0.959;0.7755;0.994;0.994;1;0.994;0.994;0.9817;0.9466;0.1307;2.2246;2.3345;0.0141;-0.0019;0.2323;0.0146;0.0519;0.0117;0;0;0.088;1.8379;0;0;0;0;0;0;0;0;0;0;0;0;0.0418;0.0127;1.9573;1.9573;0;53.296;53.296;38.206;0.0498;2010;973.8;1;0.0315;0.0315;0;0;0;0;0;0;1.9259;1.8379;0;16.546;19.16;15.536;17.99;98.392;98.392;18.761;16.506;15.499;2.2543;1.0075;0.1202;0.0537;0.8261;25.421;0.7749;0
12/04/21 12:00;45.379;11.095;43.574;79.247;10.753;90;10.753;767.1;126.5;640.6;16.11;3.96;0;652.05;42.333;85.29;0;1.347;781.02;0;781.02;652.05;85.29;42.333;1.347;0.8349;0.0559;0;0.0017;779.56;1.4667;0;0;0.3458;1.1209;766.57;8.3148;5.8169;0.7609;1.6865;0.0506;774.88;4.6773;3.9123;0.5117;0.2519;0.0014;766.83;642.33;84.017;40.049;0.1742;447.29;357.38;145.76;0.0165;4.7691;68.601;0.2625;73.354;0;1;0;0;1.0181;0.9981;1;1;0.9918;0.1679;0.9893;0.991;1;0.9596;0.7748;0.994;0.994;1;0.994;0.994;0.9815;0.946;0.1293;2.2227;2.3314;0.014;-0.0019;0.2404;0.0146;0.0516;0.0116;0;0;0.088;1.8276;0;0;0;0;0;0;0;0;0;0;0;0;0.0416;0.0127;1.9468;1.9468;0;54.305;54.305;38.195;0.0498;2007.5;969.73;1;0.0312;0.0312;0;0;0;0;0;0;1.9156;1.8276;0;16.471;19.073;15.462;17.905;98.398;98.398;18.745;16.417;15.412;2.3272;1.0052;0.1242;0.0536;0.8222;25.424;0.7715;0
12/04/21 13:00;40.986;30.567;40.539;59.659;30.341;90;30.341;691.7;123.1;568.6;16.42;3.8901;0;658.84;41.507;91.007;0;9.4738;800.82;0;800.82;658.84;91.007;41.507;9.4738;0.8227;0.0637;0;0.0118;790.63;10.193;0;0;1.875;8.3176;779.04;6.8509;4.715;0.6513;1.2826;0.202;785.89;4.7438;3.953;0.546;0.2378;0.0069;781.68;650.17;89.81;38.112;0.9472;366.9;293.15;119.56;0.6559;3.9545;56.884;2.6436;60.182;0;1;0;0;1.1578;0.9873;1;1;0.9548;0.122;0.9913;0.9928;1;0.9674;0.8243;0.994;0.994;1;0.994;0.994;0.9728;0.9182;0.1;2.2791;2.3504;0.0142;-0.0019;0.2504;0.0146;0.0518;0.0096;0;0;0.088;1.8377;0;0;0;0;0;0;0;0;0;0;0;0;0.0418;0.0129;1.957;1.957;0;55.266;55.266;38.846;0.0499;2025.2;966.36;1;0.0313;0.0313;0;0;0;0;0;0;1.9257;1.8377;0;16.148;18.7;15.164;17.559;98.4;98.4;19.22;16.504;15.498;2.7158;1.0062;0.1413;0.0524;0.8063;27.422;0.7656;0
12/04/21 14:00;33.315;46.528;35.095;42.167;47.833;90;47.833;563.69;121.6;442.09;17;3.64;0;658.57;41.419;107.3;0;18.529;825.82;0;825.82;658.57;107.3;41.419;18.529;0.7975;0.0726;0;0.0224;804.81;21.012;0;0;3.7479;17.264;795.63;4.3517;2.6291;0.4284;1.2318;0.0624;799.98;4.8289;3.9514;0.6438;0.226;0.0076;800.16;651.99;106.23;36.213;1.1951;231.54;185;73.823;3.1279;2.7776;39.954;4.5246;39.604;0;1;0;0;1.465;0.9746;1;1;0.9095;0.0683;0.9946;0.996;1;0.9671;0.9504;0.994;0.994;1;0.994;0.994;0.9634;0.8743;0.0645;2.3502;2.3693;0.0143;-0.002;0.2648;0.0146;0.0519;0.0067;0;0;0.088;1.8447;0;0;0;0;0;0;0;0;0;0;0;0;0.0418;0.0132;1.964;1.964;0;56.72;56.72;39.72;0.0499;2043.2;961.23;1;0.0313;0.0313;0;0;0;0;0;0;1.9327;1.8447;0;15.715;18.198;14.76;17.092;98.404;98.404;19.82;16.563;15.556;3.2571;1.0065;0.1643;0.0508;0.7849;31.656;0.7574;0
12/04/21 15:00;23.524;59.212;28.151;26.873;60;90;60;379.69;131.8;247.89;17.08;3.2699;0;547.6;53.668;133.08;0;18.985;753.33;0;753.33;547.6;133.08;53.668;18.985;0.7269;0.0964;0;0.0252;728.83;24.507;0;0;6.747;17.76;722.06;2.3911;0.5293;0.1286;1.6502;0.083;724.45;4.373;3.2856;0.7985;0.2815;0.0073;724.87;543.78;132.15;44.989;1.1341;75.573;60.383;26.859;8.977;1.2441;17.896;2.8073;10.163;0;1;0;0;1.9841;0.9675;1;1;0.8743;0.0645;0.9967;0.999;1;0.9646;0.9318;0.994;0.994;1;0.994;0.994;0.9585;0.8383;0.0597;2.1439;2.1098;0.0127;-0.001;0.2084;0.0132;0.0469;0.003;0;0;0.088;1.662;0;0;0;0;0;0;0;0;0;0;0;0;0.0378;0.0106;1.7782;1.7782;0;53.024;53.024;35.944;0.0498;1819.9;977.04;1;0.0281;0.0281;0;0;0;0;0;0;1.75;1.662;0;15.597;18.061;14.579;16.882;98.418;98.418;18.08;14.995;14.016;3.0845;0.9794;0.1706;0.0542;0.7752;46.722;0.7617;0
12/04/21 16:00;12.462;69.603;58.443;13.267;20.552;90;20.552;172.49;115.8;56.694;16.3;2.3001;0;137.5;90.434;54.303;0;1.0978;283.33;0;283.33;137.5;54.303;90.434;1.0978;0.4853;0.3231;0;0.0039;280.22;3.1107;0;0;2.189;0.9217;269.53;9.0064;4.2677;1.6855;3.0148;0.0385;278.54;1.6813;0.825;0.3258;0.5295;0.0011;269.69;132.41;52.292;84.701;0.1366;56.726;45.324;17.824;0.3569;0.6709;9.6512;0.1545;9.9652;0;1;0;0;1.6426;0.989;1;1;0.9758;0.1604;0.9677;0.9688;1;0.9656;0.7801;0.994;0.994;1;0.994;0.994;0.9513;0.9366;0.1244;0.8063;0.7909;0.0048;0.0149;0.0128;0.0053;0.0188;0.0018;0;0;0.088;0.6156;0;0;0;0;0;0;0;0;0;0;0;0;0.0152;0.0018;0.7157;0.7157;0;29.525;29.525;13.225;0.0491;677.81;1055.9;1;0.0121;0.0121;0;0;0;0;0;0;0.7036;0.6156;0;16.691;19.328;14.356;16.624;98.307;98.307;6.8;6.0354;5.1911;0.7646;0.8443;0.1124;0.1242;0.7634;56.339;0.7444;0
12/04/21 17:00;3.4655;76.618;81.57;3.562;5.1042;90;5.1042;0.1953;0.1953;0;14.33;2.4699;0;0;0.195;0;0;0.0001;0.195;0.195;0;0;0;0;0;1;1;1;1;0;0;0;0;0;0;0;0;0;0;0;0;0;0;0;0;0;0;0;0;0;0;0;0;0;0;0;0;0;0;0;0;0;0;0;0;1;1;1;1;1;1;1;1;1;1;1;1;1;0;0;1;0;0;0;0;0;0;0;0;0;0;0;0.0004;0.088;-0.0884;0;0;0;0;0;0;0;0;0;0;0;0;0;0;0;0;0;0;0;-14.33;0;0;0;0;0.0004;0;0;0;0;0;0;0;-0.0004;-0.0884;0;0;0;0;0;0;0;0;0;-0.7452;0;0.7452;1;1;0;0;0;0
12/04/21 18:00;0;0;90;0;0;90;0;0;0;0;11.19;2.5;0;0;0;0;0;0;0;0;0;0;0;0;0;1;1;1;1;0;0;0;0;0;0;0;0;0;0;0;0;0;0;0;0;0;0;0;0;0;0;0;0;0;0;0;0;0;0;0;0;0;0;0;1;1;1;1;1;1;1;1;1;1;1;1;1;1;1;1;1;1;1;0;0;0;0;0;0;0;0;0;0.0004;0.088;-0.0884;0;0;0;0;0;0;0;0;0;0;0;0;0;0;0;0;0;0;0;-11.19;0;0;0;0;0.0004;0;0;0;0;0;0;0;-0.0004;-0.0884;0;0;0;0;0;0;0;0;0;-0.7452;0;0.7452;1;1;0;0;0;0
12/04/21 19:00;0;0;90;0;0;90;0;0;0;0;7.6201;2.33;0;0;0;0;0;0;0;0;0;0;0;0;0;1;1;1;1;0;0;0;0;0;0;0;0;0;0;0;0;0;0;0;0;0;0;0;0;0;0;0;0;0;0;0;0;0;0;0;0;0;0;0;1;1;1;1;1;1;1;1;1;1;1;1;1;1;1;1;1;1;1;0;0;0;0;0;0;0;0;0;0.0004;0.088;-0.0884;0;0;0;0;0;0;0;0;0;0;0;0;0;0;0;0;0;0;0;-7.6201;0;0;0;0;0.0004;0;0;0;0;0;0;0;-0.0004;-0.0884;0;0;0;0;0;0;0;0;0;-0.7452;0;0.7452;1;1;0;0;0;0
12/04/21 20:00;0;0;90;0;0;90;0;0;0;0;6.26;2.0601;0;0;0;0;0;0;0;0;0;0;0;0;0;1;1;1;1;0;0;0;0;0;0;0;0;0;0;0;0;0;0;0;0;0;0;0;0;0;0;0;0;0;0;0;0;0;0;0;0;0;0;0;1;1;1;1;1;1;1;1;1;1;1;1;1;1;1;1;1;1;1;0;0;0;0;0;0;0;0;0;0.0004;0.088;-0.0884;0;0;0;0;0;0;0;0;0;0;0;0;0;0;0;0;0;0;0;-6.26;0;0;0;0;0.0004;0;0;0;0;0;0;0;-0.0004;-0.0884;0;0;0;0;0;0;0;0;0;-0.7452;0;0.7452;1;1;0;0;0;0
12/04/21 21:00;0;0;90;0;0;90;0;0;0;0;5.8798;1.8;0;0;0;0;0;0;0;0;0;0;0;0;0;1;1;1;1;0;0;0;0;0;0;0;0;0;0;0;0;0;0;0;0;0;0;0;0;0;0;0;0;0;0;0;0;0;0;0;0;0;0;0;1;1;1;1;1;1;1;1;1;1;1;1;1;1;1;1;1;1;1;0;0;0;0;0;0;0;0;0;0.0004;0.088;-0.0884;0;0;0;0;0;0;0;0;0;0;0;0;0;0;0;0;0;0;0;-5.8798;0;0;0;0;0.0004;0;0;0;0;0;0;0;-0.0004;-0.0884;0;0;0;0;0;0;0;0;0;-0.7452;0;0.7452;1;1;0;0;0;0
12/04/21 22:00;0;0;90;0;0;90;0;0;0;0;4.6799;1.62;0;0;0;0;0;0;0;0;0;0;0;0;0;1;1;1;1;0;0;0;0;0;0;0;0;0;0;0;0;0;0;0;0;0;0;0;0;0;0;0;0;0;0;0;0;0;0;0;0;0;0;0;1;1;1;1;1;1;1;1;1;1;1;1;1;1;1;1;1;1;1;0;0;0;0;0;0;0;0;0;0.0004;0.088;-0.0884;0;0;0;0;0;0;0;0;0;0;0;0;0;0;0;0;0;0;0;-4.6799;0;0;0;0;0.0004;0;0;0;0;0;0;0;-0.0004;-0.0884;0;0;0;0;0;0;0;0;0;-0.7452;0;0.7452;1;1;0;0;0;0
12/04/21 23:00;0;0;90;0;0;90;0;0;0;0;4.2598;1.5299;0;0;0;0;0;0;0;0;0;0;0;0;0;1;1;1;1;0;0;0;0;0;0;0;0;0;0;0;0;0;0;0;0;0;0;0;0;0;0;0;0;0;0;0;0;0;0;0;0;0;0;0;1;1;1;1;1;1;1;1;1;1;1;1;1;1;1;1;1;1;1;0;0;0;0;0;0;0;0;0;0.0004;0.088;-0.0884;0;0;0;0;0;0;0;0;0;0;0;0;0;0;0;0;0;0;0;-4.2598;0;0;0;0;0.0004;0;0;0;0;0;0;0;-0.0004;-0.0884;0;0;0;0;0;0;0;0;0;-0.7452;0;0.7452;1;1;0;0;0;0
13/04/21 00:00;0;0;90;0;0;90;0;0;0;0;4.2498;1.5801;0;0;0;0;0;0;0;0;0;0;0;0;0;1;1;1;1;0;0;0;0;0;0;0;0;0;0;0;0;0;0;0;0;0;0;0;0;0;0;0;0;0;0;0;0;0;0;0;0;0;0;0;1;1;1;1;1;1;1;1;1;1;1;1;1;1;1;1;1;1;1;0;0;0;0;0;0;0;0;0;0.0004;0.088;-0.0884;0;0;0;0;0;0;0;0;0;0;0;0;0;0;0;0;0;0;0;-4.2498;0;0;0;0;0.0004;0;0;0;0;0;0;0;-0.0004;-0.0884;0;0;0;0;0;0;0;0;0;-0.7452;0;0.7452;1;1;0;0;0;0
13/04/21 01:00;0;0;90;0;0;90;0;0;0;0;3.0798;2.0099;0;0;0;0;0;0;0;0;0;0;0;0;0;1;1;1;1;0;0;0;0;0;0;0;0;0;0;0;0;0;0;0;0;0;0;0;0;0;0;0;0;0;0;0;0;0;0;0;0;0;0;0;1;1;1;1;1;1;1;1;1;1;1;1;1;1;1;1;1;1;1;0;0;0;0;0;0;0;0;0;0.0004;0.088;-0.0884;0;0;0;0;0;0;0;0;0;0;0;0;0;0;0;0;0;0;0;-3.0798;0;0;0;0;0.0004;0;0;0;0;0;0;0;-0.0004;-0.0884;0;0;0;0;0;0;0;0;0;-0.7452;0;0.7452;1;1;0;0;0;0
13/04/21 02:00;0;0;90;0;0;90;0;0;0;0;2.6603;2.44;0;0;0;0;0;0;0;0;0;0;0;0;0;1;1;1;1;0;0;0;0;0;0;0;0;0;0;0;0;0;0;0;0;0;0;0;0;0;0;0;0;0;0;0;0;0;0;0;0;0;0;0;1;1;1;1;1;1;1;1;1;1;1;1;1;1;1;1;1;1;1;0;0;0;0;0;0;0;0;0;0.0004;0.088;-0.0884;0;0;0;0;0;0;0;0;0;0;0;0;0;0;0;0;0;0;0;-2.6603;0;0;0;0;0.0004;0;0;0;0;0;0;0;-0.0004;-0.0884;0;0;0;0;0;0;0;0;0;-0.7452;0;0.7452;1;1;0;0;0;0
13/04/21 03:00;0;0;90;0;0;90;0;0;0;0;2.7002;2.58;0;0;0;0;0;0;0;0;0;0;0;0;0;1;1;1;1;0;0;0;0;0;0;0;0;0;0;0;0;0;0;0;0;0;0;0;0;0;0;0;0;0;0;0;0;0;0;0;0;0;0;0;1;1;1;1;1;1;1;1;1;1;1;1;1;1;1;1;1;1;1;0;0;0;0;0;0;0;0;0;0.0004;0.088;-0.0884;0;0;0;0;0;0;0;0;0;0;0;0;0;0;0;0;0;0;0;-2.7002;0;0;0;0;0.0004;0;0;0;0;0;0;0;-0.0004;-0.0884;0;0;0;0;0;0;0;0;0;-0.7452;0;0.7452;1;1;0;0;0;0
13/04/21 04:00;0;0;90;0;0;90;0;0;0;0;2.77;2.7199;0;0;0;0;0;0;0;0;0;0;0;0;0;1;1;1;1;0;0;0;0;0;0;0;0;0;0;0;0;0;0;0;0;0;0;0;0;0;0;0;0;0;0;0;0;0;0;0;0;0;0;0;1;1;1;1;1;1;1;1;1;1;1;1;1;1;1;1;1;1;1;0;0;0;0;0;0;0;0;0;0.0004;0.088;-0.0884;0;0;0;0;0;0;0;0;0;0;0;0;0;0;0;0;0;0;0;-2.77;0;0;0;0;0.0004;0;0;0;0;0;0;0;-0.0004;-0.0884;0;0;0;0;0;0;0;0;0;-0.7452;0;0.7452;1;1;0;0;0;0
13/04/21 05:00;0;0;90;0;0;90;0;0;0;0;1.4697;2.82;0;0;0;0;0;0;0;0;0;0;0;0;0;1;1;1;1;0;0;0;0;0;0;0;0;0;0;0;0;0;0;0;0;0;0;0;0;0;0;0;0;0;0;0;0;0;0;0;0;0;0;0;1;1;1;1;1;1;1;1;1;1;1;1;1;1;1;1;1;1;1;0;0;0;0;0;0;0;0;0;0.0004;0.088;-0.0884;0;0;0;0;0;0;0;0;0;0;0;0;0;0;0;0;0;0;0;-1.4697;0;0;0;0;0.0004;0;0;0;0;0;0;0;-0.0004;-0.0884;0;0;0;0;0;0;0;0;0;-0.7452;0;0.7452;1;1;0;0;0;0
13/04/21 06:00;3.6816;-76.006;81.041;3.7939;5.4406;-90;-5.4406;22.191;18.898;3.2933;1.6;3.9801;0;7.9871;18.143;1.731;0;0.01;27.871;0;27.871;7.9871;1.731;18.143;0.01;0.2866;0.6513;0;0.0004;27.815;0.0567;0;0;0.0484;0.0083;23.392;4.2555;2.8554;0.6188;0.7809;0.0004;27.648;0.1669;0.0479;0.0104;0.1086;0;23.393;5.0838;1.1018;17.205;0.0013;10.801;8.6298;3.3054;0.0003;0.1291;1.8569;0.0006;1.9857;0;1;0;0;1.256;0.998;1;1;0.9973;0.1676;0.8461;0.6403;1;0.9566;0.7767;0.994;0.994;1;0.994;0.994;0.8393;0.9483;0.1294;0.0793;0.0706;0.0004;0.0094;-0.0057;0.0005;0.0017;0.0003;0;0;0.088;-0.0291;0;0;0;0;0;0;0;0;0;0;0;0;0.0013;0.0001;0.0627;0.0627;0;2.7533;2.7533;1.1533;0.0493;58.452;1072.5;1;0.0038;0.0038;0;0;0;0;0;0;0.0589;-0.0291;0;14.863;17.212;-6.8989;-7.9887;93.954;93.954;0.6689;0.5287;-0.2454;0.1402;0.7741;0.2096;1.1572;0;10.781;0;0
13/04/21 07:00;12.839;-68.807;57.391;13.736;21.425;-90;-21.425;159.3;54.3;105;5.8399;3.6699;0;254.67;34.181;45.827;0;1.1008;335.78;0;335.78;254.67;45.827;34.181;1.1008;0.7584;0.1051;0;0.0033;333.97;1.8055;0;0;0.8817;0.9237;322.56;9.408;6.9834;1.2567;1.1299;0.0379;331.97;2.0038;1.528;0.275;0.1998;0.0011;322.62;246.15;44.295;31.97;0.1381;21.996;17.575;7.0103;0.1573;0.255;3.6674;0.0651;3.7651;0;1;0;0;2.1078;0.9946;1;1;0.9742;0.1609;0.9717;0.9724;1;0.9659;0.7844;0.994;0.994;1;0.994;0.994;0.9606;0.9353;0.1254;0.9556;0.9304;0.0056;0.0131;-0.0114;0.0065;0.0229;0.0007;0;0;0.088;0.7693;0;0;0;0;0;0;0;0;0;0;0;0;0.0185;0.0023;0.8722;0.8722;0;21.543;21.543;15.703;0.0487;797.3;1093.9;1;0.0148;0.0148;0;0;0;0;0;0;0.8573;0.7693;0;17.164;19.875;15.14;17.532;98.3;98.3;8.0586;7.355;6.4879;0.7036;0.8672;0.0873;0.1076;0.8051;21.389;0.7986;0
13/04/21 08:00;23.823;-58.328;28.812;27.42;60;-90;-60;395.11;65.103;330;9.7002;3.47;0;715.87;19.451;84.967;0;19.755;840.05;0;840.05;715.87;84.967;19.451;19.755;0.8522;0.0467;0;0.0235;819.22;20.825;0;0;2.4369;18.388;812.83;1.4788;0.7082;0.0841;0.5984;0.0882;814.31;4.9153;4.2952;0.5098;0.1021;0.0082;814.88;710.87;84.373;16.314;1.271;57.523;45.961;20.574;3.2568;0.7061;10.156;2.0501;7.6056;0;1;0;0;2.1261;0.9752;1;1;0.8747;0.0692;0.9982;0.999;1;0.9646;0.9351;0.994;0.994;1;0.994;0.994;0.9676;0.8387;0.0643;2.3907;2.3518;0.0142;-0.0019;0.2067;0.0149;0.0529;0.0017;0;0;0.088;1.8869;0;0;0;0;0;0;0;0;0;0;0;0;0.0427;0.013;2.0076;2.0076;0;50.056;50.056;40.356;0.0496;2029.1;989.44;1;0.0327;0.0327;0;0;0;0;0;0;1.9749;1.8869;0;15.792;18.287;14.843;17.187;98.369;98.369;20.161;16.931;15.912;3.2306;1.0182;0.1602;0.0505;0.7893;16.938;0.7822;0
13/04/21 09:00;33.491;-45.515;35.759;42.843;47.157;-90;-47.157;574.59;94.797;479.79;14.99;3.5001;0;705.58;28.644;89.26;0;18.387;841.87;0;841.87;705.58;89.26;28.644;18.387;0.8381;0.0559;0;0.0218;822.32;19.558;0;0;2.5304;17.027;812.98;4.4006;3.0891;0.3908;0.8521;0.0686;817.38;4.9339;4.2335;0.5356;0.1567;0.0082;817.35;698.26;88.334;25.105;1.2831;236.12;188.66;76.112;2.0607;2.7052;38.913;4.367;39.557;0;1;0;0;1.4652;0.9768;1;1;0.9117;0.074;0.9946;0.9956;1;0.9672;0.9492;0.994;0.994;1;0.994;0.994;0.9657;0.8764;0.0698;2.3959;2.4164;0.0146;-0.002;0.2596;0.015;0.0532;0.0066;0;0;0.088;1.8926;0;0;0;0;0;0;0;0;0;0;0;0;0.0429;0.0136;2.013;2.013;0;55.536;55.536;40.546;0.0499;2083.7;966.05;1;0.0324;0.0324;0;0;0;0;0;0;1.9806;1.8926;0;15.8;18.296;14.855;17.202;98.392;98.392;20.205;16.976;15.961;3.2294;1.0151;0.1598;0.0502;0.7899;21.753;0.7635;0
13/04/21 10:00;40.98;-29.424;41.113;60.51;29.49;-90;-29.49;687.89;113.2;574.69;17.45;3.54;0;660.22;37.552;83.923;0;8.912;790.61;0;790.61;660.22;83.923;37.552;8.912;0.8351;0.0588;0;0.0113;781.24;9.3718;0;0;1.6162;7.7556;769.61;6.9454;4.9455;0.6286;1.1663;0.2049;776.55;4.6874;3.9613;0.5035;0.2156;0.0069;772.02;651.32;82.791;34.554;0.9446;367.08;293.29;120.57;0.538;3.8866;55.908;2.4149;59.257;0;1;0;0;1.1493;0.9881;1;1;0.957;0.1298;0.9911;0.9925;1;0.9673;0.8217;0.994;0.994;1;0.994;0.994;0.9734;0.9202;0.106;2.25;2.3208;0.014;-0.0019;0.2522;0.0144;0.0511;0.0094;0;0;0.088;1.8092;0;0;0;0;0;0;0;0;0;0;0;0;0.0411;0.0126;1.9279;1.9279;0;55.845;55.845;38.395;0.0499;1999.8;964.04;1;0.0307;0.0307;0;0;0;0;0;0;1.8972;1.8092;0;16.114;18.659;15.121;17.51;98.406;98.406;18.975;16.258;15.257;2.7162;1.0012;0.1431;0.0528;0.8041;24.664;0.7637;0
13/04/21 11:00;45.139;-9.9178;44.015;80.274;9.7262;-90;-9.7262;755.89;124.4;631.49;18.46;3.54;0;640.7;42.479;82.802;0;1.0865;767.07;0;767.07;640.7;82.802;42.479;1.0865;0.8353;0.0568;0;0.0014;765.88;1.1945;0;0;0.2922;0.9023;752.88;8.4023;5.8802;0.7599;1.7211;0.0411;761.28;4.5953;3.8442;0.4968;0.2531;0.0011;753.08;630.98;81.545;40.212;0.142;441.7;352.91;143.88;0.0113;4.7129;67.793;0.2016;72.495;0;1;0;0;1.0148;0.9984;1;1;0.9931;0.1695;0.989;0.9908;1;0.959;0.7755;0.994;0.994;1;0.994;0.994;0.9815;0.9466;0.1307;2.183;2.2904;0.0138;-0.0018;0.2505;0.0142;0.0503;0.0114;0;0;0.088;1.781;0;0;0;0;0;0;0;0;0;0;0;0;0.0406;0.0123;1.8992;1.8992;0;56.027;56.027;37.568;0.0499;1972.6;962.77;1;0.0302;0.0302;0;0;0;0;0;0;1.869;1.781;0;16.361;18.945;15.343;17.766;98.412;98.412;18.41;16.016;15.02;2.3937;0.9964;0.13;0.0541;0.8158;25.446;0.7652;0
13/04/21 12:00;45.01;11.105;43.927;79.102;10.898;90;10.898;671.09;171.2;499.89;19.6;3.62;0;509.07;81.352;90.746;0;1.2104;682.38;0;682.38;509.07;90.746;81.352;1.2104;0.746;0.121;0;0.0018;680.69;1.6868;0;0;0.6796;1.0071;667.86;8.7527;4.6459;0.8282;3.2331;0.0455;676.61;4.0842;3.0544;0.5445;0.484;0.0012;668.09;501.37;89.373;76.955;0.1565;391.77;313.02;127.15;0.033;4.2121;60.589;0.2362;64.768;0;1;0;0;1.0168;0.9975;1;1;0.9916;0.1679;0.9871;0.9908;1;0.9597;0.7748;0.994;0.994;1;0.994;0.994;0.9787;0.946;0.1293;1.942;2.0328;0.0122;-0.0005;0.1997;0.0127;0.0452;0.0103;0;0;0.088;1.5921;0;0;0;0;0;0;0;0;0;0;0;0;0.0364;0.0098;1.7069;1.7069;0;52.847;52.847;33.247;0.0498;1749.5;975.64;1;0.0268;0.0268;0;0;0;0;0;0;1.6801;1.5921;0;16.529;19.14;15.418;17.854;98.432;98.432;16.377;14.395;13.427;1.9825;0.9678;0.1211;0.0591;0.8199;48.877;0.7687;0
13/04/21 13:00;40.63;30.445;40.866;59.435;30.565;90;30.565;625.6;163.4;462.2;20.64;3.63;0;536.78;72.575;99.187;0;8.6922;717.23;0;717.23;536.78;99.187;72.575;8.6922;0.7484;0.1133;0;0.0121;706.28;10.957;0;0;3.317;7.6398;694.94;7.0945;3.9436;0.7287;2.2399;0.1823;702.04;4.2377;3.2207;0.5951;0.4155;0.0063;697.4;529.61;97.863;66.602;0.8638;334.69;267.41;109.06;1.1743;3.6448;52.429;2.4514;54.899;0;1;0;0;1.1465;0.9847;1;1;0.9543;0.1211;0.9899;0.9926;1;0.9675;0.8257;0.994;0.994;1;0.994;0.994;0.9689;0.9177;0.0994;2.0412;2.1003;0.0126;-0.001;0.2247;0.013;0.0463;0.0088;0;0;0.088;1.6327;0;0;0;0;0;0;0;0;0;0;0;0;0.0373;0.0105;1.748;1.748;0;55.302;55.302;34.662;0.0499;1809.5;966.05;1;0.0274;0.0274;0;0;0;0;0;0;1.7207;1.6327;0;16.105;18.649;15.042;17.418;98.435;98.435;17.214;14.742;13.769;2.4721;0.9728;0.1436;0.0565;0.7999;48.022;0.7584;0
13/04/21 14:00;32.986;46.33;35.394;41.902;48.098;90;48.098;324.8;263.5;61.305;20.71;3.47;0;91.793;201.52;32.715;0;10.788;336.81;0;336.81;91.793;32.715;201.52;10.788;0.2725;0.6303;0;0.032;308.38;28.437;0;0;18.382;10.055;299.98;6.5485;0.3824;0.1363;5.9944;0.0355;306.53;1.8503;0.5508;0.1963;1.0988;0.0044;303.77;90.86;32.382;176.04;0.6932;186.48;149;64.01;15.492;2.7843;40.052;3.7936;27.344;0;1;0;0;1.037;0.9156;1;1;0.9088;0.068;0.9786;0.9958;1;0.9671;0.9513;0.994;0.994;1;0.994;0.994;0.8906;0.8736;0.0643;0.9585;0.9493;0.0057;0.0129;0.0356;0.0063;0.0222;0.0072;0;0;0.088;0.7376;0;0;0;0;0;0;0;0;0;0;0;0;0.0179;0.0024;0.8392;0.8392;0;35.491;35.491;14.781;0.0493;813.42;1031.7;1;0.0135;0.0135;0;0;0;0;0;0;0.8256;0.7376;0;16.464;19.065;14.472;16.758;98.386;98.386;8.0835;7.0768;6.2205;1.0067;0.8563;0.1245;0.1059;0.7695;154.41;0.7066;0
13/04/21 15:00;23.223;58.981;28.454;26.596;60;90;60;186.5;174.1;12.395;20.47;2.29;0;27.638;127.55;8.9864;0;9.3248;173.5;0;173.5;27.638;8.9864;127.55;9.3248;0.1593;0.7889;0;0.0537;148.74;24.759;0;0;16.036;8.7234;143.85;3.9987;0.027;0.0088;3.9222;0.0408;147.85;0.8925;0.1658;0.0539;0.6691;0.0036;147.59;27.446;8.9237;106.93;0.557;112.44;89.841;41.491;21.327;2.2698;32.65;3.733;13.593;0;1;0;0;0.9303;0.8573;1;1;0.8743;0.0645;0.973;0.999;1;0.9646;0.9318;0.994;0.994;1;0.994;0.994;0.8291;0.8383;0.0597;0.4938;0.4876;0.0029;0.0172;0.0045;0.0032;0.0115;0.0059;0;0;0.088;0.3359;0;0;0;0;0;0;0;0;0;0;0;0;0.0093;0.0008;0.4323;0.4323;0;27.554;27.554;7.0838;0.0492;415.09;1041.6;1;0.0085;0.0085;0;0;0;0;0;0;0.4239;0.3359;0;16.466;19.067;12.793;14.813;98.045;98.045;4.1641;3.646;2.8326;0.5181;0.8134;0.1244;0.1953;0.6802;111.04;0.5962;0
13/04/21 16:00;12.182;69.357;59.218;12.99;20.046;90;20.046;109.49;102.2;7.2909;20.04;1.9299;0;17.682;96.583;6.3063;0;0.6633;121.24;0;121.24;17.682;6.3063;96.583;0.6633;0.1459;0.8021;0;0.0055;118.43;2.8021;0;0;2.2462;0.5558;113.65;4.0758;0.6011;0.2144;3.2366;0.0236;117.72;0.7106;0.1061;0.0378;0.566;0.0006;113.8;16.975;6.0541;90.534;0.0832;60.068;47.994;18.781;0.3474;0.7145;10.278;0.1546;10.645;0;1;0;0;1.1073;0.9769;1;1;0.9767;0.162;0.9654;0.9658;1;0.9655;0.7787;0.994;0.994;1;0.994;0.994;0.9374;0.9374;0.1254;0.345;0.3462;0.0021;0.0169;0.0008;0.0023;0.0081;0.0018;0;0;0.088;0.212;0;0;0;0;0;0;0;0;0;0;0;0;0.0065;0.0005;0.3071;0.3071;0;25.64;25.64;5.6;0.0493;295.26;1040.3;1;0.0071;0.0071;0;0;0;0;0;0;0.3;0.212;0;16.741;19.386;11.557;13.383;97.684;97.684;2.9096;2.5902;1.7881;0.3194;0.8021;0.1098;0.2757;0.6145;60.019;0.5779;0
13/04/21 17:00;3.1977;76.364;82.225;3.2902;4.7111;90;4.7111;0;0;0;18.3;1.81;0;0;0;0;0;0;0;0;0;0;0;0;0;1;1;1;1;0;0;0;0;0;0;0;0;0;0;0;0;0;0;0;0;0;0;0;0;0;0;0;0;0;0;0;0;0;0;0;0;0;0;0;1;1;1;1;1;1;1;1;1;1;1;1;1;1;1;1;1;1;1;0;0;0;0;0;0;0;0;0;0.0004;0.088;-0.0884;0;0;0;0;0;0;0;0;0;0;0;0;0;0;0;0;0;0;0;-18.3;0;0;0;0;0.0004;0;0;0;0;0;0;0;-0.0004;-0.0884;0;0;0;0;0;0;0;0;0;-0.7452;0;0.7452;1;1;0;0;0;0
13/04/21 18:00;0;0;90;0;0;90;0;0;0;0;15.34;2.0701;0;0;0;0;0;0;0;0;0;0;0;0;0;1;1;1;1;0;0;0;0;0;0;0;0;0;0;0;0;0;0;0;0;0;0;0;0;0;0;0;0;0;0;0;0;0;0;0;0;0;0;0;1;1;1;1;1;1;1;1;1;1;1;1;1;1;1;1;1;1;1;0;0;0;0;0;0;0;0;0;0.0004;0.088;-0.0884;0;0;0;0;0;0;0;0;0;0;0;0;0;0;0;0;0;0;0;-15.34;0;0;0;0;0.0004;0;0;0;0;0;0;0;-0.0004;-0.0884;0;0;0;0;0;0;0;0;0;-0.7452;0;0.7452;1;1;0;0;0;0
13/04/21 19:00;0;0;90;0;0;90;0;0;0;0;14.7;2.5;0;0;0;0;0;0;0;0;0;0;0;0;0;1;1;1;1;0;0;0;0;0;0;0;0;0;0;0;0;0;0;0;0;0;0;0;0;0;0;0;0;0;0;0;0;0;0;0;0;0;0;0;1;1;1;1;1;1;1;1;1;1;1;1;1;1;1;1;1;1;1;0;0;0;0;0;0;0;0;0;0.0004;0.088;-0.0884;0;0;0;0;0;0;0;0;0;0;0;0;0;0;0;0;0;0;0;-14.7;0;0;0;0;0.0004;0;0;0;0;0;0;0;-0.0004;-0.0884;0;0;0;0;0;0;0;0;0;-0.7452;0;0.7452;1;1;0;0;0;0
13/04/21 20:00;0;0;90;0;0;90;0;0;0;0;15.75;2.8501;0;0;0;0;0;0;0;0;0;0;0;0;0;1;1;1;1;0;0;0;0;0;0;0;0;0;0;0;0;0;0;0;0;0;0;0;0;0;0;0;0;0;0;0;0;0;0;0;0;0;0;0;1;1;1;1;1;1;1;1;1;1;1;1;1;1;1;1;1;1;1;0;0;0;0;0;0;0;0;0;0.0004;0.088;-0.0884;0;0;0;0;0;0;0;0;0;0;0;0;0;0;0;0;0;0;0;-15.75;0;0;0;0;0.0004;0;0;0;0;0;0;0;-0.0004;-0.0884;0;0;0;0;0;0;0;0;0;-0.7452;0;0.7452;1;1;0;0;0;0
13/04/21 21:00;0;0;90;0;0;90;0;0;0;0;15.46;3.15;0;0;0;0;0;0;0;0;0;0;0;0;0;1;1;1;1;0;0;0;0;0;0;0;0;0;0;0;0;0;0;0;0;0;0;0;0;0;0;0;0;0;0;0;0;0;0;0;0;0;0;0;1;1;1;1;1;1;1;1;1;1;1;1;1;1;1;1;1;1;1;0;0;0;0;0;0;0;0;0;0.0004;0.088;-0.0884;0;0;0;0;0;0;0;0;0;0;0;0;0;0;0;0;0;0;0;-15.46;0;0;0;0;0.0004;0;0;0;0;0;0;0;-0.0004;-0.0884;0;0;0;0;0;0;0;0;0;-0.7452;0;0.7452;1;1;0;0;0;0
13/04/21 22:00;0;0;90;0;0;90;0;0;0;0;14.64;3.6699;0;0;0;0;0;0;0;0;0;0;0;0;0;1;1;1;1;0;0;0;0;0;0;0;0;0;0;0;0;0;0;0;0;0;0;0;0;0;0;0;0;0;0;0;0;0;0;0;0;0;0;0;1;1;1;1;1;1;1;1;1;1;1;1;1;1;1;1;1;1;1;0;0;0;0;0;0;0;0;0;0.0004;0.088;-0.0884;0;0;0;0;0;0;0;0;0;0;0;0;0;0;0;0;0;0;0;-14.64;0;0;0;0;0.0004;0;0;0;0;0;0;0;-0.0004;-0.0884;0;0;0;0;0;0;0;0;0;-0.7452;0;0.7452;1;1;0;0;0;0
13/04/21 23:00;0;0;90;0;0;90;0;0;0;0;15;4.02;0;0;0;0;0;0;0;0;0;0;0;0;0;1;1;1;1;0;0;0;0;0;0;0;0;0;0;0;0;0;0;0;0;0;0;0;0;0;0;0;0;0;0;0;0;0;0;0;0;0;0;0;1;1;1;1;1;1;1;1;1;1;1;1;1;1;1;1;1;1;1;0;0;0;0;0;0;0;0;0;0.0004;0.088;-0.0884;0;0;0;0;0;0;0;0;0;0;0;0;0;0;0;0;0;0;0;-15;0;0;0;0;0.0004;0;0;0;0;0;0;0;-0.0004;-0.0884;0;0;0;0;0;0;0;0;0;-0.7452;0;0.7452;1;1;0;0;0;0
14/04/21 00:00;0;0;90;0;0;90;0;0;0;0;14.98;4.0699;0;0;0;0;0;0;0;0;0;0;0;0;0;1;1;1;1;0;0;0;0;0;0;0;0;0;0;0;0;0;0;0;0;0;0;0;0;0;0;0;0;0;0;0;0;0;0;0;0;0;0;0;1;1;1;1;1;1;1;1;1;1;1;1;1;1;1;1;1;1;1;0;0;0;0;0;0;0;0;0;0.0004;0.088;-0.0884;0;0;0;0;0;0;0;0;0;0;0;0;0;0;0;0;0;0;0;-14.98;0;0;0;0;0.0004;0;0;0;0;0;0;0;-0.0004;-0.0884;0;0;0;0;0;0;0;0;0;-0.7452;0;0.7452;1;1;0;0;0;0
14/04/21 01:00;0;0;90;0;0;90;0;0;0;0;15;4.2299;0;0;0;0;0;0;0;0;0;0;0;0;0;1;1;1;1;0;0;0;0;0;0;0;0;0;0;0;0;0;0;0;0;0;0;0;0;0;0;0;0;0;0;0;0;0;0;0;0;0;0;0;1;1;1;1;1;1;1;1;1;1;1;1;1;1;1;1;1;1;1;0;0;0;0;0;0;0;0;0;0.0004;0.088;-0.0884;0;0;0;0;0;0;0;0;0;0;0;0;0;0;0;0;0;0;0;-15;0;0;0;0;0.0004;0;0;0;0;0;0;0;-0.0004;-0.0884;0;0;0;0;0;0;0;0;0;-0.7452;0;0.7452;1;1;0;0;0;0
14/04/21 02:00;0;0;90;0;0;90;0;0;0;0;14.9;4.2;0;0;0;0;0;0;0;0;0;0;0;0;0;1;1;1;1;0;0;0;0;0;0;0;0;0;0;0;0;0;0;0;0;0;0;0;0;0;0;0;0;0;0;0;0;0;0;0;0;0;0;0;1;1;1;1;1;1;1;1;1;1;1;1;1;1;1;1;1;1;1;0;0;0;0;0;0;0;0;0;0.0004;0.088;-0.0884;0;0;0;0;0;0;0;0;0;0;0;0;0;0;0;0;0;0;0;-14.9;0;0;0;0;0.0004;0;0;0;0;0;0;0;-0.0004;-0.0884;0;0;0;0;0;0;0;0;0;-0.7452;0;0.7452;1;1;0;0;0;0
14/04/21 03:00;0;0;90;0;0;90;0;0;0;0;15.1;3.85;0;0;0;0;0;0;0;0;0;0;0;0;0;1;1;1;1;0;0;0;0;0;0;0;0;0;0;0;0;0;0;0;0;0;0;0;0;0;0;0;0;0;0;0;0;0;0;0;0;0;0;0;1;1;1;1;1;1;1;1;1;1;1;1;1;1;1;1;1;1;1;0;0;0;0;0;0;0;0;0;0.0004;0.088;-0.0884;0;0;0;0;0;0;0;0;0;0;0;0;0;0;0;0;0;0;0;-15.1;0;0;0;0;0.0004;0;0;0;0;0;0;0;-0.0004;-0.0884;0;0;0;0;0;0;0;0;0;-0.7452;0;0.7452;1;1;0;0;0;0
14/04/21 04:00;0;0;90;0;0;90;0;0;0;0;15.2;3.62;0;0;0;0;0;0;0;0;0;0;0;0;0;1;1;1;1;0;0;0;0;0;0;0;0;0;0;0;0;0;0;0;0;0;0;0;0;0;0;0;0;0;0;0;0;0;0;0;0;0;0;0;1;1;1;1;1;1;1;1;1;1;1;1;1;1;1;1;1;1;1;0;0;0;0;0;0;0;0;0;0.0004;0.088;-0.0884;0;0;0;0;0;0;0;0;0;0;0;0;0;0;0;0;0;0;0;-15.2;0;0;0;0;0.0004;0;0;0;0;0;0;0;-0.0004;-0.0884;0;0;0;0;0;0;0;0;0;-0.7452;0;0.7452;1;1;0;0;0;0
14/04/21 05:00;0;0;90;0;0;90;0;0;0;0;15.3;3.8201;0;0;0;0;0;0;0;0;0;0;0;0;0;1;1;1;1;0;0;0;0;0;0;0;0;0;0;0;0;0;0;0;0;0;0;0;0;0;0;0;0;0;0;0;0;0;0;0;0;0;0;0;1;1;1;1;1;1;1;1;1;1;1;1;1;1;1;1;1;1;1;0;0;0;0;0;0;0;0;0;0.0004;0.088;-0.0884;0;0;0;0;0;0;0;0;0;0;0;0;0;0;0;0;0;0;0;-15.3;0;0;0;0;0.0004;0;0;0;0;0;0;0;-0.0004;-0.0884;0;0;0;0;0;0;0;0;0;-0.7452;0;0.7452;1;1;0;0;0;0
14/04/21 06:00;3.5188;-75.678;81.439;3.6314;5.2049;-90;-5.2049;1.8949;1.8949;0;15;4.3099;0;0;1.8909;0;0;0.0008;1.8917;1.8917;0;0;0;0;0;1;1;1;1;0;0;0;0;0;0;0;0;0;0;0;0;0;0;0;0;0;0;0;0;0;0;0;0;0;0;0;0;0;0;0;0;0;0;0;0;1;1;1;1;1;1;1;1;1;1;1;1;1;0;0;1;0;0;0;0;0;0;0;0;0;0;0;0.0004;0.088;-0.0884;0;0;0;0;0;0;0;0;0;0;0;0;0;0;0;0;0;0;0;-15;0;0;0;0;0.0004;0;0;0;0;0;0;0;-0.0004;-0.0884;0;0;0;0;0;0;0;0;0;-0.7452;0;0.7452;1;1;0;0;0;0
14/04/21 07:00;12.659;-68.48;57.893;13.574;21.121;-90;-21.121;88.101;78.3;9.801;15.71;4.51;0;23.77;73.177;6.2575;0;0.5919;103.8;0;103.8;23.77;6.2575;73.177;0.5919;0.229;0.7107;0;0.0057;101.46;2.341;0;0;1.8449;0.496;97.526;3.3205;0.6915;0.182;2.4263;0.0206;100.85;0.6087;0.1426;0.0375;0.428;0.0006;97.66;22.936;6.0379;68.477;0.0746;45.779;36.578;14.365;0.3192;0.5448;7.836;0.1342;8.0616;0;1;0;0;1.1781;0.9774;1;1;0.9748;0.1619;0.9671;0.9707;1;0.9658;0.7834;0.994;0.994;1;0.994;0.994;0.9396;0.9358;0.1261;0.2954;0.2951;0.0018;0.0165;-0.0048;0.002;0.007;0.0014;0;0;0.088;0.1705;0;0;0;0;0;0;0;0;0;0;0;0;0.0056;0.0004;0.2653;0.2653;0;20.502;20.502;4.7922;0.0491;251.34;1055.7;1;0.0069;0.0069;0;0;0;0;0;0;0.2585;0.1705;0;16.892;19.561;10.852;12.566;97.406;97.406;2.4911;2.2376;1.4375;0.2535;0.8002;0.1017;0.3212;0.577;45.719;0.5462;0
14/04/21 08:00;23.612;-58.001;29.165;27.27;60;-90;-60;135;130.2;4.8051;17.8;4.81;0;10.476;96.786;2.5089;0;6.7502;116.52;0;116.52;10.476;2.5089;96.786;6.7502;0.0899;0.8886;0;0.0579;98.112;18.409;0;0;12.126;6.2829;94.502;3.0206;0.0105;0.0025;2.9774;0.0301;97.523;0.5887;0.0629;0.0151;0.508;0.0028;97.317;10.402;2.4913;81.175;0.4343;84.912;67.845;31.336;16.182;1.7188;24.725;2.815;10.261;0;1;0;0;0.8631;0.842;1;1;0.8747;0.0692;0.969;0.999;1;0.9646;0.9351;0.994;0.994;1;0.994;0.994;0.811;0.8387;0.0643;0.3316;0.328;0.002;0.0168;-0.003;0.0022;0.0078;0.0045;0;0;0.088;0.1962;0;0;0;0;0;0;0;0;0;0;0;0;0.0062;0.0004;0.2912;0.2912;0;22.453;22.453;4.6528;0.0492;278.23;1046.5;1;0.007;0.007;0;0;0;0;0;0;0.2842;0.1962;0;16.512;19.121;11.124;12.882;97.593;97.593;2.7965;2.4554;1.6542;0.3411;0.8012;0.122;0.2865;0.5915;84.284;0.5104;0
14/04/21 09:00;33.238;-45.199;36.112;42.724;47.276;-90;-47.276;79.701;78.899;0.8025;18.4;6.1301;0;1.1828;66.143;0.1254;0;2.5626;70.014;0;70.014;1.1828;0.1254;66.143;2.5626;0.0169;0.9813;0;0.0366;61.776;8.238;0;0;5.8645;2.3735;59.422;1.9832;0.0054;0.0006;1.9678;0.0095;61.405;0.3707;0.0071;0.0008;0.3617;0.0011;60.412;1.1703;0.1241;57.949;0.1785;50.638;40.46;17.684;4.7899;0.7743;11.139;0.9898;7.123;0;1;0;0;0.8785;0.8823;1;1;0.9113;0.0738;0.9677;0.9954;1;0.9672;0.9497;0.994;0.994;1;0.994;0.994;0.8487;0.8761;0.0697;0.1993;0.1952;0.0012;0.0146;-0.0026;0.0013;0.0045;0.002;0;0;0.088;0.0764;0;0;0;0;0;0;0;0;0;0;0;0;0.0036;0.0002;0.1704;0.1704;0;21.338;21.338;2.9379;0.0494;165.08;1032.1;1;0.006;0.006;0;0;0;0;0;0;0.1644;0.0764;0;16.08;18.621;7.2122;8.3516;96.501;96.501;1.6803;1.4368;0.6444;0.2435;0.7924;0.1449;0.4716;0.3835;50.288;0.3427;0
14/04/21 10:00;40.677;-29.154;41.477;60.454;29.546;-90;-29.546;345.61;289.8;55.807;18.91;6.2299;0;64.149;253.86;21.015;0;4.4942;343.52;0;343.52;64.149;21.015;253.86;4.4942;0.1867;0.7521;0;0.0131;328.65;14.871;0;0;10.959;3.9121;318.04;8.6412;0.4941;0.1619;7.8823;0.103;326.68;1.9719;0.3849;0.1261;1.4574;0.0035;319.4;63.27;20.727;233.56;0.4757;205.95;164.55;66.784;3.6469;2.4539;35.298;1.3606;34.105;0;1;0;0;0.994;0.9567;1;1;0.9568;0.1295;0.9735;0.9923;1;0.9674;0.8221;0.994;0.994;1;0.994;0.994;0.9258;0.92;0.1058;0.9776;0.9845;0.0059;0.0124;0.0336;0.0065;0.0232;0.0063;0;0;0.088;0.7732;0;0;0;0;0;0;0;0;0;0;0;0;0.0187;0.0026;0.8753;0.8753;0;34.563;34.563;15.653;0.0492;844.02;1037.1;1;0.0141;0.0141;0;0;0;0;0;0;0.8612;0.7732;0;16.838;19.498;14.873;17.223;98.384;98.384;8.2445;7.3819;6.5205;0.8626;0.8614;0.1046;0.1045;0.7909;166.8;0.7344;0
14/04/21 11:00;44.791;-9.7562;44.38;80.313;9.6868;-90;-9.6868;283.1;268.9;14.197;20.6;6.01;0;14.403;263.02;4.0502;0;0.4036;281.87;0;281.87;14.403;4.0502;263.02;0.4036;0.0511;0.9345;0;0.0014;279.74;2.1323;0;0;1.7971;0.3352;267.21;10.852;0.1352;0.038;10.663;0.0153;278.06;1.6784;0.0864;0.0243;1.5673;0.0004;267.28;14.181;3.9879;248.99;0.0528;168.16;134.36;51.803;0.0675;1.9918;28.651;0.0683;30.576;0;1;0;0;0.9957;0.9924;1;1;0.9932;0.1695;0.961;0.9906;1;0.9589;0.7755;0.994;0.994;1;0.994;0.994;0.948;0.9467;0.1307;0.8022;0.8221;0.005;0.0145;0.0258;0.0054;0.0193;0.0051;0;0;0.088;0.6295;0;0;0;0;0;0;0;0;0;0;0;0;0.0155;0.0019;0.7296;0.7296;0;33.758;33.758;13.159;0.0492;704.12;1036.1;1;0.0121;0.0121;0;0;0;0;0;0;0.7175;0.6295;0;17.103;19.805;14.757;17.088;98.343;98.343;6.765;6.1524;5.3084;0.6125;0.844;0.0905;0.1248;0.7847;157.54;0.7292;0
14/04/21 12:00;44.645;11.113;44.278;78.957;11.043;90;11.043;644.6;190;454.6;21.54;5.92;0;463.18;98.515;92.272;0;1.1935;655.16;0;655.16;463.18;92.272;98.515;1.1935;0.707;0.1522;0;0.0018;653.33;1.8344;0;0;0.8413;0.9931;640.27;9.133;4.3215;0.8609;3.9057;0.0449;649.41;3.92;2.7791;0.5536;0.586;0.0012;640.51;456.08;90.858;93.182;0.1543;376.48;300.8;119.94;0.042;4.1945;60.337;0.241;64.49;0;1;0;0;1.0164;0.9972;1;1;0.9915;0.1679;0.9859;0.9906;1;0.9598;0.7748;0.994;0.994;1;0.994;0.994;0.9773;0.9459;0.1293;1.8645;1.9534;0.0118;0.0001;0.1962;0.0122;0.0433;0.0102;0;0;0.088;1.5222;0;0;0;0;0;0;0;0;0;0;0;0;0.0349;0.0091;1.6356;1.6356;0;53.433;53.433;31.893;0.0498;1680.9;973.02;1;0.0254;0.0254;0;0;0;0;0;0;1.6102;1.5222;0;16.496;19.102;15.353;17.778;98.449;98.449;15.724;13.793;12.837;1.931;0.956;0.1228;0.0608;0.8164;59.211;0.7637;0
14/04/21 13:00;40.276;30.323;41.191;59.212;30.788;90;30.788;533.7;243.4;290.3;23.2;6.01;0;337.93;151.39;93.744;0;7.5214;590.58;0;590.58;337.93;93.744;151.39;7.5214;0.5722;0.2691;0;0.0127;576.97;13.618;0;0;6.9996;6.6179;565.43;8.0751;2.5465;0.7064;4.667;0.1552;573.51;3.4618;2.0276;0.5625;0.8664;0.0054;567.61;333.35;92.475;138.86;0.7429;294.05;234.95;95.774;2.5093;3.3011;47.485;2.1807;48.277;0;1;0;0;1.1066;0.9769;1;1;0.9538;0.1201;0.9859;0.9924;1;0.9675;0.8271;0.994;0.994;1;0.994;0.994;0.9574;0.9172;0.0988;1.6808;1.7191;0.0104;0.0024;0.1602;0.0108;0.0384;0.0081;0;0;0.088;1.3407;0;0;0;0;0;0;0;0;0;0;0;0;0.0309;0.0072;1.4507;1.4507;0;51.329;51.329;28.129;0.0497;1477.7;981.77;1;0.022;0.022;0;0;0;0;0;0;1.4287;1.3407;0;16.232;18.796;15.001;17.371;98.483;98.483;14.174;12.234;11.306;1.94;0.9277;0.1369;0.0655;0.7977;100.33;0.7524;0
14/04/21 14:00;32.659;46.135;35.69;41.639;48.361;90;48.361;203.8;197.3;6.5079;22.33;5.9799;0;9.7947;162.73;2.6385;0;6.839;182.01;0;182.01;9.7947;2.6385;162.73;6.839;0.0538;0.9317;0;0.0376;160.67;21.339;0;0;14.962;6.3764;154.79;4.9176;0.0425;0.0114;4.8416;0.022;159.7;0.964;0.0588;0.0158;0.8866;0.0028;157.44;9.6935;2.6112;142.04;0.4378;128.17;102.41;44.726;12.749;2.0029;28.811;2.6535;18.065;0;1;0;0;0.893;0.8828;1;1;0.9081;0.0676;0.9692;0.9956;1;0.967;0.9521;0.994;0.994;1;0.994;0.994;0.8504;0.8729;0.064;0.518;0.5082;0.0031;0.0172;0.0091;0.0034;0.0119;0.0052;0;0;0.088;0.3515;0;0;0;0;0;0;0;0;0;0;0;0;0.0096;0.0008;0.448;0.448;0;29.963;29.963;7.6325;0.0493;433.11;1034.4;1;0.0085;0.0085;0;0;0;0;0;0;0.4395;0.3515;0;16.266;18.835;12.76;14.776;98.092;98.092;4.3682;3.7782;2.964;0.59;0.8142;0.1351;0.1864;0.6785;125.02;0.6066;0
14/04/21 15:00;22.924;58.753;28.756;26.32;60;90;60;215.9;189;26.894;21.5;5.05;0;60.533;134.54;21.642;0;10.795;227.51;0;227.51;60.533;21.642;134.54;10.795;0.2661;0.6388;0;0.0474;200.5;27.013;0;0;16.914;10.099;195.03;4.2653;0.0598;0.0214;4.137;0.0472;199.29;1.203;0.3632;0.1298;0.7058;0.0042;199.01;60.11;21.49;112.78;0.6448;119.92;95.816;44.272;22.495;2.403;34.567;3.9795;14.474;0;1;0;0;1.0538;0.8813;1;1;0.8743;0.0645;0.9786;0.999;1;0.9646;0.9318;0.994;0.994;1;0.994;0.994;0.8572;0.8383;0.0597;0.6475;0.6386;0.0038;0.0164;0.014;0.0042;0.015;0.0062;0;0;0.088;0.4677;0;0;0;0;0;0;0;0;0;0;0;0;0.0121;0.0012;0.5656;0.5656;0;31.106;31.106;9.6066;0.0493;544.72;1038.3;1;0.0099;0.0099;0;0;0;0;0;0;0.5557;0.4677;0;16.428;19.023;13.586;15.732;98.258;98.258;5.4602;4.7697;3.9446;0.6905;0.8252;0.1265;0.1511;0.7224;117.13;0.6486;0
14/04/21 16:00;11.905;69.113;59.98;12.716;19.55;90;19.55;172.61;108.6;64.008;21.46;3.0901;0;155.24;81.357;60.214;0;0.9951;297.8;0;297.8;155.24;60.214;81.357;0.9951;0.5213;0.2765;0;0.0033;295.16;2.6479;0;0;1.8149;0.8331;282.59;10.794;5.7689;2.2377;2.7515;0.0357;293.38;1.7709;0.9314;0.3613;0.4773;0.001;282.72;148.54;57.615;76.314;0.1253;50.876;40.65;15.733;0.2681;0.6148;8.8433;0.1255;9.19;0;1;0;0;1.7253;0.9911;1;1;0.9777;0.1628;0.9632;0.9626;1;0.9652;0.7781;0.994;0.994;1;0.994;0.994;0.9489;0.938;0.1259;0.8475;0.8266;0.005;0.0145;0.0308;0.0054;0.0193;0.0016;0;0;0.088;0.6326;0;0;0;0;0;0;0;0;0;0;0;0;0.0155;0.0019;0.7326;0.7326;0;35.389;35.389;13.929;0.0493;710.07;1031.8;1;0.0121;0.0121;0;0;0;0;0;0;0.7206;0.6326;0;16.256;18.825;14.036;16.253;98.351;98.351;7.1473;6.1784;5.3344;0.9689;0.844;0.1356;0.1181;0.7464;50.441;0.7301;0
14/04/21 17:00;3.1311;75.965;82.388;3.2272;4.6201;90;4.6201;0.1953;0.1953;0;19.15;2.8601;0;0;0.195;0;0;0.0001;0.1951;0.1951;0;0;0;0;0;1;1;1;1;0;0;0;0;0;0;0;0;0;0;0;0;0;0;0;0;0;0;0;0;0;0;0;0;0;0;0;0;0;0;0;0;0;0;0;0;1;1;1;1;1;1;1;1;1;1;1;1;1;0;0;1;0;0;0;0;0;0;0;0;0;0;0;0.0004;0.088;-0.0884;0;0;0;0;0;0;0;0;0;0;0;0;0;0;0;0;0;0;0;-19.15;0;0;0;0;0.0004;0;0;0;0;0;0;0;-0.0004;-0.0884;0;0;0;0;0;0;0;0;0;-0.7452;0;0.7452;1;1;0;0;0;0
14/04/21 18:00;0;0;90;0;0;90;0;0;0;0;16.15;2.67;0;0;0;0;0;0;0;0;0;0;0;0;0;1;1;1;1;0;0;0;0;0;0;0;0;0;0;0;0;0;0;0;0;0;0;0;0;0;0;0;0;0;0;0;0;0;0;0;0;0;0;0;1;1;1;1;1;1;1;1;1;1;1;1;1;1;1;1;1;1;1;0;0;0;0;0;0;0;0;0;0.0004;0.088;-0.0884;0;0;0;0;0;0;0;0;0;0;0;0;0;0;0;0;0;0;0;-16.15;0;0;0;0;0.0004;0;0;0;0;0;0;0;-0.0004;-0.0884;0;0;0;0;0;0;0;0;0;-0.7452;0;0.7452;1;1;0;0;0;0
14/04/21 19:00;0;0;90;0;0;90;0;0;0;0;12.3;2.5301;0;0;0;0;0;0;0;0;0;0;0;0;0;1;1;1;1;0;0;0;0;0;0;0;0;0;0;0;0;0;0;0;0;0;0;0;0;0;0;0;0;0;0;0;0;0;0;0;0;0;0;0;1;1;1;1;1;1;1;1;1;1;1;1;1;1;1;1;1;1;1;0;0;0;0;0;0;0;0;0;0.0004;0.088;-0.0884;0;0;0;0;0;0;0;0;0;0;0;0;0;0;0;0;0;0;0;-12.3;0;0;0;0;0.0004;0;0;0;0;0;0;0;-0.0004;-0.0884;0;0;0;0;0;0;0;0;0;-0.7452;0;0.7452;1;1;0;0;0;0
14/04/21 20:00;0;0;90;0;0;90;0;0;0;0;12.03;2.51;0;0;0;0;0;0;0;0;0;0;0;0;0;1;1;1;1;0;0;0;0;0;0;0;0;0;0;0;0;0;0;0;0;0;0;0;0;0;0;0;0;0;0;0;0;0;0;0;0;0;0;0;1;1;1;1;1;1;1;1;1;1;1;1;1;1;1;1;1;1;1;0;0;0;0;0;0;0;0;0;0.0004;0.088;-0.0884;0;0;0;0;0;0;0;0;0;0;0;0;0;0;0;0;0;0;0;-12.03;0;0;0;0;0.0004;0;0;0;0;0;0;0;-0.0004;-0.0884;0;0;0;0;0;0;0;0;0;-0.7452;0;0.7452;1;1;0;0;0;0
14/04/21 21:00;0;0;90;0;0;90;0;0;0;0;10.17;2.6101;0;0;0;0;0;0;0;0;0;0;0;0;0;1;1;1;1;0;0;0;0;0;0;0;0;0;0;0;0;0;0;0;0;0;0;0;0;0;0;0;0;0;0;0;0;0;0;0;0;0;0;0;1;1;1;1;1;1;1;1;1;1;1;1;1;1;1;1;1;1;1;0;0;0;0;0;0;0;0;0;0.0004;0.088;-0.0884;0;0;0;0;0;0;0;0;0;0;0;0;0;0;0;0;0;0;0;-10.17;0;0;0;0;0.0004;0;0;0;0;0;0;0;-0.0004;-0.0884;0;0;0;0;0;0;0;0;0;-0.7452;0;0.7452;1;1;0;0;0;0
14/04/21 22:00;0;0;90;0;0;90;0;0;0;0;8.9098;2.7099;0;0;0;0;0;0;0;0;0;0;0;0;0;1;1;1;1;0;0;0;0;0;0;0;0;0;0;0;0;0;0;0;0;0;0;0;0;0;0;0;0;0;0;0;0;0;0;0;0;0;0;0;1;1;1;1;1;1;1;1;1;1;1;1;1;1;1;1;1;1;1;0;0;0;0;0;0;0;0;0;0.0004;0.088;-0.0884;0;0;0;0;0;0;0;0;0;0;0;0;0;0;0;0;0;0;0;-8.9098;0;0;0;0;0.0004;0;0;0;0;0;0;0;-0.0004;-0.0884;0;0;0;0;0;0;0;0;0;-0.7452;0;0.7452;1;1;0;0;0;0
14/04/21 23:00;0;0;90;0;0;90;0;0;0;0;10;2.7899;0;0;0;0;0;0;0;0;0;0;0;0;0;1;1;1;1;0;0;0;0;0;0;0;0;0;0;0;0;0;0;0;0;0;0;0;0;0;0;0;0;0;0;0;0;0;0;0;0;0;0;0;1;1;1;1;1;1;1;1;1;1;1;1;1;1;1;1;1;1;1;0;0;0;0;0;0;0;0;0;0.0004;0.088;-0.0884;0;0;0;0;0;0;0;0;0;0;0;0;0;0;0;0;0;0;0;-10;0;0;0;0;0.0004;0;0;0;0;0;0;0;-0.0004;-0.0884;0;0;0;0;0;0;0;0;0;-0.7452;0;0.7452;1;1;0;0;0;0
15/04/21 00:00;0;0;90;0;0;90;0;0;0;0;9.78;2.9;0;0;0;0;0;0;0;0;0;0;0;0;0;1;1;1;1;0;0;0;0;0;0;0;0;0;0;0;0;0;0;0;0;0;0;0;0;0;0;0;0;0;0;0;0;0;0;0;0;0;0;0;1;1;1;1;1;1;1;1;1;1;1;1;1;1;1;1;1;1;1;0;0;0;0;0;0;0;0;0;0.0004;0.088;-0.0884;0;0;0;0;0;0;0;0;0;0;0;0;0;0;0;0;0;0;0;-9.78;0;0;0;0;0.0004;0;0;0;0;0;0;0;-0.0004;-0.0884;0;0;0;0;0;0;0;0;0;-0.7452;0;0.7452;1;1;0;0;0;0
15/04/21 01:00;0;0;90;0;0;90;0;0;0;0;9.1398;2.99;0;0;0;0;0;0;0;0;0;0;0;0;0;1;1;1;1;0;0;0;0;0;0;0;0;0;0;0;0;0;0;0;0;0;0;0;0;0;0;0;0;0;0;0;0;0;0;0;0;0;0;0;1;1;1;1;1;1;1;1;1;1;1;1;1;1;1;1;1;1;1;0;0;0;0;0;0;0;0;0;0.0004;0.088;-0.0884;0;0;0;0;0;0;0;0;0;0;0;0;0;0;0;0;0;0;0;-9.1398;0;0;0;0;0.0004;0;0;0;0;0;0;0;-0.0004;-0.0884;0;0;0;0;0;0;0;0;0;-0.7452;0;0.7452;1;1;0;0;0;0
15/04/21 02:00;0;0;90;0;0;90;0;0;0;0;6.98;3.05;0;0;0;0;0;0;0;0;0;0;0;0;0;1;1;1;1;0;0;0;0;0;0;0;0;0;0;0;0;0;0;0;0;0;0;0;0;0;0;0;0;0;0;0;0;0;0;0;0;0;0;0;1;1;1;1;1;1;1;1;1;1;1;1;1;1;1;1;1;1;1;0;0;0;0;0;0;0;0;0;0.0004;0.088;-0.0884;0;0;0;0;0;0;0;0;0;0;0;0;0;0;0;0;0;0;0;-6.98;0;0;0;0;0.0004;0;0;0;0;0;0;0;-0.0004;-0.0884;0;0;0;0;0;0;0;0;0;-0.7452;0;0.7452;1;1;0;0;0;0
15/04/21 03:00;0;0;90;0;0;90;0;0;0;0;6.8397;3.06;0;0;0;0;0;0;0;0;0;0;0;0;0;1;1;1;1;0;0;0;0;0;0;0;0;0;0;0;0;0;0;0;0;0;0;0;0;0;0;0;0;0;0;0;0;0;0;0;0;0;0;0;1;1;1;1;1;1;1;1;1;1;1;1;1;1;1;1;1;1;1;0;0;0;0;0;0;0;0;0;0.0004;0.088;-0.0884;0;0;0;0;0;0;0;0;0;0;0;0;0;0;0;0;0;0;0;-6.8397;0;0;0;0;0.0004;0;0;0;0;0;0;0;-0.0004;-0.0884;0;0;0;0;0;0;0;0;0;-0.7452;0;0.7452;1;1;0;0;0;0
15/04/21 04:00;0;0;90;0;0;90;0;0;0;0;6.2501;3.07;0;0;0;0;0;0;0;0;0;0;0;0;0;1;1;1;1;0;0;0;0;0;0;0;0;0;0;0;0;0;0;0;0;0;0;0;0;0;0;0;0;0;0;0;0;0;0;0;0;0;0;0;1;1;1;1;1;1;1;1;1;1;1;1;1;1;1;1;1;1;1;0;0;0;0;0;0;0;0;0;0.0004;0.088;-0.0884;0;0;0;0;0;0;0;0;0;0;0;0;0;0;0;0;0;0;0;-6.2501;0;0;0;0;0.0004;0;0;0;0;0;0;0;-0.0004;-0.0884;0;0;0;0;0;0;0;0;0;-0.7452;0;0.7452;1;1;0;0;0;0
15/04/21 05:00;0;0;90;0;0;90;0;0;0;0;5.5999;3.0299;0;0;0;0;0;0;0;0;0;0;0;0;0;1;1;1;1;0;0;0;0;0;0;0;0;0;0;0;0;0;0;0;0;0;0;0;0;0;0;0;0;0;0;0;0;0;0;0;0;0;0;0;1;1;1;1;1;1;1;1;1;1;1;1;1;1;1;1;1;1;1;0;0;0;0;0;0;0;0;0;0.0004;0.088;-0.0884;0;0;0;0;0;0;0;0;0;0;0;0;0;0;0;0;0;0;0;-5.5999;0;0;0;0;0.0004;0;0;0;0;0;0;0;-0.0004;-0.0884;0;0;0;0;0;0;0;0;0;-0.7452;0;0.7452;1;1;0;0;0;0
15/04/21 06:00;3.3561;-75.353;81.838;3.4686;4.969;-90;-4.969;23.402;18.299;5.103;5.56;3.8;0;12.376;17.091;2.852;0;0.0088;32.328;0;32.328;12.376;2.852;17.091;0.0088;0.3828;0.529;0;0.0003;32.281;0.0469;0;0;0.0395;0.0073;25.403;6.685;4.8315;1.1134;0.7398;0.0003;32.088;0.1937;0.0743;0.0171;0.1023;0;25.403;7.4704;1.7215;16.21;0.0011;10.18;8.1342;3.0876;0.0001;0.1235;1.7763;0.0003;1.8997;0;1;0;0;1.3814;0.9986;1;1;0.9977;0.1673;0.7917;0.6073;1;0.9564;0.7769;0.994;0.994;1;0.994;0.994;0.7858;0.9484;0.1292;0.092;0.0762;0.0005;0.0097;-0.005;0.0005;0.0018;0.0003;0;0;0.088;-0.0248;0;0;0;0;0;0;0;0;0;0;0;0;0.0014;0.0001;0.067;0.067;0;6.815;6.815;1.2549;0.0494;63.339;1058.1;1;0.0038;0.0038;0;0;0;0;0;0;0.0632;-0.0248;0;13.699;15.863;-5.0751;-5.8768;94.256;94.256;0.7759;0.5652;-0.2094;0.2107;0.7746;0.2715;0.9983;0;10.15;0;0
15/04/21 07:00;12.48;-68.157;58.393;13.411;20.819;-90;-20.819;99.607;80.801;18.806;10.77;4.25;0;45.609;73.149;12.572;0;0.6503;131.98;0;131.98;45.609;12.572;73.149;0.6503;0.3456;0.5592;0;0.0049;129.63;2.3464;0;0;1.802;0.5444;124.61;4.2509;1.4074;0.388;2.4327;0.0229;128.86;0.7778;0.2737;0.0754;0.4281;0.0006;124.74;43.928;12.109;68.486;0.0824;45.749;36.553;14.28;0.3026;0.5482;7.886;0.1304;8.1316;0;1;0;0;1.325;0.9822;1;1;0.9754;0.1629;0.967;0.969;1;0.9657;0.7825;0.994;0.994;1;0.994;0.994;0.9441;0.9363;0.1267;0.3756;0.3727;0.0022;0.0171;-0.011;0.0026;0.009;0.0015;0;0;0.088;0.2476;0;0;0;0;0;0;0;0;0;0;0;0;0.0073;0.0005;0.3435;0.3435;0;16.859;16.859;6.0892;0.0489;317.88;1080.5;1;0.0079;0.0079;0;0;0;0;0;0;0.3356;0.2476;0;17.196;19.913;12.395;14.353;97.7;97.7;3.1675;2.8964;2.0877;0.2711;0.8087;0.0856;0.2553;0.6591;45.631;0.6309;0
15/04/21 08:00;23.402;-57.679;29.514;27.118;60;-90;-60;271.9;147.9;124;11.76;5.7301;0;271.7;85.394;74.585;0;13.595;445.27;0;445.27;271.7;74.585;85.394;13.595;0.6102;0.2223;0;0.0305;421.92;23.353;0;0;10.698;12.654;416.35;3.0386;0.2753;0.0756;2.627;0.0607;419.39;2.5315;1.6302;0.4475;0.4482;0.0056;419.45;269.79;74.062;71.62;0.8747;90.327;72.171;32.894;14.28;1.6663;23.969;3.1;11.355;0;1;0;0;1.6376;0.9476;1;1;0.8747;0.0692;0.9928;0.999;1;0.9646;0.9351;0.994;0.994;1;0.994;0.994;0.935;0.8387;0.0643;1.2672;1.2481;0.0075;0.0087;0.0317;0.0084;0.0298;0.0044;0;0;0.088;1.0235;0;0;0;0;0;0;0;0;0;0;0;0;0.024;0.004;1.1297;1.1297;0;32.177;32.177;20.417;0.049;1072;1053.8;1;0.0182;0.0182;0;0;0;0;0;0;1.1115;1.0235;0;16.765;19.414;15.189;17.589;98.389;98.389;10.686;9.527;8.6314;1.1595;0.8956;0.1085;0.0838;0.8077;74.363;0.7764;0
15/04/21 09:00;32.985;-44.888;36.462;42.604;47.396;-90;-47.396;552.59;91.098;461.5;15.17;6.08;0;681.75;28.65;84.099;0;17.853;812.36;0;812.36;681.75;84.099;28.65;17.853;0.8392;0.0572;0;0.022;793.27;19.088;0;0;2.5496;16.538;783.92;4.5832;3.2631;0.4025;0.8524;0.0652;788.51;4.7596;4.0905;0.5046;0.1566;0.0079;788.17;674.4;83.192;25.091;1.2417;226;180.57;72.772;2.0973;2.6025;37.436;4.2415;37.941;0;1;0;0;1.4701;0.9765;1;1;0.911;0.0736;0.9942;0.9952;1;0.9671;0.9501;0.994;0.994;1;0.994;0.994;0.965;0.8758;0.0695;2.3119;2.33;0.014;-0.0019;0.2396;0.0145;0.0516;0.0063;0;0;0.088;1.8322;0;0;0;0;0;0;0;0;0;0;0;0;0.0416;0.0127;1.9515;1.9515;0;54.226;54.226;39.056;0.0498;2009;971.36;1;0.0313;0.0313;0;0;0;0;0;0;1.9202;1.8322;0;15.874;18.382;14.904;17.258;98.395;98.395;19.497;16.457;15.451;3.0393;1.0062;0.1559;0.0516;0.7925;21.807;0.7661;0
15/04/21 10:00;40.375;-28.89;41.837;60.396;29.604;-90;-29.604;753.39;124.3;629.09;17.36;6.16;0;723.54;33.005;102.35;0;9.8347;868.73;0;868.73;723.54;102.35;33.005;9.8347;0.8329;0.0493;0;0.0113;858.74;9.9924;0;0;1.4292;8.5632;845.8;7.7827;5.7241;0.8097;1.0244;0.2244;853.59;5.1524;4.3413;0.6141;0.1895;0.0076;848.47;713.48;100.93;30.362;1.0394;400.91;320.33;131.73;0.4797;4.2344;60.911;2.6629;64.665;0;1;0;0;1.1531;0.9885;1;1;0.9567;0.1293;0.9909;0.992;1;0.9674;0.8224;0.994;0.994;1;0.994;0.994;0.9736;0.9199;0.1057;2.4723;2.5495;0.0154;-0.0019;0.3115;0.0156;0.0552;0.0101;0;0;0.088;1.9627;0;0;0;0;0;0;0;0;0;0;0;0;0.0445;0.0151;2.0841;2.0841;0;59.686;59.686;42.325;0.05;2196.6;948.76;1;0.0334;0.0334;0;0;0;0;0;0;2.0507;1.9627;0;15.852;18.357;14.929;17.288;98.399;98.399;20.85;17.575;16.552;3.2744;1.0235;0.157;0.0491;0.7939;21.695;0.7543;0
15/04/21 11:00;44.446;-9.5995;44.742;80.351;9.6489;-90;-9.6489;742.3;122.3;619.99;17.68;6.25;0;628.89;42.172;80.976;0;1.0501;753.09;0;753.09;628.89;80.976;42.172;1.0501;0.8351;0.0574;0;0.0014;751.93;1.1584;0;0;0.2863;0.8721;738.85;8.5652;6.0373;0.7774;1.7107;0.0397;747.42;4.5116;3.7733;0.4859;0.2513;0.0011;739.05;619.08;79.712;39.924;0.1372;433.82;346.62;141.31;0.0109;4.6295;66.594;0.1941;71.212;0;1;0;0;1.0145;0.9985;1;1;0.9932;0.1695;0.9885;0.9903;1;0.9589;0.7755;0.994;0.994;1;0.994;0.994;0.9811;0.9467;0.1307;2.1432;2.2479;0.0135;-0.0017;0.2336;0.014;0.0497;0.0113;0;0;0.088;1.7577;0;0;0;0;0;0;0;0;0;0;0;0;0.04;0.0119;1.8755;1.8755;0;54.503;54.503;36.823;0.0498;1935.6;968.93;1;0.0298;0.0298;0;0;0;0;0;0;1.8457;1.7577;0;16.457;19.056;15.423;17.859;98.41;98.41;18.074;15.816;14.823;2.2578;0.9937;0.1249;0.055;0.8201;25.258;0.7692;0
15/04/21 12:00;44.282;11.119;44.626;78.814;11.186;90;11.186;687.5;148.3;539.2;18.4;6.3099;0;549.64;63.261;86.066;0;1.306;700.28;0;700.28;549.64;86.066;63.261;1.306;0.7849;0.0922;0;0.0019;698.64;1.6388;0;0;0.552;1.0867;685.83;8.611;5.2395;0.8204;2.5019;0.0491;694.45;4.1918;3.2979;0.5164;0.3763;0.0013;686.1;541.11;84.729;59.83;0.1689;400.84;320.27;128.04;0.0284;4.4426;63.904;0.2668;68.319;0;1;0;0;1.0186;0.9977;1;1;0.9913;0.1679;0.9876;0.9904;1;0.9599;0.7747;0.994;0.994;1;0.994;0.994;0.9794;0.9458;0.1293;1.9929;2.091;0.0126;-0.0009;0.2029;0.0131;0.0466;0.0109;0;0;0.088;1.6422;0;0;0;0;0;0;0;0;0;0;0;0;0.0375;0.0103;1.758;1.758;0;52.531;52.531;34.131;0.0498;1799.5;976.9;1;0.0278;0.0278;0;0;0;0;0;0;1.7302;1.6422;0;16.589;19.209;15.496;17.944;98.421;98.421;16.807;14.825;13.849;1.9815;0.9762;0.1179;0.0581;0.824;38.037;0.7713;0
15/04/21 13:00;39.925;30.201;41.513;58.99;31.01;90;31.01;681.19;118.7;562.49;18.69;6.33;0;656.29;39.003;89.481;0;9.7355;794.51;0;794.51;656.29;89.481;39.003;9.7355;0.826;0.0613;0;0.0123;784.11;10.399;0;0;1.824;8.5752;772.25;7.1582;5.0685;0.6911;1.201;0.1977;779.41;4.7047;3.9377;0.5369;0.2231;0.007;774.98;647.28;88.253;35.755;0.9556;359.08;286.91;117.12;0.6647;3.8645;55.59;2.7316;58.79;0;1;0;0;1.1664;0.9869;1;1;0.9532;0.1192;0.9908;0.9922;1;0.9675;0.8286;0.994;0.994;1;0.994;0.994;0.972;0.9167;0.0982;2.2611;2.3286;0.014;-0.0019;0.2649;0.0144;0.0509;0.0093;0;0;0.088;1.8048;0;0;0;0;0;0;0;0;0;0;0;0;0.041;0.0127;1.9233;1.9233;0;57.261;57.261;38.572;0.0499;2006.8;958.37;1;0.0305;0.0305;0;0;0;0;0;0;1.8928;1.8048;0;15.996;18.523;15.01;17.382;98.413;98.413;19.068;16.219;15.22;2.8488;0.9995;0.1494;0.0524;0.7982;25.889;0.7585;0
15/04/21 14:00;32.335;45.941;35.985;41.377;48.623;90;48.623;540.19;124.8;415.39;19.3;6.2801;0;628.42;44.305;108.09;0;18.312;799.13;0;799.13;628.42;108.09;44.305;18.312;0.7864;0.0784;0;0.0229;777.95;21.184;0;0;4.1057;17.079;768.58;4.6971;2.8336;0.4874;1.3184;0.0577;773.28;4.6677;3.7705;0.6485;0.2412;0.0074;772.94;621.82;106.96;38.64;1.1681;218.77;174.8;70.394;3.5407;2.6207;37.698;4.3547;36.779;0;1;0;0;1.4794;0.9735;1;1;0.9073;0.0673;0.9939;0.9955;1;0.967;0.9529;0.994;0.994;1;0.994;0.994;0.9618;0.8721;0.0638;2.2743;2.2869;0.0138;-0.0018;0.2639;0.0141;0.0499;0.0063;0;0;0.088;1.7704;0;0;0;0;0;0;0;0;0;0;0;0;0.0402;0.0123;1.8883;1.8883;0;57.703;57.703;38.403;0.05;1972.5;957.28;1;0.0298;0.0298;0;0;0;0;0;0;1.8584;1.7704;0;15.614;18.081;14.64;16.952;98.42;98.42;19.179;15.924;14.93;3.2551;0.9938;0.1697;0.0518;0.7785;34.123;0.7519;0
15/04/21 15:00;22.627;58.526;29.059;26.046;60;90;60;378.89;115.4;263.5;18.9;5.7201;0;598.67;42.851;132.38;0;18.945;792.84;0;792.84;598.67;132.38;42.851;18.945;0.7551;0.0779;0;0.0239;769.73;23.11;0;0;5.3871;17.723;762.98;2.1298;0.5973;0.1321;1.3176;0.0828;765.11;4.6184;3.592;0.7943;0.2248;0.0073;765.11;594.48;131.45;35.921;1.1317;59.115;47.233;21.487;7.1686;0.9517;13.69;2.1286;7.4726;0;1;0;0;2.0925;0.9709;1;1;0.8743;0.0645;0.9972;0.999;1;0.9646;0.9318;0.994;0.994;1;0.994;0.994;0.9623;0.8383;0.0597;2.2564;2.2165;0.0133;-0.0016;0.2504;0.0137;0.0485;0.0023;0;0;0.088;1.7221;0;0;0;0;0;0;0;0;0;0;0;0;0.0391;0.0116;1.8391;1.8391;0;57.001;57.001;38.101;0.0499;1913.6;961.06;1;0.029;0.029;0;0;0;0;0;0;1.8101;1.7221;0;15.328;17.75;14.353;16.621;98.424;98.424;19.028;15.51;14.523;3.5185;0.9866;0.1849;0.0518;0.7632;37.304;0.7535;0
15/04/21 16:00;11.631;68.87;60.729;12.444;19.063;90;19.063;137.99;111.8;26.193;17.97;3.5801;0;63.526;98.319;25.971;0;0.7568;188.57;0;188.57;63.526;25.971;98.319;0.7568;0.3369;0.5254;0;0.004;185.84;2.7358;0;0;2.1027;0.6331;177.77;6.9545;2.5345;1.0361;3.3566;0.0273;184.72;1.115;0.3812;0.1558;0.5773;0.0007;177.91;60.61;24.779;92.282;0.0956;61.003;48.741;19.051;0.2965;0.7234;10.406;0.1387;10.833;0;1;0;0;1.3665;0.9855;1;1;0.9786;0.1634;0.9624;0.9599;1;0.9649;0.7776;0.994;0.994;1;0.994;0.994;0.9427;0.9386;0.1263;0.5367;0.5298;0.0032;0.0171;0.0032;0.0035;0.0126;0.0019;0;0;0.088;0.3803;0;0;0;0;0;0;0;0;0;0;0;0;0.0101;0.0009;0.4773;0.4773;0;26.701;26.701;8.7309;0.0491;453.26;1053.1;1;0.009;0.009;0;0;0;0;0;0;0.4683;0.3803;0;16.726;19.368;13.325;15.43;98.105;98.105;4.5257;4.0252;3.2068;0.5005;0.8184;0.1106;0.1808;0.7086;60.822;0.6805;0
15/04/21 17:00;3.0668;75.568;82.545;3.1665;4.5324;90;4.5324;0;0;0;15.88;3.1999;0;0;0;0;0;0;0;0;0;0;0;0;0;1;1;1;1;0;0;0;0;0;0;0;0;0;0;0;0;0;0;0;0;0;0;0;0;0;0;0;0;0;0;0;0;0;0;0;0;0;0;0;1;1;1;1;1;1;1;1;1;1;1;1;1;1;1;1;1;1;1;0;0;0;0;0;0;0;0;0;0.0004;0.088;-0.0884;0;0;0;0;0;0;0;0;0;0;0;0;0;0;0;0;0;0;0;-15.88;0;0;0;0;0.0004;0;0;0;0;0;0;0;-0.0004;-0.0884;0;0;0;0;0;0;0;0;0;-0.7452;0;0.7452;1;1;0;0;0;0
15/04/21 18:00;0;0;90;0;0;90;0;0;0;0;12.13;3.1099;0;0;0;0;0;0;0;0;0;0;0;0;0;1;1;1;1;0;0;0;0;0;0;0;0;0;0;0;0;0;0;0;0;0;0;0;0;0;0;0;0;0;0;0;0;0;0;0;0;0;0;0;1;1;1;1;1;1;1;1;1;1;1;1;1;1;1;1;1;1;1;0;0;0;0;0;0;0;0;0;0.0004;0.088;-0.0884;0;0;0;0;0;0;0;0;0;0;0;0;0;0;0;0;0;0;0;-12.13;0;0;0;0;0.0004;0;0;0;0;0;0;0;-0.0004;-0.0884;0;0;0;0;0;0;0;0;0;-0.7452;0;0.7452;1;1;0;0;0;0
15/04/21 19:00;0;0;90;0;0;90;0;0;0;0;11.55;3.1199;0;0;0;0;0;0;0;0;0;0;0;0;0;1;1;1;1;0;0;0;0;0;0;0;0;0;0;0;0;0;0;0;0;0;0;0;0;0;0;0;0;0;0;0;0;0;0;0;0;0;0;0;1;1;1;1;1;1;1;1;1;1;1;1;1;1;1;1;1;1;1;0;0;0;0;0;0;0;0;0;0.0004;0.088;-0.0884;0;0;0;0;0;0;0;0;0;0;0;0;0;0;0;0;0;0;0;-11.55;0;0;0;0;0.0004;0;0;0;0;0;0;0;-0.0004;-0.0884;0;0;0;0;0;0;0;0;0;-0.7452;0;0.7452;1;1;0;0;0;0
15/04/21 20:00;0;0;90;0;0;90;0;0;0;0;9.99;3.1199;0;0;0;0;0;0;0;0;0;0;0;0;0;1;1;1;1;0;0;0;0;0;0;0;0;0;0;0;0;0;0;0;0;0;0;0;0;0;0;0;0;0;0;0;0;0;0;0;0;0;0;0;1;1;1;1;1;1;1;1;1;1;1;1;1;1;1;1;1;1;1;0;0;0;0;0;0;0;0;0;0.0004;0.088;-0.0884;0;0;0;0;0;0;0;0;0;0;0;0;0;0;0;0;0;0;0;-9.99;0;0;0;0;0.0004;0;0;0;0;0;0;0;-0.0004;-0.0884;0;0;0;0;0;0;0;0;0;-0.7452;0;0.7452;1;1;0;0;0;0
15/04/21 21:00;0;0;90;0;0;90;0;0;0;0;8.6299;3.1001;0;0;0;0;0;0;0;0;0;0;0;0;0;1;1;1;1;0;0;0;0;0;0;0;0;0;0;0;0;0;0;0;0;0;0;0;0;0;0;0;0;0;0;0;0;0;0;0;0;0;0;0;1;1;1;1;1;1;1;1;1;1;1;1;1;1;1;1;1;1;1;0;0;0;0;0;0;0;0;0;0.0004;0.088;-0.0884;0;0;0;0;0;0;0;0;0;0;0;0;0;0;0;0;0;0;0;-8.6299;0;0;0;0;0.0004;0;0;0;0;0;0;0;-0.0004;-0.0884;0;0;0;0;0;0;0;0;0;-0.7452;0;0.7452;1;1;0;0;0;0
15/04/21 22:00;0;0;90;0;0;90;0;0;0;0;8.1998;2.9301;0;0;0;0;0;0;0;0;0;0;0;0;0;1;1;1;1;0;0;0;0;0;0;0;0;0;0;0;0;0;0;0;0;0;0;0;0;0;0;0;0;0;0;0;0;0;0;0;0;0;0;0;1;1;1;1;1;1;1;1;1;1;1;1;1;1;1;1;1;1;1;0;0;0;0;0;0;0;0;0;0.0004;0.088;-0.0884;0;0;0;0;0;0;0;0;0;0;0;0;0;0;0;0;0;0;0;-8.1998;0;0;0;0;0.0004;0;0;0;0;0;0;0;-0.0004;-0.0884;0;0;0;0;0;0;0;0;0;-0.7452;0;0.7452;1;1;0;0;0;0
15/04/21 23:00;0;0;90;0;0;90;0;0;0;0;7.9798;2.83;0;0;0;0;0;0;0;0;0;0;0;0;0;1;1;1;1;0;0;0;0;0;0;0;0;0;0;0;0;0;0;0;0;0;0;0;0;0;0;0;0;0;0;0;0;0;0;0;0;0;0;0;1;1;1;1;1;1;1;1;1;1;1;1;1;1;1;1;1;1;1;0;0;0;0;0;0;0;0;0;0.0004;0.088;-0.0884;0;0;0;0;0;0;0;0;0;0;0;0;0;0;0;0;0;0;0;-7.9798;0;0;0;0;0.0004;0;0;0;0;0;0;0;-0.0004;-0.0884;0;0;0;0;0;0;0;0;0;-0.7452;0;0.7452;1;1;0;0;0;0
16/04/21 00:00;0;0;90;0;0;90;0;0;0;0;7.8202;2.8601;0;0;0;0;0;0;0;0;0;0;0;0;0;1;1;1;1;0;0;0;0;0;0;0;0;0;0;0;0;0;0;0;0;0;0;0;0;0;0;0;0;0;0;0;0;0;0;0;0;0;0;0;1;1;1;1;1;1;1;1;1;1;1;1;1;1;1;1;1;1;1;0;0;0;0;0;0;0;0;0;0.0004;0.088;-0.0884;0;0;0;0;0;0;0;0;0;0;0;0;0;0;0;0;0;0;0;-7.8202;0;0;0;0;0.0004;0;0;0;0;0;0;0;-0.0004;-0.0884;0;0;0;0;0;0;0;0;0;-0.7452;0;0.7452;1;1;0;0;0;0
16/04/21 01:00;0;0;90;0;0;90;0;0;0;0;6.75;2.9599;0;0;0;0;0;0;0;0;0;0;0;0;0;1;1;1;1;0;0;0;0;0;0;0;0;0;0;0;0;0;0;0;0;0;0;0;0;0;0;0;0;0;0;0;0;0;0;0;0;0;0;0;1;1;1;1;1;1;1;1;1;1;1;1;1;1;1;1;1;1;1;0;0;0;0;0;0;0;0;0;0.0004;0.088;-0.0884;0;0;0;0;0;0;0;0;0;0;0;0;0;0;0;0;0;0;0;-6.75;0;0;0;0;0.0004;0;0;0;0;0;0;0;-0.0004;-0.0884;0;0;0;0;0;0;0;0;0;-0.7452;0;0.7452;1;1;0;0;0;0
16/04/21 02:00;0;0;90;0;0;90;0;0;0;0;6.5798;3.0901;0;0;0;0;0;0;0;0;0;0;0;0;0;1;1;1;1;0;0;0;0;0;0;0;0;0;0;0;0;0;0;0;0;0;0;0;0;0;0;0;0;0;0;0;0;0;0;0;0;0;0;0;1;1;1;1;1;1;1;1;1;1;1;1;1;1;1;1;1;1;1;0;0;0;0;0;0;0;0;0;0.0004;0.088;-0.0884;0;0;0;0;0;0;0;0;0;0;0;0;0;0;0;0;0;0;0;-6.5798;0;0;0;0;0.0004;0;0;0;0;0;0;0;-0.0004;-0.0884;0;0;0;0;0;0;0;0;0;-0.7452;0;0.7452;1;1;0;0;0;0
16/04/21 03:00;0;0;90;0;0;90;0;0;0;0;5.34;2.8601;0;0;0;0;0;0;0;0;0;0;0;0;0;1;1;1;1;0;0;0;0;0;0;0;0;0;0;0;0;0;0;0;0;0;0;0;0;0;0;0;0;0;0;0;0;0;0;0;0;0;0;0;1;1;1;1;1;1;1;1;1;1;1;1;1;1;1;1;1;1;1;0;0;0;0;0;0;0;0;0;0.0004;0.088;-0.0884;0;0;0;0;0;0;0;0;0;0;0;0;0;0;0;0;0;0;0;-5.34;0;0;0;0;0.0004;0;0;0;0;0;0;0;-0.0004;-0.0884;0;0;0;0;0;0;0;0;0;-0.7452;0;0.7452;1;1;0;0;0;0
16/04/21 04:00;0;0;90;0;0;90;0;0;0;0;4.4;2.7001;0;0;0;0;0;0;0;0;0;0;0;0;0;1;1;1;1;0;0;0;0;0;0;0;0;0;0;0;0;0;0;0;0;0;0;0;0;0;0;0;0;0;0;0;0;0;0;0;0;0;0;0;1;1;1;1;1;1;1;1;1;1;1;1;1;1;1;1;1;1;1;0;0;0;0;0;0;0;0;0;0.0004;0.088;-0.0884;0;0;0;0;0;0;0;0;0;0;0;0;0;0;0;0;0;0;0;-4.4;0;0;0;0;0.0004;0;0;0;0;0;0;0;-0.0004;-0.0884;0;0;0;0;0;0;0;0;0;-0.7452;0;0.7452;1;1;0;0;0;0
16/04/21 05:00;0;0;90;0;0;90;0;0;0;0;3.7;2.59;0;0;0;0;0;0;0;0;0;0;0;0;0;1;1;1;1;0;0;0;0;0;0;0;0;0;0;0;0;0;0;0;0;0;0;0;0;0;0;0;0;0;0;0;0;0;0;0;0;0;0;0;1;1;1;1;1;1;1;1;1;1;1;1;1;1;1;1;1;1;1;0;0;0;0;0;0;0;0;0;0.0004;0.088;-0.0884;0;0;0;0;0;0;0;0;0;0;0;0;0;0;0;0;0;0;0;-3.7;0;0;0;0;0.0004;0;0;0;0;0;0;0;-0.0004;-0.0884;0;0;0;0;0;0;0;0;0;-0.7452;0;0.7452;1;1;0;0;0;0
16/04/21 06:00;3.391;-74.885;81.752;3.5122;5.0322;-90;-5.0322;9.1031;8.9003;0.2028;3.71;2.7999;0;0.4918;8.8607;0.0546;0;0.0035;9.4106;0;9.4106;0.4918;0.0546;8.8607;0.0035;0.0523;0.9419;0;0.0004;9.3868;0.0238;0;0;0.0209;0.0029;8.7358;0.5947;0.1902;0.0211;0.3833;0.0001;9.3305;0.0563;0.003;0.0003;0.053;0;8.736;0.2987;0.0332;8.4035;0.0005;5.2635;4.2055;1.6089;0.0001;0.063;0.9067;0.0002;0.9696;0;1;0;0;1.0338;0.9975;1;1;0.9976;0.1674;0.9363;0.611;1;0.9564;0.7768;0.994;0.994;1;0.994;0.994;0.9283;0.9484;0.1292;0.0268;0.0268;0.0002;0.0057;-0.0019;0.0002;0.0006;0.0001;0;0;0.088;-0.069;0;0;0;0;0;0;0;0;0;0;0;0;0.0005;0;0.0215;0.0215;0;4.15;4.15;0.44;0.0504;21.078;1020.1;1;0.0025;0.0025;0;0;0;0;0;0;0.019;-0.069;0;15.098;17.483;-48.45;-56.104;88.37;88.37;0.2259;0.1813;-0.5819;0.0445;0.7632;0.1972;3.3792;0;5.2624;0;0
16/04/21 07:00;12.3;-67.838;58.891;13.248;20.517;-90;-20.517;140.9;61.098;79.805;5.3998;3.13;0;193.55;42.813;40.945;0;0.8938;278.2;0;278.2;193.55;40.945;42.813;0.8938;0.6957;0.1571;0;0.0032;276.42;1.7777;0;0;1.0303;0.7474;265.63;9.1322;6.3326;1.3397;1.4282;0.0318;274.77;1.6585;1.1613;0.2457;0.2507;0.0009;265.71;186.06;39.36;40.104;0.1138;27.141;21.685;8.578;0.168;0.3176;4.5682;0.0728;4.7178;0;1;0;0;1.9744;0.9936;1;1;0.9759;0.1638;0.9668;0.9671;1;0.9656;0.7815;0.994;0.994;1;0.994;0.994;0.9548;0.9367;0.1273;0.7917;0.7694;0.0046;0.0151;-0.0182;0.0054;0.0191;0.0009;0;0;0.088;0.6247;0;0;0;0;0;0;0;0;0;0;0;0;0.0154;0.0017;0.7255;0.7255;0;18.314;18.314;12.914;0.0486;658.99;1100.9;1;0.0128;0.0128;0;0;0;0;0;0;0.7127;0.6247;0;17.232;19.954;14.839;17.183;98.24;98.24;6.6768;6.1181;5.2683;0.5587;0.8498;0.0837;0.1273;0.789;26.667;0.7795;0
16/04/21 08:00;23.191;-57.361;29.86;26.965;60;-90;-60;387.9;63.899;324;12.26;3.78;0;713.52;18.84;85.398;0;19.395;837.15;0;837.15;713.52;85.398;18.84;19.395;0.8523;0.0457;0;0.0232;816.74;20.413;0;0;2.3604;18.052;810.35;1.4853;0.7315;0.0876;0.5796;0.0866;811.84;4.9004;4.2811;0.5124;0.0989;0.0081;812.38;708.51;84.798;15.801;1.2478;51.386;41.058;17.863;3.1546;0.6802;9.7845;2.0274;7.3101;0;1;0;0;2.1582;0.9756;1;1;0.8747;0.0692;0.9982;0.999;1;0.9646;0.9351;0.994;0.994;1;0.994;0.994;0.968;0.8387;0.0643;2.3825;2.3439;0.0141;-0.0019;0.2271;0.0147;0.0522;0.0017;0;0;0.088;1.8609;0;0;0;0;0;0;0;0;0;0;0;0;0.0421;0.0129;1.9809;1.9809;0;52.577;52.577;40.317;0.0498;2023;979.2;1;0.032;0.032;0;0;0;0;0;0;1.9489;1.8609;0;15.636;18.107;14.689;17.009;98.383;98.383;20.092;16.706;15.693;3.3861;1.0122;0.1685;0.0504;0.7811;16.407;0.7743;0
16/04/21 09:00;32.733;-44.583;36.808;42.482;47.518;-90;-47.518;554.9;91.398;463.5;14.77;3.3401;0;686.31;28.154;85.568;0;18.015;818.04;0;818.04;686.31;85.568;28.154;18.015;0.839;0.0564;0;0.022;798.84;19.206;0;0;2.5149;16.691;789.29;4.7526;3.4231;0.4268;0.8377;0.0651;794.05;4.793;4.1179;0.5134;0.1538;0.0079;793.57;678.77;84.627;24.647;1.2508;226.04;180.61;72.719;2.0795;2.6061;37.488;4.2731;38.014;0;1;0;0;1.4742;0.9765;1;1;0.9107;0.0735;0.994;0.995;1;0.9671;0.9505;0.994;0.994;1;0.994;0.994;0.9649;0.8755;0.0694;2.3281;2.3455;0.0141;-0.0019;0.24;0.0147;0.052;0.0064;0;0;0.088;1.846;0;0;0;0;0;0;0;0;0;0;0;0;0.0419;0.0129;1.9656;1.9656;0;54.089;54.089;39.319;0.0498;2022.4;971.92;1;0.0316;0.0316;0;0;0;0;0;0;1.934;1.846;0;15.878;18.386;14.912;17.268;98.393;98.393;19.633;16.576;15.568;3.0567;1.0085;0.1557;0.0514;0.7929;21.454;0.7666;0
16/04/21 10:00;40.074;-28.631;42.194;60.336;29.664;-90;-29.664;680.19;112.4;567.8;16.43;2.81;0;653.43;36.703;84.149;0;8.9143;783.2;0;783.2;653.43;84.149;36.703;8.9143;0.8343;0.0582;0;0.0114;773.84;9.3586;0;0;1.5945;7.7641;761.87;7.3297;5.3051;0.6832;1.1388;0.2026;769.2;4.643;3.9206;0.5049;0.2107;0.0069;764.29;644.21;82.961;33.759;0.9407;362.42;289.57;119.07;0.5367;3.8356;55.173;2.4193;58.472;0;1;0;0;1.1514;0.9881;1;1;0.9566;0.129;0.9905;0.9918;1;0.9674;0.8228;0.994;0.994;1;0.994;0.994;0.9728;0.9198;0.1055;2.2289;2.2972;0.0138;-0.0018;0.2377;0.0143;0.0508;0.0093;0;0;0.088;1.801;0;0;0;0;0;0;0;0;0;0;0;0;0.0409;0.0124;1.9197;1.9197;0;54.395;54.395;37.964;0.0498;1979.2;969.91;1;0.0307;0.0307;0;0;0;0;0;0;1.889;1.801;0;16.197;18.755;15.195;17.596;98.402;98.402;18.797;16.189;15.188;2.608;1.0009;0.1387;0.0532;0.808;24.135;0.7675;0
16/04/21 11:00;44.103;-9.4475;45.101;80.387;9.6127;-90;-9.6127;758.1;125.1;633;18.52;2.5599;0;642.01;40.884;85.126;0;1.0644;769.08;0;769.08;642.01;85.126;40.884;1.0644;0.8348;0.0545;0;0.0014;767.92;1.1598;0;0;0.2758;0.884;754.48;8.8319;6.2972;0.835;1.6594;0.0403;763.32;4.6075;3.8521;0.5108;0.2436;0.0011;754.68;631.86;83.78;38.705;0.1391;443.06;354.01;144.34;0.0104;4.7265;67.989;0.1964;72.705;0;1;0;0;1.0145;0.9985;1;1;0.9933;0.1695;0.9884;0.9901;1;0.9589;0.7756;0.994;0.994;1;0.994;0.994;0.981;0.9467;0.1307;2.1888;2.2954;0.0138;-0.0018;0.2522;0.0142;0.0504;0.0114;0;0;0.088;1.784;0;0;0;0;0;0;0;0;0;0;0;0;0.0406;0.0124;1.9022;1.9022;0;56.172;56.172;37.652;0.0499;1976.9;962.19;1;0.0302;0.0302;0;0;0;0;0;0;1.872;1.784;0;16.343;18.925;15.328;17.749;98.412;98.412;18.458;16.041;15.044;2.4168;0.9968;0.1309;0.054;0.8151;24.484;0.7645;0
16/04/21 12:00;43.922;11.123;44.971;78.672;11.328;90;11.328;748.6;123.3;625.3;19.3;2.4501;0;637.73;40.915;83.612;0;1.4583;763.71;0;763.71;637.73;83.612;40.915;1.4583;0.835;0.0555;0;0.0019;762.13;1.5781;0;0;0.3647;1.2134;748.87;8.6901;6.2072;0.8138;1.6143;0.0548;757.56;4.5728;3.8264;0.5017;0.2433;0.0015;749.17;627.69;82.297;38.692;0.1885;435.93;348.31;139.49;0.0194;4.8156;69.271;0.3007;74.067;0;1;0;0;1.0202;0.9979;1;1;0.9911;0.1679;0.9885;0.9902;1;0.96;0.7747;0.994;0.994;1;0.994;0.994;0.9806;0.9457;0.1293;2.1735;2.2822;0.0137;-0.0018;0.255;0.0141;0.05;0.0116;0;0;0.088;1.7691;0;0;0;0;0;0;0;0;0;0;0;0;0.0403;0.0122;1.8869;1.8869;0;56.689;56.689;37.388;0.0499;1965.5;960.03;1;0.0299;0.0299;0;0;0;0;0;0;1.8571;1.7691;0;16.327;18.906;15.307;17.725;98.417;98.417;18.329;15.913;14.919;2.4162;0.994;0.1318;0.0542;0.8139;24.61;0.7622;0
16/04/21 13:00;39.578;30.08;41.833;58.77;31.23;90;31.23;681.8;116.3;565.49;20.04;2.3899;0;661.33;37.251;89.046;0;9.88;797.5;0;797.5;661.33;89.046;37.251;9.88;0.8292;0.0591;0;0.0124;787.03;10.474;0;0;1.7618;8.7118;775.03;7.2776;5.2303;0.7042;1.1458;0.1973;782.31;4.7222;3.968;0.5343;0.2129;0.007;777.81;652.13;87.807;34.13;0.9638;358.52;286.46;116.97;0.6507;3.8553;55.457;2.7762;58.662;0;1;0;0;1.1697;0.9869;1;1;0.9527;0.1182;0.9907;0.992;1;0.9675;0.8301;0.994;0.994;1;0.994;0.994;0.9718;0.9162;0.0976;2.2696;2.3364;0.0141;-0.0019;0.2787;0.0143;0.0508;0.0092;0;0;0.088;1.7993;0;0;0;0;0;0;0;0;0;0;0;0;0.0409;0.0128;1.9176;1.9176;0;58.799;58.799;38.759;0.05;2013.8;952.22;1;0.0303;0.0303;0;0;0;0;0;0;1.8873;1.7993;0;15.889;18.399;14.909;17.264;98.42;98.42;19.14;16.171;15.174;2.9689;0.9976;0.1551;0.0521;0.7928;24.765;0.7535;0
16/04/21 14:00;32.014;45.749;36.276;41.117;48.883;90;48.883;542.01;118.7;423.31;20.31;2.29;0;643.73;40.434;106.31;0;18.559;809.03;0;809.03;643.73;106.31;40.434;18.559;0.7957;0.0729;0;0.0229;787.94;21.09;0;0;3.7761;17.314;778.44;4.7701;3.0118;0.4974;1.2035;0.0574;783.21;4.7277;3.8624;0.6379;0.2199;0.0075;782.82;636.85;105.18;35.234;1.1797;216.7;173.14;69.501;3.2921;2.5966;37.351;4.3801;36.655;0;1;0;0;1.4927;0.9739;1;1;0.9066;0.0671;0.9939;0.9953;1;0.967;0.9536;0.994;0.994;1;0.994;0.994;0.9622;0.8714;0.0636;2.3024;2.3145;0.0139;-0.0019;0.2799;0.0142;0.0502;0.0062;0;0;0.088;1.781;0;0;0;0;0;0;0;0;0;0;0;0;0.0404;0.0126;1.8989;1.8989;0;59.254;59.254;38.945;0.05;1996.5;951.11;1;0.0299;0.0299;0;0;0;0;0;0;1.869;1.781;0;15.51;17.96;14.547;16.845;98.424;98.424;19.417;16.014;15.019;3.4028;0.9945;0.1753;0.0512;0.7735;31.221;0.7477;0
16/04/21 15:00;22.334;58.3;29.36;25.774;60;90;60;339.9;146.6;193.3;20.02;1.97;0;443.34;68.697;126.16;0;16.995;655.2;0;655.2;443.34;126.16;68.697;16.995;0.6767;0.1308;0;0.0259;630.66;24.535;0;0;8.6364;15.899;624.12;2.7608;0.4469;0.1272;2.1124;0.0743;626.88;3.784;2.6601;0.757;0.3604;0.0066;626.61;440.24;125.28;57.588;1.0152;74.442;59.479;27.56;11.489;1.3258;19.071;2.4972;8.9081;0;1;0;0;1.9276;0.9626;1;1;0.8743;0.0645;0.9956;0.999;1;0.9646;0.9318;0.994;0.994;1;0.994;0.994;0.9526;0.8383;0.0597;1.8646;1.831;0.011;0.0012;0.1685;0.0116;0.041;0.0033;0;0;0.088;1.4414;0;0;0;0;0;0;0;0;0;0;0;0;0.033;0.0081;1.5534;1.5534;0;51.05;51.05;31.03;0.0497;1577.2;984.89;1;0.024;0.024;0;0;0;0;0;0;1.5294;1.4414;0;15.667;18.142;14.537;16.833;98.454;98.454;15.725;13.1;12.155;2.6248;0.9446;0.1669;0.0601;0.773;59.805;0.7565;0
16/04/21 16:00;11.359;68.629;61.466;12.174;18.586;90;18.586;159.5;107;52.497;19.27;2.11;0;127.32;83.725;51.02;0;0.8318;262.9;0;262.9;127.32;51.02;83.725;0.8318;0.4843;0.3216;0;0.0032;260.48;2.4116;0;0;1.7162;0.6955;248.36;10.557;5.4556;2.1862;2.885;0.0302;258.92;1.5629;0.7639;0.3061;0.4921;0.0008;248.48;121.1;48.528;78.632;0.1054;52.045;41.584;16.103;0.2311;0.6255;8.998;0.1128;9.3924;0;1;0;0;1.6482;0.9908;1;1;0.9795;0.164;0.9592;0.9569;1;0.9646;0.7772;0.994;0.994;1;0.994;0.994;0.9447;0.9392;0.1267;0.7482;0.7289;0.0044;0.0156;0.017;0.0048;0.0172;0.0016;0;0;0.088;0.5539;0;0;0;0;0;0;0;0;0;0;0;0;0.0138;0.0015;0.653;0.653;0;31.484;31.484;12.214;0.0492;624.86;1045.1;1;0.0111;0.0111;0;0;0;0;0;0;0.6419;0.5539;0;16.414;19.007;13.922;16.122;98.296;98.296;6.3095;5.507;4.671;0.8025;0.836;0.1272;0.1325;0.7403;51.684;0.7218;0
16/04/21 17:00;2.8072;75.318;83.178;2.9017;4.1506;90;4.1506;0;0;0;16.08;2.7099;0;0;0;0;0;0;0;0;0;0;0;0;0;1;1;1;1;0;0;0;0;0;0;0;0;0;0;0;0;0;0;0;0;0;0;0;0;0;0;0;0;0;0;0;0;0;0;0;0;0;0;0;1;1;1;1;1;1;1;1;1;1;1;1;1;1;1;1;1;1;1;0;0;0;0;0;0;0;0;0;0.0004;0.088;-0.0884;0;0;0;0;0;0;0;0;0;0;0;0;0;0;0;0;0;0;0;-16.08;0;0;0;0;0.0004;0;0;0;0;0;0;0;-0.0004;-0.0884;0;0;0;0;0;0;0;0;0;-0.7452;0;0.7452;1;1;0;0;0;0
16/04/21 18:00;0;0;90;0;0;90;0;0;0;0;10.27;3.06;0;0;0;0;0;0;0;0;0;0;0;0;0;1;1;1;1;0;0;0;0;0;0;0;0;0;0;0;0;0;0;0;0;0;0;0;0;0;0;0;0;0;0;0;0;0;0;0;0;0;0;0;1;1;1;1;1;1;1;1;1;1;1;1;1;1;1;1;1;1;1;0;0;0;0;0;0;0;0;0;0.0004;0.088;-0.0884;0;0;0;0;0;0;0;0;0;0;0;0;0;0;0;0;0;0;0;-10.27;0;0;0;0;0.0004;0;0;0;0;0;0;0;-0.0004;-0.0884;0;0;0;0;0;0;0;0;0;-0.7452;0;0.7452;1;1;0;0;0;0
16/04/21 19:00;0;0;90;0;0;90;0;0;0;0;7.44;3.1899;0;0;0;0;0;0;0;0;0;0;0;0;0;1;1;1;1;0;0;0;0;0;0;0;0;0;0;0;0;0;0;0;0;0;0;0;0;0;0;0;0;0;0;0;0;0;0;0;0;0;0;0;1;1;1;1;1;1;1;1;1;1;1;1;1;1;1;1;1;1;1;0;0;0;0;0;0;0;0;0;0.0004;0.088;-0.0884;0;0;0;0;0;0;0;0;0;0;0;0;0;0;0;0;0;0;0;-7.44;0;0;0;0;0.0004;0;0;0;0;0;0;0;-0.0004;-0.0884;0;0;0;0;0;0;0;0;0;-0.7452;0;0.7452;1;1;0;0;0;0
16/04/21 20:00;0;0;90;0;0;90;0;0;0;0;6.8298;3.14;0;0;0;0;0;0;0;0;0;0;0;0;0;1;1;1;1;0;0;0;0;0;0;0;0;0;0;0;0;0;0;0;0;0;0;0;0;0;0;0;0;0;0;0;0;0;0;0;0;0;0;0;1;1;1;1;1;1;1;1;1;1;1;1;1;1;1;1;1;1;1;0;0;0;0;0;0;0;0;0;0.0004;0.088;-0.0884;0;0;0;0;0;0;0;0;0;0;0;0;0;0;0;0;0;0;0;-6.8298;0;0;0;0;0.0004;0;0;0;0;0;0;0;-0.0004;-0.0884;0;0;0;0;0;0;0;0;0;-0.7452;0;0.7452;1;1;0;0;0;0
16/04/21 21:00;0;0;90;0;0;90;0;0;0;0;6.3099;2.97;0;0;0;0;0;0;0;0;0;0;0;0;0;1;1;1;1;0;0;0;0;0;0;0;0;0;0;0;0;0;0;0;0;0;0;0;0;0;0;0;0;0;0;0;0;0;0;0;0;0;0;0;1;1;1;1;1;1;1;1;1;1;1;1;1;1;1;1;1;1;1;0;0;0;0;0;0;0;0;0;0.0004;0.088;-0.0884;0;0;0;0;0;0;0;0;0;0;0;0;0;0;0;0;0;0;0;-6.3099;0;0;0;0;0.0004;0;0;0;0;0;0;0;-0.0004;-0.0884;0;0;0;0;0;0;0;0;0;-0.7452;0;0.7452;1;1;0;0;0;0
16/04/21 22:00;0;0;90;0;0;90;0;0;0;0;5.0202;2.68;0;0;0;0;0;0;0;0;0;0;0;0;0;1;1;1;1;0;0;0;0;0;0;0;0;0;0;0;0;0;0;0;0;0;0;0;0;0;0;0;0;0;0;0;0;0;0;0;0;0;0;0;1;1;1;1;1;1;1;1;1;1;1;1;1;1;1;1;1;1;1;0;0;0;0;0;0;0;0;0;0.0004;0.088;-0.0884;0;0;0;0;0;0;0;0;0;0;0;0;0;0;0;0;0;0;0;-5.0202;0;0;0;0;0.0004;0;0;0;0;0;0;0;-0.0004;-0.0884;0;0;0;0;0;0;0;0;0;-0.7452;0;0.7452;1;1;0;0;0;0
16/04/21 23:00;0;0;90;0;0;90;0;0;0;0;4.4499;2.4799;0;0;0;0;0;0;0;0;0;0;0;0;0;1;1;1;1;0;0;0;0;0;0;0;0;0;0;0;0;0;0;0;0;0;0;0;0;0;0;0;0;0;0;0;0;0;0;0;0;0;0;0;1;1;1;1;1;1;1;1;1;1;1;1;1;1;1;1;1;1;1;0;0;0;0;0;0;0;0;0;0.0004;0.088;-0.0884;0;0;0;0;0;0;0;0;0;0;0;0;0;0;0;0;0;0;0;-4.4499;0;0;0;0;0.0004;0;0;0;0;0;0;0;-0.0004;-0.0884;0;0;0;0;0;0;0;0;0;-0.7452;0;0.7452;1;1;0;0;0;0
17/04/21 00:00;0;0;90;0;0;90;0;0;0;0;6.0998;2.5301;0;0;0;0;0;0;0;0;0;0;0;0;0;1;1;1;1;0;0;0;0;0;0;0;0;0;0;0;0;0;0;0;0;0;0;0;0;0;0;0;0;0;0;0;0;0;0;0;0;0;0;0;1;1;1;1;1;1;1;1;1;1;1;1;1;1;1;1;1;1;1;0;0;0;0;0;0;0;0;0;0.0004;0.088;-0.0884;0;0;0;0;0;0;0;0;0;0;0;0;0;0;0;0;0;0;0;-6.0998;0;0;0;0;0.0004;0;0;0;0;0;0;0;-0.0004;-0.0884;0;0;0;0;0;0;0;0;0;-0.7452;0;0.7452;1;1;0;0;0;0
17/04/21 01:00;0;0;90;0;0;90;0;0;0;0;4.1999;2.6;0;0;0;0;0;0;0;0;0;0;0;0;0;1;1;1;1;0;0;0;0;0;0;0;0;0;0;0;0;0;0;0;0;0;0;0;0;0;0;0;0;0;0;0;0;0;0;0;0;0;0;0;1;1;1;1;1;1;1;1;1;1;1;1;1;1;1;1;1;1;1;0;0;0;0;0;0;0;0;0;0.0004;0.088;-0.0884;0;0;0;0;0;0;0;0;0;0;0;0;0;0;0;0;0;0;0;-4.1999;0;0;0;0;0.0004;0;0;0;0;0;0;0;-0.0004;-0.0884;0;0;0;0;0;0;0;0;0;-0.7452;0;0.7452;1;1;0;0;0;0
17/04/21 02:00;0;0;90;0;0;90;0;0;0;0;4.2298;2.67;0;0;0;0;0;0;0;0;0;0;0;0;0;1;1;1;1;0;0;0;0;0;0;0;0;0;0;0;0;0;0;0;0;0;0;0;0;0;0;0;0;0;0;0;0;0;0;0;0;0;0;0;1;1;1;1;1;1;1;1;1;1;1;1;1;1;1;1;1;1;1;0;0;0;0;0;0;0;0;0;0.0004;0.088;-0.0884;0;0;0;0;0;0;0;0;0;0;0;0;0;0;0;0;0;0;0;-4.2298;0;0;0;0;0.0004;0;0;0;0;0;0;0;-0.0004;-0.0884;0;0;0;0;0;0;0;0;0;-0.7452;0;0.7452;1;1;0;0;0;0
17/04/21 03:00;0;0;90;0;0;90;0;0;0;0;3.5903;2.65;0;0;0;0;0;0;0;0;0;0;0;0;0;1;1;1;1;0;0;0;0;0;0;0;0;0;0;0;0;0;0;0;0;0;0;0;0;0;0;0;0;0;0;0;0;0;0;0;0;0;0;0;1;1;1;1;1;1;1;1;1;1;1;1;1;1;1;1;1;1;1;0;0;0;0;0;0;0;0;0;0.0004;0.088;-0.0884;0;0;0;0;0;0;0;0;0;0;0;0;0;0;0;0;0;0;0;-3.5903;0;0;0;0;0.0004;0;0;0;0;0;0;0;-0.0004;-0.0884;0;0;0;0;0;0;0;0;0;-0.7452;0;0.7452;1;1;0;0;0;0
17/04/21 04:00;0;0;90;0;0;90;0;0;0;0;3.1801;2.5;0;0;0;0;0;0;0;0;0;0;0;0;0;1;1;1;1;0;0;0;0;0;0;0;0;0;0;0;0;0;0;0;0;0;0;0;0;0;0;0;0;0;0;0;0;0;0;0;0;0;0;0;1;1;1;1;1;1;1;1;1;1;1;1;1;1;1;1;1;1;1;0;0;0;0;0;0;0;0;0;0.0004;0.088;-0.0884;0;0;0;0;0;0;0;0;0;0;0;0;0;0;0;0;0;0;0;-3.1801;0;0;0;0;0.0004;0;0;0;0;0;0;0;-0.0004;-0.0884;0;0;0;0;0;0;0;0;0;-0.7452;0;0.7452;1;1;0;0;0;0
17/04/21 05:00;0;0;90;0;0;90;0;0;0;0;3.25;2.21;0;0;0;0;0;0;0;0;0;0;0;0;0;1;1;1;1;0;0;0;0;0;0;0;0;0;0;0;0;0;0;0;0;0;0;0;0;0;0;0;0;0;0;0;0;0;0;0;0;0;0;0;1;1;1;1;1;1;1;1;1;1;1;1;1;1;1;1;1;1;1;0;0;0;0;0;0;0;0;0;0.0004;0.088;-0.0884;0;0;0;0;0;0;0;0;0;0;0;0;0;0;0;0;0;0;0;-3.25;0;0;0;0;0.0004;0;0;0;0;0;0;0;-0.0004;-0.0884;0;0;0;0;0;0;0;0;0;-0.7452;0;0.7452;1;1;0;0;0;0
17/04/21 06:00;3.2282;-74.567;82.15;3.3487;4.7957;-90;-4.7957;5.3915;5.3915;0;2.76;1.9199;0;0;5.3821;0;0;0.0019;5.384;5.384;0;0;0;0;0;1;1;1;1;0;0;0;0;0;0;0;0;0;0;0;0;0;0;0;0;0;0;0;0;0;0;0;0;0;0;0;0;0;0;0;0;0;0;0;0;1;1;1;1;1;1;1;1;1;1;1;1;1;0;0;1;0;0;0;0;0;0;0;0;0;0;0;0.0004;0.088;-0.0884;0;0;0;0;0;0;0;0;0;0;0;0;0;0;0;0;0;0;0;-2.76;0;0;0;0;0.0004;0;0;0;0;0;0;0;-0.0004;-0.0884;0;0;0;0;0;0;0;0;0;-0.7452;0;0.7452;1;1;0;0;0;0
17/04/21 07:00;12.121;-67.522;59.387;13.084;20.217;-90;-20.217;185.6;30.599;155;5.9702;1.3;0;375.92;13.499;40.43;0;1.1435;430.99;0;430.99;375.92;40.43;13.499;1.1435;0.8722;0.034;0;0.0027;429.72;1.2723;0;0;0.3173;0.9551;412.21;14.93;13.035;1.402;0.4517;0.0411;427.14;2.5783;2.2555;0.2426;0.0791;0.0011;412.23;360.63;38.786;12.651;0.1462;9.2371;7.3804;3.0373;0.0504;0.1;1.4382;0.0221;1.4878;0;1;0;0;2.3222;0.997;1;1;0.9765;0.1648;0.965;0.9651;1;0.9655;0.7806;0.994;0.994;1;0.994;0.994;0.9564;0.9372;0.1279;1.2266;1.1823;0.0071;0.0096;0.0045;0.0081;0.0288;0.0003;0;0;0.088;0.9909;0;0;0;0;0;0;0;0;0;0;0;0;0.0232;0.0036;1.097;1.097;0;26.084;26.084;20.114;0.0488;1015.3;1080.5;1;0.0181;0.0181;0;0;0;0;0;0;1.0789;0.9909;0;16.82;19.477;15.193;17.593;98.35;98.35;10.344;9.2515;8.3567;1.0923;0.8947;0.1056;0.0865;0.8079;8.396;0.8059;0
17/04/21 08:00;22.981;-57.048;30.204;26.811;60;-90;-60;379.6;62.602;316.99;9.6397;0.9699;0;701.7;18.817;83.036;0;18.98;822.53;0;822.53;701.7;83.036;18.817;18.98;0.8531;0.046;0;0.0231;802.51;20.024;0;0;2.3575;17.666;796.13;1.5649;0.8059;0.0954;0.5789;0.0848;797.69;4.815;4.2102;0.4982;0.0988;0.0079;798.12;696.68;82.443;15.782;1.2211;48.915;39.083;16.776;3.1507;0.6719;9.6649;1.9929;7.1861;0;1;0;0;2.1669;0.9757;1;1;0.8747;0.0692;0.998;0.9988;1;0.9646;0.9351;0.994;0.994;1;0.994;0.994;0.9679;0.8387;0.0643;2.3409;2.3029;0.0139;-0.0018;0.1949;0.0147;0.052;0.0017;0;0;0.088;1.853;0;0;0;0;0;0;0;0;0;0;0;0;0.0419;0.0125;1.9731;1.9731;0;49.138;49.138;39.498;0.0496;1986.4;993.3;1;0.0322;0.0322;0;0;0;0;0;0;1.941;1.853;0;15.852;18.356;14.886;17.238;98.37;98.37;19.741;16.64;15.626;3.101;1.0133;0.1571;0.0513;0.7916;16.387;0.7847;0
17/04/21 09:00;32.481;-44.283;37.151;42.358;47.642;-90;-47.642;553.2;91.398;461.8;12.95;2.0099;0;685.41;27.945;86.092;0;18.048;817.5;0;817.5;685.41;86.092;27.945;18.048;0.8384;0.0563;0;0.0221;798.27;19.23;0;0;2.5057;16.724;788.58;4.8977;3.5552;0.4466;0.8315;0.0645;793.48;4.7896;4.1125;0.5166;0.1526;0.0079;792.86;677.74;85.129;24.455;1.251;224.58;179.44;72.191;2.0828;2.5941;37.314;4.2772;37.826;0;1;0;0;1.4778;0.9765;1;1;0.9103;0.0733;0.9938;0.9948;1;0.9671;0.951;0.994;0.994;1;0.994;0.994;0.9646;0.8751;0.0693;2.3265;2.3432;0.0141;-0.0019;0.2237;0.0148;0.0523;0.0064;0;0;0.088;1.8589;0;0;0;0;0;0;0;0;0;0;0;0;0.0421;0.0129;1.9789;1.9789;0;52.172;52.172;39.222;0.0497;2019.9;979.69;1;0.032;0.032;0;0;0;0;0;0;1.9469;1.8589;0;15.996;18.523;15.026;17.399;98.383;98.383;19.62;16.688;15.676;2.9318;1.012;0.1494;0.0516;0.799;21.321;0.7726;0
17/04/21 10:00;39.775;-28.379;42.548;60.274;29.726;-90;-29.726;673.4;111;562.4;15.65;2.5301;0;647.61;36.422;82.926;0;8.8612;775.82;0;775.82;647.61;82.926;36.422;8.8612;0.8347;0.0584;0;0.0114;766.52;9.3076;0;0;1.5876;7.7201;754.51;7.4117;5.3911;0.6903;1.1297;0.2006;761.92;4.5991;3.8857;0.4976;0.209;0.0068;756.91;638.34;81.738;33.496;0.9337;358.63;286.54;117.84;0.5364;3.795;54.59;2.4063;57.849;0;1;0;0;1.1521;0.988;1;1;0.9564;0.1288;0.9903;0.9916;1;0.9674;0.8232;0.994;0.994;1;0.994;0.994;0.9725;0.9197;0.1054;2.2079;2.2749;0.0137;-0.0018;0.2258;0.0143;0.0506;0.0093;0;0;0.088;1.7916;0;0;0;0;0;0;0;0;0;0;0;0;0.0407;0.0122;1.9102;1.9102;0;53.211;53.211;37.561;0.0498;1959.7;974.73;1;0.0306;0.0306;0;0;0;0;0;0;1.8796;1.7916;0;16.27;18.84;15.26;17.67;98.398;98.398;18.62;16.109;15.109;2.5108;1.0002;0.1348;0.0537;0.8114;23.961;0.7708;0
17/04/21 11:00;43.762;-9.3003;45.457;80.422;9.5782;-90;-9.5782;737.51;121.4;616.11;16.85;2.84;0;624.82;41.301;80.935;0;1.0281;748.09;0;748.09;624.82;80.935;41.301;1.0281;0.8352;0.0566;0;0.0014;746.96;1.1308;0;0;0.2769;0.8539;733.69;8.7847;6.2579;0.8106;1.6773;0.0389;742.47;4.4817;3.7489;0.4856;0.2461;0.001;733.88;614.81;79.639;39.101;0.1343;431.08;344.43;138.32;0.0104;4.7365;68.133;0.194;72.859;0;1;0;0;1.0143;0.9985;1;1;0.9933;0.1695;0.9882;0.9899;1;0.9589;0.7756;0.994;0.994;1;0.994;0.994;0.9808;0.9467;0.1307;2.129;2.2362;0.0135;-0.0016;0.2234;0.014;0.0497;0.0116;0;0;0.088;1.756;0;0;0;0;0;0;0;0;0;0;0;0;0.04;0.0118;1.8739;1.8739;0;53.382;53.382;36.532;0.0498;1925.1;973.41;1;0.0299;0.0299;0;0;0;0;0;0;1.844;1.756;0;16.552;19.167;15.511;17.962;98.405;98.405;17.954;15.803;14.809;2.1512;0.9941;0.1198;0.0554;0.8248;24.732;0.7722;0
17/04/21 12:00;43.565;11.126;45.314;78.532;11.468;90;11.468;729.11;122.7;606.41;18.05;3;0;618.76;42.592;81.304;0;1.4557;744.11;0;744.11;618.76;81.304;42.592;1.4557;0.8315;0.0592;0;0.002;742.51;1.5988;0;0;0.3875;1.2113;729.37;8.6846;6.1459;0.8076;1.6764;0.0547;738.06;4.4551;3.7126;0.4878;0.2532;0.0015;729.68;608.9;80.008;40.275;0.1882;424.48;339.16;135.81;0.0211;4.6901;67.466;0.3016;72.135;0;1;0;0;1.0206;0.9979;1;1;0.9909;0.1679;0.9882;0.99;1;0.96;0.7747;0.994;0.994;1;0.994;0.994;0.9802;0.9456;0.1293;2.1177;2.2228;0.0134;-0.0016;0.2302;0.0139;0.0492;0.0114;0;0;0.088;1.7376;0;0;0;0;0;0;0;0;0;0;0;0;0.0396;0.0116;1.8551;1.8551;0;54.398;54.398;36.348;0.0498;1913.9;969.29;1;0.0294;0.0294;0;0;0;0;0;0;1.8256;1.7376;0;16.474;19.076;15.431;17.868;98.413;98.413;17.859;15.644;14.654;2.2146;0.9905;0.124;0.0555;0.8205;25.629;0.7684;0
17/04/21 13:00;39.233;29.96;42.15;58.55;31.45;90;31.45;662.2;120;542.2;18.33;3.0201;0;635.57;40.841;88.997;0;9.728;775.14;0;775.14;635.57;88.997;40.841;9.728;0.8199;0.0652;0;0.0126;764.6;10.54;0;0;1.9532;8.587;752.7;7.31;5.1438;0.7203;1.2549;0.191;760.01;4.5876;3.8134;0.534;0.2333;0.0068;755.44;626.61;87.742;37.4;0.9432;348.03;278.07;113.58;0.7305;3.7469;53.898;2.7417;56.914;0;1;0;0;1.1705;0.9864;1;1;0.9522;0.1173;0.9904;0.9919;1;0.9675;0.8316;0.994;0.994;1;0.994;0.994;0.9711;0.9157;0.097;2.206;2.2693;0.0137;-0.0018;0.247;0.0141;0.0499;0.0091;0;0;0.088;1.7671;0;0;0;0;0;0;0;0;0;0;0;0;0.0402;0.0121;1.885;1.885;0;55.884;55.884;37.554;0.0499;1955.6;963.91;1;0.0299;0.0299;0;0;0;0;0;0;1.8551;1.7671;0;16.07;18.608;15.064;17.444;98.413;98.413;18.603;15.897;14.902;2.7067;0.9943;0.1455;0.0535;0.8011;27.194;0.7614;0
17/04/21 14:00;31.697;45.558;36.566;40.858;49.142;90;49.142;530.7;122.5;408.19;18.88;2.98;0;623.98;43.227;107.37;0;18.352;792.92;0;792.92;623.98;107.37;43.227;18.352;0.7869;0.0777;0;0.0231;771.73;21.195;0;0;4.0681;17.127;762.21;4.8875;3.0245;0.5204;1.287;0.0557;767.1;4.6304;3.7439;0.6442;0.235;0.0074;766.56;617.21;106.2;37.637;1.1626;211.82;169.25;67.904;3.5842;2.5642;36.884;4.3544;35.864;0;1;0;0;1.4941;0.9733;1;1;0.9059;0.0668;0.9936;0.9951;1;0.9669;0.9543;0.994;0.994;1;0.994;0.994;0.9613;0.8707;0.0633;2.2566;2.2671;0.0137;-0.0017;0.2554;0.014;0.0496;0.0062;0;0;0.088;1.7601;0;0;0;0;0;0;0;0;0;0;0;0;0.04;0.0121;1.8778;1.8778;0;56.941;56.941;38.061;0.0499;1955.3;960.36;1;0.0297;0.0297;0;0;0;0;0;0;1.8481;1.7601;0;15.649;18.121;14.668;16.986;98.418;98.418;19.03;15.836;14.843;3.1942;0.9926;0.1678;0.0522;0.78;33.463;0.7537;0
17/04/21 15:00;22.043;58.077;29.661;25.504;60;90;60;350.9;130.9;220;18.77;2.6101;0;509.39;55.701;131.12;0;17.545;713.75;0;713.75;509.39;131.12;55.701;17.545;0.7137;0.1026;0;0.0246;690.33;23.416;0;0;7.0026;16.413;683.75;2.4417;0.5188;0.1335;1.7127;0.0767;686.19;4.142;3.0563;0.7867;0.2922;0.0068;685.93;505.81;130.2;46.693;1.0481;62.324;49.797;22.795;9.3165;1.1085;15.945;2.1816;7.7366;0;1;0;0;2.034;0.9672;1;1;0.8743;0.0645;0.9964;0.999;1;0.9646;0.9318;0.994;0.994;1;0.994;0.994;0.958;0.8383;0.0597;2.0313;1.9944;0.012;-0.0002;0.1957;0.0125;0.0444;0.0027;0;0;0.088;1.5678;0;0;0;0;0;0;0;0;0;0;0;0;0.0357;0.0095;1.6821;1.6821;0;52.805;52.805;34.035;0.0498;1720.1;977.93;1;0.0263;0.0263;0;0;0;0;0;0;1.6558;1.5678;0;15.573;18.034;14.515;16.808;98.434;98.434;17.13;14.186;13.221;2.9443;0.9642;0.1719;0.0563;0.7718;48.491;0.7591;0
17/04/21 16:00;11.091;68.39;62.19;11.906;18.118;90;18.118;145.01;107.5;37.503;17.87;2.5499;0;90.955;89.753;37.514;0;0.7189;218.94;0;218.94;90.955;37.514;89.753;0.7189;0.4154;0.4132;0;0.0033;216.58;2.3634;0;0;1.7627;0.6007;206.21;9.064;4.1891;1.7277;3.121;0.0262;215.28;1.2995;0.5457;0.2251;0.5279;0.0007;206.33;86.221;35.561;84.341;0.0913;55.553;44.387;17.329;0.2265;0.6573;9.4545;0.1114;9.8852;0;1;0;0;1.5099;0.9892;1;1;0.9804;0.1645;0.9579;0.9537;1;0.9643;0.7768;0.994;0.994;1;0.994;0.994;0.9419;0.9397;0.127;0.6231;0.6093;0.0037;0.0166;0.0066;0.0041;0.0145;0.0017;0;0;0.088;0.4516;0;0;0;0;0;0;0;0;0;0;0;0;0.0116;0.0011;0.5494;0.5494;0;27.997;27.997;10.126;0.0491;521.61;1053.2;1;0.0098;0.0098;0;0;0;0;0;0;0.5396;0.4516;0;16.581;19.201;13.629;15.782;98.215;98.215;5.2546;4.633;3.8082;0.6216;0.8248;0.1183;0.157;0.7247;55.293;0.702;0
17/04/21 17:00;2.7481;74.924;83.322;2.8459;4.0702;90;4.0702;0;0;0;14.71;3.0201;0;0;0;0;0;0;0;0;0;0;0;0;0;1;1;1;1;0;0;0;0;0;0;0;0;0;0;0;0;0;0;0;0;0;0;0;0;0;0;0;0;0;0;0;0;0;0;0;0;0;0;0;1;1;1;1;1;1;1;1;1;1;1;1;1;1;1;1;1;1;1;0;0;0;0;0;0;0;0;0;0.0004;0.088;-0.0884;0;0;0;0;0;0;0;0;0;0;0;0;0;0;0;0;0;0;0;-14.71;0;0;0;0;0.0004;0;0;0;0;0;0;0;-0.0004;-0.0884;0;0;0;0;0;0;0;0;0;-0.7452;0;0.7452;1;1;0;0;0;0
17/04/21 18:00;0;0;90;0;0;90;0;0;0;0;12.07;3.1899;0;0;0;0;0;0;0;0;0;0;0;0;0;1;1;1;1;0;0;0;0;0;0;0;0;0;0;0;0;0;0;0;0;0;0;0;0;0;0;0;0;0;0;0;0;0;0;0;0;0;0;0;1;1;1;1;1;1;1;1;1;1;1;1;1;1;1;1;1;1;1;0;0;0;0;0;0;0;0;0;0.0004;0.088;-0.0884;0;0;0;0;0;0;0;0;0;0;0;0;0;0;0;0;0;0;0;-12.07;0;0;0;0;0.0004;0;0;0;0;0;0;0;-0.0004;-0.0884;0;0;0;0;0;0;0;0;0;-0.7452;0;0.7452;1;1;0;0;0;0
17/04/21 19:00;0;0;90;0;0;90;0;0;0;0;10.72;3.1701;0;0;0;0;0;0;0;0;0;0;0;0;0;1;1;1;1;0;0;0;0;0;0;0;0;0;0;0;0;0;0;0;0;0;0;0;0;0;0;0;0;0;0;0;0;0;0;0;0;0;0;0;1;1;1;1;1;1;1;1;1;1;1;1;1;1;1;1;1;1;1;0;0;0;0;0;0;0;0;0;0.0004;0.088;-0.0884;0;0;0;0;0;0;0;0;0;0;0;0;0;0;0;0;0;0;0;-10.72;0;0;0;0;0.0004;0;0;0;0;0;0;0;-0.0004;-0.0884;0;0;0;0;0;0;0;0;0;-0.7452;0;0.7452;1;1;0;0;0;0
17/04/21 20:00;0;0;90;0;0;90;0;0;0;0;9.29;3.0901;0;0;0;0;0;0;0;0;0;0;0;0;0;1;1;1;1;0;0;0;0;0;0;0;0;0;0;0;0;0;0;0;0;0;0;0;0;0;0;0;0;0;0;0;0;0;0;0;0;0;0;0;1;1;1;1;1;1;1;1;1;1;1;1;1;1;1;1;1;1;1;0;0;0;0;0;0;0;0;0;0.0004;0.088;-0.0884;0;0;0;0;0;0;0;0;0;0;0;0;0;0;0;0;0;0;0;-9.29;0;0;0;0;0.0004;0;0;0;0;0;0;0;-0.0004;-0.0884;0;0;0;0;0;0;0;0;0;-0.7452;0;0.7452;1;1;0;0;0;0
17/04/21 21:00;0;0;90;0;0;90;0;0;0;0;8.7303;2.9301;0;0;0;0;0;0;0;0;0;0;0;0;0;1;1;1;1;0;0;0;0;0;0;0;0;0;0;0;0;0;0;0;0;0;0;0;0;0;0;0;0;0;0;0;0;0;0;0;0;0;0;0;1;1;1;1;1;1;1;1;1;1;1;1;1;1;1;1;1;1;1;0;0;0;0;0;0;0;0;0;0.0004;0.088;-0.0884;0;0;0;0;0;0;0;0;0;0;0;0;0;0;0;0;0;0;0;-8.7303;0;0;0;0;0.0004;0;0;0;0;0;0;0;-0.0004;-0.0884;0;0;0;0;0;0;0;0;0;-0.7452;0;0.7452;1;1;0;0;0;0
17/04/21 22:00;0;0;90;0;0;90;0;0;0;0;7.3702;2.7099;0;0;0;0;0;0;0;0;0;0;0;0;0;1;1;1;1;0;0;0;0;0;0;0;0;0;0;0;0;0;0;0;0;0;0;0;0;0;0;0;0;0;0;0;0;0;0;0;0;0;0;0;1;1;1;1;1;1;1;1;1;1;1;1;1;1;1;1;1;1;1;0;0;0;0;0;0;0;0;0;0.0004;0.088;-0.0884;0;0;0;0;0;0;0;0;0;0;0;0;0;0;0;0;0;0;0;-7.3702;0;0;0;0;0.0004;0;0;0;0;0;0;0;-0.0004;-0.0884;0;0;0;0;0;0;0;0;0;-0.7452;0;0.7452;1;1;0;0;0;0
17/04/21 23:00;0;0;90;0;0;90;0;0;0;0;8.0197;2.41;0;0;0;0;0;0;0;0;0;0;0;0;0;1;1;1;1;0;0;0;0;0;0;0;0;0;0;0;0;0;0;0;0;0;0;0;0;0;0;0;0;0;0;0;0;0;0;0;0;0;0;0;1;1;1;1;1;1;1;1;1;1;1;1;1;1;1;1;1;1;1;0;0;0;0;0;0;0;0;0;0.0004;0.088;-0.0884;0;0;0;0;0;0;0;0;0;0;0;0;0;0;0;0;0;0;0;-8.0197;0;0;0;0;0.0004;0;0;0;0;0;0;0;-0.0004;-0.0884;0;0;0;0;0;0;0;0;0;-0.7452;0;0.7452;1;1;0;0;0;0
18/04/21 00:00;0;0;90;0;0;90;0;0;0;0;7.0398;2.0701;0;0;0;0;0;0;0;0;0;0;0;0;0;1;1;1;1;0;0;0;0;0;0;0;0;0;0;0;0;0;0;0;0;0;0;0;0;0;0;0;0;0;0;0;0;0;0;0;0;0;0;0;1;1;1;1;1;1;1;1;1;1;1;1;1;1;1;1;1;1;1;0;0;0;0;0;0;0;0;0;0.0004;0.088;-0.0884;0;0;0;0;0;0;0;0;0;0;0;0;0;0;0;0;0;0;0;-7.0398;0;0;0;0;0.0004;0;0;0;0;0;0;0;-0.0004;-0.0884;0;0;0;0;0;0;0;0;0;-0.7452;0;0.7452;1;1;0;0;0;0
18/04/21 01:00;0;0;90;0;0;90;0;0;0;0;5.7102;1.65;0;0;0;0;0;0;0;0;0;0;0;0;0;1;1;1;1;0;0;0;0;0;0;0;0;0;0;0;0;0;0;0;0;0;0;0;0;0;0;0;0;0;0;0;0;0;0;0;0;0;0;0;1;1;1;1;1;1;1;1;1;1;1;1;1;1;1;1;1;1;1;0;0;0;0;0;0;0;0;0;0.0004;0.088;-0.0884;0;0;0;0;0;0;0;0;0;0;0;0;0;0;0;0;0;0;0;-5.7102;0;0;0;0;0.0004;0;0;0;0;0;0;0;-0.0004;-0.0884;0;0;0;0;0;0;0;0;0;-0.7452;0;0.7452;1;1;0;0;0;0
18/04/21 02:00;0;0;90;0;0;90;0;0;0;0;5.0601;1.1801;0;0;0;0;0;0;0;0;0;0;0;0;0;1;1;1;1;0;0;0;0;0;0;0;0;0;0;0;0;0;0;0;0;0;0;0;0;0;0;0;0;0;0;0;0;0;0;0;0;0;0;0;1;1;1;1;1;1;1;1;1;1;1;1;1;1;1;1;1;1;1;0;0;0;0;0;0;0;0;0;0.0004;0.088;-0.0884;0;0;0;0;0;0;0;0;0;0;0;0;0;0;0;0;0;0;0;-5.0601;0;0;0;0;0.0004;0;0;0;0;0;0;0;-0.0004;-0.0884;0;0;0;0;0;0;0;0;0;-0.7452;0;0.7452;1;1;0;0;0;0
18/04/21 03:00;0;0;90;0;0;90;0;0;0;0;3.2101;0.75;0;0;0;0;0;0;0;0;0;0;0;0;0;1;1;1;1;0;0;0;0;0;0;0;0;0;0;0;0;0;0;0;0;0;0;0;0;0;0;0;0;0;0;0;0;0;0;0;0;0;0;0;1;1;1;1;1;1;1;1;1;1;1;1;1;1;1;1;1;1;1;0;0;0;0;0;0;0;0;0;0.0004;0.088;-0.0884;0;0;0;0;0;0;0;0;0;0;0;0;0;0;0;0;0;0;0;-3.2101;0;0;0;0;0.0004;0;0;0;0;0;0;0;-0.0004;-0.0884;0;0;0;0;0;0;0;0;0;-0.7452;0;0.7452;1;1;0;0;0;0
18/04/21 04:00;0;0;90;0;0;90;0;0;0;0;3.2998;0.6301;0;0;0;0;0;0;0;0;0;0;0;0;0;1;1;1;1;0;0;0;0;0;0;0;0;0;0;0;0;0;0;0;0;0;0;0;0;0;0;0;0;0;0;0;0;0;0;0;0;0;0;0;1;1;1;1;1;1;1;1;1;1;1;1;1;1;1;1;1;1;1;0;0;0;0;0;0;0;0;0;0.0004;0.088;-0.0884;0;0;0;0;0;0;0;0;0;0;0;0;0;0;0;0;0;0;0;-3.2998;0;0;0;0;0.0004;0;0;0;0;0;0;0;-0.0004;-0.0884;0;0;0;0;0;0;0;0;0;-0.7452;0;0.7452;1;1;0;0;0;0
18/04/21 05:00;0;0;90;0;0;90;0;0;0;0;2.07;0.68;0;0;0;0;0;0;0;0;0;0;0;0;0;1;1;1;1;0;0;0;0;0;0;0;0;0;0;0;0;0;0;0;0;0;0;0;0;0;0;0;0;0;0;0;0;0;0;0;0;0;0;0;1;1;1;1;1;1;1;1;1;1;1;1;1;1;1;1;1;1;1;0;0;0;0;0;0;0;0;0;0.0004;0.088;-0.0884;0;0;0;0;0;0;0;0;0;0;0;0;0;0;0;0;0;0;0;-2.07;0;0;0;0;0.0004;0;0;0;0;0;0;0;-0.0004;-0.0884;0;0;0;0;0;0;0;0;0;-0.7452;0;0.7452;1;1;0;0;0;0
18/04/21 06:00;3.2623;-74.106;82.067;3.3917;4.8578;-90;-4.8578;10.51;10.497;0.0131;1.9497;0.74;0;0.0317;10.476;0.0043;0;0.0038;10.516;0;10.516;0.0317;0.0043;10.476;0.0038;0.003;0.9966;0;0.0004;10.489;0.0265;0;0;0.0234;0.0031;9.9576;0.4686;0.0127;0.0017;0.454;0.0001;10.426;0.0629;0.0002;0;0.0627;0;9.9578;0.0188;0.0026;9.9358;0.0005;6.2203;4.97;1.901;0.0001;0.0745;1.0718;0.0002;1.1463;0;1;0;0;1.0006;0.9975;1;1;0.9978;0.1673;0.9551;0.5971;1;0.9563;0.7769;0.994;0.994;1;0.994;0.994;0.9469;0.9484;0.1292;0.0299;0.0306;0.0002;0.0061;-0.0023;0.0002;0.0007;0.0002;0;0;0.088;-0.0655;0;0;0;0;0;0;0;0;0;0;0;0;0.0005;0;0.0251;0.0251;0;2.449;2.449;0.4993;0.0501;24.307;1034.2;1;0.0026;0.0026;0;0;0;0;0;0;0.0225;-0.0655;0;15.798;18.293;-41.146;-47.646;89.587;89.587;0.2524;0.212;-0.5522;0.0404;0.7642;0.16;3.028;0;6.2203;0;0
18/04/21 07:00;11.941;-67.211;59.88;12.92;19.918;-90;-19.918;162.8;34.703;128.1;3.9101;0.8601;0;310.67;18.275;38.477;0;0.9738;368.4;0;368.4;310.67;38.477;18.275;0.9738;0.8433;0.0522;0;0.0026;367.17;1.2319;0;0;0.4193;0.8126;351.49;13.474;11.412;1.4134;0.6138;0.0353;364.96;2.203;1.864;0.2309;0.1071;0.001;351.52;297.4;36.833;17.135;0.125;12.055;9.6319;3.5083;0.0645;0.16;2.3017;0.0345;2.3972;0;1;0;0;2.2629;0.9967;1;1;0.9771;0.1655;0.9631;0.963;1;0.9654;0.7799;0.994;0.994;1;0.994;0.994;0.9541;0.9376;0.1283;1.0484;1.0104;0.0061;0.012;-0.0142;0.007;0.025;0.0004;0;0;0.088;0.847;0;0;0;0;0;0;0;0;0;0;0;0;0.0201;0.0027;0.9512;0.9512;0;21.005;21.005;17.095;0.0486;865.84;1098.5;1;0.0161;0.0161;0;0;0;0;0;0;0.935;0.847;0;17.061;19.756;15.193;17.594;98.306;98.306;8.8416;8.0212;7.1432;0.8204;0.878;0.0928;0.0993;0.8079;11.35;0.8041;0
18/04/21 08:00;22.771;-56.739;30.544;26.656;60;-90;-60;360.8;64.397;296.41;7.9;1.46;0;659.56;20.985;81.034;0;18.04;779.61;0;779.61;659.56;81.034;20.985;18.04;0.846;0.0501;0;0.0231;760.19;19.421;0;0;2.6291;16.792;753.91;1.7232;0.8879;0.1091;0.6456;0.0806;755.63;4.5612;3.9573;0.4862;0.1101;0.0075;755.66;654.71;80.439;17.6;1.1606;47.232;37.739;16.918;3.5129;0.6326;9.1;1.7543;6.2198;0;1;0;0;2.1608;0.9751;1;1;0.8747;0.0692;0.9977;0.9986;1;0.9646;0.9351;0.994;0.994;1;0.994;0.994;0.967;0.8387;0.0643;2.2187;2.1803;0.0131;-0.0014;0.1541;0.0141;0.05;0.0016;0;0;0.088;1.7782;0;0;0;0;0;0;0;0;0;0;0;0;0.0403;0.0112;1.8972;1.8972;0;45.185;45.185;37.285;0.0495;1878.4;1010;1;0.031;0.031;0;0;0;0;0;0;1.8662;1.7782;0;16.081;18.621;15.072;17.453;98.364;98.364;18.711;16;14.996;2.711;1.0039;0.1449;0.0537;0.8015;18.275;0.7945;0
18/04/21 09:00;32.23;-43.988;37.49;42.232;47.768;-90;-47.768;537.2;89.003;448.2;12.41;2.04;0;666.82;28.234;82.175;0;17.613;794.84;0;794.84;666.82;82.175;28.234;17.613;0.8389;0.0577;0;0.0222;775.98;18.865;0;0;2.5413;16.324;766.39;4.9351;3.5902;0.4424;0.8402;0.0622;771.32;4.6559;4.0009;0.493;0.1542;0.0077;770.62;659.23;81.239;24.699;1.2188;217.68;173.93;69.151;2.1234;2.5747;37.037;4.2305;37.488;0;1;0;0;1.4796;0.9763;1;1;0.91;0.0732;0.9936;0.9946;1;0.9671;0.9514;0.994;0.994;1;0.994;0.994;0.9642;0.8748;0.0692;2.2621;2.279;0.0137;-0.0018;0.2039;0.0144;0.0512;0.0064;0;0;0.088;1.8183;0;0;0;0;0;0;0;0;0;0;0;0;0.0413;0.0122;1.9377;1.9377;0;50.476;50.476;38.066;0.0497;1963.9;986.65;1;0.0314;0.0314;0;0;0;0;0;0;1.9063;1.8183;0;16.109;18.654;15.117;17.505;98.382;98.382;19.076;16.341;15.334;2.7354;1.0065;0.1434;0.0528;0.8038;21.568;0.7767;0
18/04/21 10:00;39.476;-28.132;42.898;60.211;29.789;-90;-29.789;654.29;108.7;545.59;15.25;2.2301;0;628.67;37.186;79.371;0;8.6459;753.87;0;753.87;628.67;79.371;37.186;8.6459;0.8339;0.0608;0;0.0115;744.71;9.1612;0;0;1.6264;7.5349;732.85;7.3862;5.3614;0.6769;1.153;0.1949;740.24;4.4682;3.772;0.4762;0.2134;0.0067;735.2;619.53;78.218;34.193;0.9095;348.44;278.4;114.49;0.5516;3.6889;53.064;2.3504;56.201;0;1;0;0;1.1522;0.9878;1;1;0.9563;0.1285;0.99;0.9914;1;0.9674;0.8236;0.994;0.994;1;0.994;0.994;0.9721;0.9195;0.1052;2.1454;2.2098;0.0133;-0.0015;0.2074;0.0139;0.0494;0.0091;0;0;0.088;1.7489;0;0;0;0;0;0;0;0;0;0;0;0;0.0398;0.0115;1.8668;1.8668;0;51.689;51.689;36.44;0.0497;1903;980.98;1;0.0299;0.0299;0;0;0;0;0;0;1.8369;1.7489;0;16.364;18.949;15.33;17.752;98.398;98.398;18.093;15.743;14.749;2.3496;0.9942;0.1299;0.055;0.8152;24.474;0.7744;0
18/04/21 11:00;43.424;-9.1578;45.81;80.455;9.5455;-90;-9.5455;713.09;120.5;592.59;16.28;2.3001;0;600.91;43.488;77.786;0;0.9873;723.17;0;723.17;600.91;77.786;43.488;0.9873;0.8309;0.0615;0;0.0014;722.06;1.1099;0;0;0.29;0.82;708.99;8.7411;6.1417;0.795;1.767;0.0373;717.73;4.3324;3.6055;0.4667;0.2592;0.001;709.17;591.16;76.524;41.172;0.129;416.87;333.08;133.73;0.0108;4.5826;65.919;0.1858;70.491;0;1;0;0;1.0141;0.9985;1;1;0.9933;0.1695;0.9878;0.9897;1;0.9588;0.7756;0.994;0.994;1;0.994;0.994;0.9804;0.9467;0.1307;2.0581;2.161;0.013;-0.0013;0.2017;0.0136;0.0483;0.0113;0;0;0.088;1.7073;0;0;0;0;0;0;0;0;0;0;0;0;0.0389;0.011;1.8244;1.8244;0;51.531;51.531;35.251;0.0497;1859.7;981.02;1;0.0291;0.0291;0;0;0;0;0;0;1.7953;1.7073;0;16.67;19.304;15.6;18.065;98.405;98.405;17.356;15.385;14.398;1.9709;0.9875;0.1136;0.0569;0.8295;26.04;0.7766;0
18/04/21 12:00;43.212;11.126;45.654;78.393;11.607;90;11.607;711.39;124.7;586.69;17.74;2.2399;0;598.94;45.329;80.548;0;1.4548;726.27;0;726.27;598.94;80.548;45.329;1.4548;0.8247;0.0644;0;0.002;724.64;1.6315;0;0;0.4209;1.2106;711.58;8.7179;6.0674;0.816;1.7799;0.0547;720.29;4.3479;3.5937;0.4833;0.2694;0.0015;711.88;589.28;79.248;42.858;0.1881;414.08;330.85;132.46;0.0235;4.5769;65.837;0.3029;70.39;0;1;0;0;1.0209;0.9978;1;1;0.9907;0.1679;0.9879;0.9898;1;0.9601;0.7747;0.994;0.994;1;0.994;0.994;0.9798;0.9455;0.1293;2.0669;2.1686;0.0131;-0.0013;0.2152;0.0136;0.0482;0.0112;0;0;0.088;1.702;0;0;0;0;0;0;0;0;0;0;0;0;0.0388;0.0111;1.8188;1.8188;0;53.167;53.167;35.427;0.0498;1866.8;974.31;1;0.0289;0.0289;0;0;0;0;0;0;1.79;1.702;0;16.549;19.163;15.485;17.932;98.413;98.413;17.431;15.338;14.353;2.0921;0.9855;0.12;0.0565;0.8234;27.287;0.7711;0
18/04/21 13:00;38.892;29.84;42.465;58.332;31.668;90;31.668;640.5;127.8;512.7;18.28;2.1599;0;602.4;46.958;90.543;0;9.5368;749.44;0;749.44;602.4;90.543;46.958;9.5368;0.8038;0.0754;0;0.0127;738.74;10.698;0;0;2.2705;8.4271;726.95;7.3603;4.9855;0.7493;1.4413;0.1841;734.31;4.4324;3.6144;0.5433;0.2681;0.0067;729.54;593.8;89.25;42.979;0.9189;336.77;269.08;112.28;0.8597;3.4811;50.075;2.5945;52.696;0;1;0;0;1.1701;0.9857;1;1;0.9516;0.1164;0.99;0.9917;1;0.9676;0.8331;0.994;0.994;1;0.994;0.994;0.97;0.9152;0.0964;2.1328;2.1876;0.0132;-0.0014;0.2275;0.0136;0.0484;0.0085;0;0;0.088;1.7106;0;0;0;0;0;0;0;0;0;0;0;0;0.039;0.0113;1.8276;1.8276;0;54.511;54.511;36.231;0.0498;1885;969.55;1;0.0289;0.0289;0;0;0;0;0;0;1.7986;1.7106;0;16.114;18.66;15.083;17.466;98.417;98.417;17.986;15.412;14.426;2.5745;0.9861;0.1431;0.0548;0.802;31.317;0.7638;0
18/04/21 14:00;31.382;45.369;36.853;40.601;49.399;90;49.399;513.29;131.9;381.39;18.84;2.1;0;586.05;49.991;109.62;0;17.925;763.58;0;763.58;586.05;109.62;49.991;17.925;0.7675;0.0889;0;0.0235;742.1;21.473;0;0;4.7404;16.733;732.62;5.0303;2.9385;0.5496;1.4887;0.0534;737.65;4.4526;3.5163;0.6577;0.2715;0.0072;736.98;579.59;108.41;43.49;1.1318;206.09;164.67;65.576;4.2198;2.5742;37.029;4.361;35.383;0;1;0;0;1.4876;0.9719;1;1;0.9052;0.0665;0.9932;0.995;1;0.9669;0.9549;0.994;0.994;1;0.994;0.994;0.9595;0.87;0.0631;2.1731;2.1827;0.0131;-0.0014;0.2339;0.0136;0.0481;0.0062;0;0;0.088;1.7025;0;0;0;0;0;0;0;0;0;0;0;0;0.0387;0.0113;1.8192;1.8192;0;55.379;55.379;36.539;0.0499;1882.1;966.58;1;0.0287;0.0287;0;0;0;0;0;0;1.7905;1.7025;0;15.744;18.231;14.733;17.061;98.421;98.421;18.326;15.342;14.357;2.9841;0.9843;0.1628;0.0537;0.7835;38.797;0.756;0
18/04/21 15:00;21.756;57.855;29.961;25.236;60;90;60;328.1;146.5;181.6;19.04;1.8;0;424.47;70.124;123.89;0;16.405;634.89;0;634.89;424.47;123.89;70.124;16.405;0.6686;0.1363;0;0.0258;610.73;24.163;0;0;8.8159;15.347;604.27;2.7921;0.4367;0.1274;2.1563;0.0717;607.07;3.6644;2.5468;0.7433;0.3679;0.0063;606.79;421.49;123.02;58.784;0.98;70.656;56.454;25.693;11.728;1.3421;19.306;2.5164;8.9203;0;1;0;0;1.935;0.9619;1;1;0.8743;0.0645;0.9954;0.999;1;0.9646;0.9318;0.994;0.994;1;0.994;0.994;0.9518;0.8383;0.0597;1.8069;1.7748;0.0107;0.0018;0.1506;0.0113;0.04;0.0033;0;0;0.088;1.4057;0;0;0;0;0;0;0;0;0;0;0;0;0.0322;0.0076;1.5172;1.5172;0;49.037;49.037;29.997;0.0496;1527.7;993.1;1;0.0235;0.0235;0;0;0;0;0;0;1.4937;1.4057;0;15.791;18.285;14.631;16.942;98.453;98.453;15.237;12.795;11.855;2.4428;0.9401;0.1603;0.0617;0.778;61.048;0.7607;0
18/04/21 16:00;10.826;68.152;62.902;11.641;17.659;90;17.659;121.09;103.3;17.797;18.15;1.87;0;43.163;93.807;17.529;0;0.5706;155.07;0;155.07;43.163;17.529;93.807;0.5706;0.2783;0.6086;0;0.0037;152.83;2.2412;0;0;1.7647;0.4765;145.59;6.3181;2.1378;0.8682;3.2911;0.0209;151.91;0.917;0.259;0.1052;0.5523;0.0006;145.7;40.766;16.556;88.199;0.0726;57.801;46.183;17.986;0.2163;0.6855;9.8605;0.1092;10.33;0;1;0;0;1.2806;0.9855;1;1;0.9812;0.1649;0.9584;0.9502;1;0.964;0.7765;0.994;0.994;1;0.994;0.994;0.9389;0.9402;0.1273;0.4413;0.4366;0.0026;0.0173;0.0005;0.0029;0.0103;0.0018;0;0;0.088;0.2961;0;0;0;0;0;0;0;0;0;0;0;0;0.0083;0.0007;0.3922;0.3922;0;25.305;25.305;7.1551;0.0491;373.09;1051.3;1;0.0081;0.0081;0;0;0;0;0;0;0.3841;0.2961;0;16.715;19.355;12.618;14.612;97.928;97.928;3.7217;3.3078;2.4972;0.4139;0.8106;0.1112;0.2178;0.671;57.678;0.6405;0
18/04/21 17:00;2.4946;74.677;83.941;2.5864;3.6968;90;3.6968;0;0;0;15.67;2.2301;0;0;0;0;0;0;0;0;0;0;0;0;0;1;1;1;1;0;0;0;0;0;0;0;0;0;0;0;0;0;0;0;0;0;0;0;0;0;0;0;0;0;0;0;0;0;0;0;0;0;0;0;1;1;1;1;1;1;1;1;1;1;1;1;1;1;1;1;1;1;1;0;0;0;0;0;0;0;0;0;0.0004;0.088;-0.0884;0;0;0;0;0;0;0;0;0;0;0;0;0;0;0;0;0;0;0;-15.67;0;0;0;0;0.0004;0;0;0;0;0;0;0;-0.0004;-0.0884;0;0;0;0;0;0;0;0;0;-0.7452;0;0.7452;1;1;0;0;0;0
18/04/21 18:00;0;0;90;0;0;90;0;0;0;0;12.67;2.42;0;0;0;0;0;0;0;0;0;0;0;0;0;1;1;1;1;0;0;0;0;0;0;0;0;0;0;0;0;0;0;0;0;0;0;0;0;0;0;0;0;0;0;0;0;0;0;0;0;0;0;0;1;1;1;1;1;1;1;1;1;1;1;1;1;1;1;1;1;1;1;0;0;0;0;0;0;0;0;0;0.0004;0.088;-0.0884;0;0;0;0;0;0;0;0;0;0;0;0;0;0;0;0;0;0;0;-12.67;0;0;0;0;0.0004;0;0;0;0;0;0;0;-0.0004;-0.0884;0;0;0;0;0;0;0;0;0;-0.7452;0;0.7452;1;1;0;0;0;0
18/04/21 19:00;0;0;90;0;0;90;0;0;0;0;11.52;2.4601;0;0;0;0;0;0;0;0;0;0;0;0;0;1;1;1;1;0;0;0;0;0;0;0;0;0;0;0;0;0;0;0;0;0;0;0;0;0;0;0;0;0;0;0;0;0;0;0;0;0;0;0;1;1;1;1;1;1;1;1;1;1;1;1;1;1;1;1;1;1;1;0;0;0;0;0;0;0;0;0;0.0004;0.088;-0.0884;0;0;0;0;0;0;0;0;0;0;0;0;0;0;0;0;0;0;0;-11.52;0;0;0;0;0.0004;0;0;0;0;0;0;0;-0.0004;-0.0884;0;0;0;0;0;0;0;0;0;-0.7452;0;0.7452;1;1;0;0;0;0
18/04/21 20:00;0;0;90;0;0;90;0;0;0;0;10.09;2.36;0;0;0;0;0;0;0;0;0;0;0;0;0;1;1;1;1;0;0;0;0;0;0;0;0;0;0;0;0;0;0;0;0;0;0;0;0;0;0;0;0;0;0;0;0;0;0;0;0;0;0;0;1;1;1;1;1;1;1;1;1;1;1;1;1;1;1;1;1;1;1;0;0;0;0;0;0;0;0;0;0.0004;0.088;-0.0884;0;0;0;0;0;0;0;0;0;0;0;0;0;0;0;0;0;0;0;-10.09;0;0;0;0;0.0004;0;0;0;0;0;0;0;-0.0004;-0.0884;0;0;0;0;0;0;0;0;0;-0.7452;0;0.7452;1;1;0;0;0;0
18/04/21 21:00;0;0;90;0;0;90;0;0;0;0;9.0501;2.1401;0;0;0;0;0;0;0;0;0;0;0;0;0;1;1;1;1;0;0;0;0;0;0;0;0;0;0;0;0;0;0;0;0;0;0;0;0;0;0;0;0;0;0;0;0;0;0;0;0;0;0;0;1;1;1;1;1;1;1;1;1;1;1;1;1;1;1;1;1;1;1;0;0;0;0;0;0;0;0;0;0.0004;0.088;-0.0884;0;0;0;0;0;0;0;0;0;0;0;0;0;0;0;0;0;0;0;-9.0501;0;0;0;0;0.0004;0;0;0;0;0;0;0;-0.0004;-0.0884;0;0;0;0;0;0;0;0;0;-0.7452;0;0.7452;1;1;0;0;0;0
18/04/21 22:00;0;0;90;0;0;90;0;0;0;0;9.29;1.8399;0;0;0;0;0;0;0;0;0;0;0;0;0;1;1;1;1;0;0;0;0;0;0;0;0;0;0;0;0;0;0;0;0;0;0;0;0;0;0;0;0;0;0;0;0;0;0;0;0;0;0;0;1;1;1;1;1;1;1;1;1;1;1;1;1;1;1;1;1;1;1;0;0;0;0;0;0;0;0;0;0.0004;0.088;-0.0884;0;0;0;0;0;0;0;0;0;0;0;0;0;0;0;0;0;0;0;-9.29;0;0;0;0;0.0004;0;0;0;0;0;0;0;-0.0004;-0.0884;0;0;0;0;0;0;0;0;0;-0.7452;0;0.7452;1;1;0;0;0;0
18/04/21 23:00;0;0;90;0;0;90;0;0;0;0;8.3501;1.57;0;0;0;0;0;0;0;0;0;0;0;0;0;1;1;1;1;0;0;0;0;0;0;0;0;0;0;0;0;0;0;0;0;0;0;0;0;0;0;0;0;0;0;0;0;0;0;0;0;0;0;0;1;1;1;1;1;1;1;1;1;1;1;1;1;1;1;1;1;1;1;0;0;0;0;0;0;0;0;0;0.0004;0.088;-0.0884;0;0;0;0;0;0;0;0;0;0;0;0;0;0;0;0;0;0;0;-8.3501;0;0;0;0;0.0004;0;0;0;0;0;0;0;-0.0004;-0.0884;0;0;0;0;0;0;0;0;0;-0.7452;0;0.7452;1;1;0;0;0;0
19/04/21 00:00;0;0;90;0;0;90;0;0;0;0;7.7797;1.38;0;0;0;0;0;0;0;0;0;0;0;0;0;1;1;1;1;0;0;0;0;0;0;0;0;0;0;0;0;0;0;0;0;0;0;0;0;0;0;0;0;0;0;0;0;0;0;0;0;0;0;0;1;1;1;1;1;1;1;1;1;1;1;1;1;1;1;1;1;1;1;0;0;0;0;0;0;0;0;0;0.0004;0.088;-0.0884;0;0;0;0;0;0;0;0;0;0;0;0;0;0;0;0;0;0;0;-7.7797;0;0;0;0;0.0004;0;0;0;0;0;0;0;-0.0004;-0.0884;0;0;0;0;0;0;0;0;0;-0.7452;0;0.7452;1;1;0;0;0;0
19/04/21 01:00;0;0;90;0;0;90;0;0;0;0;6.8902;1.1001;0;0;0;0;0;0;0;0;0;0;0;0;0;1;1;1;1;0;0;0;0;0;0;0;0;0;0;0;0;0;0;0;0;0;0;0;0;0;0;0;0;0;0;0;0;0;0;0;0;0;0;0;1;1;1;1;1;1;1;1;1;1;1;1;1;1;1;1;1;1;1;0;0;0;0;0;0;0;0;0;0.0004;0.088;-0.0884;0;0;0;0;0;0;0;0;0;0;0;0;0;0;0;0;0;0;0;-6.8902;0;0;0;0;0.0004;0;0;0;0;0;0;0;-0.0004;-0.0884;0;0;0;0;0;0;0;0;0;-0.7452;0;0.7452;1;1;0;0;0;0
19/04/21 02:00;0;0;90;0;0;90;0;0;0;0;5.9702;0.75;0;0;0;0;0;0;0;0;0;0;0;0;0;1;1;1;1;0;0;0;0;0;0;0;0;0;0;0;0;0;0;0;0;0;0;0;0;0;0;0;0;0;0;0;0;0;0;0;0;0;0;0;1;1;1;1;1;1;1;1;1;1;1;1;1;1;1;1;1;1;1;0;0;0;0;0;0;0;0;0;0.0004;0.088;-0.0884;0;0;0;0;0;0;0;0;0;0;0;0;0;0;0;0;0;0;0;-5.9702;0;0;0;0;0.0004;0;0;0;0;0;0;0;-0.0004;-0.0884;0;0;0;0;0;0;0;0;0;-0.7452;0;0.7452;1;1;0;0;0;0
19/04/21 03:00;0;0;90;0;0;90;0;0;0;0;4.39;0.5;0;0;0;0;0;0;0;0;0;0;0;0;0;1;1;1;1;0;0;0;0;0;0;0;0;0;0;0;0;0;0;0;0;0;0;0;0;0;0;0;0;0;0;0;0;0;0;0;0;0;0;0;1;1;1;1;1;1;1;1;1;1;1;1;1;1;1;1;1;1;1;0;0;0;0;0;0;0;0;0;0.0004;0.088;-0.0884;0;0;0;0;0;0;0;0;0;0;0;0;0;0;0;0;0;0;0;-4.39;0;0;0;0;0.0004;0;0;0;0;0;0;0;-0.0004;-0.0884;0;0;0;0;0;0;0;0;0;-0.7452;0;0.7452;1;1;0;0;0;0
19/04/21 04:00;0;0;90;0;0;90;0;0;0;0;4.17;0.4799;0;0;0;0;0;0;0;0;0;0;0;0;0;1;1;1;1;0;0;0;0;0;0;0;0;0;0;0;0;0;0;0;0;0;0;0;0;0;0;0;0;0;0;0;0;0;0;0;0;0;0;0;1;1;1;1;1;1;1;1;1;1;1;1;1;1;1;1;1;1;1;0;0;0;0;0;0;0;0;0;0.0004;0.088;-0.0884;0;0;0;0;0;0;0;0;0;0;0;0;0;0;0;0;0;0;0;-4.17;0;0;0;0;0.0004;0;0;0;0;0;0;0;-0.0004;-0.0884;0;0;0;0;0;0;0;0;0;-0.7452;0;0.7452;1;1;0;0;0;0
19/04/21 05:00;0;0;90;0;0;90;0;0;0;0;3.2599;0.5699;0;0;0;0;0;0;0;0;0;0;0;0;0;1;1;1;1;0;0;0;0;0;0;0;0;0;0;0;0;0;0;0;0;0;0;0;0;0;0;0;0;0;0;0;0;0;0;0;0;0;0;0;1;1;1;1;1;1;1;1;1;1;1;1;1;1;1;1;1;1;1;0;0;0;0;0;0;0;0;0;0.0004;0.088;-0.0884;0;0;0;0;0;0;0;0;0;0;0;0;0;0;0;0;0;0;0;-3.2599;0;0;0;0;0.0004;0;0;0;0;0;0;0;-0.0004;-0.0884;0;0;0;0;0;0;0;0;0;-0.7452;0;0.7452;1;1;0;0;0;0
19/04/21 06:00;3.0996;-73.795;82.465;3.2276;4.6205;-90;-4.6205;9.7087;9.6984;0.0103;2.6703;0.9;0;0.0249;9.6813;0.0033;0;0.0032;9.7127;0;9.7127;0.0249;0.0033;9.6813;0.0032;0.0026;0.9971;0;0.0003;9.69;0.0226;0;0;0.02;0.0026;9.1992;0.4327;0.0104;0.0014;0.4207;0.0001;9.6319;0.0581;0.0001;0;0.058;0;9.1993;0.0143;0.0019;9.1826;0.0004;5.7468;4.5917;1.7561;0;0.0689;0.9904;0.0001;1.0592;0;1;0;0;1.0004;0.9977;1;1;0.9979;0.1671;0.9551;0.5787;1;0.9562;0.777;0.994;0.994;1;0.994;0.994;0.9471;0.9485;0.1291;0.0276;0.0283;0.0002;0.0058;-0.0021;0.0002;0.0006;0.0002;0;0;0.088;-0.0676;0;0;0;0;0;0;0;0;0;0;0;0;0.0005;0;0.0229;0.0229;0;3.1327;3.1327;0.4624;0.0503;22.332;1027.3;1;0.0025;0.0025;0;0;0;0;0;0;0.0204;-0.0676;0;15.608;18.074;-45.996;-53.263;88.891;88.891;0.2331;0.1935;-0.5701;0.0396;0.7636;0.17;3.2758;0;5.7468;0;0
19/04/21 07:00;11.762;-66.903;60.371;12.755;19.62;-90;-19.62;157.51;35.701;121.81;4.7603;1.41;0;295.41;19.361;38.226;0;0.9145;353.92;0;353.92;295.41;38.226;19.361;0.9145;0.8347;0.0573;0;0.0026;352.72;1.1959;0;0;0.4331;0.7627;337.05;13.554;11.392;1.4741;0.6541;0.0332;350.6;2.1163;1.7725;0.2294;0.1136;0.0009;337.08;282.25;36.522;18.16;0.1176;12.681;10.132;4.0788;0.0648;0.1429;2.0555;0.0294;2.1336;0;1;0;0;2.247;0.9966;1;1;0.9776;0.1659;0.9613;0.9612;1;0.9652;0.7796;0.994;0.994;1;0.994;0.994;0.9523;0.938;0.1286;1.0072;0.9685;0.0058;0.0126;-0.0131;0.0067;0.0239;0.0004;0;0;0.088;0.8069;0;0;0;0;0;0;0;0;0;0;0;0;0.0193;0.0025;0.9104;0.9104;0;21.159;21.159;16.399;0.0487;830.07;1096.8;1;0.0155;0.0155;0;0;0;0;0;0;0.8949;0.8069;0;16.998;19.683;15.066;17.446;98.302;98.302;8.494;7.6774;6.805;0.8166;0.8725;0.0961;0.1027;0.8012;12.007;0.7977;0
19/04/21 08:00;22.561;-56.436;30.881;26.5;60;-90;-60;363.4;61.903;301.5;8.8599;1.6799;0;674.44;19.471;80.4;0;18.17;792.48;0;792.48;674.44;80.4;19.471;18.17;0.851;0.0475;0;0.0229;773.13;19.352;0;0;2.4394;16.912;766.65;1.8442;1.0401;0.124;0.599;0.0811;768.49;4.6388;4.0466;0.4824;0.1022;0.0075;768.37;669.35;79.793;16.331;1.169;44.684;35.702;15.773;3.2598;0.6094;8.7667;1.7265;6.1163;0;1;0;0;2.1807;0.9756;1;1;0.8747;0.0692;0.9976;0.9984;1;0.9646;0.9351;0.994;0.994;1;0.994;0.994;0.9674;0.8387;0.0643;2.2553;2.2159;0.0133;-0.0016;0.1695;0.0142;0.0505;0.0015;0;0;0.088;1.7969;0;0;0;0;0;0;0;0;0;0;0;0;0.0407;0.0116;1.9161;1.9161;0;46.825;46.825;37.965;0.0495;1910.3;1003.1;1;0.0313;0.0313;0;0;0;0;0;0;1.8849;1.7969;0;15.977;18.501;14.983;17.35;98.368;98.368;19.02;16.159;15.153;2.8605;1.0058;0.1504;0.0529;0.7967;16.956;0.7902;0
19/04/21 09:00;31.979;-43.699;37.825;42.105;47.895;-90;-47.895;532.1;88.298;443.81;13.37;2.66;0;661.91;28.09;81.533;0;17.533;789.06;0;789.06;661.91;81.533;28.09;17.533;0.8389;0.0578;0;0.0222;770.27;18.791;0;0;2.5381;16.253;760.6;5.0449;3.6929;0.4549;0.8359;0.0613;765.65;4.6216;3.9714;0.4892;0.1533;0.0077;764.81;654.24;80.589;24.562;1.2112;214.92;171.72;68.217;2.132;2.5481;36.653;4.2095;37.069;0;1;0;0;1.4829;0.9762;1;1;0.9096;0.073;0.9934;0.9944;1;0.9671;0.9518;0.994;0.994;1;0.994;0.994;0.9639;0.8744;0.0691;2.2456;2.2616;0.0136;-0.0017;0.208;0.0143;0.0507;0.0063;0;0;0.088;1.7987;0;0;0;0;0;0;0;0;0;0;0;0;0.0408;0.012;1.9176;1.9176;0;51.171;51.171;37.801;0.0497;1949.1;983.83;1;0.0309;0.0309;0;0;0;0;0;0;1.8867;1.7987;0;16.059;18.596;15.063;17.443;98.388;98.388;18.937;16.172;15.169;2.7658;1.0029;0.1461;0.053;0.801;21.483;0.7741;0
19/04/21 10:00;39.18;-27.891;43.245;60.145;29.855;-90;-29.855;655.8;108.1;547.7;16.08;3.13;0;631.5;36.281;79.837;0;8.7033;756.32;0;756.32;631.5;79.837;36.281;8.7033;0.835;0.0595;0;0.0115;747.15;9.1796;0;0;1.5924;7.5872;735.13;7.5298;5.513;0.697;1.1245;0.1953;742.66;4.4829;3.789;0.479;0.2081;0.0067;737.5;622.2;78.661;33.356;0.914;348.96;278.82;114.68;0.5424;3.6928;53.12;2.3668;56.27;0;1;0;0;1.1533;0.9879;1;1;0.9561;0.1282;0.9899;0.9912;1;0.9674;0.824;0.994;0.994;1;0.994;0.994;0.972;0.9194;0.105;2.1524;2.2164;0.0133;-0.0016;0.2158;0.0139;0.0494;0.0091;0;0;0.088;1.7474;0;0;0;0;0;0;0;0;0;0;0;0;0.0398;0.0116;1.8652;1.8652;0;52.662;52.662;36.582;0.0498;1909.1;977;1;0.0298;0.0298;0;0;0;0;0;0;1.8354;1.7474;0;16.296;18.871;15.267;17.679;98.403;98.403;18.152;15.73;14.736;2.4223;0.9933;0.1334;0.0547;0.8118;23.889;0.7713;0
19/04/21 11:00;43.089;-9.0202;46.159;80.485;9.5148;-90;-9.5148;714.2;119;595.21;17.01;3.5001;0;603.51;42.102;77.672;0;0.9825;724.27;0;724.27;603.51;77.672;42.102;0.9825;0.8333;0.0595;0;0.0014;723.17;1.0952;0;0;0.2792;0.816;709.98;8.8492;6.2909;0.8096;1.7115;0.0371;718.83;4.339;3.6211;0.466;0.2509;0.001;710.17;593.6;76.396;39.86;0.1284;417.53;333.6;133.95;0.0103;4.5891;66.012;0.1847;70.591;0;1;0;0;1.0141;0.9985;1;1;0.9934;0.1695;0.9877;0.9895;1;0.9588;0.7756;0.994;0.994;1;0.994;0.994;0.9803;0.9468;0.1307;2.0612;2.1641;0.013;-0.0013;0.2082;0.0136;0.0483;0.0113;0;0;0.088;1.7041;0;0;0;0;0;0;0;0;0;0;0;0;0.0389;0.011;1.8211;1.8211;0;52.334;52.334;35.324;0.0498;1862.6;977.71;1;0.029;0.029;0;0;0;0;0;0;1.7921;1.7041;0;16.615;19.24;15.548;18.004;98.409;98.409;17.382;15.357;14.371;2.0251;0.9864;0.1165;0.0567;0.8267;25.208;0.7739;0
19/04/21 12:00;42.862;11.124;45.991;78.255;11.745;90;11.745;356.8;307.8;49.001;17.74;3.7;0;50.048;288.37;16.732;0;0.747;355.89;0;355.89;50.048;16.732;288.37;0.747;0.1406;0.8124;0;0.0021;352.54;3.3526;0;0;2.731;0.6216;338.41;12.014;0.5168;0.1728;11.296;0.0281;350.43;2.1152;0.3003;0.1004;1.7138;0.0008;338.56;49.231;16.459;272.63;0.0966;211.64;169.1;65.786;0.1537;2.473;35.573;0.146;37.892;0;1;0;0;0.9975;0.9906;1;1;0.9905;0.1679;0.9657;0.9896;1;0.9602;0.7747;0.994;0.994;1;0.994;0.994;0.9509;0.9454;0.1293;1.0128;1.0399;0.0063;0.0116;0.0348;0.0069;0.0245;0.0064;0;0;0.088;0.8239;0;0;0;0;0;0;0;0;0;0;0;0;0.0197;0.0029;0.9268;0.9268;0;34.386;34.386;16.646;0.0492;891.78;1039.3;1;0.0149;0.0149;0;0;0;0;0;0;0.9119;0.8239;0;17.208;19.927;15.297;17.714;98.387;98.387;8.5415;7.816;6.9478;0.7255;0.8682;0.0849;0.1016;0.8134;173.66;0.7568;0
19/04/21 13:00;38.554;29.721;42.777;58.115;31.885;90;31.885;769.19;126.9;642.3;18.54;3.8201;0;756.43;27.993;113.79;0;11.606;909.82;0;909.82;756.43;113.79;27.993;11.606;0.8314;0.0435;0;0.0128;898.19;11.635;0;0;1.3682;10.266;884.36;8.4385;6.3975;0.9624;0.8583;0.2203;892.8;5.3891;4.5386;0.6827;0.1598;0.008;887.5;745.49;112.15;25.607;1.1115;400.56;320.05;133.73;0.5262;4.0963;58.923;3.1371;62.493;0;1;0;0;1.1828;0.9872;1;1;0.9511;0.1154;0.9905;0.9915;1;0.9676;0.8346;0.994;0.994;1;0.994;0.994;0.972;0.9148;0.0958;2.5893;2.6572;0.016;-0.0015;0.3552;0.016;0.0568;0.0096;0;0;0.088;2.0205;0;0;0;0;0;0;0;0;0;0;0;0;0.0457;0.0163;2.143;2.143;0;62.911;62.911;44.371;0.0502;2288.8;936.28;1;0.0345;0.0345;0;0;0;0;0;0;2.1085;2.0205;0;15.564;18.023;14.675;16.993;98.392;98.392;21.836;18.072;17.039;3.7636;1.0327;0.1724;0.0473;0.7803;18.698;0.7443;0
19/04/21 14:00;31.07;45.181;37.138;40.346;49.654;90;49.654;358.6;245.5;113.1;18.92;3.9001;0;174.7;169.47;61.399;0;12.644;418.22;0;418.22;174.7;61.399;169.47;12.644;0.4177;0.4355;0;0.0302;390.22;27.997;0;0;16.191;11.806;381.57;6.3085;0.9049;0.318;5.0485;0.0371;387.88;2.3413;1.0482;0.3684;0.9197;0.005;385.67;172.75;60.712;147.31;0.7958;187.84;150.08;63.718;14.552;2.7853;40.066;4.096;28.3;0;1;0;0;1.1663;0.9331;1;1;0.9045;0.0663;0.9837;0.9948;1;0.9669;0.9555;0.994;0.994;1;0.994;0.994;0.9124;0.8692;0.0629;1.1902;1.1837;0.0071;0.0096;0.0535;0.0078;0.0276;0.0072;0;0;0.088;0.9404;0;0;0;0;0;0;0;0;0;0;0;0;0.0223;0.0036;1.045;1.045;0;37.727;37.727;18.807;0.0493;1016.3;1028.3;1;0.0166;0.0166;0;0;0;0;0;0;1.0284;0.9404;0;16.511;19.119;14.859;17.206;98.416;98.416;10.037;8.8124;7.9307;1.2248;0.8817;0.122;0.0878;0.7901;131.86;0.7373;0
19/04/21 15:00;21.472;57.635;30.26;24.97;60;90;60;338.81;131.4;207.41;19.21;3.14;0;489.41;57.294;129.81;0;16.94;693.46;0;693.46;489.41;129.81;57.294;16.94;0.7058;0.1071;0;0.0244;670.41;23.051;0;0;7.2029;15.848;663.82;2.5674;0.5782;0.1534;1.7618;0.0741;666.38;4.0224;2.9365;0.7788;0.3005;0.0066;665.84;485.9;128.88;48.029;1.0119;58.226;46.522;21.36;9.5828;1.0886;15.658;2.0199;7.1641;0;1;0;0;2.0468;0.9668;1;1;0.8743;0.0645;0.9961;0.9988;1;0.9646;0.9318;0.994;0.994;1;0.994;0.994;0.9573;0.8383;0.0597;1.9735;1.9364;0.0117;0.0002;0.1862;0.0122;0.0432;0.0027;0;0;0.088;1.523;0;0;0;0;0;0;0;0;0;0;0;0;0.0348;0.009;1.6365;1.6365;0;52.24;52.24;33.03;0.0498;1669.5;980.23;1;0.0255;0.0255;0;0;0;0;0;0;1.611;1.523;0;15.595;18.058;14.513;16.806;98.441;98.441;16.643;13.801;12.844;2.8419;0.9573;0.1708;0.0575;0.7717;49.879;0.7589;0
19/04/21 16:00;10.564;67.915;63.601;11.379;17.209;90;17.209;120.1;101.6;18.497;18.43;2.44;0;44.86;91.923;18.369;0;0.5376;155.69;0;155.69;44.86;18.369;91.923;0.5376;0.2881;0.5939;0;0.0035;153.59;2.1046;0;0;1.6558;0.4487;146.02;6.6419;2.3901;0.9787;3.2534;0.0198;152.66;0.9215;0.2692;0.1102;0.5416;0.0005;146.12;42.201;17.28;86.473;0.0686;56.543;45.178;17.579;0.1936;0.6704;9.6434;0.1002;10.12;0;1;0;0;1.2963;0.9865;1;1;0.982;0.1653;0.9565;0.9464;1;0.9637;0.7762;0.994;0.994;1;0.994;0.994;0.9379;0.9407;0.1276;0.4431;0.4374;0.0026;0.0173;0.001;0.0029;0.0103;0.0017;0;0;0.088;0.2964;0;0;0;0;0;0;0;0;0;0;0;0;0.0083;0.0007;0.3925;0.3925;0;25.608;25.608;7.1778;0.0492;373.78;1050.2;1;0.0081;0.0081;0;0;0;0;0;0;0.3844;0.2964;0;16.661;19.293;12.581;14.569;97.932;97.932;3.7366;3.3104;2.4998;0.4262;0.8106;0.1141;0.2169;0.669;56.415;0.6394;0
19/04/21 17:00;2.4412;74.286;84.071;2.5359;3.6242;90;3.6242;0;0;0;15.85;2.6299;0;0;0;0;0;0;0;0;0;0;0;0;0;1;1;1;1;0;0;0;0;0;0;0;0;0;0;0;0;0;0;0;0;0;0;0;0;0;0;0;0;0;0;0;0;0;0;0;0;0;0;0;1;1;1;1;1;1;1;1;1;1;1;1;1;1;1;1;1;1;1;0;0;0;0;0;0;0;0;0;0.0004;0.088;-0.0884;0;0;0;0;0;0;0;0;0;0;0;0;0;0;0;0;0;0;0;-15.85;0;0;0;0;0.0004;0;0;0;0;0;0;0;-0.0004;-0.0884;0;0;0;0;0;0;0;0;0;-0.7452;0;0.7452;1;1;0;0;0;0
19/04/21 18:00;0;0;90;0;0;90;0;0;0;0;12.32;2.66;0;0;0;0;0;0;0;0;0;0;0;0;0;1;1;1;1;0;0;0;0;0;0;0;0;0;0;0;0;0;0;0;0;0;0;0;0;0;0;0;0;0;0;0;0;0;0;0;0;0;0;0;1;1;1;1;1;1;1;1;1;1;1;1;1;1;1;1;1;1;1;0;0;0;0;0;0;0;0;0;0.0004;0.088;-0.0884;0;0;0;0;0;0;0;0;0;0;0;0;0;0;0;0;0;0;0;-12.32;0;0;0;0;0.0004;0;0;0;0;0;0;0;-0.0004;-0.0884;0;0;0;0;0;0;0;0;0;-0.7452;0;0.7452;1;1;0;0;0;0
19/04/21 19:00;0;0;90;0;0;90;0;0;0;0;10.67;2.4799;0;0;0;0;0;0;0;0;0;0;0;0;0;1;1;1;1;0;0;0;0;0;0;0;0;0;0;0;0;0;0;0;0;0;0;0;0;0;0;0;0;0;0;0;0;0;0;0;0;0;0;0;1;1;1;1;1;1;1;1;1;1;1;1;1;1;1;1;1;1;1;0;0;0;0;0;0;0;0;0;0.0004;0.088;-0.0884;0;0;0;0;0;0;0;0;0;0;0;0;0;0;0;0;0;0;0;-10.67;0;0;0;0;0.0004;0;0;0;0;0;0;0;-0.0004;-0.0884;0;0;0;0;0;0;0;0;0;-0.7452;0;0.7452;1;1;0;0;0;0
19/04/21 20:00;0;0;90;0;0;90;0;0;0;0;10.84;2.18;0;0;0;0;0;0;0;0;0;0;0;0;0;1;1;1;1;0;0;0;0;0;0;0;0;0;0;0;0;0;0;0;0;0;0;0;0;0;0;0;0;0;0;0;0;0;0;0;0;0;0;0;1;1;1;1;1;1;1;1;1;1;1;1;1;1;1;1;1;1;1;0;0;0;0;0;0;0;0;0;0.0004;0.088;-0.0884;0;0;0;0;0;0;0;0;0;0;0;0;0;0;0;0;0;0;0;-10.84;0;0;0;0;0.0004;0;0;0;0;0;0;0;-0.0004;-0.0884;0;0;0;0;0;0;0;0;0;-0.7452;0;0.7452;1;1;0;0;0;0
19/04/21 21:00;0;0;90;0;0;90;0;0;0;0;10.27;1.79;0;0;0;0;0;0;0;0;0;0;0;0;0;1;1;1;1;0;0;0;0;0;0;0;0;0;0;0;0;0;0;0;0;0;0;0;0;0;0;0;0;0;0;0;0;0;0;0;0;0;0;0;1;1;1;1;1;1;1;1;1;1;1;1;1;1;1;1;1;1;1;0;0;0;0;0;0;0;0;0;0.0004;0.088;-0.0884;0;0;0;0;0;0;0;0;0;0;0;0;0;0;0;0;0;0;0;-10.27;0;0;0;0;0.0004;0;0;0;0;0;0;0;-0.0004;-0.0884;0;0;0;0;0;0;0;0;0;-0.7452;0;0.7452;1;1;0;0;0;0
19/04/21 22:00;0;0;90;0;0;90;0;0;0;0;8.0702;1.46;0;0;0;0;0;0;0;0;0;0;0;0;0;1;1;1;1;0;0;0;0;0;0;0;0;0;0;0;0;0;0;0;0;0;0;0;0;0;0;0;0;0;0;0;0;0;0;0;0;0;0;0;1;1;1;1;1;1;1;1;1;1;1;1;1;1;1;1;1;1;1;0;0;0;0;0;0;0;0;0;0.0004;0.088;-0.0884;0;0;0;0;0;0;0;0;0;0;0;0;0;0;0;0;0;0;0;-8.0702;0;0;0;0;0.0004;0;0;0;0;0;0;0;-0.0004;-0.0884;0;0;0;0;0;0;0;0;0;-0.7452;0;0.7452;1;1;0;0;0;0
19/04/21 23:00;0;0;90;0;0;90;0;0;0;0;7.5902;1.4301;0;0;0;0;0;0;0;0;0;0;0;0;0;1;1;1;1;0;0;0;0;0;0;0;0;0;0;0;0;0;0;0;0;0;0;0;0;0;0;0;0;0;0;0;0;0;0;0;0;0;0;0;1;1;1;1;1;1;1;1;1;1;1;1;1;1;1;1;1;1;1;0;0;0;0;0;0;0;0;0;0.0004;0.088;-0.0884;0;0;0;0;0;0;0;0;0;0;0;0;0;0;0;0;0;0;0;-7.5902;0;0;0;0;0.0004;0;0;0;0;0;0;0;-0.0004;-0.0884;0;0;0;0;0;0;0;0;0;-0.7452;0;0.7452;1;1;0;0;0;0
20/04/21 00:00;0;0;90;0;0;90;0;0;0;0;6.6901;1.7599;0;0;0;0;0;0;0;0;0;0;0;0;0;1;1;1;1;0;0;0;0;0;0;0;0;0;0;0;0;0;0;0;0;0;0;0;0;0;0;0;0;0;0;0;0;0;0;0;0;0;0;0;1;1;1;1;1;1;1;1;1;1;1;1;1;1;1;1;1;1;1;0;0;0;0;0;0;0;0;0;0.0004;0.088;-0.0884;0;0;0;0;0;0;0;0;0;0;0;0;0;0;0;0;0;0;0;-6.6901;0;0;0;0;0.0004;0;0;0;0;0;0;0;-0.0004;-0.0884;0;0;0;0;0;0;0;0;0;-0.7452;0;0.7452;1;1;0;0;0;0
20/04/21 01:00;0;0;90;0;0;90;0;0;0;0;6.7998;2.1699;0;0;0;0;0;0;0;0;0;0;0;0;0;1;1;1;1;0;0;0;0;0;0;0;0;0;0;0;0;0;0;0;0;0;0;0;0;0;0;0;0;0;0;0;0;0;0;0;0;0;0;0;1;1;1;1;1;1;1;1;1;1;1;1;1;1;1;1;1;1;1;0;0;0;0;0;0;0;0;0;0.0004;0.088;-0.0884;0;0;0;0;0;0;0;0;0;0;0;0;0;0;0;0;0;0;0;-6.7998;0;0;0;0;0.0004;0;0;0;0;0;0;0;-0.0004;-0.0884;0;0;0;0;0;0;0;0;0;-0.7452;0;0.7452;1;1;0;0;0;0
20/04/21 02:00;0;0;90;0;0;90;0;0;0;0;7.45;2.5401;0;0;0;0;0;0;0;0;0;0;0;0;0;1;1;1;1;0;0;0;0;0;0;0;0;0;0;0;0;0;0;0;0;0;0;0;0;0;0;0;0;0;0;0;0;0;0;0;0;0;0;0;1;1;1;1;1;1;1;1;1;1;1;1;1;1;1;1;1;1;1;0;0;0;0;0;0;0;0;0;0.0004;0.088;-0.0884;0;0;0;0;0;0;0;0;0;0;0;0;0;0;0;0;0;0;0;-7.45;0;0;0;0;0.0004;0;0;0;0;0;0;0;-0.0004;-0.0884;0;0;0;0;0;0;0;0;0;-0.7452;0;0.7452;1;1;0;0;0;0
20/04/21 03:00;0;0;90;0;0;90;0;0;0;0;6.8802;2.8601;0;0;0;0;0;0;0;0;0;0;0;0;0;1;1;1;1;0;0;0;0;0;0;0;0;0;0;0;0;0;0;0;0;0;0;0;0;0;0;0;0;0;0;0;0;0;0;0;0;0;0;0;1;1;1;1;1;1;1;1;1;1;1;1;1;1;1;1;1;1;1;0;0;0;0;0;0;0;0;0;0.0004;0.088;-0.0884;0;0;0;0;0;0;0;0;0;0;0;0;0;0;0;0;0;0;0;-6.8802;0;0;0;0;0.0004;0;0;0;0;0;0;0;-0.0004;-0.0884;0;0;0;0;0;0;0;0;0;-0.7452;0;0.7452;1;1;0;0;0;0
20/04/21 04:00;0;0;90;0;0;90;0;0;0;0;7.6999;3.0201;0;0;0;0;0;0;0;0;0;0;0;0;0;1;1;1;1;0;0;0;0;0;0;0;0;0;0;0;0;0;0;0;0;0;0;0;0;0;0;0;0;0;0;0;0;0;0;0;0;0;0;0;1;1;1;1;1;1;1;1;1;1;1;1;1;1;1;1;1;1;1;0;0;0;0;0;0;0;0;0;0.0004;0.088;-0.0884;0;0;0;0;0;0;0;0;0;0;0;0;0;0;0;0;0;0;0;-7.6999;0;0;0;0;0.0004;0;0;0;0;0;0;0;-0.0004;-0.0884;0;0;0;0;0;0;0;0;0;-0.7452;0;0.7452;1;1;0;0;0;0
20/04/21 05:00;0;0;90;0;0;90;0;0;0;0;8.2802;3.07;0;0;0;0;0;0;0;0;0;0;0;0;0;1;1;1;1;0;0;0;0;0;0;0;0;0;0;0;0;0;0;0;0;0;0;0;0;0;0;0;0;0;0;0;0;0;0;0;0;0;0;0;1;1;1;1;1;1;1;1;1;1;1;1;1;1;1;1;1;1;1;0;0;0;0;0;0;0;0;0;0.0004;0.088;-0.0884;0;0;0;0;0;0;0;0;0;0;0;0;0;0;0;0;0;0;0;-8.2802;0;0;0;0;0.0004;0;0;0;0;0;0;0;-0.0004;-0.0884;0;0;0;0;0;0;0;0;0;-0.7452;0;0.7452;1;1;0;0;0;0
20/04/21 06:00;2.937;-73.488;82.862;3.0631;4.3832;-90;-4.3832;8.0092;8.0025;0.0067;8.0197;3.62;0;0.0163;7.99;0.0019;0;0.0023;8.0105;0;8.0105;0.0163;0.0019;7.99;0.0023;0.002;0.9977;0;0.0003;7.9934;0.0172;0;0;0.0152;0.002;7.5892;0.3562;0.0071;0.0008;0.3482;0.0001;7.9454;0.048;0.0001;0;0.0478;0;7.5892;0.0091;0.001;7.5788;0.0003;4.7415;3.7885;1.4487;0;0.0568;0.8173;0.0001;0.8741;0;1;0;0;1.0002;0.9979;1;1;0.9981;0.1669;0.9552;0.5595;1;0.9561;0.7771;0.994;0.994;1;0.994;0.994;0.9474;0.9485;0.129;0.0228;0.0234;0.0001;0.0053;-0.0013;0.0001;0.0005;0.0001;0;0;0.088;-0.0723;0;0;0;0;0;0;0;0;0;0;0;0;0.0004;0;0.0181;0.0181;0;8.4046;8.4046;0.3849;0.0507;18.181;993.99;1;0.0024;0.0024;0;0;0;0;0;0;0.0157;-0.0723;0;14.908;17.263;-59.649;-69.072;86.819;86.819;0.1923;0.1524;-0.6098;0.0398;0.7622;0.2073;3.9646;0;4.7415;0;0
20/04/21 07:00;11.583;-66.6;60.859;12.589;19.322;-90;-19.322;92.907;74.003;18.903;9.4502;3.62;0;45.846;66.914;12.491;0;0.5233;125.77;0;125.77;45.846;12.491;66.914;0.5233;0.3645;0.5362;0;0.0042;123.88;1.8956;0;0;1.4592;0.4363;118.49;4.6492;1.852;0.5046;2.2735;0.0191;123.14;0.7433;0.2751;0.0749;0.3927;0.0005;118.58;43.719;11.912;62.788;0.0674;41.56;33.207;12.927;0.2116;0.4969;7.1471;0.0985;7.4323;0;1;0;0;1.3538;0.9849;1;1;0.9782;0.1662;0.9622;0.9594;1;0.9651;0.7792;0.994;0.994;1;0.994;0.994;0.9421;0.9383;0.1288;0.3579;0.3536;0.0021;0.017;-0.0125;0.0024;0.0086;0.0013;0;0;0.088;0.2314;0;0;0;0;0;0;0;0;0;0;0;0;0.0069;0.0005;0.3272;0.3272;0;15.235;15.235;5.7851;0.0488;301.45;1085.4;1;0.0078;0.0078;0;0;0;0;0;0;0.3194;0.2314;0;17.19;19.906;12.158;14.079;97.624;97.624;3.0186;2.7592;1.9516;0.2593;0.8077;0.0859;0.2676;0.6465;41.442;0.6201;0
20/04/21 08:00;22.351;-56.137;31.215;26.343;60;-90;-60;199.8;159.3;40.499;12.4;4.3099;0;91.08;110.07;28.205;0;9.99;239.35;0;239.35;91.08;28.205;110.07;9.99;0.3805;0.5016;0;0.0417;216.26;23.088;0;0;13.79;9.2985;211.32;3.6378;0.1581;0.049;3.3861;0.0446;214.96;1.2975;0.5465;0.1692;0.5777;0.0041;214.64;90.376;27.987;92.316;0.6427;99.949;79.859;36.893;18.404;1.9808;28.493;3.322;12.07;0;1;0;0;1.1979;0.9035;1;1;0.8747;0.0692;0.9831;0.9983;1;0.9646;0.9351;0.994;0.994;1;0.994;0.994;0.8829;0.8387;0.0643;0.6812;0.6712;0.004;0.0161;-0.0054;0.0046;0.0163;0.0053;0;0;0.088;0.5169;0;0;0;0;0;0;0;0;0;0;0;0;0.0131;0.0013;0.6158;0.6158;0;22.729;22.729;10.33;0.0489;572.95;1074.8;1;0.0109;0.0109;0;0;0;0;0;0;0.6049;0.5169;0;17.002;19.688;14.271;16.526;98.227;98.227;5.7443;5.1934;4.3592;0.5509;0.8342;0.0959;0.1452;0.7589;95.852;0.6968;0
20/04/21 09:00;31.73;-43.416;38.157;41.976;48.024;-90;-48.024;450.6;135.7;314.9;16.45;5.47;0;470.83;63.11;89.808;0;14.923;638.67;0;638.67;470.83;89.808;63.11;14.923;0.7372;0.1222;0;0.0234;619.11;19.56;0;0;5.7247;13.836;610.23;5.1658;2.7176;0.5184;1.8782;0.0516;615.4;3.7147;2.825;0.5388;0.3443;0.0065;614.07;465.29;88.751;55.162;1.0292;193.27;154.42;62.324;4.8286;2.4168;34.765;3.8364;32.353;0;1;0;0;1.4174;0.9694;1;1;0.9093;0.0729;0.9916;0.9942;1;0.9671;0.9523;0.994;0.994;1;0.994;0.994;0.9555;0.8741;0.069;1.8176;1.8265;0.011;0.0013;0.1395;0.0117;0.0416;0.0061;0;0;0.088;1.4612;0;0;0;0;0;0;0;0;0;0;0;0;0.0335;0.008;1.5739;1.5739;0;46.683;46.683;30.233;0.0495;1570.8;1002;1;0.0247;0.0247;0;0;0;0;0;0;1.5492;1.4612;0;16.285;18.857;15.118;17.507;98.43;98.43;15.328;13.273;12.323;2.0549;0.9505;0.1341;0.062;0.8039;48.328;0.7724;0
20/04/21 10:00;38.885;-27.656;43.589;60.077;29.923;-90;-29.923;718.89;118.6;600.3;19.26;5.5899;0;692.63;32.444;96.731;0;9.5831;831.38;0;831.38;692.63;96.731;32.444;9.5831;0.8331;0.0506;0;0.0115;821.6;9.7862;0;0;1.4291;8.357;808.4;8.2678;6.1848;0.8638;1.0052;0.214;816.67;4.9296;4.1558;0.5804;0.1861;0.0074;811;682.28;95.287;29.824;1.0047;381.63;304.92;125.45;0.4893;4.0293;57.959;2.6031;61.499;0;1;0;0;1.1565;0.9882;1;1;0.956;0.1279;0.9899;0.991;1;0.9674;0.8244;0.994;0.994;1;0.994;0.994;0.9724;0.9192;0.1048;2.3661;2.4364;0.0147;-0.002;0.2983;0.0149;0.0528;0.0096;0;0;0.088;1.8722;0;0;0;0;0;0;0;0;0;0;0;0;0.0425;0.0138;1.9918;1.9918;0;59.717;59.717;40.456;0.05;2099.7;948.62;1;0.0316;0.0316;0;0;0;0;0;0;1.9602;1.8722;0;15.831;18.332;14.881;17.231;98.412;98.412;19.953;16.797;15.789;3.1558;1.0088;0.1582;0.0506;0.7913;21.372;0.752;0
20/04/21 11:00;42.756;-8.8872;46.506;80.514;9.4861;-90;-9.4861;388.41;310.2;78.206;19.93;5.8901;0;79.29;281.84;26.783;0;0.5311;388.45;0;388.45;79.29;26.783;281.84;0.5311;0.2041;0.7269;0;0.0014;386.15;2.3008;0;0;1.8597;0.4411;371.22;12.61;0.8425;0.2846;11.463;0.0201;383.83;2.3169;0.4757;0.1607;1.6799;0.0005;371.31;77.972;26.338;266.84;0.0694;229.84;183.64;71.413;0.0666;2.6811;38.567;0.0912;41.182;0;1;0;0;1.0001;0.9941;1;1;0.9934;0.1695;0.9671;0.9893;1;0.9588;0.7756;0.994;0.994;1;0.994;0.994;0.9557;0.9468;0.1307;1.1055;1.1396;0.0069;0.0102;0.0537;0.0075;0.0265;0.0069;0;0;0.088;0.8993;0;0;0;0;0;0;0;0;0;0;0;0;0.0214;0.0034;1.0032;1.0032;0;38.238;38.238;18.308;0.0493;978.44;1025.3;1;0.0159;0.0159;0;0;0;0;0;0;0.9873;0.8993;0;17.066;19.762;15.298;17.715;98.416;98.416;9.3227;8.4602;7.5841;0.8625;0.8762;0.0925;0.094;0.8135;168.74;0.7572;0
20/04/21 12:00;42.515;11.121;46.325;78.119;11.881;90;11.881;790.8;130.5;660.3;21.08;6.4699;0;674.76;35.85;96.323;0;1.6941;808.62;0;808.62;674.76;96.323;35.85;1.6941;0.8345;0.0464;0;0.0021;806.87;1.7559;0;0;0.3461;1.4097;792.45;9.5765;7.0985;1.0133;1.401;0.0637;802.03;4.8412;4.0485;0.5779;0.213;0.0017;792.8;663.61;94.732;33.89;0.219;459.78;367.37;149.41;0.0203;4.9301;70.918;0.3501;75.827;0;1;0;0;1.0225;0.9978;1;1;0.9903;0.1678;0.9881;0.9894;1;0.9603;0.7747;0.994;0.994;1;0.994;0.994;0.98;0.9453;0.1293;2.3013;2.4103;0.0145;-0.002;0.3044;0.0147;0.052;0.0117;0;0;0.088;1.8407;0;0;0;0;0;0;0;0;0;0;0;0;0.0419;0.0136;1.9596;1.9596;0;60.773;60.773;39.694;0.0501;2076.2;943.87;1;0.0309;0.0309;0;0;0;0;0;0;1.9287;1.8407;0;16.014;18.544;15.042;17.418;98.422;98.422;19.407;16.526;15.523;2.8811;1.0029;0.1485;0.0517;0.7999;21.598;0.7506;0
20/04/21 13:00;38.22;29.603;43.086;57.901;32.099;90;32.099;665.31;112.1;553.21;20.42;7.05;0;653.04;35.096;87.47;0;10.171;785.78;0;785.78;653.04;87.47;35.096;10.171;0.8311;0.0576;0;0.0129;775.04;10.74;0;0;1.7337;9.006;762.73;7.6608;5.6405;0.7555;1.0751;0.1897;770.39;4.6502;3.9183;0.5248;0.2002;0.007;765.49;643.48;86.189;32.087;0.968;346.95;277.22;115.81;0.6739;3.564;51.267;2.7634;54.157;0;1;0;0;1.1811;0.9863;1;1;0.9506;0.1145;0.9901;0.9913;1;0.9676;0.8361;0.994;0.994;1;0.994;0.994;0.9707;0.9143;0.0952;2.2363;2.2928;0.0138;-0.0018;0.2716;0.0141;0.0499;0.0085;0;0;0.088;1.7665;0;0;0;0;0;0;0;0;0;0;0;0;0.0402;0.0124;1.8842;1.8842;0;58.558;58.558;38.138;0.05;1976.5;953.28;1;0.0297;0.0297;0;0;0;0;0;0;1.8545;1.7665;0;15.845;18.348;14.855;17.202;98.424;98.424;18.859;15.89;14.897;2.969;0.9925;0.1574;0.0526;0.7899;23.479;0.7532;0
20/04/21 14:00;30.762;44.995;37.421;40.093;49.907;90;49.907;506.2;127.7;378.5;21.05;7.29;0;587.72;47.546;108.47;0;18.02;761.75;0;761.75;587.72;108.47;47.546;18.02;0.7715;0.0861;0;0.0237;740.34;21.406;0;0;4.5761;16.83;730.71;5.1892;3.1407;0.5797;1.4168;0.052;735.9;4.4421;3.5263;0.6508;0.2578;0.0071;734.94;581.05;107.24;41.295;1.1307;199.8;159.64;64.158;4.1589;2.4621;35.417;4.2297;33.72;0;1;0;0;1.5048;0.9719;1;1;0.9038;0.066;0.9929;0.9946;1;0.9668;0.956;0.994;0.994;1;0.994;0.994;0.9593;0.8685;0.0627;2.1679;2.1737;0.0131;-0.0014;0.25;0.0134;0.0475;0.0059;0;0;0.088;1.6796;0;0;0;0;0;0;0;0;0;0;0;0;0.0382;0.0112;1.7957;1.7957;0;57.56;57.56;36.51;0.05;1874.9;957.77;1;0.0281;0.0281;0;0;0;0;0;0;1.7676;1.6796;0;15.578;18.038;14.57;16.872;98.435;98.435;18.282;15.144;14.165;3.1383;0.9791;0.1717;0.0536;0.7748;37.086;0.7487;0
20/04/21 15:00;21.191;57.416;30.558;24.707;60;90;60;134.2;130.6;3.6052;20.35;6.5;0;8.5884;97.226;2.2938;0;6.7101;114.82;0;114.82;8.5884;2.2938;97.226;6.7101;0.0748;0.9052;0;0.0584;96.318;18.5;0;0;12.223;6.2774;92.706;3.0337;0.0116;0.0031;2.9896;0.0293;95.74;0.5779;0.0515;0.0138;0.51;0.0026;95.515;8.5252;2.2769;81.503;0.4008;84.745;67.711;31.286;16.256;1.7215;24.764;2.8088;10.229;0;1;0;0;0.8556;0.8389;1;1;0.8743;0.0645;0.9683;0.9986;1;0.9646;0.9318;0.994;0.994;1;0.994;0.994;0.8074;0.8383;0.0597;0.3268;0.3229;0.0019;0.0167;-0.0001;0.0021;0.0076;0.0044;0;0;0.088;0.1888;0;0;0;0;0;0;0;0;0;0;0;0;0.0061;0.0004;0.2837;0.2837;0;24.925;24.925;4.5748;0.0493;273.93;1035.5;1;0.0068;0.0068;0;0;0;0;0;0;0.2768;0.1888;0;16.325;18.905;10.869;12.585;97.596;97.596;2.7556;2.3922;1.5926;0.3634;0.7996;0.1319;0.2902;0.5779;84.642;0.4976;0
20/04/21 16:00;10.305;67.68;64.288;11.119;16.767;90;16.767;40.398;39.898;0.4993;19.8;4.97;0;1.2109;38.97;0.1997;0;0.1718;40.552;0;40.552;1.2109;0.1997;38.97;0.1718;0.0299;0.9652;0;0.0042;39.737;0.8153;0;0;0.672;0.1433;38.02;1.4782;0.0694;0.0114;1.391;0.0063;39.498;0.2384;0.0073;0.0012;0.2298;0.0002;38.06;1.1342;0.187;36.677;0.0219;23.877;19.078;7.4074;0.0749;0.2837;4.0806;0.0398;4.2895;0;1;0;0;1.0038;0.9799;1;1;0.9828;0.1657;0.9626;0.9423;1;0.9635;0.776;0.994;0.994;1;0.994;0.994;0.9376;0.9412;0.1278;0.1154;0.1171;0.0007;0.0119;-0.0014;0.0007;0.0026;0.0007;0;0;0.088;0.0071;0;0;0;0;0;0;0;0;0;0;0;0;0.0021;0.0001;0.0996;0.0996;0;21.691;21.691;1.8908;0.0497;98.499;1011;1;0.0044;0.0044;0;0;0;0;0;0;0.0951;0.0071;0;16.227;18.791;1.1641;1.348;95.541;95.541;0.9732;0.8398;0.0602;0.1334;0.7796;0.1371;0.801;0.0619;23.874;0.0576;0
20/04/21 17:00;2.3906;73.896;84.194;2.4882;3.5556;90;3.5556;0;0;0;18.96;4.9499;0;0;0;0;0;0;0;0;0;0;0;0;0;1;1;1;1;0;0;0;0;0;0;0;0;0;0;0;0;0;0;0;0;0;0;0;0;0;0;0;0;0;0;0;0;0;0;0;0;0;0;0;1;1;1;1;1;1;1;1;1;1;1;1;1;1;1;1;1;1;1;0;0;0;0;0;0;0;0;0;0.0004;0.088;-0.0884;0;0;0;0;0;0;0;0;0;0;0;0;0;0;0;0;0;0;0;-18.96;0;0;0;0;0.0004;0;0;0;0;0;0;0;-0.0004;-0.0884;0;0;0;0;0;0;0;0;0;-0.7452;0;0.7452;1;1;0;0;0;0
20/04/21 18:00;0;0;90;0;0;90;0;0;0;0;14.84;5.1899;0;0;0;0;0;0;0;0;0;0;0;0;0;1;1;1;1;0;0;0;0;0;0;0;0;0;0;0;0;0;0;0;0;0;0;0;0;0;0;0;0;0;0;0;0;0;0;0;0;0;0;0;1;1;1;1;1;1;1;1;1;1;1;1;1;1;1;1;1;1;1;0;0;0;0;0;0;0;0;0;0.0004;0.088;-0.0884;0;0;0;0;0;0;0;0;0;0;0;0;0;0;0;0;0;0;0;-14.84;0;0;0;0;0.0004;0;0;0;0;0;0;0;-0.0004;-0.0884;0;0;0;0;0;0;0;0;0;-0.7452;0;0.7452;1;1;0;0;0;0
20/04/21 19:00;0;0;90;0;0;90;0;0;0;0;12.33;5.95;0;0;0;0;0;0;0;0;0;0;0;0;0;1;1;1;1;0;0;0;0;0;0;0;0;0;0;0;0;0;0;0;0;0;0;0;0;0;0;0;0;0;0;0;0;0;0;0;0;0;0;0;1;1;1;1;1;1;1;1;1;1;1;1;1;1;1;1;1;1;1;0;0;0;0;0;0;0;0;0;0.0004;0.088;-0.0884;0;0;0;0;0;0;0;0;0;0;0;0;0;0;0;0;0;0;0;-12.33;0;0;0;0;0.0004;0;0;0;0;0;0;0;-0.0004;-0.0884;0;0;0;0;0;0;0;0;0;-0.7452;0;0.7452;1;1;0;0;0;0
20/04/21 20:00;0;0;90;0;0;90;0;0;0;0;11.51;6.8499;0;0;0;0;0;0;0;0;0;0;0;0;0;1;1;1;1;0;0;0;0;0;0;0;0;0;0;0;0;0;0;0;0;0;0;0;0;0;0;0;0;0;0;0;0;0;0;0;0;0;0;0;1;1;1;1;1;1;1;1;1;1;1;1;1;1;1;1;1;1;1;0;0;0;0;0;0;0;0;0;0.0004;0.088;-0.0884;0;0;0;0;0;0;0;0;0;0;0;0;0;0;0;0;0;0;0;-11.51;0;0;0;0;0.0004;0;0;0;0;0;0;0;-0.0004;-0.0884;0;0;0;0;0;0;0;0;0;-0.7452;0;0.7452;1;1;0;0;0;0
20/04/21 21:00;0;0;90;0;0;90;0;0;0;0;10.78;6.5301;0;0;0;0;0;0;0;0;0;0;0;0;0;1;1;1;1;0;0;0;0;0;0;0;0;0;0;0;0;0;0;0;0;0;0;0;0;0;0;0;0;0;0;0;0;0;0;0;0;0;0;0;1;1;1;1;1;1;1;1;1;1;1;1;1;1;1;1;1;1;1;0;0;0;0;0;0;0;0;0;0.0004;0.088;-0.0884;0;0;0;0;0;0;0;0;0;0;0;0;0;0;0;0;0;0;0;-10.78;0;0;0;0;0.0004;0;0;0;0;0;0;0;-0.0004;-0.0884;0;0;0;0;0;0;0;0;0;-0.7452;0;0.7452;1;1;0;0;0;0
20/04/21 22:00;0;0;90;0;0;90;0;0;0;0;10.27;6.1399;0;0;0;0;0;0;0;0;0;0;0;0;0;1;1;1;1;0;0;0;0;0;0;0;0;0;0;0;0;0;0;0;0;0;0;0;0;0;0;0;0;0;0;0;0;0;0;0;0;0;0;0;1;1;1;1;1;1;1;1;1;1;1;1;1;1;1;1;1;1;1;0;0;0;0;0;0;0;0;0;0.0004;0.088;-0.0884;0;0;0;0;0;0;0;0;0;0;0;0;0;0;0;0;0;0;0;-10.27;0;0;0;0;0.0004;0;0;0;0;0;0;0;-0.0004;-0.0884;0;0;0;0;0;0;0;0;0;-0.7452;0;0.7452;1;1;0;0;0;0
20/04/21 23:00;0;0;90;0;0;90;0;0;0;0;10.43;6.3799;0;0;0;0;0;0;0;0;0;0;0;0;0;1;1;1;1;0;0;0;0;0;0;0;0;0;0;0;0;0;0;0;0;0;0;0;0;0;0;0;0;0;0;0;0;0;0;0;0;0;0;0;1;1;1;1;1;1;1;1;1;1;1;1;1;1;1;1;1;1;1;0;0;0;0;0;0;0;0;0;0.0004;0.088;-0.0884;0;0;0;0;0;0;0;0;0;0;0;0;0;0;0;0;0;0;0;-10.43;0;0;0;0;0.0004;0;0;0;0;0;0;0;-0.0004;-0.0884;0;0;0;0;0;0;0;0;0;-0.7452;0;0.7452;1;1;0;0;0;0
21/04/21 00:00;0;0;90;0;0;90;0;0;0;0;9.9402;6.3701;0;0;0;0;0;0;0;0;0;0;0;0;0;1;1;1;1;0;0;0;0;0;0;0;0;0;0;0;0;0;0;0;0;0;0;0;0;0;0;0;0;0;0;0;0;0;0;0;0;0;0;0;1;1;1;1;1;1;1;1;1;1;1;1;1;1;1;1;1;1;1;0;0;0;0;0;0;0;0;0;0.0004;0.088;-0.0884;0;0;0;0;0;0;0;0;0;0;0;0;0;0;0;0;0;0;0;-9.9402;0;0;0;0;0.0004;0;0;0;0;0;0;0;-0.0004;-0.0884;0;0;0;0;0;0;0;0;0;-0.7452;0;0.7452;1;1;0;0;0;0
21/04/21 01:00;0;0;90;0;0;90;0;0;0;0;9.0401;5.9899;0;0;0;0;0;0;0;0;0;0;0;0;0;1;1;1;1;0;0;0;0;0;0;0;0;0;0;0;0;0;0;0;0;0;0;0;0;0;0;0;0;0;0;0;0;0;0;0;0;0;0;0;1;1;1;1;1;1;1;1;1;1;1;1;1;1;1;1;1;1;1;0;0;0;0;0;0;0;0;0;0.0004;0.088;-0.0884;0;0;0;0;0;0;0;0;0;0;0;0;0;0;0;0;0;0;0;-9.0401;0;0;0;0;0.0004;0;0;0;0;0;0;0;-0.0004;-0.0884;0;0;0;0;0;0;0;0;0;-0.7452;0;0.7452;1;1;0;0;0;0
21/04/21 02:00;0;0;90;0;0;90;0;0;0;0;8.2098;5.61;0;0;0;0;0;0;0;0;0;0;0;0;0;1;1;1;1;0;0;0;0;0;0;0;0;0;0;0;0;0;0;0;0;0;0;0;0;0;0;0;0;0;0;0;0;0;0;0;0;0;0;0;1;1;1;1;1;1;1;1;1;1;1;1;1;1;1;1;1;1;1;0;0;0;0;0;0;0;0;0;0.0004;0.088;-0.0884;0;0;0;0;0;0;0;0;0;0;0;0;0;0;0;0;0;0;0;-8.2098;0;0;0;0;0.0004;0;0;0;0;0;0;0;-0.0004;-0.0884;0;0;0;0;0;0;0;0;0;-0.7452;0;0.7452;1;1;0;0;0;0
21/04/21 03:00;0;0;90;0;0;90;0;0;0;0;6.7899;4.98;0;0;0;0;0;0;0;0;0;0;0;0;0;1;1;1;1;0;0;0;0;0;0;0;0;0;0;0;0;0;0;0;0;0;0;0;0;0;0;0;0;0;0;0;0;0;0;0;0;0;0;0;1;1;1;1;1;1;1;1;1;1;1;1;1;1;1;1;1;1;1;0;0;0;0;0;0;0;0;0;0.0004;0.088;-0.0884;0;0;0;0;0;0;0;0;0;0;0;0;0;0;0;0;0;0;0;-6.7899;0;0;0;0;0.0004;0;0;0;0;0;0;0;-0.0004;-0.0884;0;0;0;0;0;0;0;0;0;-0.7452;0;0.7452;1;1;0;0;0;0
21/04/21 04:00;0;0;90;0;0;90;0;0;0;0;5.3101;4.5201;0;0;0;0;0;0;0;0;0;0;0;0;0;1;1;1;1;0;0;0;0;0;0;0;0;0;0;0;0;0;0;0;0;0;0;0;0;0;0;0;0;0;0;0;0;0;0;0;0;0;0;0;1;1;1;1;1;1;1;1;1;1;1;1;1;1;1;1;1;1;1;0;0;0;0;0;0;0;0;0;0.0004;0.088;-0.0884;0;0;0;0;0;0;0;0;0;0;0;0;0;0;0;0;0;0;0;-5.3101;0;0;0;0;0.0004;0;0;0;0;0;0;0;-0.0004;-0.0884;0;0;0;0;0;0;0;0;0;-0.7452;0;0.7452;1;1;0;0;0;0
21/04/21 05:00;0;0;90;0;0;90;0;0;0;0;4.8002;4.17;0;0;0;0;0;0;0;0;0;0;0;0;0;1;1;1;1;0;0;0;0;0;0;0;0;0;0;0;0;0;0;0;0;0;0;0;0;0;0;0;0;0;0;0;0;0;0;0;0;0;0;0;1;1;1;1;1;1;1;1;1;1;1;1;1;1;1;1;1;1;1;0;0;0;0;0;0;0;0;0;0.0004;0.088;-0.0884;0;0;0;0;0;0;0;0;0;0;0;0;0;0;0;0;0;0;0;-4.8002;0;0;0;0;0.0004;0;0;0;0;0;0;0;-0.0004;-0.0884;0;0;0;0;0;0;0;0;0;-0.7452;0;0.7452;1;1;0;0;0;0
21/04/21 06:00;2.9702;-73.038;82.78;3.1051;4.4437;-90;-4.4437;5.8994;5.8994;0;3.9998;4.7701;0;0;5.8906;0;0;0.0018;5.8924;5.8924;0;0;0;0;0;1;1;1;1;0;0;0;0;0;0;0;0;0;0;0;0;0;0;0;0;0;0;0;0;0;0;0;0;0;0;0;0;0;0;0;0;0;0;0;0;1;1;1;1;1;1;1;1;1;1;1;1;1;0;0;1;0;0;0;0;0;0;0;0;0;0;0;0.0004;0.088;-0.0884;0;0;0;0;0;0;0;0;0;0;0;0;0;0;0;0;0;0;0;-3.9998;0;0;0;0;0.0004;0;0;0;0;0;0;0;-0.0004;-0.0884;0;0;0;0;0;0;0;0;0;-0.7452;0;0.7452;1;1;0;0;0;0
21/04/21 07:00;11.404;-66.301;61.345;12.423;19.026;-90;-19.026;194;32.003;162;5.81;5.0299;0;392.88;12.265;47.034;0;1.0598;453.24;0;453.24;392.88;47.034;12.265;1.0598;0.8668;0.0294;0;0.0023;452.1;1.1439;0;0;0.2606;0.8833;430.3;19.086;16.636;1.9916;0.4191;0.0388;449.39;2.7126;2.3573;0.2822;0.072;0.0011;430.32;373.89;44.76;11.513;0.1367;8.475;6.7715;2.8004;0.037;0.0902;1.2981;0.0172;1.3514;0;1;0;0;2.3363;0.9975;1;1;0.9787;0.1666;0.9575;0.9574;1;0.9649;0.7789;0.994;0.994;1;0.994;0.994;0.9494;0.9387;0.129;1.2899;1.2338;0.0074;0.0089;0.0079;0.0085;0.03;0.0002;0;0;0.088;1.036;0;0;0;0;0;0;0;0;0;0;0;0;0.0242;0.0039;1.1428;1.1428;0;26.814;26.814;21.004;0.0488;1060;1078.1;1;0.0188;0.0188;0;0;0;0;0;0;1.124;1.036;0;16.661;19.293;15.105;17.491;98.358;98.358;10.878;9.6373;8.7369;1.2406;0.9003;0.114;0.0828;0.8032;7.5862;0.8015;0
21/04/21 08:00;22.142;-55.842;31.545;26.185;60;-90;-60;379.6;62.602;316.99;8.1998;4.8;0;716.78;17.744;88.058;0;18.98;841.56;0;841.56;716.78;88.058;17.744;18.98;0.8517;0.0436;0;0.0226;821.67;19.889;0;0;2.223;17.666;814.56;2.1823;1.3819;0.1698;0.5459;0.0848;816.74;4.93;4.3007;0.5283;0.0931;0.0079;816.31;711.1;87.36;14.882;1.2211;41.162;32.888;14.14;2.9712;0.5847;8.4105;1.7478;6.024;0;1;0;0;2.217;0.9764;1;1;0.8747;0.0692;0.9973;0.9981;1;0.9646;0.9351;0.994;0.994;1;0.994;0.994;0.9679;0.8387;0.0643;2.395;2.3524;0.0142;-0.0019;0.1945;0.015;0.0533;0.0015;0;0;0.088;1.899;0;0;0;0;0;0;0;0;0;0;0;0;0.0429;0.013;2.0201;2.0201;0;48.594;48.594;40.394;0.0496;2029.2;995.49;1;0.0331;0.0331;0;0;0;0;0;0;1.987;1.899;0;15.862;18.367;14.911;17.266;98.361;98.361;20.198;17.035;16.014;3.162;1.0213;0.1566;0.0506;0.7929;15.452;0.787;0
21/04/21 09:00;31.481;-43.138;38.485;41.846;48.154;-90;-48.154;545.99;90.101;455.89;10.5;4.1499;0;683.36;26.609;87.207;0;18.174;815.35;0;815.35;683.36;87.207;26.609;18.174;0.8381;0.0549;0;0.0223;796.08;19.276;0;0;2.4233;16.853;785.85;5.4487;4.0746;0.52;0.792;0.0622;791.3;4.7765;4.1002;0.5232;0.1451;0.0079;790.2;675.19;86.164;23.249;1.2513;218.3;174.43;69.104;2.0581;2.5933;37.304;4.3435;37.839;0;1;0;0;1.4933;0.9764;1;1;0.9089;0.0727;0.9931;0.994;1;0.9671;0.9527;0.994;0.994;1;0.994;0.994;0.9638;0.8737;0.0688;2.3204;2.3355;0.0141;-0.0019;0.2007;0.0149;0.0527;0.0064;0;0;0.088;1.873;0;0;0;0;0;0;0;0;0;0;0;0;0.0424;0.0128;1.9935;1.9935;0;49.5;49.5;39;0.0496;2012.5;990.58;1;0.0325;0.0325;0;0;0;0;0;0;1.961;1.873;0;16.156;18.709;15.18;17.578;98.37;98.37;19.568;16.812;15.795;2.757;1.0162;0.1409;0.0519;0.8072;20.402;0.7805;0
21/04/21 10:00;38.591;-27.427;43.928;60.007;29.993;-90;-29.993;668.81;110.4;558.4;12.73;3.37;0;644.74;34.803;84.405;0;8.9563;772.91;0;772.91;644.74;84.405;34.803;8.9563;0.8342;0.0566;0;0.0116;763.56;9.3518;0;0;1.5388;7.813;751.04;7.9319;5.8846;0.7704;1.0779;0.1991;758.98;4.5813;3.8685;0.5064;0.1996;0.0069;753.48;634.99;83.128;31.987;0.9374;355.27;283.86;116.78;0.5288;3.756;54.028;2.4374;57.256;0;1;0;0;1.1557;0.9879;1;1;0.9558;0.1277;0.9895;0.9908;1;0.9674;0.8248;0.994;0.994;1;0.994;0.994;0.9717;0.9191;0.1047;2.1996;2.264;0.0136;-0.0017;0.1989;0.0144;0.051;0.0093;0;0;0.088;1.8063;0;0;0;0;0;0;0;0;0;0;0;0;0.0411;0.012;1.9255;1.9255;0;50.022;50.022;37.291;0.0497;1949.3;987.78;1;0.0311;0.0311;0;0;0;0;0;0;1.8943;1.8063;0;16.462;19.062;15.443;17.883;98.382;98.382;18.55;16.238;15.233;2.312;1.0048;0.1246;0.0542;0.8212;22.938;0.7804;0
21/04/21 11:00;42.425;-8.7589;46.848;80.54;9.4595;-90;-9.4595;725.59;119.7;605.89;14.03;2.74;0;614.24;39.914;80.611;0;0.9867;735.76;0;735.76;614.24;80.611;39.914;0.9867;0.8348;0.0556;0;0.0013;734.67;1.0816;0;0;0.2621;0.8195;721.08;9.1828;6.6489;0.8726;1.624;0.0373;730.27;4.408;3.6855;0.4837;0.2379;0.001;721.27;603.91;79.255;37.79;0.1289;424.2;338.94;136.11;0.0096;4.6608;67.044;0.185;71.696;0;1;0;0;1.014;0.9985;1;1;0.9934;0.1695;0.9874;0.9891;1;0.9588;0.7756;0.994;0.994;1;0.994;0.994;0.9801;0.9468;0.1306;2.0939;2.1979;0.0132;-0.0015;0.1917;0.014;0.0495;0.0116;0;0;0.088;1.7501;0;0;0;0;0;0;0;0;0;0;0;0;0.0399;0.0114;1.8682;1.8682;0;49.831;49.831;35.801;0.0496;1890.9;987.99;1;0.0301;0.0301;0;0;0;0;0;0;1.8381;1.7501;0;16.778;19.429;15.718;18.201;98.391;98.391;17.658;15.754;14.759;1.9037;0.9956;0.1078;0.0564;0.8358;23.895;0.7824;0
21/04/21 12:00;42.171;11.115;46.655;77.985;12.015;90;12.015;715.81;118.8;597.01;15.37;2.3701;0;610.38;40.214;79.887;0;1.5681;732.05;0;732.05;610.38;79.887;40.214;1.5681;0.8338;0.0571;0;0.0021;730.35;1.7006;0;0;0.3957;1.3049;716.95;9.0212;6.5386;0.8558;1.5679;0.0589;725.97;4.3821;3.6623;0.4793;0.2389;0.0016;717.27;600.18;78.552;38.012;0.2027;416.16;332.51;135.16;0.0237;4.4677;64.266;0.3252;68.71;0;1;0;0;1.0227;0.9977;1;1;0.9902;0.1678;0.9876;0.9892;1;0.9604;0.7747;0.994;0.994;1;0.994;0.994;0.9794;0.9452;0.1292;2.0834;2.1809;0.0131;-0.0014;0.1994;0.0138;0.0489;0.011;0;0;0.088;1.7279;0;0;0;0;0;0;0;0;0;0;0;0;0.0394;0.0112;1.8455;1.8455;0;51;51;35.63;0.0497;1876.8;983.29;1;0.0295;0.0295;0;0;0;0;0;0;1.8159;1.7279;0;16.658;19.29;15.597;18.062;98.399;98.399;17.569;15.563;14.572;2.0061;0.9912;0.1142;0.0564;0.8294;24.236;0.7782;0
21/04/21 13:00;37.89;29.484;43.392;57.688;32.312;90;32.312;647.4;114.4;533;15.59;2.3701;0;630.66;37.794;86.89;0;10.025;765.36;0;765.36;630.66;86.89;37.794;10.025;0.824;0.0625;0;0.0131;754.59;10.773;0;0;1.8866;8.8862;742.4;7.6658;5.5594;0.766;1.1566;0.1838;750.06;4.5275;3.7839;0.5213;0.2154;0.0068;745.23;621.31;85.603;34.535;0.9483;337.34;269.54;110.31;0.7422;3.6199;52.07;2.834;54.948;0;1;0;0;1.1822;0.9859;1;1;0.9501;0.1136;0.9898;0.9911;1;0.9676;0.8377;0.994;0.994;1;0.994;0.994;0.97;0.9138;0.0946;2.1782;2.2365;0.0135;-0.0016;0.2166;0.0141;0.0498;0.0089;0;0;0.088;1.7652;0;0;0;0;0;0;0;0;0;0;0;0;0.0402;0.0118;1.8833;1.8833;0;52.529;52.529;36.939;0.0498;1926.5;977.6;1;0.0301;0.0301;0;0;0;0;0;0;1.8532;1.7652;0;16.26;18.829;15.24;17.648;98.399;98.399;18.369;15.882;14.886;2.4863;0.9963;0.1354;0.0542;0.8104;25.323;0.7711;0
21/04/21 14:00;30.458;44.811;37.701;39.842;50.158;90;50.158;512.2;117.8;394.4;16.25;2.7801;0;615.6;41.024;105.81;0;18.405;780.84;0;780.84;615.6;105.81;41.024;18.405;0.7884;0.0761;0;0.0236;759.67;21.171;0;0;3.9772;17.194;749.87;5.2479;3.39;0.5827;1.2229;0.0524;755.12;4.558;3.6936;0.6349;0.2223;0.0073;754.13;608.52;104.59;35.602;1.1514;198.27;158.42;63.331;3.6522;2.4342;35.015;4.2597;33.797;0;1;0;0;1.5245;0.9729;1;1;0.9031;0.0658;0.9931;0.9945;1;0.9668;0.9565;0.994;0.994;1;0.994;0.994;0.9603;0.8678;0.0626;2.2222;2.2278;0.0134;-0.0016;0.2243;0.0139;0.0494;0.0059;0;0;0.088;1.753;0;0;0;0;0;0;0;0;0;0;0;0;0.0398;0.0117;1.8708;1.8708;0;53.593;53.593;37.343;0.0498;1920.7;974;1;0.0298;0.0298;0;0;0;0;0;0;1.841;1.753;0;15.832;18.333;14.835;17.178;98.405;98.405;18.74;15.777;14.783;2.9635;0.9937;0.1581;0.053;0.7888;32.08;0.7632;0
21/04/21 15:00;20.913;57.199;30.855;24.447;60;90;60;333.9;125.3;208.6;16.21;2.7899;0;501.69;53.356;130.26;0;16.695;701.99;0;701.99;501.69;130.26;53.356;16.695;0.7147;0.0998;0;0.0238;679.67;22.326;0;0;6.7079;15.619;672.91;2.6787;0.7661;0.1989;1.6407;0.073;675.59;4.078;3.0101;0.7815;0.2799;0.0065;674.64;497.91;129.28;44.728;0.9973;49.925;39.89;18.311;8.9244;0.9796;14.091;1.7273;6.1464;0;1;0;0;2.1024;0.9682;1;1;0.8743;0.0645;0.996;0.9985;1;0.9646;0.9318;0.994;0.994;1;0.994;0.994;0.9586;0.8383;0.0597;1.9978;1.9584;0.0118;0.0001;0.1698;0.0124;0.0441;0.0024;0;0;0.088;1.5587;0;0;0;0;0;0;0;0;0;0;0;0;0.0355;0.0092;1.6731;1.6731;0;49.619;49.619;33.409;0.0496;1687.7;991.36;1;0.0264;0.0264;0;0;0;0;0;0;1.6467;1.5587;0;15.749;18.237;14.672;16.99;98.421;98.421;16.848;14.109;13.144;2.7386;0.9648;0.1625;0.0573;0.7802;46.45;0.7686;0
21/04/21 16:00;10.049;67.447;64.963;10.863;16.335;90;16.335;130.61;99.3;31.308;15.4;2.66;0;75.931;84.385;31.959;0;0.5272;192.8;0;192.8;75.931;31.959;84.385;0.5272;0.3938;0.4404;0;0.0027;190.97;1.8322;0;0;1.3925;0.4397;180.12;9.7074;4.6804;1.97;3.0374;0.0195;189.82;1.1458;0.4556;0.1918;0.498;0.0005;180.2;70.795;29.797;79.457;0.0675;51.827;41.41;16.102;0.1479;0.6132;8.8211;0.0807;9.2865;0;1;0;0;1.4762;0.9905;1;1;0.9835;0.166;0.9489;0.938;1;0.9632;0.7757;0.994;0.994;1;0.994;0.994;0.9342;0.9416;0.128;0.5487;0.5332;0.0032;0.0171;-0.0015;0.0036;0.0128;0.0016;0;0;0.088;0.388;0;0;0;0;0;0;0;0;0;0;0;0;0.0103;0.0009;0.4853;0.4853;0;24.227;24.227;8.827;0.049;456.21;1063.7;1;0.0092;0.0092;0;0;0;0;0;0;0.476;0.388;0;16.632;19.259;13.299;15.4;98.097;98.097;4.6272;4.0923;3.2723;0.535;0.82;0.1156;0.1772;0.7072;51.609;0.6838;0
21/04/21 17:00;2.1468;73.654;84.787;2.2372;3.1953;90;3.1953;0;0;0;12.52;3.0901;0;0;0;0;0;0;0;0;0;0;0;0;0;1;1;1;1;0;0;0;0;0;0;0;0;0;0;0;0;0;0;0;0;0;0;0;0;0;0;0;0;0;0;0;0;0;0;0;0;0;0;0;1;1;1;1;1;1;1;1;1;1;1;1;1;1;1;1;1;1;1;0;0;0;0;0;0;0;0;0;0.0004;0.088;-0.0884;0;0;0;0;0;0;0;0;0;0;0;0;0;0;0;0;0;0;0;-12.52;0;0;0;0;0.0004;0;0;0;0;0;0;0;-0.0004;-0.0884;0;0;0;0;0;0;0;0;0;-0.7452;0;0.7452;1;1;0;0;0;0
21/04/21 18:00;0;0;90;0;0;90;0;0;0;0;9.1697;3.0299;0;0;0;0;0;0;0;0;0;0;0;0;0;1;1;1;1;0;0;0;0;0;0;0;0;0;0;0;0;0;0;0;0;0;0;0;0;0;0;0;0;0;0;0;0;0;0;0;0;0;0;0;1;1;1;1;1;1;1;1;1;1;1;1;1;1;1;1;1;1;1;0;0;0;0;0;0;0;0;0;0.0004;0.088;-0.0884;0;0;0;0;0;0;0;0;0;0;0;0;0;0;0;0;0;0;0;-9.1697;0;0;0;0;0.0004;0;0;0;0;0;0;0;-0.0004;-0.0884;0;0;0;0;0;0;0;0;0;-0.7452;0;0.7452;1;1;0;0;0;0
21/04/21 19:00;0;0;90;0;0;90;0;0;0;0;8.1101;2.97;0;0;0;0;0;0;0;0;0;0;0;0;0;1;1;1;1;0;0;0;0;0;0;0;0;0;0;0;0;0;0;0;0;0;0;0;0;0;0;0;0;0;0;0;0;0;0;0;0;0;0;0;1;1;1;1;1;1;1;1;1;1;1;1;1;1;1;1;1;1;1;0;0;0;0;0;0;0;0;0;0.0004;0.088;-0.0884;0;0;0;0;0;0;0;0;0;0;0;0;0;0;0;0;0;0;0;-8.1101;0;0;0;0;0.0004;0;0;0;0;0;0;0;-0.0004;-0.0884;0;0;0;0;0;0;0;0;0;-0.7452;0;0.7452;1;1;0;0;0;0
21/04/21 20:00;0;0;90;0;0;90;0;0;0;0;8.0403;2.92;0;0;0;0;0;0;0;0;0;0;0;0;0;1;1;1;1;0;0;0;0;0;0;0;0;0;0;0;0;0;0;0;0;0;0;0;0;0;0;0;0;0;0;0;0;0;0;0;0;0;0;0;1;1;1;1;1;1;1;1;1;1;1;1;1;1;1;1;1;1;1;0;0;0;0;0;0;0;0;0;0.0004;0.088;-0.0884;0;0;0;0;0;0;0;0;0;0;0;0;0;0;0;0;0;0;0;-8.0403;0;0;0;0;0.0004;0;0;0;0;0;0;0;-0.0004;-0.0884;0;0;0;0;0;0;0;0;0;-0.7452;0;0.7452;1;1;0;0;0;0
21/04/21 21:00;0;0;90;0;0;90;0;0;0;0;7.21;2.8699;0;0;0;0;0;0;0;0;0;0;0;0;0;1;1;1;1;0;0;0;0;0;0;0;0;0;0;0;0;0;0;0;0;0;0;0;0;0;0;0;0;0;0;0;0;0;0;0;0;0;0;0;1;1;1;1;1;1;1;1;1;1;1;1;1;1;1;1;1;1;1;0;0;0;0;0;0;0;0;0;0.0004;0.088;-0.0884;0;0;0;0;0;0;0;0;0;0;0;0;0;0;0;0;0;0;0;-7.21;0;0;0;0;0.0004;0;0;0;0;0;0;0;-0.0004;-0.0884;0;0;0;0;0;0;0;0;0;-0.7452;0;0.7452;1;1;0;0;0;0
21/04/21 22:00;0;0;90;0;0;90;0;0;0;0;6.4202;2.81;0;0;0;0;0;0;0;0;0;0;0;0;0;1;1;1;1;0;0;0;0;0;0;0;0;0;0;0;0;0;0;0;0;0;0;0;0;0;0;0;0;0;0;0;0;0;0;0;0;0;0;0;1;1;1;1;1;1;1;1;1;1;1;1;1;1;1;1;1;1;1;0;0;0;0;0;0;0;0;0;0.0004;0.088;-0.0884;0;0;0;0;0;0;0;0;0;0;0;0;0;0;0;0;0;0;0;-6.4202;0;0;0;0;0.0004;0;0;0;0;0;0;0;-0.0004;-0.0884;0;0;0;0;0;0;0;0;0;-0.7452;0;0.7452;1;1;0;0;0;0
21/04/21 23:00;0;0;90;0;0;90;0;0;0;0;5.9097;2.73;0;0;0;0;0;0;0;0;0;0;0;0;0;1;1;1;1;0;0;0;0;0;0;0;0;0;0;0;0;0;0;0;0;0;0;0;0;0;0;0;0;0;0;0;0;0;0;0;0;0;0;0;1;1;1;1;1;1;1;1;1;1;1;1;1;1;1;1;1;1;1;0;0;0;0;0;0;0;0;0;0.0004;0.088;-0.0884;0;0;0;0;0;0;0;0;0;0;0;0;0;0;0;0;0;0;0;-5.9097;0;0;0;0;0.0004;0;0;0;0;0;0;0;-0.0004;-0.0884;0;0;0;0;0;0;0;0;0;-0.7452;0;0.7452;1;1;0;0;0;0
22/04/21 00:00;0;0;90;0;0;90;0;0;0;0;5.6797;2.58;0;0;0;0;0;0;0;0;0;0;0;0;0;1;1;1;1;0;0;0;0;0;0;0;0;0;0;0;0;0;0;0;0;0;0;0;0;0;0;0;0;0;0;0;0;0;0;0;0;0;0;0;1;1;1;1;1;1;1;1;1;1;1;1;1;1;1;1;1;1;1;0;0;0;0;0;0;0;0;0;0.0004;0.088;-0.0884;0;0;0;0;0;0;0;0;0;0;0;0;0;0;0;0;0;0;0;-5.6797;0;0;0;0;0.0004;0;0;0;0;0;0;0;-0.0004;-0.0884;0;0;0;0;0;0;0;0;0;-0.7452;0;0.7452;1;1;0;0;0;0
22/04/21 01:00;0;0;90;0;0;90;0;0;0;0;4.6699;2.3801;0;0;0;0;0;0;0;0;0;0;0;0;0;1;1;1;1;0;0;0;0;0;0;0;0;0;0;0;0;0;0;0;0;0;0;0;0;0;0;0;0;0;0;0;0;0;0;0;0;0;0;0;1;1;1;1;1;1;1;1;1;1;1;1;1;1;1;1;1;1;1;0;0;0;0;0;0;0;0;0;0.0004;0.088;-0.0884;0;0;0;0;0;0;0;0;0;0;0;0;0;0;0;0;0;0;0;-4.6699;0;0;0;0;0.0004;0;0;0;0;0;0;0;-0.0004;-0.0884;0;0;0;0;0;0;0;0;0;-0.7452;0;0.7452;1;1;0;0;0;0
22/04/21 02:00;0;0;90;0;0;90;0;0;0;0;4.1002;2.0899;0;0;0;0;0;0;0;0;0;0;0;0;0;1;1;1;1;0;0;0;0;0;0;0;0;0;0;0;0;0;0;0;0;0;0;0;0;0;0;0;0;0;0;0;0;0;0;0;0;0;0;0;1;1;1;1;1;1;1;1;1;1;1;1;1;1;1;1;1;1;1;0;0;0;0;0;0;0;0;0;0.0004;0.088;-0.0884;0;0;0;0;0;0;0;0;0;0;0;0;0;0;0;0;0;0;0;-4.1002;0;0;0;0;0.0004;0;0;0;0;0;0;0;-0.0004;-0.0884;0;0;0;0;0;0;0;0;0;-0.7452;0;0.7452;1;1;0;0;0;0
22/04/21 03:00;0;0;90;0;0;90;0;0;0;0;3.0299;1.8;0;0;0;0;0;0;0;0;0;0;0;0;0;1;1;1;1;0;0;0;0;0;0;0;0;0;0;0;0;0;0;0;0;0;0;0;0;0;0;0;0;0;0;0;0;0;0;0;0;0;0;0;1;1;1;1;1;1;1;1;1;1;1;1;1;1;1;1;1;1;1;0;0;0;0;0;0;0;0;0;0.0004;0.088;-0.0884;0;0;0;0;0;0;0;0;0;0;0;0;0;0;0;0;0;0;0;-3.0299;0;0;0;0;0.0004;0;0;0;0;0;0;0;-0.0004;-0.0884;0;0;0;0;0;0;0;0;0;-0.7452;0;0.7452;1;1;0;0;0;0
22/04/21 04:00;0;0;90;0;0;90;0;0;0;0;2.6098;1.64;0;0;0;0;0;0;0;0;0;0;0;0;0;1;1;1;1;0;0;0;0;0;0;0;0;0;0;0;0;0;0;0;0;0;0;0;0;0;0;0;0;0;0;0;0;0;0;0;0;0;0;0;1;1;1;1;1;1;1;1;1;1;1;1;1;1;1;1;1;1;1;0;0;0;0;0;0;0;0;0;0.0004;0.088;-0.0884;0;0;0;0;0;0;0;0;0;0;0;0;0;0;0;0;0;0;0;-2.6098;0;0;0;0;0.0004;0;0;0;0;0;0;0;-0.0004;-0.0884;0;0;0;0;0;0;0;0;0;-0.7452;0;0.7452;1;1;0;0;0;0
22/04/21 05:00;0;0;90;0;0;90;0;0;0;0;2.1099;1.63;0;0;0;0;0;0;0;0;0;0;0;0;0;1;1;1;1;0;0;0;0;0;0;0;0;0;0;0;0;0;0;0;0;0;0;0;0;0;0;0;0;0;0;0;0;0;0;0;0;0;0;0;1;1;1;1;1;1;1;1;1;1;1;1;1;1;1;1;1;1;1;0;0;0;0;0;0;0;0;0;0.0004;0.088;-0.0884;0;0;0;0;0;0;0;0;0;0;0;0;0;0;0;0;0;0;0;-2.1099;0;0;0;0;0.0004;0;0;0;0;0;0;0;-0.0004;-0.0884;0;0;0;0;0;0;0;0;0;-0.7452;0;0.7452;1;1;0;0;0;0
22/04/21 06:00;2.8078;-72.739;83.177;2.94;4.2057;-90;-4.2057;7.599;7.599;0;1.0203;1.6601;0;0;7.5887;0;0;0.002;7.5908;0;7.5908;0;0;7.5887;0.002;0;1;0;0.0003;7.5755;0.0153;0;0;0.0136;0.0017;7.1987;0.3314;0;0;0.3313;0.0001;7.5301;0.0455;0;0;0.0455;0;7.1987;0;0;7.1984;0.0003;4.5025;3.5975;1.3756;0;0.054;0.7762;0;0.8301;0;1;0;0;0.9989;0.998;1;1;0.9982;0.1668;0.956;1;1;0.956;0.7772;0.994;1;1;0.994;0.994;0.9483;0.9486;0.1289;0.0216;0.0222;0.0001;0.0051;-0.0017;0.0001;0.0005;0.0001;0;0;0.088;-0.0729;0;0;0;0;0;0;0;0;0;0;0;0;0.0004;0;0.0175;0.0175;0;1.3842;1.3842;0.3638;0.0505;17.083;1022.8;1;0.0024;0.0024;0;0;0;0;0;0;0.0151;-0.0729;0;15.21;17.613;-63.486;-73.515;86.262;86.262;0.1822;0.1473;-0.615;0.0348;0.7624;0.1912;4.1847;0;4.5025;0;0
22/04/21 07:00;11.225;-66.006;61.828;12.256;18.731;-90;-18.731;231.8;38.202;193.6;4.2498;1.79;0;469.52;9.8197;68.188;0;1.2277;548.76;0;548.76;469.52;68.188;9.8197;1.2277;0.8556;0.0201;0;0.0022;547.53;1.2261;0;0;0.2033;1.0228;519.98;24.264;20.853;3.0285;0.3375;0.0451;544.25;3.2852;2.8171;0.4091;0.0577;0.0012;520;445.85;64.75;9.2212;0.1586;7.152;5.7144;2.4218;0.0281;0.0721;1.0378;0.0133;1.0818;0;1;0;0;2.3674;0.9978;1;1;0.9793;0.1669;0.9554;0.9553;1;0.9647;0.7787;0.994;0.994;1;0.994;0.994;0.9476;0.9391;0.1292;1.5617;1.4898;0.009;0.0053;0.0244;0.0102;0.036;0.0002;0;0;0.088;1.2602;0;0;0;0;0;0;0;0;0;0;0;0;0.029;0.0055;1.3703;1.3703;0;29.669;29.669;25.419;0.0489;1282;1068.9;1;0.0221;0.0221;0;0;0;0;0;0;1.3482;1.2602;0;16.501;19.107;15.175;17.572;98.388;98.388;13.17;11.556;10.628;1.6143;0.9283;0.1226;0.0705;0.8069;6.0657;0.8058;0
22/04/21 08:00;21.933;-55.553;31.871;26.025;60;-90;-60;130.1;124.7;5.4032;7.2;3.14;0;12.285;92.522;3.0351;0;6.505;114.35;0;114.35;12.285;3.0351;92.522;6.505;0.1074;0.866;0;0.0569;96.7;17.646;0;0;11.591;6.0548;93.213;2.9077;0.026;0.0064;2.8463;0.029;96.12;0.5802;0.0737;0.0182;0.4856;0.0027;95.899;12.185;3.0104;77.598;0.4185;81.023;64.737;29.906;15.47;1.6416;23.614;2.6867;9.7856;0;1;0;0;0.8789;0.8457;1;1;0.8747;0.0692;0.9697;0.9979;1;0.9646;0.9351;0.994;0.994;1;0.994;0.994;0.8152;0.8387;0.0643;0.3254;0.3217;0.0019;0.0167;-0.0154;0.0022;0.0079;0.0044;0;0;0.088;0.2016;0;0;0;0;0;0;0;0;0;0;0;0;0.0064;0.0004;0.2971;0.2971;0;11.749;11.749;4.5487;0.0488;272.39;1090.6;1;0.0075;0.0075;0;0;0;0;0;0;0.2896;0.2016;0;17.167;19.879;11.648;13.488;97.472;97.472;2.7443;2.5052;1.6998;0.2391;0.8054;0.0871;0.2935;0.6194;80.571;0.5365;0
22/04/21 09:00;31.233;-42.866;38.809;41.714;48.286;-90;-48.286;558.71;92.203;466.51;9.2601;4.4799;0;701.08;25.658;92.258;0;18.694;837.69;0;837.69;701.08;92.258;25.658;18.694;0.8369;0.0529;0;0.0223;818.01;19.684;0;0;2.346;17.338;807.4;5.7066;4.3122;0.5675;0.7637;0.0632;813.1;4.9081;4.2065;0.5536;0.1399;0.0081;811.85;692.56;91.137;22.409;1.2848;222.08;177.44;70.188;2.0038;2.6397;37.97;4.4543;38.606;0;1;0;0;1.4993;0.9765;1;1;0.9086;0.0725;0.993;0.9938;1;0.967;0.9531;0.994;0.994;1;0.994;0.994;0.9638;0.8733;0.0687;2.384;2.3988;0.0144;-0.002;0.2044;0.0153;0.0542;0.0066;0;0;0.088;1.9273;0;0;0;0;0;0;0;0;0;0;0;0;0.0436;0.0134;2.0489;2.0489;0;49.323;49.323;40.063;0.0496;2067.1;991.19;1;0.0336;0.0336;0;0;0;0;0;0;2.0153;1.9273;0;16.162;18.715;15.203;17.605;98.362;98.362;20.105;17.278;16.253;2.8264;1.0251;0.1406;0.051;0.8084;19.699;0.7819;0
22/04/21 10:00;38.3;-27.204;44.264;59.934;30.066;-90;-30.066;439.39;253;186.39;12.54;4.9301;0;215.37;183.46;65.061;0;5.9119;469.8;0;469.8;215.37;65.061;183.46;5.9119;0.4584;0.4031;0;0.0126;456.5;13.302;0;0;8.1426;5.159;445.34;8.4247;2.0077;0.6065;5.6798;0.1307;453.76;2.739;1.2922;0.3904;1.0519;0.0045;447.09;212.07;64.064;168.59;0.6176;248.61;198.64;80.266;2.8004;2.8811;41.443;1.7493;41.524;0;1;0;0;1.0692;0.9717;1;1;0.9556;0.1273;0.9814;0.9906;1;0.9674;0.8253;0.994;0.994;1;0.994;0.994;0.9479;0.9189;0.1045;1.337;1.3622;0.0082;0.007;0.0452;0.0091;0.0323;0.0075;0;0;0.088;1.1146;0;0;0;0;0;0;0;0;0;0;0;0;0.026;0.0047;1.2221;1.2221;0;34.411;34.411;21.871;0.0491;1169.5;1044.9;1;0.0195;0.0195;0;0;0;0;0;0;1.2026;1.1146;0;17.189;19.904;15.678;18.154;98.408;98.408;11.275;10.306;9.3997;0.9694;0.9061;0.086;0.0804;0.8337;120.97;0.782;0
22/04/21 11:00;42.098;-8.6353;47.188;80.565;9.4352;-90;-9.4352;552.4;225.3;327.1;13.25;5.15;0;331.58;142.98;82.466;0;0.7473;557.77;0;557.77;331.58;82.466;142.98;0.7473;0.5945;0.2577;0;0.0013;556.22;1.5557;0;0;0.935;0.6207;542.47;10.411;3.6547;0.9089;5.8196;0.0282;552.88;3.3373;1.9895;0.4948;0.8523;0.0008;542.61;325.94;81.062;135.37;0.0976;324.15;259;103;0.0332;3.629;52.202;0.1362;55.798;0;1;0;0;1.0097;0.9972;1;1;0.9935;0.1695;0.9812;0.9889;1;0.9588;0.7756;0.994;0.994;1;0.994;0.994;0.9726;0.9468;0.1306;1.5874;1.657;0.01;0.0031;0.0873;0.0109;0.0386;0.0093;0;0;0.088;1.3489;0;0;0;0;0;0;0;0;0;0;0;0;0.0311;0.0067;1.4599;1.4599;0;39.99;39.99;26.74;0.0493;1423.5;1025.5;1;0.0229;0.0229;0;0;0;0;0;0;1.4369;1.3489;0;17.295;20.027;15.981;18.505;98.428;98.428;13.387;12.311;11.376;1.0753;0.9357;0.0803;0.0699;0.8498;85.59;0.7941;0
22/04/21 12:00;41.831;11.108;46.983;77.853;12.147;90;12.147;747.3;123.3;624;14.77;5.3301;0;638.29;37.504;87.327;0;1.6731;764.79;0;764.79;638.29;87.327;37.504;1.6731;0.8346;0.0512;0;0.0022;763.02;1.7682;0;0;0.3758;1.3923;749.01;9.433;6.9591;0.9521;1.4589;0.0629;758.44;4.5781;3.8297;0.524;0.2228;0.0017;749.36;627.5;85.851;35.447;0.2162;434.26;346.97;141.09;0.023;4.6581;67.005;0.3486;71.64;0;1;0;0;1.0234;0.9977;1;1;0.99;0.1678;0.9876;0.989;1;0.9605;0.7747;0.994;0.994;1;0.994;0.994;0.9794;0.9451;0.1292;2.1765;2.2782;0.0137;-0.0018;0.2164;0.0143;0.0509;0.0114;0;0;0.088;1.8011;0;0;0;0;0;0;0;0;0;0;0;0;0.041;0.0122;1.92;1.92;0;52.022;52.022;37.252;0.0497;1961.1;979.03;1;0.0309;0.0309;0;0;0;0;0;0;1.8891;1.8011;0;16.589;19.21;15.562;18.021;98.392;98.392;18.355;16.192;15.189;2.1633;1.0024;0.1179;0.0546;0.8275;22.612;0.7766;0
22/04/21 13:00;37.563;29.366;43.696;57.477;32.523;90;32.523;290.4;264.8;25.601;15.04;5.4801;0;30.362;236.45;9.7598;0;4.5543;281.13;0;281.13;30.362;9.7598;236.45;4.5543;0.108;0.8573;0;0.0162;265.16;15.966;0;0;11.925;4.041;255.9;7.6721;0.273;0.0878;7.2293;0.0821;263.57;1.591;0.1822;0.0586;1.3472;0.0031;257.36;29.907;9.6135;215.95;0.4282;176.04;140.66;57.593;4.7336;2.1697;31.211;1.4619;28.647;0;1;0;0;0.9681;0.9432;1;1;0.9496;0.1127;0.9709;0.991;1;0.9676;0.8392;0.994;0.994;1;0.994;0.994;0.9103;0.9133;0.094;0.8001;0.7988;0.0048;0.0148;0.0073;0.0054;0.0192;0.0057;0;0;0.088;0.6241;0;0;0;0;0;0;0;0;0;0;0;0;0.0154;0.0018;0.7244;0.7244;0;27.581;27.581;12.541;0.049;682.42;1061.5;1;0.0123;0.0123;0;0;0;0;0;0;0.7121;0.6241;0;17.027;19.717;14.669;16.986;98.301;98.301;6.7471;6.1088;5.263;0.6383;0.8459;0.0946;0.1254;0.78;158.67;0.7202;0
22/04/21 14:00;30.157;44.627;37.978;39.593;50.407;90;50.407;209.39;199.7;9.6934;15.22;5.62;0;15.209;161.15;4.4741;0;7.5939;188.43;0;188.43;15.209;4.4741;161.15;7.5939;0.0807;0.8955;0;0.0403;165.6;22.832;0;0;15.736;7.0959;159.67;4.9384;0.0862;0.0254;4.8055;0.0213;164.6;0.9936;0.0913;0.0268;0.8725;0.003;162.63;15.032;4.4219;139.74;0.4737;130.8;104.51;45.987;14.579;2.1235;30.545;2.9686;18.09;0;1;0;0;0.8999;0.8788;1;1;0.9024;0.0656;0.97;0.9943;1;0.9668;0.9569;0.994;0.994;1;0.994;0.994;0.8474;0.8671;0.0624;0.5363;0.5265;0.0032;0.0171;-0.0037;0.0036;0.0127;0.0056;0;0;0.088;0.3799;0;0;0;0;0;0;0;0;0;0;0;0;0.0102;0.0009;0.477;0.477;0;23.045;23.045;7.8252;0.049;448.5;1063.6;1;0.0091;0.0091;0;0;0;0;0;0;0.4679;0.3799;0;16.728;19.371;13.321;15.426;98.083;98.083;4.5223;4.0227;3.2034;0.4996;0.8192;0.1105;0.1812;0.7084;126.33;0.6317;0
22/04/21 15:00;20.639;56.984;31.255;24.189;59.408;90;59.408;126.6;123.6;3.0039;15.3;4.98;0;7.2853;92.663;1.8905;0;6.2173;108.06;0;108.06;7.2853;1.8905;92.663;6.2173;0.0674;0.9151;0;0.0575;90.755;17.301;0;0;11.483;5.8184;87.327;2.883;0.0128;0.0033;2.8413;0.0256;90.21;0.5445;0.0437;0.0113;0.4871;0.0024;89.925;7.2288;1.8759;77.851;0.3709;80.129;64.023;29.502;14.953;1.6058;23.099;2.5979;9.7515;0;1;0;0;0.8535;0.8399;1;1;0.8761;0.0642;0.968;0.9982;1;0.9648;0.9356;0.994;0.994;1;0.994;0.994;0.8082;0.8402;0.0597;0.3075;0.3035;0.0018;0.0166;-0.006;0.002;0.0072;0.0042;0;0;0.088;0.1766;0;0;0;0;0;0;0;0;0;0;0;0;0.0058;0.0004;0.2715;0.2715;0;19.593;19.593;4.2927;0.0492;257.26;1055.3;1;0.0069;0.0069;0;0;0;0;0;0;0.2646;0.1766;0;16.602;19.224;10.797;12.503;97.45;97.45;2.5933;2.2894;1.4889;0.3039;0.8005;0.1172;0.3087;0.5741;80.11;0.4949;0
22/04/21 16:00;9.7977;67.215;65.625;10.609;15.911;90;15.911;48.895;48.1;0.7949;15;3.1801;0;1.9277;47.016;0.4032;0;0.1873;49.534;0;49.534;1.9277;0.4032;47.016;0.1873;0.0389;0.9529;0;0.0038;48.636;0.8984;0;0;0.7422;0.1562;46.476;1.8676;0.1277;0.0267;1.7062;0.007;48.344;0.2918;0.0116;0.0024;0.2776;0.0002;46.518;1.7884;0.3741;44.29;0.024;28.712;22.941;8.8926;0.075;0.3411;4.9069;0.0421;5.173;0;1;0;0;1.0131;0.9819;1;1;0.9842;0.1663;0.9614;0.9333;1;0.9629;0.7755;0.994;0.994;1;0.994;0.994;0.9383;0.942;0.1282;0.141;0.1429;0.0009;0.013;-0.004;0.0009;0.0033;0.0009;0;0;0.088;0.0319;0;0;0;0;0;0;0;0;0;0;0;0;0.0027;0.0001;0.1252;0.1252;0;17.297;17.297;2.2968;0.0494;120.58;1038.6;1;0.0053;0.0053;0;0;0;0;0;0;0.1199;0.0319;0;16.705;19.344;4.255;4.9272;95.744;95.744;1.1888;1.056;0.269;0.1328;0.7871;0.1117;0.6621;0.2263;28.708;0.2106;0
22/04/21 17:00;2.1025;73.268;84.895;2.1953;3.1353;90;3.1353;0;0;0;14.3;3.0101;0;0;0;0;0;0;0;0;0;0;0;0;0;1;1;1;1;0;0;0;0;0;0;0;0;0;0;0;0;0;0;0;0;0;0;0;0;0;0;0;0;0;0;0;0;0;0;0;0;0;0;0;1;1;1;1;1;1;1;1;1;1;1;1;1;1;1;1;1;1;1;0;0;0;0;0;0;0;0;0;0.0004;0.088;-0.0884;0;0;0;0;0;0;0;0;0;0;0;0;0;0;0;0;0;0;0;-14.3;0;0;0;0;0.0004;0;0;0;0;0;0;0;-0.0004;-0.0884;0;0;0;0;0;0;0;0;0;-0.7452;0;0.7452;1;1;0;0;0;0
22/04/21 18:00;0;0;90;0;0;90;0;0;0;0;13.05;2.9301;0;0;0;0;0;0;0;0;0;0;0;0;0;1;1;1;1;0;0;0;0;0;0;0;0;0;0;0;0;0;0;0;0;0;0;0;0;0;0;0;0;0;0;0;0;0;0;0;0;0;0;0;1;1;1;1;1;1;1;1;1;1;1;1;1;1;1;1;1;1;1;0;0;0;0;0;0;0;0;0;0.0004;0.088;-0.0884;0;0;0;0;0;0;0;0;0;0;0;0;0;0;0;0;0;0;0;-13.05;0;0;0;0;0.0004;0;0;0;0;0;0;0;-0.0004;-0.0884;0;0;0;0;0;0;0;0;0;-0.7452;0;0.7452;1;1;0;0;0;0
22/04/21 19:00;0;0;90;0;0;90;0;0;0;0;12.49;2.89;0;0;0;0;0;0;0;0;0;0;0;0;0;1;1;1;1;0;0;0;0;0;0;0;0;0;0;0;0;0;0;0;0;0;0;0;0;0;0;0;0;0;0;0;0;0;0;0;0;0;0;0;1;1;1;1;1;1;1;1;1;1;1;1;1;1;1;1;1;1;1;0;0;0;0;0;0;0;0;0;0.0004;0.088;-0.0884;0;0;0;0;0;0;0;0;0;0;0;0;0;0;0;0;0;0;0;-12.49;0;0;0;0;0.0004;0;0;0;0;0;0;0;-0.0004;-0.0884;0;0;0;0;0;0;0;0;0;-0.7452;0;0.7452;1;1;0;0;0;0
22/04/21 20:00;0;0;90;0;0;90;0;0;0;0;12.19;2.81;0;0;0;0;0;0;0;0;0;0;0;0;0;1;1;1;1;0;0;0;0;0;0;0;0;0;0;0;0;0;0;0;0;0;0;0;0;0;0;0;0;0;0;0;0;0;0;0;0;0;0;0;1;1;1;1;1;1;1;1;1;1;1;1;1;1;1;1;1;1;1;0;0;0;0;0;0;0;0;0;0.0004;0.088;-0.0884;0;0;0;0;0;0;0;0;0;0;0;0;0;0;0;0;0;0;0;-12.19;0;0;0;0;0.0004;0;0;0;0;0;0;0;-0.0004;-0.0884;0;0;0;0;0;0;0;0;0;-0.7452;0;0.7452;1;1;0;0;0;0
22/04/21 21:00;0;0;90;0;0;90;0;0;0;0;12.6;2.74;0;0;0;0;0;0;0;0;0;0;0;0;0;1;1;1;1;0;0;0;0;0;0;0;0;0;0;0;0;0;0;0;0;0;0;0;0;0;0;0;0;0;0;0;0;0;0;0;0;0;0;0;1;1;1;1;1;1;1;1;1;1;1;1;1;1;1;1;1;1;1;0;0;0;0;0;0;0;0;0;0.0004;0.088;-0.0884;0;0;0;0;0;0;0;0;0;0;0;0;0;0;0;0;0;0;0;-12.6;0;0;0;0;0.0004;0;0;0;0;0;0;0;-0.0004;-0.0884;0;0;0;0;0;0;0;0;0;-0.7452;0;0.7452;1;1;0;0;0;0
22/04/21 22:00;0;0;90;0;0;90;0;0;0;0;10.95;2.76;0;0;0;0;0;0;0;0;0;0;0;0;0;1;1;1;1;0;0;0;0;0;0;0;0;0;0;0;0;0;0;0;0;0;0;0;0;0;0;0;0;0;0;0;0;0;0;0;0;0;0;0;1;1;1;1;1;1;1;1;1;1;1;1;1;1;1;1;1;1;1;0;0;0;0;0;0;0;0;0;0.0004;0.088;-0.0884;0;0;0;0;0;0;0;0;0;0;0;0;0;0;0;0;0;0;0;-10.95;0;0;0;0;0.0004;0;0;0;0;0;0;0;-0.0004;-0.0884;0;0;0;0;0;0;0;0;0;-0.7452;0;0.7452;1;1;0;0;0;0
22/04/21 23:00;0;0;90;0;0;90;0;0;0;0;9.9003;2.74;0;0;0;0;0;0;0;0;0;0;0;0;0;1;1;1;1;0;0;0;0;0;0;0;0;0;0;0;0;0;0;0;0;0;0;0;0;0;0;0;0;0;0;0;0;0;0;0;0;0;0;0;1;1;1;1;1;1;1;1;1;1;1;1;1;1;1;1;1;1;1;0;0;0;0;0;0;0;0;0;0.0004;0.088;-0.0884;0;0;0;0;0;0;0;0;0;0;0;0;0;0;0;0;0;0;0;-9.9003;0;0;0;0;0.0004;0;0;0;0;0;0;0;-0.0004;-0.0884;0;0;0;0;0;0;0;0;0;-0.7452;0;0.7452;1;1;0;0;0;0
23/04/21 00:00;0;0;90;0;0;90;0;0;0;0;11.1;2.68;0;0;0;0;0;0;0;0;0;0;0;0;0;1;1;1;1;0;0;0;0;0;0;0;0;0;0;0;0;0;0;0;0;0;0;0;0;0;0;0;0;0;0;0;0;0;0;0;0;0;0;0;1;1;1;1;1;1;1;1;1;1;1;1;1;1;1;1;1;1;1;0;0;0;0;0;0;0;0;0;0.0004;0.088;-0.0884;0;0;0;0;0;0;0;0;0;0;0;0;0;0;0;0;0;0;0;-11.1;0;0;0;0;0.0004;0;0;0;0;0;0;0;-0.0004;-0.0884;0;0;0;0;0;0;0;0;0;-0.7452;0;0.7452;1;1;0;0;0;0
23/04/21 01:00;0;0;90;0;0;90;0;0;0;0;10.07;2.6201;0;0;0;0;0;0;0;0;0;0;0;0;0;1;1;1;1;0;0;0;0;0;0;0;0;0;0;0;0;0;0;0;0;0;0;0;0;0;0;0;0;0;0;0;0;0;0;0;0;0;0;0;1;1;1;1;1;1;1;1;1;1;1;1;1;1;1;1;1;1;1;0;0;0;0;0;0;0;0;0;0.0004;0.088;-0.0884;0;0;0;0;0;0;0;0;0;0;0;0;0;0;0;0;0;0;0;-10.07;0;0;0;0;0.0004;0;0;0;0;0;0;0;-0.0004;-0.0884;0;0;0;0;0;0;0;0;0;-0.7452;0;0.7452;1;1;0;0;0;0
23/04/21 02:00;0;0;90;0;0;90;0;0;0;0;9.4802;2.5401;0;0;0;0;0;0;0;0;0;0;0;0;0;1;1;1;1;0;0;0;0;0;0;0;0;0;0;0;0;0;0;0;0;0;0;0;0;0;0;0;0;0;0;0;0;0;0;0;0;0;0;0;1;1;1;1;1;1;1;1;1;1;1;1;1;1;1;1;1;1;1;0;0;0;0;0;0;0;0;0;0.0004;0.088;-0.0884;0;0;0;0;0;0;0;0;0;0;0;0;0;0;0;0;0;0;0;-9.4802;0;0;0;0;0.0004;0;0;0;0;0;0;0;-0.0004;-0.0884;0;0;0;0;0;0;0;0;0;-0.7452;0;0.7452;1;1;0;0;0;0
23/04/21 03:00;0;0;90;0;0;90;0;0;0;0;10.39;2.3701;0;0;0;0;0;0;0;0;0;0;0;0;0;1;1;1;1;0;0;0;0;0;0;0;0;0;0;0;0;0;0;0;0;0;0;0;0;0;0;0;0;0;0;0;0;0;0;0;0;0;0;0;1;1;1;1;1;1;1;1;1;1;1;1;1;1;1;1;1;1;1;0;0;0;0;0;0;0;0;0;0.0004;0.088;-0.0884;0;0;0;0;0;0;0;0;0;0;0;0;0;0;0;0;0;0;0;-10.39;0;0;0;0;0.0004;0;0;0;0;0;0;0;-0.0004;-0.0884;0;0;0;0;0;0;0;0;0;-0.7452;0;0.7452;1;1;0;0;0;0
23/04/21 04:00;0;0;90;0;0;90;0;0;0;0;10.28;2.19;0;0;0;0;0;0;0;0;0;0;0;0;0;1;1;1;1;0;0;0;0;0;0;0;0;0;0;0;0;0;0;0;0;0;0;0;0;0;0;0;0;0;0;0;0;0;0;0;0;0;0;0;1;1;1;1;1;1;1;1;1;1;1;1;1;1;1;1;1;1;1;0;0;0;0;0;0;0;0;0;0.0004;0.088;-0.0884;0;0;0;0;0;0;0;0;0;0;0;0;0;0;0;0;0;0;0;-10.28;0;0;0;0;0.0004;0;0;0;0;0;0;0;-0.0004;-0.0884;0;0;0;0;0;0;0;0;0;-0.7452;0;0.7452;1;1;0;0;0;0
23/04/21 05:00;0;0;90;0;0;90;0;0;0;0;10.35;2.1401;0;0;0;0;0;0;0;0;0;0;0;0;0;1;1;1;1;0;0;0;0;0;0;0;0;0;0;0;0;0;0;0;0;0;0;0;0;0;0;0;0;0;0;0;0;0;0;0;0;0;0;0;1;1;1;1;1;1;1;1;1;1;1;1;1;1;1;1;1;1;1;0;0;0;0;0;0;0;0;0;0.0004;0.088;-0.0884;0;0;0;0;0;0;0;0;0;0;0;0;0;0;0;0;0;0;0;-10.35;0;0;0;0;0.0004;0;0;0;0;0;0;0;-0.0004;-0.0884;0;0;0;0;0;0;0;0;0;-0.7452;0;0.7452;1;1;0;0;0;0
23/04/21 06:00;2.6456;-72.445;83.573;2.7746;3.9676;-90;-3.9676;1.7972;1.7972;0;10.25;2.82;0;0;1.795;0;0;0.0004;1.7955;1.7955;0;0;0;0;0;1;1;1;1;0;0;0;0;0;0;0;0;0;0;0;0;0;0;0;0;0;0;0;0;0;0;0;0;0;0;0;0;0;0;0;0;0;0;0;0;1;1;1;1;1;1;1;1;1;1;1;1;1;0;0;1;0;0;0;0;0;0;0;0;0;0;0;0.0004;0.088;-0.0884;0;0;0;0;0;0;0;0;0;0;0;0;0;0;0;0;0;0;0;-10.25;0;0;0;0;0.0004;0;0;0;0;0;0;0;-0.0004;-0.0884;0;0;0;0;0;0;0;0;0;-0.7452;0;0.7452;1;1;0;0;0;0
23/04/21 07:00;11.047;-65.716;62.308;12.089;18.437;-90;-18.437;80.092;68.302;11.79;11.32;3.0399;0;28.593;63.518;7.5467;0;0.4111;100.07;0;100.07;28.593;7.5467;63.518;0.4111;0.2857;0.6389;0;0.0041;98.445;1.6229;0;0;1.2805;0.3424;93.96;3.8952;1.3327;0.3518;2.1955;0.0151;97.855;0.5907;0.1716;0.0453;0.3734;0.0004;94.042;27.089;7.1497;59.668;0.0532;39.258;31.367;12.201;0.1704;0.4681;6.733;0.0828;7.0306;0;1;0;0;1.2494;0.9838;1;1;0.9798;0.1672;0.9602;0.9531;1;0.9645;0.7784;0.994;0.994;1;0.994;0.994;0.939;0.9394;0.1293;0.2848;0.2825;0.0017;0.0163;-0.0093;0.0019;0.0068;0.0012;0;0;0.088;0.1631;0;0;0;0;0;0;0;0;0;0;0;0;0.0055;0.0003;0.2581;0.2581;0;15.921;15.921;4.6009;0.049;240.44;1073.5;1;0.007;0.007;0;0;0;0;0;0;0.2511;0.1631;0;17.044;19.737;10.77;12.472;97.284;97.284;2.4016;2.1767;1.3755;0.2249;0.8012;0.0937;0.3336;0.5727;39.185;0.5453;0
23/04/21 08:00;21.724;-55.269;32.194;25.865;60;-90;-60;294.89;98.303;196.59;12.94;4.36;0;449.47;44.733;88.386;0;14.745;597.33;0;597.33;449.47;88.386;44.733;14.745;0.7525;0.0996;0;0.0247;578;19.328;0;0;5.6043;13.724;571.85;2.6819;1.0362;0.2038;1.3761;0.0658;574.53;3.468;2.6968;0.5303;0.2348;0.0061;573.79;445.73;87.652;37.518;0.9486;53.523;42.765;19.345;7.4822;0.9332;13.424;1.9433;6.8746;0;1;0;0;2.0256;0.9676;1;1;0.8747;0.0692;0.9953;0.9977;1;0.9646;0.9351;0.994;0.994;1;0.994;0.994;0.9573;0.8387;0.0643;1.7;1.6686;0.01;0.003;0.0948;0.0109;0.0387;0.0024;0;0;0.088;1.3595;0;0;0;0;0;0;0;0;0;0;0;0;0.0312;0.0068;1.4706;1.4706;0;41.149;41.149;28.209;0.0493;1436.9;1023.4;1;0.0231;0.0231;0;0;0;0;0;0;1.4475;1.3595;0;16.269;18.839;15.04;17.416;98.428;98.428;14.336;12.402;11.465;1.9338;0.9371;0.1349;0.0654;0.7997;38.955;0.7865;0
23/04/21 09:00;30.986;-42.599;39.128;41.58;48.42;-90;-48.42;503.5;87.5;416;14.62;5.2401;0;626.83;29.237;78.884;0;16.935;751.89;0;751.89;626.83;78.884;29.237;16.935;0.8337;0.0614;0;0.0225;733.5;18.393;0;0;2.684;15.709;723.7;5.3989;3.972;0.4999;0.8704;0.0567;729.1;4.401;3.761;0.4733;0.1593;0.0074;727.77;619.1;77.91;25.523;1.1619;201.27;160.82;63.716;2.3042;2.4172;34.771;4.0734;34.884;0;1;0;0;1.4933;0.9755;1;1;0.9082;0.0724;0.9926;0.9936;1;0.967;0.9535;0.994;0.994;1;0.994;0.994;0.9625;0.873;0.0686;2.1398;2.1519;0.013;-0.0013;0.1935;0.0136;0.0483;0.006;0;0;0.088;1.7116;0;0;0;0;0;0;0;0;0;0;0;0;0.0389;0.0109;1.8289;1.8289;0;50.573;50.573;35.952;0.0497;1854.1;986.4;1;0.0293;0.0293;0;0;0;0;0;0;1.7996;1.7116;0;16.073;18.612;15.042;17.418;98.399;98.399;18.045;15.423;14.434;2.6224;0.989;0.1453;0.0548;0.7999;22.475;0.7731;0
23/04/21 10:00;38.01;-26.987;44.596;59.86;30.14;-90;-30.14;404.31;267.2;137.11;16.23;5.3399;0;158.54;208.07;50.936;0;5.4662;423.01;0;423.01;158.54;50.936;208.07;5.4662;0.3748;0.5048;0;0.0129;408.97;14.043;0;0;9.2713;4.7718;397.96;8.5524;1.5085;0.4847;6.439;0.1203;406.51;2.4538;0.9512;0.3056;1.1928;0.0042;399.59;156.08;50.146;191.16;0.57;232.48;185.75;75.501;3.2031;2.7032;38.885;1.6264;38.385;0;1;0;0;1.0463;0.9668;1;1;0.9554;0.127;0.979;0.9904;1;0.9674;0.8258;0.994;0.994;1;0.994;0.994;0.9408;0.9188;0.1043;1.2039;1.2211;0.0074;0.009;0.0468;0.0081;0.0287;0.007;0;0;0.088;0.9818;0;0;0;0;0;0;0;0;0;0;0;0;0.0232;0.0038;1.0871;1.0871;0;35.809;35.809;19.579;0.0492;1048.3;1037;1;0.0173;0.0173;0;0;0;0;0;0;1.0698;0.9818;0;16.982;19.665;15.337;17.76;98.408;98.408;10.152;9.1679;8.2798;0.9843;0.8881;0.097;0.0875;0.8156;137.27;0.7631;0
23/04/21 11:00;41.774;-8.5164;47.524;80.587;9.4132;-90;-9.4132;556.89;216.1;340.79;16.01;5.29;0;345.44;133.35;82.97;0;0.7499;562.51;0;562.51;345.44;82.97;133.35;0.7499;0.6141;0.2384;0;0.0013;561.02;1.4915;0;0;0.8686;0.6228;547.39;10.263;3.8749;0.9307;5.4294;0.0283;557.65;3.3661;2.0727;0.4978;0.7949;0.0008;547.52;339.49;81.542;126.25;0.098;326.68;261.02;103.9;0.0307;3.651;52.518;0.1369;56.138;0;1;0;0;1.0101;0.9973;1;1;0.9935;0.1695;0.9816;0.9887;1;0.9588;0.7756;0.994;0.994;1;0.994;0.994;0.9731;0.9468;0.1306;1.6009;1.6717;0.0101;0.003;0.1063;0.0109;0.0385;0.0093;0;0;0.088;1.3452;0;0;0;0;0;0;0;0;0;0;0;0;0.031;0.0068;1.4558;1.4558;0;43.06;43.06;27.05;0.0494;1436.4;1013.5;1;0.0227;0.0227;0;0;0;0;0;0;1.4332;1.3452;0;17.102;19.804;15.802;18.298;98.443;98.443;13.5;12.277;11.344;1.2231;0.9332;0.0906;0.0691;0.8403;79.82;0.7854;0
23/04/21 12:00;41.495;11.098;47.307;77.723;12.277;90;12.277;640.4;147.7;492.7;16.76;5.2699;0;504.23;65.615;83.229;0;1.4645;654.54;0;654.54;504.23;83.229;65.615;1.4645;0.7704;0.1025;0;0.0022;652.65;1.8882;0;0;0.6694;1.2188;639.62;9.1173;5.5927;0.9231;2.5465;0.055;648.74;3.9159;3.0254;0.4994;0.3897;0.0015;639.93;495.62;81.807;62.01;0.1892;372.57;297.68;120.69;0.0415;4.021;57.84;0.3056;61.82;0;1;0;0;1.0221;0.9971;1;1;0.9898;0.1678;0.9859;0.9888;1;0.9606;0.7747;0.994;0.994;1;0.994;0.994;0.9772;0.945;0.1292;1.8628;1.9467;0.0117;0.0002;0.161;0.0124;0.044;0.01;0;0;0.088;1.5487;0;0;0;0;0;0;0;0;0;0;0;0;0.0355;0.009;1.6629;1.6629;0;48.491;48.491;31.731;0.0496;1673.2;993.88;1;0.0263;0.0263;0;0;0;0;0;0;1.6367;1.5487;0;16.788;19.44;15.635;18.105;98.421;98.421;15.709;14.024;13.06;1.6853;0.9636;0.1073;0.0613;0.8314;39.575;0.7798;0
23/04/21 13:00;37.24;29.249;43.996;57.268;32.732;90;32.732;470.9;248.8;222.1;17.36;5.1899;0;264.02;166.81;80.375;0;7.4776;518.68;0;518.68;264.02;80.375;166.81;7.4776;0.509;0.336;0;0.0144;503.54;15.14;0;0;8.4983;6.6414;492.14;8.3846;2.4202;0.7368;5.0953;0.1324;500.52;3.0212;1.5841;0.4822;0.9498;0.005;494.37;260.02;79.156;152.26;0.6988;260.51;208.15;85.255;3.4148;2.9756;42.803;2.2326;42.364;0;1;0;0;1.1015;0.9708;1;1;0.9491;0.1118;0.9832;0.9908;1;0.9676;0.8407;0.994;0.994;1;0.994;0.994;0.9488;0.9128;0.0934;1.4761;1.5002;0.009;0.0051;0.0883;0.0098;0.0347;0.0076;0;0;0.088;1.2038;0;0;0;0;0;0;0;0;0;0;0;0;0.028;0.0056;1.3121;1.3121;0;41.663;41.663;24.303;0.0494;1289.6;1017.5;1;0.0203;0.0203;0;0;0;0;0;0;1.2918;1.2038;0;16.716;19.357;15.336;17.759;98.449;98.449;12.448;11.065;10.152;1.3831;0.9137;0.1111;0.0734;0.8155;112.11;0.768;0
23/04/21 14:00;29.86;44.446;38.253;39.347;50.653;90;50.653;228.5;212.8;15.694;17.99;4.97;0;24.753;169.8;7.8335;0;8.3626;210.75;0;210.75;24.753;7.8335;169.8;8.3626;0.1174;0.8454;0;0.0397;186.24;24.514;0;0;16.698;7.8158;179.84;5.2785;0.1443;0.0457;5.0654;0.0232;185.12;1.1174;0.1485;0.047;0.9186;0.0033;183.06;24.46;7.7409;147.12;0.5202;140.73;112.45;49.464;15.624;2.2818;32.822;3.2209;19.48;0;1;0;0;0.9223;0.8837;1;1;0.9017;0.0654;0.9715;0.9941;1;0.9667;0.9572;0.994;0.994;1;0.994;0.994;0.8533;0.8664;0.0622;0.5998;0.5895;0.0036;0.0168;0.0039;0.004;0.014;0.006;0;0;0.088;0.4314;0;0;0;0;0;0;0;0;0;0;0;0;0.0113;0.0011;0.529;0.529;0;26.823;26.823;8.8329;0.0491;502.6;1052.5;1;0.0096;0.0096;0;0;0;0;0;0;0.5194;0.4314;0;16.586;19.207;13.527;15.664;98.188;98.188;5.0581;4.4611;3.6382;0.5969;0.823;0.118;0.1627;0.7193;133.44;0.6442;0
23/04/21 15:00;20.369;56.771;32.419;23.934;55.774;90;55.774;186.91;166.6;20.309;17.69;4.35;0;49.255;124.53;17.456;0;8.1779;199.42;0;199.42;49.255;17.456;124.53;8.1779;0.247;0.6655;0;0.041;177.68;21.742;0;0;14.082;7.6607;172.66;3.9496;0.12;0.0425;3.7627;0.0244;176.61;1.0661;0.2955;0.1047;0.6627;0.0031;175.59;48.84;17.309;106.02;0.4897;103.44;82.648;37.432;16.06;1.9046;27.397;2.9306;13.241;0;1;0;0;1.0669;0.891;1;1;0.8869;0.0632;0.9776;0.9975;1;0.9657;0.9526;0.994;0.994;1;0.994;0.994;0.8658;0.8514;0.0599;0.5675;0.5573;0.0034;0.0169;0.0023;0.0037;0.0133;0.005;0;0;0.088;0.4036;0;0;0;0;0;0;0;0;0;0;0;0;0.0107;0.001;0.5009;0.5009;0;26.168;26.168;8.4784;0.0491;475.34;1053.9;1;0.0093;0.0093;0;0;0;0;0;0;0.4916;0.4036;0;16.6;19.222;13.375;15.488;98.143;98.143;4.786;4.2246;3.404;0.5615;0.8206;0.1173;0.1714;0.7112;103.3;0.6449;0
23/04/21 16:00;9.5496;66.985;66.274;10.358;15.495;90;15.495;45.809;45.2;0.6087;15.65;2.7899;0;1.4762;44.258;0.2978;0;0.1665;46.198;0;46.198;1.4762;0.2978;44.258;0.1665;0.032;0.9616;0;0.0036;45.391;0.807;0;0;0.6683;0.1388;43.368;1.7513;0.1051;0.0212;1.6189;0.0062;45.119;0.2723;0.0089;0.0018;0.2615;0.0002;43.405;1.3622;0.2748;41.709;0.0214;26.985;21.561;8.351;0.0643;0.3206;4.6122;0.037;4.8686;0;1;0;0;1.0085;0.9825;1;1;0.9849;0.1666;0.9612;0.9284;1;0.9626;0.7754;0.994;0.994;1;0.994;0.994;0.9387;0.9424;0.1284;0.1315;0.1334;0.0008;0.0126;-0.0035;0.0009;0.0031;0.0008;0;0;0.088;0.0232;0;0;0;0;0;0;0;0;0;0;0;0;0.0025;0.0001;0.1162;0.1162;0;17.796;17.796;2.146;0.0495;112.45;1033.4;1;0.005;0.005;0;0;0;0;0;0;0.1112;0.0232;0;16.621;19.247;3.3131;3.8365;95.66;95.66;1.1088;0.98;0.1953;0.1288;0.7846;0.1161;0.7077;0.1762;26.982;0.1639;0
23/04/21 17:00;1.8657;73.029;85.471;1.9505;2.7845;90;2.7845;0;0;0;14.51;2.75;0;0;0;0;0;0;0;0;0;0;0;0;0;1;1;1;1;0;0;0;0;0;0;0;0;0;0;0;0;0;0;0;0;0;0;0;0;0;0;0;0;0;0;0;0;0;0;0;0;0;0;0;1;1;1;1;1;1;1;1;1;1;1;1;1;1;1;1;1;1;1;0;0;0;0;0;0;0;0;0;0.0004;0.088;-0.0884;0;0;0;0;0;0;0;0;0;0;0;0;0;0;0;0;0;0;0;-14.51;0;0;0;0;0.0004;0;0;0;0;0;0;0;-0.0004;-0.0884;0;0;0;0;0;0;0;0;0;-0.7452;0;0.7452;1;1;0;0;0;0
23/04/21 18:00;0;0;90;0;0;90;0;0;0;0;12.91;2.67;0;0;0;0;0;0;0;0;0;0;0;0;0;1;1;1;1;0;0;0;0;0;0;0;0;0;0;0;0;0;0;0;0;0;0;0;0;0;0;0;0;0;0;0;0;0;0;0;0;0;0;0;1;1;1;1;1;1;1;1;1;1;1;1;1;1;1;1;1;1;1;0;0;0;0;0;0;0;0;0;0.0004;0.088;-0.0884;0;0;0;0;0;0;0;0;0;0;0;0;0;0;0;0;0;0;0;-12.91;0;0;0;0;0.0004;0;0;0;0;0;0;0;-0.0004;-0.0884;0;0;0;0;0;0;0;0;0;-0.7452;0;0.7452;1;1;0;0;0;0
23/04/21 19:00;0;0;90;0;0;90;0;0;0;0;12.32;2.59;0;0;0;0;0;0;0;0;0;0;0;0;0;1;1;1;1;0;0;0;0;0;0;0;0;0;0;0;0;0;0;0;0;0;0;0;0;0;0;0;0;0;0;0;0;0;0;0;0;0;0;0;1;1;1;1;1;1;1;1;1;1;1;1;1;1;1;1;1;1;1;0;0;0;0;0;0;0;0;0;0.0004;0.088;-0.0884;0;0;0;0;0;0;0;0;0;0;0;0;0;0;0;0;0;0;0;-12.32;0;0;0;0;0.0004;0;0;0;0;0;0;0;-0.0004;-0.0884;0;0;0;0;0;0;0;0;0;-0.7452;0;0.7452;1;1;0;0;0;0
23/04/21 20:00;0;0;90;0;0;90;0;0;0;0;11.18;2.5;0;0;0;0;0;0;0;0;0;0;0;0;0;1;1;1;1;0;0;0;0;0;0;0;0;0;0;0;0;0;0;0;0;0;0;0;0;0;0;0;0;0;0;0;0;0;0;0;0;0;0;0;1;1;1;1;1;1;1;1;1;1;1;1;1;1;1;1;1;1;1;0;0;0;0;0;0;0;0;0;0.0004;0.088;-0.0884;0;0;0;0;0;0;0;0;0;0;0;0;0;0;0;0;0;0;0;-11.18;0;0;0;0;0.0004;0;0;0;0;0;0;0;-0.0004;-0.0884;0;0;0;0;0;0;0;0;0;-0.7452;0;0.7452;1;1;0;0;0;0
23/04/21 21:00;0;0;90;0;0;90;0;0;0;0;9.8199;2.3701;0;0;0;0;0;0;0;0;0;0;0;0;0;1;1;1;1;0;0;0;0;0;0;0;0;0;0;0;0;0;0;0;0;0;0;0;0;0;0;0;0;0;0;0;0;0;0;0;0;0;0;0;1;1;1;1;1;1;1;1;1;1;1;1;1;1;1;1;1;1;1;0;0;0;0;0;0;0;0;0;0.0004;0.088;-0.0884;0;0;0;0;0;0;0;0;0;0;0;0;0;0;0;0;0;0;0;-9.8199;0;0;0;0;0.0004;0;0;0;0;0;0;0;-0.0004;-0.0884;0;0;0;0;0;0;0;0;0;-0.7452;0;0.7452;1;1;0;0;0;0
23/04/21 22:00;0;0;90;0;0;90;0;0;0;0;8.5003;2.21;0;0;0;0;0;0;0;0;0;0;0;0;0;1;1;1;1;0;0;0;0;0;0;0;0;0;0;0;0;0;0;0;0;0;0;0;0;0;0;0;0;0;0;0;0;0;0;0;0;0;0;0;1;1;1;1;1;1;1;1;1;1;1;1;1;1;1;1;1;1;1;0;0;0;0;0;0;0;0;0;0.0004;0.088;-0.0884;0;0;0;0;0;0;0;0;0;0;0;0;0;0;0;0;0;0;0;-8.5003;0;0;0;0;0.0004;0;0;0;0;0;0;0;-0.0004;-0.0884;0;0;0;0;0;0;0;0;0;-0.7452;0;0.7452;1;1;0;0;0;0
23/04/21 23:00;0;0;90;0;0;90;0;0;0;0;7.2499;2.0099;0;0;0;0;0;0;0;0;0;0;0;0;0;1;1;1;1;0;0;0;0;0;0;0;0;0;0;0;0;0;0;0;0;0;0;0;0;0;0;0;0;0;0;0;0;0;0;0;0;0;0;0;1;1;1;1;1;1;1;1;1;1;1;1;1;1;1;1;1;1;1;0;0;0;0;0;0;0;0;0;0.0004;0.088;-0.0884;0;0;0;0;0;0;0;0;0;0;0;0;0;0;0;0;0;0;0;-7.2499;0;0;0;0;0.0004;0;0;0;0;0;0;0;-0.0004;-0.0884;0;0;0;0;0;0;0;0;0;-0.7452;0;0.7452;1;1;0;0;0;0
24/04/21 00:00;0;0;90;0;0;90;0;0;0;0;6.7899;1.9299;0;0;0;0;0;0;0;0;0;0;0;0;0;1;1;1;1;0;0;0;0;0;0;0;0;0;0;0;0;0;0;0;0;0;0;0;0;0;0;0;0;0;0;0;0;0;0;0;0;0;0;0;1;1;1;1;1;1;1;1;1;1;1;1;1;1;1;1;1;1;1;0;0;0;0;0;0;0;0;0;0.0004;0.088;-0.0884;0;0;0;0;0;0;0;0;0;0;0;0;0;0;0;0;0;0;0;-6.7899;0;0;0;0;0.0004;0;0;0;0;0;0;0;-0.0004;-0.0884;0;0;0;0;0;0;0;0;0;-0.7452;0;0.7452;1;1;0;0;0;0
24/04/21 01:00;0;0;90;0;0;90;0;0;0;0;6.2999;1.94;0;0;0;0;0;0;0;0;0;0;0;0;0;1;1;1;1;0;0;0;0;0;0;0;0;0;0;0;0;0;0;0;0;0;0;0;0;0;0;0;0;0;0;0;0;0;0;0;0;0;0;0;1;1;1;1;1;1;1;1;1;1;1;1;1;1;1;1;1;1;1;0;0;0;0;0;0;0;0;0;0.0004;0.088;-0.0884;0;0;0;0;0;0;0;0;0;0;0;0;0;0;0;0;0;0;0;-6.2999;0;0;0;0;0.0004;0;0;0;0;0;0;0;-0.0004;-0.0884;0;0;0;0;0;0;0;0;0;-0.7452;0;0.7452;1;1;0;0;0;0
24/04/21 02:00;0;0;90;0;0;90;0;0;0;0;5.7801;1.9199;0;0;0;0;0;0;0;0;0;0;0;0;0;1;1;1;1;0;0;0;0;0;0;0;0;0;0;0;0;0;0;0;0;0;0;0;0;0;0;0;0;0;0;0;0;0;0;0;0;0;0;0;1;1;1;1;1;1;1;1;1;1;1;1;1;1;1;1;1;1;1;0;0;0;0;0;0;0;0;0;0.0004;0.088;-0.0884;0;0;0;0;0;0;0;0;0;0;0;0;0;0;0;0;0;0;0;-5.7801;0;0;0;0;0.0004;0;0;0;0;0;0;0;-0.0004;-0.0884;0;0;0;0;0;0;0;0;0;-0.7452;0;0.7452;1;1;0;0;0;0
24/04/21 03:00;0;0;90;0;0;90;0;0;0;0;4.3102;1.79;0;0;0;0;0;0;0;0;0;0;0;0;0;1;1;1;1;0;0;0;0;0;0;0;0;0;0;0;0;0;0;0;0;0;0;0;0;0;0;0;0;0;0;0;0;0;0;0;0;0;0;0;1;1;1;1;1;1;1;1;1;1;1;1;1;1;1;1;1;1;1;0;0;0;0;0;0;0;0;0;0.0004;0.088;-0.0884;0;0;0;0;0;0;0;0;0;0;0;0;0;0;0;0;0;0;0;-4.3102;0;0;0;0;0.0004;0;0;0;0;0;0;0;-0.0004;-0.0884;0;0;0;0;0;0;0;0;0;-0.7452;0;0.7452;1;1;0;0;0;0
24/04/21 04:00;0;0;90;0;0;90;0;0;0;0;3.9001;1.71;0;0;0;0;0;0;0;0;0;0;0;0;0;1;1;1;1;0;0;0;0;0;0;0;0;0;0;0;0;0;0;0;0;0;0;0;0;0;0;0;0;0;0;0;0;0;0;0;0;0;0;0;1;1;1;1;1;1;1;1;1;1;1;1;1;1;1;1;1;1;1;0;0;0;0;0;0;0;0;0;0.0004;0.088;-0.0884;0;0;0;0;0;0;0;0;0;0;0;0;0;0;0;0;0;0;0;-3.9001;0;0;0;0;0.0004;0;0;0;0;0;0;0;-0.0004;-0.0884;0;0;0;0;0;0;0;0;0;-0.7452;0;0.7452;1;1;0;0;0;0
24/04/21 05:00;0;0;90;0;0;90;0;0;0;0;3.5199;1.6899;0;0;0;0;0;0;0;0;0;0;0;0;0;1;1;1;1;0;0;0;0;0;0;0;0;0;0;0;0;0;0;0;0;0;0;0;0;0;0;0;0;0;0;0;0;0;0;0;0;0;0;0;1;1;1;1;1;1;1;1;1;1;1;1;1;1;1;1;1;1;1;0;0;0;0;0;0;0;0;0;0.0004;0.088;-0.0884;0;0;0;0;0;0;0;0;0;0;0;0;0;0;0;0;0;0;0;-3.5199;0;0;0;0;0.0004;0;0;0;0;0;0;0;-0.0004;-0.0884;0;0;0;0;0;0;0;0;0;-0.7452;0;0.7452;1;1;0;0;0;0
24/04/21 06:00;2.6782;-72.007;83.493;2.8157;4.0267;-90;-4.0267;2.5981;2.5981;0;2.6198;1.5999;0;0;2.5949;0;0;0.0006;2.5955;2.5955;0;0;0;0;0;1;1;1;1;0;0;0;0;0;0;0;0;0;0;0;0;0;0;0;0;0;0;0;0;0;0;0;0;0;0;0;0;0;0;0;0;0;0;0;0;1;1;1;1;1;1;1;1;1;1;1;1;1;0;0;1;0;0;0;0;0;0;0;0;0;0;0;0.0004;0.088;-0.0884;0;0;0;0;0;0;0;0;0;0;0;0;0;0;0;0;0;0;0;-2.6198;0;0;0;0;0.0004;0;0;0;0;0;0;0;-0.0004;-0.0884;0;0;0;0;0;0;0;0;0;-0.7452;0;0.7452;1;1;0;0;0;0
24/04/21 07:00;10.869;-65.43;62.786;11.921;18.144;-90;-18.144;140.9;33.898;107;4.4598;1.5999;0;259.52;19.159;34.563;0;0.7006;313.94;0;313.94;259.52;34.563;19.159;0.7006;0.8266;0.0633;0;0.0022;312.98;0.9593;0;0;0.376;0.5833;296.02;15.085;12.701;1.6916;0.666;0.0259;311.1;1.8779;1.5571;0.2074;0.1127;0.0007;296.04;245.26;32.664;18.004;0.0907;12.398;9.9062;3.9636;0.0487;0.1403;2.0185;0.0239;2.1101;0;1;0;0;2.2281;0.9969;1;1;0.9804;0.1674;0.9515;0.9508;1;0.9643;0.7781;0.994;0.994;1;0.994;0.994;0.9429;0.9397;0.1295;0.8934;0.851;0.0051;0.0142;-0.0185;0.006;0.0211;0.0004;0;0;0.088;0.7019;0;0;0;0;0;0;0;0;0;0;0;0;0.017;0.002;0.8038;0.8038;0;18.847;18.847;14.387;0.0486;729.29;1102.2;1;0.0139;0.0139;0;0;0;0;0;0;0.7899;0.7019;0;16.919;19.592;14.774;17.108;98.269;98.269;7.5345;6.7787;5.9192;0.7559;0.8595;0.1003;0.1141;0.7856;11.804;0.7818;0
24/04/21 08:00;21.516;-54.99;32.513;25.703;60;-90;-60;343.69;59.202;284.49;8.4598;2.6399;0;654.1;18.887;78.218;0;17.185;768.39;0;768.39;654.1;78.218;18.887;17.185;0.8513;0.0469;0;0.0224;750.02;18.361;0;0;2.3662;15.995;743.04;2.4818;1.6292;0.1948;0.581;0.0767;745.52;4.5001;3.9246;0.4693;0.0991;0.0071;744.25;648.54;77.554;15.841;1.1056;34.485;27.554;12.736;3.1619;0.4758;6.844;1.2081;4.1579;0;1;0;0;2.2357;0.9761;1;1;0.8747;0.0692;0.9967;0.9975;1;0.9646;0.9351;0.994;0.994;1;0.994;0.994;0.967;0.8387;0.0643;2.1868;2.1431;0.0129;-0.0012;0.1517;0.0139;0.0491;0.0012;0;0;0.088;1.7466;0;0;0;0;0;0;0;0;0;0;0;0;0.0396;0.0109;1.865;1.865;0;45.209;45.209;36.749;0.0495;1846.4;1010.1;1;0.0304;0.0304;0;0;0;0;0;0;1.8346;1.7466;0;16.039;18.573;15.021;17.393;98.368;98.368;18.441;15.728;14.729;2.7131;0.9987;0.1471;0.0542;0.7987;16.447;0.7934;0
24/04/21 09:00;30.74;-42.339;39.444;41.444;48.556;-90;-48.556;513.41;84.899;428.51;12.87;3.55;0;647.41;26.732;79.663;0;17.359;771.16;0;771.16;647.41;79.663;26.732;17.359;0.8395;0.0572;0;0.0225;752.59;18.569;0;0;2.4641;16.105;742.48;5.5938;4.2211;0.5194;0.7959;0.0575;748.08;4.5156;3.8844;0.478;0.1456;0.0075;746.5;639.3;78.666;23.327;1.189;203.5;162.59;65.136;2.1277;2.3842;34.296;4.0197;34.552;0;1;0;0;1.502;0.9759;1;1;0.9078;0.0722;0.9925;0.9934;1;0.967;0.9539;0.994;0.994;1;0.994;0.994;0.9628;0.8726;0.0685;2.1947;2.2045;0.0133;-0.0015;0.1915;0.014;0.0497;0.0059;0;0;0.088;1.7619;0;0;0;0;0;0;0;0;0;0;0;0;0.04;0.0115;1.8802;1.8802;0;49.728;49.728;36.858;0.0496;1899.4;989.9;1;0.0303;0.0303;0;0;0;0;0;0;1.8499;1.7619;0;16.111;18.656;15.097;17.482;98.387;98.387;18.508;15.856;14.858;2.6519;0.9979;0.1433;0.0539;0.8028;20.577;0.7769;0
24/04/21 10:00;37.723;-26.776;44.924;59.783;30.217;-90;-30.217;633.51;104.4;529.1;15.33;3.9099;0;612.3;34.968;77.403;0;8.6078;733.28;0;733.28;612.3;77.403;34.968;8.6078;0.835;0.0594;0;0.0117;724.2;9.0815;0;0;1.5645;7.5171;711.89;7.9642;5.9429;0.7513;1.0817;0.1884;719.85;4.3452;3.6738;0.4644;0.2004;0.0065;714.29;602.68;76.187;32.121;0.8958;336.08;268.53;109.5;0.545;3.6196;52.067;2.3976;55.141;0;1;0;0;1.1575;0.9876;1;1;0.9553;0.1267;0.9889;0.9902;1;0.9674;0.8263;0.994;0.994;1;0.994;0.994;0.9708;0.9186;0.1041;2.0869;2.1479;0.0129;-0.0012;0.1941;0.0136;0.0482;0.0089;0;0;0.088;1.7045;0;0;0;0;0;0;0;0;0;0;0;0;0.0388;0.0109;1.8216;1.8216;0;50.701;50.701;35.371;0.0497;1849.2;985.07;1;0.0291;0.0291;0;0;0;0;0;0;1.7925;1.7045;0;16.415;19.009;15.36;17.787;98.402;98.402;17.599;15.362;14.374;2.2369;0.9877;0.1271;0.0561;0.8168;23.082;0.7755;0
24/04/21 11:00;41.452;-8.4021;47.856;80.606;9.3936;-90;-9.3936;554.29;213.5;340.79;16.56;4.3199;0;345.43;131.19;82.531;0;0.7433;559.89;0;559.89;345.43;82.531;131.19;0.7433;0.617;0.2356;0;0.0013;558.42;1.469;0;0;0.8517;0.6173;544.82;10.255;3.9414;0.9417;5.3433;0.0281;555.07;3.3505;2.0726;0.4952;0.782;0.0008;544.95;339.41;81.094;124.21;0.0971;325.15;259.8;103.42;0.03;3.633;52.259;0.1355;55.862;0;1;0;0;1.0101;0.9974;1;1;0.9935;0.1694;0.9815;0.9885;1;0.9588;0.7756;0.994;0.994;1;0.994;0.994;0.9731;0.9468;0.1306;1.5934;1.6638;0.01;0.0031;0.1084;0.0108;0.0383;0.0092;0;0;0.088;1.336;0;0;0;0;0;0;0;0;0;0;0;0;0.0308;0.0067;1.4464;1.4464;0;43.493;43.493;26.933;0.0494;1429.7;1011.7;1;0.0225;0.0225;0;0;0;0;0;0;1.424;1.336;0;17.071;19.768;15.768;18.259;98.448;98.448;13.437;12.198;11.267;1.2393;0.9314;0.0922;0.0693;0.8385;78.527;0.7837;0
24/04/21 12:00;41.163;11.087;47.628;77.595;12.405;90;12.405;709.11;116.7;592.4;17.39;4.72;0;606.56;38.434;79.674;0;1.6554;726.33;0;726.33;606.56;79.674;38.434;1.6554;0.8351;0.0552;0;0.0023;724.55;1.7767;0;0;0.399;1.3777;710.91;9.2899;6.8409;0.8986;1.4883;0.0622;720.2;4.3473;3.6394;0.478;0.2282;0.0017;711.26;596.08;78.297;36.319;0.2139;411.84;329.06;133.8;0.0254;4.4188;63.563;0.3477;67.957;0;1;0;0;1.0243;0.9976;1;1;0.9896;0.1678;0.9871;0.9887;1;0.9606;0.7747;0.994;0.994;1;0.994;0.994;0.9788;0.945;0.1292;2.0671;2.1623;0.013;-0.0013;0.2115;0.0136;0.0481;0.0108;0;0;0.088;1.6999;0;0;0;0;0;0;0;0;0;0;0;0;0.0388;0.011;1.8168;1.8168;0;52.773;52.773;35.383;0.0498;1861.4;976.02;1;0.0289;0.0289;0;0;0;0;0;0;1.7879;1.6999;0;16.528;19.14;15.465;17.909;98.412;98.412;17.432;15.321;14.336;2.1109;0.9854;0.1211;0.0565;0.8224;23.19;0.7718;0
24/04/21 13:00;36.921;29.131;44.294;57.061;32.939;90;32.939;424.99;271.8;153.2;17.88;4.97;0;182.54;202.73;61.187;0;6.8317;453.29;0;453.29;182.54;61.187;202.73;6.8317;0.4027;0.4623;0;0.0151;436.78;16.505;0;0;10.432;6.0738;425.58;8.5824;1.7048;0.5715;6.1873;0.1188;434.16;2.6207;1.0952;0.3671;1.1538;0.0045;427.64;179.74;60.248;184.96;0.6346;241.01;192.56;79.32;4.2405;2.794;40.191;2.0662;38.745;0;1;0;0;1.0666;0.9636;1;1;0.9485;0.1109;0.9802;0.9906;1;0.9676;0.8423;0.994;0.994;1;0.994;0.994;0.9389;0.9123;0.0929;1.29;1.304;0.0079;0.0079;0.0641;0.0086;0.0304;0.0072;0;0;0.088;1.0433;0;0;0;0;0;0;0;0;0;0;0;0;0.0245;0.0043;1.1494;1.1494;0;38.863;38.863;20.983;0.0493;1120.3;1025.9;1;0.0181;0.0181;0;0;0;0;0;0;1.1313;1.0433;0;16.755;19.402;15.209;17.611;98.428;98.428;10.879;9.6926;8.7981;1.1863;0.8945;0.109;0.0822;0.8087;136.46;0.7584;0
24/04/21 14:00;29.567;44.265;38.526;39.104;50.896;90;50.896;336.8;236.2;100.6;17.47;5.04;0;159.5;163.5;56.56;0;12.437;391.99;0;391.99;159.5;56.56;163.5;12.437;0.4069;0.4488;0;0.0317;364.18;27.817;0;0;16.19;11.626;355.78;6.2068;0.9548;0.3386;4.8792;0.0342;361.99;2.1851;0.957;0.3394;0.8839;0.0049;359.86;157.58;55.882;141.55;0.7717;176.43;140.97;60.174;15.299;2.7011;38.854;4.0773;26.256;0;1;0;0;1.1639;0.929;1;1;0.901;0.0652;0.9829;0.994;1;0.9667;0.9575;0.994;0.994;1;0.994;0.994;0.9076;0.8657;0.062;1.1156;1.1074;0.0067;0.0107;0.0393;0.0074;0.0261;0.007;0;0;0.088;0.8823;0;0;0;0;0;0;0;0;0;0;0;0;0.021;0.0032;0.9862;0.9862;0;34.974;34.974;17.504;0.0492;949.95;1038.1;1;0.0158;0.0158;0;0;0;0;0;0;0.9703;0.8823;0;16.624;19.25;14.874;17.224;98.396;98.396;9.4078;8.3164;7.4409;1.0914;0.8755;0.116;0.0931;0.7909;128.81;0.7363;0
24/04/21 15:00;20.102;56.559;33.534;23.682;53.262;90;53.262;89.293;87.899;1.3939;18.09;4.58;0;3.3806;70.027;0.6405;0;3.5882;77.636;0;77.636;3.3806;0.6405;70.027;3.5882;0.0435;0.9482;0;0.0462;66.87;10.766;0;0;7.4069;3.3593;64.347;2.1222;0.0104;0.002;2.1002;0.0096;66.469;0.4012;0.0203;0.0038;0.3757;0.0014;65.798;3.3499;0.6347;60.144;0.2179;56.546;45.18;20.217;7.6797;0.9856;14.178;1.4514;7.4837;0;1;0;0;0.8695;0.8613;1;1;0.8942;0.0638;0.9681;0.9969;1;0.9663;0.9578;0.994;0.994;1;0.994;0.994;0.8288;0.8589;0.0607;0.2209;0.2166;0.0013;0.0151;-0.003;0.0014;0.005;0.0025;0;0;0.088;0.0957;0;0;0;0;0;0;0;0;0;0;0;0;0.0041;0.0002;0.1899;0.1899;0;21.268;21.268;3.1782;0.0494;183.31;1035.9;1;0.0061;0.0061;0;0;0;0;0;0;0.1837;0.0957;0;16.162;18.715;8.1494;9.4368;96.766;96.766;1.8633;1.6013;0.8074;0.2619;0.7939;0.1406;0.4261;0.4333;56.538;0.3812;0
24/04/21 16:00;9.3051;66.756;66.912;10.111;15.088;90;15.088;52.607;51.699;0.9078;16.68;3.06;0;2.2017;50.596;0.5215;0;0.1814;53.501;0;53.501;2.2017;0.5215;50.596;0.1814;0.0412;0.9491;0;0.0034;52.619;0.8816;0;0;0.7305;0.1511;50.224;2.0798;0.1682;0.0398;1.8651;0.0068;52.304;0.3157;0.0132;0.0031;0.2992;0.0002;50.263;2.0203;0.4786;47.702;0.0233;30.806;24.614;9.5264;0.0669;0.3661;5.2655;0.0396;5.5647;0;1;0;0;1.017;0.9835;1;1;0.9856;0.1668;0.9602;0.9232;1;0.9624;0.7752;0.994;0.994;1;0.994;0.994;0.9387;0.9428;0.1285;0.1523;0.1544;0.0009;0.0134;-0.0033;0.001;0.0036;0.0009;0;0;0.088;0.0413;0;0;0;0;0;0;0;0;0;0;0;0;0.0029;0.0001;0.1348;0.1348;0;19.164;19.164;2.4835;0.0494;130.42;1033.9;1;0.0055;0.0055;0;0;0;0;0;0;0.1293;0.0413;0;16.654;19.285;5.1005;5.9063;95.889;95.889;1.284;1.1371;0.3483;0.1469;0.7889;0.1144;0.6144;0.2712;30.8;0.2526;0
24/04/21 17:00;1.8279;72.646;85.563;1.915;2.7336;90;2.7336;0;0;0;15.15;3.1999;0;0;0;0;0;0;0;0;0;0;0;0;0;1;1;1;1;0;0;0;0;0;0;0;0;0;0;0;0;0;0;0;0;0;0;0;0;0;0;0;0;0;0;0;0;0;0;0;0;0;0;0;1;1;1;1;1;1;1;1;1;1;1;1;1;1;1;1;1;1;1;0;0;0;0;0;0;0;0;0;0.0004;0.088;-0.0884;0;0;0;0;0;0;0;0;0;0;0;0;0;0;0;0;0;0;0;-15.15;0;0;0;0;0.0004;0;0;0;0;0;0;0;-0.0004;-0.0884;0;0;0;0;0;0;0;0;0;-0.7452;0;0.7452;1;1;0;0;0;0
24/04/21 18:00;0;0;90;0;0;90;0;0;0;0;13.06;3.3599;0;0;0;0;0;0;0;0;0;0;0;0;0;1;1;1;1;0;0;0;0;0;0;0;0;0;0;0;0;0;0;0;0;0;0;0;0;0;0;0;0;0;0;0;0;0;0;0;0;0;0;0;1;1;1;1;1;1;1;1;1;1;1;1;1;1;1;1;1;1;1;0;0;0;0;0;0;0;0;0;0.0004;0.088;-0.0884;0;0;0;0;0;0;0;0;0;0;0;0;0;0;0;0;0;0;0;-13.06;0;0;0;0;0.0004;0;0;0;0;0;0;0;-0.0004;-0.0884;0;0;0;0;0;0;0;0;0;-0.7452;0;0.7452;1;1;0;0;0;0
24/04/21 19:00;0;0;90;0;0;90;0;0;0;0;10.56;3.31;0;0;0;0;0;0;0;0;0;0;0;0;0;1;1;1;1;0;0;0;0;0;0;0;0;0;0;0;0;0;0;0;0;0;0;0;0;0;0;0;0;0;0;0;0;0;0;0;0;0;0;0;1;1;1;1;1;1;1;1;1;1;1;1;1;1;1;1;1;1;1;0;0;0;0;0;0;0;0;0;0.0004;0.088;-0.0884;0;0;0;0;0;0;0;0;0;0;0;0;0;0;0;0;0;0;0;-10.56;0;0;0;0;0.0004;0;0;0;0;0;0;0;-0.0004;-0.0884;0;0;0;0;0;0;0;0;0;-0.7452;0;0.7452;1;1;0;0;0;0
24/04/21 20:00;0;0;90;0;0;90;0;0;0;0;9.1498;3.0399;0;0;0;0;0;0;0;0;0;0;0;0;0;1;1;1;1;0;0;0;0;0;0;0;0;0;0;0;0;0;0;0;0;0;0;0;0;0;0;0;0;0;0;0;0;0;0;0;0;0;0;0;1;1;1;1;1;1;1;1;1;1;1;1;1;1;1;1;1;1;1;0;0;0;0;0;0;0;0;0;0.0004;0.088;-0.0884;0;0;0;0;0;0;0;0;0;0;0;0;0;0;0;0;0;0;0;-9.1498;0;0;0;0;0.0004;0;0;0;0;0;0;0;-0.0004;-0.0884;0;0;0;0;0;0;0;0;0;-0.7452;0;0.7452;1;1;0;0;0;0
24/04/21 21:00;0;0;90;0;0;90;0;0;0;0;8.6399;2.7899;0;0;0;0;0;0;0;0;0;0;0;0;0;1;1;1;1;0;0;0;0;0;0;0;0;0;0;0;0;0;0;0;0;0;0;0;0;0;0;0;0;0;0;0;0;0;0;0;0;0;0;0;1;1;1;1;1;1;1;1;1;1;1;1;1;1;1;1;1;1;1;0;0;0;0;0;0;0;0;0;0.0004;0.088;-0.0884;0;0;0;0;0;0;0;0;0;0;0;0;0;0;0;0;0;0;0;-8.6399;0;0;0;0;0.0004;0;0;0;0;0;0;0;-0.0004;-0.0884;0;0;0;0;0;0;0;0;0;-0.7452;0;0.7452;1;1;0;0;0;0
24/04/21 22:00;0;0;90;0;0;90;0;0;0;0;8.0303;2.6201;0;0;0;0;0;0;0;0;0;0;0;0;0;1;1;1;1;0;0;0;0;0;0;0;0;0;0;0;0;0;0;0;0;0;0;0;0;0;0;0;0;0;0;0;0;0;0;0;0;0;0;0;1;1;1;1;1;1;1;1;1;1;1;1;1;1;1;1;1;1;1;0;0;0;0;0;0;0;0;0;0.0004;0.088;-0.0884;0;0;0;0;0;0;0;0;0;0;0;0;0;0;0;0;0;0;0;-8.0303;0;0;0;0;0.0004;0;0;0;0;0;0;0;-0.0004;-0.0884;0;0;0;0;0;0;0;0;0;-0.7452;0;0.7452;1;1;0;0;0;0
24/04/21 23:00;0;0;90;0;0;90;0;0;0;0;7.1103;2.51;0;0;0;0;0;0;0;0;0;0;0;0;0;1;1;1;1;0;0;0;0;0;0;0;0;0;0;0;0;0;0;0;0;0;0;0;0;0;0;0;0;0;0;0;0;0;0;0;0;0;0;0;1;1;1;1;1;1;1;1;1;1;1;1;1;1;1;1;1;1;1;0;0;0;0;0;0;0;0;0;0.0004;0.088;-0.0884;0;0;0;0;0;0;0;0;0;0;0;0;0;0;0;0;0;0;0;-7.1103;0;0;0;0;0.0004;0;0;0;0;0;0;0;-0.0004;-0.0884;0;0;0;0;0;0;0;0;0;-0.7452;0;0.7452;1;1;0;0;0;0
25/04/21 00:00;0;0;90;0;0;90;0;0;0;0;6.4402;2.44;0;0;0;0;0;0;0;0;0;0;0;0;0;1;1;1;1;0;0;0;0;0;0;0;0;0;0;0;0;0;0;0;0;0;0;0;0;0;0;0;0;0;0;0;0;0;0;0;0;0;0;0;1;1;1;1;1;1;1;1;1;1;1;1;1;1;1;1;1;1;1;0;0;0;0;0;0;0;0;0;0.0004;0.088;-0.0884;0;0;0;0;0;0;0;0;0;0;0;0;0;0;0;0;0;0;0;-6.4402;0;0;0;0;0.0004;0;0;0;0;0;0;0;-0.0004;-0.0884;0;0;0;0;0;0;0;0;0;-0.7452;0;0.7452;1;1;0;0;0;0
25/04/21 01:00;0;0;90;0;0;90;0;0;0;0;5.6498;2.3801;0;0;0;0;0;0;0;0;0;0;0;0;0;1;1;1;1;0;0;0;0;0;0;0;0;0;0;0;0;0;0;0;0;0;0;0;0;0;0;0;0;0;0;0;0;0;0;0;0;0;0;0;1;1;1;1;1;1;1;1;1;1;1;1;1;1;1;1;1;1;1;0;0;0;0;0;0;0;0;0;0.0004;0.088;-0.0884;0;0;0;0;0;0;0;0;0;0;0;0;0;0;0;0;0;0;0;-5.6498;0;0;0;0;0.0004;0;0;0;0;0;0;0;-0.0004;-0.0884;0;0;0;0;0;0;0;0;0;-0.7452;0;0.7452;1;1;0;0;0;0
25/04/21 02:00;0;0;90;0;0;90;0;0;0;0;5.3101;2.3701;0;0;0;0;0;0;0;0;0;0;0;0;0;1;1;1;1;0;0;0;0;0;0;0;0;0;0;0;0;0;0;0;0;0;0;0;0;0;0;0;0;0;0;0;0;0;0;0;0;0;0;0;1;1;1;1;1;1;1;1;1;1;1;1;1;1;1;1;1;1;1;0;0;0;0;0;0;0;0;0;0.0004;0.088;-0.0884;0;0;0;0;0;0;0;0;0;0;0;0;0;0;0;0;0;0;0;-5.3101;0;0;0;0;0.0004;0;0;0;0;0;0;0;-0.0004;-0.0884;0;0;0;0;0;0;0;0;0;-0.7452;0;0.7452;1;1;0;0;0;0
25/04/21 03:00;0;0;90;0;0;90;0;0;0;0;3.8801;2.29;0;0;0;0;0;0;0;0;0;0;0;0;0;1;1;1;1;0;0;0;0;0;0;0;0;0;0;0;0;0;0;0;0;0;0;0;0;0;0;0;0;0;0;0;0;0;0;0;0;0;0;0;1;1;1;1;1;1;1;1;1;1;1;1;1;1;1;1;1;1;1;0;0;0;0;0;0;0;0;0;0.0004;0.088;-0.0884;0;0;0;0;0;0;0;0;0;0;0;0;0;0;0;0;0;0;0;-3.8801;0;0;0;0;0.0004;0;0;0;0;0;0;0;-0.0004;-0.0884;0;0;0;0;0;0;0;0;0;-0.7452;0;0.7452;1;1;0;0;0;0
25/04/21 04:00;0;0;90;0;0;90;0;0;0;0;3.4102;2.1699;0;0;0;0;0;0;0;0;0;0;0;0;0;1;1;1;1;0;0;0;0;0;0;0;0;0;0;0;0;0;0;0;0;0;0;0;0;0;0;0;0;0;0;0;0;0;0;0;0;0;0;0;1;1;1;1;1;1;1;1;1;1;1;1;1;1;1;1;1;1;1;0;0;0;0;0;0;0;0;0;0.0004;0.088;-0.0884;0;0;0;0;0;0;0;0;0;0;0;0;0;0;0;0;0;0;0;-3.4102;0;0;0;0;0.0004;0;0;0;0;0;0;0;-0.0004;-0.0884;0;0;0;0;0;0;0;0;0;-0.7452;0;0.7452;1;1;0;0;0;0
25/04/21 05:00;0;0;90;0;0;90;0;0;0;0;3.4899;2.03;0;0;0;0;0;0;0;0;0;0;0;0;0;1;1;1;1;0;0;0;0;0;0;0;0;0;0;0;0;0;0;0;0;0;0;0;0;0;0;0;0;0;0;0;0;0;0;0;0;0;0;0;1;1;1;1;1;1;1;1;1;1;1;1;1;1;1;1;1;1;1;0;0;0;0;0;0;0;0;0;0.0004;0.088;-0.0884;0;0;0;0;0;0;0;0;0;0;0;0;0;0;0;0;0;0;0;-3.4899;0;0;0;0;0.0004;0;0;0;0;0;0;0;-0.0004;-0.0884;0;0;0;0;0;0;0;0;0;-0.7452;0;0.7452;1;1;0;0;0;0
25/04/21 06:00;2.5164;-71.721;83.887;2.6499;3.7881;-90;-3.7881;4.493;4.493;0;2.4303;1.7401;0;0;4.488;0;0;0.001;4.489;4.489;0;0;0;0;0;1;1;1;1;0;0;0;0;0;0;0;0;0;0;0;0;0;0;0;0;0;0;0;0;0;0;0;0;0;0;0;0;0;0;0;0;0;0;0;0;1;1;1;1;1;1;1;1;1;1;1;1;1;0;0;1;0;0;0;0;0;0;0;0;0;0;0;0.0004;0.088;-0.0884;0;0;0;0;0;0;0;0;0;0;0;0;0;0;0;0;0;0;0;-2.4303;0;0;0;0;0.0004;0;0;0;0;0;0;0;-0.0004;-0.0884;0;0;0;0;0;0;0;0;0;-0.7452;0;0.7452;1;1;0;0;0;0
25/04/21 07:00;10.691;-65.148;63.261;11.753;17.852;-90;-17.852;149.3;26.202;123.1;4.3202;1.49;0;298.55;12.994;31.256;0;0.7189;343.52;0;343.52;298.55;31.256;12.994;0.7189;0.8691;0.0399;0;0.0021;342.68;0.8465;0;0;0.2482;0.5983;323.18;17.438;15.35;1.607;0.4543;0.0266;340.62;2.0561;1.7913;0.1875;0.0765;0.0007;323.2;281.41;29.462;12.215;0.0932;8.6623;6.9212;2.8125;0.0313;0.095;1.3672;0.0155;1.431;0;1;0;0;2.3008;0.9975;1;1;0.9809;0.1677;0.9488;0.9483;1;0.9641;0.7779;0.994;0.994;1;0.994;0.994;0.9408;0.9401;0.1297;0.9776;0.9274;0.0056;0.0132;-0.0162;0.0065;0.023;0.0003;0;0;0.088;0.7715;0;0;0;0;0;0;0;0;0;0;0;0;0.0185;0.0023;0.8744;0.8744;0;20.034;20.034;15.714;0.0486;794.88;1100.1;1;0.0149;0.0149;0;0;0;0;0;0;0.8595;0.7715;0;16.82;19.477;14.84;17.184;98.291;98.291;8.2446;7.374;6.5059;0.8705;0.8681;0.1056;0.1053;0.7891;7.996;0.7868;0
25/04/21 08:00;21.309;-54.716;32.828;25.541;60;-90;-60;339.71;58.697;281.01;9.9103;3.0201;0;649.79;18.79;77.794;0;16.985;763.36;0;763.36;649.79;77.794;18.79;16.985;0.8512;0.0469;0;0.0223;745.19;18.164;0;0;2.3541;15.81;738.12;2.5994;1.7375;0.208;0.578;0.0758;740.72;4.4712;3.8987;0.4668;0.0986;0.0071;739.32;644.15;77.119;15.759;1.0928;32.487;25.957;11.793;3.1456;0.4724;6.7947;1.1973;4.1214;0;1;0;0;2.2471;0.9762;1;1;0.8747;0.0692;0.9965;0.9973;1;0.9646;0.9351;0.994;0.994;1;0.994;0.994;0.9669;0.8387;0.0643;2.1725;2.1289;0.0128;-0.0011;0.1601;0.0137;0.0486;0.0012;0;0;0.088;1.7258;0;0;0;0;0;0;0;0;0;0;0;0;0.0391;0.0107;1.8437;1.8437;0;46.454;46.454;36.544;0.0495;1834.7;1004.9;1;0.0299;0.0299;0;0;0;0;0;0;1.8138;1.7258;0;15.96;18.481;14.939;17.299;98.377;98.377;18.321;15.548;14.554;2.7724;0.9944;0.1513;0.0543;0.7944;16.363;0.7891;0
25/04/21 09:00;30.495;-42.084;39.755;41.306;48.694;-90;-48.694;505.69;84.3;421.39;12.82;3.45;0;638.39;26.904;78.606;0;17.189;761.09;0;761.09;638.39;78.606;26.904;17.189;0.8388;0.0579;0;0.0226;742.65;18.44;0;0;2.4902;15.95;732.53;5.6619;4.2777;0.5267;0.8011;0.0563;738.19;4.4559;3.8303;0.4716;0.1465;0.0074;736.51;630.28;77.608;23.467;1.1754;199.83;159.66;63.91;2.1625;2.3495;33.796;3.982;33.983;0;1;0;0;1.505;0.9758;1;1;0.9074;0.0721;0.9923;0.9933;1;0.967;0.9543;0.994;0.994;1;0.994;0.994;0.9625;0.8722;0.0684;2.166;2.1749;0.0131;-0.0014;0.1846;0.0139;0.0491;0.0058;0;0;0.088;1.7411;0;0;0;0;0;0;0;0;0;0;0;0;0.0396;0.0112;1.8591;1.8591;0;49.168;49.168;36.348;0.0496;1873.6;992.25;1;0.03;0.03;0;0;0;0;0;0;1.8291;1.7411;0;16.141;18.691;15.117;17.505;98.388;98.388;18.266;15.678;14.683;2.5884;0.9948;0.1417;0.0545;0.8038;20.738;0.778;0
25/04/21 10:00;37.437;-26.571;45.248;59.704;30.296;-90;-30.296;623.19;103.5;519.7;14.84;3.4901;0;601.9;35.324;75.959;0;8.511;721.69;0;721.69;601.9;75.959;35.324;8.511;0.834;0.0607;0;0.0118;712.67;9.0224;0;0;1.587;7.4354;700.41;7.9842;5.9553;0.7515;1.0922;0.1852;708.39;4.276;3.6114;0.4558;0.2024;0.0065;702.78;592.33;74.751;32.442;0.8839;330.48;264.06;107.69;0.5555;3.5598;51.207;2.3728;54.211;0;1;0;0;1.1581;0.9875;1;1;0.9551;0.1264;0.9887;0.99;1;0.9674;0.8268;0.994;0.994;1;0.994;0.994;0.9705;0.9184;0.1039;2.0539;2.1133;0.0127;-0.001;0.1828;0.0134;0.0476;0.0088;0;0;0.088;1.6831;0;0;0;0;0;0;0;0;0;0;0;0;0.0384;0.0106;1.7999;1.7999;0;49.611;49.611;34.77;0.0496;1818.8;989.62;1;0.0288;0.0288;0;0;0;0;0;0;1.7711;1.6831;0;16.481;19.084;15.411;17.846;98.4;98.4;17.321;15.179;14.194;2.1414;0.9849;0.1236;0.0569;0.8195;23.33;0.7782;0
25/04/21 11:00;41.134;-8.2924;48.185;80.624;9.3765;-90;-9.3765;682.89;114.5;568.39;16.68;3.6601;0;576.09;40.894;74.324;0;0.9124;692.22;0;692.22;576.09;74.324;40.894;0.9124;0.8322;0.0604;0;0.0013;691.2;1.0225;0;0;0.2647;0.7578;677.8;9.2461;6.6833;0.8623;1.666;0.0345;687.05;4.1472;3.4565;0.4459;0.2438;0.0009;677.97;565.95;73.016;38.719;0.1192;399.33;319.07;128.1;0.0094;4.3898;63.146;0.1701;67.526;0;1;0;0;1.0137;0.9985;1;1;0.9935;0.1694;0.9865;0.9883;1;0.9587;0.7756;0.994;0.994;1;0.994;0.994;0.9792;0.9468;0.1306;1.97;2.0662;0.0124;-0.0007;0.1843;0.0131;0.0464;0.0109;0;0;0.088;1.6365;0;0;0;0;0;0;0;0;0;0;0;0;0.0374;0.0101;1.7523;1.7523;0;50.352;50.352;33.671;0.0497;1777.3;985.94;1;0.0278;0.0278;0;0;0;0;0;0;1.7245;1.6365;0;16.727;19.37;15.622;18.09;98.413;98.413;16.613;14.777;13.801;1.836;0.9767;0.1105;0.0588;0.8307;24.477;0.7776;0
25/04/21 12:00;40.834;11.074;47.946;77.47;12.53;90;12.53;636.5;141.8;494.7;17.93;3.85;0;506.77;61.539;81.458;0;1.516;651.28;0;651.28;506.77;81.458;61.539;1.516;0.7781;0.0968;0;0.0023;649.37;1.9115;0;0;0.6498;1.2617;636.3;9.1773;5.8089;0.9337;2.3777;0.0569;645.47;3.8962;3.0406;0.4888;0.3653;0.0015;636.61;497.92;80.036;58.147;0.1958;370.01;295.64;119.92;0.042;3.9898;57.392;0.319;61.34;0;1;0;0;1.0232;0.9971;1;1;0.9894;0.1677;0.9858;0.9885;1;0.9607;0.7747;0.994;0.994;1;0.994;0.994;0.977;0.9449;0.1292;1.8535;1.9364;0.0117;0.0002;0.1673;0.0123;0.0436;0.0099;0;0;0.088;1.5334;0;0;0;0;0;0;0;0;0;0;0;0;0.0351;0.0089;1.6473;1.6473;0;49.524;49.524;31.594;0.0497;1664.7;989.53;1;0.0259;0.0259;0;0;0;0;0;0;1.6214;1.5334;0;16.713;19.354;15.558;18.016;98.429;98.429;15.631;13.892;12.931;1.7391;0.9604;0.1113;0.0614;0.8273;37.145;0.7761;0
25/04/21 13:00;36.606;29.015;44.588;56.857;33.143;90;33.143;528.51;188.8;339.71;18.19;4.04;0;405.71;100.21;95.215;0;8.5983;609.73;0;609.73;405.71;95.215;100.21;8.5983;0.6654;0.1784;0;0.0141;596.87;12.859;0;0;5.2067;7.6519;585.32;7.9668;3.8586;0.9056;3.0557;0.1469;593.29;3.5812;2.4343;0.5713;0.57;0.0057;587.78;399.42;93.738;91.373;0.7939;281.45;224.88;92.955;2.1424;3.0593;44.006;2.4599;44.923;0;1;0;0;1.1537;0.9789;1;1;0.948;0.1101;0.9866;0.9904;1;0.9676;0.8438;0.994;0.994;1;0.994;0.994;0.96;0.9119;0.0923;1.7352;1.7698;0.0107;0.0019;0.1386;0.0113;0.0402;0.0076;0;0;0.088;1.408;0;0;0;0;0;0;0;0;0;0;0;0;0.0324;0.0076;1.5197;1.5197;0;47.206;47.206;29.016;0.0496;1521.4;998.82;1;0.0236;0.0236;0;0;0;0;0;0;1.496;1.408;0;16.469;19.071;15.26;17.67;98.446;98.446;14.634;12.815;11.874;1.8181;0.9413;0.1242;0.0643;0.8114;67.553;0.7698;0
25/04/21 14:00;29.277;44.086;38.795;38.863;51.137;90;51.137;448.1;155.5;292.6;18.4;4.2201;0;466.33;70.42;109.91;0;16.694;663.35;0;663.35;466.33;109.91;70.42;16.694;0.703;0.1313;0;0.0252;640.72;22.63;0;0;7.0212;15.608;631.19;5.6877;2.8646;0.6752;2.1024;0.0456;636.87;3.8443;2.798;0.6595;0.3804;0.0065;635.39;460.66;108.57;60.916;1.0332;180.75;144.42;57.932;6.7013;2.4254;34.889;4.208;30.613;0;1;0;0;1.4803;0.9659;1;1;0.9003;0.065;0.9911;0.9938;1;0.9666;0.9578;0.994;0.994;1;0.994;0.994;0.9515;0.865;0.0619;1.8878;1.8878;0.0114;0.0007;0.1647;0.012;0.0425;0.006;0;0;0.088;1.4947;0;0;0;0;0;0;0;0;0;0;0;0;0.0342;0.0085;1.6078;1.6078;0;49.747;49.747;31.346;0.0497;1624.6;989.68;1;0.0251;0.0251;0;0;0;0;0;0;1.5827;1.4947;0;16.016;18.547;14.889;17.241;98.437;98.437;15.92;13.559;12.605;2.3615;0.9541;0.1483;0.0599;0.7917;55.614;0.7617;0
25/04/21 15:00;19.839;56.349;34.603;23.433;51.253;90;51.253;300.21;135.9;164.31;18.85;3.85;0;398.49;70.833;118.28;0;11.231;598.83;0;598.83;398.49;118.28;70.833;11.231;0.6655;0.137;0;0.0188;581.25;17.588;0;0;7.0857;10.502;573.7;4.0608;1.4768;0.4383;2.1151;0.0305;577.76;3.4875;2.391;0.7097;0.3825;0.0044;575.02;394.63;117.13;61.25;0.6943;57.051;45.583;20.355;6.7927;0.9351;13.451;1.3211;7.5933;0;1;0;0;1.9947;0.9706;1;1;0.9;0.0649;0.993;0.9963;1;0.9666;0.9579;0.994;0.994;1;0.994;0.994;0.958;0.8647;0.0618;1.7042;1.6721;0.0101;0.003;0.1317;0.0107;0.0379;0.0023;0;0;0.088;1.329;0;0;0;0;0;0;0;0;0;0;0;0;0.0305;0.0068;1.4391;1.4391;0;47.294;47.294;28.444;0.0496;1440.3;999.18;1;0.0221;0.0221;0;0;0;0;0;0;1.417;1.329;0;15.88;18.389;14.665;16.982;98.465;98.465;14.372;12.136;11.208;2.236;0.9284;0.1556;0.0646;0.7798;56.007;0.7669;0
25/04/21 16:00;9.0645;66.53;67.536;9.8667;14.69;90;14.69;111.19;90.699;20.492;17.9;2.89;0;49.698;80.616;21.207;0;0.3634;151.88;0;151.88;49.698;21.207;80.616;0.3634;0.3272;0.5332;0;0.0024;150.47;1.4153;0;0;1.1125;0.3027;140.75;8.8141;4.0698;1.7367;2.994;0.0136;149.57;0.9028;0.2982;0.1272;0.477;0.0004;140.81;45.33;19.343;76.032;0.0468;49.148;39.269;15.098;0.0969;0.5899;8.4854;0.0595;8.9784;0;1;0;0;1.366;0.9907;1;1;0.9862;0.167;0.9411;0.9176;1;0.9621;0.7751;0.994;0.994;1;0.994;0.994;0.9267;0.9431;0.1287;0.4323;0.4199;0.0025;0.0172;-0.0003;0.0028;0.0099;0.0015;0;0;0.088;0.2815;0;0;0;0;0;0;0;0;0;0;0;0;0.008;0.0006;0.3775;0.3775;0;24.817;24.817;6.9165;0.0491;358.79;1052.1;1;0.008;0.008;0;0;0;0;0;0;0.3695;0.2815;0;16.423;19.017;12.247;14.182;97.887;97.887;3.6452;3.1834;2.374;0.4619;0.8094;0.1267;0.222;0.6513;49.004;0.6251;0
25/04/21 17:00;1.7933;72.265;85.647;1.8827;2.6874;90;2.6874;0;0;0;15;3.0101;0;0;0;0;0;0;0;0;0;0;0;0;0;1;1;1;1;0;0;0;0;0;0;0;0;0;0;0;0;0;0;0;0;0;0;0;0;0;0;0;0;0;0;0;0;0;0;0;0;0;0;0;1;1;1;1;1;1;1;1;1;1;1;1;1;1;1;1;1;1;1;0;0;0;0;0;0;0;0;0;0.0004;0.088;-0.0884;0;0;0;0;0;0;0;0;0;0;0;0;0;0;0;0;0;0;0;-15;0;0;0;0;0.0004;0;0;0;0;0;0;0;-0.0004;-0.0884;0;0;0;0;0;0;0;0;0;-0.7452;0;0.7452;1;1;0;0;0;0
25/04/21 18:00;0;0;90;0;0;90;0;0;0;0;11.99;3.06;0;0;0;0;0;0;0;0;0;0;0;0;0;1;1;1;1;0;0;0;0;0;0;0;0;0;0;0;0;0;0;0;0;0;0;0;0;0;0;0;0;0;0;0;0;0;0;0;0;0;0;0;1;1;1;1;1;1;1;1;1;1;1;1;1;1;1;1;1;1;1;0;0;0;0;0;0;0;0;0;0.0004;0.088;-0.0884;0;0;0;0;0;0;0;0;0;0;0;0;0;0;0;0;0;0;0;-11.99;0;0;0;0;0.0004;0;0;0;0;0;0;0;-0.0004;-0.0884;0;0;0;0;0;0;0;0;0;-0.7452;0;0.7452;1;1;0;0;0;0
25/04/21 19:00;0;0;90;0;0;90;0;0;0;0;10.73;3.05;0;0;0;0;0;0;0;0;0;0;0;0;0;1;1;1;1;0;0;0;0;0;0;0;0;0;0;0;0;0;0;0;0;0;0;0;0;0;0;0;0;0;0;0;0;0;0;0;0;0;0;0;1;1;1;1;1;1;1;1;1;1;1;1;1;1;1;1;1;1;1;0;0;0;0;0;0;0;0;0;0.0004;0.088;-0.0884;0;0;0;0;0;0;0;0;0;0;0;0;0;0;0;0;0;0;0;-10.73;0;0;0;0;0.0004;0;0;0;0;0;0;0;-0.0004;-0.0884;0;0;0;0;0;0;0;0;0;-0.7452;0;0.7452;1;1;0;0;0;0
25/04/21 20:00;0;0;90;0;0;90;0;0;0;0;10.04;3;0;0;0;0;0;0;0;0;0;0;0;0;0;1;1;1;1;0;0;0;0;0;0;0;0;0;0;0;0;0;0;0;0;0;0;0;0;0;0;0;0;0;0;0;0;0;0;0;0;0;0;0;1;1;1;1;1;1;1;1;1;1;1;1;1;1;1;1;1;1;1;0;0;0;0;0;0;0;0;0;0.0004;0.088;-0.0884;0;0;0;0;0;0;0;0;0;0;0;0;0;0;0;0;0;0;0;-10.04;0;0;0;0;0.0004;0;0;0;0;0;0;0;-0.0004;-0.0884;0;0;0;0;0;0;0;0;0;-0.7452;0;0.7452;1;1;0;0;0;0
25/04/21 21:00;0;0;90;0;0;90;0;0;0;0;9.7102;2.91;0;0;0;0;0;0;0;0;0;0;0;0;0;1;1;1;1;0;0;0;0;0;0;0;0;0;0;0;0;0;0;0;0;0;0;0;0;0;0;0;0;0;0;0;0;0;0;0;0;0;0;0;1;1;1;1;1;1;1;1;1;1;1;1;1;1;1;1;1;1;1;0;0;0;0;0;0;0;0;0;0.0004;0.088;-0.0884;0;0;0;0;0;0;0;0;0;0;0;0;0;0;0;0;0;0;0;-9.7102;0;0;0;0;0.0004;0;0;0;0;0;0;0;-0.0004;-0.0884;0;0;0;0;0;0;0;0;0;-0.7452;0;0.7452;1;1;0;0;0;0
25/04/21 22:00;0;0;90;0;0;90;0;0;0;0;8.7502;2.76;0;0;0;0;0;0;0;0;0;0;0;0;0;1;1;1;1;0;0;0;0;0;0;0;0;0;0;0;0;0;0;0;0;0;0;0;0;0;0;0;0;0;0;0;0;0;0;0;0;0;0;0;1;1;1;1;1;1;1;1;1;1;1;1;1;1;1;1;1;1;1;0;0;0;0;0;0;0;0;0;0.0004;0.088;-0.0884;0;0;0;0;0;0;0;0;0;0;0;0;0;0;0;0;0;0;0;-8.7502;0;0;0;0;0.0004;0;0;0;0;0;0;0;-0.0004;-0.0884;0;0;0;0;0;0;0;0;0;-0.7452;0;0.7452;1;1;0;0;0;0
25/04/21 23:00;0;0;90;0;0;90;0;0;0;0;7.7498;2.58;0;0;0;0;0;0;0;0;0;0;0;0;0;1;1;1;1;0;0;0;0;0;0;0;0;0;0;0;0;0;0;0;0;0;0;0;0;0;0;0;0;0;0;0;0;0;0;0;0;0;0;0;1;1;1;1;1;1;1;1;1;1;1;1;1;1;1;1;1;1;1;0;0;0;0;0;0;0;0;0;0.0004;0.088;-0.0884;0;0;0;0;0;0;0;0;0;0;0;0;0;0;0;0;0;0;0;-7.7498;0;0;0;0;0.0004;0;0;0;0;0;0;0;-0.0004;-0.0884;0;0;0;0;0;0;0;0;0;-0.7452;0;0.7452;1;1;0;0;0;0
26/04/21 00:00;0;0;90;0;0;90;0;0;0;0;6.9301;2.3801;0;0;0;0;0;0;0;0;0;0;0;0;0;1;1;1;1;0;0;0;0;0;0;0;0;0;0;0;0;0;0;0;0;0;0;0;0;0;0;0;0;0;0;0;0;0;0;0;0;0;0;0;1;1;1;1;1;1;1;1;1;1;1;1;1;1;1;1;1;1;1;0;0;0;0;0;0;0;0;0;0.0004;0.088;-0.0884;0;0;0;0;0;0;0;0;0;0;0;0;0;0;0;0;0;0;0;-6.9301;0;0;0;0;0.0004;0;0;0;0;0;0;0;-0.0004;-0.0884;0;0;0;0;0;0;0;0;0;-0.7452;0;0.7452;1;1;0;0;0;0
26/04/21 01:00;0;0;90;0;0;90;0;0;0;0;6.6097;2.18;0;0;0;0;0;0;0;0;0;0;0;0;0;1;1;1;1;0;0;0;0;0;0;0;0;0;0;0;0;0;0;0;0;0;0;0;0;0;0;0;0;0;0;0;0;0;0;0;0;0;0;0;1;1;1;1;1;1;1;1;1;1;1;1;1;1;1;1;1;1;1;0;0;0;0;0;0;0;0;0;0.0004;0.088;-0.0884;0;0;0;0;0;0;0;0;0;0;0;0;0;0;0;0;0;0;0;-6.6097;0;0;0;0;0.0004;0;0;0;0;0;0;0;-0.0004;-0.0884;0;0;0;0;0;0;0;0;0;-0.7452;0;0.7452;1;1;0;0;0;0
26/04/21 02:00;0;0;90;0;0;90;0;0;0;0;6.0001;1.96;0;0;0;0;0;0;0;0;0;0;0;0;0;1;1;1;1;0;0;0;0;0;0;0;0;0;0;0;0;0;0;0;0;0;0;0;0;0;0;0;0;0;0;0;0;0;0;0;0;0;0;0;1;1;1;1;1;1;1;1;1;1;1;1;1;1;1;1;1;1;1;0;0;0;0;0;0;0;0;0;0.0004;0.088;-0.0884;0;0;0;0;0;0;0;0;0;0;0;0;0;0;0;0;0;0;0;-6.0001;0;0;0;0;0.0004;0;0;0;0;0;0;0;-0.0004;-0.0884;0;0;0;0;0;0;0;0;0;-0.7452;0;0.7452;1;1;0;0;0;0
26/04/21 03:00;0;0;90;0;0;90;0;0;0;0;4.7198;1.72;0;0;0;0;0;0;0;0;0;0;0;0;0;1;1;1;1;0;0;0;0;0;0;0;0;0;0;0;0;0;0;0;0;0;0;0;0;0;0;0;0;0;0;0;0;0;0;0;0;0;0;0;1;1;1;1;1;1;1;1;1;1;1;1;1;1;1;1;1;1;1;0;0;0;0;0;0;0;0;0;0.0004;0.088;-0.0884;0;0;0;0;0;0;0;0;0;0;0;0;0;0;0;0;0;0;0;-4.7198;0;0;0;0;0.0004;0;0;0;0;0;0;0;-0.0004;-0.0884;0;0;0;0;0;0;0;0;0;-0.7452;0;0.7452;1;1;0;0;0;0
26/04/21 04:00;0;0;90;0;0;90;0;0;0;0;4.1201;1.54;0;0;0;0;0;0;0;0;0;0;0;0;0;1;1;1;1;0;0;0;0;0;0;0;0;0;0;0;0;0;0;0;0;0;0;0;0;0;0;0;0;0;0;0;0;0;0;0;0;0;0;0;1;1;1;1;1;1;1;1;1;1;1;1;1;1;1;1;1;1;1;0;0;0;0;0;0;0;0;0;0.0004;0.088;-0.0884;0;0;0;0;0;0;0;0;0;0;0;0;0;0;0;0;0;0;0;-4.1201;0;0;0;0;0.0004;0;0;0;0;0;0;0;-0.0004;-0.0884;0;0;0;0;0;0;0;0;0;-0.7452;0;0.7452;1;1;0;0;0;0
26/04/21 05:00;0;0;90;0;0;90;0;0;0;0;3.4102;1.57;0;0;0;0;0;0;0;0;0;0;0;0;0;1;1;1;1;0;0;0;0;0;0;0;0;0;0;0;0;0;0;0;0;0;0;0;0;0;0;0;0;0;0;0;0;0;0;0;0;0;0;0;1;1;1;1;1;1;1;1;1;1;1;1;1;1;1;1;1;1;1;0;0;0;0;0;0;0;0;0;0.0004;0.088;-0.0884;0;0;0;0;0;0;0;0;0;0;0;0;0;0;0;0;0;0;0;-3.4102;0;0;0;0;0.0004;0;0;0;0;0;0;0;-0.0004;-0.0884;0;0;0;0;0;0;0;0;0;-0.7452;0;0.7452;1;1;0;0;0;0
26/04/21 06:00;2.5486;-71.292;83.809;2.6906;3.8466;-90;-3.8466;3.9069;3.8979;0.009;2.7999;1.6899;0;0.0219;3.8929;0.0014;0;0.0009;3.9171;3.9171;0;0.0219;0;0;0;1;1;1;1;0;0;0;0;0;0;0;0;0;0;0;0;0;0;0;0;0;0;0;0;0;0;0;0;0;0;0;0;0;0;0;0;0;0;0;0;1;1;1;1;1;1;1;1;1;1;1;0;1;0;0;1;0;0;0;0;0;0;0;0;0;0;0;0.0004;0.088;-0.0884;0;0;0;0;0;0;0;0;0;0;0;0;0;0;0;0;0;0;0;-2.7999;0;0;0;0;0.0004;0;0;0;0;0;0;0;-0.0004;-0.0884;0;0;0;0;0;0;0;0;0;-0.7452;0;0.7452;1;1;0;0;0;0
26/04/21 07:00;10.514;-64.871;63.734;11.584;17.561;-90;-17.561;149.69;24.998;124.7;3.7499;2.02;0;302.42;12.042;30.726;0;0.6976;345.89;0;345.89;302.42;30.726;12.042;0.6976;0.8743;0.0368;0;0.002;345.08;0.8042;0;0;0.2237;0.5805;324.56;18.449;16.34;1.6601;0.4234;0.0259;343.01;2.0705;1.8145;0.1844;0.0709;0.0007;324.58;284.27;28.881;11.324;0.0906;8.074;6.4511;2.3174;0.0274;0.1082;1.5571;0.0188;1.6379;0;1;0;0;2.3106;0.9977;1;1;0.9814;0.1679;0.9462;0.9456;1;0.964;0.7777;0.994;0.994;1;0.994;0.994;0.9384;0.9404;0.1298;0.9844;0.9318;0.0056;0.0131;-0.018;0.0065;0.0231;0.0003;0;0;0.088;0.7771;0;0;0;0;0;0;0;0;0;0;0;0;0.0186;0.0023;0.8802;0.8802;0;19.524;19.524;15.774;0.0486;798.55;1102.2;1;0.0151;0.0151;0;0;0;0;0;0;0.8651;0.7771;0;16.815;19.471;14.846;17.191;98.289;98.289;8.3013;7.4224;6.5533;0.8789;0.8691;0.1059;0.1047;0.7894;7.401;0.7868;0
26/04/21 08:00;21.103;-54.447;33.139;25.377;60;-90;-60;341.6;57.1;284.5;8.59;0.69;0;661.67;17.729;77.822;0;17.08;774.3;0;774.3;661.67;77.822;17.729;17.08;0.8545;0.045;0;0.0221;756.18;18.119;0;0;2.2211;15.898;748.91;2.7327;1.8889;0.2222;0.5454;0.0763;751.64;4.5371;3.97;0.4669;0.093;0.0071;750.09;655.81;77.133;14.869;1.0989;29.987;23.96;10.718;2.9682;0.4511;6.4896;1.1825;3.9725;0;1;0;0;2.2667;0.9766;1;1;0.8747;0.0692;0.9964;0.9971;1;0.9646;0.9351;0.994;0.994;1;0.994;0.994;0.9672;0.8387;0.0643;2.2036;2.1591;0.013;-0.0013;0.1561;0.0139;0.0494;0.0011;0;0;0.088;1.7573;0;0;0;0;0;0;0;0;0;0;0;0;0.0398;0.011;1.8759;1.8759;0;45.642;45.642;37.052;0.0495;1860.5;1008.3;1;0.0306;0.0306;0;0;0;0;0;0;1.8453;1.7573;0;16.009;18.538;14.997;17.366;98.369;98.369;18.583;15.82;14.82;2.7634;1.0002;0.1487;0.0538;0.7975;15.439;0.7925;0
26/04/21 09:00;30.252;-41.835;40.061;41.167;48.833;-90;-48.833;509.09;83.801;425.29;12.47;0.7299;0;646.08;25.983;79.7;0;17.398;769.17;0;769.17;646.08;79.7;25.983;17.398;0.84;0.0564;0;0.0226;750.6;18.561;0;0;2.4149;16.146;740.28;5.8229;4.4445;0.5483;0.7738;0.0564;746.1;4.5036;3.8765;0.4782;0.1414;0.0075;744.3;637.76;78.674;22.653;1.1876;200.02;159.81;63.871;2.1094;2.3545;33.868;4.0198;34.113;0;1;0;0;1.5109;0.9759;1;1;0.9071;0.0719;0.9922;0.9931;1;0.967;0.9546;0.994;0.994;1;0.994;0.994;0.9624;0.8718;0.0683;2.189;2.1973;0.0132;-0.0015;0.1867;0.014;0.0496;0.0059;0;0;0.088;1.7597;0;0;0;0;0;0;0;0;0;0;0;0;0.04;0.0114;1.878;1.878;0;49.203;49.203;36.733;0.0496;1893;992.09;1;0.0303;0.0303;0;0;0;0;0;0;1.8477;1.7597;0;16.134;18.683;15.118;17.506;98.385;98.385;18.46;15.838;14.84;2.6223;0.9979;0.1421;0.0541;0.8039;20.055;0.7782;0
26/04/21 10:00;37.154;-26.371;45.568;59.622;30.378;-90;-30.378;626.9;103.2;523.71;15.06;1.1801;0;607.05;34.306;76.925;0;8.6068;726.89;0;726.89;607.05;76.925;34.306;8.6068;0.8351;0.059;0;0.0118;717.82;9.0699;0;0;1.5478;7.5221;705.37;8.1409;6.119;0.7754;1.0603;0.1862;713.51;4.3069;3.6423;0.4616;0.1965;0.0065;707.77;597.29;75.688;31.501;0.892;332.1;265.35;108.23;0.5446;3.5755;51.432;2.4006;54.463;0;1;0;0;1.1595;0.9875;1;1;0.9549;0.126;0.9886;0.9899;1;0.9674;0.8273;0.994;0.994;1;0.994;0.994;0.9704;0.9182;0.1036;2.0687;2.128;0.0128;-0.0011;0.1877;0.0135;0.0479;0.0089;0;0;0.088;1.6922;0;0;0;0;0;0;0;0;0;0;0;0;0.0386;0.0107;1.8091;1.8091;0;50.09;50.09;35.03;0.0497;1831.8;987.62;1;0.0289;0.0289;0;0;0;0;0;0;1.7802;1.6922;0;16.446;19.044;15.383;17.813;98.401;98.401;17.445;15.256;14.27;2.189;0.9861;0.1255;0.0565;0.818;22.67;0.7768;0
26/04/21 11:00;40.819;-8.1872;48.509;80.638;9.362;-90;-9.362;687.5;113.5;574;16.96;1.72;0;581.75;39.324;74.912;0;0.9157;696.9;0;696.9;581.75;74.912;39.324;0.9157;0.8348;0.0577;0;0.0013;695.88;1.0144;0;0;0.2539;0.7606;682.33;9.379;6.8588;0.8832;1.6024;0.0346;691.71;4.1753;3.4905;0.4495;0.2344;0.0009;682.5;571.4;73.58;37.234;0.1196;402.02;321.21;128.98;0.009;4.4183;63.556;0.1707;67.965;0;1;0;0;1.0137;0.9985;1;1;0.9935;0.1694;0.9864;0.9881;1;0.9587;0.7756;0.994;0.994;1;0.994;0.994;0.9791;0.9468;0.1306;1.9833;2.08;0.0125;-0.0008;0.1894;0.0132;0.0466;0.0109;0;0;0.088;1.6444;0;0;0;0;0;0;0;0;0;0;0;0;0.0376;0.0102;1.7604;1.7604;0;50.87;50.87;33.91;0.0497;1789.4;983.78;1;0.0279;0.0279;0;0;0;0;0;0;1.7324;1.6444;0;16.692;19.329;15.593;18.056;98.413;98.413;16.726;14.845;13.868;1.8801;0.9776;0.1124;0.0585;0.8291;23.537;0.7761;0
26/04/21 12:00;40.51;11.058;48.26;77.347;12.653;90;12.653;681.5;115.7;565.81;18.24;2.1599;0;579.89;40.463;76.597;0;1.6551;698.6;0;698.6;579.89;76.597;40.463;1.6551;0.8301;0.0603;0;0.0024;696.79;1.8118;0;0;0.4343;1.3775;683.34;9.2671;6.753;0.892;1.5599;0.0622;692.61;4.1808;3.4793;0.4596;0.2402;0.0017;683.69;569.66;75.246;38.228;0.2138;395.62;316.1;128.5;0.0287;4.2465;61.085;0.3502;65.302;0;1;0;0;1.0251;0.9974;1;1;0.9893;0.1677;0.9866;0.9883;1;0.9608;0.7747;0.994;0.994;1;0.994;0.994;0.9782;0.9448;0.1292;1.9882;2.0785;0.0125;-0.0008;0.1995;0.0131;0.0464;0.0104;0;0;0.088;1.6342;0;0;0;0;0;0;0;0;0;0;0;0;0.0373;0.0102;1.7499;1.7499;0;52.239;52.239;33.999;0.0498;1788.8;978.22;1;0.0276;0.0276;0;0;0;0;0;0;1.7222;1.6342;0;16.552;19.166;15.458;17.9;98.421;98.421;16.767;14.757;13.782;2.0098;0.9751;0.1199;0.0582;0.822;24.432;0.7715;0
26/04/21 13:00;36.295;28.898;44.88;56.656;33.344;90;33.344;603.7;119.4;484.29;18.94;2.4799;0;579.73;43.09;86.724;0;9.938;719.48;0;719.48;579.73;86.724;43.09;9.938;0.8058;0.0737;0;0.0138;708.37;11.113;0;0;2.2605;8.8526;696.19;7.9312;5.6119;0.8395;1.3129;0.1668;704.12;4.2502;3.4784;0.5203;0.245;0.0065;698.96;570.64;85.364;39.272;0.9121;312.39;249.6;103.33;0.9422;3.2919;47.353;2.7773;49.703;0;1;0;0;1.1918;0.9846;1;1;0.9475;0.1092;0.9887;0.9903;1;0.9676;0.8454;0.994;0.994;1;0.994;0.994;0.9676;0.9114;0.0918;2.0476;2.0946;0.0126;-0.0009;0.2114;0.0131;0.0465;0.008;0;0;0.088;1.6405;0;0;0;0;0;0;0;0;0;0;0;0;0.0374;0.0104;1.7562;1.7562;0;53.615;53.615;34.676;0.0498;1804.5;973.21;1;0.0276;0.0276;0;0;0;0;0;0;1.7285;1.6405;0;16.129;18.677;15.067;17.447;98.426;98.426;17.268;14.81;13.835;2.4577;0.9753;0.1423;0.0565;0.8012;29.093;0.7636;0
26/04/21 14:00;28.992;43.909;39.062;38.625;51.375;90;51.375;483.6;117.5;366.1;19.26;2.7199;0;586.48;41.971;105.44;0;18.172;752.07;0;752.07;586.48;105.44;41.971;18.172;0.7798;0.08;0;0.0242;730.86;21.207;0;0;4.213;16.994;720.82;5.6606;3.6937;0.6641;1.2536;0.0492;726.48;4.3852;3.5189;0.6326;0.2265;0.0071;724.95;579.27;104.14;36.278;1.1219;181.25;144.82;57.755;4.0613;2.2812;32.814;4.1361;31.034;0;1;0;0;1.5552;0.9718;1;1;0.8996;0.0648;0.9922;0.9937;1;0.9666;0.958;0.994;0.994;1;0.994;0.994;0.9584;0.8644;0.0617;2.1403;2.1399;0.0129;-0.0012;0.2281;0.0133;0.0472;0.0055;0;0;0.088;1.6692;0;0;0;0;0;0;0;0;0;0;0;0;0.038;0.0109;1.7852;1.7852;0;55.207;55.207;35.947;0.0499;1845.4;967.42;1;0.0281;0.0281;0;0;0;0;0;0;1.7572;1.6692;0;15.686;18.164;14.666;16.983;98.427;98.427;18.05;15.055;14.076;2.9944;0.979;0.1659;0.0542;0.7799;33.227;0.7552;0
26/04/21 15:00;19.581;56.141;35.63;23.188;49.547;90;49.547;291.4;138.6;152.8;19.28;2.3099;0;370.58;75.628;113.66;0;10.233;570.1;0;570.1;370.58;113.66;75.628;10.233;0.65;0.1506;0;0.018;553.34;16.757;0;0;7.2027;9.5541;545.65;4.3665;1.5946;0.4891;2.2526;0.0302;550.02;3.32;2.2235;0.682;0.4106;0.0041;546.94;366.76;112.49;65.762;0.6449;59.758;47.746;21.15;6.4464;0.9471;13.624;1.2859;8.1246;0;1;0;0;1.9564;0.9706;1;1;0.9048;0.0664;0.9921;0.9957;1;0.9669;0.9553;0.994;0.994;1;0.994;0.994;0.9571;0.8695;0.063;1.6225;1.5921;0.0096;0.0039;0.12;0.0102;0.0362;0.0024;0;0;0.088;1.2654;0;0;0;0;0;0;0;0;0;0;0;0;0.0292;0.0062;1.3744;1.3744;0;46.317;46.317;27.037;0.0495;1371.5;1002.1;1;0.021;0.021;0;0;0;0;0;0;1.3534;1.2654;0;15.931;18.447;14.667;16.984;98.472;98.472;13.682;11.59;10.671;2.0919;0.9192;0.1529;0.0672;0.7799;58.78;0.7662;0
26/04/21 16:00;8.8278;66.305;68.149;9.626;14.299;90;14.299;107.79;88.597;19.195;18.75;2.4799;0;46.553;79.134;19.931;0;0.334;145.95;0;145.95;46.553;19.931;79.134;0.334;0.319;0.5445;0;0.0023;144.63;1.3218;0;0;1.0436;0.2781;134.96;8.8022;4.0817;1.7475;2.9605;0.0125;143.76;0.8678;0.2793;0.1196;0.4685;0.0003;135.01;42.192;18.064;74.661;0.043;48.173;38.49;14.899;0.0863;0.5711;8.215;0.0539;8.6998;0;1;0;0;1.354;0.9909;1;1;0.9868;0.1672;0.9388;0.9118;1;0.9619;0.775;0.994;0.994;1;0.994;0.994;0.9247;0.9435;0.1288;0.4154;0.4027;0.0024;0.0172;0.0006;0.0027;0.0095;0.0015;0;0;0.088;0.2649;0;0;0;0;0;0;0;0;0;0;0;0;0.0076;0.0006;0.3607;0.3607;0;25.387;25.387;6.6377;0.0492;344.09;1048.2;1;0.0078;0.0078;0;0;0;0;0;0;0.3529;0.2649;0;16.329;18.909;11.994;13.888;97.848;97.848;3.5028;3.0415;2.234;0.4613;0.8076;0.1317;0.2305;0.6378;48.039;0.612;0
26/04/21 17:00;1.5675;72.031;86.196;1.6479;2.3513;90;2.3513;0;0;0;15.73;2.7899;0;0;0;0;0;0;0;0;0;0;0;0;0;1;1;1;1;0;0;0;0;0;0;0;0;0;0;0;0;0;0;0;0;0;0;0;0;0;0;0;0;0;0;0;0;0;0;0;0;0;0;0;1;1;1;1;1;1;1;1;1;1;1;1;1;1;1;1;1;1;1;0;0;0;0;0;0;0;0;0;0.0004;0.088;-0.0884;0;0;0;0;0;0;0;0;0;0;0;0;0;0;0;0;0;0;0;-15.73;0;0;0;0;0.0004;0;0;0;0;0;0;0;-0.0004;-0.0884;0;0;0;0;0;0;0;0;0;-0.7452;0;0.7452;1;1;0;0;0;0
26/04/21 18:00;0;0;90;0;0;90;0;0;0;0;12.98;2.9;0;0;0;0;0;0;0;0;0;0;0;0;0;1;1;1;1;0;0;0;0;0;0;0;0;0;0;0;0;0;0;0;0;0;0;0;0;0;0;0;0;0;0;0;0;0;0;0;0;0;0;0;1;1;1;1;1;1;1;1;1;1;1;1;1;1;1;1;1;1;1;0;0;0;0;0;0;0;0;0;0.0004;0.088;-0.0884;0;0;0;0;0;0;0;0;0;0;0;0;0;0;0;0;0;0;0;-12.98;0;0;0;0;0.0004;0;0;0;0;0;0;0;-0.0004;-0.0884;0;0;0;0;0;0;0;0;0;-0.7452;0;0.7452;1;1;0;0;0;0
26/04/21 19:00;0;0;90;0;0;90;0;0;0;0;11.78;2.8699;0;0;0;0;0;0;0;0;0;0;0;0;0;1;1;1;1;0;0;0;0;0;0;0;0;0;0;0;0;0;0;0;0;0;0;0;0;0;0;0;0;0;0;0;0;0;0;0;0;0;0;0;1;1;1;1;1;1;1;1;1;1;1;1;1;1;1;1;1;1;1;0;0;0;0;0;0;0;0;0;0.0004;0.088;-0.0884;0;0;0;0;0;0;0;0;0;0;0;0;0;0;0;0;0;0;0;-11.78;0;0;0;0;0.0004;0;0;0;0;0;0;0;-0.0004;-0.0884;0;0;0;0;0;0;0;0;0;-0.7452;0;0.7452;1;1;0;0;0;0
26/04/21 20:00;0;0;90;0;0;90;0;0;0;0;10.97;2.73;0;0;0;0;0;0;0;0;0;0;0;0;0;1;1;1;1;0;0;0;0;0;0;0;0;0;0;0;0;0;0;0;0;0;0;0;0;0;0;0;0;0;0;0;0;0;0;0;0;0;0;0;1;1;1;1;1;1;1;1;1;1;1;1;1;1;1;1;1;1;1;0;0;0;0;0;0;0;0;0;0.0004;0.088;-0.0884;0;0;0;0;0;0;0;0;0;0;0;0;0;0;0;0;0;0;0;-10.97;0;0;0;0;0.0004;0;0;0;0;0;0;0;-0.0004;-0.0884;0;0;0;0;0;0;0;0;0;-0.7452;0;0.7452;1;1;0;0;0;0
26/04/21 21:00;0;0;90;0;0;90;0;0;0;0;10.12;2.49;0;0;0;0;0;0;0;0;0;0;0;0;0;1;1;1;1;0;0;0;0;0;0;0;0;0;0;0;0;0;0;0;0;0;0;0;0;0;0;0;0;0;0;0;0;0;0;0;0;0;0;0;1;1;1;1;1;1;1;1;1;1;1;1;1;1;1;1;1;1;1;0;0;0;0;0;0;0;0;0;0.0004;0.088;-0.0884;0;0;0;0;0;0;0;0;0;0;0;0;0;0;0;0;0;0;0;-10.12;0;0;0;0;0.0004;0;0;0;0;0;0;0;-0.0004;-0.0884;0;0;0;0;0;0;0;0;0;-0.7452;0;0.7452;1;1;0;0;0;0
26/04/21 22:00;0;0;90;0;0;90;0;0;0;0;9.2801;2.2201;0;0;0;0;0;0;0;0;0;0;0;0;0;1;1;1;1;0;0;0;0;0;0;0;0;0;0;0;0;0;0;0;0;0;0;0;0;0;0;0;0;0;0;0;0;0;0;0;0;0;0;0;1;1;1;1;1;1;1;1;1;1;1;1;1;1;1;1;1;1;1;0;0;0;0;0;0;0;0;0;0.0004;0.088;-0.0884;0;0;0;0;0;0;0;0;0;0;0;0;0;0;0;0;0;0;0;-9.2801;0;0;0;0;0.0004;0;0;0;0;0;0;0;-0.0004;-0.0884;0;0;0;0;0;0;0;0;0;-0.7452;0;0.7452;1;1;0;0;0;0
26/04/21 23:00;0;0;90;0;0;90;0;0;0;0;5.2097;2.02;0;0;0;0;0;0;0;0;0;0;0;0;0;1;1;1;1;0;0;0;0;0;0;0;0;0;0;0;0;0;0;0;0;0;0;0;0;0;0;0;0;0;0;0;0;0;0;0;0;0;0;0;1;1;1;1;1;1;1;1;1;1;1;1;1;1;1;1;1;1;1;0;0;0;0;0;0;0;0;0;0.0004;0.088;-0.0884;0;0;0;0;0;0;0;0;0;0;0;0;0;0;0;0;0;0;0;-5.2097;0;0;0;0;0.0004;0;0;0;0;0;0;0;-0.0004;-0.0884;0;0;0;0;0;0;0;0;0;-0.7452;0;0.7452;1;1;0;0;0;0
27/04/21 00:00;0;0;90;0;0;90;0;0;0;0;5.3101;1.96;0;0;0;0;0;0;0;0;0;0;0;0;0;1;1;1;1;0;0;0;0;0;0;0;0;0;0;0;0;0;0;0;0;0;0;0;0;0;0;0;0;0;0;0;0;0;0;0;0;0;0;0;1;1;1;1;1;1;1;1;1;1;1;1;1;1;1;1;1;1;1;0;0;0;0;0;0;0;0;0;0.0004;0.088;-0.0884;0;0;0;0;0;0;0;0;0;0;0;0;0;0;0;0;0;0;0;-5.3101;0;0;0;0;0.0004;0;0;0;0;0;0;0;-0.0004;-0.0884;0;0;0;0;0;0;0;0;0;-0.7452;0;0.7452;1;1;0;0;0;0
27/04/21 01:00;0;0;90;0;0;90;0;0;0;0;4.1999;2.0701;0;0;0;0;0;0;0;0;0;0;0;0;0;1;1;1;1;0;0;0;0;0;0;0;0;0;0;0;0;0;0;0;0;0;0;0;0;0;0;0;0;0;0;0;0;0;0;0;0;0;0;0;1;1;1;1;1;1;1;1;1;1;1;1;1;1;1;1;1;1;1;0;0;0;0;0;0;0;0;0;0.0004;0.088;-0.0884;0;0;0;0;0;0;0;0;0;0;0;0;0;0;0;0;0;0;0;-4.1999;0;0;0;0;0.0004;0;0;0;0;0;0;0;-0.0004;-0.0884;0;0;0;0;0;0;0;0;0;-0.7452;0;0.7452;1;1;0;0;0;0
27/04/21 02:00;0;0;90;0;0;90;0;0;0;0;4.1999;2.26;0;0;0;0;0;0;0;0;0;0;0;0;0;1;1;1;1;0;0;0;0;0;0;0;0;0;0;0;0;0;0;0;0;0;0;0;0;0;0;0;0;0;0;0;0;0;0;0;0;0;0;0;1;1;1;1;1;1;1;1;1;1;1;1;1;1;1;1;1;1;1;0;0;0;0;0;0;0;0;0;0.0004;0.088;-0.0884;0;0;0;0;0;0;0;0;0;0;0;0;0;0;0;0;0;0;0;-4.1999;0;0;0;0;0.0004;0;0;0;0;0;0;0;-0.0004;-0.0884;0;0;0;0;0;0;0;0;0;-0.7452;0;0.7452;1;1;0;0;0;0
27/04/21 03:00;0;0;90;0;0;90;0;0;0;0;4.1999;2.4699;0;0;0;0;0;0;0;0;0;0;0;0;0;1;1;1;1;0;0;0;0;0;0;0;0;0;0;0;0;0;0;0;0;0;0;0;0;0;0;0;0;0;0;0;0;0;0;0;0;0;0;0;1;1;1;1;1;1;1;1;1;1;1;1;1;1;1;1;1;1;1;0;0;0;0;0;0;0;0;0;0.0004;0.088;-0.0884;0;0;0;0;0;0;0;0;0;0;0;0;0;0;0;0;0;0;0;-4.1999;0;0;0;0;0.0004;0;0;0;0;0;0;0;-0.0004;-0.0884;0;0;0;0;0;0;0;0;0;-0.7452;0;0.7452;1;1;0;0;0;0
27/04/21 04:00;0;0;90;0;0;90;0;0;0;0;4.1999;2.6901;0;0;0;0;0;0;0;0;0;0;0;0;0;1;1;1;1;0;0;0;0;0;0;0;0;0;0;0;0;0;0;0;0;0;0;0;0;0;0;0;0;0;0;0;0;0;0;0;0;0;0;0;1;1;1;1;1;1;1;1;1;1;1;1;1;1;1;1;1;1;1;0;0;0;0;0;0;0;0;0;0.0004;0.088;-0.0884;0;0;0;0;0;0;0;0;0;0;0;0;0;0;0;0;0;0;0;-4.1999;0;0;0;0;0.0004;0;0;0;0;0;0;0;-0.0004;-0.0884;0;0;0;0;0;0;0;0;0;-0.7452;0;0.7452;1;1;0;0;0;0
27/04/21 05:00;0;0;90;0;0;90;0;0;0;0;4.1999;2.8799;0;0;0;0;0;0;0;0;0;0;0;0;0;1;1;1;1;0;0;0;0;0;0;0;0;0;0;0;0;0;0;0;0;0;0;0;0;0;0;0;0;0;0;0;0;0;0;0;0;0;0;0;1;1;1;1;1;1;1;1;1;1;1;1;1;1;1;1;1;1;1;0;0;0;0;0;0;0;0;0;0.0004;0.088;-0.0884;0;0;0;0;0;0;0;0;0;0;0;0;0;0;0;0;0;0;0;-4.1999;0;0;0;0;0.0004;0;0;0;0;0;0;0;-0.0004;-0.0884;0;0;0;0;0;0;0;0;0;-0.7452;0;0.7452;1;1;0;0;0;0
27/04/21 06:00;2.3872;-71.015;84.202;2.5244;3.6076;-90;-3.6076;3.399;3.399;0;3.9998;2.83;0;0;3.3957;0;0;0.0007;3.3963;3.3963;0;0;0;0;0;1;1;1;1;0;0;0;0;0;0;0;0;0;0;0;0;0;0;0;0;0;0;0;0;0;0;0;0;0;0;0;0;0;0;0;0;0;0;0;0;1;1;1;1;1;1;1;1;1;1;1;1;1;0;0;1;0;0;0;0;0;0;0;0;0;0;0;0.0004;0.088;-0.0884;0;0;0;0;0;0;0;0;0;0;0;0;0;0;0;0;0;0;0;-3.9998;0;0;0;0;0.0004;0;0;0;0;0;0;0;-0.0004;-0.0884;0;0;0;0;0;0;0;0;0;-0.7452;0;0.7452;1;1;0;0;0;0
27/04/21 07:00;10.337;-64.599;64.203;11.415;17.271;-90;-17.271;135.71;29.102;106.6;4.1999;3.2799;0;258.55;15.906;31.114;0;0.6119;306.18;0;306.18;258.55;31.114;15.906;0.6119;0.8444;0.0539;0;0.002;305.38;0.7963;0;0;0.2873;0.509;286.51;17.036;14.684;1.7671;0.5624;0.0228;303.55;1.8323;1.5513;0.1867;0.0937;0.0006;286.54;242.31;29.161;14.963;0.0795;10.35;8.2694;3.0405;0.0341;0.1341;1.9296;0.0219;2.0297;0;1;0;0;2.2562;0.9974;1;1;0.9819;0.1681;0.9439;0.9429;1;0.9638;0.7775;0.994;0.994;1;0.994;0.994;0.9358;0.9407;0.1299;0.8714;0.8237;0.005;0.0145;-0.02;0.0058;0.0205;0.0004;0;0;0.088;0.6777;0;0;0;0;0;0;0;0;0;0;0;0;0.0165;0.0019;0.7793;0.7793;0;18.12;18.12;13.92;0.0486;705.77;1104.1;1;0.0136;0.0136;0;0;0;0;0;0;0.7657;0.6777;0;16.818;19.475;14.626;16.936;98.257;98.257;7.3483;6.5717;5.715;0.7766;0.8567;0.1057;0.1166;0.7777;9.7646;0.7741;0
27/04/21 08:00;20.897;-54.184;33.446;25.213;60;-90;-60;326.7;59.502;267.19;8.8899;1.97;0;625.06;19.822;77.369;0;16.335;738.58;0;738.58;625.06;77.369;19.822;16.335;0.8463;0.049;0;0.0221;720.89;17.687;0;0;2.4833;15.204;713.75;2.8133;1.8959;0.2347;0.6098;0.0729;716.57;4.3254;3.7503;0.4642;0.104;0.0068;714.96;619.41;76.67;16.624;1.0509;29.322;23.429;10.289;3.3179;0.4805;6.9124;1.2055;4.075;0;1;0;0;2.2608;0.9761;1;1;0.8747;0.0692;0.9961;0.9969;1;0.9646;0.9351;0.994;0.994;1;0.994;0.994;0.9664;0.8387;0.0643;2.1019;2.0594;0.0124;-0.0007;0.1382;0.0134;0.0474;0.0012;0;0;0.088;1.682;0;0;0;0;0;0;0;0;0;0;0;0;0.0382;0.0101;1.7992;1.7992;0;44.163;44.163;35.273;0.0494;1773.1;1014.8;1;0.0293;0.0293;0;0;0;0;0;0;1.77;1.682;0;16.098;18.641;15.048;17.426;98.374;98.374;17.726;15.173;14.184;2.5526;0.9889;0.144;0.0558;0.8002;17.261;0.7946;0
27/04/21 09:00;30.01;-41.591;40.364;41.026;48.974;-90;-48.974;487.7;84.699;403;12.46;1.4499;0;613.95;28.208;77.147;0;16.757;736.07;0;736.07;613.95;77.147;28.208;16.757;0.8341;0.0611;0;0.0228;717.88;18.187;0;0;2.6326;15.554;707.8;5.7694;4.3313;0.5443;0.8401;0.0538;713.57;4.3073;3.6837;0.4629;0.1535;0.0072;711.7;605.94;76.14;24.582;1.1419;191.88;153.31;61.291;2.3124;2.2764;32.745;3.8937;32.709;0;1;0;0;1.5093;0.9753;1;1;0.9067;0.0718;0.9919;0.9929;1;0.967;0.955;0.994;0.994;1;0.994;0.994;0.9616;0.8714;0.0681;2.0948;2.1018;0.0127;-0.001;0.1663;0.0135;0.0478;0.0057;0;0;0.088;1.6909;0;0;0;0;0;0;0;0;0;0;0;0;0.0385;0.0105;1.808;1.808;0;47.537;47.537;35.077;0.0496;1809.5;999.16;1;0.0291;0.0291;0;0;0;0;0;0;1.7789;1.6909;0;16.231;18.795;15.18;17.578;98.389;98.389;17.666;15.247;14.259;2.4185;0.9878;0.1369;0.0559;0.8072;21.802;0.7812;0
27/04/21 10:00;36.873;-26.178;45.883;59.538;30.462;-90;-30.462;603.89;103.5;500.4;15.72;1.4499;0;580.53;36.732;74.298;0;8.3357;699.89;0;699.89;580.53;74.298;36.732;8.3357;0.8295;0.0644;0;0.0119;690.94;8.9527;0;0;1.6646;7.2881;678.76;8.0347;5.9581;0.7625;1.1348;0.1793;686.79;4.1456;3.4832;0.4458;0.2104;0.0063;681.09;571.09;73.09;33.722;0.8621;320.05;255.72;104.31;0.5885;3.4493;49.617;2.3289;52.478;0;1;0;0;1.159;0.9872;1;1;0.9547;0.1257;0.9883;0.9897;1;0.9674;0.8278;0.994;0.994;1;0.994;0.994;0.9698;0.9181;0.1034;1.9918;2.048;0.0123;-0.0006;0.1759;0.013;0.0462;0.0086;0;0;0.088;1.6298;0;0;0;0;0;0;0;0;0;0;0;0;0.0372;0.0099;1.7455;1.7455;0;49.412;49.412;33.693;0.0496;1762.3;990.5;1;0.0278;0.0278;0;0;0;0;0;0;1.7178;1.6298;0;16.48;19.084;15.387;17.818;98.409;98.409;16.797;14.72;13.744;2.0772;0.9763;0.1237;0.0581;0.8182;24.288;0.777;0
27/04/21 11:00;40.508;-8.0865;48.83;80.65;9.3501;-90;-9.3501;663.71;114.9;548.81;18.6;1.33;0;556.2;42.582;73.002;0;0.8818;672.66;0;672.66;556.2;73.002;42.582;0.8818;0.8269;0.0646;0;0.0013;671.66;1.0067;0;0;0.2743;0.7324;658.32;9.3044;6.6612;0.8743;1.7355;0.0333;667.63;4.0299;3.3372;0.438;0.2538;0.0009;658.49;546.2;71.69;40.318;0.1152;388.16;310.14;124.49;0.0097;4.2688;61.405;0.1641;65.664;0;1;0;0;1.0135;0.9985;1;1;0.9936;0.1694;0.9861;0.988;1;0.9587;0.7756;0.994;0.994;1;0.994;0.994;0.9787;0.9468;0.1306;1.9143;2.007;0.0121;-0.0003;0.1863;0.0127;0.0449;0.0105;0;0;0.088;1.5805;0;0;0;0;0;0;0;0;0;0;0;0;0.0362;0.0096;1.6951;1.6951;0;51.333;51.333;32.733;0.0497;1726.5;981.85;1;0.0267;0.0267;0;0;0;0;0;0;1.6685;1.5805;0;16.652;19.283;15.526;17.979;98.428;98.428;16.144;14.295;13.328;1.8488;0.9669;0.1145;0.0599;0.8256;25.486;0.7728;0
27/04/21 12:00;40.189;11.041;48.571;77.227;12.773;90;12.773;660.89;119.7;541.19;20.08;1.1299;0;554.93;44.655;76.378;0;1.6356;677.59;0;677.59;554.93;76.378;44.655;1.6356;0.819;0.0683;0;0.0024;675.75;1.8483;0;0;0.487;1.3613;662.45;9.245;6.5625;0.9032;1.7178;0.0614;671.69;4.0545;3.3296;0.4583;0.265;0.0016;662.79;545.03;75.016;42.185;0.2112;383.63;306.52;124.56;0.0328;4.1215;59.286;0.3472;63.375;0;1;0;0;1.0253;0.9973;1;1;0.9891;0.1677;0.9862;0.9881;1;0.9609;0.7748;0.994;0.994;1;0.994;0.994;0.9776;0.9447;0.1291;1.9284;2.015;0.0121;-0.0004;0.1995;0.0126;0.0448;0.0101;0;0;0.088;1.5761;0;0;0;0;0;0;0;0;0;0;0;0;0.0361;0.0097;1.6905;1.6905;0;53.064;53.064;32.984;0.0498;1734.3;974.76;1;0.0264;0.0264;0;0;0;0;0;0;1.6641;1.5761;0;16.486;19.091;15.37;17.799;98.436;98.436;16.262;14.257;13.292;2.0057;0.965;0.1233;0.0593;0.8173;26.974;0.7671;0
27/04/21 13:00;35.988;28.781;45.168;56.457;33.543;90;33.543;585.1;127.9;457.2;20.49;0.83;0;548.56;49.558;88.591;0;9.7438;696.45;0;696.45;548.56;88.591;49.558;9.7438;0.7876;0.0851;0;0.014;685.14;11.312;0;0;2.6243;8.6878;673.08;7.944;5.4021;0.8724;1.5088;0.1607;681.03;4.1108;3.2913;0.5315;0.2816;0.0063;675.82;539.86;87.187;45.143;0.889;303.13;242.2;100.27;1.1056;3.2063;46.122;2.7343;48.222;0;1;0;0;1.1903;0.9838;1;1;0.947;0.1084;0.9883;0.9901;1;0.9677;0.8469;0.994;0.994;1;0.994;0.994;0.9664;0.9109;0.0912;1.982;2.0259;0.0122;-0.0005;0.2076;0.0126;0.0448;0.0078;0;0;0.088;1.5809;0;0;0;0;0;0;0;0;0;0;0;0;0.0361;0.0098;1.6954;1.6954;0;54.029;54.029;33.539;0.0498;1745.2;971.43;1;0.0265;0.0265;0;0;0;0;0;0;1.6689;1.5809;0;16.086;18.627;15;17.369;98.439;98.439;16.715;14.297;13.332;2.4175;0.9653;0.1446;0.0578;0.7976;33.51;0.7599;0
27/04/21 14:00;28.711;43.733;39.326;38.391;51.609;90;51.609;438.2;154.6;283.6;21;0.4899;0;456.67;70.414;109.05;0;16.607;652.74;0;652.74;456.67;109.05;70.414;16.607;0.6996;0.1333;0;0.0254;630.09;22.648;0;0;7.115;15.533;620.51;5.7986;2.9463;0.7035;2.104;0.0447;626.31;3.7806;2.74;0.6543;0.3798;0.0064;624.6;450.99;107.69;60.816;1.0229;175.09;139.89;56.709;6.9192;2.3388;33.643;4.0826;29.062;0;1;0;0;1.4896;0.9653;1;1;0.899;0.0647;0.9907;0.9935;1;0.9666;0.9581;0.994;0.994;1;0.994;0.994;0.9506;0.8637;0.0616;1.8577;1.8544;0.0112;0.001;0.1761;0.0117;0.0414;0.0057;0;0;0.088;1.4536;0;0;0;0;0;0;0;0;0;0;0;0;0.0333;0.0083;1.5658;1.5658;0;51.872;51.872;30.872;0.0498;1596.7;980.68;1;0.0242;0.0242;0;0;0;0;0;0;1.5416;1.4536;0;15.851;18.356;14.716;17.041;98.456;98.456;15.666;13.205;12.259;2.4611;0.946;0.1571;0.0604;0.7825;55.88;0.7534;0
27/04/21 15:00;19.326;55.934;36.619;22.945;48.052;90;48.052;273.8;147.8;126;21.16;0.4099;0;305.58;88.467;101.26;0;9.0775;504.39;0;504.39;305.58;101.26;88.467;9.0775;0.6058;0.1934;0;0.018;487.87;16.519;0;0;8.0585;8.4602;480.3;4.646;1.4906;0.4939;2.6315;0.03;484.94;2.9272;1.8335;0.6076;0.4825;0.0037;481.8;302.26;100.16;77.295;0.5837;68.58;54.795;23.482;6.7796;1.0981;15.796;1.5023;10.114;0;1;0;0;1.8422;0.9673;1;1;0.9089;0.068;0.9904;0.9951;1;0.9671;0.9511;0.994;0.994;1;0.994;0.994;0.9522;0.8737;0.0643;1.4354;1.4101;0.0085;0.0064;0.0998;0.0091;0.0322;0.0028;0;0;0.088;1.1138;0;0;0;0;0;0;0;0;0;0;0;0;0.0259;0.005;1.2206;1.2206;0;44.946;44.946;23.786;0.0495;1214.7;1004.9;1;0.0188;0.0188;0;0;0;0;0;0;1.2018;1.1138;0;15.991;18.517;14.592;16.897;98.46;98.46;12.105;10.294;9.3929;1.8118;0.9006;0.1497;0.0744;0.7759;67.758;0.7582;0
27/04/21 16:00;8.5951;66.081;68.749;9.3888;13.917;90;13.917;48.602;47.801;0.8011;20.25;0.77;0;1.943;46.912;0.4611;0;0.1427;49.459;0;49.459;1.943;0.4611;46.912;0.1427;0.0393;0.9514;0;0.0029;48.749;0.7099;0;0;0.5911;0.1188;46.458;1.9982;0.1821;0.0432;1.7675;0.0053;48.456;0.2925;0.0117;0.0028;0.2779;0.0001;46.488;1.7491;0.4151;44.275;0.0184;28.446;22.729;8.7789;0.0464;0.3382;4.8646;0.0298;5.1564;0;1;0;0;1.0176;0.9856;1;1;0.9874;0.1673;0.9588;0.9057;1;0.9616;0.7749;0.994;0.994;1;0.994;0.994;0.9393;0.9438;0.1289;0.1408;0.1427;0.0009;0.013;-0.0013;0.0009;0.0032;0.0008;0;0;0.088;0.0294;0;0;0;0;0;0;0;0;0;0;0;0;0.0026;0.0001;0.1225;0.1225;0;22.556;22.556;2.3062;0.0496;120.54;1016.1;1;0.0051;0.0051;0;0;0;0;0;0;0.1174;0.0294;0;16.364;18.949;3.9307;4.5516;95.871;95.871;1.187;1.0329;0.2481;0.1541;0.7848;0.1299;0.6611;0.209;28.441;0.1947;0
27/04/21 17:00;1.5399;71.654;86.263;1.6224;2.3149;90;2.3149;0;0;0;14.69;1.1299;0;0;0;0;0;0;0;0;0;0;0;0;0;1;1;1;1;0;0;0;0;0;0;0;0;0;0;0;0;0;0;0;0;0;0;0;0;0;0;0;0;0;0;0;0;0;0;0;0;0;0;0;1;1;1;1;1;1;1;1;1;1;1;1;1;1;1;1;1;1;1;0;0;0;0;0;0;0;0;0;0.0004;0.088;-0.0884;0;0;0;0;0;0;0;0;0;0;0;0;0;0;0;0;0;0;0;-14.69;0;0;0;0;0.0004;0;0;0;0;0;0;0;-0.0004;-0.0884;0;0;0;0;0;0;0;0;0;-0.7452;0;0.7452;1;1;0;0;0;0
27/04/21 18:00;0;0;90;0;0;90;0;0;0;0;10.37;1.4399;0;0;0;0;0;0;0;0;0;0;0;0;0;1;1;1;1;0;0;0;0;0;0;0;0;0;0;0;0;0;0;0;0;0;0;0;0;0;0;0;0;0;0;0;0;0;0;0;0;0;0;0;1;1;1;1;1;1;1;1;1;1;1;1;1;1;1;1;1;1;1;0;0;0;0;0;0;0;0;0;0.0004;0.088;-0.0884;0;0;0;0;0;0;0;0;0;0;0;0;0;0;0;0;0;0;0;-10.37;0;0;0;0;0.0004;0;0;0;0;0;0;0;-0.0004;-0.0884;0;0;0;0;0;0;0;0;0;-0.7452;0;0.7452;1;1;0;0;0;0
27/04/21 19:00;0;0;90;0;0;90;0;0;0;0;9.4702;1.62;0;0;0;0;0;0;0;0;0;0;0;0;0;1;1;1;1;0;0;0;0;0;0;0;0;0;0;0;0;0;0;0;0;0;0;0;0;0;0;0;0;0;0;0;0;0;0;0;0;0;0;0;1;1;1;1;1;1;1;1;1;1;1;1;1;1;1;1;1;1;1;0;0;0;0;0;0;0;0;0;0.0004;0.088;-0.0884;0;0;0;0;0;0;0;0;0;0;0;0;0;0;0;0;0;0;0;-9.4702;0;0;0;0;0.0004;0;0;0;0;0;0;0;-0.0004;-0.0884;0;0;0;0;0;0;0;0;0;-0.7452;0;0.7452;1;1;0;0;0;0
27/04/21 20:00;0;0;90;0;0;90;0;0;0;0;8.3401;1.7599;0;0;0;0;0;0;0;0;0;0;0;0;0;1;1;1;1;0;0;0;0;0;0;0;0;0;0;0;0;0;0;0;0;0;0;0;0;0;0;0;0;0;0;0;0;0;0;0;0;0;0;0;1;1;1;1;1;1;1;1;1;1;1;1;1;1;1;1;1;1;1;0;0;0;0;0;0;0;0;0;0.0004;0.088;-0.0884;0;0;0;0;0;0;0;0;0;0;0;0;0;0;0;0;0;0;0;-8.3401;0;0;0;0;0.0004;0;0;0;0;0;0;0;-0.0004;-0.0884;0;0;0;0;0;0;0;0;0;-0.7452;0;0.7452;1;1;0;0;0;0
27/04/21 21:00;0;0;90;0;0;90;0;0;0;0;6.9102;1.9299;0;0;0;0;0;0;0;0;0;0;0;0;0;1;1;1;1;0;0;0;0;0;0;0;0;0;0;0;0;0;0;0;0;0;0;0;0;0;0;0;0;0;0;0;0;0;0;0;0;0;0;0;1;1;1;1;1;1;1;1;1;1;1;1;1;1;1;1;1;1;1;0;0;0;0;0;0;0;0;0;0.0004;0.088;-0.0884;0;0;0;0;0;0;0;0;0;0;0;0;0;0;0;0;0;0;0;-6.9102;0;0;0;0;0.0004;0;0;0;0;0;0;0;-0.0004;-0.0884;0;0;0;0;0;0;0;0;0;-0.7452;0;0.7452;1;1;0;0;0;0
27/04/21 22:00;0;0;90;0;0;90;0;0;0;0;6.27;2.29;0;0;0;0;0;0;0;0;0;0;0;0;0;1;1;1;1;0;0;0;0;0;0;0;0;0;0;0;0;0;0;0;0;0;0;0;0;0;0;0;0;0;0;0;0;0;0;0;0;0;0;0;1;1;1;1;1;1;1;1;1;1;1;1;1;1;1;1;1;1;1;0;0;0;0;0;0;0;0;0;0.0004;0.088;-0.0884;0;0;0;0;0;0;0;0;0;0;0;0;0;0;0;0;0;0;0;-6.27;0;0;0;0;0.0004;0;0;0;0;0;0;0;-0.0004;-0.0884;0;0;0;0;0;0;0;0;0;-0.7452;0;0.7452;1;1;0;0;0;0
27/04/21 23:00;0;0;90;0;0;90;0;0;0;0;6.3398;2.7801;0;0;0;0;0;0;0;0;0;0;0;0;0;1;1;1;1;0;0;0;0;0;0;0;0;0;0;0;0;0;0;0;0;0;0;0;0;0;0;0;0;0;0;0;0;0;0;0;0;0;0;0;1;1;1;1;1;1;1;1;1;1;1;1;1;1;1;1;1;1;1;0;0;0;0;0;0;0;0;0;0.0004;0.088;-0.0884;0;0;0;0;0;0;0;0;0;0;0;0;0;0;0;0;0;0;0;-6.3398;0;0;0;0;0.0004;0;0;0;0;0;0;0;-0.0004;-0.0884;0;0;0;0;0;0;0;0;0;-0.7452;0;0.7452;1;1;0;0;0;0
28/04/21 00:00;0;0;90;0;0;90;0;0;0;0;6.2102;3.1099;0;0;0;0;0;0;0;0;0;0;0;0;0;1;1;1;1;0;0;0;0;0;0;0;0;0;0;0;0;0;0;0;0;0;0;0;0;0;0;0;0;0;0;0;0;0;0;0;0;0;0;0;1;1;1;1;1;1;1;1;1;1;1;1;1;1;1;1;1;1;1;0;0;0;0;0;0;0;0;0;0.0004;0.088;-0.0884;0;0;0;0;0;0;0;0;0;0;0;0;0;0;0;0;0;0;0;-6.2102;0;0;0;0;0.0004;0;0;0;0;0;0;0;-0.0004;-0.0884;0;0;0;0;0;0;0;0;0;-0.7452;0;0.7452;1;1;0;0;0;0
28/04/21 01:00;0;0;90;0;0;90;0;0;0;0;5.1997;3.24;0;0;0;0;0;0;0;0;0;0;0;0;0;1;1;1;1;0;0;0;0;0;0;0;0;0;0;0;0;0;0;0;0;0;0;0;0;0;0;0;0;0;0;0;0;0;0;0;0;0;0;0;1;1;1;1;1;1;1;1;1;1;1;1;1;1;1;1;1;1;1;0;0;0;0;0;0;0;0;0;0.0004;0.088;-0.0884;0;0;0;0;0;0;0;0;0;0;0;0;0;0;0;0;0;0;0;-5.1997;0;0;0;0;0.0004;0;0;0;0;0;0;0;-0.0004;-0.0884;0;0;0;0;0;0;0;0;0;-0.7452;0;0.7452;1;1;0;0;0;0
28/04/21 02:00;0;0;90;0;0;90;0;0;0;0;4.5602;3.2799;0;0;0;0;0;0;0;0;0;0;0;0;0;1;1;1;1;0;0;0;0;0;0;0;0;0;0;0;0;0;0;0;0;0;0;0;0;0;0;0;0;0;0;0;0;0;0;0;0;0;0;0;1;1;1;1;1;1;1;1;1;1;1;1;1;1;1;1;1;1;1;0;0;0;0;0;0;0;0;0;0.0004;0.088;-0.0884;0;0;0;0;0;0;0;0;0;0;0;0;0;0;0;0;0;0;0;-4.5602;0;0;0;0;0.0004;0;0;0;0;0;0;0;-0.0004;-0.0884;0;0;0;0;0;0;0;0;0;-0.7452;0;0.7452;1;1;0;0;0;0
28/04/21 03:00;0;0;90;0;0;90;0;0;0;0;4.1999;3.4201;0;0;0;0;0;0;0;0;0;0;0;0;0;1;1;1;1;0;0;0;0;0;0;0;0;0;0;0;0;0;0;0;0;0;0;0;0;0;0;0;0;0;0;0;0;0;0;0;0;0;0;0;1;1;1;1;1;1;1;1;1;1;1;1;1;1;1;1;1;1;1;0;0;0;0;0;0;0;0;0;0.0004;0.088;-0.0884;0;0;0;0;0;0;0;0;0;0;0;0;0;0;0;0;0;0;0;-4.1999;0;0;0;0;0.0004;0;0;0;0;0;0;0;-0.0004;-0.0884;0;0;0;0;0;0;0;0;0;-0.7452;0;0.7452;1;1;0;0;0;0
28/04/21 04:00;0;0;90;0;0;90;0;0;0;0;3.4002;3.5999;0;0;0;0;0;0;0;0;0;0;0;0;0;1;1;1;1;0;0;0;0;0;0;0;0;0;0;0;0;0;0;0;0;0;0;0;0;0;0;0;0;0;0;0;0;0;0;0;0;0;0;0;1;1;1;1;1;1;1;1;1;1;1;1;1;1;1;1;1;1;1;0;0;0;0;0;0;0;0;0;0.0004;0.088;-0.0884;0;0;0;0;0;0;0;0;0;0;0;0;0;0;0;0;0;0;0;-3.4002;0;0;0;0;0.0004;0;0;0;0;0;0;0;-0.0004;-0.0884;0;0;0;0;0;0;0;0;0;-0.7452;0;0.7452;1;1;0;0;0;0
28/04/21 05:00;0;0;90;0;0;90;0;0;0;0;3.0698;3.5801;0;0;0;0;0;0;0;0;0;0;0;0;0;1;1;1;1;0;0;0;0;0;0;0;0;0;0;0;0;0;0;0;0;0;0;0;0;0;0;0;0;0;0;0;0;0;0;0;0;0;0;0;1;1;1;1;1;1;1;1;1;1;1;1;1;1;1;1;1;1;1;0;0;0;0;0;0;0;0;0;0.0004;0.088;-0.0884;0;0;0;0;0;0;0;0;0;0;0;0;0;0;0;0;0;0;0;-3.0698;0;0;0;0;0.0004;0;0;0;0;0;0;0;-0.0004;-0.0884;0;0;0;0;0;0;0;0;0;-0.7452;0;0.7452;1;1;0;0;0;0
28/04/21 06:00;2.4192;-70.595;84.124;2.5647;3.6656;-90;-3.6656;0.293;0.293;0;4.0198;3.85;0;0;0.2927;0;0;0.0001;0.2928;0.2928;0;0;0;0;0;1;1;1;1;0;0;0;0;0;0;0;0;0;0;0;0;0;0;0;0;0;0;0;0;0;0;0;0;0;0;0;0;0;0;0;0;0;0;0;0;1;1;1;1;1;1;1;1;1;1;1;1;1;0;0;1;0;0;0;0;0;0;0;0;0;0;0;0.0004;0.088;-0.0884;0;0;0;0;0;0;0;0;0;0;0;0;0;0;0;0;0;0;0;-4.0198;0;0;0;0;0.0004;0;0;0;0;0;0;0;-0.0004;-0.0884;0;0;0;0;0;0;0;0;0;-0.7452;0;0.7452;1;1;0;0;0;0
28/04/21 07:00;10.161;-64.332;64.669;11.246;16.982;-90;-16.982;118.91;40.803;78.104;4.4;3.86;0;189.42;26.795;32.527;0;0.5185;249.26;0;249.26;189.42;32.527;26.795;0.5185;0.7599;0.1096;0;0.0021;248.36;0.9017;0;0;0.4705;0.4312;232.65;14.226;11.311;1.9423;0.9527;0.0193;246.87;1.4902;1.1365;0.1952;0.1579;0.0005;232.68;176.98;30.389;25.213;0.0674;16.878;13.485;5.0981;0.0539;0.2096;3.0144;0.0309;3.17;0;1;0;0;2.0963;0.9964;1;1;0.9824;0.1683;0.9424;0.9399;1;0.9636;0.7773;0.994;0.994;1;0.994;0.994;0.9333;0.941;0.1301;0.7094;0.6717;0.004;0.0161;-0.0222;0.0047;0.0167;0.0006;0;0;0.088;0.5374;0;0;0;0;0;0;0;0;0;0;0;0;0.0135;0.0013;0.637;0.637;0;15.697;15.697;11.297;0.0486;575.16;1107.5;1;0.0116;0.0116;0;0;0;0;0;0;0.6254;0.5374;0;16.886;19.553;14.246;16.497;98.184;98.184;5.9823;5.3715;4.5319;0.6108;0.8396;0.1021;0.1404;0.7575;16.429;0.7508;0
28/04/21 08:00;20.692;-53.925;33.748;25.048;60;-90;-60;264.5;107.7;156.8;8.4099;3.3;0;368.97;54.166;83.492;0;13.225;519.85;0;519.85;368.97;83.492;54.166;13.225;0.7098;0.1296;0;0.0254;500.76;19.096;0;0;6.7861;12.31;494.58;3.1774;1.1841;0.2679;1.6663;0.0591;497.75;3.0046;2.2138;0.501;0.2843;0.0055;496.41;365.57;82.723;45.429;0.8508;53.799;42.986;19.822;9.0588;1.0135;14.579;1.832;6.5332;0;1;0;0;1.9654;0.9633;1;1;0.8747;0.0692;0.9936;0.9968;1;0.9646;0.9351;0.994;0.994;1;0.994;0.994;0.9514;0.8387;0.0643;1.4795;1.4495;0.0087;0.0058;0.039;0.0098;0.0347;0.0027;0;0;0.088;1.2067;0;0;0;0;0;0;0;0;0;0;0;0;0.0279;0.0052;1.3157;1.3157;0;32.652;32.652;24.242;0.049;1246.8;1055.3;1;0.021;0.021;0;0;0;0;0;0;1.2947;1.2067;0;16.724;19.366;15.338;17.761;98.402;98.402;12.477;11.095;10.176;1.3812;0.9194;0.1107;0.0737;0.8156;47.169;0.7988;0
28/04/21 09:00;29.769;-41.354;40.661;40.884;49.116;-90;-49.116;426.6;123.8;302.8;12.73;2.7999;0;462.62;56.047;85.634;0;14.738;619.04;0;619.04;462.62;85.634;56.047;14.738;0.7473;0.1143;0;0.0238;600.1;18.935;0;0;5.2529;13.682;590.82;5.6789;3.3437;0.6189;1.6695;0.0468;596.5;3.6006;2.7757;0.5138;0.3048;0.0063;594.48;456.5;84.501;48.82;1.0026;177.28;141.64;57.395;4.6363;2.2156;31.87;3.6553;29.45;0;1;0;0;1.4511;0.9694;1;1;0.9063;0.0716;0.9905;0.9927;1;0.9669;0.9554;0.994;0.994;1;0.994;0.994;0.9544;0.8711;0.068;1.7617;1.7647;0.0106;0.0019;0.1047;0.0115;0.0409;0.0056;0;0;0.088;1.4363;0;0;0;0;0;0;0;0;0;0;0;0;0.0329;0.0075;1.5489;1.5489;0;41.89;41.89;29.159;0.0494;1518;1020.4;1;0.0246;0.0246;0;0;0;0;0;0;1.5243;1.4363;0;16.534;19.146;15.332;17.754;98.414;98.414;14.857;13.062;12.113;1.795;0.9493;0.1208;0.0639;0.8153;43.38;0.785;0
28/04/21 10:00;36.594;-25.99;46.194;59.452;30.548;-90;-30.548;492.41;184.5;307.91;17.09;2.21;0;357.54;105.86;82.147;0;6.8346;552.38;0;552.38;357.54;82.147;105.86;6.8346;0.6473;0.204;0;0.0124;541.58;10.797;0;0;4.8189;5.9781;530.32;8.007;3.7341;0.8579;3.2688;0.1461;538.33;3.2495;2.1452;0.4929;0.6062;0.0051;532.28;351.66;80.796;97.165;0.7053;268.29;214.36;87.372;1.7083;2.9748;42.792;1.9562;44.058;0;1;0;0;1.1218;0.9805;1;1;0.9545;0.1253;0.9851;0.9895;1;0.9675;0.8284;0.994;0.994;1;0.994;0.994;0.9601;0.9179;0.1032;1.572;1.6086;0.0097;0.0037;0.1039;0.0104;0.037;0.0075;0;0;0.088;1.2906;0;0;0;0;0;0;0;0;0;0;0;0;0.0298;0.0063;1.4002;1.4002;0;43.305;43.305;26.215;0.0494;1383;1012.4;1;0.0216;0.0216;0;0;0;0;0;0;1.3786;1.2906;0;16.75;19.396;15.439;17.878;98.459;98.459;13.257;11.808;10.884;1.4493;0.9241;0.1093;0.0697;0.821;70.037;0.776;0
28/04/21 11:00;40.2;-7.9903;49.146;80.659;9.341;-90;-9.341;350.2;291.1;59.094;19.28;2.1401;0;59.888;269.52;20.052;0;0.4644;349.92;0;349.92;59.888;20.052;269.52;0.4644;0.1711;0.7715;0;0.0013;347.8;2.1191;0;0;1.7334;0.3857;333.74;11.976;0.7283;0.2438;10.986;0.0176;345.72;2.0868;0.3593;0.1203;1.6067;0.0005;333.82;58.801;19.688;255.19;0.0607;207.39;165.7;64.292;0.0599;2.4286;34.934;0.0783;37.303;0;1;0;0;0.9992;0.9939;1;1;0.9936;0.1694;0.9654;0.9878;1;0.9587;0.7756;0.994;0.994;1;0.994;0.994;0.9538;0.9468;0.1306;0.9959;1.0251;0.0062;0.0118;0.0392;0.0068;0.024;0.0063;0;0;0.088;0.8061;0;0;0;0;0;0;0;0;0;0;0;0;0.0194;0.0028;0.9087;0.9087;0;35.716;35.716;16.436;0.0492;879.32;1033.4;1;0.0146;0.0146;0;0;0;0;0;0;0.8941;0.8061;0;17.16;19.87;15.222;17.627;98.393;98.393;8.3981;7.663;6.7978;0.7352;0.8652;0.0875;0.103;0.8094;161.31;0.7531;0
28/04/21 12:00;39.873;11.022;48.878;77.109;12.891;90;12.891;632.3;132.3;500;21.37;2.0899;0;512.92;54.997;78.582;0;1.5936;648.1;0;648.1;512.92;78.582;54.997;1.5936;0.7914;0.0873;0;0.0025;646.16;1.9355;0;0;0.6091;1.3264;633.01;9.2717;6.1573;0.9433;2.1112;0.0598;642.28;3.877;3.0775;0.4715;0.3263;0.0016;633.35;503.69;77.167;51.95;0.2058;367.13;293.34;119.08;0.0416;3.9531;56.863;0.3391;60.775;0;1;0;0;1.025;0.997;1;1;0.9889;0.1677;0.9856;0.9879;1;0.9609;0.7748;0.994;0.994;1;0.994;0.994;0.9767;0.9446;0.1291;1.8444;1.926;0.0116;0.0003;0.1897;0.0121;0.0428;0.0097;0;0;0.088;1.5034;0;0;0;0;0;0;0;0;0;0;0;0;0.0345;0.0089;1.6164;1.6164;0;52.889;52.889;31.519;0.0498;1657.2;975.39;1;0.025;0.025;0;0;0;0;0;0;1.5914;1.5034;0;16.481;19.084;15.328;17.75;98.451;98.451;15.554;13.631;12.678;1.923;0.9533;0.1236;0.0613;0.8151;33.233;0.7648;0
28/04/21 13:00;35.686;28.665;45.453;56.261;33.739;90;33.739;568.11;136.9;431.21;22.41;1.9001;0;518.55;56.569;90.342;0;9.5684;675.02;0;675.02;518.55;90.342;56.569;9.5684;0.7682;0.098;0;0.0142;663.46;11.563;0;0;3.0232;8.5393;651.51;7.9731;5.1925;0.9046;1.721;0.155;659.48;3.9808;3.1113;0.542;0.3213;0.0062;654.21;510.24;88.895;51.504;0.8679;294.81;235.56;97.531;1.2871;3.1316;45.047;2.6971;46.892;0;1;0;0;1.1882;0.9829;1;1;0.9466;0.1076;0.9879;0.9899;1;0.9677;0.8485;0.994;0.994;1;0.994;0.994;0.9652;0.9105;0.0907;1.9211;1.962;0.0118;0;0.2074;0.0122;0.0433;0.0076;0;0;0.088;1.5223;0;0;0;0;0;0;0;0;0;0;0;0;0.0348;0.0092;1.6356;1.6356;0;54.901;54.901;32.491;0.0499;1690.2;967.71;1;0.0253;0.0253;0;0;0;0;0;0;1.6103;1.5223;0;16.011;18.54;14.902;17.257;98.455;98.455;16.201;13.793;12.838;2.4075;0.9552;0.1486;0.059;0.7924;38.307;0.7547;0
28/04/21 14:00;28.434;43.558;39.588;38.159;51.841;90;51.841;372.51;205.7;166.81;22.3;1.62;0;269.98;123.12;86.588;0;14.235;493.92;0;493.92;269.98;86.588;123.12;14.235;0.5466;0.2781;0;0.0288;468.08;25.838;0;0;12.522;13.317;459.2;6.0733;1.7828;0.5718;3.6806;0.0382;465.28;2.8085;1.6199;0.5195;0.6636;0.0055;463.31;266.58;85.496;106.25;0.8749;171.94;137.38;57.592;12.285;2.5301;36.394;4.1027;26.639;0;1;0;0;1.3259;0.9477;1;1;0.8983;0.0645;0.9869;0.9934;1;0.9665;0.9582;0.994;0.994;1;0.994;0.994;0.9297;0.863;0.0615;1.4057;1.3984;0.0084;0.0065;0.0995;0.009;0.0319;0.0063;0;0;0.088;1.0997;0;0;0;0;0;0;0;0;0;0;0;0;0.0257;0.0049;1.2062;1.2062;0;45.048;45.048;22.748;0.0495;1202.8;1002.8;1;0.0186;0.0186;0;0;0;0;0;0;1.1877;1.0997;0;16.138;18.687;14.712;17.036;98.462;98.462;11.854;10.172;9.2737;1.6819;0.8986;0.1419;0.0758;0.7823;97.938;0.7414;0
28/04/21 15:00;19.075;55.729;37.571;22.706;46.713;90;46.713;263.7;150.6;113.1;21.94;1.01;0;274.29;94.319;93.838;0;8.2893;470.74;0;470.74;274.29;93.838;94.319;8.2893;0.5827;0.218;0;0.0176;454.78;15.957;0;0;8.2456;7.711;447.22;4.8346;1.4898;0.5097;2.8041;0.031;452.05;2.7287;1.6458;0.563;0.5164;0.0035;448.59;271.16;92.765;82.753;0.5439;72.066;57.581;25.143;6.5547;1.0865;15.629;1.3661;10.161;0;1;0;0;1.7852;0.9661;1;1;0.9126;0.0698;0.9893;0.9945;1;0.9672;0.9461;0.994;0.994;1;0.994;0.994;0.95;0.8774;0.0656;1.3397;1.3147;0.0079;0.0077;0.0892;0.0085;0.03;0.0027;0;0;0.088;1.0345;0;0;0;0;0;0;0;0;0;0;0;0;0.0242;0.0044;1.1402;1.1402;0;44.08;44.08;22.14;0.0495;1132.4;1006.8;1;0.0176;0.0176;0;0;0;0;0;0;1.1225;1.0345;0;16.005;18.533;14.522;16.816;98.452;98.452;11.298;9.6151;8.7241;1.6827;0.8909;0.1489;0.0789;0.7722;71.322;0.7535;0
28/04/21 16:00;8.3664;65.86;69.336;9.1552;13.544;90;13.544;81.791;75.899;5.8927;20.94;0.77;0;14.292;72.593;5.5344;0;0.2274;92.646;0;92.646;14.292;5.5344;72.593;0.2274;0.1543;0.786;0;0.0025;91.583;1.063;0;0;0.8737;0.1894;86.287;4.7468;1.4304;0.5539;2.754;0.0085;91.034;0.5495;0.0857;0.0332;0.4303;0.0002;86.33;12.775;4.9473;68.535;0.0293;43.997;35.154;13.576;0.0651;0.5228;7.5199;0.043;7.9776;0;1;0;0;1.1327;0.9885;1;1;0.988;0.1675;0.9479;0.8993;1;0.9614;0.7748;0.994;0.994;1;0.994;0.994;0.9314;0.9441;0.129;0.2637;0.2621;0.0016;0.016;0.0002;0.0017;0.0061;0.0013;0;0;0.088;0.1356;0;0;0;0;0;0;0;0;0;0;0;0;0.0049;0.0003;0.23;0.23;0;25.202;25.202;4.2623;0.0494;223.07;1031;1;0.0064;0.0064;0;0;0;0;0;0;0.2236;0.1356;0;16.404;18.996;9.6727;11.201;97.226;97.226;2.2235;1.9396;1.1437;0.2839;0.7959;0.1277;0.358;0.5143;43.957;0.4849;0
28/04/21 17:00;1.322;71.424;86.792;1.3947;1.9894;90;1.9894;0;0;0;17.16;0.7901;0;0;0;0;0;0;0;0;0;0;0;0;0;1;1;1;1;0;0;0;0;0;0;0;0;0;0;0;0;0;0;0;0;0;0;0;0;0;0;0;0;0;0;0;0;0;0;0;0;0;0;0;1;1;1;1;1;1;1;1;1;1;1;1;1;1;1;1;1;1;1;0;0;0;0;0;0;0;0;0;0.0004;0.088;-0.0884;0;0;0;0;0;0;0;0;0;0;0;0;0;0;0;0;0;0;0;-17.16;0;0;0;0;0.0004;0;0;0;0;0;0;0;-0.0004;-0.0884;0;0;0;0;0;0;0;0;0;-0.7452;0;0.7452;1;1;0;0;0;0
28/04/21 18:00;0;0;90;0;0;90;0;0;0;0;11.83;1.17;0;0;0;0;0;0;0;0;0;0;0;0;0;1;1;1;1;0;0;0;0;0;0;0;0;0;0;0;0;0;0;0;0;0;0;0;0;0;0;0;0;0;0;0;0;0;0;0;0;0;0;0;1;1;1;1;1;1;1;1;1;1;1;1;1;1;1;1;1;1;1;0;0;0;0;0;0;0;0;0;0.0004;0.088;-0.0884;0;0;0;0;0;0;0;0;0;0;0;0;0;0;0;0;0;0;0;-11.83;0;0;0;0;0.0004;0;0;0;0;0;0;0;-0.0004;-0.0884;0;0;0;0;0;0;0;0;0;-0.7452;0;0.7452;1;1;0;0;0;0
28/04/21 19:00;0;0;90;0;0;90;0;0;0;0;10.1;1.6799;0;0;0;0;0;0;0;0;0;0;0;0;0;1;1;1;1;0;0;0;0;0;0;0;0;0;0;0;0;0;0;0;0;0;0;0;0;0;0;0;0;0;0;0;0;0;0;0;0;0;0;0;1;1;1;1;1;1;1;1;1;1;1;1;1;1;1;1;1;1;1;0;0;0;0;0;0;0;0;0;0.0004;0.088;-0.0884;0;0;0;0;0;0;0;0;0;0;0;0;0;0;0;0;0;0;0;-10.1;0;0;0;0;0.0004;0;0;0;0;0;0;0;-0.0004;-0.0884;0;0;0;0;0;0;0;0;0;-0.7452;0;0.7452;1;1;0;0;0;0
28/04/21 20:00;0;0;90;0;0;90;0;0;0;0;8.7901;2.1401;0;0;0;0;0;0;0;0;0;0;0;0;0;1;1;1;1;0;0;0;0;0;0;0;0;0;0;0;0;0;0;0;0;0;0;0;0;0;0;0;0;0;0;0;0;0;0;0;0;0;0;0;1;1;1;1;1;1;1;1;1;1;1;1;1;1;1;1;1;1;1;0;0;0;0;0;0;0;0;0;0.0004;0.088;-0.0884;0;0;0;0;0;0;0;0;0;0;0;0;0;0;0;0;0;0;0;-8.7901;0;0;0;0;0.0004;0;0;0;0;0;0;0;-0.0004;-0.0884;0;0;0;0;0;0;0;0;0;-0.7452;0;0.7452;1;1;0;0;0;0
28/04/21 21:00;0;0;90;0;0;90;0;0;0;0;7.6999;2.51;0;0;0;0;0;0;0;0;0;0;0;0;0;1;1;1;1;0;0;0;0;0;0;0;0;0;0;0;0;0;0;0;0;0;0;0;0;0;0;0;0;0;0;0;0;0;0;0;0;0;0;0;1;1;1;1;1;1;1;1;1;1;1;1;1;1;1;1;1;1;1;0;0;0;0;0;0;0;0;0;0.0004;0.088;-0.0884;0;0;0;0;0;0;0;0;0;0;0;0;0;0;0;0;0;0;0;-7.6999;0;0;0;0;0.0004;0;0;0;0;0;0;0;-0.0004;-0.0884;0;0;0;0;0;0;0;0;0;-0.7452;0;0.7452;1;1;0;0;0;0
28/04/21 22:00;0;0;90;0;0;90;0;0;0;0;7.3403;2.7899;0;0;0;0;0;0;0;0;0;0;0;0;0;1;1;1;1;0;0;0;0;0;0;0;0;0;0;0;0;0;0;0;0;0;0;0;0;0;0;0;0;0;0;0;0;0;0;0;0;0;0;0;1;1;1;1;1;1;1;1;1;1;1;1;1;1;1;1;1;1;1;0;0;0;0;0;0;0;0;0;0.0004;0.088;-0.0884;0;0;0;0;0;0;0;0;0;0;0;0;0;0;0;0;0;0;0;-7.3403;0;0;0;0;0.0004;0;0;0;0;0;0;0;-0.0004;-0.0884;0;0;0;0;0;0;0;0;0;-0.7452;0;0.7452;1;1;0;0;0;0
28/04/21 23:00;0;0;90;0;0;90;0;0;0;0;6.1802;2.97;0;0;0;0;0;0;0;0;0;0;0;0;0;1;1;1;1;0;0;0;0;0;0;0;0;0;0;0;0;0;0;0;0;0;0;0;0;0;0;0;0;0;0;0;0;0;0;0;0;0;0;0;1;1;1;1;1;1;1;1;1;1;1;1;1;1;1;1;1;1;1;0;0;0;0;0;0;0;0;0;0.0004;0.088;-0.0884;0;0;0;0;0;0;0;0;0;0;0;0;0;0;0;0;0;0;0;-6.1802;0;0;0;0;0.0004;0;0;0;0;0;0;0;-0.0004;-0.0884;0;0;0;0;0;0;0;0;0;-0.7452;0;0.7452;1;1;0;0;0;0
29/04/21 00:00;0;0;90;0;0;90;0;0;0;0;5.8399;3.08;0;0;0;0;0;0;0;0;0;0;0;0;0;1;1;1;1;0;0;0;0;0;0;0;0;0;0;0;0;0;0;0;0;0;0;0;0;0;0;0;0;0;0;0;0;0;0;0;0;0;0;0;1;1;1;1;1;1;1;1;1;1;1;1;1;1;1;1;1;1;1;0;0;0;0;0;0;0;0;0;0.0004;0.088;-0.0884;0;0;0;0;0;0;0;0;0;0;0;0;0;0;0;0;0;0;0;-5.8399;0;0;0;0;0.0004;0;0;0;0;0;0;0;-0.0004;-0.0884;0;0;0;0;0;0;0;0;0;-0.7452;0;0.7452;1;1;0;0;0;0
29/04/21 01:00;0;0;90;0;0;90;0;0;0;0;5.8798;3.1199;0;0;0;0;0;0;0;0;0;0;0;0;0;1;1;1;1;0;0;0;0;0;0;0;0;0;0;0;0;0;0;0;0;0;0;0;0;0;0;0;0;0;0;0;0;0;0;0;0;0;0;0;1;1;1;1;1;1;1;1;1;1;1;1;1;1;1;1;1;1;1;0;0;0;0;0;0;0;0;0;0.0004;0.088;-0.0884;0;0;0;0;0;0;0;0;0;0;0;0;0;0;0;0;0;0;0;-5.8798;0;0;0;0;0.0004;0;0;0;0;0;0;0;-0.0004;-0.0884;0;0;0;0;0;0;0;0;0;-0.7452;0;0.7452;1;1;0;0;0;0
29/04/21 02:00;0;0;90;0;0;90;0;0;0;0;4.7098;3.06;0;0;0;0;0;0;0;0;0;0;0;0;0;1;1;1;1;0;0;0;0;0;0;0;0;0;0;0;0;0;0;0;0;0;0;0;0;0;0;0;0;0;0;0;0;0;0;0;0;0;0;0;1;1;1;1;1;1;1;1;1;1;1;1;1;1;1;1;1;1;1;0;0;0;0;0;0;0;0;0;0.0004;0.088;-0.0884;0;0;0;0;0;0;0;0;0;0;0;0;0;0;0;0;0;0;0;-4.7098;0;0;0;0;0.0004;0;0;0;0;0;0;0;-0.0004;-0.0884;0;0;0;0;0;0;0;0;0;-0.7452;0;0.7452;1;1;0;0;0;0
29/04/21 03:00;0;0;90;0;0;90;0;0;0;0;4.6101;3;0;0;0;0;0;0;0;0;0;0;0;0;0;1;1;1;1;0;0;0;0;0;0;0;0;0;0;0;0;0;0;0;0;0;0;0;0;0;0;0;0;0;0;0;0;0;0;0;0;0;0;0;1;1;1;1;1;1;1;1;1;1;1;1;1;1;1;1;1;1;1;0;0;0;0;0;0;0;0;0;0.0004;0.088;-0.0884;0;0;0;0;0;0;0;0;0;0;0;0;0;0;0;0;0;0;0;-4.6101;0;0;0;0;0.0004;0;0;0;0;0;0;0;-0.0004;-0.0884;0;0;0;0;0;0;0;0;0;-0.7452;0;0.7452;1;1;0;0;0;0
29/04/21 04:00;0;0;90;0;0;90;0;0;0;0;4.4399;2.9499;0;0;0;0;0;0;0;0;0;0;0;0;0;1;1;1;1;0;0;0;0;0;0;0;0;0;0;0;0;0;0;0;0;0;0;0;0;0;0;0;0;0;0;0;0;0;0;0;0;0;0;0;1;1;1;1;1;1;1;1;1;1;1;1;1;1;1;1;1;1;1;0;0;0;0;0;0;0;0;0;0.0004;0.088;-0.0884;0;0;0;0;0;0;0;0;0;0;0;0;0;0;0;0;0;0;0;-4.4399;0;0;0;0;0.0004;0;0;0;0;0;0;0;-0.0004;-0.0884;0;0;0;0;0;0;0;0;0;-0.7452;0;0.7452;1;1;0;0;0;0
29/04/21 05:00;0;0;90;0;0;90;0;0;0;0;3.9599;2.9301;0;0;0;0;0;0;0;0;0;0;0;0;0;1;1;1;1;0;0;0;0;0;0;0;0;0;0;0;0;0;0;0;0;0;0;0;0;0;0;0;0;0;0;0;0;0;0;0;0;0;0;0;1;1;1;1;1;1;1;1;1;1;1;1;1;1;1;1;1;1;1;0;0;0;0;0;0;0;0;0;0.0004;0.088;-0.0884;0;0;0;0;0;0;0;0;0;0;0;0;0;0;0;0;0;0;0;-3.9599;0;0;0;0;0.0004;0;0;0;0;0;0;0;-0.0004;-0.0884;0;0;0;0;0;0;0;0;0;-0.7452;0;0.7452;1;1;0;0;0;0
29/04/21 06:00;2.2584;-70.327;84.516;2.3982;3.4265;-90;-3.4265;1.8949;1.8949;0;3.7898;2.75;0;0;1.8932;0;0;0.0003;1.8935;1.8935;0;0;0;0;0;1;1;1;1;0;0;0;0;0;0;0;0;0;0;0;0;0;0;0;0;0;0;0;0;0;0;0;0;0;0;0;0;0;0;0;0;0;0;0;0;1;1;1;1;1;1;1;1;1;1;1;1;1;0;0;1;0;0;0;0;0;0;0;0;0;0;0;0.0004;0.088;-0.0884;0;0;0;0;0;0;0;0;0;0;0;0;0;0;0;0;0;0;0;-3.7898;0;0;0;0;0.0004;0;0;0;0;0;0;0;-0.0004;-0.0884;0;0;0;0;0;0;0;0;0;-0.7452;0;0.7452;1;1;0;0;0;0
29/04/21 07:00;9.9849;-64.069;65.133;11.076;16.695;-90;-16.695;125.29;31.397;93.898;5.33;3.4201;0;227.73;18.372;30.629;0;0.5281;277.26;0;277.26;227.73;30.629;18.372;0.5281;0.8214;0.0682;0;0.0019;276.51;0.7526;0;0;0.3135;0.4391;257.95;16.899;14.299;1.9233;0.6569;0.0197;274.85;1.659;1.3664;0.1838;0.1084;0.0005;257.97;212.06;28.522;17.294;0.0688;11.774;9.4075;3.4662;0.0349;0.1519;2.1848;0.0216;2.3018;0;1;0;0;2.2128;0.9973;1;1;0.9829;0.1685;0.9385;0.9368;1;0.9634;0.7771;0.994;0.994;1;0.994;0.994;0.9304;0.9413;0.1302;0.7891;0.7425;0.0045;0.0154;-0.0188;0.0052;0.0184;0.0004;0;0;0.088;0.6005;0;0;0;0;0;0;0;0;0;0;0;0;0.0148;0.0016;0.7009;0.7009;0;17.869;17.869;12.539;0.0486;636.07;1101.9;1;0.0124;0.0124;0;0;0;0;0;0;0.6885;0.6005;0;16.705;19.344;14.312;16.573;98.227;98.227;6.6542;5.911;5.064;0.7433;0.8469;0.1117;0.1273;0.761;11.252;0.7566;0
29/04/21 08:00;20.488;-53.672;34.047;24.881;60;-90;-60;296.01;74.402;221.61;9.6603;2.3899;0;524.6;29.56;82.83;0;14.8;651.79;0;651.79;524.6;82.83;29.56;14.8;0.8049;0.0681;0;0.0227;634.31;17.479;0;0;3.7033;13.776;627.48;3.0301;1.7745;0.2802;0.9093;0.0661;630.51;3.8059;3.1476;0.497;0.1551;0.0061;628.52;519.68;82.053;24.792;0.9522;33.104;26.45;12.555;4.9455;0.5595;8.0479;1.0377;3.6618;0;1;0;0;2.2019;0.9732;1;1;0.8747;0.0692;0.9952;0.9966;1;0.9646;0.9351;0.994;0.994;1;0.994;0.994;0.9627;0.8387;0.0643;1.855;1.8144;0.0109;0.0014;0.0992;0.0119;0.0423;0.0014;0;0;0.088;1.4915;0;0;0;0;0;0;0;0;0;0;0;0;0.0341;0.0079;1.6052;1.6052;0;40.589;40.589;30.929;0.0493;1562.6;1027.3;1;0.0258;0.0258;0;0;0;0;0;0;1.5795;1.4915;0;16.274;18.845;15.121;17.509;98.394;98.394;15.643;13.537;12.578;2.106;0.9595;0.1346;0.0613;0.804;25.741;0.7967;0
29/04/21 09:00;29.53;-41.122;40.954;40.74;49.26;-90;-49.26;458.91;93.5;365.41;13.97;1.6701;0;559.91;34.716;78.892;0;15.941;689.46;0;689.46;559.91;78.892;34.716;15.941;0.8121;0.0735;0;0.0231;671.39;18.069;0;0;3.2676;14.802;661.55;5.8102;4.1422;0.5836;1.0342;0.0501;667.36;4.0283;3.3594;0.4734;0.1887;0.0068;665.35;552.41;77.835;30.225;1.0826;181.7;145.18;57.589;2.9028;2.2311;32.094;3.8062;31.422;0;1;0;0;1.5024;0.9738;1;1;0.9059;0.0715;0.9913;0.9926;1;0.9669;0.9557;0.994;0.994;1;0.994;0.994;0.9595;0.8706;0.0679;1.9621;1.9679;0.0119;0;0.1503;0.0126;0.0448;0.0056;0;0;0.088;1.5823;0;0;0;0;0;0;0;0;0;0;0;0;0.0361;0.0092;1.6974;1.6974;0;46.738;46.738;32.768;0.0495;1692.9;1002.7;1;0.0271;0.0271;0;0;0;0;0;0;1.6703;1.5823;0;16.268;18.838;15.165;17.561;98.404;98.404;16.547;14.314;13.344;2.2328;0.9705;0.1349;0.0587;0.8064;26.908;0.7793;0
29/04/21 10:00;36.318;-25.808;46.5;59.363;30.637;-90;-30.637;577.31;108.9;468.41;17.89;1.6701;0;544.4;41.792;74.349;0;8.0585;668.6;0;668.6;544.4;74.349;41.792;8.0585;0.8142;0.0746;0;0.0121;659.64;8.9629;0;0;1.9113;7.0516;647.64;8.0335;5.7827;0.7898;1.2899;0.1712;655.68;3.9578;3.2664;0.4461;0.2393;0.006;649.9;535.35;73.113;38.352;0.8297;306.17;244.63;99.803;0.6826;3.3064;47.561;2.259;50.185;0;1;0;0;1.1581;0.9866;1;1;0.9543;0.1249;0.9877;0.9893;1;0.9675;0.829;0.994;0.994;1;0.994;0.994;0.9687;0.9177;0.103;1.9028;1.9547;0.0118;0.0001;0.1726;0.0124;0.0439;0.0082;0;0;0.088;1.5471;0;0;0;0;0;0;0;0;0;0;0;0;0.0354;0.0091;1.6612;1.6612;0;50.06;50.06;32.17;0.0497;1681.7;987.8;1;0.0261;0.0261;0;0;0;0;0;0;1.6351;1.5471;0;16.418;19.012;15.29;17.706;98.428;98.428;16.046;14.009;13.047;2.0373;0.9624;0.127;0.06;0.8131;27.667;0.772;0
29/04/21 11:00;39.895;-7.8985;49.459;80.665;9.3347;-90;-9.3347;627.1;126.1;501;20.17;1.8;0;507.72;52.588;74.144;0;0.8304;635.28;0;635.28;507.72;74.144;52.588;0.8304;0.7992;0.0841;0;0.0013;634.26;1.0276;0;0;0.3378;0.6897;621.1;9.3567;6.2663;0.9151;2.1438;0.0314;630.45;3.8055;3.0463;0.4449;0.3135;0.0008;621.25;498.41;72.784;49.793;0.1085;366.89;293.15;117.56;0.0119;4.0423;58.147;0.154;62.178;0;1;0;0;1.0131;0.9984;1;1;0.9936;0.1694;0.9852;0.9876;1;0.9587;0.7756;0.994;0.994;1;0.994;0.994;0.9777;0.9468;0.1306;1.808;1.8939;0.0114;0.0006;0.1741;0.012;0.0424;0.01;0;0;0.088;1.4878;0;0;0;0;0;0;0;0;0;0;0;0;0.0342;0.0086;1.6007;1.6007;0;51.051;51.051;30.88;0.0497;1628.5;982.95;1;0.0249;0.0249;0;0;0;0;0;0;1.5758;1.4878;0;16.65;19.28;15.476;17.921;98.446;98.446;15.247;13.499;12.547;1.7477;0.9519;0.1146;0.0624;0.8229;31.474;0.7702;0
29/04/21 12:00;39.561;11;49.181;76.994;13.006;90;13.006;629.8;130.1;499.7;21.77;1.8201;0;512.85;53.586;77.812;0;1.6156;645.87;0;645.87;512.85;77.812;53.586;1.6156;0.7941;0.0855;0;0.0025;643.92;1.9472;0;0;0.6024;1.3448;630.75;9.3082;6.2469;0.9478;2.0528;0.0606;640.06;3.8635;3.0771;0.4669;0.3179;0.0016;631.09;503.53;76.397;50.613;0.2086;365.55;292.08;118.58;0.0419;3.9348;56.601;0.345;60.493;0;1;0;0;1.0255;0.997;1;1;0.9888;0.1676;0.9855;0.9877;1;0.961;0.7748;0.994;0.994;1;0.994;0.994;0.9766;0.9445;0.1291;1.8381;1.919;0.0116;0.0004;0.1911;0.012;0.0426;0.0096;0;0;0.088;1.4957;0;0;0;0;0;0;0;0;0;0;0;0;0.0343;0.0088;1.6086;1.6086;0;53.184;53.184;31.414;0.0498;1651.3;974.15;1;0.0249;0.0249;0;0;0;0;0;0;1.5837;1.4957;0;16.458;19.057;15.303;17.72;98.454;98.454;15.501;13.565;12.613;1.9355;0.9518;0.1249;0.0614;0.8137;32.392;0.7636;0
29/04/21 13:00;35.388;28.549;45.735;56.068;33.932;90;33.932;555.7;142.8;412.9;22.86;1.71;0;497.66;61.453;91.147;0;9.4638;659.72;0;659.72;497.66;91.147;61.453;9.4638;0.7543;0.1075;0;0.0143;647.95;11.768;0;0;3.3139;8.4536;636.05;8.0113;5.0648;0.9276;1.8682;0.1506;644.06;3.8877;2.9859;0.5469;0.3488;0.0061;638.73;489.61;89.672;55.922;0.8535;288.62;230.6;95.493;1.4256;3.0758;44.244;2.6774;45.894;0;1;0;0;1.1872;0.9822;1;1;0.9461;0.1067;0.9876;0.9898;1;0.9677;0.85;0.994;0.994;1;0.994;0.994;0.9641;0.91;0.0902;1.8775;1.9161;0.0115;0.0004;0.2004;0.0119;0.0423;0.0075;0;0;0.088;1.4865;0;0;0;0;0;0;0;0;0;0;0;0;0.0341;0.0088;1.5991;1.5991;0;54.574;54.574;31.714;0.0499;1650.3;968.97;1;0.0246;0.0246;0;0;0;0;0;0;1.5745;1.4865;0;16.017;18.548;14.889;17.242;98.462;98.462;15.833;13.486;12.536;2.3477;0.9495;0.1483;0.06;0.7918;41.675;0.7539;0
29/04/21 14:00;28.161;43.385;39.846;37.931;52.069;90;52.069;429.19;153;276.19;22.6;1.57;0;449.31;69.832;108.19;0;16.537;643.87;0;643.87;449.31;108.19;69.832;16.537;0.6978;0.1341;0;0.0257;621.25;22.619;0;0;7.1476;15.472;611.62;5.898;3.0346;0.7307;2.0886;0.0442;617.52;3.7275;2.6958;0.6491;0.3761;0.0064;615.59;443.58;106.81;60.22;1.0142;169.64;135.54;55.536;7.0779;2.2519;32.392;3.9615;27.566;0;1;0;0;1.5002;0.9649;1;1;0.8976;0.0644;0.9904;0.9932;1;0.9665;0.9583;0.994;0.994;1;0.994;0.994;0.9499;0.8624;0.0613;1.8324;1.8261;0.011;0.0013;0.1813;0.0114;0.0405;0.0055;0;0;0.088;1.4229;0;0;0;0;0;0;0;0;0;0;0;0;0.0326;0.008;1.5344;1.5344;0;53.062;53.062;30.462;0.0498;1572.7;975.64;1;0.0235;0.0235;0;0;0;0;0;0;1.5109;1.4229;0;15.747;18.235;14.603;16.91;98.469;98.469;15.453;12.94;12;2.513;0.9402;0.1626;0.0608;0.7765;55.681;0.7483;0
29/04/21 15:00;18.828;55.526;38.489;22.471;45.498;90;45.498;267;144.6;122.4;22.7;1.1801;0;296.85;88.335;98.79;0;7.9849;491.96;0;491.96;296.85;98.79;88.335;7.9849;0.6034;0.1958;0;0.0162;477.12;14.845;0;0;7.4316;7.4132;469.23;5.0203;1.7707;0.5893;2.6265;0.0338;474.25;2.8627;1.7811;0.5927;0.4854;0.0034;470.43;293.3;97.608;77.792;0.5345;66.842;53.407;23.219;5.6048;0.9835;14.147;1.1911;9.5257;0;1;0;0;1.8426;0.9698;1;1;0.9159;0.0716;0.9894;0.994;1;0.9673;0.9406;0.994;0.994;1;0.994;0.994;0.9538;0.8806;0.0669;1.4001;1.3743;0.0083;0.0069;0.1023;0.0088;0.0312;0.0025;0;0;0.088;1.0783;0;0;0;0;0;0;0;0;0;0;0;0;0.0251;0.0048;1.1844;1.1844;0;45.96;45.96;23.26;0.0496;1184;1000.4;1;0.0182;0.0182;0;0;0;0;0;0;1.1663;1.0783;0;15.909;18.423;14.483;16.771;98.464;98.464;11.807;9.9886;9.093;1.8185;0.8956;0.154;0.0759;0.7701;66.043;0.7539;0
29/04/21 16:00;8.1419;65.64;69.911;8.9253;13.178;90;13.178;77.494;72.599;4.8944;21.7;1.31;0;11.87;69.804;4.5197;0;0.2041;86.399;0;86.399;11.87;4.5197;69.804;0.2041;0.1374;0.8103;0;0.0024;85.426;0.9721;0;0;0.8023;0.1699;80.492;4.4221;1.2664;0.4822;2.6658;0.0077;84.914;0.5126;0.0712;0.0271;0.414;0.0002;80.53;10.533;4.0104;65.922;0.0263;42.252;33.759;13.029;0.0567;0.5022;7.2241;0.0386;7.6696;0;1;0;0;1.1149;0.9887;1;1;0.9885;0.1676;0.9479;0.8927;1;0.9611;0.7748;0.994;0.994;1;0.994;0.994;0.9316;0.9444;0.1291;0.2459;0.2449;0.0015;0.0157;0.0006;0.0016;0.0056;0.0013;0;0;0.088;0.1196;0;0;0;0;0;0;0;0;0;0;0;0;0.0045;0.0003;0.2138;0.2138;0;25.681;25.681;3.9806;0.0495;208.31;1026.2;1;0.0062;0.0062;0;0;0;0;0;0;0.2076;0.1196;0;16.349;18.932;9.1435;10.588;97.093;97.093;2.0736;1.8027;1.0082;0.2709;0.7945;0.1306;0.3832;0.4862;42.219;0.4576;0
29/04/21 17:00;1.3018;71.051;86.841;1.3763;1.9632;90;1.9632;0;0;0;17.01;1.5199;0;0;0;0;0;0;0;0;0;0;0;0;0;1;1;1;1;0;0;0;0;0;0;0;0;0;0;0;0;0;0;0;0;0;0;0;0;0;0;0;0;0;0;0;0;0;0;0;0;0;0;0;1;1;1;1;1;1;1;1;1;1;1;1;1;1;1;1;1;1;1;0;0;0;0;0;0;0;0;0;0.0004;0.088;-0.0884;0;0;0;0;0;0;0;0;0;0;0;0;0;0;0;0;0;0;0;-17.01;0;0;0;0;0.0004;0;0;0;0;0;0;0;-0.0004;-0.0884;0;0;0;0;0;0;0;0;0;-0.7452;0;0.7452;1;1;0;0;0;0
29/04/21 18:00;0;0;90;0;0;90;0;0;0;0;11.89;1.7501;0;0;0;0;0;0;0;0;0;0;0;0;0;1;1;1;1;0;0;0;0;0;0;0;0;0;0;0;0;0;0;0;0;0;0;0;0;0;0;0;0;0;0;0;0;0;0;0;0;0;0;0;1;1;1;1;1;1;1;1;1;1;1;1;1;1;1;1;1;1;1;0;0;0;0;0;0;0;0;0;0.0004;0.088;-0.0884;0;0;0;0;0;0;0;0;0;0;0;0;0;0;0;0;0;0;0;-11.89;0;0;0;0;0.0004;0;0;0;0;0;0;0;-0.0004;-0.0884;0;0;0;0;0;0;0;0;0;-0.7452;0;0.7452;1;1;0;0;0;0
29/04/21 19:00;0;0;90;0;0;90;0;0;0;0;10.33;1.9801;0;0;0;0;0;0;0;0;0;0;0;0;0;1;1;1;1;0;0;0;0;0;0;0;0;0;0;0;0;0;0;0;0;0;0;0;0;0;0;0;0;0;0;0;0;0;0;0;0;0;0;0;1;1;1;1;1;1;1;1;1;1;1;1;1;1;1;1;1;1;1;0;0;0;0;0;0;0;0;0;0.0004;0.088;-0.0884;0;0;0;0;0;0;0;0;0;0;0;0;0;0;0;0;0;0;0;-10.33;0;0;0;0;0.0004;0;0;0;0;0;0;0;-0.0004;-0.0884;0;0;0;0;0;0;0;0;0;-0.7452;0;0.7452;1;1;0;0;0;0
29/04/21 20:00;0;0;90;0;0;90;0;0;0;0;9.1598;2.19;0;0;0;0;0;0;0;0;0;0;0;0;0;1;1;1;1;0;0;0;0;0;0;0;0;0;0;0;0;0;0;0;0;0;0;0;0;0;0;0;0;0;0;0;0;0;0;0;0;0;0;0;1;1;1;1;1;1;1;1;1;1;1;1;1;1;1;1;1;1;1;0;0;0;0;0;0;0;0;0;0.0004;0.088;-0.0884;0;0;0;0;0;0;0;0;0;0;0;0;0;0;0;0;0;0;0;-9.1598;0;0;0;0;0.0004;0;0;0;0;0;0;0;-0.0004;-0.0884;0;0;0;0;0;0;0;0;0;-0.7452;0;0.7452;1;1;0;0;0;0
29/04/21 21:00;0;0;90;0;0;90;0;0;0;0;8.1899;2.3801;0;0;0;0;0;0;0;0;0;0;0;0;0;1;1;1;1;0;0;0;0;0;0;0;0;0;0;0;0;0;0;0;0;0;0;0;0;0;0;0;0;0;0;0;0;0;0;0;0;0;0;0;1;1;1;1;1;1;1;1;1;1;1;1;1;1;1;1;1;1;1;0;0;0;0;0;0;0;0;0;0.0004;0.088;-0.0884;0;0;0;0;0;0;0;0;0;0;0;0;0;0;0;0;0;0;0;-8.1899;0;0;0;0;0.0004;0;0;0;0;0;0;0;-0.0004;-0.0884;0;0;0;0;0;0;0;0;0;-0.7452;0;0.7452;1;1;0;0;0;0
29/04/21 22:00;0;0;90;0;0;90;0;0;0;0;7.2599;2.5401;0;0;0;0;0;0;0;0;0;0;0;0;0;1;1;1;1;0;0;0;0;0;0;0;0;0;0;0;0;0;0;0;0;0;0;0;0;0;0;0;0;0;0;0;0;0;0;0;0;0;0;0;1;1;1;1;1;1;1;1;1;1;1;1;1;1;1;1;1;1;1;0;0;0;0;0;0;0;0;0;0.0004;0.088;-0.0884;0;0;0;0;0;0;0;0;0;0;0;0;0;0;0;0;0;0;0;-7.2599;0;0;0;0;0.0004;0;0;0;0;0;0;0;-0.0004;-0.0884;0;0;0;0;0;0;0;0;0;-0.7452;0;0.7452;1;1;0;0;0;0
29/04/21 23:00;0;0;90;0;0;90;0;0;0;0;6.3498;2.67;0;0;0;0;0;0;0;0;0;0;0;0;0;1;1;1;1;0;0;0;0;0;0;0;0;0;0;0;0;0;0;0;0;0;0;0;0;0;0;0;0;0;0;0;0;0;0;0;0;0;0;0;1;1;1;1;1;1;1;1;1;1;1;1;1;1;1;1;1;1;1;0;0;0;0;0;0;0;0;0;0.0004;0.088;-0.0884;0;0;0;0;0;0;0;0;0;0;0;0;0;0;0;0;0;0;0;-6.3498;0;0;0;0;0.0004;0;0;0;0;0;0;0;-0.0004;-0.0884;0;0;0;0;0;0;0;0;0;-0.7452;0;0.7452;1;1;0;0;0;0
30/04/21 00:00;0;0;90;0;0;90;0;0;0;0;6.6802;2.7899;0;0;0;0;0;0;0;0;0;0;0;0;0;1;1;1;1;0;0;0;0;0;0;0;0;0;0;0;0;0;0;0;0;0;0;0;0;0;0;0;0;0;0;0;0;0;0;0;0;0;0;0;1;1;1;1;1;1;1;1;1;1;1;1;1;1;1;1;1;1;1;0;0;0;0;0;0;0;0;0;0.0004;0.088;-0.0884;0;0;0;0;0;0;0;0;0;0;0;0;0;0;0;0;0;0;0;-6.6802;0;0;0;0;0.0004;0;0;0;0;0;0;0;-0.0004;-0.0884;0;0;0;0;0;0;0;0;0;-0.7452;0;0.7452;1;1;0;0;0;0
30/04/21 01:00;0;0;90;0;0;90;0;0;0;0;6.2301;2.8799;0;0;0;0;0;0;0;0;0;0;0;0;0;1;1;1;1;0;0;0;0;0;0;0;0;0;0;0;0;0;0;0;0;0;0;0;0;0;0;0;0;0;0;0;0;0;0;0;0;0;0;0;1;1;1;1;1;1;1;1;1;1;1;1;1;1;1;1;1;1;1;0;0;0;0;0;0;0;0;0;0.0004;0.088;-0.0884;0;0;0;0;0;0;0;0;0;0;0;0;0;0;0;0;0;0;0;-6.2301;0;0;0;0;0.0004;0;0;0;0;0;0;0;-0.0004;-0.0884;0;0;0;0;0;0;0;0;0;-0.7452;0;0.7452;1;1;0;0;0;0
30/04/21 02:00;0;0;90;0;0;90;0;0;0;0;5.0801;2.9499;0;0;0;0;0;0;0;0;0;0;0;0;0;1;1;1;1;0;0;0;0;0;0;0;0;0;0;0;0;0;0;0;0;0;0;0;0;0;0;0;0;0;0;0;0;0;0;0;0;0;0;0;1;1;1;1;1;1;1;1;1;1;1;1;1;1;1;1;1;1;1;0;0;0;0;0;0;0;0;0;0.0004;0.088;-0.0884;0;0;0;0;0;0;0;0;0;0;0;0;0;0;0;0;0;0;0;-5.0801;0;0;0;0;0.0004;0;0;0;0;0;0;0;-0.0004;-0.0884;0;0;0;0;0;0;0;0;0;-0.7452;0;0.7452;1;1;0;0;0;0
30/04/21 03:00;0;0;90;0;0;90;0;0;0;0;4.9903;3.08;0;0;0;0;0;0;0;0;0;0;0;0;0;1;1;1;1;0;0;0;0;0;0;0;0;0;0;0;0;0;0;0;0;0;0;0;0;0;0;0;0;0;0;0;0;0;0;0;0;0;0;0;1;1;1;1;1;1;1;1;1;1;1;1;1;1;1;1;1;1;1;0;0;0;0;0;0;0;0;0;0.0004;0.088;-0.0884;0;0;0;0;0;0;0;0;0;0;0;0;0;0;0;0;0;0;0;-4.9903;0;0;0;0;0.0004;0;0;0;0;0;0;0;-0.0004;-0.0884;0;0;0;0;0;0;0;0;0;-0.7452;0;0.7452;1;1;0;0;0;0
30/04/21 04:00;0;0;90;0;0;90;0;0;0;0;4.8501;3.1899;0;0;0;0;0;0;0;0;0;0;0;0;0;1;1;1;1;0;0;0;0;0;0;0;0;0;0;0;0;0;0;0;0;0;0;0;0;0;0;0;0;0;0;0;0;0;0;0;0;0;0;0;1;1;1;1;1;1;1;1;1;1;1;1;1;1;1;1;1;1;1;0;0;0;0;0;0;0;0;0;0.0004;0.088;-0.0884;0;0;0;0;0;0;0;0;0;0;0;0;0;0;0;0;0;0;0;-4.8501;0;0;0;0;0.0004;0;0;0;0;0;0;0;-0.0004;-0.0884;0;0;0;0;0;0;0;0;0;-0.7452;0;0.7452;1;1;0;0;0;0
30/04/21 05:00;0;0;90;0;0;90;0;0;0;0;3.94;3.2501;0;0;0;0;0;0;0;0;0;0;0;0;0;1;1;1;1;0;0;0;0;0;0;0;0;0;0;0;0;0;0;0;0;0;0;0;0;0;0;0;0;0;0;0;0;0;0;0;0;0;0;0;1;1;1;1;1;1;1;1;1;1;1;1;1;1;1;1;1;1;1;0;0;0;0;0;0;0;0;0;0.0004;0.088;-0.0884;0;0;0;0;0;0;0;0;0;0;0;0;0;0;0;0;0;0;0;-3.94;0;0;0;0;0.0004;0;0;0;0;0;0;0;-0.0004;-0.0884;0;0;0;0;0;0;0;0;0;-0.7452;0;0.7452;1;1;0;0;0;0
30/04/21 06:00;2.0982;-70.064;84.906;2.2318;3.1877;-90;-3.1877;1.1916;1.1916;0;3.7997;3.4;0;0;1.1907;0;0;0.0002;1.1909;1.1909;0;0;0;0;0;1;1;1;1;0;0;0;0;0;0;0;0;0;0;0;0;0;0;0;0;0;0;0;0;0;0;0;0;0;0;0;0;0;0;0;0;0;0;0;0;1;1;1;1;1;1;1;1;1;1;1;1;1;0;0;1;0;0;0;0;0;0;0;0;0;0;0;0.0004;0.088;-0.0884;0;0;0;0;0;0;0;0;0;0;0;0;0;0;0;0;0;0;0;-3.7997;0;0;0;0;0.0004;0;0;0;0;0;0;0;-0.0004;-0.0884;0;0;0;0;0;0;0;0;0;-0.7452;0;0.7452;1;1;0;0;0;0
30/04/21 07:00;9.8099;-63.812;65.593;10.907;16.408;-90;-16.408;123.11;30.3;92.807;5.8598;4.2101;0;225.08;17.667;29.747;0;0.5014;273;0;273;225.08;29.747;17.667;0.5014;0.8245;0.0666;0;0.0018;272.29;0.7096;0;0;0.2928;0.4168;253.18;17.48;14.862;1.9642;0.6352;0.0188;270.66;1.6337;1.3505;0.1785;0.1042;0.0005;253.2;208.87;27.604;16.635;0.0653;11.323;9.047;3.3167;0.0316;0.147;2.1147;0.0203;2.2302;0;1;0;0;2.2176;0.9974;1;1;0.9834;0.1687;0.9354;0.9336;1;0.9632;0.7769;0.994;0.994;1;0.994;0.994;0.9274;0.9416;0.1303;0.7769;0.7287;0.0044;0.0156;-0.0177;0.0051;0.018;0.0004;0;0;0.088;0.5866;0;0;0;0;0;0;0;0;0;0;0;0;0.0145;0.0015;0.6868;0.6868;0;18.171;18.171;12.312;0.0486;624.26;1100.2;1;0.0122;0.0122;0;0;0;0;0;0;0.6746;0.5866;0;16.624;19.25;14.198;16.441;98.223;98.223;6.552;5.7918;4.9467;0.7602;0.845;0.116;0.129;0.755;10.808;0.7506;0
30/04/21 08:00;20.285;-53.425;34.341;24.714;60;-90;-60;294.5;72.2;222.3;10.1;3.29;0;529.45;28.347;81.939;0;14.725;654.46;0;654.46;529.45;81.939;28.347;14.725;0.809;0.0658;0;0.0225;637.2;17.257;0;0;3.5514;13.706;630.27;3.1104;1.8814;0.2912;0.872;0.0658;633.38;3.8232;3.1767;0.4916;0.1488;0.0061;631.45;524.39;81.156;23.775;0.9474;30.54;24.401;10.895;4.7428;0.5725;8.2356;1.188;4.0654;0;1;0;0;2.2222;0.9736;1;1;0.8747;0.0692;0.9951;0.9964;1;0.9646;0.9351;0.994;0.994;1;0.994;0.994;0.963;0.8387;0.0643;1.8625;1.8231;0.011;0.0013;0.1035;0.012;0.0424;0.0015;0;0;0.088;1.4956;0;0;0;0;0;0;0;0;0;0;0;0;0.0341;0.008;1.6094;1.6094;0;41.181;41.181;31.081;0.0493;1570.2;1025;1;0.0258;0.0258;0;0;0;0;0;0;1.5836;1.4956;0;16.25;18.817;15.101;17.487;98.396;98.396;15.707;13.572;12.613;2.1346;0.9598;0.1359;0.0611;0.803;24.685;0.7955;0
30/04/21 09:00;29.293;-40.896;41.242;40.594;49.406;-90;-49.406;451.6;95.103;356.5;14.54;2.3899;0;547.88;35.991;79.14;0;15.775;678.78;0;678.78;547.88;79.14;35.991;15.775;0.8071;0.0763;0;0.0232;660.73;18.052;0;0;3.4022;14.649;650.9;5.8652;4.1449;0.5987;1.0724;0.0491;656.77;3.9644;3.2873;0.4748;0.1955;0.0068;654.68;540.44;78.067;31.321;1.0695;178.66;142.75;56.613;3.0403;2.2069;31.745;3.7784;30.912;0;1;0;0;1.5031;0.9734;1;1;0.9055;0.0713;0.9911;0.9924;1;0.9669;0.9561;0.994;0.994;1;0.994;0.994;0.9589;0.8702;0.0678;1.9318;1.9367;0.0117;0.0002;0.1483;0.0124;0.0441;0.0055;0;0;0.088;1.5554;0;0;0;0;0;0;0;0;0;0;0;0;0.0355;0.009;1.6699;1.6699;0;46.783;46.783;32.244;0.0495;1665.8;1002.5;1;0.0266;0.0266;0;0;0;0;0;0;1.6434;1.5554;0;16.257;18.825;15.142;17.534;98.41;98.41;16.291;14.083;13.117;2.2081;0.9661;0.1355;0.0593;0.8052;27.937;0.7779;0
30/04/21 10:00;36.045;-25.632;46.802;59.272;30.728;-90;-30.728;568.59;110.6;457.99;18.31;1.46;0;532.8;43.354;74.425;0;7.9831;658.56;0;658.56;532.8;74.425;43.354;7.9831;0.809;0.078;0;0.0121;649.58;8.9808;0;0;1.9921;6.9887;637.62;8.0625;5.7529;0.8036;1.3375;0.1684;645.68;3.8975;3.1968;0.4465;0.2482;0.006;639.86;523.85;73.174;39.776;0.82;301.54;240.93;98.305;0.7153;3.2585;46.872;2.241;49.415;0;1;0;0;1.1582;0.9864;1;1;0.9541;0.1246;0.9875;0.9891;1;0.9675;0.8296;0.994;0.994;1;0.994;0.994;0.9682;0.9175;0.1027;1.8742;1.9246;0.0116;0.0003;0.1695;0.0122;0.0433;0.0081;0;0;0.088;1.5223;0;0;0;0;0;0;0;0;0;0;0;0;0.0349;0.0089;1.6359;1.6359;0;49.981;49.981;31.671;0.0497;1655.6;988.12;1;0.0256;0.0256;0;0;0;0;0;0;1.6103;1.5223;0;16.415;19.008;15.275;17.688;98.432;98.432;15.805;13.796;12.838;2.0095;0.9584;0.1271;0.0606;0.8122;28.719;0.7711;0
30/04/21 11:00;39.594;-7.8111;49.767;80.669;9.3312;-90;-9.3312;623.7;124.7;499;21.94;1;0;505.7;51.799;73.526;0;0.8253;631.85;0;631.85;505.7;73.526;51.799;0.8253;0.8003;0.0833;0;0.0013;630.83;1.018;0;0;0.3326;0.6855;617.65;9.3956;6.3319;0.9206;2.1118;0.0312;627.04;3.785;3.0342;0.4412;0.3088;0.0008;617.8;496.33;72.164;49.046;0.1078;364.9;291.56;116.92;0.0117;4.0201;57.827;0.153;61.836;0;1;0;0;1.0131;0.9984;1;1;0.9936;0.1694;0.985;0.9874;1;0.9587;0.7756;0.994;0.994;1;0.994;0.994;0.9775;0.9468;0.1306;1.7982;1.8834;0.0113;0.0007;0.1843;0.0118;0.0419;0.0098;0;0;0.088;1.4689;0;0;0;0;0;0;0;0;0;0;0;0;0.0337;0.0085;1.5813;1.5813;0;52.691;52.691;30.751;0.0498;1620.1;976.04;1;0.0244;0.0244;0;0;0;0;0;0;1.5569;1.4689;0;16.537;19.15;15.362;17.789;98.458;98.458;15.164;13.335;12.387;1.8293;0.9478;0.1206;0.0625;0.8169;31.001;0.7645;0
30/04/21 12:00;39.253;10.977;49.481;76.882;13.118;90;13.118;674.39;111.5;562.89;23.2;0.7199;0;577.97;37.294;75.688;0;1.7598;692.72;0;692.72;577.97;75.688;37.294;1.7598;0.8344;0.0564;0;0.0025;690.83;1.8902;0;0;0.4253;1.4648;677.11;9.5678;7.1408;0.9351;1.4258;0.066;686.68;4.145;3.4678;0.4541;0.2212;0.0018;677.49;567.37;74.299;35.222;0.2271;390.96;312.38;127.05;0.0302;4.1928;60.312;0.3775;64.474;0;1;0;0;1.0272;0.9973;1;1;0.9886;0.1676;0.9861;0.9876;1;0.9611;0.7748;0.994;0.994;1;0.994;0.994;0.9775;0.9444;0.1291;1.9714;2.0592;0.0124;-0.0007;0.2332;0.0127;0.045;0.0101;0;0;0.088;1.5858;0;0;0;0;0;0;0;0;0;0;0;0;0.0363;0.0101;1.7001;1.7001;0;57.023;57.023;33.823;0.05;1773.6;958.52;1;0.0263;0.0263;0;0;0;0;0;0;1.6738;1.5858;0;16.217;18.779;15.127;17.517;98.452;98.452;16.625;14.337;13.373;2.2883;0.964;0.1376;0.058;0.8044;22.552;0.7552;0
30/04/21 13:00;35.094;28.434;46.014;55.878;34.122;90;34.122;583.3;117.3;466;23.74;0.3999;0;562.91;42.629;85.35;0;10.042;700.93;0;700.93;562.91;85.35;42.629;10.042;0.8031;0.0751;0;0.0143;689.64;11.297;0;0;2.3191;8.9782;677.34;8.1546;5.8201;0.8825;1.295;0.157;685.5;4.1378;3.3775;0.5121;0.2419;0.0064;680.1;553.72;83.955;38.773;0.9005;299.63;239.4;100.19;1.0089;3.0942;44.509;2.7564;46.594;0;1;0;0;1.2017;0.9839;1;1;0.9456;0.1059;0.9881;0.9896;1;0.9677;0.8515;0.994;0.994;1;0.994;0.994;0.9663;0.9095;0.0897;1.9948;2.035;0.0123;-0.0005;0.2347;0.0125;0.0444;0.0074;0;0;0.088;1.5647;0;0;0;0;0;0;0;0;0;0;0;0;0.0358;0.0099;1.6786;1.6786;0;57.591;57.591;33.851;0.05;1754.2;956.87;1;0.0259;0.0259;0;0;0;0;0;0;1.6527;1.5647;0;15.824;18.324;14.751;17.081;98.458;98.458;16.822;14.155;13.195;2.667;0.9603;0.1585;0.0571;0.7844;28.951;0.7488;0
30/04/21 14:00;27.893;43.213;40.102;37.706;52.294;90;52.294;426.69;150.5;276.19;23.69;0.1501;0;451.59;68.066;107.96;0;16.573;644.19;0;644.19;451.59;107.96;68.066;16.573;0.701;0.1314;0;0.0257;621.67;22.518;0;0;7.0105;15.508;612;5.9432;3.117;0.7452;2.0367;0.0442;617.94;3.73;2.7095;0.6478;0.3663;0.0064;616.12;445.76;106.57;58.652;1.0143;167.04;133.46;53.496;7.0037;2.2969;33.04;4.1184;28.333;0;1;0;0;1.5097;0.965;1;1;0.897;0.0643;0.9904;0.9931;1;0.9664;0.9583;0.994;0.994;1;0.994;0.994;0.95;0.8617;0.0612;1.8333;1.8289;0.011;0.0012;0.1891;0.0114;0.0404;0.0056;0;0;0.088;1.4183;0;0;0;0;0;0;0;0;0;0;0;0;0.0325;0.0081;1.5296;1.5296;0;54.199;54.199;30.509;0.0499;1575.6;970.82;1;0.0233;0.0233;0;0;0;0;0;0;1.5063;1.4183;0;15.69;18.169;14.548;16.847;98.476;98.476;15.461;12.899;11.96;2.5613;0.9387;0.1657;0.0607;0.7736;54.4;0.745;0
30/04/21 15:00;18.586;55.325;39.375;22.239;44.383;90;44.383;245.8;153.5;92.303;23;0.27;0;223.86;103.28;80.12;0;7.0131;414.27;0;414.27;223.86;80.12;103.28;7.0131;0.5404;0.2662;0;0.0169;399.4;14.878;0;0;8.38;6.4978;391.92;5.0758;1.4506;0.5192;3.0726;0.0334;397;2.3964;1.3432;0.4807;0.5694;0.0031;393.23;221.07;79.12;91.258;0.4788;77.046;61.56;26.597;6.0154;1.1155;16.046;1.3022;11.147;0;1;0;0;1.6854;0.9641;1;1;0.9189;0.0735;0.9872;0.9935;1;0.9674;0.9348;0.994;0.994;1;0.994;0.994;0.9461;0.8836;0.0683;1.179;1.1572;0.007;0.01;0.0718;0.0075;0.0265;0.0028;0;0;0.088;0.9031;0;0;0;0;0;0;0;0;0;0;0;0;0.0214;0.0035;1.0068;1.0068;0;42.39;42.39;19.39;0.0495;996.25;1010.6;1;0.0157;0.0157;0;0;0;0;0;0;0.9911;0.9031;0;16.06;18.597;14.405;16.681;98.436;98.436;9.9426;8.4908;7.616;1.4518;0.8749;0.146;0.088;0.766;76.432;0.7444;0
30/04/21 16:00;7.9216;65.422;70.473;8.6993;12.82;90;12.82;69.309;66.3;3.0088;21.94;0.61;0;7.2972;64.411;2.6088;0;0.1728;74.49;0;74.49;7.2972;2.6088;64.411;0.1728;0.098;0.867;0;0.0023;73.639;0.8506;0;0;0.7068;0.1438;69.594;3.6031;0.8257;0.2952;2.4758;0.0065;73.198;0.4418;0.0438;0.0157;0.3822;0.0002;69.628;6.4277;2.2979;60.846;0.0223;38.933;31.108;11.997;0.0474;0.463;6.6601;0.0331;7.0757;0;1;0;0;1.0748;0.9886;1;1;0.989;0.1677;0.9508;0.8862;1;0.9609;0.7748;0.994;0.994;1;0.994;0.994;0.9343;0.9447;0.1291;0.212;0.2125;0.0013;0.0151;0.0003;0.0014;0.0049;0.0012;0;0;0.088;0.0904;0;0;0;0;0;0;0;0;0;0;0;0;0.0039;0.0002;0.1844;0.1844;0;25.386;25.386;3.4464;0.0495;180.52;1021.3;1;0.006;0.006;0;0;0;0;0;0;0.1784;0.0904;0;16.356;18.94;8.0215;9.2887;96.772;96.772;1.7878;1.5549;0.7626;0.2329;0.7923;0.1303;0.4432;0.4265;38.913;0.3998;0
30/04/21 17:00;1.092;70.825;87.351;1.1562;1.6488;90;1.6488;0;0;0;17.7;0.9699;0;0;0;0;0;0;0;0;0;0;0;0;0;1;1;1;1;0;0;0;0;0;0;0;0;0;0;0;0;0;0;0;0;0;0;0;0;0;0;0;0;0;0;0;0;0;0;0;0;0;0;0;1;1;1;1;1;1;1;1;1;1;1;1;1;1;1;1;1;1;1;0;0;0;0;0;0;0;0;0;0.0004;0.088;-0.0884;0;0;0;0;0;0;0;0;0;0;0;0;0;0;0;0;0;0;0;-17.7;0;0;0;0;0.0004;0;0;0;0;0;0;0;-0.0004;-0.0884;0;0;0;0;0;0;0;0;0;-0.7452;0;0.7452;1;1;0;0;0;0
30/04/21 18:00;0;0;90;0;0;90;0;0;0;0;13.31;1.3699;0;0;0;0;0;0;0;0;0;0;0;0;0;1;1;1;1;0;0;0;0;0;0;0;0;0;0;0;0;0;0;0;0;0;0;0;0;0;0;0;0;0;0;0;0;0;0;0;0;0;0;0;1;1;1;1;1;1;1;1;1;1;1;1;1;1;1;1;1;1;1;0;0;0;0;0;0;0;0;0;0.0004;0.088;-0.0884;0;0;0;0;0;0;0;0;0;0;0;0;0;0;0;0;0;0;0;-13.31;0;0;0;0;0.0004;0;0;0;0;0;0;0;-0.0004;-0.0884;0;0;0;0;0;0;0;0;0;-0.7452;0;0.7452;1;1;0;0;0;0
30/04/21 19:00;0;0;90;0;0;90;0;0;0;0;11.51;1.8;0;0;0;0;0;0;0;0;0;0;0;0;0;1;1;1;1;0;0;0;0;0;0;0;0;0;0;0;0;0;0;0;0;0;0;0;0;0;0;0;0;0;0;0;0;0;0;0;0;0;0;0;1;1;1;1;1;1;1;1;1;1;1;1;1;1;1;1;1;1;1;0;0;0;0;0;0;0;0;0;0.0004;0.088;-0.0884;0;0;0;0;0;0;0;0;0;0;0;0;0;0;0;0;0;0;0;-11.51;0;0;0;0;0.0004;0;0;0;0;0;0;0;-0.0004;-0.0884;0;0;0;0;0;0;0;0;0;-0.7452;0;0.7452;1;1;0;0;0;0
30/04/21 20:00;0;0;90;0;0;90;0;0;0;0;10.96;2.33;0;0;0;0;0;0;0;0;0;0;0;0;0;1;1;1;1;0;0;0;0;0;0;0;0;0;0;0;0;0;0;0;0;0;0;0;0;0;0;0;0;0;0;0;0;0;0;0;0;0;0;0;1;1;1;1;1;1;1;1;1;1;1;1;1;1;1;1;1;1;1;0;0;0;0;0;0;0;0;0;0.0004;0.088;-0.0884;0;0;0;0;0;0;0;0;0;0;0;0;0;0;0;0;0;0;0;-10.96;0;0;0;0;0.0004;0;0;0;0;0;0;0;-0.0004;-0.0884;0;0;0;0;0;0;0;0;0;-0.7452;0;0.7452;1;1;0;0;0;0
30/04/21 21:00;0;0;90;0;0;90;0;0;0;0;10.96;2.8601;0;0;0;0;0;0;0;0;0;0;0;0;0;1;1;1;1;0;0;0;0;0;0;0;0;0;0;0;0;0;0;0;0;0;0;0;0;0;0;0;0;0;0;0;0;0;0;0;0;0;0;0;1;1;1;1;1;1;1;1;1;1;1;1;1;1;1;1;1;1;1;0;0;0;0;0;0;0;0;0;0.0004;0.088;-0.0884;0;0;0;0;0;0;0;0;0;0;0;0;0;0;0;0;0;0;0;-10.96;0;0;0;0;0.0004;0;0;0;0;0;0;0;-0.0004;-0.0884;0;0;0;0;0;0;0;0;0;-0.7452;0;0.7452;1;1;0;0;0;0
30/04/21 22:00;0;0;90;0;0;90;0;0;0;0;9.5899;3.2601;0;0;0;0;0;0;0;0;0;0;0;0;0;1;1;1;1;0;0;0;0;0;0;0;0;0;0;0;0;0;0;0;0;0;0;0;0;0;0;0;0;0;0;0;0;0;0;0;0;0;0;0;1;1;1;1;1;1;1;1;1;1;1;1;1;1;1;1;1;1;1;0;0;0;0;0;0;0;0;0;0.0004;0.088;-0.0884;0;0;0;0;0;0;0;0;0;0;0;0;0;0;0;0;0;0;0;-9.5899;0;0;0;0;0.0004;0;0;0;0;0;0;0;-0.0004;-0.0884;0;0;0;0;0;0;0;0;0;-0.7452;0;0.7452;1;1;0;0;0;0
30/04/21 23:00;0;0;90;0;0;90;0;0;0;0;8.84;3.4201;0;0;0;0;0;0;0;0;0;0;0;0;0;1;1;1;1;0;0;0;0;0;0;0;0;0;0;0;0;0;0;0;0;0;0;0;0;0;0;0;0;0;0;0;0;0;0;0;0;0;0;0;1;1;1;1;1;1;1;1;1;1;1;1;1;1;1;1;1;1;1;0;0;0;0;0;0;0;0;0;0.0004;0.088;-0.0884;0;0;0;0;0;0;0;0;0;0;0;0;0;0;0;0;0;0;0;-8.84;0;0;0;0;0.0004;0;0;0;0;0;0;0;-0.0004;-0.0884;0;0;0;0;0;0;0;0;0;-0.7452;0;0.7452;1;1;0;0;0;0
01/05/21 00:00;0;0;90;0;0;90;0;0;0;0;9.5599;3.5999;0;0;0;0;0;0;0;0;0;0;0;0;0;1;1;1;1;0;0;0;0;0;0;0;0;0;0;0;0;0;0;0;0;0;0;0;0;0;0;0;0;0;0;0;0;0;0;0;0;0;0;0;1;1;1;1;1;1;1;1;1;1;1;1;1;1;1;1;1;1;1;0;0;0;0;0;0;0;0;0;0.0004;0.088;-0.0884;0;0;0;0;0;0;0;0;0;0;0;0;0;0;0;0;0;0;0;-9.5599;0;0;0;0;0.0004;0;0;0;0;0;0;0;-0.0004;-0.0884;0;0;0;0;0;0;0;0;0;-0.7452;0;0.7452;1;1;0;0;0;0
01/05/21 01:00;0;0;90;0;0;90;0;0;0;0;8.4498;3.7;0;0;0;0;0;0;0;0;0;0;0;0;0;1;1;1;1;0;0;0;0;0;0;0;0;0;0;0;0;0;0;0;0;0;0;0;0;0;0;0;0;0;0;0;0;0;0;0;0;0;0;0;1;1;1;1;1;1;1;1;1;1;1;1;1;1;1;1;1;1;1;0;0;0;0;0;0;0;0;0;0.0004;0.088;-0.0884;0;0;0;0;0;0;0;0;0;0;0;0;0;0;0;0;0;0;0;-8.4498;0;0;0;0;0.0004;0;0;0;0;0;0;0;-0.0004;-0.0884;0;0;0;0;0;0;0;0;0;-0.7452;0;0.7452;1;1;0;0;0;0
01/05/21 02:00;0;0;90;0;0;90;0;0;0;0;6.5698;3.69;0;0;0;0;0;0;0;0;0;0;0;0;0;1;1;1;1;0;0;0;0;0;0;0;0;0;0;0;0;0;0;0;0;0;0;0;0;0;0;0;0;0;0;0;0;0;0;0;0;0;0;0;1;1;1;1;1;1;1;1;1;1;1;1;1;1;1;1;1;1;1;0;0;0;0;0;0;0;0;0;0.0004;0.088;-0.0884;0;0;0;0;0;0;0;0;0;0;0;0;0;0;0;0;0;0;0;-6.5698;0;0;0;0;0.0004;0;0;0;0;0;0;0;-0.0004;-0.0884;0;0;0;0;0;0;0;0;0;-0.7452;0;0.7452;1;1;0;0;0;0
01/05/21 03:00;0;0;90;0;0;90;0;0;0;0;7.0697;3.69;0;0;0;0;0;0;0;0;0;0;0;0;0;1;1;1;1;0;0;0;0;0;0;0;0;0;0;0;0;0;0;0;0;0;0;0;0;0;0;0;0;0;0;0;0;0;0;0;0;0;0;0;1;1;1;1;1;1;1;1;1;1;1;1;1;1;1;1;1;1;1;0;0;0;0;0;0;0;0;0;0.0004;0.088;-0.0884;0;0;0;0;0;0;0;0;0;0;0;0;0;0;0;0;0;0;0;-7.0697;0;0;0;0;0.0004;0;0;0;0;0;0;0;-0.0004;-0.0884;0;0;0;0;0;0;0;0;0;-0.7452;0;0.7452;1;1;0;0;0;0
01/05/21 04:00;0;0;90;0;0;90;0;0;0;0;6.5299;3.63;0;0;0;0;0;0;0;0;0;0;0;0;0;1;1;1;1;0;0;0;0;0;0;0;0;0;0;0;0;0;0;0;0;0;0;0;0;0;0;0;0;0;0;0;0;0;0;0;0;0;0;0;1;1;1;1;1;1;1;1;1;1;1;1;1;1;1;1;1;1;1;0;0;0;0;0;0;0;0;0;0.0004;0.088;-0.0884;0;0;0;0;0;0;0;0;0;0;0;0;0;0;0;0;0;0;0;-6.5299;0;0;0;0;0.0004;0;0;0;0;0;0;0;-0.0004;-0.0884;0;0;0;0;0;0;0;0;0;-0.7452;0;0.7452;1;1;0;0;0;0
01/05/21 05:00;0;0;90;0;0;90;0;0;0;0;5.8499;3.56;0;0;0;0;0;0;0;0;0;0;0;0;0;1;1;1;1;0;0;0;0;0;0;0;0;0;0;0;0;0;0;0;0;0;0;0;0;0;0;0;0;0;0;0;0;0;0;0;0;0;0;0;1;1;1;1;1;1;1;1;1;1;1;1;1;1;1;1;1;1;1;0;0;0;0;0;0;0;0;0;0.0004;0.088;-0.0884;0;0;0;0;0;0;0;0;0;0;0;0;0;0;0;0;0;0;0;-5.8499;0;0;0;0;0.0004;0;0;0;0;0;0;0;-0.0004;-0.0884;0;0;0;0;0;0;0;0;0;-0.7452;0;0.7452;1;1;0;0;0;0
01/05/21 06:00;2.1304;-69.658;84.827;2.2719;3.2452;-90;-3.2452;2.1097;2.1097;0;6.2501;4.11;0;0;2.108;0;0;0.0003;2.1083;2.1083;0;0;0;0;0;1;1;1;1;0;0;0;0;0;0;0;0;0;0;0;0;0;0;0;0;0;0;0;0;0;0;0;0;0;0;0;0;0;0;0;0;0;0;0;0;1;1;1;1;1;1;1;1;1;1;1;1;1;0;0;1;0;0;0;0;0;0;0;0;0;0;0;0.0004;0.088;-0.0884;0;0;0;0;0;0;0;0;0;0;0;0;0;0;0;0;0;0;0;-6.2501;0;0;0;0;0.0004;0;0;0;0;0;0;0;-0.0004;-0.0884;0;0;0;0;0;0;0;0;0;-0.7452;0;0.7452;1;1;0;0;0;0
01/05/21 07:00;9.6356;-63.559;66.05;10.736;16.123;-90;-16.123;120.7;29.202;91.502;8.2802;4.3701;0;221.92;16.992;28.787;0;0.4036;268.1;0;268.1;221.92;28.787;16.992;0.4036;0.8277;0.0649;0;0.0015;267.49;0.6088;0;0;0.2734;0.3354;248.85;18.109;15.47;2.0068;0.6167;0.0152;266.96;0.535;0.4438;0.0576;0.0334;0.0001;248.86;206;26.723;16.068;0.0528;10.89;9.0387;2.6768;0.0285;0.1211;1.7426;0.016;1.8352;0;1;0;0;2.2211;0.9977;1;1;0.9839;0.1689;0.9322;0.9301;1;0.963;0.7767;0.998;0.998;1;0.998;0.998;0.9282;0.9456;0.1309;0.763;0.7155;0.0043;0.0157;-0.0117;0.005;0.0176;0.0003;0;0;0.088;0.5689;0;0;0;0;0;0;0;0;0;0;0;0;0.0141;0.0015;0.6687;0.6687;0;20.405;20.405;12.125;0.0487;613.17;1090.6;1;0.0118;0.0118;0;0;0;0;0;0;0.6569;0.5689;0;16.483;19.087;14.022;16.237;98.229;98.229;6.4344;5.6396;4.7976;0.7948;0.842;0.1235;0.1309;0.7456;10.384;0.742;0
01/05/21 08:00;20.083;-53.183;34.631;24.547;60;-90;-60;296.59;67.098;229.5;13.13;4.04;0;549.93;25.317;79.896;0;12.605;667.75;0;667.75;549.93;79.896;25.317;12.605;0.8236;0.0568;0;0.0189;652.84;14.905;0;0;3.1718;11.733;648.34;3.192;2.055;0.2986;0.782;0.0565;651.53;1.3057;1.0999;0.1598;0.0443;0.0017;649.12;546.77;79.438;21.319;0.8142;26.466;21.967;8.2558;4.2357;0.4515;6.4941;0.7778;2.7099;0;1;0;0;2.2514;0.9777;1;1;0.8747;0.0692;0.9951;0.9963;1;0.9646;0.9351;0.998;0.998;1;0.998;0.998;0.9709;0.8421;0.0646;1.9003;1.8702;0.0113;0.0008;0.1328;0.0121;0.0428;0.0011;0;0;0.088;1.5125;0;0;0;0;0;0;0;0;0;0;0;0;0.0345;0.0084;1.6263;1.6263;0;45.205;45.205;32.076;0.0495;1610.7;1009.7;1;0.0259;0.0259;0;0;0;0;0;0;1.6005;1.5125;0;16.094;18.636;14.967;17.332;98.41;98.41;16.026;13.715;12.755;2.3109;0.9602;0.1442;0.0599;0.7959;22.047;0.7901;0
01/05/21 09:00;29.057;-40.676;41.525;40.446;49.554;-90;-49.554;459.9;87.001;372.9;17.47;3.62;0;574.81;30.778;76.558;0;13.732;695.88;0;695.88;574.81;76.558;30.778;13.732;0.826;0.064;0;0.0197;680.2;15.676;0;0;2.922;12.754;672.83;6.0188;4.4612;0.5942;0.9209;0.0425;678.84;1.3604;1.1496;0.1531;0.0557;0.002;676.06;569.2;75.81;26.879;0.9331;179.23;148.76;47.824;2.627;1.8892;27.175;3.2338;26.437;0;1;0;0;1.5131;0.9775;1;1;0.9051;0.0712;0.9911;0.9922;1;0.9669;0.9564;0.998;0.998;1;0.998;0.998;0.9669;0.8733;0.068;1.9804;1.9887;0.012;-0.0002;0.1816;0.0126;0.0446;0.0047;0;0;0.088;1.5736;0;0;0;0;0;0;0;0;0;0;0;0;0.0359;0.0094;1.6882;1.6882;0;50.91;50.91;33.44;0.0497;1713.4;985.29;1;0.0266;0.0266;0;0;0;0;0;0;1.6616;1.5736;0;16.031;18.563;14.943;17.303;98.425;98.425;16.701;14.237;13.27;2.4645;0.9663;0.1476;0.0579;0.7946;23.925;0.772;0
01/05/21 10:00;35.774;-25.461;47.099;59.178;30.822;-90;-30.822;573.01;105.4;467.61;20.84;2.9301;0;544.51;39.698;72.995;0;6.879;664.09;0;664.09;544.51;72.995;39.698;6.879;0.8199;0.0701;0;0.0104;656.23;7.8578;0;0;1.8329;6.0249;646.74;8.1753;5.9976;0.804;1.229;0.1447;654.92;1.3125;1.089;0.146;0.0757;0.0017;648.66;537.43;72.045;36.56;0.7077;303.24;251.69;83.627;0.6618;2.774;39.903;1.921;42.015;0;1;0;0;1.1589;0.9882;1;1;0.9538;0.1242;0.9875;0.989;1;0.9675;0.8302;0.998;0.998;1;0.998;0.998;0.9739;0.921;0.1029;1.8899;1.9358;0.0117;0.0003;0.1918;0.0121;0.043;0.0068;0;0;0.088;1.5134;0;0;0;0;0;0;0;0;0;0;0;0;0.0346;0.009;1.6266;1.6266;0;53.044;53.044;32.204;0.0498;1667.2;975.63;1;0.0252;0.0252;0;0;0;0;0;0;1.6014;1.5134;0;16.186;18.743;15.059;17.438;98.448;98.448;15.938;13.717;12.763;2.2206;0.955;0.1393;0.0599;0.8008;26.315;0.7663;0
01/05/21 11:00;39.297;-7.728;50.071;80.669;9.3307;-90;-9.3307;623.19;121.7;501.5;22.09;2.26;0;508.22;49.719;72.608;0;0.7009;631.25;0;631.25;508.22;72.608;49.719;0.7009;0.8051;0.0799;0;0.0011;630.35;0.9013;0;0;0.3192;0.5821;619.6;9.4844;6.4947;0.9279;2.0352;0.0266;629.09;1.2607;1.0164;0.1452;0.0988;0.0002;619.73;500.71;71.535;47.266;0.0919;364.58;302.6;98.819;0.0112;3.3962;48.853;0.1293;52.238;0;1;0;0;1.0129;0.9986;1;1;0.9936;0.1694;0.9849;0.9872;1;0.9587;0.7756;0.998;0.998;1;0.998;0.998;0.9816;0.9507;0.1311;1.7965;1.8709;0.0113;0.0008;0.1848;0.0117;0.0416;0.0083;0;0;0.088;1.4584;0;0;0;0;0;0;0;0;0;0;0;0;0.0335;0.0084;1.5706;1.5706;0;52.945;52.945;30.855;0.0498;1610.2;975.4;1;0.0242;0.0242;0;0;0;0;0;0;1.5464;1.4584;0;16.441;19.038;15.266;17.678;98.461;98.461;15.15;13.245;12.299;1.9053;0.946;0.1258;0.0624;0.8118;29.756;0.7673;0
01/05/21 12:00;38.95;10.952;49.776;76.773;13.227;90;13.227;306.6;274.2;32.396;22.64;1.7;0;33.278;260.2;10.792;0;0.6913;304.96;0;304.96;33.278;10.792;260.2;0.6913;0.1091;0.8555;0;0.0023;301.37;3.5846;0;0;3.0091;0.5755;290.22;10.548;0.4185;0.1357;9.9681;0.026;300.77;0.6027;0.0666;0.0216;0.5144;0.0002;290.37;32.793;10.635;246.7;0.0896;182.21;151.24;47.876;0.2143;1.8092;26.025;0.1435;27.62;0;1;0;0;0.9947;0.9882;1;1;0.9884;0.1676;0.9649;0.9874;1;0.9612;0.7748;0.998;0.998;1;0.998;0.998;0.9517;0.9481;0.1296;0.8679;0.8829;0.0053;0.0138;0.0379;0.0058;0.0205;0.0046;0;0;0.088;0.6758;0;0;0;0;0;0;0;0;0;0;0;0;0.0165;0.0021;0.7764;0.7764;0;36.962;36.962;14.322;0.0493;757.54;1024.9;1;0.0126;0.0126;0;0;0;0;0;0;0.7638;0.6758;0;16.823;19.481;14.644;16.957;98.377;98.377;7.319;6.5475;5.6991;0.7715;0.8484;0.1054;0.1159;0.7787;157.39;0.7319;0
01/05/21 13:00;34.806;28.318;46.289;55.691;34.309;90;34.309;172.2;168.8;3.3977;22.63;1.2799;0;4.1134;153.43;0.9045;0;2.5467;161;0;161;4.1134;0.9045;153.43;2.5467;0.0255;0.9688;0;0.0158;150.3;10.698;0;0;8.4189;2.2789;145.23;4.769;0.0434;0.0095;4.6768;0.0393;150;0.3006;0.0082;0.0018;0.29;0.0005;146.07;4.0618;0.8931;140.05;0.228;106.44;88.343;29.685;3.6916;1.177;16.93;0.8439;14.415;0;1;0;0;0.935;0.9336;1;1;0.9451;0.1052;0.9682;0.9894;1;0.9677;0.8531;0.998;0.998;1;0.998;0.998;0.9021;0.9128;0.0895;0.4582;0.4518;0.0027;0.0173;0.0079;0.003;0.0105;0.003;0;0;0.088;0.3023;0;0;0;0;0;0;0;0;0;0;0;0;0.0085;0.0007;0.3983;0.3983;0;29.794;29.794;7.1645;0.0493;385.7;1032.7;1;0.008;0.008;0;0;0;0;0;0;0.3903;0.3023;0;16.349;18.931;12.408;14.368;97.99;97.99;3.8639;3.3591;2.5494;0.5049;0.8096;0.1307;0.2095;0.6598;104.35;0.6117;0
01/05/21 14:00;27.629;43.042;40.354;37.484;52.516;90;52.516;273.5;223.8;49.706;23.23;0.91;0;81.68;165.65;29.308;0;9.1005;285.74;0;285.74;81.68;29.308;165.65;9.1005;0.2859;0.6116;0;0.0318;260.06;25.683;0;0;17.166;8.5168;253.75;5.789;0.5781;0.2074;4.9791;0.0243;259.54;0.5201;0.1634;0.0586;0.297;0.0012;256.99;80.938;29.042;143.21;0.5582;154.7;128.4;45.737;17.29;2.3172;33.332;3.2404;18.359;0;1;0;0;1.0447;0.9101;1;1;0.8964;0.0641;0.9777;0.9929;1;0.9664;0.9582;0.998;0.998;1;0.998;0.998;0.888;0.8645;0.0613;0.8132;0.802;0.0048;0.0147;0.031;0.0053;0.0187;0.0059;0;0;0.088;0.6052;0;0;0;0;0;0;0;0;0;0;0;0;0.015;0.0018;0.7048;0.7048;0;35.752;35.752;12.521;0.0493;686.81;1026.2;1;0.0116;0.0116;0;0;0;0;0;0;0.6932;0.6052;0;16.299;18.874;13.995;16.206;98.349;98.349;6.8577;5.9437;5.1035;0.914;0.8402;0.1333;0.1225;0.7442;132.7;0.6844;0
01/05/21 15:00;18.348;55.126;40.23;22.011;43.351;90;43.351;168.51;150.8;17.706;23.25;0.44;0;42.942;124.78;15.295;0;3.9079;186.93;0;186.93;42.942;15.295;124.78;3.9079;0.2297;0.6885;0;0.0209;173.53;13.396;0;0;9.7829;3.6133;169.02;4.1596;0.3008;0.1071;3.7307;0.0209;173.18;0.3471;0.0859;0.0306;0.23;0.0006;170.28;42.555;15.157;111.04;0.2731;91.611;76.037;26.524;6.7017;1.1787;16.956;1.2538;11.433;0;1;0;0;1.1093;0.9283;1;1;0.9216;0.0754;0.976;0.993;1;0.9675;0.929;0.998;0.998;1;0.998;0.998;0.9042;0.8899;0.0699;0.532;0.5211;0.0031;0.0171;0.0124;0.0034;0.0121;0.003;0;0;0.088;0.3626;0;0;0;0;0;0;0;0;0;0;0;0;0.0098;0.0009;0.4593;0.4593;0;31.59;31.59;8.3394;0.0493;445.31;1031.3;1;0.0086;0.0086;0;0;0;0;0;0;0.4506;0.3626;0;16.235;18.8;12.819;14.844;98.119;98.119;4.4862;3.873;3.058;0.6132;0.815;0.1367;0.1817;0.6816;91.493;0.6383;0
01/05/21 16:00;7.7056;65.207;71.023;8.4771;12.471;90;12.471;33.092;32.601;0.4903;20.98;0.4601;0;1.1892;32.129;0.215;0;0.0664;33.6;0;33.6;1.1892;0.215;32.129;0.0664;0.0354;0.9582;0;0.002;33.208;0.3918;0;0;0.3365;0.0552;31.722;1.4191;0.1431;0.0259;1.2477;0.0025;33.141;0.0664;0.0024;0.0004;0.0636;0;31.735;1.0437;0.1887;30.481;0.0086;19.392;16.096;5.0503;0.0214;0.1954;2.8105;0.013;2.9846;0;1;0;0;1.0154;0.9883;1;1;0.9895;0.1678;0.9572;0.8794;1;0.9607;0.7747;0.998;0.998;1;0.998;0.998;0.9441;0.9487;0.1297;0.0956;0.0964;0.0006;0.0109;-0.0009;0.0006;0.0021;0.0005;0;0;0.088;-0.0111;0;0;0;0;0;0;0;0;0;0;0;0;0.0017;0.0001;0.0808;0.0808;0;22.563;22.563;1.5826;0.0499;80.87;999.26;1;0.0039;0.0039;0;0;0;0;0;0;0.0769;-0.0111;0;15.893;18.403;-2.1817;-2.5264;95.17;95.17;0.8064;0.6815;-0.0936;0.1249;0.775;0.1549;0.9611;0;19.39;0;0
01/05/21 17:00;1.0793;70.456;87.382;1.1453;1.6333;90;1.6333;0;0;0;17.77;0.99;0;0;0;0;0;0;0;0;0;0;0;0;0;1;1;1;1;0;0;0;0;0;0;0;0;0;0;0;0;0;0;0;0;0;0;0;0;0;0;0;0;0;0;0;0;0;0;0;0;0;0;0;1;1;1;1;1;1;1;1;1;1;1;1;1;1;1;1;1;1;1;0;0;0;0;0;0;0;0;0;0.0004;0.088;-0.0884;0;0;0;0;0;0;0;0;0;0;0;0;0;0;0;0;0;0;0;-17.77;0;0;0;0;0.0004;0;0;0;0;0;0;0;-0.0004;-0.0884;0;0;0;0;0;0;0;0;0;-0.7452;0;0.7452;1;1;0;0;0;0
01/05/21 18:00;0;0;90;0;0;90;0;0;0;0;14.84;1.46;0;0;0;0;0;0;0;0;0;0;0;0;0;1;1;1;1;0;0;0;0;0;0;0;0;0;0;0;0;0;0;0;0;0;0;0;0;0;0;0;0;0;0;0;0;0;0;0;0;0;0;0;1;1;1;1;1;1;1;1;1;1;1;1;1;1;1;1;1;1;1;0;0;0;0;0;0;0;0;0;0.0004;0.088;-0.0884;0;0;0;0;0;0;0;0;0;0;0;0;0;0;0;0;0;0;0;-14.84;0;0;0;0;0.0004;0;0;0;0;0;0;0;-0.0004;-0.0884;0;0;0;0;0;0;0;0;0;-0.7452;0;0.7452;1;1;0;0;0;0
01/05/21 19:00;0;0;90;0;0;90;0;0;0;0;14.57;1.88;0;0;0;0;0;0;0;0;0;0;0;0;0;1;1;1;1;0;0;0;0;0;0;0;0;0;0;0;0;0;0;0;0;0;0;0;0;0;0;0;0;0;0;0;0;0;0;0;0;0;0;0;1;1;1;1;1;1;1;1;1;1;1;1;1;1;1;1;1;1;1;0;0;0;0;0;0;0;0;0;0.0004;0.088;-0.0884;0;0;0;0;0;0;0;0;0;0;0;0;0;0;0;0;0;0;0;-14.57;0;0;0;0;0.0004;0;0;0;0;0;0;0;-0.0004;-0.0884;0;0;0;0;0;0;0;0;0;-0.7452;0;0.7452;1;1;0;0;0;0
01/05/21 20:00;0;0;90;0;0;90;0;0;0;0;13.27;2.27;0;0;0;0;0;0;0;0;0;0;0;0;0;1;1;1;1;0;0;0;0;0;0;0;0;0;0;0;0;0;0;0;0;0;0;0;0;0;0;0;0;0;0;0;0;0;0;0;0;0;0;0;1;1;1;1;1;1;1;1;1;1;1;1;1;1;1;1;1;1;1;0;0;0;0;0;0;0;0;0;0.0004;0.088;-0.0884;0;0;0;0;0;0;0;0;0;0;0;0;0;0;0;0;0;0;0;-13.27;0;0;0;0;0.0004;0;0;0;0;0;0;0;-0.0004;-0.0884;0;0;0;0;0;0;0;0;0;-0.7452;0;0.7452;1;1;0;0;0;0
01/05/21 21:00;0;0;90;0;0;90;0;0;0;0;12.57;2.6101;0;0;0;0;0;0;0;0;0;0;0;0;0;1;1;1;1;0;0;0;0;0;0;0;0;0;0;0;0;0;0;0;0;0;0;0;0;0;0;0;0;0;0;0;0;0;0;0;0;0;0;0;1;1;1;1;1;1;1;1;1;1;1;1;1;1;1;1;1;1;1;0;0;0;0;0;0;0;0;0;0.0004;0.088;-0.0884;0;0;0;0;0;0;0;0;0;0;0;0;0;0;0;0;0;0;0;-12.57;0;0;0;0;0.0004;0;0;0;0;0;0;0;-0.0004;-0.0884;0;0;0;0;0;0;0;0;0;-0.7452;0;0.7452;1;1;0;0;0;0
01/05/21 22:00;0;0;90;0;0;90;0;0;0;0;11.9;2.84;0;0;0;0;0;0;0;0;0;0;0;0;0;1;1;1;1;0;0;0;0;0;0;0;0;0;0;0;0;0;0;0;0;0;0;0;0;0;0;0;0;0;0;0;0;0;0;0;0;0;0;0;1;1;1;1;1;1;1;1;1;1;1;1;1;1;1;1;1;1;1;0;0;0;0;0;0;0;0;0;0.0004;0.088;-0.0884;0;0;0;0;0;0;0;0;0;0;0;0;0;0;0;0;0;0;0;-11.9;0;0;0;0;0.0004;0;0;0;0;0;0;0;-0.0004;-0.0884;0;0;0;0;0;0;0;0;0;-0.7452;0;0.7452;1;1;0;0;0;0
01/05/21 23:00;0;0;90;0;0;90;0;0;0;0;11.48;2.98;0;0;0;0;0;0;0;0;0;0;0;0;0;1;1;1;1;0;0;0;0;0;0;0;0;0;0;0;0;0;0;0;0;0;0;0;0;0;0;0;0;0;0;0;0;0;0;0;0;0;0;0;1;1;1;1;1;1;1;1;1;1;1;1;1;1;1;1;1;1;1;0;0;0;0;0;0;0;0;0;0.0004;0.088;-0.0884;0;0;0;0;0;0;0;0;0;0;0;0;0;0;0;0;0;0;0;-11.48;0;0;0;0;0.0004;0;0;0;0;0;0;0;-0.0004;-0.0884;0;0;0;0;0;0;0;0;0;-0.7452;0;0.7452;1;1;0;0;0;0
02/05/21 00:00;0;0;90;0;0;90;0;0;0;0;10.28;3.08;0;0;0;0;0;0;0;0;0;0;0;0;0;1;1;1;1;0;0;0;0;0;0;0;0;0;0;0;0;0;0;0;0;0;0;0;0;0;0;0;0;0;0;0;0;0;0;0;0;0;0;0;1;1;1;1;1;1;1;1;1;1;1;1;1;1;1;1;1;1;1;0;0;0;0;0;0;0;0;0;0.0004;0.088;-0.0884;0;0;0;0;0;0;0;0;0;0;0;0;0;0;0;0;0;0;0;-10.28;0;0;0;0;0.0004;0;0;0;0;0;0;0;-0.0004;-0.0884;0;0;0;0;0;0;0;0;0;-0.7452;0;0.7452;1;1;0;0;0;0
02/05/21 01:00;0;0;90;0;0;90;0;0;0;0;10.75;3.2601;0;0;0;0;0;0;0;0;0;0;0;0;0;1;1;1;1;0;0;0;0;0;0;0;0;0;0;0;0;0;0;0;0;0;0;0;0;0;0;0;0;0;0;0;0;0;0;0;0;0;0;0;1;1;1;1;1;1;1;1;1;1;1;1;1;1;1;1;1;1;1;0;0;0;0;0;0;0;0;0;0.0004;0.088;-0.0884;0;0;0;0;0;0;0;0;0;0;0;0;0;0;0;0;0;0;0;-10.75;0;0;0;0;0.0004;0;0;0;0;0;0;0;-0.0004;-0.0884;0;0;0;0;0;0;0;0;0;-0.7452;0;0.7452;1;1;0;0;0;0
02/05/21 02:00;0;0;90;0;0;90;0;0;0;0;10.92;3.5199;0;0;0;0;0;0;0;0;0;0;0;0;0;1;1;1;1;0;0;0;0;0;0;0;0;0;0;0;0;0;0;0;0;0;0;0;0;0;0;0;0;0;0;0;0;0;0;0;0;0;0;0;1;1;1;1;1;1;1;1;1;1;1;1;1;1;1;1;1;1;1;0;0;0;0;0;0;0;0;0;0.0004;0.088;-0.0884;0;0;0;0;0;0;0;0;0;0;0;0;0;0;0;0;0;0;0;-10.92;0;0;0;0;0.0004;0;0;0;0;0;0;0;-0.0004;-0.0884;0;0;0;0;0;0;0;0;0;-0.7452;0;0.7452;1;1;0;0;0;0
02/05/21 03:00;0;0;90;0;0;90;0;0;0;0;9.9402;3.5999;0;0;0;0;0;0;0;0;0;0;0;0;0;1;1;1;1;0;0;0;0;0;0;0;0;0;0;0;0;0;0;0;0;0;0;0;0;0;0;0;0;0;0;0;0;0;0;0;0;0;0;0;1;1;1;1;1;1;1;1;1;1;1;1;1;1;1;1;1;1;1;0;0;0;0;0;0;0;0;0;0.0004;0.088;-0.0884;0;0;0;0;0;0;0;0;0;0;0;0;0;0;0;0;0;0;0;-9.9402;0;0;0;0;0.0004;0;0;0;0;0;0;0;-0.0004;-0.0884;0;0;0;0;0;0;0;0;0;-0.7452;0;0.7452;1;1;0;0;0;0
02/05/21 04:00;0;0;90;0;0;90;0;0;0;0;8.3999;3.5999;0;0;0;0;0;0;0;0;0;0;0;0;0;1;1;1;1;0;0;0;0;0;0;0;0;0;0;0;0;0;0;0;0;0;0;0;0;0;0;0;0;0;0;0;0;0;0;0;0;0;0;0;1;1;1;1;1;1;1;1;1;1;1;1;1;1;1;1;1;1;1;0;0;0;0;0;0;0;0;0;0.0004;0.088;-0.0884;0;0;0;0;0;0;0;0;0;0;0;0;0;0;0;0;0;0;0;-8.3999;0;0;0;0;0.0004;0;0;0;0;0;0;0;-0.0004;-0.0884;0;0;0;0;0;0;0;0;0;-0.7452;0;0.7452;1;1;0;0;0;0
02/05/21 05:00;0;0;90;0;0;90;0;0;0;0;9.1598;3.63;0;0;0;0;0;0;0;0;0;0;0;0;0;1;1;1;1;0;0;0;0;0;0;0;0;0;0;0;0;0;0;0;0;0;0;0;0;0;0;0;0;0;0;0;0;0;0;0;0;0;0;0;1;1;1;1;1;1;1;1;1;1;1;1;1;1;1;1;1;1;1;0;0;0;0;0;0;0;0;0;0.0004;0.088;-0.0884;0;0;0;0;0;0;0;0;0;0;0;0;0;0;0;0;0;0;0;-9.1598;0;0;0;0;0.0004;0;0;0;0;0;0;0;-0.0004;-0.0884;0;0;0;0;0;0;0;0;0;-0.7452;0;0.7452;1;1;0;0;0;0
02/05/21 06:00;1.9711;-69.404;85.215;2.1056;3.0066;-90;-3.0066;0;0;0;9.4702;3.9801;0;0;0;0;0;0;0;0;0;0;0;0;0;1;1;1;1;0;0;0;0;0;0;0;0;0;0;0;0;0;0;0;0;0;0;0;0;0;0;0;0;0;0;0;0;0;0;0;0;0;0;0;1;1;1;1;1;1;1;1;1;1;1;1;1;1;1;1;1;1;1;0;0;0;0;0;0;0;0;0;0.0004;0.088;-0.0884;0;0;0;0;0;0;0;0;0;0;0;0;0;0;0;0;0;0;0;-9.4702;0;0;0;0;0.0004;0;0;0;0;0;0;0;-0.0004;-0.0884;0;0;0;0;0;0;0;0;0;-0.7452;0;0.7452;1;1;0;0;0;0
02/05/21 07:00;9.4621;-63.312;66.503;10.566;15.84;-90;-15.84;128.6;22.197;106.4;10.65;4.34;0;258.05;11.292;25.919;0;0.4151;295.67;0;295.67;258.05;25.919;11.292;0.4151;0.8727;0.0396;0;0.0014;295.15;0.5212;0;0;0.1763;0.3449;273.32;21.241;18.913;1.8997;0.4121;0.0156;294.56;0.5903;0.5161;0.0518;0.0222;0.0001;273.33;238.62;23.968;10.681;0.0544;7.4665;6.1972;2.0428;0.0178;0.0695;0.9991;0.0084;1.0507;0;1;0;0;2.2992;0.9982;1;1;0.9844;0.169;0.9279;0.9266;1;0.9629;0.7766;0.998;0.998;1;0.998;0.998;0.9244;0.9459;0.131;0.8415;0.784;0.0047;0.015;-0.0028;0.0054;0.019;0.0002;0;0;0.088;0.6249;0;0;0;0;0;0;0;0;0;0;0;0;0.0153;0.0017;0.7255;0.7255;0;23.998;23.998;13.348;0.0488;672.2;1079.2;1;0.0125;0.0125;0;0;0;0;0;0;0.7129;0.6249;0;16.213;18.775;13.967;16.173;98.274;98.274;7.0962;6.1179;5.2702;0.9783;0.8477;0.1379;0.1195;0.7427;6.8928;0.7408;0
02/05/21 08:00;19.883;-52.946;34.916;24.378;60;-90;-60;247.5;108.4;139.1;15.2;4.3099;0;335.39;56.563;79.523;0;10.519;482;0;482;335.39;79.523;56.563;10.519;0.6958;0.1392;0;0.0218;465.12;16.877;0;0;7.0865;9.7908;460.77;3.4137;1.3091;0.3104;1.7471;0.0472;464.19;0.9302;0.6708;0.159;0.099;0.0015;462.26;333.41;79.054;47.631;0.6795;51.102;42.415;15.845;9.459;0.9612;13.826;1.4845;5.3286;0;1;0;0;1.9474;0.965;1;1;0.8747;0.0692;0.9926;0.9961;1;0.9646;0.9351;0.998;0.998;1;0.998;0.998;0.956;0.8421;0.0646;1.3717;1.3503;0.0081;0.0072;0.0616;0.0089;0.0316;0.0025;0;0;0.088;1.0934;0;0;0;0;0;0;0;0;0;0;0;0;0.0255;0.0046;1.2003;1.2003;0;37.891;37.891;22.691;0.0492;1162.3;1032.7;1;0.0189;0.0189;0;0;0;0;0;0;1.1814;1.0934;0;16.456;19.055;14.99;17.358;98.423;98.423;11.568;10.122;9.2205;1.4456;0.9018;0.125;0.078;0.7971;49.257;0.7803;0
02/05/21 09:00;28.824;-40.462;41.803;40.298;49.702;-90;-49.702;317.11;197.9;119.2;19.95;4.5301;0;184.31;132.98;56.28;0;9.5213;383.09;0;383.09;184.31;56.28;132.98;9.5213;0.4811;0.372;0;0.0249;361.56;21.525;0;0;12.68;8.8448;354.93;5.9151;1.4604;0.4459;3.9796;0.0292;360.84;0.7231;0.3686;0.1126;0.2406;0.0014;357.89;182.48;55.722;116.08;0.6459;160.41;133.14;45.694;11.456;2.0947;30.131;2.9616;20.769;0;1;0;0;1.2081;0.9438;1;1;0.9046;0.0711;0.9836;0.9921;1;0.9669;0.9567;0.998;0.998;1;0.998;0.998;0.9265;0.8729;0.0678;1.0902;1.0843;0.0065;0.011;0.0481;0.0071;0.0253;0.0054;0;0;0.088;0.8542;0;0;0;0;0;0;0;0;0;0;0;0;0.0204;0.0031;0.9574;0.9574;0;37.448;37.448;17.498;0.0493;931.26;1028.1;1;0.0153;0.0153;0;0;0;0;0;0;0.9422;0.8542;0;16.515;19.124;14.734;17.061;98.407;98.407;9.1941;8.0741;7.2034;1.12;0.8708;0.1218;0.0947;0.7835;103.52;0.7399;0
02/05/21 10:00;35.506;-25.296;47.392;59.082;30.918;-90;-30.918;580.61;100.4;480.21;21.44;4.6199;0;559.75;35.9;71.98;0;7.0127;674.64;0;674.64;559.75;71.98;35.9;7.0127;0.8297;0.0636;0;0.0104;666.83;7.8106;0;0;1.6658;6.1448;657.17;8.3234;6.2609;0.8051;1.1109;0.1465;665.5;1.3337;1.1195;0.144;0.0685;0.0017;659.13;552.37;71.031;33.055;0.7197;306.57;254.46;84.56;0.6051;2.7994;40.268;1.9577;42.463;0;1;0;0;1.162;0.9884;1;1;0.9536;0.1238;0.9875;0.9888;1;0.9675;0.8308;0.998;0.998;1;0.998;0.998;0.9741;0.9207;0.1026;1.92;1.9665;0.0118;0;0.2029;0.0123;0.0435;0.0068;0;0;0.088;1.5314;0;0;0;0;0;0;0;0;0;0;0;0;0.035;0.0092;1.6449;1.6449;0;54.193;54.193;32.753;0.0498;1694.3;970.9;1;0.0255;0.0255;0;0;0;0;0;0;1.6194;1.5314;0;16.112;18.657;15;17.37;98.45;98.45;16.191;13.872;12.915;2.3194;0.9572;0.1432;0.0591;0.7976;23.814;0.7635;0
02/05/21 11:00;39.004;-7.6492;50.371;80.667;9.3331;-90;-9.3331;635.21;113.1;522.1;22.54;4.44;0;529.11;43.02;70.733;0;0.7147;643.58;0;643.58;529.11;70.733;43.02;0.7147;0.8221;0.068;0;0.0011;642.71;0.8699;0;0;0.2763;0.5937;631.78;9.6422;6.928;0.9262;1.7609;0.0271;641.42;1.2854;1.0582;0.1415;0.0855;0.0002;631.91;521.12;69.665;40.898;0.0937;371.53;308.37;100.76;0.0097;3.457;49.728;0.1321;53.175;0;1;0;0;1.0132;0.9986;1;1;0.9936;0.1694;0.985;0.9869;1;0.9587;0.7756;0.998;0.998;1;0.998;0.998;0.9817;0.9507;0.1311;1.8316;1.9075;0.0115;0.0005;0.1958;0.0119;0.0422;0.0084;0;0;0.088;1.482;0;0;0;0;0;0;0;0;0;0;0;0;0.034;0.0087;1.5945;1.5945;0;54.027;54.027;31.487;0.0498;1642.3;970.94;1;0.0245;0.0245;0;0;0;0;0;0;1.57;1.482;0;16.372;18.958;15.216;17.62;98.461;98.461;15.446;13.447;12.498;1.9989;0.9491;0.1294;0.0614;0.8091;25.747;0.7649;0
02/05/21 12:00;38.651;10.925;50.068;76.668;13.332;90;13.332;631.01;119.1;511.9;23.01;4.0799;0;526.08;45.86;74.628;0;1.4455;648.02;0;648.02;526.08;74.628;45.86;1.4455;0.8118;0.073;0;0.0022;646.27;1.7409;0;0;0.5375;1.2033;635.5;9.4829;6.7215;0.9535;1.7535;0.0544;644.98;1.2925;1.0522;0.1493;0.0906;0.0005;635.81;518.31;73.525;43.478;0.1873;365.8;303.61;100.45;0.0392;3.3247;47.824;0.3102;51.11;0;1;0;0;1.027;0.9973;1;1;0.9883;0.1675;0.9853;0.9872;1;0.9612;0.7748;0.998;0.998;1;0.998;0.998;0.9807;0.9481;0.1296;1.8442;1.9149;0.0115;0.0004;0.2012;0.0119;0.0422;0.0081;0;0;0.088;1.4842;0;0;0;0;0;0;0;0;0;0;0;0;0.034;0.0088;1.5967;1.5967;0;54.7;54.7;31.69;0.0499;1649;968.26;1;0.0245;0.0245;0;0;0;0;0;0;1.5722;1.4842;0;16.282;18.854;15.134;17.525;98.463;98.463;15.552;13.465;12.516;2.0873;0.949;0.1342;0.061;0.8048;27.75;0.7626;0
02/05/21 13:00;34.521;28.203;46.56;55.508;34.492;90;34.492;381.8;262.5;119.3;23.93;3.7499;0;144.75;201.93;49.877;0;5.7053;402.26;0;402.26;144.75;49.877;201.93;5.7053;0.3598;0.5162;0;0.0142;385.98;16.283;0;0;11.173;5.1097;376.89;8.32;1.5488;0.5337;6.1511;0.0864;385.21;0.772;0.2895;0.0998;0.3815;0.0012;378.66;142.91;49.243;184.22;0.5079;218.09;181.01;60.686;4.9488;2.2504;32.371;1.7743;29.673;0;1;0;0;1.0536;0.9595;1;1;0.9447;0.1044;0.9784;0.9893;1;0.9677;0.8546;0.998;0.998;1;0.998;0.998;0.9369;0.9123;0.089;1.1448;1.1482;0.0069;0.0101;0.072;0.0074;0.0263;0.0057;0;0;0.088;0.8917;0;0;0;0;0;0;0;0;0;0;0;0;0.0212;0.0034;0.9952;0.9952;0;42.584;42.584;18.653;0.0495;987.13;1008.2;1;0.0155;0.0155;0;0;0;0;0;0;0.9797;0.8917;0;16.348;18.931;14.647;16.961;98.439;98.439;9.6543;8.3928;7.5196;1.2616;0.8732;0.1307;0.0904;0.7789;137.53;0.7346;0
02/05/21 14:00;27.37;42.873;40.604;37.267;52.733;90;52.733;183.29;176.1;7.1963;23.69;3.45;0;11.884;139.72;3.3864;0;6.1459;161.13;0;161.13;11.884;3.3864;139.72;6.1459;0.0738;0.9052;0;0.0381;140.82;20.318;0;0;14.566;5.7524;136.21;4.3285;0.0858;0.0245;4.2017;0.0164;140.53;0.2816;0.0238;0.0068;0.2503;0.0008;138.65;11.775;3.3552;120.7;0.3763;115.16;95.583;34.614;14.796;1.8132;26.082;2.4446;13.1;0;1;0;0;0.8791;0.8739;1;1;0.8957;0.064;0.9692;0.9928;1;0.9664;0.9581;0.998;0.998;1;0.998;0.998;0.8453;0.8639;0.0612;0.4586;0.4489;0.0027;0.0173;0.0088;0.0029;0.0104;0.0046;0;0;0.088;0.2971;0;0;0;0;0;0;0;0;0;0;0;0;0.0084;0.0007;0.393;0.393;0;30.417;30.417;6.7269;0.0494;382.42;1027.8;1;0.0079;0.0079;0;0;0;0;0;0;0.3851;0.2971;0;16.118;18.665;12.186;14.111;97.99;97.99;3.8672;3.3146;2.5059;0.5526;0.8087;0.1429;0.2091;0.648;112.18;0.5779;0
02/05/21 15:00;18.115;54.928;41.056;21.787;42.392;90;42.392;216.89;157.6;59.295;22.87;2.3099;0;143.81;117.56;54.224;0;4.8201;320.41;0;320.41;143.81;54.224;117.56;4.8201;0.4488;0.3819;0;0.015;307.04;13.368;0;0;8.92;4.4475;301.4;5.0304;1.0767;0.406;3.5192;0.0285;306.43;0.6141;0.2876;0.1084;0.2173;0.0007;302.51;142.44;53.71;104.9;0.3433;85.873;71.275;24.834;5.8466;1.0785;15.514;1.1077;10.745;0;1;0;0;1.4773;0.9583;1;1;0.9241;0.0773;0.9836;0.9925;1;0.9675;0.9232;0.998;0.998;1;0.998;0.998;0.9407;0.8923;0.0712;0.9119;0.8966;0.0054;0.0136;0.041;0.0059;0.0208;0.0027;0;0;0.088;0.6876;0;0;0;0;0;0;0;0;0;0;0;0;0.0167;0.0022;0.7883;0.7883;0;37.749;37.749;14.879;0.0494;770.42;1023.2;1;0.0127;0.0127;0;0;0;0;0;0;0.7756;0.6876;0;16.258;18.826;14.18;16.42;98.384;98.384;7.6899;6.648;5.7984;1.0419;0.8496;0.1355;0.1105;0.754;85.473;0.7277;0
02/05/21 16:00;7.494;64.993;71.56;8.259;12.13;90;12.13;71.008;66.899;4.1097;22.56;2.5401;0;9.9672;64.601;3.8032;0;0.1347;78.506;0;78.506;9.9672;3.8032;64.601;0.1347;0.127;0.8246;0;0.0017;77.748;0.758;0;0;0.6458;0.1121;73.31;4.283;1.2696;0.4845;2.5238;0.0051;77.593;0.1555;0.0199;0.0076;0.1279;0;73.334;8.6777;3.3112;61.304;0.0175;38.974;32.349;10.148;0.0388;0.3925;5.6461;0.0243;5.9999;0;1;0;0;1.1056;0.9903;1;1;0.99;0.1678;0.9448;0.8724;1;0.9605;0.7747;0.998;0.998;1;0.998;0.998;0.9338;0.949;0.1297;0.2234;0.2211;0.0013;0.0152;0.001;0.0014;0.0051;0.001;0;0;0.088;0.0978;0;0;0;0;0;0;0;0;0;0;0;0;0.0041;0.0002;0.1918;0.1918;0;26.191;26.191;3.6307;0.0495;188.01;1020.2;1;0.006;0.006;0;0;0;0;0;0;0.1858;0.0978;0;16.145;18.695;8.2332;9.5339;96.875;96.875;1.8842;1.6175;0.8249;0.2666;0.7927;0.1415;0.4207;0.4378;38.947;0.4154;0
02/05/21 17:00;0.878;70.234;87.87;0.9329;1.3302;90;1.3302;0;0;0;18.71;2.84;0;0;0;0;0;0;0;0;0;0;0;0;0;1;1;1;1;0;0;0;0;0;0;0;0;0;0;0;0;0;0;0;0;0;0;0;0;0;0;0;0;0;0;0;0;0;0;0;0;0;0;0;1;1;1;1;1;1;1;1;1;1;1;1;1;1;1;1;1;1;1;0;0;0;0;0;0;0;0;0;0.0004;0.088;-0.0884;0;0;0;0;0;0;0;0;0;0;0;0;0;0;0;0;0;0;0;-18.71;0;0;0;0;0.0004;0;0;0;0;0;0;0;-0.0004;-0.0884;0;0;0;0;0;0;0;0;0;-0.7452;0;0.7452;1;1;0;0;0;0
02/05/21 18:00;0;0;90;0;0;90;0;0;0;0;17.36;3.14;0;0;0;0;0;0;0;0;0;0;0;0;0;1;1;1;1;0;0;0;0;0;0;0;0;0;0;0;0;0;0;0;0;0;0;0;0;0;0;0;0;0;0;0;0;0;0;0;0;0;0;0;1;1;1;1;1;1;1;1;1;1;1;1;1;1;1;1;1;1;1;0;0;0;0;0;0;0;0;0;0.0004;0.088;-0.0884;0;0;0;0;0;0;0;0;0;0;0;0;0;0;0;0;0;0;0;-17.36;0;0;0;0;0.0004;0;0;0;0;0;0;0;-0.0004;-0.0884;0;0;0;0;0;0;0;0;0;-0.7452;0;0.7452;1;1;0;0;0;0
02/05/21 19:00;0;0;90;0;0;90;0;0;0;0;16.15;3.5899;0;0;0;0;0;0;0;0;0;0;0;0;0;1;1;1;1;0;0;0;0;0;0;0;0;0;0;0;0;0;0;0;0;0;0;0;0;0;0;0;0;0;0;0;0;0;0;0;0;0;0;0;1;1;1;1;1;1;1;1;1;1;1;1;1;1;1;1;1;1;1;0;0;0;0;0;0;0;0;0;0.0004;0.088;-0.0884;0;0;0;0;0;0;0;0;0;0;0;0;0;0;0;0;0;0;0;-16.15;0;0;0;0;0.0004;0;0;0;0;0;0;0;-0.0004;-0.0884;0;0;0;0;0;0;0;0;0;-0.7452;0;0.7452;1;1;0;0;0;0
02/05/21 20:00;0;0;90;0;0;90;0;0;0;0;15.48;3.9099;0;0;0;0;0;0;0;0;0;0;0;0;0;1;1;1;1;0;0;0;0;0;0;0;0;0;0;0;0;0;0;0;0;0;0;0;0;0;0;0;0;0;0;0;0;0;0;0;0;0;0;0;1;1;1;1;1;1;1;1;1;1;1;1;1;1;1;1;1;1;1;0;0;0;0;0;0;0;0;0;0.0004;0.088;-0.0884;0;0;0;0;0;0;0;0;0;0;0;0;0;0;0;0;0;0;0;-15.48;0;0;0;0;0.0004;0;0;0;0;0;0;0;-0.0004;-0.0884;0;0;0;0;0;0;0;0;0;-0.7452;0;0.7452;1;1;0;0;0;0
02/05/21 21:00;0;0;90;0;0;90;0;0;0;0;15.49;3.9199;0;0;0;0;0;0;0;0;0;0;0;0;0;1;1;1;1;0;0;0;0;0;0;0;0;0;0;0;0;0;0;0;0;0;0;0;0;0;0;0;0;0;0;0;0;0;0;0;0;0;0;0;1;1;1;1;1;1;1;1;1;1;1;1;1;1;1;1;1;1;1;0;0;0;0;0;0;0;0;0;0.0004;0.088;-0.0884;0;0;0;0;0;0;0;0;0;0;0;0;0;0;0;0;0;0;0;-15.49;0;0;0;0;0.0004;0;0;0;0;0;0;0;-0.0004;-0.0884;0;0;0;0;0;0;0;0;0;-0.7452;0;0.7452;1;1;0;0;0;0
02/05/21 22:00;0;0;90;0;0;90;0;0;0;0;14.3;3.72;0;0;0;0;0;0;0;0;0;0;0;0;0;1;1;1;1;0;0;0;0;0;0;0;0;0;0;0;0;0;0;0;0;0;0;0;0;0;0;0;0;0;0;0;0;0;0;0;0;0;0;0;1;1;1;1;1;1;1;1;1;1;1;1;1;1;1;1;1;1;1;0;0;0;0;0;0;0;0;0;0.0004;0.088;-0.0884;0;0;0;0;0;0;0;0;0;0;0;0;0;0;0;0;0;0;0;-14.3;0;0;0;0;0.0004;0;0;0;0;0;0;0;-0.0004;-0.0884;0;0;0;0;0;0;0;0;0;-0.7452;0;0.7452;1;1;0;0;0;0
02/05/21 23:00;0;0;90;0;0;90;0;0;0;0;13.81;3.4201;0;0;0;0;0;0;0;0;0;0;0;0;0;1;1;1;1;0;0;0;0;0;0;0;0;0;0;0;0;0;0;0;0;0;0;0;0;0;0;0;0;0;0;0;0;0;0;0;0;0;0;0;1;1;1;1;1;1;1;1;1;1;1;1;1;1;1;1;1;1;1;0;0;0;0;0;0;0;0;0;0.0004;0.088;-0.0884;0;0;0;0;0;0;0;0;0;0;0;0;0;0;0;0;0;0;0;-13.81;0;0;0;0;0.0004;0;0;0;0;0;0;0;-0.0004;-0.0884;0;0;0;0;0;0;0;0;0;-0.7452;0;0.7452;1;1;0;0;0;0
03/05/21 00:00;0;0;90;0;0;90;0;0;0;0;12.88;3.16;0;0;0;0;0;0;0;0;0;0;0;0;0;1;1;1;1;0;0;0;0;0;0;0;0;0;0;0;0;0;0;0;0;0;0;0;0;0;0;0;0;0;0;0;0;0;0;0;0;0;0;0;1;1;1;1;1;1;1;1;1;1;1;1;1;1;1;1;1;1;1;0;0;0;0;0;0;0;0;0;0.0004;0.088;-0.0884;0;0;0;0;0;0;0;0;0;0;0;0;0;0;0;0;0;0;0;-12.88;0;0;0;0;0.0004;0;0;0;0;0;0;0;-0.0004;-0.0884;0;0;0;0;0;0;0;0;0;-0.7452;0;0.7452;1;1;0;0;0;0
03/05/21 01:00;0;0;90;0;0;90;0;0;0;0;12.02;3;0;0;0;0;0;0;0;0;0;0;0;0;0;1;1;1;1;0;0;0;0;0;0;0;0;0;0;0;0;0;0;0;0;0;0;0;0;0;0;0;0;0;0;0;0;0;0;0;0;0;0;0;1;1;1;1;1;1;1;1;1;1;1;1;1;1;1;1;1;1;1;0;0;0;0;0;0;0;0;0;0.0004;0.088;-0.0884;0;0;0;0;0;0;0;0;0;0;0;0;0;0;0;0;0;0;0;-12.02;0;0;0;0;0.0004;0;0;0;0;0;0;0;-0.0004;-0.0884;0;0;0;0;0;0;0;0;0;-0.7452;0;0.7452;1;1;0;0;0;0
03/05/21 02:00;0;0;90;0;0;90;0;0;0;0;12.03;2.9301;0;0;0;0;0;0;0;0;0;0;0;0;0;1;1;1;1;0;0;0;0;0;0;0;0;0;0;0;0;0;0;0;0;0;0;0;0;0;0;0;0;0;0;0;0;0;0;0;0;0;0;0;1;1;1;1;1;1;1;1;1;1;1;1;1;1;1;1;1;1;1;0;0;0;0;0;0;0;0;0;0.0004;0.088;-0.0884;0;0;0;0;0;0;0;0;0;0;0;0;0;0;0;0;0;0;0;-12.03;0;0;0;0;0.0004;0;0;0;0;0;0;0;-0.0004;-0.0884;0;0;0;0;0;0;0;0;0;-0.7452;0;0.7452;1;1;0;0;0;0
03/05/21 03:00;0;0;90;0;0;90;0;0;0;0;10.4;2.9301;0;0;0;0;0;0;0;0;0;0;0;0;0;1;1;1;1;0;0;0;0;0;0;0;0;0;0;0;0;0;0;0;0;0;0;0;0;0;0;0;0;0;0;0;0;0;0;0;0;0;0;0;1;1;1;1;1;1;1;1;1;1;1;1;1;1;1;1;1;1;1;0;0;0;0;0;0;0;0;0;0.0004;0.088;-0.0884;0;0;0;0;0;0;0;0;0;0;0;0;0;0;0;0;0;0;0;-10.4;0;0;0;0;0.0004;0;0;0;0;0;0;0;-0.0004;-0.0884;0;0;0;0;0;0;0;0;0;-0.7452;0;0.7452;1;1;0;0;0;0
03/05/21 04:00;0;0;90;0;0;90;0;0;0;0;9.3599;2.98;0;0;0;0;0;0;0;0;0;0;0;0;0;1;1;1;1;0;0;0;0;0;0;0;0;0;0;0;0;0;0;0;0;0;0;0;0;0;0;0;0;0;0;0;0;0;0;0;0;0;0;0;1;1;1;1;1;1;1;1;1;1;1;1;1;1;1;1;1;1;1;0;0;0;0;0;0;0;0;0;0.0004;0.088;-0.0884;0;0;0;0;0;0;0;0;0;0;0;0;0;0;0;0;0;0;0;-9.3599;0;0;0;0;0.0004;0;0;0;0;0;0;0;-0.0004;-0.0884;0;0;0;0;0;0;0;0;0;-0.7452;0;0.7452;1;1;0;0;0;0
03/05/21 05:00;0;0;90;0;0;90;0;0;0;0;9.5998;3.05;0;0;0;0;0;0;0;0;0;0;0;0;0;1;1;1;1;0;0;0;0;0;0;0;0;0;0;0;0;0;0;0;0;0;0;0;0;0;0;0;0;0;0;0;0;0;0;0;0;0;0;0;1;1;1;1;1;1;1;1;1;1;1;1;1;1;1;1;1;1;1;0;0;0;0;0;0;0;0;0;0.0004;0.088;-0.0884;0;0;0;0;0;0;0;0;0;0;0;0;0;0;0;0;0;0;0;-9.5998;0;0;0;0;0.0004;0;0;0;0;0;0;0;-0.0004;-0.0884;0;0;0;0;0;0;0;0;0;-0.7452;0;0.7452;1;1;0;0;0;0
03/05/21 06:00;2.0035;-69.009;85.136;2.1458;3.0643;-90;-3.0643;0.5079;0.5079;0;9.0301;3.5999;0;0;0.5075;0;0;0.0001;0.5076;0.5076;0;0;0;0;0;1;1;1;1;0;0;0;0;0;0;0;0;0;0;0;0;0;0;0;0;0;0;0;0;0;0;0;0;0;0;0;0;0;0;0;0;0;0;0;0;1;1;1;1;1;1;1;1;1;1;1;1;1;0;0;1;0;0;0;0;0;0;0;0;0;0;0;0.0004;0.088;-0.0884;0;0;0;0;0;0;0;0;0;0;0;0;0;0;0;0;0;0;0;-9.0301;0;0;0;0;0.0004;0;0;0;0;0;0;0;-0.0004;-0.0884;0;0;0;0;0;0;0;0;0;-0.7452;0;0.7452;1;1;0;0;0;0
03/05/21 07:00;9.2894;-63.069;66.953;10.396;15.558;-90;-15.558;124.3;21.998;102.3;12.09;3.8399;0;248.11;11.409;25.164;0;0.3871;285.07;0;285.07;248.11;25.164;11.409;0.3871;0.8703;0.0414;0;0.0014;284.57;0.4945;0;0;0.1729;0.3216;262.52;21.488;19.116;1.9388;0.4186;0.0146;284.01;0.5691;0.4962;0.0503;0.0225;0.0001;262.53;228.5;23.175;10.795;0.0507;7.5092;6.2326;2.0497;0.0169;0.0701;1.0083;0.0082;1.0615;0;1;0;0;2.2934;0.9983;1;1;0.9848;0.1692;0.9243;0.9228;1;0.9627;0.7764;0.998;0.998;1;0.998;0.998;0.9209;0.9462;0.1311;0.8113;0.7531;0.0045;0.0153;-0.0002;0.0051;0.0182;0.0002;0;0;0.088;0.5937;0;0;0;0;0;0;0;0;0;0;0;0;0.0147;0.0016;0.6937;0.6937;0;24.924;24.924;12.834;0.0489;645.74;1074.2;1;0.012;0.012;0;0;0;0;0;0;0.6817;0.5937;0;16.08;18.62;13.761;15.935;98.268;98.268;6.8417;5.8499;5.0064;0.9918;0.8434;0.145;0.1233;0.7318;6.9571;0.7298;0
03/05/21 08:00;19.683;-52.715;35.226;24.209;59.793;-90;-59.793;119.81;114.1;5.7048;14.8;4.1;0;13.836;84.673;3.4884;0;5.0599;107.06;0;107.06;13.836;3.4884;84.673;5.0599;0.1292;0.8382;0;0.0473;91.791;15.265;0;0;10.555;4.7103;88.902;2.7056;0.0565;0.0142;2.6127;0.0222;91.608;0.1836;0.0277;0.007;0.1482;0.0007;90.947;13.752;3.4671;71.357;0.3267;73.591;61.08;22.959;13.983;1.3985;20.116;2.0453;7.5317;0;1;0;0;0.8936;0.8574;1;1;0.8753;0.0691;0.9705;0.9959;1;0.9647;0.9363;0.998;0.998;1;0.998;0.998;0.8304;0.8427;0.0646;0.3047;0.3005;0.0018;0.0165;-0.0064;0.002;0.0072;0.0037;0;0;0.088;0.1746;0;0;0;0;0;0;0;0;0;0;0;0;0.0058;0.0004;0.2696;0.2696;0;19.168;19.168;4.3677;0.0491;254.88;1057.6;1;0.0069;0.0069;0;0;0;0;0;0;0.2626;0.1746;0;16.639;19.267;10.779;12.482;97.428;97.428;2.5694;2.2733;1.4727;0.2961;0.8006;0.1152;0.3116;0.5732;73.556;0.5025;0
03/05/21 09:00;28.592;-40.254;42.076;40.147;49.853;-90;-49.853;458.91;82.697;376.21;18.75;4.72;0;583.49;28.218;75.042;0;13.857;700.61;0;700.61;583.49;75.042;28.218;13.857;0.8328;0.0601;0;0.0198;685.03;15.577;0;0;2.7025;12.874;677.45;6.2096;4.7163;0.6066;0.8446;0.0422;683.66;1.3701;1.167;0.1501;0.051;0.002;680.7;577.61;74.286;24.62;0.9385;176.4;146.41;46.871;2.4597;1.8638;26.81;3.2438;26.215;0;1;0;0;1.5267;0.9778;1;1;0.9042;0.0709;0.9909;0.9919;1;0.9668;0.957;0.998;0.998;1;0.998;0.998;0.9669;0.8725;0.0677;1.9939;2.0012;0.0121;-0.0003;0.1939;0.0126;0.0446;0.0046;0;0;0.088;1.5739;0;0;0;0;0;0;0;0;0;0;0;0;0.0359;0.0096;1.6884;1.6884;0;52.463;52.463;33.713;0.0498;1724.9;978.84;1;0.0265;0.0265;0;0;0;0;0;0;1.6619;1.5739;0;15.925;18.44;14.845;17.19;98.432;98.432;16.815;14.239;13.273;2.5761;0.9653;0.1532;0.0574;0.7894;22.001;0.7674;0
03/05/21 10:00;35.241;-25.137;47.679;58.983;31.017;-90;-31.017;607.1;100.2;506.9;22.12;4.7099;0;591.47;32.207;76.442;0;7.3783;707.49;0;707.49;591.47;76.442;32.207;7.3783;0.836;0.056;0;0.0104;699.52;7.9702;0;0;1.502;6.4682;689.39;8.7319;6.7149;0.8678;0.9961;0.153;698.12;1.399;1.1829;0.1529;0.0614;0.0018;691.45;583.57;75.421;29.647;0.7552;319.74;265.39;88.207;0.5491;2.9133;41.907;2.0587;44.271;0;1;0;0;1.1654;0.9887;1;1;0.9534;0.1233;0.9875;0.9886;1;0.9675;0.8315;0.998;0.998;1;0.998;0.998;0.9744;0.9205;0.1024;2.0135;2.0622;0.0124;-0.0007;0.23;0.0127;0.0452;0.007;0;0;0.088;1.5946;0;0;0;0;0;0;0;0;0;0;0;0;0.0364;0.0101;1.7091;1.7091;0;56.541;56.541;34.421;0.0499;1777.8;961.37;1;0.0265;0.0265;0;0;0;0;0;0;1.6826;1.5946;0;15.963;18.485;14.893;17.246;98.447;98.447;16.98;14.413;13.447;2.5668;0.9659;0.1512;0.0569;0.7919;21.378;0.7583;0
03/05/21 11:00;38.715;-7.5747;50.666;80.661;9.3386;-90;-9.3386;715.01;118;597.01;23.75;4.4799;0;605.03;33.943;84.955;0;0.8055;724.73;0;724.73;605.03;84.955;33.943;0.8055;0.8348;0.0479;0;0.0011;723.84;0.8872;0;0;0.2182;0.669;711.71;10.681;8.1211;1.1403;1.3892;0.0306;722.39;1.4477;1.2101;0.1699;0.0675;0.0003;711.86;595.69;83.645;32.268;0.1056;418.05;346.98;113.49;0.0077;3.8825;55.848;0.1494;59.723;0;1;0;0;1.0136;0.9988;1;1;0.9936;0.1694;0.9852;0.9866;1;0.9587;0.7756;0.998;0.998;1;0.998;0.998;0.982;0.9507;0.1311;2.0625;2.1486;0.0129;-0.0012;0.2613;0.0131;0.0466;0.0093;0;0;0.088;1.643;0;0;0;0;0;0;0;0;0;0;0;0;0.0375;0.0109;1.7582;1.7582;0;59.366;59.366;35.616;0.05;1851.8;949.48;1;0.0272;0.0272;0;0;0;0;0;0;1.731;1.643;0;16.031;18.564;14.98;17.347;98.451;98.451;17.393;14.827;13.855;2.5662;0.9718;0.1475;0.0559;0.7966;20.315;0.7531;0
03/05/21 12:00;38.357;10.897;50.356;76.565;13.435;90;13.435;725.2;119.7;605.5;23.39;4.5201;0;622.54;32.325;89.374;0;1.6868;745.92;0;745.92;622.54;89.374;32.325;1.6868;0.8346;0.0456;0;0.0023;744.13;1.7881;0;0;0.3838;1.4043;732.04;10.608;8.1415;1.1688;1.2337;0.0635;742.65;1.4883;1.2451;0.1787;0.0639;0.0006;732.42;613.15;88.026;30.644;0.2185;419.9;348.51;113.32;0.0286;3.9446;56.742;0.3771;60.658;0;1;0;0;1.0286;0.9976;1;1;0.9881;0.1675;0.9857;0.9869;1;0.9613;0.7748;0.998;0.998;1;0.998;0.998;0.9814;0.948;0.1295;2.1228;2.2091;0.0133;-0.0015;0.2738;0.0135;0.0478;0.0094;0;0;0.088;1.6869;0;0;0;0;0;0;0;0;0;0;0;0;0.0385;0.0115;1.803;1.803;0;60.041;60.041;36.651;0.0501;1904.1;946.89;1;0.028;0.028;0;0;0;0;0;0;1.7749;1.6869;0;15.972;18.495;14.944;17.305;98.445;98.445;17.902;15.205;14.226;2.6974;0.9785;0.1507;0.0547;0.7947;19.567;0.7519;0
03/05/21 13:00;34.242;28.088;46.828;55.328;34.672;90;34.672;390.81;256.5;134.31;25.52;4.74;0;163.31;192.2;55.406;0;5.899;416.82;0;416.82;163.31;55.406;192.2;5.899;0.3918;0.4753;0;0.0142;400.81;16.01;0;0;10.722;5.2877;391.69;8.3134;1.773;0.6015;5.8511;0.0878;400.01;0.8016;0.3266;0.1108;0.363;0.0012;393.52;161.21;54.694;175.27;0.5223;221.22;183.61;61.572;4.7954;2.2674;32.615;1.8249;30.087;0;1;0;0;1.0666;0.9616;1;1;0.9442;0.1036;0.9792;0.9891;1;0.9677;0.8561;0.998;0.998;1;0.998;0.998;0.9397;0.9119;0.0885;1.1862;1.1912;0.0072;0.0095;0.0847;0.0076;0.0271;0.0057;0;0;0.088;0.9202;0;0;0;0;0;0;0;0;0;0;0;0;0.0218;0.0037;1.024;1.024;0;44.939;44.939;19.42;0.0496;1024.5;999.54;1;0.0158;0.0158;0;0;0;0;0;0;1.0082;0.9202;0;16.234;18.799;14.588;16.892;98.453;98.453;10.004;8.6357;7.76;1.368;0.8757;0.1367;0.0875;0.7757;131.09;0.7328;0
03/05/21 14:00;27.115;42.705;40.85;37.053;52.947;90;52.947;107.6;106;1.5979;23.98;3.4399;0;2.6519;84.712;0.459;0;3.635;91.458;0;91.458;2.6519;0.459;84.712;3.635;0.029;0.966;0;0.0397;79.172;12.286;0;0;8.8835;3.4026;76.432;2.5815;0.0195;0.0034;2.5489;0.0097;79.014;0.1583;0.0053;0.0009;0.1517;0.0005;77.893;2.627;0.4547;73.128;0.2222;68.766;57.076;20.831;9.099;1.0894;15.671;1.461;7.6609;0;1;0;0;0.85;0.8657;1;1;0.8951;0.0639;0.9673;0.9926;1;0.9663;0.958;0.998;0.998;1;0.998;0.998;0.8357;0.8633;0.0611;0.2603;0.2542;0.0015;0.0159;0.0026;0.0016;0.0058;0.0027;0;0;0.088;0.1249;0;0;0;0;0;0;0;0;0;0;0;0;0.0047;0.0003;0.2191;0.2191;0;27.769;27.769;3.7887;0.0496;215.7;1015.7;1;0.0061;0.0061;0;0;0;0;0;0;0.2129;0.1249;0;15.829;18.33;9.0271;10.453;97.195;97.195;2.195;1.8476;1.0536;0.3474;0.7939;0.1583;0.3617;0.48;68.168;0.4254;0
03/05/21 15:00;17.886;54.733;41.854;21.567;41.496;90;41.496;269.79;126.3;143.49;22.3;2.4799;0;348.01;72.043;106.52;0;5.7559;532.32;0;532.32;348.01;106.52;72.043;5.7559;0.6538;0.1461;0;0.0108;521.73;10.598;0;0;5.2977;5.2998;514.87;5.812;2.7677;0.8471;2.1597;0.0375;520.68;1.0435;0.696;0.213;0.1335;0.0009;515.51;344.54;105.46;64.452;0.4176;52.892;43.9;15.326;3.3299;0.6447;9.2739;0.6409;6.5888;0;1;0;0;1.9731;0.9801;1;1;0.9265;0.0792;0.9888;0.992;1;0.9676;0.9176;0.998;0.998;1;0.998;0.998;0.9672;0.8946;0.0726;1.5149;1.4935;0.009;0.0052;0.1211;0.0095;0.0337;0.0016;0;0;0.088;1.1732;0;0;0;0;0;0;0;0;0;0;0;0;0.0272;0.0055;1.2807;1.2807;0;47.851;47.851;25.551;0.0496;1287.2;994.97;1;0.0195;0.0195;0;0;0;0;0;0;1.2612;1.1732;0;15.898;18.409;14.563;16.864;98.476;98.476;12.776;10.8;9.8935;1.9755;0.9067;0.1546;0.071;0.7744;51.974;0.7644;0
03/05/21 16:00;7.2867;64.781;72.085;8.0449;11.796;90;11.796;17.19;17.102;0.0881;21.17;2.43;0;0.2138;16.913;0.0215;0;0.0309;17.179;0;17.179;0.2138;0.0215;16.913;0.0309;0.0124;0.9863;0;0.0018;16.992;0.187;0;0;0.1614;0.0257;16.261;0.6975;0.0288;0.0029;0.6646;0.0012;16.958;0.034;0.0004;0;0.0335;0;16.266;0.1845;0.0185;16.054;0.004;10.187;8.4553;2.6503;0.0092;0.1027;1.477;0.0059;1.5705;0;1;0;0;0.9993;0.9891;1;1;0.9905;0.1679;0.9589;0.865;1;0.9602;0.7747;0.998;0.998;1;0.998;0.998;0.9465;0.9492;0.1298;0.0489;0.0495;0.0003;0.0078;-0.0005;0.0003;0.001;0.0002;0;0;0.088;-0.0513;0;0;0;0;0;0;0;0;0;0;0;0;0.0008;0;0.0395;0.0395;0;21.99;21.99;0.8194;0.0504;40.655;971.11;1;0.0028;0.0028;0;0;0;0;0;0;0.0367;-0.0513;0;15.186;17.585;-19.751;-22.871;92.836;92.836;0.4123;0.3329;-0.433;0.0794;0.766;0.1925;1.8578;0;10.187;0;0
03/05/21 17:00;0.8731;69.869;87.882;0.9299;1.3259;90;1.3259;0;0;0;13.73;2.4699;0;0;0;0;0;0;0;0;0;0;0;0;0;1;1;1;1;0;0;0;0;0;0;0;0;0;0;0;0;0;0;0;0;0;0;0;0;0;0;0;0;0;0;0;0;0;0;0;0;0;0;0;1;1;1;1;1;1;1;1;1;1;1;1;1;1;1;1;1;1;1;0;0;0;0;0;0;0;0;0;0.0004;0.088;-0.0884;0;0;0;0;0;0;0;0;0;0;0;0;0;0;0;0;0;0;0;-13.73;0;0;0;0;0.0004;0;0;0;0;0;0;0;-0.0004;-0.0884;0;0;0;0;0;0;0;0;0;-0.7452;0;0.7452;1;1;0;0;0;0
03/05/21 18:00;0;0;90;0;0;90;0;0;0;0;14.9;2.67;0;0;0;0;0;0;0;0;0;0;0;0;0;1;1;1;1;0;0;0;0;0;0;0;0;0;0;0;0;0;0;0;0;0;0;0;0;0;0;0;0;0;0;0;0;0;0;0;0;0;0;0;1;1;1;1;1;1;1;1;1;1;1;1;1;1;1;1;1;1;1;0;0;0;0;0;0;0;0;0;0.0004;0.088;-0.0884;0;0;0;0;0;0;0;0;0;0;0;0;0;0;0;0;0;0;0;-14.9;0;0;0;0;0.0004;0;0;0;0;0;0;0;-0.0004;-0.0884;0;0;0;0;0;0;0;0;0;-0.7452;0;0.7452;1;1;0;0;0;0
03/05/21 19:00;0;0;90;0;0;90;0;0;0;0;14.5;2.97;0;0;0;0;0;0;0;0;0;0;0;0;0;1;1;1;1;0;0;0;0;0;0;0;0;0;0;0;0;0;0;0;0;0;0;0;0;0;0;0;0;0;0;0;0;0;0;0;0;0;0;0;1;1;1;1;1;1;1;1;1;1;1;1;1;1;1;1;1;1;1;0;0;0;0;0;0;0;0;0;0.0004;0.088;-0.0884;0;0;0;0;0;0;0;0;0;0;0;0;0;0;0;0;0;0;0;-14.5;0;0;0;0;0.0004;0;0;0;0;0;0;0;-0.0004;-0.0884;0;0;0;0;0;0;0;0;0;-0.7452;0;0.7452;1;1;0;0;0;0
03/05/21 20:00;0;0;90;0;0;90;0;0;0;0;14.05;3.45;0;0;0;0;0;0;0;0;0;0;0;0;0;1;1;1;1;0;0;0;0;0;0;0;0;0;0;0;0;0;0;0;0;0;0;0;0;0;0;0;0;0;0;0;0;0;0;0;0;0;0;0;1;1;1;1;1;1;1;1;1;1;1;1;1;1;1;1;1;1;1;0;0;0;0;0;0;0;0;0;0.0004;0.088;-0.0884;0;0;0;0;0;0;0;0;0;0;0;0;0;0;0;0;0;0;0;-14.05;0;0;0;0;0.0004;0;0;0;0;0;0;0;-0.0004;-0.0884;0;0;0;0;0;0;0;0;0;-0.7452;0;0.7452;1;1;0;0;0;0
03/05/21 21:00;0;0;90;0;0;90;0;0;0;0;13.55;4.57;0;0;0;0;0;0;0;0;0;0;0;0;0;1;1;1;1;0;0;0;0;0;0;0;0;0;0;0;0;0;0;0;0;0;0;0;0;0;0;0;0;0;0;0;0;0;0;0;0;0;0;0;1;1;1;1;1;1;1;1;1;1;1;1;1;1;1;1;1;1;1;0;0;0;0;0;0;0;0;0;0.0004;0.088;-0.0884;0;0;0;0;0;0;0;0;0;0;0;0;0;0;0;0;0;0;0;-13.55;0;0;0;0;0.0004;0;0;0;0;0;0;0;-0.0004;-0.0884;0;0;0;0;0;0;0;0;0;-0.7452;0;0.7452;1;1;0;0;0;0
03/05/21 22:00;0;0;90;0;0;90;0;0;0;0;13.5;4.6199;0;0;0;0;0;0;0;0;0;0;0;0;0;1;1;1;1;0;0;0;0;0;0;0;0;0;0;0;0;0;0;0;0;0;0;0;0;0;0;0;0;0;0;0;0;0;0;0;0;0;0;0;1;1;1;1;1;1;1;1;1;1;1;1;1;1;1;1;1;1;1;0;0;0;0;0;0;0;0;0;0.0004;0.088;-0.0884;0;0;0;0;0;0;0;0;0;0;0;0;0;0;0;0;0;0;0;-13.5;0;0;0;0;0.0004;0;0;0;0;0;0;0;-0.0004;-0.0884;0;0;0;0;0;0;0;0;0;-0.7452;0;0.7452;1;1;0;0;0;0
03/05/21 23:00;0;0;90;0;0;90;0;0;0;0;13.32;3.1199;0;0;0;0;0;0;0;0;0;0;0;0;0;1;1;1;1;0;0;0;0;0;0;0;0;0;0;0;0;0;0;0;0;0;0;0;0;0;0;0;0;0;0;0;0;0;0;0;0;0;0;0;1;1;1;1;1;1;1;1;1;1;1;1;1;1;1;1;1;1;1;0;0;0;0;0;0;0;0;0;0.0004;0.088;-0.0884;0;0;0;0;0;0;0;0;0;0;0;0;0;0;0;0;0;0;0;-13.32;0;0;0;0;0.0004;0;0;0;0;0;0;0;-0.0004;-0.0884;0;0;0;0;0;0;0;0;0;-0.7452;0;0.7452;1;1;0;0;0;0
04/05/21 00:00;0;0;90;0;0;90;0;0;0;0;13.9;2.44;0;0;0;0;0;0;0;0;0;0;0;0;0;1;1;1;1;0;0;0;0;0;0;0;0;0;0;0;0;0;0;0;0;0;0;0;0;0;0;0;0;0;0;0;0;0;0;0;0;0;0;0;1;1;1;1;1;1;1;1;1;1;1;1;1;1;1;1;1;1;1;0;0;0;0;0;0;0;0;0;0.0004;0.088;-0.0884;0;0;0;0;0;0;0;0;0;0;0;0;0;0;0;0;0;0;0;-13.9;0;0;0;0;0.0004;0;0;0;0;0;0;0;-0.0004;-0.0884;0;0;0;0;0;0;0;0;0;-0.7452;0;0.7452;1;1;0;0;0;0
04/05/21 01:00;0;0;90;0;0;90;0;0;0;0;13.43;2.2499;0;0;0;0;0;0;0;0;0;0;0;0;0;1;1;1;1;0;0;0;0;0;0;0;0;0;0;0;0;0;0;0;0;0;0;0;0;0;0;0;0;0;0;0;0;0;0;0;0;0;0;0;1;1;1;1;1;1;1;1;1;1;1;1;1;1;1;1;1;1;1;0;0;0;0;0;0;0;0;0;0.0004;0.088;-0.0884;0;0;0;0;0;0;0;0;0;0;0;0;0;0;0;0;0;0;0;-13.43;0;0;0;0;0.0004;0;0;0;0;0;0;0;-0.0004;-0.0884;0;0;0;0;0;0;0;0;0;-0.7452;0;0.7452;1;1;0;0;0;0
04/05/21 02:00;0;0;90;0;0;90;0;0;0;0;13.4;2.3801;0;0;0;0;0;0;0;0;0;0;0;0;0;1;1;1;1;0;0;0;0;0;0;0;0;0;0;0;0;0;0;0;0;0;0;0;0;0;0;0;0;0;0;0;0;0;0;0;0;0;0;0;1;1;1;1;1;1;1;1;1;1;1;1;1;1;1;1;1;1;1;0;0;0;0;0;0;0;0;0;0.0004;0.088;-0.0884;0;0;0;0;0;0;0;0;0;0;0;0;0;0;0;0;0;0;0;-13.4;0;0;0;0;0.0004;0;0;0;0;0;0;0;-0.0004;-0.0884;0;0;0;0;0;0;0;0;0;-0.7452;0;0.7452;1;1;0;0;0;0
04/05/21 03:00;0;0;90;0;0;90;0;0;0;0;12.55;2.0799;0;0;0;0;0;0;0;0;0;0;0;0;0;1;1;1;1;0;0;0;0;0;0;0;0;0;0;0;0;0;0;0;0;0;0;0;0;0;0;0;0;0;0;0;0;0;0;0;0;0;0;0;1;1;1;1;1;1;1;1;1;1;1;1;1;1;1;1;1;1;1;0;0;0;0;0;0;0;0;0;0.0004;0.088;-0.0884;0;0;0;0;0;0;0;0;0;0;0;0;0;0;0;0;0;0;0;-12.55;0;0;0;0;0.0004;0;0;0;0;0;0;0;-0.0004;-0.0884;0;0;0;0;0;0;0;0;0;-0.7452;0;0.7452;1;1;0;0;0;0
04/05/21 04:00;0;0;90;0;0;90;0;0;0;0;11.9;2.1;0;0;0;0;0;0;0;0;0;0;0;0;0;1;1;1;1;0;0;0;0;0;0;0;0;0;0;0;0;0;0;0;0;0;0;0;0;0;0;0;0;0;0;0;0;0;0;0;0;0;0;0;1;1;1;1;1;1;1;1;1;1;1;1;1;1;1;1;1;1;1;0;0;0;0;0;0;0;0;0;0.0004;0.088;-0.0884;0;0;0;0;0;0;0;0;0;0;0;0;0;0;0;0;0;0;0;-11.9;0;0;0;0;0.0004;0;0;0;0;0;0;0;-0.0004;-0.0884;0;0;0;0;0;0;0;0;0;-0.7452;0;0.7452;1;1;0;0;0;0
04/05/21 05:00;0;0;90;0;0;90;0;0;0;0;11.71;1.9901;0;0;0;0;0;0;0;0;0;0;0;0;0;1;1;1;1;0;0;0;0;0;0;0;0;0;0;0;0;0;0;0;0;0;0;0;0;0;0;0;0;0;0;0;0;0;0;0;0;0;0;0;1;1;1;1;1;1;1;1;1;1;1;1;1;1;1;1;1;1;1;0;0;0;0;0;0;0;0;0;0.0004;0.088;-0.0884;0;0;0;0;0;0;0;0;0;0;0;0;0;0;0;0;0;0;0;-11.71;0;0;0;0;0.0004;0;0;0;0;0;0;0;-0.0004;-0.0884;0;0;0;0;0;0;0;0;0;-0.7452;0;0.7452;1;1;0;0;0;0
04/05/21 06:00;1.8454;-68.765;85.521;1.9797;2.8263;-90;-2.8263;0;0;0;9.99;1.9901;0;0;0;0;0;0;0;0;0;0;0;0;0;1;1;1;1;0;0;0;0;0;0;0;0;0;0;0;0;0;0;0;0;0;0;0;0;0;0;0;0;0;0;0;0;0;0;0;0;0;0;0;1;1;1;1;1;1;1;1;1;1;1;1;1;1;1;1;1;1;1;0;0;0;0;0;0;0;0;0;0.0004;0.088;-0.0884;0;0;0;0;0;0;0;0;0;0;0;0;0;0;0;0;0;0;0;-9.99;0;0;0;0;0.0004;0;0;0;0;0;0;0;-0.0004;-0.0884;0;0;0;0;0;0;0;0;0;-0.7452;0;0.7452;1;1;0;0;0;0
04/05/21 07:00;9.1177;-62.832;67.399;10.226;15.277;-90;-15.277;118.81;22.604;96.206;10.5;1.9101;0;233.33;12.166;24.783;0;0.3569;270.63;0;270.63;233.33;24.783;12.166;0.3569;0.8622;0.0463;0;0.0013;270.16;0.4752;0;0;0.1788;0.2964;248.26;21.361;18.892;2.0066;0.4487;0.0135;269.62;0.5403;0.4667;0.0496;0.024;0.0001;248.26;213.97;22.727;11.515;0.0468;7.9325;6.584;2.1549;0.0169;0.0747;1.074;0.0083;1.1318;0;1;0;0;2.2779;0.9982;1;1;0.9853;0.1693;0.9208;0.9189;1;0.9625;0.7763;0.998;0.998;1;0.998;0.998;0.9173;0.9465;0.1312;0.7702;0.7125;0.0043;0.0157;-0.006;0.0049;0.0173;0.0002;0;0;0.088;0.561;0;0;0;0;0;0;0;0;0;0;0;0;0.014;0.0015;0.6606;0.6606;0;22.619;22.619;12.119;0.0488;610.73;1081.7;1;0.0116;0.0116;0;0;0;0;0;0;0.649;0.561;0;16.13;18.678;13.698;15.861;98.24;98.24;6.4952;5.5711;4.7309;0.9241;0.8402;0.1423;0.1294;0.7284;7.4111;0.7262;0
04/05/21 08:00;19.485;-52.489;36.003;24.039;57.066;-90;-57.066;148.7;131.2;17.494;12.12;1.78;0;42.428;97.313;12.427;0;5.7676;157.94;0;157.94;42.428;12.427;97.313;5.7676;0.2686;0.6527;0;0.0365;141.22;16.712;0;0;11.337;5.3747;137.71;3.2361;0.1925;0.0564;2.9675;0.0196;140.94;0.2824;0.0849;0.0249;0.172;0.0008;139.78;42.151;12.346;82.836;0.3725;82.029;68.084;25.22;13.609;1.4544;20.922;2.0763;8.767;0;1;0;0;1.0621;0.8942;1;1;0.8835;0.0681;0.977;0.9955;1;0.9654;0.95;0.998;0.998;1;0.998;0.998;0.8719;0.8512;0.0646;0.4495;0.4418;0.0027;0.0173;-0.0098;0.003;0.0107;0.0039;0;0;0.088;0.3083;0;0;0;0;0;0;0;0;0;0;0;0;0.0086;0.0007;0.4048;0.4048;0;18.854;18.854;6.7343;0.0489;376.34;1075.6;1;0.0085;0.0085;0;0;0;0;0;0;0.3963;0.3083;0;16.936;19.611;12.898;14.936;97.9;97.9;3.7905;3.4136;2.5998;0.3769;0.8138;0.0994;0.2147;0.6859;81.918;0.624;0
04/05/21 09:00;28.362;-40.051;42.344;39.996;50.004;-90;-50.004;109.49;107.7;1.7896;12.5;1.4399;0;2.7844;88.214;0.4701;0;3.325;94.794;0;94.794;2.7844;0.4701;88.214;3.325;0.0294;0.9657;0;0.0351;83.218;11.575;0;0;8.4857;3.0897;80.374;2.6778;0.0229;0.0039;2.641;0.01;83.052;0.1664;0.0056;0.0009;0.1595;0.0005;81.675;2.7559;0.4653;76.928;0.2248;69.639;57.8;20.841;7.7609;1.0253;14.748;1.301;8.0127;0;1;0;0;0.8658;0.8779;1;1;0.9038;0.0708;0.9678;0.9917;1;0.9668;0.9573;0.998;0.998;1;0.998;0.998;0.8479;0.8721;0.0676;0.2698;0.2632;0.0016;0.016;-0.0082;0.0018;0.0063;0.0027;0;0;0.088;0.1429;0;0;0;0;0;0;0;0;0;0;0;0;0.0051;0.0003;0.2377;0.2377;0;16.444;16.444;3.9439;0.0491;223.15;1065;1;0.0068;0.0068;0;0;0;0;0;0;0.2309;0.1429;0;16.568;19.185;9.9605;11.534;97.147;97.147;2.2751;2.0043;1.205;0.2708;0.7993;0.119;0.3513;0.5297;68.883;0.4744;0
04/05/21 10:00;34.979;-24.983;47.962;58.882;31.118;-90;-31.118;122.5;120.7;1.8019;12.55;1.25;0;2.1048;111.75;0.33;0;1.4983;115.69;0;115.69;2.1048;0.33;111.75;1.4983;0.0182;0.979;0;0.013;109.13;6.5528;0;0;5.2387;1.3141;105.4;3.5135;0.0242;0.0038;3.4546;0.0308;108.92;0.2183;0.0042;0.0007;0.213;0.0004;105.87;2.0763;0.3255;102.85;0.153;75.32;62.515;20.872;1.9208;0.7967;11.46;0.4685;10.335;0;1;0;0;0.9444;0.9434;1;1;0.9531;0.1229;0.9677;0.9885;1;0.9675;0.8322;0.998;0.998;1;0.998;0.998;0.9111;0.9203;0.1021;0.3292;0.3259;0.002;0.0168;-0.0086;0.0022;0.0078;0.0021;0;0;0.088;0.2016;0;0;0;0;0;0;0;0;0;0;0;0;0.0063;0.0004;0.2969;0.2969;0;17.713;17.713;5.1629;0.049;277.36;1070.3;1;0.0073;0.0073;0;0;0;0;0;0;0.2896;0.2016;0;16.956;19.635;11.513;13.331;97.539;97.539;2.7765;2.5034;1.6997;0.273;0.8037;0.0983;0.2895;0.6122;74.234;0.5699;0
04/05/21 11:00;38.43;-7.5043;50.956;80.653;9.3472;-90;-9.3472;233.59;224.2;9.3977;12.98;1.1101;0;9.5242;220.2;2.5581;0;0.2636;232.55;0;232.55;9.5242;2.5581;220.2;0.2636;0.041;0.948;0;0.0011;230.91;1.6367;0;0;1.4178;0.219;221.26;9.1876;0.1311;0.0352;9.0113;0.01;230.45;0.4618;0.019;0.0051;0.4376;0.0001;221.3;9.374;2.5178;209.33;0.0346;138.76;115.17;36.079;0.0491;1.395;20.066;0.0432;21.412;0;1;0;0;0.9955;0.993;1;1;0.9936;0.1694;0.9601;0.9862;1;0.9587;0.7756;0.998;0.998;1;0.998;0.998;0.9515;0.9507;0.1311;0.6618;0.6734;0.0041;0.0161;-0.0029;0.0046;0.0163;0.0037;0;0;0.088;0.5181;0;0;0;0;0;0;0;0;0;0;0;0;0.0131;0.0013;0.617;0.617;0;23.801;23.801;10.821;0.0489;575.6;1072;1;0.0109;0.0109;0;0;0;0;0;0;0.6061;0.5181;0;17.534;20.304;14.723;17.049;98.232;98.232;5.5811;5.2036;4.3695;0.3775;0.8341;0.0676;0.1495;0.7829;131.79;0.7354;0
04/05/21 12:00;38.067;10.866;50.639;76.466;13.534;90;13.534;169.7;166.6;3.0992;13.05;0.92;0;3.1877;163.67;0.6413;0;0.4005;167.9;0;167.9;3.1877;0.6413;163.67;0.4005;0.019;0.9772;0;0.0024;165.6;2.3009;0;0;1.9674;0.3335;158.97;6.3016;0.0427;0.0086;6.2352;0.0151;165.27;0.3312;0.0064;0.0013;0.3234;0.0001;159.05;3.1386;0.6315;155.14;0.0519;101.25;84.041;26.74;0.1464;0.9983;14.36;0.0819;15.212;0;1;0;0;0.9894;0.9863;1;1;0.988;0.1675;0.9619;0.9866;1;0.9614;0.7748;0.998;0.998;1;0.998;0.998;0.9468;0.9479;0.1295;0.4778;0.4838;0.0029;0.0172;-0.0073;0.0033;0.0117;0.0027;0;0;0.088;0.3462;0;0;0;0;0;0;0;0;0;0;0;0;0.0094;0.0008;0.4431;0.4431;0;20.827;20.827;7.7767;0.0489;413.1;1072.7;1;0.0089;0.0089;0;0;0;0;0;0;0.4342;0.3462;0;17.44;20.195;13.627;15.78;97.997;97.997;4.0296;3.7369;2.9199;0.2927;0.817;0.0726;0.2027;0.7246;99.103;0.681;0
04/05/21 13:00;33.967;27.974;47.093;55.151;34.849;90;34.849;212.2;204.6;7.6037;13.21;1.47;0;9.2653;184.37;2.5265;0;3.2347;199.39;0;199.39;9.2653;2.5265;184.37;3.2347;0.0465;0.9409;0;0.0162;186.12;13.269;0;0;10.367;2.9019;179.97;5.7864;0.102;0.0278;5.6093;0.0473;185.75;0.3722;0.0185;0.0051;0.348;0.0007;181.04;9.1448;2.4936;168.04;0.2849;130.75;108.52;36.527;4.6801;1.4513;20.876;1.0767;17.647;0;1;0;0;0.9396;0.9335;1;1;0.9438;0.1029;0.9688;0.989;1;0.9677;0.8576;0.998;0.998;1;0.998;0.998;0.9026;0.9115;0.0881;0.5675;0.5598;0.0034;0.0169;-0.006;0.0038;0.0135;0.0039;0;0;0.088;0.4148;0;0;0;0;0;0;0;0;0;0;0;0;0.0109;0.001;0.5124;0.5124;0;22.013;22.013;8.8033;0.0489;477.9;1072.2;1;0.0096;0.0096;0;0;0;0;0;0;0.5028;0.4148;0;16.98;19.663;13.746;15.917;98.126;98.126;4.7854;4.321;3.4979;0.4645;0.8231;0.0971;0.172;0.7309;125.91;0.6778;0
04/05/21 14:00;26.865;42.539;41.094;36.843;53.157;90;53.157;93.707;92.502;1.2053;13.8;2.4601;0;2.0102;73.837;0.3064;0;3.1891;79.343;0;79.343;2.0102;0.3064;73.837;3.1891;0.0253;0.9708;0;0.0402;68.57;10.773;0;0;7.7876;2.9855;66.184;2.2487;0.0151;0.0023;2.2228;0.0086;68.433;0.1371;0.004;0.0006;0.1321;0.0004;67.471;1.9911;0.3035;63.695;0.1946;59.987;49.789;18.179;8.0416;0.9566;13.76;1.2874;6.6751;0;1;0;0;0.8467;0.8642;1;1;0.8945;0.0638;0.9671;0.9925;1;0.9663;0.9579;0.998;0.998;1;0.998;0.998;0.8342;0.8626;0.061;0.2258;0.2206;0.0013;0.0152;-0.0064;0.0015;0.0052;0.0025;0;0;0.088;0.1024;0;0;0;0;0;0;0;0;0;0;0;0;0.0042;0.0002;0.1968;0.1968;0;17.056;17.056;3.2563;0.0492;186.61;1054.7;1;0.0064;0.0064;0;0;0;0;0;0;0.1904;0.1024;0;16.392;18.981;8.5312;9.8789;96.756;96.756;1.9042;1.6598;0.8639;0.2444;0.796;0.1284;0.418;0.4536;59.548;0.4015;0
04/05/21 15:00;17.661;54.539;42.625;21.351;40.654;90;40.654;59.209;58.497;0.7123;13.03;3.1801;0;1.7276;51.348;0.248;0;1.2146;54.538;0;54.538;1.7276;0.248;51.348;1.2146;0.0317;0.9638;0;0.0223;49.758;4.7801;0;0;3.6641;1.1161;48.092;1.5671;0.0145;0.0021;1.5418;0.0087;49.659;0.0995;0.0035;0.0005;0.0954;0.0002;48.524;1.7097;0.2455;46.047;0.0897;36.783;30.53;10.542;2.2115;0.4492;6.4609;0.4323;4.6986;0;1;0;0;0.9211;0.9124;1;1;0.9286;0.0811;0.9684;0.9916;1;0.9676;0.912;0.998;0.998;1;0.998;0.998;0.8818;0.8968;0.0739;0.1552;0.1518;0.0009;0.0133;-0.0053;0.001;0.0035;0.0012;0;0;0.088;0.0405;0;0;0;0;0;0;0;0;0;0;0;0;0.0029;0.0001;0.1342;0.1342;0;15.402;15.402;2.3718;0.0493;128;1048.4;1;0.0057;0.0057;0;0;0;0;0;0;0.1285;0.0405;0;16.259;18.828;4.9105;5.6862;95.778;95.778;1.3089;1.1317;0.3418;0.1772;0.7899;0.1354;0.6035;0.2611;36.779;0.2398;0
04/05/21 16:00;7.084;64.571;72.597;7.835;11.471;90;11.471;9.4938;9.4938;0;13;3.5199;0;0;9.399;0;0;0.0161;9.4151;0;9.4151;0;0;9.399;0.0161;0;1;0;0.0017;9.3161;0.099;0;0;0.0856;0.0134;8.9255;0.372;0;0;0.3714;0.0006;9.2975;0.0186;0;0;0.0186;0;8.9285;0;0;8.9234;0.0021;5.6558;4.6943;1.4707;0.0046;0.057;0.8202;0.003;0.8726;0;1;0;0;0.9917;0.9895;1;1;0.9909;0.1679;0.96;1;1;0.96;0.7747;0.998;1;1;0.998;0.998;0.948;0.9494;0.1298;0.0268;0.0272;0.0002;0.0057;-0.0011;0.0002;0.0006;0.0001;0;0;0.088;-0.0694;0;0;0;0;0;0;0;0;0;0;0;0;0.0004;0;0.0211;0.0211;0;13.453;13.453;0.4524;0.0507;21.511;979.68;1;0.0024;0.0024;0;0;0;0;0;0;0.0186;-0.0694;0;14.791;17.127;-48.68;-56.37;88.453;88.453;0.226;0.1777;-0.5849;0.0482;0.7626;0.2135;3.3751;0;5.6558;0;0
04/05/21 17:00;0.6804;69.652;88.35;0.7257;1.0345;90;1.0345;0;0;0;12.6;3.94;0;0;0;0;0;0;0;0;0;0;0;0;0;1;1;1;1;0;0;0;0;0;0;0;0;0;0;0;0;0;0;0;0;0;0;0;0;0;0;0;0;0;0;0;0;0;0;0;0;0;0;0;1;1;1;1;1;1;1;1;1;1;1;1;1;1;1;1;1;1;1;0;0;0;0;0;0;0;0;0;0.0004;0.088;-0.0884;0;0;0;0;0;0;0;0;0;0;0;0;0;0;0;0;0;0;0;-12.6;0;0;0;0;0.0004;0;0;0;0;0;0;0;-0.0004;-0.0884;0;0;0;0;0;0;0;0;0;-0.7452;0;0.7452;1;1;0;0;0;0
04/05/21 18:00;0;0;90;0;0;90;0;0;0;0;12.28;4.1401;0;0;0;0;0;0;0;0;0;0;0;0;0;1;1;1;1;0;0;0;0;0;0;0;0;0;0;0;0;0;0;0;0;0;0;0;0;0;0;0;0;0;0;0;0;0;0;0;0;0;0;0;1;1;1;1;1;1;1;1;1;1;1;1;1;1;1;1;1;1;1;0;0;0;0;0;0;0;0;0;0.0004;0.088;-0.0884;0;0;0;0;0;0;0;0;0;0;0;0;0;0;0;0;0;0;0;-12.28;0;0;0;0;0.0004;0;0;0;0;0;0;0;-0.0004;-0.0884;0;0;0;0;0;0;0;0;0;-0.7452;0;0.7452;1;1;0;0;0;0
04/05/21 19:00;0;0;90;0;0;90;0;0;0;0;12;4.1;0;0;0;0;0;0;0;0;0;0;0;0;0;1;1;1;1;0;0;0;0;0;0;0;0;0;0;0;0;0;0;0;0;0;0;0;0;0;0;0;0;0;0;0;0;0;0;0;0;0;0;0;1;1;1;1;1;1;1;1;1;1;1;1;1;1;1;1;1;1;1;0;0;0;0;0;0;0;0;0;0.0004;0.088;-0.0884;0;0;0;0;0;0;0;0;0;0;0;0;0;0;0;0;0;0;0;-12;0;0;0;0;0.0004;0;0;0;0;0;0;0;-0.0004;-0.0884;0;0;0;0;0;0;0;0;0;-0.7452;0;0.7452;1;1;0;0;0;0
04/05/21 20:00;0;0;90;0;0;90;0;0;0;0;12;3.9801;0;0;0;0;0;0;0;0;0;0;0;0;0;1;1;1;1;0;0;0;0;0;0;0;0;0;0;0;0;0;0;0;0;0;0;0;0;0;0;0;0;0;0;0;0;0;0;0;0;0;0;0;1;1;1;1;1;1;1;1;1;1;1;1;1;1;1;1;1;1;1;0;0;0;0;0;0;0;0;0;0.0004;0.088;-0.0884;0;0;0;0;0;0;0;0;0;0;0;0;0;0;0;0;0;0;0;-12;0;0;0;0;0.0004;0;0;0;0;0;0;0;-0.0004;-0.0884;0;0;0;0;0;0;0;0;0;-0.7452;0;0.7452;1;1;0;0;0;0
04/05/21 21:00;0;0;90;0;0;90;0;0;0;0;11.8;4.11;0;0;0;0;0;0;0;0;0;0;0;0;0;1;1;1;1;0;0;0;0;0;0;0;0;0;0;0;0;0;0;0;0;0;0;0;0;0;0;0;0;0;0;0;0;0;0;0;0;0;0;0;1;1;1;1;1;1;1;1;1;1;1;1;1;1;1;1;1;1;1;0;0;0;0;0;0;0;0;0;0.0004;0.088;-0.0884;0;0;0;0;0;0;0;0;0;0;0;0;0;0;0;0;0;0;0;-11.8;0;0;0;0;0.0004;0;0;0;0;0;0;0;-0.0004;-0.0884;0;0;0;0;0;0;0;0;0;-0.7452;0;0.7452;1;1;0;0;0;0
04/05/21 22:00;0;0;90;0;0;90;0;0;0;0;11.46;3.8299;0;0;0;0;0;0;0;0;0;0;0;0;0;1;1;1;1;0;0;0;0;0;0;0;0;0;0;0;0;0;0;0;0;0;0;0;0;0;0;0;0;0;0;0;0;0;0;0;0;0;0;0;1;1;1;1;1;1;1;1;1;1;1;1;1;1;1;1;1;1;1;0;0;0;0;0;0;0;0;0;0.0004;0.088;-0.0884;0;0;0;0;0;0;0;0;0;0;0;0;0;0;0;0;0;0;0;-11.46;0;0;0;0;0.0004;0;0;0;0;0;0;0;-0.0004;-0.0884;0;0;0;0;0;0;0;0;0;-0.7452;0;0.7452;1;1;0;0;0;0
04/05/21 23:00;0;0;90;0;0;90;0;0;0;0;11.46;3.4201;0;0;0;0;0;0;0;0;0;0;0;0;0;1;1;1;1;0;0;0;0;0;0;0;0;0;0;0;0;0;0;0;0;0;0;0;0;0;0;0;0;0;0;0;0;0;0;0;0;0;0;0;1;1;1;1;1;1;1;1;1;1;1;1;1;1;1;1;1;1;1;0;0;0;0;0;0;0;0;0;0.0004;0.088;-0.0884;0;0;0;0;0;0;0;0;0;0;0;0;0;0;0;0;0;0;0;-11.46;0;0;0;0;0.0004;0;0;0;0;0;0;0;-0.0004;-0.0884;0;0;0;0;0;0;0;0;0;-0.7452;0;0.7452;1;1;0;0;0;0
05/05/21 00:00;0;0;90;0;0;90;0;0;0;0;11.3;2.9599;0;0;0;0;0;0;0;0;0;0;0;0;0;1;1;1;1;0;0;0;0;0;0;0;0;0;0;0;0;0;0;0;0;0;0;0;0;0;0;0;0;0;0;0;0;0;0;0;0;0;0;0;1;1;1;1;1;1;1;1;1;1;1;1;1;1;1;1;1;1;1;0;0;0;0;0;0;0;0;0;0.0004;0.088;-0.0884;0;0;0;0;0;0;0;0;0;0;0;0;0;0;0;0;0;0;0;-11.3;0;0;0;0;0.0004;0;0;0;0;0;0;0;-0.0004;-0.0884;0;0;0;0;0;0;0;0;0;-0.7452;0;0.7452;1;1;0;0;0;0
05/05/21 01:00;0;0;90;0;0;90;0;0;0;0;11.18;2.49;0;0;0;0;0;0;0;0;0;0;0;0;0;1;1;1;1;0;0;0;0;0;0;0;0;0;0;0;0;0;0;0;0;0;0;0;0;0;0;0;0;0;0;0;0;0;0;0;0;0;0;0;1;1;1;1;1;1;1;1;1;1;1;1;1;1;1;1;1;1;1;0;0;0;0;0;0;0;0;0;0.0004;0.088;-0.0884;0;0;0;0;0;0;0;0;0;0;0;0;0;0;0;0;0;0;0;-11.18;0;0;0;0;0.0004;0;0;0;0;0;0;0;-0.0004;-0.0884;0;0;0;0;0;0;0;0;0;-0.7452;0;0.7452;1;1;0;0;0;0
05/05/21 02:00;0;0;90;0;0;90;0;0;0;0;11.2;2.28;0;0;0;0;0;0;0;0;0;0;0;0;0;1;1;1;1;0;0;0;0;0;0;0;0;0;0;0;0;0;0;0;0;0;0;0;0;0;0;0;0;0;0;0;0;0;0;0;0;0;0;0;1;1;1;1;1;1;1;1;1;1;1;1;1;1;1;1;1;1;1;0;0;0;0;0;0;0;0;0;0.0004;0.088;-0.0884;0;0;0;0;0;0;0;0;0;0;0;0;0;0;0;0;0;0;0;-11.2;0;0;0;0;0.0004;0;0;0;0;0;0;0;-0.0004;-0.0884;0;0;0;0;0;0;0;0;0;-0.7452;0;0.7452;1;1;0;0;0;0
05/05/21 03:00;0;0;90;0;0;90;0;0;0;0;11.5;2.29;0;0;0;0;0;0;0;0;0;0;0;0;0;1;1;1;1;0;0;0;0;0;0;0;0;0;0;0;0;0;0;0;0;0;0;0;0;0;0;0;0;0;0;0;0;0;0;0;0;0;0;0;1;1;1;1;1;1;1;1;1;1;1;1;1;1;1;1;1;1;1;0;0;0;0;0;0;0;0;0;0.0004;0.088;-0.0884;0;0;0;0;0;0;0;0;0;0;0;0;0;0;0;0;0;0;0;-11.5;0;0;0;0;0.0004;0;0;0;0;0;0;0;-0.0004;-0.0884;0;0;0;0;0;0;0;0;0;-0.7452;0;0.7452;1;1;0;0;0;0
05/05/21 04:00;0;0;90;0;0;90;0;0;0;0;11.61;2.4799;0;0;0;0;0;0;0;0;0;0;0;0;0;1;1;1;1;0;0;0;0;0;0;0;0;0;0;0;0;0;0;0;0;0;0;0;0;0;0;0;0;0;0;0;0;0;0;0;0;0;0;0;1;1;1;1;1;1;1;1;1;1;1;1;1;1;1;1;1;1;1;0;0;0;0;0;0;0;0;0;0.0004;0.088;-0.0884;0;0;0;0;0;0;0;0;0;0;0;0;0;0;0;0;0;0;0;-11.61;0;0;0;0;0.0004;0;0;0;0;0;0;0;-0.0004;-0.0884;0;0;0;0;0;0;0;0;0;-0.7452;0;0.7452;1;1;0;0;0;0
05/05/21 05:00;0;0;90;0;0;90;0;0;0;0;11.7;2.8501;0;0;0;0;0;0;0;0;0;0;0;0;0;1;1;1;1;0;0;0;0;0;0;0;0;0;0;0;0;0;0;0;0;0;0;0;0;0;0;0;0;0;0;0;0;0;0;0;0;0;0;0;1;1;1;1;1;1;1;1;1;1;1;1;1;1;1;1;1;1;1;0;0;0;0;0;0;0;0;0;0.0004;0.088;-0.0884;0;0;0;0;0;0;0;0;0;0;0;0;0;0;0;0;0;0;0;-11.7;0;0;0;0;0.0004;0;0;0;0;0;0;0;-0.0004;-0.0884;0;0;0;0;0;0;0;0;0;-0.7452;0;0.7452;1;1;0;0;0;0
05/05/21 06:00;1.6881;-68.526;85.903;1.8139;2.589;-90;-2.589;0;0;0;11.53;3.87;0;0;0;0;0;0;0;0;0;0;0;0;0;1;1;1;1;0;0;0;0;0;0;0;0;0;0;0;0;0;0;0;0;0;0;0;0;0;0;0;0;0;0;0;0;0;0;0;0;0;0;0;1;1;1;1;1;1;1;1;1;1;1;1;1;1;1;1;1;1;1;0;0;0;0;0;0;0;0;0;0.0004;0.088;-0.0884;0;0;0;0;0;0;0;0;0;0;0;0;0;0;0;0;0;0;0;-11.53;0;0;0;0;0.0004;0;0;0;0;0;0;0;-0.0004;-0.0884;0;0;0;0;0;0;0;0;0;-0.7452;0;0.7452;1;1;0;0;0;0
05/05/21 07:00;8.9469;-62.6;67.841;10.056;14.998;-90;-14.998;164.09;27.1;136.99;12.7;4.34;0;332.24;9.1574;43.131;0;0.4751;385;0;385;332.24;43.131;9.1574;0.4751;0.863;0.025;0;0.0012;384.48;0.5251;0;0;0.1304;0.3946;351.42;32.287;28.26;3.6687;0.3396;0.018;383.71;0.769;0.6645;0.0863;0.0181;0.0002;351.43;303.32;39.376;8.6694;0.0623;6.331;5.2547;1.7713;0.012;0.0561;0.8076;0.006;0.8518;0;1;0;0;2.3463;0.9986;1;1;0.9858;0.1694;0.9159;0.9148;1;0.9623;0.7762;0.998;0.998;1;0.998;0.998;0.9128;0.9467;0.1312;1.0957;1.0071;0.0061;0.0121;0.0176;0.0068;0.0241;0.0001;0;0;0.088;0.815;0;0;0;0;0;0;0;0;0;0;0;0;0.0194;0.0027;0.9182;0.9182;0;29.918;29.918;17.218;0.049;865.29;1061.1;1;0.0151;0.0151;0;0;0;0;0;0;0.903;0.815;0;15.759;18.248;13.989;16.199;98.355;98.355;9.2401;7.7429;6.8734;1.4972;0.8695;0.162;0.0941;0.7439;5.5727;0.7427;0
05/05/21 08:00;19.289;-52.269;36.762;23.869;55.061;-90;-55.061;209.9;126.4;83.499;14.4;4.41;0;202.51;80.677;57.73;0;7.6236;348.54;0;348.54;202.51;57.73;80.677;7.6236;0.581;0.2533;0;0.0219;332.51;16.028;0;0;8.9241;7.1044;328.08;3.7619;1.0086;0.2875;2.443;0.0227;331.85;0.665;0.405;0.1155;0.1435;0.001;329.63;201.09;57.327;69.167;0.4956;66.946;55.565;20.467;9.9441;1.1189;16.095;1.5503;7.2702;0;1;0;0;1.6605;0.954;1;1;0.8894;0.0681;0.9887;0.995;1;0.9659;0.9563;0.998;0.998;1;0.998;0.998;0.9413;0.8573;0.065;0.9919;0.9753;0.0059;0.0125;0.019;0.0066;0.0233;0.0029;0;0;0.088;0.7813;0;0;0;0;0;0;0;0;0;0;0;0;0.0188;0.0025;0.8838;0.8838;0;30.489;30.489;16.089;0.049;836.72;1056.3;1;0.0145;0.0145;0;0;0;0;0;0;0.8693;0.7813;0;16.756;19.403;14.813;17.153;98.357;98.357;8.3649;7.4533;6.5887;0.9116;0.8646;0.109;0.1034;0.7877;66.42;0.7613;0
05/05/21 09:00;28.135;-39.855;42.607;39.843;50.157;-90;-50.157;488.79;80.602;408.19;15.53;4.5301;0;637.13;23.48;81.132;0;14.929;756.67;0;756.67;637.13;81.132;23.48;14.929;0.842;0.0508;0;0.0197;740.52;16.143;0;0;2.2687;13.874;732.27;6.7757;5.3471;0.6809;0.7031;0.0447;739.04;1.481;1.2743;0.1623;0.0424;0.0021;735.59;630.5;80.289;20.466;1.0077;183.83;152.58;49.283;2.0913;1.8834;27.092;3.3288;26.884;0;1;0;0;1.548;0.9787;1;1;0.9034;0.0706;0.9908;0.9916;1;0.9668;0.9576;0.998;0.998;1;0.998;0.998;0.9678;0.8716;0.0675;2.1534;2.1589;0.013;-0.0013;0.2048;0.0136;0.0482;0.0046;0;0;0.088;1.709;0;0;0;0;0;0;0;0;0;0;0;0;0.0388;0.011;1.8261;1.8261;0;51.949;51.949;36.418;0.0497;1861.3;981.07;1;0.0291;0.0291;0;0;0;0;0;0;1.797;1.709;0;15.947;18.466;14.924;17.282;98.405;98.405;18.16;15.4;14.412;2.7604;0.9877;0.152;0.0544;0.7936;18.363;0.7729;0
05/05/21 10:00;34.72;-24.835;48.239;58.779;31.221;-90;-31.221;290.4;247.9;42.503;18.58;4.72;0;49.701;217.16;16.116;0;3.5748;286.56;0;286.56;49.701;16.116;217.16;3.5748;0.1734;0.7703;0;0.0125;273.18;13.371;0;0;10.234;3.137;265.09;7.5515;0.5805;0.1882;6.7097;0.073;272.64;0.5464;0.0994;0.0322;0.4139;0.0009;266.2;49.021;15.895;199.81;0.364;173.64;144.12;47.812;3.7756;1.814;26.094;1.1103;24.132;0;1;0;0;0.9868;0.9533;1;1;0.9529;0.1225;0.9723;0.9883;1;0.9675;0.8329;0.998;0.998;1;0.998;0.998;0.9251;0.9201;0.1018;0.8155;0.8139;0.0049;0.0146;0.0192;0.0054;0.0192;0.0047;0;0;0.088;0.6282;0;0;0;0;0;0;0;0;0;0;0;0;0.0155;0.0018;0.7284;0.7284;0;31.611;31.611;13.031;0.0492;696.74;1045.4;1;0.0122;0.0122;0;0;0;0;0;0;0.7162;0.6282;0;16.796;19.45;14.486;16.775;98.328;98.328;6.8773;6.1425;5.2977;0.7348;0.8448;0.1068;0.1228;0.7703;144.36;0.7212;0
05/05/21 11:00;38.148;-7.4381;51.242;80.641;9.3589;-90;-9.3589;694.3;114.6;579.7;19.07;5.4101;0;587.52;34.247;81.204;0;0.7856;703.76;0;703.76;587.52;81.204;34.247;0.7856;0.8348;0.0498;0;0.0011;702.88;0.8734;0;0;0.221;0.6525;690.6;10.875;8.2973;1.1468;1.4012;0.0298;701.48;1.4058;1.175;0.1624;0.0681;0.0003;690.75;578.05;79.895;32.557;0.103;405.94;336.93;110.19;0.0079;3.7706;54.239;0.1458;58.002;0;1;0;0;1.0136;0.9988;1;1;0.9935;0.1694;0.9845;0.9858;1;0.9587;0.7756;0.998;0.998;1;0.998;0.998;0.9813;0.9506;0.1311;2.0028;2.0849;0.0126;-0.0009;0.2093;0.013;0.0463;0.0092;0;0;0.088;1.6323;0;0;0;0;0;0;0;0;0;0;0;0;0.0373;0.0103;1.7478;1.7478;0;53.464;53.464;34.394;0.0498;1795.4;973.49;1;0.0275;0.0275;0;0;0;0;0;0;1.7203;1.6323;0;16.411;19.004;15.327;17.748;98.427;98.427;16.89;14.74;13.766;2.1504;0.974;0.1273;0.0577;0.815;20.498;0.7706;0
05/05/21 12:00;37.783;10.834;50.919;76.371;13.629;90;13.629;398.19;279.5;118.69;20.88;6.08;0;122.13;235.79;41.508;0;0.9531;400.39;0;400.39;122.13;41.508;235.79;0.9531;0.305;0.5913;0;0.0024;396.73;3.6618;0;0;2.8682;0.7935;384.68;11.248;1.6757;0.5695;8.9672;0.0359;395.93;0.7935;0.2443;0.083;0.4659;0.0003;384.89;120.21;40.856;223.49;0.1234;234.71;194.81;62.48;0.2165;2.2739;32.709;0.2041;34.766;0;1;0;0;1.0055;0.9909;1;1;0.9878;0.1674;0.9716;0.9863;1;0.9614;0.7749;0.998;0.998;1;0.998;0.998;0.9608;0.9478;0.1295;1.1395;1.1667;0.007;0.0098;0.0618;0.0076;0.027;0.0058;0;0;0.088;0.9183;0;0;0;0;0;0;0;0;0;0;0;0;0.0218;0.0035;1.0224;1.0224;0;39.874;39.874;18.994;0.0494;1002.6;1019.7;1;0.0161;0.0161;0;0;0;0;0;0;1.0063;0.9183;0;16.874;19.539;15.155;17.55;98.425;98.425;9.6093;8.622;7.7441;0.9873;0.8779;0.1027;0.0914;0.8059;142.82;0.7594;0
05/05/21 13:00;33.698;27.86;47.353;54.979;35.021;90;35.021;450.6;211.4;239.21;20.94;6.0501;0;292.09;130.51;82.914;0;6.9348;512.45;0;512.45;292.09;82.914;130.51;6.9348;0.57;0.2682;0;0.0135;498.83;13.622;0;0;7.3957;6.2262;489.57;8.2542;3.2606;0.9256;3.9683;0.0997;497.83;0.9977;0.5842;0.1658;0.2462;0.0014;491.64;288.25;81.823;118.9;0.6075;242.49;201.27;67.411;3.3707;2.3679;34.062;2.0667;33.059;0;1;0;0;1.1372;0.9734;1;1;0.9433;0.1022;0.9834;0.9888;1;0.9677;0.859;0.998;0.998;1;0.998;0.998;0.9554;0.911;0.0876;1.4584;1.4748;0.0089;0.0055;0.1055;0.0095;0.0336;0.0059;0;0;0.088;1.1659;0;0;0;0;0;0;0;0;0;0;0;0;0.0271;0.0054;1.2735;1.2735;0;45.188;45.188;24.248;0.0495;1268.8;1003.6;1;0.0196;0.0196;0;0;0;0;0;0;1.2539;1.1659;0;16.421;19.015;15.034;17.409;98.465;98.465;12.299;10.739;9.8322;1.5595;0.907;0.1268;0.0737;0.7994;89.248;0.7616;0
05/05/21 14:00;26.62;42.374;41.334;36.637;53.363;90;53.363;464.49;95.303;369.19;21.8;5.52;0;618.68;29.382;98.033;0;15.922;762.02;0;762.02;618.68;98.033;29.382;15.922;0.8119;0.0595;0;0.0209;744;18.023;0;0;3.1163;14.907;736.1;6.4104;4.7326;0.7499;0.885;0.0429;742.51;1.488;1.2374;0.1961;0.0525;0.002;739.39;612.71;97.087;25.328;0.9701;157.37;130.62;42.327;3.2474;1.698;24.425;3.2943;22.875;0;1;0;0;1.6405;0.9763;1;1;0.8939;0.0637;0.9914;0.9923;1;0.9662;0.9577;0.998;0.998;1;0.998;0.998;0.966;0.862;0.0609;2.1686;2.1644;0.013;-0.0013;0.2572;0.0133;0.0471;0.0041;0;0;0.088;1.6663;0;0;0;0;0;0;0;0;0;0;0;0;0.0379;0.0111;1.7821;1.7821;0;58.611;58.611;36.81;0.05;1868;953.98;1;0.0278;0.0278;0;0;0;0;0;0;1.7543;1.6663;0;15.453;17.895;14.45;16.732;98.441;98.441;18.288;15.028;14.052;3.26;0.9763;0.1783;0.0534;0.7684;23.748;0.7504;0
05/05/21 15:00;17.441;54.347;43.37;21.139;39.862;90;39.862;51.103;50.601;0.501;20.9;4.42;0;1.2152;44.666;0.1528;0;1.0095;47.043;0;47.043;1.2152;0.1528;44.666;1.0095;0.0258;0.9709;0;0.0215;43.022;4.0211;0;0;3.0956;0.9255;41.573;1.3633;0.0107;0.0014;1.3433;0.0079;42.936;0.086;0.0024;0.0003;0.0831;0.0002;41.929;1.202;0.1512;40.143;0.076;31.782;26.379;9.0788;1.798;0.3827;5.5048;0.3568;4.0895;0;1;0;0;0.9206;0.9145;1;1;0.9307;0.0832;0.9682;0.9911;1;0.9676;0.9061;0.998;0.998;1;0.998;0.998;0.8837;0.8988;0.0752;0.1339;0.131;0.0008;0.0125;-0.001;0.0008;0.0029;0.0009;0;0;0.088;0.0187;0;0;0;0;0;0;0;0;0;0;0;0;0.0024;0.0001;0.1115;0.1115;0;22.967;22.967;2.0673;0.0497;110.38;1009.7;1;0.0047;0.0047;0;0;0;0;0;0;0.1067;0.0187;0;15.655;18.128;2.6303;3.0458;95.758;95.758;1.129;0.9399;0.1579;0.1891;0.782;0.1675;0.6926;0.1399;31.78;0.1286;0
05/05/21 16:00;6.8858;64.363;73.096;7.6293;11.154;90;11.154;9.2985;9.1996;0.0989;19.6;4.2299;0;0.2397;9.1071;0.0137;0;0.0149;9.3755;0;9.3755;0.2397;0.0137;9.1071;0.0149;0.0256;0.973;0;0.0016;9.284;0.0915;0;0;0.0791;0.0124;8.8649;0.4005;0.036;0.0021;0.3618;0.0006;9.2654;0.0186;0.0005;0;0.0181;0;8.8677;0.2032;0.0116;8.6482;0.0019;5.4759;4.545;1.4234;0.004;0.0552;0.7942;0.0027;0.8454;0;1;0;0;1.0083;0.9902;1;1;0.9913;0.1679;0.9568;0.8494;1;0.9598;0.7748;0.998;0.998;1;0.998;0.998;0.9455;0.9496;0.1298;0.0267;0.027;0.0002;0.0057;-0.0005;0.0002;0.0005;0.0001;0;0;0.088;-0.0701;0;0;0;0;0;0;0;0;0;0;0;0;0.0004;0;0.0203;0.0203;0;20.052;20.052;0.4516;0.0509;21.38;950.21;1;0.0024;0.0024;0;0;0;0;0;0;0.0179;-0.0701;0;14.319;16.581;-49.38;-57.181;88.3;88.3;0.225;0.1713;-0.5908;0.0537;0.7622;0.2386;3.3872;0;5.4754;0;0
05/05/21 17:00;0.6836;69.292;88.342;0.7308;1.0418;90;1.0418;0;0;0;18.64;5.0101;0;0;0;0;0;0;0;0;0;0;0;0;0;1;1;1;1;0;0;0;0;0;0;0;0;0;0;0;0;0;0;0;0;0;0;0;0;0;0;0;0;0;0;0;0;0;0;0;0;0;0;0;1;1;1;1;1;1;1;1;1;1;1;1;1;1;1;1;1;1;1;0;0;0;0;0;0;0;0;0;0.0004;0.088;-0.0884;0;0;0;0;0;0;0;0;0;0;0;0;0;0;0;0;0;0;0;-18.64;0;0;0;0;0.0004;0;0;0;0;0;0;0;-0.0004;-0.0884;0;0;0;0;0;0;0;0;0;-0.7452;0;0.7452;1;1;0;0;0;0
05/05/21 18:00;0;0;90;0;0;90;0;0;0;0;16.61;5.2;0;0;0;0;0;0;0;0;0;0;0;0;0;1;1;1;1;0;0;0;0;0;0;0;0;0;0;0;0;0;0;0;0;0;0;0;0;0;0;0;0;0;0;0;0;0;0;0;0;0;0;0;1;1;1;1;1;1;1;1;1;1;1;1;1;1;1;1;1;1;1;0;0;0;0;0;0;0;0;0;0.0004;0.088;-0.0884;0;0;0;0;0;0;0;0;0;0;0;0;0;0;0;0;0;0;0;-16.61;0;0;0;0;0.0004;0;0;0;0;0;0;0;-0.0004;-0.0884;0;0;0;0;0;0;0;0;0;-0.7452;0;0.7452;1;1;0;0;0;0
05/05/21 19:00;0;0;90;0;0;90;0;0;0;0;15.11;5.05;0;0;0;0;0;0;0;0;0;0;0;0;0;1;1;1;1;0;0;0;0;0;0;0;0;0;0;0;0;0;0;0;0;0;0;0;0;0;0;0;0;0;0;0;0;0;0;0;0;0;0;0;1;1;1;1;1;1;1;1;1;1;1;1;1;1;1;1;1;1;1;0;0;0;0;0;0;0;0;0;0.0004;0.088;-0.0884;0;0;0;0;0;0;0;0;0;0;0;0;0;0;0;0;0;0;0;-15.11;0;0;0;0;0.0004;0;0;0;0;0;0;0;-0.0004;-0.0884;0;0;0;0;0;0;0;0;0;-0.7452;0;0.7452;1;1;0;0;0;0
05/05/21 20:00;0;0;90;0;0;90;0;0;0;0;14.38;4.5;0;0;0;0;0;0;0;0;0;0;0;0;0;1;1;1;1;0;0;0;0;0;0;0;0;0;0;0;0;0;0;0;0;0;0;0;0;0;0;0;0;0;0;0;0;0;0;0;0;0;0;0;1;1;1;1;1;1;1;1;1;1;1;1;1;1;1;1;1;1;1;0;0;0;0;0;0;0;0;0;0.0004;0.088;-0.0884;0;0;0;0;0;0;0;0;0;0;0;0;0;0;0;0;0;0;0;-14.38;0;0;0;0;0.0004;0;0;0;0;0;0;0;-0.0004;-0.0884;0;0;0;0;0;0;0;0;0;-0.7452;0;0.7452;1;1;0;0;0;0
05/05/21 21:00;0;0;90;0;0;90;0;0;0;0;13.04;3.86;0;0;0;0;0;0;0;0;0;0;0;0;0;1;1;1;1;0;0;0;0;0;0;0;0;0;0;0;0;0;0;0;0;0;0;0;0;0;0;0;0;0;0;0;0;0;0;0;0;0;0;0;1;1;1;1;1;1;1;1;1;1;1;1;1;1;1;1;1;1;1;0;0;0;0;0;0;0;0;0;0.0004;0.088;-0.0884;0;0;0;0;0;0;0;0;0;0;0;0;0;0;0;0;0;0;0;-13.04;0;0;0;0;0.0004;0;0;0;0;0;0;0;-0.0004;-0.0884;0;0;0;0;0;0;0;0;0;-0.7452;0;0.7452;1;1;0;0;0;0
05/05/21 22:00;0;0;90;0;0;90;0;0;0;0;13.1;3.38;0;0;0;0;0;0;0;0;0;0;0;0;0;1;1;1;1;0;0;0;0;0;0;0;0;0;0;0;0;0;0;0;0;0;0;0;0;0;0;0;0;0;0;0;0;0;0;0;0;0;0;0;1;1;1;1;1;1;1;1;1;1;1;1;1;1;1;1;1;1;1;0;0;0;0;0;0;0;0;0;0.0004;0.088;-0.0884;0;0;0;0;0;0;0;0;0;0;0;0;0;0;0;0;0;0;0;-13.1;0;0;0;0;0.0004;0;0;0;0;0;0;0;-0.0004;-0.0884;0;0;0;0;0;0;0;0;0;-0.7452;0;0.7452;1;1;0;0;0;0
05/05/21 23:00;0;0;90;0;0;90;0;0;0;0;11.05;3.1199;0;0;0;0;0;0;0;0;0;0;0;0;0;1;1;1;1;0;0;0;0;0;0;0;0;0;0;0;0;0;0;0;0;0;0;0;0;0;0;0;0;0;0;0;0;0;0;0;0;0;0;0;1;1;1;1;1;1;1;1;1;1;1;1;1;1;1;1;1;1;1;0;0;0;0;0;0;0;0;0;0.0004;0.088;-0.0884;0;0;0;0;0;0;0;0;0;0;0;0;0;0;0;0;0;0;0;-11.05;0;0;0;0;0.0004;0;0;0;0;0;0;0;-0.0004;-0.0884;0;0;0;0;0;0;0;0;0;-0.7452;0;0.7452;1;1;0;0;0;0
06/05/21 00:00;0;0;90;0;0;90;0;0;0;0;10.64;3.15;0;0;0;0;0;0;0;0;0;0;0;0;0;1;1;1;1;0;0;0;0;0;0;0;0;0;0;0;0;0;0;0;0;0;0;0;0;0;0;0;0;0;0;0;0;0;0;0;0;0;0;0;1;1;1;1;1;1;1;1;1;1;1;1;1;1;1;1;1;1;1;0;0;0;0;0;0;0;0;0;0.0004;0.088;-0.0884;0;0;0;0;0;0;0;0;0;0;0;0;0;0;0;0;0;0;0;-10.64;0;0;0;0;0.0004;0;0;0;0;0;0;0;-0.0004;-0.0884;0;0;0;0;0;0;0;0;0;-0.7452;0;0.7452;1;1;0;0;0;0
06/05/21 01:00;0;0;90;0;0;90;0;0;0;0;10.06;3.53;0;0;0;0;0;0;0;0;0;0;0;0;0;1;1;1;1;0;0;0;0;0;0;0;0;0;0;0;0;0;0;0;0;0;0;0;0;0;0;0;0;0;0;0;0;0;0;0;0;0;0;0;1;1;1;1;1;1;1;1;1;1;1;1;1;1;1;1;1;1;1;0;0;0;0;0;0;0;0;0;0.0004;0.088;-0.0884;0;0;0;0;0;0;0;0;0;0;0;0;0;0;0;0;0;0;0;-10.06;0;0;0;0;0.0004;0;0;0;0;0;0;0;-0.0004;-0.0884;0;0;0;0;0;0;0;0;0;-0.7452;0;0.7452;1;1;0;0;0;0
06/05/21 02:00;0;0;90;0;0;90;0;0;0;0;10.14;3.88;0;0;0;0;0;0;0;0;0;0;0;0;0;1;1;1;1;0;0;0;0;0;0;0;0;0;0;0;0;0;0;0;0;0;0;0;0;0;0;0;0;0;0;0;0;0;0;0;0;0;0;0;1;1;1;1;1;1;1;1;1;1;1;1;1;1;1;1;1;1;1;0;0;0;0;0;0;0;0;0;0.0004;0.088;-0.0884;0;0;0;0;0;0;0;0;0;0;0;0;0;0;0;0;0;0;0;-10.14;0;0;0;0;0.0004;0;0;0;0;0;0;0;-0.0004;-0.0884;0;0;0;0;0;0;0;0;0;-0.7452;0;0.7452;1;1;0;0;0;0
06/05/21 03:00;0;0;90;0;0;90;0;0;0;0;10.02;4.03;0;0;0;0;0;0;0;0;0;0;0;0;0;1;1;1;1;0;0;0;0;0;0;0;0;0;0;0;0;0;0;0;0;0;0;0;0;0;0;0;0;0;0;0;0;0;0;0;0;0;0;0;1;1;1;1;1;1;1;1;1;1;1;1;1;1;1;1;1;1;1;0;0;0;0;0;0;0;0;0;0.0004;0.088;-0.0884;0;0;0;0;0;0;0;0;0;0;0;0;0;0;0;0;0;0;0;-10.02;0;0;0;0;0.0004;0;0;0;0;0;0;0;-0.0004;-0.0884;0;0;0;0;0;0;0;0;0;-0.7452;0;0.7452;1;1;0;0;0;0
06/05/21 04:00;0;0;90;0;0;90;0;0;0;0;10.39;3.9999;0;0;0;0;0;0;0;0;0;0;0;0;0;1;1;1;1;0;0;0;0;0;0;0;0;0;0;0;0;0;0;0;0;0;0;0;0;0;0;0;0;0;0;0;0;0;0;0;0;0;0;0;1;1;1;1;1;1;1;1;1;1;1;1;1;1;1;1;1;1;1;0;0;0;0;0;0;0;0;0;0.0004;0.088;-0.0884;0;0;0;0;0;0;0;0;0;0;0;0;0;0;0;0;0;0;0;-10.39;0;0;0;0;0.0004;0;0;0;0;0;0;0;-0.0004;-0.0884;0;0;0;0;0;0;0;0;0;-0.7452;0;0.7452;1;1;0;0;0;0
06/05/21 05:00;0;0;90;0;0;90;0;0;0;0;10.88;3.63;0;0;0;0;0;0;0;0;0;0;0;0;0;1;1;1;1;0;0;0;0;0;0;0;0;0;0;0;0;0;0;0;0;0;0;0;0;0;0;0;0;0;0;0;0;0;0;0;0;0;0;0;1;1;1;1;1;1;1;1;1;1;1;1;1;1;1;1;1;1;1;0;0;0;0;0;0;0;0;0;0.0004;0.088;-0.0884;0;0;0;0;0;0;0;0;0;0;0;0;0;0;0;0;0;0;0;-10.88;0;0;0;0;0.0004;0;0;0;0;0;0;0;-0.0004;-0.0884;0;0;0;0;0;0;0;0;0;-0.7452;0;0.7452;1;1;0;0;0;0
06/05/21 06:00;1.7216;-68.147;85.822;1.8548;2.6474;-90;-2.6474;0;0;0;11.24;3.77;0;0;0;0;0;0;0;0;0;0;0;0;0;1;1;1;1;0;0;0;0;0;0;0;0;0;0;0;0;0;0;0;0;0;0;0;0;0;0;0;0;0;0;0;0;0;0;0;0;0;0;0;1;1;1;1;1;1;1;1;1;1;1;1;1;1;1;1;1;1;1;0;0;0;0;0;0;0;0;0;0.0004;0.088;-0.0884;0;0;0;0;0;0;0;0;0;0;0;0;0;0;0;0;0;0;0;-11.24;0;0;0;0;0.0004;0;0;0;0;0;0;0;-0.0004;-0.0884;0;0;0;0;0;0;0;0;0;-0.7452;0;0.7452;1;1;0;0;0;0
06/05/21 07:00;8.7772;-62.373;68.279;9.8857;14.721;-90;-14.721;139.01;22.903;116.11;12.77;4.1;0;281.59;9.7514;31.501;0;0.3878;323.23;0;323.23;281.59;31.501;9.7514;0.3878;0.8712;0.0314;0;0.0012;322.77;0.4567;0;0;0.1346;0.3221;293.78;28.345;25.153;2.8138;0.3635;0.0147;322.13;0.6455;0.5632;0.063;0.0192;0.0001;293.79;255.87;28.625;9.2341;0.0509;6.5608;5.4455;1.8114;0.0119;0.0597;0.8591;0.0061;0.9069;0;1;0;0;2.3252;0.9986;1;1;0.9862;0.1695;0.912;0.9105;1;0.9621;0.7761;0.998;0.998;1;0.998;0.998;0.9089;0.947;0.1313;0.9199;0.8423;0.0051;0.0143;0.0064;0.0057;0.0203;0.0002;0;0;0.088;0.671;0;0;0;0;0;0;0;0;0;0;0;0;0.0163;0.002;0.7721;0.7721;0;27.148;27.148;14.378;0.0489;722.25;1069;1;0.0131;0.0131;0;0;0;0;0;0;0.759;0.671;0;15.784;18.277;13.718;15.885;98.308;98.308;7.7575;6.5109;5.6587;1.2466;0.8523;0.1607;0.1099;0.7294;5.9283;0.728;0
06/05/21 08:00;19.093;-52.055;37.502;23.699;53.409;-90;-53.409;145.49;128.3;17.191;15.27;4.17;0;41.692;98.381;12.189;0;4.9951;157.26;0;157.26;41.692;12.189;98.381;4.9951;0.2651;0.6574;0;0.0318;142.19;15.065;0;0;10.412;4.6526;138.64;3.2707;0.2257;0.066;2.9651;0.014;141.91;0.2844;0.0834;0.0244;0.1759;0.0007;140.38;41.383;12.098;84.828;0.3277;79.677;66.132;24.083;10.894;1.2886;18.535;1.7476;8.9297;0;1;0;0;1.0809;0.9042;1;1;0.8942;0.0686;0.977;0.9946;1;0.9662;0.9589;0.998;0.998;1;0.998;0.998;0.8816;0.8622;0.0656;0.4475;0.4388;0.0026;0.0173;-0.0046;0.003;0.0105;0.0034;0;0;0.088;0.3012;0;0;0;0;0;0;0;0;0;0;0;0;0.0085;0.0007;0.3975;0.3975;0;22.068;22.068;6.7978;0.049;374.08;1062.7;1;0.0083;0.0083;0;0;0;0;0;0;0.3892;0.3012;0;16.704;19.343;12.658;14.657;97.914;97.914;3.7742;3.3524;2.5403;0.4218;0.8121;0.1118;0.2152;0.6731;79.568;0.6185;0
06/05/21 09:00;27.91;-39.664;42.864;39.688;50.312;-90;-50.312;442.4;83.103;359.3;17.93;5.4199;0;562.62;29.132;74.452;0;13.59;679.8;0;679.8;562.62;74.452;29.132;13.59;0.8276;0.0628;0;0.02;664.34;15.459;0;0;2.8274;12.632;656.65;6.3552;4.8063;0.636;0.8725;0.0403;663.01;1.3287;1.1252;0.1489;0.0526;0.0019;659.74;556.69;73.667;25.38;0.9158;168.27;139.66;45.237;2.6213;1.7616;25.341;3.0841;24.481;0;1;0;0;1.5366;0.9773;1;1;0.9029;0.0705;0.9904;0.9914;1;0.9668;0.9578;0.998;0.998;1;0.998;0.998;0.966;0.8712;0.0674;1.9346;1.9383;0.0117;0.0002;0.1747;0.0123;0.0435;0.0043;0;0;0.088;1.5338;0;0;0;0;0;0;0;0;0;0;0;0;0.035;0.009;1.6476;1.6476;0;50.559;50.559;32.629;0.0497;1669.7;986.81;1;0.0258;0.0258;0;0;0;0;0;0;1.6218;1.5338;0;16.016;18.546;14.909;17.265;98.432;98.432;16.315;13.895;12.935;2.4204;0.96;0.1484;0.0588;0.7928;22.818;0.7713;0
06/05/21 10:00;34.465;-24.693;48.511;58.674;31.326;-90;-31.326;559.49;99.101;460.39;21.03;5.86;0;538.96;36.164;70.349;0;6.9328;652.41;0;652.41;538.96;70.349;36.164;6.9328;0.8261;0.0661;0;0.0106;644.6;7.8001;0;0;1.7133;6.0867;634.85;8.4707;6.3806;0.8328;1.1168;0.1405;643.32;1.2892;1.0779;0.1407;0.0689;0.0017;636.79;531.5;69.375;33.265;0.7039;294.54;244.47;81.285;0.6377;2.6903;38.699;1.9431;40.751;0;1;0;0;1.1661;0.988;1;1;0.9526;0.122;0.9868;0.9881;1;0.9675;0.8336;0.998;0.998;1;0.998;0.998;0.9731;0.9198;0.1015;1.8567;1.8994;0.0114;0.0006;0.1854;0.0119;0.0423;0.0066;0;0;0.088;1.4858;0;0;0;0;0;0;0;0;0;0;0;0;0.034;0.0087;1.5985;1.5985;0;52.633;52.633;31.603;0.0498;1635.6;977.32;1;0.0247;0.0247;0;0;0;0;0;0;1.5738;1.4858;0;16.191;18.749;15.049;17.426;98.453;98.453;15.658;13.481;12.53;2.1771;0.9507;0.139;0.0607;0.8002;24.058;0.7662;0
06/05/21 11:00;37.872;-7.3759;51.523;80.626;9.3738;-90;-9.3738;664.8;109.7;555.1;22.74;5.8901;0;562.62;35.525;74.933;0;0.7546;673.83;0;673.83;562.62;74.933;35.525;0.7546;0.835;0.0538;0;0.0011;672.97;0.8565;0;0;0.2298;0.6267;660.91;10.722;8.1538;1.086;1.4532;0.0286;671.63;1.3459;1.1252;0.1499;0.0706;0.0003;661.05;553.34;73.698;33.772;0.099;388.71;322.63;105.49;0.0082;3.612;51.957;0.1401;55.56;0;1;0;0;1.0136;0.9987;1;1;0.9935;0.1694;0.984;0.9855;1;0.9587;0.7756;0.998;0.998;1;0.998;0.998;0.9808;0.9506;0.1312;1.9177;1.9954;0.012;-0.0002;0.2168;0.0124;0.0439;0.0087;0;0;0.088;1.5434;0;0;0;0;0;0;0;0;0;0;0;0;0.0353;0.0095;1.657;1.657;0;55.721;55.721;32.98;0.0499;1718.8;964.08;1;0.0256;0.0256;0;0;0;0;0;0;1.6314;1.5434;0;16.25;18.817;15.136;17.527;98.455;98.455;16.172;13.974;13.016;2.198;0.958;0.1359;0.0592;0.8048;21.264;0.7609;0
06/05/21 12:00;37.503;10.8;51.194;76.279;13.722;90;13.722;611.3;117.3;494;23.24;5.6501;0;508.51;45.696;73.027;0;1.4829;628.71;0;628.71;508.51;73.027;45.696;1.4829;0.8088;0.075;0;0.0024;626.92;1.7969;0;0;0.5622;1.2347;615.7;9.968;7.1504;1.0269;1.7349;0.0558;625.66;1.2538;1.017;0.1461;0.0903;0.0005;616.02;500.34;71.854;43.309;0.192;354.02;293.84;96.805;0.0433;3.2447;46.674;0.3264;49.875;0;1;0;0;1.0285;0.9971;1;1;0.9877;0.1674;0.9841;0.9859;1;0.9615;0.7749;0.998;0.998;1;0.998;0.998;0.9793;0.9478;0.1295;1.7893;1.856;0.0112;0.001;0.19;0.0116;0.0411;0.0079;0;0;0.088;1.4402;0;0;0;0;0;0;0;0;0;0;0;0;0.0331;0.0083;1.552;1.552;0;53.926;53.926;30.686;0.0498;1597.7;971.34;1;0.0237;0.0237;0;0;0;0;0;0;1.5282;1.4402;0;16.311;18.888;15.137;17.528;98.47;98.47;15.089;13.088;12.145;2.0013;0.9424;0.1326;0.0625;0.8049;27.686;0.7625;0
06/05/21 13:00;33.433;27.746;47.611;54.81;35.19;90;35.19;502.1;159.2;342.9;24.1;5.28;0;419.57;77.552;90.364;0;7.7996;595.29;0;595.29;419.57;90.364;77.552;7.7996;0.7048;0.1434;0;0.0131;583.85;11.436;0;0;4.4281;7.008;574.45;8.236;4.7466;1.0223;2.3569;0.1102;582.69;1.1677;0.8391;0.1807;0.1462;0.0016;576.71;413.99;89.161;70.621;0.6798;260.62;216.32;72.353;2.0372;2.4484;35.219;2.2619;35.63;0;1;0;0;1.1856;0.9808;1;1;0.9429;0.1015;0.9859;0.9887;1;0.9677;0.8605;0.998;0.998;1;0.998;0.998;0.965;0.9106;0.0872;1.6941;1.7206;0.0104;0.0024;0.1689;0.0108;0.0382;0.006;0;0;0.088;1.3361;0;0;0;0;0;0;0;0;0;0;0;0;0.0308;0.0072;1.446;1.446;0;52.708;52.708;28.609;0.0498;1480.6;976.58;1;0.0218;0.0218;0;0;0;0;0;0;1.4241;1.3361;0;16.051;18.586;14.832;17.175;98.49;98.49;14.287;12.194;11.268;2.0929;0.9262;0.1465;0.0648;0.7887;53.105;0.7552;0
06/05/21 14:00;26.38;42.211;41.571;36.435;53.565;90;53.565;403.1;144.8;258.3;23.47;4.7601;0;434.91;65.397;105.64;0;13.914;619.86;0;619.86;434.91;105.64;65.397;13.914;0.7016;0.1279;0;0.0224;599.86;20.002;0;0;6.9743;13.028;592.44;6.2181;3.387;0.8227;1.9708;0.0376;598.66;1.1997;0.8698;0.2113;0.1168;0.0018;595.84;430.65;104.61;56.335;0.8465;152.22;126.34;41.219;7.3187;1.8959;27.272;3.3929;21.849;0;1;0;0;1.5378;0.9677;1;1;0.8934;0.0637;0.9896;0.9922;1;0.9662;0.9575;0.998;0.998;1;0.998;0.998;0.9558;0.8614;0.0608;1.7641;1.7594;0.0106;0.002;0.1743;0.011;0.039;0.0046;0;0;0.088;1.3684;0;0;0;0;0;0;0;0;0;0;0;0;0.0314;0.0075;1.4788;1.4788;0;52.978;52.978;29.508;0.0498;1515.1;976.04;1;0.0224;0.0224;0;0;0;0;0;0;1.4564;1.3684;0;15.765;18.256;14.588;16.892;98.482;98.482;14.877;12.471;11.54;2.4054;0.9314;0.1617;0.0626;0.7757;52.97;0.751;0
06/05/21 15:00;17.226;54.157;44.09;20.931;39.115;90;39.115;150.4;137.8;12.595;22.84;3.1701;0;30.546;118.48;10.594;0;2.865;162.49;0;162.49;30.546;10.594;118.48;2.865;0.188;0.7468;0;0.0176;151.89;10.594;0;0;7.9754;2.6188;147.62;3.9732;0.2828;0.0981;3.5673;0.025;151.59;0.3038;0.0611;0.0212;0.221;0.0005;148.52;30.203;10.475;106.72;0.2208;83.848;69.594;23.882;4.4698;0.9963;14.332;0.9002;10.858;0;1;0;0;1.0804;0.9348;1;1;0.9327;0.086;0.9738;0.9907;1;0.9677;0.8982;0.998;0.998;1;0.998;0.998;0.9085;0.9007;0.0771;0.4624;0.4536;0.0027;0.0173;0.0084;0.003;0.0106;0.0026;0;0;0.088;0.3039;0;0;0;0;0;0;0;0;0;0;0;0;0.0085;0.0007;0.3999;0.3999;0;30.123;30.123;7.2831;0.0493;387.46;1032.1;1;0.008;0.008;0;0;0;0;0;0;0.3919;0.3039;0;16.264;18.833;12.359;14.311;97.995;97.995;3.8997;3.3725;2.5628;0.5271;0.8097;0.1352;0.2076;0.6572;83.765;0.6165;0
06/05/21 16:00;6.6923;64.158;73.582;7.428;10.845;90;10.845;25.59;25.397;0.1934;21.7;2.65;0;0.469;25.139;0.0762;0;0.0388;25.723;0;25.723;0.469;0.0762;25.139;0.0388;0.0182;0.9788;0;0.0015;25.482;0.2406;0;0;0.2083;0.0323;24.34;1.0919;0.0744;0.0121;1.004;0.0015;25.432;0.051;0.0009;0.0002;0.0499;0;24.347;0.3937;0.064;23.877;0.005;15.103;12.535;3.9243;0.0099;0.1523;2.1908;0.007;2.3332;0;1;0;0;1.0052;0.9906;1;1;0.9917;0.1679;0.9571;0.8412;1;0.9596;0.7748;0.998;0.998;1;0.998;0.998;0.9462;0.9498;0.1298;0.0732;0.074;0.0004;0.0096;-0.0006;0.0005;0.0016;0.0004;0;0;0.088;-0.0306;0;0;0;0;0;0;0;0;0;0;0;0;0.0013;0.0001;0.0608;0.0608;0;22.919;22.919;1.2194;0.0501;61.686;985.75;1;0.0034;0.0034;0;0;0;0;0;0;0.0574;-0.0306;0;15.621;18.088;-7.8492;-9.0892;94.47;94.47;0.6174;0.5128;-0.2577;0.1046;0.7705;0.1694;1.248;0;15.102;0;0
06/05/21 17:00;0.4997;69.079;88.788;0.535;0.7626;90;0.7626;0;0;0;20.14;2.75;0;0;0;0;0;0;0;0;0;0;0;0;0;1;1;1;1;0;0;0;0;0;0;0;0;0;0;0;0;0;0;0;0;0;0;0;0;0;0;0;0;0;0;0;0;0;0;0;0;0;0;0;1;1;1;1;1;1;1;1;1;1;1;1;1;1;1;1;1;1;1;0;0;0;0;0;0;0;0;0;0.0004;0.088;-0.0884;0;0;0;0;0;0;0;0;0;0;0;0;0;0;0;0;0;0;0;-20.14;0;0;0;0;0.0004;0;0;0;0;0;0;0;-0.0004;-0.0884;0;0;0;0;0;0;0;0;0;-0.7452;0;0.7452;1;1;0;0;0;0
06/05/21 18:00;0;0;90;0;0;90;0;0;0;0;19.38;2.82;0;0;0;0;0;0;0;0;0;0;0;0;0;1;1;1;1;0;0;0;0;0;0;0;0;0;0;0;0;0;0;0;0;0;0;0;0;0;0;0;0;0;0;0;0;0;0;0;0;0;0;0;1;1;1;1;1;1;1;1;1;1;1;1;1;1;1;1;1;1;1;0;0;0;0;0;0;0;0;0;0.0004;0.088;-0.0884;0;0;0;0;0;0;0;0;0;0;0;0;0;0;0;0;0;0;0;-19.38;0;0;0;0;0.0004;0;0;0;0;0;0;0;-0.0004;-0.0884;0;0;0;0;0;0;0;0;0;-0.7452;0;0.7452;1;1;0;0;0;0
06/05/21 19:00;0;0;90;0;0;90;0;0;0;0;19.13;2.82;0;0;0;0;0;0;0;0;0;0;0;0;0;1;1;1;1;0;0;0;0;0;0;0;0;0;0;0;0;0;0;0;0;0;0;0;0;0;0;0;0;0;0;0;0;0;0;0;0;0;0;0;1;1;1;1;1;1;1;1;1;1;1;1;1;1;1;1;1;1;1;0;0;0;0;0;0;0;0;0;0.0004;0.088;-0.0884;0;0;0;0;0;0;0;0;0;0;0;0;0;0;0;0;0;0;0;-19.13;0;0;0;0;0.0004;0;0;0;0;0;0;0;-0.0004;-0.0884;0;0;0;0;0;0;0;0;0;-0.7452;0;0.7452;1;1;0;0;0;0
06/05/21 20:00;0;0;90;0;0;90;0;0;0;0;18.25;2.75;0;0;0;0;0;0;0;0;0;0;0;0;0;1;1;1;1;0;0;0;0;0;0;0;0;0;0;0;0;0;0;0;0;0;0;0;0;0;0;0;0;0;0;0;0;0;0;0;0;0;0;0;1;1;1;1;1;1;1;1;1;1;1;1;1;1;1;1;1;1;1;0;0;0;0;0;0;0;0;0;0.0004;0.088;-0.0884;0;0;0;0;0;0;0;0;0;0;0;0;0;0;0;0;0;0;0;-18.25;0;0;0;0;0.0004;0;0;0;0;0;0;0;-0.0004;-0.0884;0;0;0;0;0;0;0;0;0;-0.7452;0;0.7452;1;1;0;0;0;0
06/05/21 21:00;0;0;90;0;0;90;0;0;0;0;18.07;2.6399;0;0;0;0;0;0;0;0;0;0;0;0;0;1;1;1;1;0;0;0;0;0;0;0;0;0;0;0;0;0;0;0;0;0;0;0;0;0;0;0;0;0;0;0;0;0;0;0;0;0;0;0;1;1;1;1;1;1;1;1;1;1;1;1;1;1;1;1;1;1;1;0;0;0;0;0;0;0;0;0;0.0004;0.088;-0.0884;0;0;0;0;0;0;0;0;0;0;0;0;0;0;0;0;0;0;0;-18.07;0;0;0;0;0.0004;0;0;0;0;0;0;0;-0.0004;-0.0884;0;0;0;0;0;0;0;0;0;-0.7452;0;0.7452;1;1;0;0;0;0
06/05/21 22:00;0;0;90;0;0;90;0;0;0;0;15.34;2.5599;0;0;0;0;0;0;0;0;0;0;0;0;0;1;1;1;1;0;0;0;0;0;0;0;0;0;0;0;0;0;0;0;0;0;0;0;0;0;0;0;0;0;0;0;0;0;0;0;0;0;0;0;1;1;1;1;1;1;1;1;1;1;1;1;1;1;1;1;1;1;1;0;0;0;0;0;0;0;0;0;0.0004;0.088;-0.0884;0;0;0;0;0;0;0;0;0;0;0;0;0;0;0;0;0;0;0;-15.34;0;0;0;0;0.0004;0;0;0;0;0;0;0;-0.0004;-0.0884;0;0;0;0;0;0;0;0;0;-0.7452;0;0.7452;1;1;0;0;0;0
06/05/21 23:00;0;0;90;0;0;90;0;0;0;0;13.47;2.5599;0;0;0;0;0;0;0;0;0;0;0;0;0;1;1;1;1;0;0;0;0;0;0;0;0;0;0;0;0;0;0;0;0;0;0;0;0;0;0;0;0;0;0;0;0;0;0;0;0;0;0;0;1;1;1;1;1;1;1;1;1;1;1;1;1;1;1;1;1;1;1;0;0;0;0;0;0;0;0;0;0.0004;0.088;-0.0884;0;0;0;0;0;0;0;0;0;0;0;0;0;0;0;0;0;0;0;-13.47;0;0;0;0;0.0004;0;0;0;0;0;0;0;-0.0004;-0.0884;0;0;0;0;0;0;0;0;0;-0.7452;0;0.7452;1;1;0;0;0;0
07/05/21 00:00;0;0;90;0;0;90;0;0;0;0;14.08;2.6399;0;0;0;0;0;0;0;0;0;0;0;0;0;1;1;1;1;0;0;0;0;0;0;0;0;0;0;0;0;0;0;0;0;0;0;0;0;0;0;0;0;0;0;0;0;0;0;0;0;0;0;0;1;1;1;1;1;1;1;1;1;1;1;1;1;1;1;1;1;1;1;0;0;0;0;0;0;0;0;0;0.0004;0.088;-0.0884;0;0;0;0;0;0;0;0;0;0;0;0;0;0;0;0;0;0;0;-14.08;0;0;0;0;0.0004;0;0;0;0;0;0;0;-0.0004;-0.0884;0;0;0;0;0;0;0;0;0;-0.7452;0;0.7452;1;1;0;0;0;0
07/05/21 01:00;0;0;90;0;0;90;0;0;0;0;12.56;2.7199;0;0;0;0;0;0;0;0;0;0;0;0;0;1;1;1;1;0;0;0;0;0;0;0;0;0;0;0;0;0;0;0;0;0;0;0;0;0;0;0;0;0;0;0;0;0;0;0;0;0;0;0;1;1;1;1;1;1;1;1;1;1;1;1;1;1;1;1;1;1;1;0;0;0;0;0;0;0;0;0;0.0004;0.088;-0.0884;0;0;0;0;0;0;0;0;0;0;0;0;0;0;0;0;0;0;0;-12.56;0;0;0;0;0.0004;0;0;0;0;0;0;0;-0.0004;-0.0884;0;0;0;0;0;0;0;0;0;-0.7452;0;0.7452;1;1;0;0;0;0
07/05/21 02:00;0;0;90;0;0;90;0;0;0;0;13.56;2.74;0;0;0;0;0;0;0;0;0;0;0;0;0;1;1;1;1;0;0;0;0;0;0;0;0;0;0;0;0;0;0;0;0;0;0;0;0;0;0;0;0;0;0;0;0;0;0;0;0;0;0;0;1;1;1;1;1;1;1;1;1;1;1;1;1;1;1;1;1;1;1;0;0;0;0;0;0;0;0;0;0.0004;0.088;-0.0884;0;0;0;0;0;0;0;0;0;0;0;0;0;0;0;0;0;0;0;-13.56;0;0;0;0;0.0004;0;0;0;0;0;0;0;-0.0004;-0.0884;0;0;0;0;0;0;0;0;0;-0.7452;0;0.7452;1;1;0;0;0;0
07/05/21 03:00;0;0;90;0;0;90;0;0;0;0;13.1;2.7199;0;0;0;0;0;0;0;0;0;0;0;0;0;1;1;1;1;0;0;0;0;0;0;0;0;0;0;0;0;0;0;0;0;0;0;0;0;0;0;0;0;0;0;0;0;0;0;0;0;0;0;0;1;1;1;1;1;1;1;1;1;1;1;1;1;1;1;1;1;1;1;0;0;0;0;0;0;0;0;0;0.0004;0.088;-0.0884;0;0;0;0;0;0;0;0;0;0;0;0;0;0;0;0;0;0;0;-13.1;0;0;0;0;0.0004;0;0;0;0;0;0;0;-0.0004;-0.0884;0;0;0;0;0;0;0;0;0;-0.7452;0;0.7452;1;1;0;0;0;0
07/05/21 04:00;0;0;90;0;0;90;0;0;0;0;11.44;2.68;0;0;0;0;0;0;0;0;0;0;0;0;0;1;1;1;1;0;0;0;0;0;0;0;0;0;0;0;0;0;0;0;0;0;0;0;0;0;0;0;0;0;0;0;0;0;0;0;0;0;0;0;1;1;1;1;1;1;1;1;1;1;1;1;1;1;1;1;1;1;1;0;0;0;0;0;0;0;0;0;0.0004;0.088;-0.0884;0;0;0;0;0;0;0;0;0;0;0;0;0;0;0;0;0;0;0;-11.44;0;0;0;0;0.0004;0;0;0;0;0;0;0;-0.0004;-0.0884;0;0;0;0;0;0;0;0;0;-0.7452;0;0.7452;1;1;0;0;0;0
07/05/21 05:00;0;0;90;0;0;90;0;0;0;0;10.97;2.5599;0;0;0;0;0;0;0;0;0;0;0;0;0;1;1;1;1;0;0;0;0;0;0;0;0;0;0;0;0;0;0;0;0;0;0;0;0;0;0;0;0;0;0;0;0;0;0;0;0;0;0;0;1;1;1;1;1;1;1;1;1;1;1;1;1;1;1;1;1;1;1;0;0;0;0;0;0;0;0;0;0.0004;0.088;-0.0884;0;0;0;0;0;0;0;0;0;0;0;0;0;0;0;0;0;0;0;-10.97;0;0;0;0;0.0004;0;0;0;0;0;0;0;-0.0004;-0.0884;0;0;0;0;0;0;0;0;0;-0.7452;0;0.7452;1;1;0;0;0;0
07/05/21 06:00;1.5658;-67.918;86.2;1.6897;2.4112;-90;-2.4112;0.1953;0.1953;0;10.72;2.12;0;0;0.1953;0;0;0;0.1953;0.1953;0;0;0;0;0;1;1;1;1;0;0;0;0;0;0;0;0;0;0;0;0;0;0;0;0;0;0;0;0;0;0;0;0;0;0;0;0;0;0;0;0;0;0;0;0;1;1;1;1;1;1;1;1;1;1;1;1;1;0;0;1;0;0;0;0;0;0;0;0;0;0;0;0.0004;0.088;-0.0884;0;0;0;0;0;0;0;0;0;0;0;0;0;0;0;0;0;0;0;-10.72;0;0;0;0;0.0004;0;0;0;0;0;0;0;-0.0004;-0.0884;0;0;0;0;0;0;0;0;0;-0.7452;0;0.7452;1;1;0;0;0;0
07/05/21 07:00;8.6087;-62.151;68.714;9.716;14.445;-90;-14.445;54.697;48.3;6.3971;13.04;2.3001;0;15.515;46.021;3.7332;0;0.147;65.416;0;65.416;15.515;3.7332;46.021;0.147;0.2372;0.7058;0;0.0022;64.679;0.7373;0;0;0.6153;0.1221;61.015;3.5345;1.4546;0.35;1.7243;0.0056;64.55;0.1294;0.031;0.0075;0.0908;0;61.042;14.029;3.3757;43.591;0.0193;27.99;23.232;7.3177;0.0521;0.2816;4.05;0.0272;4.2795;0;1;0;0;1.196;0.9887;1;1;0.9866;0.1696;0.9452;0.9061;1;0.9619;0.776;0.998;0.998;1;0.998;0.998;0.9327;0.9472;0.1313;0.1862;0.1828;0.0011;0.0143;-0.006;0.0012;0.0043;0.0007;0;0;0.088;0.0693;0;0;0;0;0;0;0;0;0;0;0;0;0.0035;0.0002;0.1635;0.1635;0;16.042;16.042;3.0022;0.0492;154.87;1055.6;1;0.0062;0.0062;0;0;0;0;0;0;0.1573;0.0693;0;16.513;19.122;7.0022;8.1084;96.235;96.235;1.57;1.3786;0.5846;0.1914;0.794;0.1219;0.5058;0.3723;27.952;0.3559;0
07/05/21 08:00;18.9;-51.846;38.225;23.528;51.977;-90;-51.977;182.71;131.9;50.806;14.04;2.44;0;123.22;94.109;37.416;0;5.964;260.71;0;260.71;123.22;37.416;94.109;5.964;0.4726;0.3839;0;0.0229;245.58;15.126;0;0;9.5755;5.5508;241.31;3.7809;0.7189;0.2183;2.8269;0.0168;245.09;0.4912;0.2464;0.0748;0.1691;0.0008;242.85;122.25;37.123;81.538;0.3956;75.303;62.501;22.674;9.4758;1.1701;16.832;1.5431;8.5263;0;1;0;0;1.4269;0.942;1;1;0.8983;0.0693;0.9846;0.9942;1;0.9665;0.9594;0.998;0.998;1;0.998;0.998;0.9256;0.8664;0.0663;0.742;0.7285;0.0044;0.0156;0.0022;0.0049;0.0175;0.0031;0;0;0.088;0.5656;0;0;0;0;0;0;0;0;0;0;0;0;0.0141;0.0015;0.6651;0.6651;0;25.854;25.854;11.814;0.049;623.31;1067.1;1;0.0115;0.0115;0;0;0;0;0;0;0.6536;0.5656;0;16.859;19.522;14.336;16.601;98.266;98.266;6.257;5.6092;4.7698;0.6478;0.8394;0.1035;0.1342;0.7623;74.978;0.7272;0
07/05/21 09:00;27.687;-39.479;43.116;39.533;50.467;-90;-50.467;283.19;197.9;85.291;17.23;1.8301;0;134;139.77;42.559;0;8.7495;325.07;0;325.07;134;42.559;139.77;8.7495;0.4122;0.4569;0;0.0269;303.31;21.76;0;0;13.626;8.1338;296.96;5.7472;1.1644;0.3698;4.1872;0.0258;302.71;0.6066;0.268;0.0851;0.2523;0.0012;299.81;132.56;42.104;121.7;0.5887;149.59;124.16;43.272;12.698;2.0413;29.363;2.8488;18.707;0;1;0;0;1.1479;0.9331;1;1;0.9025;0.0704;0.981;0.9913;1;0.9667;0.9581;0.998;0.998;1;0.998;0.998;0.9135;0.8707;0.0673;0.9251;0.9166;0.0055;0.0133;0.0223;0.0061;0.0217;0.0053;0;0;0.088;0.721;0;0;0;0;0;0;0;0;0;0;0;0;0.0175;0.0023;0.8225;0.8225;0;31.819;31.819;14.589;0.0491;785.19;1047.5;1;0.0135;0.0135;0;0;0;0;0;0;0.809;0.721;0;16.719;19.36;14.656;16.971;98.358;98.358;7.8018;6.9362;6.0801;0.8656;0.856;0.111;0.1097;0.7793;109.65;0.73;0
07/05/21 10:00;34.212;-24.556;48.779;58.566;31.434;-90;-31.434;442.11;191.5;250.6;19.7;2.4799;0;293.71;118.47;74.597;0;5.5151;492.29;0;492.29;293.71;74.597;118.47;5.5151;0.5966;0.2519;0;0.0112;481.8;10.488;0;0;5.6435;4.8446;472.66;8.1852;3.5229;0.8948;3.6566;0.1109;480.84;0.9636;0.5874;0.1492;0.2257;0.0013;474.25;289.6;73.553;108.95;0.5584;242.01;200.87;66.762;2.1097;2.3152;33.304;1.598;33.509;0;1;0;0;1.1135;0.9787;1;1;0.9524;0.1216;0.983;0.988;1;0.9675;0.8344;0.998;0.998;1;0.998;0.998;0.9601;0.9196;0.1012;1.401;1.4236;0.0086;0.0062;0.0911;0.0092;0.0327;0.0059;0;0;0.088;1.1313;0;0;0;0;0;0;0;0;0;0;0;0;0.0264;0.0051;1.2385;1.2385;0;43.073;43.073;23.373;0.0494;1224.6;1011.4;1;0.0192;0.0192;0;0;0;0;0;0;1.2193;1.1313;0;16.624;19.251;15.186;17.585;98.453;98.453;11.815;10.445;9.5408;1.3705;0.9037;0.116;0.0765;0.8075;78.875;0.7686;0
07/05/21 11:00;37.599;-7.3178;51.799;80.608;9.3919;-90;-9.3919;623;106.7;516.3;22.06;3.2799;0;523.32;39.105;68.243;0;0.7098;631.37;0;631.37;523.32;68.243;39.105;0.7098;0.8289;0.0631;0;0.0011;630.53;0.8433;0;0;0.2538;0.5896;618.84;10.426;7.7845;1.0151;1.5992;0.0269;629.27;1.2611;1.0466;0.1365;0.0777;0.0002;618.97;514.48;67.092;37.174;0.0931;364.32;302.38;98.83;0.009;3.3882;48.738;0.1318;52.117;0;1;0;0;1.0134;0.9987;1;1;0.9935;0.1694;0.9834;0.9851;1;0.9588;0.7756;0.998;0.998;1;0.998;0.998;0.9802;0.9506;0.1312;1.7968;1.8686;0.0113;0.0009;0.1841;0.0117;0.0415;0.0083;0;0;0.088;1.4568;0;0;0;0;0;0;0;0;0;0;0;0;0.0334;0.0084;1.569;1.569;0;52.875;52.875;30.815;0.0498;1608.1;975.69;1;0.0241;0.0241;0;0;0;0;0;0;1.5448;1.4568;0;16.421;19.015;15.247;17.656;98.461;98.461;15.153;13.231;12.286;1.9216;0.9457;0.1268;0.0624;0.8108;23.407;0.7665;0
07/05/21 12:00;37.228;10.764;51.465;76.19;13.81;90;13.81;601.9;119.6;482.3;23.44;3.63;0;496.65;47.8;73.218;0;1.4789;619.15;0;619.15;496.65;73.218;47.8;1.4789;0.8022;0.0796;0;0.0024;617.33;1.8258;0;0;0.5945;1.2314;606.01;10.082;7.1591;1.0554;1.8118;0.0556;616.09;1.2347;0.9933;0.1464;0.0944;0.0005;606.33;488.5;72.016;45.299;0.1914;348.55;289.29;95.29;0.0463;3.196;45.973;0.3262;49.123;0;1;0;0;1.0287;0.9971;1;1;0.9876;0.1674;0.9836;0.9856;1;0.9615;0.7749;0.998;0.998;1;0.998;0.998;0.9788;0.9477;0.1294;1.7621;1.8269;0.011;0.0013;0.1852;0.0114;0.0405;0.0078;0;0;0.088;1.4178;0;0;0;0;0;0;0;0;0;0;0;0;0.0326;0.008;1.5291;1.5291;0;53.638;53.638;30.197;0.0498;1572.4;972.48;1;0.0233;0.0233;0;0;0;0;0;0;1.5058;1.4178;0;16.32;18.898;15.132;17.522;98.474;98.474;14.86;12.895;11.957;1.9641;0.9389;0.1322;0.0632;0.8046;28.969;0.7623;0
07/05/21 13:00;33.173;27.632;47.864;54.646;35.354;90;35.354;549.61;114.3;435.31;24.3;3.7401;0;533.73;42.205;83.141;0;8.6151;667.69;0;667.69;533.73;83.141;42.205;8.6151;0.7994;0.0761;0;0.0129;657.52;10.174;0;0;2.4275;7.7466;647.73;8.4715;6.117;0.9529;1.282;0.1197;656.2;1.315;1.0675;0.1663;0.0796;0.0017;650.13;526.55;82.021;38.416;0.747;278.95;231.53;78.157;1.1277;2.5055;36.04;2.4022;37.418;0;1;0;0;1.2149;0.9848;1;1;0.9425;0.1008;0.9871;0.9885;1;0.9677;0.8619;0.998;0.998;1;0.998;0.998;0.9701;0.9102;0.0867;1.9002;1.9323;0.0116;0.0003;0.2166;0.0119;0.0423;0.006;0;0;0.088;1.488;0;0;0;0;0;0;0;0;0;0;0;0;0.0341;0.009;1.6005;1.6005;0;56.65;56.65;32.35;0.0499;1665.8;960.81;1;0.0245;0.0245;0;0;0;0;0;0;1.576;1.488;0;15.839;18.342;14.726;17.053;98.471;98.471;16.025;13.497;12.549;2.5276;0.9485;0.1577;0.0592;0.7831;28.938;0.7527;0
07/05/21 14:00;26.145;42.049;41.805;36.237;53.763;90;53.763;423.61;120.8;302.81;24.2;3.71;0;512.25;46.855;104.72;0;14.722;678.55;0;678.55;512.25;104.72;46.855;14.722;0.7549;0.0907;0;0.0217;659.74;18.809;0;0;5.0237;13.786;652.08;6.3418;4.0593;0.8298;1.4127;0.04;658.42;1.3195;1.0245;0.2094;0.0837;0.0019;655.36;507.17;103.68;40.335;0.8945;149.6;124.17;40.48;5.313;1.743;25.072;3.2758;21.502;0;1;0;0;1.6018;0.9723;1;1;0.8928;0.0636;0.9904;0.9921;1;0.9662;0.9572;0.998;0.998;1;0.998;0.998;0.961;0.8608;0.0608;1.9311;1.9253;0.0116;0.0003;0.2167;0.0119;0.0421;0.0042;0;0;0.088;1.4832;0;0;0;0;0;0;0;0;0;0;0;0;0.0339;0.0089;1.5956;1.5956;0;56.77;56.77;32.57;0.0499;1660.7;960.84;1;0.0244;0.0244;0;0;0;0;0;0;1.5712;1.4832;0;15.539;17.993;14.444;16.726;98.472;98.472;16.285;13.456;12.508;2.8292;0.9477;0.1737;0.0582;0.7681;38.031;0.7474;0
07/05/21 15:00;17.016;53.97;44.787;20.728;38.408;90;38.408;258.4;120.1;138.3;23.9;2.7099;0;335.42;69.36;102.65;0;4.7529;512.19;0;512.19;335.42;102.65;69.36;4.7529;0.6549;0.1447;0;0.0093;503.32;8.8707;0;0;4.539;4.3317;495.94;6.3707;3.2418;0.9921;2.0909;0.0459;502.31;1.0066;0.6708;0.2053;0.1296;0.0008;496.47;331.51;101.46;62.6;0.3745;49.631;41.194;13.946;2.4588;0.59;8.4865;0.5298;6.6177;0;1;0;0;1.9821;0.9827;1;1;0.9346;0.0886;0.9873;0.9903;1;0.9677;0.8909;0.998;0.998;1;0.998;0.998;0.9683;0.9025;0.0788;1.4576;1.4374;0.0087;0.006;0.1202;0.0091;0.0323;0.0015;0;0;0.088;1.1218;0;0;0;0;0;0;0;0;0;0;0;0;0.026;0.0052;1.2285;1.2285;0;48.53;48.53;24.629;0.0497;1239;991.49;1;0.0187;0.0187;0;0;0;0;0;0;1.2098;1.1218;0;15.849;18.353;14.473;16.759;98.478;98.478;12.293;10.36;9.4602;1.9326;0.8998;0.1572;0.0732;0.7696;48.746;0.7602;0
07/05/21 16:00;6.5034;63.955;74.056;7.2311;10.544;90;10.544;30.2;29.801;0.3997;22.83;2.3999;0;0.9694;29.471;0.1902;0;0.0433;30.674;0;30.674;0.9694;0.1902;29.471;0.0433;0.0316;0.9622;0;0.0014;30.405;0.269;0;0;0.2329;0.0361;28.966;1.3782;0.1619;0.0318;1.1829;0.0016;30.345;0.0608;0.0019;0.0004;0.0585;0;28.974;0.8056;0.1581;27.997;0.0056;17.693;14.685;4.5957;0.0105;0.1784;2.5669;0.0076;2.7349;0;1;0;0;1.0157;0.9912;1;1;0.9921;0.1679;0.9546;0.8327;1;0.9595;0.7748;0.998;0.998;1;0.998;0.998;0.9443;0.95;0.1298;0.0873;0.088;0.0005;0.0104;-0.0002;0.0005;0.0019;0.0004;0;0;0.088;-0.0189;0;0;0;0;0;0;0;0;0;0;0;0;0.0015;0.0001;0.0728;0.0728;0;24.279;24.279;1.4491;0.05;73.698;987.79;1;0.0037;0.0037;0;0;0;0;0;0;0.0691;-0.0189;0;15.682;18.16;-4.0612;-4.7028;94.985;94.985;0.7362;0.6139;-0.159;0.1223;0.7729;0.1661;1.0499;0;17.69;0;0
07/05/21 17:00;0.5112;68.724;88.76;0.5485;0.7819;90;0.7819;0;0;0;19.3;2.3899;0;0;0;0;0;0;0;0;0;0;0;0;0;1;1;1;1;0;0;0;0;0;0;0;0;0;0;0;0;0;0;0;0;0;0;0;0;0;0;0;0;0;0;0;0;0;0;0;0;0;0;0;1;1;1;1;1;1;1;1;1;1;1;1;1;1;1;1;1;1;1;0;0;0;0;0;0;0;0;0;0.0004;0.088;-0.0884;0;0;0;0;0;0;0;0;0;0;0;0;0;0;0;0;0;0;0;-19.3;0;0;0;0;0.0004;0;0;0;0;0;0;0;-0.0004;-0.0884;0;0;0;0;0;0;0;0;0;-0.7452;0;0.7452;1;1;0;0;0;0
07/05/21 18:00;0;0;90;0;0;90;0;0;0;0;16.24;2.2301;0;0;0;0;0;0;0;0;0;0;0;0;0;1;1;1;1;0;0;0;0;0;0;0;0;0;0;0;0;0;0;0;0;0;0;0;0;0;0;0;0;0;0;0;0;0;0;0;0;0;0;0;1;1;1;1;1;1;1;1;1;1;1;1;1;1;1;1;1;1;1;0;0;0;0;0;0;0;0;0;0.0004;0.088;-0.0884;0;0;0;0;0;0;0;0;0;0;0;0;0;0;0;0;0;0;0;-16.24;0;0;0;0;0.0004;0;0;0;0;0;0;0;-0.0004;-0.0884;0;0;0;0;0;0;0;0;0;-0.7452;0;0.7452;1;1;0;0;0;0
07/05/21 19:00;0;0;90;0;0;90;0;0;0;0;14.8;2.02;0;0;0;0;0;0;0;0;0;0;0;0;0;1;1;1;1;0;0;0;0;0;0;0;0;0;0;0;0;0;0;0;0;0;0;0;0;0;0;0;0;0;0;0;0;0;0;0;0;0;0;0;1;1;1;1;1;1;1;1;1;1;1;1;1;1;1;1;1;1;1;0;0;0;0;0;0;0;0;0;0.0004;0.088;-0.0884;0;0;0;0;0;0;0;0;0;0;0;0;0;0;0;0;0;0;0;-14.8;0;0;0;0;0.0004;0;0;0;0;0;0;0;-0.0004;-0.0884;0;0;0;0;0;0;0;0;0;-0.7452;0;0.7452;1;1;0;0;0;0
07/05/21 20:00;0;0;90;0;0;90;0;0;0;0;13.98;1.7501;0;0;0;0;0;0;0;0;0;0;0;0;0;1;1;1;1;0;0;0;0;0;0;0;0;0;0;0;0;0;0;0;0;0;0;0;0;0;0;0;0;0;0;0;0;0;0;0;0;0;0;0;1;1;1;1;1;1;1;1;1;1;1;1;1;1;1;1;1;1;1;0;0;0;0;0;0;0;0;0;0.0004;0.088;-0.0884;0;0;0;0;0;0;0;0;0;0;0;0;0;0;0;0;0;0;0;-13.98;0;0;0;0;0.0004;0;0;0;0;0;0;0;-0.0004;-0.0884;0;0;0;0;0;0;0;0;0;-0.7452;0;0.7452;1;1;0;0;0;0
07/05/21 21:00;0;0;90;0;0;90;0;0;0;0;12.63;1.48;0;0;0;0;0;0;0;0;0;0;0;0;0;1;1;1;1;0;0;0;0;0;0;0;0;0;0;0;0;0;0;0;0;0;0;0;0;0;0;0;0;0;0;0;0;0;0;0;0;0;0;0;1;1;1;1;1;1;1;1;1;1;1;1;1;1;1;1;1;1;1;0;0;0;0;0;0;0;0;0;0.0004;0.088;-0.0884;0;0;0;0;0;0;0;0;0;0;0;0;0;0;0;0;0;0;0;-12.63;0;0;0;0;0.0004;0;0;0;0;0;0;0;-0.0004;-0.0884;0;0;0;0;0;0;0;0;0;-0.7452;0;0.7452;1;1;0;0;0;0
07/05/21 22:00;0;0;90;0;0;90;0;0;0;0;12.1;1.3401;0;0;0;0;0;0;0;0;0;0;0;0;0;1;1;1;1;0;0;0;0;0;0;0;0;0;0;0;0;0;0;0;0;0;0;0;0;0;0;0;0;0;0;0;0;0;0;0;0;0;0;0;1;1;1;1;1;1;1;1;1;1;1;1;1;1;1;1;1;1;1;0;0;0;0;0;0;0;0;0;0.0004;0.088;-0.0884;0;0;0;0;0;0;0;0;0;0;0;0;0;0;0;0;0;0;0;-12.1;0;0;0;0;0.0004;0;0;0;0;0;0;0;-0.0004;-0.0884;0;0;0;0;0;0;0;0;0;-0.7452;0;0.7452;1;1;0;0;0;0
07/05/21 23:00;0;0;90;0;0;90;0;0;0;0;11.84;1.9101;0;0;0;0;0;0;0;0;0;0;0;0;0;1;1;1;1;0;0;0;0;0;0;0;0;0;0;0;0;0;0;0;0;0;0;0;0;0;0;0;0;0;0;0;0;0;0;0;0;0;0;0;1;1;1;1;1;1;1;1;1;1;1;1;1;1;1;1;1;1;1;0;0;0;0;0;0;0;0;0;0.0004;0.088;-0.0884;0;0;0;0;0;0;0;0;0;0;0;0;0;0;0;0;0;0;0;-11.84;0;0;0;0;0.0004;0;0;0;0;0;0;0;-0.0004;-0.0884;0;0;0;0;0;0;0;0;0;-0.7452;0;0.7452;1;1;0;0;0;0
08/05/21 00:00;0;0;90;0;0;90;0;0;0;0;11.6;2.36;0;0;0;0;0;0;0;0;0;0;0;0;0;1;1;1;1;0;0;0;0;0;0;0;0;0;0;0;0;0;0;0;0;0;0;0;0;0;0;0;0;0;0;0;0;0;0;0;0;0;0;0;1;1;1;1;1;1;1;1;1;1;1;1;1;1;1;1;1;1;1;0;0;0;0;0;0;0;0;0;0.0004;0.088;-0.0884;0;0;0;0;0;0;0;0;0;0;0;0;0;0;0;0;0;0;0;-11.6;0;0;0;0;0.0004;0;0;0;0;0;0;0;-0.0004;-0.0884;0;0;0;0;0;0;0;0;0;-0.7452;0;0.7452;1;1;0;0;0;0
08/05/21 01:00;0;0;90;0;0;90;0;0;0;0;11.3;2.2399;0;0;0;0;0;0;0;0;0;0;0;0;0;1;1;1;1;0;0;0;0;0;0;0;0;0;0;0;0;0;0;0;0;0;0;0;0;0;0;0;0;0;0;0;0;0;0;0;0;0;0;0;1;1;1;1;1;1;1;1;1;1;1;1;1;1;1;1;1;1;1;0;0;0;0;0;0;0;0;0;0.0004;0.088;-0.0884;0;0;0;0;0;0;0;0;0;0;0;0;0;0;0;0;0;0;0;-11.3;0;0;0;0;0.0004;0;0;0;0;0;0;0;-0.0004;-0.0884;0;0;0;0;0;0;0;0;0;-0.7452;0;0.7452;1;1;0;0;0;0
08/05/21 02:00;0;0;90;0;0;90;0;0;0;0;11.9;2.0701;0;0;0;0;0;0;0;0;0;0;0;0;0;1;1;1;1;0;0;0;0;0;0;0;0;0;0;0;0;0;0;0;0;0;0;0;0;0;0;0;0;0;0;0;0;0;0;0;0;0;0;0;1;1;1;1;1;1;1;1;1;1;1;1;1;1;1;1;1;1;1;0;0;0;0;0;0;0;0;0;0.0004;0.088;-0.0884;0;0;0;0;0;0;0;0;0;0;0;0;0;0;0;0;0;0;0;-11.9;0;0;0;0;0.0004;0;0;0;0;0;0;0;-0.0004;-0.0884;0;0;0;0;0;0;0;0;0;-0.7452;0;0.7452;1;1;0;0;0;0
08/05/21 03:00;0;0;90;0;0;90;0;0;0;0;11.8;1.94;0;0;0;0;0;0;0;0;0;0;0;0;0;1;1;1;1;0;0;0;0;0;0;0;0;0;0;0;0;0;0;0;0;0;0;0;0;0;0;0;0;0;0;0;0;0;0;0;0;0;0;0;1;1;1;1;1;1;1;1;1;1;1;1;1;1;1;1;1;1;1;0;0;0;0;0;0;0;0;0;0.0004;0.088;-0.0884;0;0;0;0;0;0;0;0;0;0;0;0;0;0;0;0;0;0;0;-11.8;0;0;0;0;0.0004;0;0;0;0;0;0;0;-0.0004;-0.0884;0;0;0;0;0;0;0;0;0;-0.7452;0;0.7452;1;1;0;0;0;0
08/05/21 04:00;0;0;90;0;0;90;0;0;0;0;10.6;1.2799;0;0;0;0;0;0;0;0;0;0;0;0;0;1;1;1;1;0;0;0;0;0;0;0;0;0;0;0;0;0;0;0;0;0;0;0;0;0;0;0;0;0;0;0;0;0;0;0;0;0;0;0;1;1;1;1;1;1;1;1;1;1;1;1;1;1;1;1;1;1;1;0;0;0;0;0;0;0;0;0;0.0004;0.088;-0.0884;0;0;0;0;0;0;0;0;0;0;0;0;0;0;0;0;0;0;0;-10.6;0;0;0;0;0.0004;0;0;0;0;0;0;0;-0.0004;-0.0884;0;0;0;0;0;0;0;0;0;-0.7452;0;0.7452;1;1;0;0;0;0
08/05/21 05:00;0;0;90;0;0;90;0;0;0;0;10.2;1.06;0;0;0;0;0;0;0;0;0;0;0;0;0;1;1;1;1;0;0;0;0;0;0;0;0;0;0;0;0;0;0;0;0;0;0;0;0;0;0;0;0;0;0;0;0;0;0;0;0;0;0;0;1;1;1;1;1;1;1;1;1;1;1;1;1;1;1;1;1;1;1;0;0;0;0;0;0;0;0;0;0.0004;0.088;-0.0884;0;0;0;0;0;0;0;0;0;0;0;0;0;0;0;0;0;0;0;-10.2;0;0;0;0;0.0004;0;0;0;0;0;0;0;-0.0004;-0.0884;0;0;0;0;0;0;0;0;0;-0.7452;0;0.7452;1;1;0;0;0;0
08/05/21 06:00;1.6001;-67.549;86.117;1.7313;2.4707;-90;-2.4707;0;0;0;8.9603;0.8899;0;0;0;0;0;0;0;0;0;0;0;0;0;1;1;1;1;0;0;0;0;0;0;0;0;0;0;0;0;0;0;0;0;0;0;0;0;0;0;0;0;0;0;0;0;0;0;0;0;0;0;0;1;1;1;1;1;1;1;1;1;1;1;1;1;1;1;1;1;1;1;0;0;0;0;0;0;0;0;0;0.0004;0.088;-0.0884;0;0;0;0;0;0;0;0;0;0;0;0;0;0;0;0;0;0;0;-8.9603;0;0;0;0;0.0004;0;0;0;0;0;0;0;-0.0004;-0.0884;0;0;0;0;0;0;0;0;0;-0.7452;0;0.7452;1;1;0;0;0;0
08/05/21 07:00;8.4413;-61.935;69.144;9.5467;14.171;-90;-14.171;67.609;48.998;18.611;10.45;1.3599;0;45.137;43.689;11.24;0;0.1749;100.24;0;100.24;45.137;11.24;43.689;0.1749;0.4503;0.4376;0;0.0017;99.53;0.7107;0;0;0.5655;0.1452;92.134;7.1973;4.4398;1.1056;1.6452;0.0066;99.331;0.1991;0.0903;0.0225;0.0862;0.0001;92.158;40.607;10.112;41.392;0.023;26.624;22.098;6.9689;0.0462;0.267;3.8411;0.0246;4.062;0;1;0;0;1.4826;0.9929;1;1;0.9871;0.1697;0.9275;0.9014;1;0.9618;0.7759;0.998;0.998;1;0.998;0.998;0.9191;0.9474;0.1314;0.2853;0.2714;0.0016;0.0161;-0.0099;0.0018;0.0065;0.0007;0;0;0.088;0.1538;0;0;0;0;0;0;0;0;0;0;0;0;0.0053;0.0003;0.2488;0.2488;0;14.959;14.959;4.5087;0.0489;231.03;1077.1;1;0.007;0.007;0;0;0;0;0;0;0.2418;0.1538;0;16.403;18.994;10.142;11.744;97.194;97.194;2.4058;2.0984;1.2974;0.3074;0.801;0.1278;0.3329;0.5393;26.51;0.5242;0
08/05/21 08:00;18.708;-51.643;38.931;23.357;50.7;-90;-50.7;358.21;59.103;299.1;13.03;1.8201;0;725.41;14.688;99.723;0;11.162;850.98;0;850.98;725.41;99.723;14.688;11.162;0.8524;0.0304;0;0.0131;839.16;11.821;0;0;1.4415;10.379;831.86;5.6272;4.5315;0.623;0.4402;0.0325;837.48;1.6783;1.4508;0.1994;0.0265;0.0016;832.2;719.43;98.901;12.78;0.7493;13.217;10.97;3.6024;1.3585;0.2101;3.022;0.3462;1.8736;0;1;0;0;2.3757;0.9861;1;1;0.9019;0.0702;0.9933;0.9937;1;0.9667;0.9584;0.998;0.998;1;0.998;0.998;0.9775;0.8701;0.0671;2.4218;2.3871;0.0144;-0.002;0.2475;0.0149;0.0528;0.0005;0;0;0.088;1.8828;0;0;0;0;0;0;0;0;0;0;0;0;0.0425;0.0134;2.0031;2.0031;0;54.48;54.48;41.45;0.0498;2061.3;971.75;1;0.0323;0.0323;0;0;0;0;0;0;1.9708;1.8828;0;15.554;18.011;14.62;16.93;98.388;98.388;20.424;16.892;15.878;3.5314;1.0145;0.1729;0.0497;0.7774;11.55;0.7754;0
08/05/21 09:00;27.466;-39.3;43.363;39.376;50.624;-90;-50.624;200.31;182.6;17.705;15.99;2.73;0;27.908;144.95;8.243;0;6.2246;187.33;0;187.33;27.908;8.243;144.95;6.2246;0.149;0.807;0;0.0332;167.34;19.982;0;0;14.195;5.7874;162.33;4.681;0.2465;0.0728;4.3435;0.0182;167.01;0.3347;0.0558;0.0165;0.2615;0.0009;164.68;27.605;8.1537;126.15;0.4181;122;101.26;36.204;13.311;1.7974;25.855;2.3557;14.342;0;1;0;0;0.9352;0.8933;1;1;0.9021;0.0702;0.972;0.9911;1;0.9667;0.9583;0.998;0.998;1;0.998;0.998;0.8666;0.8703;0.0672;0.5331;0.523;0.0031;0.0171;-0.002;0.0035;0.0125;0.0047;0;0;0.088;0.3759;0;0;0;0;0;0;0;0;0;0;0;0;0.0101;0.0009;0.4729;0.4729;0;23.951;23.951;7.9606;0.049;445.91;1060.6;1;0.0091;0.0091;0;0;0;0;0;0;0.4639;0.3759;0;16.682;19.318;13.258;15.353;98.082;98.082;4.4958;3.9882;3.1696;0.5076;0.8186;0.1129;0.1821;0.705;113.89;0.639;0
08/05/21 10:00;33.963;-24.424;49.04;58.456;31.544;-90;-31.544;534.51;106.1;428.41;18.56;3.4101;0;502.69;42.045;71.224;0;6.7134;622.67;0;622.67;502.69;71.224;42.045;6.7134;0.8073;0.0783;0;0.0108;614.75;7.9142;0;0;2.014;5.9002;605.12;8.4024;6.1064;0.8652;1.297;0.1338;613.52;1.2295;1.0054;0.1424;0.0801;0.0016;606.94;495.57;70.216;38.654;0.6777;281.64;233.76;79.394;0.759;2.4738;35.584;1.8176;37.299;0;1;0;0;1.1649;0.9873;1;1;0.9521;0.1211;0.9863;0.9878;1;0.9675;0.8351;0.998;0.998;1;0.998;0.998;0.9718;0.9193;0.1009;1.7721;1.8078;0.0109;0.0015;0.1504;0.0115;0.0408;0.0061;0;0;0.088;1.4337;0;0;0;0;0;0;0;0;0;0;0;0;0.0329;0.0079;1.5458;1.5458;0;48.588;48.588;30.028;0.0496;1554.6;994.29;1;0.024;0.024;0;0;0;0;0;0;1.5217;1.4337;0;16.404;18.996;15.215;17.619;98.445;98.445;14.944;13.036;12.091;1.9084;0.9448;0.1277;0.0632;0.8091;28.014;0.7759;0
08/05/21 11:00;37.331;-7.2636;52.07;80.587;9.4132;-90;-9.4132;189.29;185;4.2931;18.98;3.47;0;4.3517;182.78;0.9904;0;0.2167;188.34;0;188.34;4.3517;0.9904;182.78;0.2167;0.0231;0.9716;0;0.0012;186.97;1.3706;0;0;1.1907;0.1799;179.03;7.562;0.0665;0.0151;7.4722;0.0082;186.6;0.3739;0.0087;0.002;0.3632;0.0001;179.07;4.2766;0.9733;173.76;0.0284;112.49;93.367;29.219;0.0419;1.133;16.298;0.0356;17.39;0;1;0;0;0.995;0.9927;1;1;0.9935;0.1695;0.9595;0.9847;1;0.9588;0.7756;0.998;0.998;1;0.998;0.998;0.9506;0.9506;0.1312;0.536;0.545;0.0033;0.017;0.0055;0.0036;0.0129;0.0029;0;0;0.088;0.3913;0;0;0;0;0;0;0;0;0;0;0;0;0.0104;0.0009;0.4884;0.4884;0;27.78;27.78;8.8005;0.0492;465.79;1048.6;1;0.0091;0.0091;0;0;0;0;0;0;0.4793;0.3913;0;17.137;19.844;13.73;15.898;98.133;98.133;4.5202;4.119;3.3;0.4011;0.819;0.0887;0.1812;0.7301;109.41;0.6856;0
08/05/21 12:00;36.958;10.727;51.731;76.105;13.895;90;13.895;604.3;115.2;489.1;20.5;3.37;0;503.85;44.619;72.024;0;1.503;621.99;0;621.99;503.85;72.024;44.619;1.503;0.8101;0.0742;0;0.0024;620.18;1.8121;0;0;0.5607;1.2515;608.68;10.256;7.4468;1.0645;1.6886;0.0565;618.94;1.2404;1.0077;0.144;0.0881;0.0005;609.02;495.39;70.816;42.282;0.1945;349.79;290.32;95.661;0.0442;3.2052;46.105;0.3322;49.266;0;1;0;0;1.0293;0.9971;1;1;0.9874;0.1674;0.9834;0.9852;1;0.9616;0.7749;0.998;0.998;1;0.998;0.998;0.9786;0.9476;0.1294;1.7701;1.8348;0.0111;0.0012;0.1669;0.0116;0.0411;0.0079;0;0;0.088;1.4418;0;0;0;0;0;0;0;0;0;0;0;0;0.0331;0.0081;1.5539;1.5539;0;50.758;50.758;30.258;0.0497;1578;984.68;1;0.024;0.024;0;0;0;0;0;0;1.5298;1.4418;0;16.508;19.116;15.318;17.738;98.454;98.454;14.928;13.104;12.159;1.8239;0.9447;0.1222;0.0633;0.8145;27.049;0.7717;0
08/05/21 13:00;32.919;27.519;48.113;54.485;35.515;90;35.515;394.4;239.3;155.11;20.88;3.31;0;190.56;170.82;62.6;0;6.2367;430.22;0;430.22;190.56;62.6;170.82;6.2367;0.4429;0.4116;0;0.0145;414.71;15.507;0;0;9.8953;5.6122;405.67;8.2096;2.2117;0.7266;5.1862;0.0852;413.88;0.8294;0.3811;0.1252;0.3219;0.0012;407.57;187.96;61.748;155.42;0.5381;219.46;182.15;61.501;4.6284;2.2137;31.843;1.8991;29.429;0;1;0;0;1.0908;0.964;1;1;0.9421;0.1001;0.9802;0.9884;1;0.9677;0.8633;0.998;0.998;1;0.998;0.998;0.9429;0.9098;0.0863;1.2244;1.2299;0.0074;0.0089;0.0696;0.008;0.0284;0.0056;0;0;0.088;0.9703;0;0;0;0;0;0;0;0;0;0;0;0;0.0229;0.0039;1.0752;1.0752;0;40.921;40.921;20.041;0.0494;1057.4;1016.8;1;0.0168;0.0168;0;0;0;0;0;0;1.0583;0.9703;0;16.514;19.123;14.904;17.258;98.434;98.434;10.325;9.0669;8.1828;1.2583;0.8841;0.1219;0.0856;0.7925;117.27;0.7509;0
08/05/21 14:00;25.914;41.889;42.035;36.044;53.956;90;53.956;361.19;174.2;186.99;22.01;3.05;0;317.8;94.187;94.507;0;12.637;519.13;0;519.13;317.8;94.507;94.187;12.637;0.6122;0.2058;0;0.0243;497.14;21.985;0;0;10.151;11.834;489.95;6.1985;2.5611;0.7616;2.8413;0.0345;496.15;0.9943;0.6356;0.189;0.1681;0.0016;493.29;314.6;93.556;81.026;0.7668;150.04;124.53;42.199;10.811;2.0006;28.777;3.3395;19.967;0;1;0;0;1.4373;0.9577;1;1;0.8922;0.0635;0.9875;0.9919;1;0.9661;0.9569;0.998;0.998;1;0.998;0.998;0.9438;0.8603;0.0607;1.4774;1.469;0.0088;0.0056;0.1109;0.0094;0.0334;0.005;0;0;0.088;1.1563;0;0;0;0;0;0;0;0;0;0;0;0;0.0269;0.0054;1.2637;1.2637;0;46.298;46.298;24.288;0.0496;1264.3;999.48;1;0.0193;0.0193;0;0;0;0;0;0;1.2443;1.1563;0;16.085;18.626;14.719;17.044;98.469;98.469;12.459;10.657;9.7514;1.8025;0.9052;0.1447;0.0727;0.7827;76.607;0.7515;0
08/05/21 15:00;16.811;53.784;45.46;20.529;37.738;90;37.738;94.098;92.203;1.8953;21.2;2.2399;0;4.5967;82.155;1.0933;0;1.6731;89.519;0;89.519;4.5967;1.0933;82.155;1.6731;0.0513;0.9364;0;0.0187;82.766;6.7523;0;0;5.2318;1.5205;80.046;2.5548;0.0462;0.011;2.48;0.0176;82.601;0.1655;0.0092;0.0022;0.1538;0.0003;80.614;4.5413;1.0801;74.29;0.1347;57.431;47.668;16.253;2.7411;0.6684;9.6145;0.568;7.5418;0;1;0;0;0.9513;0.9246;1;1;0.9363;0.0912;0.9691;0.9899;1;0.9677;0.8841;0.998;0.998;1;0.998;0.998;0.8942;0.9043;0.0805;0.2548;0.2499;0.0015;0.0158;0.0001;0.0016;0.0058;0.0017;0;0;0.088;0.1242;0;0;0;0;0;0;0;0;0;0;0;0;0.0046;0.0003;0.2184;0.2184;0;25.157;25.157;3.957;0.0494;212.42;1028.3;1;0.0063;0.0063;0;0;0;0;0;0;0.2122;0.1242;0;16.124;18.671;9.165;10.613;97.13;97.13;2.1484;1.842;1.047;0.3064;0.795;0.1426;0.37;0.4874;57.419;0.4511;0
08/05/21 16:00;6.3192;63.754;74.517;7.0387;10.25;90;10.25;31.509;30.998;0.5114;19.87;2.5;0;1.2402;30.644;0.2606;0;0.0427;32.188;0;32.188;1.2402;0.2606;30.644;0.0427;0.0385;0.9534;0;0.0013;31.921;0.2666;0;0;0.2311;0.0356;30.356;1.5012;0.2179;0.0458;1.2359;0.0016;31.857;0.0638;0.0025;0.0005;0.0608;0;30.363;1.0198;0.2143;29.116;0.0055;18.383;15.258;4.7735;0.0098;0.1854;2.6676;0.0073;2.8433;0;1;0;0;1.0215;0.9917;1;1;0.9925;0.1679;0.9529;0.824;1;0.9593;0.7749;0.998;0.998;1;0.998;0.998;0.9431;0.9501;0.1298;0.0916;0.0922;0.0006;0.0107;-0.0012;0.0006;0.002;0.0005;0;0;0.088;-0.0144;0;0;0;0;0;0;0;0;0;0;0;0;0.0016;0.0001;0.0774;0.0774;0;21.384;21.384;1.5139;0.0499;77.244;1002.4;1;0.0038;0.0038;0;0;0;0;0;0;0.0736;-0.0144;0;15.895;18.407;-2.9587;-3.4261;95.042;95.042;0.7725;0.6529;-0.1215;0.1196;0.7745;0.1548;1.0026;0;18.38;0;0
08/05/21 17:00;0.3364;68.516;89.184;0.3615;0.5152;90;0.5152;0;0;0;16.17;2.59;0;0;0;0;0;0;0;0;0;0;0;0;0;1;1;1;1;0;0;0;0;0;0;0;0;0;0;0;0;0;0;0;0;0;0;0;0;0;0;0;0;0;0;0;0;0;0;0;0;0;0;0;1;1;1;1;1;1;1;1;1;1;1;1;1;1;1;1;1;1;1;0;0;0;0;0;0;0;0;0;0.0004;0.088;-0.0884;0;0;0;0;0;0;0;0;0;0;0;0;0;0;0;0;0;0;0;-16.17;0;0;0;0;0.0004;0;0;0;0;0;0;0;-0.0004;-0.0884;0;0;0;0;0;0;0;0;0;-0.7452;0;0.7452;1;1;0;0;0;0
08/05/21 18:00;0;0;90;0;0;90;0;0;0;0;16.13;2.59;0;0;0;0;0;0;0;0;0;0;0;0;0;1;1;1;1;0;0;0;0;0;0;0;0;0;0;0;0;0;0;0;0;0;0;0;0;0;0;0;0;0;0;0;0;0;0;0;0;0;0;0;1;1;1;1;1;1;1;1;1;1;1;1;1;1;1;1;1;1;1;0;0;0;0;0;0;0;0;0;0.0004;0.088;-0.0884;0;0;0;0;0;0;0;0;0;0;0;0;0;0;0;0;0;0;0;-16.13;0;0;0;0;0.0004;0;0;0;0;0;0;0;-0.0004;-0.0884;0;0;0;0;0;0;0;0;0;-0.7452;0;0.7452;1;1;0;0;0;0
08/05/21 19:00;0;0;90;0;0;90;0;0;0;0;16.96;2.5401;0;0;0;0;0;0;0;0;0;0;0;0;0;1;1;1;1;0;0;0;0;0;0;0;0;0;0;0;0;0;0;0;0;0;0;0;0;0;0;0;0;0;0;0;0;0;0;0;0;0;0;0;1;1;1;1;1;1;1;1;1;1;1;1;1;1;1;1;1;1;1;0;0;0;0;0;0;0;0;0;0.0004;0.088;-0.0884;0;0;0;0;0;0;0;0;0;0;0;0;0;0;0;0;0;0;0;-16.96;0;0;0;0;0.0004;0;0;0;0;0;0;0;-0.0004;-0.0884;0;0;0;0;0;0;0;0;0;-0.7452;0;0.7452;1;1;0;0;0;0
08/05/21 20:00;0;0;90;0;0;90;0;0;0;0;16.88;2.42;0;0;0;0;0;0;0;0;0;0;0;0;0;1;1;1;1;0;0;0;0;0;0;0;0;0;0;0;0;0;0;0;0;0;0;0;0;0;0;0;0;0;0;0;0;0;0;0;0;0;0;0;1;1;1;1;1;1;1;1;1;1;1;1;1;1;1;1;1;1;1;0;0;0;0;0;0;0;0;0;0.0004;0.088;-0.0884;0;0;0;0;0;0;0;0;0;0;0;0;0;0;0;0;0;0;0;-16.88;0;0;0;0;0.0004;0;0;0;0;0;0;0;-0.0004;-0.0884;0;0;0;0;0;0;0;0;0;-0.7452;0;0.7452;1;1;0;0;0;0
08/05/21 21:00;0;0;90;0;0;90;0;0;0;0;16.2;2.2301;0;0;0;0;0;0;0;0;0;0;0;0;0;1;1;1;1;0;0;0;0;0;0;0;0;0;0;0;0;0;0;0;0;0;0;0;0;0;0;0;0;0;0;0;0;0;0;0;0;0;0;0;1;1;1;1;1;1;1;1;1;1;1;1;1;1;1;1;1;1;1;0;0;0;0;0;0;0;0;0;0.0004;0.088;-0.0884;0;0;0;0;0;0;0;0;0;0;0;0;0;0;0;0;0;0;0;-16.2;0;0;0;0;0.0004;0;0;0;0;0;0;0;-0.0004;-0.0884;0;0;0;0;0;0;0;0;0;-0.7452;0;0.7452;1;1;0;0;0;0
08/05/21 22:00;0;0;90;0;0;90;0;0;0;0;15.7;2.05;0;0;0;0;0;0;0;0;0;0;0;0;0;1;1;1;1;0;0;0;0;0;0;0;0;0;0;0;0;0;0;0;0;0;0;0;0;0;0;0;0;0;0;0;0;0;0;0;0;0;0;0;1;1;1;1;1;1;1;1;1;1;1;1;1;1;1;1;1;1;1;0;0;0;0;0;0;0;0;0;0.0004;0.088;-0.0884;0;0;0;0;0;0;0;0;0;0;0;0;0;0;0;0;0;0;0;-15.7;0;0;0;0;0.0004;0;0;0;0;0;0;0;-0.0004;-0.0884;0;0;0;0;0;0;0;0;0;-0.7452;0;0.7452;1;1;0;0;0;0
08/05/21 23:00;0;0;90;0;0;90;0;0;0;0;15.19;1.89;0;0;0;0;0;0;0;0;0;0;0;0;0;1;1;1;1;0;0;0;0;0;0;0;0;0;0;0;0;0;0;0;0;0;0;0;0;0;0;0;0;0;0;0;0;0;0;0;0;0;0;0;1;1;1;1;1;1;1;1;1;1;1;1;1;1;1;1;1;1;1;0;0;0;0;0;0;0;0;0;0.0004;0.088;-0.0884;0;0;0;0;0;0;0;0;0;0;0;0;0;0;0;0;0;0;0;-15.19;0;0;0;0;0.0004;0;0;0;0;0;0;0;-0.0004;-0.0884;0;0;0;0;0;0;0;0;0;-0.7452;0;0.7452;1;1;0;0;0;0
09/05/21 00:00;0;0;90;0;0;90;0;0;0;0;14.4;1.7699;0;0;0;0;0;0;0;0;0;0;0;0;0;1;1;1;1;0;0;0;0;0;0;0;0;0;0;0;0;0;0;0;0;0;0;0;0;0;0;0;0;0;0;0;0;0;0;0;0;0;0;0;1;1;1;1;1;1;1;1;1;1;1;1;1;1;1;1;1;1;1;0;0;0;0;0;0;0;0;0;0.0004;0.088;-0.0884;0;0;0;0;0;0;0;0;0;0;0;0;0;0;0;0;0;0;0;-14.4;0;0;0;0;0.0004;0;0;0;0;0;0;0;-0.0004;-0.0884;0;0;0;0;0;0;0;0;0;-0.7452;0;0.7452;1;1;0;0;0;0
09/05/21 01:00;0;0;90;0;0;90;0;0;0;0;13.73;1.6899;0;0;0;0;0;0;0;0;0;0;0;0;0;1;1;1;1;0;0;0;0;0;0;0;0;0;0;0;0;0;0;0;0;0;0;0;0;0;0;0;0;0;0;0;0;0;0;0;0;0;0;0;1;1;1;1;1;1;1;1;1;1;1;1;1;1;1;1;1;1;1;0;0;0;0;0;0;0;0;0;0.0004;0.088;-0.0884;0;0;0;0;0;0;0;0;0;0;0;0;0;0;0;0;0;0;0;-13.73;0;0;0;0;0.0004;0;0;0;0;0;0;0;-0.0004;-0.0884;0;0;0;0;0;0;0;0;0;-0.7452;0;0.7452;1;1;0;0;0;0
09/05/21 02:00;0;0;90;0;0;90;0;0;0;0;12;1.5199;0;0;0;0;0;0;0;0;0;0;0;0;0;1;1;1;1;0;0;0;0;0;0;0;0;0;0;0;0;0;0;0;0;0;0;0;0;0;0;0;0;0;0;0;0;0;0;0;0;0;0;0;1;1;1;1;1;1;1;1;1;1;1;1;1;1;1;1;1;1;1;0;0;0;0;0;0;0;0;0;0.0004;0.088;-0.0884;0;0;0;0;0;0;0;0;0;0;0;0;0;0;0;0;0;0;0;-12;0;0;0;0;0.0004;0;0;0;0;0;0;0;-0.0004;-0.0884;0;0;0;0;0;0;0;0;0;-0.7452;0;0.7452;1;1;0;0;0;0
09/05/21 03:00;0;0;90;0;0;90;0;0;0;0;10.33;1.33;0;0;0;0;0;0;0;0;0;0;0;0;0;1;1;1;1;0;0;0;0;0;0;0;0;0;0;0;0;0;0;0;0;0;0;0;0;0;0;0;0;0;0;0;0;0;0;0;0;0;0;0;1;1;1;1;1;1;1;1;1;1;1;1;1;1;1;1;1;1;1;0;0;0;0;0;0;0;0;0;0.0004;0.088;-0.0884;0;0;0;0;0;0;0;0;0;0;0;0;0;0;0;0;0;0;0;-10.33;0;0;0;0;0.0004;0;0;0;0;0;0;0;-0.0004;-0.0884;0;0;0;0;0;0;0;0;0;-0.7452;0;0.7452;1;1;0;0;0;0
09/05/21 04:00;0;0;90;0;0;90;0;0;0;0;10.2;0.82;0;0;0;0;0;0;0;0;0;0;0;0;0;1;1;1;1;0;0;0;0;0;0;0;0;0;0;0;0;0;0;0;0;0;0;0;0;0;0;0;0;0;0;0;0;0;0;0;0;0;0;0;1;1;1;1;1;1;1;1;1;1;1;1;1;1;1;1;1;1;1;0;0;0;0;0;0;0;0;0;0.0004;0.088;-0.0884;0;0;0;0;0;0;0;0;0;0;0;0;0;0;0;0;0;0;0;-10.2;0;0;0;0;0.0004;0;0;0;0;0;0;0;-0.0004;-0.0884;0;0;0;0;0;0;0;0;0;-0.7452;0;0.7452;1;1;0;0;0;0
09/05/21 05:00;0;0;90;0;0;90;0;0;0;0;11.4;0.1401;0;0;0;0;0;0;0;0;0;0;0;0;0;1;1;1;1;0;0;0;0;0;0;0;0;0;0;0;0;0;0;0;0;0;0;0;0;0;0;0;0;0;0;0;0;0;0;0;0;0;0;0;1;1;1;1;1;1;1;1;1;1;1;1;1;1;1;1;1;1;1;0;0;0;0;0;0;0;0;0;0.0004;0.088;-0.0884;0;0;0;0;0;0;0;0;0;0;0;0;0;0;0;0;0;0;0;-11.4;0;0;0;0;0.0004;0;0;0;0;0;0;0;-0.0004;-0.0884;0;0;0;0;0;0;0;0;0;-0.7452;0;0.7452;1;1;0;0;0;0
09/05/21 06:00;1.4462;-67.331;86.491;1.5672;2.236;-90;-2.236;0;0;0;9.6497;0.98;0;0;0;0;0;0;0;0;0;0;0;0;0;1;1;1;1;0;0;0;0;0;0;0;0;0;0;0;0;0;0;0;0;0;0;0;0;0;0;0;0;0;0;0;0;0;0;0;0;0;0;0;1;1;1;1;1;1;1;1;1;1;1;1;1;1;1;1;1;1;1;0;0;0;0;0;0;0;0;0;0.0004;0.088;-0.0884;0;0;0;0;0;0;0;0;0;0;0;0;0;0;0;0;0;0;0;-9.6497;0;0;0;0;0.0004;0;0;0;0;0;0;0;-0.0004;-0.0884;0;0;0;0;0;0;0;0;0;-0.7452;0;0.7452;1;1;0;0;0;0
09/05/21 07:00;8.2753;-61.724;69.57;9.3778;13.9;-90;-13.9;109.2;18.299;90.899;9.31;2.0899;0;220.46;9.5316;20.921;0;0.2718;251.18;0;251.18;220.46;20.921;9.5316;0.2718;0.8777;0.039;0;0.0011;250.83;0.3451;0;0;0.1194;0.2257;225.07;25.265;22.737;2.1577;0.3607;0.0103;250.33;0.5017;0.4409;0.0418;0.0188;0.0001;225.07;197.28;18.722;9.0326;0.0357;6.266;5.2008;1.7101;0.0095;0.0582;0.8373;0.0051;0.8861;0;1;0;0;2.3002;0.9986;1;1;0.9875;0.1697;0.8991;0.8967;1;0.9616;0.7758;0.998;0.998;1;0.998;0.998;0.896;0.9476;0.1314;0.7148;0.6456;0.0039;0.0163;-0.0109;0.0045;0.0158;0.0002;0;0;0.088;0.503;0;0;0;0;0;0;0;0;0;0;0;0;0.0127;0.0012;0.6019;0.6019;0;20.284;20.284;10.974;0.0488;553.26;1087.9;1;0.0109;0.0109;0;0;0;0;0;0;0.591;0.503;0;15.834;18.336;13.234;15.324;98.196;98.196;6.0283;5.0759;4.2422;0.9525;0.8337;0.158;0.1383;0.7037;5.7784;0.702;0
09/05/21 08:00;18.518;-51.445;39.621;23.186;49.538;-90;-49.538;279.09;55.903;223.19;14.24;1.9101;0;541.29;21.916;71.114;0;8.3279;642.65;0;642.65;541.29;71.114;21.916;8.3279;0.8423;0.0471;0;0.013;632.84;9.8145;0;0;2.0797;7.7349;626.82;4.7537;3.5993;0.4729;0.6557;0.0258;631.57;1.2657;1.0826;0.1422;0.0397;0.0012;627.13;536.61;70.499;19.141;0.566;18.271;15.165;5.5784;1.8681;0.2509;3.6089;0.315;1.9917;0;1;0;0;2.3027;0.9847;1;1;0.9051;0.0712;0.9925;0.9933;1;0.9669;0.9564;0.998;0.998;1;0.998;0.998;0.9754;0.8734;0.068;1.8289;1.8015;0.0108;0.0015;0.1284;0.0116;0.0412;0.0006;0;0;0.088;1.4535;0;0;0;0;0;0;0;0;0;0;0;0;0.0332;0.0078;1.5662;1.5662;0;45.255;45.255;31.015;0.0495;1552.1;1009.1;1;0.0247;0.0247;0;0;0;0;0;0;1.5415;1.4535;0;16.104;18.648;14.945;17.306;98.423;98.423;15.424;13.208;12.257;2.2158;0.9504;0.1437;0.0616;0.7947;17.033;0.7914;0
09/05/21 09:00;27.249;-39.127;43.604;39.219;50.781;-90;-50.781;434.2;79.903;354.29;17.26;1.9199;0;560.34;27.547;72.99;0;13.571;674.45;0;674.45;560.34;72.99;27.547;13.571;0.8308;0.061;0;0.0201;659.12;15.33;0;0;2.7098;12.62;651.25;6.5488;5.0287;0.655;0.8257;0.0394;657.8;1.3182;1.1207;0.146;0.0497;0.0019;654.36;554.19;72.189;23.962;0.9102;162.27;134.68;43.024;2.5603;1.7399;25.028;3.112;24.207;0;1;0;0;1.5533;0.9773;1;1;0.9016;0.0701;0.99;0.991;1;0.9667;0.9585;0.998;0.998;1;0.998;0.998;0.9656;0.8699;0.0671;1.9194;1.9223;0.0116;0.0004;0.1666;0.0122;0.0433;0.0043;0;0;0.088;1.5265;0;0;0;0;0;0;0;0;0;0;0;0;0.0349;0.0088;1.6402;1.6402;0;49.596;49.596;32.336;0.0497;1655.3;990.88;1;0.0258;0.0258;0;0;0;0;0;0;1.6145;1.5265;0;16.07;18.609;14.956;17.318;98.428;98.428;16.187;13.832;12.873;2.3544;0.9595;0.1455;0.0593;0.7953;21.68;0.7738;0
09/05/21 10:00;33.718;-24.298;49.297;58.343;31.657;-90;-31.657;542.3;99.3;443;18.99;2.2499;0;520.44;37.164;69.488;0;6.8586;633.95;0;633.95;520.44;69.488;37.164;6.8586;0.8209;0.0694;0;0.0108;626.13;7.8214;0;0;1.7902;6.0311;616.34;8.5357;6.3999;0.8545;1.1458;0.1355;624.87;1.2523;1.0409;0.139;0.0707;0.0017;618.19;513;68.495;34.157;0.6903;284.88;236.45;80.344;0.6794;2.4941;35.876;1.8545;37.691;0;1;0;0;1.169;0.9877;1;1;0.9518;0.1206;0.9863;0.9877;1;0.9675;0.8359;0.998;0.998;1;0.998;0.998;0.9722;0.9191;0.1007;1.8042;1.8406;0.0111;0.0011;0.1597;0.0117;0.0414;0.0062;0;0;0.088;1.4554;0;0;0;0;0;0;0;0;0;0;0;0;0.0334;0.0081;1.5678;1.5678;0;49.597;49.597;30.608;0.0497;1583.4;990.19;1;0.0244;0.0244;0;0;0;0;0;0;1.5434;1.4554;0;16.342;18.924;15.171;17.568;98.445;98.445;15.215;13.222;12.274;1.993;0.9478;0.131;0.0623;0.8067;24.782;0.7739;0
09/05/21 11:00;37.067;-7.2133;52.337;80.562;9.4377;-90;-9.4377;602;109.7;492.3;19.88;2.6399;0;499.06;42.532;67.792;0;0.6926;610.07;0;610.07;499.06;67.792;42.532;0.6926;0.818;0.0709;0;0.0011;609.22;0.8535;0;0;0.2783;0.5752;597.35;10.651;7.8234;1.0627;1.7381;0.0263;608;1.2184;0.9981;0.1356;0.0845;0.0002;597.48;490.23;66.594;40.432;0.0908;352.06;292.21;95.469;0.01;3.2765;47.131;0.1288;50.398;0;1;0;0;1.0134;0.9986;1;1;0.9935;0.1695;0.9825;0.9843;1;0.9588;0.7756;0.998;0.998;1;0.998;0.998;0.9791;0.9506;0.1312;1.7362;1.8038;0.0109;0.0015;0.1563;0.0114;0.0406;0.0081;0;0;0.088;1.4228;0;0;0;0;0;0;0;0;0;0;0;0;0.0327;0.0078;1.5345;1.5345;0;49.547;49.547;29.667;0.0497;1550.5;989.71;1;0.0237;0.0237;0;0;0;0;0;0;1.5108;1.4228;0;16.621;19.246;15.41;17.845;98.453;98.453;14.642;12.941;11.998;1.7012;0.9423;0.1162;0.0644;0.8195;25.461;0.7747;0
09/05/21 12:00;36.693;10.688;51.993;76.025;13.975;90;13.975;623.41;105.9;517.51;20.76;2.84;0;533.29;36.886;70.547;0;1.5685;642.3;0;642.3;533.29;70.547;36.886;1.5685;0.8303;0.0599;0;0.0024;640.52;1.7741;0;0;0.468;1.3061;628.64;10.605;8.0827;1.0692;1.3939;0.059;639.24;1.281;1.0666;0.1411;0.0728;0.0005;628.98;524.15;69.336;34.952;0.203;360.58;299.28;98.691;0.0374;3.2983;47.445;0.3476;50.706;0;1;0;0;1.0303;0.9972;1;1;0.9873;0.1673;0.9834;0.9848;1;0.9616;0.7749;0.998;0.998;1;0.998;0.998;0.9787;0.9475;0.1294;1.8279;1.8946;0.0114;0.0006;0.1809;0.0119;0.0422;0.0081;0;0;0.088;1.484;0;0;0;0;0;0;0;0;0;0;0;0;0.034;0.0086;1.5968;1.5968;0;52.039;52.039;31.28;0.0498;1630.4;979.35;1;0.0247;0.0247;0;0;0;0;0;0;1.572;1.484;0;16.428;19.023;15.268;17.68;98.451;98.451;15.415;13.466;12.515;1.9493;0.9508;0.1265;0.0617;0.8119;22.368;0.7693;0
09/05/21 13:00;32.67;27.406;48.359;54.329;35.671;90;35.671;228.81;216;12.807;21.31;2.82;0;15.764;192.27;4.7085;0;3.6491;216.39;0;216.39;15.764;4.7085;192.27;3.6491;0.0729;0.9054;0;0.0169;201.89;14.501;0;0;11.215;3.286;195.37;6.1242;0.1852;0.0553;5.8346;0.049;201.49;0.4038;0.0315;0.0094;0.3621;0.0007;196.59;15.548;4.6437;174.86;0.3133;140.39;116.52;39.37;5.2879;1.5656;22.52;1.2199;18.798;0;1;0;0;0.9457;0.933;1;1;0.9417;0.0995;0.9696;0.9882;1;0.9677;0.8647;0.998;0.998;1;0.998;0.998;0.9028;0.9094;0.0859;0.6158;0.6076;0.0037;0.0166;0.013;0.004;0.0143;0.004;0;0;0.088;0.4418;0;0;0;0;0;0;0;0;0;0;0;0;0.0115;0.0011;0.5394;0.5394;0;30.931;30.931;9.6217;0.0492;519.08;1039.1;1;0.0096;0.0096;0;0;0;0;0;0;0.5298;0.4418;0;16.47;19.072;13.491;15.622;98.227;98.227;5.1935;4.5485;3.7257;0.645;0.8228;0.1242;0.1584;0.7174;132.16;0.6655;0
09/05/21 14:00;25.689;41.73;42.262;35.855;54.145;90;54.145;259.5;209.6;49.895;21.74;2.7701;0;85.182;151.91;30.743;0;9.1375;276.97;0;276.97;85.182;30.743;151.91;9.1375;0.3075;0.5815;0;0.033;251.96;25.013;0;0;16.455;8.5574;245.9;5.5598;0.6978;0.2518;4.5851;0.0251;251.46;0.5039;0.1704;0.0615;0.2709;0.0012;249.14;84.314;30.429;130.6;0.5538;144.14;119.64;42.812;17.649;2.2464;32.314;3.2448;16.911;0;1;0;0;1.0673;0.9097;1;1;0.8917;0.0635;0.9779;0.9918;1;0.9661;0.9566;0.998;0.998;1;0.998;0.998;0.8878;0.8597;0.0606;0.7882;0.7775;0.0047;0.015;0.0247;0.0051;0.0182;0.0058;0;0;0.088;0.5881;0;0;0;0;0;0;0;0;0;0;0;0;0.0147;0.0017;0.6876;0.6876;0;33.857;33.857;12.118;0.0493;665.35;1033.5;1;0.0115;0.0115;0;0;0;0;0;0;0.6761;0.5881;0;16.405;18.997;14.032;16.249;98.331;98.331;6.6474;5.7988;4.9599;0.8485;0.8389;0.1276;0.1262;0.7461;123.81;0.6862;0
09/05/21 15:00;16.61;53.6;46.11;20.335;37.103;90;37.103;180.6;146;34.601;21.07;1.95;0;83.916;119.36;31.99;0;3.1078;238.38;0;238.38;83.916;31.99;119.36;3.1078;0.352;0.5138;0;0.013;228.16;10.22;0;0;7.4032;2.8165;222.85;4.8535;0.8758;0.3339;3.6083;0.0355;227.7;0.4563;0.1678;0.064;0.2239;0.0006;223.64;82.873;31.592;108.13;0.2552;83.226;69.077;23.517;3.7575;0.957;13.766;0.7894;10.966;0;1;0;0;1.3199;0.9571;1;1;0.938;0.0937;0.9787;0.9895;1;0.9677;0.8779;0.998;0.998;1;0.998;0.998;0.9349;0.9059;0.0821;0.6784;0.6674;0.004;0.0161;0.0169;0.0044;0.0156;0.0025;0;0;0.088;0.4956;0;0;0;0;0;0;0;0;0;0;0;0;0.0126;0.0013;0.5939;0.5939;0;32.043;32.043;10.974;0.0492;571.5;1039.2;1;0.0102;0.0102;0;0;0;0;0;0;0.5836;0.4956;0;16.463;19.064;13.739;15.91;98.274;98.274;5.7211;5.0084;4.1798;0.7127;0.8285;0.1246;0.1448;0.7306;82.992;0.7003;0
09/05/21 16:00;6.1398;63.555;74.966;6.8509;9.9652;90;9.9652;27.505;27.1;0.4047;18.98;1.9901;0;0.9815;26.82;0.1856;0;0.0353;28.022;0;28.022;0.9815;0.1856;26.82;0.0353;0.035;0.9584;0;0.0013;27.8;0.2223;0;0;0.1929;0.0294;26.441;1.3035;0.1812;0.0343;1.0867;0.0013;27.744;0.0556;0.002;0.0004;0.0533;0;26.447;0.7983;0.151;25.487;0.0046;16.078;13.344;4.1734;0.0077;0.1622;2.3335;0.0059;2.488;0;1;0;0;1.0188;0.9921;1;1;0.9928;0.1679;0.953;0.815;1;0.9591;0.7749;0.998;0.998;1;0.998;0.998;0.9436;0.9503;0.1298;0.0797;0.0803;0.0005;0.01;-0.0014;0.0005;0.0018;0.0004;0;0;0.088;-0.0245;0;0;0;0;0;0;0;0;0;0;0;0;0.0014;0.0001;0.0671;0.0671;0;20.3;20.3;1.3201;0.0499;67.052;1000.8;1;0.0036;0.0036;0;0;0;0;0;0;0.0635;-0.0245;0;15.825;18.325;-5.7709;-6.6826;94.665;94.665;0.6725;0.5659;-0.2064;0.1066;0.7723;0.1585;1.1484;0;16.075;0;0
09/05/21 17:00;0.3562;68.167;89.136;0.3837;0.5469;90;0.5469;0;0;0;15.32;1.9999;0;0;0;0;0;0;0;0;0;0;0;0;0;1;1;1;1;0;0;0;0;0;0;0;0;0;0;0;0;0;0;0;0;0;0;0;0;0;0;0;0;0;0;0;0;0;0;0;0;0;0;0;1;1;1;1;1;1;1;1;1;1;1;1;1;1;1;1;1;1;1;0;0;0;0;0;0;0;0;0;0.0004;0.088;-0.0884;0;0;0;0;0;0;0;0;0;0;0;0;0;0;0;0;0;0;0;-15.32;0;0;0;0;0.0004;0;0;0;0;0;0;0;-0.0004;-0.0884;0;0;0;0;0;0;0;0;0;-0.7452;0;0.7452;1;1;0;0;0;0
09/05/21 18:00;0;0;90;0;0;90;0;0;0;0;12.63;1.96;0;0;0;0;0;0;0;0;0;0;0;0;0;1;1;1;1;0;0;0;0;0;0;0;0;0;0;0;0;0;0;0;0;0;0;0;0;0;0;0;0;0;0;0;0;0;0;0;0;0;0;0;1;1;1;1;1;1;1;1;1;1;1;1;1;1;1;1;1;1;1;0;0;0;0;0;0;0;0;0;0.0004;0.088;-0.0884;0;0;0;0;0;0;0;0;0;0;0;0;0;0;0;0;0;0;0;-12.63;0;0;0;0;0.0004;0;0;0;0;0;0;0;-0.0004;-0.0884;0;0;0;0;0;0;0;0;0;-0.7452;0;0.7452;1;1;0;0;0;0
09/05/21 19:00;0;0;90;0;0;90;0;0;0;0;12.54;1.9299;0;0;0;0;0;0;0;0;0;0;0;0;0;1;1;1;1;0;0;0;0;0;0;0;0;0;0;0;0;0;0;0;0;0;0;0;0;0;0;0;0;0;0;0;0;0;0;0;0;0;0;0;1;1;1;1;1;1;1;1;1;1;1;1;1;1;1;1;1;1;1;0;0;0;0;0;0;0;0;0;0.0004;0.088;-0.0884;0;0;0;0;0;0;0;0;0;0;0;0;0;0;0;0;0;0;0;-12.54;0;0;0;0;0.0004;0;0;0;0;0;0;0;-0.0004;-0.0884;0;0;0;0;0;0;0;0;0;-0.7452;0;0.7452;1;1;0;0;0;0
09/05/21 20:00;0;0;90;0;0;90;0;0;0;0;12.76;1.86;0;0;0;0;0;0;0;0;0;0;0;0;0;1;1;1;1;0;0;0;0;0;0;0;0;0;0;0;0;0;0;0;0;0;0;0;0;0;0;0;0;0;0;0;0;0;0;0;0;0;0;0;1;1;1;1;1;1;1;1;1;1;1;1;1;1;1;1;1;1;1;0;0;0;0;0;0;0;0;0;0.0004;0.088;-0.0884;0;0;0;0;0;0;0;0;0;0;0;0;0;0;0;0;0;0;0;-12.76;0;0;0;0;0.0004;0;0;0;0;0;0;0;-0.0004;-0.0884;0;0;0;0;0;0;0;0;0;-0.7452;0;0.7452;1;1;0;0;0;0
09/05/21 21:00;0;0;90;0;0;90;0;0;0;0;13.59;1.8201;0;0;0;0;0;0;0;0;0;0;0;0;0;1;1;1;1;0;0;0;0;0;0;0;0;0;0;0;0;0;0;0;0;0;0;0;0;0;0;0;0;0;0;0;0;0;0;0;0;0;0;0;1;1;1;1;1;1;1;1;1;1;1;1;1;1;1;1;1;1;1;0;0;0;0;0;0;0;0;0;0.0004;0.088;-0.0884;0;0;0;0;0;0;0;0;0;0;0;0;0;0;0;0;0;0;0;-13.59;0;0;0;0;0.0004;0;0;0;0;0;0;0;-0.0004;-0.0884;0;0;0;0;0;0;0;0;0;-0.7452;0;0.7452;1;1;0;0;0;0
09/05/21 22:00;0;0;90;0;0;90;0;0;0;0;12.42;1.9299;0;0;0;0;0;0;0;0;0;0;0;0;0;1;1;1;1;0;0;0;0;0;0;0;0;0;0;0;0;0;0;0;0;0;0;0;0;0;0;0;0;0;0;0;0;0;0;0;0;0;0;0;1;1;1;1;1;1;1;1;1;1;1;1;1;1;1;1;1;1;1;0;0;0;0;0;0;0;0;0;0.0004;0.088;-0.0884;0;0;0;0;0;0;0;0;0;0;0;0;0;0;0;0;0;0;0;-12.42;0;0;0;0;0.0004;0;0;0;0;0;0;0;-0.0004;-0.0884;0;0;0;0;0;0;0;0;0;-0.7452;0;0.7452;1;1;0;0;0;0
09/05/21 23:00;0;0;90;0;0;90;0;0;0;0;11.34;2.11;0;0;0;0;0;0;0;0;0;0;0;0;0;1;1;1;1;0;0;0;0;0;0;0;0;0;0;0;0;0;0;0;0;0;0;0;0;0;0;0;0;0;0;0;0;0;0;0;0;0;0;0;1;1;1;1;1;1;1;1;1;1;1;1;1;1;1;1;1;1;1;0;0;0;0;0;0;0;0;0;0.0004;0.088;-0.0884;0;0;0;0;0;0;0;0;0;0;0;0;0;0;0;0;0;0;0;-11.34;0;0;0;0;0.0004;0;0;0;0;0;0;0;-0.0004;-0.0884;0;0;0;0;0;0;0;0;0;-0.7452;0;0.7452;1;1;0;0;0;0
10/05/21 00:00;0;0;90;0;0;90;0;0;0;0;11.7;2.2301;0;0;0;0;0;0;0;0;0;0;0;0;0;1;1;1;1;0;0;0;0;0;0;0;0;0;0;0;0;0;0;0;0;0;0;0;0;0;0;0;0;0;0;0;0;0;0;0;0;0;0;0;1;1;1;1;1;1;1;1;1;1;1;1;1;1;1;1;1;1;1;0;0;0;0;0;0;0;0;0;0.0004;0.088;-0.0884;0;0;0;0;0;0;0;0;0;0;0;0;0;0;0;0;0;0;0;-11.7;0;0;0;0;0.0004;0;0;0;0;0;0;0;-0.0004;-0.0884;0;0;0;0;0;0;0;0;0;-0.7452;0;0.7452;1;1;0;0;0;0
10/05/21 01:00;0;0;90;0;0;90;0;0;0;0;10.61;2.26;0;0;0;0;0;0;0;0;0;0;0;0;0;1;1;1;1;0;0;0;0;0;0;0;0;0;0;0;0;0;0;0;0;0;0;0;0;0;0;0;0;0;0;0;0;0;0;0;0;0;0;0;1;1;1;1;1;1;1;1;1;1;1;1;1;1;1;1;1;1;1;0;0;0;0;0;0;0;0;0;0.0004;0.088;-0.0884;0;0;0;0;0;0;0;0;0;0;0;0;0;0;0;0;0;0;0;-10.61;0;0;0;0;0.0004;0;0;0;0;0;0;0;-0.0004;-0.0884;0;0;0;0;0;0;0;0;0;-0.7452;0;0.7452;1;1;0;0;0;0
10/05/21 02:00;0;0;90;0;0;90;0;0;0;0;10.64;2.3099;0;0;0;0;0;0;0;0;0;0;0;0;0;1;1;1;1;0;0;0;0;0;0;0;0;0;0;0;0;0;0;0;0;0;0;0;0;0;0;0;0;0;0;0;0;0;0;0;0;0;0;0;1;1;1;1;1;1;1;1;1;1;1;1;1;1;1;1;1;1;1;0;0;0;0;0;0;0;0;0;0.0004;0.088;-0.0884;0;0;0;0;0;0;0;0;0;0;0;0;0;0;0;0;0;0;0;-10.64;0;0;0;0;0.0004;0;0;0;0;0;0;0;-0.0004;-0.0884;0;0;0;0;0;0;0;0;0;-0.7452;0;0.7452;1;1;0;0;0;0
10/05/21 03:00;0;0;90;0;0;90;0;0;0;0;9.4197;2.3899;0;0;0;0;0;0;0;0;0;0;0;0;0;1;1;1;1;0;0;0;0;0;0;0;0;0;0;0;0;0;0;0;0;0;0;0;0;0;0;0;0;0;0;0;0;0;0;0;0;0;0;0;1;1;1;1;1;1;1;1;1;1;1;1;1;1;1;1;1;1;1;0;0;0;0;0;0;0;0;0;0.0004;0.088;-0.0884;0;0;0;0;0;0;0;0;0;0;0;0;0;0;0;0;0;0;0;-9.4197;0;0;0;0;0.0004;0;0;0;0;0;0;0;-0.0004;-0.0884;0;0;0;0;0;0;0;0;0;-0.7452;0;0.7452;1;1;0;0;0;0
10/05/21 04:00;0;0;90;0;0;90;0;0;0;0;8.9902;2.52;0;0;0;0;0;0;0;0;0;0;0;0;0;1;1;1;1;0;0;0;0;0;0;0;0;0;0;0;0;0;0;0;0;0;0;0;0;0;0;0;0;0;0;0;0;0;0;0;0;0;0;0;1;1;1;1;1;1;1;1;1;1;1;1;1;1;1;1;1;1;1;0;0;0;0;0;0;0;0;0;0.0004;0.088;-0.0884;0;0;0;0;0;0;0;0;0;0;0;0;0;0;0;0;0;0;0;-8.9902;0;0;0;0;0.0004;0;0;0;0;0;0;0;-0.0004;-0.0884;0;0;0;0;0;0;0;0;0;-0.7452;0;0.7452;1;1;0;0;0;0
10/05/21 05:00;0;0;90;0;0;90;0;0;0;0;8.3201;2.6901;0;0;0;0;0;0;0;0;0;0;0;0;0;1;1;1;1;0;0;0;0;0;0;0;0;0;0;0;0;0;0;0;0;0;0;0;0;0;0;0;0;0;0;0;0;0;0;0;0;0;0;0;1;1;1;1;1;1;1;1;1;1;1;1;1;1;1;1;1;1;1;0;0;0;0;0;0;0;0;0;0.0004;0.088;-0.0884;0;0;0;0;0;0;0;0;0;0;0;0;0;0;0;0;0;0;0;-8.3201;0;0;0;0;0.0004;0;0;0;0;0;0;0;-0.0004;-0.0884;0;0;0;0;0;0;0;0;0;-0.7452;0;0.7452;1;1;0;0;0;0
10/05/21 06:00;1.2934;-67.119;86.862;1.4038;2.0024;-90;-2.0024;0;0;0;9.0999;3.3499;0;0;0;0;0;0;0;0;0;0;0;0;0;1;1;1;1;0;0;0;0;0;0;0;0;0;0;0;0;0;0;0;0;0;0;0;0;0;0;0;0;0;0;0;0;0;0;0;0;0;0;0;1;1;1;1;1;1;1;1;1;1;1;1;1;1;1;1;1;1;1;0;0;0;0;0;0;0;0;0;0.0004;0.088;-0.0884;0;0;0;0;0;0;0;0;0;0;0;0;0;0;0;0;0;0;0;-9.0999;0;0;0;0;0.0004;0;0;0;0;0;0;0;-0.0004;-0.0884;0;0;0;0;0;0;0;0;0;-0.7452;0;0.7452;1;1;0;0;0;0
10/05/21 07:00;8.1106;-61.518;69.991;9.2094;13.63;-90;-13.63;65.91;45.998;19.912;11.85;4.04;0;48.291;40.571;11.757;0;0.1578;100.78;0;100.78;48.291;11.757;40.571;0.1578;0.4792;0.4041;0;0.0016;100.15;0.6228;0;0;0.4918;0.131;91.915;8.0387;5.2189;1.2706;1.5431;0.006;99.954;0.2003;0.0966;0.0235;0.0802;0.0001;91.936;42.976;10.463;38.456;0.0207;24.695;20.497;6.4607;0.0373;0.2475;3.5608;0.0207;3.7711;0;1;0;0;1.529;0.9938;1;1;0.9879;0.1698;0.9196;0.8917;1;0.9614;0.7757;0.998;0.998;1;0.998;0.998;0.9121;0.9479;0.1314;0.2868;0.2702;0.0016;0.0161;-0.0085;0.0018;0.0065;0.0007;0;0;0.088;0.1515;0;0;0;0;0;0;0;0;0;0;0;0;0.0052;0.0003;0.2464;0.2464;0;16.354;16.354;4.5035;0.049;230.08;1071.1;1;0.0069;0.0069;0;0;0;0;0;0;0.2395;0.1515;0;16.159;18.712;9.9361;11.506;97.198;97.198;2.4187;2.0782;1.2779;0.3404;0.8003;0.1407;0.3309;0.5284;24.574;0.5147;0
10/05/21 08:00;18.33;-51.253;40.294;23.015;48.467;-90;-48.467;146.51;125.4;21.107;13.7;4.7799;0;51.19;99.049;15.242;0;4.1962;169.68;0;169.68;51.19;15.242;99.049;4.1962;0.3017;0.6085;0;0.0247;156.68;12.998;0;0;9.1057;3.8926;152.92;3.4425;0.3605;0.1073;2.9606;0.014;156.37;0.3134;0.1024;0.0305;0.1799;0.0006;154.28;50.727;15.105;86.803;0.2889;76.311;63.338;22.524;7.8189;1.0993;15.813;1.3583;9.0938;0;1;0;0;1.1581;0.9234;1;1;0.9081;0.0723;0.978;0.9929;1;0.967;0.9536;0.998;0.998;1;0.998;0.998;0.9013;0.8764;0.0688;0.4829;0.4731;0.0028;0.0172;-0.0065;0.0032;0.0114;0.0029;0;0;0.088;0.3353;0;0;0;0;0;0;0;0;0;0;0;0;0.0092;0.0007;0.432;0.432;0;21.186;21.186;7.486;0.049;403.77;1070;1;0.0087;0.0087;0;0;0;0;0;0;0.4233;0.3353;0;16.825;19.483;13.058;15.121;97.979;97.979;4.0723;3.6434;2.8276;0.4289;0.8157;0.1053;0.2003;0.6944;76.177;0.6491;0
10/05/21 09:00;27.033;-38.959;43.839;39.06;50.94;-90;-50.94;345.61;151.2;194.41;16.02;5.78;0;308.52;83.875;76.64;0;10.865;479.9;0;479.9;308.52;76.64;83.875;10.865;0.6429;0.1974;0;0.0226;461.5;18.393;0;0;8.2881;10.105;454.52;6.0554;2.8111;0.6983;2.5146;0.0314;460.58;0.923;0.617;0.1533;0.1512;0.0015;457.46;305.09;75.788;72.921;0.7276;150.79;125.15;41.737;7.8728;1.8597;26.751;2.9389;20.738;0;1;0;0;1.3886;0.9617;1;1;0.9012;0.07;0.9869;0.9909;1;0.9667;0.9587;0.998;0.998;1;0.998;0.998;0.9471;0.8694;0.067;1.3657;1.3624;0.0082;0.007;0.0646;0.009;0.0318;0.0048;0;0;0.088;1.0997;0;0;0;0;0;0;0;0;0;0;0;0;0.0256;0.0047;1.2066;1.2066;0;38.414;38.414;22.394;0.0493;1171.8;1029.7;1;0.019;0.019;0;0;0;0;0;0;1.1877;1.0997;0;16.615;19.24;15.142;17.534;98.427;98.427;11.517;10.176;9.2735;1.3418;0.9022;0.1165;0.0783;0.8052;66.116;0.7729;0
10/05/21 10:00;33.477;-24.177;49.548;58.229;31.771;-90;-31.771;429.51;190.6;238.91;18.3;6.2199;0;281.02;119.29;72.511;0;5.4704;478.29;0;478.29;281.02;72.511;119.29;5.4704;0.5875;0.2608;0;0.0114;467.7;10.592;0;0;5.7794;4.8131;458.58;8.1823;3.4969;0.9023;3.676;0.1071;466.76;0.9354;0.562;0.145;0.227;0.0013;460.13;276.96;71.463;109.61;0.5489;235.11;195.14;65.915;2.2038;2.1907;31.513;1.548;31.5;0;1;0;0;1.1136;0.9779;1;1;0.9516;0.1202;0.9825;0.9875;1;0.9676;0.8367;0.998;0.998;1;0.998;0.998;0.9588;0.9188;0.1003;1.3612;1.3796;0.0083;0.0068;0.0779;0.009;0.0319;0.0056;0;0;0.088;1.1027;0;0;0;0;0;0;0;0;0;0;0;0;0.0257;0.0048;1.2096;1.2096;0;40.941;40.941;22.64;0.0494;1186.6;1019.4;1;0.0189;0.0189;0;0;0;0;0;0;1.1907;1.1027;0;16.711;19.351;15.235;17.642;98.44;98.44;11.479;10.201;9.2994;1.2784;0.9012;0.1114;0.0785;0.8101;79.613;0.772;0
10/05/21 11:00;36.808;-7.1669;52.598;80.535;9.4655;-90;-9.4655;239.2;226.8;12.403;19.4;6.42;0;12.574;221.77;3.5545;0;0.2768;238.18;0;238.18;12.574;3.5545;221.77;0.2768;0.0528;0.9323;0;0.0012;236.49;1.688;0;0;1.4581;0.2299;226.69;9.3288;0.2024;0.0572;9.0587;0.0105;236.02;0.473;0.0251;0.0071;0.4406;0.0001;226.73;12.347;3.4901;210.81;0.0363;142.06;117.91;36.969;0.0519;1.4262;20.516;0.0459;21.89;0;1;0;0;0.9957;0.9929;1;1;0.9934;0.1695;0.9605;0.9839;1;0.9588;0.7756;0.998;0.998;1;0.998;0.998;0.9518;0.9506;0.1312;0.6778;0.6898;0.0042;0.0159;0.0137;0.0046;0.0163;0.0037;0;0;0.088;0.5182;0;0;0;0;0;0;0;0;0;0;0;0;0.0131;0.0014;0.6169;0.6169;0;30.547;30.547;11.147;0.0492;589.88;1045.8;1;0.0106;0.0106;0;0;0;0;0;0;0.6062;0.5182;0;17.115;19.818;14.378;16.65;98.276;98.276;5.7163;5.2022;4.3704;0.514;0.8318;0.0899;0.1455;0.7646;132.77;0.7182;0
10/05/21 12:00;36.433;10.647;52.251;75.948;14.052;90;14.052;685.39;113.1;572.29;19.63;6.48;0;589.94;31.241;83.899;0;1.7434;706.82;0;706.82;589.94;83.899;31.241;1.7434;0.8346;0.0467;0;0.0025;704.97;1.8518;0;0;0.4001;1.4517;691.84;11.718;9.1697;1.3041;1.1789;0.0655;703.56;1.4099;1.1799;0.1678;0.0617;0.0006;692.23;579.59;82.427;29.6;0.2256;396.15;328.8;108.51;0.0324;3.6179;52.042;0.3873;55.627;0;1;0;0;1.0313;0.9974;1;1;0.9872;0.1673;0.9833;0.9844;1;0.9617;0.7749;0.998;0.998;1;0.998;0.998;0.9788;0.9475;0.1294;2.0116;2.0848;0.0126;-0.0009;0.2141;0.013;0.0461;0.0088;0;0;0.088;1.6282;0;0;0;0;0;0;0;0;0;0;0;0;0.0372;0.0103;1.7436;1.7436;0;54.104;54.104;34.474;0.0498;1795.7;970.96;1;0.0274;0.0274;0;0;0;0;0;0;1.7162;1.6282;0;16.3;18.875;15.222;17.626;98.43;98.43;16.964;14.704;13.731;2.2602;0.9729;0.1332;0.0574;0.8094;18.949;0.7671;0
10/05/21 13:00;32.426;27.293;48.6;54.177;35.823;90;35.823;60.596;60.2;0.3962;20.51;6.24;0;0.4886;54.476;0.041;0;0.9744;55.98;0;55.98;0.4886;0.041;54.476;0.9744;0.0087;0.9905;0;0.0174;51.903;4.0766;0;0;3.1986;0.878;50.128;1.6715;0.0058;0.0005;1.6524;0.0129;51.799;0.1038;0.001;0.0001;0.1026;0.0002;50.457;0.4818;0.0404;49.522;0.0833;37.701;31.292;10.608;1.5202;0.4246;6.1079;0.3287;5.0124;0;1;0;0;0.9238;0.9272;1;1;0.9413;0.0989;0.9677;0.9881;1;0.9677;0.8661;0.998;0.998;1;0.998;0.998;0.8955;0.9091;0.0855;0.1593;0.1566;0.0009;0.0135;-0.0012;0.001;0.0036;0.0011;0;0;0.088;0.0413;0;0;0;0;0;0;0;0;0;0;0;0;0.0029;0.0001;0.1347;0.1347;0;22.997;22.997;2.4869;0.0496;132.36;1017.7;1;0.0054;0.0054;0;0;0;0;0;0;0.1293;0.0413;0;15.9;18.412;4.8766;5.647;96.004;96.004;1.3435;1.1359;0.3484;0.2076;0.7875;0.1545;0.5862;0.2593;37.489;0.2397;0
10/05/21 14:00;25.469;41.573;42.486;35.671;54.329;90;54.329;34.01;33.798;0.2113;20.14;5.46;0;0.3623;26.744;0.0213;0;1.2051;28.333;0;28.333;0.3623;0.0213;26.744;1.2051;0.0128;0.9865;0;0.0425;24.293;4.0399;0;0;2.9113;1.1287;23.43;0.8142;0.003;0.0002;0.8076;0.0033;24.244;0.0486;0.0007;0;0.0477;0.0002;23.925;0.3586;0.021;22.977;0.073;21.906;18.182;6.6636;3.1444;0.3612;5.1957;0.4951;2.4125;0;1;0;0;0.8331;0.8574;1;1;0.8911;0.0634;0.9664;0.9917;1;0.966;0.9563;0.998;0.998;1;0.998;0.998;0.827;0.8592;0.0605;0.0806;0.0789;0.0005;0.0099;-0.0011;0.0005;0.0017;0.0009;0;0;0.088;-0.0265;0;0;0;0;0;0;0;0;0;0;0;0;0.0014;0.0001;0.065;0.065;0;21.313;21.313;1.1729;0.0501;65.551;991.89;1;0.0035;0.0035;0;0;0;0;0;0;0.0615;-0.0265;0;15.164;17.56;-6.1733;-7.1485;94.635;94.635;0.68;0.5483;-0.2232;0.1317;0.7715;0.1936;1.1346;0;21.839;0;0
10/05/21 15:00;16.414;53.419;46.738;20.146;36.5;90;36.5;18.304;18.299;0.0044;15.74;4.25;0;0.0108;16.505;0.0005;0;0.3052;16.821;0;16.821;0.0108;0.0005;16.505;0.3052;0.0006;0.9993;0;0.0181;15.547;1.2737;0;0;0.9978;0.2758;15.013;0.5035;0.0001;0;0.4997;0.0037;15.516;0.0311;0;0;0.031;0.0001;15.117;0.0106;0.0005;14.976;0.0255;11.42;9.4783;3.2141;0.4911;0.1306;1.878;0.1046;1.5174;0;1;0;0;0.919;0.9243;1;1;0.9395;0.0961;0.9675;0.9892;1;0.9677;0.8722;0.998;0.998;1;0.998;0.998;0.8925;0.9074;0.0837;0.0479;0.047;0.0003;0.0076;-0.0014;0.0003;0.001;0.0003;0;0;0.088;-0.0527;0;0;0;0;0;0;0;0;0;0;0;0;0.0008;0;0.0381;0.0381;0;16.495;16.495;0.7543;0.0502;38.433;991.69;1;0.0029;0.0029;0;0;0;0;0;0;0.0353;-0.0527;0;14.973;17.338;-20.718;-23.991;92.516;92.516;0.4037;0.3214;-0.4447;0.0823;0.7662;0.2038;1.8978;0;11.42;0;0
10/05/21 16:00;5.9652;63.359;75.401;6.6677;9.6881;90;9.6881;5.0985;5.0985;0;15.46;3.7599;0;0;5.0622;0;0;0.0062;5.0684;5.0684;0;0;0;0;0;1;1;1;1;0;0;0;0;0;0;0;0;0;0;0;0;0;0;0;0;0;0;0;0;0;0;0;0;0;0;0;0;0;0;0;0;0;0;0;0;1;1;1;1;1;1;1;1;1;1;1;1;1;0;0;1;0;0;0;0;0;0;0;0;0;0;0;0.0004;0.088;-0.0884;0;0;0;0;0;0;0;0;0;0;0;0;0;0;0;0;0;0;0;-15.46;0;0;0;0;0.0004;0;0;0;0;0;0;0;-0.0004;-0.0884;0;0;0;0;0;0;0;0;0;-0.7452;0;0.7452;1;1;0;0;0;0
10/05/21 17:00;0.1906;67.964;89.538;0.2057;0.2931;90;0.2931;0;0;0;15.1;4.1301;0;0;0;0;0;0;0;0;0;0;0;0;0;1;1;1;1;0;0;0;0;0;0;0;0;0;0;0;0;0;0;0;0;0;0;0;0;0;0;0;0;0;0;0;0;0;0;0;0;0;0;0;1;1;1;1;1;1;1;1;1;1;1;1;1;1;1;1;1;1;1;0;0;0;0;0;0;0;0;0;0.0004;0.088;-0.0884;0;0;0;0;0;0;0;0;0;0;0;0;0;0;0;0;0;0;0;-15.1;0;0;0;0;0.0004;0;0;0;0;0;0;0;-0.0004;-0.0884;0;0;0;0;0;0;0;0;0;-0.7452;0;0.7452;1;1;0;0;0;0
10/05/21 18:00;0;0;90;0;0;90;0;0;0;0;14.6;4.34;0;0;0;0;0;0;0;0;0;0;0;0;0;1;1;1;1;0;0;0;0;0;0;0;0;0;0;0;0;0;0;0;0;0;0;0;0;0;0;0;0;0;0;0;0;0;0;0;0;0;0;0;1;1;1;1;1;1;1;1;1;1;1;1;1;1;1;1;1;1;1;0;0;0;0;0;0;0;0;0;0.0004;0.088;-0.0884;0;0;0;0;0;0;0;0;0;0;0;0;0;0;0;0;0;0;0;-14.6;0;0;0;0;0.0004;0;0;0;0;0;0;0;-0.0004;-0.0884;0;0;0;0;0;0;0;0;0;-0.7452;0;0.7452;1;1;0;0;0;0
10/05/21 19:00;0;0;90;0;0;90;0;0;0;0;14.17;4.74;0;0;0;0;0;0;0;0;0;0;0;0;0;1;1;1;1;0;0;0;0;0;0;0;0;0;0;0;0;0;0;0;0;0;0;0;0;0;0;0;0;0;0;0;0;0;0;0;0;0;0;0;1;1;1;1;1;1;1;1;1;1;1;1;1;1;1;1;1;1;1;0;0;0;0;0;0;0;0;0;0.0004;0.088;-0.0884;0;0;0;0;0;0;0;0;0;0;0;0;0;0;0;0;0;0;0;-14.17;0;0;0;0;0.0004;0;0;0;0;0;0;0;-0.0004;-0.0884;0;0;0;0;0;0;0;0;0;-0.7452;0;0.7452;1;1;0;0;0;0
10/05/21 20:00;0;0;90;0;0;90;0;0;0;0;13.96;4.0601;0;0;0;0;0;0;0;0;0;0;0;0;0;1;1;1;1;0;0;0;0;0;0;0;0;0;0;0;0;0;0;0;0;0;0;0;0;0;0;0;0;0;0;0;0;0;0;0;0;0;0;0;1;1;1;1;1;1;1;1;1;1;1;1;1;1;1;1;1;1;1;0;0;0;0;0;0;0;0;0;0.0004;0.088;-0.0884;0;0;0;0;0;0;0;0;0;0;0;0;0;0;0;0;0;0;0;-13.96;0;0;0;0;0.0004;0;0;0;0;0;0;0;-0.0004;-0.0884;0;0;0;0;0;0;0;0;0;-0.7452;0;0.7452;1;1;0;0;0;0
10/05/21 21:00;0;0;90;0;0;90;0;0;0;0;14.06;2.98;0;0;0;0;0;0;0;0;0;0;0;0;0;1;1;1;1;0;0;0;0;0;0;0;0;0;0;0;0;0;0;0;0;0;0;0;0;0;0;0;0;0;0;0;0;0;0;0;0;0;0;0;1;1;1;1;1;1;1;1;1;1;1;1;1;1;1;1;1;1;1;0;0;0;0;0;0;0;0;0;0.0004;0.088;-0.0884;0;0;0;0;0;0;0;0;0;0;0;0;0;0;0;0;0;0;0;-14.06;0;0;0;0;0.0004;0;0;0;0;0;0;0;-0.0004;-0.0884;0;0;0;0;0;0;0;0;0;-0.7452;0;0.7452;1;1;0;0;0;0
10/05/21 22:00;0;0;90;0;0;90;0;0;0;0;13.5;2.4601;0;0;0;0;0;0;0;0;0;0;0;0;0;1;1;1;1;0;0;0;0;0;0;0;0;0;0;0;0;0;0;0;0;0;0;0;0;0;0;0;0;0;0;0;0;0;0;0;0;0;0;0;1;1;1;1;1;1;1;1;1;1;1;1;1;1;1;1;1;1;1;0;0;0;0;0;0;0;0;0;0.0004;0.088;-0.0884;0;0;0;0;0;0;0;0;0;0;0;0;0;0;0;0;0;0;0;-13.5;0;0;0;0;0.0004;0;0;0;0;0;0;0;-0.0004;-0.0884;0;0;0;0;0;0;0;0;0;-0.7452;0;0.7452;1;1;0;0;0;0
10/05/21 23:00;0;0;90;0;0;90;0;0;0;0;13.5;2.36;0;0;0;0;0;0;0;0;0;0;0;0;0;1;1;1;1;0;0;0;0;0;0;0;0;0;0;0;0;0;0;0;0;0;0;0;0;0;0;0;0;0;0;0;0;0;0;0;0;0;0;0;1;1;1;1;1;1;1;1;1;1;1;1;1;1;1;1;1;1;1;0;0;0;0;0;0;0;0;0;0.0004;0.088;-0.0884;0;0;0;0;0;0;0;0;0;0;0;0;0;0;0;0;0;0;0;-13.5;0;0;0;0;0.0004;0;0;0;0;0;0;0;-0.0004;-0.0884;0;0;0;0;0;0;0;0;0;-0.7452;0;0.7452;1;1;0;0;0;0
11/05/21 00:00;0;0;90;0;0;90;0;0;0;0;13.2;2.5;0;0;0;0;0;0;0;0;0;0;0;0;0;1;1;1;1;0;0;0;0;0;0;0;0;0;0;0;0;0;0;0;0;0;0;0;0;0;0;0;0;0;0;0;0;0;0;0;0;0;0;0;1;1;1;1;1;1;1;1;1;1;1;1;1;1;1;1;1;1;1;0;0;0;0;0;0;0;0;0;0.0004;0.088;-0.0884;0;0;0;0;0;0;0;0;0;0;0;0;0;0;0;0;0;0;0;-13.2;0;0;0;0;0.0004;0;0;0;0;0;0;0;-0.0004;-0.0884;0;0;0;0;0;0;0;0;0;-0.7452;0;0.7452;1;1;0;0;0;0
11/05/21 01:00;0;0;90;0;0;90;0;0;0;0;12.6;2.75;0;0;0;0;0;0;0;0;0;0;0;0;0;1;1;1;1;0;0;0;0;0;0;0;0;0;0;0;0;0;0;0;0;0;0;0;0;0;0;0;0;0;0;0;0;0;0;0;0;0;0;0;1;1;1;1;1;1;1;1;1;1;1;1;1;1;1;1;1;1;1;0;0;0;0;0;0;0;0;0;0.0004;0.088;-0.0884;0;0;0;0;0;0;0;0;0;0;0;0;0;0;0;0;0;0;0;-12.6;0;0;0;0;0.0004;0;0;0;0;0;0;0;-0.0004;-0.0884;0;0;0;0;0;0;0;0;0;-0.7452;0;0.7452;1;1;0;0;0;0
11/05/21 02:00;0;0;90;0;0;90;0;0;0;0;12.4;3.1001;0;0;0;0;0;0;0;0;0;0;0;0;0;1;1;1;1;0;0;0;0;0;0;0;0;0;0;0;0;0;0;0;0;0;0;0;0;0;0;0;0;0;0;0;0;0;0;0;0;0;0;0;1;1;1;1;1;1;1;1;1;1;1;1;1;1;1;1;1;1;1;0;0;0;0;0;0;0;0;0;0.0004;0.088;-0.0884;0;0;0;0;0;0;0;0;0;0;0;0;0;0;0;0;0;0;0;-12.4;0;0;0;0;0.0004;0;0;0;0;0;0;0;-0.0004;-0.0884;0;0;0;0;0;0;0;0;0;-0.7452;0;0.7452;1;1;0;0;0;0
11/05/21 03:00;0;0;90;0;0;90;0;0;0;0;12.2;3.3;0;0;0;0;0;0;0;0;0;0;0;0;0;1;1;1;1;0;0;0;0;0;0;0;0;0;0;0;0;0;0;0;0;0;0;0;0;0;0;0;0;0;0;0;0;0;0;0;0;0;0;0;1;1;1;1;1;1;1;1;1;1;1;1;1;1;1;1;1;1;1;0;0;0;0;0;0;0;0;0;0.0004;0.088;-0.0884;0;0;0;0;0;0;0;0;0;0;0;0;0;0;0;0;0;0;0;-12.2;0;0;0;0;0.0004;0;0;0;0;0;0;0;-0.0004;-0.0884;0;0;0;0;0;0;0;0;0;-0.7452;0;0.7452;1;1;0;0;0;0
11/05/21 04:00;0;0;90;0;0;90;0;0;0;0;11.5;3.05;0;0;0;0;0;0;0;0;0;0;0;0;0;1;1;1;1;0;0;0;0;0;0;0;0;0;0;0;0;0;0;0;0;0;0;0;0;0;0;0;0;0;0;0;0;0;0;0;0;0;0;0;1;1;1;1;1;1;1;1;1;1;1;1;1;1;1;1;1;1;1;0;0;0;0;0;0;0;0;0;0.0004;0.088;-0.0884;0;0;0;0;0;0;0;0;0;0;0;0;0;0;0;0;0;0;0;-11.5;0;0;0;0;0.0004;0;0;0;0;0;0;0;-0.0004;-0.0884;0;0;0;0;0;0;0;0;0;-0.7452;0;0.7452;1;1;0;0;0;0
11/05/21 05:00;0;0;90;0;0;90;0;0;0;0;11.04;2.8601;0;0;0;0;0;0;0;0;0;0;0;0;0;1;1;1;1;0;0;0;0;0;0;0;0;0;0;0;0;0;0;0;0;0;0;0;0;0;0;0;0;0;0;0;0;0;0;0;0;0;0;0;1;1;1;1;1;1;1;1;1;1;1;1;1;1;1;1;1;1;1;0;0;0;0;0;0;0;0;0;0.0004;0.088;-0.0884;0;0;0;0;0;0;0;0;0;0;0;0;0;0;0;0;0;0;0;-11.04;0;0;0;0;0.0004;0;0;0;0;0;0;0;-0.0004;-0.0884;0;0;0;0;0;0;0;0;0;-0.7452;0;0.7452;1;1;0;0;0;0
11/05/21 06:00;1.3298;-66.766;86.774;1.4471;2.0643;-90;-2.0643;0;0;0;10.84;2.89;0;0;0;0;0;0;0;0;0;0;0;0;0;1;1;1;1;0;0;0;0;0;0;0;0;0;0;0;0;0;0;0;0;0;0;0;0;0;0;0;0;0;0;0;0;0;0;0;0;0;0;0;1;1;1;1;1;1;1;1;1;1;1;1;1;1;1;1;1;1;1;0;0;0;0;0;0;0;0;0;0.0004;0.088;-0.0884;0;0;0;0;0;0;0;0;0;0;0;0;0;0;0;0;0;0;0;-10.84;0;0;0;0;0.0004;0;0;0;0;0;0;0;-0.0004;-0.0884;0;0;0;0;0;0;0;0;0;-0.7452;0;0.7452;1;1;0;0;0;0
11/05/21 07:00;7.9473;-61.318;70.408;9.0416;13.363;-90;-13.363;35.299;34.098;1.2013;10.8;2.8799;0;2.9135;33.418;0.5368;0;0.0812;36.949;0;36.949;2.9135;0.5368;33.418;0.0812;0.0789;0.9066;0;0.0022;36.49;0.4592;0;0;0.3918;0.0674;34.747;1.6697;0.3287;0.0606;1.2773;0.0031;36.417;0.073;0.0058;0.0011;0.0661;0;34.764;2.5789;0.4751;31.683;0.0107;20.23;16.791;5.2763;0.0286;0.2037;2.9306;0.0162;3.1057;0;1;0;0;1.0468;0.9876;1;1;0.9883;0.1698;0.9542;0.8869;1;0.9612;0.7757;0.998;0.998;1;0.998;0.998;0.9404;0.9481;0.1315;0.1052;0.1053;0.0006;0.0114;-0.0048;0.0007;0.0024;0.0005;0;0;0.088;0;0;0;0;0;0;0;0;0;0;0;0;0;0.002;0.0001;0.0925;0.0925;0;12.517;12.517;1.7168;0.0494;88.33;1046.8;1;0.0045;0.0045;0;0;0;0;0;0;0.088;0;0;16.535;19.148;-0.0068;-0.0079;95.135;95.135;0.8868;0.7797;-0.0003;0.1071;0.78;0.1207;0.8796;0;20.223;0;0
11/05/21 08:00;18.144;-51.067;40.953;22.844;47.472;-90;-47.472;122.31;113.3;9.0033;10.8;2.4601;0;21.836;92.894;5.9354;0;3.3688;124.03;0;124.03;21.836;5.9354;92.894;3.3688;0.176;0.7761;0;0.0272;112.63;11.407;0;0;8.2861;3.121;109.41;2.9935;0.1622;0.0441;2.7749;0.0123;112.4;0.2253;0.0437;0.0119;0.1692;0.0005;110.6;21.63;5.8794;81.664;0.235;70.815;58.776;20.881;6.8242;0.9934;14.29;1.189;8.4595;0;1;0;0;1.0141;0.908;1;1;0.9108;0.0735;0.9734;0.9926;1;0.9671;0.9504;0.998;0.998;1;0.998;0.998;0.8821;0.8791;0.0698;0.353;0.345;0.0021;0.0169;-0.0111;0.0024;0.0084;0.0027;0;0;0.088;0.2209;0;0;0;0;0;0;0;0;0;0;0;0;0.0067;0.0004;0.3165;0.3165;0;16.15;16.15;5.3501;0.0489;293.54;1078.3;1;0.0076;0.0076;0;0;0;0;0;0;0.3089;0.2209;0;16.863;19.528;11.771;13.63;97.601;97.601;2.9768;2.6694;1.8632;0.3074;0.8061;0.1033;0.2708;0.6259;70.759;0.5762;0
11/05/21 09:00;26.821;-38.797;44.069;38.901;51.099;-90;-51.099;238.01;193.6;44.411;11.5;1.5999;0;70.721;146;22.67;0;7.5263;246.92;0;246.92;70.721;22.67;146;7.5263;0.2864;0.6218;0;0.0305;225.42;21.493;0;0;14.492;7.0004;219.71;5.2634;0.6539;0.2096;4.3783;0.0216;224.97;0.4508;0.1414;0.0453;0.263;0.0011;222.39;69.926;22.415;126.86;0.5032;135.6;112.55;39.775;13.851;1.9669;28.293;2.6824;16.409;0;1;0;0;1.0374;0.913;1;1;0.9007;0.0699;0.9766;0.9907;1;0.9666;0.9588;0.998;0.998;1;0.998;0.998;0.8898;0.8689;0.0669;0.7027;0.6929;0.0042;0.0159;-0.0068;0.0048;0.0169;0.0053;0;0;0.088;0.5385;0;0;0;0;0;0;0;0;0;0;0;0;0.0136;0.0014;0.6378;0.6378;0;22.231;22.231;10.732;0.0488;591.63;1078.1;1;0.0113;0.0113;0;0;0;0;0;0;0.6265;0.5385;0;17.069;19.766;14.412;16.689;98.234;98.234;5.926;5.3787;4.5416;0.5473;0.8371;0.0923;0.1413;0.7664;115.27;0.7058;0
11/05/21 10:00;33.239;-24.062;49.793;58.112;31.888;-90;-31.888;257.19;229.5;27.694;11.62;0.99;0;32.616;204.17;10.202;0;3.2992;250.29;0;250.29;32.616;10.202;204.17;3.2992;0.1303;0.8289;0;0.0132;237.44;12.854;0;0;9.9492;2.9043;230.07;6.8912;0.4105;0.1284;6.2882;0.064;236.96;0.4749;0.0652;0.0204;0.3884;0.0008;231.11;32.14;10.053;187.55;0.33;155.16;128.79;42.948;3.8183;1.6354;23.524;1.0359;21.341;0;1;0;0;0.9732;0.9486;1;1;0.9513;0.1197;0.9709;0.9874;1;0.9676;0.8375;0.998;0.998;1;0.998;0.998;0.9192;0.9186;0.1;0.7123;0.7083;0.0043;0.0158;-0.0054;0.0049;0.0172;0.0044;0;0;0.088;0.5525;0;0;0;0;0;0;0;0;0;0;0;0;0.0139;0.0015;0.6519;0.6519;0;22.86;22.86;11.24;0.0489;605.27;1077.1;1;0.0115;0.0115;0;0;0;0;0;0;0.6405;0.5525;0;17.212;19.931;14.586;16.89;98.243;98.243;6.007;5.4978;4.6591;0.5092;0.8387;0.0848;0.1396;0.7756;136.38;0.7246;0
11/05/21 11:00;36.553;-7.1243;52.854;80.504;9.4965;-90;-9.4965;239.2;226.5;12.702;12.74;0.42;0;12.879;221.36;3.6591;0;0.2786;238.18;0;238.18;12.879;3.6591;221.36;0.2786;0.0541;0.9306;0;0.0012;236.48;1.6947;0;0;1.4633;0.2314;226.69;9.3214;0.2128;0.0605;9.0376;0.0106;236.01;0.473;0.0258;0.0073;0.4398;0.0001;226.74;12.64;3.5914;210.42;0.0366;142.06;117.91;36.973;0.0525;1.426;20.512;0.0463;21.886;0;1;0;0;0.9957;0.9929;1;1;0.9934;0.1695;0.9605;0.9834;1;0.9588;0.7756;0.998;0.998;1;0.998;0.998;0.9518;0.9506;0.1312;0.6778;0.6898;0.0042;0.0159;-0.0029;0.0047;0.0167;0.0038;0;0;0.088;0.5334;0;0;0;0;0;0;0;0;0;0;0;0;0.0135;0.0014;0.6325;0.6325;0;23.825;23.825;11.085;0.0489;589.67;1072.7;1;0.0111;0.0111;0;0;0;0;0;0;0.6214;0.5334;0;17.549;20.322;14.799;17.137;98.24;98.24;5.7163;5.3344;4.4983;0.3819;0.836;0.0668;0.1463;0.7869;132.53;0.7393;0
11/05/21 12:00;36.179;10.605;52.504;75.875;14.125;90;14.125;263.6;243.7;19.899;12.8;0.2399;0;20.519;233.97;6.3287;0;0.6774;261.5;0;261.5;20.519;6.3287;233.97;0.6774;0.0785;0.8973;0;0.0026;257.91;3.5867;0;0;3.0226;0.5641;248.12;9.2704;0.3271;0.1009;8.8169;0.0254;257.4;0.5158;0.041;0.0127;0.4619;0.0002;248.27;20.151;6.2152;221.67;0.0876;156.97;130.29;41.185;0.2442;1.5663;22.531;0.1456;23.853;0;1;0;0;0.992;0.9863;1;1;0.9871;0.1673;0.964;0.984;1;0.9617;0.775;0.998;0.998;1;0.998;0.998;0.9489;0.9474;0.1294;0.7442;0.7554;0.0045;0.0153;-0.0002;0.0052;0.0183;0.0042;0;0;0.088;0.5919;0;0;0;0;0;0;0;0;0;0;0;0;0.0147;0.0016;0.6919;0.6919;0;24.936;24.936;12.136;0.0489;645.88;1071.2;1;0.012;0.012;0;0;0;0;0;0;0.6799;0.5919;0;17.484;20.246;14.958;17.321;98.272;98.272;6.2759;5.8347;4.9917;0.4413;0.843;0.0703;0.1343;0.7954;141.95;0.7472;0
11/05/21 13:00;32.187;27.181;48.838;54.029;35.971;90;35.971;319;251;68.002;14.08;0.35;0;84.024;205.41;29.578;0;5.1704;324.18;0;324.18;84.024;29.578;205.41;5.1704;0.2592;0.6496;0;0.0159;307.38;16.801;0;0;12.139;4.6623;299.11;7.6617;1.0108;0.3558;6.2279;0.0672;306.77;0.6148;0.168;0.0592;0.3865;0.001;300.77;82.845;29.163;186.66;0.4399;186.85;155.09;52.444;5.814;2.0013;28.788;1.661;24.975;0;1;0;0;1.0163;0.9482;1;1;0.9409;0.0983;0.975;0.9879;1;0.9677;0.8674;0.998;0.998;1;0.998;0.998;0.9226;0.9087;0.0851;0.9226;0.9182;0.0055;0.0133;0.0122;0.0062;0.022;0.0053;0;0;0.088;0.7318;0;0;0;0;0;0;0;0;0;0;0;0;0.0177;0.0023;0.8336;0.8336;0;28.736;28.736;14.656;0.049;785.77;1060.9;1;0.0138;0.0138;0;0;0;0;0;0;0.8198;0.7318;0;16.992;19.676;14.916;17.273;98.341;98.341;7.7804;7.03;6.1713;0.7504;0.8587;0.0964;0.1104;0.7932;141.53;0.7437;0
11/05/21 14:00;25.254;41.417;42.706;35.491;54.509;90;54.509;103.2;101.6;1.5993;14.48;0.5501;0;2.7547;80.07;0.4901;0;3.6792;86.994;0;86.994;2.7547;0.4901;80.07;3.6792;0.0317;0.9627;0;0.0423;74.79;12.204;0;0;8.7581;3.4459;72.184;2.457;0.0233;0.0041;2.4193;0.0103;74.641;0.1496;0.0055;0.001;0.1426;0.0005;73.68;2.7259;0.485;68.75;0.2225;66.066;54.835;20.152;9.524;1.0884;15.656;1.4959;7.2205;0;1;0;0;0.843;0.8597;1;1;0.8906;0.0634;0.9671;0.9915;1;0.966;0.9559;0.998;0.998;1;0.998;0.998;0.8298;0.8586;0.0605;0.2476;0.2422;0.0015;0.0157;-0.0062;0.0016;0.0057;0.0028;0;0;0.088;0.1216;0;0;0;0;0;0;0;0;0;0;0;0;0.0046;0.0003;0.2161;0.2161;0;18.031;18.031;3.5509;0.0492;205.03;1054.1;1;0.0065;0.0065;0;0;0;0;0;0;0.2096;0.1216;0;16.416;19.01;9.237;10.696;96.985;96.985;2.0879;1.8226;1.0255;0.2653;0.7971;0.1271;0.3818;0.4912;65.513;0.4329;0
11/05/21 15:00;16.224;53.24;47.344;19.961;35.927;90;35.927;272.7;91.697;181.01;14.3;0.99;0;438.99;42.814;107.64;0;4.4096;593.85;0;593.85;438.99;107.64;42.814;4.4096;0.7392;0.0795;0;0.0074;587.35;6.5008;0;0;2.5253;3.9755;578.72;7.4548;4.8979;1.201;1.2983;0.0576;586.18;1.1747;0.878;0.2153;0.0806;0.0009;579.01;433.21;106.22;38.91;0.3757;30.593;25.392;8.3806;1.2076;0.3577;5.1448;0.2913;4.2948;0;1;0;0;2.1777;0.9891;1;1;0.941;0.0985;0.9873;0.9888;1;0.9677;0.867;0.998;0.998;1;0.998;0.998;0.9745;0.9088;0.0852;1.6901;1.6669;0.01;0.003;0.105;0.0108;0.0384;0.0009;0;0;0.088;1.35;0;0;0;0;0;0;0;0;0;0;0;0;0.031;0.0068;1.4609;1.4609;0;42.888;42.888;28.588;0.0494;1436.4;1017;1;0.0228;0.0228;0;0;0;0;0;0;1.438;1.35;0;16.255;18.823;15.022;17.395;98.438;98.438;14.252;12.32;11.385;1.9329;0.9346;0.1356;0.0656;0.7988;29.488;0.7937;0
11/05/21 16:00;5.7955;63.166;75.824;6.4892;9.4189;90;9.4189;31.509;30.998;0.5114;14.3;1.4;0;1.2402;30.672;0.2844;0;0.0361;32.233;0;32.233;1.2402;0.2844;30.672;0.0361;0.0385;0.9527;0;0.0011;32.002;0.2309;0;0;0.2009;0.03;30.375;1.5635;0.2509;0.0575;1.2537;0.0014;31.938;0.064;0.0025;0.0006;0.0609;0;30.381;0.9868;0.2263;29.157;0.0047;18.364;15.242;4.764;0.007;0.1854;2.6663;0.0058;2.8447;0;1;0;0;1.023;0.9928;1;1;0.9935;0.1678;0.951;0.7973;1;0.9588;0.775;0.998;0.998;1;0.998;0.998;0.9423;0.9506;0.1298;0.0917;0.0923;0.0006;0.0107;-0.0031;0.0006;0.0021;0.0005;0;0;0.088;-0.0128;0;0;0;0;0;0;0;0;0;0;0;0;0.0017;0.0001;0.0792;0.0792;0;15.808;15.808;1.5078;0.0496;77.196;1026.5;1;0.004;0.004;0;0;0;0;0;0;0.0752;-0.0128;0;16.245;18.812;-2.6191;-3.0329;94.928;94.928;0.7736;0.6683;-0.1077;0.1053;0.776;0.1362;1.0031;0;18.361;0;0
11/05/21 17:00;0.2191;67.62;89.469;0.2369;0.3377;90;0.3377;0;0;0;13.18;1.62;0;0;0;0;0;0;0;0;0;0;0;0;0;1;1;1;1;0;0;0;0;0;0;0;0;0;0;0;0;0;0;0;0;0;0;0;0;0;0;0;0;0;0;0;0;0;0;0;0;0;0;0;1;1;1;1;1;1;1;1;1;1;1;1;1;1;1;1;1;1;1;0;0;0;0;0;0;0;0;0;0.0004;0.088;-0.0884;0;0;0;0;0;0;0;0;0;0;0;0;0;0;0;0;0;0;0;-13.18;0;0;0;0;0.0004;0;0;0;0;0;0;0;-0.0004;-0.0884;0;0;0;0;0;0;0;0;0;-0.7452;0;0.7452;1;1;0;0;0;0
11/05/21 18:00;0;0;90;0;0;90;0;0;0;0;12.8;1.5801;0;0;0;0;0;0;0;0;0;0;0;0;0;1;1;1;1;0;0;0;0;0;0;0;0;0;0;0;0;0;0;0;0;0;0;0;0;0;0;0;0;0;0;0;0;0;0;0;0;0;0;0;1;1;1;1;1;1;1;1;1;1;1;1;1;1;1;1;1;1;1;0;0;0;0;0;0;0;0;0;0.0004;0.088;-0.0884;0;0;0;0;0;0;0;0;0;0;0;0;0;0;0;0;0;0;0;-12.8;0;0;0;0;0.0004;0;0;0;0;0;0;0;-0.0004;-0.0884;0;0;0;0;0;0;0;0;0;-0.7452;0;0.7452;1;1;0;0;0;0
11/05/21 19:00;0;0;90;0;0;90;0;0;0;0;12.31;1.41;0;0;0;0;0;0;0;0;0;0;0;0;0;1;1;1;1;0;0;0;0;0;0;0;0;0;0;0;0;0;0;0;0;0;0;0;0;0;0;0;0;0;0;0;0;0;0;0;0;0;0;0;1;1;1;1;1;1;1;1;1;1;1;1;1;1;1;1;1;1;1;0;0;0;0;0;0;0;0;0;0.0004;0.088;-0.0884;0;0;0;0;0;0;0;0;0;0;0;0;0;0;0;0;0;0;0;-12.31;0;0;0;0;0.0004;0;0;0;0;0;0;0;-0.0004;-0.0884;0;0;0;0;0;0;0;0;0;-0.7452;0;0.7452;1;1;0;0;0;0
11/05/21 20:00;0;0;90;0;0;90;0;0;0;0;11.8;1.23;0;0;0;0;0;0;0;0;0;0;0;0;0;1;1;1;1;0;0;0;0;0;0;0;0;0;0;0;0;0;0;0;0;0;0;0;0;0;0;0;0;0;0;0;0;0;0;0;0;0;0;0;1;1;1;1;1;1;1;1;1;1;1;1;1;1;1;1;1;1;1;0;0;0;0;0;0;0;0;0;0.0004;0.088;-0.0884;0;0;0;0;0;0;0;0;0;0;0;0;0;0;0;0;0;0;0;-11.8;0;0;0;0;0.0004;0;0;0;0;0;0;0;-0.0004;-0.0884;0;0;0;0;0;0;0;0;0;-0.7452;0;0.7452;1;1;0;0;0;0
11/05/21 21:00;0;0;90;0;0;90;0;0;0;0;11.42;1.1999;0;0;0;0;0;0;0;0;0;0;0;0;0;1;1;1;1;0;0;0;0;0;0;0;0;0;0;0;0;0;0;0;0;0;0;0;0;0;0;0;0;0;0;0;0;0;0;0;0;0;0;0;1;1;1;1;1;1;1;1;1;1;1;1;1;1;1;1;1;1;1;0;0;0;0;0;0;0;0;0;0.0004;0.088;-0.0884;0;0;0;0;0;0;0;0;0;0;0;0;0;0;0;0;0;0;0;-11.42;0;0;0;0;0.0004;0;0;0;0;0;0;0;-0.0004;-0.0884;0;0;0;0;0;0;0;0;0;-0.7452;0;0.7452;1;1;0;0;0;0
11/05/21 22:00;0;0;90;0;0;90;0;0;0;0;10.3;1.3401;0;0;0;0;0;0;0;0;0;0;0;0;0;1;1;1;1;0;0;0;0;0;0;0;0;0;0;0;0;0;0;0;0;0;0;0;0;0;0;0;0;0;0;0;0;0;0;0;0;0;0;0;1;1;1;1;1;1;1;1;1;1;1;1;1;1;1;1;1;1;1;0;0;0;0;0;0;0;0;0;0.0004;0.088;-0.0884;0;0;0;0;0;0;0;0;0;0;0;0;0;0;0;0;0;0;0;-10.3;0;0;0;0;0.0004;0;0;0;0;0;0;0;-0.0004;-0.0884;0;0;0;0;0;0;0;0;0;-0.7452;0;0.7452;1;1;0;0;0;0
11/05/21 23:00;0;0;90;0;0;90;0;0;0;0;10.5;1.5999;0;0;0;0;0;0;0;0;0;0;0;0;0;1;1;1;1;0;0;0;0;0;0;0;0;0;0;0;0;0;0;0;0;0;0;0;0;0;0;0;0;0;0;0;0;0;0;0;0;0;0;0;1;1;1;1;1;1;1;1;1;1;1;1;1;1;1;1;1;1;1;0;0;0;0;0;0;0;0;0;0.0004;0.088;-0.0884;0;0;0;0;0;0;0;0;0;0;0;0;0;0;0;0;0;0;0;-10.5;0;0;0;0;0.0004;0;0;0;0;0;0;0;-0.0004;-0.0884;0;0;0;0;0;0;0;0;0;-0.7452;0;0.7452;1;1;0;0;0;0
12/05/21 00:00;0;0;90;0;0;90;0;0;0;0;9.7999;1.7;0;0;0;0;0;0;0;0;0;0;0;0;0;1;1;1;1;0;0;0;0;0;0;0;0;0;0;0;0;0;0;0;0;0;0;0;0;0;0;0;0;0;0;0;0;0;0;0;0;0;0;0;1;1;1;1;1;1;1;1;1;1;1;1;1;1;1;1;1;1;1;0;0;0;0;0;0;0;0;0;0.0004;0.088;-0.0884;0;0;0;0;0;0;0;0;0;0;0;0;0;0;0;0;0;0;0;-9.7999;0;0;0;0;0.0004;0;0;0;0;0;0;0;-0.0004;-0.0884;0;0;0;0;0;0;0;0;0;-0.7452;0;0.7452;1;1;0;0;0;0
12/05/21 01:00;0;0;90;0;0;90;0;0;0;0;9.1598;1.7501;0;0;0;0;0;0;0;0;0;0;0;0;0;1;1;1;1;0;0;0;0;0;0;0;0;0;0;0;0;0;0;0;0;0;0;0;0;0;0;0;0;0;0;0;0;0;0;0;0;0;0;0;1;1;1;1;1;1;1;1;1;1;1;1;1;1;1;1;1;1;1;0;0;0;0;0;0;0;0;0;0.0004;0.088;-0.0884;0;0;0;0;0;0;0;0;0;0;0;0;0;0;0;0;0;0;0;-9.1598;0;0;0;0;0.0004;0;0;0;0;0;0;0;-0.0004;-0.0884;0;0;0;0;0;0;0;0;0;-0.7452;0;0.7452;1;1;0;0;0;0
12/05/21 02:00;0;0;90;0;0;90;0;0;0;0;9.2601;1.87;0;0;0;0;0;0;0;0;0;0;0;0;0;1;1;1;1;0;0;0;0;0;0;0;0;0;0;0;0;0;0;0;0;0;0;0;0;0;0;0;0;0;0;0;0;0;0;0;0;0;0;0;1;1;1;1;1;1;1;1;1;1;1;1;1;1;1;1;1;1;1;0;0;0;0;0;0;0;0;0;0.0004;0.088;-0.0884;0;0;0;0;0;0;0;0;0;0;0;0;0;0;0;0;0;0;0;-9.2601;0;0;0;0;0.0004;0;0;0;0;0;0;0;-0.0004;-0.0884;0;0;0;0;0;0;0;0;0;-0.7452;0;0.7452;1;1;0;0;0;0
12/05/21 03:00;0;0;90;0;0;90;0;0;0;0;9.4097;1.96;0;0;0;0;0;0;0;0;0;0;0;0;0;1;1;1;1;0;0;0;0;0;0;0;0;0;0;0;0;0;0;0;0;0;0;0;0;0;0;0;0;0;0;0;0;0;0;0;0;0;0;0;1;1;1;1;1;1;1;1;1;1;1;1;1;1;1;1;1;1;1;0;0;0;0;0;0;0;0;0;0.0004;0.088;-0.0884;0;0;0;0;0;0;0;0;0;0;0;0;0;0;0;0;0;0;0;-9.4097;0;0;0;0;0.0004;0;0;0;0;0;0;0;-0.0004;-0.0884;0;0;0;0;0;0;0;0;0;-0.7452;0;0.7452;1;1;0;0;0;0
12/05/21 04:00;0;0;90;0;0;90;0;0;0;0;8.1799;2.03;0;0;0;0;0;0;0;0;0;0;0;0;0;1;1;1;1;0;0;0;0;0;0;0;0;0;0;0;0;0;0;0;0;0;0;0;0;0;0;0;0;0;0;0;0;0;0;0;0;0;0;0;1;1;1;1;1;1;1;1;1;1;1;1;1;1;1;1;1;1;1;0;0;0;0;0;0;0;0;0;0.0004;0.088;-0.0884;0;0;0;0;0;0;0;0;0;0;0;0;0;0;0;0;0;0;0;-8.1799;0;0;0;0;0.0004;0;0;0;0;0;0;0;-0.0004;-0.0884;0;0;0;0;0;0;0;0;0;-0.7452;0;0.7452;1;1;0;0;0;0
12/05/21 05:00;0;0;90;0;0;90;0;0;0;0;7.0298;2.1;0;0;0;0;0;0;0;0;0;0;0;0;0;1;1;1;1;0;0;0;0;0;0;0;0;0;0;0;0;0;0;0;0;0;0;0;0;0;0;0;0;0;0;0;0;0;0;0;0;0;0;0;1;1;1;1;1;1;1;1;1;1;1;1;1;1;1;1;1;1;1;0;0;0;0;0;0;0;0;0;0.0004;0.088;-0.0884;0;0;0;0;0;0;0;0;0;0;0;0;0;0;0;0;0;0;0;-7.0298;0;0;0;0;0.0004;0;0;0;0;0;0;0;-0.0004;-0.0884;0;0;0;0;0;0;0;0;0;-0.7452;0;0.7452;1;1;0;0;0;0
12/05/21 06:00;1.1792;-66.564;87.139;1.2852;1.833;-90;-1.833;0;0;0;7.0099;1.9199;0;0;0;0;0;0;0;0;0;0;0;0;0;1;1;1;1;0;0;0;0;0;0;0;0;0;0;0;0;0;0;0;0;0;0;0;0;0;0;0;0;0;0;0;0;0;0;0;0;0;0;0;1;1;1;1;1;1;1;1;1;1;1;1;1;1;1;1;1;1;1;0;0;0;0;0;0;0;0;0;0.0004;0.088;-0.0884;0;0;0;0;0;0;0;0;0;0;0;0;0;0;0;0;0;0;0;-7.0099;0;0;0;0;0.0004;0;0;0;0;0;0;0;-0.0004;-0.0884;0;0;0;0;0;0;0;0;0;-0.7452;0;0.7452;1;1;0;0;0;0
12/05/21 07:00;7.7856;-61.123;70.82;8.8745;13.097;-90;-13.097;55.107;44.103;11.005;7.45;2.18;0;26.689;40.886;6.4943;0;0.1218;74.191;0;74.191;26.689;6.4943;40.886;0.1218;0.3597;0.5527;0;0.0016;73.627;0.5645;0;0;0.4634;0.1012;67.996;5.4837;3.1438;0.765;1.5703;0.0046;73.479;0.1473;0.0534;0.013;0.0808;0;68.015;23.492;5.7163;38.772;0.016;24.789;20.575;6.4715;0.0325;0.2491;3.5827;0.0188;3.7993;0;1;0;0;1.3463;0.9924;1;1;0.9887;0.1699;0.9254;0.882;1;0.9611;0.7756;0.998;0.998;1;0.998;0.998;0.9165;0.9483;0.1315;0.2111;0.2018;0.0012;0.0148;-0.0105;0.0014;0.0049;0.0007;0;0;0.088;0.0906;0;0;0;0;0;0;0;0;0;0;0;0;0.0039;0.0002;0.1852;0.1852;0;10.777;10.777;3.3267;0.0489;171.04;1082.7;1;0.0066;0.0066;0;0;0;0;0;0;0.1786;0.0906;0;16.494;19.1;8.0696;9.3444;96.441;96.441;1.7806;1.5618;0.7641;0.2188;0.7977;0.1229;0.448;0.4291;24.722;0.4141;0
12/05/21 08:00;17.96;-50.887;41.596;22.674;46.539;-90;-46.539;150.81;124.5;26.309;9.76;1.8;0;63.808;98.367;19.255;0;4.0012;185.43;0;185.43;63.808;19.255;98.367;4.0012;0.3441;0.5521;0;0.0216;173.2;12.227;0;0;8.5247;3.7018;169.26;3.6018;0.4979;0.1502;2.9378;0.0159;172.86;0.3464;0.1276;0.0385;0.1797;0.0006;170.46;63.182;19.067;86.725;0.2828;74.434;61.78;21.824;6.7471;1.0246;14.738;1.2023;9.0155;0;1;0;0;1.2296;0.9341;1;1;0.9133;0.0748;0.9792;0.9922;1;0.9672;0.9468;0.998;0.998;1;0.998;0.998;0.9128;0.8816;0.0707;0.5277;0.5172;0.0031;0.0171;-0.013;0.0036;0.0127;0.0028;0;0;0.088;0.3825;0;0;0;0;0;0;0;0;0;0;0;0;0.0102;0.0009;0.4799;0.4799;0;18.016;18.016;8.2562;0.0488;441.61;1086.7;1;0.0094;0.0094;0;0;0;0;0;0;0.4705;0.3825;0;17.101;19.803;13.63;15.783;98.041;98.041;4.4504;4.047;3.2256;0.4034;0.8214;0.0906;0.1846;0.7248;74.266;0.6841;0
12/05/21 09:00;26.611;-38.641;44.293;38.741;51.259;-90;-51.259;289.8;183.6;106.2;12.06;1.8399;0;169.69;122.8;51.986;0;9.2175;353.7;0;353.7;169.69;51.986;122.8;9.2175;0.4798;0.3733;0;0.0261;332.88;20.82;0;0;12.245;8.5745;326.43;5.7887;1.5911;0.4875;3.6838;0.0263;332.22;0.6658;0.3394;0.104;0.2211;0.0013;329.27;167.76;51.395;106.65;0.6153;144.89;120.26;41.675;11.779;1.9588;28.176;2.8443;18.357;0;1;0;0;1.2205;0.9411;1;1;0.9003;0.0698;0.9826;0.9906;1;0.9666;0.959;0.998;0.998;1;0.998;0.998;0.9229;0.8685;0.0668;1.0066;0.9985;0.006;0.0122;0.0108;0.0068;0.0241;0.0052;0;0;0.088;0.8084;0;0;0;0;0;0;0;0;0;0;0;0;0.0194;0.0026;0.9114;0.9114;0;28.036;28.036;15.976;0.0489;854.96;1066.1;1;0.0151;0.0151;0;0;0;0;0;0;0.8964;0.8084;0;17.028;19.718;15.102;17.488;98.347;98.347;8.4888;7.6863;6.8171;0.8025;0.8692;0.0945;0.1024;0.8031;97.117;0.7579;0
12/05/21 10:00;33.005;-23.951;50.033;57.994;32.006;-90;-32.006;543.49;93.101;450.39;13.67;1.46;0;531.13;32.861;67.85;0;7.0223;638.86;0;638.86;531.13;67.85;32.861;7.0223;0.8314;0.0624;0;0.011;631.06;7.7961;0;0;1.6107;6.1854;621.02;8.7779;6.7669;0.8645;1.0115;0.135;629.8;1.2621;1.0623;0.1357;0.0625;0.0017;622.92;523.3;66.85;30.176;0.7002;284.13;235.83;80.187;0.6241;2.4805;35.681;1.9004;37.537;0;1;0;0;1.1755;0.9878;1;1;0.951;0.1192;0.9861;0.9872;1;0.9676;0.8384;0.998;0.998;1;0.998;0.998;0.9721;0.9183;0.0997;1.8181;1.8537;0.0112;0.001;0.1262;0.012;0.0426;0.0063;0;0;0.088;1.4983;0;0;0;0;0;0;0;0;0;0;0;0;0.0343;0.0082;1.6119;1.6119;0;44.378;44.378;30.707;0.0494;1594.1;1011.2;1;0.0256;0.0256;0;0;0;0;0;0;1.5863;1.4983;0;16.673;19.307;15.498;17.946;98.411;98.411;15.333;13.593;12.635;1.7392;0.9581;0.1134;0.0625;0.8241;21.968;0.791;0
12/05/21 11:00;36.304;-7.0854;53.105;80.469;9.5308;-90;-9.5308;599.4;104.3;495.1;15.25;1.0301;0;502.03;38.843;66.102;0;0.7033;607.67;0;607.67;502.03;66.102;38.843;0.7033;0.8261;0.0651;0;0.0012;606.83;0.8424;0;0;0.2583;0.5841;594.37;11.245;8.5126;1.1209;1.585;0.0267;605.62;1.2137;1.0041;0.1322;0.0772;0.0002;594.51;492.51;64.849;36.923;0.0923;350.44;290.86;95.06;0.0095;3.2595;46.886;0.1315;50.136;0;1;0;0;1.0138;0.9986;1;1;0.9933;0.1695;0.9814;0.983;1;0.9588;0.7756;0.998;0.998;1;0.998;0.998;0.9781;0.9506;0.1312;1.7294;1.7948;0.0108;0.0016;0.1241;0.0116;0.0412;0.0082;0;0;0.088;1.4439;0;0;0;0;0;0;0;0;0;0;0;0;0.0332;0.0078;1.5564;1.5564;0;44.65;44.65;29.401;0.0495;1542.6;1008.9;1;0.0245;0.0245;0;0;0;0;0;0;1.5319;1.4439;0;16.925;19.599;15.701;18.182;98.426;98.426;14.584;13.126;12.177;1.4586;0.9488;0.1;0.0651;0.8349;23.258;0.7893;0
12/05/21 12:00;35.929;10.561;52.752;75.806;14.194;90;14.194;593.89;109.8;484.09;17.17;0.77;0;499.34;41.452;69.834;0;1.5411;612.17;0;612.17;499.34;69.834;41.452;1.5411;0.8157;0.0702;0;0.0025;610.34;1.8233;0;0;0.5399;1.2834;598.2;10.923;8.1632;1.1416;1.5601;0.0579;609.12;1.2207;0.9987;0.1397;0.0818;0.0005;598.54;490.18;68.552;39.271;0.1993;343.42;285.04;93.954;0.0444;3.1446;45.233;0.3432;48.333;0;1;0;0;1.0308;0.997;1;1;0.987;0.1672;0.9821;0.9836;1;0.9618;0.775;0.998;0.998;1;0.998;0.998;0.9772;0.9474;0.1293;1.7422;1.8031;0.0109;0.0015;0.1385;0.0116;0.041;0.0079;0;0;0.088;1.4386;0;0;0;0;0;0;0;0;0;0;0;0;0.033;0.0078;1.5508;1.5508;0;46.812;46.812;29.642;0.0496;1549.8;1000.6;1;0.0243;0.0243;0;0;0;0;0;0;1.5266;1.4386;0;16.74;19.385;15.529;17.982;98.436;98.436;14.692;13.078;12.132;1.6135;0.9466;0.1098;0.0644;0.8257;25.155;0.7825;0
12/05/21 13:00;31.954;27.07;49.071;53.886;36.114;90;36.114;525.7;114;411.69;18.44;0.6301;0;509.62;43.134;82.048;0;8.5862;643.39;0;643.39;509.62;82.048;43.134;8.5862;0.7921;0.0804;0;0.0133;633.08;10.312;0;0;2.5648;7.7473;623.19;8.6152;6.1999;0.9982;1.3073;0.1099;631.81;1.2662;1.0192;0.1641;0.0811;0.0017;625.6;502.4;80.886;39.181;0.7272;264.97;219.92;74.276;1.2395;2.3885;34.358;2.4054;35.507;0;1;0;0;1.2239;0.984;1;1;0.9405;0.0977;0.9864;0.9878;1;0.9677;0.8687;0.998;0.998;1;0.998;0.998;0.9686;0.9083;0.0847;1.831;1.8587;0.0112;0.001;0.1598;0.0118;0.0419;0.0059;0;0;0.088;1.4724;0;0;0;0;0;0;0;0;0;0;0;0;0.0337;0.0083;1.5851;1.5851;0;49.381;49.381;30.942;0.0496;1599.2;991.22;1;0.0247;0.0247;0;0;0;0;0;0;1.5604;1.4724;0;16.28;18.852;15.122;17.511;98.44;98.44;15.441;13.368;12.417;2.0737;0.9507;0.1343;0.0616;0.8041;29.753;0.7732;0
12/05/21 14:00;25.045;41.263;42.923;35.317;54.683;90;54.683;246.6;203.6;43.002;18.82;0.4099;0;74.385;148.46;26.74;0;8.8437;258.42;0;258.42;74.385;26.74;148.46;8.8437;0.2878;0.6087;0;0.0342;233.83;24.597;0;0;16.314;8.2834;227.98;5.3801;0.638;0.2293;4.4879;0.0249;233.36;0.4677;0.1488;0.0535;0.2643;0.0011;231.16;73.598;26.457;127.39;0.5343;138.66;115.09;41.46;17.858;2.2003;31.65;3.1805;15.992;0;1;0;0;1.0479;0.9048;1;1;0.8901;0.0634;0.9769;0.9914;1;0.966;0.9555;0.998;0.998;1;0.998;0.998;0.8822;0.8581;0.0604;0.7355;0.7248;0.0044;0.0156;0.013;0.0048;0.0172;0.0057;0;0;0.088;0.5496;0;0;0;0;0;0;0;0;0;0;0;0;0.0138;0.0015;0.6487;0.6487;0;30.025;30.025;11.205;0.0491;618.95;1048;1;0.0111;0.0111;0;0;0;0;0;0;0.6376;0.5496;0;16.586;19.207;14.052;16.272;98.289;98.289;6.2022;5.4702;4.6345;0.732;0.8357;0.118;0.1347;0.7472;121.7;0.6845;0
12/05/21 15:00;16.038;53.063;47.929;19.781;35.382;90;35.382;233.11;123;110.11;19.4;0.36;0;267.04;78.388;88.858;0;3.6595;437.94;0;437.94;267.04;88.858;78.388;3.6595;0.6098;0.1873;0;0.0084;430.14;7.8053;0;0;4.5142;3.291;422.75;6.5238;3.0706;1.0218;2.3808;0.0507;429.28;0.8603;0.5341;0.1777;0.1477;0.0007;423.21;263.43;87.658;71.345;0.3171;54.477;45.216;15.355;2.097;0.6054;8.7079;0.458;7.2162;0;1;0;0;1.8787;0.9822;1;1;0.9424;0.1007;0.9848;0.9885;1;0.9677;0.8622;0.998;0.998;1;0.998;0.998;0.9653;0.9102;0.0866;1.2463;1.2283;0.0074;0.0089;0.0666;0.008;0.0284;0.0015;0;0;0.088;0.9755;0;0;0;0;0;0;0;0;0;0;0;0;0.0229;0.0039;1.0805;1.0805;0;40.269;40.269;20.869;0.0494;1057.9;1021.4;1;0.017;0.017;0;0;0;0;0;0;1.0635;0.9755;0;16.304;18.879;14.72;17.045;98.428;98.428;10.511;9.1122;8.2269;1.3984;0.8853;0.133;0.0842;0.7827;53.758;0.7712;0
12/05/21 16:00;5.6306;62.975;76.234;6.3155;9.1578;90;9.1578;53.408;51.1;2.3073;17.74;1.33;0;5.5959;49.882;2.1783;0;0.0579;57.714;0;57.714;5.5959;2.1783;49.882;0.0579;0.097;0.8653;0;0.001;57.354;0.36;0;0;0.3118;0.0482;53.547;3.693;1.1832;0.4606;2.0471;0.0022;57.24;0.1147;0.0112;0.0044;0.0991;0;53.555;4.4015;1.7134;47.424;0.0075;29.858;24.782;7.7453;0.0102;0.3013;4.3345;0.0087;4.6256;0;1;0;0;1.0806;0.9938;1;1;0.9937;0.1678;0.9355;0.7881;1;0.9586;0.7751;0.998;0.998;1;0.998;0.998;0.9278;0.9507;0.1298;0.1643;0.1619;0.001;0.0137;-0.0027;0.0011;0.0037;0.0008;0;0;0.088;0.0476;0;0;0;0;0;0;0;0;0;0;0;0;0.003;0.0001;0.1413;0.1413;0;20.388;20.388;2.6485;0.0495;137.03;1031.4;1;0.0057;0.0057;0;0;0;0;0;0;0.1356;0.0476;0;16.182;18.739;5.455;6.3167;95.972;95.972;1.3851;1.1919;0.4018;0.1932;0.7901;0.1395;0.5704;0.2901;29.842;0.2746;0
12/05/21 17:00;0.0629;67.422;89.937;0;0;90;0;0;0;0;14.12;1.9001;0;0;0;0;0;0;0;0;0;0;0;0;0;1;1;1;1;0;0;0;0;0;0;0;0;0;0;0;0;0;0;0;0;0;0;0;0;0;0;0;0;0;0;0;0;0;0;0;0;0;0;0;1;1;1;1;1;1;1;1;1;1;1;1;1;1;1;1;1;1;1;0;0;0;0;0;0;0;0;0;0.0004;0.088;-0.0884;0;0;0;0;0;0;0;0;0;0;0;0;0;0;0;0;0;0;0;-14.12;0;0;0;0;0.0004;0;0;0;0;0;0;0;-0.0004;-0.0884;0;0;0;0;0;0;0;0;0;-0.7452;0;0.7452;1;1;0;0;0;0
12/05/21 18:00;0;0;90;0;0;90;0;0;0;0;11.92;2.13;0;0;0;0;0;0;0;0;0;0;0;0;0;1;1;1;1;0;0;0;0;0;0;0;0;0;0;0;0;0;0;0;0;0;0;0;0;0;0;0;0;0;0;0;0;0;0;0;0;0;0;0;1;1;1;1;1;1;1;1;1;1;1;1;1;1;1;1;1;1;1;0;0;0;0;0;0;0;0;0;0.0004;0.088;-0.0884;0;0;0;0;0;0;0;0;0;0;0;0;0;0;0;0;0;0;0;-11.92;0;0;0;0;0.0004;0;0;0;0;0;0;0;-0.0004;-0.0884;0;0;0;0;0;0;0;0;0;-0.7452;0;0.7452;1;1;0;0;0;0
12/05/21 19:00;0;0;90;0;0;90;0;0;0;0;9.7102;2.1599;0;0;0;0;0;0;0;0;0;0;0;0;0;1;1;1;1;0;0;0;0;0;0;0;0;0;0;0;0;0;0;0;0;0;0;0;0;0;0;0;0;0;0;0;0;0;0;0;0;0;0;0;1;1;1;1;1;1;1;1;1;1;1;1;1;1;1;1;1;1;1;0;0;0;0;0;0;0;0;0;0.0004;0.088;-0.0884;0;0;0;0;0;0;0;0;0;0;0;0;0;0;0;0;0;0;0;-9.7102;0;0;0;0;0.0004;0;0;0;0;0;0;0;-0.0004;-0.0884;0;0;0;0;0;0;0;0;0;-0.7452;0;0.7452;1;1;0;0;0;0
12/05/21 20:00;0;0;90;0;0;90;0;0;0;0;8.7901;2.1;0;0;0;0;0;0;0;0;0;0;0;0;0;1;1;1;1;0;0;0;0;0;0;0;0;0;0;0;0;0;0;0;0;0;0;0;0;0;0;0;0;0;0;0;0;0;0;0;0;0;0;0;1;1;1;1;1;1;1;1;1;1;1;1;1;1;1;1;1;1;1;0;0;0;0;0;0;0;0;0;0.0004;0.088;-0.0884;0;0;0;0;0;0;0;0;0;0;0;0;0;0;0;0;0;0;0;-8.7901;0;0;0;0;0.0004;0;0;0;0;0;0;0;-0.0004;-0.0884;0;0;0;0;0;0;0;0;0;-0.7452;0;0.7452;1;1;0;0;0;0
12/05/21 21:00;0;0;90;0;0;90;0;0;0;0;8.2198;1.9199;0;0;0;0;0;0;0;0;0;0;0;0;0;1;1;1;1;0;0;0;0;0;0;0;0;0;0;0;0;0;0;0;0;0;0;0;0;0;0;0;0;0;0;0;0;0;0;0;0;0;0;0;1;1;1;1;1;1;1;1;1;1;1;1;1;1;1;1;1;1;1;0;0;0;0;0;0;0;0;0;0.0004;0.088;-0.0884;0;0;0;0;0;0;0;0;0;0;0;0;0;0;0;0;0;0;0;-8.2198;0;0;0;0;0.0004;0;0;0;0;0;0;0;-0.0004;-0.0884;0;0;0;0;0;0;0;0;0;-0.7452;0;0.7452;1;1;0;0;0;0
12/05/21 22:00;0;0;90;0;0;90;0;0;0;0;8.1699;1.7;0;0;0;0;0;0;0;0;0;0;0;0;0;1;1;1;1;0;0;0;0;0;0;0;0;0;0;0;0;0;0;0;0;0;0;0;0;0;0;0;0;0;0;0;0;0;0;0;0;0;0;0;1;1;1;1;1;1;1;1;1;1;1;1;1;1;1;1;1;1;1;0;0;0;0;0;0;0;0;0;0.0004;0.088;-0.0884;0;0;0;0;0;0;0;0;0;0;0;0;0;0;0;0;0;0;0;-8.1699;0;0;0;0;0.0004;0;0;0;0;0;0;0;-0.0004;-0.0884;0;0;0;0;0;0;0;0;0;-0.7452;0;0.7452;1;1;0;0;0;0
12/05/21 23:00;0;0;90;0;0;90;0;0;0;0;8.2098;1.4399;0;0;0;0;0;0;0;0;0;0;0;0;0;1;1;1;1;0;0;0;0;0;0;0;0;0;0;0;0;0;0;0;0;0;0;0;0;0;0;0;0;0;0;0;0;0;0;0;0;0;0;0;1;1;1;1;1;1;1;1;1;1;1;1;1;1;1;1;1;1;1;0;0;0;0;0;0;0;0;0;0.0004;0.088;-0.0884;0;0;0;0;0;0;0;0;0;0;0;0;0;0;0;0;0;0;0;-8.2098;0;0;0;0;0.0004;0;0;0;0;0;0;0;-0.0004;-0.0884;0;0;0;0;0;0;0;0;0;-0.7452;0;0.7452;1;1;0;0;0;0
13/05/21 00:00;0;0;90;0;0;90;0;0;0;0;8.61;1.1199;0;0;0;0;0;0;0;0;0;0;0;0;0;1;1;1;1;0;0;0;0;0;0;0;0;0;0;0;0;0;0;0;0;0;0;0;0;0;0;0;0;0;0;0;0;0;0;0;0;0;0;0;1;1;1;1;1;1;1;1;1;1;1;1;1;1;1;1;1;1;1;0;0;0;0;0;0;0;0;0;0.0004;0.088;-0.0884;0;0;0;0;0;0;0;0;0;0;0;0;0;0;0;0;0;0;0;-8.61;0;0;0;0;0.0004;0;0;0;0;0;0;0;-0.0004;-0.0884;0;0;0;0;0;0;0;0;0;-0.7452;0;0.7452;1;1;0;0;0;0
13/05/21 01:00;0;0;90;0;0;90;0;0;0;0;7.9997;0.7299;0;0;0;0;0;0;0;0;0;0;0;0;0;1;1;1;1;0;0;0;0;0;0;0;0;0;0;0;0;0;0;0;0;0;0;0;0;0;0;0;0;0;0;0;0;0;0;0;0;0;0;0;1;1;1;1;1;1;1;1;1;1;1;1;1;1;1;1;1;1;1;0;0;0;0;0;0;0;0;0;0.0004;0.088;-0.0884;0;0;0;0;0;0;0;0;0;0;0;0;0;0;0;0;0;0;0;-7.9997;0;0;0;0;0.0004;0;0;0;0;0;0;0;-0.0004;-0.0884;0;0;0;0;0;0;0;0;0;-0.7452;0;0.7452;1;1;0;0;0;0
13/05/21 02:00;0;0;90;0;0;90;0;0;0;0;6.8603;0.27;0;0;0;0;0;0;0;0;0;0;0;0;0;1;1;1;1;0;0;0;0;0;0;0;0;0;0;0;0;0;0;0;0;0;0;0;0;0;0;0;0;0;0;0;0;0;0;0;0;0;0;0;1;1;1;1;1;1;1;1;1;1;1;1;1;1;1;1;1;1;1;0;0;0;0;0;0;0;0;0;0.0004;0.088;-0.0884;0;0;0;0;0;0;0;0;0;0;0;0;0;0;0;0;0;0;0;-6.8603;0;0;0;0;0.0004;0;0;0;0;0;0;0;-0.0004;-0.0884;0;0;0;0;0;0;0;0;0;-0.7452;0;0.7452;1;1;0;0;0;0
13/05/21 03:00;0;0;90;0;0;90;0;0;0;0;6.1198;0.37;0;0;0;0;0;0;0;0;0;0;0;0;0;1;1;1;1;0;0;0;0;0;0;0;0;0;0;0;0;0;0;0;0;0;0;0;0;0;0;0;0;0;0;0;0;0;0;0;0;0;0;0;1;1;1;1;1;1;1;1;1;1;1;1;1;1;1;1;1;1;1;0;0;0;0;0;0;0;0;0;0.0004;0.088;-0.0884;0;0;0;0;0;0;0;0;0;0;0;0;0;0;0;0;0;0;0;-6.1198;0;0;0;0;0.0004;0;0;0;0;0;0;0;-0.0004;-0.0884;0;0;0;0;0;0;0;0;0;-0.7452;0;0.7452;1;1;0;0;0;0
13/05/21 04:00;0;0;90;0;0;90;0;0;0;0;5.35;0.7999;0;0;0;0;0;0;0;0;0;0;0;0;0;1;1;1;1;0;0;0;0;0;0;0;0;0;0;0;0;0;0;0;0;0;0;0;0;0;0;0;0;0;0;0;0;0;0;0;0;0;0;0;1;1;1;1;1;1;1;1;1;1;1;1;1;1;1;1;1;1;1;0;0;0;0;0;0;0;0;0;0.0004;0.088;-0.0884;0;0;0;0;0;0;0;0;0;0;0;0;0;0;0;0;0;0;0;-5.35;0;0;0;0;0.0004;0;0;0;0;0;0;0;-0.0004;-0.0884;0;0;0;0;0;0;0;0;0;-0.7452;0;0.7452;1;1;0;0;0;0
13/05/21 05:00;0;0;90;0;0;90;0;0;0;0;5.56;1.1199;0;0;0;0;0;0;0;0;0;0;0;0;0;1;1;1;1;0;0;0;0;0;0;0;0;0;0;0;0;0;0;0;0;0;0;0;0;0;0;0;0;0;0;0;0;0;0;0;0;0;0;0;1;1;1;1;1;1;1;1;1;1;1;1;1;1;1;1;1;1;1;0;0;0;0;0;0;0;0;0;0.0004;0.088;-0.0884;0;0;0;0;0;0;0;0;0;0;0;0;0;0;0;0;0;0;0;-5.56;0;0;0;0;0.0004;0;0;0;0;0;0;0;-0.0004;-0.0884;0;0;0;0;0;0;0;0;0;-0.7452;0;0.7452;1;1;0;0;0;0
13/05/21 06:00;1.2172;-66.222;87.047;1.33;1.8971;-90;-1.8971;0;0;0;5.8499;1.2899;0;0;0;0;0;0;0;0;0;0;0;0;0;1;1;1;1;0;0;0;0;0;0;0;0;0;0;0;0;0;0;0;0;0;0;0;0;0;0;0;0;0;0;0;0;0;0;0;0;0;0;0;1;1;1;1;1;1;1;1;1;1;1;1;1;1;1;1;1;1;1;0;0;0;0;0;0;0;0;0;0.0004;0.088;-0.0884;0;0;0;0;0;0;0;0;0;0;0;0;0;0;0;0;0;0;0;-5.8499;0;0;0;0;0.0004;0;0;0;0;0;0;0;-0.0004;-0.0884;0;0;0;0;0;0;0;0;0;-0.7452;0;0.7452;1;1;0;0;0;0
13/05/21 07:00;7.6254;-60.934;71.227;8.7083;12.835;-90;-12.835;73.997;37.597;36.4;6.4003;1.5801;0;88.281;29.512;18.703;0;0.1571;136.65;0;136.65;88.281;18.703;29.512;0.1571;0.646;0.2171;0;0.0011;136.2;0.4537;0;0;0.3232;0.1305;121.63;14.299;10.854;2.2996;1.1388;0.006;135.93;0.2724;0.1766;0.0374;0.0584;0.0001;121.64;77.251;16.366;27.991;0.0207;18.046;14.978;4.735;0.0218;0.1796;2.5841;0.0129;2.7419;0;1;0;0;1.8467;0.9967;1;1;0.989;0.1699;0.8948;0.8768;1;0.9609;0.7756;0.998;0.998;1;0.998;0.998;0.8901;0.9485;0.1315;0.3889;0.3532;0.0021;0.017;-0.0162;0.0025;0.0087;0.0005;0;0;0.088;0.2352;0;0;0;0;0;0;0;0;0;0;0;0;0.007;0.0005;0.3312;0.3312;0;12.323;12.323;5.9225;0.0487;301.32;1099;1;0.008;0.008;0;0;0;0;0;0;0.3232;0.2352;0;16.013;18.543;11.373;13.17;97.599;97.599;3.2797;2.7926;1.9835;0.487;0.8092;0.1485;0.2467;0.6048;17.83;0.5963;0
13/05/21 08:00;17.778;-50.712;42.225;22.503;45.66;-90;-45.66;268.41;52.497;215.91;9.3299;1.9101;0;523.64;21.015;67.321;0;6.869;618.84;0;618.84;523.64;67.321;21.015;6.869;0.8462;0.0451;0;0.0111;610.73;8.1175;0;0;1.7713;6.3462;604.02;5.4853;4.2778;0.55;0.6277;0.0298;609.5;1.2215;1.0473;0.1346;0.0385;0.001;604.26;518.31;66.636;18.577;0.492;16.93;14.052;5.0979;1.3511;0.2124;3.0553;0.242;1.9166;0;1;0;0;2.3056;0.9869;1;1;0.9157;0.0761;0.991;0.9918;1;0.9673;0.9429;0.998;0.998;1;0.998;0.998;0.976;0.884;0.0716;1.7612;1.735;0.0104;0.0022;0.0856;0.0115;0.0406;0.0005;0;0;0.088;1.4313;0;0;0;0;0;0;0;0;0;0;0;0;0.0327;0.0073;1.544;1.544;0;39.069;39.069;29.739;0.0492;1494.7;1032.9;1;0.0247;0.0247;0;0;0;0;0;0;1.5193;1.4313;0;16.486;19.091;15.283;17.697;98.4;98.4;14.852;13.02;12.07;1.8319;0.9504;0.1233;0.064;0.8127;15.736;0.8097;0
13/05/21 09:00;26.405;-38.491;44.511;38.581;51.419;-90;-51.419;439.61;72.799;366.81;12.84;3.2799;0;588.2;22.649;71.999;0;14.064;696.91;0;696.91;588.2;71.999;22.649;14.064;0.844;0.0527;0;0.0202;681.55;15.353;0;0;2.2687;13.085;673.2;6.994;5.5901;0.6843;0.6796;0.04;680.19;1.3631;1.1764;0.144;0.0408;0.002;676.26;581.43;71.17;19.66;0.9375;158.77;131.78;42.348;2.1993;1.6662;23.967;3.0637;23.434;0;1;0;0;1.5853;0.978;1;1;0.8998;0.0696;0.9897;0.9905;1;0.9666;0.9591;0.998;0.998;1;0.998;0.998;0.966;0.868;0.0667;1.9833;1.9828;0.0119;-0.0001;0.1474;0.0128;0.0453;0.0042;0;0;0.088;1.6001;0;0;0;0;0;0;0;0;0;0;0;0;0.0365;0.0094;1.7156;1.7156;0;46.168;46.168;33.328;0.0495;1706.2;1005.5;1;0.0275;0.0275;0;0;0;0;0;0;1.6881;1.6001;0;16.267;18.837;15.172;17.569;98.398;98.398;16.726;14.468;13.494;2.2579;0.9739;0.135;0.0582;0.8068;17.941;0.7865;0
13/05/21 10:00;32.774;-23.846;50.267;57.874;32.126;-90;-32.126;557.11;91.697;465.41;14.9;4.33;0;549.56;30.24;69.608;0;7.251;656.66;0;656.66;549.56;69.608;30.24;7.251;0.8369;0.0571;0;0.011;648.78;7.8816;0;0;1.4911;6.3905;638.37;9.107;7.1349;0.9037;0.9303;0.138;647.48;1.2976;1.0991;0.1392;0.0575;0.0017;640.34;541.33;68.565;27.761;0.7207;290.55;241.15;82.024;0.582;2.5311;36.409;1.9613;38.358;0;1;0;0;1.1787;0.988;1;1;0.9507;0.1187;0.9859;0.987;1;0.9676;0.8393;0.998;0.998;1;0.998;0.998;0.9722;0.918;0.0994;1.8688;1.905;0.0115;0.0005;0.1441;0.0122;0.0434;0.0063;0;0;0.088;1.5291;0;0;0;0;0;0;0;0;0;0;0;0;0.035;0.0087;1.6432;1.6432;0;46.518;46.518;31.618;0.0495;1637.9;1003.3;1;0.0261;0.0261;0;0;0;0;0;0;1.6171;1.5291;0;16.535;19.148;15.388;17.819;98.414;98.414;15.76;13.857;12.895;1.9026;0.9619;0.1207;0.061;0.8182;20.234;0.7856;0
13/05/21 11:00;36.059;-7.0501;53.35;80.432;9.5683;-90;-9.5683;359.69;265.4;94.291;16.43;5.0901;0;95.621;231.98;32.239;0;0.4253;360.27;0;360.27;95.621;32.239;231.98;0.4253;0.2654;0.6451;0;0.0012;358.36;1.9061;0;0;1.5529;0.3532;345.95;11.702;1.6639;0.561;9.4605;0.0161;357.65;0.7167;0.1912;0.0645;0.4609;0.0001;346.02;93.766;31.613;220.51;0.0558;212.54;176.4;56.072;0.0567;2.0828;29.961;0.0739;31.987;0;1;0;0;1.0016;0.9947;1;1;0.9933;0.1695;0.9673;0.9826;1;0.9589;0.7756;0.998;0.998;1;0.998;0.998;0.9602;0.9505;0.1312;1.0253;1.05;0.0063;0.0115;0.0315;0.007;0.0248;0.0054;0;0;0.088;0.8373;0;0;0;0;0;0;0;0;0;0;0;0;0.02;0.0029;0.9405;0.9405;0;33.431;33.431;17.001;0.0491;900.77;1044.1;1;0.0152;0.0152;0;0;0;0;0;0;0.9253;0.8373;0;17.251;19.976;15.357;17.784;98.382;98.382;8.6465;7.9315;7.061;0.715;0.8704;0.0827;0.1007;0.8166;138.92;0.7688;0
13/05/21 12:00;35.686;10.516;52.995;75.741;14.259;90;14.259;402.2;256.9;145.3;17.78;5.36;0;149.92;205.83;49.368;0;1.0532;406.17;0;406.17;149.92;49.368;205.83;1.0532;0.3691;0.5094;0;0.0026;402.59;3.5786;0;0;2.7015;0.8771;390.67;11.118;2.5132;0.8276;7.7372;0.0395;401.79;0.8052;0.2998;0.0987;0.4063;0.0004;390.9;147.11;48.442;194.99;0.1362;236.31;196.14;63.208;0.2223;2.2702;32.655;0.2309;34.703;0;1;0;0;1.0099;0.9912;1;1;0.9869;0.1672;0.9723;0.9832;1;0.9618;0.775;0.998;0.998;1;0.998;0.998;0.9618;0.9473;0.1293;1.1559;1.1838;0.0071;0.0096;0.0505;0.0078;0.0277;0.0058;0;0;0.088;0.9446;0;0;0;0;0;0;0;0;0;0;0;0;0.0223;0.0036;1.0492;1.0492;0;37.022;37.022;19.242;0.0493;1016.9;1031.8;1;0.0167;0.0167;0;0;0;0;0;0;1.0326;0.9446;0;17.07;19.767;15.367;17.795;98.411;98.411;9.7481;8.8484;7.9657;0.8997;0.8827;0.0923;0.0906;0.8172;124.93;0.7708;0
13/05/21 13:00;31.726;26.959;49.301;53.748;36.252;90;36.252;469.71;159.9;309.81;17.96;5.3399;0;384.18;80.8;87.35;0;7.7286;560.06;0;560.06;384.18;87.35;80.8;7.7286;0.686;0.1581;0;0.0138;548.25;11.811;0;0;4.8333;6.9779;538.8;8.3449;4.7252;1.0744;2.4479;0.0974;547.15;1.0965;0.7684;0.1747;0.1519;0.0015;541.02;378.68;86.101;73.366;0.6518;242.58;201.34;68.031;2.3503;2.2637;32.562;2.2184;32.475;0;1;0;0;1.1923;0.9789;1;1;0.9402;0.0971;0.9847;0.9877;1;0.9677;0.87;0.998;0.998;1;0.998;0.998;0.9621;0.908;0.0843;1.5939;1.6131;0.0097;0.0037;0.1117;0.0104;0.0369;0.0057;0;0;0.088;1.2893;0;0;0;0;0;0;0;0;0;0;0;0;0.0298;0.0064;1.3988;1.3988;0;44.622;44.622;26.662;0.0495;1387.9;1007.9;1;0.0215;0.0215;0;0;0;0;0;0;1.3773;1.2893;0;16.504;19.111;15.212;17.616;98.465;98.465;13.441;11.796;10.873;1.6451;0.9232;0.1224;0.0687;0.8089;55.795;0.7752;0
13/05/21 14:00;24.84;41.111;43.136;35.147;54.853;90;54.853;482.19;79.597;402.6;17.53;5.0999;0;699.34;17.772;99.082;0;17.391;833.59;0;833.59;699.34;99.082;17.772;17.391;0.839;0.0422;0;0.0209;815.34;18.252;0;0;1.9617;16.29;806.17;7.5339;6.085;0.8621;0.5375;0.0493;813.71;1.6307;1.3987;0.1982;0.0316;0.0022;809.57;691.86;98.022;15.241;1.0499;146.63;121.71;38.639;2.1654;1.5782;22.702;3.4027;22.115;0;1;0;0;1.7287;0.9781;1;1;0.8896;0.0633;0.9907;0.9913;1;0.9659;0.9552;0.998;0.998;1;0.998;0.998;0.9671;0.8576;0.0604;2.3723;2.3617;0.0142;-0.002;0.2732;0.0145;0.0515;0.0038;0;0;0.088;1.8327;0;0;0;0;0;0;0;0;0;0;0;0;0.0415;0.0131;1.9518;1.9518;0;57.812;57.812;40.282;0.05;2038.3;957.55;1;0.031;0.031;0;0;0;0;0;0;1.9207;1.8327;0;15.472;17.916;14.528;16.823;98.409;98.409;20.006;16.46;15.456;3.5465;1.0039;0.1773;0.0502;0.7725;14.595;0.7571;0
13/05/21 15:00;15.858;52.888;48.493;19.606;34.864;90;34.864;186.4;140.2;46.196;17.77;3.9001;0;112.04;111.49;42.985;0;2.8438;269.35;0;269.35;112.04;42.985;111.49;2.8438;0.4159;0.4245;0;0.0106;260.53;8.8249;0;0;6.2735;2.5513;254.74;5.267;1.3252;0.5084;3.3918;0.0415;260.01;0.5211;0.2241;0.086;0.2104;0.0006;255.37;110.49;42.391;101.61;0.2503;76.462;63.464;21.411;2.8346;0.8518;12.252;0.6268;10.269;0;1;0;0;1.445;0.9672;1;1;0.9437;0.1028;0.9797;0.9881;1;0.9677;0.8577;0.998;0.998;1;0.998;0.998;0.9457;0.9114;0.088;0.7666;0.7552;0.0045;0.0153;0.0143;0.005;0.0179;0.0022;0;0;0.088;0.5803;0;0;0;0;0;0;0;0;0;0;0;0;0.0144;0.0016;0.6799;0.6799;0;30.282;30.282;12.513;0.0491;646.92;1050.9;1;0.0116;0.0116;0;0;0;0;0;0;0.6683;0.5803;0;16.679;19.313;14.236;16.485;98.299;98.299;6.4645;5.7333;4.8936;0.7312;0.8396;0.1131;0.1299;0.757;76.149;0.7321;0
13/05/21 16:00;5.4707;62.786;76.631;6.1467;8.9048;90;8.9048;56.709;53.302;3.4067;16.7;2.9599;0;8.2623;51.565;3.4541;0;0.0581;63.34;0;63.34;8.2623;3.4541;51.565;0.0581;0.1304;0.815;0;0.0009;62.984;0.356;0;0;0.3077;0.0484;58.145;4.7126;1.8236;0.7624;2.1245;0.0022;62.858;0.126;0.0165;0.0069;0.1025;0;58.153;6.4222;2.6849;49.031;0.0075;30.855;25.61;8.0031;0.0095;0.3114;4.4792;0.0083;4.7811;0;1;0;0;1.1169;0.9944;1;1;0.994;0.1677;0.925;0.7788;1;0.9585;0.7751;0.998;0.998;1;0.998;0.998;0.918;0.9508;0.1297;0.1803;0.1754;0.0011;0.0141;-0.0035;0.0011;0.0041;0.0008;0;0;0.088;0.0604;0;0;0;0;0;0;0;0;0;0;0;0;0.0033;0.0002;0.1543;0.1543;0;19.571;19.571;2.8712;0.0494;148.56;1038.4;1;0.0059;0.0059;0;0;0;0;0;0;0.1484;0.0604;0;16.095;18.637;6.2973;7.2921;96.169;96.169;1.5202;1.301;0.509;0.2192;0.792;0.1442;0.521;0.3349;30.832;0.318;0
13/05/21 17:00;0;0;90;0;0;90;0;0;0;0;13.41;3.13;0;0;0;0;0;0;0;0;0;0;0;0;0;1;1;1;1;0;0;0;0;0;0;0;0;0;0;0;0;0;0;0;0;0;0;0;0;0;0;0;0;0;0;0;0;0;0;0;0;0;0;0;1;1;1;1;1;1;1;1;1;1;1;1;1;1;1;1;1;1;1;0;0;0;0;0;0;0;0;0;0.0004;0.088;-0.0884;0;0;0;0;0;0;0;0;0;0;0;0;0;0;0;0;0;0;0;-13.41;0;0;0;0;0.0004;0;0;0;0;0;0;0;-0.0004;-0.0884;0;0;0;0;0;0;0;0;0;-0.7452;0;0.7452;1;1;0;0;0;0
13/05/21 18:00;0;0;90;0;0;90;0;0;0;0;12.36;3.3401;0;0;0;0;0;0;0;0;0;0;0;0;0;1;1;1;1;0;0;0;0;0;0;0;0;0;0;0;0;0;0;0;0;0;0;0;0;0;0;0;0;0;0;0;0;0;0;0;0;0;0;0;1;1;1;1;1;1;1;1;1;1;1;1;1;1;1;1;1;1;1;0;0;0;0;0;0;0;0;0;0.0004;0.088;-0.0884;0;0;0;0;0;0;0;0;0;0;0;0;0;0;0;0;0;0;0;-12.36;0;0;0;0;0.0004;0;0;0;0;0;0;0;-0.0004;-0.0884;0;0;0;0;0;0;0;0;0;-0.7452;0;0.7452;1;1;0;0;0;0
13/05/21 19:00;0;0;90;0;0;90;0;0;0;0;10.98;3.5899;0;0;0;0;0;0;0;0;0;0;0;0;0;1;1;1;1;0;0;0;0;0;0;0;0;0;0;0;0;0;0;0;0;0;0;0;0;0;0;0;0;0;0;0;0;0;0;0;0;0;0;0;1;1;1;1;1;1;1;1;1;1;1;1;1;1;1;1;1;1;1;0;0;0;0;0;0;0;0;0;0.0004;0.088;-0.0884;0;0;0;0;0;0;0;0;0;0;0;0;0;0;0;0;0;0;0;-10.98;0;0;0;0;0.0004;0;0;0;0;0;0;0;-0.0004;-0.0884;0;0;0;0;0;0;0;0;0;-0.7452;0;0.7452;1;1;0;0;0;0
13/05/21 20:00;0;0;90;0;0;90;0;0;0;0;10.35;4.02;0;0;0;0;0;0;0;0;0;0;0;0;0;1;1;1;1;0;0;0;0;0;0;0;0;0;0;0;0;0;0;0;0;0;0;0;0;0;0;0;0;0;0;0;0;0;0;0;0;0;0;0;1;1;1;1;1;1;1;1;1;1;1;1;1;1;1;1;1;1;1;0;0;0;0;0;0;0;0;0;0.0004;0.088;-0.0884;0;0;0;0;0;0;0;0;0;0;0;0;0;0;0;0;0;0;0;-10.35;0;0;0;0;0.0004;0;0;0;0;0;0;0;-0.0004;-0.0884;0;0;0;0;0;0;0;0;0;-0.7452;0;0.7452;1;1;0;0;0;0
13/05/21 21:00;0;0;90;0;0;90;0;0;0;0;12.86;4.75;0;0;0;0;0;0;0;0;0;0;0;0;0;1;1;1;1;0;0;0;0;0;0;0;0;0;0;0;0;0;0;0;0;0;0;0;0;0;0;0;0;0;0;0;0;0;0;0;0;0;0;0;1;1;1;1;1;1;1;1;1;1;1;1;1;1;1;1;1;1;1;0;0;0;0;0;0;0;0;0;0.0004;0.088;-0.0884;0;0;0;0;0;0;0;0;0;0;0;0;0;0;0;0;0;0;0;-12.86;0;0;0;0;0.0004;0;0;0;0;0;0;0;-0.0004;-0.0884;0;0;0;0;0;0;0;0;0;-0.7452;0;0.7452;1;1;0;0;0;0
13/05/21 22:00;0;0;90;0;0;90;0;0;0;0;12.27;5.06;0;0;0;0;0;0;0;0;0;0;0;0;0;1;1;1;1;0;0;0;0;0;0;0;0;0;0;0;0;0;0;0;0;0;0;0;0;0;0;0;0;0;0;0;0;0;0;0;0;0;0;0;1;1;1;1;1;1;1;1;1;1;1;1;1;1;1;1;1;1;1;0;0;0;0;0;0;0;0;0;0.0004;0.088;-0.0884;0;0;0;0;0;0;0;0;0;0;0;0;0;0;0;0;0;0;0;-12.27;0;0;0;0;0.0004;0;0;0;0;0;0;0;-0.0004;-0.0884;0;0;0;0;0;0;0;0;0;-0.7452;0;0.7452;1;1;0;0;0;0
13/05/21 23:00;0;0;90;0;0;90;0;0;0;0;11.81;4.9399;0;0;0;0;0;0;0;0;0;0;0;0;0;1;1;1;1;0;0;0;0;0;0;0;0;0;0;0;0;0;0;0;0;0;0;0;0;0;0;0;0;0;0;0;0;0;0;0;0;0;0;0;1;1;1;1;1;1;1;1;1;1;1;1;1;1;1;1;1;1;1;0;0;0;0;0;0;0;0;0;0.0004;0.088;-0.0884;0;0;0;0;0;0;0;0;0;0;0;0;0;0;0;0;0;0;0;-11.81;0;0;0;0;0.0004;0;0;0;0;0;0;0;-0.0004;-0.0884;0;0;0;0;0;0;0;0;0;-0.7452;0;0.7452;1;1;0;0;0;0
14/05/21 00:00;0;0;90;0;0;90;0;0;0;0;11.73;5.53;0;0;0;0;0;0;0;0;0;0;0;0;0;1;1;1;1;0;0;0;0;0;0;0;0;0;0;0;0;0;0;0;0;0;0;0;0;0;0;0;0;0;0;0;0;0;0;0;0;0;0;0;1;1;1;1;1;1;1;1;1;1;1;1;1;1;1;1;1;1;1;0;0;0;0;0;0;0;0;0;0.0004;0.088;-0.0884;0;0;0;0;0;0;0;0;0;0;0;0;0;0;0;0;0;0;0;-11.73;0;0;0;0;0.0004;0;0;0;0;0;0;0;-0.0004;-0.0884;0;0;0;0;0;0;0;0;0;-0.7452;0;0.7452;1;1;0;0;0;0
14/05/21 01:00;0;0;90;0;0;90;0;0;0;0;11.4;6.2001;0;0;0;0;0;0;0;0;0;0;0;0;0;1;1;1;1;0;0;0;0;0;0;0;0;0;0;0;0;0;0;0;0;0;0;0;0;0;0;0;0;0;0;0;0;0;0;0;0;0;0;0;1;1;1;1;1;1;1;1;1;1;1;1;1;1;1;1;1;1;1;0;0;0;0;0;0;0;0;0;0.0004;0.088;-0.0884;0;0;0;0;0;0;0;0;0;0;0;0;0;0;0;0;0;0;0;-11.4;0;0;0;0;0.0004;0;0;0;0;0;0;0;-0.0004;-0.0884;0;0;0;0;0;0;0;0;0;-0.7452;0;0.7452;1;1;0;0;0;0
14/05/21 02:00;0;0;90;0;0;90;0;0;0;0;9.9302;6.0501;0;0;0;0;0;0;0;0;0;0;0;0;0;1;1;1;1;0;0;0;0;0;0;0;0;0;0;0;0;0;0;0;0;0;0;0;0;0;0;0;0;0;0;0;0;0;0;0;0;0;0;0;1;1;1;1;1;1;1;1;1;1;1;1;1;1;1;1;1;1;1;0;0;0;0;0;0;0;0;0;0.0004;0.088;-0.0884;0;0;0;0;0;0;0;0;0;0;0;0;0;0;0;0;0;0;0;-9.9302;0;0;0;0;0.0004;0;0;0;0;0;0;0;-0.0004;-0.0884;0;0;0;0;0;0;0;0;0;-0.7452;0;0.7452;1;1;0;0;0;0
14/05/21 03:00;0;0;90;0;0;90;0;0;0;0;8.6698;5.4801;0;0;0;0;0;0;0;0;0;0;0;0;0;1;1;1;1;0;0;0;0;0;0;0;0;0;0;0;0;0;0;0;0;0;0;0;0;0;0;0;0;0;0;0;0;0;0;0;0;0;0;0;1;1;1;1;1;1;1;1;1;1;1;1;1;1;1;1;1;1;1;0;0;0;0;0;0;0;0;0;0.0004;0.088;-0.0884;0;0;0;0;0;0;0;0;0;0;0;0;0;0;0;0;0;0;0;-8.6698;0;0;0;0;0.0004;0;0;0;0;0;0;0;-0.0004;-0.0884;0;0;0;0;0;0;0;0;0;-0.7452;0;0.7452;1;1;0;0;0;0
14/05/21 04:00;0;0;90;0;0;90;0;0;0;0;7.3197;4.83;0;0;0;0;0;0;0;0;0;0;0;0;0;1;1;1;1;0;0;0;0;0;0;0;0;0;0;0;0;0;0;0;0;0;0;0;0;0;0;0;0;0;0;0;0;0;0;0;0;0;0;0;1;1;1;1;1;1;1;1;1;1;1;1;1;1;1;1;1;1;1;0;0;0;0;0;0;0;0;0;0.0004;0.088;-0.0884;0;0;0;0;0;0;0;0;0;0;0;0;0;0;0;0;0;0;0;-7.3197;0;0;0;0;0.0004;0;0;0;0;0;0;0;-0.0004;-0.0884;0;0;0;0;0;0;0;0;0;-0.7452;0;0.7452;1;1;0;0;0;0
14/05/21 05:00;0;0;90;0;0;90;0;0;0;0;6.49;4.5;0;0;0;0;0;0;0;0;0;0;0;0;0;1;1;1;1;0;0;0;0;0;0;0;0;0;0;0;0;0;0;0;0;0;0;0;0;0;0;0;0;0;0;0;0;0;0;0;0;0;0;0;1;1;1;1;1;1;1;1;1;1;1;1;1;1;1;1;1;1;1;0;0;0;0;0;0;0;0;0;0.0004;0.088;-0.0884;0;0;0;0;0;0;0;0;0;0;0;0;0;0;0;0;0;0;0;-6.49;0;0;0;0;0.0004;0;0;0;0;0;0;0;-0.0004;-0.0884;0;0;0;0;0;0;0;0;0;-0.7452;0;0.7452;1;1;0;0;0;0
14/05/21 06:00;1.0691;-66.032;87.406;1.17;1.6685;-90;-1.6685;0;0;0;6.1098;4.3801;0;0;0;0;0;0;0;0;0;0;0;0;0;1;1;1;1;0;0;0;0;0;0;0;0;0;0;0;0;0;0;0;0;0;0;0;0;0;0;0;0;0;0;0;0;0;0;0;0;0;0;0;1;1;1;1;1;1;1;1;1;1;1;1;1;1;1;1;1;1;1;0;0;0;0;0;0;0;0;0;0.0004;0.088;-0.0884;0;0;0;0;0;0;0;0;0;0;0;0;0;0;0;0;0;0;0;-6.1098;0;0;0;0;0.0004;0;0;0;0;0;0;0;-0.0004;-0.0884;0;0;0;0;0;0;0;0;0;-0.7452;0;0.7452;1;1;0;0;0;0
14/05/21 07:00;7.467;-60.751;71.629;8.543;12.574;-90;-12.574;99.802;16.397;83.405;6.2999;4.6299;0;202.28;8.4222;19.093;0;0.2035;230;0;230;202.28;19.093;8.4222;0.2035;0.8795;0.0375;0;0.0009;229.74;0.258;0;0;0.0891;0.1689;200.54;28.739;25.955;2.4498;0.3265;0.0077;229.28;0.4595;0.4046;0.0382;0.0167;0.0001;200.55;175.92;16.605;7.9899;0.0268;5.5315;4.5912;1.5095;0.0058;0.0512;0.737;0.0035;0.7824;0;1;0;0;2.3046;0.9989;1;1;0.9894;0.1699;0.8747;0.8714;1;0.9607;0.7755;0.998;0.998;1;0.998;0.998;0.8719;0.9487;0.1315;0.6546;0.5753;0.0035;0.0168;-0.0184;0.004;0.0142;0.0001;0;0;0.088;0.4442;0;0;0;0;0;0;0;0;0;0;0;0;0.0115;0.001;0.5424;0.5424;0;16.052;16.052;9.7524;0.0486;492.54;1101.3;1;0.0102;0.0102;0;0;0;0;0;0;0.5322;0.4442;0;15.585;18.047;12.763;14.779;98.118;98.118;5.52;4.5745;3.7463;0.9455;0.8282;0.1713;0.15;0.6787;5.0843;0.6771;0
14/05/21 08:00;17.598;-50.543;42.839;22.334;44.828;-90;-44.828;276.49;47.302;229.19;7.7298;5.4001;0;555.85;17.501;65.055;0;6.8336;645.24;0;645.24;555.85;65.055;17.501;6.8336;0.8615;0.0377;0;0.0106;637.5;7.7404;0;0;1.4361;6.3042;630.38;5.8502;4.7402;0.5548;0.5229;0.0323;636.23;1.275;1.1117;0.1301;0.0321;0.0011;630.63;550;64.37;15.51;0.496;14.259;11.835;3.9468;1.0564;0.1961;2.8215;0.2524;1.9612;0;1;0;0;2.3337;0.988;1;1;0.9179;0.0775;0.9908;0.9915;1;0.9674;0.9389;0.998;0.998;1;0.998;0.998;0.977;0.8862;0.0726;1.8363;1.8099;0.0109;0.0014;0.0872;0.012;0.0425;0.0005;0;0;0.088;1.4993;0;0;0;0;0;0;0;0;0;0;0;0;0.0342;0.0079;1.6133;1.6133;0;38.755;38.755;31.025;0.0492;1559.1;1034.8;1;0.0261;0.0261;0;0;0;0;0;0;1.5873;1.4993;0;16.522;19.132;15.354;17.78;98.384;98.384;15.486;13.606;12.644;1.8803;0.9619;0.1214;0.0621;0.8165;13.005;0.8138;0
14/05/21 09:00;26.201;-38.347;44.723;38.42;51.58;-90;-51.58;466.29;76.903;389.39;9.3399;6.08;0;626.61;21.214;81.645;0;15.005;744.48;0;744.48;626.61;81.645;21.214;15.005;0.8417;0.0487;0;0.0202;728.38;16.096;0;0;2.1346;13.962;719.42;7.4982;6.0329;0.7861;0.6367;0.0425;726.92;1.4568;1.2532;0.1633;0.0382;0.0021;722.67;619.33;80.696;18.405;0.9988;166.36;138.08;44.195;2.083;1.7429;25.071;3.2454;24.731;0;1;0;0;1.5966;0.9784;1;1;0.8994;0.0695;0.9897;0.9904;1;0.9666;0.9592;0.998;0.998;1;0.998;0.998;0.9664;0.8676;0.0666;2.1187;2.1178;0.0128;-0.0011;0.1477;0.0137;0.0486;0.0044;0;0;0.088;1.7239;0;0;0;0;0;0;0;0;0;0;0;0;0.0392;0.0106;1.8419;1.8419;0;44.915;44.915;35.575;0.0494;1822.7;1010.5;1;0.03;0.03;0;0;0;0;0;0;1.8119;1.7239;0;16.349;18.932;15.302;17.719;98.371;98.371;17.867;15.533;14.538;2.3341;0.9951;0.1306;0.0557;0.8137;16.833;0.7937;0
14/05/21 10:00;32.548;-23.746;50.495;57.751;32.249;-90;-32.249;343.01;232.6;110.41;10.39;6.5;0;130.55;181.7;42.221;0;4.4975;358.97;0;358.97;130.55;42.221;181.7;4.4975;0.3637;0.5187;0;0.0125;345.99;12.98;0;0;9.0136;3.9661;337.34;7.9577;1.7272;0.5586;5.5871;0.0848;345.3;0.692;0.2611;0.0844;0.3454;0.0011;338.69;128.56;41.578;166.76;0.4456;196.92;163.44;54.908;3.533;1.9639;28.249;1.3474;26.68;0;1;0;0;1.0465;0.9638;1;1;0.9504;0.1182;0.977;0.9867;1;0.9676;0.8401;0.998;0.998;1;0.998;0.998;0.9397;0.9177;0.0991;1.0216;1.0256;0.0062;0.0118;0.0068;0.007;0.0248;0.0052;0;0;0.088;0.8373;0;0;0;0;0;0;0;0;0;0;0;0;0.02;0.0028;0.9409;0.9409;0;26.881;26.881;16.491;0.0489;877.98;1071.7;1;0.0156;0.0156;0;0;0;0;0;0;0.9253;0.8373;0;17.32;20.056;15.413;17.848;98.343;98.343;8.6153;7.9346;7.061;0.6807;0.8736;0.079;0.1014;0.8196;121.69;0.774;0
14/05/21 11:00;35.819;-7.0185;53.59;80.391;9.6091;-90;-9.6091;314.1;261.7;52.396;10.84;6.79;0;53.141;242.46;17.777;0;0.3746;313.75;0;313.75;53.141;17.777;242.46;0.3746;0.1694;0.774;0;0.0012;311.81;1.9456;0;0;1.6346;0.3111;300.02;11.162;0.9487;0.3174;9.8814;0.0142;311.18;0.6236;0.1063;0.0356;0.4817;0.0001;300.09;52.086;17.424;230.46;0.0491;186.03;154.4;48.96;0.0603;1.8315;26.345;0.0638;28.116;0;1;0;0;0.9989;0.9938;1;1;0.9933;0.1695;0.9641;0.9821;1;0.9589;0.7756;0.998;0.998;1;0.998;0.998;0.9562;0.9505;0.1312;0.8929;0.9113;0.0055;0.0134;0.0016;0.0062;0.0221;0.0049;0;0;0.088;0.7355;0;0;0;0;0;0;0;0;0;0;0;0;0.0178;0.0022;0.8375;0.8375;0;25.501;25.501;14.661;0.0489;779.18;1074.9;1;0.0141;0.0141;0;0;0;0;0;0;0.8235;0.7355;0;17.64;20.426;15.49;17.937;98.321;98.321;7.5301;7.0631;6.2025;0.4669;0.8607;0.062;0.1143;0.8237;145.2;0.775;0
14/05/21 12:00;35.447;10.47;53.234;75.681;14.319;90;14.319;222.3;213.2;9.1021;11.92;6.73;0;9.3939;207.43;2.5834;0;0.587;219.99;0;219.99;9.3939;2.5834;207.43;0.587;0.0427;0.9456;0;0.0027;216.76;3.2308;0;0;2.742;0.4889;208.31;8.0163;0.1615;0.0444;7.7884;0.022;216.33;0.4335;0.0188;0.0052;0.4094;0.0002;208.44;9.2136;2.5338;196.49;0.0759;132.62;110.07;34.725;0.2274;1.3292;19.12;0.1269;20.222;0;1;0;0;0.9896;0.9853;1;1;0.9868;0.1672;0.9629;0.9828;1;0.9619;0.775;0.998;0.998;1;0.998;0.998;0.9469;0.9473;0.1293;0.6261;0.6346;0.0038;0.0164;-0.0066;0.0043;0.0154;0.0036;0;0;0.088;0.4856;0;0;0;0;0;0;0;0;0;0;0;0;0.0124;0.0012;0.584;0.584;0;22.098;22.098;10.178;0.0489;542.36;1076.9;1;0.0105;0.0105;0;0;0;0;0;0;0.5736;0.4856;0;17.543;20.315;14.585;16.889;98.204;98.204;5.2798;4.9253;4.0947;0.3544;0.8306;0.0671;0.1573;0.7756;125.93;0.7282;0
14/05/21 13:00;31.504;26.848;49.526;53.614;36.386;90;36.386;418;203;215;14.06;6.57;0;267.07;126.82;77.612;0;6.9269;478.43;0;478.43;267.07;77.612;126.82;6.9269;0.5582;0.2796;0;0.0145;464.54;13.888;0;0;7.6298;6.2578;455.4;8.2114;3.3199;0.9648;3.8407;0.086;463.61;0.9291;0.5341;0.1552;0.2384;0.0013;457.46;263.22;76.492;115.11;0.5817;223.73;185.69;62.792;3.7345;2.1865;31.452;2.0582;29.904;0;1;0;0;1.1446;0.971;1;1;0.9398;0.0966;0.9823;0.9875;1;0.9677;0.8712;0.998;0.998;1;0.998;0.998;0.9519;0.9077;0.084;1.3616;1.3718;0.0083;0.0069;0.0555;0.0091;0.0323;0.0057;0;0;0.088;1.116;0;0;0;0;0;0;0;0;0;0;0;0;0.026;0.0047;1.2233;1.2233;0;36.461;36.461;22.401;0.0492;1179.2;1037.5;1;0.0194;0.0194;0;0;0;0;0;0;1.204;1.116;0;16.896;19.566;15.414;17.849;98.418;98.418;11.482;10.317;9.4112;1.1658;0.9053;0.1015;0.0788;0.8196;87.667;0.7812;0
14/05/21 14:00;24.642;40.961;43.345;34.982;55.018;90;55.018;420.89;96.699;324.19;13.6;6.2001;0;565.46;31.823;98.106;0;15.265;710.66;0;710.66;565.46;98.106;31.823;15.265;0.7957;0.0663;0;0.0215;692.83;17.826;0;0;3.528;14.298;684.58;6.8615;4.9892;0.8656;0.963;0.0436;691.45;1.3857;1.1309;0.1962;0.0566;0.0019;687.74;559.34;97.044;27.275;0.9207;134.36;111.52;35.849;3.9146;1.5426;22.19;3.1605;19.818;0;1;0;0;1.6885;0.9749;1;1;0.8891;0.0633;0.9901;0.9912;1;0.9659;0.9548;0.998;0.998;1;0.998;0.998;0.9633;0.8571;0.0603;2.0225;2.0121;0.0121;-0.0004;0.1593;0.0129;0.0457;0.0039;0;0;0.088;1.6165;0;0;0;0;0;0;0;0;0;0;0;0;0.0368;0.0096;1.7322;1.7322;0;47.528;47.528;33.928;0.0496;1732.6;999.78;1;0.0277;0.0277;0;0;0;0;0;0;1.7045;1.6165;0;16.107;18.651;15.031;17.405;98.401;98.401;17.056;14.608;13.632;2.4479;0.9757;0.1435;0.0572;0.7993;26.181;0.781;0
14/05/21 15:00;15.682;52.716;49.037;19.436;34.371;90;34.371;112.3;108.2;4.1038;13.43;4.9201;0;9.9528;97.633;2.9803;0;1.6667;112.23;0;112.23;9.9528;2.9803;97.633;1.6667;0.0887;0.8848;0;0.0149;105.37;6.8642;0;0;5.3723;1.4919;102;3.1579;0.1209;0.0362;2.9753;0.0255;105.16;0.2107;0.0199;0.006;0.1845;0.0003;102.53;9.8121;2.9382;89.101;0.1489;66.459;55.161;18.528;2.3636;0.7391;10.632;0.5297;9.0076;0;1;0;0;0.9994;0.9388;1;1;0.945;0.1049;0.97;0.9878;1;0.9677;0.8536;0.998;0.998;1;0.998;0.998;0.9088;0.9126;0.0894;0.3194;0.3146;0.0019;0.0167;-0.0075;0.0021;0.0075;0.0019;0;0;0.088;0.1904;0;0;0;0;0;0;0;0;0;0;0;0;0.0061;0.0004;0.2855;0.2855;0;18.431;18.431;5.001;0.049;267.82;1066.1;1;0.0071;0.0071;0;0;0;0;0;0;0.2784;0.1904;0;16.811;19.466;11.209;12.98;97.498;97.498;2.6936;2.4078;1.6055;0.2858;0.8023;0.1061;0.2979;0.596;66.433;0.5566;0
14/05/21 16:00;5.4972;62.448;76.566;6.1952;8.9774;90;8.9774;14.592;14.501;0.091;13.01;3.45;0;0.2207;14.402;0.025;0;0.0152;14.663;0;14.663;0.2207;0.025;14.402;0.0152;0.0151;0.9832;0;0.001;14.563;0.0997;0;0;0.0871;0.0126;13.887;0.6471;0.0484;0.0055;0.5927;0.0006;14.534;0.0291;0.0004;0;0.0286;0;13.89;0.1719;0.0195;13.694;0.002;8.6132;7.1489;2.2333;0.0027;0.087;1.2512;0.0024;1.3354;0;1;0;0;1.0049;0.9932;1;1;0.994;0.1677;0.9555;0.7804;1;0.9585;0.7751;0.998;0.998;1;0.998;0.998;0.9471;0.9508;0.1298;0.0417;0.0422;0.0003;0.0072;-0.0017;0.0003;0.0009;0.0002;0;0;0.088;-0.0564;0;0;0;0;0;0;0;0;0;0;0;0;0.0007;0;0.0344;0.0344;0;13.707;13.707;0.6972;0.0502;34.365;999.96;1;0.0028;0.0028;0;0;0;0;0;0;0.0316;-0.0564;0;15.486;17.933;-25.425;-29.442;91.9;91.9;0.3519;0.2898;-0.4758;0.0621;0.7656;0.1765;2.1755;0;8.6127;0;0
14/05/21 17:00;0;0;90;0;0;90;0;0;0;0;11.69;3.46;0;0;0;0;0;0;0;0;0;0;0;0;0;1;1;1;1;0;0;0;0;0;0;0;0;0;0;0;0;0;0;0;0;0;0;0;0;0;0;0;0;0;0;0;0;0;0;0;0;0;0;0;1;1;1;1;1;1;1;1;1;1;1;1;1;1;1;1;1;1;1;0;0;0;0;0;0;0;0;0;0.0004;0.088;-0.0884;0;0;0;0;0;0;0;0;0;0;0;0;0;0;0;0;0;0;0;-11.69;0;0;0;0;0.0004;0;0;0;0;0;0;0;-0.0004;-0.0884;0;0;0;0;0;0;0;0;0;-0.7452;0;0.7452;1;1;0;0;0;0
14/05/21 18:00;0;0;90;0;0;90;0;0;0;0;10.05;3.71;0;0;0;0;0;0;0;0;0;0;0;0;0;1;1;1;1;0;0;0;0;0;0;0;0;0;0;0;0;0;0;0;0;0;0;0;0;0;0;0;0;0;0;0;0;0;0;0;0;0;0;0;1;1;1;1;1;1;1;1;1;1;1;1;1;1;1;1;1;1;1;0;0;0;0;0;0;0;0;0;0.0004;0.088;-0.0884;0;0;0;0;0;0;0;0;0;0;0;0;0;0;0;0;0;0;0;-10.05;0;0;0;0;0.0004;0;0;0;0;0;0;0;-0.0004;-0.0884;0;0;0;0;0;0;0;0;0;-0.7452;0;0.7452;1;1;0;0;0;0
14/05/21 19:00;0;0;90;0;0;90;0;0;0;0;9.9302;3.72;0;0;0;0;0;0;0;0;0;0;0;0;0;1;1;1;1;0;0;0;0;0;0;0;0;0;0;0;0;0;0;0;0;0;0;0;0;0;0;0;0;0;0;0;0;0;0;0;0;0;0;0;1;1;1;1;1;1;1;1;1;1;1;1;1;1;1;1;1;1;1;0;0;0;0;0;0;0;0;0;0.0004;0.088;-0.0884;0;0;0;0;0;0;0;0;0;0;0;0;0;0;0;0;0;0;0;-9.9302;0;0;0;0;0.0004;0;0;0;0;0;0;0;-0.0004;-0.0884;0;0;0;0;0;0;0;0;0;-0.7452;0;0.7452;1;1;0;0;0;0
14/05/21 20:00;0;0;90;0;0;90;0;0;0;0;10.02;3.5701;0;0;0;0;0;0;0;0;0;0;0;0;0;1;1;1;1;0;0;0;0;0;0;0;0;0;0;0;0;0;0;0;0;0;0;0;0;0;0;0;0;0;0;0;0;0;0;0;0;0;0;0;1;1;1;1;1;1;1;1;1;1;1;1;1;1;1;1;1;1;1;0;0;0;0;0;0;0;0;0;0.0004;0.088;-0.0884;0;0;0;0;0;0;0;0;0;0;0;0;0;0;0;0;0;0;0;-10.02;0;0;0;0;0.0004;0;0;0;0;0;0;0;-0.0004;-0.0884;0;0;0;0;0;0;0;0;0;-0.7452;0;0.7452;1;1;0;0;0;0
14/05/21 21:00;0;0;90;0;0;90;0;0;0;0;9.1697;3.53;0;0;0;0;0;0;0;0;0;0;0;0;0;1;1;1;1;0;0;0;0;0;0;0;0;0;0;0;0;0;0;0;0;0;0;0;0;0;0;0;0;0;0;0;0;0;0;0;0;0;0;0;1;1;1;1;1;1;1;1;1;1;1;1;1;1;1;1;1;1;1;0;0;0;0;0;0;0;0;0;0.0004;0.088;-0.0884;0;0;0;0;0;0;0;0;0;0;0;0;0;0;0;0;0;0;0;-9.1697;0;0;0;0;0.0004;0;0;0;0;0;0;0;-0.0004;-0.0884;0;0;0;0;0;0;0;0;0;-0.7452;0;0.7452;1;1;0;0;0;0
14/05/21 22:00;0;0;90;0;0;90;0;0;0;0;8.9497;3.5199;0;0;0;0;0;0;0;0;0;0;0;0;0;1;1;1;1;0;0;0;0;0;0;0;0;0;0;0;0;0;0;0;0;0;0;0;0;0;0;0;0;0;0;0;0;0;0;0;0;0;0;0;1;1;1;1;1;1;1;1;1;1;1;1;1;1;1;1;1;1;1;0;0;0;0;0;0;0;0;0;0.0004;0.088;-0.0884;0;0;0;0;0;0;0;0;0;0;0;0;0;0;0;0;0;0;0;-8.9497;0;0;0;0;0.0004;0;0;0;0;0;0;0;-0.0004;-0.0884;0;0;0;0;0;0;0;0;0;-0.7452;0;0.7452;1;1;0;0;0;0
14/05/21 23:00;0;0;90;0;0;90;0;0;0;0;9.6397;3.7401;0;0;0;0;0;0;0;0;0;0;0;0;0;1;1;1;1;0;0;0;0;0;0;0;0;0;0;0;0;0;0;0;0;0;0;0;0;0;0;0;0;0;0;0;0;0;0;0;0;0;0;0;1;1;1;1;1;1;1;1;1;1;1;1;1;1;1;1;1;1;1;0;0;0;0;0;0;0;0;0;0.0004;0.088;-0.0884;0;0;0;0;0;0;0;0;0;0;0;0;0;0;0;0;0;0;0;-9.6397;0;0;0;0;0.0004;0;0;0;0;0;0;0;-0.0004;-0.0884;0;0;0;0;0;0;0;0;0;-0.7452;0;0.7452;1;1;0;0;0;0
15/05/21 00:00;0;0;90;0;0;90;0;0;0;0;9.7999;4.2299;0;0;0;0;0;0;0;0;0;0;0;0;0;1;1;1;1;0;0;0;0;0;0;0;0;0;0;0;0;0;0;0;0;0;0;0;0;0;0;0;0;0;0;0;0;0;0;0;0;0;0;0;1;1;1;1;1;1;1;1;1;1;1;1;1;1;1;1;1;1;1;0;0;0;0;0;0;0;0;0;0.0004;0.088;-0.0884;0;0;0;0;0;0;0;0;0;0;0;0;0;0;0;0;0;0;0;-9.7999;0;0;0;0;0.0004;0;0;0;0;0;0;0;-0.0004;-0.0884;0;0;0;0;0;0;0;0;0;-0.7452;0;0.7452;1;1;0;0;0;0
15/05/21 01:00;0;0;90;0;0;90;0;0;0;0;10.03;4.7799;0;0;0;0;0;0;0;0;0;0;0;0;0;1;1;1;1;0;0;0;0;0;0;0;0;0;0;0;0;0;0;0;0;0;0;0;0;0;0;0;0;0;0;0;0;0;0;0;0;0;0;0;1;1;1;1;1;1;1;1;1;1;1;1;1;1;1;1;1;1;1;0;0;0;0;0;0;0;0;0;0.0004;0.088;-0.0884;0;0;0;0;0;0;0;0;0;0;0;0;0;0;0;0;0;0;0;-10.03;0;0;0;0;0.0004;0;0;0;0;0;0;0;-0.0004;-0.0884;0;0;0;0;0;0;0;0;0;-0.7452;0;0.7452;1;1;0;0;0;0
15/05/21 02:00;0;0;90;0;0;90;0;0;0;0;10;5.2401;0;0;0;0;0;0;0;0;0;0;0;0;0;1;1;1;1;0;0;0;0;0;0;0;0;0;0;0;0;0;0;0;0;0;0;0;0;0;0;0;0;0;0;0;0;0;0;0;0;0;0;0;1;1;1;1;1;1;1;1;1;1;1;1;1;1;1;1;1;1;1;0;0;0;0;0;0;0;0;0;0.0004;0.088;-0.0884;0;0;0;0;0;0;0;0;0;0;0;0;0;0;0;0;0;0;0;-10;0;0;0;0;0.0004;0;0;0;0;0;0;0;-0.0004;-0.0884;0;0;0;0;0;0;0;0;0;-0.7452;0;0.7452;1;1;0;0;0;0
15/05/21 03:00;0;0;90;0;0;90;0;0;0;0;10;5.28;0;0;0;0;0;0;0;0;0;0;0;0;0;1;1;1;1;0;0;0;0;0;0;0;0;0;0;0;0;0;0;0;0;0;0;0;0;0;0;0;0;0;0;0;0;0;0;0;0;0;0;0;1;1;1;1;1;1;1;1;1;1;1;1;1;1;1;1;1;1;1;0;0;0;0;0;0;0;0;0;0.0004;0.088;-0.0884;0;0;0;0;0;0;0;0;0;0;0;0;0;0;0;0;0;0;0;-10;0;0;0;0;0.0004;0;0;0;0;0;0;0;-0.0004;-0.0884;0;0;0;0;0;0;0;0;0;-0.7452;0;0.7452;1;1;0;0;0;0
15/05/21 04:00;0;0;90;0;0;90;0;0;0;0;10.23;5.5099;0;0;0;0;0;0;0;0;0;0;0;0;0;1;1;1;1;0;0;0;0;0;0;0;0;0;0;0;0;0;0;0;0;0;0;0;0;0;0;0;0;0;0;0;0;0;0;0;0;0;0;0;1;1;1;1;1;1;1;1;1;1;1;1;1;1;1;1;1;1;1;0;0;0;0;0;0;0;0;0;0.0004;0.088;-0.0884;0;0;0;0;0;0;0;0;0;0;0;0;0;0;0;0;0;0;0;-10.23;0;0;0;0;0.0004;0;0;0;0;0;0;0;-0.0004;-0.0884;0;0;0;0;0;0;0;0;0;-0.7452;0;0.7452;1;1;0;0;0;0
15/05/21 05:00;0;0;90;0;0;90;0;0;0;0;9.7002;6.7601;0;0;0;0;0;0;0;0;0;0;0;0;0;1;1;1;1;0;0;0;0;0;0;0;0;0;0;0;0;0;0;0;0;0;0;0;0;0;0;0;0;0;0;0;0;0;0;0;0;0;0;0;1;1;1;1;1;1;1;1;1;1;1;1;1;1;1;1;1;1;1;0;0;0;0;0;0;0;0;0;0.0004;0.088;-0.0884;0;0;0;0;0;0;0;0;0;0;0;0;0;0;0;0;0;0;0;-9.7002;0;0;0;0;0.0004;0;0;0;0;0;0;0;-0.0004;-0.0884;0;0;0;0;0;0;0;0;0;-0.7452;0;0.7452;1;1;0;0;0;0
15/05/21 06:00;0.9226;-65.847;87.762;1.0111;1.4417;-90;-1.4417;0;0;0;9.3299;7.76;0;0;0;0;0;0;0;0;0;0;0;0;0;1;1;1;1;0;0;0;0;0;0;0;0;0;0;0;0;0;0;0;0;0;0;0;0;0;0;0;0;0;0;0;0;0;0;0;0;0;0;0;1;1;1;1;1;1;1;1;1;1;1;1;1;1;1;1;1;1;1;0;0;0;0;0;0;0;0;0;0.0004;0.088;-0.0884;0;0;0;0;0;0;0;0;0;0;0;0;0;0;0;0;0;0;0;-9.3299;0;0;0;0;0.0004;0;0;0;0;0;0;0;-0.0004;-0.0884;0;0;0;0;0;0;0;0;0;-0.7452;0;0.7452;1;1;0;0;0;0
15/05/21 07:00;7.3102;-60.573;72.025;8.3787;12.317;-90;-12.317;63.702;39.399;24.303;9.2302;8.09;0;58.941;33.379;13.659;0;0.1246;106.1;0;106.1;58.941;13.659;33.379;0.1246;0.5555;0.3158;0;0.0012;105.66;0.4446;0;0;0.3411;0.1035;94.424;11.024;7.8906;1.8285;1.2999;0.0047;105.45;0.2113;0.1179;0.0273;0.0661;0;94.437;50.933;11.803;31.672;0.0164;20.281;16.834;5.2378;0.0212;0.2071;2.9794;0.0133;3.1654;0;1;0;0;1.6656;0.9958;1;1;0.9898;0.1699;0.8955;0.8659;1;0.9606;0.7755;0.998;0.998;1;0.998;0.998;0.8899;0.9489;0.1315;0.302;0.2762;0.0017;0.0162;-0.0112;0.0019;0.0067;0.0006;0;0;0.088;0.1596;0;0;0;0;0;0;0;0;0;0;0;0;0.0054;0.0003;0.2546;0.2546;0;13.846;13.846;4.6153;0.0489;235.17;1082.8;1;0.0071;0.0071;0;0;0;0;0;0;0.2476;0.1596;0;15.859;18.364;9.9373;11.507;97.219;97.219;2.5465;2.1474;1.3456;0.3991;0.8018;0.1567;0.3149;0.5284;20.135;0.5175;0
15/05/21 08:00;17.421;-50.38;43.438;22.164;44.037;-90;-44.037;153.5;121.4;32.105;9.9701;9.43;0;77.864;95.962;23.628;0;3.6678;201.12;0;201.12;77.864;23.628;95.962;3.6678;0.3871;0.4954;0;0.0182;190.07;11.051;0;0;7.6728;3.3787;185.9;3.7886;0.6913;0.2098;2.8687;0.0188;189.69;0.3801;0.1557;0.0473;0.1766;0.0006;186.9;77.017;23.371;85.244;0.2698;71.002;58.932;20.656;5.44;0.9231;13.279;1.002;8.7621;0;1;0;0;1.3102;0.9451;1;1;0.92;0.0788;0.98;0.9911;1;0.9674;0.9348;0.998;0.998;1;0.998;0.998;0.9243;0.8883;0.0736;0.5724;0.5613;0.0034;0.0169;-0.012;0.0039;0.0137;0.0025;0;0;0.088;0.4231;0;0;0;0;0;0;0;0;0;0;0;0;0.0111;0.001;0.5209;0.5209;0;19.039;19.039;9.0686;0.0488;479.72;1085.8;1;0.0098;0.0098;0;0;0;0;0;0;0.5111;0.4231;0;17.114;19.818;13.9;16.096;98.113;98.113;4.8269;4.3928;3.5678;0.4341;0.825;0.0899;0.1709;0.7391;70.797;0.7043;0
15/05/21 09:00;26.001;-38.208;44.93;38.259;51.741;-90;-51.741;356.29;122.6;233.69;10.15;9.7199;0;377.4;59.66;78.99;0;11.532;527.58;0;527.58;377.4;78.99;59.66;11.532;0.7153;0.1349;0;0.0219;510.82;16.762;0;0;6.0304;10.731;503.53;6.2728;3.679;0.77;1.7913;0.0325;509.8;1.0216;0.7548;0.158;0.1073;0.0016;506.37;372.97;78.062;51.731;0.7665;142.76;118.49;39.129;5.9144;1.6858;24.249;2.8409;20.021;0;1;0;0;1.4808;0.9682;1;1;0.8989;0.0694;0.9877;0.9902;1;0.9665;0.9593;0.998;0.998;1;0.998;0.998;0.9544;0.8671;0.0665;1.5015;1.4973;0.009;0.0052;0.052;0.01;0.0355;0.0044;0;0;0.088;1.2377;0;0;0;0;0;0;0;0;0;0;0;0;0.0286;0.0056;1.347;1.347;0;34.874;34.874;24.724;0.0491;1287.7;1046.1;1;0.0213;0.0213;0;0;0;0;0;0;1.3257;1.2377;0;16.871;19.537;15.502;17.951;98.415;98.415;12.662;11.36;10.437;1.3024;0.9221;0.1029;0.0728;0.8243;47.416;0.7969;0
15/05/21 10:00;32.326;-23.651;50.718;57.627;32.373;-90;-32.373;165.91;162;3.9057;10.38;9.83;0;4.6244;148.6;1.0485;0;2.1917;156.46;0;156.46;4.6244;1.0485;148.6;2.1917;0.0296;0.9637;0;0.014;147.11;9.3499;0;0;7.4161;1.9339;142.13;4.6839;0.0624;0.0141;4.5665;0.0409;146.82;0.2942;0.0092;0.0021;0.2824;0.0005;142.84;4.5528;1.0322;136.33;0.2164;102.07;84.717;28.225;2.9273;1.1045;15.887;0.7073;14.064;0;1;0;0;0.9431;0.9402;1;1;0.9501;0.1176;0.9681;0.9865;1;0.9676;0.841;0.998;0.998;1;0.998;0.998;0.9084;0.9175;0.0987;0.4453;0.4405;0.0027;0.0173;-0.0122;0.003;0.0107;0.003;0;0;0.088;0.3101;0;0;0;0;0;0;0;0;0;0;0;0;0.0087;0.0007;0.4067;0.4067;0;17.32;17.32;6.9398;0.0488;375.53;1083;1;0.0086;0.0086;0;0;0;0;0;0;0.3981;0.3101;0;17.177;19.891;13.098;15.167;97.887;97.887;3.7551;3.4299;2.6153;0.3252;0.8146;0.0866;0.2169;0.6965;99.605;0.6473;0
15/05/21 11:00;35.584;-6.9903;53.825;80.347;9.6531;-90;-9.6531;615.4;101.5;513.9;12.13;9.8099;0;521.28;34.172;68.05;0;0.7406;624.24;0;624.24;521.28;68.05;34.172;0.7406;0.8351;0.0559;0;0.0012;623.39;0.8472;0;0;0.2321;0.6151;609.94;12.211;9.5447;1.246;1.3917;0.0281;622.15;1.2468;1.0426;0.1361;0.0679;0.0003;610.07;510.69;66.668;32.481;0.0972;359.65;298.51;99.089;0.0088;3.2456;46.686;0.1363;49.923;0;1;0;0;1.0144;0.9986;1;1;0.9932;0.1695;0.9804;0.9817;1;0.9589;0.7755;0.998;0.998;1;0.998;0.998;0.9771;0.9505;0.1312;1.7765;1.839;0.0111;0.0011;0.1112;0.012;0.0426;0.0083;0;0;0.088;1.4965;0;0;0;0;0;0;0;0;0;0;0;0;0.0343;0.0081;1.6102;1.6102;0;42.238;42.238;30.108;0.0494;1580.5;1018.8;1;0.0257;0.0257;0;0;0;0;0;0;1.5845;1.4965;0;17.045;19.738;15.841;18.344;98.403;98.403;14.982;13.579;12.62;1.4026;0.959;0.0936;0.064;0.8424;20.467;0.7977;0
15/05/21 12:00;35.215;10.422;53.467;75.625;14.375;90;14.375;669.39;110.4;558.99;12.94;9.66;0;577.06;29.833;82.684;0;1.7815;691.36;0;691.36;577.06;82.684;29.833;1.7815;0.8347;0.0457;0;0.0026;689.47;1.8807;0;0;0.397;1.4837;675.29;12.81;10.167;1.4568;1.119;0.0669;688.1;1.3789;1.1541;0.1654;0.0589;0.0006;675.68;565.74;81.062;28.258;0.2303;386.51;320.8;105.89;0.0336;3.5284;50.755;0.3987;54.25;0;1;0;0;1.0328;0.9973;1;1;0.9867;0.1672;0.9814;0.9823;1;0.9619;0.775;0.998;0.998;1;0.998;0.998;0.9768;0.9472;0.1293;1.9675;2.0348;0.0123;-0.0005;0.1527;0.0131;0.0464;0.0089;0;0;0.088;1.6387;0;0;0;0;0;0;0;0;0;0;0;0;0.0374;0.0098;1.7548;1.7548;0;46.377;46.377;33.437;0.0495;1749.2;1003.2;1;0.0282;0.0282;0;0;0;0;0;0;1.7267;1.6387;0;16.773;19.423;15.662;18.137;98.393;98.393;16.593;14.799;13.819;1.7937;0.9799;0.1081;0.0591;0.8328;18.115;0.7895;0
15/05/21 13:00;31.287;26.738;49.747;53.486;36.514;90;36.514;330.7;243.5;87.2;12.58;9.3901;0;108.5;192.01;38.072;0;5.5177;344.09;0;344.09;108.5;38.072;192.01;5.5177;0.3153;0.574;0;0.016;327.49;16.603;0;0;11.616;4.9876;319.11;7.7212;1.3627;0.4782;5.8128;0.0675;326.84;0.655;0.217;0.0761;0.3608;0.0011;320.86;106.92;37.518;174.22;0.4615;190.53;158.14;53.732;5.7217;2.0105;28.92;1.7428;25.208;0;1;0;0;1.0405;0.9517;1;1;0.9395;0.0961;0.9764;0.9874;1;0.9677;0.8724;0.998;0.998;1;0.998;0.998;0.9274;0.9074;0.0836;0.9793;0.9759;0.0059;0.0125;0.0111;0.0066;0.0235;0.0053;0;0;0.088;0.7868;0;0;0;0;0;0;0;0;0;0;0;0;0.0189;0.0025;0.8895;0.8895;0;28.202;28.202;15.622;0.049;835.45;1064.7;1;0.0147;0.0147;0;0;0;0;0;0;0.8748;0.7868;0;17.082;19.781;15.11;17.497;98.345;98.345;8.2583;7.5014;6.6352;0.7568;0.8662;0.0916;0.1049;0.8035;132.87;0.7559;0
15/05/21 14:00;24.448;40.812;43.55;34.823;55.177;90;55.177;437.69;82.697;355;12.58;8.87;0;621.67;23.26;92.963;0;15.959;753.85;0;753.85;621.67;92.963;23.26;15.959;0.8247;0.052;0;0.0212;736.31;17.539;0;0;2.5896;14.949;727.7;7.1413;5.5597;0.8314;0.7043;0.046;734.84;1.4726;1.2433;0.1859;0.0413;0.002;730.9;614.86;91.946;19.925;0.9619;134.04;111.25;35.286;2.8918;1.5042;21.637;3.1995;20.249;0;1;0;0;1.7223;0.9767;1;1;0.8887;0.0633;0.9903;0.991;1;0.9659;0.9543;0.998;0.998;1;0.998;0.998;0.9653;0.8566;0.0603;2.1454;2.1345;0.0129;-0.0012;0.1775;0.0136;0.0483;0.0037;0;0;0.088;1.7125;0;0;0;0;0;0;0;0;0;0;0;0;0.0389;0.0108;1.83;1.83;0;48.674;48.674;36.094;0.0496;1839.4;994.9;1;0.0295;0.0295;0;0;0;0;0;0;1.8005;1.7125;0;16.041;18.575;15.011;17.383;98.39;98.39;18.092;15.433;14.442;2.6598;0.9906;0.147;0.0548;0.7982;19.17;0.7814;0
15/05/21 15:00;15.512;52.546;49.561;19.271;33.902;90;33.902;238.79;109.3;129.49;12.24;7.6499;0;314.06;63.769;96.053;0;3.4506;477.33;0;477.33;314.06;96.053;63.769;3.4506;0.6579;0.1408;0;0.0072;470.81;6.5157;0;0;3.4339;3.0819;462.76;7.1085;3.9105;1.196;1.9466;0.0553;469.87;0.9416;0.6281;0.1921;0.1207;0.0007;463.1;309.52;94.665;58.268;0.3127;44.064;36.573;12.377;1.4732;0.478;6.8755;0.3334;5.8803;0;1;0;0;1.9989;0.9863;1;1;0.9462;0.1069;0.9849;0.9875;1;0.9677;0.8498;0.998;0.998;1;0.998;0.998;0.9695;0.9137;0.0906;1.3584;1.3387;0.0081;0.0074;0.0471;0.0089;0.0317;0.0012;0;0;0.088;1.0971;0;0;0;0;0;0;0;0;0;0;0;0;0.0255;0.0045;1.2043;1.2043;0;34.974;34.974;22.733;0.0491;1152.4;1045;1;0.0192;0.0192;0;0;0;0;0;0;1.1851;1.0971;0;16.671;19.305;15.187;17.587;98.407;98.407;11.456;10.156;9.2517;1.3003;0.9039;0.1135;0.0789;0.8076;43.236;0.799;0
15/05/21 16:00;5.3469;62.265;76.938;6.0361;8.7394;90;8.7394;53.701;50.601;3.0992;11.34;5.8001;0;7.5163;49.056;3.0545;0;0.053;59.679;0;59.679;7.5163;3.0545;49.056;0.053;0.1259;0.8229;0;0.0009;59.352;0.3279;0;0;0.2838;0.0441;54.792;4.4405;1.7153;0.6971;2.0262;0.002;59.233;0.1187;0.015;0.0061;0.0975;0;54.8;5.786;2.3514;46.648;0.0069;29.342;24.354;7.6091;0.0084;0.2962;4.2602;0.0075;4.548;0;1;0;0;1.1113;0.9945;1;1;0.9942;0.1677;0.925;0.7713;1;0.9584;0.7752;0.998;0.998;1;0.998;0.998;0.9181;0.9509;0.1297;0.1698;0.1653;0.001;0.0138;-0.0066;0.0011;0.0039;0.0008;0;0;0.088;0.054;0;0;0;0;0;0;0;0;0;0;0;0;0.0031;0.0002;0.1481;0.1481;0;14.035;14.035;2.6949;0.0492;139.79;1059.6;1;0.0061;0.0061;0;0;0;0;0;0;0.142;0.054;0;16.401;18.992;5.9836;6.9288;95.89;95.89;1.4323;1.2492;0.4557;0.1831;0.7935;0.1278;0.554;0.3182;29.32;0.302;0
15/05/21 17:00;0;0;90;0;0;90;0;0;0;0;9.79;5.23;0;0;0;0;0;0;0;0;0;0;0;0;0;1;1;1;1;0;0;0;0;0;0;0;0;0;0;0;0;0;0;0;0;0;0;0;0;0;0;0;0;0;0;0;0;0;0;0;0;0;0;0;1;1;1;1;1;1;1;1;1;1;1;1;1;1;1;1;1;1;1;0;0;0;0;0;0;0;0;0;0.0004;0.088;-0.0884;0;0;0;0;0;0;0;0;0;0;0;0;0;0;0;0;0;0;0;-9.79;0;0;0;0;0.0004;0;0;0;0;0;0;0;-0.0004;-0.0884;0;0;0;0;0;0;0;0;0;-0.7452;0;0.7452;1;1;0;0;0;0
15/05/21 18:00;0;0;90;0;0;90;0;0;0;0;9.2003;4.82;0;0;0;0;0;0;0;0;0;0;0;0;0;1;1;1;1;0;0;0;0;0;0;0;0;0;0;0;0;0;0;0;0;0;0;0;0;0;0;0;0;0;0;0;0;0;0;0;0;0;0;0;1;1;1;1;1;1;1;1;1;1;1;1;1;1;1;1;1;1;1;0;0;0;0;0;0;0;0;0;0.0004;0.088;-0.0884;0;0;0;0;0;0;0;0;0;0;0;0;0;0;0;0;0;0;0;-9.2003;0;0;0;0;0.0004;0;0;0;0;0;0;0;-0.0004;-0.0884;0;0;0;0;0;0;0;0;0;-0.7452;0;0.7452;1;1;0;0;0;0
15/05/21 19:00;0;0;90;0;0;90;0;0;0;0;8.6698;4.09;0;0;0;0;0;0;0;0;0;0;0;0;0;1;1;1;1;0;0;0;0;0;0;0;0;0;0;0;0;0;0;0;0;0;0;0;0;0;0;0;0;0;0;0;0;0;0;0;0;0;0;0;1;1;1;1;1;1;1;1;1;1;1;1;1;1;1;1;1;1;1;0;0;0;0;0;0;0;0;0;0.0004;0.088;-0.0884;0;0;0;0;0;0;0;0;0;0;0;0;0;0;0;0;0;0;0;-8.6698;0;0;0;0;0.0004;0;0;0;0;0;0;0;-0.0004;-0.0884;0;0;0;0;0;0;0;0;0;-0.7452;0;0.7452;1;1;0;0;0;0
15/05/21 20:00;0;0;90;0;0;90;0;0;0;0;7.3702;3.54;0;0;0;0;0;0;0;0;0;0;0;0;0;1;1;1;1;0;0;0;0;0;0;0;0;0;0;0;0;0;0;0;0;0;0;0;0;0;0;0;0;0;0;0;0;0;0;0;0;0;0;0;1;1;1;1;1;1;1;1;1;1;1;1;1;1;1;1;1;1;1;0;0;0;0;0;0;0;0;0;0.0004;0.088;-0.0884;0;0;0;0;0;0;0;0;0;0;0;0;0;0;0;0;0;0;0;-7.3702;0;0;0;0;0.0004;0;0;0;0;0;0;0;-0.0004;-0.0884;0;0;0;0;0;0;0;0;0;-0.7452;0;0.7452;1;1;0;0;0;0
15/05/21 21:00;0;0;90;0;0;90;0;0;0;0;5.82;3.3599;0;0;0;0;0;0;0;0;0;0;0;0;0;1;1;1;1;0;0;0;0;0;0;0;0;0;0;0;0;0;0;0;0;0;0;0;0;0;0;0;0;0;0;0;0;0;0;0;0;0;0;0;1;1;1;1;1;1;1;1;1;1;1;1;1;1;1;1;1;1;1;0;0;0;0;0;0;0;0;0;0.0004;0.088;-0.0884;0;0;0;0;0;0;0;0;0;0;0;0;0;0;0;0;0;0;0;-5.82;0;0;0;0;0.0004;0;0;0;0;0;0;0;-0.0004;-0.0884;0;0;0;0;0;0;0;0;0;-0.7452;0;0.7452;1;1;0;0;0;0
15/05/21 22:00;0;0;90;0;0;90;0;0;0;0;4.6998;3.1999;0;0;0;0;0;0;0;0;0;0;0;0;0;1;1;1;1;0;0;0;0;0;0;0;0;0;0;0;0;0;0;0;0;0;0;0;0;0;0;0;0;0;0;0;0;0;0;0;0;0;0;0;1;1;1;1;1;1;1;1;1;1;1;1;1;1;1;1;1;1;1;0;0;0;0;0;0;0;0;0;0.0004;0.088;-0.0884;0;0;0;0;0;0;0;0;0;0;0;0;0;0;0;0;0;0;0;-4.6998;0;0;0;0;0.0004;0;0;0;0;0;0;0;-0.0004;-0.0884;0;0;0;0;0;0;0;0;0;-0.7452;0;0.7452;1;1;0;0;0;0
15/05/21 23:00;0;0;90;0;0;90;0;0;0;0;3.1203;3.0299;0;0;0;0;0;0;0;0;0;0;0;0;0;1;1;1;1;0;0;0;0;0;0;0;0;0;0;0;0;0;0;0;0;0;0;0;0;0;0;0;0;0;0;0;0;0;0;0;0;0;0;0;1;1;1;1;1;1;1;1;1;1;1;1;1;1;1;1;1;1;1;0;0;0;0;0;0;0;0;0;0.0004;0.088;-0.0884;0;0;0;0;0;0;0;0;0;0;0;0;0;0;0;0;0;0;0;-3.1203;0;0;0;0;0.0004;0;0;0;0;0;0;0;-0.0004;-0.0884;0;0;0;0;0;0;0;0;0;-0.7452;0;0.7452;1;1;0;0;0;0
16/05/21 00:00;0;0;90;0;0;90;0;0;0;0;2.4901;2.8799;0;0;0;0;0;0;0;0;0;0;0;0;0;1;1;1;1;0;0;0;0;0;0;0;0;0;0;0;0;0;0;0;0;0;0;0;0;0;0;0;0;0;0;0;0;0;0;0;0;0;0;0;1;1;1;1;1;1;1;1;1;1;1;1;1;1;1;1;1;1;1;0;0;0;0;0;0;0;0;0;0.0004;0.088;-0.0884;0;0;0;0;0;0;0;0;0;0;0;0;0;0;0;0;0;0;0;-2.4901;0;0;0;0;0.0004;0;0;0;0;0;0;0;-0.0004;-0.0884;0;0;0;0;0;0;0;0;0;-0.7452;0;0.7452;1;1;0;0;0;0
16/05/21 01:00;0;0;90;0;0;90;0;0;0;0;2.0201;2.66;0;0;0;0;0;0;0;0;0;0;0;0;0;1;1;1;1;0;0;0;0;0;0;0;0;0;0;0;0;0;0;0;0;0;0;0;0;0;0;0;0;0;0;0;0;0;0;0;0;0;0;0;1;1;1;1;1;1;1;1;1;1;1;1;1;1;1;1;1;1;1;0;0;0;0;0;0;0;0;0;0.0004;0.088;-0.0884;0;0;0;0;0;0;0;0;0;0;0;0;0;0;0;0;0;0;0;-2.0201;0;0;0;0;0.0004;0;0;0;0;0;0;0;-0.0004;-0.0884;0;0;0;0;0;0;0;0;0;-0.7452;0;0.7452;1;1;0;0;0;0
16/05/21 02:00;0;0;90;0;0;90;0;0;0;0;0.6401;2.49;0;0;0;0;0;0;0;0;0;0;0;0;0;1;1;1;1;0;0;0;0;0;0;0;0;0;0;0;0;0;0;0;0;0;0;0;0;0;0;0;0;0;0;0;0;0;0;0;0;0;0;0;1;1;1;1;1;1;1;1;1;1;1;1;1;1;1;1;1;1;1;0;0;0;0;0;0;0;0;0;0.0004;0.088;-0.0884;0;0;0;0;0;0;0;0;0;0;0;0;0;0;0;0;0;0;0;-0.6401;0;0;0;0;0.0004;0;0;0;0;0;0;0;-0.0004;-0.0884;0;0;0;0;0;0;0;0;0;-0.7452;0;0.7452;1;1;0;0;0;0
16/05/21 03:00;0;0;90;0;0;90;0;0;0;0;0.5497;2.3801;0;0;0;0;0;0;0;0;0;0;0;0;0;1;1;1;1;0;0;0;0;0;0;0;0;0;0;0;0;0;0;0;0;0;0;0;0;0;0;0;0;0;0;0;0;0;0;0;0;0;0;0;1;1;1;1;1;1;1;1;1;1;1;1;1;1;1;1;1;1;1;0;0;0;0;0;0;0;0;0;0.0004;0.088;-0.0884;0;0;0;0;0;0;0;0;0;0;0;0;0;0;0;0;0;0;0;-0.5497;0;0;0;0;0.0004;0;0;0;0;0;0;0;-0.0004;-0.0884;0;0;0;0;0;0;0;0;0;-0.7452;0;0.7452;1;1;0;0;0;0
16/05/21 04:00;0;0;90;0;0;90;0;0;0;0;0.7298;2.27;0;0;0;0;0;0;0;0;0;0;0;0;0;1;1;1;1;0;0;0;0;0;0;0;0;0;0;0;0;0;0;0;0;0;0;0;0;0;0;0;0;0;0;0;0;0;0;0;0;0;0;0;1;1;1;1;1;1;1;1;1;1;1;1;1;1;1;1;1;1;1;0;0;0;0;0;0;0;0;0;0.0004;0.088;-0.0884;0;0;0;0;0;0;0;0;0;0;0;0;0;0;0;0;0;0;0;-0.7298;0;0;0;0;0.0004;0;0;0;0;0;0;0;-0.0004;-0.0884;0;0;0;0;0;0;0;0;0;-0.7452;0;0.7452;1;1;0;0;0;0
16/05/21 05:00;0;0;90;0;0;90;0;0;0;0;0.1501;2.0799;0;0;0;0;0;0;0;0;0;0;0;0;0;1;1;1;1;0;0;0;0;0;0;0;0;0;0;0;0;0;0;0;0;0;0;0;0;0;0;0;0;0;0;0;0;0;0;0;0;0;0;0;1;1;1;1;1;1;1;1;1;1;1;1;1;1;1;1;1;1;1;0;0;0;0;0;0;0;0;0;0.0004;0.088;-0.0884;0;0;0;0;0;0;0;0;0;0;0;0;0;0;0;0;0;0;0;-0.1501;0;0;0;0;0.0004;0;0;0;0;0;0;0;-0.0004;-0.0884;0;0;0;0;0;0;0;0;0;-0.7452;0;0.7452;1;1;0;0;0;0
16/05/21 06:00;0.9638;-65.522;87.662;1.059;1.51;-90;-1.51;0;0;0;0.0199;1.7;0;0;0;0;0;0;0;0;0;0;0;0;0;1;1;1;1;0;0;0;0;0;0;0;0;0;0;0;0;0;0;0;0;0;0;0;0;0;0;0;0;0;0;0;0;0;0;0;0;0;0;0;1;1;1;1;1;1;1;1;1;1;1;1;1;1;1;1;1;1;1;0;0;0;0;0;0;0;0;0;0.0004;0.088;-0.0884;0;0;0;0;0;0;0;0;0;0;0;0;0;0;0;0;0;0;0;-0.0199;0;0;0;0;0.0004;0;0;0;0;0;0;0;-0.0004;-0.0884;0;0;0;0;0;0;0;0;0;-0.7452;0;0.7452;1;1;0;0;0;0
16/05/21 07:00;7.1554;-60.4;72.417;8.2156;12.062;-90;-12.062;89.097;18.998;70.099;0.91;1.79;0;170.01;10.872;19.414;0;0.1672;200.46;0;200.46;170.01;19.414;10.872;0.1672;0.8481;0.0551;0;0.0008;200.22;0.2461;0;0;0.1073;0.1388;172.94;26.881;23.739;2.7108;0.4253;0.0064;199.82;0.4004;0.34;0.0388;0.0215;0.0001;172.94;145.93;16.664;10.318;0.022;6.9357;5.7566;1.864;0.0064;0.066;0.9501;0.004;1.0097;0;1;0;0;2.2499;0.9988;1;1;0.9901;0.1699;0.8655;0.8601;1;0.9604;0.7755;0.998;0.998;1;0.998;0.998;0.8627;0.949;0.1315;0.5705;0.4967;0.003;0.0172;-0.0278;0.0035;0.0125;0.0002;0;0;0.088;0.3795;0;0;0;0;0;0;0;0;0;0;0;0;0.0101;0.0008;0.4772;0.4772;0;9.2829;9.2829;8.3729;0.0484;424.45;1124.4;1;0.0097;0.0097;0;0;0;0;0;0;0.4675;0.3795;0;15.732;18.217;12.51;14.486;97.958;97.958;4.8111;4.0247;3.2004;0.7864;0.8243;0.1635;0.1713;0.6652;6.553;0.6629;0
16/05/21 08:00;17.246;-50.222;44.024;21.996;43.284;-90;-43.284;279.79;46.098;233.7;4.6799;2.98;0;566.78;16.323;65.98;0;6.4696;655.55;0;655.55;566.78;65.98;16.323;6.4696;0.8646;0.0348;0;0.0099;648.33;7.2231;0;0;1.2727;5.9504;640.67;6.3581;5.2255;0.6083;0.4883;0.036;647.03;1.2967;1.1336;0.132;0.0301;0.001;640.89;560.42;65.239;14.532;0.4821;13.24;10.989;3.6206;0.8735;0.178;2.5606;0.2174;1.8651;0;1;0;0;2.343;0.989;1;1;0.922;0.0802;0.9902;0.9908;1;0.9675;0.9306;0.998;0.998;1;0.998;0.998;0.9773;0.8903;0.0745;1.8656;1.8388;0.0111;0.0012;0.0716;0.0123;0.0436;0.0005;0;0;0.088;1.5403;0;0;0;0;0;0;0;0;0;0;0;0;0.0351;0.0081;1.6554;1.6554;0;36.143;36.143;31.463;0.0491;1583.6;1045.3;1;0.0271;0.0271;0;0;0;0;0;0;1.6283;1.5403;0;16.686;19.323;15.527;17.979;98.365;98.365;15.733;13.96;12.99;1.7731;0.9704;0.1127;0.0617;0.8256;11.962;0.8232;0
16/05/21 09:00;25.804;-38.075;45.13;38.097;51.903;-90;-51.903;423.71;71.502;352.2;7.3802;4.74;0;570.84;22.788;70.204;0;13.794;677.62;0;677.62;570.84;70.204;22.788;13.794;0.8424;0.054;0;0.0204;662.47;15.152;0;0;2.3139;12.838;654.1;7.0473;5.6315;0.6926;0.6844;0.0388;661.15;1.3249;1.1417;0.1404;0.0409;0.0019;657;564.06;69.371;19.749;0.9155;150.64;125.03;40.699;2.2862;1.5601;22.442;2.898;21.716;0;1;0;0;1.5993;0.9776;1;1;0.8985;0.0693;0.9893;0.9901;1;0.9665;0.9594;0.998;0.998;1;0.998;0.998;0.9653;0.8666;0.0664;1.9285;1.9247;0.0116;0.0003;0.0982;0.0127;0.045;0.004;0;0;0.088;1.5918;0;0;0;0;0;0;0;0;0;0;0;0;0.0363;0.0089;1.7076;1.7076;0;39.591;39.591;32.211;0.0492;1655.9;1031.2;1;0.0278;0.0278;0;0;0;0;0;0;1.6798;1.5918;0;16.652;19.283;15.523;17.975;98.371;98.371;16.263;14.4;13.424;1.8625;0.9767;0.1145;0.0601;0.8254;18.142;0.8055;0
16/05/21 10:00;32.109;-23.562;50.934;57.502;32.498;-90;-32.498;546.5;89.901;456.6;9.0999;5.0901;0;541.37;29.568;68.557;0;7.274;646.77;0;646.77;541.37;68.557;29.568;7.274;0.837;0.057;0;0.0112;638.86;7.9069;0;0;1.4847;6.4222;628.16;9.4227;7.4382;0.9419;0.9082;0.1343;637.59;1.2777;1.0827;0.1371;0.0562;0.0017;630.21;532.85;67.478;27.119;0.7158;284;235.72;78.562;0.592;2.5805;37.119;2.0472;39.108;0;1;0;0;1.1835;0.9878;1;1;0.9498;0.1171;0.9852;0.9862;1;0.9676;0.842;0.998;0.998;1;0.998;0.998;0.9712;0.9172;0.0984;1.8407;1.8774;0.0113;0.0008;0.0989;0.0124;0.0439;0.0066;0;0;0.088;1.545;0;0;0;0;0;0;0;0;0;0;0;0;0.0353;0.0084;1.6598;1.6598;0;40.049;40.049;30.949;0.0493;1614.2;1028.3;1;0.0268;0.0268;0;0;0;0;0;0;1.633;1.545;0;16.958;19.637;15.785;18.278;98.383;98.383;15.523;13.997;13.029;1.5252;0.9685;0.0983;0.0624;0.8394;19.838;0.8048;0
16/05/21 11:00;35.354;-6.9657;54.054;80.3;9.7003;-90;-9.7003;381.71;253.4;128.31;10.36;5.3;0;130.17;209.82;42.679;0;0.4639;383.13;0;383.13;130.17;42.679;209.82;0.4639;0.3397;0.5489;0;0.0012;381.31;1.8222;0;0;1.4369;0.3852;368.74;11.801;2.4437;0.8012;8.5387;0.0176;380.55;0.7626;0.2603;0.0854;0.4168;0.0002;368.83;127.46;41.793;199.43;0.0609;225.14;186.86;60.11;0.0541;2.1596;31.066;0.0814;33.171;0;1;0;0;1.0037;0.9952;1;1;0.9932;0.1695;0.969;0.9812;1;0.9589;0.7755;0.998;0.998;1;0.998;0.998;0.9625;0.9505;0.1312;1.0904;1.1175;0.0067;0.0105;0.0134;0.0076;0.027;0.0057;0;0;0.088;0.9167;0;0;0;0;0;0;0;0;0;0;0;0;0.0217;0.0032;1.0215;1.0215;0;28.399;28.399;18.039;0.0489;957.55;1066.8;1;0.0167;0.0167;0;0;0;0;0;0;1.0047;0.9167;0;17.618;20.401;15.811;18.309;98.36;98.36;9.1951;8.6142;7.7308;0.5809;0.8834;0.0632;0.0961;0.8408;125.68;0.7926;0
16/05/21 12:00;34.988;10.373;53.696;75.573;14.427;90;14.427;221.31;211.9;9.4098;10.43;5.37;0;9.7162;205.99;2.6883;0;0.5932;218.99;0;218.99;9.7162;2.6883;205.99;0.5932;0.0444;0.9434;0;0.0027;215.74;3.2518;0;0;2.7577;0.4941;207.34;7.9654;0.1754;0.0485;7.7191;0.0223;215.31;0.4315;0.0194;0.0054;0.4065;0.0002;207.47;9.5214;2.6344;195.11;0.0767;132.03;109.58;34.581;0.232;1.323;19.031;0.1287;20.122;0;1;0;0;0.9895;0.9852;1;1;0.9866;0.1671;0.963;0.9819;1;0.9619;0.775;0.998;0.998;1;0.998;0.998;0.9468;0.9472;0.1293;0.6232;0.6317;0.0038;0.0164;-0.01;0.0044;0.0154;0.0036;0;0;0.088;0.486;0;0;0;0;0;0;0;0;0;0;0;0;0.0124;0.0012;0.5845;0.5845;0;20.548;20.548;10.118;0.0488;539.76;1083;1;0.0106;0.0106;0;0;0;0;0;0;0.574;0.486;0;17.638;20.425;14.664;16.981;98.193;98.193;5.2558;4.9295;4.0983;0.3263;0.8312;0.0621;0.1581;0.7798;125.1;0.7321;0
16/05/21 13:00;31.076;26.629;49.963;53.362;36.638;90;36.638;249.59;225.6;23.993;11.02;5.4001;0;29.9;196.24;9.7842;0;4.1918;240.11;0;240.11;29.9;9.7842;196.24;4.1918;0.1245;0.8347;0;0.0175;224.39;15.725;0;0;11.934;3.7911;217.45;6.493;0.3793;0.1241;5.939;0.0506;223.94;0.4488;0.0598;0.0196;0.3686;0.0008;218.85;29.461;9.6406;178;0.3493;151.49;125.74;42.589;5.9157;1.6961;24.397;1.4043;20.178;0;1;0;0;0.962;0.9345;1;1;0.9392;0.0956;0.971;0.9873;1;0.9677;0.8735;0.998;0.998;1;0.998;0.998;0.9056;0.907;0.0833;0.6833;0.675;0.0041;0.0161;-0.0081;0.0046;0.0165;0.0046;0;0;0.088;0.5237;0;0;0;0;0;0;0;0;0;0;0;0;0.0133;0.0013;0.6227;0.6227;0;21.637;21.637;10.617;0.0488;576.54;1080.1;1;0.0111;0.0111;0;0;0;0;0;0;0.6117;0.5237;0;17.137;19.845;14.411;16.687;98.222;98.222;5.7628;5.2515;4.416;0.5112;0.8355;0.0887;0.145;0.7663;135.93;0.7121;0
16/05/21 14:00;24.26;40.665;43.752;34.668;55.332;90;55.332;534.51;88.198;446.31;12.39;5.3499;0;784.62;12.919;126.1;0;19.59;943.23;0;943.23;784.62;126.1;12.919;19.59;0.8318;0.0345;0;0.0208;923.43;19.795;0;0;1.4442;18.35;912.88;8.7003;7.1094;1.1426;0.3914;0.057;921.58;1.8469;1.5692;0.2522;0.023;0.0025;916.64;775.94;124.7;11.061;1.1799;155.03;128.68;40.06;1.6248;1.6769;24.122;3.7602;24.174;0;1;0;0;1.7647;0.979;1;1;0.8882;0.0633;0.9906;0.9909;1;0.9658;0.9539;0.998;0.998;1;0.998;0.998;0.9678;0.8561;0.0602;2.6843;2.6709;0.0161;-0.0014;0.3098;0.0164;0.0582;0.004;0;0;0.088;2.0799;0;0;0;0;0;0;0;0;0;0;0;0;0.0469;0.0165;2.2043;2.2043;0;58.008;58.008;45.618;0.05;2303.9;956.76;1;0.0364;0.0364;0;0;0;0;0;0;2.1679;2.0799;0;15.442;17.882;14.571;16.873;98.349;98.349;22.637;18.589;17.54;4.0487;1.049;0.1789;0.0463;0.7748;10.666;0.7603;0
16/05/21 15:00;15.347;52.379;50.066;19.112;33.456;90;33.456;108.59;104.8;3.7913;12.31;4.09;0;9.195;95.089;2.726;0;1.5293;108.54;0;108.54;9.195;2.726;95.089;1.5293;0.0847;0.8902;0;0.0141;102.16;6.3776;0;0;5.0146;1.363;98.871;3.0855;0.1175;0.0348;2.9077;0.0255;101.96;0.2043;0.0184;0.0055;0.1801;0.0003;99.352;9.0591;2.6857;86.986;0.1405;64.278;53.35;17.859;2.098;0.7066;10.164;0.4805;8.7728;0;1;0;0;0.9995;0.9412;1;1;0.9473;0.1088;0.9697;0.9872;1;0.9677;0.8462;0.998;0.998;1;0.998;0.998;0.9109;0.9148;0.0918;0.3089;0.3046;0.0018;0.0166;-0.0087;0.0021;0.0073;0.0019;0;0;0.088;0.1823;0;0;0;0;0;0;0;0;0;0;0;0;0.0059;0.0004;0.2774;0.2774;0;17.154;17.154;4.8439;0.049;259.18;1070.2;1;0.0071;0.0071;0;0;0;0;0;0;0.2703;0.1823;0;16.887;19.555;11.096;12.849;97.435;97.435;2.6049;2.3392;1.537;0.2658;0.8021;0.102;0.3079;0.59;64.254;0.5514;0
16/05/21 16:00;5.3822;61.932;76.851;6.0945;8.8267;90;8.8267;37.897;37.198;0.6996;11.68;3.0299;0;1.6967;36.771;0.5038;0;0.0381;39.009;0;39.009;1.6967;0.5038;36.771;0.0381;0.0435;0.9436;0;0.001;38.761;0.248;0;0;0.2162;0.0318;36.668;2.0156;0.3835;0.1139;1.5167;0.0014;38.684;0.0775;0.0034;0.001;0.0731;0;36.674;1.3098;0.3889;34.965;0.0049;21.986;18.249;5.7004;0.0065;0.222;3.1937;0.0058;3.4092;0;1;0;0;1.0294;0.9936;1;1;0.9941;0.1677;0.9479;0.7735;1;0.9584;0.7751;0.998;0.998;1;0.998;0.998;0.94;0.9509;0.1297;0.111;0.1113;0.0007;0.0117;-0.0047;0.0007;0.0026;0.0006;0;0;0.088;0.005;0;0;0;0;0;0;0;0;0;0;0;0;0.0021;0.0001;0.0977;0.0977;0;13.492;13.492;1.8119;0.0494;93.477;1044.8;1;0.0046;0.0046;0;0;0;0;0;0;0.093;0.005;0;16.544;19.158;0.8535;0.9884;95.261;95.261;0.9362;0.8236;0.0425;0.1126;0.7811;0.1203;0.8344;0.0454;21.982;0.0428;0
16/05/21 17:00;0;0;90;0;0;90;0;0;0;0;9.1099;2.9401;0;0;0;0;0;0;0;0;0;0;0;0;0;1;1;1;1;0;0;0;0;0;0;0;0;0;0;0;0;0;0;0;0;0;0;0;0;0;0;0;0;0;0;0;0;0;0;0;0;0;0;0;1;1;1;1;1;1;1;1;1;1;1;1;1;1;1;1;1;1;1;0;0;0;0;0;0;0;0;0;0.0004;0.088;-0.0884;0;0;0;0;0;0;0;0;0;0;0;0;0;0;0;0;0;0;0;-9.1099;0;0;0;0;0.0004;0;0;0;0;0;0;0;-0.0004;-0.0884;0;0;0;0;0;0;0;0;0;-0.7452;0;0.7452;1;1;0;0;0;0
16/05/21 18:00;0;0;90;0;0;90;0;0;0;0;7.6899;2.9401;0;0;0;0;0;0;0;0;0;0;0;0;0;1;1;1;1;0;0;0;0;0;0;0;0;0;0;0;0;0;0;0;0;0;0;0;0;0;0;0;0;0;0;0;0;0;0;0;0;0;0;0;1;1;1;1;1;1;1;1;1;1;1;1;1;1;1;1;1;1;1;0;0;0;0;0;0;0;0;0;0.0004;0.088;-0.0884;0;0;0;0;0;0;0;0;0;0;0;0;0;0;0;0;0;0;0;-7.6899;0;0;0;0;0.0004;0;0;0;0;0;0;0;-0.0004;-0.0884;0;0;0;0;0;0;0;0;0;-0.7452;0;0.7452;1;1;0;0;0;0
16/05/21 19:00;0;0;90;0;0;90;0;0;0;0;8.62;3.0299;0;0;0;0;0;0;0;0;0;0;0;0;0;1;1;1;1;0;0;0;0;0;0;0;0;0;0;0;0;0;0;0;0;0;0;0;0;0;0;0;0;0;0;0;0;0;0;0;0;0;0;0;1;1;1;1;1;1;1;1;1;1;1;1;1;1;1;1;1;1;1;0;0;0;0;0;0;0;0;0;0.0004;0.088;-0.0884;0;0;0;0;0;0;0;0;0;0;0;0;0;0;0;0;0;0;0;-8.62;0;0;0;0;0.0004;0;0;0;0;0;0;0;-0.0004;-0.0884;0;0;0;0;0;0;0;0;0;-0.7452;0;0.7452;1;1;0;0;0;0
16/05/21 20:00;0;0;90;0;0;90;0;0;0;0;9.07;3.1199;0;0;0;0;0;0;0;0;0;0;0;0;0;1;1;1;1;0;0;0;0;0;0;0;0;0;0;0;0;0;0;0;0;0;0;0;0;0;0;0;0;0;0;0;0;0;0;0;0;0;0;0;1;1;1;1;1;1;1;1;1;1;1;1;1;1;1;1;1;1;1;0;0;0;0;0;0;0;0;0;0.0004;0.088;-0.0884;0;0;0;0;0;0;0;0;0;0;0;0;0;0;0;0;0;0;0;-9.07;0;0;0;0;0.0004;0;0;0;0;0;0;0;-0.0004;-0.0884;0;0;0;0;0;0;0;0;0;-0.7452;0;0.7452;1;1;0;0;0;0
16/05/21 21:00;0;0;90;0;0;90;0;0;0;0;8.9902;3.22;0;0;0;0;0;0;0;0;0;0;0;0;0;1;1;1;1;0;0;0;0;0;0;0;0;0;0;0;0;0;0;0;0;0;0;0;0;0;0;0;0;0;0;0;0;0;0;0;0;0;0;0;1;1;1;1;1;1;1;1;1;1;1;1;1;1;1;1;1;1;1;0;0;0;0;0;0;0;0;0;0.0004;0.088;-0.0884;0;0;0;0;0;0;0;0;0;0;0;0;0;0;0;0;0;0;0;-8.9902;0;0;0;0;0.0004;0;0;0;0;0;0;0;-0.0004;-0.0884;0;0;0;0;0;0;0;0;0;-0.7452;0;0.7452;1;1;0;0;0;0
16/05/21 22:00;0;0;90;0;0;90;0;0;0;0;9.4702;4.01;0;0;0;0;0;0;0;0;0;0;0;0;0;1;1;1;1;0;0;0;0;0;0;0;0;0;0;0;0;0;0;0;0;0;0;0;0;0;0;0;0;0;0;0;0;0;0;0;0;0;0;0;1;1;1;1;1;1;1;1;1;1;1;1;1;1;1;1;1;1;1;0;0;0;0;0;0;0;0;0;0.0004;0.088;-0.0884;0;0;0;0;0;0;0;0;0;0;0;0;0;0;0;0;0;0;0;-9.4702;0;0;0;0;0.0004;0;0;0;0;0;0;0;-0.0004;-0.0884;0;0;0;0;0;0;0;0;0;-0.7452;0;0.7452;1;1;0;0;0;0
16/05/21 23:00;0;0;90;0;0;90;0;0;0;0;9.55;4.35;0;0;0;0;0;0;0;0;0;0;0;0;0;1;1;1;1;0;0;0;0;0;0;0;0;0;0;0;0;0;0;0;0;0;0;0;0;0;0;0;0;0;0;0;0;0;0;0;0;0;0;0;1;1;1;1;1;1;1;1;1;1;1;1;1;1;1;1;1;1;1;0;0;0;0;0;0;0;0;0;0.0004;0.088;-0.0884;0;0;0;0;0;0;0;0;0;0;0;0;0;0;0;0;0;0;0;-9.55;0;0;0;0;0.0004;0;0;0;0;0;0;0;-0.0004;-0.0884;0;0;0;0;0;0;0;0;0;-0.7452;0;0.7452;1;1;0;0;0;0
17/05/21 00:00;0;0;90;0;0;90;0;0;0;0;9.6703;3.94;0;0;0;0;0;0;0;0;0;0;0;0;0;1;1;1;1;0;0;0;0;0;0;0;0;0;0;0;0;0;0;0;0;0;0;0;0;0;0;0;0;0;0;0;0;0;0;0;0;0;0;0;1;1;1;1;1;1;1;1;1;1;1;1;1;1;1;1;1;1;1;0;0;0;0;0;0;0;0;0;0.0004;0.088;-0.0884;0;0;0;0;0;0;0;0;0;0;0;0;0;0;0;0;0;0;0;-9.6703;0;0;0;0;0.0004;0;0;0;0;0;0;0;-0.0004;-0.0884;0;0;0;0;0;0;0;0;0;-0.7452;0;0.7452;1;1;0;0;0;0
17/05/21 01:00;0;0;90;0;0;90;0;0;0;0;9.6497;3.8901;0;0;0;0;0;0;0;0;0;0;0;0;0;1;1;1;1;0;0;0;0;0;0;0;0;0;0;0;0;0;0;0;0;0;0;0;0;0;0;0;0;0;0;0;0;0;0;0;0;0;0;0;1;1;1;1;1;1;1;1;1;1;1;1;1;1;1;1;1;1;1;0;0;0;0;0;0;0;0;0;0.0004;0.088;-0.0884;0;0;0;0;0;0;0;0;0;0;0;0;0;0;0;0;0;0;0;-9.6497;0;0;0;0;0.0004;0;0;0;0;0;0;0;-0.0004;-0.0884;0;0;0;0;0;0;0;0;0;-0.7452;0;0.7452;1;1;0;0;0;0
17/05/21 02:00;0;0;90;0;0;90;0;0;0;0;9.7301;3.7401;0;0;0;0;0;0;0;0;0;0;0;0;0;1;1;1;1;0;0;0;0;0;0;0;0;0;0;0;0;0;0;0;0;0;0;0;0;0;0;0;0;0;0;0;0;0;0;0;0;0;0;0;1;1;1;1;1;1;1;1;1;1;1;1;1;1;1;1;1;1;1;0;0;0;0;0;0;0;0;0;0.0004;0.088;-0.0884;0;0;0;0;0;0;0;0;0;0;0;0;0;0;0;0;0;0;0;-9.7301;0;0;0;0;0.0004;0;0;0;0;0;0;0;-0.0004;-0.0884;0;0;0;0;0;0;0;0;0;-0.7452;0;0.7452;1;1;0;0;0;0
17/05/21 03:00;0;0;90;0;0;90;0;0;0;0;8.6399;3.2699;0;0;0;0;0;0;0;0;0;0;0;0;0;1;1;1;1;0;0;0;0;0;0;0;0;0;0;0;0;0;0;0;0;0;0;0;0;0;0;0;0;0;0;0;0;0;0;0;0;0;0;0;1;1;1;1;1;1;1;1;1;1;1;1;1;1;1;1;1;1;1;0;0;0;0;0;0;0;0;0;0.0004;0.088;-0.0884;0;0;0;0;0;0;0;0;0;0;0;0;0;0;0;0;0;0;0;-8.6399;0;0;0;0;0.0004;0;0;0;0;0;0;0;-0.0004;-0.0884;0;0;0;0;0;0;0;0;0;-0.7452;0;0.7452;1;1;0;0;0;0
17/05/21 04:00;0;0;90;0;0;90;0;0;0;0;8.3501;2.9599;0;0;0;0;0;0;0;0;0;0;0;0;0;1;1;1;1;0;0;0;0;0;0;0;0;0;0;0;0;0;0;0;0;0;0;0;0;0;0;0;0;0;0;0;0;0;0;0;0;0;0;0;1;1;1;1;1;1;1;1;1;1;1;1;1;1;1;1;1;1;1;0;0;0;0;0;0;0;0;0;0.0004;0.088;-0.0884;0;0;0;0;0;0;0;0;0;0;0;0;0;0;0;0;0;0;0;-8.3501;0;0;0;0;0.0004;0;0;0;0;0;0;0;-0.0004;-0.0884;0;0;0;0;0;0;0;0;0;-0.7452;0;0.7452;1;1;0;0;0;0
17/05/21 05:00;0;0;90;0;0;90;0;0;0;0;8.9902;2.74;0;0;0;0;0;0;0;0;0;0;0;0;0;1;1;1;1;0;0;0;0;0;0;0;0;0;0;0;0;0;0;0;0;0;0;0;0;0;0;0;0;0;0;0;0;0;0;0;0;0;0;0;1;1;1;1;1;1;1;1;1;1;1;1;1;1;1;1;1;1;1;0;0;0;0;0;0;0;0;0;0.0004;0.088;-0.0884;0;0;0;0;0;0;0;0;0;0;0;0;0;0;0;0;0;0;0;-8.9902;0;0;0;0;0.0004;0;0;0;0;0;0;0;-0.0004;-0.0884;0;0;0;0;0;0;0;0;0;-0.7452;0;0.7452;1;1;0;0;0;0
17/05/21 06:00;0.8202;-65.349;88.01;0.9025;1.2867;-90;-1.2867;0;0;0;8.8899;3.45;0;0;0;0;0;0;0;0;0;0;0;0;0;1;1;1;1;0;0;0;0;0;0;0;0;0;0;0;0;0;0;0;0;0;0;0;0;0;0;0;0;0;0;0;0;0;0;0;0;0;0;0;1;1;1;1;1;1;1;1;1;1;1;1;1;1;1;1;1;1;1;0;0;0;0;0;0;0;0;0;0.0004;0.088;-0.0884;0;0;0;0;0;0;0;0;0;0;0;0;0;0;0;0;0;0;0;-8.8899;0;0;0;0;0.0004;0;0;0;0;0;0;0;-0.0004;-0.0884;0;0;0;0;0;0;0;0;0;-0.7452;0;0.7452;1;1;0;0;0;0
17/05/21 07:00;7.0024;-60.234;72.802;8.0537;11.81;-90;-11.81;49.403;40.597;8.8064;9.1398;3.0901;0;21.358;37.994;5.3272;0;0.0889;64.768;0;64.768;21.358;5.3272;37.994;0.0889;0.3298;0.588;0;0.0014;64.332;0.4356;0;0;0.3618;0.0738;58.822;5.3812;3.1095;0.7756;1.4928;0.0034;64.203;0.1287;0.0427;0.0107;0.0753;0;58.836;18.206;4.5409;36.064;0.0117;22.938;19.039;5.9329;0.0207;0.2335;3.3582;0.0135;3.571;0;1;0;0;1.311;0.9933;1;1;0.9905;0.1699;0.9162;0.8541;1;0.9603;0.7755;0.998;0.998;1;0.998;0.998;0.9082;0.9492;0.1315;0.1843;0.1751;0.0011;0.0141;-0.0083;0.0012;0.0042;0.0006;0;0;0.088;0.0645;0;0;0;0;0;0;0;0;0;0;0;0;0.0034;0.0002;0.1587;0.1587;0;12.026;12.026;2.8857;0.0491;148.17;1071.4;1;0.0063;0.0063;0;0;0;0;0;0;0.1525;0.0645;0;16.196;18.755;6.5764;7.6153;96.04;96.04;1.5544;1.3387;0.5436;0.2157;0.7951;0.1388;0.5115;0.3497;22.884;0.3366;0
17/05/21 08:00;17.074;-50.07;44.596;21.828;42.564;-90;-42.564;109.39;102.6;6.7941;9.77;3.08;0;16.478;87.539;4.3129;0;2.4499;110.78;0;110.78;16.478;4.3129;87.539;2.4499;0.1487;0.8123;0;0.0221;101.87;8.9097;0;0;6.6598;2.2499;98.832;2.8346;0.1574;0.0412;2.6213;0.0147;101.67;0.2037;0.033;0.0086;0.1618;0.0004;99.666;16.287;4.2631;78.097;0.185;63.785;52.941;18.427;4.4141;0.807;11.608;0.8338;8.0008;0;1;0;0;1.0127;0.9196;1;1;0.9239;0.0817;0.9721;0.9904;1;0.9675;0.9264;0.998;0.998;1;0.998;0.998;0.8921;0.8921;0.0755;0.3153;0.3084;0.0019;0.0166;-0.0116;0.0021;0.0075;0.0022;0;0;0.088;0.1881;0;0;0;0;0;0;0;0;0;0;0;0;0.006;0.0004;0.2834;0.2834;0;14.602;14.602;4.8316;0.0489;262.18;1081;1;0.0073;0.0073;0;0;0;0;0;0;0.2761;0.1881;0;16.905;19.576;11.222;12.995;97.435;97.435;2.6587;2.39;1.5866;0.2687;0.8034;0.1011;0.3022;0.5968;63.743;0.5533;0
17/05/21 09:00;25.61;-37.947;45.325;37.936;52.064;-90;-52.064;271;179.6;91.401;11;3.1899;0;148.67;122.04;46.271;0;8.8738;325.86;0;325.86;148.67;46.271;122.04;8.8738;0.4562;0.4018;0;0.0272;305.15;20.707;0;0;12.448;8.2595;298.91;5.6369;1.4836;0.4617;3.6667;0.0249;304.54;0.6103;0.2973;0.0925;0.2192;0.0012;301.69;146.89;45.717;105.71;0.5882;137.18;113.86;39.84;12.36;1.9083;27.45;2.7796;16.998;0;1;0;0;1.2024;0.9365;1;1;0.898;0.0692;0.9815;0.99;1;0.9665;0.9594;0.998;0.998;1;0.998;0.998;0.9173;0.8662;0.0663;0.9274;0.9181;0.0055;0.0133;0.002;0.0063;0.0223;0.0051;0;0;0.088;0.7413;0;0;0;0;0;0;0;0;0;0;0;0;0.0179;0.0023;0.8435;0.8435;0;25.608;25.608;14.608;0.0489;784.9;1074.6;1;0.0141;0.0141;0;0;0;0;0;0;0.8293;0.7413;0;17.104;19.806;15.033;17.408;98.323;98.323;7.8206;7.113;6.2516;0.7077;0.8614;0.0905;0.1101;0.7994;97.32;0.7519;0
17/05/21 10:00;31.895;-23.477;51.145;57.375;32.625;-90;-32.625;269.6;229;40.597;11.91;3.61;0;48.203;198.79;15.648;0;3.6157;266.26;0;266.26;48.203;15.648;198.79;3.6157;0.181;0.7602;0;0.0136;253.02;13.238;0;0;10.044;3.1942;245.45;7.0625;0.6748;0.2191;6.1025;0.0661;252.52;0.506;0.0964;0.0313;0.3775;0.0008;246.6;47.431;15.398;182.27;0.3546;161.08;133.69;44.586;4.0227;1.7014;24.475;1.1425;22.153;0;1;0;0;0.9876;0.9503;1;1;0.9495;0.1166;0.972;0.986;1;0.9676;0.8429;0.998;0.998;1;0.998;0.998;0.9219;0.9169;0.0981;0.7578;0.7546;0.0045;0.0153;-0.0029;0.0052;0.0183;0.0045;0;0;0.088;0.5933;0;0;0;0;0;0;0;0;0;0;0;0;0.0148;0.0016;0.6933;0.6933;0;23.906;23.906;11.996;0.0489;644.9;1075;1;0.012;0.012;0;0;0;0;0;0;0.6813;0.5933;0;17.205;19.924;14.723;17.049;98.266;98.266;6.3903;5.8465;5.003;0.5438;0.8435;0.0851;0.132;0.7829;133.5;0.7325;0
17/05/21 11:00;35.13;-6.9444;54.277;80.249;9.7506;-90;-9.7506;349.49;259.2;90.294;12.87;3.94;0;91.617;227.08;30.911;0;0.4291;350.04;0;350.04;91.617;30.911;227.08;0.4291;0.2617;0.65;0;0.0012;348.12;1.925;0;0;1.5686;0.3564;335.81;11.608;1.7628;0.5948;9.2339;0.0163;347.42;0.6962;0.1832;0.0618;0.451;0.0001;335.89;89.671;30.254;215.83;0.0563;206.52;171.41;54.789;0.0598;2.0045;28.834;0.0748;30.779;0;1;0;0;1.0016;0.9945;1;1;0.9931;0.1695;0.9666;0.9807;1;0.959;0.7755;0.998;0.998;1;0.998;0.998;0.9594;0.9504;0.1312;0.9962;1.0188;0.0061;0.0119;0.0156;0.0069;0.0245;0.0053;0;0;0.088;0.8228;0;0;0;0;0;0;0;0;0;0;0;0;0.0197;0.0027;0.926;0.926;0;29.32;29.32;16.45;0.049;872.77;1061;1;0.0152;0.0152;0;0;0;0;0;0;0.9108;0.8228;0;17.48;20.242;15.532;17.985;98.356;98.356;8.401;7.8089;6.9384;0.5921;0.8705;0.0705;0.1036;0.8259;136.04;0.7779;0
17/05/21 12:00;34.766;10.323;53.92;75.525;14.475;90;14.475;649.7;107.2;542.5;14.81;4.12;0;560.28;30.322;78.896;0;1.7529;671.25;0;671.25;560.28;78.896;30.322;1.7529;0.8347;0.0478;0;0.0026;669.39;1.8682;0;0;0.4082;1.46;655.02;13.026;10.365;1.4596;1.1352;0.0658;668.05;1.3388;1.1206;0.1578;0.0598;0.0006;655.41;548.8;77.279;28.719;0.2266;375.05;311.29;102.75;0.035;3.4244;49.258;0.3932;52.648;0;1;0;0;1.0332;0.9972;1;1;0.9865;0.1671;0.9805;0.9815;1;0.962;0.775;0.998;0.998;1;0.998;0.998;0.9758;0.9471;0.1293;1.9103;1.9739;0.0119;-0.0001;0.1545;0.0127;0.0449;0.0086;0;0;0.088;1.581;0;0;0;0;0;0;0;0;0;0;0;0;0.0361;0.0093;1.696;1.696;0;47.27;47.27;32.46;0.0496;1696.8;999.52;1;0.027;0.027;0;0;0;0;0;0;1.669;1.581;0;16.696;19.334;15.564;18.023;98.408;98.408;16.11;14.303;13.333;1.8074;0.9698;0.1122;0.0602;0.8276;18.418;0.7845;0
17/05/21 13:00;30.871;26.52;50.175;53.243;36.757;90;36.757;306.69;241.4;65.294;15.8;4.1301;0;81.497;196.68;28.718;0;5.183;312.08;0;312.08;81.497;28.718;196.68;5.183;0.2611;0.6468;0;0.0166;295.37;16.712;0;0;12.022;4.6901;287.34;7.4326;1.0502;0.3701;5.9506;0.0617;294.78;0.5907;0.163;0.0574;0.3693;0.001;289.03;80.284;28.291;178.34;0.4303;179.45;148.94;50.351;5.9954;1.9496;28.045;1.6841;23.999;0;1;0;0;1.0176;0.9465;1;1;0.9389;0.0951;0.9748;0.9871;1;0.9677;0.8747;0.998;0.998;1;0.998;0.998;0.9207;0.9067;0.083;0.8882;0.8831;0.0053;0.0137;0.0154;0.0059;0.0211;0.0051;0;0;0.088;0.6961;0;0;0;0;0;0;0;0;0;0;0;0;0.017;0.0021;0.7974;0.7974;0;29.897;29.897;14.097;0.0491;755.88;1054.9;1;0.0132;0.0132;0;0;0;0;0;0;0.7841;0.6961;0;16.884;19.551;14.74;17.069;98.338;98.338;7.4899;6.7245;5.8707;0.7654;0.8538;0.1022;0.114;0.7838;136.37;0.7344;0
17/05/21 14:00;24.078;40.521;43.95;34.519;55.481;90;55.481;221.89;191.9;29.991;14.9;3.9899;0;52.925;142.05;18.646;0;8.1729;221.79;0;221.79;52.925;18.646;142.05;8.1729;0.2386;0.6773;0;0.0368;198.19;23.597;0;0;15.941;7.6559;192.81;4.9858;0.4857;0.1711;4.3051;0.024;197.8;0.3964;0.1058;0.0373;0.2522;0.001;195.86;52.333;18.438;121.55;0.4919;128.65;106.78;38.818;17.982;2.1104;30.357;3.049;14.485;0;1;0;0;0.9995;0.8936;1;1;0.8878;0.0633;0.9748;0.9908;1;0.9658;0.9535;0.998;0.998;1;0.998;0.998;0.8693;0.8557;0.0602;0.6312;0.6212;0.0037;0.0165;-0.0015;0.0042;0.015;0.0056;0;0;0.088;0.4663;0;0;0;0;0;0;0;0;0;0;0;0;0.012;0.0012;0.5644;0.5644;0;24.345;24.345;9.4446;0.049;529.93;1065;1;0.0101;0.0101;0;0;0;0;0;0;0.5543;0.4663;0;16.816;19.472;13.893;16.088;98.211;98.211;5.323;4.7597;3.9324;0.5633;0.8273;0.1058;0.1554;0.7388;117.46;0.6701;0
17/05/21 15:00;15.188;52.214;50.551;18.957;33.031;90;33.031;82.709;81.2;1.5091;14.29;2.7899;0;3.6601;74.316;0.8497;0;1.1363;79.962;0;79.962;3.6601;0.8497;74.316;1.1363;0.0458;0.9436;0;0.0142;75.111;4.8517;0;0;3.841;1.0107;72.604;2.356;0.0487;0.0113;2.2764;0.0197;74.96;0.1502;0.0073;0.0017;0.141;0.0003;72.968;3.6041;0.8367;68.058;0.1057;50.067;41.556;13.885;1.5692;0.5479;7.8809;0.3633;6.8595;0;1;0;0;0.9668;0.9393;1;1;0.9483;0.1105;0.9686;0.9867;1;0.9676;0.843;0.998;0.998;1;0.998;0.998;0.908;0.9158;0.093;0.2276;0.2246;0.0014;0.0153;-0.0059;0.0015;0.0053;0.0014;0;0;0.088;0.1066;0;0;0;0;0;0;0;0;0;0;0;0;0.0043;0.0002;0.201;0.201;0;17.861;17.861;3.5709;0.0492;190.54;1054.9;1;0.0064;0.0064;0;0;0;0;0;0;0.1946;0.1066;0;16.611;19.235;8.8086;10.2;96.808;96.808;1.9191;1.6951;0.8989;0.224;0.7962;0.1167;0.4149;0.4684;50.058;0.4362;0
17/05/21 16:00;5.2418;61.755;77.199;5.9455;8.604;90;8.604;18.304;18.1;0.204;13.22;2.5401;0;0.4947;17.968;0.0734;0;0.0175;18.554;0;18.554;0.4947;0.0734;17.968;0.0175;0.0267;0.9694;0;0.0009;18.438;0.1159;0;0;0.1013;0.0146;17.523;0.8777;0.1161;0.0172;0.7437;0.0007;18.401;0.0369;0.001;0.0001;0.0357;0;17.526;0.3776;0.056;17.087;0.0023;10.737;8.9121;2.7831;0.0029;0.1085;1.5601;0.0026;1.6657;0;1;0;0;1.0136;0.9938;1;1;0.9944;0.1677;0.9523;0.7647;1;0.9583;0.7752;0.998;0.998;1;0.998;0.998;0.9445;0.951;0.1297;0.0528;0.0533;0.0003;0.0081;-0.0021;0.0003;0.0012;0.0003;0;0;0.088;-0.0469;0;0;0;0;0;0;0;0;0;0;0;0;0.0009;0;0.0442;0.0442;0;14.096;14.096;0.8763;0.05;43.792;1009.1;1;0.003;0.003;0;0;0;0;0;0;0.0411;-0.0469;0;15.739;18.225;-16.689;-19.325;93.1;93.1;0.4453;0.3727;-0.3952;0.0726;0.7678;0.1631;1.7244;0;10.736;0;0
17/05/21 17:00;0;0;90;0;0;90;0;0;0;0;12.49;2.4501;0;0;0;0;0;0;0;0;0;0;0;0;0;1;1;1;1;0;0;0;0;0;0;0;0;0;0;0;0;0;0;0;0;0;0;0;0;0;0;0;0;0;0;0;0;0;0;0;0;0;0;0;1;1;1;1;1;1;1;1;1;1;1;1;1;1;1;1;1;1;1;0;0;0;0;0;0;0;0;0;0.0004;0.088;-0.0884;0;0;0;0;0;0;0;0;0;0;0;0;0;0;0;0;0;0;0;-12.49;0;0;0;0;0.0004;0;0;0;0;0;0;0;-0.0004;-0.0884;0;0;0;0;0;0;0;0;0;-0.7452;0;0.7452;1;1;0;0;0;0
17/05/21 18:00;0;0;90;0;0;90;0;0;0;0;11.26;2.2499;0;0;0;0;0;0;0;0;0;0;0;0;0;1;1;1;1;0;0;0;0;0;0;0;0;0;0;0;0;0;0;0;0;0;0;0;0;0;0;0;0;0;0;0;0;0;0;0;0;0;0;0;1;1;1;1;1;1;1;1;1;1;1;1;1;1;1;1;1;1;1;0;0;0;0;0;0;0;0;0;0.0004;0.088;-0.0884;0;0;0;0;0;0;0;0;0;0;0;0;0;0;0;0;0;0;0;-11.26;0;0;0;0;0.0004;0;0;0;0;0;0;0;-0.0004;-0.0884;0;0;0;0;0;0;0;0;0;-0.7452;0;0.7452;1;1;0;0;0;0
17/05/21 19:00;0;0;90;0;0;90;0;0;0;0;9.5899;2.05;0;0;0;0;0;0;0;0;0;0;0;0;0;1;1;1;1;0;0;0;0;0;0;0;0;0;0;0;0;0;0;0;0;0;0;0;0;0;0;0;0;0;0;0;0;0;0;0;0;0;0;0;1;1;1;1;1;1;1;1;1;1;1;1;1;1;1;1;1;1;1;0;0;0;0;0;0;0;0;0;0.0004;0.088;-0.0884;0;0;0;0;0;0;0;0;0;0;0;0;0;0;0;0;0;0;0;-9.5899;0;0;0;0;0.0004;0;0;0;0;0;0;0;-0.0004;-0.0884;0;0;0;0;0;0;0;0;0;-0.7452;0;0.7452;1;1;0;0;0;0
17/05/21 20:00;0;0;90;0;0;90;0;0;0;0;6.1098;1.87;0;0;0;0;0;0;0;0;0;0;0;0;0;1;1;1;1;0;0;0;0;0;0;0;0;0;0;0;0;0;0;0;0;0;0;0;0;0;0;0;0;0;0;0;0;0;0;0;0;0;0;0;1;1;1;1;1;1;1;1;1;1;1;1;1;1;1;1;1;1;1;0;0;0;0;0;0;0;0;0;0.0004;0.088;-0.0884;0;0;0;0;0;0;0;0;0;0;0;0;0;0;0;0;0;0;0;-6.1098;0;0;0;0;0.0004;0;0;0;0;0;0;0;-0.0004;-0.0884;0;0;0;0;0;0;0;0;0;-0.7452;0;0.7452;1;1;0;0;0;0
17/05/21 21:00;0;0;90;0;0;90;0;0;0;0;4.42;1.65;0;0;0;0;0;0;0;0;0;0;0;0;0;1;1;1;1;0;0;0;0;0;0;0;0;0;0;0;0;0;0;0;0;0;0;0;0;0;0;0;0;0;0;0;0;0;0;0;0;0;0;0;1;1;1;1;1;1;1;1;1;1;1;1;1;1;1;1;1;1;1;0;0;0;0;0;0;0;0;0;0.0004;0.088;-0.0884;0;0;0;0;0;0;0;0;0;0;0;0;0;0;0;0;0;0;0;-4.42;0;0;0;0;0.0004;0;0;0;0;0;0;0;-0.0004;-0.0884;0;0;0;0;0;0;0;0;0;-0.7452;0;0.7452;1;1;0;0;0;0
17/05/21 22:00;0;0;90;0;0;90;0;0;0;0;3.3703;1.3401;0;0;0;0;0;0;0;0;0;0;0;0;0;1;1;1;1;0;0;0;0;0;0;0;0;0;0;0;0;0;0;0;0;0;0;0;0;0;0;0;0;0;0;0;0;0;0;0;0;0;0;0;1;1;1;1;1;1;1;1;1;1;1;1;1;1;1;1;1;1;1;0;0;0;0;0;0;0;0;0;0.0004;0.088;-0.0884;0;0;0;0;0;0;0;0;0;0;0;0;0;0;0;0;0;0;0;-3.3703;0;0;0;0;0.0004;0;0;0;0;0;0;0;-0.0004;-0.0884;0;0;0;0;0;0;0;0;0;-0.7452;0;0.7452;1;1;0;0;0;0
17/05/21 23:00;0;0;90;0;0;90;0;0;0;0;2.9501;1;0;0;0;0;0;0;0;0;0;0;0;0;0;1;1;1;1;0;0;0;0;0;0;0;0;0;0;0;0;0;0;0;0;0;0;0;0;0;0;0;0;0;0;0;0;0;0;0;0;0;0;0;1;1;1;1;1;1;1;1;1;1;1;1;1;1;1;1;1;1;1;0;0;0;0;0;0;0;0;0;0.0004;0.088;-0.0884;0;0;0;0;0;0;0;0;0;0;0;0;0;0;0;0;0;0;0;-2.9501;0;0;0;0;0.0004;0;0;0;0;0;0;0;-0.0004;-0.0884;0;0;0;0;0;0;0;0;0;-0.7452;0;0.7452;1;1;0;0;0;0
18/05/21 00:00;0;0;90;0;0;90;0;0;0;0;2.54;0.8099;0;0;0;0;0;0;0;0;0;0;0;0;0;1;1;1;1;0;0;0;0;0;0;0;0;0;0;0;0;0;0;0;0;0;0;0;0;0;0;0;0;0;0;0;0;0;0;0;0;0;0;0;1;1;1;1;1;1;1;1;1;1;1;1;1;1;1;1;1;1;1;0;0;0;0;0;0;0;0;0;0.0004;0.088;-0.0884;0;0;0;0;0;0;0;0;0;0;0;0;0;0;0;0;0;0;0;-2.54;0;0;0;0;0.0004;0;0;0;0;0;0;0;-0.0004;-0.0884;0;0;0;0;0;0;0;0;0;-0.7452;0;0.7452;1;1;0;0;0;0
18/05/21 01:00;0;0;90;0;0;90;0;0;0;0;1.83;0.9599;0;0;0;0;0;0;0;0;0;0;0;0;0;1;1;1;1;0;0;0;0;0;0;0;0;0;0;0;0;0;0;0;0;0;0;0;0;0;0;0;0;0;0;0;0;0;0;0;0;0;0;0;1;1;1;1;1;1;1;1;1;1;1;1;1;1;1;1;1;1;1;0;0;0;0;0;0;0;0;0;0.0004;0.088;-0.0884;0;0;0;0;0;0;0;0;0;0;0;0;0;0;0;0;0;0;0;-1.83;0;0;0;0;0.0004;0;0;0;0;0;0;0;-0.0004;-0.0884;0;0;0;0;0;0;0;0;0;-0.7452;0;0.7452;1;1;0;0;0;0
18/05/21 02:00;0;0;90;0;0;90;0;0;0;0;1.4797;1.2701;0;0;0;0;0;0;0;0;0;0;0;0;0;1;1;1;1;0;0;0;0;0;0;0;0;0;0;0;0;0;0;0;0;0;0;0;0;0;0;0;0;0;0;0;0;0;0;0;0;0;0;0;1;1;1;1;1;1;1;1;1;1;1;1;1;1;1;1;1;1;1;0;0;0;0;0;0;0;0;0;0.0004;0.088;-0.0884;0;0;0;0;0;0;0;0;0;0;0;0;0;0;0;0;0;0;0;-1.4797;0;0;0;0;0.0004;0;0;0;0;0;0;0;-0.0004;-0.0884;0;0;0;0;0;0;0;0;0;-0.7452;0;0.7452;1;1;0;0;0;0
18/05/21 03:00;0;0;90;0;0;90;0;0;0;0;0.8501;1.7501;0;0;0;0;0;0;0;0;0;0;0;0;0;1;1;1;1;0;0;0;0;0;0;0;0;0;0;0;0;0;0;0;0;0;0;0;0;0;0;0;0;0;0;0;0;0;0;0;0;0;0;0;1;1;1;1;1;1;1;1;1;1;1;1;1;1;1;1;1;1;1;0;0;0;0;0;0;0;0;0;0.0004;0.088;-0.0884;0;0;0;0;0;0;0;0;0;0;0;0;0;0;0;0;0;0;0;-0.8501;0;0;0;0;0.0004;0;0;0;0;0;0;0;-0.0004;-0.0884;0;0;0;0;0;0;0;0;0;-0.7452;0;0.7452;1;1;0;0;0;0
18/05/21 04:00;0;0;90;0;0;90;0;0;0;0;0.3203;2.12;0;0;0;0;0;0;0;0;0;0;0;0;0;1;1;1;1;0;0;0;0;0;0;0;0;0;0;0;0;0;0;0;0;0;0;0;0;0;0;0;0;0;0;0;0;0;0;0;0;0;0;0;1;1;1;1;1;1;1;1;1;1;1;1;1;1;1;1;1;1;1;0;0;0;0;0;0;0;0;0;0.0004;0.088;-0.0884;0;0;0;0;0;0;0;0;0;0;0;0;0;0;0;0;0;0;0;-0.3203;0;0;0;0;0.0004;0;0;0;0;0;0;0;-0.0004;-0.0884;0;0;0;0;0;0;0;0;0;-0.7452;0;0.7452;1;1;0;0;0;0
18/05/21 05:00;0;0;90;0;0;90;0;0;0;0;-0.0898;2.2399;0;0;0;0;0;0;0;0;0;0;0;0;0;1;1;1;1;0;0;0;0;0;0;0;0;0;0;0;0;0;0;0;0;0;0;0;0;0;0;0;0;0;0;0;0;0;0;0;0;0;0;0;1;1;1;1;1;1;1;1;1;1;1;1;1;1;1;1;1;1;1;0;0;0;0;0;0;0;0;0;0.0004;0.088;-0.0884;0;0;0;0;0;0;0;0;0;0;0;0;0;0;0;0;0;0;0;0.0898;0;0;0;0;0.0004;0;0;0;0;0;0;0;-0.0004;-0.0884;0;0;0;0;0;0;0;0;0;-0.7452;0;0.7452;1;1;0;0;0;0
18/05/21 06:00;0.6784;-65.18;88.354;0.7475;1.0656;-90;-1.0656;0;0;0;-0.4601;2.89;0;0;0;0;0;0;0;0;0;0;0;0;0;1;1;1;1;0;0;0;0;0;0;0;0;0;0;0;0;0;0;0;0;0;0;0;0;0;0;0;0;0;0;0;0;0;0;0;0;0;0;0;1;1;1;1;1;1;1;1;1;1;1;1;1;1;1;1;1;1;1;0;0;0;0;0;0;0;0;0;0.0004;0.088;-0.0884;0;0;0;0;0;0;0;0;0;0;0;0;0;0;0;0;0;0;0;0.4601;0;0;0;0;0.0004;0;0;0;0;0;0;0;-0.0004;-0.0884;0;0;0;0;0;0;0;0;0;-0.7452;0;0.7452;1;1;0;0;0;0
18/05/21 07:00;6.8515;-60.073;73.182;7.8932;11.561;-90;-11.561;63.292;38.302;24.99;0.0199;2.89;0;60.608;31.962;14.581;0;0.1092;107.26;0;107.26;60.608;14.581;31.962;0.1092;0.5651;0.299;0;0.001;106.88;0.3843;0;0;0.2936;0.0906;93.988;12.674;9.1964;2.2125;1.2612;0.0042;106.66;0.2138;0.1212;0.0292;0.0633;0;93.999;51.29;12.34;30.344;0.0143;19.39;16.094;5.0661;0.0161;0.1939;2.7898;0.0106;2.9676;0;1;0;0;1.6947;0.9964;1;1;0.9908;0.1699;0.8812;0.848;1;0.9601;0.7755;0.998;0.998;1;0.998;0.998;0.8763;0.9494;0.1315;0.3053;0.2745;0.0017;0.0162;-0.0203;0.0019;0.0069;0.0005;0;0;0.088;0.1662;0;0;0;0;0;0;0;0;0;0;0;0;0.0055;0.0003;0.2617;0.2617;0;4.5784;4.5784;4.5586;0.0485;233.2;1122.4;1;0.0075;0.0075;0;0;0;0;0;0;0.2542;0.1662;0;16.124;18.672;10.239;11.857;97.124;97.124;2.5743;2.2072;1.4016;0.367;0.8056;0.1426;0.3129;0.5445;19.238;0.5341;0
18/05/21 08:00;16.904;-49.924;45.154;21.661;41.875;-90;-41.875;188.61;104.9;83.705;1.13;2.1501;0;203.01;71.767;54.879;0;4.0944;333.75;0;333.75;203.01;54.879;71.767;4.0944;0.6083;0.2273;0;0.0123;324.66;9.0851;0;0;5.331;3.7542;319.29;4.7253;2.0055;0.5421;2.1512;0.0264;324.02;0.6493;0.406;0.1098;0.1329;0.0007;319.96;200.6;54.227;64.152;0.3131;52.466;43.547;15.029;3.422;0.6586;9.473;0.674;6.7096;0;1;0;0;1.7696;0.9728;1;1;0.9257;0.0831;0.9854;0.9901;1;0.9676;0.9222;0.998;0.998;1;0.998;0.998;0.9567;0.8939;0.0765;0.9498;0.9344;0.0056;0.0131;-0.0276;0.0066;0.0234;0.0018;0;0;0.088;0.7869;0;0;0;0;0;0;0;0;0;0;0;0;0.0189;0.0024;0.8902;0.8902;0;16.612;16.612;15.482;0.0485;799.92;1112.9;1;0.0154;0.0154;0;0;0;0;0;0;0.8749;0.7869;0;17.626;20.41;15.579;18.041;98.275;98.275;8.01;7.5074;6.6358;0.5026;0.8716;0.0627;0.1088;0.8284;51.945;0.8112;0
18/05/21 09:00;25.419;-37.826;45.513;37.774;52.226;-90;-52.226;413.7;71.003;342.7;4.1301;1.1199;0;559.46;23;69.345;0;13.625;665.43;0;665.43;559.46;69.345;23;13.625;0.8408;0.055;0;0.0205;650.39;15.039;0;0;2.3564;12.683;642.02;7.0733;5.6443;0.6996;0.6912;0.0381;649.09;1.3008;1.1189;0.1387;0.0413;0.0019;645.04;552.7;68.507;19.911;0.9019;145.55;120.8;38.169;2.3578;1.5921;22.901;3.0197;22.136;0;1;0;0;1.6085;0.9774;1;1;0.8975;0.0691;0.9891;0.9899;1;0.9664;0.9594;0.998;0.998;1;0.998;0.998;0.9648;0.8657;0.0662;1.8938;1.8914;0.0114;0.0006;0.0703;0.0127;0.0449;0.0042;0;0;0.088;1.5866;0;0;0;0;0;0;0;0;0;0;0;0;0.0362;0.0086;1.7026;1.7026;0;35.646;35.646;31.516;0.0491;1627;1046.5;1;0.028;0.028;0;0;0;0;0;0;1.6746;1.5866;0;16.907;19.578;15.755;18.244;98.355;98.355;15.97;14.358;13.38;1.6122;0.9783;0.1009;0.0613;0.8378;18.371;0.8168;0
18/05/21 10:00;31.686;-23.397;51.35;57.247;32.753;-90;-32.753;535.31;88.298;447.01;9.76;0.7299;0;531.52;29.448;66.951;0;7.2344;635.15;0;635.15;531.52;66.951;29.448;7.2344;0.8368;0.0578;0;0.0114;627.26;7.8921;0;0;1.4971;6.3949;616.43;9.5698;7.5807;0.9549;0.9035;0.1308;626;1.2545;1.063;0.1339;0.0559;0.0017;618.47;522.87;65.862;26.992;0.707;277.56;230.37;76.8;0.6057;2.5223;36.283;2.0401;38.199;0;1;0;0;1.1865;0.9876;1;1;0.9492;0.116;0.9847;0.9857;1;0.9676;0.8439;0.998;0.998;1;0.998;0.998;0.9705;0.9166;0.0977;1.8076;1.8422;0.0111;0.0011;0.0977;0.0121;0.043;0.0065;0;0;0.088;1.5137;0;0;0;0;0;0;0;0;0;0;0;0;0.0346;0.0081;1.6279;1.6279;0;40.135;40.135;30.375;0.0493;1584;1027.7;1;0.0262;0.0262;0;0;0;0;0;0;1.6017;1.5137;0;16.936;19.612;15.748;18.236;98.39;98.39;15.244;13.728;12.765;1.5156;0.9632;0.0994;0.0632;0.8374;19.795;0.803;0
18/05/21 11:00;34.91;-6.9265;54.495;80.196;9.8041;-90;-9.8041;589.69;98.303;491.39;12.91;0.9699;0;498.67;34.8;64.184;0;0.732;598.39;0;598.39;498.67;64.184;34.8;0.732;0.8334;0.0594;0;0.0012;597.54;0.8505;0;0;0.2426;0.6079;583.8;12.537;9.8298;1.2652;1.4139;0.0278;596.34;1.1951;0.9973;0.1284;0.0691;0.0002;583.94;487.84;62.791;33.074;0.0961;344.54;285.97;94.912;0.0095;3.1104;44.741;0.1357;47.842;0;1;0;0;1.0147;0.9986;1;1;0.993;0.1696;0.979;0.9802;1;0.959;0.7755;0.998;0.998;1;0.998;0.998;0.9756;0.9504;0.1312;1.703;1.7603;0.0106;0.002;0.1034;0.0115;0.0408;0.0079;0;0;0.088;1.4313;0;0;0;0;0;0;0;0;0;0;0;0;0.0329;0.0075;1.5437;1.5437;0;41.72;41.72;28.81;0.0493;1513.1;1020.2;1;0.0245;0.0245;0;0;0;0;0;0;1.5193;1.4313;0;17.047;19.74;15.805;18.302;98.415;98.415;14.361;13.018;12.07;1.3429;0.9484;0.0935;0.066;0.8404;20.85;0.7959;0
18/05/21 12:00;34.55;10.271;54.138;75.482;14.518;90;14.518;583.4;101.7;481.7;13.31;1.16;0;497.59;36.384;66.863;0;1.5834;602.42;0;602.42;497.59;66.863;36.384;1.5834;0.826;0.063;0;0.0026;600.61;1.811;0;0;0.4922;1.3188;587.29;12.116;9.4282;1.2669;1.3611;0.0594;599.4;1.2012;0.9952;0.1337;0.0718;0.0005;587.64;487.16;65.462;34.459;0.2046;336.93;279.66;92.232;0.0423;3.0817;44.33;0.3553;47.369;0;1;0;0;1.0326;0.997;1;1;0.9865;0.1671;0.9798;0.981;1;0.962;0.7751;0.998;0.998;1;0.998;0.998;0.9749;0.9471;0.1292;1.7144;1.7701;0.0107;0.0019;0.1076;0.0115;0.041;0.0078;0;0;0.088;1.4365;0;0;0;0;0;0;0;0;0;0;0;0;0.033;0.0076;1.549;1.549;0;42.305;42.305;28.995;0.0494;1521.6;1018;1;0.0245;0.0245;0;0;0;0;0;0;1.5245;1.4365;0;16.991;19.676;15.757;18.246;98.417;98.417;14.458;13.063;12.114;1.3949;0.949;0.0965;0.0656;0.8379;22.104;0.7941;0
18/05/21 13:00;30.672;26.413;50.383;53.13;36.87;90;36.87;512.71;105;407.7;14.61;1.32;0;509.63;37.906;78.604;0;8.7163;634.86;0;634.86;509.63;78.604;37.906;8.7163;0.8027;0.0734;0;0.0137;624.64;10.219;0;0;2.3281;7.8913;614.43;8.9588;6.6797;1.0303;1.1465;0.1023;623.39;1.2493;1.0193;0.1572;0.0712;0.0016;616.9;501.93;77.417;34.36;0.721;255.54;212.1;70.879;1.1697;2.3509;33.816;2.4719;34.997;0;1;0;0;1.2383;0.9839;1;1;0.9386;0.0946;0.9856;0.9869;1;0.9677;0.8757;0.998;0.998;1;0.998;0.998;0.9678;0.9065;0.0827;1.8068;1.8327;0.011;0.0012;0.129;0.0118;0.042;0.0059;0;0;0.088;1.4767;0;0;0;0;0;0;0;0;0;0;0;0;0.0338;0.0081;1.5899;1.5899;0;45.008;45.008;30.398;0.0495;1576.3;1008.6;1;0.0251;0.0251;0;0;0;0;0;0;1.5647;1.4767;0;16.548;19.163;15.371;17.799;98.419;98.419;15.237;13.408;12.454;1.829;0.9541;0.12;0.0626;0.8173;26.306;0.786;0
18/05/21 14:00;23.901;40.378;44.144;34.375;55.625;90;55.625;394.6;106.1;288.5;15.57;1.4399;0;510.98;38.714;100.27;0;14.603;664.56;0;664.56;510.98;100.27;38.714;14.603;0.7689;0.0802;0;0.022;646.52;18.041;0;0;4.3609;13.68;638.33;6.8954;4.7468;0.9314;1.1739;0.0433;645.23;1.293;1.022;0.2005;0.0687;0.0018;641.34;505.21;99.134;33.111;0.8785;126.38;104.9;34.416;4.9491;1.4882;21.407;3.0088;17.947;0;1;0;0;1.6841;0.9729;1;1;0.8874;0.0632;0.9893;0.9907;1;0.9658;0.9531;0.998;0.998;1;0.998;0.998;0.9605;0.8553;0.0602;1.8913;1.8778;0.0113;0.0008;0.1467;0.012;0.0427;0.0037;0;0;0.088;1.5042;0;0;0;0;0;0;0;0;0;0;0;0;0.0344;0.0085;1.6177;1.6177;0;47.204;47.204;31.634;0.0496;1615.9;1001.1;1;0.0255;0.0255;0;0;0;0;0;0;1.5922;1.5042;0;16.086;18.627;14.957;17.319;98.422;98.422;15.949;13.642;12.685;2.307;0.9575;0.1446;0.06;0.7953;32.064;0.7766;0
18/05/21 15:00;15.034;52.052;51.018;18.808;32.628;90;32.628;214.7;119.3;95.402;15.45;1.2099;0;231.38;79.604;79.743;0;2.8801;393.6;0;393.6;231.38;79.743;79.604;2.8801;0.5878;0.2096;0;0.0073;387.01;6.592;0;0;4.0353;2.5568;379.44;6.8003;3.2025;1.1037;2.4425;0.0516;386.24;0.774;0.4628;0.1595;0.1511;0.0006;379.81;227.71;78.48;72.975;0.271;54.089;44.893;15.06;1.6117;0.5826;8.3799;0.377;7.3507;0;1;0;0;1.8332;0.9833;1;1;0.9493;0.1123;0.9824;0.9861;1;0.9676;0.84;0.998;0.998;1;0.998;0.998;0.964;0.9167;0.0941;1.1202;1.1035;0.0066;0.0107;0.0357;0.0074;0.0261;0.0015;0;0;0.088;0.8873;0;0;0;0;0;0;0;0;0;0;0;0;0.021;0.0032;0.9913;0.9913;0;34.096;34.096;18.647;0.0491;948.96;1044.6;1;0.016;0.016;0;0;0;0;0;0;0.9753;0.8873;0;16.642;19.271;14.896;17.25;98.387;98.387;9.4465;8.3597;7.4828;1.0868;0.8769;0.115;0.0928;0.7921;53.46;0.7797;0
18/05/21 16:00;5.1064;61.581;77.534;5.8016;8.3896;90;8.3896;41.902;40.703;1.1982;14.77;1.33;0;2.906;40.077;0.9958;0;0.0381;44.017;0;44.017;2.906;0.9958;40.077;0.0381;0.066;0.9114;0;0.0009;43.769;0.2484;0;0;0.2167;0.0317;41.065;2.6159;0.7078;0.2426;1.664;0.0014;43.681;0.0875;0.0058;0.002;0.0797;0;41.071;2.1924;0.7513;38.117;0.0049;23.944;19.874;6.2059;0.0058;0.2418;3.4789;0.0054;3.715;0;1;0;0;1.0505;0.9944;1;1;0.9946;0.1676;0.9401;0.7559;1;0.9582;0.7753;0.998;0.998;1;0.998;0.998;0.9329;0.9511;0.1297;0.1253;0.1245;0.0007;0.0122;-0.0038;0.0008;0.0029;0.0006;0;0;0.088;0.0157;0;0;0;0;0;0;0;0;0;0;0;0;0.0023;0.0001;0.1085;0.1085;0;16.802;16.802;2.0318;0.0495;104.83;1035.4;1;0.0049;0.0049;0;0;0;0;0;0;0.1037;0.0157;0;16.294;18.868;2.3549;2.7269;95.528;95.528;1.0564;0.9153;0.1323;0.1411;0.7831;0.1335;0.7412;0.1252;23.936;0.1182;0
18/05/21 17:00;0;0;90;0;0;90;0;0;0;0;10.41;1.2899;0;0;0;0;0;0;0;0;0;0;0;0;0;1;1;1;1;0;0;0;0;0;0;0;0;0;0;0;0;0;0;0;0;0;0;0;0;0;0;0;0;0;0;0;0;0;0;0;0;0;0;0;1;1;1;1;1;1;1;1;1;1;1;1;1;1;1;1;1;1;1;0;0;0;0;0;0;0;0;0;0.0004;0.088;-0.0884;0;0;0;0;0;0;0;0;0;0;0;0;0;0;0;0;0;0;0;-10.41;0;0;0;0;0.0004;0;0;0;0;0;0;0;-0.0004;-0.0884;0;0;0;0;0;0;0;0;0;-0.7452;0;0.7452;1;1;0;0;0;0
18/05/21 18:00;0;0;90;0;0;90;0;0;0;0;6.6702;1.1199;0;0;0;0;0;0;0;0;0;0;0;0;0;1;1;1;1;0;0;0;0;0;0;0;0;0;0;0;0;0;0;0;0;0;0;0;0;0;0;0;0;0;0;0;0;0;0;0;0;0;0;0;1;1;1;1;1;1;1;1;1;1;1;1;1;1;1;1;1;1;1;0;0;0;0;0;0;0;0;0;0.0004;0.088;-0.0884;0;0;0;0;0;0;0;0;0;0;0;0;0;0;0;0;0;0;0;-6.6702;0;0;0;0;0.0004;0;0;0;0;0;0;0;-0.0004;-0.0884;0;0;0;0;0;0;0;0;0;-0.7452;0;0.7452;1;1;0;0;0;0
18/05/21 19:00;0;0;90;0;0;90;0;0;0;0;4.5602;0.9599;0;0;0;0;0;0;0;0;0;0;0;0;0;1;1;1;1;0;0;0;0;0;0;0;0;0;0;0;0;0;0;0;0;0;0;0;0;0;0;0;0;0;0;0;0;0;0;0;0;0;0;0;1;1;1;1;1;1;1;1;1;1;1;1;1;1;1;1;1;1;1;0;0;0;0;0;0;0;0;0;0.0004;0.088;-0.0884;0;0;0;0;0;0;0;0;0;0;0;0;0;0;0;0;0;0;0;-4.5602;0;0;0;0;0.0004;0;0;0;0;0;0;0;-0.0004;-0.0884;0;0;0;0;0;0;0;0;0;-0.7452;0;0.7452;1;1;0;0;0;0
18/05/21 20:00;0;0;90;0;0;90;0;0;0;0;3.5298;0.93;0;0;0;0;0;0;0;0;0;0;0;0;0;1;1;1;1;0;0;0;0;0;0;0;0;0;0;0;0;0;0;0;0;0;0;0;0;0;0;0;0;0;0;0;0;0;0;0;0;0;0;0;1;1;1;1;1;1;1;1;1;1;1;1;1;1;1;1;1;1;1;0;0;0;0;0;0;0;0;0;0.0004;0.088;-0.0884;0;0;0;0;0;0;0;0;0;0;0;0;0;0;0;0;0;0;0;-3.5298;0;0;0;0;0.0004;0;0;0;0;0;0;0;-0.0004;-0.0884;0;0;0;0;0;0;0;0;0;-0.7452;0;0.7452;1;1;0;0;0;0
18/05/21 21:00;0;0;90;0;0;90;0;0;0;0;3.02;1.01;0;0;0;0;0;0;0;0;0;0;0;0;0;1;1;1;1;0;0;0;0;0;0;0;0;0;0;0;0;0;0;0;0;0;0;0;0;0;0;0;0;0;0;0;0;0;0;0;0;0;0;0;1;1;1;1;1;1;1;1;1;1;1;1;1;1;1;1;1;1;1;0;0;0;0;0;0;0;0;0;0.0004;0.088;-0.0884;0;0;0;0;0;0;0;0;0;0;0;0;0;0;0;0;0;0;0;-3.02;0;0;0;0;0.0004;0;0;0;0;0;0;0;-0.0004;-0.0884;0;0;0;0;0;0;0;0;0;-0.7452;0;0.7452;1;1;0;0;0;0
18/05/21 22:00;0;0;90;0;0;90;0;0;0;0;2.4901;1.08;0;0;0;0;0;0;0;0;0;0;0;0;0;1;1;1;1;0;0;0;0;0;0;0;0;0;0;0;0;0;0;0;0;0;0;0;0;0;0;0;0;0;0;0;0;0;0;0;0;0;0;0;1;1;1;1;1;1;1;1;1;1;1;1;1;1;1;1;1;1;1;0;0;0;0;0;0;0;0;0;0.0004;0.088;-0.0884;0;0;0;0;0;0;0;0;0;0;0;0;0;0;0;0;0;0;0;-2.4901;0;0;0;0;0.0004;0;0;0;0;0;0;0;-0.0004;-0.0884;0;0;0;0;0;0;0;0;0;-0.7452;0;0.7452;1;1;0;0;0;0
18/05/21 23:00;0;0;90;0;0;90;0;0;0;0;2.2601;1.2701;0;0;0;0;0;0;0;0;0;0;0;0;0;1;1;1;1;0;0;0;0;0;0;0;0;0;0;0;0;0;0;0;0;0;0;0;0;0;0;0;0;0;0;0;0;0;0;0;0;0;0;0;1;1;1;1;1;1;1;1;1;1;1;1;1;1;1;1;1;1;1;0;0;0;0;0;0;0;0;0;0.0004;0.088;-0.0884;0;0;0;0;0;0;0;0;0;0;0;0;0;0;0;0;0;0;0;-2.2601;0;0;0;0;0.0004;0;0;0;0;0;0;0;-0.0004;-0.0884;0;0;0;0;0;0;0;0;0;-0.7452;0;0.7452;1;1;0;0;0;0
19/05/21 00:00;0;0;90;0;0;90;0;0;0;0;1.38;1.57;0;0;0;0;0;0;0;0;0;0;0;0;0;1;1;1;1;0;0;0;0;0;0;0;0;0;0;0;0;0;0;0;0;0;0;0;0;0;0;0;0;0;0;0;0;0;0;0;0;0;0;0;1;1;1;1;1;1;1;1;1;1;1;1;1;1;1;1;1;1;1;0;0;0;0;0;0;0;0;0;0.0004;0.088;-0.0884;0;0;0;0;0;0;0;0;0;0;0;0;0;0;0;0;0;0;0;-1.38;0;0;0;0;0.0004;0;0;0;0;0;0;0;-0.0004;-0.0884;0;0;0;0;0;0;0;0;0;-0.7452;0;0.7452;1;1;0;0;0;0
19/05/21 01:00;0;0;90;0;0;90;0;0;0;0;0.68;1.87;0;0;0;0;0;0;0;0;0;0;0;0;0;1;1;1;1;0;0;0;0;0;0;0;0;0;0;0;0;0;0;0;0;0;0;0;0;0;0;0;0;0;0;0;0;0;0;0;0;0;0;0;1;1;1;1;1;1;1;1;1;1;1;1;1;1;1;1;1;1;1;0;0;0;0;0;0;0;0;0;0.0004;0.088;-0.0884;0;0;0;0;0;0;0;0;0;0;0;0;0;0;0;0;0;0;0;-0.68;0;0;0;0;0.0004;0;0;0;0;0;0;0;-0.0004;-0.0884;0;0;0;0;0;0;0;0;0;-0.7452;0;0.7452;1;1;0;0;0;0
19/05/21 02:00;0;0;90;0;0;90;0;0;0;0;0.4998;2.13;0;0;0;0;0;0;0;0;0;0;0;0;0;1;1;1;1;0;0;0;0;0;0;0;0;0;0;0;0;0;0;0;0;0;0;0;0;0;0;0;0;0;0;0;0;0;0;0;0;0;0;0;1;1;1;1;1;1;1;1;1;1;1;1;1;1;1;1;1;1;1;0;0;0;0;0;0;0;0;0;0.0004;0.088;-0.0884;0;0;0;0;0;0;0;0;0;0;0;0;0;0;0;0;0;0;0;-0.4998;0;0;0;0;0.0004;0;0;0;0;0;0;0;-0.0004;-0.0884;0;0;0;0;0;0;0;0;0;-0.7452;0;0.7452;1;1;0;0;0;0
19/05/21 03:00;0;0;90;0;0;90;0;0;0;0;-0.1802;2.29;0;0;0;0;0;0;0;0;0;0;0;0;0;1;1;1;1;0;0;0;0;0;0;0;0;0;0;0;0;0;0;0;0;0;0;0;0;0;0;0;0;0;0;0;0;0;0;0;0;0;0;0;1;1;1;1;1;1;1;1;1;1;1;1;1;1;1;1;1;1;1;0;0;0;0;0;0;0;0;0;0.0004;0.088;-0.0884;0;0;0;0;0;0;0;0;0;0;0;0;0;0;0;0;0;0;0;0.1802;0;0;0;0;0.0004;0;0;0;0;0;0;0;-0.0004;-0.0884;0;0;0;0;0;0;0;0;0;-0.7452;0;0.7452;1;1;0;0;0;0
19/05/21 04:00;0;0;90;0;0;90;0;0;0;0;0.44;2.3701;0;0;0;0;0;0;0;0;0;0;0;0;0;1;1;1;1;0;0;0;0;0;0;0;0;0;0;0;0;0;0;0;0;0;0;0;0;0;0;0;0;0;0;0;0;0;0;0;0;0;0;0;1;1;1;1;1;1;1;1;1;1;1;1;1;1;1;1;1;1;1;0;0;0;0;0;0;0;0;0;0.0004;0.088;-0.0884;0;0;0;0;0;0;0;0;0;0;0;0;0;0;0;0;0;0;0;-0.44;0;0;0;0;0.0004;0;0;0;0;0;0;0;-0.0004;-0.0884;0;0;0;0;0;0;0;0;0;-0.7452;0;0.7452;1;1;0;0;0;0
19/05/21 05:00;0;0;90;0;0;90;0;0;0;0;0.3097;2.4501;0;0;0;0;0;0;0;0;0;0;0;0;0;1;1;1;1;0;0;0;0;0;0;0;0;0;0;0;0;0;0;0;0;0;0;0;0;0;0;0;0;0;0;0;0;0;0;0;0;0;0;0;1;1;1;1;1;1;1;1;1;1;1;1;1;1;1;1;1;1;1;0;0;0;0;0;0;0;0;0;0.0004;0.088;-0.0884;0;0;0;0;0;0;0;0;0;0;0;0;0;0;0;0;0;0;0;-0.3097;0;0;0;0;0.0004;0;0;0;0;0;0;0;-0.0004;-0.0884;0;0;0;0;0;0;0;0;0;-0.7452;0;0.7452;1;1;0;0;0;0
19/05/21 06:00;0.7237;-64.873;88.245;0.7993;1.1396;-90;-1.1396;0;0;0;-0.1098;2.3001;0;0;0;0;0;0;0;0;0;0;0;0;0;1;1;1;1;0;0;0;0;0;0;0;0;0;0;0;0;0;0;0;0;0;0;0;0;0;0;0;0;0;0;0;0;0;0;0;0;0;0;0;1;1;1;1;1;1;1;1;1;1;1;1;1;1;1;1;1;1;1;0;0;0;0;0;0;0;0;0;0.0004;0.088;-0.0884;0;0;0;0;0;0;0;0;0;0;0;0;0;0;0;0;0;0;0;0.1098;0;0;0;0;0.0004;0;0;0;0;0;0;0;-0.0004;-0.0884;0;0;0;0;0;0;0;0;0;-0.7452;0;0.7452;1;1;0;0;0;0
19/05/21 07:00;6.7027;-59.917;73.556;7.7342;11.316;-90;-11.316;67.199;33.499;33.7;0.21;2.4601;0;81.732;25.993;17.585;0;0.111;125.42;0;125.42;81.732;17.585;25.993;0.111;0.6517;0.2081;0;0.0009;125.1;0.3225;0;0;0.2304;0.0922;108.11;16.733;12.919;2.7796;1.03;0.0042;124.85;0.2502;0.1635;0.0352;0.0515;0;108.12;68.649;14.77;24.682;0.0146;15.835;13.143;4.1479;0.0121;0.1576;2.2676;0.0081;2.4131;0;1;0;0;1.8664;0.9974;1;1;0.9911;0.1698;0.866;0.8416;1;0.9599;0.7755;0.998;0.998;1;0.998;0.998;0.862;0.9495;0.1314;0.3569;0.3139;0.0019;0.0167;-0.0221;0.0022;0.0079;0.0004;0;0;0.088;0.2043;0;0;0;0;0;0;0;0;0;0;0;0;0.0063;0.0004;0.3002;0.3002;0;5.4502;5.4502;5.2402;0.0485;267.08;1123.9;1;0.0079;0.0079;0;0;0;0;0;0;0.2923;0.2043;0;15.815;18.314;10.764;12.464;97.377;97.377;3.0101;2.5314;1.7229;0.4787;0.8085;0.159;0.2686;0.5724;15.635;0.5647;0
19/05/21 08:00;16.737;-49.783;45.698;21.496;41.214;-90;-41.214;239.01;57.699;181.31;1.7602;1.33;0;439.72;26.694;66.041;0;5.0331;537.49;0;537.49;439.72;66.041;26.694;5.0331;0.8181;0.059;0;0.0094;530.94;6.5448;0;0;1.9372;4.6077;523.89;5.9929;4.4836;0.6734;0.8011;0.0348;529.88;1.0619;0.8794;0.1321;0.0495;0.0009;524.12;434.36;65.236;23.906;0.3898;20.233;16.794;5.9415;1.206;0.2371;3.4108;0.2332;2.4418;0;1;0;0;2.2489;0.9878;1;1;0.9274;0.0845;0.9887;0.9898;1;0.9676;0.918;0.998;0.998;1;0.998;0.998;0.9747;0.8956;0.0774;1.5297;1.5064;0.0091;0.0051;0.0122;0.0104;0.0367;0.0006;0;0;0.088;1.2864;0;0;0;0;0;0;0;0;0;0;0;0;0.0296;0.0056;1.3971;1.3971;0;27.321;27.321;25.56;0.0488;1295.4;1078.5;1;0.0227;0.0227;0;0;0;0;0;0;1.3744;1.2864;0;17.176;19.889;15.816;18.314;98.378;98.378;12.9;11.782;10.849;1.1179;0.9332;0.0867;0.0723;0.841;19.212;0.837;0
19/05/21 09:00;25.233;-37.709;45.696;37.613;52.387;-90;-52.387;425.89;70.098;355.8;6.2102;0.9;0;582.96;21.128;71.858;0;14.107;690.05;0;690.05;582.96;71.858;21.128;14.107;0.8448;0.0511;0;0.0204;674.75;15.307;0;0;2.1744;13.133;666.04;7.3507;5.9434;0.7326;0.6352;0.0394;673.4;1.3495;1.1659;0.1437;0.0379;0.0019;669.15;575.85;70.982;18.281;0.9325;147.88;122.74;38.595;2.1898;1.6164;23.251;3.1049;22.677;0;1;0;0;1.6202;0.9778;1;1;0.8971;0.069;0.9891;0.9898;1;0.9664;0.9594;0.998;0.998;1;0.998;0.998;0.9652;0.8652;0.0661;1.9638;1.9611;0.0118;0;0.0959;0.013;0.046;0.0042;0;0;0.088;1.6274;0;0;0;0;0;0;0;0;0;0;0;0;0.0371;0.0092;1.744;1.744;0;38.992;38.992;32.782;0.0492;1687;1033.8;1;0.0286;0.0286;0;0;0;0;0;0;1.7154;1.6274;0;16.7;19.338;15.584;18.046;98.362;98.362;16.561;14.707;13.724;1.8542;0.983;0.112;0.0594;0.8287;16.905;0.8083;0
19/05/21 10:00;31.481;-23.322;51.548;57.117;32.883;-90;-32.883;524.89;87.899;437;10.17;1.5999;0;520.37;30.137;65.657;0;7.1484;623.31;0;623.31;520.37;65.657;30.137;7.1484;0.8348;0.0598;0;0.0115;615.45;7.8645;0;0;1.5417;6.3228;604.65;9.5651;7.5594;0.9538;0.9241;0.1278;614.22;1.2309;1.0407;0.1313;0.0572;0.0017;606.63;511.77;64.572;27.614;0.6961;271.96;225.73;76.061;0.6283;2.4211;34.827;1.976;36.62;0;1;0;0;1.1875;0.9874;1;1;0.9488;0.1155;0.9844;0.9854;1;0.9676;0.8448;0.998;0.998;1;0.998;0.998;0.9701;0.9163;0.0974;1.7739;1.8054;0.0109;0.0015;0.0947;0.0119;0.0422;0.0062;0;0;0.088;1.4826;0;0;0;0;0;0;0;0;0;0;0;0;0.034;0.0078;1.5962;1.5962;0;39.962;39.962;29.792;0.0493;1552.5;1028.1;1;0.0256;0.0256;0;0;0;0;0;0;1.5706;1.4826;0;16.922;19.595;15.718;18.201;98.395;98.395;14.959;13.461;12.503;1.4983;0.9581;0.1002;0.064;0.8358;20.277;0.8022;0
19/05/21 11:00;34.696;-6.9118;54.707;80.139;9.8606;-90;-9.8606;584.81;97.896;486.91;13.16;2.21;0;494.21;34.864;63.714;0;0.7343;593.52;0;593.52;494.21;63.714;34.864;0.7343;0.8327;0.06;0;0.0012;592.67;0.8552;0;0;0.2454;0.6098;578.78;12.705;9.9757;1.2861;1.4152;0.0279;591.48;1.1853;0.9884;0.1274;0.0692;0.0002;578.92;483.25;62.301;33.134;0.0964;341.66;283.58;94.115;0.0098;3.0844;44.368;0.1365;47.443;0;1;0;0;1.0149;0.9986;1;1;0.993;0.1696;0.9785;0.9798;1;0.959;0.7755;0.998;0.998;1;0.998;0.998;0.9752;0.9504;0.1312;1.6891;1.7452;0.0105;0.0021;0.1026;0.0114;0.0405;0.0079;0;0;0.088;1.4181;0;0;0;0;0;0;0;0;0;0;0;0;0.0326;0.0074;1.5303;1.5303;0;41.723;41.723;28.563;0.0494;1500.2;1020.1;1;0.0242;0.0242;0;0;0;0;0;0;1.5061;1.4181;0;17.037;19.729;15.788;18.282;98.418;98.418;14.245;12.905;11.959;1.3395;0.9462;0.094;0.0664;0.8395;20.892;0.795;0
19/05/21 12:00;34.34;10.218;54.351;75.444;14.556;90;14.556;425.4;226;199.41;14.37;2.3001;0;206.02;163.45;61.872;0;1.1607;432.5;0;432.5;206.02;61.872;163.45;1.1607;0.4763;0.3806;0;0.0027;429.31;3.188;0;0;2.2213;0.9668;417.1;11.35;3.9966;1.2003;6.11;0.0435;428.45;0.8586;0.412;0.1237;0.3225;0.0004;417.36;201.61;60.548;154.79;0.15;248.68;206.41;66.969;0.1902;2.3568;33.902;0.2579;36.068;0;1;0;0;1.0167;0.9926;1;1;0.9864;0.1671;0.9735;0.9806;1;0.962;0.7751;0.998;0.998;1;0.998;0.998;0.9644;0.9471;0.1292;1.2309;1.262;0.0076;0.0085;0.0441;0.0084;0.0298;0.0061;0;0;0.088;1.0234;0;0;0;0;0;0;0;0;0;0;0;0;0.024;0.0041;1.1294;1.1294;0;34.87;34.87;20.5;0.0491;1083.8;1042;1;0.018;0.018;0;0;0;0;0;0;1.1114;1.0234;0;17.256;19.982;15.636;18.106;98.405;98.405;10.38;9.5245;8.6304;0.8555;0.8941;0.0824;0.0861;0.8314;99.31;0.7854;0
19/05/21 13:00;30.478;26.305;50.586;53.021;36.979;90;36.979;553.4;91.098;462.3;15.98;2.13;0;578.7;25.954;77.914;0;9.4615;692.03;0;692.03;578.7;77.914;25.954;9.4615;0.8362;0.0512;0;0.0137;681.86;10.171;0;0;1.6014;8.5701;670.84;9.6482;7.715;1.0387;0.7848;0.1096;680.49;1.3637;1.1574;0.1558;0.0487;0.0018;673.51;569.83;76.719;23.519;0.78;273.16;226.72;75.715;0.8099;2.4876;35.783;2.6652;37.461;0;1;0;0;1.2505;0.9853;1;1;0.9383;0.0942;0.9858;0.9866;1;0.9677;0.8768;0.998;0.998;1;0.998;0.998;0.9694;0.9062;0.0824;1.9695;1.9986;0.012;-0.0003;0.1708;0.0127;0.0451;0.0062;0;0;0.088;1.5912;0;0;0;0;0;0;0;0;0;0;0;0;0.0363;0.0095;1.7063;1.7063;0;49.277;49.277;33.297;0.0496;1720.5;991.73;1;0.0271;0.0271;0;0;0;0;0;0;1.6792;1.5912;0;16.293;18.867;15.194;17.595;98.415;98.415;16.609;14.389;13.419;2.2192;0.9702;0.1336;0.0584;0.808;18.028;0.7779;0
19/05/21 14:00;23.73;40.237;44.334;34.237;55.763;90;55.763;244.59;194.9;49.691;15.6;1.9199;0;88.321;138.18;32.066;0;9.0935;267.66;0;267.66;88.321;32.066;138.18;9.0935;0.33;0.5502;0;0.034;243.52;24.14;0;0;15.622;8.5184;237.69;5.3508;0.8303;0.3014;4.1919;0.0272;243.04;0.487;0.1766;0.0641;0.2451;0.0012;240.88;87.314;31.7;118.12;0.5467;132.96;110.35;39.825;17.809;2.1497;30.922;3.1913;15.262;0;1;0;0;1.0943;0.9098;1;1;0.887;0.0632;0.978;0.9906;1;0.9657;0.9526;0.998;0.998;1;0.998;0.998;0.888;0.8548;0.0601;0.7617;0.7511;0.0045;0.0153;0.006;0.0051;0.018;0.0057;0;0;0.088;0.5807;0;0;0;0;0;0;0;0;0;0;0;0;0.0145;0.0016;0.6804;0.6804;0;27.251;27.251;11.651;0.049;641.5;1060.6;1;0.0117;0.0117;0;0;0;0;0;0;0.6687;0.5807;0;16.797;19.45;14.336;16.6;98.284;98.284;6.4239;5.7376;4.897;0.6863;0.8406;0.1068;0.1309;0.7623;114.62;0.7016;0
19/05/21 15:00;14.885;51.892;51.465;18.665;32.246;90;32.246;159.11;131.3;27.806;15.72;1.33;0;67.438;111.34;25.841;0;2.0859;206.71;0;206.71;67.438;25.841;111.34;2.0859;0.3262;0.5487;0;0.0101;199.32;7.3882;0;0;5.5399;1.8483;194.12;4.8054;0.9721;0.3725;3.4221;0.0386;198.92;0.3986;0.1349;0.0517;0.2116;0.0005;194.63;66.331;25.416;102.17;0.1985;74.755;62.047;20.608;2.1641;0.8144;11.715;0.5162;10.365;0;1;0;0;1.2992;0.9643;1;1;0.9502;0.1139;0.9758;0.9856;1;0.9676;0.8372;0.998;0.998;1;0.998;0.998;0.9391;0.9176;0.0952;0.5883;0.5803;0.0035;0.0168;0.0005;0.0039;0.0139;0.0021;0;0;0.088;0.4297;0;0;0;0;0;0;0;0;0;0;0;0;0.0112;0.001;0.5274;0.5274;0;25.235;25.235;9.5151;0.049;496.48;1062.2;1;0.0097;0.0097;0;0;0;0;0;0;0.5177;0.4297;0;16.858;19.521;13.736;15.906;98.168;98.168;4.961;4.4472;3.6236;0.5138;0.8236;0.1036;0.166;0.7304;74.567;0.7007;0
19/05/21 16:00;5.1556;61.258;77.412;5.8753;8.4993;90;8.4993;62.901;53.502;9.3997;14.97;1.14;0;22.797;49.036;10.175;0;0.0587;82.066;0;82.066;22.797;10.175;49.036;0.0587;0.2778;0.5982;0;0.0007;81.746;0.3198;0;0;0.2709;0.0489;71.623;9.9593;5.479;2.4454;2.0327;0.0022;81.583;0.1635;0.0456;0.0203;0.0975;0;71.63;17.272;7.7089;46.635;0.0076;29.36;24.369;7.6192;0.0075;0.2959;4.2571;0.0069;4.5456;0;1;0;0;1.3047;0.9961;1;1;0.9945;0.1676;0.8779;0.7592;1;0.9582;0.7752;0.998;0.998;1;0.998;0.998;0.8728;0.951;0.1297;0.2336;0.2135;0.0013;0.0151;-0.0051;0.0014;0.005;0.0008;0;0;0.088;0.0964;0;0;0;0;0;0;0;0;0;0;0;0;0.004;0.0002;0.1907;0.1907;0;18.495;18.495;3.5251;0.0492;181.34;1051.8;1;0.0063;0.0063;0;0;0;0;0;0;0.1844;0.0964;0;15.358;17.784;7.7636;8.9901;96.691;96.691;1.9696;1.6084;0.8131;0.3611;0.7953;0.1834;0.4038;0.4128;29.294;0.3974;0
19/05/21 17:00;0;0;0;0;0;0;0;0;0;0;12.5;0.7299;0;0;0;0;0;0;0;0;0;0;0;0;0;1;1;1;1;0;0;0;0;0;0;0;0;0;0;0;0;0;0;0;0;0;0;0;0;0;0;0;0;0;0;0;0;0;0;0;0;0;0;0;1;1;1;1;1;1;1;1;1;1;1;1;1;1;1;1;1;1;1;0;0;0;0;0;0;0;0;0;0;0;0;0;0;0;0;0;0;0;0;0;0;0;0;0;0;0;0;0;0;0;-12.5;0;0;0;0;0;0;0;0;0;0;0;0;0;0;0;0;0;0;0;0;0;0;0;0;0;0;1;1;0;0;0;0
19/05/21 18:00;0;0;0;0;0;0;0;0;0;0;10.97;0.28;0;0;0;0;0;0;0;0;0;0;0;0;0;1;1;1;1;0;0;0;0;0;0;0;0;0;0;0;0;0;0;0;0;0;0;0;0;0;0;0;0;0;0;0;0;0;0;0;0;0;0;0;1;1;1;1;1;1;1;1;1;1;1;1;1;1;1;1;1;1;1;0;0;0;0;0;0;0;0;0;0;0;0;0;0;0;0;0;0;0;0;0;0;0;0;0;0;0;0;0;0;0;-10.97;0;0;0;0;0;0;0;0;0;0;0;0;0;0;0;0;0;0;0;0;0;0;0;0;0;0;1;1;0;0;0;0
19/05/21 19:00;0;0;0;0;0;0;0;0;0;0;10.01;0.76;0;0;0;0;0;0;0;0;0;0;0;0;0;1;1;1;1;0;0;0;0;0;0;0;0;0;0;0;0;0;0;0;0;0;0;0;0;0;0;0;0;0;0;0;0;0;0;0;0;0;0;0;1;1;1;1;1;1;1;1;1;1;1;1;1;1;1;1;1;1;1;0;0;0;0;0;0;0;0;0;0;0;0;0;0;0;0;0;0;0;0;0;0;0;0;0;0;0;0;0;0;0;-10.01;0;0;0;0;0;0;0;0;0;0;0;0;0;0;0;0;0;0;0;0;0;0;0;0;0;0;1;1;0;0;0;0
19/05/21 20:00;0;0;0;0;0;0;0;0;0;0;9.3997;1.4;0;0;0;0;0;0;0;0;0;0;0;0;0;1;1;1;1;0;0;0;0;0;0;0;0;0;0;0;0;0;0;0;0;0;0;0;0;0;0;0;0;0;0;0;0;0;0;0;0;0;0;0;1;1;1;1;1;1;1;1;1;1;1;1;1;1;1;1;1;1;1;0;0;0;0;0;0;0;0;0;0;0;0;0;0;0;0;0;0;0;0;0;0;0;0;0;0;0;0;0;0;0;-9.3997;0;0;0;0;0;0;0;0;0;0;0;0;0;0;0;0;0;0;0;0;0;0;0;0;0;0;1;1;0;0;0;0
19/05/21 21:00;0;0;0;0;0;0;0;0;0;0;9.09;1.95;0;0;0;0;0;0;0;0;0;0;0;0;0;1;1;1;1;0;0;0;0;0;0;0;0;0;0;0;0;0;0;0;0;0;0;0;0;0;0;0;0;0;0;0;0;0;0;0;0;0;0;0;1;1;1;1;1;1;1;1;1;1;1;1;1;1;1;1;1;1;1;0;0;0;0;0;0;0;0;0;0;0;0;0;0;0;0;0;0;0;0;0;0;0;0;0;0;0;0;0;0;0;-9.09;0;0;0;0;0;0;0;0;0;0;0;0;0;0;0;0;0;0;0;0;0;0;0;0;0;0;1;1;0;0;0;0
19/05/21 22:00;0;0;0;0;0;0;0;0;0;0;9.0102;2.3199;0;0;0;0;0;0;0;0;0;0;0;0;0;1;1;1;1;0;0;0;0;0;0;0;0;0;0;0;0;0;0;0;0;0;0;0;0;0;0;0;0;0;0;0;0;0;0;0;0;0;0;0;1;1;1;1;1;1;1;1;1;1;1;1;1;1;1;1;1;1;1;0;0;0;0;0;0;0;0;0;0;0;0;0;0;0;0;0;0;0;0;0;0;0;0;0;0;0;0;0;0;0;-9.0102;0;0;0;0;0;0;0;0;0;0;0;0;0;0;0;0;0;0;0;0;0;0;0;0;0;0;1;1;0;0;0;0
19/05/21 23:00;0;0;0;0;0;0;0;0;0;0;8.59;2.5301;0;0;0;0;0;0;0;0;0;0;0;0;0;1;1;1;1;0;0;0;0;0;0;0;0;0;0;0;0;0;0;0;0;0;0;0;0;0;0;0;0;0;0;0;0;0;0;0;0;0;0;0;1;1;1;1;1;1;1;1;1;1;1;1;1;1;1;1;1;1;1;0;0;0;0;0;0;0;0;0;0;0;0;0;0;0;0;0;0;0;0;0;0;0;0;0;0;0;0;0;0;0;-8.59;0;0;0;0;0;0;0;0;0;0;0;0;0;0;0;0;0;0;0;0;0;0;0;0;0;0;1;1;0;0;0;0
20/05/21 00:00;0;0;0;0;0;0;0;0;0;0;8.2703;2.5499;0;0;0;0;0;0;0;0;0;0;0;0;0;1;1;1;1;0;0;0;0;0;0;0;0;0;0;0;0;0;0;0;0;0;0;0;0;0;0;0;0;0;0;0;0;0;0;0;0;0;0;0;1;1;1;1;1;1;1;1;1;1;1;1;1;1;1;1;1;1;1;0;0;0;0;0;0;0;0;0;0;0;0;0;0;0;0;0;0;0;0;0;0;0;0;0;0;0;0;0;0;0;-8.2703;0;0;0;0;0;0;0;0;0;0;0;0;0;0;0;0;0;0;0;0;0;0;0;0;0;0;1;1;0;0;0;0
20/05/21 01:00;0;0;0;0;0;0;0;0;0;0;7.9898;2.3899;0;0;0;0;0;0;0;0;0;0;0;0;0;1;1;1;1;0;0;0;0;0;0;0;0;0;0;0;0;0;0;0;0;0;0;0;0;0;0;0;0;0;0;0;0;0;0;0;0;0;0;0;1;1;1;1;1;1;1;1;1;1;1;1;1;1;1;1;1;1;1;0;0;0;0;0;0;0;0;0;0;0;0;0;0;0;0;0;0;0;0;0;0;0;0;0;0;0;0;0;0;0;-7.9898;0;0;0;0;0;0;0;0;0;0;0;0;0;0;0;0;0;0;0;0;0;0;0;0;0;0;1;1;0;0;0;0
20/05/21 02:00;0;0;0;0;0;0;0;0;0;0;7.8601;2.2499;0;0;0;0;0;0;0;0;0;0;0;0;0;1;1;1;1;0;0;0;0;0;0;0;0;0;0;0;0;0;0;0;0;0;0;0;0;0;0;0;0;0;0;0;0;0;0;0;0;0;0;0;1;1;1;1;1;1;1;1;1;1;1;1;1;1;1;1;1;1;1;0;0;0;0;0;0;0;0;0;0;0;0;0;0;0;0;0;0;0;0;0;0;0;0;0;0;0;0;0;0;0;-7.8601;0;0;0;0;0;0;0;0;0;0;0;0;0;0;0;0;0;0;0;0;0;0;0;0;0;0;1;1;0;0;0;0
20/05/21 03:00;0;0;0;0;0;0;0;0;0;0;7.5397;2.2301;0;0;0;0;0;0;0;0;0;0;0;0;0;1;1;1;1;0;0;0;0;0;0;0;0;0;0;0;0;0;0;0;0;0;0;0;0;0;0;0;0;0;0;0;0;0;0;0;0;0;0;0;1;1;1;1;1;1;1;1;1;1;1;1;1;1;1;1;1;1;1;0;0;0;0;0;0;0;0;0;0;0;0;0;0;0;0;0;0;0;0;0;0;0;0;0;0;0;0;0;0;0;-7.5397;0;0;0;0;0;0;0;0;0;0;0;0;0;0;0;0;0;0;0;0;0;0;0;0;0;0;1;1;0;0;0;0
20/05/21 04:00;0;0;0;0;0;0;0;0;0;0;7.5298;2.26;0;0;0;0;0;0;0;0;0;0;0;0;0;1;1;1;1;0;0;0;0;0;0;0;0;0;0;0;0;0;0;0;0;0;0;0;0;0;0;0;0;0;0;0;0;0;0;0;0;0;0;0;1;1;1;1;1;1;1;1;1;1;1;1;1;1;1;1;1;1;1;0;0;0;0;0;0;0;0;0;0;0;0;0;0;0;0;0;0;0;0;0;0;0;0;0;0;0;0;0;0;0;-7.5298;0;0;0;0;0;0;0;0;0;0;0;0;0;0;0;0;0;0;0;0;0;0;0;0;0;0;1;1;0;0;0;0
20/05/21 05:00;0;0;0;0;0;0;0;0;0;0;7.3702;2.3199;0;0;0;0;0;0;0;0;0;0;0;0;0;1;1;1;1;0;0;0;0;0;0;0;0;0;0;0;0;0;0;0;0;0;0;0;0;0;0;0;0;0;0;0;0;0;0;0;0;0;0;0;1;1;1;1;1;1;1;1;1;1;1;1;1;1;1;1;1;1;1;0;0;0;0;0;0;0;0;0;0;0;0;0;0;0;0;0;0;0;0;0;0;0;0;0;0;0;0;0;0;0;-7.3702;0;0;0;0;0;0;0;0;0;0;0;0;0;0;0;0;0;0;0;0;0;0;0;0;0;0;1;1;0;0;0;0
20/05/21 06:00;0.5854;-64.717;88.58;0.6474;0.9229;-90;-0.9229;47.196;47.196;0;7.2;2.29;0;0;47.193;0;0;0.0005;47.193;0;47.193;0;0;47.193;0.0005;0;1;0;0;47.182;0.011;0;0;0.0106;0.0004;44.957;2.1305;0;0;2.1305;0;47.088;0.0944;0;0;0.0944;0;44.957;0;0;44.957;0.0001;27.936;23.187;7.2132;-0.0001;0.2835;4.078;-0.0005;4.3615;0;1;0;0;0.9999;0.9998;1;1;0.9998;0.1645;0.9548;1;1;0.9548;0.7788;0.998;1;1;0.998;0.998;0.9526;0.9526;0.1279;0.1343;0.1368;0.0008;0.0128;-0.0078;0.0009;0.0033;0.0007;0;0;0.088;0.0298;0;0;0;0;0;0;0;0;0;0;0;0;0.0026;0.0001;0.1234;0.1234;0;9.408;9.408;2.2079;0.0491;115.15;1071.3;1;0.0056;0.0056;0;0;0;0;0;0;0.1178;0.0298;0;17.273;20.002;4.1718;4.8309;95.486;95.486;1.1326;1.0403;0.2513;0.0923;0.7891;0.0815;0.6967;0.2218;27.936;0.2084;0
20/05/21 07:00;6.556;-59.768;73.924;7.5768;11.073;-90;-11.073;78.607;20.302;58.305;7.8003;2.5599;0;141.41;12.41;18.856;0;0.1244;172.8;0;172.8;141.41;18.856;12.41;0.1244;0.8183;0.0725;0;0.0007;172.59;0.2093;0;0;0.1061;0.1033;145.37;26.875;23.273;3.1034;0.4938;0.0047;172.24;0.3452;0.2828;0.0377;0.0246;0;145.37;117.85;15.715;11.786;0.0163;7.7836;6.4603;2.073;0.0053;0.0752;1.0821;0.0037;1.152;0;1;0;0;2.1982;0.9988;1;1;0.9915;0.1698;0.844;0.8351;1;0.9598;0.7755;0.998;0.998;1;0.998;0.998;0.8413;0.9497;0.1314;0.4918;0.4181;0.0025;0.0172;-0.0152;0.0029;0.0103;0.0002;0;0;0.088;0.2948;0;0;0;0;0;0;0;0;0;0;0;0;0.0083;0.0006;0.3913;0.3913;0;14.882;14.882;7.0819;0.0487;357.38;1095;1;0.0085;0.0085;0;0;0;0;0;0;0.3828;0.2948;0;14.964;17.328;11.272;13.053;97.816;97.816;4.1471;3.3;2.4858;0.8471;0.8142;0.2043;0.1963;0.5994;7.4598;0.5966;0
20/05/21 08:00;16.573;-49.649;46.228;21.331;40.58;-90;-40.58;241.19;53.202;187.99;3.5498;1.9801;0;455.93;23.672;63.773;0;4.9305;548.31;0;548.31;455.93;63.773;23.672;4.9305;0.8315;0.0522;0;0.009;542.12;6.1859;0;0;1.6792;4.5067;534.83;6.2078;4.7901;0.67;0.7113;0.0364;541.04;1.0842;0.9119;0.1275;0.044;0.0008;535.06;450.23;62.975;21.237;0.3866;17.995;14.936;4.9917;1.0142;0.2261;3.2521;0.2343;2.464;0;1;0;0;2.2733;0.9887;1;1;0.9291;0.086;0.9885;0.9895;1;0.9676;0.9139;0.998;0.998;1;0.998;0.998;0.9754;0.8972;0.0784;1.5604;1.5374;0.0093;0.0046;0.0253;0.0105;0.0372;0.0006;0;0;0.088;1.3033;0;0;0;0;0;0;0;0;0;0;0;0;0.03;0.0058;1.4141;1.4141;0;29.692;29.692;26.143;0.0489;1322.8;1069;1;0.0228;0.0228;0;0;0;0;0;0;1.3913;1.3033;0;17.043;19.735;15.707;18.188;98.386;98.386;13.159;11.926;10.991;1.2338;0.9346;0.0938;0.071;0.8352;16.945;0.8315;0
20/05/21 09:00;25.049;-37.598;45.872;37.452;52.548;-90;-52.548;451.09;74.402;376.69;7.19;1.3501;0;619.45;19.91;81.631;0;15.027;736.02;0;736.02;619.45;81.631;19.91;15.027;0.8416;0.0475;0;0.0204;719.97;16.048;0;0;2.0581;13.99;710.67;7.8607;6.3792;0.8406;0.5988;0.042;718.53;1.4399;1.2389;0.1633;0.0357;0.0021;713.83;611.84;80.627;17.217;0.9921;154.63;128.34;41.015;2.0861;1.6341;23.505;3.1611;23.053;0;1;0;0;1.6316;0.9782;1;1;0.8966;0.069;0.9891;0.9897;1;0.9664;0.9594;0.998;0.998;1;0.998;0.998;0.9656;0.8648;0.066;2.0947;2.0894;0.0126;-0.0009;0.126;0.0137;0.0485;0.0042;0;0;0.088;1.718;0;0;0;0;0;0;0;0;0;0;0;0;0.039;0.0103;1.8361;1.8361;0;42.256;42.256;35.066;0.0493;1796.8;1021.8;1;0.0301;0.0301;0;0;0;0;0;0;1.806;1.718;0;16.484;19.088;15.424;17.86;98.361;98.361;17.665;15.484;14.488;2.1808;0.996;0.1235;0.0564;0.8202;15.957;0.801;0
20/05/21 10:00;31.281;-23.251;51.741;56.986;33.014;-90;-33.014;506.2;91.497;414.7;11.29;2.3099;0;494.55;33.734;65.353;0;6.9472;600.59;0;600.59;494.55;65.353;33.734;6.9472;0.8234;0.0677;0;0.0116;592.7;7.8853;0;0;1.7366;6.1487;582.08;9.4393;7.3158;0.9668;1.0338;0.1229;591.52;1.1854;0.9891;0.1307;0.064;0.0016;584;486.25;64.256;30.899;0.6741;262.49;217.87;73.414;0.7126;2.3436;33.712;1.9258;35.343;0;1;0;0;1.1865;0.9869;1;1;0.9485;0.1149;0.984;0.9852;1;0.9676;0.8458;0.998;0.998;1;0.998;0.998;0.9692;0.916;0.097;1.7092;1.7384;0.0105;0.0022;0.0914;0.0114;0.0406;0.006;0;0;0.088;1.4239;0;0;0;0;0;0;0;0;0;0;0;0;0.0327;0.0073;1.5363;1.5363;0;39.974;39.974;28.684;0.0493;1495.1;1027.6;1;0.0245;0.0245;0;0;0;0;0;0;1.5119;1.4239;0;16.903;19.574;15.666;18.141;98.408;98.408;14.414;12.956;12.008;1.4582;0.9483;0.1012;0.0658;0.833;22.719;0.7995;0
20/05/21 11:00;34.488;-6.9003;54.913;80.08;9.9201;-90;-9.9201;456.99;190.8;266.19;13.96;2.74;0;270.24;122.61;68.287;0;0.5808;461.71;0;461.71;270.24;68.287;122.61;0.5808;0.5853;0.2668;0;0.0013;460.36;1.3539;0;0;0.8717;0.4823;447.45;11.988;5.5828;1.4107;4.9721;0.0221;459.44;0.9207;0.5405;0.1366;0.2435;0.0002;447.55;264.11;66.739;116.52;0.0762;268.05;222.48;72.87;0.0346;2.4845;35.738;0.1062;38.188;0;1;0;0;1.0103;0.9971;1;1;0.9929;0.1696;0.9739;0.9793;1;0.9591;0.7755;0.998;0.998;1;0.998;0.998;0.9691;0.9504;0.1313;1.314;1.3521;0.0081;0.0072;0.0524;0.009;0.0319;0.0064;0;0;0.088;1.0997;0;0;0;0;0;0;0;0;0;0;0;0;0.0257;0.0046;1.2068;1.2068;0;35.963;35.963;22.003;0.0492;1161.6;1038.9;1;0.0191;0.0191;0;0;0;0;0;0;1.1877;1.0997;0;17.272;20;15.738;18.225;98.415;98.415;11.081;10.177;9.2737;0.904;0.9034;0.0816;0.0815;0.8369;73.482;0.7911;0
20/05/21 12:00;34.136;10.165;54.559;75.41;14.59;90;14.59;646.01;106.6;539.41;13.57;2.75;0;557.39;29.277;79.401;0;1.7708;667.84;0;667.84;557.39;79.401;29.277;1.7708;0.8346;0.0465;0;0.0027;665.96;1.8744;0;0;0.3994;1.475;650.83;13.803;11.066;1.5764;1.0937;0.0664;664.63;1.3319;1.1148;0.1588;0.0578;0.0006;651.22;545.21;77.666;27.726;0.2288;372.77;309.4;102.13;0.0347;3.4026;48.946;0.3983;52.313;0;1;0;0;1.0338;0.9972;1;1;0.9864;0.1671;0.9792;0.9801;1;0.962;0.7751;0.998;0.998;1;0.998;0.998;0.9745;0.947;0.1292;1.9006;1.9612;0.0118;0;0.1431;0.0126;0.0448;0.0086;0;0;0.088;1.5799;0;0;0;0;0;0;0;0;0;0;0;0;0.0361;0.0091;1.695;1.695;0;45.783;45.783;32.214;0.0495;1685.1;1005.9;1;0.0271;0.0271;0;0;0;0;0;0;1.6679;1.5799;0;16.771;19.42;15.632;18.102;98.401;98.401;16.028;14.294;13.323;1.7343;0.9706;0.1082;0.0606;0.8312;17.791;0.788;0
20/05/21 13:00;30.291;26.199;50.784;52.918;37.082;90;37.082;494.11;112.9;381.21;15.73;2.4699;0;477.84;43.964;80.207;0;8.4933;610.51;0;610.51;477.84;80.207;43.964;8.4933;0.7827;0.0859;0;0.0139;600.09;10.421;0;0;2.7243;7.6966;589.89;8.9936;6.4797;1.0876;1.3291;0.0972;598.89;1.2002;0.9557;0.1604;0.0825;0.0016;592.31;470.41;78.959;39.828;0.6979;246.79;204.84;68.483;1.3831;2.2849;32.867;2.4198;33.769;0;1;0;0;1.2356;0.9829;1;1;0.938;0.0938;0.985;0.9864;1;0.9677;0.8777;0.998;0.998;1;0.998;0.998;0.9662;0.9059;0.0822;1.7375;1.7605;0.0106;0.002;0.1234;0.0114;0.0403;0.0058;0;0;0.088;1.4151;0;0;0;0;0;0;0;0;0;0;0;0;0.0325;0.0075;1.527;1.527;0;44.917;44.917;29.186;0.0495;1514.4;1008.3;1;0.0239;0.0239;0;0;0;0;0;0;1.5031;1.4151;0;16.528;19.139;15.317;17.736;98.433;98.433;14.652;12.878;11.934;1.7745;0.9439;0.1211;0.0644;0.8145;30.562;0.7829;0
20/05/21 14:00;23.564;40.098;44.52;34.104;55.896;90;55.896;289.5;185.2;104.31;15.96;2.1;0;186.03;116.24;64.627;0;10.81;377.71;0;377.71;186.03;64.627;116.24;10.81;0.4925;0.3364;0;0.0286;354.4;23.313;0;0;13.186;10.127;347.74;5.9441;1.769;0.6146;3.5279;0.0326;353.69;0.7088;0.3721;0.1293;0.2061;0.0014;350.94;183.89;63.883;99.321;0.6496;134.26;111.43;39.649;15.109;2.0206;29.066;3.2005;15.977;0;1;0;0;1.3047;0.9383;1;1;0.8866;0.0632;0.9832;0.9905;1;0.9657;0.9522;0.998;0.998;1;0.998;0.998;0.9207;0.8544;0.0601;1.0749;1.0623;0.0064;0.0113;0.0304;0.0071;0.0252;0.0053;0;0;0.088;0.85;0;0;0;0;0;0;0;0;0;0;0;0;0.0203;0.003;0.9534;0.9534;0;33.043;33.043;17.083;0.0491;911.37;1046.1;1;0.0154;0.0154;0;0;0;0;0;0;0.938;0.85;0;16.68;19.315;14.87;17.219;98.381;98.381;9.065;8.0403;7.168;1.0247;0.8723;0.113;0.0962;0.7907;96.56;0.7477;0
20/05/21 15:00;14.741;51.735;51.894;18.526;31.882;90;31.882;251.61;82.198;169.41;16.7;1.2899;0;410.86;38.054;99.532;0;3.2265;551.67;0;551.67;410.86;99.532;38.054;3.2265;0.7448;0.0748;0;0.0058;546.96;4.7137;0;0;1.8597;2.854;536.97;8.8947;6.1676;1.4941;1.1715;0.0615;545.87;1.0939;0.8217;0.1991;0.0724;0.0007;537.14;403.87;97.839;34.95;0.3102;26.448;21.952;7.4416;0.7119;0.2749;3.9538;0.1698;3.5167;0;1;0;0;2.1926;0.9915;1;1;0.9511;0.1154;0.9837;0.985;1;0.9676;0.8346;0.998;0.998;1;0.998;0.998;0.9733;0.9184;0.0962;1.57;1.5447;0.0093;0.0046;0.0995;0.01;0.0355;0.0007;0;0;0.088;1.2417;0;0;0;0;0;0;0;0;0;0;0;0;0.0286;0.0059;1.3506;1.3506;0;43.241;43.241;26.541;0.0494;1331.4;1014.4;1;0.0209;0.0209;0;0;0;0;0;0;1.3297;1.2417;0;16.177;18.733;14.873;17.223;98.455;98.455;13.24;11.39;10.471;1.8506;0.9181;0.1398;0.0693;0.7909;25.417;0.7867;0
20/05/21 16:00;5.0302;61.09;77.722;5.7418;8.3005;90;8.3005;21.508;21.3;0.2081;15.38;1.0201;0;0.5047;21.15;0.0919;0;0.0192;21.766;0;21.766;0.5047;0.0919;21.15;0.0192;0.0232;0.9726;0;0.0009;21.638;0.1283;0;0;0.1124;0.0159;20.566;1.0284;0.1255;0.0229;0.8793;0.0007;21.594;0.0433;0.001;0.0002;0.0421;0;20.569;0.3782;0.0689;20.116;0.0025;12.631;10.484;3.273;0.0029;0.1276;1.8357;0.0028;1.9604;0;1;0;0;1.012;0.9941;1;1;0.9947;0.1676;0.9524;0.7508;1;0.9581;0.7753;0.998;0.998;1;0.998;0.998;0.9449;0.9511;0.1297;0.0619;0.0625;0.0004;0.0088;-0.002;0.0004;0.0014;0.0003;0;0;0.088;-0.0392;0;0;0;0;0;0;0;0;0;0;0;0;0.0011;0;0.0521;0.0521;0;16.408;16.408;1.0275;0.05;51.743;1006.3;1;0.0032;0.0032;0;0;0;0;0;0;0.0488;-0.0392;0;15.808;18.306;-11.89;-13.768;93.787;93.787;0.5224;0.4391;-0.3303;0.0833;0.7694;0.1594;1.4729;0;12.63;0;0
20/05/21 17:00;0;0;90;0;0;90;0;0;0;0;9.9402;0.85;0;0;0;0;0;0;0;0;0;0;0;0;0;1;1;1;1;0;0;0;0;0;0;0;0;0;0;0;0;0;0;0;0;0;0;0;0;0;0;0;0;0;0;0;0;0;0;0;0;0;0;0;1;1;1;1;1;1;1;1;1;1;1;1;1;1;1;1;1;1;1;0;0;0;0;0;0;0;0;0;0.0004;0.088;-0.0884;0;0;0;0;0;0;0;0;0;0;0;0;0;0;0;0;0;0;0;-9.9402;0;0;0;0;0.0004;0;0;0;0;0;0;0;-0.0004;-0.0884;0;0;0;0;0;0;0;0;0;-0.7452;0;0.7452;1;1;0;0;0;0
20/05/21 18:00;0;0;90;0;0;90;0;0;0;0;7.7697;0.93;0;0;0;0;0;0;0;0;0;0;0;0;0;1;1;1;1;0;0;0;0;0;0;0;0;0;0;0;0;0;0;0;0;0;0;0;0;0;0;0;0;0;0;0;0;0;0;0;0;0;0;0;1;1;1;1;1;1;1;1;1;1;1;1;1;1;1;1;1;1;1;0;0;0;0;0;0;0;0;0;0.0004;0.088;-0.0884;0;0;0;0;0;0;0;0;0;0;0;0;0;0;0;0;0;0;0;-7.7697;0;0;0;0;0.0004;0;0;0;0;0;0;0;-0.0004;-0.0884;0;0;0;0;0;0;0;0;0;-0.7452;0;0.7452;1;1;0;0;0;0
20/05/21 19:00;0;0;90;0;0;90;0;0;0;0;7.4799;1.2099;0;0;0;0;0;0;0;0;0;0;0;0;0;1;1;1;1;0;0;0;0;0;0;0;0;0;0;0;0;0;0;0;0;0;0;0;0;0;0;0;0;0;0;0;0;0;0;0;0;0;0;0;1;1;1;1;1;1;1;1;1;1;1;1;1;1;1;1;1;1;1;0;0;0;0;0;0;0;0;0;0.0004;0.088;-0.0884;0;0;0;0;0;0;0;0;0;0;0;0;0;0;0;0;0;0;0;-7.4799;0;0;0;0;0.0004;0;0;0;0;0;0;0;-0.0004;-0.0884;0;0;0;0;0;0;0;0;0;-0.7452;0;0.7452;1;1;0;0;0;0
20/05/21 20:00;0;0;90;0;0;90;0;0;0;0;6.27;1.5999;0;0;0;0;0;0;0;0;0;0;0;0;0;1;1;1;1;0;0;0;0;0;0;0;0;0;0;0;0;0;0;0;0;0;0;0;0;0;0;0;0;0;0;0;0;0;0;0;0;0;0;0;1;1;1;1;1;1;1;1;1;1;1;1;1;1;1;1;1;1;1;0;0;0;0;0;0;0;0;0;0.0004;0.088;-0.0884;0;0;0;0;0;0;0;0;0;0;0;0;0;0;0;0;0;0;0;-6.27;0;0;0;0;0.0004;0;0;0;0;0;0;0;-0.0004;-0.0884;0;0;0;0;0;0;0;0;0;-0.7452;0;0.7452;1;1;0;0;0;0
20/05/21 21:00;0;0;90;0;0;90;0;0;0;0;5.7003;1.9001;0;0;0;0;0;0;0;0;0;0;0;0;0;1;1;1;1;0;0;0;0;0;0;0;0;0;0;0;0;0;0;0;0;0;0;0;0;0;0;0;0;0;0;0;0;0;0;0;0;0;0;0;1;1;1;1;1;1;1;1;1;1;1;1;1;1;1;1;1;1;1;0;0;0;0;0;0;0;0;0;0.0004;0.088;-0.0884;0;0;0;0;0;0;0;0;0;0;0;0;0;0;0;0;0;0;0;-5.7003;0;0;0;0;0.0004;0;0;0;0;0;0;0;-0.0004;-0.0884;0;0;0;0;0;0;0;0;0;-0.7452;0;0.7452;1;1;0;0;0;0
20/05/21 22:00;0;0;90;0;0;90;0;0;0;0;4.2099;2.11;0;0;0;0;0;0;0;0;0;0;0;0;0;1;1;1;1;0;0;0;0;0;0;0;0;0;0;0;0;0;0;0;0;0;0;0;0;0;0;0;0;0;0;0;0;0;0;0;0;0;0;0;1;1;1;1;1;1;1;1;1;1;1;1;1;1;1;1;1;1;1;0;0;0;0;0;0;0;0;0;0.0004;0.088;-0.0884;0;0;0;0;0;0;0;0;0;0;0;0;0;0;0;0;0;0;0;-4.2099;0;0;0;0;0.0004;0;0;0;0;0;0;0;-0.0004;-0.0884;0;0;0;0;0;0;0;0;0;-0.7452;0;0.7452;1;1;0;0;0;0
20/05/21 23:00;0;0;90;0;0;90;0;0;0;0;3.8203;2.2399;0;0;0;0;0;0;0;0;0;0;0;0;0;1;1;1;1;0;0;0;0;0;0;0;0;0;0;0;0;0;0;0;0;0;0;0;0;0;0;0;0;0;0;0;0;0;0;0;0;0;0;0;1;1;1;1;1;1;1;1;1;1;1;1;1;1;1;1;1;1;1;0;0;0;0;0;0;0;0;0;0.0004;0.088;-0.0884;0;0;0;0;0;0;0;0;0;0;0;0;0;0;0;0;0;0;0;-3.8203;0;0;0;0;0.0004;0;0;0;0;0;0;0;-0.0004;-0.0884;0;0;0;0;0;0;0;0;0;-0.7452;0;0.7452;1;1;0;0;0;0
21/05/21 00:00;0;0;90;0;0;90;0;0;0;0;2.7899;2.2201;0;0;0;0;0;0;0;0;0;0;0;0;0;1;1;1;1;0;0;0;0;0;0;0;0;0;0;0;0;0;0;0;0;0;0;0;0;0;0;0;0;0;0;0;0;0;0;0;0;0;0;0;1;1;1;1;1;1;1;1;1;1;1;1;1;1;1;1;1;1;1;0;0;0;0;0;0;0;0;0;0.0004;0.088;-0.0884;0;0;0;0;0;0;0;0;0;0;0;0;0;0;0;0;0;0;0;-2.7899;0;0;0;0;0.0004;0;0;0;0;0;0;0;-0.0004;-0.0884;0;0;0;0;0;0;0;0;0;-0.7452;0;0.7452;1;1;0;0;0;0
21/05/21 01:00;0;0;90;0;0;90;0;0;0;0;2.6098;2.2;0;0;0;0;0;0;0;0;0;0;0;0;0;1;1;1;1;0;0;0;0;0;0;0;0;0;0;0;0;0;0;0;0;0;0;0;0;0;0;0;0;0;0;0;0;0;0;0;0;0;0;0;1;1;1;1;1;1;1;1;1;1;1;1;1;1;1;1;1;1;1;0;0;0;0;0;0;0;0;0;0.0004;0.088;-0.0884;0;0;0;0;0;0;0;0;0;0;0;0;0;0;0;0;0;0;0;-2.6098;0;0;0;0;0.0004;0;0;0;0;0;0;0;-0.0004;-0.0884;0;0;0;0;0;0;0;0;0;-0.7452;0;0.7452;1;1;0;0;0;0
21/05/21 02:00;0;0;90;0;0;90;0;0;0;0;1.8998;2.2301;0;0;0;0;0;0;0;0;0;0;0;0;0;1;1;1;1;0;0;0;0;0;0;0;0;0;0;0;0;0;0;0;0;0;0;0;0;0;0;0;0;0;0;0;0;0;0;0;0;0;0;0;1;1;1;1;1;1;1;1;1;1;1;1;1;1;1;1;1;1;1;0;0;0;0;0;0;0;0;0;0.0004;0.088;-0.0884;0;0;0;0;0;0;0;0;0;0;0;0;0;0;0;0;0;0;0;-1.8998;0;0;0;0;0.0004;0;0;0;0;0;0;0;-0.0004;-0.0884;0;0;0;0;0;0;0;0;0;-0.7452;0;0.7452;1;1;0;0;0;0
21/05/21 03:00;0;0;90;0;0;90;0;0;0;0;1.7203;2.27;0;0;0;0;0;0;0;0;0;0;0;0;0;1;1;1;1;0;0;0;0;0;0;0;0;0;0;0;0;0;0;0;0;0;0;0;0;0;0;0;0;0;0;0;0;0;0;0;0;0;0;0;1;1;1;1;1;1;1;1;1;1;1;1;1;1;1;1;1;1;1;0;0;0;0;0;0;0;0;0;0.0004;0.088;-0.0884;0;0;0;0;0;0;0;0;0;0;0;0;0;0;0;0;0;0;0;-1.7203;0;0;0;0;0.0004;0;0;0;0;0;0;0;-0.0004;-0.0884;0;0;0;0;0;0;0;0;0;-0.7452;0;0.7452;1;1;0;0;0;0
21/05/21 04:00;0;0;90;0;0;90;0;0;0;0;1.0702;2.3099;0;0;0;0;0;0;0;0;0;0;0;0;0;1;1;1;1;0;0;0;0;0;0;0;0;0;0;0;0;0;0;0;0;0;0;0;0;0;0;0;0;0;0;0;0;0;0;0;0;0;0;0;1;1;1;1;1;1;1;1;1;1;1;1;1;1;1;1;1;1;1;0;0;0;0;0;0;0;0;0;0.0004;0.088;-0.0884;0;0;0;0;0;0;0;0;0;0;0;0;0;0;0;0;0;0;0;-1.0702;0;0;0;0;0.0004;0;0;0;0;0;0;0;-0.0004;-0.0884;0;0;0;0;0;0;0;0;0;-0.7452;0;0.7452;1;1;0;0;0;0
21/05/21 05:00;0;0;90;0;0;90;0;0;0;0;1.0901;2.42;0;0;0;0;0;0;0;0;0;0;0;0;0;1;1;1;1;0;0;0;0;0;0;0;0;0;0;0;0;0;0;0;0;0;0;0;0;0;0;0;0;0;0;0;0;0;0;0;0;0;0;0;1;1;1;1;1;1;1;1;1;1;1;1;1;1;1;1;1;1;1;0;0;0;0;0;0;0;0;0;0.0004;0.088;-0.0884;0;0;0;0;0;0;0;0;0;0;0;0;0;0;0;0;0;0;0;-1.0901;0;0;0;0;0.0004;0;0;0;0;0;0;0;-0.0004;-0.0884;0;0;0;0;0;0;0;0;0;-0.7452;0;0.7452;1;1;0;0;0;0
21/05/21 06:00;0.6336;-64.421;88.463;0.7024;1.0014;-90;-1.0014;0;0;0;0.6899;2.44;0;0;0;0;0;0;0;0;0;0;0;0;0;1;1;1;1;0;0;0;0;0;0;0;0;0;0;0;0;0;0;0;0;0;0;0;0;0;0;0;0;0;0;0;0;0;0;0;0;0;0;0;1;1;1;1;1;1;1;1;1;1;1;1;1;1;1;1;1;1;1;0;0;0;0;0;0;0;0;0;0.0004;0.088;-0.0884;0;0;0;0;0;0;0;0;0;0;0;0;0;0;0;0;0;0;0;-0.6899;0;0;0;0;0.0004;0;0;0;0;0;0;0;-0.0004;-0.0884;0;0;0;0;0;0;0;0;0;-0.7452;0;0.7452;1;1;0;0;0;0
21/05/21 07:00;6.4116;-59.624;74.286;7.4212;10.834;-90;-10.834;84.604;16.397;68.208;2.0301;3.1801;0;165.42;8.8042;18.222;0;0.1282;192.58;0;192.58;165.42;18.222;8.8042;0.1282;0.859;0.0464;0;0.0007;192.4;0.179;0;0;0.0725;0.1064;160.2;31.809;28.331;3.1208;0.3517;0.0049;192.01;0.3848;0.3308;0.0364;0.0175;0;160.21;136.76;15.065;8.3625;0.0168;5.6598;4.6976;1.5279;0.0035;0.0533;0.7673;0.0024;0.8171;0;1;0;0;2.2762;0.9991;1;1;0.9918;0.1698;0.8343;0.8284;1;0.9596;0.7755;0.998;0.998;1;0.998;0.998;0.8319;0.9498;0.1314;0.5481;0.4599;0.0028;0.0173;-0.025;0.0033;0.0115;0.0001;0;0;0.088;0.3426;0;0;0;0;0;0;0;0;0;0;0;0;0.0093;0.0007;0.4399;0.4399;0;9.795;9.795;7.7649;0.0485;392.93;1119.7;1;0.0093;0.0093;0;0;0;0;0;0;0.4306;0.3426;0;15.096;17.481;11.757;13.615;97.885;97.885;4.6218;3.7101;2.8895;0.9117;0.8206;0.1973;0.1775;0.6252;5.2888;0.6233;0
21/05/21 08:00;16.412;-49.52;46.745;21.168;39.97;-90;-39.97;248.79;46.297;202.5;5.6398;2.42;0;491.11;18.905;60.372;0;4.9404;575.32;0;575.32;491.11;60.372;18.905;4.9404;0.8536;0.0414;0;0.0086;569.5;5.8198;0;0;1.3114;4.5084;561.8;6.5681;5.3079;0.6525;0.5688;0.0389;568.37;1.139;0.9822;0.1207;0.0352;0.0009;561.95;484.82;59.598;16.989;0.3922;14.577;12.099;4.3091;0.7692;0.1625;2.3373;0.1521;1.7306;0;1;0;0;2.3125;0.9899;1;1;0.9306;0.0874;0.9884;0.9892;1;0.9676;0.9098;0.998;0.998;1;0.998;0.998;0.9765;0.8987;0.0794;1.6373;1.6125;0.0097;0.0037;0.0462;0.0109;0.0386;0.0004;0;0;0.088;1.354;0;0;0;0;0;0;0;0;0;0;0;0;0.0311;0.0064;1.4656;1.4656;0;33.174;33.174;27.534;0.049;1388.5;1055.6;1;0.0236;0.0236;0;0;0;0;0;0;1.442;1.354;0;16.833;19.493;15.552;18.009;98.391;98.391;13.808;12.36;11.419;1.4481;0.941;0.1049;0.0682;0.827;13.463;0.8245;0
21/05/21 09:00;24.87;-37.493;46.042;37.292;52.708;-90;-52.708;411.91;68.402;343.5;10.69;2.73;0;566.95;21.269;69.178;0;13.799;671.2;0;671.2;566.95;69.178;21.269;13.799;0.8447;0.0522;0;0.0206;656.14;15.057;0;0;2.2083;12.849;647.54;7.2925;5.8948;0.7193;0.6399;0.0386;654.83;1.3123;1.1339;0.1384;0.0381;0.0019;650.46;559.92;68.32;18.382;0.9099;141.49;117.43;37.522;2.2518;1.5178;21.834;2.9293;21.1;0;1;0;0;1.6295;0.9776;1;1;0.8962;0.0689;0.9889;0.9896;1;0.9664;0.9594;0.998;0.998;1;0.998;0.998;0.9647;0.8643;0.0659;1.9102;1.9048;0.0115;0.0005;0.1179;0.0124;0.0441;0.0039;0;0;0.088;1.5554;0;0;0;0;0;0;0;0;0;0;0;0;0.0355;0.0087;1.6703;1.6703;0;42.659;42.659;31.969;0.0494;1639;1019.1;1;0.0269;0.0269;0;0;0;0;0;0;1.6434;1.5554;0;16.444;19.042;15.313;17.732;98.391;98.391;16.109;14.086;13.117;2.0229;0.9687;0.1256;0.0601;0.8143;17.075;0.7949;0
21/05/21 10:00;31.086;-23.186;51.927;56.854;33.146;-90;-33.146;520.69;86.702;433.99;12.68;2.33;0;518.34;29.423;65.297;0;7.2017;620.26;0;620.26;518.34;65.297;29.423;7.2017;0.8357;0.059;0;0.0116;612.36;7.9021;0;0;1.5242;6.3779;601.31;9.8161;7.8056;0.9833;0.9013;0.1259;611.13;1.2247;1.0367;0.1306;0.0558;0.0016;603.31;509.49;64.183;26.942;0.6962;269.03;223.3;75.263;0.6304;2.3943;34.441;1.9937;36.205;0;1;0;0;1.1912;0.9873;1;1;0.9482;0.1144;0.9839;0.9849;1;0.9676;0.8469;0.998;0.998;1;0.998;0.998;0.9695;0.9157;0.0967;1.7652;1.7951;0.0108;0.0016;0.1095;0.0117;0.0415;0.0061;0;0;0.088;1.4596;0;0;0;0;0;0;0;0;0;0;0;0;0.0335;0.0078;1.5726;1.5726;0;42.367;42.367;29.687;0.0494;1543.9;1018.6;1;0.025;0.025;0;0;0;0;0;0;1.5476;1.4596;0;16.754;19.401;15.55;18.007;98.411;98.411;14.886;13.262;12.309;1.6241;0.9529;0.1091;0.064;0.8269;19.836;0.7939;0
21/05/21 11:00;34.285;-6.892;55.113;80.017;9.9825;-90;-9.9825;574.9;97.198;477.71;15.78;1.7;0;485.05;35.092;62.789;0;0.7398;583.67;0;583.67;485.05;62.789;35.092;0.7398;0.831;0.0614;0;0.0013;582.8;0.8664;0;0;0.2521;0.6143;568.61;13.027;10.251;1.3269;1.4217;0.0281;581.64;1.1656;0.9701;0.1256;0.0697;0.0003;568.75;473.83;61.336;33.349;0.0971;335.8;278.71;92.498;0.0103;3.0318;43.612;0.1384;46.633;0;1;0;0;1.0152;0.9985;1;1;0.9928;0.1696;0.9776;0.9788;1;0.9591;0.7755;0.998;0.998;1;0.998;0.998;0.9742;0.9503;0.1313;1.6611;1.7146;0.0103;0.0025;0.1141;0.0111;0.0394;0.0077;0;0;0.088;1.3793;0;0;0;0;0;0;0;0;0;0;0;0;0.0318;0.0071;1.4906;1.4906;0;43.894;43.894;28.113;0.0494;1474.1;1011.2;1;0.0233;0.0233;0;0;0;0;0;0;1.4673;1.3793;0;16.876;19.542;15.616;18.083;98.438;98.438;14.008;12.571;11.632;1.4373;0.9385;0.1026;0.067;0.8304;21.035;0.7864;0
21/05/21 12:00;33.938;10.11;54.762;75.38;14.62;90;14.62;565.41;103.1;462.31;17.5;1.2899;0;477.78;38.419;66.19;0;1.5561;583.95;0;583.95;477.78;66.19;38.419;1.5561;0.8182;0.0685;0;0.0027;582.12;1.8221;0;0;0.526;1.2962;568.42;12.541;9.7037;1.3443;1.4345;0.0584;580.96;1.1642;0.9556;0.1324;0.0758;0.0005;568.77;467.12;64.714;36.383;0.2011;326.51;271.01;89.359;0.0457;2.9881;42.982;0.35;45.924;0;1;0;0;1.0328;0.9969;1;1;0.9863;0.167;0.9784;0.9796;1;0.9621;0.7751;0.998;0.998;1;0.998;0.998;0.9734;0.947;0.1292;1.6619;1.7134;0.0103;0.0025;0.1247;0.011;0.0391;0.0075;0;0;0.088;1.3686;0;0;0;0;0;0;0;0;0;0;0;0;0.0315;0.0071;1.4796;1.4796;0;45.645;45.645;28.145;0.0495;1473.1;1004.4;1;0.023;0.023;0;0;0;0;0;0;1.4566;1.3686;0;16.743;19.388;15.487;17.934;98.448;98.448;14.015;12.477;11.542;1.5373;0.9357;0.1097;0.0668;0.8235;23.348;0.7805;0
21/05/21 13:00;30.109;26.094;50.978;52.82;37.18;90;37.18;500.81;105.2;395.61;18.78;0.98;0;496.53;38.595;78.117;0;8.6523;621.89;0;621.89;496.53;78.117;38.595;8.6523;0.7984;0.076;0;0.0139;611.65;10.246;0;0;2.4015;7.8441;601.24;9.19;6.8482;1.0774;1.1665;0.0979;610.43;1.2233;0.9931;0.1562;0.0724;0.0016;603.69;488.69;76.883;34.955;0.7088;248.92;206.6;69.054;1.2255;2.2949;33.011;2.4581;34.08;0;1;0;0;1.2418;0.9835;1;1;0.9378;0.0934;0.9849;0.9862;1;0.9677;0.8787;0.998;0.998;1;0.998;0.998;0.9668;0.9057;0.0819;1.7699;1.7933;0.0108;0.0016;0.1494;0.0114;0.0405;0.0057;0;0;0.088;1.4217;0;0;0;0;0;0;0;0;0;0;0;0;0.0326;0.0078;1.5335;1.5335;0;48.616;48.616;29.836;0.0496;1542.5;994.17;1;0.0238;0.0238;0;0;0;0;0;0;1.5097;1.4217;0;16.294;18.868;15.106;17.493;98.448;98.448;14.925;12.932;11.989;1.9933;0.9429;0.1335;0.0632;0.8033;26.852;0.7726;0
21/05/21 14:00;23.404;39.961;44.702;33.977;56.023;90;56.023;377.8;112.3;265.5;19.89;0.7101;0;475.08;43.638;100.76;0;14.167;633.65;0;633.65;475.08;100.76;43.638;14.167;0.7498;0.0912;0;0.0224;615.41;18.237;0;0;4.9667;13.271;607.27;6.9051;4.5681;0.9689;1.325;0.0431;614.18;1.2308;0.9502;0.2015;0.0773;0.0018;610.16;469.56;99.591;37.269;0.8509;121.84;101.13;33.921;5.7203;1.4483;20.834;2.8862;16.562;0;1;0;0;1.6772;0.9712;1;1;0.8862;0.0632;0.9888;0.9904;1;0.9657;0.9518;0.998;0.998;1;0.998;0.998;0.9584;0.854;0.0601;1.8033;1.7875;0.0108;0.0017;0.1582;0.0113;0.0401;0.0036;0;0;0.088;1.4102;0;0;0;0;0;0;0;0;0;0;0;0;0.0323;0.0077;1.5217;1.5217;0;50.061;50.061;30.171;0.0497;1538.7;988.93;1;0.0235;0.0235;0;0;0;0;0;0;1.4982;1.4102;0;15.869;18.376;14.706;17.03;98.457;98.457;15.208;12.833;11.893;2.3748;0.9402;0.1562;0.0618;0.782;36.301;0.7632;0
21/05/21 15:00;14.603;51.581;52.305;18.394;31.538;90;31.538;220.9;107.5;113.39;19.33;0.52;0;275.01;65.968;87.973;0;2.7735;431.73;0;431.73;275.01;87.973;65.968;2.7735;0.637;0.1592;0;0.0064;426.11;5.6182;0;0;3.169;2.4492;417.5;7.7609;4.2976;1.3747;2.0342;0.0543;425.26;0.8522;0.55;0.1759;0.1256;0.0006;417.78;270.17;86.422;60.64;0.2693;44.687;37.09;12.416;1.1882;0.4736;6.8131;0.2863;6.0986;0;1;0;0;1.9544;0.987;1;1;0.952;0.1169;0.9818;0.9843;1;0.9675;0.8322;0.998;0.998;1;0.998;0.998;0.967;0.9192;0.0971;1.2287;1.209;0.0073;0.0092;0.0642;0.0079;0.028;0.0012;0;0;0.088;0.9601;0;0;0;0;0;0;0;0;0;0;0;0;0.0226;0.0038;1.0648;1.0648;0;39.935;39.935;20.605;0.0494;1041.4;1022.5;1;0.0168;0.0168;0;0;0;0;0;0;1.0481;0.9601;0;16.298;18.873;14.695;17.016;98.425;98.425;10.362;8.9799;8.0964;1.3816;0.8835;0.1333;0.0853;0.7814;43.953;0.7723;0
21/05/21 16:00;4.9099;60.926;78.02;5.6136;8.11;90;8.11;38.307;37.297;1.0101;17.76;0.8899;0;2.4497;36.782;0.8008;0;0.0326;40.065;0;40.065;2.4497;0.8008;36.782;0.0326;0.0611;0.9189;0;0.0008;39.85;0.2152;0;0;0.1881;0.0271;37.4;2.37;0.6295;0.2058;1.5335;0.0012;39.77;0.0797;0.0049;0.0016;0.0732;0;37.405;1.8153;0.5935;34.987;0.0042;21.962;18.229;5.6906;0.0046;0.2219;3.1917;0.0045;3.409;0;1;0;0;1.0459;0.9946;1;1;0.9949;0.1676;0.9404;0.7425;1;0.958;0.7753;0.998;0.998;1;0.998;0.998;0.9335;0.9512;0.1297;0.114;0.1134;0.0007;0.0118;-0.0022;0.0007;0.0026;0.0006;0;0;0.088;0.0048;0;0;0;0;0;0;0;0;0;0;0;0;0.0021;0.0001;0.0972;0.0972;0;19.617;19.617;1.8571;0.0497;95.397;1019.2;1;0.0044;0.0044;0;0;0;0;0;0;0.0928;0.0048;0;16.036;18.569;0.7902;0.9151;95.435;95.435;0.9616;0.82;0.0404;0.1416;0.7795;0.1473;0.8107;0.042;21.956;0.0397;0
21/05/21 17:00;0;0;90;0;0;90;0;0;0;0;12.38;1.22;0;0;0;0;0;0;0;0;0;0;0;0;0;1;1;1;1;0;0;0;0;0;0;0;0;0;0;0;0;0;0;0;0;0;0;0;0;0;0;0;0;0;0;0;0;0;0;0;0;0;0;0;1;1;1;1;1;1;1;1;1;1;1;1;1;1;1;1;1;1;1;0;0;0;0;0;0;0;0;0;0.0004;0.088;-0.0884;0;0;0;0;0;0;0;0;0;0;0;0;0;0;0;0;0;0;0;-12.38;0;0;0;0;0.0004;0;0;0;0;0;0;0;-0.0004;-0.0884;0;0;0;0;0;0;0;0;0;-0.7452;0;0.7452;1;1;0;0;0;0
21/05/21 18:00;0;0;90;0;0;90;0;0;0;0;9.2103;1.55;0;0;0;0;0;0;0;0;0;0;0;0;0;1;1;1;1;0;0;0;0;0;0;0;0;0;0;0;0;0;0;0;0;0;0;0;0;0;0;0;0;0;0;0;0;0;0;0;0;0;0;0;1;1;1;1;1;1;1;1;1;1;1;1;1;1;1;1;1;1;1;0;0;0;0;0;0;0;0;0;0.0004;0.088;-0.0884;0;0;0;0;0;0;0;0;0;0;0;0;0;0;0;0;0;0;0;-9.2103;0;0;0;0;0.0004;0;0;0;0;0;0;0;-0.0004;-0.0884;0;0;0;0;0;0;0;0;0;-0.7452;0;0.7452;1;1;0;0;0;0
21/05/21 19:00;0;0;90;0;0;90;0;0;0;0;7.3702;1.9801;0;0;0;0;0;0;0;0;0;0;0;0;0;1;1;1;1;0;0;0;0;0;0;0;0;0;0;0;0;0;0;0;0;0;0;0;0;0;0;0;0;0;0;0;0;0;0;0;0;0;0;0;1;1;1;1;1;1;1;1;1;1;1;1;1;1;1;1;1;1;1;0;0;0;0;0;0;0;0;0;0.0004;0.088;-0.0884;0;0;0;0;0;0;0;0;0;0;0;0;0;0;0;0;0;0;0;-7.3702;0;0;0;0;0.0004;0;0;0;0;0;0;0;-0.0004;-0.0884;0;0;0;0;0;0;0;0;0;-0.7452;0;0.7452;1;1;0;0;0;0
21/05/21 20:00;0;0;90;0;0;90;0;0;0;0;5.5002;2.4699;0;0;0;0;0;0;0;0;0;0;0;0;0;1;1;1;1;0;0;0;0;0;0;0;0;0;0;0;0;0;0;0;0;0;0;0;0;0;0;0;0;0;0;0;0;0;0;0;0;0;0;0;1;1;1;1;1;1;1;1;1;1;1;1;1;1;1;1;1;1;1;0;0;0;0;0;0;0;0;0;0.0004;0.088;-0.0884;0;0;0;0;0;0;0;0;0;0;0;0;0;0;0;0;0;0;0;-5.5002;0;0;0;0;0.0004;0;0;0;0;0;0;0;-0.0004;-0.0884;0;0;0;0;0;0;0;0;0;-0.7452;0;0.7452;1;1;0;0;0;0
21/05/21 21:00;0;0;90;0;0;90;0;0;0;0;5.5102;2.92;0;0;0;0;0;0;0;0;0;0;0;0;0;1;1;1;1;0;0;0;0;0;0;0;0;0;0;0;0;0;0;0;0;0;0;0;0;0;0;0;0;0;0;0;0;0;0;0;0;0;0;0;1;1;1;1;1;1;1;1;1;1;1;1;1;1;1;1;1;1;1;0;0;0;0;0;0;0;0;0;0.0004;0.088;-0.0884;0;0;0;0;0;0;0;0;0;0;0;0;0;0;0;0;0;0;0;-5.5102;0;0;0;0;0.0004;0;0;0;0;0;0;0;-0.0004;-0.0884;0;0;0;0;0;0;0;0;0;-0.7452;0;0.7452;1;1;0;0;0;0
21/05/21 22:00;0;0;90;0;0;90;0;0;0;0;4.7802;3.24;0;0;0;0;0;0;0;0;0;0;0;0;0;1;1;1;1;0;0;0;0;0;0;0;0;0;0;0;0;0;0;0;0;0;0;0;0;0;0;0;0;0;0;0;0;0;0;0;0;0;0;0;1;1;1;1;1;1;1;1;1;1;1;1;1;1;1;1;1;1;1;0;0;0;0;0;0;0;0;0;0.0004;0.088;-0.0884;0;0;0;0;0;0;0;0;0;0;0;0;0;0;0;0;0;0;0;-4.7802;0;0;0;0;0.0004;0;0;0;0;0;0;0;-0.0004;-0.0884;0;0;0;0;0;0;0;0;0;-0.7452;0;0.7452;1;1;0;0;0;0
21/05/21 23:00;0;0;90;0;0;90;0;0;0;0;3.71;3.4299;0;0;0;0;0;0;0;0;0;0;0;0;0;1;1;1;1;0;0;0;0;0;0;0;0;0;0;0;0;0;0;0;0;0;0;0;0;0;0;0;0;0;0;0;0;0;0;0;0;0;0;0;1;1;1;1;1;1;1;1;1;1;1;1;1;1;1;1;1;1;1;0;0;0;0;0;0;0;0;0;0.0004;0.088;-0.0884;0;0;0;0;0;0;0;0;0;0;0;0;0;0;0;0;0;0;0;-3.71;0;0;0;0;0.0004;0;0;0;0;0;0;0;-0.0004;-0.0884;0;0;0;0;0;0;0;0;0;-0.7452;0;0.7452;1;1;0;0;0;0
22/05/21 00:00;0;0;90;0;0;90;0;0;0;0;3.6601;3.61;0;0;0;0;0;0;0;0;0;0;0;0;0;1;1;1;1;0;0;0;0;0;0;0;0;0;0;0;0;0;0;0;0;0;0;0;0;0;0;0;0;0;0;0;0;0;0;0;0;0;0;0;1;1;1;1;1;1;1;1;1;1;1;1;1;1;1;1;1;1;1;0;0;0;0;0;0;0;0;0;0.0004;0.088;-0.0884;0;0;0;0;0;0;0;0;0;0;0;0;0;0;0;0;0;0;0;-3.6601;0;0;0;0;0.0004;0;0;0;0;0;0;0;-0.0004;-0.0884;0;0;0;0;0;0;0;0;0;-0.7452;0;0.7452;1;1;0;0;0;0
22/05/21 01:00;0;0;90;0;0;90;0;0;0;0;3.3497;3.8901;0;0;0;0;0;0;0;0;0;0;0;0;0;1;1;1;1;0;0;0;0;0;0;0;0;0;0;0;0;0;0;0;0;0;0;0;0;0;0;0;0;0;0;0;0;0;0;0;0;0;0;0;1;1;1;1;1;1;1;1;1;1;1;1;1;1;1;1;1;1;1;0;0;0;0;0;0;0;0;0;0.0004;0.088;-0.0884;0;0;0;0;0;0;0;0;0;0;0;0;0;0;0;0;0;0;0;-3.3497;0;0;0;0;0.0004;0;0;0;0;0;0;0;-0.0004;-0.0884;0;0;0;0;0;0;0;0;0;-0.7452;0;0.7452;1;1;0;0;0;0
22/05/21 02:00;0;0;90;0;0;90;0;0;0;0;2.1298;4.2;0;0;0;0;0;0;0;0;0;0;0;0;0;1;1;1;1;0;0;0;0;0;0;0;0;0;0;0;0;0;0;0;0;0;0;0;0;0;0;0;0;0;0;0;0;0;0;0;0;0;0;0;1;1;1;1;1;1;1;1;1;1;1;1;1;1;1;1;1;1;1;0;0;0;0;0;0;0;0;0;0.0004;0.088;-0.0884;0;0;0;0;0;0;0;0;0;0;0;0;0;0;0;0;0;0;0;-2.1298;0;0;0;0;0.0004;0;0;0;0;0;0;0;-0.0004;-0.0884;0;0;0;0;0;0;0;0;0;-0.7452;0;0.7452;1;1;0;0;0;0
22/05/21 03:00;0;0;90;0;0;90;0;0;0;0;2.5699;4.3701;0;0;0;0;0;0;0;0;0;0;0;0;0;1;1;1;1;0;0;0;0;0;0;0;0;0;0;0;0;0;0;0;0;0;0;0;0;0;0;0;0;0;0;0;0;0;0;0;0;0;0;0;1;1;1;1;1;1;1;1;1;1;1;1;1;1;1;1;1;1;1;0;0;0;0;0;0;0;0;0;0.0004;0.088;-0.0884;0;0;0;0;0;0;0;0;0;0;0;0;0;0;0;0;0;0;0;-2.5699;0;0;0;0;0.0004;0;0;0;0;0;0;0;-0.0004;-0.0884;0;0;0;0;0;0;0;0;0;-0.7452;0;0.7452;1;1;0;0;0;0
22/05/21 04:00;0;0;90;0;0;90;0;0;0;0;3.4999;4.2399;0;0;0;0;0;0;0;0;0;0;0;0;0;1;1;1;1;0;0;0;0;0;0;0;0;0;0;0;0;0;0;0;0;0;0;0;0;0;0;0;0;0;0;0;0;0;0;0;0;0;0;0;1;1;1;1;1;1;1;1;1;1;1;1;1;1;1;1;1;1;1;0;0;0;0;0;0;0;0;0;0.0004;0.088;-0.0884;0;0;0;0;0;0;0;0;0;0;0;0;0;0;0;0;0;0;0;-3.4999;0;0;0;0;0.0004;0;0;0;0;0;0;0;-0.0004;-0.0884;0;0;0;0;0;0;0;0;0;-0.7452;0;0.7452;1;1;0;0;0;0
22/05/21 05:00;0;0;90;0;0;90;0;0;0;0;2.7501;4.11;0;0;0;0;0;0;0;0;0;0;0;0;0;1;1;1;1;0;0;0;0;0;0;0;0;0;0;0;0;0;0;0;0;0;0;0;0;0;0;0;0;0;0;0;0;0;0;0;0;0;0;0;1;1;1;1;1;1;1;1;1;1;1;1;1;1;1;1;1;1;1;0;0;0;0;0;0;0;0;0;0.0004;0.088;-0.0884;0;0;0;0;0;0;0;0;0;0;0;0;0;0;0;0;0;0;0;-2.7501;0;0;0;0;0.0004;0;0;0;0;0;0;0;-0.0004;-0.0884;0;0;0;0;0;0;0;0;0;-0.7452;0;0.7452;1;1;0;0;0;0
22/05/21 06:00;0.4991;-64.277;88.789;0.554;0.7897;-90;-0.7897;0;0;0;1.85;3.86;0;0;0;0;0;0;0;0;0;0;0;0;0;1;1;1;1;0;0;0;0;0;0;0;0;0;0;0;0;0;0;0;0;0;0;0;0;0;0;0;0;0;0;0;0;0;0;0;0;0;0;0;1;1;1;1;1;1;1;1;1;1;1;1;1;1;1;1;1;1;1;0;0;0;0;0;0;0;0;0;0.0004;0.088;-0.0884;0;0;0;0;0;0;0;0;0;0;0;0;0;0;0;0;0;0;0;-1.85;0;0;0;0;0.0004;0;0;0;0;0;0;0;-0.0004;-0.0884;0;0;0;0;0;0;0;0;0;-0.7452;0;0.7452;1;1;0;0;0;0
22/05/21 07:00;6.2695;-59.486;74.642;7.2674;10.599;-90;-10.599;79.408;17.801;61.607;2.55;4.02;0;149.42;10.177;18.278;0;0.1152;177.99;0;177.99;149.42;18.278;10.177;0.1152;0.8395;0.0578;0;0.0006;177.81;0.1764;0;0;0.0808;0.0956;147.17;30.281;26.613;3.2555;0.4081;0.0044;177.45;0.3556;0.2988;0.0366;0.0202;0;147.18;122.5;14.986;9.6674;0.0151;6.4482;5.352;1.7273;0.0037;0.0616;0.8865;0.0027;0.9444;0;1;0;0;2.2414;0.999;1;1;0.9921;0.1697;0.8294;0.8215;1;0.9595;0.7755;0.998;0.998;1;0.998;0.998;0.8269;0.95;0.1314;0.5065;0.4229;0.0025;0.0172;-0.0232;0.003;0.0106;0.0002;0;0;0.088;0.3065;0;0;0;0;0;0;0;0;0;0;0;0;0.0085;0.0006;0.4034;0.4034;0;9.6879;9.6879;7.1379;0.0485;361.1;1117.2;1;0.0089;0.0089;0;0;0;0;0;0;0.3945;0.3065;0;14.977;17.343;11.38;13.177;97.795;97.795;4.2717;3.402;2.5848;0.8697;0.8171;0.2036;0.1913;0.6051;6.1094;0.6029;0
22/05/21 08:00;16.254;-49.396;47.249;21.007;39.383;-90;-39.383;239.71;49.397;190.31;6.8298;4.17;0;461.56;21.443;61.135;0;4.6268;548.76;0;548.76;461.56;61.135;21.443;4.6268;0.8411;0.0475;0;0.0084;543.1;5.6665;0;0;1.454;4.2124;535.52;6.4885;5.1243;0.6787;0.6457;0.0399;542.01;1.0862;0.9231;0.1223;0.04;0.0008;535.69;455.51;60.334;19.304;0.3737;16.251;13.488;4.7686;0.8292;0.1816;2.6121;0.1659;1.9645;0;1;0;0;2.2893;0.9897;1;1;0.9322;0.0896;0.988;0.9889;1;0.9676;0.9036;0.998;0.998;1;0.998;0.998;0.9759;0.9002;0.0808;1.5617;1.5379;0.0093;0.0046;0.0436;0.0104;0.0368;0.0005;0;0;0.088;1.2871;0;0;0;0;0;0;0;0;0;0;0;0;0.0296;0.0058;1.3973;1.3973;0;33.079;33.079;26.249;0.049;1324.1;1055.3;1;0.0223;0.0223;0;0;0;0;0;0;1.3751;1.2871;0;16.826;19.484;15.498;17.947;98.407;98.407;13.17;11.784;10.854;1.3864;0.9299;0.1053;0.0706;0.8241;15.195;0.8212;0
22/05/21 09:00;24.694;-37.393;46.206;37.133;52.867;-90;-52.867;390.11;73.298;316.81;10.91;3.79;0;524.81;25.324;69.102;0;13.142;632.38;0;632.38;524.81;69.102;25.324;13.142;0.8299;0.0608;0;0.0208;617.5;14.879;0;0;2.6409;12.238;609.23;7.0309;5.5068;0.7251;0.7622;0.0367;616.27;1.235;1.0496;0.1382;0.0454;0.0018;612.07;518.25;68.239;21.876;0.8656;135.2;112.22;35.925;2.7088;1.4822;21.321;2.8351;20.094;0;1;0;0;1.621;0.9765;1;1;0.8957;0.0688;0.9886;0.9895;1;0.9663;0.9593;0.998;0.998;1;0.998;0.998;0.9634;0.8638;0.0659;1.7997;1.7939;0.0108;0.0016;0.1004;0.0118;0.0417;0.0038;0;0;0.088;1.4691;0;0;0;0;0;0;0;0;0;0;0;0;0.0336;0.0078;1.5824;1.5824;0;40.952;40.952;30.042;0.0493;1543.9;1024.9;1;0.0253;0.0253;0;0;0;0;0;0;1.5571;1.4691;0;16.535;19.147;15.351;17.776;98.402;98.402;15.177;13.344;12.389;1.8327;0.9554;0.1208;0.0629;0.8163;20.365;0.7962;0
22/05/21 10:00;30.895;-23.125;52.107;56.722;33.278;-90;-33.278;504.79;88.597;416.2;13.91;3.05;0;497.83;31.857;64.466;0;7.0362;601.19;0;601.19;497.83;64.466;31.857;7.0362;0.8281;0.0647;0;0.0117;593.3;7.896;0;0;1.6607;6.2352;582.4;9.714;7.6292;0.9879;0.9753;0.1216;592.11;1.1866;0.9957;0.1289;0.0604;0.0016;584.35;489.21;63.349;29.161;0.6778;260.88;216.53;72.985;0.6918;2.3267;33.468;1.9522;35.103;0;1;0;0;1.191;0.9869;1;1;0.9479;0.1138;0.9836;0.9846;1;0.9676;0.8479;0.998;0.998;1;0.998;0.998;0.9687;0.9154;0.0963;1.7109;1.7389;0.0105;0.0022;0.1081;0.0113;0.0402;0.0059;0;0;0.088;1.4091;0;0;0;0;0;0;0;0;0;0;0;0;0.0324;0.0073;1.5211;1.5211;0;42.674;42.674;28.763;0.0494;1495.8;1016.9;1;0.024;0.024;0;0;0;0;0;0;1.4971;1.4091;0;16.719;19.36;15.488;17.935;98.424;98.424;14.429;12.827;11.883;1.6014;0.9443;0.111;0.0654;0.8236;21.498;0.7906;0
22/05/21 11:00;34.087;-6.8867;55.307;79.952;10.048;-90;-10.048;560;99.899;460.1;15.95;1.9101;0;467.27;38.056;62.508;0;0.7301;568.56;0;568.56;467.27;62.508;38.056;0.7301;0.8218;0.0682;0;0.0013;567.68;0.8826;0;0;0.2764;0.6062;553.53;13.014;10.096;1.3505;1.5401;0.0277;566.54;1.1354;0.9345;0.125;0.0756;0.0002;553.66;456.24;61.032;36.164;0.0958;327.1;271.49;90.063;0.0114;2.9557;42.517;0.1369;45.462;0;1;0;0;1.0153;0.9984;1;1;0.9927;0.1696;0.977;0.9784;1;0.9592;0.7755;0.998;0.998;1;0.998;0.998;0.9736;0.9503;0.1313;1.6181;1.6692;0.0101;0.003;0.1077;0.0108;0.0384;0.0075;0;0;0.088;1.3434;0;0;0;0;0;0;0;0;0;0;0;0;0.031;0.0068;1.454;1.454;0;43.307;43.307;27.357;0.0494;1435.2;1013.1;1;0.0226;0.0226;0;0;0;0;0;0;1.4314;1.3434;0;16.899;19.568;15.613;18.08;98.444;98.444;13.645;12.262;11.329;1.3837;0.9329;0.1014;0.0684;0.8302;22.815;0.7862;0
22/05/21 12:00;33.746;10.054;54.959;75.355;14.645;90;14.645;551.09;108.3;442.79;17.71;1.2899;0;457.66;42.808;66.961;0;1.5219;568.95;0;568.95;457.66;66.961;42.808;1.5219;0.8044;0.0779;0;0.0027;567.09;1.8554;0;0;0.5877;1.2677;553.41;12.549;9.5041;1.3906;1.5976;0.0571;565.96;1.1342;0.9153;0.1339;0.0844;0.0005;553.75;447.24;65.437;40.538;0.1966;318.34;264.22;87.081;0.0512;2.9164;41.952;0.3423;44.817;0;1;0;0;1.0324;0.9967;1;1;0.9863;0.167;0.9778;0.9792;1;0.9621;0.7751;0.998;0.998;1;0.998;0.998;0.9727;0.947;0.1292;1.6192;1.6684;0.01;0.003;0.1183;0.0108;0.0382;0.0073;0;0;0.088;1.3329;0;0;0;0;0;0;0;0;0;0;0;0;0.0307;0.0068;1.4432;1.4432;0;45.102;45.102;27.392;0.0495;1434.5;1006.1;1;0.0223;0.0223;0;0;0;0;0;0;1.4209;1.3329;0;16.762;19.41;15.481;17.927;98.456;98.456;13.655;12.171;11.241;1.4839;0.9301;0.1087;0.0681;0.8232;26.018;0.7801;0
22/05/21 13:00;29.933;25.989;51.167;52.728;37.272;90;37.272;484.5;114.8;369.7;18.02;1.2601;0;464.58;45.763;80.213;0;8.4106;598.97;0;598.97;464.58;80.213;45.763;8.4106;0.7756;0.0904;0;0.014;588.48;10.486;0;0;2.8585;7.628;578.18;9.1186;6.5165;1.1251;1.3829;0.0941;587.3;1.177;0.9292;0.1604;0.0858;0.0016;580.58;457.13;78.928;41.436;0.687;241.86;200.75;67.129;1.465;2.2455;32.3;2.4012;33.081;0;1;0;0;1.2363;0.9825;1;1;0.9375;0.093;0.9845;0.9859;1;0.9677;0.8796;0.998;0.998;1;0.998;0.998;0.9653;0.9054;0.0817;1.7046;1.7258;0.0104;0.0023;0.1319;0.0111;0.0393;0.0056;0;0;0.088;1.3753;0;0;0;0;0;0;0;0;0;0;0;0;0.0316;0.0072;1.4864;1.4864;0;46.67;46.67;28.65;0.0496;1484.7;1001.1;1;0.023;0.023;0;0;0;0;0;0;1.4633;1.3753;0;16.398;18.988;15.173;17.57;98.451;98.451;14.375;12.535;11.598;1.8406;0.9363;0.128;0.0651;0.8068;31.862;0.7755;0
22/05/21 14:00;23.25;39.826;44.88;33.855;56.145;90;56.145;366.1;120.6;245.5;18.19;1.3401;0;440.68;50.069;101.04;0;13.783;605.57;0;605.57;440.68;101.04;50.069;13.783;0.7277;0.1054;0;0.0228;586.94;18.628;0;0;5.7166;12.911;578.94;6.8283;4.2831;0.982;1.5209;0.0423;585.77;1.1739;0.8814;0.2021;0.0887;0.0017;581.98;435.51;99.856;42.743;0.8276;121.23;100.62;33.176;6.6131;1.5382;22.126;3.0445;17.051;0;1;0;0;1.6541;0.9692;1;1;0.8858;0.0632;0.9883;0.9903;1;0.9656;0.9514;0.998;0.998;1;0.998;0.998;0.956;0.8537;0.06;1.7234;1.7094;0.0103;0.0025;0.132;0.011;0.0388;0.0038;0;0;0.088;1.3618;0;0;0;0;0;0;0;0;0;0;0;0;0.0313;0.0071;1.4726;1.4726;0;46.883;46.883;28.693;0.0496;1471.5;1000.7;1;0.0228;0.0228;0;0;0;0;0;0;1.4498;1.3618;0;16.069;18.607;14.86;17.207;98.455;98.455;14.534;12.418;11.484;2.1154;0.934;0.1456;0.0643;0.7902;41.707;0.7691;0
22/05/21 15:00;14.47;51.43;52.698;18.266;31.213;90;31.213;202.3;118.3;84.002;18.07;1.2099;0;203.73;82.05;72.385;0;2.4891;360.65;0;360.65;203.73;72.385;82.05;2.4891;0.5649;0.2344;0;0.0069;354.58;6.0718;0;0;3.8772;2.1946;346.8;7.073;3.3121;1.1768;2.5341;0.05;353.87;0.7092;0.4075;0.1448;0.1563;0.0006;347.15;200.01;71.064;75.483;0.2439;55.099;45.732;15.241;1.4256;0.5859;8.4275;0.3467;7.5878;0;1;0;0;1.7828;0.9832;1;1;0.9527;0.1183;0.98;0.9837;1;0.9675;0.83;0.998;0.998;1;0.998;0.998;0.9616;0.92;0.098;1.0264;1.0101;0.0061;0.012;0.0365;0.0067;0.0237;0.0015;0;0;0.088;0.7992;0;0;0;0;0;0;0;0;0;0;0;0;0.0191;0.0027;0.9017;0.9017;0;35.137;35.137;17.067;0.0492;868.56;1038.2;1;0.0146;0.0146;0;0;0;0;0;0;0.8872;0.7992;0;16.521;19.131;14.642;16.955;98.386;98.386;8.6557;7.6042;6.7394;1.0514;0.8649;0.1215;0.0999;0.7786;54.541;0.7652;0
22/05/21 16:00;4.9731;60.612;77.864;5.703;8.2429;90;8.2429;31.607;30.998;0.609;16.98;1.47;0;1.4771;30.675;0.3964;0;0.0278;32.576;0;32.576;1.4771;0.3964;30.675;0.0278;0.0453;0.9425;0;0.0009;32.392;0.1842;0;0;0.1611;0.0231;30.577;1.7507;0.3731;0.1001;1.2764;0.001;32.327;0.0648;0.003;0.0008;0.061;0;30.581;1.1011;0.2955;29.177;0.0036;18.319;15.205;4.747;0.0041;0.1851;2.6622;0.0039;2.8432;0;1;0;0;1.0307;0.9943;1;1;0.9947;0.1676;0.9458;0.7469;1;0.9581;0.7753;0.998;0.998;1;0.998;0.998;0.9386;0.9511;0.1297;0.0927;0.0928;0.0006;0.0107;-0.0022;0.0006;0.0021;0.0005;0;0;0.088;-0.013;0;0;0;0;0;0;0;0;0;0;0;0;0.0017;0.0001;0.0789;0.0789;0;18.501;18.501;1.5211;0.0497;77.728;1015.1;1;0.0039;0.0039;0;0;0;0;0;0;0.075;-0.013;0;16.005;18.534;-2.6457;-3.0636;94.998;94.998;0.7818;0.6654;-0.11;0.1164;0.7754;0.1489;0.9918;0;18.315;0;0
22/05/21 17:00;0;0;90;0;0;90;0;0;0;0;11.48;1.6601;0;0;0;0;0;0;0;0;0;0;0;0;0;1;1;1;1;0;0;0;0;0;0;0;0;0;0;0;0;0;0;0;0;0;0;0;0;0;0;0;0;0;0;0;0;0;0;0;0;0;0;0;1;1;1;1;1;1;1;1;1;1;1;1;1;1;1;1;1;1;1;0;0;0;0;0;0;0;0;0;0.0004;0.088;-0.0884;0;0;0;0;0;0;0;0;0;0;0;0;0;0;0;0;0;0;0;-11.48;0;0;0;0;0.0004;0;0;0;0;0;0;0;-0.0004;-0.0884;0;0;0;0;0;0;0;0;0;-0.7452;0;0.7452;1;1;0;0;0;0
22/05/21 18:00;0;0;90;0;0;90;0;0;0;0;8.8699;1.8301;0;0;0;0;0;0;0;0;0;0;0;0;0;1;1;1;1;0;0;0;0;0;0;0;0;0;0;0;0;0;0;0;0;0;0;0;0;0;0;0;0;0;0;0;0;0;0;0;0;0;0;0;1;1;1;1;1;1;1;1;1;1;1;1;1;1;1;1;1;1;1;0;0;0;0;0;0;0;0;0;0.0004;0.088;-0.0884;0;0;0;0;0;0;0;0;0;0;0;0;0;0;0;0;0;0;0;-8.8699;0;0;0;0;0.0004;0;0;0;0;0;0;0;-0.0004;-0.0884;0;0;0;0;0;0;0;0;0;-0.7452;0;0.7452;1;1;0;0;0;0
22/05/21 19:00;0;0;90;0;0;90;0;0;0;0;7.3901;2.02;0;0;0;0;0;0;0;0;0;0;0;0;0;1;1;1;1;0;0;0;0;0;0;0;0;0;0;0;0;0;0;0;0;0;0;0;0;0;0;0;0;0;0;0;0;0;0;0;0;0;0;0;1;1;1;1;1;1;1;1;1;1;1;1;1;1;1;1;1;1;1;0;0;0;0;0;0;0;0;0;0.0004;0.088;-0.0884;0;0;0;0;0;0;0;0;0;0;0;0;0;0;0;0;0;0;0;-7.3901;0;0;0;0;0.0004;0;0;0;0;0;0;0;-0.0004;-0.0884;0;0;0;0;0;0;0;0;0;-0.7452;0;0.7452;1;1;0;0;0;0
22/05/21 20:00;0;0;90;0;0;90;0;0;0;0;6.5698;2.2201;0;0;0;0;0;0;0;0;0;0;0;0;0;1;1;1;1;0;0;0;0;0;0;0;0;0;0;0;0;0;0;0;0;0;0;0;0;0;0;0;0;0;0;0;0;0;0;0;0;0;0;0;1;1;1;1;1;1;1;1;1;1;1;1;1;1;1;1;1;1;1;0;0;0;0;0;0;0;0;0;0.0004;0.088;-0.0884;0;0;0;0;0;0;0;0;0;0;0;0;0;0;0;0;0;0;0;-6.5698;0;0;0;0;0.0004;0;0;0;0;0;0;0;-0.0004;-0.0884;0;0;0;0;0;0;0;0;0;-0.7452;0;0.7452;1;1;0;0;0;0
22/05/21 21:00;0;0;90;0;0;90;0;0;0;0;5.1598;2.44;0;0;0;0;0;0;0;0;0;0;0;0;0;1;1;1;1;0;0;0;0;0;0;0;0;0;0;0;0;0;0;0;0;0;0;0;0;0;0;0;0;0;0;0;0;0;0;0;0;0;0;0;1;1;1;1;1;1;1;1;1;1;1;1;1;1;1;1;1;1;1;0;0;0;0;0;0;0;0;0;0.0004;0.088;-0.0884;0;0;0;0;0;0;0;0;0;0;0;0;0;0;0;0;0;0;0;-5.1598;0;0;0;0;0.0004;0;0;0;0;0;0;0;-0.0004;-0.0884;0;0;0;0;0;0;0;0;0;-0.7452;0;0.7452;1;1;0;0;0;0
22/05/21 22:00;0;0;90;0;0;90;0;0;0;0;4.1002;2.6299;0;0;0;0;0;0;0;0;0;0;0;0;0;1;1;1;1;0;0;0;0;0;0;0;0;0;0;0;0;0;0;0;0;0;0;0;0;0;0;0;0;0;0;0;0;0;0;0;0;0;0;0;1;1;1;1;1;1;1;1;1;1;1;1;1;1;1;1;1;1;1;0;0;0;0;0;0;0;0;0;0.0004;0.088;-0.0884;0;0;0;0;0;0;0;0;0;0;0;0;0;0;0;0;0;0;0;-4.1002;0;0;0;0;0.0004;0;0;0;0;0;0;0;-0.0004;-0.0884;0;0;0;0;0;0;0;0;0;-0.7452;0;0.7452;1;1;0;0;0;0
22/05/21 23:00;0;0;90;0;0;90;0;0;0;0;3.6003;2.7801;0;0;0;0;0;0;0;0;0;0;0;0;0;1;1;1;1;0;0;0;0;0;0;0;0;0;0;0;0;0;0;0;0;0;0;0;0;0;0;0;0;0;0;0;0;0;0;0;0;0;0;0;1;1;1;1;1;1;1;1;1;1;1;1;1;1;1;1;1;1;1;0;0;0;0;0;0;0;0;0;0.0004;0.088;-0.0884;0;0;0;0;0;0;0;0;0;0;0;0;0;0;0;0;0;0;0;-3.6003;0;0;0;0;0.0004;0;0;0;0;0;0;0;-0.0004;-0.0884;0;0;0;0;0;0;0;0;0;-0.7452;0;0.7452;1;1;0;0;0;0
23/05/21 00:00;0;0;90;0;0;90;0;0;0;0;3.2799;2.89;0;0;0;0;0;0;0;0;0;0;0;0;0;1;1;1;1;0;0;0;0;0;0;0;0;0;0;0;0;0;0;0;0;0;0;0;0;0;0;0;0;0;0;0;0;0;0;0;0;0;0;0;1;1;1;1;1;1;1;1;1;1;1;1;1;1;1;1;1;1;1;0;0;0;0;0;0;0;0;0;0.0004;0.088;-0.0884;0;0;0;0;0;0;0;0;0;0;0;0;0;0;0;0;0;0;0;-3.2799;0;0;0;0;0.0004;0;0;0;0;0;0;0;-0.0004;-0.0884;0;0;0;0;0;0;0;0;0;-0.7452;0;0.7452;1;1;0;0;0;0
23/05/21 01:00;0;0;90;0;0;90;0;0;0;0;2.55;2.9599;0;0;0;0;0;0;0;0;0;0;0;0;0;1;1;1;1;0;0;0;0;0;0;0;0;0;0;0;0;0;0;0;0;0;0;0;0;0;0;0;0;0;0;0;0;0;0;0;0;0;0;0;1;1;1;1;1;1;1;1;1;1;1;1;1;1;1;1;1;1;1;0;0;0;0;0;0;0;0;0;0.0004;0.088;-0.0884;0;0;0;0;0;0;0;0;0;0;0;0;0;0;0;0;0;0;0;-2.55;0;0;0;0;0.0004;0;0;0;0;0;0;0;-0.0004;-0.0884;0;0;0;0;0;0;0;0;0;-0.7452;0;0.7452;1;1;0;0;0;0
23/05/21 02:00;0;0;90;0;0;90;0;0;0;0;2.78;3.0201;0;0;0;0;0;0;0;0;0;0;0;0;0;1;1;1;1;0;0;0;0;0;0;0;0;0;0;0;0;0;0;0;0;0;0;0;0;0;0;0;0;0;0;0;0;0;0;0;0;0;0;0;1;1;1;1;1;1;1;1;1;1;1;1;1;1;1;1;1;1;1;0;0;0;0;0;0;0;0;0;0.0004;0.088;-0.0884;0;0;0;0;0;0;0;0;0;0;0;0;0;0;0;0;0;0;0;-2.78;0;0;0;0;0.0004;0;0;0;0;0;0;0;-0.0004;-0.0884;0;0;0;0;0;0;0;0;0;-0.7452;0;0.7452;1;1;0;0;0;0
23/05/21 03:00;0;0;90;0;0;90;0;0;0;0;1.5402;3.07;0;0;0;0;0;0;0;0;0;0;0;0;0;1;1;1;1;0;0;0;0;0;0;0;0;0;0;0;0;0;0;0;0;0;0;0;0;0;0;0;0;0;0;0;0;0;0;0;0;0;0;0;1;1;1;1;1;1;1;1;1;1;1;1;1;1;1;1;1;1;1;0;0;0;0;0;0;0;0;0;0.0004;0.088;-0.0884;0;0;0;0;0;0;0;0;0;0;0;0;0;0;0;0;0;0;0;-1.5402;0;0;0;0;0.0004;0;0;0;0;0;0;0;-0.0004;-0.0884;0;0;0;0;0;0;0;0;0;-0.7452;0;0.7452;1;1;0;0;0;0
23/05/21 04:00;0;0;90;0;0;90;0;0;0;0;1.14;3.0901;0;0;0;0;0;0;0;0;0;0;0;0;0;1;1;1;1;0;0;0;0;0;0;0;0;0;0;0;0;0;0;0;0;0;0;0;0;0;0;0;0;0;0;0;0;0;0;0;0;0;0;0;1;1;1;1;1;1;1;1;1;1;1;1;1;1;1;1;1;1;1;0;0;0;0;0;0;0;0;0;0.0004;0.088;-0.0884;0;0;0;0;0;0;0;0;0;0;0;0;0;0;0;0;0;0;0;-1.14;0;0;0;0;0.0004;0;0;0;0;0;0;0;-0.0004;-0.0884;0;0;0;0;0;0;0;0;0;-0.7452;0;0.7452;1;1;0;0;0;0
23/05/21 05:00;0;0;90;0;0;90;0;0;0;0;1.2603;3.1001;0;0;0;0;0;0;0;0;0;0;0;0;0;1;1;1;1;0;0;0;0;0;0;0;0;0;0;0;0;0;0;0;0;0;0;0;0;0;0;0;0;0;0;0;0;0;0;0;0;0;0;0;1;1;1;1;1;1;1;1;1;1;1;1;1;1;1;1;1;1;1;0;0;0;0;0;0;0;0;0;0.0004;0.088;-0.0884;0;0;0;0;0;0;0;0;0;0;0;0;0;0;0;0;0;0;0;-1.2603;0;0;0;0;0.0004;0;0;0;0;0;0;0;-0.0004;-0.0884;0;0;0;0;0;0;0;0;0;-0.7452;0;0.7452;1;1;0;0;0;0
23/05/21 06:00;0.3667;-64.137;89.111;0.4076;0.5809;-90;-0.5809;0;0;0;0.5297;3.05;0;0;0;0;0;0;0;0;0;0;0;0;0;1;1;1;1;0;0;0;0;0;0;0;0;0;0;0;0;0;0;0;0;0;0;0;0;0;0;0;0;0;0;0;0;0;0;0;0;0;0;0;1;1;1;1;1;1;1;1;1;1;1;1;1;1;1;1;1;1;1;0;0;0;0;0;0;0;0;0;0.0004;0.088;-0.0884;0;0;0;0;0;0;0;0;0;0;0;0;0;0;0;0;0;0;0;-0.5297;0;0;0;0;0.0004;0;0;0;0;0;0;0;-0.0004;-0.0884;0;0;0;0;0;0;0;0;0;-0.7452;0;0.7452;1;1;0;0;0;0
23/05/21 07:00;6.1298;-59.353;74.991;7.1155;10.367;-90;-10.367;52.802;36.1;16.702;1.12;3.6501;0;40.507;31.601;10.281;0;0.0733;82.462;0;82.462;40.507;10.281;31.601;0.0733;0.4912;0.3841;0;0.0009;82.159;0.3027;0;0;0.2418;0.0608;71.319;10.676;7.4981;1.9031;1.2722;0.0028;81.995;0.1643;0.081;0.0206;0.0627;0;71.327;32.928;8.3575;30.024;0.0096;19.063;15.822;4.9659;0.0105;0.1913;2.7515;0.0078;2.9322;0;1;0;0;1.5617;0.9963;1;1;0.9923;0.1697;0.8698;0.8145;1;0.9593;0.7755;0.998;0.998;1;0.998;0.998;0.8649;0.9501;0.1313;0.2347;0.2096;0.0013;0.015;-0.0155;0.0015;0.0052;0.0005;0;0;0.088;0.1023;0;0;0;0;0;0;0;0;0;0;0;0;0.0042;0.0002;0.1973;0.1973;0;4.5894;4.5894;3.4693;0.0486;177.5;1111.6;1;0.007;0.007;0;0;0;0;0;0;0.1903;0.1023;0;15.811;18.309;8.2003;9.4957;96.466;96.466;1.9791;1.6639;0.863;0.3152;0.8009;0.1593;0.4047;0.4361;18.96;0.4254;0
23/05/21 08:00;16.098;-49.279;47.74;20.847;38.818;-90;-38.818;250.39;42.799;207.6;4.5502;2.8501;0;503.48;16.673;58.342;0;4.7007;583.19;0;583.19;503.48;58.342;16.673;4.7007;0.8633;0.0366;0;0.0081;577.82;5.3755;0;0;1.1056;4.2699;569.72;6.9446;5.7337;0.6644;0.5025;0.0439;576.66;1.1556;1.007;0.1167;0.0311;0.0009;569.84;496.74;57.561;15.034;0.386;12.893;10.701;3.8134;0.6139;0.1393;2.0031;0.1242;1.5285;0;1;0;0;2.3291;0.9908;1;1;0.9337;0.0917;0.988;0.9886;1;0.9677;0.8978;0.998;0.998;1;0.998;0.998;0.9769;0.9017;0.0821;1.6597;1.6344;0.0098;0.0034;0.0426;0.011;0.0392;0.0004;0;0;0.088;1.3777;0;0;0;0;0;0;0;0;0;0;0;0;0.0316;0.0065;1.4898;1.4898;0;32.455;32.455;27.905;0.049;1407.2;1058.7;1;0.0241;0.0241;0;0;0;0;0;0;1.4657;1.3777;0;16.88;19.547;15.61;18.076;98.382;98.382;13.997;12.563;11.618;1.4333;0.9454;0.1024;0.0675;0.8301;11.758;0.8279;0
23/05/21 09:00;24.523;-37.299;46.363;36.974;53.026;-90;-53.026;394.6;69.599;325;9.1199;1.62;0;540.36;22.968;68.028;0;13.368;644.72;0;644.72;540.36;68.028;22.968;13.368;0.8381;0.0564;0;0.0207;629.87;14.855;0;0;2.4056;12.449;621.44;7.1687;5.7197;0.7201;0.6915;0.0374;628.61;1.2597;1.0807;0.1361;0.0411;0.0018;624.3;533.56;67.172;19.829;0.8794;134.79;111.88;35.636;2.4829;1.4752;21.22;2.8598;20.212;0;1;0;0;1.6339;0.977;1;1;0.8953;0.0687;0.9886;0.9894;1;0.9663;0.9592;0.998;0.998;1;0.998;0.998;0.9639;0.8634;0.0658;1.8348;1.8287;0.011;0.0013;0.0944;0.0121;0.0427;0.0038;0;0;0.088;1.5068;0;0;0;0;0;0;0;0;0;0;0;0;0.0344;0.0081;1.6209;1.6209;0;39.731;39.731;30.611;0.0493;1573.7;1030;1;0.0261;0.0261;0;0;0;0;0;0;1.5948;1.5068;0;16.614;19.238;15.444;17.884;98.388;98.388;15.473;13.67;12.707;1.8037;0.9624;0.1166;0.0622;0.8212;18.5;0.8015;0
23/05/21 10:00;30.71;-23.069;52.281;56.588;33.412;-90;-33.412;511.9;85.797;426.11;12.41;1.09;0;510.47;29.403;64.386;0;7.1909;611.45;0;611.45;510.47;64.386;29.403;7.1909;0.8349;0.0598;0;0.0118;603.53;7.9189;0;0;1.5425;6.3764;592.34;9.9841;7.9579;1.0037;0.8997;0.1228;602.32;1.2071;1.0209;0.1288;0.0557;0.0016;594.33;501.49;63.253;26.905;0.6901;263.85;218.99;73.831;0.6475;2.3489;33.788;1.9944;35.489;0;1;0;0;1.1945;0.987;1;1;0.9475;0.1133;0.9834;0.9844;1;0.9676;0.8489;0.998;0.998;1;0.998;0.998;0.9687;0.915;0.096;1.7401;1.7681;0.0106;0.0019;0.1033;0.0116;0.041;0.006;0;0;0.088;1.4404;0;0;0;0;0;0;0;0;0;0;0;0;0.033;0.0076;1.5531;1.5531;0;41.638;41.638;29.228;0.0493;1520.7;1021.3;1;0.0247;0.0247;0;0;0;0;0;0;1.5284;1.4404;0;16.784;19.436;15.567;18.026;98.412;98.412;14.675;13.097;12.147;1.5774;0.9501;0.1075;0.0647;0.8278;19.861;0.7949;0
23/05/21 11:00;33.895;-6.8844;55.495;79.884;10.116;-90;-10.116;569;96.101;472.9;15.88;0.9501;0;480.37;34.647;62.148;0;0.7519;577.92;0;577.92;480.37;62.148;34.647;0.7519;0.8312;0.0613;0;0.0013;577.04;0.8788;0;0;0.2545;0.6243;562.48;13.406;10.605;1.372;1.4006;0.0286;575.89;1.1541;0.9607;0.1243;0.0688;0.0003;562.62;468.81;60.652;32.923;0.0987;332.26;275.78;91.529;0.0107;2.9996;43.148;0.1415;46.137;0;1;0;0;1.0157;0.9985;1;1;0.9927;0.1696;0.9767;0.9779;1;0.9592;0.7755;0.998;0.998;1;0.998;0.998;0.9733;0.9502;0.1313;1.6447;1.6961;0.0102;0.0027;0.1116;0.011;0.039;0.0076;0;0;0.088;1.3646;0;0;0;0;0;0;0;0;0;0;0;0;0.0314;0.007;1.4756;1.4756;0;43.687;43.687;27.807;0.0494;1458.2;1011.9;1;0.023;0.023;0;0;0;0;0;0;1.4526;1.3646;0;16.872;19.537;15.602;18.067;98.441;98.441;13.87;12.444;11.507;1.4264;0.9362;0.1028;0.0675;0.8297;20.775;0.7857;0
23/05/21 12:00;33.56;9.9978;55.15;75.335;14.665;90;14.665;555.29;104;451.29;18.11;0.98;0;466.48;39.605;65.889;0;1.5377;573.52;0;573.52;466.48;65.889;39.605;1.5377;0.8134;0.0717;0;0.0027;571.69;1.8259;0;0;0.545;1.2809;557.71;12.834;9.9004;1.3984;1.4775;0.0577;570.55;1.1434;0.933;0.1318;0.0781;0.0005;558.06;455.65;64.359;37.504;0.1987;320.67;266.15;87.747;0.0476;2.9356;42.227;0.3461;45.115;0;1;0;0;1.0328;0.9968;1;1;0.9862;0.167;0.9775;0.9787;1;0.9621;0.7751;0.998;0.998;1;0.998;0.998;0.9724;0.947;0.1292;1.6322;1.6812;0.0101;0.0029;0.123;0.0108;0.0384;0.0074;0;0;0.088;1.3406;0;0;0;0;0;0;0;0;0;0;0;0;0.0309;0.0069;1.451;1.451;0;45.729;45.729;27.619;0.0495;1445.6;1003.7;1;0.0224;0.0224;0;0;0;0;0;0;1.4286;1.3406;0;16.718;19.359;15.446;17.886;98.456;98.456;13.764;12.236;11.305;1.5282;0.931;0.111;0.0676;0.8213;24.073;0.7784;0
23/05/21 13:00;29.764;25.885;51.351;52.641;37.359;90;37.359;495.59;103.9;391.7;19.22;1.07;0;492.79;38.006;77.431;0;8.6419;616.87;0;616.87;492.79;77.431;38.006;8.6419;0.7989;0.0756;0;0.014;606.65;10.223;0;0;2.3825;7.8407;596.06;9.3773;7.029;1.1044;1.1482;0.0956;605.43;1.2133;0.9856;0.1549;0.0712;0.0016;598.51;484.78;76.172;34.404;0.7039;245.76;203.98;68.179;1.2268;2.2667;32.606;2.4562;33.646;0;1;0;0;1.2447;0.9834;1;1;0.9373;0.0927;0.9845;0.9857;1;0.9677;0.8804;0.998;0.998;1;0.998;0.998;0.9663;0.9052;0.0815;1.7556;1.7777;0.0107;0.0018;0.1494;0.0113;0.0401;0.0056;0;0;0.088;1.4074;0;0;0;0;0;0;0;0;0;0;0;0;0.0323;0.0076;1.5189;1.5189;0;48.804;48.804;29.585;0.0496;1529.1;993.3;1;0.0235;0.0235;0;0;0;0;0;0;1.4954;1.4074;0;16.27;18.841;15.076;17.457;98.452;98.452;14.805;12.809;11.868;1.9961;0.9404;0.1348;0.0635;0.8017;26.48;0.7711;0
23/05/21 14:00;23.102;39.693;45.054;33.739;56.261;90;56.261;376.61;107.7;268.91;19.21;1.0201;0;484.15;40.663;99.774;0;14.232;638.82;0;638.82;484.15;99.774;40.663;14.232;0.7579;0.0859;0;0.0223;620.84;17.988;0;0;4.6565;13.332;612.58;7.0143;4.7547;0.9798;1.2357;0.044;619.59;1.2417;0.9683;0.1995;0.072;0.0018;615.6;478.43;98.595;34.699;0.8542;118.65;98.479;32.031;5.4108;1.465;21.074;3.0185;17.128;0;1;0;0;1.6963;0.9718;1;1;0.8855;0.0632;0.9887;0.9902;1;0.9656;0.951;0.998;0.998;1;0.998;0.998;0.9589;0.8533;0.06;1.818;1.8035;0.0109;0.0015;0.1568;0.0114;0.0406;0.0036;0;0;0.088;1.4263;0;0;0;0;0;0;0;0;0;0;0;0;0.0327;0.0078;1.5381;1.5381;0;49.632;49.632;30.423;0.0497;1552.4;990.78;1;0.0238;0.0238;0;0;0;0;0;0;1.5143;1.4263;0;15.91;18.424;14.754;17.084;98.451;98.451;15.332;12.971;12.028;2.3605;0.9431;0.154;0.0615;0.7845;33.915;0.7656;0
23/05/21 15:00;14.343;51.281;53.073;18.145;30.905;90;30.905;212.91;109.2;103.71;19.07;0.5599;0;251.52;69.561;83.24;0;2.5695;406.89;0;406.89;251.52;83.24;69.561;2.5695;0.6182;0.1773;0;0.0063;401.4;5.4978;0;0;3.2357;2.2621;392.73;7.8618;4.2506;1.4067;2.1517;0.0528;400.59;0.8028;0.503;0.1665;0.1327;0.0006;393.02;246.77;81.667;64.041;0.254;46.815;38.856;12.962;1.1681;0.4942;7.1087;0.2866;6.4348;0;1;0;0;1.9111;0.9865;1;1;0.9535;0.1196;0.9804;0.9831;1;0.9675;0.8279;0.998;0.998;1;0.998;0.998;0.9652;0.9206;0.0988;1.158;1.1387;0.0069;0.0102;0.0544;0.0075;0.0265;0.0013;0;0;0.088;0.9032;0;0;0;0;0;0;0;0;0;0;0;0;0.0213;0.0034;1.0072;1.0072;0;38.436;38.436;19.366;0.0493;980.42;1027.3;1;0.016;0.016;0;0;0;0;0;0;0.9912;0.9032;0;16.357;18.941;14.669;16.986;98.413;98.413;9.7655;8.494;7.6171;1.2715;0.8769;0.1302;0.0898;0.78;46.139;0.7699;0
23/05/21 16:00;4.8629;60.454;78.136;5.5854;8.0682;90;8.0682;35.905;35.003;0.9019;17.63;0.42;0;2.1873;34.551;0.6781;0;0.0302;37.447;0;37.447;2.1873;0.6781;34.551;0.0302;0.0584;0.9235;0;0.0008;37.246;0.2004;0;0;0.1752;0.0251;34.984;2.1884;0.5693;0.1765;1.4414;0.0011;37.172;0.0745;0.0044;0.0014;0.0688;0;34.988;1.6136;0.5002;32.866;0.0039;20.628;17.121;5.3447;0.0042;0.2084;2.998;0.0041;3.2022;0;1;0;0;1.043;0.9946;1;1;0.9949;0.1675;0.9411;0.7392;1;0.958;0.7754;0.998;0.998;1;0.998;0.998;0.9342;0.9512;0.1296;0.1066;0.1061;0.0006;0.0114;-0.0022;0.0007;0.0024;0.0005;0;0;0.088;-0.0016;0;0;0;0;0;0;0;0;0;0;0;0;0.0019;0.0001;0.0907;0.0907;0;19.369;19.369;1.7383;0.0497;89.129;1017.3;1;0.0043;0.0043;0;0;0;0;0;0;0.0864;-0.0016;0;16.001;18.529;-0.2793;-0.3234;95.303;95.303;0.8987;0.7647;-0.0133;0.134;0.778;0.1491;0.8657;0;20.623;0;0
23/05/21 17:00;0;0;90;0;0;90;0;0;0;0;10.43;0.99;0;0;0;0;0;0;0;0;0;0;0;0;0;1;1;1;1;0;0;0;0;0;0;0;0;0;0;0;0;0;0;0;0;0;0;0;0;0;0;0;0;0;0;0;0;0;0;0;0;0;0;0;1;1;1;1;1;1;1;1;1;1;1;1;1;1;1;1;1;1;1;0;0;0;0;0;0;0;0;0;0.0004;0.088;-0.0884;0;0;0;0;0;0;0;0;0;0;0;0;0;0;0;0;0;0;0;-10.43;0;0;0;0;0.0004;0;0;0;0;0;0;0;-0.0004;-0.0884;0;0;0;0;0;0;0;0;0;-0.7452;0;0.7452;1;1;0;0;0;0
23/05/21 18:00;0;0;90;0;0;90;0;0;0;0;9.4403;1.8301;0;0;0;0;0;0;0;0;0;0;0;0;0;1;1;1;1;0;0;0;0;0;0;0;0;0;0;0;0;0;0;0;0;0;0;0;0;0;0;0;0;0;0;0;0;0;0;0;0;0;0;0;1;1;1;1;1;1;1;1;1;1;1;1;1;1;1;1;1;1;1;0;0;0;0;0;0;0;0;0;0.0004;0.088;-0.0884;0;0;0;0;0;0;0;0;0;0;0;0;0;0;0;0;0;0;0;-9.4403;0;0;0;0;0.0004;0;0;0;0;0;0;0;-0.0004;-0.0884;0;0;0;0;0;0;0;0;0;-0.7452;0;0.7452;1;1;0;0;0;0
23/05/21 19:00;0;0;90;0;0;90;0;0;0;0;7.4001;2.7701;0;0;0;0;0;0;0;0;0;0;0;0;0;1;1;1;1;0;0;0;0;0;0;0;0;0;0;0;0;0;0;0;0;0;0;0;0;0;0;0;0;0;0;0;0;0;0;0;0;0;0;0;1;1;1;1;1;1;1;1;1;1;1;1;1;1;1;1;1;1;1;0;0;0;0;0;0;0;0;0;0.0004;0.088;-0.0884;0;0;0;0;0;0;0;0;0;0;0;0;0;0;0;0;0;0;0;-7.4001;0;0;0;0;0.0004;0;0;0;0;0;0;0;-0.0004;-0.0884;0;0;0;0;0;0;0;0;0;-0.7452;0;0.7452;1;1;0;0;0;0
23/05/21 20:00;0;0;90;0;0;90;0;0;0;0;6.1902;3.55;0;0;0;0;0;0;0;0;0;0;0;0;0;1;1;1;1;0;0;0;0;0;0;0;0;0;0;0;0;0;0;0;0;0;0;0;0;0;0;0;0;0;0;0;0;0;0;0;0;0;0;0;1;1;1;1;1;1;1;1;1;1;1;1;1;1;1;1;1;1;1;0;0;0;0;0;0;0;0;0;0.0004;0.088;-0.0884;0;0;0;0;0;0;0;0;0;0;0;0;0;0;0;0;0;0;0;-6.1902;0;0;0;0;0.0004;0;0;0;0;0;0;0;-0.0004;-0.0884;0;0;0;0;0;0;0;0;0;-0.7452;0;0.7452;1;1;0;0;0;0
23/05/21 21:00;0;0;90;0;0;90;0;0;0;0;5.33;4.12;0;0;0;0;0;0;0;0;0;0;0;0;0;1;1;1;1;0;0;0;0;0;0;0;0;0;0;0;0;0;0;0;0;0;0;0;0;0;0;0;0;0;0;0;0;0;0;0;0;0;0;0;1;1;1;1;1;1;1;1;1;1;1;1;1;1;1;1;1;1;1;0;0;0;0;0;0;0;0;0;0.0004;0.088;-0.0884;0;0;0;0;0;0;0;0;0;0;0;0;0;0;0;0;0;0;0;-5.33;0;0;0;0;0.0004;0;0;0;0;0;0;0;-0.0004;-0.0884;0;0;0;0;0;0;0;0;0;-0.7452;0;0.7452;1;1;0;0;0;0
23/05/21 22:00;0;0;90;0;0;90;0;0;0;0;6.6097;4.6199;0;0;0;0;0;0;0;0;0;0;0;0;0;1;1;1;1;0;0;0;0;0;0;0;0;0;0;0;0;0;0;0;0;0;0;0;0;0;0;0;0;0;0;0;0;0;0;0;0;0;0;0;1;1;1;1;1;1;1;1;1;1;1;1;1;1;1;1;1;1;1;0;0;0;0;0;0;0;0;0;0.0004;0.088;-0.0884;0;0;0;0;0;0;0;0;0;0;0;0;0;0;0;0;0;0;0;-6.6097;0;0;0;0;0.0004;0;0;0;0;0;0;0;-0.0004;-0.0884;0;0;0;0;0;0;0;0;0;-0.7452;0;0.7452;1;1;0;0;0;0
23/05/21 23:00;0;0;90;0;0;90;0;0;0;0;8.4398;4.7899;0;0;0;0;0;0;0;0;0;0;0;0;0;1;1;1;1;0;0;0;0;0;0;0;0;0;0;0;0;0;0;0;0;0;0;0;0;0;0;0;0;0;0;0;0;0;0;0;0;0;0;0;1;1;1;1;1;1;1;1;1;1;1;1;1;1;1;1;1;1;1;0;0;0;0;0;0;0;0;0;0.0004;0.088;-0.0884;0;0;0;0;0;0;0;0;0;0;0;0;0;0;0;0;0;0;0;-8.4398;0;0;0;0;0.0004;0;0;0;0;0;0;0;-0.0004;-0.0884;0;0;0;0;0;0;0;0;0;-0.7452;0;0.7452;1;1;0;0;0;0
24/05/21 00:00;0;0;90;0;0;90;0;0;0;0;7.9499;4.98;0;0;0;0;0;0;0;0;0;0;0;0;0;1;1;1;1;0;0;0;0;0;0;0;0;0;0;0;0;0;0;0;0;0;0;0;0;0;0;0;0;0;0;0;0;0;0;0;0;0;0;0;1;1;1;1;1;1;1;1;1;1;1;1;1;1;1;1;1;1;1;0;0;0;0;0;0;0;0;0;0.0004;0.088;-0.0884;0;0;0;0;0;0;0;0;0;0;0;0;0;0;0;0;0;0;0;-7.9499;0;0;0;0;0.0004;0;0;0;0;0;0;0;-0.0004;-0.0884;0;0;0;0;0;0;0;0;0;-0.7452;0;0.7452;1;1;0;0;0;0
24/05/21 01:00;0;0;90;0;0;90;0;0;0;0;5.9097;4.99;0;0;0;0;0;0;0;0;0;0;0;0;0;1;1;1;1;0;0;0;0;0;0;0;0;0;0;0;0;0;0;0;0;0;0;0;0;0;0;0;0;0;0;0;0;0;0;0;0;0;0;0;1;1;1;1;1;1;1;1;1;1;1;1;1;1;1;1;1;1;1;0;0;0;0;0;0;0;0;0;0.0004;0.088;-0.0884;0;0;0;0;0;0;0;0;0;0;0;0;0;0;0;0;0;0;0;-5.9097;0;0;0;0;0.0004;0;0;0;0;0;0;0;-0.0004;-0.0884;0;0;0;0;0;0;0;0;0;-0.7452;0;0.7452;1;1;0;0;0;0
24/05/21 02:00;0;0;90;0;0;90;0;0;0;0;5.3599;4.91;0;0;0;0;0;0;0;0;0;0;0;0;0;1;1;1;1;0;0;0;0;0;0;0;0;0;0;0;0;0;0;0;0;0;0;0;0;0;0;0;0;0;0;0;0;0;0;0;0;0;0;0;1;1;1;1;1;1;1;1;1;1;1;1;1;1;1;1;1;1;1;0;0;0;0;0;0;0;0;0;0.0004;0.088;-0.0884;0;0;0;0;0;0;0;0;0;0;0;0;0;0;0;0;0;0;0;-5.3599;0;0;0;0;0.0004;0;0;0;0;0;0;0;-0.0004;-0.0884;0;0;0;0;0;0;0;0;0;-0.7452;0;0.7452;1;1;0;0;0;0
24/05/21 03:00;0;0;90;0;0;90;0;0;0;0;4.7703;4.75;0;0;0;0;0;0;0;0;0;0;0;0;0;1;1;1;1;0;0;0;0;0;0;0;0;0;0;0;0;0;0;0;0;0;0;0;0;0;0;0;0;0;0;0;0;0;0;0;0;0;0;0;1;1;1;1;1;1;1;1;1;1;1;1;1;1;1;1;1;1;1;0;0;0;0;0;0;0;0;0;0.0004;0.088;-0.0884;0;0;0;0;0;0;0;0;0;0;0;0;0;0;0;0;0;0;0;-4.7703;0;0;0;0;0.0004;0;0;0;0;0;0;0;-0.0004;-0.0884;0;0;0;0;0;0;0;0;0;-0.7452;0;0.7452;1;1;0;0;0;0
24/05/21 04:00;0;0;90;0;0;90;0;0;0;0;7.9599;4.6001;0;0;0;0;0;0;0;0;0;0;0;0;0;1;1;1;1;0;0;0;0;0;0;0;0;0;0;0;0;0;0;0;0;0;0;0;0;0;0;0;0;0;0;0;0;0;0;0;0;0;0;0;1;1;1;1;1;1;1;1;1;1;1;1;1;1;1;1;1;1;1;0;0;0;0;0;0;0;0;0;0.0004;0.088;-0.0884;0;0;0;0;0;0;0;0;0;0;0;0;0;0;0;0;0;0;0;-7.9599;0;0;0;0;0.0004;0;0;0;0;0;0;0;-0.0004;-0.0884;0;0;0;0;0;0;0;0;0;-0.7452;0;0.7452;1;1;0;0;0;0
24/05/21 05:00;0;0;90;0;0;90;0;0;0;0;9.53;4.51;0;0;0;0;0;0;0;0;0;0;0;0;0;1;1;1;1;0;0;0;0;0;0;0;0;0;0;0;0;0;0;0;0;0;0;0;0;0;0;0;0;0;0;0;0;0;0;0;0;0;0;0;1;1;1;1;1;1;1;1;1;1;1;1;1;1;1;1;1;1;1;0;0;0;0;0;0;0;0;0;0.0004;0.088;-0.0884;0;0;0;0;0;0;0;0;0;0;0;0;0;0;0;0;0;0;0;-9.53;0;0;0;0;0.0004;0;0;0;0;0;0;0;-0.0004;-0.0884;0;0;0;0;0;0;0;0;0;-0.7452;0;0.7452;1;1;0;0;0;0
24/05/21 06:00;0.4203;-63.86;88.981;0.4682;0.6673;-90;-0.6673;0;0;0;9.3499;4.5301;0;0;0;0;0;0;0;0;0;0;0;0;0;1;1;1;1;0;0;0;0;0;0;0;0;0;0;0;0;0;0;0;0;0;0;0;0;0;0;0;0;0;0;0;0;0;0;0;0;0;0;0;1;1;1;1;1;1;1;1;1;1;1;1;1;1;1;1;1;1;1;0;0;0;0;0;0;0;0;0;0.0004;0.088;-0.0884;0;0;0;0;0;0;0;0;0;0;0;0;0;0;0;0;0;0;0;-9.3499;0;0;0;0;0.0004;0;0;0;0;0;0;0;-0.0004;-0.0884;0;0;0;0;0;0;0;0;0;-0.7452;0;0.7452;1;1;0;0;0;0
24/05/21 07:00;5.9927;-59.226;75.333;6.9658;10.14;-90;-10.14;70.207;24.3;45.908;10.37;5.0299;0;111.34;16.148;19.463;0;0.0932;147.04;0;147.04;111.34;19.463;16.148;0.0932;0.7572;0.1104;0;0.0006;146.85;0.1965;0;0;0.1191;0.0774;120.79;25.766;21.374;3.7362;0.6525;0.0035;146.55;0.2937;0.2227;0.0389;0.0321;0;120.79;89.743;15.688;15.344;0.0122;9.9469;8.256;2.4408;0.005;0.1096;1.5759;0.0041;1.6805;0;1;0;0;2.0944;0.9987;1;1;0.9926;0.1696;0.8242;0.8076;1;0.9592;0.7755;0.998;0.998;1;0.998;0.998;0.8214;0.9502;0.1313;0.4185;0.3487;0.0021;0.017;-0.011;0.0024;0.0085;0.0003;0;0;0.088;0.2266;0;0;0;0;0;0;0;0;0;0;0;0;0.0068;0.0005;0.3223;0.3223;0;16.272;16.272;5.9014;0.0489;297.82;1082.2;1;0.0077;0.0077;0;0;0;0;0;0;0.3146;0.2266;0;14.484;16.773;10.184;11.793;97.613;97.613;3.529;2.7181;1.9111;0.8109;0.807;0.2298;0.2287;0.5415;9.6827;0.5372;0
24/05/21 08:00;15.946;-49.167;48.217;20.689;38.274;-90;-38.274;245.1;43.098;202;13.39;5.1899;0;489.91;17.225;57.719;0;4.4781;569.34;0;569.34;489.91;57.719;17.225;4.4781;0.8605;0.0381;0;0.0079;564.16;5.176;0;0;1.1176;4.0585;556.08;6.9538;5.7157;0.6734;0.5197;0.0451;563.03;1.1283;0.9798;0.1154;0.0322;0.0008;556.2;483.22;56.93;15.555;0.3737;13.198;10.955;3.8883;0.6042;0.142;2.0424;0.1236;1.5802;0;1;0;0;2.3229;0.9909;1;1;0.9351;0.0937;0.9876;0.9883;1;0.9677;0.8923;0.998;0.998;1;0.998;0.998;0.9767;0.9031;0.0834;1.6203;1.5954;0.0096;0.0039;0.0889;0.0105;0.0371;0.0004;0;0;0.088;1.2991;0;0;0;0;0;0;0;0;0;0;0;0;0.0299;0.0063;1.409;1.409;0;40.817;40.817;27.427;0.0493;1375;1024.7;1;0.022;0.022;0;0;0;0;0;0;1.3871;1.2991;0;16.354;18.937;15.078;17.459;98.442;98.442;13.664;11.883;10.955;1.7816;0.9273;0.1304;0.0679;0.8018;12.092;0.7996;0
24/05/21 09:00;24.355;-37.21;46.515;36.816;53.184;-90;-53.184;357.8;91.298;266.5;15.89;4.8501;0;444.72;37.572;73.944;0;12.188;568.42;0;568.42;444.72;73.944;37.572;12.188;0.7824;0.0875;0;0.0214;553.12;15.303;0;0;3.9522;11.351;545.31;6.7017;4.7466;0.7892;1.1317;0.0342;552.01;1.1062;0.8894;0.1479;0.0672;0.0017;547.97;439.08;73.007;32.421;0.8009;128.32;106.5;35.042;4.1017;1.4446;20.779;2.6622;18.122;0;1;0;0;1.5887;0.9731;1;1;0.8948;0.0687;0.9879;0.9893;1;0.9663;0.9591;0.998;0.998;1;0.998;0.998;0.9593;0.8629;0.0657;1.6177;1.6094;0.0097;0.0037;0.1012;0.0105;0.0371;0.0037;0;0;0.088;1.2975;0;0;0;0;0;0;0;0;0;0;0;0;0.0299;0.0064;1.4073;1.4073;0;42.832;42.832;26.942;0.0494;1385.6;1015.7;1;0.0218;0.0218;0;0;0;0;0;0;1.3855;1.2975;0;16.36;18.945;15.084;17.467;98.453;98.453;13.642;11.868;10.942;1.7741;0.9257;0.13;0.0679;0.8021;30.314;0.7807;0
24/05/21 10:00;30.529;-23.017;52.448;56.455;33.545;-90;-33.545;511.1;85.098;426.01;17.61;4.33;0;511.14;28.876;64.311;0;7.2357;611.56;0;611.56;511.14;64.311;28.876;7.2357;0.8358;0.059;0;0.0118;603.61;7.9445;0;0;1.5244;6.4201;592.28;10.127;8.1024;1.0194;0.8831;0.1221;602.41;1.2072;1.0223;0.1286;0.0547;0.0016;594.29;502.01;63.163;26.413;0.6918;263.02;218.31;73.61;0.6447;2.3408;33.671;2.008;35.367;0;1;0;0;1.1965;0.987;1;1;0.9472;0.1127;0.9832;0.9841;1;0.9676;0.85;0.998;0.998;1;0.998;0.998;0.9685;0.9147;0.0956;1.7404;1.7677;0.0106;0.0019;0.1369;0.0113;0.0402;0.0059;0;0;0.088;1.4094;0;0;0;0;0;0;0;0;0;0;0;0;0.0324;0.0076;1.5211;1.5211;0;46.964;46.964;29.353;0.0496;1520.6;1000.3;1;0.0237;0.0237;0;0;0;0;0;0;1.4974;1.4094;0;16.435;19.032;15.229;17.634;98.443;98.443;14.677;12.827;11.886;1.8501;0.9418;0.126;0.0642;0.8098;19.525;0.7777;0
24/05/21 11:00;33.709;-6.8851;55.677;79.813;10.187;-90;-10.187;567.6;95.402;472.19;18.78;3.8101;0;479.76;34.167;61.94;0;0.7605;576.63;0;576.63;479.76;61.94;34.167;0.7605;0.832;0.0606;0;0.0013;575.74;0.8854;0;0;0.2539;0.6315;560.97;13.62;10.815;1.3963;1.3796;0.0289;574.59;1.1515;0.9595;0.1239;0.0678;0.0003;561.11;467.98;60.42;32.466;0.0999;331.39;275.05;91.295;0.0108;2.9913;43.028;0.1437;46.009;0;1;0;0;1.0159;0.9985;1;1;0.9926;0.1697;0.9763;0.9774;1;0.9592;0.7755;0.998;0.998;1;0.998;0.998;0.9728;0.9502;0.1313;1.641;1.6916;0.0102;0.0027;0.1288;0.0108;0.0385;0.0075;0;0;0.088;1.3446;0;0;0;0;0;0;0;0;0;0;0;0;0.031;0.007;1.4551;1.4551;0;46.579;46.579;27.799;0.0496;1454.4;1000.4;1;0.0224;0.0224;0;0;0;0;0;0;1.4326;1.3446;0;16.675;19.309;15.409;17.843;98.459;98.459;13.839;12.271;11.34;1.5683;0.9312;0.1133;0.0673;0.8194;20.49;0.776;0
24/05/21 12:00;33.38;9.9404;55.336;75.319;14.681;90;14.681;544.8;107.6;437.2;19.44;3.48;0;451.95;42.677;66.385;0;1.5119;562.53;0;562.53;451.95;66.385;42.677;1.5119;0.8034;0.0786;0;0.0027;560.68;1.8478;0;0;0.5884;1.2594;546.67;12.885;9.7978;1.4391;1.5916;0.0567;559.56;1.1214;0.9039;0.1328;0.0842;0.0005;547.01;441.25;64.813;40.412;0.1953;314.68;261.19;86.078;0.0515;2.883;41.471;0.3404;44.303;0;1;0;0;1.0325;0.9967;1;1;0.9862;0.167;0.977;0.9783;1;0.9621;0.7751;0.998;0.998;1;0.998;0.998;0.9718;0.9469;0.1292;1.6009;1.6481;0.0099;0.0033;0.1253;0.0106;0.0375;0.0072;0;0;0.088;1.3078;0;0;0;0;0;0;0;0;0;0;0;0;0.0302;0.0066;1.4175;1.4175;0;46.532;46.532;27.092;0.0496;1417.2;1000.2;1;0.0217;0.0217;0;0;0;0;0;0;1.3958;1.3078;0;16.651;19.282;15.363;17.79;98.469;98.469;13.501;11.954;11.029;1.5466;0.9251;0.1146;0.0685;0.8169;25.941;0.7742;0
24/05/21 13:00;29.6;25.783;51.53;52.56;37.44;90;37.44;276.81;229.7;47.107;19.62;3.31;0;59.329;191.28;20.721;0;4.847;276.18;0;276.18;59.329;20.721;191.28;4.847;0.2148;0.7101;0;0.0176;259.75;16.431;0;0;12.032;4.3992;252.24;6.9918;0.8604;0.3005;5.7778;0.0531;259.23;0.5195;0.1187;0.0414;0.3585;0.0009;253.84;58.35;20.379;173.11;0.3938;164.08;136.18;46.191;6.2107;1.82;26.181;1.6051;21.79;0;1;0;0;0.9977;0.9405;1;1;0.9371;0.0924;0.973;0.9855;1;0.9677;0.8812;0.998;0.998;1;0.998;0.998;0.9133;0.905;0.0812;0.786;0.7787;0.0047;0.015;0.0196;0.0052;0.0184;0.0047;0;0;0.088;0.595;0;0;0;0;0;0;0;0;0;0;0;0;0.0148;0.0017;0.6946;0.6946;0;32.028;32.028;12.409;0.0492;666.46;1042.3;1;0.0117;0.0117;0;0;0;0;0;0;0.683;0.595;0;16.62;19.246;14.235;16.484;98.319;98.319;6.6283;5.8579;5.0174;0.7703;0.8406;0.1162;0.1268;0.757;133.36;0.7068;0
24/05/21 14:00;22.959;39.563;45.223;33.629;56.371;90;56.371;403.7;83.003;320.7;19.96;2.7199;0;579.07;24.668;92.542;0;15.311;711.59;0;711.59;579.07;92.542;24.668;15.311;0.8138;0.0562;0;0.0215;694.42;17.175;0;0;2.8329;14.342;685.57;7.4597;5.7441;0.918;0.7499;0.0478;693.03;1.3888;1.1581;0.1851;0.0437;0.0019;688.59;572.17;91.439;21.042;0.9187;116.98;97.097;30.815;3.3069;1.3625;19.599;3.0257;17.655;0;1;0;0;1.7627;0.9759;1;1;0.8852;0.0632;0.9892;0.9901;1;0.9656;0.9506;0.998;0.998;1;0.998;0.998;0.9634;0.853;0.06;2.0251;2.0094;0.0121;-0.0003;0.2067;0.0125;0.0445;0.0033;0;0;0.088;1.5709;0;0;0;0;0;0;0;0;0;0;0;0;0.0358;0.0096;1.6852;1.6852;0;54.123;54.123;34.162;0.0498;1733.2;972.3;1;0.0263;0.0263;0;0;0;0;0;0;1.6589;1.5709;0;15.649;18.121;14.588;16.892;98.44;98.44;17.078;14.211;13.248;2.8668;0.9638;0.1679;0.0564;0.7757;20.6;0.76;0
24/05/21 15:00;14.221;51.136;53.43;18.029;30.615;90;30.615;55.302;54.499;0.8031;18.86;2.03;0;1.9477;50.576;0.3245;0;0.6553;53.504;0;53.504;1.9477;0.3245;50.576;0.6553;0.0364;0.9575;0;0.0122;50.61;2.8937;0;0;2.3177;0.5761;48.889;1.6204;0.0342;0.0057;1.5668;0.0138;50.509;0.1012;0.0039;0.0006;0.0965;0.0002;49.092;1.9096;0.3182;46.595;0.0653;33.483;27.791;9.1929;0.8217;0.3576;5.1441;0.2034;4.68;0;1;0;0;0.9675;0.9459;1;1;0.9542;0.1209;0.9679;0.9824;1;0.9675;0.826;0.998;0.998;1;0.998;0.998;0.9137;0.9213;0.0996;0.1523;0.1508;0.0009;0.0133;-0.0021;0.001;0.0034;0.0009;0;0;0.088;0.0371;0;0;0;0;0;0;0;0;0;0;0;0;0.0028;0.0001;0.1304;0.1304;0;21.283;21.283;2.4227;0.0496;127.39;1023.8;1;0.0053;0.0053;0;0;0;0;0;0;0.1251;0.0371;0;16.108;18.652;4.5807;5.3043;95.912;95.912;1.2841;1.0999;0.3128;0.1842;0.7871;0.1435;0.6129;0.2436;33.478;0.2272;0
24/05/21 16:00;4.7578;60.3;78.395;5.4733;7.902;90;7.902;37.292;36.3;0.9919;18.61;2.43;0;2.4056;35.803;0.7907;0;0.0301;39.029;0;39.029;2.4056;0.7907;35.803;0.0301;0.0616;0.9181;0;0.0008;38.829;0.2005;0;0;0.1754;0.0251;36.397;2.3546;0.6444;0.2118;1.4972;0.0011;38.751;0.0777;0.0048;0.0016;0.0713;0;36.401;1.7564;0.5773;34.059;0.0039;21.369;17.736;5.5358;0.004;0.2159;3.106;0.004;3.3179;0;1;0;0;1.0466;0.9949;1;1;0.9951;0.1675;0.9392;0.7316;1;0.9579;0.7754;0.998;0.998;1;0.998;0.998;0.9325;0.9513;0.1296;0.1111;0.1104;0.0007;0.0116;-0.0019;0.0007;0.0025;0.0005;0;0;0.088;0.0018;0;0;0;0;0;0;0;0;0;0;0;0;0.002;0.0001;0.0942;0.0942;0;20.419;20.419;1.8092;0.0497;92.799;1014.6;1;0.0043;0.0043;0;0;0;0;0;0;0.0898;0.0018;0;15.941;18.459;0.3086;0.3574;95.403;95.403;0.9367;0.794;0.0154;0.1427;0.7786;0.1524;0.8312;0.0164;21.362;0.0155;0
24/05/21 17:00;0;0;90;0;0;90;0;0;0;0;14.38;2.8501;0;0;0;0;0;0;0;0;0;0;0;0;0;1;1;1;1;0;0;0;0;0;0;0;0;0;0;0;0;0;0;0;0;0;0;0;0;0;0;0;0;0;0;0;0;0;0;0;0;0;0;0;1;1;1;1;1;1;1;1;1;1;1;1;1;1;1;1;1;1;1;0;0;0;0;0;0;0;0;0;0.0004;0.088;-0.0884;0;0;0;0;0;0;0;0;0;0;0;0;0;0;0;0;0;0;0;-14.38;0;0;0;0;0.0004;0;0;0;0;0;0;0;-0.0004;-0.0884;0;0;0;0;0;0;0;0;0;-0.7452;0;0.7452;1;1;0;0;0;0
24/05/21 18:00;0;0;90;0;0;90;0;0;0;0;12.1;3.0399;0;0;0;0;0;0;0;0;0;0;0;0;0;1;1;1;1;0;0;0;0;0;0;0;0;0;0;0;0;0;0;0;0;0;0;0;0;0;0;0;0;0;0;0;0;0;0;0;0;0;0;0;1;1;1;1;1;1;1;1;1;1;1;1;1;1;1;1;1;1;1;0;0;0;0;0;0;0;0;0;0.0004;0.088;-0.0884;0;0;0;0;0;0;0;0;0;0;0;0;0;0;0;0;0;0;0;-12.1;0;0;0;0;0.0004;0;0;0;0;0;0;0;-0.0004;-0.0884;0;0;0;0;0;0;0;0;0;-0.7452;0;0.7452;1;1;0;0;0;0
24/05/21 19:00;0;0;90;0;0;90;0;0;0;0;12;3.1199;0;0;0;0;0;0;0;0;0;0;0;0;0;1;1;1;1;0;0;0;0;0;0;0;0;0;0;0;0;0;0;0;0;0;0;0;0;0;0;0;0;0;0;0;0;0;0;0;0;0;0;0;1;1;1;1;1;1;1;1;1;1;1;1;1;1;1;1;1;1;1;0;0;0;0;0;0;0;0;0;0.0004;0.088;-0.0884;0;0;0;0;0;0;0;0;0;0;0;0;0;0;0;0;0;0;0;-12;0;0;0;0;0.0004;0;0;0;0;0;0;0;-0.0004;-0.0884;0;0;0;0;0;0;0;0;0;-0.7452;0;0.7452;1;1;0;0;0;0
24/05/21 20:00;0;0;90;0;0;90;0;0;0;0;12.2;3.22;0;0;0;0;0;0;0;0;0;0;0;0;0;1;1;1;1;0;0;0;0;0;0;0;0;0;0;0;0;0;0;0;0;0;0;0;0;0;0;0;0;0;0;0;0;0;0;0;0;0;0;0;1;1;1;1;1;1;1;1;1;1;1;1;1;1;1;1;1;1;1;0;0;0;0;0;0;0;0;0;0.0004;0.088;-0.0884;0;0;0;0;0;0;0;0;0;0;0;0;0;0;0;0;0;0;0;-12.2;0;0;0;0;0.0004;0;0;0;0;0;0;0;-0.0004;-0.0884;0;0;0;0;0;0;0;0;0;-0.7452;0;0.7452;1;1;0;0;0;0
24/05/21 21:00;0;0;90;0;0;90;0;0;0;0;12.2;3.31;0;0;0;0;0;0;0;0;0;0;0;0;0;1;1;1;1;0;0;0;0;0;0;0;0;0;0;0;0;0;0;0;0;0;0;0;0;0;0;0;0;0;0;0;0;0;0;0;0;0;0;0;1;1;1;1;1;1;1;1;1;1;1;1;1;1;1;1;1;1;1;0;0;0;0;0;0;0;0;0;0.0004;0.088;-0.0884;0;0;0;0;0;0;0;0;0;0;0;0;0;0;0;0;0;0;0;-12.2;0;0;0;0;0.0004;0;0;0;0;0;0;0;-0.0004;-0.0884;0;0;0;0;0;0;0;0;0;-0.7452;0;0.7452;1;1;0;0;0;0
24/05/21 22:00;0;0;90;0;0;90;0;0;0;0;13.1;3.4101;0;0;0;0;0;0;0;0;0;0;0;0;0;1;1;1;1;0;0;0;0;0;0;0;0;0;0;0;0;0;0;0;0;0;0;0;0;0;0;0;0;0;0;0;0;0;0;0;0;0;0;0;1;1;1;1;1;1;1;1;1;1;1;1;1;1;1;1;1;1;1;0;0;0;0;0;0;0;0;0;0.0004;0.088;-0.0884;0;0;0;0;0;0;0;0;0;0;0;0;0;0;0;0;0;0;0;-13.1;0;0;0;0;0.0004;0;0;0;0;0;0;0;-0.0004;-0.0884;0;0;0;0;0;0;0;0;0;-0.7452;0;0.7452;1;1;0;0;0;0
24/05/21 23:00;0;0;90;0;0;90;0;0;0;0;10.27;3.78;0;0;0;0;0;0;0;0;0;0;0;0;0;1;1;1;1;0;0;0;0;0;0;0;0;0;0;0;0;0;0;0;0;0;0;0;0;0;0;0;0;0;0;0;0;0;0;0;0;0;0;0;1;1;1;1;1;1;1;1;1;1;1;1;1;1;1;1;1;1;1;0;0;0;0;0;0;0;0;0;0.0004;0.088;-0.0884;0;0;0;0;0;0;0;0;0;0;0;0;0;0;0;0;0;0;0;-10.27;0;0;0;0;0.0004;0;0;0;0;0;0;0;-0.0004;-0.0884;0;0;0;0;0;0;0;0;0;-0.7452;0;0.7452;1;1;0;0;0;0
25/05/21 00:00;0;0;90;0;0;90;0;0;0;0;9.4303;4.5201;0;0;0;0;0;0;0;0;0;0;0;0;0;1;1;1;1;0;0;0;0;0;0;0;0;0;0;0;0;0;0;0;0;0;0;0;0;0;0;0;0;0;0;0;0;0;0;0;0;0;0;0;1;1;1;1;1;1;1;1;1;1;1;1;1;1;1;1;1;1;1;0;0;0;0;0;0;0;0;0;0.0004;0.088;-0.0884;0;0;0;0;0;0;0;0;0;0;0;0;0;0;0;0;0;0;0;-9.4303;0;0;0;0;0.0004;0;0;0;0;0;0;0;-0.0004;-0.0884;0;0;0;0;0;0;0;0;0;-0.7452;0;0.7452;1;1;0;0;0;0
25/05/21 01:00;0;0;90;0;0;90;0;0;0;0;9.2801;5.1799;0;0;0;0;0;0;0;0;0;0;0;0;0;1;1;1;1;0;0;0;0;0;0;0;0;0;0;0;0;0;0;0;0;0;0;0;0;0;0;0;0;0;0;0;0;0;0;0;0;0;0;0;1;1;1;1;1;1;1;1;1;1;1;1;1;1;1;1;1;1;1;0;0;0;0;0;0;0;0;0;0.0004;0.088;-0.0884;0;0;0;0;0;0;0;0;0;0;0;0;0;0;0;0;0;0;0;-9.2801;0;0;0;0;0.0004;0;0;0;0;0;0;0;-0.0004;-0.0884;0;0;0;0;0;0;0;0;0;-0.7452;0;0.7452;1;1;0;0;0;0
25/05/21 02:00;0;0;90;0;0;90;0;0;0;0;8.9198;5.68;0;0;0;0;0;0;0;0;0;0;0;0;0;1;1;1;1;0;0;0;0;0;0;0;0;0;0;0;0;0;0;0;0;0;0;0;0;0;0;0;0;0;0;0;0;0;0;0;0;0;0;0;1;1;1;1;1;1;1;1;1;1;1;1;1;1;1;1;1;1;1;0;0;0;0;0;0;0;0;0;0.0004;0.088;-0.0884;0;0;0;0;0;0;0;0;0;0;0;0;0;0;0;0;0;0;0;-8.9198;0;0;0;0;0.0004;0;0;0;0;0;0;0;-0.0004;-0.0884;0;0;0;0;0;0;0;0;0;-0.7452;0;0.7452;1;1;0;0;0;0
25/05/21 03:00;0;0;90;0;0;90;0;0;0;0;8.4697;5.44;0;0;0;0;0;0;0;0;0;0;0;0;0;1;1;1;1;0;0;0;0;0;0;0;0;0;0;0;0;0;0;0;0;0;0;0;0;0;0;0;0;0;0;0;0;0;0;0;0;0;0;0;1;1;1;1;1;1;1;1;1;1;1;1;1;1;1;1;1;1;1;0;0;0;0;0;0;0;0;0;0.0004;0.088;-0.0884;0;0;0;0;0;0;0;0;0;0;0;0;0;0;0;0;0;0;0;-8.4697;0;0;0;0;0.0004;0;0;0;0;0;0;0;-0.0004;-0.0884;0;0;0;0;0;0;0;0;0;-0.7452;0;0.7452;1;1;0;0;0;0
25/05/21 04:00;0;0;90;0;0;90;0;0;0;0;8.2802;4.8;0;0;0;0;0;0;0;0;0;0;0;0;0;1;1;1;1;0;0;0;0;0;0;0;0;0;0;0;0;0;0;0;0;0;0;0;0;0;0;0;0;0;0;0;0;0;0;0;0;0;0;0;1;1;1;1;1;1;1;1;1;1;1;1;1;1;1;1;1;1;1;0;0;0;0;0;0;0;0;0;0.0004;0.088;-0.0884;0;0;0;0;0;0;0;0;0;0;0;0;0;0;0;0;0;0;0;-8.2802;0;0;0;0;0.0004;0;0;0;0;0;0;0;-0.0004;-0.0884;0;0;0;0;0;0;0;0;0;-0.7452;0;0.7452;1;1;0;0;0;0
25/05/21 05:00;0;0;90;0;0;90;0;0;0;0;7.5603;4.67;0;0;0;0;0;0;0;0;0;0;0;0;0;1;1;1;1;0;0;0;0;0;0;0;0;0;0;0;0;0;0;0;0;0;0;0;0;0;0;0;0;0;0;0;0;0;0;0;0;0;0;0;1;1;1;1;1;1;1;1;1;1;1;1;1;1;1;1;1;1;1;0;0;0;0;0;0;0;0;0;0.0004;0.088;-0.0884;0;0;0;0;0;0;0;0;0;0;0;0;0;0;0;0;0;0;0;-7.5603;0;0;0;0;0.0004;0;0;0;0;0;0;0;-0.0004;-0.0884;0;0;0;0;0;0;0;0;0;-0.7452;0;0.7452;1;1;0;0;0;0
25/05/21 06:00;0.2923;-63.733;89.291;0.3259;0.4646;-90;-0.4646;0;0;0;7.6301;4.89;0;0;0;0;0;0;0;0;0;0;0;0;0;1;1;1;1;0;0;0;0;0;0;0;0;0;0;0;0;0;0;0;0;0;0;0;0;0;0;0;0;0;0;0;0;0;0;0;0;0;0;0;1;1;1;1;1;1;1;1;1;1;1;1;1;1;1;1;1;1;1;0;0;0;0;0;0;0;0;0;0.0004;0.088;-0.0884;0;0;0;0;0;0;0;0;0;0;0;0;0;0;0;0;0;0;0;-7.6301;0;0;0;0;0.0004;0;0;0;0;0;0;0;-0.0004;-0.0884;0;0;0;0;0;0;0;0;0;-0.7452;0;0.7452;1;1;0;0;0;0
25/05/21 07:00;5.8581;-59.105;75.668;6.8183;9.9158;-90;-9.9158;69.094;22.703;46.391;7.8103;5.85;0;112.51;14.839;18.803;0;0.0877;146.24;0;146.24;112.51;18.803;14.839;0.0877;0.7694;0.1021;0;0.0006;146.06;0.1783;0;0;0.1054;0.0729;119.04;26.732;22.385;3.7411;0.6018;0.0033;145.77;0.2921;0.225;0.0376;0.0295;0;119.04;89.9;15.024;14.102;0.0115;9.1584;7.6015;2.418;0.0042;0.0897;1.291;0.0032;1.3766;0;1;0;0;2.1165;0.9988;1;1;0.9929;0.1696;0.8166;0.8006;1;0.9591;0.7755;0.998;0.998;1;0.998;0.998;0.814;0.9504;0.1313;0.4162;0.3432;0.0021;0.0169;-0.0141;0.0024;0.0084;0.0002;0;0;0.088;0.2243;0;0;0;0;0;0;0;0;0;0;0;0;0.0068;0.0004;0.3201;0.3201;0;13.614;13.614;5.8038;0.0488;292.89;1092.9;1;0.0078;0.0078;0;0;0;0;0;0;0.3123;0.2243;0;14.464;16.749;10.136;11.738;97.571;97.571;3.5097;2.6994;1.8917;0.8103;0.8077;0.2309;0.2301;0.539;8.8931;0.5355;0
25/05/21 08:00;15.798;-49.06;48.68;20.533;37.75;-90;-37.75;241.19;43.098;198.1;14.44;6.71;0;480.44;17.492;57.142;0;4.2912;559.36;0;559.36;480.44;57.142;17.492;4.2912;0.8589;0.0389;0;0.0077;554.37;4.9914;0;0;1.1109;3.8805;546.27;6.9918;5.7352;0.6821;0.5283;0.0463;553.26;1.1087;0.9609;0.1143;0.0328;0.0008;546.39;473.74;56.346;15.82;0.3636;13.312;11.049;3.91;0.5852;0.1424;2.0485;0.121;1.6057;0;1;0;0;2.3191;0.9911;1;1;0.9365;0.0957;0.9874;0.988;1;0.9677;0.8871;0.998;0.998;1;0.998;0.998;0.9766;0.9044;0.0847;1.5919;1.5674;0.0094;0.0043;0.0906;0.0102;0.0363;0.0004;0;0;0.088;1.2714;0;0;0;0;0;0;0;0;0;0;0;0;0.0293;0.0061;1.3808;1.3808;0;41.398;41.398;26.958;0.0493;1350.9;1022.1;1;0.0214;0.0214;0;0;0;0;0;0;1.3594;1.2714;0;16.312;18.889;15.019;17.392;98.447;98.447;13.425;11.645;10.722;1.7802;0.9229;0.1326;0.0687;0.7986;12.226;0.7965;0
25/05/21 09:00;24.191;-37.126;46.66;36.66;53.34;-90;-53.34;403.8;66.599;337.2;16.77;7.5699;0;564.76;20.303;68.96;0;13.83;667.86;0;667.86;564.76;68.96;20.303;13.83;0.8456;0.0511;0;0.0207;652.83;15.026;0;0;2.1448;12.881;644.06;7.4682;6.0757;0.7419;0.6118;0.0388;651.52;1.3057;1.1295;0.1379;0.0363;0.0019;646.87;557.56;68.08;17.51;0.9078;134.76;111.85;36.108;2.2412;1.4281;20.542;2.812;19.729;0;1;0;0;1.6539;0.9775;1;1;0.8944;0.0686;0.9885;0.9892;1;0.9662;0.959;0.998;0.998;1;0.998;0.998;0.9644;0.8624;0.0656;1.9007;1.8919;0.0114;0.0006;0.1581;0.0121;0.0427;0.0035;0;0;0.088;1.5069;0;0;0;0;0;0;0;0;0;0;0;0;0.0344;0.0086;1.6204;1.6204;0;48.727;48.727;31.957;0.0496;1628.9;994.78;1;0.0255;0.0255;0;0;0;0;0;0;1.5949;1.5069;0;16.032;18.565;14.91;17.265;98.428;98.428;16.029;13.665;12.708;2.3639;0.9569;0.1475;0.0597;0.7928;16.409;0.775;0
25/05/21 10:00;30.353;-22.97;52.609;56.32;33.68;-90;-33.68;505.4;84.899;420.5;18.32;8.31;0;505.32;29.15;63.784;0;7.2106;605.46;0;605.46;505.32;63.784;29.15;7.2106;0.8346;0.0601;0;0.0119;597.51;7.9505;0;0;1.5486;6.4019;586.14;10.18;8.1414;1.0277;0.891;0.1202;596.32;1.195;1.0106;0.1276;0.0552;0.0016;588.14;496.17;62.629;26.655;0.6869;259.8;215.64;72.718;0.6598;2.3131;33.273;2.0032;34.926;0;1;0;0;1.198;0.9869;1;1;0.9469;0.1122;0.9829;0.9839;1;0.9677;0.851;0.998;0.998;1;0.998;0.998;0.9681;0.9144;0.0953;1.7231;1.7494;0.0105;0.0021;0.1381;0.0112;0.0397;0.0058;0;0;0.088;1.3913;0;0;0;0;0;0;0;0;0;0;0;0;0.032;0.0074;1.5026;1.5026;0;47.38;47.38;29.06;0.0496;1504.8;998.53;1;0.0233;0.0233;0;0;0;0;0;0;1.4793;1.3913;0;16.399;18.99;15.185;17.583;98.45;98.45;14.531;12.672;11.733;1.8595;0.9385;0.128;0.0646;0.8074;19.73;0.7755;0
25/05/21 11:00;33.528;-6.8886;55.853;79.74;10.26;-90;-10.26;559.9;95.801;464.1;19.47;8.82;0;471.64;35.042;61.46;0;0.761;568.9;0;568.9;471.64;61.46;35.042;0.761;0.829;0.0629;0;0.0013;568.01;0.8955;0;0;0.2636;0.6319;553.17;13.706;10.85;1.4139;1.4133;0.0289;566.87;1.136;0.9433;0.1229;0.0696;0.0003;553.31;459.85;59.923;33.296;0.0999;326.86;271.3;90.037;0.0114;2.9512;42.451;0.1442;45.391;0;1;0;0;1.0161;0.9984;1;1;0.9925;0.1697;0.9758;0.9769;1;0.9593;0.7755;0.998;0.998;1;0.998;0.998;0.9723;0.9502;0.1313;1.6191;1.6681;0.01;0.003;0.129;0.0107;0.0379;0.0074;0;0;0.088;1.3229;0;0;0;0;0;0;0;0;0;0;0;0;0.0305;0.0068;1.4328;1.4328;0;46.891;46.891;27.421;0.0496;1434.3;998.97;1;0.022;0.022;0;0;0;0;0;0;1.4109;1.3229;0;16.643;19.272;15.365;17.793;98.467;98.467;13.654;12.083;11.156;1.5705;0.9274;0.115;0.0679;0.8171;21.019;0.7738;0
25/05/21 12:00;33.206;9.8822;55.517;75.307;14.693;90;14.693;550.9;102.3;448.59;20.4;9.0601;0;463.76;38.7;65.085;0;1.5312;569.08;0;569.08;463.76;65.085;38.7;1.5312;0.8149;0.0707;0;0.0027;567.27;1.8097;0;0;0.5343;1.2755;552.93;13.205;10.264;1.4404;1.443;0.0574;566.13;1.1345;0.9275;0.1302;0.0763;0.0005;553.27;452.57;63.515;36.646;0.1978;318.09;264.01;87.048;0.0469;2.9115;41.881;0.3449;44.746;0;1;0;0;1.033;0.9968;1;1;0.9862;0.167;0.9767;0.9778;1;0.9621;0.7751;0.998;0.998;1;0.998;0.998;0.9716;0.9469;0.1292;1.6195;1.6668;0.01;0.003;0.1345;0.0106;0.0377;0.0072;0;0;0.088;1.3167;0;0;0;0;0;0;0;0;0;0;0;0;0.0304;0.0068;1.4265;1.4265;0;47.83;47.83;27.43;0.0496;1433.3;995.29;1;0.0218;0.0218;0;0;0;0;0;0;1.4047;1.3167;0;16.565;19.181;15.29;17.705;98.473;98.473;13.658;12.03;11.104;1.6277;0.9258;0.1192;0.0678;0.813;23.525;0.7706;0
25/05/21 13:00;29.443;25.681;51.704;52.485;37.515;90;37.515;481.7;109.2;372.51;20.97;9.0701;0;469.63;42.164;78.382;0;8.4678;598.64;0;598.64;469.63;78.382;42.164;8.4678;0.7845;0.0846;0;0.0141;588.29;10.348;0;0;2.6604;7.688;577.67;9.4439;6.9232;1.1555;1.2734;0.0919;587.12;1.1766;0.9393;0.1568;0.079;0.0016;580.09;461.77;77.07;38.151;0.6864;239.24;198.57;66.393;1.3804;2.2172;31.894;2.4149;32.731;0;1;0;0;1.2428;0.9827;1;1;0.9369;0.0921;0.9839;0.9852;1;0.9677;0.8819;0.998;0.998;1;0.998;0.998;0.965;0.9048;0.0811;1.7037;1.7236;0.0104;0.0024;0.1503;0.0109;0.0387;0.0055;0;0;0.088;1.3565;0;0;0;0;0;0;0;0;0;0;0;0;0.0312;0.0072;1.467;1.467;0;49.666;49.666;28.696;0.0497;1482.8;989.36;1;0.0225;0.0225;0;0;0;0;0;0;1.4445;1.3565;0;16.193;18.751;14.974;17.339;98.47;98.47;14.367;12.371;11.44;1.9963;0.9315;0.1389;0.0648;0.7962;29.415;0.7657;0
25/05/21 14:00;22.823;39.435;45.388;33.525;56.475;90;56.475;139.11;135.3;3.8052;20.22;8.74;0;6.8898;104.24;1.8056;0;5.2936;118.23;0;118.23;6.8898;1.8056;104.24;5.2936;0.0583;0.9265;0;0.0448;101.27;16.962;0;0;12.003;4.9587;97.79;3.2739;0.069;0.0181;3.1702;0.0167;101.06;0.2025;0.0138;0.0036;0.1845;0.0007;99.969;6.807;1.7839;88.882;0.3175;88.384;73.359;27.074;14.05;1.5337;22.062;2.1786;9.5459;0;1;0;0;0.8499;0.8565;1;1;0.8849;0.0633;0.9676;0.99;1;0.9656;0.9502;0.998;0.998;1;0.998;0.998;0.8271;0.8527;0.06;0.3365;0.3302;0.002;0.0168;0.0001;0.0022;0.0077;0.004;0;0;0.088;0.1959;0;0;0;0;0;0;0;0;0;0;0;0;0.0062;0.0004;0.2909;0.2909;0;25.044;25.044;4.8235;0.0493;280.48;1037;1;0.0069;0.0069;0;0;0;0;0;0;0.2839;0.1959;0;16.256;18.824;10.951;12.681;97.624;97.624;2.8375;2.4528;1.6524;0.3847;0.8004;0.1356;0.2821;0.5823;87.149;0.511;0
25/05/21 15:00;14.105;50.994;53.77;17.919;30.342;90;30.342;48.993;48.4;0.5932;19.8;7.8001;0;1.4388;45.002;0.2147;0;0.5704;47.226;0;47.226;1.4388;0.2147;45.002;0.5704;0.0305;0.965;0;0.0121;44.692;2.5339;0;0;2.0331;0.5008;43.164;1.4384;0.0262;0.0039;1.3961;0.0122;44.603;0.0894;0.0029;0.0004;0.0859;0.0001;43.341;1.4097;0.2103;41.487;0.0573;29.735;24.68;8.1548;0.7089;0.3168;4.5573;0.1769;4.1653;0;1;0;0;0.9639;0.9463;1;1;0.9548;0.122;0.9677;0.9818;1;0.9674;0.8243;0.998;0.998;1;0.998;0.998;0.914;0.9219;0.1004;0.1344;0.1331;0.0008;0.0126;-0.0015;0.0008;0.003;0.0008;0;0;0.088;0.0212;0;0;0;0;0;0;0;0;0;0;0;0;0.0024;0.0001;0.114;0.114;0;21.944;21.944;2.1435;0.0497;112.28;1015.6;1;0.0048;0.0048;0;0;0;0;0;0;0.1092;0.0212;0;15.956;18.477;2.9659;3.4344;95.756;95.756;1.1334;0.9617;0.1788;0.1717;0.7829;0.1515;0.6908;0.1577;29.732;0.1471;0
25/05/21 16:00;4.658;60.149;78.641;5.3667;7.7441;90;7.7441;1.7972;1.7972;0;19.25;7.59;0;0;1.789;0;0;0.0014;1.7904;1.7904;0;0;0;0;0;1;1;1;1;0;0;0;0;0;0;0;0;0;0;0;0;0;0;0;0;0;0;0;0;0;0;0;0;0;0;0;0;0;0;0;0;0;0;0;0;1;1;1;1;1;1;1;1;1;1;1;1;1;0;0;1;0;0;0;0;0;0;0;0;0;0;0;0.0004;0.088;-0.0884;0;0;0;0;0;0;0;0;0;0;0;0;0;0;0;0;0;0;0;-19.25;0;0;0;0;0.0004;0;0;0;0;0;0;0;-0.0004;-0.0884;0;0;0;0;0;0;0;0;0;-0.7452;0;0.7452;1;1;0;0;0;0
25/05/21 17:00;0;0;90;0;0;90;0;0;0;0;18.71;7.8801;0;0;0;0;0;0;0;0;0;0;0;0;0;1;1;1;1;0;0;0;0;0;0;0;0;0;0;0;0;0;0;0;0;0;0;0;0;0;0;0;0;0;0;0;0;0;0;0;0;0;0;0;1;1;1;1;1;1;1;1;1;1;1;1;1;1;1;1;1;1;1;0;0;0;0;0;0;0;0;0;0.0004;0.088;-0.0884;0;0;0;0;0;0;0;0;0;0;0;0;0;0;0;0;0;0;0;-18.71;0;0;0;0;0.0004;0;0;0;0;0;0;0;-0.0004;-0.0884;0;0;0;0;0;0;0;0;0;-0.7452;0;0.7452;1;1;0;0;0;0
25/05/21 18:00;0;0;90;0;0;90;0;0;0;0;17.07;7.93;0;0;0;0;0;0;0;0;0;0;0;0;0;1;1;1;1;0;0;0;0;0;0;0;0;0;0;0;0;0;0;0;0;0;0;0;0;0;0;0;0;0;0;0;0;0;0;0;0;0;0;0;1;1;1;1;1;1;1;1;1;1;1;1;1;1;1;1;1;1;1;0;0;0;0;0;0;0;0;0;0.0004;0.088;-0.0884;0;0;0;0;0;0;0;0;0;0;0;0;0;0;0;0;0;0;0;-17.07;0;0;0;0;0.0004;0;0;0;0;0;0;0;-0.0004;-0.0884;0;0;0;0;0;0;0;0;0;-0.7452;0;0.7452;1;1;0;0;0;0
25/05/21 19:00;0;0;90;0;0;90;0;0;0;0;15.4;7.8099;0;0;0;0;0;0;0;0;0;0;0;0;0;1;1;1;1;0;0;0;0;0;0;0;0;0;0;0;0;0;0;0;0;0;0;0;0;0;0;0;0;0;0;0;0;0;0;0;0;0;0;0;1;1;1;1;1;1;1;1;1;1;1;1;1;1;1;1;1;1;1;0;0;0;0;0;0;0;0;0;0.0004;0.088;-0.0884;0;0;0;0;0;0;0;0;0;0;0;0;0;0;0;0;0;0;0;-15.4;0;0;0;0;0.0004;0;0;0;0;0;0;0;-0.0004;-0.0884;0;0;0;0;0;0;0;0;0;-0.7452;0;0.7452;1;1;0;0;0;0
25/05/21 20:00;0;0;90;0;0;90;0;0;0;0;14.7;7.0999;0;0;0;0;0;0;0;0;0;0;0;0;0;1;1;1;1;0;0;0;0;0;0;0;0;0;0;0;0;0;0;0;0;0;0;0;0;0;0;0;0;0;0;0;0;0;0;0;0;0;0;0;1;1;1;1;1;1;1;1;1;1;1;1;1;1;1;1;1;1;1;0;0;0;0;0;0;0;0;0;0.0004;0.088;-0.0884;0;0;0;0;0;0;0;0;0;0;0;0;0;0;0;0;0;0;0;-14.7;0;0;0;0;0.0004;0;0;0;0;0;0;0;-0.0004;-0.0884;0;0;0;0;0;0;0;0;0;-0.7452;0;0.7452;1;1;0;0;0;0
25/05/21 21:00;0;0;90;0;0;90;0;0;0;0;13.7;5.9601;0;0;0;0;0;0;0;0;0;0;0;0;0;1;1;1;1;0;0;0;0;0;0;0;0;0;0;0;0;0;0;0;0;0;0;0;0;0;0;0;0;0;0;0;0;0;0;0;0;0;0;0;1;1;1;1;1;1;1;1;1;1;1;1;1;1;1;1;1;1;1;0;0;0;0;0;0;0;0;0;0.0004;0.088;-0.0884;0;0;0;0;0;0;0;0;0;0;0;0;0;0;0;0;0;0;0;-13.7;0;0;0;0;0.0004;0;0;0;0;0;0;0;-0.0004;-0.0884;0;0;0;0;0;0;0;0;0;-0.7452;0;0.7452;1;1;0;0;0;0
25/05/21 22:00;0;0;90;0;0;90;0;0;0;0;13.58;7.2301;0;0;0;0;0;0;0;0;0;0;0;0;0;1;1;1;1;0;0;0;0;0;0;0;0;0;0;0;0;0;0;0;0;0;0;0;0;0;0;0;0;0;0;0;0;0;0;0;0;0;0;0;1;1;1;1;1;1;1;1;1;1;1;1;1;1;1;1;1;1;1;0;0;0;0;0;0;0;0;0;0.0004;0.088;-0.0884;0;0;0;0;0;0;0;0;0;0;0;0;0;0;0;0;0;0;0;-13.58;0;0;0;0;0.0004;0;0;0;0;0;0;0;-0.0004;-0.0884;0;0;0;0;0;0;0;0;0;-0.7452;0;0.7452;1;1;0;0;0;0
25/05/21 23:00;0;0;90;0;0;90;0;0;0;0;12.1;5.0901;0;0;0;0;0;0;0;0;0;0;0;0;0;1;1;1;1;0;0;0;0;0;0;0;0;0;0;0;0;0;0;0;0;0;0;0;0;0;0;0;0;0;0;0;0;0;0;0;0;0;0;0;1;1;1;1;1;1;1;1;1;1;1;1;1;1;1;1;1;1;1;0;0;0;0;0;0;0;0;0;0.0004;0.088;-0.0884;0;0;0;0;0;0;0;0;0;0;0;0;0;0;0;0;0;0;0;-12.1;0;0;0;0;0.0004;0;0;0;0;0;0;0;-0.0004;-0.0884;0;0;0;0;0;0;0;0;0;-0.7452;0;0.7452;1;1;0;0;0;0
26/05/21 00:00;0;0;90;0;0;90;0;0;0;0;11.71;1.8399;0;0;0;0;0;0;0;0;0;0;0;0;0;1;1;1;1;0;0;0;0;0;0;0;0;0;0;0;0;0;0;0;0;0;0;0;0;0;0;0;0;0;0;0;0;0;0;0;0;0;0;0;1;1;1;1;1;1;1;1;1;1;1;1;1;1;1;1;1;1;1;0;0;0;0;0;0;0;0;0;0.0004;0.088;-0.0884;0;0;0;0;0;0;0;0;0;0;0;0;0;0;0;0;0;0;0;-11.71;0;0;0;0;0.0004;0;0;0;0;0;0;0;-0.0004;-0.0884;0;0;0;0;0;0;0;0;0;-0.7452;0;0.7452;1;1;0;0;0;0
26/05/21 01:00;0;0;90;0;0;90;0;0;0;0;10.32;1.8499;0;0;0;0;0;0;0;0;0;0;0;0;0;1;1;1;1;0;0;0;0;0;0;0;0;0;0;0;0;0;0;0;0;0;0;0;0;0;0;0;0;0;0;0;0;0;0;0;0;0;0;0;1;1;1;1;1;1;1;1;1;1;1;1;1;1;1;1;1;1;1;0;0;0;0;0;0;0;0;0;0.0004;0.088;-0.0884;0;0;0;0;0;0;0;0;0;0;0;0;0;0;0;0;0;0;0;-10.32;0;0;0;0;0.0004;0;0;0;0;0;0;0;-0.0004;-0.0884;0;0;0;0;0;0;0;0;0;-0.7452;0;0.7452;1;1;0;0;0;0
26/05/21 02:00;0;0;90;0;0;90;0;0;0;0;10.5;2.3001;0;0;0;0;0;0;0;0;0;0;0;0;0;1;1;1;1;0;0;0;0;0;0;0;0;0;0;0;0;0;0;0;0;0;0;0;0;0;0;0;0;0;0;0;0;0;0;0;0;0;0;0;1;1;1;1;1;1;1;1;1;1;1;1;1;1;1;1;1;1;1;0;0;0;0;0;0;0;0;0;0.0004;0.088;-0.0884;0;0;0;0;0;0;0;0;0;0;0;0;0;0;0;0;0;0;0;-10.5;0;0;0;0;0.0004;0;0;0;0;0;0;0;-0.0004;-0.0884;0;0;0;0;0;0;0;0;0;-0.7452;0;0.7452;1;1;0;0;0;0
26/05/21 03:00;0;0;90;0;0;90;0;0;0;0;9.9003;2.5499;0;0;0;0;0;0;0;0;0;0;0;0;0;1;1;1;1;0;0;0;0;0;0;0;0;0;0;0;0;0;0;0;0;0;0;0;0;0;0;0;0;0;0;0;0;0;0;0;0;0;0;0;1;1;1;1;1;1;1;1;1;1;1;1;1;1;1;1;1;1;1;0;0;0;0;0;0;0;0;0;0.0004;0.088;-0.0884;0;0;0;0;0;0;0;0;0;0;0;0;0;0;0;0;0;0;0;-9.9003;0;0;0;0;0.0004;0;0;0;0;0;0;0;-0.0004;-0.0884;0;0;0;0;0;0;0;0;0;-0.7452;0;0.7452;1;1;0;0;0;0
26/05/21 04:00;0;0;90;0;0;90;0;0;0;0;8.6;2.6;0;0;0;0;0;0;0;0;0;0;0;0;0;1;1;1;1;0;0;0;0;0;0;0;0;0;0;0;0;0;0;0;0;0;0;0;0;0;0;0;0;0;0;0;0;0;0;0;0;0;0;0;1;1;1;1;1;1;1;1;1;1;1;1;1;1;1;1;1;1;1;0;0;0;0;0;0;0;0;0;0.0004;0.088;-0.0884;0;0;0;0;0;0;0;0;0;0;0;0;0;0;0;0;0;0;0;-8.6;0;0;0;0;0.0004;0;0;0;0;0;0;0;-0.0004;-0.0884;0;0;0;0;0;0;0;0;0;-0.7452;0;0.7452;1;1;0;0;0;0
26/05/21 05:00;0;0;90;0;0;90;0;0;0;0;7.0199;2.5401;0;0;0;0;0;0;0;0;0;0;0;0;0;1;1;1;1;0;0;0;0;0;0;0;0;0;0;0;0;0;0;0;0;0;0;0;0;0;0;0;0;0;0;0;0;0;0;0;0;0;0;0;1;1;1;1;1;1;1;1;1;1;1;1;1;1;1;1;1;1;1;0;0;0;0;0;0;0;0;0;0.0004;0.088;-0.0884;0;0;0;0;0;0;0;0;0;0;0;0;0;0;0;0;0;0;0;-7.0199;0;0;0;0;0.0004;0;0;0;0;0;0;0;-0.0004;-0.0884;0;0;0;0;0;0;0;0;0;-0.7452;0;0.7452;1;1;0;0;0;0
26/05/21 06:00;0.1667;-63.611;89.596;0.186;0.2652;-90;-0.2652;0;0;0;8.1799;2.8501;0;0;0;0;0;0;0;0;0;0;0;0;0;1;1;1;1;0;0;0;0;0;0;0;0;0;0;0;0;0;0;0;0;0;0;0;0;0;0;0;0;0;0;0;0;0;0;0;0;0;0;0;1;1;1;1;1;1;1;1;1;1;1;1;1;1;1;1;1;1;1;0;0;0;0;0;0;0;0;0;0.0004;0.088;-0.0884;0;0;0;0;0;0;0;0;0;0;0;0;0;0;0;0;0;0;0;-8.1799;0;0;0;0;0.0004;0;0;0;0;0;0;0;-0.0004;-0.0884;0;0;0;0;0;0;0;0;0;-0.7452;0;0.7452;1;1;0;0;0;0
26/05/21 07:00;5.7262;-58.99;75.996;6.6731;9.6963;-90;-9.6963;26.801;25.903;0.8986;9.0002;3.8;0;2.1793;25.544;0.4252;0;0.0325;28.181;0;28.181;2.1793;0.4252;25.544;0.0325;0.0773;0.9076;0;0.0012;27.979;0.2018;0;0;0.1748;0.027;26.345;1.5776;0.4491;0.0876;1.0396;0.0012;27.923;0.056;0.0044;0.0009;0.0507;0;26.351;1.7258;0.3367;24.279;0.0043;15.306;12.704;3.9723;0.0066;0.1544;2.2215;0.0052;2.3694;0;1;0;0;1.0515;0.9928;1;1;0.9932;0.1695;0.9435;0.7935;1;0.9589;0.7755;0.998;0.998;1;0.998;0.998;0.9349;0.9505;0.1312;0.0802;0.0798;0.0005;0.01;-0.0043;0.0005;0.0018;0.0004;0;0;0.088;-0.0224;0;0;0;0;0;0;0;0;0;0;0;0;0.0015;0.0001;0.0694;0.0694;0;10.305;10.305;1.3045;0.0495;66.465;1044.3;1;0.0038;0.0038;0;0;0;0;0;0;0.0656;-0.0224;0;16.275;18.846;-5.2621;-6.0934;94.454;94.454;0.6763;0.5853;-0.1893;0.091;0.7746;0.1346;1.1452;0;15.301;0;0
26/05/21 08:00;15.652;-48.96;49.131;20.379;37.245;-90;-37.245;142.5;107.6;34.903;9.5001;4.5;0;84.649;87.234;25.373;0;2.4704;199.73;0;199.73;84.649;25.373;87.234;2.4704;0.4238;0.4491;0;0.0124;192.07;7.6544;0;0;5.4254;2.2291;187.68;4.0082;1.0327;0.3096;2.6375;0.0284;191.69;0.3841;0.1693;0.0507;0.1636;0.0005;188.26;83.447;25.013;79.008;0.2125;60.945;50.584;17.238;2.7823;0.7017;10.093;0.5827;8.0127;0;1;0;0;1.4015;0.9617;1;1;0.9378;0.0977;0.9791;0.9878;1;0.9677;0.8822;0.998;0.998;1;0.998;0.998;0.9397;0.9057;0.086;0.5684;0.5589;0.0034;0.0169;-0.0127;0.0039;0.0137;0.0019;0;0;0.088;0.422;0;0;0;0;0;0;0;0;0;0;0;0;0.011;0.001;0.5198;0.5198;0;18.652;18.652;9.1517;0.0488;477.83;1087.9;1;0.0098;0.0098;0;0;0;0;0;0;0.51;0.422;0;17.198;19.915;13.961;16.167;98.108;98.108;4.7935;4.3837;3.5586;0.4098;0.8251;0.0855;0.1721;0.7424;60.722;0.7153;0
26/05/21 09:00;24.032;-37.048;46.798;36.505;53.495;-90;-53.495;159.6;149.8;9.7957;10.37;5.4299;0;16.466;117.3;4.5523;0;5.4956;143.81;0;143.81;16.466;4.5523;117.3;5.4956;0.1145;0.8538;0;0.0382;126.25;17.563;0;0;12.444;5.119;122.22;3.7793;0.1785;0.0493;3.536;0.0155;126;0.2525;0.0329;0.0091;0.2097;0.0008;124.38;16.255;4.4938;101.11;0.3604;98.835;82.033;29.758;13.062;1.5765;22.678;2.1632;11.192;0;1;0;0;0.9011;0.8779;1;1;0.8939;0.0685;0.97;0.9891;1;0.9662;0.9588;0.998;0.998;1;0.998;0.998;0.8498;0.862;0.0656;0.4093;0.4013;0.0024;0.0172;-0.0125;0.0028;0.0098;0.0042;0;0;0.088;0.2728;0;0;0;0;0;0;0;0;0;0;0;0;0.0079;0.0006;0.369;0.369;0;16.341;16.341;5.9711;0.0489;341.19;1081.5;1;0.0082;0.0082;0;0;0;0;0;0;0.3608;0.2728;0;16.954;19.632;12.535;14.515;97.784;97.784;3.4515;3.1117;2.3006;0.3399;0.8111;0.0985;0.235;0.6665;94.955;0.5962;0
26/05/21 10:00;30.182;-22.927;52.764;56.186;33.814;-90;-33.814;207.5;193.7;13.799;10.7;5.84;0;16.608;173.66;4.809;0;2.9834;198.06;0;198.06;16.608;4.809;173.66;2.9834;0.0839;0.8919;0;0.0151;186.12;11.934;0;0;9.2838;2.6504;180.05;5.7051;0.2718;0.0787;5.3054;0.0491;185.75;0.3722;0.0332;0.0096;0.3287;0.0007;181.02;16.303;4.7207;158.74;0.2831;126.67;105.13;35.258;3.9746;1.3779;19.821;0.9722;17.224;0;1;0;0;0.9545;0.9397;1;1;0.9465;0.1116;0.9693;0.9836;1;0.9677;0.8521;0.998;0.998;1;0.998;0.998;0.9091;0.9141;0.0949;0.5637;0.5576;0.0034;0.0169;-0.011;0.0038;0.0136;0.0037;0;0;0.088;0.4175;0;0;0;0;0;0;0;0;0;0;0;0;0.011;0.001;0.5152;0.5152;0;19.489;19.489;8.7886;0.0488;475.97;1082.5;1;0.0097;0.0097;0;0;0;0;0;0;0.5055;0.4175;0;17.19;19.906;13.929;16.13;98.111;98.111;4.7534;4.345;3.5208;0.4084;0.8242;0.0859;0.1734;0.7407;117.66;0.6891;0
26/05/21 11:00;33.354;-6.8949;56.022;79.664;10.336;-90;-10.336;176.69;172.4;4.292;10.68;6.1;0;4.3628;170;1.0282;0;0.2437;175.63;0;175.63;4.3628;1.0282;170;0.2437;0.0248;0.9693;0;0.0014;174.13;1.4968;0;0;1.2944;0.2024;166.8;6.9832;0.1024;0.0241;6.8475;0.0093;173.79;0.3483;0.0087;0.0021;0.3374;0.0001;166.85;4.2518;1.002;161.52;0.032;105.08;87.215;27.337;0.056;1.0566;15.199;0.043;16.2;0;1;0;0;0.994;0.9915;1;1;0.9924;0.1697;0.9598;0.9765;1;0.9593;0.7755;0.998;0.998;1;0.998;0.998;0.9497;0.9501;0.1313;0.4998;0.5078;0.0031;0.0172;-0.0113;0.0035;0.0124;0.0028;0;0;0.088;0.3721;0;0;0;0;0;0;0;0;0;0;0;0;0.01;0.0008;0.4693;0.4693;0;18.823;18.823;8.143;0.0488;433.53;1082.6;1;0.0093;0.0093;0;0;0;0;0;0;0.4601;0.3721;0;17.658;20.448;13.999;16.211;98.029;98.029;4.2151;3.9579;3.1378;0.2572;0.8201;0.061;0.1946;0.7444;101.99;0.6991;0
26/05/21 12:00;33.038;9.8234;55.691;75.301;14.699;90;14.699;199.9;192.8;7.0975;11.88;6.2999;0;7.3377;187.79;1.9502;0;0.5561;197.63;0;197.63;7.3377;1.9502;187.79;0.5561;0.0371;0.953;0;0.0028;194.58;3.0577;0;0;2.5945;0.4632;186.95;7.2317;0.1657;0.044;7.0012;0.0208;194.19;0.3892;0.0147;0.0039;0.3704;0.0002;187.08;7.1573;1.9023;177.82;0.0718;119.33;99.044;31.254;0.2261;1.1969;17.216;0.1218;18.187;0;1;0;0;0.9887;0.9845;1;1;0.9862;0.167;0.9628;0.9774;1;0.9621;0.7751;0.998;0.998;1;0.998;0.998;0.946;0.9469;0.1292;0.5624;0.5697;0.0034;0.0169;-0.0081;0.0039;0.0138;0.0032;0;0;0.088;0.4267;0;0;0;0;0;0;0;0;0;0;0;0;0.0111;0.001;0.5245;0.5245;0;21.015;21.015;9.1346;0.0489;486.7;1077.6;1;0.0098;0.0098;0;0;0;0;0;0;0.5147;0.4267;0;17.535;20.306;14.266;16.52;98.134;98.134;4.7432;4.4228;3.5982;0.3204;0.8246;0.0675;0.1739;0.7586;114.16;0.7122;0
26/05/21 13:00;29.292;25.581;51.874;52.415;37.585;90;37.585;456.09;128.7;327.39;12.82;6.5201;0;413.14;57.336;81.68;0;8.0464;560.2;0;560.2;413.14;81.68;57.336;8.0464;0.7375;0.1167;0;0.0144;549.27;10.936;0;0;3.6282;7.3077;538.94;9.2312;6.1896;1.2237;1.7313;0.0865;548.17;1.0985;0.8263;0.1634;0.1074;0.0015;541.2;406.12;80.293;51.869;0.6508;229.11;190.17;64.224;1.8882;2.1185;30.474;2.2655;30.705;0;1;0;0;1.2283;0.9805;1;1;0.9367;0.0918;0.9832;0.985;1;0.9677;0.8826;0.998;0.998;1;0.998;0.998;0.962;0.9046;0.0809;1.5943;1.6095;0.0097;0.0037;0.0814;0.0106;0.0376;0.0054;0;0;0.088;1.314;0;0;0;0;0;0;0;0;0;0;0;0;0.0303;0.0063;1.4244;1.4244;0;39.373;39.373;26.553;0.0493;1384.5;1028.8;1;0.0223;0.0223;0;0;0;0;0;0;1.402;1.314;0;16.801;19.456;15.5;17.949;98.433;98.433;13.445;12.012;11.082;1.433;0.9304;0.1066;0.0692;0.8242;40.022;0.792;0
26/05/21 14:00;22.692;39.309;45.549;33.427;56.573;90;56.573;130.61;127.5;3.1106;12.75;6.5201;0;5.6467;98.267;1.4026;0;4.9861;110.3;0;110.3;5.6467;1.4026;98.267;4.9861;0.0512;0.9361;0;0.0452;94.288;16.014;0;0;11.344;4.6706;91.023;3.0767;0.0571;0.0142;2.9896;0.0158;94.1;0.1886;0.0113;0.0028;0.1738;0.0006;93.057;5.5783;1.3856;83.76;0.299;83.237;69.086;25.667;13.327;1.4396;20.708;2.0344;8.8205;0;1;0;0;0.8445;0.8548;1;1;0.8846;0.0633;0.9673;0.9899;1;0.9655;0.9498;0.998;0.998;1;0.998;0.998;0.8252;0.8524;0.06;0.3139;0.3077;0.0019;0.0166;-0.0087;0.0021;0.0074;0.0038;0;0;0.088;0.1833;0;0;0;0;0;0;0;0;0;0;0;0;0.006;0.0004;0.2783;0.2783;0;17.214;17.214;4.4634;0.049;260.95;1066.7;1;0.0071;0.0071;0;0;0;0;0;0;0.2713;0.1833;0;16.675;19.31;10.979;12.713;97.454;97.454;2.6473;2.3474;1.5455;0.2999;0.8019;0.1133;0.3029;0.5838;82.246;0.5119;0
26/05/21 15:00;13.994;50.854;54.092;17.815;30.086;90;30.086;106.09;101.4;4.69;13;5.36;0;11.374;93.193;3.5847;0;1.215;109.37;0;109.37;11.374;3.5847;93.193;1.215;0.104;0.8632;0;0.0111;104.15;5.2191;0;0;4.1538;1.0654;100.74;3.2037;0.2144;0.0676;2.8952;0.0265;103.94;0.2083;0.0227;0.0072;0.1781;0.0003;101.1;11.137;3.51;85.966;0.1228;61.491;51.038;16.834;1.4255;0.6545;9.4146;0.3591;8.6436;0;1;0;0;1.0309;0.9523;1;1;0.9554;0.1231;0.9692;0.9811;1;0.9674;0.8227;0.998;0.998;1;0.998;0.998;0.9211;0.9225;0.1011;0.3113;0.3081;0.0019;0.0166;-0.0079;0.0021;0.0074;0.0017;0;0;0.088;0.1849;0;0;0;0;0;0;0;0;0;0;0;0;0.006;0.0004;0.28;0.28;0;17.938;17.938;4.9376;0.049;262.27;1067.7;1;0.0071;0.0071;0;0;0;0;0;0;0.2729;0.1849;0;16.919;19.592;11.173;12.938;97.462;97.462;2.6248;2.3615;1.5594;0.2633;0.8021;0.1003;0.3056;0.5941;61.461;0.5581;0
26/05/21 16:00;4.7403;59.849;78.438;5.4778;7.9086;90;7.9086;19.105;18.898;0.2068;12.1;4.0601;0;0.5015;18.773;0.0862;0;0.0154;19.376;0;19.376;0.5015;0.0862;18.773;0.0154;0.0259;0.9697;0;0.0008;19.271;0.105;0;0;0.0921;0.0129;18.289;0.9438;0.135;0.0232;0.785;0.0006;19.232;0.0385;0.001;0.0002;0.0374;0;18.291;0.3655;0.0628;17.858;0.002;11.203;9.2981;2.9018;0.0021;0.1132;1.6286;0.0021;1.7397;0;1;0;0;1.0142;0.9946;1;1;0.9951;0.1675;0.9509;0.7303;1;0.9579;0.7754;0.998;0.998;1;0.998;0.998;0.9439;0.9513;0.1296;0.0551;0.0556;0.0003;0.0083;-0.0024;0.0003;0.0012;0.0003;0;0;0.088;-0.0446;0;0;0;0;0;0;0;0;0;0;0;0;0.001;0;0.0465;0.0465;0;13.013;13.013;0.913;0.0499;45.766;1015.9;1;0.0031;0.0031;0;0;0;0;0;0;0.0434;-0.0446;0;15.855;18.36;-15.223;-17.628;93.271;93.271;0.465;0.3921;-0.3764;0.073;0.7685;0.1569;1.6526;0;11.201;0;0
26/05/21 17:00;0;0;90;0;0;90;0;0;0;0;11.1;3.9801;0;0;0;0;0;0;0;0;0;0;0;0;0;1;1;1;1;0;0;0;0;0;0;0;0;0;0;0;0;0;0;0;0;0;0;0;0;0;0;0;0;0;0;0;0;0;0;0;0;0;0;0;1;1;1;1;1;1;1;1;1;1;1;1;1;1;1;1;1;1;1;0;0;0;0;0;0;0;0;0;0.0004;0.088;-0.0884;0;0;0;0;0;0;0;0;0;0;0;0;0;0;0;0;0;0;0;-11.1;0;0;0;0;0.0004;0;0;0;0;0;0;0;-0.0004;-0.0884;0;0;0;0;0;0;0;0;0;-0.7452;0;0.7452;1;1;0;0;0;0
26/05/21 18:00;0;0;90;0;0;90;0;0;0;0;10.53;3.8;0;0;0;0;0;0;0;0;0;0;0;0;0;1;1;1;1;0;0;0;0;0;0;0;0;0;0;0;0;0;0;0;0;0;0;0;0;0;0;0;0;0;0;0;0;0;0;0;0;0;0;0;1;1;1;1;1;1;1;1;1;1;1;1;1;1;1;1;1;1;1;0;0;0;0;0;0;0;0;0;0.0004;0.088;-0.0884;0;0;0;0;0;0;0;0;0;0;0;0;0;0;0;0;0;0;0;-10.53;0;0;0;0;0.0004;0;0;0;0;0;0;0;-0.0004;-0.0884;0;0;0;0;0;0;0;0;0;-0.7452;0;0.7452;1;1;0;0;0;0
26/05/21 19:00;0;0;90;0;0;90;0;0;0;0;9.9501;3.5001;0;0;0;0;0;0;0;0;0;0;0;0;0;1;1;1;1;0;0;0;0;0;0;0;0;0;0;0;0;0;0;0;0;0;0;0;0;0;0;0;0;0;0;0;0;0;0;0;0;0;0;0;1;1;1;1;1;1;1;1;1;1;1;1;1;1;1;1;1;1;1;0;0;0;0;0;0;0;0;0;0.0004;0.088;-0.0884;0;0;0;0;0;0;0;0;0;0;0;0;0;0;0;0;0;0;0;-9.9501;0;0;0;0;0.0004;0;0;0;0;0;0;0;-0.0004;-0.0884;0;0;0;0;0;0;0;0;0;-0.7452;0;0.7452;1;1;0;0;0;0
26/05/21 20:00;0;0;90;0;0;90;0;0;0;0;8.2603;3.37;0;0;0;0;0;0;0;0;0;0;0;0;0;1;1;1;1;0;0;0;0;0;0;0;0;0;0;0;0;0;0;0;0;0;0;0;0;0;0;0;0;0;0;0;0;0;0;0;0;0;0;0;1;1;1;1;1;1;1;1;1;1;1;1;1;1;1;1;1;1;1;0;0;0;0;0;0;0;0;0;0.0004;0.088;-0.0884;0;0;0;0;0;0;0;0;0;0;0;0;0;0;0;0;0;0;0;-8.2603;0;0;0;0;0.0004;0;0;0;0;0;0;0;-0.0004;-0.0884;0;0;0;0;0;0;0;0;0;-0.7452;0;0.7452;1;1;0;0;0;0
26/05/21 21:00;0;0;90;0;0;90;0;0;0;0;6.5299;3.07;0;0;0;0;0;0;0;0;0;0;0;0;0;1;1;1;1;0;0;0;0;0;0;0;0;0;0;0;0;0;0;0;0;0;0;0;0;0;0;0;0;0;0;0;0;0;0;0;0;0;0;0;1;1;1;1;1;1;1;1;1;1;1;1;1;1;1;1;1;1;1;0;0;0;0;0;0;0;0;0;0.0004;0.088;-0.0884;0;0;0;0;0;0;0;0;0;0;0;0;0;0;0;0;0;0;0;-6.5299;0;0;0;0;0.0004;0;0;0;0;0;0;0;-0.0004;-0.0884;0;0;0;0;0;0;0;0;0;-0.7452;0;0.7452;1;1;0;0;0;0
26/05/21 22:00;0;0;90;0;0;90;0;0;0;0;6.1497;2.99;0;0;0;0;0;0;0;0;0;0;0;0;0;1;1;1;1;0;0;0;0;0;0;0;0;0;0;0;0;0;0;0;0;0;0;0;0;0;0;0;0;0;0;0;0;0;0;0;0;0;0;0;1;1;1;1;1;1;1;1;1;1;1;1;1;1;1;1;1;1;1;0;0;0;0;0;0;0;0;0;0.0004;0.088;-0.0884;0;0;0;0;0;0;0;0;0;0;0;0;0;0;0;0;0;0;0;-6.1497;0;0;0;0;0.0004;0;0;0;0;0;0;0;-0.0004;-0.0884;0;0;0;0;0;0;0;0;0;-0.7452;0;0.7452;1;1;0;0;0;0
26/05/21 23:00;0;0;90;0;0;90;0;0;0;0;5.6498;3.1899;0;0;0;0;0;0;0;0;0;0;0;0;0;1;1;1;1;0;0;0;0;0;0;0;0;0;0;0;0;0;0;0;0;0;0;0;0;0;0;0;0;0;0;0;0;0;0;0;0;0;0;0;1;1;1;1;1;1;1;1;1;1;1;1;1;1;1;1;1;1;1;0;0;0;0;0;0;0;0;0;0.0004;0.088;-0.0884;0;0;0;0;0;0;0;0;0;0;0;0;0;0;0;0;0;0;0;-5.6498;0;0;0;0;0.0004;0;0;0;0;0;0;0;-0.0004;-0.0884;0;0;0;0;0;0;0;0;0;-0.7452;0;0.7452;1;1;0;0;0;0
27/05/21 00:00;0;0;90;0;0;90;0;0;0;0;5.6398;3.23;0;0;0;0;0;0;0;0;0;0;0;0;0;1;1;1;1;0;0;0;0;0;0;0;0;0;0;0;0;0;0;0;0;0;0;0;0;0;0;0;0;0;0;0;0;0;0;0;0;0;0;0;1;1;1;1;1;1;1;1;1;1;1;1;1;1;1;1;1;1;1;0;0;0;0;0;0;0;0;0;0.0004;0.088;-0.0884;0;0;0;0;0;0;0;0;0;0;0;0;0;0;0;0;0;0;0;-5.6398;0;0;0;0;0.0004;0;0;0;0;0;0;0;-0.0004;-0.0884;0;0;0;0;0;0;0;0;0;-0.7452;0;0.7452;1;1;0;0;0;0
27/05/21 01:00;0;0;90;0;0;90;0;0;0;0;4.1999;3.13;0;0;0;0;0;0;0;0;0;0;0;0;0;1;1;1;1;0;0;0;0;0;0;0;0;0;0;0;0;0;0;0;0;0;0;0;0;0;0;0;0;0;0;0;0;0;0;0;0;0;0;0;1;1;1;1;1;1;1;1;1;1;1;1;1;1;1;1;1;1;1;0;0;0;0;0;0;0;0;0;0.0004;0.088;-0.0884;0;0;0;0;0;0;0;0;0;0;0;0;0;0;0;0;0;0;0;-4.1999;0;0;0;0;0.0004;0;0;0;0;0;0;0;-0.0004;-0.0884;0;0;0;0;0;0;0;0;0;-0.7452;0;0.7452;1;1;0;0;0;0
27/05/21 02:00;0;0;90;0;0;90;0;0;0;0;3.47;2.9499;0;0;0;0;0;0;0;0;0;0;0;0;0;1;1;1;1;0;0;0;0;0;0;0;0;0;0;0;0;0;0;0;0;0;0;0;0;0;0;0;0;0;0;0;0;0;0;0;0;0;0;0;1;1;1;1;1;1;1;1;1;1;1;1;1;1;1;1;1;1;1;0;0;0;0;0;0;0;0;0;0.0004;0.088;-0.0884;0;0;0;0;0;0;0;0;0;0;0;0;0;0;0;0;0;0;0;-3.47;0;0;0;0;0.0004;0;0;0;0;0;0;0;-0.0004;-0.0884;0;0;0;0;0;0;0;0;0;-0.7452;0;0.7452;1;1;0;0;0;0
27/05/21 03:00;0;0;90;0;0;90;0;0;0;0;2.5998;2.66;0;0;0;0;0;0;0;0;0;0;0;0;0;1;1;1;1;0;0;0;0;0;0;0;0;0;0;0;0;0;0;0;0;0;0;0;0;0;0;0;0;0;0;0;0;0;0;0;0;0;0;0;1;1;1;1;1;1;1;1;1;1;1;1;1;1;1;1;1;1;1;0;0;0;0;0;0;0;0;0;0.0004;0.088;-0.0884;0;0;0;0;0;0;0;0;0;0;0;0;0;0;0;0;0;0;0;-2.5998;0;0;0;0;0.0004;0;0;0;0;0;0;0;-0.0004;-0.0884;0;0;0;0;0;0;0;0;0;-0.7452;0;0.7452;1;1;0;0;0;0
27/05/21 04:00;0;0;90;0;0;90;0;0;0;0;2.7002;2.4601;0;0;0;0;0;0;0;0;0;0;0;0;0;1;1;1;1;0;0;0;0;0;0;0;0;0;0;0;0;0;0;0;0;0;0;0;0;0;0;0;0;0;0;0;0;0;0;0;0;0;0;0;1;1;1;1;1;1;1;1;1;1;1;1;1;1;1;1;1;1;1;0;0;0;0;0;0;0;0;0;0.0004;0.088;-0.0884;0;0;0;0;0;0;0;0;0;0;0;0;0;0;0;0;0;0;0;-2.7002;0;0;0;0;0.0004;0;0;0;0;0;0;0;-0.0004;-0.0884;0;0;0;0;0;0;0;0;0;-0.7452;0;0.7452;1;1;0;0;0;0
27/05/21 05:00;0;0;90;0;0;90;0;0;0;0;2.9003;2.36;0;0;0;0;0;0;0;0;0;0;0;0;0;1;1;1;1;0;0;0;0;0;0;0;0;0;0;0;0;0;0;0;0;0;0;0;0;0;0;0;0;0;0;0;0;0;0;0;0;0;0;0;1;1;1;1;1;1;1;1;1;1;1;1;1;1;1;1;1;1;1;0;0;0;0;0;0;0;0;0;0.0004;0.088;-0.0884;0;0;0;0;0;0;0;0;0;0;0;0;0;0;0;0;0;0;0;-2.9003;0;0;0;0;0.0004;0;0;0;0;0;0;0;-0.0004;-0.0884;0;0;0;0;0;0;0;0;0;-0.7452;0;0.7452;1;1;0;0;0;0
27/05/21 06:00;0.2264;-63.351;89.451;0.2533;0.361;-90;-0.361;0;0;0;1.9098;2.35;0;0;0;0;0;0;0;0;0;0;0;0;0;1;1;1;1;0;0;0;0;0;0;0;0;0;0;0;0;0;0;0;0;0;0;0;0;0;0;0;0;0;0;0;0;0;0;0;0;0;0;0;1;1;1;1;1;1;1;1;1;1;1;1;1;1;1;1;1;1;1;0;0;0;0;0;0;0;0;0;0.0004;0.088;-0.0884;0;0;0;0;0;0;0;0;0;0;0;0;0;0;0;0;0;0;0;-1.9098;0;0;0;0;0.0004;0;0;0;0;0;0;0;-0.0004;-0.0884;0;0;0;0;0;0;0;0;0;-0.7452;0;0.7452;1;1;0;0;0;0
27/05/21 07:00;5.5971;-58.881;76.317;6.5304;9.481;-90;-9.481;62.491;27.399;35.092;3.0798;2.91;0;85.108;19.851;17.975;0;0.0726;123.01;0;123.01;85.108;17.975;19.851;0.0726;0.6919;0.162;0;0.0006;122.82;0.1911;0;0;0.1309;0.0603;99.764;22.805;18.157;3.8349;0.8107;0.0028;122.57;0.2456;0.1702;0.036;0.0394;0;99.768;66.78;14.104;18.87;0.0095;12.093;10.037;3.1693;0.0047;0.12;1.7258;0.0038;1.8411;0;1;0;0;1.9684;0.9984;1;1;0.9934;0.1695;0.8139;0.7862;1;0.9588;0.7756;0.998;0.998;1;0.998;0.998;0.811;0.9506;0.1312;0.3501;0.2889;0.0017;0.0164;-0.0178;0.002;0.0072;0.0003;0;0;0.088;0.1775;0;0;0;0;0;0;0;0;0;0;0;0;0.0058;0.0003;0.273;0.273;0;7.9292;7.9292;4.8494;0.0486;245.86;1110.3;1;0.0075;0.0075;0;0;0;0;0;0;0.2655;0.1775;0;14.665;16.982;9.5356;11.042;97.258;97.258;2.9522;2.3022;1.4969;0.65;0.8052;0.2202;0.2728;0.5071;11.885;0.5018;0
27/05/21 08:00;15.51;-48.865;49.568;20.227;36.758;-90;-36.758;234.71;42.799;191.91;5.8997;3.0299;0;465.44;17.747;56.005;0;3.9667;543.15;0;543.15;465.44;56.005;17.747;3.9667;0.8569;0.04;0;0.0073;538.5;4.653;0;0;1.0814;3.5717;530.34;7.0802;5.7972;0.6976;0.5372;0.0482;537.42;1.077;0.9309;0.112;0.0333;0.0008;530.49;458.71;55.195;16.095;0.346;13.358;11.087;3.5751;0.5419;0.1626;2.3389;0.1446;1.9596;0;1;0;0;2.3142;0.9914;1;1;0.9391;0.0996;0.9868;0.9875;1;0.9677;0.8776;0.998;0.998;1;0.998;0.998;0.9764;0.9069;0.0872;1.5458;1.5225;0.0092;0.0048;0.0367;0.0103;0.0365;0.0004;0;0;0.088;1.2791;0;0;0;0;0;0;0;0;0;0;0;0;0.0294;0.0057;1.3893;1.3893;0;31.87;31.87;25.971;0.049;1310.6;1060.1;1;0.0222;0.0222;0;0;0;0;0;0;1.3671;1.2791;0;16.902;19.573;15.561;18.02;98.401;98.401;13.036;11.716;10.787;1.3194;0.9295;0.1012;0.0713;0.8275;12.305;0.8248;0
27/05/21 09:00;23.877;-36.975;46.931;36.352;53.649;-90;-53.649;367.8;75.899;291.9;8.3002;4.8699;0;492.46;27.672;69.424;0;12.732;602.29;0;602.29;492.46;69.424;27.672;12.732;0.8176;0.0671;0;0.0211;587.48;14.808;0;0;2.9478;11.86;579.3;7.0041;5.3758;0.7579;0.8345;0.036;586.3;1.175;0.9849;0.1388;0.0494;0.0017;582.11;486.1;68.528;23.841;0.8341;124.94;103.7;32.745;3.1155;1.439;20.699;2.8131;19.023;0;1;0;0;1.6376;0.9754;1;1;0.8935;0.0685;0.9881;0.9891;1;0.9662;0.9587;0.998;0.998;1;0.998;0.998;0.9618;0.8615;0.0655;1.7141;1.7069;0.0103;0.0026;0.0704;0.0114;0.0403;0.0037;0;0;0.088;1.4162;0;0;0;0;0;0;0;0;0;0;0;0;0.0325;0.0071;1.5287;1.5287;0;36.773;36.773;28.473;0.0492;1468.8;1040.8;1;0.0245;0.0245;0;0;0;0;0;0;1.5042;1.4162;0;16.772;19.422;15.537;17.992;98.395;98.395;14.455;12.892;11.943;1.5632;0.9491;0.1081;0.0657;0.8262;22.438;0.8055;0
27/05/21 10:00;30.016;-22.888;52.912;56.051;33.949;-90;-33.949;488.7;86.702;402;10.18;5.3301;0;484.6;31.395;63.145;0;7.0809;586.22;0;586.22;484.6;63.145;31.395;7.0809;0.8267;0.0656;0;0.0121;578.24;7.9835;0;0;1.6889;6.2946;566.91;10.177;8.0537;1.0494;0.9587;0.1152;577.08;1.1565;0.9692;0.1263;0.0594;0.0016;568.88;475.58;61.97;28.688;0.6695;250.93;208.27;70.247;0.7301;2.2392;32.21;1.9732;33.719;0;1;0;0;1.1996;0.9864;1;1;0.9462;0.111;0.9824;0.9833;1;0.9677;0.8532;0.998;0.998;1;0.998;0.998;0.967;0.9138;0.0945;1.6683;1.6921;0.0102;0.0027;0.0776;0.0112;0.0398;0.0058;0;0;0.088;1.3938;0;0;0;0;0;0;0;0;0;0;0;0;0.032;0.007;1.5058;1.5058;0;38.076;38.076;27.896;0.0492;1455.3;1034.7;1;0.024;0.024;0;0;0;0;0;0;1.4818;1.3938;0;16.974;19.655;15.711;18.193;98.407;98.407;14.069;12.699;11.754;1.3706;0.9445;0.0974;0.0671;0.8355;21.293;0.8024;0
27/05/21 11:00;33.185;-6.9039;56.185;79.585;10.415;-90;-10.415;556.7;94.398;462.3;11.14;5.5701;0;470.04;34.17;60.948;0;0.7796;565.94;0;565.94;470.04;60.948;34.17;0.7796;0.8306;0.0618;0;0.0014;565.03;0.9108;0;0;0.2635;0.6473;549.8;14.1;11.238;1.4572;1.3746;0.0296;563.9;1.1301;0.9401;0.1219;0.0678;0.0003;549.95;457.86;59.369;32.464;0.1024;324.88;269.65;89.503;0.0118;2.9325;42.183;0.1488;45.104;0;1;0;0;1.0166;0.9984;1;1;0.9923;0.1697;0.975;0.976;1;0.9594;0.7755;0.998;0.998;1;0.998;0.998;0.9715;0.9501;0.1313;1.6106;1.6579;0.01;0.0031;0.0769;0.011;0.0389;0.0076;0;0;0.088;1.3611;0;0;0;0;0;0;0;0;0;0;0;0;0.0314;0.0067;1.4724;1.4724;0;38.2;38.2;27.06;0.0492;1425;1033.3;1;0.0233;0.0233;0;0;0;0;0;0;1.4491;1.3611;0;17.192;19.908;15.892;18.403;98.416;98.416;13.583;12.417;11.478;1.1654;0.9388;0.0858;0.0691;0.8451;20.504;0.8004;0
27/05/21 12:00;32.877;9.7638;55.86;75.299;14.702;90;14.702;186.4;181.2;5.2002;11.76;5.8299;0;5.3762;176.95;1.3492;0;0.5187;184.19;0;184.19;5.3762;1.3492;176.95;0.5187;0.0292;0.9635;0;0.0028;181.32;2.8774;0;0;2.4453;0.4321;174.18;6.7711;0.1238;0.0311;6.5968;0.0194;180.95;0.3626;0.0108;0.0027;0.349;0.0002;174.3;5.2416;1.3154;167.56;0.067;111.31;92.39;29.141;0.2132;1.1175;16.075;0.1136;16.98;0;1;0;0;0.9882;0.9844;1;1;0.9862;0.167;0.9626;0.9769;1;0.9621;0.7751;0.998;0.998;1;0.998;0.998;0.9456;0.9469;0.1292;0.5242;0.5309;0.0032;0.0171;-0.009;0.0036;0.0129;0.003;0;0;0.088;0.3914;0;0;0;0;0;0;0;0;0;0;0;0;0.0104;0.0009;0.4888;0.4888;0;20.271;20.271;8.5103;0.0489;453.37;1078.2;1;0.0094;0.0094;0;0;0;0;0;0;0.4794;0.3914;0;17.536;20.306;14.041;16.26;98.074;98.074;4.4206;4.1222;3.3007;0.2985;0.8215;0.0675;0.1858;0.7467;107.57;0.7009;0
27/05/21 13:00;29.147;25.482;52.038;52.351;37.65;90;37.65;118.11;116.2;1.9031;13.2;6.02;0;2.4036;103.8;0.4312;0;2.0905;108.72;0;108.72;2.4036;0.4312;103.8;2.0905;0.0221;0.9739;0;0.0192;100.24;8.4849;0;0;6.5858;1.8991;96.839;3.1993;0.0366;0.0066;3.1339;0.0223;100.04;0.2005;0.0048;0.0009;0.1944;0.0004;97.552;2.3622;0.4237;93.884;0.1687;73.574;61.066;20.954;3.4353;0.8427;12.122;0.7132;9.5297;0;1;0;0;0.9206;0.922;1;1;0.9366;0.0916;0.968;0.9847;1;0.9677;0.8833;0.998;0.998;1;0.998;0.998;0.8907;0.9045;0.0807;0.3094;0.3034;0.0018;0.0166;-0.0078;0.002;0.0073;0.0022;0;0;0.088;0.18;0;0;0;0;0;0;0;0;0;0;0;0;0.0059;0.0004;0.275;0.275;0;17.949;17.949;4.7485;0.049;257.99;1066;1;0.0071;0.0071;0;0;0;0;0;0;0.268;0.18;0;16.715;19.356;10.938;12.666;97.434;97.434;2.6094;2.3193;1.5177;0.2901;0.8016;0.1112;0.3072;0.5816;72.493;0.5368;0
27/05/21 14:00;22.567;39.186;45.705;33.335;56.665;90;56.665;73.899;72.998;0.901;12.98;6;0;1.6396;56.457;0.2345;0;2.8296;61.16;0;61.16;1.6396;0.2345;56.457;2.8296;0.0268;0.9694;0;0.0463;51.977;9.1832;0;0;6.5327;2.6506;50.127;1.7463;0.0167;0.0024;1.7182;0.009;51.873;0.104;0.0033;0.0005;0.0998;0.0004;51.301;1.6196;0.2316;48.106;0.1697;47.562;39.476;14.64;7.7008;0.8299;11.937;1.1741;5.0664;0;1;0;0;0.8276;0.8498;1;1;0.8843;0.0633;0.9663;0.9898;1;0.9655;0.9494;0.998;0.998;1;0.998;0.998;0.8196;0.8521;0.06;0.1741;0.1707;0.001;0.0139;-0.006;0.0011;0.004;0.0021;0;0;0.088;0.057;0;0;0;0;0;0;0;0;0;0;0;0;0.0032;0.0002;0.151;0.151;0;15.451;15.451;2.471;0.0493;143.8;1050.2;1;0.006;0.006;0;0;0;0;0;0;0.145;0.057;0;16.315;18.893;6.1584;7.1313;96.02;96.02;1.4678;1.2735;0.4807;0.1944;0.7928;0.1324;0.5401;0.3275;47.301;0.2857;0
27/05/21 15:00;13.889;50.718;54.397;17.716;29.846;90;29.846;31.392;31.197;0.1946;12.9;4.7899;0;0.472;29.111;0.0461;0;0.3539;29.983;0;29.983;0.472;0.0461;29.111;0.3539;0.0157;0.9827;0;0.0118;28.392;1.5911;0;0;1.2811;0.31;27.411;0.9235;0.0092;0.0009;0.9056;0.0078;28.335;0.0568;0.0009;0.0001;0.0557;0.0001;27.521;0.4619;0.0451;26.868;0.036;19.168;15.909;5.2461;0.4331;0.2034;2.9254;0.1097;2.6957;0;1;0;0;0.9551;0.9469;1;1;0.956;0.1241;0.9674;0.9805;1;0.9674;0.8212;0.998;0.998;1;0.998;0.998;0.9142;0.923;0.1017;0.0853;0.0846;0.0005;0.0102;-0.0033;0.0005;0.0019;0.0005;0;0;0.088;-0.0193;0;0;0;0;0;0;0;0;0;0;0;0;0.0015;0.0001;0.0726;0.0726;0;14.261;14.261;1.361;0.0496;70.566;1028.8;1;0.0039;0.0039;0;0;0;0;0;0;0.0687;-0.0193;0;16;18.528;-4.2443;-4.9148;94.687;94.687;0.7196;0.6122;-0.1624;0.1073;0.7746;0.1492;1.0765;0;19.167;0;0
27/05/21 16:00;4.6506;59.706;78.659;5.3821;7.7669;90;7.7669;3.5944;3.5944;0;12.4;3.63;0;0;3.5779;0;0;0.0028;3.5807;3.5807;0;0;0;0;0;1;1;1;1;0;0;0;0;0;0;0;0;0;0;0;0;0;0;0;0;0;0;0;0;0;0;0;0;0;0;0;0;0;0;0;0;0;0;0;0;1;1;1;1;1;1;1;1;1;1;1;1;1;0;0;1;0;0;0;0;0;0;0;0;0;0;0;0.0004;0.088;-0.0884;0;0;0;0;0;0;0;0;0;0;0;0;0;0;0;0;0;0;0;-12.4;0;0;0;0;0.0004;0;0;0;0;0;0;0;-0.0004;-0.0884;0;0;0;0;0;0;0;0;0;-0.7452;0;0.7452;1;1;0;0;0;0
27/05/21 17:00;0;0;90;0;0;90;0;0;0;0;11.3;3.7499;0;0;0;0;0;0;0;0;0;0;0;0;0;1;1;1;1;0;0;0;0;0;0;0;0;0;0;0;0;0;0;0;0;0;0;0;0;0;0;0;0;0;0;0;0;0;0;0;0;0;0;0;1;1;1;1;1;1;1;1;1;1;1;1;1;1;1;1;1;1;1;0;0;0;0;0;0;0;0;0;0.0004;0.088;-0.0884;0;0;0;0;0;0;0;0;0;0;0;0;0;0;0;0;0;0;0;-11.3;0;0;0;0;0.0004;0;0;0;0;0;0;0;-0.0004;-0.0884;0;0;0;0;0;0;0;0;0;-0.7452;0;0.7452;1;1;0;0;0;0
27/05/21 18:00;0;0;90;0;0;90;0;0;0;0;10.46;3.8101;0;0;0;0;0;0;0;0;0;0;0;0;0;1;1;1;1;0;0;0;0;0;0;0;0;0;0;0;0;0;0;0;0;0;0;0;0;0;0;0;0;0;0;0;0;0;0;0;0;0;0;0;1;1;1;1;1;1;1;1;1;1;1;1;1;1;1;1;1;1;1;0;0;0;0;0;0;0;0;0;0.0004;0.088;-0.0884;0;0;0;0;0;0;0;0;0;0;0;0;0;0;0;0;0;0;0;-10.46;0;0;0;0;0.0004;0;0;0;0;0;0;0;-0.0004;-0.0884;0;0;0;0;0;0;0;0;0;-0.7452;0;0.7452;1;1;0;0;0;0
27/05/21 19:00;0;0;90;0;0;90;0;0;0;0;10.7;3.4901;0;0;0;0;0;0;0;0;0;0;0;0;0;1;1;1;1;0;0;0;0;0;0;0;0;0;0;0;0;0;0;0;0;0;0;0;0;0;0;0;0;0;0;0;0;0;0;0;0;0;0;0;1;1;1;1;1;1;1;1;1;1;1;1;1;1;1;1;1;1;1;0;0;0;0;0;0;0;0;0;0.0004;0.088;-0.0884;0;0;0;0;0;0;0;0;0;0;0;0;0;0;0;0;0;0;0;-10.7;0;0;0;0;0.0004;0;0;0;0;0;0;0;-0.0004;-0.0884;0;0;0;0;0;0;0;0;0;-0.7452;0;0.7452;1;1;0;0;0;0
27/05/21 20:00;0;0;90;0;0;90;0;0;0;0;10.29;3.24;0;0;0;0;0;0;0;0;0;0;0;0;0;1;1;1;1;0;0;0;0;0;0;0;0;0;0;0;0;0;0;0;0;0;0;0;0;0;0;0;0;0;0;0;0;0;0;0;0;0;0;0;1;1;1;1;1;1;1;1;1;1;1;1;1;1;1;1;1;1;1;0;0;0;0;0;0;0;0;0;0.0004;0.088;-0.0884;0;0;0;0;0;0;0;0;0;0;0;0;0;0;0;0;0;0;0;-10.29;0;0;0;0;0.0004;0;0;0;0;0;0;0;-0.0004;-0.0884;0;0;0;0;0;0;0;0;0;-0.7452;0;0.7452;1;1;0;0;0;0
27/05/21 21:00;0;0;90;0;0;90;0;0;0;0;9.8099;3.61;0;0;0;0;0;0;0;0;0;0;0;0;0;1;1;1;1;0;0;0;0;0;0;0;0;0;0;0;0;0;0;0;0;0;0;0;0;0;0;0;0;0;0;0;0;0;0;0;0;0;0;0;1;1;1;1;1;1;1;1;1;1;1;1;1;1;1;1;1;1;1;0;0;0;0;0;0;0;0;0;0.0004;0.088;-0.0884;0;0;0;0;0;0;0;0;0;0;0;0;0;0;0;0;0;0;0;-9.8099;0;0;0;0;0.0004;0;0;0;0;0;0;0;-0.0004;-0.0884;0;0;0;0;0;0;0;0;0;-0.7452;0;0.7452;1;1;0;0;0;0
27/05/21 22:00;0;0;90;0;0;90;0;0;0;0;10.01;4.1401;0;0;0;0;0;0;0;0;0;0;0;0;0;1;1;1;1;0;0;0;0;0;0;0;0;0;0;0;0;0;0;0;0;0;0;0;0;0;0;0;0;0;0;0;0;0;0;0;0;0;0;0;1;1;1;1;1;1;1;1;1;1;1;1;1;1;1;1;1;1;1;0;0;0;0;0;0;0;0;0;0.0004;0.088;-0.0884;0;0;0;0;0;0;0;0;0;0;0;0;0;0;0;0;0;0;0;-10.01;0;0;0;0;0.0004;0;0;0;0;0;0;0;-0.0004;-0.0884;0;0;0;0;0;0;0;0;0;-0.7452;0;0.7452;1;1;0;0;0;0
27/05/21 23:00;0;0;90;0;0;90;0;0;0;0;9.1498;4.09;0;0;0;0;0;0;0;0;0;0;0;0;0;1;1;1;1;0;0;0;0;0;0;0;0;0;0;0;0;0;0;0;0;0;0;0;0;0;0;0;0;0;0;0;0;0;0;0;0;0;0;0;1;1;1;1;1;1;1;1;1;1;1;1;1;1;1;1;1;1;1;0;0;0;0;0;0;0;0;0;0.0004;0.088;-0.0884;0;0;0;0;0;0;0;0;0;0;0;0;0;0;0;0;0;0;0;-9.1498;0;0;0;0;0.0004;0;0;0;0;0;0;0;-0.0004;-0.0884;0;0;0;0;0;0;0;0;0;-0.7452;0;0.7452;1;1;0;0;0;0
28/05/21 00:00;0;0;90;0;0;90;0;0;0;0;8.2902;3.62;0;0;0;0;0;0;0;0;0;0;0;0;0;1;1;1;1;0;0;0;0;0;0;0;0;0;0;0;0;0;0;0;0;0;0;0;0;0;0;0;0;0;0;0;0;0;0;0;0;0;0;0;1;1;1;1;1;1;1;1;1;1;1;1;1;1;1;1;1;1;1;0;0;0;0;0;0;0;0;0;0.0004;0.088;-0.0884;0;0;0;0;0;0;0;0;0;0;0;0;0;0;0;0;0;0;0;-8.2902;0;0;0;0;0.0004;0;0;0;0;0;0;0;-0.0004;-0.0884;0;0;0;0;0;0;0;0;0;-0.7452;0;0.7452;1;1;0;0;0;0
28/05/21 01:00;0;0;90;0;0;90;0;0;0;0;7.4998;3.5701;0;0;0;0;0;0;0;0;0;0;0;0;0;1;1;1;1;0;0;0;0;0;0;0;0;0;0;0;0;0;0;0;0;0;0;0;0;0;0;0;0;0;0;0;0;0;0;0;0;0;0;0;1;1;1;1;1;1;1;1;1;1;1;1;1;1;1;1;1;1;1;0;0;0;0;0;0;0;0;0;0.0004;0.088;-0.0884;0;0;0;0;0;0;0;0;0;0;0;0;0;0;0;0;0;0;0;-7.4998;0;0;0;0;0.0004;0;0;0;0;0;0;0;-0.0004;-0.0884;0;0;0;0;0;0;0;0;0;-0.7452;0;0.7452;1;1;0;0;0;0
28/05/21 02:00;0;0;90;0;0;90;0;0;0;0;6.4601;4.1;0;0;0;0;0;0;0;0;0;0;0;0;0;1;1;1;1;0;0;0;0;0;0;0;0;0;0;0;0;0;0;0;0;0;0;0;0;0;0;0;0;0;0;0;0;0;0;0;0;0;0;0;1;1;1;1;1;1;1;1;1;1;1;1;1;1;1;1;1;1;1;0;0;0;0;0;0;0;0;0;0.0004;0.088;-0.0884;0;0;0;0;0;0;0;0;0;0;0;0;0;0;0;0;0;0;0;-6.4601;0;0;0;0;0.0004;0;0;0;0;0;0;0;-0.0004;-0.0884;0;0;0;0;0;0;0;0;0;-0.7452;0;0.7452;1;1;0;0;0;0
28/05/21 03:00;0;0;90;0;0;90;0;0;0;0;5.6199;4.27;0;0;0;0;0;0;0;0;0;0;0;0;0;1;1;1;1;0;0;0;0;0;0;0;0;0;0;0;0;0;0;0;0;0;0;0;0;0;0;0;0;0;0;0;0;0;0;0;0;0;0;0;1;1;1;1;1;1;1;1;1;1;1;1;1;1;1;1;1;1;1;0;0;0;0;0;0;0;0;0;0.0004;0.088;-0.0884;0;0;0;0;0;0;0;0;0;0;0;0;0;0;0;0;0;0;0;-5.6199;0;0;0;0;0.0004;0;0;0;0;0;0;0;-0.0004;-0.0884;0;0;0;0;0;0;0;0;0;-0.7452;0;0.7452;1;1;0;0;0;0
28/05/21 04:00;0;0;90;0;0;90;0;0;0;0;7.4998;4.0601;0;0;0;0;0;0;0;0;0;0;0;0;0;1;1;1;1;0;0;0;0;0;0;0;0;0;0;0;0;0;0;0;0;0;0;0;0;0;0;0;0;0;0;0;0;0;0;0;0;0;0;0;1;1;1;1;1;1;1;1;1;1;1;1;1;1;1;1;1;1;1;0;0;0;0;0;0;0;0;0;0.0004;0.088;-0.0884;0;0;0;0;0;0;0;0;0;0;0;0;0;0;0;0;0;0;0;-7.4998;0;0;0;0;0.0004;0;0;0;0;0;0;0;-0.0004;-0.0884;0;0;0;0;0;0;0;0;0;-0.7452;0;0.7452;1;1;0;0;0;0
28/05/21 05:00;0;0;90;0;0;90;0;0;0;0;8.3999;3.85;0;0;0;0;0;0;0;0;0;0;0;0;0;1;1;1;1;0;0;0;0;0;0;0;0;0;0;0;0;0;0;0;0;0;0;0;0;0;0;0;0;0;0;0;0;0;0;0;0;0;0;0;1;1;1;1;1;1;1;1;1;1;1;1;1;1;1;1;1;1;1;0;0;0;0;0;0;0;0;0;0.0004;0.088;-0.0884;0;0;0;0;0;0;0;0;0;0;0;0;0;0;0;0;0;0;0;-8.3999;0;0;0;0;0.0004;0;0;0;0;0;0;0;-0.0004;-0.0884;0;0;0;0;0;0;0;0;0;-0.7452;0;0.7452;1;1;0;0;0;0
28/05/21 06:00;0.1056;-63.242;89.744;0.1182;0.1685;-90;-0.1685;0;0;0;8.3999;3.9199;0;0;0;0;0;0;0;0;0;0;0;0;0;1;1;1;1;0;0;0;0;0;0;0;0;0;0;0;0;0;0;0;0;0;0;0;0;0;0;0;0;0;0;0;0;0;0;0;0;0;0;0;1;1;1;1;1;1;1;1;1;1;1;1;1;1;1;1;1;1;1;0;0;0;0;0;0;0;0;0;0.0004;0.088;-0.0884;0;0;0;0;0;0;0;0;0;0;0;0;0;0;0;0;0;0;0;-8.3999;0;0;0;0;0.0004;0;0;0;0;0;0;0;-0.0004;-0.0884;0;0;0;0;0;0;0;0;0;-0.7452;0;0.7452;1;1;0;0;0;0
28/05/21 07:00;5.4708;-58.777;76.631;6.3903;9.2702;-90;-9.2702;22.797;22.397;0.4;8.3002;4.4501;0;0.9701;22.18;0.1714;0;0.0253;23.347;0;23.347;0.9701;0.1714;22.18;0.0253;0.0415;0.9511;0;0.0011;23.185;0.1619;0;0;0.1409;0.021;21.977;1.1617;0.2141;0.0378;0.9088;0.001;23.139;0.0464;0.0019;0.0003;0.0441;0;21.981;0.754;0.1332;21.087;0.0033;13.275;11.018;3.4433;0.0048;0.134;1.9277;0.004;2.0569;0;1;0;0;1.0241;0.9931;1;1;0.9936;0.1694;0.9498;0.7788;1;0.9587;0.7756;0.998;0.998;1;0.998;0.998;0.9413;0.9507;0.1311;0.0664;0.0668;0.0004;0.0091;-0.0038;0.0004;0.0015;0.0003;0;0;0.088;-0.034;0;0;0;0;0;0;0;0;0;0;0;0;0.0012;0;0.0575;0.0575;0;9.3907;9.3907;1.0905;0.0496;55.248;1040.2;1;0.0035;0.0035;0;0;0;0;0;0;0.054;-0.034;0;16.265;18.835;-9.6334;-11.155;93.9;93.9;0.5603;0.4846;-0.287;0.0757;0.7717;0.1351;1.3772;0;13.273;0;0
28/05/21 08:00;15.372;-48.775;49.992;20.078;36.289;-90;-36.289;113.91;100.6;13.309;8.8001;4.5301;0;32.278;87.411;9.2125;0;1.8779;130.78;0;130.78;32.278;9.2125;87.411;1.8779;0.2468;0.6827;0;0.0144;123.87;6.9078;0;0;5.2205;1.6874;120.42;3.2003;0.41;0.117;2.6492;0.0241;123.62;0.2477;0.0646;0.0184;0.1644;0.0004;120.97;31.804;9.077;79.377;0.1661;60.461;50.183;17.013;2.5499;0.6882;9.8998;0.5455;8.0381;0;1;0;0;1.1481;0.9472;1;1;0.9403;0.1015;0.9741;0.9873;1;0.9677;0.8733;0.998;0.998;1;0.998;0.998;0.9208;0.9081;0.0884;0.3722;0.3659;0.0022;0.0171;-0.0136;0.0025;0.0089;0.0019;0;0;0.088;0.2434;0;0;0;0;0;0;0;0;0;0;0;0;0.0072;0.0005;0.3393;0.3393;0;14.676;14.676;5.876;0.0488;311.79;1088.3;1;0.0079;0.0079;0;0;0;0;0;0;0.3314;0.2434;0;17.144;19.852;12.297;14.239;97.662;97.662;3.1387;2.8614;2.0524;0.2773;0.809;0.0884;0.2578;0.6539;60.377;0.6188;0
28/05/21 09:00;23.726;-36.907;47.057;36.2;53.8;-90;-53.8;177.49;159.9;17.592;10;4.8401;0;29.786;122.99;8.9024;0;6.1765;167.85;0;167.85;29.786;8.9024;122.99;6.1765;0.1775;0.7695;0;0.0368;148.94;18.909;0;0;13.155;5.7539;144.49;4.1531;0.3273;0.0978;3.7105;0.0175;148.65;0.2979;0.0596;0.0178;0.2197;0.0008;146.86;29.399;8.7868;105.9;0.4042;106.86;88.693;32.083;13.972;1.7006;24.463;2.3697;12.191;0;1;0;0;0.9457;0.8873;1;1;0.893;0.0684;0.9721;0.989;1;0.9661;0.9585;0.998;0.998;1;0.998;0.998;0.8608;0.8611;0.0654;0.4777;0.4692;0.0028;0.0172;-0.0134;0.0032;0.0115;0.0046;0;0;0.088;0.3363;0;0;0;0;0;0;0;0;0;0;0;0;0.0092;0.0007;0.4332;0.4332;0;17.052;17.052;7.0524;0.0488;399.43;1084.6;1;0.0089;0.0089;0;0;0;0;0;0;0.4243;0.3363;0;17.055;19.75;13.241;15.333;97.948;97.948;4.0284;3.6535;2.8364;0.3749;0.8171;0.0931;0.2028;0.7041;99.883;0.6348;0
28/05/21 10:00;29.856;-22.854;53.053;55.917;34.083;-90;-34.083;367.31;184.2;183.11;11.43;5.46;0;221.09;121.8;61.523;0;5.363;409.77;0;409.77;221.09;61.523;121.8;5.363;0.5395;0.3103;0;0.0131;398.41;11.364;0;0;6.5932;4.7705;389.04;8.5699;3.7287;1.0376;3.7174;0.0862;397.61;0.7968;0.4422;0.123;0.2304;0.0012;390.6;216.92;60.362;111.26;0.5051;200.8;166.67;56.488;2.8655;1.9224;27.654;1.5614;26.711;0;1;0;0;1.1156;0.9723;1;1;0.9459;0.1105;0.9784;0.9831;1;0.9677;0.8543;0.998;0.998;1;0.998;0.998;0.9494;0.9135;0.0942;1.1662;1.1729;0.0071;0.0097;0.0228;0.0079;0.0281;0.0051;0;0;0.088;0.9607;0;0;0;0;0;0;0;0;0;0;0;0;0.0227;0.0035;1.066;1.066;0;30.489;30.489;19.059;0.049;1006.4;1059.3;1;0.0173;0.0173;0;0;0;0;0;0;1.0487;0.9607;0;17.191;19.906;15.492;17.94;98.375;98.375;9.8346;8.9899;8.1017;0.8447;0.8882;0.0859;0.0903;0.8238;82.694;0.7842;0
28/05/21 11:00;33.022;-6.9155;56.342;79.505;10.495;-90;-10.495;584.1;96.4;487.7;12.31;5.6699;0;496;31.254;65.987;0;0.8306;594.07;0;594.07;496;65.987;31.254;0.8306;0.8349;0.054;0;0.0014;593.14;0.9338;0;0;0.2441;0.6896;576.98;14.971;12.078;1.6068;1.2556;0.0316;591.95;1.1863;0.992;0.132;0.062;0.0003;577.14;482.93;64.248;29.692;0.1091;340.76;282.83;93.927;0.0111;3.0725;44.197;0.1592;47.258;0;1;0;0;1.0171;0.9984;1;1;0.9922;0.1697;0.9747;0.9756;1;0.9594;0.7755;0.998;0.998;1;0.998;0.998;0.9712;0.95;0.1314;1.6907;1.7398;0.0105;0.0022;0.0963;0.0114;0.0405;0.0079;0;0;0.088;1.4188;0;0;0;0;0;0;0;0;0;0;0;0;0.0326;0.0073;1.5311;1.5311;0;40.762;40.762;28.452;0.0493;1495.5;1023.8;1;0.0243;0.0243;0;0;0;0;0;0;1.5068;1.4188;0;17.031;19.721;15.782;18.275;98.414;98.414;14.258;12.912;11.965;1.3459;0.9469;0.0944;0.0664;0.8392;18.758;0.7949;0
28/05/21 12:00;32.722;9.7037;56.024;75.301;14.699;90;14.699;528.61;109.4;419.21;13.3;5.8199;0;433.39;44.847;65.964;0;1.4705;545.67;0;545.67;433.39;65.964;44.847;1.4705;0.7942;0.0849;0;0.0027;543.83;1.8445;0;0;0.6196;1.2249;529.3;13.444;10.169;1.5478;1.672;0.0551;542.74;1.0877;0.8668;0.1319;0.0885;0.0005;529.63;422.36;64.284;42.467;0.19;305.39;253.47;83.51;0.0543;2.7999;40.276;0.3311;43.021;0;1;0;0;1.0323;0.9966;1;1;0.9862;0.167;0.9752;0.9765;1;0.9621;0.7751;0.998;0.998;1;0.998;0.998;0.97;0.9469;0.1292;1.5529;1.596;0.0096;0.0039;0.0808;0.0105;0.0373;0.0072;0;0;0.088;1.3004;0;0;0;0;0;0;0;0;0;0;0;0;0.03;0.0062;1.4104;1.4104;0;39.38;39.38;26.08;0.0493;1372;1028;1;0.022;0.022;0;0;0;0;0;0;1.3884;1.3004;0;17.08;19.778;15.747;18.235;98.437;98.437;13.096;11.894;10.966;1.2017;0.928;0.0918;0.0709;0.8374;27.262;0.7935;0
28/05/21 13:00;29.008;25.384;52.197;52.292;37.708;90;37.708;492.41;95.702;396.71;13.9;5.86;0;501.44;32.976;74.425;0;8.7418;617.58;0;617.58;501.44;74.425;32.976;8.7418;0.8119;0.0676;0;0.0142;607.54;10.041;0;0;2.0973;7.9434;596.33;9.9914;7.7527;1.1507;0.9955;0.0926;606.32;1.2151;1.0029;0.1489;0.0618;0.0016;598.75;492.68;73.126;29.821;0.7043;242.35;201.15;67.876;1.0992;2.1863;31.449;2.4179;32.537;0;1;0;0;1.2542;0.9837;1;1;0.9364;0.0913;0.9835;0.9845;1;0.9677;0.8838;0.998;0.998;1;0.998;0.998;0.9656;0.9043;0.0806;1.7576;1.7761;0.0107;0.0018;0.1147;0.0115;0.0409;0.0055;0;0;0.088;1.4378;0;0;0;0;0;0;0;0;0;0;0;0;0.033;0.0076;1.5503;1.5503;0;43.366;43.366;29.466;0.0494;1527.9;1014.7;1;0.0245;0.0245;0;0;0;0;0;0;1.5258;1.4378;0;16.588;19.208;15.384;17.814;98.42;98.42;14.822;13.074;12.125;1.7483;0.9486;0.118;0.064;0.818;23.041;0.788;0
28/05/21 14:00;22.448;39.065;45.856;33.248;56.752;90;56.752;254.69;183.6;71.092;13.81;5.6599;0;129.67;122.23;46.889;0;9.7794;308.56;0;308.56;129.67;46.889;122.23;9.7794;0.4202;0.4278;0;0.0317;285.23;23.335;0;0;14.175;9.1605;279.09;5.5692;1.3341;0.4824;3.7211;0.0314;284.66;0.5705;0.2593;0.0938;0.2161;0.0012;282.27;128.07;46.312;104.12;0.5862;126.87;105.3;37.836;16.763;2.0469;29.444;3.1803;14.728;0;1;0;0;1.2115;0.9244;1;1;0.884;0.0633;0.9804;0.9897;1;0.9655;0.9491;0.998;0.998;1;0.998;0.998;0.9045;0.8518;0.0599;0.8781;0.8666;0.0052;0.014;0.0076;0.0059;0.0208;0.0054;0;0;0.088;0.6875;0;0;0;0;0;0;0;0;0;0;0;0;0.0168;0.0021;0.7888;0.7888;0;27.477;27.477;13.667;0.049;740.79;1064.8;1;0.0132;0.0132;0;0;0;0;0;0;0.7755;0.6875;0;16.892;19.56;14.723;17.049;98.321;98.321;7.4055;6.6517;5.7979;0.7538;0.8538;0.1018;0.1153;0.7829;102.51;0.7307;0
28/05/21 15:00;13.789;50.585;54.686;17.623;29.623;90;29.623;204.39;105.9;98.492;13.23;4.1401;0;238.87;68.218;79.818;0;2.2707;389.18;0;389.18;238.87;79.818;68.218;2.2707;0.6138;0.1811;0;0.0058;384.22;4.953;0;0;2.9664;1.9866;374.86;8.5935;4.8103;1.6074;2.1248;0.0511;383.46;0.7684;0.4777;0.1596;0.1305;0.0006;375.11;233.58;78.051;62.997;0.2324;45.491;37.758;12.53;0.9891;0.475;6.8326;0.2521;6.3185;0;1;0;0;1.9041;0.9873;1;1;0.9565;0.1251;0.9776;0.9798;1;0.9674;0.8198;0.998;0.998;1;0.998;0.998;0.9632;0.9235;0.1024;1.1076;1.0869;0.0065;0.011;0.0255;0.0073;0.0259;0.0012;0;0;0.088;0.8814;0;0;0;0;0;0;0;0;0;0;0;0;0.0209;0.0031;0.9855;0.9855;0;31.615;31.615;18.385;0.049;934.18;1054.9;1;0.016;0.016;0;0;0;0;0;0;0.9694;0.8814;0;16.732;19.376;14.966;17.33;98.372;98.372;9.3402;8.3104;7.4331;1.0298;0.8774;0.1103;0.0939;0.7958;44.847;0.7855;0
28/05/21 16:00;4.5661;59.566;78.868;5.292;7.6337;90;7.6337;34.205;33.3;0.9055;11.72;3.85;0;2.196;32.868;0.6908;0;0.0258;35.781;0;35.781;2.196;0.6908;32.868;0.0258;0.0614;0.9193;0;0.0007;35.607;0.1737;0;0;0.1522;0.0215;33.34;2.1958;0.62;0.195;1.3798;0.001;35.536;0.0712;0.0044;0.0014;0.0654;0;33.344;1.5716;0.4944;31.271;0.0033;19.607;16.274;5.0783;0.0032;0.1982;2.8506;0.0033;3.0456;0;1;0;0;1.0461;0.9951;1;1;0.9954;0.1674;0.9382;0.7171;1;0.9577;0.7755;0.998;0.998;1;0.998;0.998;0.9318;0.9514;0.1296;0.1018;0.1011;0.0006;0.0112;-0.0043;0.0007;0.0023;0.0005;0;0;0.088;-0.0041;0;0;0;0;0;0;0;0;0;0;0;0;0.0019;0.0001;0.0882;0.0882;0;13.369;13.369;1.6494;0.0495;84.73;1041.2;1;0.0043;0.0043;0;0;0;0;0;0;0.0839;-0.0041;0;16.293;18.867;-0.7616;-0.8819;95.073;95.073;0.8587;0.744;-0.0348;0.1148;0.7788;0.1336;0.9069;0;19.602;0;0
28/05/21 17:00;0;0;90;0;0;90;0;0;0;0;9.3;4.36;0;0;0;0;0;0;0;0;0;0;0;0;0;1;1;1;1;0;0;0;0;0;0;0;0;0;0;0;0;0;0;0;0;0;0;0;0;0;0;0;0;0;0;0;0;0;0;0;0;0;0;0;1;1;1;1;1;1;1;1;1;1;1;1;1;1;1;1;1;1;1;0;0;0;0;0;0;0;0;0;0.0004;0.088;-0.0884;0;0;0;0;0;0;0;0;0;0;0;0;0;0;0;0;0;0;0;-9.3;0;0;0;0;0.0004;0;0;0;0;0;0;0;-0.0004;-0.0884;0;0;0;0;0;0;0;0;0;-0.7452;0;0.7452;1;1;0;0;0;0
28/05/21 18:00;0;0;90;0;0;90;0;0;0;0;8.9397;4.3099;0;0;0;0;0;0;0;0;0;0;0;0;0;1;1;1;1;0;0;0;0;0;0;0;0;0;0;0;0;0;0;0;0;0;0;0;0;0;0;0;0;0;0;0;0;0;0;0;0;0;0;0;1;1;1;1;1;1;1;1;1;1;1;1;1;1;1;1;1;1;1;0;0;0;0;0;0;0;0;0;0.0004;0.088;-0.0884;0;0;0;0;0;0;0;0;0;0;0;0;0;0;0;0;0;0;0;-8.9397;0;0;0;0;0.0004;0;0;0;0;0;0;0;-0.0004;-0.0884;0;0;0;0;0;0;0;0;0;-0.7452;0;0.7452;1;1;0;0;0;0
28/05/21 19:00;0;0;90;0;0;90;0;0;0;0;6.3697;3.88;0;0;0;0;0;0;0;0;0;0;0;0;0;1;1;1;1;0;0;0;0;0;0;0;0;0;0;0;0;0;0;0;0;0;0;0;0;0;0;0;0;0;0;0;0;0;0;0;0;0;0;0;1;1;1;1;1;1;1;1;1;1;1;1;1;1;1;1;1;1;1;0;0;0;0;0;0;0;0;0;0.0004;0.088;-0.0884;0;0;0;0;0;0;0;0;0;0;0;0;0;0;0;0;0;0;0;-6.3697;0;0;0;0;0.0004;0;0;0;0;0;0;0;-0.0004;-0.0884;0;0;0;0;0;0;0;0;0;-0.7452;0;0.7452;1;1;0;0;0;0
28/05/21 20:00;0;0;90;0;0;90;0;0;0;0;6.27;3.5099;0;0;0;0;0;0;0;0;0;0;0;0;0;1;1;1;1;0;0;0;0;0;0;0;0;0;0;0;0;0;0;0;0;0;0;0;0;0;0;0;0;0;0;0;0;0;0;0;0;0;0;0;1;1;1;1;1;1;1;1;1;1;1;1;1;1;1;1;1;1;1;0;0;0;0;0;0;0;0;0;0.0004;0.088;-0.0884;0;0;0;0;0;0;0;0;0;0;0;0;0;0;0;0;0;0;0;-6.27;0;0;0;0;0.0004;0;0;0;0;0;0;0;-0.0004;-0.0884;0;0;0;0;0;0;0;0;0;-0.7452;0;0.7452;1;1;0;0;0;0
28/05/21 21:00;0;0;90;0;0;90;0;0;0;0;4.3501;3.1899;0;0;0;0;0;0;0;0;0;0;0;0;0;1;1;1;1;0;0;0;0;0;0;0;0;0;0;0;0;0;0;0;0;0;0;0;0;0;0;0;0;0;0;0;0;0;0;0;0;0;0;0;1;1;1;1;1;1;1;1;1;1;1;1;1;1;1;1;1;1;1;0;0;0;0;0;0;0;0;0;0.0004;0.088;-0.0884;0;0;0;0;0;0;0;0;0;0;0;0;0;0;0;0;0;0;0;-4.3501;0;0;0;0;0.0004;0;0;0;0;0;0;0;-0.0004;-0.0884;0;0;0;0;0;0;0;0;0;-0.7452;0;0.7452;1;1;0;0;0;0
28/05/21 22:00;0;0;90;0;0;90;0;0;0;0;3.4201;2.9301;0;0;0;0;0;0;0;0;0;0;0;0;0;1;1;1;1;0;0;0;0;0;0;0;0;0;0;0;0;0;0;0;0;0;0;0;0;0;0;0;0;0;0;0;0;0;0;0;0;0;0;0;1;1;1;1;1;1;1;1;1;1;1;1;1;1;1;1;1;1;1;0;0;0;0;0;0;0;0;0;0.0004;0.088;-0.0884;0;0;0;0;0;0;0;0;0;0;0;0;0;0;0;0;0;0;0;-3.4201;0;0;0;0;0.0004;0;0;0;0;0;0;0;-0.0004;-0.0884;0;0;0;0;0;0;0;0;0;-0.7452;0;0.7452;1;1;0;0;0;0
28/05/21 23:00;0;0;90;0;0;90;0;0;0;0;1.1001;2.68;0;0;0;0;0;0;0;0;0;0;0;0;0;1;1;1;1;0;0;0;0;0;0;0;0;0;0;0;0;0;0;0;0;0;0;0;0;0;0;0;0;0;0;0;0;0;0;0;0;0;0;0;1;1;1;1;1;1;1;1;1;1;1;1;1;1;1;1;1;1;1;0;0;0;0;0;0;0;0;0;0.0004;0.088;-0.0884;0;0;0;0;0;0;0;0;0;0;0;0;0;0;0;0;0;0;0;-1.1001;0;0;0;0;0.0004;0;0;0;0;0;0;0;-0.0004;-0.0884;0;0;0;0;0;0;0;0;0;-0.7452;0;0.7452;1;1;0;0;0;0
29/05/21 00:00;0;0;90;0;0;90;0;0;0;0;1.4498;2.49;0;0;0;0;0;0;0;0;0;0;0;0;0;1;1;1;1;0;0;0;0;0;0;0;0;0;0;0;0;0;0;0;0;0;0;0;0;0;0;0;0;0;0;0;0;0;0;0;0;0;0;0;1;1;1;1;1;1;1;1;1;1;1;1;1;1;1;1;1;1;1;0;0;0;0;0;0;0;0;0;0.0004;0.088;-0.0884;0;0;0;0;0;0;0;0;0;0;0;0;0;0;0;0;0;0;0;-1.4498;0;0;0;0;0.0004;0;0;0;0;0;0;0;-0.0004;-0.0884;0;0;0;0;0;0;0;0;0;-0.7452;0;0.7452;1;1;0;0;0;0
29/05/21 01:00;0;0;90;0;0;90;0;0;0;0;0.8003;2.44;0;0;0;0;0;0;0;0;0;0;0;0;0;1;1;1;1;0;0;0;0;0;0;0;0;0;0;0;0;0;0;0;0;0;0;0;0;0;0;0;0;0;0;0;0;0;0;0;0;0;0;0;1;1;1;1;1;1;1;1;1;1;1;1;1;1;1;1;1;1;1;0;0;0;0;0;0;0;0;0;0.0004;0.088;-0.0884;0;0;0;0;0;0;0;0;0;0;0;0;0;0;0;0;0;0;0;-0.8003;0;0;0;0;0.0004;0;0;0;0;0;0;0;-0.0004;-0.0884;0;0;0;0;0;0;0;0;0;-0.7452;0;0.7452;1;1;0;0;0;0
29/05/21 02:00;0;0;90;0;0;90;0;0;0;0;-0.7599;2.4699;0;0;0;0;0;0;0;0;0;0;0;0;0;1;1;1;1;0;0;0;0;0;0;0;0;0;0;0;0;0;0;0;0;0;0;0;0;0;0;0;0;0;0;0;0;0;0;0;0;0;0;0;1;1;1;1;1;1;1;1;1;1;1;1;1;1;1;1;1;1;1;0;0;0;0;0;0;0;0;0;0.0004;0.088;-0.0884;0;0;0;0;0;0;0;0;0;0;0;0;0;0;0;0;0;0;0;0.7599;0;0;0;0;0.0004;0;0;0;0;0;0;0;-0.0004;-0.0884;0;0;0;0;0;0;0;0;0;-0.7452;0;0.7452;1;1;0;0;0;0
29/05/21 03:00;0;0;90;0;0;90;0;0;0;0;-1.3801;2.4501;0;0;0;0;0;0;0;0;0;0;0;0;0;1;1;1;1;0;0;0;0;0;0;0;0;0;0;0;0;0;0;0;0;0;0;0;0;0;0;0;0;0;0;0;0;0;0;0;0;0;0;0;1;1;1;1;1;1;1;1;1;1;1;1;1;1;1;1;1;1;1;0;0;0;0;0;0;0;0;0;0.0004;0.088;-0.0884;0;0;0;0;0;0;0;0;0;0;0;0;0;0;0;0;0;0;0;1.3801;0;0;0;0;0.0004;0;0;0;0;0;0;0;-0.0004;-0.0884;0;0;0;0;0;0;0;0;0;-0.7452;0;0.7452;1;1;0;0;0;0
29/05/21 04:00;0;0;90;0;0;90;0;0;0;0;-1.9698;2.35;0;0;0;0;0;0;0;0;0;0;0;0;0;1;1;1;1;0;0;0;0;0;0;0;0;0;0;0;0;0;0;0;0;0;0;0;0;0;0;0;0;0;0;0;0;0;0;0;0;0;0;0;1;1;1;1;1;1;1;1;1;1;1;1;1;1;1;1;1;1;1;0;0;0;0;0;0;0;0;0;0.0004;0.088;-0.0884;0;0;0;0;0;0;0;0;0;0;0;0;0;0;0;0;0;0;0;1.9698;0;0;0;0;0.0004;0;0;0;0;0;0;0;-0.0004;-0.0884;0;0;0;0;0;0;0;0;0;-0.7452;0;0.7452;1;1;0;0;0;0
29/05/21 05:00;0;0;90;0;0;90;0;0;0;0;-2.0801;2.2;0;0;0;0;0;0;0;0;0;0;0;0;0;1;1;1;1;0;0;0;0;0;0;0;0;0;0;0;0;0;0;0;0;0;0;0;0;0;0;0;0;0;0;0;0;0;0;0;0;0;0;0;1;1;1;1;1;1;1;1;1;1;1;1;1;1;1;1;1;1;1;0;0;0;0;0;0;0;0;0;0.0004;0.088;-0.0884;0;0;0;0;0;0;0;0;0;0;0;0;0;0;0;0;0;0;0;2.0801;0;0;0;0;0.0004;0;0;0;0;0;0;0;-0.0004;-0.0884;0;0;0;0;0;0;0;0;0;-0.7452;0;0.7452;1;1;0;0;0;0
29/05/21 06:00;0;0;90;0;0;90;0;0;0;0;-2.0702;2.03;0;0;0;0;0;0;0;0;0;0;0;0;0;1;1;1;1;0;0;0;0;0;0;0;0;0;0;0;0;0;0;0;0;0;0;0;0;0;0;0;0;0;0;0;0;0;0;0;0;0;0;0;1;1;1;1;1;1;1;1;1;1;1;1;1;1;1;1;1;1;1;0;0;0;0;0;0;0;0;0;0.0004;0.088;-0.0884;0;0;0;0;0;0;0;0;0;0;0;0;0;0;0;0;0;0;0;2.0702;0;0;0;0;0.0004;0;0;0;0;0;0;0;-0.0004;-0.0884;0;0;0;0;0;0;0;0;0;-0.7452;0;0.7452;1;1;0;0;0;0
29/05/21 07:00;5.3474;-58.679;76.937;6.2529;9.0639;-90;-9.0639;86.499;14.302;72.197;-1.0099;1.96;0;175.1;5.9292;20.216;0;0.0918;201.34;0;201.34;175.1;20.216;5.9292;0.0918;0.8697;0.0299;0;0.0005;201.22;0.1125;0;0;0.0363;0.0763;156.01;44.813;39.953;4.6127;0.2437;0.0035;200.82;0.4024;0.3502;0.0404;0.0118;0;156.01;134.8;15.562;5.6375;0.012;3.941;3.271;1.0831;0.0012;0.0358;0.5152;0.001;0.5498;0;1;0;0;2.3276;0.9994;1;1;0.9939;0.1693;0.7768;0.7714;1;0.9586;0.7756;0.998;0.998;1;0.998;0.998;0.7749;0.9508;0.1311;0.573;0.4474;0.0027;0.0173;-0.0295;0.0032;0.0113;0.0001;0;0;0.088;0.3351;0;0;0;0;0;0;0;0;0;0;0;0;0.0091;0.0007;0.4325;0.4325;0;6.5328;6.5328;7.5427;0.0483;381.88;1132.5;1;0.0094;0.0094;0;0;0;0;0;0;0.4231;0.3351;0;14.195;16.437;10.999;12.737;97.837;97.837;4.8321;3.6472;2.8262;1.1848;0.821;0.2452;0.1699;0.5849;3.5464;0.5838;0
29/05/21 08:00;15.237;-48.691;50.402;19.932;35.837;-90;-35.837;276;45.499;230.51;1.4199;1.4399;0;559.04;14.012;72.812;0;4.4414;650.31;0;650.31;559.04;72.812;14.012;4.4414;0.8597;0.0284;0;0.0068;645.5;4.8033;0;0;0.8206;3.9827;635.43;8.7803;7.3393;0.9559;0.4252;0.0599;644.21;1.291;1.1181;0.1456;0.0264;0.0009;635.55;550.58;71.711;12.74;0.3979;10.92;9.0638;2.8234;0.3926;0.1361;1.9577;0.1203;1.7012;0;1;0;0;2.3561;0.9926;1;1;0.9414;0.1033;0.9864;0.9868;1;0.9677;0.8692;0.998;0.998;1;0.998;0.998;0.9771;0.9092;0.0896;1.8507;1.8223;0.011;0.0013;0.0479;0.0123;0.0437;0.0004;0;0;0.088;1.547;0;0;0;0;0;0;0;0;0;0;0;0;0.0352;0.008;1.6624;1.6624;0;32.534;32.534;31.114;0.049;1569;1059.6;1;0.0275;0.0275;0;0;0;0;0;0;1.635;1.547;0;16.893;19.561;15.719;18.203;98.348;98.348;15.607;14.02;13.046;1.5877;0.9738;0.1017;0.0624;0.8359;9.6438;0.834;0
29/05/21 09:00;23.579;-36.844;47.177;36.05;53.95;-90;-53.95;398.1;65.602;332.49;4.8102;0.7001;0;565;19.522;69.707;0;13.925;668.15;0;668.15;565;69.707;19.522;13.925;0.8456;0.0501;0;0.0208;653.08;15.069;0;0;2.0966;12.973;644.13;7.6484;6.2486;0.7709;0.5892;0.0396;651.78;1.3062;1.13;0.1394;0.0349;0.0019;646.99;557.62;68.797;16.802;0.9105;128.98;107.05;34.024;2.2428;1.4077;20.25;2.8615;19.415;0;1;0;0;1.6784;0.9774;1;1;0.8926;0.0684;0.9883;0.9889;1;0.9661;0.9583;0.998;0.998;1;0.998;0.998;0.964;0.8606;0.0654;1.9015;1.8916;0.0114;0.0006;0.0756;0.0126;0.0448;0.0037;0;0;0.088;1.5824;0;0;0;0;0;0;0;0;0;0;0;0;0.0361;0.0086;1.6983;1.6983;0;36.45;36.45;31.64;0.0491;1627.5;1043.5;1;0.0279;0.0279;0;0;0;0;0;0;1.6704;1.5824;0;16.796;19.449;15.65;18.122;98.359;98.359;16.036;14.322;13.345;1.714;0.9771;0.1069;0.0609;0.8322;15.88;0.8137;0
29/05/21 10:00;29.701;-22.824;53.188;55.783;34.217;-90;-34.217;510.5;84.3;426.2;8.0197;1.1801;0;515.41;27.173;65.972;0;7.5107;616.06;0;616.06;515.41;65.972;27.173;7.5107;0.8366;0.0563;0;0.0122;607.9;8.165;0;0;1.48;6.6851;595.79;10.893;8.8165;1.1285;0.8289;0.1192;606.68;1.2158;1.0308;0.1319;0.0514;0.0017;597.83;505.56;64.712;24.812;0.7048;260.68;216.36;73.758;0.6495;2.2683;32.629;2.0419;34.248;0;1;0;0;1.2068;0.9867;1;1;0.9455;0.1099;0.982;0.9829;1;0.9677;0.8553;0.998;0.998;1;0.998;0.998;0.9671;0.9131;0.0938;1.7533;1.7758;0.0107;0.0018;0.0766;0.0118;0.0419;0.0059;0;0;0.088;1.4722;0;0;0;0;0;0;0;0;0;0;0;0;0.0337;0.0076;1.5858;1.5858;0;37.313;37.313;29.293;0.0492;1527.1;1038.5;1;0.0256;0.0256;0;0;0;0;0;0;1.5602;1.4722;0;17.01;19.697;15.791;18.286;98.386;98.386;14.786;13.374;12.416;1.412;0.958;0.0955;0.0648;0.8397;18.467;0.8077;0
29/05/21 11:00;32.865;-6.9297;56.493;79.422;10.578;-90;-10.578;568.01;93.5;474.51;10.43;2.02;0;482.71;31.721;62.57;0;0.8205;577.82;0;577.82;482.71;62.57;31.721;0.8205;0.8354;0.0563;0;0.0014;576.89;0.9323;0;0;0.2511;0.6812;560.92;14.816;11.962;1.5505;1.2727;0.0312;575.74;1.1538;0.9654;0.1251;0.0629;0.0003;561.08;469.78;60.895;30.134;0.1078;331.33;275;91.317;0.0116;2.9882;42.984;0.1579;45.961;0;1;0;0;1.0173;0.9984;1;1;0.9921;0.1697;0.9743;0.9752;1;0.9595;0.7755;0.998;0.998;1;0.998;0.998;0.9707;0.95;0.1314;1.6444;1.6914;0.0102;0.0027;0.0773;0.0112;0.0397;0.0077;0;0;0.088;1.3915;0;0;0;0;0;0;0;0;0;0;0;0;0.032;0.0069;1.5035;1.5035;0;38.031;38.031;27.601;0.0492;1453.7;1034.2;1;0.0239;0.0239;0;0;0;0;0;0;1.4795;1.3915;0;17.194;19.91;15.913;18.427;98.408;98.408;13.868;12.679;11.735;1.1888;0.944;0.0857;0.0681;0.8462;19.042;0.8016;0
29/05/21 12:00;32.573;9.6431;56.181;75.308;14.692;90;14.692;561.6;94.098;467.5;11.65;2.57;0;483.3;32.093;63.55;0;1.5609;580.51;0;580.51;483.3;63.55;32.093;1.5609;0.8326;0.058;0;0.0027;578.77;1.7432;0;0;0.443;1.3002;563.28;14.323;11.549;1.5186;1.1966;0.0585;577.61;1.1575;0.9666;0.1271;0.0633;0.0005;563.64;470.79;61.905;30.39;0.2017;324.11;269.01;88.753;0.0389;2.9622;42.61;0.3517;45.533;0;1;0;0;1.0337;0.997;1;1;0.9862;0.167;0.9752;0.9761;1;0.9621;0.7751;0.998;0.998;1;0.998;0.998;0.9703;0.9469;0.1292;1.6521;1.698;0.0102;0.0027;0.0859;0.0112;0.0397;0.0076;0;0;0.088;1.3899;0;0;0;0;0;0;0;0;0;0;0;0;0.032;0.007;1.5017;1.5017;0;39.398;39.398;27.748;0.0493;1459.5;1028.9;1;0.0238;0.0238;0;0;0;0;0;0;1.4779;1.3899;0;17.094;19.795;15.821;18.321;98.414;98.414;13.932;12.664;11.721;1.2681;0.9429;0.091;0.0677;0.8413;19.509;0.7975;0
29/05/21 13:00;28.875;25.287;52.351;52.239;37.761;90;37.761;490.71;95.003;395.71;12.18;2.7701;0;500.53;32.621;74.081;0;8.7351;615.97;0;615.97;500.53;74.081;32.621;8.7351;0.8126;0.0671;0;0.0142;605.95;10.018;0;0;2.0793;7.9391;594.64;10.097;7.8576;1.163;0.9847;0.0919;604.74;1.2119;1.0011;0.1482;0.0611;0.0016;597.05;491.67;72.77;29.496;0.7026;241.31;200.29;67.585;1.0926;2.1769;31.313;2.416;32.398;0;1;0;0;1.2553;0.9837;1;1;0.9363;0.0911;0.9833;0.9843;1;0.9677;0.8844;0.998;0.998;1;0.998;0.998;0.9654;0.9042;0.0804;1.753;1.7709;0.0107;0.0019;0.1027;0.0116;0.0411;0.0056;0;0;0.088;1.444;0;0;0;0;0;0;0;0;0;0;0;0;0.0331;0.0076;1.5568;1.5568;0;41.518;41.518;29.338;0.0493;1523.4;1021.9;1;0.0247;0.0247;0;0;0;0;0;0;1.532;1.444;0;16.701;19.339;15.491;17.938;98.41;98.41;14.783;13.128;12.178;1.6549;0.9508;0.1119;0.0643;0.8237;22.803;0.7935;0
29/05/21 14:00;22.335;38.947;46.003;33.168;56.832;90;56.832;366.1;102.8;263.3;12.58;2.7701;0;481.26;38.071;97.94;0;14.093;631.37;0;631.37;481.26;97.94;38.071;14.093;0.7623;0.0826;0;0.0223;613.74;17.625;0;0;4.424;13.201;605.3;7.2142;4.9931;1.0161;1.1594;0.0456;612.51;1.2275;0.9625;0.1959;0.0673;0.0018;608.16;475.31;96.728;32.42;0.8447;111.19;92.287;30.35;5.2502;1.363;19.606;2.8584;15.719;0;1;0;0;1.7246;0.9721;1;1;0.8838;0.0633;0.9882;0.9896;1;0.9655;0.9488;0.998;0.998;1;0.998;0.998;0.9587;0.8516;0.0599;1.7968;1.7793;0.0107;0.0018;0.1092;0.0116;0.0411;0.0035;0;0;0.088;1.4478;0;0;0;0;0;0;0;0;0;0;0;0;0.0331;0.0077;1.5606;1.5606;0;42.465;42.465;29.885;0.0494;1531.6;1018.9;1;0.0248;0.0248;0;0;0;0;0;0;1.5358;1.4478;0;16.333;18.913;15.153;17.547;98.413;98.413;15.153;13.161;12.21;1.9923;0.951;0.1315;0.0628;0.8058;31.956;0.7875;0
29/05/21 15:00;13.695;50.456;54.957;17.537;29.415;90;29.415;198.9;108.2;90.701;12.23;2.21;0;219.97;72.051;75.633;0;2.1795;369.84;0;369.84;219.97;75.633;72.051;2.1795;0.5948;0.2007;0;0.0059;364.84;5.003;0;0;3.0981;1.9049;355.67;8.4345;4.5674;1.5704;2.2469;0.0497;364.11;0.7297;0.4399;0.1513;0.1379;0.0005;355.93;214.97;73.911;66.568;0.2243;47.897;39.755;13.17;1.0194;0.5001;7.1941;0.2615;6.6748;0;1;0;0;1.8594;0.9865;1;1;0.957;0.126;0.9768;0.9792;1;0.9673;0.8186;0.998;0.998;1;0.998;0.998;0.9617;0.9239;0.1029;1.0525;1.0328;0.0062;0.0117;0.0171;0.007;0.0248;0.0013;0;0;0.088;0.8384;0;0;0;0;0;0;0;0;0;0;0;0;0.02;0.0028;0.9419;0.9419;0;29.651;29.651;17.421;0.049;886.83;1062.1;1;0.0155;0.0155;0;0;0;0;0;0;0.9264;0.8384;0;16.829;19.488;14.98;17.347;98.357;98.357;8.8761;7.9433;7.0706;0.9328;0.8727;0.1051;0.0983;0.7966;47.3;0.7852;0
29/05/21 16:00;4.4869;59.429;79.063;5.2075;7.5089;90;7.5089;30.2;29.601;0.5992;11.71;2.81;0;1.4533;29.304;0.4137;0;0.022;31.194;0;31.194;1.4533;0.4137;29.304;0.022;0.0466;0.9401;0;0.0007;31.043;0.1504;0;0;0.1321;0.0183;29.209;1.772;0.4194;0.1194;1.2324;0.0008;30.981;0.0621;0.0029;0.0008;0.0583;0;29.212;1.0311;0.2935;27.882;0.0029;17.476;14.505;4.5255;0.0026;0.1767;2.5412;0.0028;2.7152;0;1;0;0;1.0329;0.9952;1;1;0.9955;0.1674;0.9428;0.7109;1;0.9577;0.7755;0.998;0.998;1;0.998;0.998;0.9364;0.9514;0.1296;0.0888;0.0887;0.0005;0.0105;-0.0038;0.0006;0.002;0.0004;0;0;0.088;-0.0152;0;0;0;0;0;0;0;0;0;0;0;0;0.0016;0.0001;0.0768;0.0768;0;13.157;13.157;1.4475;0.0496;74.069;1036.3;1;0.004;0.004;0;0;0;0;0;0;0.0728;-0.0152;0;16.261;18.83;-3.23;-3.7402;94.779;94.779;0.7486;0.6473;-0.1286;0.1013;0.7759;0.1353;1.0364;0;17.472;0;0
29/05/21 17:00;0;0;90;0;0;90;0;0;0;0;5.2901;3.0901;0;0;0;0;0;0;0;0;0;0;0;0;0;1;1;1;1;0;0;0;0;0;0;0;0;0;0;0;0;0;0;0;0;0;0;0;0;0;0;0;0;0;0;0;0;0;0;0;0;0;0;0;1;1;1;1;1;1;1;1;1;1;1;1;1;1;1;1;1;1;1;0;0;0;0;0;0;0;0;0;0.0004;0.088;-0.0884;0;0;0;0;0;0;0;0;0;0;0;0;0;0;0;0;0;0;0;-5.2901;0;0;0;0;0.0004;0;0;0;0;0;0;0;-0.0004;-0.0884;0;0;0;0;0;0;0;0;0;-0.7452;0;0.7452;1;1;0;0;0;0
29/05/21 18:00;0;0;90;0;0;90;0;0;0;0;3.6402;3.15;0;0;0;0;0;0;0;0;0;0;0;0;0;1;1;1;1;0;0;0;0;0;0;0;0;0;0;0;0;0;0;0;0;0;0;0;0;0;0;0;0;0;0;0;0;0;0;0;0;0;0;0;1;1;1;1;1;1;1;1;1;1;1;1;1;1;1;1;1;1;1;0;0;0;0;0;0;0;0;0;0.0004;0.088;-0.0884;0;0;0;0;0;0;0;0;0;0;0;0;0;0;0;0;0;0;0;-3.6402;0;0;0;0;0.0004;0;0;0;0;0;0;0;-0.0004;-0.0884;0;0;0;0;0;0;0;0;0;-0.7452;0;0.7452;1;1;0;0;0;0
29/05/21 19:00;0;0;90;0;0;90;0;0;0;0;2.3;3.08;0;0;0;0;0;0;0;0;0;0;0;0;0;1;1;1;1;0;0;0;0;0;0;0;0;0;0;0;0;0;0;0;0;0;0;0;0;0;0;0;0;0;0;0;0;0;0;0;0;0;0;0;1;1;1;1;1;1;1;1;1;1;1;1;1;1;1;1;1;1;1;0;0;0;0;0;0;0;0;0;0.0004;0.088;-0.0884;0;0;0;0;0;0;0;0;0;0;0;0;0;0;0;0;0;0;0;-2.3;0;0;0;0;0.0004;0;0;0;0;0;0;0;-0.0004;-0.0884;0;0;0;0;0;0;0;0;0;-0.7452;0;0.7452;1;1;0;0;0;0
29/05/21 20:00;0;0;90;0;0;90;0;0;0;0;1.5801;2.9;0;0;0;0;0;0;0;0;0;0;0;0;0;1;1;1;1;0;0;0;0;0;0;0;0;0;0;0;0;0;0;0;0;0;0;0;0;0;0;0;0;0;0;0;0;0;0;0;0;0;0;0;1;1;1;1;1;1;1;1;1;1;1;1;1;1;1;1;1;1;1;0;0;0;0;0;0;0;0;0;0.0004;0.088;-0.0884;0;0;0;0;0;0;0;0;0;0;0;0;0;0;0;0;0;0;0;-1.5801;0;0;0;0;0.0004;0;0;0;0;0;0;0;-0.0004;-0.0884;0;0;0;0;0;0;0;0;0;-0.7452;0;0.7452;1;1;0;0;0;0
29/05/21 21:00;0;0;90;0;0;90;0;0;0;0;0.8402;2.7099;0;0;0;0;0;0;0;0;0;0;0;0;0;1;1;1;1;0;0;0;0;0;0;0;0;0;0;0;0;0;0;0;0;0;0;0;0;0;0;0;0;0;0;0;0;0;0;0;0;0;0;0;1;1;1;1;1;1;1;1;1;1;1;1;1;1;1;1;1;1;1;0;0;0;0;0;0;0;0;0;0.0004;0.088;-0.0884;0;0;0;0;0;0;0;0;0;0;0;0;0;0;0;0;0;0;0;-0.8402;0;0;0;0;0.0004;0;0;0;0;0;0;0;-0.0004;-0.0884;0;0;0;0;0;0;0;0;0;-0.7452;0;0.7452;1;1;0;0;0;0
29/05/21 22:00;0;0;90;0;0;90;0;0;0;0;-0.0001;2.6901;0;0;0;0;0;0;0;0;0;0;0;0;0;1;1;1;1;0;0;0;0;0;0;0;0;0;0;0;0;0;0;0;0;0;0;0;0;0;0;0;0;0;0;0;0;0;0;0;0;0;0;0;1;1;1;1;1;1;1;1;1;1;1;1;1;1;1;1;1;1;1;0;0;0;0;0;0;0;0;0;0.0004;0.088;-0.0884;0;0;0;0;0;0;0;0;0;0;0;0;0;0;0;0;0;0;0;0.0001;0;0;0;0;0.0004;0;0;0;0;0;0;0;-0.0004;-0.0884;0;0;0;0;0;0;0;0;0;-0.7452;0;0.7452;1;1;0;0;0;0
29/05/21 23:00;0;0;90;0;0;90;0;0;0;0;-0.02;2.7899;0;0;0;0;0;0;0;0;0;0;0;0;0;1;1;1;1;0;0;0;0;0;0;0;0;0;0;0;0;0;0;0;0;0;0;0;0;0;0;0;0;0;0;0;0;0;0;0;0;0;0;0;1;1;1;1;1;1;1;1;1;1;1;1;1;1;1;1;1;1;1;0;0;0;0;0;0;0;0;0;0.0004;0.088;-0.0884;0;0;0;0;0;0;0;0;0;0;0;0;0;0;0;0;0;0;0;0.02;0;0;0;0;0.0004;0;0;0;0;0;0;0;-0.0004;-0.0884;0;0;0;0;0;0;0;0;0;-0.7452;0;0.7452;1;1;0;0;0;0
30/05/21 00:00;0;0;90;0;0;90;0;0;0;0;-0.7001;2.8501;0;0;0;0;0;0;0;0;0;0;0;0;0;1;1;1;1;0;0;0;0;0;0;0;0;0;0;0;0;0;0;0;0;0;0;0;0;0;0;0;0;0;0;0;0;0;0;0;0;0;0;0;1;1;1;1;1;1;1;1;1;1;1;1;1;1;1;1;1;1;1;0;0;0;0;0;0;0;0;0;0.0004;0.088;-0.0884;0;0;0;0;0;0;0;0;0;0;0;0;0;0;0;0;0;0;0;0.7001;0;0;0;0;0.0004;0;0;0;0;0;0;0;-0.0004;-0.0884;0;0;0;0;0;0;0;0;0;-0.7452;0;0.7452;1;1;0;0;0;0
30/05/21 01:00;0;0;90;0;0;90;0;0;0;0;-1.1701;2.84;0;0;0;0;0;0;0;0;0;0;0;0;0;1;1;1;1;0;0;0;0;0;0;0;0;0;0;0;0;0;0;0;0;0;0;0;0;0;0;0;0;0;0;0;0;0;0;0;0;0;0;0;1;1;1;1;1;1;1;1;1;1;1;1;1;1;1;1;1;1;1;0;0;0;0;0;0;0;0;0;0.0004;0.088;-0.0884;0;0;0;0;0;0;0;0;0;0;0;0;0;0;0;0;0;0;0;1.1701;0;0;0;0;0.0004;0;0;0;0;0;0;0;-0.0004;-0.0884;0;0;0;0;0;0;0;0;0;-0.7452;0;0.7452;1;1;0;0;0;0
30/05/21 02:00;0;0;90;0;0;90;0;0;0;0;-1.7199;2.7999;0;0;0;0;0;0;0;0;0;0;0;0;0;1;1;1;1;0;0;0;0;0;0;0;0;0;0;0;0;0;0;0;0;0;0;0;0;0;0;0;0;0;0;0;0;0;0;0;0;0;0;0;1;1;1;1;1;1;1;1;1;1;1;1;1;1;1;1;1;1;1;0;0;0;0;0;0;0;0;0;0.0004;0.088;-0.0884;0;0;0;0;0;0;0;0;0;0;0;0;0;0;0;0;0;0;0;1.7199;0;0;0;0;0.0004;0;0;0;0;0;0;0;-0.0004;-0.0884;0;0;0;0;0;0;0;0;0;-0.7452;0;0.7452;1;1;0;0;0;0
30/05/21 03:00;0;0;90;0;0;90;0;0;0;0;-1.3801;2.7199;0;0;0;0;0;0;0;0;0;0;0;0;0;1;1;1;1;0;0;0;0;0;0;0;0;0;0;0;0;0;0;0;0;0;0;0;0;0;0;0;0;0;0;0;0;0;0;0;0;0;0;0;1;1;1;1;1;1;1;1;1;1;1;1;1;1;1;1;1;1;1;0;0;0;0;0;0;0;0;0;0.0004;0.088;-0.0884;0;0;0;0;0;0;0;0;0;0;0;0;0;0;0;0;0;0;0;1.3801;0;0;0;0;0.0004;0;0;0;0;0;0;0;-0.0004;-0.0884;0;0;0;0;0;0;0;0;0;-0.7452;0;0.7452;1;1;0;0;0;0
30/05/21 04:00;0;0;90;0;0;90;0;0;0;0;-2.2297;2.6101;0;0;0;0;0;0;0;0;0;0;0;0;0;1;1;1;1;0;0;0;0;0;0;0;0;0;0;0;0;0;0;0;0;0;0;0;0;0;0;0;0;0;0;0;0;0;0;0;0;0;0;0;1;1;1;1;1;1;1;1;1;1;1;1;1;1;1;1;1;1;1;0;0;0;0;0;0;0;0;0;0.0004;0.088;-0.0884;0;0;0;0;0;0;0;0;0;0;0;0;0;0;0;0;0;0;0;2.2297;0;0;0;0;0.0004;0;0;0;0;0;0;0;-0.0004;-0.0884;0;0;0;0;0;0;0;0;0;-0.7452;0;0.7452;1;1;0;0;0;0
30/05/21 05:00;0;0;90;0;0;90;0;0;0;0;-2.0303;2.52;0;0;0;0;0;0;0;0;0;0;0;0;0;1;1;1;1;0;0;0;0;0;0;0;0;0;0;0;0;0;0;0;0;0;0;0;0;0;0;0;0;0;0;0;0;0;0;0;0;0;0;0;1;1;1;1;1;1;1;1;1;1;1;1;1;1;1;1;1;1;1;0;0;0;0;0;0;0;0;0;0.0004;0.088;-0.0884;0;0;0;0;0;0;0;0;0;0;0;0;0;0;0;0;0;0;0;2.0303;0;0;0;0;0.0004;0;0;0;0;0;0;0;-0.0004;-0.0884;0;0;0;0;0;0;0;0;0;-0.7452;0;0.7452;1;1;0;0;0;0
30/05/21 06:00;0;0;90;0;0;90;0;0;0;0;-2.6;2.41;0;0;0;0;0;0;0;0;0;0;0;0;0;1;1;1;1;0;0;0;0;0;0;0;0;0;0;0;0;0;0;0;0;0;0;0;0;0;0;0;0;0;0;0;0;0;0;0;0;0;0;0;1;1;1;1;1;1;1;1;1;1;1;1;1;1;1;1;1;1;1;0;0;0;0;0;0;0;0;0;0.0004;0.088;-0.0884;0;0;0;0;0;0;0;0;0;0;0;0;0;0;0;0;0;0;0;2.6;0;0;0;0;0.0004;0;0;0;0;0;0;0;-0.0004;-0.0884;0;0;0;0;0;0;0;0;0;-0.7452;0;0.7452;1;1;0;0;0;0
30/05/21 07:00;5.4014;-58.433;76.803;6.3324;9.1831;-90;-9.1831;82.397;13.603;68.793;-1.4001;2.9301;0;166.84;6.0826;18.145;0;0.0898;191.16;0;191.16;166.84;18.145;6.0826;0.0898;0.8728;0.0323;0;0.0005;191.05;0.1126;0;0;0.038;0.0746;148.81;41.852;37.519;4.0804;0.2496;0.0034;190.67;0.3821;0.3337;0.0363;0.0121;0;148.81;128.99;14.028;5.783;0.0118;4.0129;3.3307;1.0986;0.0013;0.0367;0.5286;0.0011;0.5641;0;1;0;0;2.32;0.9994;1;1;0.9937;0.1694;0.7805;0.7747;1;0.9586;0.7756;0.998;0.998;1;0.998;0.998;0.7785;0.9507;0.1311;0.544;0.4268;0.0026;0.0172;-0.0293;0.0031;0.0108;0.0001;0;0;0.088;0.3158;0;0;0;0;0;0;0;0;0;0;0;0;0.0087;0.0006;0.413;0.413;0;5.7933;5.7933;7.1934;0.0483;364.17;1134;1;0.0092;0.0092;0;0;0;0;0;0;0.4038;0.3158;0;14.276;16.531;10.917;12.642;97.781;97.781;4.5879;3.4827;2.6633;1.1051;0.8194;0.2409;0.1786;0.5805;3.6391;0.5793;0
30/05/21 08:00;15.106;-48.613;50.8;19.788;35.402;-90;-35.402;299;49.297;249.7;0.8003;2.7001;0;605.59;12.479;86.211;0;4.6989;708.98;0;708.98;605.59;86.211;12.479;4.6989;0.8542;0.0242;0;0.0066;704.06;4.9223;0;0;0.717;4.2053;692.81;9.8394;8.2232;1.1706;0.3792;0.0663;702.65;1.4081;1.2112;0.1724;0.0235;0.001;692.88;596.16;84.868;11.36;0.4263;9.957;8.2643;2.9767;0.3355;0.0965;1.3878;0.073;1.1488;0;1;0;0;2.3712;0.9931;1;1;0.9425;0.1051;0.986;0.9864;1;0.9677;0.8654;0.998;0.998;1;0.998;0.998;0.9772;0.9103;0.0907;2.0177;1.9852;0.012;-0.0002;0.0676;0.0133;0.0473;0.0003;0;0;0.088;1.6794;0;0;0;0;0;0;0;0;0;0;0;0;0.0381;0.0094;1.7974;1.7974;0;34.779;34.779;33.979;0.049;1709.2;1051.6;1;0.0299;0.0299;0;0;0;0;0;0;1.7674;1.6794;0;16.752;19.399;15.653;18.126;98.335;98.335;17.016;15.157;14.163;1.8581;0.9945;0.1092;0.0584;0.8324;8.5594;0.8311;0
30/05/21 09:00;23.438;-36.787;47.29;35.902;54.098;-90;-54.098;387.8;64.298;323.5;4.4499;2.33;0;551.68;19.784;67.113;0;13.633;652.21;0;652.21;551.68;67.113;19.784;13.633;0.8459;0.0512;0;0.0209;637.37;14.835;0;0;2.1332;12.702;628.58;7.5208;6.1378;0.7467;0.5974;0.039;636.1;1.2747;1.1034;0.1342;0.0353;0.0019;631.38;544.43;66.232;17.019;0.8907;125.09;103.82;32.92;2.2947;1.3781;19.823;2.8091;18.906;0;1;0;0;1.6818;0.9773;1;1;0.8922;0.0683;0.9882;0.9889;1;0.9661;0.9581;0.998;0.998;1;0.998;0.998;0.9638;0.8602;0.0653;1.8561;1.8462;0.0111;0.0011;0.0664;0.0124;0.0439;0.0036;0;0;0.088;1.5489;0;0;0;0;0;0;0;0;0;0;0;0;0.0353;0.0082;1.6642;1.6642;0;35.299;35.299;30.849;0.0491;1588.4;1047.7;1;0.0273;0.0273;0;0;0;0;0;0;1.6369;1.5489;0;16.861;19.524;15.693;18.172;98.361;98.361;15.653;14.034;13.062;1.6188;0.9722;0.1034;0.0621;0.8345;16.119;0.8159;0
30/05/21 10:00;29.551;-22.798;53.317;55.649;34.351;-90;-34.351;498.5;82.398;416.11;7.9898;1.3401;0;504;27.459;63.367;0;7.3898;602.22;0;602.22;504;63.367;27.459;7.3898;0.8369;0.0579;0;0.0123;594.13;8.0864;0;0;1.5048;6.5816;582.15;10.791;8.7392;1.0987;0.8372;0.1158;592.95;1.1883;1.008;0.1267;0.0519;0.0016;584.17;494.26;62.141;25.065;0.6908;254.31;211.08;71.961;0.6652;2.2146;31.857;2.0114;33.406;0;1;0;0;1.2081;0.9866;1;1;0.9452;0.1094;0.9818;0.9826;1;0.9677;0.8564;0.998;0.998;1;0.998;0.998;0.9667;0.9128;0.0935;1.7139;1.7352;0.0105;0.0022;0.0705;0.0116;0.041;0.0058;0;0;0.088;1.4403;0;0;0;0;0;0;0;0;0;0;0;0;0.033;0.0073;1.5533;1.5533;0;36.598;36.598;28.608;0.0491;1492.1;1041;1;0.025;0.025;0;0;0;0;0;0;1.5283;1.4403;0;17.044;19.737;15.804;18.3;98.389;98.389;14.453;13.099;12.146;1.354;0.9531;0.0937;0.0659;0.8404;18.681;0.8084;0
30/05/21 11:00;32.714;-6.9465;56.637;79.337;10.663;-90;-10.663;554.51;92.402;462.11;10.54;0.58;0;470.23;32.661;60.502;0;0.8139;564.2;0;564.2;470.23;60.502;32.661;0.8139;0.8334;0.0593;0;0.0014;563.27;0.9377;0;0;0.262;0.6757;547.42;14.714;11.85;1.5247;1.3085;0.031;562.14;1.1265;0.9405;0.121;0.0648;0.0003;547.58;457.44;58.856;31.025;0.1069;323.42;268.43;89.123;0.0123;2.9178;41.972;0.1571;44.877;0;1;0;0;1.0175;0.9983;1;1;0.992;0.1698;0.9738;0.9747;1;0.9595;0.7755;0.998;0.998;1;0.998;0.998;0.9703;0.9499;0.1314;1.6057;1.6507;0.0099;0.0032;0.0722;0.011;0.0389;0.0076;0;0;0.088;1.3587;0;0;0;0;0;0;0;0;0;0;0;0;0.0313;0.0066;1.47;1.47;0;37.467;37.467;26.927;0.0492;1418.7;1036.1;1;0.0233;0.0233;0;0;0;0;0;0;1.4467;1.3587;0;17.217;19.937;15.913;18.427;98.413;98.413;13.541;12.397;11.458;1.1441;0.9389;0.0845;0.0693;0.8462;19.611;0.8015;0
30/05/21 12:00;32.431;9.582;56.332;75.319;14.681;90;14.681;547.59;96.4;451.19;12.91;0.69;0;466.42;34.787;63.096;0;1.5196;565.82;0;565.82;466.42;63.096;34.787;1.5196;0.8243;0.0642;0;0.0027;564.08;1.7454;0;0;0.4796;1.2658;548.72;14.233;11.344;1.5345;1.2974;0.057;562.95;1.1282;0.9328;0.1262;0.0686;0.0005;549.06;454.14;61.435;32.941;0.1963;316.11;262.37;86.535;0.0421;2.8913;41.59;0.3423;44.439;0;1;0;0;1.0333;0.9969;1;1;0.9862;0.167;0.9747;0.9756;1;0.9621;0.7751;0.998;0.998;1;0.998;0.998;0.9698;0.9469;0.1292;1.6103;1.6542;0.01;0.0032;0.087;0.0109;0.0386;0.0074;0;0;0.088;1.3485;0;0;0;0;0;0;0;0;0;0;0;0;0.0311;0.0067;1.4594;1.4594;0;39.956;39.956;27.046;0.0493;1422.1;1026.3;1;0.023;0.023;0;0;0;0;0;0;1.4365;1.3485;0;17.044;19.737;15.748;18.236;98.427;98.427;13.58;12.308;11.372;1.2721;0.9357;0.0937;0.0689;0.8374;21.146;0.7937;0
30/05/21 13:00;28.749;25.192;52.5;52.193;37.807;90;37.807;481.51;99.001;382.51;14;1.07;0;484.14;35.578;74.994;0;8.5918;603.3;0;603.3;484.14;74.994;35.578;8.5918;0.8025;0.0732;0;0.0142;593.22;10.082;0;0;2.2721;7.8104;581.96;10.073;7.7144;1.195;1.0738;0.0898;592.03;1.1864;0.9683;0.15;0.0666;0.0016;584.34;475.46;73.649;32.165;0.69;237.22;196.9;66.448;1.1965;2.1474;30.89;2.3821;31.841;0;1;0;0;1.2529;0.9833;1;1;0.9361;0.0909;0.983;0.984;1;0.9677;0.8848;0.998;0.998;1;0.998;0.998;0.9646;0.9041;0.0803;1.717;1.7337;0.0104;0.0023;0.1082;0.0113;0.04;0.0055;0;0;0.088;1.4046;0;0;0;0;0;0;0;0;0;0;0;0;0.0323;0.0073;1.5165;1.5165;0;42.744;42.744;28.744;0.0494;1491.5;1016.7;1;0.0239;0.0239;0;0;0;0;0;0;1.4926;1.4046;0;16.61;19.234;15.385;17.815;98.425;98.425;14.479;12.789;11.845;1.6904;0.9435;0.1167;0.0652;0.8181;24.88;0.7879;0
30/05/21 14:00;22.228;38.831;46.146;33.094;56.906;90;56.906;362.31;104.2;258.11;14.2;1.32;0;472.7;39.191;97.989;0;13.981;623.86;0;623.86;472.7;97.989;39.191;13.981;0.7577;0.0852;0;0.0224;606.21;17.659;0;0;4.5628;13.096;597.79;7.2077;4.9436;1.0248;1.1938;0.0455;604.99;1.2124;0.9454;0.196;0.0693;0.0018;600.52;466.81;96.768;33.365;0.8378;110.38;91.612;30.927;5.4295;1.3152;18.919;2.7349;14.805;0;1;0;0;1.7219;0.9717;1;1;0.8836;0.0633;0.9881;0.9895;1;0.9655;0.9485;0.998;0.998;1;0.998;0.998;0.9582;0.8513;0.0599;1.7755;1.756;0.0106;0.002;0.1158;0.0114;0.0404;0.0033;0;0;0.088;1.4203;0;0;0;0;0;0;0;0;0;0;0;0;0.0325;0.0075;1.5325;1.5325;0;43.747;43.747;29.547;0.0494;1511.8;1013.7;1;0.0241;0.0241;0;0;0;0;0;0;1.5083;1.4203;0;16.232;18.796;15.044;17.421;98.425;98.425;14.973;12.924;11.978;2.0492;0.9456;0.1369;0.0632;0.8;32.924;0.7822;0
30/05/21 15:00;13.606;50.329;55.212;17.456;29.222;90;29.222;195.7;108.9;86.799;14.39;1.4301;0;210.51;73.656;73.335;0;2.117;359.62;0;359.62;210.51;73.335;73.656;2.117;0.5854;0.2107;0;0.0059;354.64;4.9827;0;0;3.1341;1.8486;345.51;8.4151;4.4993;1.5674;2.2995;0.0489;353.93;0.7093;0.421;0.1467;0.141;0.0005;345.77;205.59;71.621;68.081;0.219;48.864;40.557;13.421;1.0186;0.5098;7.3334;0.2629;6.8246;0;1;0;0;1.8376;0.9861;1;1;0.9574;0.1268;0.9762;0.9786;1;0.9673;0.8174;0.998;0.998;1;0.998;0.998;0.9608;0.9243;0.1034;1.0234;1.004;0.006;0.0121;0.0226;0.0067;0.0239;0.0013;0;0;0.088;0.8063;0;0;0;0;0;0;0;0;0;0;0;0;0.0193;0.0027;0.9092;0.9092;0;31.34;31.34;16.95;0.0491;862.43;1054.3;1;0.0149;0.0149;0;0;0;0;0;0;0.8943;0.8063;0;16.707;19.346;14.817;17.157;98.363;98.363;8.6309;7.6676;6.8;0.9632;0.8676;0.1116;0.1005;0.7879;48.29;0.776;0
30/05/21 16:00;4.4128;59.297;79.245;5.1286;7.3926;90;7.3926;27.895;27.399;0.4961;13.45;1.88;0;1.2031;27.153;0.3224;0;0.0197;28.698;0;28.698;1.2031;0.3224;27.153;0.0197;0.0419;0.9468;0;0.0007;28.563;0.1357;0;0;0.1193;0.0164;26.912;1.5938;0.3543;0.095;1.1438;0.0007;28.505;0.0571;0.0024;0.0006;0.0541;0;26.914;0.8464;0.2268;25.836;0.0026;16.189;13.437;4.1918;0.0023;0.1637;2.3543;0.0025;2.5157;0;1;0;0;1.0288;0.9953;1;1;0.9956;0.1674;0.9441;0.7049;1;0.9576;0.7756;0.998;0.998;1;0.998;0.998;0.9377;0.9515;0.1295;0.0817;0.0817;0.0005;0.0101;-0.0031;0.0005;0.0018;0.0004;0;0;0.088;-0.0219;0;0;0;0;0;0;0;0;0;0;0;0;0.0015;0.0001;0.0699;0.0699;0;14.787;14.787;1.3371;0.0497;68.15;1025.6;1;0.0038;0.0038;0;0;0;0;0;0;0.0661;-0.0219;0;16.093;18.636;-5.0373;-5.833;94.606;94.606;0.6888;0.5894;-0.1845;0.0993;0.7739;0.1442;1.1236;0;16.186;0;0
30/05/21 17:00;0;0;90;0;0;90;0;0;0;0;7.42;2.1;0;0;0;0;0;0;0;0;0;0;0;0;0;1;1;1;1;0;0;0;0;0;0;0;0;0;0;0;0;0;0;0;0;0;0;0;0;0;0;0;0;0;0;0;0;0;0;0;0;0;0;0;1;1;1;1;1;1;1;1;1;1;1;1;1;1;1;1;1;1;1;0;0;0;0;0;0;0;0;0;0.0004;0.088;-0.0884;0;0;0;0;0;0;0;0;0;0;0;0;0;0;0;0;0;0;0;-7.42;0;0;0;0;0.0004;0;0;0;0;0;0;0;-0.0004;-0.0884;0;0;0;0;0;0;0;0;0;-0.7452;0;0.7452;1;1;0;0;0;0
30/05/21 18:00;0;0;90;0;0;90;0;0;0;0;4.86;2.27;0;0;0;0;0;0;0;0;0;0;0;0;0;1;1;1;1;0;0;0;0;0;0;0;0;0;0;0;0;0;0;0;0;0;0;0;0;0;0;0;0;0;0;0;0;0;0;0;0;0;0;0;1;1;1;1;1;1;1;1;1;1;1;1;1;1;1;1;1;1;1;0;0;0;0;0;0;0;0;0;0.0004;0.088;-0.0884;0;0;0;0;0;0;0;0;0;0;0;0;0;0;0;0;0;0;0;-4.86;0;0;0;0;0.0004;0;0;0;0;0;0;0;-0.0004;-0.0884;0;0;0;0;0;0;0;0;0;-0.7452;0;0.7452;1;1;0;0;0;0
30/05/21 19:00;0;0;90;0;0;90;0;0;0;0;2.8697;2.41;0;0;0;0;0;0;0;0;0;0;0;0;0;1;1;1;1;0;0;0;0;0;0;0;0;0;0;0;0;0;0;0;0;0;0;0;0;0;0;0;0;0;0;0;0;0;0;0;0;0;0;0;1;1;1;1;1;1;1;1;1;1;1;1;1;1;1;1;1;1;1;0;0;0;0;0;0;0;0;0;0.0004;0.088;-0.0884;0;0;0;0;0;0;0;0;0;0;0;0;0;0;0;0;0;0;0;-2.8697;0;0;0;0;0.0004;0;0;0;0;0;0;0;-0.0004;-0.0884;0;0;0;0;0;0;0;0;0;-0.7452;0;0.7452;1;1;0;0;0;0
30/05/21 20:00;0;0;90;0;0;90;0;0;0;0;1.9902;2.5301;0;0;0;0;0;0;0;0;0;0;0;0;0;1;1;1;1;0;0;0;0;0;0;0;0;0;0;0;0;0;0;0;0;0;0;0;0;0;0;0;0;0;0;0;0;0;0;0;0;0;0;0;1;1;1;1;1;1;1;1;1;1;1;1;1;1;1;1;1;1;1;0;0;0;0;0;0;0;0;0;0.0004;0.088;-0.0884;0;0;0;0;0;0;0;0;0;0;0;0;0;0;0;0;0;0;0;-1.9902;0;0;0;0;0.0004;0;0;0;0;0;0;0;-0.0004;-0.0884;0;0;0;0;0;0;0;0;0;-0.7452;0;0.7452;1;1;0;0;0;0
30/05/21 21:00;0;0;90;0;0;90;0;0;0;0;1.3401;2.5599;0;0;0;0;0;0;0;0;0;0;0;0;0;1;1;1;1;0;0;0;0;0;0;0;0;0;0;0;0;0;0;0;0;0;0;0;0;0;0;0;0;0;0;0;0;0;0;0;0;0;0;0;1;1;1;1;1;1;1;1;1;1;1;1;1;1;1;1;1;1;1;0;0;0;0;0;0;0;0;0;0.0004;0.088;-0.0884;0;0;0;0;0;0;0;0;0;0;0;0;0;0;0;0;0;0;0;-1.3401;0;0;0;0;0.0004;0;0;0;0;0;0;0;-0.0004;-0.0884;0;0;0;0;0;0;0;0;0;-0.7452;0;0.7452;1;1;0;0;0;0
30/05/21 22:00;0;0;90;0;0;90;0;0;0;0;0.7199;2.5599;0;0;0;0;0;0;0;0;0;0;0;0;0;1;1;1;1;0;0;0;0;0;0;0;0;0;0;0;0;0;0;0;0;0;0;0;0;0;0;0;0;0;0;0;0;0;0;0;0;0;0;0;1;1;1;1;1;1;1;1;1;1;1;1;1;1;1;1;1;1;1;0;0;0;0;0;0;0;0;0;0.0004;0.088;-0.0884;0;0;0;0;0;0;0;0;0;0;0;0;0;0;0;0;0;0;0;-0.7199;0;0;0;0;0.0004;0;0;0;0;0;0;0;-0.0004;-0.0884;0;0;0;0;0;0;0;0;0;-0.7452;0;0.7452;1;1;0;0;0;0
30/05/21 23:00;0;0;90;0;0;90;0;0;0;0;-0.1603;2.5599;0;0;0;0;0;0;0;0;0;0;0;0;0;1;1;1;1;0;0;0;0;0;0;0;0;0;0;0;0;0;0;0;0;0;0;0;0;0;0;0;0;0;0;0;0;0;0;0;0;0;0;0;1;1;1;1;1;1;1;1;1;1;1;1;1;1;1;1;1;1;1;0;0;0;0;0;0;0;0;0;0.0004;0.088;-0.0884;0;0;0;0;0;0;0;0;0;0;0;0;0;0;0;0;0;0;0;0.1603;0;0;0;0;0.0004;0;0;0;0;0;0;0;-0.0004;-0.0884;0;0;0;0;0;0;0;0;0;-0.7452;0;0.7452;1;1;0;0;0;0
31/05/21 00:00;0;0;90;0;0;90;0;0;0;0;0.1302;2.58;0;0;0;0;0;0;0;0;0;0;0;0;0;1;1;1;1;0;0;0;0;0;0;0;0;0;0;0;0;0;0;0;0;0;0;0;0;0;0;0;0;0;0;0;0;0;0;0;0;0;0;0;1;1;1;1;1;1;1;1;1;1;1;1;1;1;1;1;1;1;1;0;0;0;0;0;0;0;0;0;0.0004;0.088;-0.0884;0;0;0;0;0;0;0;0;0;0;0;0;0;0;0;0;0;0;0;-0.1302;0;0;0;0;0.0004;0;0;0;0;0;0;0;-0.0004;-0.0884;0;0;0;0;0;0;0;0;0;-0.7452;0;0.7452;1;1;0;0;0;0
31/05/21 01:00;0;0;90;0;0;90;0;0;0;0;-0.6602;2.58;0;0;0;0;0;0;0;0;0;0;0;0;0;1;1;1;1;0;0;0;0;0;0;0;0;0;0;0;0;0;0;0;0;0;0;0;0;0;0;0;0;0;0;0;0;0;0;0;0;0;0;0;1;1;1;1;1;1;1;1;1;1;1;1;1;1;1;1;1;1;1;0;0;0;0;0;0;0;0;0;0.0004;0.088;-0.0884;0;0;0;0;0;0;0;0;0;0;0;0;0;0;0;0;0;0;0;0.6602;0;0;0;0;0.0004;0;0;0;0;0;0;0;-0.0004;-0.0884;0;0;0;0;0;0;0;0;0;-0.7452;0;0.7452;1;1;0;0;0;0
31/05/21 02:00;0;0;90;0;0;90;0;0;0;0;-1.5397;2.59;0;0;0;0;0;0;0;0;0;0;0;0;0;1;1;1;1;0;0;0;0;0;0;0;0;0;0;0;0;0;0;0;0;0;0;0;0;0;0;0;0;0;0;0;0;0;0;0;0;0;0;0;1;1;1;1;1;1;1;1;1;1;1;1;1;1;1;1;1;1;1;0;0;0;0;0;0;0;0;0;0.0004;0.088;-0.0884;0;0;0;0;0;0;0;0;0;0;0;0;0;0;0;0;0;0;0;1.5397;0;0;0;0;0.0004;0;0;0;0;0;0;0;-0.0004;-0.0884;0;0;0;0;0;0;0;0;0;-0.7452;0;0.7452;1;1;0;0;0;0
31/05/21 03:00;0;0;90;0;0;90;0;0;0;0;-1.6301;2.6901;0;0;0;0;0;0;0;0;0;0;0;0;0;1;1;1;1;0;0;0;0;0;0;0;0;0;0;0;0;0;0;0;0;0;0;0;0;0;0;0;0;0;0;0;0;0;0;0;0;0;0;0;1;1;1;1;1;1;1;1;1;1;1;1;1;1;1;1;1;1;1;0;0;0;0;0;0;0;0;0;0.0004;0.088;-0.0884;0;0;0;0;0;0;0;0;0;0;0;0;0;0;0;0;0;0;0;1.6301;0;0;0;0;0.0004;0;0;0;0;0;0;0;-0.0004;-0.0884;0;0;0;0;0;0;0;0;0;-0.7452;0;0.7452;1;1;0;0;0;0
31/05/21 04:00;0;0;90;0;0;90;0;0;0;0;-1.5603;2.9;0;0;0;0;0;0;0;0;0;0;0;0;0;1;1;1;1;0;0;0;0;0;0;0;0;0;0;0;0;0;0;0;0;0;0;0;0;0;0;0;0;0;0;0;0;0;0;0;0;0;0;0;1;1;1;1;1;1;1;1;1;1;1;1;1;1;1;1;1;1;1;0;0;0;0;0;0;0;0;0;0.0004;0.088;-0.0884;0;0;0;0;0;0;0;0;0;0;0;0;0;0;0;0;0;0;0;1.5603;0;0;0;0;0.0004;0;0;0;0;0;0;0;-0.0004;-0.0884;0;0;0;0;0;0;0;0;0;-0.7452;0;0.7452;1;1;0;0;0;0
31/05/21 05:00;0;0;90;0;0;90;0;0;0;0;-1.9299;3.15;0;0;0;0;0;0;0;0;0;0;0;0;0;1;1;1;1;0;0;0;0;0;0;0;0;0;0;0;0;0;0;0;0;0;0;0;0;0;0;0;0;0;0;0;0;0;0;0;0;0;0;0;1;1;1;1;1;1;1;1;1;1;1;1;1;1;1;1;1;1;1;0;0;0;0;0;0;0;0;0;0.0004;0.088;-0.0884;0;0;0;0;0;0;0;0;0;0;0;0;0;0;0;0;0;0;0;1.9299;0;0;0;0;0.0004;0;0;0;0;0;0;0;-0.0004;-0.0884;0;0;0;0;0;0;0;0;0;-0.7452;0;0.7452;1;1;0;0;0;0
31/05/21 06:00;0;0;90;0;0;90;0;0;0;0;-2.2198;3.23;0;0;0;0;0;0;0;0;0;0;0;0;0;1;1;1;1;0;0;0;0;0;0;0;0;0;0;0;0;0;0;0;0;0;0;0;0;0;0;0;0;0;0;0;0;0;0;0;0;0;0;0;1;1;1;1;1;1;1;1;1;1;1;1;1;1;1;1;1;1;1;0;0;0;0;0;0;0;0;0;0.0004;0.088;-0.0884;0;0;0;0;0;0;0;0;0;0;0;0;0;0;0;0;0;0;0;2.2198;0;0;0;0;0.0004;0;0;0;0;0;0;0;-0.0004;-0.0884;0;0;0;0;0;0;0;0;0;-0.7452;0;0.7452;1;1;0;0;0;0
31/05/21 07:00;5.2839;-58.347;77.094;6.2007;8.9855;-90;-8.9855;80.99;13.397;67.594;-1.8302;3.9099;0;163.93;5.9578;17.952;0;0.0845;187.93;0;187.93;163.93;17.952;5.9578;0.0845;0.8723;0.0322;0;0.0004;187.82;0.1061;0;0;0.0359;0.0702;144.98;42.469;38.053;4.1672;0.2452;0.0032;187.45;0.3756;0.3279;0.0359;0.0118;0;144.98;125.55;13.749;5.6649;0.0111;3.9304;3.2622;1.076;0.0012;0.036;0.5176;0.001;0.5524;0;1;0;0;2.3204;0.9994;1;1;0.994;0.1693;0.7734;0.7674;1;0.9585;0.7756;0.998;0.998;1;0.998;0.998;0.7715;0.9508;0.1311;0.5348;0.4158;0.0025;0.0172;-0.0295;0.003;0.0106;0.0001;0;0;0.088;0.3057;0;0;0;0;0;0;0;0;0;0;0;0;0.0085;0.0006;0.4028;0.4028;0;5.1758;5.1758;7.006;0.0483;354.67;1135.8;1;0.0091;0.0091;0;0;0;0;0;0;0.3937;0.3057;0;14.164;16.402;10.751;12.449;97.747;97.747;4.5103;3.397;2.5784;1.1132;0.8186;0.2468;0.1815;0.5717;3.5629;0.5705;0
31/05/21 08:00;14.978;-48.54;51.184;19.647;34.983;-90;-34.983;247.89;40.903;206.99;1.7303;3.4299;0;502.01;14.776;59.808;0;3.807;580.4;0;580.4;502.01;59.808;14.776;3.807;0.8649;0.032;0;0.0066;576.17;4.2338;0;0;0.8332;3.4005;566.62;8.3984;7.0525;0.8402;0.4496;0.0561;575.02;1.1523;1.004;0.1196;0.0279;0.0008;566.73;493.96;58.848;13.465;0.3496;11.236;9.3261;2.9097;0.3809;0.1382;1.9885;0.1159;1.7458;0;1;0;0;2.3413;0.9927;1;1;0.9436;0.1068;0.9854;0.9859;1;0.9677;0.8617;0.998;0.998;1;0.998;0.998;0.9763;0.9113;0.0918;1.6518;1.6255;0.0098;0.0035;0.0251;0.0111;0.0394;0.0004;0;0;0.088;1.3855;0;0;0;0;0;0;0;0;0;0;0;0;0.0317;0.0065;1.498;1.498;0;29.414;29.414;27.684;0.0489;1398.8;1070.9;1;0.0245;0.0245;0;0;0;0;0;0;1.4735;1.3855;0;17.055;19.749;15.774;18.266;98.366;98.366;13.93;12.633;11.684;1.297;0.9486;0.0931;0.0681;0.8388;10.101;0.8366;0
31/05/21 09:00;23.3;-36.734;47.397;35.756;54.244;-90;-54.244;380.91;64.298;316.61;5.4198;2.2399;0;541.82;20.244;66.301;0;13.458;641.82;0;641.82;541.82;66.301;20.244;13.458;0.8442;0.0525;0;0.021;627.09;14.73;0;0;2.1913;12.539;618.38;7.4539;6.062;0.7418;0.6115;0.0386;625.84;1.2542;1.0836;0.1326;0.0361;0.0018;621.17;534.67;65.426;17.405;0.8784;122.36;101.56;32.129;2.3702;1.3609;19.576;2.7808;18.566;0;1;0;0;1.685;0.977;1;1;0.8918;0.0683;0.9881;0.9888;1;0.9661;0.9579;0.998;0.998;1;0.998;0.998;0.9635;0.8598;0.0653;1.8266;1.8164;0.0109;0.0014;0.0685;0.0121;0.0431;0.0036;0;0;0.088;1.5195;0;0;0;0;0;0;0;0;0;0;0;0;0.0347;0.0079;1.6342;1.6342;0;35.782;35.782;30.362;0.0491;1562.9;1045.6;1;0.0267;0.0267;0;0;0;0;0;0;1.6075;1.5195;0;16.825;19.483;15.645;18.116;98.368;98.368;15.404;13.781;12.814;1.6223;0.967;0.1053;0.0628;0.8319;16.52;0.8133;0
31/05/21 10:00;29.407;-22.776;53.439;55.516;34.484;-90;-34.484;497.9;82.098;415.8;8.8001;1.8399;0;504.43;27.148;63.492;0;7.4363;602.51;0;602.51;504.43;63.492;27.148;7.4363;0.8372;0.0574;0;0.0123;594.39;8.1239;0;0;1.4968;6.6271;582.28;10.918;8.8607;1.1153;0.8274;0.115;593.2;1.1888;1.0089;0.127;0.0513;0.0016;584.38;494.56;62.25;24.772;0.6926;253.6;210.49;70.28;0.6664;2.305;33.156;2.1029;34.795;0;1;0;0;1.2101;0.9865;1;1;0.9449;0.1088;0.9816;0.9824;1;0.9677;0.8575;0.998;0.998;1;0.998;0.998;0.9664;0.9125;0.0931;1.7147;1.7384;0.0105;0.0022;0.0757;0.0115;0.041;0.006;0;0;0.088;1.4382;0;0;0;0;0;0;0;0;0;0;0;0;0.033;0.0073;1.5512;1.5512;0;37.434;37.434;28.634;0.0492;1494.9;1037.7;1;0.0249;0.0249;0;0;0;0;0;0;1.5262;1.4382;0;17.012;19.7;15.774;18.266;98.393;98.393;14.46;13.081;12.129;1.3792;0.9523;0.0954;0.0659;0.8388;18.488;0.8056;0
31/05/21 11:00;32.57;-6.9656;56.774;79.25;10.75;-90;-10.75;555.19;91.904;463.29;12.16;1.8;0;471.56;32.08;60.603;0;0.8281;565.08;0;565.08;471.56;60.603;32.08;0.8281;0.8345;0.0582;0;0.0015;564.13;0.9484;0;0;0.2608;0.6876;548.06;14.944;12.077;1.552;1.2834;0.0315;563;1.1283;0.9431;0.1212;0.0636;0.0003;548.22;458.54;58.93;30.472;0.1088;323.75;268.71;89.223;0.0125;2.9202;42.006;0.1605;44.914;0;1;0;0;1.0178;0.9983;1;1;0.9919;0.1698;0.9735;0.9743;1;0.9596;0.7755;0.998;0.998;1;0.998;0.998;0.9699;0.9499;0.1314;1.6082;1.6526;0.01;0.0032;0.0822;0.0109;0.0387;0.0075;0;0;0.088;1.3513;0;0;0;0;0;0;0;0;0;0;0;0;0.0311;0.0067;1.4624;1.4624;0;39.155;39.155;26.996;0.0493;1420.6;1029.4;1;0.0231;0.0231;0;0;0;0;0;0;1.4393;1.3513;0;17.101;19.803;15.802;18.299;98.423;98.423;13.562;12.332;11.396;1.2294;0.9366;0.0906;0.0691;0.8403;19.266;0.796;0
31/05/21 12:00;32.295;9.5206;56.477;75.335;14.665;90;14.665;543.1;96.799;446.3;14.7;1.9299;0;461.33;35.344;62.92;0;1.5039;561.1;0;561.1;461.33;62.92;35.344;1.5039;0.8222;0.0657;0;0.0027;559.36;1.7391;0;0;0.4864;1.2527;543.9;14.343;11.412;1.5564;1.3185;0.0564;558.24;1.1187;0.9227;0.1258;0.0697;0.0005;544.24;449;61.238;33.469;0.1943;313.55;260.25;85.827;0.0426;2.8684;41.261;0.3386;44.087;0;1;0;0;1.0331;0.9969;1;1;0.9862;0.167;0.9743;0.9752;1;0.9621;0.7751;0.998;0.998;1;0.998;0.998;0.9693;0.947;0.1292;1.5968;1.6397;0.0099;0.0034;0.0955;0.0107;0.038;0.0073;0;0;0.088;1.3273;0;0;0;0;0;0;0;0;0;0;0;0;0.0306;0.0066;1.4378;1.4378;0;41.544;41.544;26.844;0.0494;1409.8;1019.8;1;0.0224;0.0224;0;0;0;0;0;0;1.4153;1.3273;0;16.932;19.607;15.632;18.101;98.44;98.44;13.466;12.125;11.194;1.3414;0.9312;0.0996;0.0692;0.8312;21.483;0.7879;0
31/05/21 13:00;28.629;25.098;52.643;52.152;37.848;90;37.848;475.9;101.1;374.8;16.02;2.0099;0;474.65;37.196;75.396;0;8.5095;595.75;0;595.75;474.65;75.396;37.196;8.5095;0.7967;0.0767;0;0.0143;585.63;10.116;0;0;2.3794;7.737;574.36;10.104;7.6736;1.2189;1.1225;0.0885;584.46;1.1713;0.9493;0.1508;0.0696;0.0015;576.72;466.02;74.026;33.624;0.6825;234.67;194.78;65.737;1.2554;2.1286;30.62;2.3627;31.493;0;1;0;0;1.2518;0.983;1;1;0.936;0.0908;0.9827;0.9838;1;0.9677;0.8852;0.998;0.998;1;0.998;0.998;0.9641;0.904;0.0802;1.6955;1.7114;0.0103;0.0025;0.1171;0.0111;0.0393;0.0054;0;0;0.088;1.3758;0;0;0;0;0;0;0;0;0;0;0;0;0.0316;0.0071;1.487;1.487;0;44.429;44.429;28.409;0.0495;1472.4;1009.9;1;0.0232;0.0232;0;0;0;0;0;0;1.4638;1.3758;0;16.493;19.099;15.26;17.671;98.44;98.44;14.298;12.54;11.602;1.7581;0.9377;0.123;0.0656;0.8115;26.02;0.7814;0
31/05/21 14:00;22.127;38.718;46.284;33.026;56.974;90;56.974;350.2;113.7;236.49;16.24;1.6601;0;433.91;46.32;98.603;0;13.543;592.38;0;592.38;433.91;98.603;46.32;13.543;0.7325;0.1011;0;0.0229;574.29;18.088;0;0;5.4021;12.686;566.08;7.0676;4.5728;1.0391;1.4113;0.0443;573.14;1.1486;0.8678;0.1972;0.0818;0.0017;568.84;428.47;97.367;39.425;0.8114;110.69;91.869;31.197;6.4435;1.3719;19.735;2.7612;14.663;0;1;0;0;1.6916;0.9695;1;1;0.8834;0.0633;0.9877;0.9894;1;0.9654;0.9482;0.998;0.998;1;0.998;0.998;0.9556;0.8511;0.0599;1.6859;1.667;0.01;0.003;0.1131;0.0108;0.0383;0.0035;0;0;0.088;1.3403;0;0;0;0;0;0;0;0;0;0;0;0;0.0308;0.0068;1.4508;1.4508;0;44.237;44.237;27.997;0.0495;1435.3;1010.8;1;0.0225;0.0225;0;0;0;0;0;0;1.4283;1.3403;0;16.184;18.74;14.951;17.313;98.448;98.448;14.217;12.235;11.303;1.9824;0.932;0.1394;0.0656;0.795;38.943;0.7757;0
31/05/21 15:00;13.523;50.206;55.45;17.381;29.045;90;29.045;193.51;109;84.511;15.36;1.14;0;204.96;74.355;71.92;0;2.0686;353.31;0;353.31;204.96;71.92;74.355;2.0686;0.5801;0.2163;0;0.0059;348.37;4.9381;0;0;3.1333;1.8047;339.22;8.4533;4.5016;1.5796;2.3238;0.0483;347.67;0.6967;0.4099;0.1438;0.1424;0.0005;339.49;200.05;70.197;68.755;0.215;49.25;40.878;13.199;1.0068;0.5338;7.6792;0.2744;7.2063;0;1;0;0;1.8258;0.986;1;1;0.9579;0.1275;0.9757;0.978;1;0.9673;0.8164;0.998;0.998;1;0.998;0.998;0.9601;0.9247;0.1039;1.0055;0.9867;0.0059;0.0124;0.0246;0.0066;0.0234;0.0014;0;0;0.088;0.7883;0;0;0;0;0;0;0;0;0;0;0;0;0.0189;0.0026;0.8908;0.8908;0;32.013;32.013;16.653;0.0491;847.66;1051;1;0.0146;0.0146;0;0;0;0;0;0;0.8763;0.7883;0;16.662;19.294;14.743;17.073;98.366;98.366;8.4794;7.5126;6.6477;0.9667;0.8649;0.114;0.102;0.784;48.691;0.7714;0
31/05/21 16:00;4.5193;59.016;78.983;5.2676;7.5976;90;7.5976;21;20.701;0.2988;13.27;1.15;0;0.7246;20.551;0.1433;0;0.0157;21.435;0;21.435;0.7246;0.1433;20.551;0.0157;0.0338;0.9595;0;0.0007;21.327;0.1075;0;0;0.0944;0.013;20.173;1.112;0.2072;0.041;0.8632;0.0006;21.285;0.0427;0.0014;0.0003;0.0409;0;20.175;0.5159;0.102;19.553;0.002;12.257;10.173;3.1741;0.0019;0.1239;1.7823;0.002;1.9042;0;1;0;0;1.0207;0.995;1;1;0.9954;0.1674;0.9478;0.7134;1;0.9577;0.7755;0.998;0.998;1;0.998;0.998;0.9411;0.9514;0.1296;0.061;0.0613;0.0004;0.0087;-0.0024;0.0004;0.0014;0.0003;0;0;0.088;-0.0398;0;0;0;0;0;0;0;0;0;0;0;0;0.0011;0;0.0514;0.0514;0;14.276;14.276;1.0064;0.0499;50.658;1014.8;1;0.0032;0.0032;0;0;0;0;0;0;0.0482;-0.0398;0;15.848;18.352;-12.283;-14.223;93.679;93.679;0.5144;0.4335;-0.336;0.0809;0.7695;0.1573;1.4958;0;12.255;0;0
31/05/21 17:00;0;0;90;0;0;90;0;0;0;0;8.9603;1.46;0;0;0;0;0;0;0;0;0;0;0;0;0;1;1;1;1;0;0;0;0;0;0;0;0;0;0;0;0;0;0;0;0;0;0;0;0;0;0;0;0;0;0;0;0;0;0;0;0;0;0;0;1;1;1;1;1;1;1;1;1;1;1;1;1;1;1;1;1;1;1;0;0;0;0;0;0;0;0;0;0.0004;0.088;-0.0884;0;0;0;0;0;0;0;0;0;0;0;0;0;0;0;0;0;0;0;-8.9603;0;0;0;0;0.0004;0;0;0;0;0;0;0;-0.0004;-0.0884;0;0;0;0;0;0;0;0;0;-0.7452;0;0.7452;1;1;0;0;0;0
31/05/21 18:00;0;0;90;0;0;90;0;0;0;0;6.5499;2.11;0;0;0;0;0;0;0;0;0;0;0;0;0;1;1;1;1;0;0;0;0;0;0;0;0;0;0;0;0;0;0;0;0;0;0;0;0;0;0;0;0;0;0;0;0;0;0;0;0;0;0;0;1;1;1;1;1;1;1;1;1;1;1;1;1;1;1;1;1;1;1;0;0;0;0;0;0;0;0;0;0.0004;0.088;-0.0884;0;0;0;0;0;0;0;0;0;0;0;0;0;0;0;0;0;0;0;-6.5499;0;0;0;0;0.0004;0;0;0;0;0;0;0;-0.0004;-0.0884;0;0;0;0;0;0;0;0;0;-0.7452;0;0.7452;1;1;0;0;0;0
31/05/21 19:00;0;0;90;0;0;90;0;0;0;0;4.2099;2.67;0;0;0;0;0;0;0;0;0;0;0;0;0;1;1;1;1;0;0;0;0;0;0;0;0;0;0;0;0;0;0;0;0;0;0;0;0;0;0;0;0;0;0;0;0;0;0;0;0;0;0;0;1;1;1;1;1;1;1;1;1;1;1;1;1;1;1;1;1;1;1;0;0;0;0;0;0;0;0;0;0.0004;0.088;-0.0884;0;0;0;0;0;0;0;0;0;0;0;0;0;0;0;0;0;0;0;-4.2099;0;0;0;0;0.0004;0;0;0;0;0;0;0;-0.0004;-0.0884;0;0;0;0;0;0;0;0;0;-0.7452;0;0.7452;1;1;0;0;0;0
31/05/21 20:00;0;0;90;0;0;90;0;0;0;0;3.9699;2.99;0;0;0;0;0;0;0;0;0;0;0;0;0;1;1;1;1;0;0;0;0;0;0;0;0;0;0;0;0;0;0;0;0;0;0;0;0;0;0;0;0;0;0;0;0;0;0;0;0;0;0;0;1;1;1;1;1;1;1;1;1;1;1;1;1;1;1;1;1;1;1;0;0;0;0;0;0;0;0;0;0.0004;0.088;-0.0884;0;0;0;0;0;0;0;0;0;0;0;0;0;0;0;0;0;0;0;-3.9699;0;0;0;0;0.0004;0;0;0;0;0;0;0;-0.0004;-0.0884;0;0;0;0;0;0;0;0;0;-0.7452;0;0.7452;1;1;0;0;0;0
31/05/21 21:00;0;0;90;0;0;90;0;0;0;0;3.2998;3.1999;0;0;0;0;0;0;0;0;0;0;0;0;0;1;1;1;1;0;0;0;0;0;0;0;0;0;0;0;0;0;0;0;0;0;0;0;0;0;0;0;0;0;0;0;0;0;0;0;0;0;0;0;1;1;1;1;1;1;1;1;1;1;1;1;1;1;1;1;1;1;1;0;0;0;0;0;0;0;0;0;0.0004;0.088;-0.0884;0;0;0;0;0;0;0;0;0;0;0;0;0;0;0;0;0;0;0;-3.2998;0;0;0;0;0.0004;0;0;0;0;0;0;0;-0.0004;-0.0884;0;0;0;0;0;0;0;0;0;-0.7452;0;0.7452;1;1;0;0;0;0
31/05/21 22:00;0;0;90;0;0;90;0;0;0;0;2.1797;3.2699;0;0;0;0;0;0;0;0;0;0;0;0;0;1;1;1;1;0;0;0;0;0;0;0;0;0;0;0;0;0;0;0;0;0;0;0;0;0;0;0;0;0;0;0;0;0;0;0;0;0;0;0;1;1;1;1;1;1;1;1;1;1;1;1;1;1;1;1;1;1;1;0;0;0;0;0;0;0;0;0;0.0004;0.088;-0.0884;0;0;0;0;0;0;0;0;0;0;0;0;0;0;0;0;0;0;0;-2.1797;0;0;0;0;0.0004;0;0;0;0;0;0;0;-0.0004;-0.0884;0;0;0;0;0;0;0;0;0;-0.7452;0;0.7452;1;1;0;0;0;0
31/05/21 23:00;0;0;90;0;0;90;0;0;0;0;2.1099;3.23;0;0;0;0;0;0;0;0;0;0;0;0;0;1;1;1;1;0;0;0;0;0;0;0;0;0;0;0;0;0;0;0;0;0;0;0;0;0;0;0;0;0;0;0;0;0;0;0;0;0;0;0;1;1;1;1;1;1;1;1;1;1;1;1;1;1;1;1;1;1;1;0;0;0;0;0;0;0;0;0;0.0004;0.088;-0.0884;0;0;0;0;0;0;0;0;0;0;0;0;0;0;0;0;0;0;0;-2.1099;0;0;0;0;0.0004;0;0;0;0;0;0;0;-0.0004;-0.0884;0;0;0;0;0;0;0;0;0;-0.7452;0;0.7452;1;1;0;0;0;0
01/06/21 00:00;0;0;90;0;0;90;0;0;0;0;0.91;3.22;0;0;0;0;0;0;0;0;0;0;0;0;0;1;1;1;1;0;0;0;0;0;0;0;0;0;0;0;0;0;0;0;0;0;0;0;0;0;0;0;0;0;0;0;0;0;0;0;0;0;0;0;1;1;1;1;1;1;1;1;1;1;1;1;1;1;1;1;1;1;1;0;0;0;0;0;0;0;0;0;0.0004;0.088;-0.0884;0;0;0;0;0;0;0;0;0;0;0;0;0;0;0;0;0;0;0;-0.91;0;0;0;0;0.0004;0;0;0;0;0;0;0;-0.0004;-0.0884;0;0;0;0;0;0;0;0;0;-0.7452;0;0.7452;1;1;0;0;0;0
01/06/21 01:00;0;0;90;0;0;90;0;0;0;0;0.9;3.1899;0;0;0;0;0;0;0;0;0;0;0;0;0;1;1;1;1;0;0;0;0;0;0;0;0;0;0;0;0;0;0;0;0;0;0;0;0;0;0;0;0;0;0;0;0;0;0;0;0;0;0;0;1;1;1;1;1;1;1;1;1;1;1;1;1;1;1;1;1;1;1;0;0;0;0;0;0;0;0;0;0.0004;0.088;-0.0884;0;0;0;0;0;0;0;0;0;0;0;0;0;0;0;0;0;0;0;-0.9;0;0;0;0;0.0004;0;0;0;0;0;0;0;-0.0004;-0.0884;0;0;0;0;0;0;0;0;0;-0.7452;0;0.7452;1;1;0;0;0;0
01/06/21 02:00;0;0;90;0;0;90;0;0;0;0;0.5397;3.2799;0;0;0;0;0;0;0;0;0;0;0;0;0;1;1;1;1;0;0;0;0;0;0;0;0;0;0;0;0;0;0;0;0;0;0;0;0;0;0;0;0;0;0;0;0;0;0;0;0;0;0;0;1;1;1;1;1;1;1;1;1;1;1;1;1;1;1;1;1;1;1;0;0;0;0;0;0;0;0;0;0.0004;0.088;-0.0884;0;0;0;0;0;0;0;0;0;0;0;0;0;0;0;0;0;0;0;-0.5397;0;0;0;0;0.0004;0;0;0;0;0;0;0;-0.0004;-0.0884;0;0;0;0;0;0;0;0;0;-0.7452;0;0.7452;1;1;0;0;0;0
01/06/21 03:00;0;0;90;0;0;90;0;0;0;0;0.1701;3.2601;0;0;0;0;0;0;0;0;0;0;0;0;0;1;1;1;1;0;0;0;0;0;0;0;0;0;0;0;0;0;0;0;0;0;0;0;0;0;0;0;0;0;0;0;0;0;0;0;0;0;0;0;1;1;1;1;1;1;1;1;1;1;1;1;1;1;1;1;1;1;1;0;0;0;0;0;0;0;0;0;0.0004;0.088;-0.0884;0;0;0;0;0;0;0;0;0;0;0;0;0;0;0;0;0;0;0;-0.1701;0;0;0;0;0.0004;0;0;0;0;0;0;0;-0.0004;-0.0884;0;0;0;0;0;0;0;0;0;-0.7452;0;0.7452;1;1;0;0;0;0
01/06/21 04:00;0;0;90;0;0;90;0;0;0;0;-0.2899;3.22;0;0;0;0;0;0;0;0;0;0;0;0;0;1;1;1;1;0;0;0;0;0;0;0;0;0;0;0;0;0;0;0;0;0;0;0;0;0;0;0;0;0;0;0;0;0;0;0;0;0;0;0;1;1;1;1;1;1;1;1;1;1;1;1;1;1;1;1;1;1;1;0;0;0;0;0;0;0;0;0;0.0004;0.088;-0.0884;0;0;0;0;0;0;0;0;0;0;0;0;0;0;0;0;0;0;0;0.2899;0;0;0;0;0.0004;0;0;0;0;0;0;0;-0.0004;-0.0884;0;0;0;0;0;0;0;0;0;-0.7452;0;0.7452;1;1;0;0;0;0
01/06/21 05:00;0;0;90;0;0;90;0;0;0;0;-0.26;3.1999;0;0;0;0;0;0;0;0;0;0;0;0;0;1;1;1;1;0;0;0;0;0;0;0;0;0;0;0;0;0;0;0;0;0;0;0;0;0;0;0;0;0;0;0;0;0;0;0;0;0;0;0;1;1;1;1;1;1;1;1;1;1;1;1;1;1;1;1;1;1;1;0;0;0;0;0;0;0;0;0;0.0004;0.088;-0.0884;0;0;0;0;0;0;0;0;0;0;0;0;0;0;0;0;0;0;0;0.26;0;0;0;0;0.0004;0;0;0;0;0;0;0;-0.0004;-0.0884;0;0;0;0;0;0;0;0;0;-0.7452;0;0.7452;1;1;0;0;0;0
01/06/21 06:00;0;0;90;0;0;90;0;0;0;0;-0.1098;3.3599;0;0;0;0;0;0;0;0;0;0;0;0;0;1;1;1;1;0;0;0;0;0;0;0;0;0;0;0;0;0;0;0;0;0;0;0;0;0;0;0;0;0;0;0;0;0;0;0;0;0;0;0;1;1;1;1;1;1;1;1;1;1;1;1;1;1;1;1;1;1;1;0;0;0;0;0;0;0;0;0;0.0004;0.088;-0.0884;0;0;0;0;0;0;0;0;0;0;0;0;0;0;0;0;0;0;0;0.1098;0;0;0;0;0.0004;0;0;0;0;0;0;0;-0.0004;-0.0884;0;0;0;0;0;0;0;0;0;-0.7452;0;0.7452;1;1;0;0;0;0
01/06/21 07:00;5.1696;-58.266;77.377;6.072;8.793;-90;-8.793;47.196;30.898;16.297;0.1701;4.0799;0;39.526;26.533;10.206;0;0.0388;76.304;0;76.304;39.526;10.206;26.533;0.0388;0.518;0.3482;0;0.0005;76.117;0.1866;0;0;0.1544;0.0323;63.024;13.017;9.473;2.4461;1.0962;0.0015;76.041;0.0761;0.0395;0.0102;0.0264;0;63.028;30.013;7.75;25.256;0.0051;15.961;13.742;3.3958;0.0046;0.131;1.885;0.0034;2.0114;0;1;0;0;1.6168;0.9976;1;1;0.9942;0.1692;0.8288;0.7601;1;0.9584;0.7757;0.999;0.999;1;0.999;0.999;0.826;0.9519;0.1312;0.2172;0.1841;0.0011;0.0143;-0.0146;0.0013;0.0045;0.0004;0;0;0.088;0.0784;0;0;0;0;0;0;0;0;0;0;0;0;0.0037;0.0002;0.1732;0.1732;0;3.2367;3.2367;3.0666;0.0487;155.65;1112.7;1;0.0068;0.0068;0;0;0;0;0;0;0.1664;0.0784;0;14.998;17.368;6.7873;7.8595;96.064;96.064;1.8313;1.4605;0.6609;0.3707;0.7996;0.2025;0.4366;0.3609;15.861;0.3544;0
01/06/21 08:00;14.855;-48.473;51.554;19.509;34.579;-90;-34.579;123.5;100.9;22.601;2.9003;3.77;0;54.814;85.878;16.244;0;1.5272;158.46;0;158.46;54.814;16.244;85.878;1.5272;0.3459;0.5516;0;0.0096;152.35;6.1172;0;0;4.7555;1.3616;148.52;3.6764;0.7975;0.2364;2.619;0.0234;152.19;0.1523;0.0548;0.0162;0.0811;0.0002;148.9;53.962;15.992;78.422;0.142;58.671;50.516;13.406;2.1227;0.5585;8.0341;0.3865;6.4699;0;1;0;0;1.2831;0.9614;1;1;0.9446;0.1084;0.9758;0.9854;1;0.9677;0.8583;0.999;0.999;1;0.999;0.999;0.9372;0.9132;0.093;0.451;0.4421;0.0027;0.0173;-0.0236;0.0031;0.0111;0.0015;0;0;0.088;0.3234;0;0;0;0;0;0;0;0;0;0;0;0;0.0089;0.0007;0.4205;0.4205;0;10.105;10.105;7.2051;0.0485;377.06;1115.2;1;0.0091;0.0091;0;0;0;0;0;0;0.4114;0.3234;0;17.534;20.304;13.487;15.618;97.846;97.846;3.8031;3.546;2.7275;0.2571;0.8185;0.0676;0.2152;0.7172;58.527;0.6909;0
01/06/21 09:00;23.168;-36.687;47.497;35.613;54.387;-90;-54.387;167.8;153.1;14.701;4.2903;2.9499;0;25.246;117.72;7.3979;0;4.9062;155.27;0;155.27;25.246;7.3979;117.72;4.9062;0.1626;0.7898;0;0.0316;137.91;17.362;0;0;12.791;4.5714;133.83;3.9426;0.2842;0.0833;3.561;0.0142;137.77;0.1379;0.0252;0.0074;0.1049;0.0003;135.71;24.936;7.3072;101.26;0.3203;101.82;87.67;25.114;13.892;1.5128;21.761;1.8884;9.3814;0;1;0;0;0.9253;0.8882;1;1;0.8913;0.0682;0.9714;0.9887;1;0.966;0.9576;0.999;0.999;1;0.999;0.999;0.8619;0.8602;0.0653;0.4419;0.4319;0.0026;0.0173;-0.022;0.003;0.0108;0.0042;0;0;0.088;0.3099;0;0;0;0;0;0;0;0;0;0;0;0;0.0087;0.0006;0.4067;0.4067;0;10.793;10.793;6.5022;0.0486;367.15;1107.8;1;0.0088;0.0088;0;0;0;0;0;0;0.3979;0.3099;0;17.31;20.045;13.189;15.272;97.827;97.827;3.7264;3.4301;2.6135;0.2963;0.8167;0.0795;0.2192;0.7013;96.209;0.6347;0
01/06/21 10:00;29.268;-22.759;53.554;55.384;34.616;-90;-34.616;325.09;202.8;122.3;7.4998;2.59;0;148.6;150.03;46.416;0;4.0283;349.08;0;349.08;148.6;46.416;150.03;4.0283;0.4257;0.4413;0;0.0115;337.16;11.914;0;0;8.3216;3.5922;328.72;8.1081;2.6453;0.8263;4.5749;0.0616;336.83;0.3372;0.1486;0.0464;0.1417;0.0004;329.95;145.81;45.543;136.99;0.3741;182.76;157.35;41.573;3.7221;1.564;22.498;1.2293;20.34;0;1;0;0;1.0738;0.9659;1;1;0.9445;0.1083;0.9759;0.9822;1;0.9677;0.8586;0.999;0.999;1;0.999;0.999;0.9417;0.9131;0.0929;0.9934;0.9891;0.006;0.0123;-0.0051;0.0068;0.0242;0.0042;0;0;0.088;0.8151;0;0;0;0;0;0;0;0;0;0;0;0;0.0195;0.0026;0.9185;0.9185;0;23.527;23.527;16.027;0.0488;845.99;1085.7;1;0.0154;0.0154;0;0;0;0;0;0;0.9031;0.8151;0;17.388;20.135;15.43;17.867;98.319;98.319;8.3778;7.7461;6.8738;0.6317;0.8723;0.0754;0.1041;0.8205;102.28;0.7827;0
01/06/21 11:00;32.431;-6.9872;56.905;79.162;10.838;-90;-10.838;278.99;236.4;42.596;9.8498;2.3199;0;43.37;220.28;14.396;0;0.3484;278.39;0;278.39;43.37;14.396;220.28;0.3484;0.1558;0.7925;0;0.0013;276.28;2.1051;0;0;1.8159;0.2892;265.68;10.325;1.129;0.3747;8.8082;0.0133;276.01;0.2763;0.0434;0.0144;0.2185;0.0001;265.75;42.198;14.007;209.43;0.0458;165.36;142.37;35.582;0.0869;1.334;19.189;0.0639;20.436;0;1;0;0;0.9978;0.9924;1;1;0.9918;0.1698;0.9626;0.9739;1;0.9596;0.7755;0.999;0.999;1;0.999;0.999;0.9544;0.9508;0.1315;0.7923;0.7988;0.0048;0.0148;-0.0062;0.0055;0.0195;0.0036;0;0;0.088;0.6385;0;0;0;0;0;0;0;0;0;0;0;0;0.0157;0.0018;0.7393;0.7393;0;22.815;22.815;12.965;0.0488;683.22;1082.1;1;0.0128;0.0128;0;0;0;0;0;0;0.7265;0.6385;0;17.548;20.32;15.157;17.551;98.275;98.275;6.6814;6.2345;5.3849;0.4468;0.8497;0.0669;0.1272;0.806;132.32;0.7664;0
01/06/21 12:00;32.166;9.4588;56.616;75.355;14.645;90;14.645;233.3;216.5;16.801;11.01;2.2399;0;17.365;207.92;5.3177;0;0.5306;231.14;0;231.14;17.365;5.3177;207.92;0.5306;0.0751;0.9019;0;0.0023;227.84;3.2966;0;0;2.8546;0.4419;219.25;8.3583;0.437;0.1338;7.7675;0.0199;227.61;0.2278;0.0174;0.0053;0.2051;0.0001;219.37;16.91;5.1785;197.1;0.0686;139.01;119.69;29.839;0.247;1.1376;16.364;0.1154;17.254;0;1;0;0;0.9907;0.9857;1;1;0.9863;0.167;0.9633;0.9748;1;0.9621;0.7751;0.999;0.999;1;0.999;0.999;0.9486;0.9479;0.1293;0.6578;0.6604;0.004;0.0162;-0.0077;0.0045;0.0161;0.003;0;0;0.088;0.5111;0;0;0;0;0;0;0;0;0;0;0;0;0.013;0.0013;0.61;0.61;0;21.715;21.715;10.705;0.0488;564.69;1080.3;1;0.0109;0.0109;0;0;0;0;0;0;0.5991;0.5111;0;17.441;20.196;14.613;16.922;98.214;98.214;5.5473;5.1446;4.3106;0.4027;0.834;0.0726;0.1503;0.7771;126.37;0.738;0
01/06/21 13:00;28.515;25.005;52.781;52.116;37.884;90;37.884;209.9;195.9;13.999;11.83;2.13;0;17.737;171.39;5.4808;0;3.0964;197.7;0;197.7;17.737;5.4808;171.39;3.0964;0.0897;0.8826;0;0.0157;183.91;13.795;0;0;10.979;2.8157;178.13;5.5903;0.2911;0.09;5.1771;0.0321;183.72;0.1839;0.0177;0.0055;0.1604;0.0003;179.18;17.429;5.3854;155.07;0.2483;128.73;110.83;29.779;5.7939;1.2756;18.349;1.0514;13.83;0;1;0;0;0.9419;0.9302;1;1;0.9359;0.0907;0.9696;0.9836;1;0.9677;0.8856;0.999;0.999;1;0.999;0.999;0.901;0.9048;0.0802;0.5626;0.5494;0.0033;0.017;-0.0088;0.0038;0.0134;0.0034;0;0;0.088;0.4081;0;0;0;0;0;0;0;0;0;0;0;0;0.0108;0.0009;0.5057;0.5057;0;20.534;20.534;8.7036;0.0489;469.12;1077.9;1;0.0096;0.0096;0;0;0;0;0;0;0.4961;0.4081;0;16.902;19.572;13.64;15.795;98.104;98.104;4.7449;4.2645;3.4415;0.4804;0.823;0.1012;0.1734;0.7253;119.93;0.6782;0
01/06/21 14:00;22.032;38.608;46.417;32.965;57.035;90;57.035;134.2;130.6;3.6052;12.5;1.2701;0;6.6256;100.1;1.7369;0;4.2826;112.74;0;112.74;6.6256;1.7369;100.1;4.2826;0.0588;0.9258;0;0.038;97.041;15.704;0;0;11.692;4.0114;93.787;3.1567;0.0704;0.0185;3.0537;0.0141;96.944;0.097;0.0066;0.0017;0.0884;0.0003;95.543;6.5486;1.7168;85.265;0.2568;85.334;73.472;21.436;13.972;1.3939;20.05;1.756;7.4724;0;1;0;0;0.8401;0.8607;1;1;0.8832;0.0633;0.9674;0.9894;1;0.9654;0.9479;0.999;0.999;1;0.999;0.999;0.8319;0.8518;0.06;0.3209;0.3135;0.0019;0.0167;-0.009;0.0021;0.0075;0.0037;0;0;0.088;0.189;0;0;0;0;0;0;0;0;0;0;0;0;0.0061;0.0004;0.2841;0.2841;0;17.097;17.097;4.5971;0.049;265.98;1068.2;1;0.0071;0.0071;0;0;0;0;0;0;0.277;0.189;0;16.653;19.284;11.077;12.826;97.484;97.484;2.7059;2.3962;1.5938;0.3097;0.8024;0.1145;0.2965;0.589;84.215;0.5198;0
01/06/21 15:00;13.446;50.087;55.672;17.312;28.883;90;28.883;51.298;50.601;0.6964;12.38;0.74;0;1.689;47.347;0.2768;0;0.4467;49.76;0;49.76;1.689;0.2768;47.347;0.4467;0.0339;0.9605;0;0.009;47.393;2.3669;0;0;1.9775;0.3894;45.808;1.5376;0.0381;0.0062;1.4827;0.0106;47.345;0.0474;0.0017;0.0003;0.0454;0.0001;45.942;1.6492;0.2702;43.842;0.0467;30.975;26.67;6.9055;0.6285;0.2741;3.9426;0.1341;3.5881;0;1;0;0;0.97;0.9524;1;1;0.9582;0.1282;0.9675;0.9774;1;0.9673;0.8155;0.999;0.999;1;0.999;0.999;0.9206;0.926;0.1045;0.1416;0.1393;0.0008;0.0129;-0.0053;0.0009;0.0033;0.0007;0;0;0.088;0.03;0;0;0;0;0;0;0;0;0;0;0;0;0.0026;0.0001;0.1233;0.1233;0;14.639;14.639;2.2591;0.0493;117.51;1049.6;1;0.0054;0.0054;0;0;0;0;0;0;0.118;0.03;0;16.378;18.966;3.9784;4.6069;95.641;95.641;1.1942;1.0401;0.2526;0.1541;0.7874;0.1291;0.6594;0.2116;30.971;0.1997;0
01/06/21 16:00;4.4554;58.892;79.14;5.1999;7.4977;90;7.4977;7.6966;7.6966;0;11.6;1.2799;0;0;7.6637;0;0;0.0046;7.6683;0;7.6683;0;0;7.6637;0.0046;0;1;0;0.0006;7.63;0.0383;0;0;0.0345;0.0038;7.2996;0.3228;0;0;0.3227;0.0002;7.6224;0.0076;0;0;0.0076;0;7.3002;0;0;7.299;0.0006;4.5692;3.9341;0.9673;0.0007;0.0378;0.5435;0.0006;0.5806;0;1;0;0;0.9963;0.995;1;1;0.9955;0.1674;0.9576;1;1;0.9577;0.7755;0.999;1;1;0.999;0.999;0.9519;0.9524;0.1297;0.0218;0.022;0.0001;0.0051;-0.0009;0.0001;0.0004;0.0001;0;0;0.088;-0.0737;0;0;0;0;0;0;0;0;0;0;0;0;0.0004;0;0.0167;0.0167;0;11.972;11.972;0.3715;0.0509;17.065;976.01;1;0.0023;0.0023;0;0;0;0;0;0;0.0143;-0.0737;0;14.353;16.62;-63.486;-73.515;86.016;86.016;0.184;0.1405;-0.6213;0.0436;0.7618;0.2368;4.1391;0;4.5692;0;0
01/06/21 17:00;0;0;90;0;0;90;0;0;0;0;10.11;2.2;0;0;0;0;0;0;0;0;0;0;0;0;0;1;1;1;1;0;0;0;0;0;0;0;0;0;0;0;0;0;0;0;0;0;0;0;0;0;0;0;0;0;0;0;0;0;0;0;0;0;0;0;1;1;1;1;1;1;1;1;1;1;1;1;1;1;1;1;1;1;1;0;0;0;0;0;0;0;0;0;0.0004;0.088;-0.0884;0;0;0;0;0;0;0;0;0;0;0;0;0;0;0;0;0;0;0;-10.11;0;0;0;0;0.0004;0;0;0;0;0;0;0;-0.0004;-0.0884;0;0;0;0;0;0;0;0;0;-0.7452;0;0.7452;1;1;0;0;0;0
01/06/21 18:00;0;0;90;0;0;90;0;0;0;0;9.2003;2.65;0;0;0;0;0;0;0;0;0;0;0;0;0;1;1;1;1;0;0;0;0;0;0;0;0;0;0;0;0;0;0;0;0;0;0;0;0;0;0;0;0;0;0;0;0;0;0;0;0;0;0;0;1;1;1;1;1;1;1;1;1;1;1;1;1;1;1;1;1;1;1;0;0;0;0;0;0;0;0;0;0.0004;0.088;-0.0884;0;0;0;0;0;0;0;0;0;0;0;0;0;0;0;0;0;0;0;-9.2003;0;0;0;0;0.0004;0;0;0;0;0;0;0;-0.0004;-0.0884;0;0;0;0;0;0;0;0;0;-0.7452;0;0.7452;1;1;0;0;0;0
01/06/21 19:00;0;0;90;0;0;90;0;0;0;0;8.4498;2.65;0;0;0;0;0;0;0;0;0;0;0;0;0;1;1;1;1;0;0;0;0;0;0;0;0;0;0;0;0;0;0;0;0;0;0;0;0;0;0;0;0;0;0;0;0;0;0;0;0;0;0;0;1;1;1;1;1;1;1;1;1;1;1;1;1;1;1;1;1;1;1;0;0;0;0;0;0;0;0;0;0.0004;0.088;-0.0884;0;0;0;0;0;0;0;0;0;0;0;0;0;0;0;0;0;0;0;-8.4498;0;0;0;0;0.0004;0;0;0;0;0;0;0;-0.0004;-0.0884;0;0;0;0;0;0;0;0;0;-0.7452;0;0.7452;1;1;0;0;0;0
01/06/21 20:00;0;0;90;0;0;90;0;0;0;0;8.9703;2.4699;0;0;0;0;0;0;0;0;0;0;0;0;0;1;1;1;1;0;0;0;0;0;0;0;0;0;0;0;0;0;0;0;0;0;0;0;0;0;0;0;0;0;0;0;0;0;0;0;0;0;0;0;1;1;1;1;1;1;1;1;1;1;1;1;1;1;1;1;1;1;1;0;0;0;0;0;0;0;0;0;0.0004;0.088;-0.0884;0;0;0;0;0;0;0;0;0;0;0;0;0;0;0;0;0;0;0;-8.9703;0;0;0;0;0.0004;0;0;0;0;0;0;0;-0.0004;-0.0884;0;0;0;0;0;0;0;0;0;-0.7452;0;0.7452;1;1;0;0;0;0
01/06/21 21:00;0;0;90;0;0;90;0;0;0;0;8.6399;2.35;0;0;0;0;0;0;0;0;0;0;0;0;0;1;1;1;1;0;0;0;0;0;0;0;0;0;0;0;0;0;0;0;0;0;0;0;0;0;0;0;0;0;0;0;0;0;0;0;0;0;0;0;1;1;1;1;1;1;1;1;1;1;1;1;1;1;1;1;1;1;1;0;0;0;0;0;0;0;0;0;0.0004;0.088;-0.0884;0;0;0;0;0;0;0;0;0;0;0;0;0;0;0;0;0;0;0;-8.6399;0;0;0;0;0.0004;0;0;0;0;0;0;0;-0.0004;-0.0884;0;0;0;0;0;0;0;0;0;-0.7452;0;0.7452;1;1;0;0;0;0
01/06/21 22:00;0;0;90;0;0;90;0;0;0;0;8.6997;2.5;0;0;0;0;0;0;0;0;0;0;0;0;0;1;1;1;1;0;0;0;0;0;0;0;0;0;0;0;0;0;0;0;0;0;0;0;0;0;0;0;0;0;0;0;0;0;0;0;0;0;0;0;1;1;1;1;1;1;1;1;1;1;1;1;1;1;1;1;1;1;1;0;0;0;0;0;0;0;0;0;0.0004;0.088;-0.0884;0;0;0;0;0;0;0;0;0;0;0;0;0;0;0;0;0;0;0;-8.6997;0;0;0;0;0.0004;0;0;0;0;0;0;0;-0.0004;-0.0884;0;0;0;0;0;0;0;0;0;-0.7452;0;0.7452;1;1;0;0;0;0
01/06/21 23:00;0;0;90;0;0;90;0;0;0;0;9.09;2.66;0;0;0;0;0;0;0;0;0;0;0;0;0;1;1;1;1;0;0;0;0;0;0;0;0;0;0;0;0;0;0;0;0;0;0;0;0;0;0;0;0;0;0;0;0;0;0;0;0;0;0;0;1;1;1;1;1;1;1;1;1;1;1;1;1;1;1;1;1;1;1;0;0;0;0;0;0;0;0;0;0.0004;0.088;-0.0884;0;0;0;0;0;0;0;0;0;0;0;0;0;0;0;0;0;0;0;-9.09;0;0;0;0;0.0004;0;0;0;0;0;0;0;-0.0004;-0.0884;0;0;0;0;0;0;0;0;0;-0.7452;0;0.7452;1;1;0;0;0;0
02/06/21 00:00;0;0;90;0;0;90;0;0;0;0;8.83;2.7001;0;0;0;0;0;0;0;0;0;0;0;0;0;1;1;1;1;0;0;0;0;0;0;0;0;0;0;0;0;0;0;0;0;0;0;0;0;0;0;0;0;0;0;0;0;0;0;0;0;0;0;0;1;1;1;1;1;1;1;1;1;1;1;1;1;1;1;1;1;1;1;0;0;0;0;0;0;0;0;0;0.0004;0.088;-0.0884;0;0;0;0;0;0;0;0;0;0;0;0;0;0;0;0;0;0;0;-8.83;0;0;0;0;0.0004;0;0;0;0;0;0;0;-0.0004;-0.0884;0;0;0;0;0;0;0;0;0;-0.7452;0;0.7452;1;1;0;0;0;0
02/06/21 01:00;0;0;90;0;0;90;0;0;0;0;8.5103;2.73;0;0;0;0;0;0;0;0;0;0;0;0;0;1;1;1;1;0;0;0;0;0;0;0;0;0;0;0;0;0;0;0;0;0;0;0;0;0;0;0;0;0;0;0;0;0;0;0;0;0;0;0;1;1;1;1;1;1;1;1;1;1;1;1;1;1;1;1;1;1;1;0;0;0;0;0;0;0;0;0;0.0004;0.088;-0.0884;0;0;0;0;0;0;0;0;0;0;0;0;0;0;0;0;0;0;0;-8.5103;0;0;0;0;0.0004;0;0;0;0;0;0;0;-0.0004;-0.0884;0;0;0;0;0;0;0;0;0;-0.7452;0;0.7452;1;1;0;0;0;0
02/06/21 02:00;0;0;90;0;0;90;0;0;0;0;8.0502;2.66;0;0;0;0;0;0;0;0;0;0;0;0;0;1;1;1;1;0;0;0;0;0;0;0;0;0;0;0;0;0;0;0;0;0;0;0;0;0;0;0;0;0;0;0;0;0;0;0;0;0;0;0;1;1;1;1;1;1;1;1;1;1;1;1;1;1;1;1;1;1;1;0;0;0;0;0;0;0;0;0;0.0004;0.088;-0.0884;0;0;0;0;0;0;0;0;0;0;0;0;0;0;0;0;0;0;0;-8.0502;0;0;0;0;0.0004;0;0;0;0;0;0;0;-0.0004;-0.0884;0;0;0;0;0;0;0;0;0;-0.7452;0;0.7452;1;1;0;0;0;0
02/06/21 03:00;0;0;90;0;0;90;0;0;0;0;7.1801;2.68;0;0;0;0;0;0;0;0;0;0;0;0;0;1;1;1;1;0;0;0;0;0;0;0;0;0;0;0;0;0;0;0;0;0;0;0;0;0;0;0;0;0;0;0;0;0;0;0;0;0;0;0;1;1;1;1;1;1;1;1;1;1;1;1;1;1;1;1;1;1;1;0;0;0;0;0;0;0;0;0;0.0004;0.088;-0.0884;0;0;0;0;0;0;0;0;0;0;0;0;0;0;0;0;0;0;0;-7.1801;0;0;0;0;0.0004;0;0;0;0;0;0;0;-0.0004;-0.0884;0;0;0;0;0;0;0;0;0;-0.7452;0;0.7452;1;1;0;0;0;0
02/06/21 04:00;0;0;90;0;0;90;0;0;0;0;6.26;2.5599;0;0;0;0;0;0;0;0;0;0;0;0;0;1;1;1;1;0;0;0;0;0;0;0;0;0;0;0;0;0;0;0;0;0;0;0;0;0;0;0;0;0;0;0;0;0;0;0;0;0;0;0;1;1;1;1;1;1;1;1;1;1;1;1;1;1;1;1;1;1;1;0;0;0;0;0;0;0;0;0;0.0004;0.088;-0.0884;0;0;0;0;0;0;0;0;0;0;0;0;0;0;0;0;0;0;0;-6.26;0;0;0;0;0.0004;0;0;0;0;0;0;0;-0.0004;-0.0884;0;0;0;0;0;0;0;0;0;-0.7452;0;0.7452;1;1;0;0;0;0
02/06/21 05:00;0;0;90;0;0;90;0;0;0;0;6.7899;2.34;0;0;0;0;0;0;0;0;0;0;0;0;0;1;1;1;1;0;0;0;0;0;0;0;0;0;0;0;0;0;0;0;0;0;0;0;0;0;0;0;0;0;0;0;0;0;0;0;0;0;0;0;1;1;1;1;1;1;1;1;1;1;1;1;1;1;1;1;1;1;1;0;0;0;0;0;0;0;0;0;0.0004;0.088;-0.0884;0;0;0;0;0;0;0;0;0;0;0;0;0;0;0;0;0;0;0;-6.7899;0;0;0;0;0.0004;0;0;0;0;0;0;0;-0.0004;-0.0884;0;0;0;0;0;0;0;0;0;-0.7452;0;0.7452;1;1;0;0;0;0
02/06/21 06:00;0;0;90;0;0;90;0;0;0;0;6.72;2.3099;0;0;0;0;0;0;0;0;0;0;0;0;0;1;1;1;1;0;0;0;0;0;0;0;0;0;0;0;0;0;0;0;0;0;0;0;0;0;0;0;0;0;0;0;0;0;0;0;0;0;0;0;1;1;1;1;1;1;1;1;1;1;1;1;1;1;1;1;1;1;1;0;0;0;0;0;0;0;0;0;0.0004;0.088;-0.0884;0;0;0;0;0;0;0;0;0;0;0;0;0;0;0;0;0;0;0;-6.72;0;0;0;0;0.0004;0;0;0;0;0;0;0;-0.0004;-0.0884;0;0;0;0;0;0;0;0;0;-0.7452;0;0.7452;1;1;0;0;0;0
02/06/21 07:00;5.2322;-58.038;77.222;6.1605;8.9253;-90;-8.9253;48.407;31.297;17.11;6.9401;2.42;0;41.495;26.712;10.727;0;0.041;78.975;0;78.975;41.495;10.727;26.712;0.041;0.5254;0.3387;0;0.0005;78.782;0.1934;0;0;0.1593;0.0341;65.294;13.408;9.7778;2.5276;1.1014;0.0016;78.703;0.0788;0.0415;0.0107;0.0266;0;65.298;31.676;8.1885;25.424;0.0054;16.077;13.843;3.3859;0.005;0.1343;1.9314;0.0036;2.0607;0;1;0;0;1.6315;0.9976;1;1;0.994;0.1693;0.8296;0.7641;1;0.9585;0.7757;0.999;0.999;1;0.999;0.999;0.8268;0.9518;0.1312;0.2248;0.1907;0.0011;0.0145;-0.0103;0.0013;0.0046;0.0004;0;0;0.088;0.0807;0;0;0;0;0;0;0;0;0;0;0;0;0.0037;0.0002;0.1752;0.1752;0;10.134;10.134;3.1943;0.0489;161.64;1084;1;0.0065;0.0065;0;0;0;0;0;0;0.1687;0.0807;0;14.661;16.977;6.7514;7.8179;96.271;96.271;1.8954;1.4777;0.6805;0.4177;0.7972;0.2204;0.4206;0.359;15.972;0.3526;0
02/06/21 08:00;14.735;-48.411;51.912;19.374;34.192;-90;-34.192;82.104;78.899;3.2053;8.9703;2.83;0;7.7737;71.396;1.8163;0;0.9934;81.979;0;81.979;7.7737;1.8163;71.396;0.9934;0.0948;0.883;0;0.0121;77.211;4.7682;0;0;3.8841;0.8841;74.793;2.3405;0.117;0.0273;2.1804;0.0158;77.134;0.0772;0.0078;0.0018;0.0675;0.0001;75.106;7.6489;1.7871;65.264;0.0934;48.532;41.786;11.06;1.6976;0.4601;6.6187;0.312;5.3812;0;1;0;0;0.9985;0.9418;1;1;0.9456;0.11;0.9697;0.9849;1;0.9677;0.8551;0.999;0.999;1;0.999;0.999;0.9123;0.9141;0.094;0.2333;0.2281;0.0014;0.0154;-0.0103;0.0016;0.0055;0.0012;0;0;0.088;0.114;0;0;0;0;0;0;0;0;0;0;0;0;0.0044;0.0002;0.2087;0.2087;0;12.631;12.631;3.6611;0.0489;193.52;1078.5;1;0.0067;0.0067;0;0;0;0;0;0;0.202;0.114;0;16.823;19.481;9.1887;10.64;96.784;96.784;1.9675;1.7601;0.9613;0.2074;0.7987;0.1054;0.406;0.4886;48.513;0.4608;0
02/06/21 09:00;23.04;-36.644;47.591;35.473;54.527;-90;-54.527;255.49;155.1;100.4;11.71;2.82;0;173;98.871;51.641;0;7.5059;331.02;0;331.02;173;51.641;98.871;7.5059;0.5226;0.3214;0;0.0227;313.24;17.777;0;0;10.783;6.9939;307.38;5.5553;1.9572;0.5842;2.9921;0.0218;312.93;0.3132;0.173;0.0516;0.0881;0.0005;309.58;170.87;51.005;85.008;0.4897;119.12;102.56;28.296;11.775;1.5492;22.285;2.206;12.059;0;1;0;0;1.2956;0.9463;1;1;0.8909;0.0682;0.9822;0.9887;1;0.966;0.9574;0.999;0.999;1;0.999;0.999;0.9286;0.8598;0.0652;0.9421;0.9304;0.0056;0.0131;0.0058;0.0063;0.0225;0.0041;0;0;0.088;0.7503;0;0;0;0;0;0;0;0;0;0;0;0;0.0181;0.0023;0.8525;0.8525;0;26.743;26.743;15.033;0.0489;796.24;1070.6;1;0.0142;0.0142;0;0;0;0;0;0;0.8383;0.7503;0;17.018;19.706;14.977;17.343;98.331;98.331;7.9445;7.1891;6.327;0.7554;0.8621;0.0951;0.1085;0.7964;80.928;0.7582;0
02/06/21 10:00;29.135;-22.745;53.663;55.253;34.747;-90;-34.747;505.11;83.303;421.8;15.85;2.36;0;513.34;26.362;66.157;0;6.3049;612.17;0;612.17;513.34;66.157;26.362;6.3049;0.8386;0.0534;0;0.0103;605.07;7.0965;0;0;1.4709;5.6256;593.13;11.336;9.2457;1.1915;0.8035;0.0952;604.46;0.6051;0.5133;0.0662;0.0249;0.0007;594.9;503.58;64.899;24.063;0.5834;256.38;220.75;58.103;0.664;1.9121;27.505;1.7717;28.753;0;1;0;0;1.212;0.9884;1;1;0.9442;0.1077;0.9812;0.982;1;0.9677;0.8597;0.999;0.999;1;0.999;0.999;0.9689;0.9128;0.0925;1.7422;1.7572;0.0106;0.002;0.125;0.0113;0.0402;0.0048;0;0;0.088;1.4115;0;0;0;0;0;0;0;0;0;0;0;0;0.0324;0.0075;1.5233;1.5233;0;45.203;45.203;29.353;0.0495;1512;1007.5;1;0.0238;0.0238;0;0;0;0;0;0;1.4995;1.4115;0;16.443;19.041;15.236;17.643;98.435;98.435;14.692;12.846;11.903;1.8455;0.9432;0.1256;0.0642;0.8102;17.989;0.7838;0
02/06/21 11:00;32.299;-7.011;57.029;79.072;10.928;-90;-10.928;565.19;93.3;471.89;17.99;1.6601;0;480.61;30.954;63.209;0;0.7175;575.49;0;575.49;480.61;63.209;30.954;0.7175;0.8351;0.055;0;0.0012;574.64;0.8544;0;0;0.2587;0.5957;558.43;15.628;12.695;1.6696;1.2359;0.0273;574.06;0.5746;0.4806;0.0632;0.0307;0.0001;558.58;467.43;61.477;29.428;0.0944;329.43;283.64;72.888;0.0128;2.5172;36.209;0.1439;38.713;0;1;0;0;1.0182;0.9985;1;1;0.9916;0.1698;0.9728;0.9736;1;0.9597;0.7755;0.999;0.999;1;0.999;0.999;0.9704;0.9507;0.1315;1.6378;1.6707;0.0101;0.003;0.1217;0.0108;0.0381;0.0063;0;0;0.088;1.333;0;0;0;0;0;0;0;0;0;0;0;0;0.0307;0.0068;1.4432;1.4432;0;45.642;45.642;27.652;0.0495;1437;1004.3;1;0.0223;0.0223;0;0;0;0;0;0;1.421;1.333;0;16.571;19.189;15.305;17.723;98.458;98.458;13.812;12.171;11.241;1.641;0.9298;0.1188;0.0673;0.8139;18.599;0.7773;0
02/06/21 12:00;32.043;9.3967;56.749;75.38;14.62;90;14.62;453.69;163.8;289.89;17.13;0.93;0;299.59;94.824;69.669;0;1.0283;465.12;0;465.12;299.59;69.669;94.824;1.0283;0.6441;0.2061;0;0.0022;462.96;2.1547;0;0;1.2982;0.8565;449.48;13.022;7.6581;1.7808;3.544;0.0386;462.5;0.463;0.2996;0.0697;0.0935;0.0002;449.7;291.64;67.819;89.888;0.133;263.42;226.81;58.524;0.1122;2.0039;28.825;0.2285;30.717;0;1;0;0;1.0252;0.9954;1;1;0.9863;0.167;0.9718;0.9744;1;0.9621;0.7751;0.999;0.999;1;0.999;0.999;0.9664;0.9479;0.1293;1.3237;1.3444;0.0081;0.0073;0.068;0.0088;0.0313;0.0051;0;0;0.088;1.0793;0;0;0;0;0;0;0;0;0;0;0;0;0.0252;0.0046;1.1859;1.1859;0;39.293;39.293;22.163;0.0493;1156.2;1025.7;1;0.0186;0.0186;0;0;0;0;0;0;1.1673;1.0793;0;16.849;19.51;15.334;17.757;98.431;98.431;11.163;10.001;9.1021;1.1616;0.8991;0.1041;0.0805;0.8154;57.627;0.7792;0
02/06/21 13:00;28.408;24.914;52.913;52.087;37.913;90;37.913;531.5;87.699;443.8;17.6;0.4701;0;562.52;23.327;78.105;0;7.8522;671.8;0;671.8;562.52;78.105;23.327;7.8522;0.8373;0.0464;0;0.0117;663.17;8.6374;0;0;1.4961;7.1413;651.06;11.445;9.3595;1.2996;0.7046;0.0811;662.5;0.6632;0.5625;0.0781;0.0218;0.0007;653.2;552.6;76.727;21.104;0.6291;258.9;222.91;59.264;0.7925;1.9003;27.335;2.1416;28.443;0;1;0;0;1.264;0.9871;1;1;0.9359;0.0905;0.9827;0.9833;1;0.9677;0.8859;0.999;0.999;1;0.999;0.999;0.9691;0.9047;0.0801;1.9119;1.9236;0.0116;0.0004;0.1691;0.0122;0.0433;0.0047;0;0;0.088;1.525;0;0;0;0;0;0;0;0;0;0;0;0;0.0348;0.0089;1.6387;1.6387;0;49.936;49.936;32.335;0.0497;1656.4;989.32;1;0.0257;0.0257;0;0;0;0;0;0;1.613;1.525;0;16.119;18.665;15;17.37;98.431;98.431;16.123;13.82;12.861;2.3036;0.959;0.1429;0.0595;0.7976;16.327;0.7741;0
02/06/21 14:00;21.943;38.5;46.545;32.909;57.091;90;57.091;102.5;100.7;1.8011;18.12;0.92;0;3.315;77.421;0.6728;0;3.2767;84.686;0;84.686;3.315;0.6728;77.421;3.2767;0.0391;0.9529;0;0.0387;72.56;12.125;0;0;9.0562;3.0691;70.072;2.4159;0.0355;0.0072;2.3624;0.0108;72.488;0.0726;0.0033;0.0007;0.0684;0.0002;71.416;3.2762;0.665;65.934;0.1965;65.706;56.573;16.585;10.844;1.0737;15.445;1.344;5.6745;0;1;0;0;0.8262;0.8568;1;1;0.883;0.0633;0.9667;0.9893;1;0.9654;0.9477;0.999;0.999;1;0.999;0.999;0.8274;0.8516;0.06;0.241;0.2353;0.0014;0.0155;-0.003;0.0015;0.0055;0.0028;0;0;0.088;0.1125;0;0;0;0;0;0;0;0;0;0;0;0;0.0044;0.0003;0.2068;0.2068;0;21.579;21.579;3.4586;0.0494;199.23;1037.9;1;0.0063;0.0063;0;0;0;0;0;0;0.2005;0.1125;0;16.135;18.684;8.7782;10.165;96.961;96.961;2.0325;1.7438;0.9487;0.2886;0.7951;0.142;0.3912;0.4668;65.176;0.4107;0
02/06/21 15:00;13.374;49.971;55.877;17.249;28.736;90;28.736;90.601;87.999;2.603;17.89;2.11;0;6.3129;81.88;1.8091;0;0.7811;90.783;0;90.783;6.3129;1.8091;81.88;0.7811;0.0695;0.9105;0;0.0086;86.71;4.0724;0;0;3.392;0.6804;83.851;2.7726;0.1458;0.0418;2.5664;0.0186;86.624;0.0867;0.0063;0.0018;0.0785;0.0001;84.08;6.1608;1.7655;75.843;0.0819;53.524;46.084;11.927;1.0678;0.4728;6.8009;0.2289;6.2059;0;1;0;0;1.002;0.9551;1;1;0.9586;0.1289;0.968;0.9769;1;0.9673;0.8146;0.999;0.999;1;0.999;0.999;0.9236;0.9263;0.1049;0.2584;0.2542;0.0015;0.0159;-0.0028;0.0017;0.0059;0.0012;0;0;0.088;0.1312;0;0;0;0;0;0;0;0;0;0;0;0;0.0048;0.0003;0.2256;0.2256;0;22.022;22.022;4.1321;0.0493;216.26;1043.3;1;0.0065;0.0065;0;0;0;0;0;0;0.2192;0.1312;0;16.423;19.018;9.5468;11.055;97.131;97.131;2.1788;1.9028;1.1061;0.276;0.7967;0.1267;0.3657;0.5077;53.508;0.4807;0
02/06/21 16:00;4.3967;58.772;79.285;5.1379;7.4063;90;7.4063;8.7906;8.7008;0.0898;16.34;2.8699;0;0.2177;8.6569;0.0186;0;0.0051;8.8983;0;8.8983;0.2177;0.0186;8.6569;0.0051;0.0245;0.9734;0;0.0006;8.8559;0.0424;0;0;0.0382;0.0043;8.4119;0.4351;0.0645;0.0055;0.365;0.0002;8.847;0.0089;0.0002;0;0.0086;0;8.4126;0.153;0.0131;8.2451;0.0007;5.1609;4.4435;1.0926;0.0007;0.0427;0.6139;0.0006;0.6558;0;1;0;0;1.0123;0.9952;1;1;0.9956;0.1674;0.9508;0.7036;1;0.9576;0.7756;0.999;0.999;1;0.999;0.999;0.9453;0.9524;0.1297;0.0253;0.0253;0.0002;0.0055;-0.0007;0.0001;0.0005;0.0001;0;0;0.088;-0.0712;0;0;0;0;0;0;0;0;0;0;0;0;0.0004;0;0.0192;0.0192;0;16.768;16.768;0.4281;0.0509;19.944;961.98;1;0.0024;0.0024;0;0;0;0;0;0;0.0168;-0.0712;0;14.247;16.498;-52.861;-61.212;87.656;87.656;0.2136;0.1618;-0.6003;0.0518;0.7621;0.2424;3.5685;0;5.1604;0;0
02/06/21 17:00;0;0;90;0;0;90;0;0;0;0;14.11;3.2799;0;0;0;0;0;0;0;0;0;0;0;0;0;1;1;1;1;0;0;0;0;0;0;0;0;0;0;0;0;0;0;0;0;0;0;0;0;0;0;0;0;0;0;0;0;0;0;0;0;0;0;0;1;1;1;1;1;1;1;1;1;1;1;1;1;1;1;1;1;1;1;0;0;0;0;0;0;0;0;0;0.0004;0.088;-0.0884;0;0;0;0;0;0;0;0;0;0;0;0;0;0;0;0;0;0;0;-14.11;0;0;0;0;0.0004;0;0;0;0;0;0;0;-0.0004;-0.0884;0;0;0;0;0;0;0;0;0;-0.7452;0;0.7452;1;1;0;0;0;0
02/06/21 18:00;0;0;90;0;0;90;0;0;0;0;13.2;3.2601;0;0;0;0;0;0;0;0;0;0;0;0;0;1;1;1;1;0;0;0;0;0;0;0;0;0;0;0;0;0;0;0;0;0;0;0;0;0;0;0;0;0;0;0;0;0;0;0;0;0;0;0;1;1;1;1;1;1;1;1;1;1;1;1;1;1;1;1;1;1;1;0;0;0;0;0;0;0;0;0;0.0004;0.088;-0.0884;0;0;0;0;0;0;0;0;0;0;0;0;0;0;0;0;0;0;0;-13.2;0;0;0;0;0.0004;0;0;0;0;0;0;0;-0.0004;-0.0884;0;0;0;0;0;0;0;0;0;-0.7452;0;0.7452;1;1;0;0;0;0
02/06/21 19:00;0;0;90;0;0;90;0;0;0;0;12.4;2.98;0;0;0;0;0;0;0;0;0;0;0;0;0;1;1;1;1;0;0;0;0;0;0;0;0;0;0;0;0;0;0;0;0;0;0;0;0;0;0;0;0;0;0;0;0;0;0;0;0;0;0;0;1;1;1;1;1;1;1;1;1;1;1;1;1;1;1;1;1;1;1;0;0;0;0;0;0;0;0;0;0.0004;0.088;-0.0884;0;0;0;0;0;0;0;0;0;0;0;0;0;0;0;0;0;0;0;-12.4;0;0;0;0;0.0004;0;0;0;0;0;0;0;-0.0004;-0.0884;0;0;0;0;0;0;0;0;0;-0.7452;0;0.7452;1;1;0;0;0;0
02/06/21 20:00;0;0;90;0;0;90;0;0;0;0;12.2;3.2799;0;0;0;0;0;0;0;0;0;0;0;0;0;1;1;1;1;0;0;0;0;0;0;0;0;0;0;0;0;0;0;0;0;0;0;0;0;0;0;0;0;0;0;0;0;0;0;0;0;0;0;0;1;1;1;1;1;1;1;1;1;1;1;1;1;1;1;1;1;1;1;0;0;0;0;0;0;0;0;0;0.0004;0.088;-0.0884;0;0;0;0;0;0;0;0;0;0;0;0;0;0;0;0;0;0;0;-12.2;0;0;0;0;0.0004;0;0;0;0;0;0;0;-0.0004;-0.0884;0;0;0;0;0;0;0;0;0;-0.7452;0;0.7452;1;1;0;0;0;0
02/06/21 21:00;0;0;90;0;0;90;0;0;0;0;12.7;3.4901;0;0;0;0;0;0;0;0;0;0;0;0;0;1;1;1;1;0;0;0;0;0;0;0;0;0;0;0;0;0;0;0;0;0;0;0;0;0;0;0;0;0;0;0;0;0;0;0;0;0;0;0;1;1;1;1;1;1;1;1;1;1;1;1;1;1;1;1;1;1;1;0;0;0;0;0;0;0;0;0;0.0004;0.088;-0.0884;0;0;0;0;0;0;0;0;0;0;0;0;0;0;0;0;0;0;0;-12.7;0;0;0;0;0.0004;0;0;0;0;0;0;0;-0.0004;-0.0884;0;0;0;0;0;0;0;0;0;-0.7452;0;0.7452;1;1;0;0;0;0
02/06/21 22:00;0;0;90;0;0;90;0;0;0;0;12.68;3.6699;0;0;0;0;0;0;0;0;0;0;0;0;0;1;1;1;1;0;0;0;0;0;0;0;0;0;0;0;0;0;0;0;0;0;0;0;0;0;0;0;0;0;0;0;0;0;0;0;0;0;0;0;1;1;1;1;1;1;1;1;1;1;1;1;1;1;1;1;1;1;1;0;0;0;0;0;0;0;0;0;0.0004;0.088;-0.0884;0;0;0;0;0;0;0;0;0;0;0;0;0;0;0;0;0;0;0;-12.68;0;0;0;0;0.0004;0;0;0;0;0;0;0;-0.0004;-0.0884;0;0;0;0;0;0;0;0;0;-0.7452;0;0.7452;1;1;0;0;0;0
02/06/21 23:00;0;0;90;0;0;90;0;0;0;0;11.94;3.64;0;0;0;0;0;0;0;0;0;0;0;0;0;1;1;1;1;0;0;0;0;0;0;0;0;0;0;0;0;0;0;0;0;0;0;0;0;0;0;0;0;0;0;0;0;0;0;0;0;0;0;0;1;1;1;1;1;1;1;1;1;1;1;1;1;1;1;1;1;1;1;0;0;0;0;0;0;0;0;0;0.0004;0.088;-0.0884;0;0;0;0;0;0;0;0;0;0;0;0;0;0;0;0;0;0;0;-11.94;0;0;0;0;0.0004;0;0;0;0;0;0;0;-0.0004;-0.0884;0;0;0;0;0;0;0;0;0;-0.7452;0;0.7452;1;1;0;0;0;0
03/06/21 00:00;0;0;90;0;0;90;0;0;0;0;10.49;3.3401;0;0;0;0;0;0;0;0;0;0;0;0;0;1;1;1;1;0;0;0;0;0;0;0;0;0;0;0;0;0;0;0;0;0;0;0;0;0;0;0;0;0;0;0;0;0;0;0;0;0;0;0;1;1;1;1;1;1;1;1;1;1;1;1;1;1;1;1;1;1;1;0;0;0;0;0;0;0;0;0;0.0004;0.088;-0.0884;0;0;0;0;0;0;0;0;0;0;0;0;0;0;0;0;0;0;0;-10.49;0;0;0;0;0.0004;0;0;0;0;0;0;0;-0.0004;-0.0884;0;0;0;0;0;0;0;0;0;-0.7452;0;0.7452;1;1;0;0;0;0
03/06/21 01:00;0;0;90;0;0;90;0;0;0;0;10.99;2.66;0;0;0;0;0;0;0;0;0;0;0;0;0;1;1;1;1;0;0;0;0;0;0;0;0;0;0;0;0;0;0;0;0;0;0;0;0;0;0;0;0;0;0;0;0;0;0;0;0;0;0;0;1;1;1;1;1;1;1;1;1;1;1;1;1;1;1;1;1;1;1;0;0;0;0;0;0;0;0;0;0.0004;0.088;-0.0884;0;0;0;0;0;0;0;0;0;0;0;0;0;0;0;0;0;0;0;-10.99;0;0;0;0;0.0004;0;0;0;0;0;0;0;-0.0004;-0.0884;0;0;0;0;0;0;0;0;0;-0.7452;0;0.7452;1;1;0;0;0;0
03/06/21 02:00;0;0;90;0;0;90;0;0;0;0;11.37;2.1599;0;0;0;0;0;0;0;0;0;0;0;0;0;1;1;1;1;0;0;0;0;0;0;0;0;0;0;0;0;0;0;0;0;0;0;0;0;0;0;0;0;0;0;0;0;0;0;0;0;0;0;0;1;1;1;1;1;1;1;1;1;1;1;1;1;1;1;1;1;1;1;0;0;0;0;0;0;0;0;0;0.0004;0.088;-0.0884;0;0;0;0;0;0;0;0;0;0;0;0;0;0;0;0;0;0;0;-11.37;0;0;0;0;0.0004;0;0;0;0;0;0;0;-0.0004;-0.0884;0;0;0;0;0;0;0;0;0;-0.7452;0;0.7452;1;1;0;0;0;0
03/06/21 03:00;0;0;90;0;0;90;0;0;0;0;12.11;2.0601;0;0;0;0;0;0;0;0;0;0;0;0;0;1;1;1;1;0;0;0;0;0;0;0;0;0;0;0;0;0;0;0;0;0;0;0;0;0;0;0;0;0;0;0;0;0;0;0;0;0;0;0;1;1;1;1;1;1;1;1;1;1;1;1;1;1;1;1;1;1;1;0;0;0;0;0;0;0;0;0;0.0004;0.088;-0.0884;0;0;0;0;0;0;0;0;0;0;0;0;0;0;0;0;0;0;0;-12.11;0;0;0;0;0.0004;0;0;0;0;0;0;0;-0.0004;-0.0884;0;0;0;0;0;0;0;0;0;-0.7452;0;0.7452;1;1;0;0;0;0
03/06/21 04:00;0;0;90;0;0;90;0;0;0;0;11.7;2.1;0;0;0;0;0;0;0;0;0;0;0;0;0;1;1;1;1;0;0;0;0;0;0;0;0;0;0;0;0;0;0;0;0;0;0;0;0;0;0;0;0;0;0;0;0;0;0;0;0;0;0;0;1;1;1;1;1;1;1;1;1;1;1;1;1;1;1;1;1;1;1;0;0;0;0;0;0;0;0;0;0.0004;0.088;-0.0884;0;0;0;0;0;0;0;0;0;0;0;0;0;0;0;0;0;0;0;-11.7;0;0;0;0;0.0004;0;0;0;0;0;0;0;-0.0004;-0.0884;0;0;0;0;0;0;0;0;0;-0.7452;0;0.7452;1;1;0;0;0;0
03/06/21 05:00;0;0;90;0;0;90;0;0;0;0;11.54;2.0601;0;0;0;0;0;0;0;0;0;0;0;0;0;1;1;1;1;0;0;0;0;0;0;0;0;0;0;0;0;0;0;0;0;0;0;0;0;0;0;0;0;0;0;0;0;0;0;0;0;0;0;0;1;1;1;1;1;1;1;1;1;1;1;1;1;1;1;1;1;1;1;0;0;0;0;0;0;0;0;0;0.0004;0.088;-0.0884;0;0;0;0;0;0;0;0;0;0;0;0;0;0;0;0;0;0;0;-11.54;0;0;0;0;0.0004;0;0;0;0;0;0;0;-0.0004;-0.0884;0;0;0;0;0;0;0;0;0;-0.7452;0;0.7452;1;1;0;0;0;0
03/06/21 06:00;0;0;90;0;0;90;0;0;0;0;11.8;1.89;0;0;0;0;0;0;0;0;0;0;0;0;0;1;1;1;1;0;0;0;0;0;0;0;0;0;0;0;0;0;0;0;0;0;0;0;0;0;0;0;0;0;0;0;0;0;0;0;0;0;0;0;1;1;1;1;1;1;1;1;1;1;1;1;1;1;1;1;1;1;1;0;0;0;0;0;0;0;0;0;0.0004;0.088;-0.0884;0;0;0;0;0;0;0;0;0;0;0;0;0;0;0;0;0;0;0;-11.8;0;0;0;0;0.0004;0;0;0;0;0;0;0;-0.0004;-0.0884;0;0;0;0;0;0;0;0;0;-0.7452;0;0.7452;1;1;0;0;0;0
03/06/21 07:00;5.1243;-57.969;77.489;6.0382;8.7425;-90;-8.7425;5.5088;5.4015;0.1073;11.8;1.71;0;0.2602;5.3652;0.0119;0;0.0045;5.6418;5.6418;0;0.2602;0;0;0;1;1;1;1;0;0;0;0;0;0;0;0;0;0;0;0;0;0;0;0;0;0;0;0;0;0;0;0;0;0;0;0;0;0;0;0;0;0;0;0;1;1;1;1;1;1;1;1;1;1;1;0;1;0;0;1;0;0;0;0;0;0;0;0;0;0;0;0.0004;0.088;-0.0884;0;0;0;0;0;0;0;0;0;0;0;0;0;0;0;0;0;0;0;-11.8;0;0;0;0;0.0004;0;0;0;0;0;0;0;-0.0004;-0.0884;0;0;0;0;0;0;0;0;0;-0.7452;0;0.7452;1;1;0;0;0;0
03/06/21 08:00;14.62;-48.355;52.255;19.242;33.819;-90;-33.819;21.801;21.699;0.1021;11.8;1.8301;0;0.2475;19.857;0.016;0;0.2582;20.379;0;20.379;0.2475;0.016;19.857;0.2582;0.0121;0.9871;0;0.0127;19.087;1.2912;0;0;1.0618;0.2294;18.453;0.6156;0.0039;0.0002;0.6072;0.0043;19.068;0.0191;0.0002;0;0.0188;0;18.537;0.2434;0.0158;18.169;0.0245;13.455;11.585;3.0609;0.4547;0.1269;1.8251;0.0844;1.4973;0;1;0;0;0.9348;0.9366;1;1;0.9465;0.1116;0.9677;0.9844;1;0.9677;0.8521;0.999;0.999;1;0.999;0.999;0.9055;0.915;0.095;0.058;0.0567;0.0003;0.0084;-0.0025;0.0004;0.0013;0.0003;0;0;0.088;-0.0436;0;0;0;0;0;0;0;0;0;0;0;0;0.001;0;0.0475;0.0475;0;12.721;12.721;0.9209;0.0499;46.687;1017.7;1;0.0032;0.0032;0;0;0;0;0;0;0.0444;-0.0436;0;15.407;17.841;-14.153;-16.388;93.348;93.348;0.4891;0.4007;-0.3681;0.0884;0.7688;0.1807;1.5719;0;13.454;0;0
03/06/21 09:00;22.917;-36.607;47.679;35.335;54.665;-90;-54.665;55.302;54.699;0.6036;12.15;1.47;0;1.0436;43.117;0.1104;0;1.6323;45.903;0;45.903;1.0436;0.1104;43.117;1.6323;0.0227;0.9749;0;0.0356;39.662;6.2407;0;0;4.7197;1.521;38.299;1.3232;0.0119;0.0013;1.3053;0.0048;39.623;0.0397;0.001;0.0001;0.0384;0.0001;38.964;1.0307;0.1091;37.053;0.1064;35.538;30.599;8.86;5.1804;0.5434;7.8165;0.6641;3.1795;0;1;0;0;0.83;0.864;1;1;0.8905;0.0682;0.9666;0.9886;1;0.966;0.9571;0.999;0.999;1;0.999;0.999;0.8344;0.8594;0.0652;0.1306;0.1271;0.0008;0.0124;-0.0051;0.0008;0.003;0.0014;0;0;0.088;0.0184;0;0;0;0;0;0;0;0;0;0;0;0;0.0024;0.0001;0.1114;0.1114;0;14.042;14.042;1.8923;0.0494;106.68;1044.7;1;0.005;0.005;0;0;0;0;0;0;0.1064;0.0184;0;16.043;18.578;2.6546;3.0739;95.508;95.508;1.1017;0.9398;0.1555;0.1618;0.7843;0.1469;0.7119;0.1412;35.345;0.1252;0
03/06/21 10:00;29.008;-22.735;53.765;55.124;34.876;-90;-34.876;82.592;81.599;0.9929;12.5;1.2601;0;1.2103;74.157;0.1534;0;1.0384;76.559;0;76.559;1.2103;0.1534;74.157;1.0384;0.0158;0.9822;0;0.0136;71.47;5.0891;0;0;4.162;0.9271;69.099;2.2996;0.022;0.0028;2.2593;0.0155;71.398;0.0715;0.0012;0.0002;0.07;0.0001;69.44;1.187;0.1505;67.665;0.0957;51.214;44.096;11.765;1.8875;0.4857;6.9868;0.3412;5.5849;0;1;0;0;0.9269;0.9335;1;1;0.9439;0.1072;0.9678;0.9818;1;0.9677;0.8608;0.999;0.999;1;0.999;0.999;0.9026;0.9125;0.0922;0.2179;0.2127;0.0013;0.0151;-0.0071;0.0014;0.005;0.0013;0;0;0.088;0.097;0;0;0;0;0;0;0;0;0;0;0;0;0.0041;0.0002;0.1914;0.1914;0;15.895;15.895;3.3947;0.0491;180.33;1061.3;1;0.0064;0.0064;0;0;0;0;0;0;0.185;0.097;0;16.519;19.128;8.3695;9.6917;96.649;96.649;1.8374;1.6139;0.8177;0.2235;0.7962;0.1216;0.4333;0.4451;50.655;0.4166;0
03/06/21 11:00;32.173;-7.0371;57.147;78.98;11.02;-90;-11.02;161.81;158.3;3.5018;13.14;1.2099;0;3.5676;156.07;0.7991;0;0.2089;160.64;0;160.64;3.5676;0.7991;156.07;0.2089;0.0222;0.9728;0;0.0013;159.15;1.4964;0;0;1.323;0.1734;152.64;6.3465;0.0955;0.0214;6.2216;0.008;158.99;0.1591;0.0036;0.0008;0.1547;0;152.68;3.4685;0.7769;148.37;0.0275;96.291;82.907;20.484;0.0655;0.7931;11.409;0.0383;12.137;0;1;0;0;0.9928;0.9907;1;1;0.9915;0.1698;0.9601;0.9732;1;0.9598;0.7755;0.999;0.999;1;0.999;0.999;0.9502;0.9507;0.1316;0.4572;0.4597;0.0028;0.0173;-0.0073;0.0031;0.0111;0.0021;0;0;0.088;0.3243;0;0;0;0;0;0;0;0;0;0;0;0;0.0089;0.0007;0.421;0.421;0;20.608;20.608;7.4686;0.0489;392.59;1072.3;1;0.0086;0.0086;0;0;0;0;0;0;0.4123;0.3243;0;17.316;20.051;13.341;15.448;97.948;97.948;3.8554;3.55;2.735;0.3054;0.8149;0.0792;0.2114;0.7094;93.797;0.6736;0
03/06/21 12:00;31.926;9.3345;56.876;75.409;14.591;90;14.591;93.493;92.402;1.0902;13.6;1.15;0;1.1266;90.771;0.1483;0;0.2111;92.257;0;92.257;1.1266;0.1483;90.771;0.2111;0.0122;0.9862;0;0.0023;90.843;1.4144;0;0;1.2386;0.1758;87.316;3.4354;0.0292;0.0038;3.3944;0.0079;90.752;0.0908;0.0011;0.0001;0.0895;0;87.361;1.0962;0.1443;86.049;0.0273;55.869;48.104;12.025;0.1064;0.4556;6.5529;0.0451;6.902;0;1;0;0;0.9868;0.9847;1;1;0.9864;0.1671;0.9621;0.974;1;0.962;0.7751;0.999;0.999;1;0.999;0.999;0.9464;0.948;0.1294;0.2626;0.2631;0.0016;0.016;-0.0068;0.0018;0.0063;0.0012;0;0;0.088;0.143;0;0;0;0;0;0;0;0;0;0;0;0;0.005;0.0003;0.2377;0.2377;0;17.886;17.886;4.286;0.0491;223.79;1062.3;1;0.0068;0.0068;0;0;0;0;0;0;0.231;0.143;0;17.028;19.718;10.241;11.859;97.159;97.159;2.2142;2.0048;1.2058;0.2093;0.7991;0.0945;0.3609;0.5446;55.159;0.5171;0
03/06/21 13:00;28.308;24.825;53.04;52.064;37.936;90;37.936;124.4;122.3;2.0934;13.9;1.2799;0;2.6543;109.02;0.5158;0;1.84;114.03;0;114.03;2.6543;0.5158;109.02;1.84;0.0233;0.9722;0;0.0161;105.36;8.6725;0;0;6.9989;1.6736;101.88;3.3651;0.0448;0.0087;3.2927;0.0189;105.25;0.1054;0.0027;0.0005;0.102;0.0002;102.51;2.6069;0.5066;98.624;0.1473;77.518;66.743;18.08;3.703;0.7724;11.111;0.6248;8.1808;0;1;0;0;0.9166;0.9239;1;1;0.9358;0.0904;0.968;0.9831;1;0.9677;0.8861;0.999;0.999;1;0.999;0.999;0.8935;0.9047;0.0801;0.3245;0.3155;0.0019;0.0167;-0.007;0.0021;0.0075;0.002;0;0;0.088;0.1907;0;0;0;0;0;0;0;0;0;0;0;0;0.0061;0.0004;0.2858;0.2858;0;18.898;18.898;4.9973;0.049;268.58;1064.1;1;0.0071;0.0071;0;0;0;0;0;0;0.2787;0.1907;0;16.562;19.178;11.049;12.795;97.507;97.507;2.7367;2.4101;1.6079;0.3266;0.8022;0.1193;0.2931;0.5875;76.318;0.5476;0
03/06/21 14:00;21.86;38.396;46.668;32.86;57.14;90;57.14;112.79;110.6;2.1907;13.98;1.5801;0;4.0375;84.929;0.9036;0;3.6115;93.481;0;93.481;4.0375;0.9036;84.929;3.6115;0.0432;0.9471;0;0.0386;80.152;13.329;0;0;9.9468;3.3827;77.414;2.6572;0.0435;0.0097;2.592;0.012;80.072;0.0802;0.004;0.0009;0.075;0.0002;78.892;3.99;0.893;72.315;0.2165;72.189;62.155;18.232;11.932;1.1801;16.975;1.4779;6.2239;0;1;0;0;0.8288;0.8574;1;1;0.8829;0.0633;0.9668;0.9892;1;0.9654;0.9475;0.999;0.999;1;0.999;0.999;0.8281;0.8515;0.06;0.266;0.2597;0.0016;0.016;-0.0068;0.0017;0.0062;0.0031;0;0;0.088;0.1381;0;0;0;0;0;0;0;0;0;0;0;0;0.005;0.0003;0.2327;0.2327;0;17.785;17.785;3.8045;0.0491;220.01;1057.9;1;0.0067;0.0067;0;0;0;0;0;0;0.2261;0.1381;0;16.452;19.051;9.7594;11.301;97.133;97.133;2.2436;1.9627;1.1643;0.2808;0.7984;0.1252;0.3559;0.519;71.535;0.4569;0
03/06/21 15:00;13.307;49.859;56.066;17.192;28.603;90;28.603;51.103;50.402;0.7006;13.7;1.56;0;1.6991;47.218;0.2803;0;0.4366;49.634;0;49.634;1.6991;0.2803;47.218;0.4366;0.0342;0.9601;0;0.0088;47.312;2.3218;0;0;1.9417;0.3801;45.726;1.5384;0.0401;0.0066;1.4812;0.0105;47.265;0.0473;0.0017;0.0003;0.0453;0.0001;45.857;1.6573;0.2734;43.75;0.0459;30.833;26.547;6.8663;0.606;0.272;3.9131;0.1304;3.5792;0;1;0;0;0.9713;0.9532;1;1;0.9589;0.1294;0.9675;0.9764;1;0.9673;0.8139;0.999;0.999;1;0.999;0.999;0.9213;0.9266;0.1052;0.1413;0.139;0.0008;0.0128;-0.0046;0.0009;0.0032;0.0007;0;0;0.088;0.0291;0;0;0;0;0;0;0;0;0;0;0;0;0.0026;0.0001;0.1224;0.1224;0;15.958;15.958;2.2577;0.0494;117.29;1043.8;1;0.0053;0.0053;0;0;0;0;0;0;0.1171;0.0291;0;16.299;18.874;3.8775;4.49;95.671;95.671;1.1912;1.0324;0.2456;0.1588;0.7868;0.1333;0.6605;0.2062;30.829;0.1947;0
03/06/21 16:00;4.3431;58.655;79.417;5.0816;7.3233;90;7.3233;3.3013;3.2993;0.002;13.15;1.7;0;0.0049;3.2858;0.0002;0;0.0019;3.2928;3.2928;0;0.0049;0;0;0;1;1;1;1;0;0;0;0;0;0;0;0;0;0;0;0;0;0;0;0;0;0;0;0;0;0;0;0;0;0;0;0;0;0;0;0;0;0;0;0;1;1;1;1;1;1;1;1;1;1;1;0;1;0;0;1;0;0;0;0;0;0;0;0;0;0;0;0.0004;0.088;-0.0884;0;0;0;0;0;0;0;0;0;0;0;0;0;0;0;0;0;0;0;-13.15;0;0;0;0;0.0004;0;0;0;0;0;0;0;-0.0004;-0.0884;0;0;0;0;0;0;0;0;0;-0.7452;0;0.7452;1;1;0;0;0;0
03/06/21 17:00;0;0;90;0;0;90;0;0;0;0;12.69;1.9199;0;0;0;0;0;0;0;0;0;0;0;0;0;1;1;1;1;0;0;0;0;0;0;0;0;0;0;0;0;0;0;0;0;0;0;0;0;0;0;0;0;0;0;0;0;0;0;0;0;0;0;0;1;1;1;1;1;1;1;1;1;1;1;1;1;1;1;1;1;1;1;0;0;0;0;0;0;0;0;0;0.0004;0.088;-0.0884;0;0;0;0;0;0;0;0;0;0;0;0;0;0;0;0;0;0;0;-12.69;0;0;0;0;0.0004;0;0;0;0;0;0;0;-0.0004;-0.0884;0;0;0;0;0;0;0;0;0;-0.7452;0;0.7452;1;1;0;0;0;0
03/06/21 18:00;0;0;90;0;0;90;0;0;0;0;12.3;2.0899;0;0;0;0;0;0;0;0;0;0;0;0;0;1;1;1;1;0;0;0;0;0;0;0;0;0;0;0;0;0;0;0;0;0;0;0;0;0;0;0;0;0;0;0;0;0;0;0;0;0;0;0;1;1;1;1;1;1;1;1;1;1;1;1;1;1;1;1;1;1;1;0;0;0;0;0;0;0;0;0;0.0004;0.088;-0.0884;0;0;0;0;0;0;0;0;0;0;0;0;0;0;0;0;0;0;0;-12.3;0;0;0;0;0.0004;0;0;0;0;0;0;0;-0.0004;-0.0884;0;0;0;0;0;0;0;0;0;-0.7452;0;0.7452;1;1;0;0;0;0
03/06/21 19:00;0;0;90;0;0;90;0;0;0;0;11.9;2.1699;0;0;0;0;0;0;0;0;0;0;0;0;0;1;1;1;1;0;0;0;0;0;0;0;0;0;0;0;0;0;0;0;0;0;0;0;0;0;0;0;0;0;0;0;0;0;0;0;0;0;0;0;1;1;1;1;1;1;1;1;1;1;1;1;1;1;1;1;1;1;1;0;0;0;0;0;0;0;0;0;0.0004;0.088;-0.0884;0;0;0;0;0;0;0;0;0;0;0;0;0;0;0;0;0;0;0;-11.9;0;0;0;0;0.0004;0;0;0;0;0;0;0;-0.0004;-0.0884;0;0;0;0;0;0;0;0;0;-0.7452;0;0.7452;1;1;0;0;0;0
03/06/21 20:00;0;0;90;0;0;90;0;0;0;0;11.6;2.33;0;0;0;0;0;0;0;0;0;0;0;0;0;1;1;1;1;0;0;0;0;0;0;0;0;0;0;0;0;0;0;0;0;0;0;0;0;0;0;0;0;0;0;0;0;0;0;0;0;0;0;0;1;1;1;1;1;1;1;1;1;1;1;1;1;1;1;1;1;1;1;0;0;0;0;0;0;0;0;0;0.0004;0.088;-0.0884;0;0;0;0;0;0;0;0;0;0;0;0;0;0;0;0;0;0;0;-11.6;0;0;0;0;0.0004;0;0;0;0;0;0;0;-0.0004;-0.0884;0;0;0;0;0;0;0;0;0;-0.7452;0;0.7452;1;1;0;0;0;0
03/06/21 21:00;0;0;90;0;0;90;0;0;0;0;11.3;2.74;0;0;0;0;0;0;0;0;0;0;0;0;0;1;1;1;1;0;0;0;0;0;0;0;0;0;0;0;0;0;0;0;0;0;0;0;0;0;0;0;0;0;0;0;0;0;0;0;0;0;0;0;1;1;1;1;1;1;1;1;1;1;1;1;1;1;1;1;1;1;1;0;0;0;0;0;0;0;0;0;0.0004;0.088;-0.0884;0;0;0;0;0;0;0;0;0;0;0;0;0;0;0;0;0;0;0;-11.3;0;0;0;0;0.0004;0;0;0;0;0;0;0;-0.0004;-0.0884;0;0;0;0;0;0;0;0;0;-0.7452;0;0.7452;1;1;0;0;0;0
03/06/21 22:00;0;0;90;0;0;90;0;0;0;0;11.78;3.1701;0;0;0;0;0;0;0;0;0;0;0;0;0;1;1;1;1;0;0;0;0;0;0;0;0;0;0;0;0;0;0;0;0;0;0;0;0;0;0;0;0;0;0;0;0;0;0;0;0;0;0;0;1;1;1;1;1;1;1;1;1;1;1;1;1;1;1;1;1;1;1;0;0;0;0;0;0;0;0;0;0.0004;0.088;-0.0884;0;0;0;0;0;0;0;0;0;0;0;0;0;0;0;0;0;0;0;-11.78;0;0;0;0;0.0004;0;0;0;0;0;0;0;-0.0004;-0.0884;0;0;0;0;0;0;0;0;0;-0.7452;0;0.7452;1;1;0;0;0;0
03/06/21 23:00;0;0;90;0;0;90;0;0;0;0;11.5;3.2601;0;0;0;0;0;0;0;0;0;0;0;0;0;1;1;1;1;0;0;0;0;0;0;0;0;0;0;0;0;0;0;0;0;0;0;0;0;0;0;0;0;0;0;0;0;0;0;0;0;0;0;0;1;1;1;1;1;1;1;1;1;1;1;1;1;1;1;1;1;1;1;0;0;0;0;0;0;0;0;0;0.0004;0.088;-0.0884;0;0;0;0;0;0;0;0;0;0;0;0;0;0;0;0;0;0;0;-11.5;0;0;0;0;0.0004;0;0;0;0;0;0;0;-0.0004;-0.0884;0;0;0;0;0;0;0;0;0;-0.7452;0;0.7452;1;1;0;0;0;0
04/06/21 00:00;0;0;90;0;0;90;0;0;0;0;11.4;3.32;0;0;0;0;0;0;0;0;0;0;0;0;0;1;1;1;1;0;0;0;0;0;0;0;0;0;0;0;0;0;0;0;0;0;0;0;0;0;0;0;0;0;0;0;0;0;0;0;0;0;0;0;1;1;1;1;1;1;1;1;1;1;1;1;1;1;1;1;1;1;1;0;0;0;0;0;0;0;0;0;0.0004;0.088;-0.0884;0;0;0;0;0;0;0;0;0;0;0;0;0;0;0;0;0;0;0;-11.4;0;0;0;0;0.0004;0;0;0;0;0;0;0;-0.0004;-0.0884;0;0;0;0;0;0;0;0;0;-0.7452;0;0.7452;1;1;0;0;0;0
04/06/21 01:00;0;0;90;0;0;90;0;0;0;0;11.1;3.2799;0;0;0;0;0;0;0;0;0;0;0;0;0;1;1;1;1;0;0;0;0;0;0;0;0;0;0;0;0;0;0;0;0;0;0;0;0;0;0;0;0;0;0;0;0;0;0;0;0;0;0;0;1;1;1;1;1;1;1;1;1;1;1;1;1;1;1;1;1;1;1;0;0;0;0;0;0;0;0;0;0.0004;0.088;-0.0884;0;0;0;0;0;0;0;0;0;0;0;0;0;0;0;0;0;0;0;-11.1;0;0;0;0;0.0004;0;0;0;0;0;0;0;-0.0004;-0.0884;0;0;0;0;0;0;0;0;0;-0.7452;0;0.7452;1;1;0;0;0;0
04/06/21 02:00;0;0;90;0;0;90;0;0;0;0;10.7;3.64;0;0;0;0;0;0;0;0;0;0;0;0;0;1;1;1;1;0;0;0;0;0;0;0;0;0;0;0;0;0;0;0;0;0;0;0;0;0;0;0;0;0;0;0;0;0;0;0;0;0;0;0;1;1;1;1;1;1;1;1;1;1;1;1;1;1;1;1;1;1;1;0;0;0;0;0;0;0;0;0;0.0004;0.088;-0.0884;0;0;0;0;0;0;0;0;0;0;0;0;0;0;0;0;0;0;0;-10.7;0;0;0;0;0.0004;0;0;0;0;0;0;0;-0.0004;-0.0884;0;0;0;0;0;0;0;0;0;-0.7452;0;0.7452;1;1;0;0;0;0
04/06/21 03:00;0;0;90;0;0;90;0;0;0;0;10.36;4.02;0;0;0;0;0;0;0;0;0;0;0;0;0;1;1;1;1;0;0;0;0;0;0;0;0;0;0;0;0;0;0;0;0;0;0;0;0;0;0;0;0;0;0;0;0;0;0;0;0;0;0;0;1;1;1;1;1;1;1;1;1;1;1;1;1;1;1;1;1;1;1;0;0;0;0;0;0;0;0;0;0.0004;0.088;-0.0884;0;0;0;0;0;0;0;0;0;0;0;0;0;0;0;0;0;0;0;-10.36;0;0;0;0;0.0004;0;0;0;0;0;0;0;-0.0004;-0.0884;0;0;0;0;0;0;0;0;0;-0.7452;0;0.7452;1;1;0;0;0;0
04/06/21 04:00;0;0;90;0;0;90;0;0;0;0;10;4.27;0;0;0;0;0;0;0;0;0;0;0;0;0;1;1;1;1;0;0;0;0;0;0;0;0;0;0;0;0;0;0;0;0;0;0;0;0;0;0;0;0;0;0;0;0;0;0;0;0;0;0;0;1;1;1;1;1;1;1;1;1;1;1;1;1;1;1;1;1;1;1;0;0;0;0;0;0;0;0;0;0.0004;0.088;-0.0884;0;0;0;0;0;0;0;0;0;0;0;0;0;0;0;0;0;0;0;-10;0;0;0;0;0.0004;0;0;0;0;0;0;0;-0.0004;-0.0884;0;0;0;0;0;0;0;0;0;-0.7452;0;0.7452;1;1;0;0;0;0
04/06/21 05:00;0;0;90;0;0;90;0;0;0;0;9.7002;4.3701;0;0;0;0;0;0;0;0;0;0;0;0;0;1;1;1;1;0;0;0;0;0;0;0;0;0;0;0;0;0;0;0;0;0;0;0;0;0;0;0;0;0;0;0;0;0;0;0;0;0;0;0;1;1;1;1;1;1;1;1;1;1;1;1;1;1;1;1;1;1;1;0;0;0;0;0;0;0;0;0;0.0004;0.088;-0.0884;0;0;0;0;0;0;0;0;0;0;0;0;0;0;0;0;0;0;0;-9.7002;0;0;0;0;0.0004;0;0;0;0;0;0;0;-0.0004;-0.0884;0;0;0;0;0;0;0;0;0;-0.7452;0;0.7452;1;1;0;0;0;0
04/06/21 06:00;0;0;90;0;0;90;0;0;0;0;9.7002;3.9701;0;0;0;0;0;0;0;0;0;0;0;0;0;1;1;1;1;0;0;0;0;0;0;0;0;0;0;0;0;0;0;0;0;0;0;0;0;0;0;0;0;0;0;0;0;0;0;0;0;0;0;0;1;1;1;1;1;1;1;1;1;1;1;1;1;1;1;1;1;1;1;0;0;0;0;0;0;0;0;0;0.0004;0.088;-0.0884;0;0;0;0;0;0;0;0;0;0;0;0;0;0;0;0;0;0;0;-9.7002;0;0;0;0;0.0004;0;0;0;0;0;0;0;-0.0004;-0.0884;0;0;0;0;0;0;0;0;0;-0.7452;0;0.7452;1;1;0;0;0;0
04/06/21 07:00;5.0199;-57.906;77.748;5.9195;8.5652;-90;-8.5652;10.51;10.397;0.1128;9.5998;4.1;0;0.2737;10.329;0.0245;0;0.0082;10.635;0;10.635;0.2737;0.0245;10.329;0.0082;0.0257;0.972;0;0.0008;10.571;0.0643;0;0;0.0575;0.0068;10.057;0.5029;0.0683;0.0061;0.4282;0.0003;10.56;0.0106;0.0003;0;0.0103;0;10.058;0.2051;0.0184;9.8327;0.0011;6.1718;5.3139;1.3079;0.0016;0.051;0.7335;0.0012;0.7829;0;1;0;0;1.0119;0.9939;1;1;0.9944;0.1692;0.9524;0.7501;1;0.9583;0.7757;0.999;0.999;1;0.999;0.999;0.9457;0.952;0.1311;0.0303;0.0302;0.0002;0.006;-0.0015;0.0002;0.0006;0.0001;0;0;0.088;-0.0664;0;0;0;0;0;0;0;0;0;0;0;0;0.0005;0;0.0241;0.0241;0;10.107;10.107;0.507;0.0504;24.097;1000.4;1;0.0025;0.0025;0;0;0;0;0;0;0.0216;-0.0664;0;14.978;17.345;-41.274;-47.795;89.481;89.481;0.2552;0.2033;-0.5602;0.0519;0.7635;0.2035;2.9913;0;6.1712;0;0
04/06/21 08:00;14.508;-48.304;52.586;19.114;33.462;-90;-33.462;39.597;39.1;0.4965;9.7999;4.3701;0;1.2041;35.806;0.1416;0;0.4594;37.611;0;37.611;1.2041;0.1416;35.806;0.4594;0.032;0.9642;0;0.0122;35.321;2.2903;0;0;1.8829;0.4075;34.16;1.126;0.0194;0.0023;1.0965;0.0078;35.286;0.0353;0.0012;0.0001;0.0339;0.0001;34.308;1.1835;0.1392;32.793;0.0441;24.199;20.835;5.4969;0.7905;0.2269;3.2645;0.148;2.701;0;1;0;0;0.9499;0.9391;1;1;0.9474;0.1131;0.9681;0.9839;1;0.9676;0.8493;0.999;0.999;1;0.999;0.999;0.9082;0.9158;0.0959;0.107;0.1047;0.0006;0.0113;-0.0052;0.0007;0.0024;0.0006;0;0;0.088;-0.0003;0;0;0;0;0;0;0;0;0;0;0;0;0.002;0.0001;0.0922;0.0922;0;11.487;11.487;1.6867;0.0494;87.731;1050.6;1;0.0045;0.0045;0;0;0;0;0;0;0.0877;-0.0003;0;16.194;18.752;-0.0601;-0.0696;95.101;95.101;0.9027;0.7773;-0.0029;0.1254;0.7802;0.1389;0.8643;0;24.196;0;0
04/06/21 09:00;22.799;-36.574;47.761;35.2;54.8;-90;-54.8;106.5;104.3;2.1999;10.67;5.3;0;3.8164;81.861;0.7742;0;3.1578;89.61;0;89.61;3.8164;0.7742;81.861;3.1578;0.0426;0.9488;0;0.0352;77.674;11.935;0;0;8.9928;2.9425;75.056;2.541;0.0436;0.0088;2.4793;0.0093;77.597;0.0777;0.0038;0.0008;0.0729;0.0002;76.325;3.7691;0.7646;70.316;0.2057;67.966;58.519;16.99;9.9212;1.0372;14.919;1.2694;6.035;0;1;0;0;0.8414;0.8668;1;1;0.8901;0.0682;0.9673;0.9886;1;0.9659;0.9568;0.999;0.999;1;0.999;0.999;0.8376;0.859;0.0651;0.255;0.2483;0.0015;0.0158;-0.0096;0.0017;0.006;0.0027;0;0;0.088;0.1304;0;0;0;0;0;0;0;0;0;0;0;0;0.0048;0.0003;0.2251;0.2251;0;14.349;14.349;3.6792;0.049;210.18;1071.1;1;0.0068;0.0068;0;0;0;0;0;0;0.2184;0.1304;0;16.601;19.224;9.6142;11.133;97;97;2.1506;1.8986;1.0995;0.2521;0.7991;0.1172;0.3716;0.5112;67.203;0.4546;0
04/06/21 10:00;28.886;-22.729;53.861;54.995;35.005;-90;-35.005;64.503;63.998;0.505;11.06;6.5301;0;0.6165;58.164;0.0616;0;0.8168;59.659;0;59.659;0.6165;0.0616;58.164;0.8168;0.0103;0.9886;0;0.0137;55.646;4.0129;0;0;3.2832;0.7297;53.794;1.7958;0.0113;0.0011;1.7713;0.012;55.59;0.0556;0.0006;0.0001;0.0549;0.0001;54.065;0.6045;0.0604;53.054;0.075;40.048;34.481;9.1872;1.4992;0.3821;5.4969;0.2702;4.3798;0;1;0;0;0.9249;0.9327;1;1;0.9436;0.1067;0.9677;0.9816;1;0.9677;0.8619;0.999;0.999;1;0.999;0.999;0.9017;0.9122;0.0919;0.1698;0.1657;0.001;0.0138;-0.0069;0.0011;0.0039;0.001;0;0;0.088;0.0543;0;0;0;0;0;0;0;0;0;0;0;0;0.0032;0.0002;0.1484;0.1484;0;13.706;13.706;2.6456;0.0492;140;1060.3;1;0.0061;0.0061;0;0;0;0;0;0;0.1423;0.0543;0;16.442;19.04;6.0198;6.9707;95.892;95.892;1.4318;1.2519;0.4583;0.1799;0.7935;0.1257;0.5542;0.3201;39.77;0.2994;0
04/06/21 11:00;32.054;-7.0653;57.258;78.887;11.113;-90;-11.113;80.404;79.597;0.8074;11.12;7.12;0;0.8228;78.76;0.093;0;0.1055;79.782;0;79.782;0.8228;0.093;78.76;0.1055;0.0103;0.9885;0;0.0013;79.017;0.7647;0;0;0.6771;0.0876;75.774;3.1637;0.0223;0.0025;3.1349;0.004;78.938;0.079;0.0008;0.0001;0.0781;0;75.793;0.7997;0.0904;74.87;0.0139;47.87;41.216;10.239;0.0341;0.3908;5.6212;0.0192;5.9778;0;1;0;0;0.9923;0.9904;1;1;0.9914;0.1698;0.9599;0.9728;1;0.9598;0.7755;0.999;0.999;1;0.999;0.999;0.9498;0.9506;0.1316;0.2271;0.2281;0.0014;0.0154;-0.0085;0.0015;0.0055;0.001;0;0;0.088;0.1125;0;0;0;0;0;0;0;0;0;0;0;0;0.0044;0.0002;0.2071;0.2071;0;14.836;14.836;3.7155;0.049;193.68;1069.5;1;0.0066;0.0066;0;0;0;0;0;0;0.2005;0.1125;0;17.157;19.867;9.3209;10.793;96.809;96.809;1.9148;1.7469;0.949;0.1679;0.7979;0.0877;0.4167;0.4956;47.347;0.4708;0
04/06/21 12:00;31.816;9.2721;56.997;75.442;14.558;90;14.558;299.6;240.8;58.802;12.23;7.3101;0;60.752;217.02;20.913;0;0.6733;299.36;0;299.36;60.752;20.913;217.02;0.6733;0.2029;0.7272;0;0.0022;295.85;3.5107;0;0;2.9499;0.5608;285.26;10.295;1.5986;0.5503;8.1205;0.0253;295.55;0.2958;0.0608;0.0209;0.2141;0.0001;285.4;59.093;20.341;205.73;0.0871;177.4;152.74;38.394;0.2524;1.4271;20.528;0.1468;21.703;0;1;0;0;0.9992;0.9883;1;1;0.9864;0.1671;0.9652;0.9737;1;0.962;0.7751;0.999;0.999;1;0.999;0.999;0.9529;0.948;0.1294;0.8519;0.8577;0.0052;0.0141;0.0036;0.0058;0.0207;0.0038;0;0;0.088;0.6845;0;0;0;0;0;0;0;0;0;0;0;0;0.0167;0.002;0.7858;0.7858;0;26.182;26.182;13.952;0.0489;733.73;1070.9;1;0.0133;0.0133;0;0;0;0;0;0;0.7725;0.6845;0;17.345;20.085;15.109;17.496;98.31;98.31;7.1846;6.6264;5.7723;0.5582;0.8541;0.0777;0.1189;0.8034;131.86;0.7642;0
04/06/21 13:00;28.213;24.737;53.162;52.046;37.954;90;37.954;348.59;202.2;146.4;13.3;7.19;0;185.66;138.62;59.846;0;5.1608;389.29;0;389.29;185.66;59.846;138.62;5.1608;0.4769;0.3693;0;0.0133;375.69;13.6;0;0;8.9057;4.6944;366.88;8.4317;3.1702;1.0219;4.1867;0.053;375.31;0.3757;0.1857;0.0598;0.1297;0.0005;368.45;182.31;58.764;125.4;0.413;189.91;163.51;43.715;4.7167;1.6469;23.69;1.5662;20.62;0;1;0;0;1.1167;0.9651;1;1;0.9358;0.0904;0.9775;0.9829;1;0.9677;0.8863;0.999;0.999;1;0.999;0.999;0.9424;0.9046;0.08;1.1079;1.1016;0.0066;0.0108;0.0246;0.0074;0.0263;0.0043;0;0;0.088;0.893;0;0;0;0;0;0;0;0;0;0;0;0;0.0212;0.0032;0.9972;0.9972;0;31.291;31.291;17.991;0.049;945.32;1054.9;1;0.0162;0.0162;0;0;0;0;0;0;0.981;0.893;0;16.928;19.602;15.158;17.553;98.374;98.374;9.3429;8.4098;7.5309;0.9331;0.8789;0.0999;0.0941;0.8061;97.055;0.7709;0
04/06/21 14:00;21.783;38.294;46.786;32.817;57.183;90;57.183;160.91;152;8.9097;13.57;6.65;0;16.44;115.07;5.0748;0;5.1591;141.74;0;141.74;16.44;5.0748;115.07;5.1591;0.116;0.8482;0;0.0364;123.42;18.323;0;0;13.491;4.8323;119.53;3.7628;0.1783;0.055;3.5123;0.0172;123.29;0.1234;0.0164;0.0051;0.1016;0.0003;121.6;16.245;5.0147;97.961;0.3093;99.8;85.928;25.033;16.209;1.624;23.361;2.0655;8.7761;0;1;0;0;0.8809;0.8707;1;1;0.8828;0.0634;0.9695;0.9891;1;0.9654;0.9473;0.999;0.999;1;0.999;0.999;0.8433;0.8513;0.06;0.4034;0.3947;0.0024;0.0172;-0.008;0.0027;0.0095;0.0043;0;0;0.088;0.2624;0;0;0;0;0;0;0;0;0;0;0;0;0.0077;0.0006;0.3584;0.3584;0;19.426;19.426;5.8561;0.049;335.62;1067.8;1;0.0079;0.0079;0;0;0;0;0;0;0.3504;0.2624;0;16.708;19.347;12.235;14.168;97.787;97.787;3.4018;3.0222;2.2132;0.3795;0.809;0.1116;0.2378;0.6506;96.967;0.5791;0
04/06/21 15:00;13.246;49.751;56.239;17.141;28.485;90;28.485;195.6;102.9;92.701;13.6;4.9;0;224.83;67.196;76.089;0;1.6576;369.77;0;369.77;224.83;76.089;67.196;1.6576;0.608;0.1862;0;0.0045;365.58;4.1873;0;0;2.7451;1.4422;355.82;9.3966;5.4145;1.8325;2.1094;0.0402;365.22;0.3656;0.2248;0.0761;0.0645;0.0002;356;219.19;74.18;62.277;0.1749;44.447;38.269;9.9634;0.8503;0.3864;5.558;0.1837;5.0941;0;1;0;0;1.8904;0.9887;1;1;0.9591;0.1299;0.9743;0.9759;1;0.9672;0.8132;0.999;0.999;1;0.999;0.999;0.9623;0.9268;0.1055;1.0523;1.0297;0.0062;0.0118;0.0221;0.0069;0.0246;0.001;0;0;0.088;0.8312;0;0;0;0;0;0;0;0;0;0;0;0;0.0198;0.0028;0.9345;0.9345;0;31.048;31.048;17.448;0.049;884.71;1056.3;1;0.0153;0.0153;0;0;0;0;0;0;0.9192;0.8312;0;16.7;19.338;14.854;17.2;98.364;98.364;8.8745;7.8806;7.0095;0.9939;0.871;0.112;0.0982;0.7899;43.839;0.7811;0
04/06/21 16:00;4.2946;58.543;79.536;5.031;7.2487;90;7.2487;29.595;28.903;0.692;12.09;3.63;0;1.6783;28.587;0.4882;0;0.0166;30.77;0;30.77;1.6783;0.4882;28.587;0.0166;0.0545;0.9296;0;0.0005;30.635;0.1354;0;0;0.1217;0.0138;28.736;1.8682;0.5111;0.1487;1.2078;0.0006;30.604;0.0306;0.0017;0.0005;0.0285;0;28.738;1.1655;0.339;27.229;0.0021;17.04;14.672;3.6074;0.0022;0.1409;2.0267;0.002;2.1654;0;1;0;0;1.0397;0.9956;1;1;0.9957;0.1673;0.939;0.6951;1;0.9575;0.7756;0.999;0.999;1;0.999;0.999;0.9339;0.9525;0.1296;0.0876;0.0863;0.0005;0.0103;-0.0036;0.0006;0.002;0.0004;0;0;0.088;-0.0174;0;0;0;0;0;0;0;0;0;0;0;0;0.0016;0.0001;0.0745;0.0745;0;13.515;13.515;1.4248;0.0496;72.07;1034.1;1;0.0039;0.0039;0;0;0;0;0;0;0.0706;-0.0174;0;16.005;18.534;-3.7384;-4.329;94.719;94.719;0.7385;0.6285;-0.1468;0.11;0.7753;0.1489;1.0499;0;17.036;0;0
04/06/21 17:00;0;0;90;0;0;90;0;0;0;0;10.4;3.7;0;0;0;0;0;0;0;0;0;0;0;0;0;1;1;1;1;0;0;0;0;0;0;0;0;0;0;0;0;0;0;0;0;0;0;0;0;0;0;0;0;0;0;0;0;0;0;0;0;0;0;0;1;1;1;1;1;1;1;1;1;1;1;1;1;1;1;1;1;1;1;0;0;0;0;0;0;0;0;0;0.0004;0.088;-0.0884;0;0;0;0;0;0;0;0;0;0;0;0;0;0;0;0;0;0;0;-10.4;0;0;0;0;0.0004;0;0;0;0;0;0;0;-0.0004;-0.0884;0;0;0;0;0;0;0;0;0;-0.7452;0;0.7452;1;1;0;0;0;0
04/06/21 18:00;0;0;90;0;0;90;0;0;0;0;10.31;3.62;0;0;0;0;0;0;0;0;0;0;0;0;0;1;1;1;1;0;0;0;0;0;0;0;0;0;0;0;0;0;0;0;0;0;0;0;0;0;0;0;0;0;0;0;0;0;0;0;0;0;0;0;1;1;1;1;1;1;1;1;1;1;1;1;1;1;1;1;1;1;1;0;0;0;0;0;0;0;0;0;0.0004;0.088;-0.0884;0;0;0;0;0;0;0;0;0;0;0;0;0;0;0;0;0;0;0;-10.31;0;0;0;0;0.0004;0;0;0;0;0;0;0;-0.0004;-0.0884;0;0;0;0;0;0;0;0;0;-0.7452;0;0.7452;1;1;0;0;0;0
04/06/21 19:00;0;0;90;0;0;90;0;0;0;0;9.4197;3.54;0;0;0;0;0;0;0;0;0;0;0;0;0;1;1;1;1;0;0;0;0;0;0;0;0;0;0;0;0;0;0;0;0;0;0;0;0;0;0;0;0;0;0;0;0;0;0;0;0;0;0;0;1;1;1;1;1;1;1;1;1;1;1;1;1;1;1;1;1;1;1;0;0;0;0;0;0;0;0;0;0.0004;0.088;-0.0884;0;0;0;0;0;0;0;0;0;0;0;0;0;0;0;0;0;0;0;-9.4197;0;0;0;0;0.0004;0;0;0;0;0;0;0;-0.0004;-0.0884;0;0;0;0;0;0;0;0;0;-0.7452;0;0.7452;1;1;0;0;0;0
04/06/21 20:00;0;0;90;0;0;90;0;0;0;0;8.4099;3.4399;0;0;0;0;0;0;0;0;0;0;0;0;0;1;1;1;1;0;0;0;0;0;0;0;0;0;0;0;0;0;0;0;0;0;0;0;0;0;0;0;0;0;0;0;0;0;0;0;0;0;0;0;1;1;1;1;1;1;1;1;1;1;1;1;1;1;1;1;1;1;1;0;0;0;0;0;0;0;0;0;0.0004;0.088;-0.0884;0;0;0;0;0;0;0;0;0;0;0;0;0;0;0;0;0;0;0;-8.4099;0;0;0;0;0.0004;0;0;0;0;0;0;0;-0.0004;-0.0884;0;0;0;0;0;0;0;0;0;-0.7452;0;0.7452;1;1;0;0;0;0
04/06/21 21:00;0;0;90;0;0;90;0;0;0;0;7.4998;3.2501;0;0;0;0;0;0;0;0;0;0;0;0;0;1;1;1;1;0;0;0;0;0;0;0;0;0;0;0;0;0;0;0;0;0;0;0;0;0;0;0;0;0;0;0;0;0;0;0;0;0;0;0;1;1;1;1;1;1;1;1;1;1;1;1;1;1;1;1;1;1;1;0;0;0;0;0;0;0;0;0;0.0004;0.088;-0.0884;0;0;0;0;0;0;0;0;0;0;0;0;0;0;0;0;0;0;0;-7.4998;0;0;0;0;0.0004;0;0;0;0;0;0;0;-0.0004;-0.0884;0;0;0;0;0;0;0;0;0;-0.7452;0;0.7452;1;1;0;0;0;0
04/06/21 22:00;0;0;90;0;0;90;0;0;0;0;6.5;2.8601;0;0;0;0;0;0;0;0;0;0;0;0;0;1;1;1;1;0;0;0;0;0;0;0;0;0;0;0;0;0;0;0;0;0;0;0;0;0;0;0;0;0;0;0;0;0;0;0;0;0;0;0;1;1;1;1;1;1;1;1;1;1;1;1;1;1;1;1;1;1;1;0;0;0;0;0;0;0;0;0;0.0004;0.088;-0.0884;0;0;0;0;0;0;0;0;0;0;0;0;0;0;0;0;0;0;0;-6.5;0;0;0;0;0.0004;0;0;0;0;0;0;0;-0.0004;-0.0884;0;0;0;0;0;0;0;0;0;-0.7452;0;0.7452;1;1;0;0;0;0
04/06/21 23:00;0;0;90;0;0;90;0;0;0;0;5.0601;2.59;0;0;0;0;0;0;0;0;0;0;0;0;0;1;1;1;1;0;0;0;0;0;0;0;0;0;0;0;0;0;0;0;0;0;0;0;0;0;0;0;0;0;0;0;0;0;0;0;0;0;0;0;1;1;1;1;1;1;1;1;1;1;1;1;1;1;1;1;1;1;1;0;0;0;0;0;0;0;0;0;0.0004;0.088;-0.0884;0;0;0;0;0;0;0;0;0;0;0;0;0;0;0;0;0;0;0;-5.0601;0;0;0;0;0.0004;0;0;0;0;0;0;0;-0.0004;-0.0884;0;0;0;0;0;0;0;0;0;-0.7452;0;0.7452;1;1;0;0;0;0
05/06/21 00:00;0;0;90;0;0;90;0;0;0;0;3.3397;2.3801;0;0;0;0;0;0;0;0;0;0;0;0;0;1;1;1;1;0;0;0;0;0;0;0;0;0;0;0;0;0;0;0;0;0;0;0;0;0;0;0;0;0;0;0;0;0;0;0;0;0;0;0;1;1;1;1;1;1;1;1;1;1;1;1;1;1;1;1;1;1;1;0;0;0;0;0;0;0;0;0;0.0004;0.088;-0.0884;0;0;0;0;0;0;0;0;0;0;0;0;0;0;0;0;0;0;0;-3.3397;0;0;0;0;0.0004;0;0;0;0;0;0;0;-0.0004;-0.0884;0;0;0;0;0;0;0;0;0;-0.7452;0;0.7452;1;1;0;0;0;0
05/06/21 01:00;0;0;90;0;0;90;0;0;0;0;2.3898;2.0701;0;0;0;0;0;0;0;0;0;0;0;0;0;1;1;1;1;0;0;0;0;0;0;0;0;0;0;0;0;0;0;0;0;0;0;0;0;0;0;0;0;0;0;0;0;0;0;0;0;0;0;0;1;1;1;1;1;1;1;1;1;1;1;1;1;1;1;1;1;1;1;0;0;0;0;0;0;0;0;0;0.0004;0.088;-0.0884;0;0;0;0;0;0;0;0;0;0;0;0;0;0;0;0;0;0;0;-2.3898;0;0;0;0;0.0004;0;0;0;0;0;0;0;-0.0004;-0.0884;0;0;0;0;0;0;0;0;0;-0.7452;0;0.7452;1;1;0;0;0;0
05/06/21 02:00;0;0;90;0;0;90;0;0;0;0;1.2603;1.62;0;0;0;0;0;0;0;0;0;0;0;0;0;1;1;1;1;0;0;0;0;0;0;0;0;0;0;0;0;0;0;0;0;0;0;0;0;0;0;0;0;0;0;0;0;0;0;0;0;0;0;0;1;1;1;1;1;1;1;1;1;1;1;1;1;1;1;1;1;1;1;0;0;0;0;0;0;0;0;0;0.0004;0.088;-0.0884;0;0;0;0;0;0;0;0;0;0;0;0;0;0;0;0;0;0;0;-1.2603;0;0;0;0;0.0004;0;0;0;0;0;0;0;-0.0004;-0.0884;0;0;0;0;0;0;0;0;0;-0.7452;0;0.7452;1;1;0;0;0;0
05/06/21 03:00;0;0;90;0;0;90;0;0;0;0;0.7199;1.56;0;0;0;0;0;0;0;0;0;0;0;0;0;1;1;1;1;0;0;0;0;0;0;0;0;0;0;0;0;0;0;0;0;0;0;0;0;0;0;0;0;0;0;0;0;0;0;0;0;0;0;0;1;1;1;1;1;1;1;1;1;1;1;1;1;1;1;1;1;1;1;0;0;0;0;0;0;0;0;0;0.0004;0.088;-0.0884;0;0;0;0;0;0;0;0;0;0;0;0;0;0;0;0;0;0;0;-0.7199;0;0;0;0;0.0004;0;0;0;0;0;0;0;-0.0004;-0.0884;0;0;0;0;0;0;0;0;0;-0.7452;0;0.7452;1;1;0;0;0;0
05/06/21 04:00;0;0;90;0;0;90;0;0;0;0;0.7903;1.55;0;0;0;0;0;0;0;0;0;0;0;0;0;1;1;1;1;0;0;0;0;0;0;0;0;0;0;0;0;0;0;0;0;0;0;0;0;0;0;0;0;0;0;0;0;0;0;0;0;0;0;0;1;1;1;1;1;1;1;1;1;1;1;1;1;1;1;1;1;1;1;0;0;0;0;0;0;0;0;0;0.0004;0.088;-0.0884;0;0;0;0;0;0;0;0;0;0;0;0;0;0;0;0;0;0;0;-0.7903;0;0;0;0;0.0004;0;0;0;0;0;0;0;-0.0004;-0.0884;0;0;0;0;0;0;0;0;0;-0.7452;0;0.7452;1;1;0;0;0;0
05/06/21 05:00;0;0;90;0;0;90;0;0;0;0;0.3702;1.7;0;0;0;0;0;0;0;0;0;0;0;0;0;1;1;1;1;0;0;0;0;0;0;0;0;0;0;0;0;0;0;0;0;0;0;0;0;0;0;0;0;0;0;0;0;0;0;0;0;0;0;0;1;1;1;1;1;1;1;1;1;1;1;1;1;1;1;1;1;1;1;0;0;0;0;0;0;0;0;0;0.0004;0.088;-0.0884;0;0;0;0;0;0;0;0;0;0;0;0;0;0;0;0;0;0;0;-0.3702;0;0;0;0;0.0004;0;0;0;0;0;0;0;-0.0004;-0.0884;0;0;0;0;0;0;0;0;0;-0.7452;0;0.7452;1;1;0;0;0;0
05/06/21 06:00;0;0;90;0;0;90;0;0;0;0;-0.5;1.7699;0;0;0;0;0;0;0;0;0;0;0;0;0;1;1;1;1;0;0;0;0;0;0;0;0;0;0;0;0;0;0;0;0;0;0;0;0;0;0;0;0;0;0;0;0;0;0;0;0;0;0;0;1;1;1;1;1;1;1;1;1;1;1;1;1;1;1;1;1;1;1;0;0;0;0;0;0;0;0;0;0.0004;0.088;-0.0884;0;0;0;0;0;0;0;0;0;0;0;0;0;0;0;0;0;0;0;0.5;0;0;0;0;0.0004;0;0;0;0;0;0;0;-0.0004;-0.0884;0;0;0;0;0;0;0;0;0;-0.7452;0;0.7452;1;1;0;0;0;0
05/06/21 07:00;4.9189;-57.849;77.997;5.8043;8.3935;-90;-8.3935;54.697;24.998;29.699;-0.6502;2.04;0;72.028;18.372;15.83;0;0.041;106.27;0;106.27;72.028;15.83;18.372;0.041;0.6778;0.1733;0;0.0004;106.14;0.133;0;0;0.099;0.0341;82.723;23.309;18.482;4.0618;0.7636;0.0016;106.03;0.1061;0.072;0.0158;0.0183;0;82.725;53.475;11.752;17.491;0.0054;11.15;9.6005;2.385;0.0027;0.0907;1.3044;0.002;1.3924;0;1;0;0;1.9429;0.9987;1;1;0.9946;0.1691;0.7802;0.7432;1;0.9582;0.7758;0.999;0.999;1;0.999;0.999;0.7784;0.9521;0.131;0.3024;0.2393;0.0014;0.0156;-0.0187;0.0017;0.006;0.0002;0;0;0.088;0.1327;0;0;0;0;0;0;0;0;0;0;0;0;0.0048;0.0003;0.228;0.228;0;3.3632;3.3632;4.0135;0.0485;203.03;1123;1;0.0073;0.0073;0;0;0;0;0;0;0.2207;0.1327;0;14.176;16.416;8.2505;9.5538;96.797;96.797;2.5505;1.9226;1.119;0.6279;0.8037;0.2462;0.3151;0.4387;10.973;0.4347;0
05/06/21 08:00;14.401;-48.259;52.902;18.99;33.119;-90;-33.119;193;56.202;136.8;3.2001;2.1501;0;331.78;30.226;56.52;0;2.1949;420.72;0;420.72;331.78;56.52;30.226;2.1949;0.7886;0.0771;0;0.0052;417.21;3.5074;0;0;1.5638;1.9436;409.37;7.4187;5.514;0.9393;0.9269;0.0385;416.79;0.4172;0.3318;0.0565;0.0287;0.0003;409.5;325.93;55.524;27.706;0.2126;21.157;18.216;4.8866;0.6445;0.1901;2.7352;0.1217;2.2808;0;1;0;0;2.1799;0.9917;1;1;0.9483;0.1145;0.9822;0.9834;1;0.9676;0.8466;0.999;0.999;1;0.999;0.999;0.973;0.9166;0.0968;1.1973;1.1771;0.0071;0.0097;-0.0078;0.0082;0.029;0.0005;0;0;0.088;0.9971;0;0;0;0;0;0;0;0;0;0;0;0;0.0234;0.0036;1.1035;1.1035;0;23.128;23.128;19.928;0.0487;1009.6;1092.9;1;0.0184;0.0184;0;0;0;0;0;0;1.0851;0.9971;0;17.331;20.069;15.661;18.135;98.334;98.334;10.097;9.3057;8.4085;0.7916;0.8971;0.0784;0.0888;0.8328;20.372;0.8287;0
05/06/21 09:00;22.686;-36.546;47.836;35.068;54.932;-90;-54.932;337.5;80.103;257.4;6.5997;2.21;0;447.99;31.336;70.142;0;10.051;559.52;0;559.52;447.99;70.142;31.336;10.051;0.8007;0.074;0;0.018;546.7;12.821;0;0;3.4544;9.3663;539.24;6.9149;5.1322;0.8035;0.9494;0.0297;546.15;0.5467;0.448;0.0701;0.0279;0.0007;541.36;442.41;69.269;26.904;0.6544;110.87;95.455;24.394;3.8322;1.1048;15.892;2.1164;13.164;0;1;0;0;1.6578;0.9771;1;1;0.8898;0.0681;0.9873;0.9885;1;0.9659;0.9565;0.999;0.999;1;0.999;0.999;0.9638;0.8586;0.0651;1.5924;1.5807;0.0095;0.0041;0.0445;0.0107;0.0378;0.0029;0;0;0.088;1.3237;0;0;0;0;0;0;0;0;0;0;0;0;0.0304;0.0061;1.4346;1.4346;0;33.029;33.029;26.43;0.049;1359.9;1055;1;0.023;0.023;0;0;0;0;0;0;1.4117;1.3237;0;16.943;19.62;15.632;18.102;98.398;98.398;13.429;12.099;11.163;1.33;0.9359;0.099;0.0697;0.8313;25.762;0.814;0
05/06/21 10:00;28.77;-22.727;53.95;54.869;35.131;-90;-35.131;474.2;81.4;392.8;8.1899;2.03;0;480.3;28.467;61.236;0;6.0468;576.04;0;576.04;480.3;61.236;28.467;6.0468;0.8338;0.0599;0;0.0105;569.02;7.0209;0;0;1.616;5.4049;557.44;11.016;8.9236;1.1377;0.8666;0.0878;568.45;0.569;0.4803;0.0612;0.0269;0.0006;559.14;470.89;60.037;25.957;0.5534;240.17;206.79;54.448;0.7443;1.798;25.863;1.7053;26.917;0;1;0;0;1.2148;0.9878;1;1;0.9432;0.1062;0.9806;0.9814;1;0.9677;0.863;0.999;0.999;1;0.999;0.999;0.9677;0.9118;0.0915;1.6394;1.6516;0.0099;0.0032;0.0612;0.011;0.0392;0.0047;0;0;0.088;1.3724;0;0;0;0;0;0;0;0;0;0;0;0;0.0315;0.0067;1.4841;1.4841;0;35.565;35.565;27.375;0.0491;1420.5;1044.8;1;0.0238;0.0238;0;0;0;0;0;0;1.4604;1.3724;0;17.025;19.715;15.743;18.23;98.399;98.399;13.825;12.516;11.574;1.3091;0.9424;0.0947;0.0682;0.8371;19.484;0.8099;0
05/06/21 11:00;31.941;-7.0956;57.362;78.793;11.207;-90;-11.207;530.09;92.402;437.69;9.08;2.03;0;446.2;34.442;58.749;0;0.7076;540.1;0;540.1;446.2;58.749;34.442;0.7076;0.8261;0.0651;0;0.0013;539.21;0.8878;0;0;0.3003;0.5874;523.4;15.265;12.256;1.6137;1.3687;0.027;538.67;0.5392;0.4462;0.0587;0.0341;0.0001;523.55;433.5;57.076;32.739;0.0931;308.85;265.92;68.312;0.0156;2.3616;33.971;0.1433;36.317;0;1;0;0;1.0189;0.9984;1;1;0.9913;0.1698;0.9717;0.9725;1;0.9599;0.7755;0.999;0.999;1;0.999;0.999;0.9691;0.9505;0.1316;1.5371;1.566;0.0094;0.0043;0.0537;0.0105;0.0372;0.0062;0;0;0.088;1.2983;0;0;0;0;0;0;0;0;0;0;0;0;0.03;0.006;1.4087;1.4087;0;34.773;34.773;25.693;0.0491;1346;1046.6;1;0.0223;0.0223;0;0;0;0;0;0;1.3863;1.2983;0;17.235;19.957;15.885;18.394;98.415;98.415;12.962;11.879;10.949;1.0829;0.9304;0.0835;0.0718;0.8447;20.71;0.8067;0
05/06/21 12:00;31.713;9.2096;57.111;75.479;14.521;90;14.521;498.89;116.4;382.49;10.35;2.18;0;395.11;51.715;65.956;0;1.1155;513.9;0;513.9;395.11;65.956;51.715;1.1155;0.7689;0.1028;0;0.0022;512.27;1.629;0;0;0.6999;0.9291;497.48;14.274;10.537;1.7589;1.9364;0.0419;511.76;0.5123;0.3951;0.066;0.051;0.0002;497.73;384.18;64.131;49.027;0.1443;288.58;248.47;64.454;0.0598;2.169;31.2;0.2482;33.309;0;1;0;0;1.0301;0.9968;1;1;0.9865;0.1671;0.9721;0.9733;1;0.962;0.7751;0.999;0.999;1;0.999;0.999;0.9681;0.948;0.1294;1.4625;1.4865;0.009;0.0053;0.0511;0.0099;0.0353;0.0057;0;0;0.088;1.2272;0;0;0;0;0;0;0;0;0;0;0;0;0.0284;0.0055;1.3364;1.3364;0;34.776;34.776;24.427;0.0491;1277.8;1045.9;1;0.0212;0.0212;0;0;0;0;0;0;1.3152;1.2272;0;17.184;19.898;15.78;18.273;98.415;98.415;12.334;11.27;10.349;1.0638;0.9207;0.0863;0.0747;0.8391;31.418;0.8026;0
05/06/21 13:00;28.125;24.651;53.278;52.034;37.966;90;37.966;391.71;167.8;223.91;10.73;2.4699;0;284.01;96.322;76.21;0;5.8025;462.34;0;462.34;284.01;76.21;96.322;5.8025;0.6143;0.2209;0;0.0126;450.87;11.47;0;0;6.1913;5.2784;441.23;9.1948;4.909;1.3173;2.9091;0.0595;450.42;0.4509;0.284;0.0762;0.0901;0.0005;442.91;278.81;74.817;87.131;0.4641;203.64;175.33;46.771;3.2815;1.6573;23.84;1.6846;22.215;0;1;0;0;1.1803;0.9752;1;1;0.9357;0.0903;0.9796;0.9827;1;0.9677;0.8864;0.999;0.999;1;0.999;0.999;0.9543;0.9046;0.08;1.3158;1.315;0.0079;0.0077;0.0342;0.0089;0.0314;0.0044;0;0;0.088;1.0838;0;0;0;0;0;0;0;0;0;0;0;0;0.0253;0.0044;1.1909;1.1909;0;32.364;32.364;21.634;0.049;1129.8;1054.1;1;0.0191;0.0191;0;0;0;0;0;0;1.1718;1.0838;0;17.021;19.71;15.49;17.937;98.394;98.394;11.096;10.043;9.1395;1.0533;0.9034;0.0949;0.0814;0.8237;67.447;0.793;0
05/06/21 14:00;21.712;38.195;46.899;32.78;57.22;90;57.22;218.71;178.2;40.51;10.9;2.5401;0;74.823;126;27.17;0;7.0207;235.02;0;235.02;74.823;27.17;126;7.0207;0.3184;0.566;0;0.0299;213.65;21.363;0;0;14.787;6.5759;208.46;4.9828;0.8162;0.2964;3.8467;0.0235;213.44;0.2137;0.0748;0.0272;0.1112;0.0004;210.96;73.932;26.846;107.26;0.4209;119.6;102.98;29.551;17.79;1.8692;26.887;2.5029;10.966;0;1;0;0;1.0746;0.9091;1;1;0.8826;0.0634;0.9767;0.9891;1;0.9654;0.9471;0.999;0.999;1;0.999;0.999;0.887;0.8512;0.0599;0.6688;0.6574;0.004;0.0162;-0.0092;0.0045;0.016;0.005;0;0;0.088;0.5078;0;0;0;0;0;0;0;0;0;0;0;0;0.0129;0.0013;0.6066;0.6066;0;21.077;21.077;10.177;0.0488;561.19;1081;1;0.0109;0.0109;0;0;0;0;0;0;0.5958;0.5078;0;17.057;19.751;14.277;16.533;98.211;98.211;5.6404;5.1158;4.2822;0.5246;0.8336;0.093;0.1478;0.7592;106.23;0.6993;0
05/06/21 15:00;13.191;49.646;56.396;17.096;28.382;90;28.382;114.8;106.1;8.7064;10.67;1.95;0;21.115;96.854;7.4007;0;0.966;126.34;0;126.34;21.115;7.4007;96.854;0.966;0.1671;0.7743;0;0.0076;121.56;4.7737;0;0;3.9337;0.8401;117.68;3.7654;0.5179;0.1815;3.0424;0.0236;121.44;0.1216;0.0211;0.0074;0.0929;0.0001;117.94;20.576;7.2118;89.785;0.1022;63.203;54.417;14.068;1.2097;0.5559;7.9969;0.2623;7.3431;0;1;0;0;1.1004;0.9622;1;1;0.9594;0.1304;0.969;0.9754;1;0.9672;0.8126;0.999;0.999;1;0.999;0.999;0.9314;0.927;0.1058;0.3595;0.3534;0.0021;0.017;-0.011;0.0024;0.0086;0.0015;0;0;0.088;0.2298;0;0;0;0;0;0;0;0;0;0;0;0;0.0069;0.0005;0.3255;0.3255;0;16.422;16.422;5.7516;0.0489;301.32;1080.1;1;0.0077;0.0077;0;0;0;0;0;0;0.3178;0.2298;0;17.023;19.713;12.018;13.916;97.633;97.633;3.0321;2.7447;1.9376;0.2874;0.8071;0.0948;0.2662;0.639;63.145;0.6101;0
05/06/21 16:00;4.2513;58.435;79.643;4.9861;7.1826;90;7.1826;15.706;15.499;0.2068;9.4097;2.2499;0;0.5017;15.406;0.0791;0;0.0086;15.995;0;15.995;0.5017;0.0791;15.406;0.0086;0.0314;0.9637;0;0.0005;15.923;0.0718;0;0;0.0646;0.0072;15.077;0.8308;0.1546;0.0244;0.6515;0.0003;15.907;0.0159;0.0005;0.0001;0.0153;0;15.078;0.3465;0.0546;14.674;0.0011;9.1809;7.9048;1.9433;0.0011;0.0759;1.0921;0.001;1.1669;0;1;0;0;1.0184;0.9955;1;1;0.9958;0.1673;0.9478;0.6915;1;0.9575;0.7756;0.999;0.999;1;0.999;0.999;0.9426;0.9525;0.1296;0.0455;0.0453;0.0003;0.0075;-0.0024;0.0003;0.001;0.0002;0;0;0.088;-0.0532;0;0;0;0;0;0;0;0;0;0;0;0;0.0008;0;0.0377;0.0377;0;10.163;10.163;0.7536;0.05;36.971;1019.5;1;0.0029;0.0029;0;0;0;0;0;0;0.0348;-0.0532;0;15.572;18.032;-21.987;-25.461;92.267;92.267;0.3839;0.3179;-0.4488;0.066;0.7667;0.172;1.9972;0;9.1797;0;0
05/06/21 17:00;0;0;90;0;0;90;0;0;0;0;7.2898;2.29;0;0;0;0;0;0;0;0;0;0;0;0;0;1;1;1;1;0;0;0;0;0;0;0;0;0;0;0;0;0;0;0;0;0;0;0;0;0;0;0;0;0;0;0;0;0;0;0;0;0;0;0;1;1;1;1;1;1;1;1;1;1;1;1;1;1;1;1;1;1;1;0;0;0;0;0;0;0;0;0;0.0004;0.088;-0.0884;0;0;0;0;0;0;0;0;0;0;0;0;0;0;0;0;0;0;0;-7.2898;0;0;0;0;0.0004;0;0;0;0;0;0;0;-0.0004;-0.0884;0;0;0;0;0;0;0;0;0;-0.7452;0;0.7452;1;1;0;0;0;0
05/06/21 18:00;0;0;90;0;0;90;0;0;0;0;4.7603;2.18;0;0;0;0;0;0;0;0;0;0;0;0;0;1;1;1;1;0;0;0;0;0;0;0;0;0;0;0;0;0;0;0;0;0;0;0;0;0;0;0;0;0;0;0;0;0;0;0;0;0;0;0;1;1;1;1;1;1;1;1;1;1;1;1;1;1;1;1;1;1;1;0;0;0;0;0;0;0;0;0;0.0004;0.088;-0.0884;0;0;0;0;0;0;0;0;0;0;0;0;0;0;0;0;0;0;0;-4.7603;0;0;0;0;0.0004;0;0;0;0;0;0;0;-0.0004;-0.0884;0;0;0;0;0;0;0;0;0;-0.7452;0;0.7452;1;1;0;0;0;0
05/06/21 19:00;0;0;90;0;0;90;0;0;0;0;4.4399;2.0799;0;0;0;0;0;0;0;0;0;0;0;0;0;1;1;1;1;0;0;0;0;0;0;0;0;0;0;0;0;0;0;0;0;0;0;0;0;0;0;0;0;0;0;0;0;0;0;0;0;0;0;0;1;1;1;1;1;1;1;1;1;1;1;1;1;1;1;1;1;1;1;0;0;0;0;0;0;0;0;0;0.0004;0.088;-0.0884;0;0;0;0;0;0;0;0;0;0;0;0;0;0;0;0;0;0;0;-4.4399;0;0;0;0;0.0004;0;0;0;0;0;0;0;-0.0004;-0.0884;0;0;0;0;0;0;0;0;0;-0.7452;0;0.7452;1;1;0;0;0;0
05/06/21 20:00;0;0;90;0;0;90;0;0;0;0;3.6003;2.0899;0;0;0;0;0;0;0;0;0;0;0;0;0;1;1;1;1;0;0;0;0;0;0;0;0;0;0;0;0;0;0;0;0;0;0;0;0;0;0;0;0;0;0;0;0;0;0;0;0;0;0;0;1;1;1;1;1;1;1;1;1;1;1;1;1;1;1;1;1;1;1;0;0;0;0;0;0;0;0;0;0.0004;0.088;-0.0884;0;0;0;0;0;0;0;0;0;0;0;0;0;0;0;0;0;0;0;-3.6003;0;0;0;0;0.0004;0;0;0;0;0;0;0;-0.0004;-0.0884;0;0;0;0;0;0;0;0;0;-0.7452;0;0.7452;1;1;0;0;0;0
05/06/21 21:00;0;0;90;0;0;90;0;0;0;0;3.0997;1.9299;0;0;0;0;0;0;0;0;0;0;0;0;0;1;1;1;1;0;0;0;0;0;0;0;0;0;0;0;0;0;0;0;0;0;0;0;0;0;0;0;0;0;0;0;0;0;0;0;0;0;0;0;1;1;1;1;1;1;1;1;1;1;1;1;1;1;1;1;1;1;1;0;0;0;0;0;0;0;0;0;0.0004;0.088;-0.0884;0;0;0;0;0;0;0;0;0;0;0;0;0;0;0;0;0;0;0;-3.0997;0;0;0;0;0.0004;0;0;0;0;0;0;0;-0.0004;-0.0884;0;0;0;0;0;0;0;0;0;-0.7452;0;0.7452;1;1;0;0;0;0
05/06/21 22:00;0;0;90;0;0;90;0;0;0;0;2.2501;1.6899;0;0;0;0;0;0;0;0;0;0;0;0;0;1;1;1;1;0;0;0;0;0;0;0;0;0;0;0;0;0;0;0;0;0;0;0;0;0;0;0;0;0;0;0;0;0;0;0;0;0;0;0;1;1;1;1;1;1;1;1;1;1;1;1;1;1;1;1;1;1;1;0;0;0;0;0;0;0;0;0;0.0004;0.088;-0.0884;0;0;0;0;0;0;0;0;0;0;0;0;0;0;0;0;0;0;0;-2.2501;0;0;0;0;0.0004;0;0;0;0;0;0;0;-0.0004;-0.0884;0;0;0;0;0;0;0;0;0;-0.7452;0;0.7452;1;1;0;0;0;0
05/06/21 23:00;0;0;90;0;0;90;0;0;0;0;1.1998;1.56;0;0;0;0;0;0;0;0;0;0;0;0;0;1;1;1;1;0;0;0;0;0;0;0;0;0;0;0;0;0;0;0;0;0;0;0;0;0;0;0;0;0;0;0;0;0;0;0;0;0;0;0;1;1;1;1;1;1;1;1;1;1;1;1;1;1;1;1;1;1;1;0;0;0;0;0;0;0;0;0;0.0004;0.088;-0.0884;0;0;0;0;0;0;0;0;0;0;0;0;0;0;0;0;0;0;0;-1.1998;0;0;0;0;0.0004;0;0;0;0;0;0;0;-0.0004;-0.0884;0;0;0;0;0;0;0;0;0;-0.7452;0;0.7452;1;1;0;0;0;0
06/06/21 00:00;0;0;90;0;0;90;0;0;0;0;1.5501;1.5999;0;0;0;0;0;0;0;0;0;0;0;0;0;1;1;1;1;0;0;0;0;0;0;0;0;0;0;0;0;0;0;0;0;0;0;0;0;0;0;0;0;0;0;0;0;0;0;0;0;0;0;0;1;1;1;1;1;1;1;1;1;1;1;1;1;1;1;1;1;1;1;0;0;0;0;0;0;0;0;0;0.0004;0.088;-0.0884;0;0;0;0;0;0;0;0;0;0;0;0;0;0;0;0;0;0;0;-1.5501;0;0;0;0;0.0004;0;0;0;0;0;0;0;-0.0004;-0.0884;0;0;0;0;0;0;0;0;0;-0.7452;0;0.7452;1;1;0;0;0;0
06/06/21 01:00;0;0;90;0;0;90;0;0;0;0;2.4602;1.63;0;0;0;0;0;0;0;0;0;0;0;0;0;1;1;1;1;0;0;0;0;0;0;0;0;0;0;0;0;0;0;0;0;0;0;0;0;0;0;0;0;0;0;0;0;0;0;0;0;0;0;0;1;1;1;1;1;1;1;1;1;1;1;1;1;1;1;1;1;1;1;0;0;0;0;0;0;0;0;0;0.0004;0.088;-0.0884;0;0;0;0;0;0;0;0;0;0;0;0;0;0;0;0;0;0;0;-2.4602;0;0;0;0;0.0004;0;0;0;0;0;0;0;-0.0004;-0.0884;0;0;0;0;0;0;0;0;0;-0.7452;0;0.7452;1;1;0;0;0;0
06/06/21 02:00;0;0;90;0;0;90;0;0;0;0;3.72;1.46;0;0;0;0;0;0;0;0;0;0;0;0;0;1;1;1;1;0;0;0;0;0;0;0;0;0;0;0;0;0;0;0;0;0;0;0;0;0;0;0;0;0;0;0;0;0;0;0;0;0;0;0;1;1;1;1;1;1;1;1;1;1;1;1;1;1;1;1;1;1;1;0;0;0;0;0;0;0;0;0;0.0004;0.088;-0.0884;0;0;0;0;0;0;0;0;0;0;0;0;0;0;0;0;0;0;0;-3.72;0;0;0;0;0.0004;0;0;0;0;0;0;0;-0.0004;-0.0884;0;0;0;0;0;0;0;0;0;-0.7452;0;0.7452;1;1;0;0;0;0
06/06/21 03:00;0;0;90;0;0;90;0;0;0;0;4.3003;1.09;0;0;0;0;0;0;0;0;0;0;0;0;0;1;1;1;1;0;0;0;0;0;0;0;0;0;0;0;0;0;0;0;0;0;0;0;0;0;0;0;0;0;0;0;0;0;0;0;0;0;0;0;1;1;1;1;1;1;1;1;1;1;1;1;1;1;1;1;1;1;1;0;0;0;0;0;0;0;0;0;0.0004;0.088;-0.0884;0;0;0;0;0;0;0;0;0;0;0;0;0;0;0;0;0;0;0;-4.3003;0;0;0;0;0.0004;0;0;0;0;0;0;0;-0.0004;-0.0884;0;0;0;0;0;0;0;0;0;-0.7452;0;0.7452;1;1;0;0;0;0
06/06/21 04:00;0;0;90;0;0;90;0;0;0;0;4.8301;0.58;0;0;0;0;0;0;0;0;0;0;0;0;0;1;1;1;1;0;0;0;0;0;0;0;0;0;0;0;0;0;0;0;0;0;0;0;0;0;0;0;0;0;0;0;0;0;0;0;0;0;0;0;1;1;1;1;1;1;1;1;1;1;1;1;1;1;1;1;1;1;1;0;0;0;0;0;0;0;0;0;0.0004;0.088;-0.0884;0;0;0;0;0;0;0;0;0;0;0;0;0;0;0;0;0;0;0;-4.8301;0;0;0;0;0.0004;0;0;0;0;0;0;0;-0.0004;-0.0884;0;0;0;0;0;0;0;0;0;-0.7452;0;0.7452;1;1;0;0;0;0
06/06/21 05:00;0;0;90;0;0;90;0;0;0;0;4.3501;0.37;0;0;0;0;0;0;0;0;0;0;0;0;0;1;1;1;1;0;0;0;0;0;0;0;0;0;0;0;0;0;0;0;0;0;0;0;0;0;0;0;0;0;0;0;0;0;0;0;0;0;0;0;1;1;1;1;1;1;1;1;1;1;1;1;1;1;1;1;1;1;1;0;0;0;0;0;0;0;0;0;0.0004;0.088;-0.0884;0;0;0;0;0;0;0;0;0;0;0;0;0;0;0;0;0;0;0;-4.3501;0;0;0;0;0.0004;0;0;0;0;0;0;0;-0.0004;-0.0884;0;0;0;0;0;0;0;0;0;-0.7452;0;0.7452;1;1;0;0;0;0
06/06/21 06:00;0;0;90;0;0;90;0;0;0;0;4.4698;0.6399;0;0;0;0;0;0;0;0;0;0;0;0;0;1;1;1;1;0;0;0;0;0;0;0;0;0;0;0;0;0;0;0;0;0;0;0;0;0;0;0;0;0;0;0;0;0;0;0;0;0;0;0;1;1;1;1;1;1;1;1;1;1;1;1;1;1;1;1;1;1;1;0;0;0;0;0;0;0;0;0;0.0004;0.088;-0.0884;0;0;0;0;0;0;0;0;0;0;0;0;0;0;0;0;0;0;0;-4.4698;0;0;0;0;0.0004;0;0;0;0;0;0;0;-0.0004;-0.0884;0;0;0;0;0;0;0;0;0;-0.7452;0;0.7452;1;1;0;0;0;0
06/06/21 07:00;4.9944;-57.644;77.811;5.9064;8.5457;-90;-8.5457;19.203;18.898;0.3045;5.0701;1.0399;0;0.7384;18.744;0.1209;0;0.0149;19.618;0;19.618;0.7384;0.1209;18.744;0.0149;0.0376;0.9562;0;0.0008;19.501;0.1164;0;0;0.104;0.0124;18.488;0.9938;0.1856;0.0304;0.7773;0.0006;19.482;0.0195;0.0007;0.0001;0.0186;0;18.49;0.5521;0.0904;17.844;0.002;11.2;9.6433;2.3736;0.0029;0.0925;1.3311;0.0022;1.4207;0;1;0;0;1.0216;0.9941;1;1;0.9945;0.1692;0.949;0.7484;1;0.9583;0.7757;0.999;0.999;1;0.999;0.999;0.9424;0.952;0.1311;0.0558;0.0556;0.0003;0.0083;-0.0038;0.0004;0.0013;0.0002;0;0;0.088;-0.0434;0;0;0;0;0;0;0;0;0;0;0;0;0.001;0;0.0478;0.0478;0;5.9877;5.9877;0.9176;0.0496;45.655;1047.5;1;0.0033;0.0033;0;0;0;0;0;0;0.0446;-0.0434;0;16.109;18.654;-14.633;-16.945;93.167;93.167;0.4708;0.4033;-0.3664;0.0675;0.7697;0.1434;1.6347;0;11.198;0;0
06/06/21 08:00;14.298;-48.218;53.205;18.869;32.791;-90;-32.791;132.41;96.6;35.806;6.0599;1.1001;0;86.84;79.184;25.613;0;1.4769;193.11;0;193.11;86.84;25.613;79.184;1.4769;0.4497;0.4177;0;0.0076;187.77;5.3387;0;0;4.0329;1.3058;183.2;4.3871;1.4896;0.4394;2.4315;0.0266;187.59;0.1878;0.0868;0.0256;0.0752;0.0002;183.51;85.263;25.148;72.644;0.1443;53.468;46.036;12.136;1.6306;0.4945;7.1134;0.3106;5.9774;0;1;0;0;1.4585;0.9724;1;1;0.9491;0.1159;0.9766;0.9828;1;0.9676;0.8442;0.999;0.999;1;0.999;0.999;0.9487;0.9174;0.0977;0.5496;0.5393;0.0032;0.017;-0.0193;0.0038;0.0134;0.0013;0;0;0.088;0.4103;0;0;0;0;0;0;0;0;0;0;0;0;0.0108;0.0009;0.5082;0.5082;0;14.967;14.967;8.9076;0.0486;461;1102.3;1;0.0099;0.0099;0;0;0;0;0;0;0.4983;0.4103;0;17.389;20.136;14.04;16.258;98.061;98.061;4.6347;4.2855;3.4603;0.3492;0.8252;0.0754;0.1781;0.7466;53.241;0.7266;0
06/06/21 09:00;22.577;-36.523;47.904;34.94;55.06;-90;-55.06;150.71;141.1;9.6082;8.4797;0.42;0;16.777;108.86;4.6491;0;4.5077;134.8;0;134.8;16.777;4.6491;108.86;4.5077;0.1245;0.8411;0;0.0334;118.55;16.242;0;0;12.041;4.2006;114.88;3.5595;0.1929;0.0534;3.2998;0.0134;118.44;0.1186;0.0168;0.0046;0.0968;0.0003;116.65;16.567;4.591;93.424;0.2933;93.103;80.162;23.073;13.416;1.4224;20.461;1.7777;8.4681;0;1;0;0;0.8944;0.8795;1;1;0.8894;0.0681;0.9699;0.9885;1;0.9659;0.9563;0.999;0.999;1;0.999;0.999;0.8522;0.8582;0.0651;0.3836;0.3747;0.0023;0.0171;-0.0148;0.0026;0.0092;0.0038;0;0;0.088;0.2506;0;0;0;0;0;0;0;0;0;0;0;0;0.0074;0.0005;0.3466;0.3466;0;14.085;14.085;5.605;0.0488;318.41;1088.6;1;0.008;0.008;0;0;0;0;0;0;0.3386;0.2506;0;16.992;19.676;12.285;14.226;97.688;97.688;3.2351;2.923;2.1133;0.3121;0.8097;0.0965;0.2503;0.6532;89.623;0.5866;0
06/06/21 10:00;28.66;-22.729;54.032;54.744;35.256;-90;-35.256;185.5;175.8;9.703;9.6298;1.4399;0;11.883;157.24;3.2842;0;2.3817;174.79;0;174.79;11.883;3.2842;157.24;2.3817;0.068;0.9132;0;0.0136;163.68;11.106;0;0;8.9761;2.1301;158.41;5.1032;0.2228;0.0616;4.7847;0.0342;163.52;0.1637;0.0119;0.0033;0.1483;0.0003;159.2;11.648;3.2193;143.33;0.2172;113.89;98.057;26.069;4.154;1.0833;15.583;0.7873;12.513;0;1;0;0;0.9422;0.9365;1;1;0.9429;0.1056;0.9688;0.9812;1;0.9677;0.8641;0.999;0.999;1;0.999;0.999;0.9063;0.9115;0.0912;0.4974;0.4867;0.0029;0.0172;-0.0134;0.0034;0.0119;0.0029;0;0;0.088;0.3542;0;0;0;0;0;0;0;0;0;0;0;0;0.0096;0.0008;0.4514;0.4514;0;17.357;17.357;7.7275;0.0488;415.27;1086.9;1;0.0091;0.0091;0;0;0;0;0;0;0.4422;0.3542;0;17.064;19.759;13.393;15.508;97.983;97.983;4.1949;3.8063;2.9874;0.3886;0.8189;0.0926;0.1952;0.7122;107.73;0.6676;0
06/06/21 11:00;31.834;-7.1279;57.46;78.698;11.302;-90;-11.302;172;167.6;4.3995;10.34;2.03;0;4.4865;164.93;1.075;0;0.2335;170.73;0;170.73;4.4865;1.075;164.93;0.2335;0.0263;0.9674;0;0.0014;169.08;1.6526;0;0;1.4587;0.1938;162.2;6.7072;0.1247;0.0299;6.5438;0.0089;168.91;0.1691;0.0045;0.0011;0.1635;0;162.24;4.3574;1.044;156.77;0.0307;102.37;88.143;21.791;0.0762;0.8428;12.124;0.0436;12.89;0;1;0;0;0.9926;0.9903;1;1;0.9912;0.1698;0.9603;0.9722;1;0.9599;0.7755;0.999;0.999;1;0.999;0.999;0.95;0.9505;0.1316;0.4859;0.4885;0.0029;0.0172;-0.0118;0.0034;0.0119;0.0023;0;0;0.088;0.3551;0;0;0;0;0;0;0;0;0;0;0;0;0.0096;0.0008;0.4522;0.4522;0;18.256;18.256;7.9165;0.0488;417.15;1084.1;1;0.0091;0.0091;0;0;0;0;0;0;0.4431;0.3551;0;17.503;20.269;13.746;15.917;97.991;97.991;4.0975;3.8137;2.995;0.2838;0.8187;0.0693;0.1998;0.7309;99.202;0.694;0
06/06/21 12:00;31.617;9.1472;57.219;75.521;14.479;90;14.479;113.2;111.6;1.6033;10.96;2.43;0;1.6559;109.57;0.2658;0;0.2517;111.75;0;111.75;1.6559;0.2658;109.57;0.2517;0.0148;0.9828;0;0.0023;110.06;1.6855;0;0;1.4759;0.2096;105.78;4.1675;0.0447;0.0072;4.1061;0.0095;109.95;0.1101;0.0017;0.0003;0.1081;0;105.84;1.6095;0.2584;103.88;0.0326;67.631;58.23;14.58;0.125;0.5497;7.9066;0.0533;8.3313;0;1;0;0;0.9871;0.9849;1;1;0.9865;0.1671;0.9621;0.973;1;0.962;0.775;0.999;0.999;1;0.999;0.999;0.9466;0.9481;0.1294;0.318;0.3186;0.0019;0.0167;-0.0102;0.0022;0.0077;0.0015;0;0;0.088;0.197;0;0;0;0;0;0;0;0;0;0;0;0;0.0062;0.0004;0.2923;0.2923;0;16.135;16.135;5.1746;0.0489;271.39;1077.2;1;0.0073;0.0073;0;0;0;0;0;0;0.285;0.197;0;17.286;20.017;11.65;13.49;97.494;97.494;2.6819;2.4653;1.6614;0.2167;0.8039;0.0808;0.2997;0.6195;66.559;0.5883;0
06/06/21 13:00;28.044;24.567;53.388;52.029;37.972;90;37.972;203.9;191;12.905;11.88;2.52;0;16.37;167.25;5.0146;0;3.0214;191.65;0;191.65;16.37;5.0146;167.25;3.0214;0.0854;0.8884;0;0.0158;178.15;13.501;0;0;10.753;2.7485;172.52;5.4561;0.2863;0.0877;5.0511;0.031;177.97;0.1782;0.0164;0.005;0.1565;0.0003;173.55;16.068;4.9219;151.29;0.2416;125.2;107.8;28.975;5.699;1.244;17.895;1.0281;13.44;0;1;0;0;0.9399;0.9296;1;1;0.9357;0.0903;0.9693;0.9825;1;0.9677;0.8865;0.999;0.999;1;0.999;0.999;0.9002;0.9046;0.08;0.5454;0.5324;0.0032;0.0171;-0.009;0.0036;0.0129;0.0033;0;0;0.088;0.3924;0;0;0;0;0;0;0;0;0;0;0;0;0.0104;0.0009;0.4898;0.4898;0;20.31;20.31;8.43;0.0489;454.5;1077.7;1;0.0094;0.0094;0;0;0;0;0;0;0.4804;0.3924;0;16.889;19.557;13.53;15.667;98.077;98.077;4.5997;4.1308;3.3093;0.4688;0.8216;0.1019;0.1786;0.7195;117.12;0.6725;0
06/06/21 14:00;21.647;38.099;47.008;32.75;57.25;90;57.25;165.11;154.8;10.309;12.43;2.41;0;19.057;116.76;6.0298;0;5.3052;147.15;0;147.15;19.057;6.0298;116.76;5.3052;0.1295;0.8295;0;0.0361;128.47;18.682;0;0;13.713;4.969;124.48;3.8579;0.2091;0.0662;3.5648;0.0178;128.34;0.1285;0.0191;0.006;0.103;0.0003;126.6;18.829;5.9577;99.375;0.318;101.74;87.602;25.488;16.516;1.6572;23.838;2.1168;8.9798;0;1;0;0;0.8912;0.873;1;1;0.8826;0.0634;0.9699;0.989;1;0.9654;0.947;0.999;0.999;1;0.999;0.999;0.846;0.8511;0.0599;0.4188;0.4099;0.0025;0.0172;-0.0096;0.0028;0.0099;0.0044;0;0;0.088;0.278;0;0;0;0;0;0;0;0;0;0;0;0;0.008;0.0006;0.3741;0.3741;0;18.521;18.521;6.0916;0.0489;348.66;1073;1;0.0081;0.0081;0;0;0;0;0;0;0.366;0.278;0;16.801;19.455;12.483;14.455;97.822;97.822;3.5315;3.155;2.3442;0.3765;0.8108;0.1066;0.2296;0.6638;98.466;0.592;0
06/06/21 15:00;13.141;49.545;56.537;17.057;28.292;90;28.292;252;51.599;200.4;13.2;1.7699;0;486.02;16.271;83.173;0;2.1072;587.57;0;587.57;486.02;83.173;16.271;2.1072;0.8272;0.0313;0;0.0036;585.08;2.4893;0;0;0.6575;1.8318;569.74;14.755;12.118;2.0738;0.5114;0.0517;584.5;0.5851;0.486;0.0832;0.0156;0.0003;569.79;473.42;81.016;15.087;0.2235;11.752;10.118;2.7475;0.2015;0.0933;1.342;0.0437;1.2337;0;1;0;0;2.3317;0.9958;1;1;0.9596;0.1307;0.9748;0.975;1;0.9672;0.8121;0.999;0.999;1;0.999;0.999;0.9697;0.9272;0.1061;1.6722;1.6329;0.0098;0.0034;0.0938;0.0107;0.0379;0.0002;0;0;0.088;1.3295;0;0;0;0;0;0;0;0;0;0;0;0;0.0305;0.0065;1.44;1.44;0;41.309;41.309;28.109;0.0493;1407.3;1023.2;1;0.0225;0.0225;0;0;0;0;0;0;1.4175;1.3295;0;16.195;18.753;14.952;17.314;98.436;98.436;14.102;12.144;11.212;1.958;0.9321;0.1388;0.0661;0.7951;10.602;0.7937;0
06/06/21 16:00;4.2131;58.331;79.736;4.9468;7.1248;90;7.1248;3.3013;3.2993;0.002;12.28;1.7401;0;0.0049;3.2865;0.0002;0;0.0018;3.2934;3.2934;0;0.0049;0;0;0;1;1;1;1;0;0;0;0;0;0;0;0;0;0;0;0;0;0;0;0;0;0;0;0;0;0;0;0;0;0;0;0;0;0;0;0;0;0;0;0;1;1;1;1;1;1;1;1;1;1;1;0;1;0;0;1;0;0;0;0;0;0;0;0;0;0;0;0.0004;0.088;-0.0884;0;0;0;0;0;0;0;0;0;0;0;0;0;0;0;0;0;0;0;-12.28;0;0;0;0;0.0004;0;0;0;0;0;0;0;-0.0004;-0.0884;0;0;0;0;0;0;0;0;0;-0.7452;0;0.7452;1;1;0;0;0;0
06/06/21 17:00;0;0;90;0;0;90;0;0;0;0;11.39;1.4301;0;0;0;0;0;0;0;0;0;0;0;0;0;1;1;1;1;0;0;0;0;0;0;0;0;0;0;0;0;0;0;0;0;0;0;0;0;0;0;0;0;0;0;0;0;0;0;0;0;0;0;0;1;1;1;1;1;1;1;1;1;1;1;1;1;1;1;1;1;1;1;0;0;0;0;0;0;0;0;0;0.0004;0.088;-0.0884;0;0;0;0;0;0;0;0;0;0;0;0;0;0;0;0;0;0;0;-11.39;0;0;0;0;0.0004;0;0;0;0;0;0;0;-0.0004;-0.0884;0;0;0;0;0;0;0;0;0;-0.7452;0;0.7452;1;1;0;0;0;0
06/06/21 18:00;0;0;90;0;0;90;0;0;0;0;9.79;1.0201;0;0;0;0;0;0;0;0;0;0;0;0;0;1;1;1;1;0;0;0;0;0;0;0;0;0;0;0;0;0;0;0;0;0;0;0;0;0;0;0;0;0;0;0;0;0;0;0;0;0;0;0;1;1;1;1;1;1;1;1;1;1;1;1;1;1;1;1;1;1;1;0;0;0;0;0;0;0;0;0;0.0004;0.088;-0.0884;0;0;0;0;0;0;0;0;0;0;0;0;0;0;0;0;0;0;0;-9.79;0;0;0;0;0.0004;0;0;0;0;0;0;0;-0.0004;-0.0884;0;0;0;0;0;0;0;0;0;-0.7452;0;0.7452;1;1;0;0;0;0
06/06/21 19:00;0;0;90;0;0;90;0;0;0;0;8.4199;0.59;0;0;0;0;0;0;0;0;0;0;0;0;0;1;1;1;1;0;0;0;0;0;0;0;0;0;0;0;0;0;0;0;0;0;0;0;0;0;0;0;0;0;0;0;0;0;0;0;0;0;0;0;1;1;1;1;1;1;1;1;1;1;1;1;1;1;1;1;1;1;1;0;0;0;0;0;0;0;0;0;0.0004;0.088;-0.0884;0;0;0;0;0;0;0;0;0;0;0;0;0;0;0;0;0;0;0;-8.4199;0;0;0;0;0.0004;0;0;0;0;0;0;0;-0.0004;-0.0884;0;0;0;0;0;0;0;0;0;-0.7452;0;0.7452;1;1;0;0;0;0
06/06/21 20:00;0;0;90;0;0;90;0;0;0;0;7.66;0.4601;0;0;0;0;0;0;0;0;0;0;0;0;0;1;1;1;1;0;0;0;0;0;0;0;0;0;0;0;0;0;0;0;0;0;0;0;0;0;0;0;0;0;0;0;0;0;0;0;0;0;0;0;1;1;1;1;1;1;1;1;1;1;1;1;1;1;1;1;1;1;1;0;0;0;0;0;0;0;0;0;0.0004;0.088;-0.0884;0;0;0;0;0;0;0;0;0;0;0;0;0;0;0;0;0;0;0;-7.66;0;0;0;0;0.0004;0;0;0;0;0;0;0;-0.0004;-0.0884;0;0;0;0;0;0;0;0;0;-0.7452;0;0.7452;1;1;0;0;0;0
06/06/21 21:00;0;0;90;0;0;90;0;0;0;0;6.52;0.7999;0;0;0;0;0;0;0;0;0;0;0;0;0;1;1;1;1;0;0;0;0;0;0;0;0;0;0;0;0;0;0;0;0;0;0;0;0;0;0;0;0;0;0;0;0;0;0;0;0;0;0;0;1;1;1;1;1;1;1;1;1;1;1;1;1;1;1;1;1;1;1;0;0;0;0;0;0;0;0;0;0.0004;0.088;-0.0884;0;0;0;0;0;0;0;0;0;0;0;0;0;0;0;0;0;0;0;-6.52;0;0;0;0;0.0004;0;0;0;0;0;0;0;-0.0004;-0.0884;0;0;0;0;0;0;0;0;0;-0.7452;0;0.7452;1;1;0;0;0;0
06/06/21 22:00;0;0;90;0;0;90;0;0;0;0;4.8999;1.25;0;0;0;0;0;0;0;0;0;0;0;0;0;1;1;1;1;0;0;0;0;0;0;0;0;0;0;0;0;0;0;0;0;0;0;0;0;0;0;0;0;0;0;0;0;0;0;0;0;0;0;0;1;1;1;1;1;1;1;1;1;1;1;1;1;1;1;1;1;1;1;0;0;0;0;0;0;0;0;0;0.0004;0.088;-0.0884;0;0;0;0;0;0;0;0;0;0;0;0;0;0;0;0;0;0;0;-4.8999;0;0;0;0;0.0004;0;0;0;0;0;0;0;-0.0004;-0.0884;0;0;0;0;0;0;0;0;0;-0.7452;0;0.7452;1;1;0;0;0;0
06/06/21 23:00;0;0;90;0;0;90;0;0;0;0;4.18;1.7401;0;0;0;0;0;0;0;0;0;0;0;0;0;1;1;1;1;0;0;0;0;0;0;0;0;0;0;0;0;0;0;0;0;0;0;0;0;0;0;0;0;0;0;0;0;0;0;0;0;0;0;0;1;1;1;1;1;1;1;1;1;1;1;1;1;1;1;1;1;1;1;0;0;0;0;0;0;0;0;0;0.0004;0.088;-0.0884;0;0;0;0;0;0;0;0;0;0;0;0;0;0;0;0;0;0;0;-4.18;0;0;0;0;0.0004;0;0;0;0;0;0;0;-0.0004;-0.0884;0;0;0;0;0;0;0;0;0;-0.7452;0;0.7452;1;1;0;0;0;0
07/06/21 00:00;0;0;90;0;0;90;0;0;0;0;3.4201;2.11;0;0;0;0;0;0;0;0;0;0;0;0;0;1;1;1;1;0;0;0;0;0;0;0;0;0;0;0;0;0;0;0;0;0;0;0;0;0;0;0;0;0;0;0;0;0;0;0;0;0;0;0;1;1;1;1;1;1;1;1;1;1;1;1;1;1;1;1;1;1;1;0;0;0;0;0;0;0;0;0;0.0004;0.088;-0.0884;0;0;0;0;0;0;0;0;0;0;0;0;0;0;0;0;0;0;0;-3.4201;0;0;0;0;0.0004;0;0;0;0;0;0;0;-0.0004;-0.0884;0;0;0;0;0;0;0;0;0;-0.7452;0;0.7452;1;1;0;0;0;0
07/06/21 01:00;0;0;90;0;0;90;0;0;0;0;2.55;2.34;0;0;0;0;0;0;0;0;0;0;0;0;0;1;1;1;1;0;0;0;0;0;0;0;0;0;0;0;0;0;0;0;0;0;0;0;0;0;0;0;0;0;0;0;0;0;0;0;0;0;0;0;1;1;1;1;1;1;1;1;1;1;1;1;1;1;1;1;1;1;1;0;0;0;0;0;0;0;0;0;0.0004;0.088;-0.0884;0;0;0;0;0;0;0;0;0;0;0;0;0;0;0;0;0;0;0;-2.55;0;0;0;0;0.0004;0;0;0;0;0;0;0;-0.0004;-0.0884;0;0;0;0;0;0;0;0;0;-0.7452;0;0.7452;1;1;0;0;0;0
07/06/21 02:00;0;0;90;0;0;90;0;0;0;0;2.3997;2.4799;0;0;0;0;0;0;0;0;0;0;0;0;0;1;1;1;1;0;0;0;0;0;0;0;0;0;0;0;0;0;0;0;0;0;0;0;0;0;0;0;0;0;0;0;0;0;0;0;0;0;0;0;1;1;1;1;1;1;1;1;1;1;1;1;1;1;1;1;1;1;1;0;0;0;0;0;0;0;0;0;0.0004;0.088;-0.0884;0;0;0;0;0;0;0;0;0;0;0;0;0;0;0;0;0;0;0;-2.3997;0;0;0;0;0.0004;0;0;0;0;0;0;0;-0.0004;-0.0884;0;0;0;0;0;0;0;0;0;-0.7452;0;0.7452;1;1;0;0;0;0
07/06/21 03:00;0;0;90;0;0;90;0;0;0;0;1.7901;2.52;0;0;0;0;0;0;0;0;0;0;0;0;0;1;1;1;1;0;0;0;0;0;0;0;0;0;0;0;0;0;0;0;0;0;0;0;0;0;0;0;0;0;0;0;0;0;0;0;0;0;0;0;1;1;1;1;1;1;1;1;1;1;1;1;1;1;1;1;1;1;1;0;0;0;0;0;0;0;0;0;0.0004;0.088;-0.0884;0;0;0;0;0;0;0;0;0;0;0;0;0;0;0;0;0;0;0;-1.7901;0;0;0;0;0.0004;0;0;0;0;0;0;0;-0.0004;-0.0884;0;0;0;0;0;0;0;0;0;-0.7452;0;0.7452;1;1;0;0;0;0
07/06/21 04:00;0;0;90;0;0;90;0;0;0;0;1.3002;2.4799;0;0;0;0;0;0;0;0;0;0;0;0;0;1;1;1;1;0;0;0;0;0;0;0;0;0;0;0;0;0;0;0;0;0;0;0;0;0;0;0;0;0;0;0;0;0;0;0;0;0;0;0;1;1;1;1;1;1;1;1;1;1;1;1;1;1;1;1;1;1;1;0;0;0;0;0;0;0;0;0;0.0004;0.088;-0.0884;0;0;0;0;0;0;0;0;0;0;0;0;0;0;0;0;0;0;0;-1.3002;0;0;0;0;0.0004;0;0;0;0;0;0;0;-0.0004;-0.0884;0;0;0;0;0;0;0;0;0;-0.7452;0;0.7452;1;1;0;0;0;0
07/06/21 05:00;0;0;90;0;0;90;0;0;0;0;1.2198;2.27;0;0;0;0;0;0;0;0;0;0;0;0;0;1;1;1;1;0;0;0;0;0;0;0;0;0;0;0;0;0;0;0;0;0;0;0;0;0;0;0;0;0;0;0;0;0;0;0;0;0;0;0;1;1;1;1;1;1;1;1;1;1;1;1;1;1;1;1;1;1;1;0;0;0;0;0;0;0;0;0;0.0004;0.088;-0.0884;0;0;0;0;0;0;0;0;0;0;0;0;0;0;0;0;0;0;0;-1.2198;0;0;0;0;0.0004;0;0;0;0;0;0;0;-0.0004;-0.0884;0;0;0;0;0;0;0;0;0;-0.7452;0;0.7452;1;1;0;0;0;0
07/06/21 06:00;0;0;90;0;0;90;0;0;0;0;1.1998;2.75;0;0;0;0;0;0;0;0;0;0;0;0;0;1;1;1;1;0;0;0;0;0;0;0;0;0;0;0;0;0;0;0;0;0;0;0;0;0;0;0;0;0;0;0;0;0;0;0;0;0;0;0;1;1;1;1;1;1;1;1;1;1;1;1;1;1;1;1;1;1;1;0;0;0;0;0;0;0;0;0;0.0004;0.088;-0.0884;0;0;0;0;0;0;0;0;0;0;0;0;0;0;0;0;0;0;0;-1.1998;0;0;0;0;0.0004;0;0;0;0;0;0;0;-0.0004;-0.0884;0;0;0;0;0;0;0;0;0;-0.7452;0;0.7452;1;1;0;0;0;0
07/06/21 07:00;4.9005;-57.598;78.043;5.7985;8.385;-90;-8.385;32.603;28.703;3.8999;1.59;3.3599;0;9.4583;27.567;2.3969;0;0.0244;39.447;0;39.447;9.4583;2.3969;27.567;0.0244;0.2398;0.6995;0;0.0006;39.278;0.1685;0;0;0.1482;0.0203;35.035;4.2041;2.4391;0.6181;1.1459;0.0009;39.239;0.0393;0.0095;0.0024;0.0274;0;35.038;7.0097;1.7764;26.245;0.0032;16.488;14.196;3.4965;0.004;0.1361;1.9572;0.003;2.0893;0;1;0;0;1.2099;0.9957;1;1;0.9946;0.1691;0.8929;0.7419;1;0.9582;0.7758;0.999;0.999;1;0.999;0.999;0.8882;0.9521;0.131;0.1123;0.1042;0.0006;0.0113;-0.0082;0.0007;0.0025;0.0004;0;0;0.088;0.002;0;0;0;0;0;0;0;0;0;0;0;0;0.002;0.0001;0.0948;0.0948;0;3.3076;3.3076;1.7176;0.049;87.155;1087.8;1;0.0048;0.0048;0;0;0;0;0;0;0.09;0.002;0;15.882;18.391;0.3294;0.3814;94.894;94.894;0.9467;0.7995;0.0166;0.1472;0.7829;0.1555;0.827;0.0175;16.464;0.0169;0
07/06/21 08:00;14.199;-48.184;53.495;18.752;32.477;-90;-32.477;128.69;96.2;32.493;2.3399;3.13;0;78.806;79.818;23.311;0;1.4089;183.34;0;183.34;78.806;23.311;79.818;1.4089;0.4298;0.443;0;0.0077;178.1;5.2477;0;0;4.0039;1.2438;173.63;4.2866;1.394;0.4123;2.4542;0.0261;177.92;0.1781;0.0788;0.0233;0.0758;0.0002;173.94;77.333;22.875;73.284;0.1389;53.75;46.278;12.182;1.5901;0.4951;7.1222;0.3054;6.0273;0;1;0;0;1.4246;0.9714;1;1;0.9498;0.1172;0.9759;0.9823;1;0.9676;0.8418;0.999;0.999;1;0.999;0.999;0.947;0.9181;0.0986;0.5218;0.5119;0.0031;0.0171;-0.026;0.0036;0.0129;0.0014;0;0;0.088;0.3909;0;0;0;0;0;0;0;0;0;0;0;0;0.0104;0.0008;0.4887;0.4887;0;10.756;10.756;8.4165;0.0485;437.13;1117.9;1;0.0098;0.0098;0;0;0;0;0;0;0.4789;0.3909;0;17.612;20.395;14.087;16.313;97.994;97.994;4.4002;4.121;3.2962;0.2793;0.8248;0.0635;0.1874;0.7491;53.543;0.7279;0
07/06/21 09:00;22.474;-36.505;47.967;34.815;55.185;-90;-55.185;298.8;112;186.8;4.7802;3.31;0;327.19;55.548;72.3;0;8.9745;464.01;0;464.01;327.19;72.3;55.548;8.9745;0.7051;0.1391;0;0.0193;449.49;14.528;0;0;6.1645;8.3634;442.72;6.3184;3.7733;0.8338;1.6844;0.0269;449.04;0.4495;0.3272;0.0723;0.0494;0.0006;444.85;323.09;71.394;47.65;0.5836;109.96;94.678;24.865;6.9021;1.2538;18.036;2.1353;12.388;0;1;0;0;1.5529;0.9687;1;1;0.889;0.0681;0.9859;0.9885;1;0.9659;0.956;0.999;0.999;1;0.999;0.999;0.9541;0.8578;0.065;1.3205;1.3089;0.0079;0.0078;0.0063;0.009;0.0319;0.0034;0;0;0.088;1.1046;0;0;0;0;0;0;0;0;0;0;0;0;0.0257;0.0043;1.2125;1.2125;0;26.38;26.38;21.6;0.0488;1123.3;1079.4;1;0.0198;0.0198;0;0;0;0;0;0;1.1926;1.1046;0;17.267;19.995;15.731;18.216;98.363;98.363;11.136;10.225;9.3156;0.9112;0.9095;0.0818;0.0817;0.8365;45.794;0.8129;0
07/06/21 10:00;28.555;-22.734;54.107;54.621;35.379;-90;-35.379;414.31;118.5;295.81;8.0802;3.87;0;362.81;57.355;67.834;0;5.3555;493.35;0;493.35;362.81;67.834;57.355;5.3555;0.7354;0.1271;0;0.0109;485.27;8.0844;0;0;3.2921;4.7924;474.82;9.9609;6.8581;1.2823;1.7446;0.0758;484.78;0.4853;0.3628;0.0678;0.0541;0.0006;476.33;355.59;66.484;52.265;0.4867;213.76;184.05;48.97;1.5346;1.6237;23.356;1.506;23.445;0;1;0;0;1.1908;0.9836;1;1;0.9426;0.1051;0.9795;0.9811;1;0.9677;0.8652;0.999;0.999;1;0.999;0.999;0.9624;0.9112;0.0909;1.404;1.4096;0.0085;0.0064;0.0314;0.0095;0.0338;0.0043;0;0;0.088;1.1748;0;0;0;0;0;0;0;0;0;0;0;0;0.0273;0.005;1.2834;1.2834;0;31.333;31.333;23.253;0.049;1211.3;1059.6;1;0.0206;0.0206;0;0;0;0;0;0;1.2628;1.1748;0;17.19;19.906;15.736;18.222;98.394;98.394;11.84;10.823;9.9075;1.017;0.9159;0.0859;0.0774;0.8368;39.332;0.8081;0
07/06/21 11:00;31.734;-7.1621;57.551;78.602;11.398;-90;-11.398;549.39;90.5;458.89;14;4.2201;0;468.12;30.643;60.749;0;0.7585;560.28;0;560.28;468.12;60.749;30.643;0.7585;0.8355;0.056;0;0.0014;559.37;0.9046;0;0;0.2749;0.6297;542.72;16.095;13.146;1.706;1.2138;0.0289;558.81;0.5594;0.4681;0.0607;0.0304;0.0001;542.87;454.51;58.983;29.124;0.0998;319.88;275.42;70.787;0.0148;2.4437;35.152;0.1549;37.58;0;1;0;0;1.0198;0.9984;1;1;0.991;0.1699;0.9712;0.9719;1;0.96;0.7755;0.999;0.999;1;0.999;0.999;0.9687;0.9504;0.1316;1.5945;1.6236;0.0098;0.0036;0.0901;0.0106;0.0377;0.0062;0;0;0.088;1.3184;0;0;0;0;0;0;0;0;0;0;0;0;0.0304;0.0064;1.4287;1.4287;0;40.769;40.769;26.769;0.0493;1396.4;1023.1;1;0.0223;0.0223;0;0;0;0;0;0;1.4064;1.3184;0;16.85;19.512;15.549;18.005;98.439;98.439;13.447;12.048;11.118;1.3985;0.9302;0.104;0.0692;0.8268;18.436;0.7897;0
07/06/21 12:00;31.527;9.0848;57.32;75.566;14.434;90;14.434;517.1;101;416.1;14.77;4.5;0;429.66;39.747;62.595;0;1.1426;533.14;0;533.14;429.66;62.595;39.747;1.1426;0.8059;0.0767;0;0.0021;531.66;1.4841;0;0;0.5325;0.9516;516.14;14.988;11.744;1.7109;1.4907;0.0429;531.13;0.5317;0.4297;0.0626;0.0392;0.0002;516.39;417.49;60.821;37.684;0.1479;298.88;257.34;66.844;0.0451;2.2396;32.215;0.254;34.41;0;1;0;0;1.031;0.9972;1;1;0.9866;0.1671;0.9718;0.9726;1;0.9619;0.775;0.999;0.999;1;0.999;0.999;0.9681;0.9481;0.1294;1.5173;1.542;0.0093;0.0046;0.0827;0.0101;0.0359;0.0057;0;0;0.088;1.2497;0;0;0;0;0;0;0;0;0;0;0;0;0.0289;0.0059;1.3588;1.3588;0;40.222;40.222;25.452;0.0493;1326.3;1024.5;1;0.0212;0.0212;0;0;0;0;0;0;1.3377;1.2497;0;16.842;19.503;15.489;17.936;98.443;98.443;12.795;11.459;10.539;1.3361;0.9205;0.1044;0.0719;0.8236;24.14;0.788;0
07/06/21 13:00;27.969;24.485;53.492;52.028;37.972;90;37.972;265.9;218.1;47.808;15.26;4.7899;0;60.645;180.02;21.27;0;3.9402;265.88;0;265.88;60.645;21.27;180.02;3.9402;0.2281;0.6919;0;0.0148;250.72;15.158;0;0;11.574;3.5843;243.54;6.9258;1.0724;0.3761;5.4369;0.0404;250.47;0.2507;0.0606;0.0213;0.1684;0.0004;244.83;59.512;20.873;162.84;0.3151;157.03;135.2;36.28;6.1345;1.4983;21.552;1.2916;16.916;0;1;0;0;0.9999;0.943;1;1;0.9357;0.0903;0.9723;0.9823;1;0.9677;0.8865;0.999;0.999;1;0.999;0.999;0.916;0.9046;0.08;0.7567;0.7437;0.0045;0.0154;0.0058;0.005;0.0178;0.004;0;0;0.088;0.5756;0;0;0;0;0;0;0;0;0;0;0;0;0.0144;0.0016;0.6752;0.6752;0;27.196;27.196;11.936;0.049;635.92;1061.8;1;0.0116;0.0116;0;0;0;0;0;0;0.6636;0.5756;0;16.781;19.432;14.305;16.565;98.279;98.279;6.381;5.6941;4.854;0.6869;0.8401;0.1077;0.1317;0.7607;126.06;0.7172;0
07/06/21 14:00;21.588;38.006;47.111;32.725;57.275;90;57.275;324.1;127.8;196.3;15.43;4.6199;0;363.11;58.83;95.123;0;10.422;527.48;0;527.48;363.11;95.123;58.83;10.422;0.6884;0.1313;0;0.0198;510.81;16.675;0;0;6.9137;9.7616;503.41;6.8868;4.0059;1.0494;1.7964;0.035;510.3;0.5108;0.3631;0.0951;0.0519;0.0007;505.8;358.74;93.978;50.068;0.6247;109.34;94.142;24.956;8.3363;1.3274;19.094;2.3868;12.085;0;1;0;0;1.6275;0.9684;1;1;0.8825;0.0634;0.9865;0.989;1;0.9654;0.9469;0.999;0.999;1;0.999;0.999;0.9544;0.8511;0.0599;1.5012;1.4854;0.0089;0.0053;0.08;0.0097;0.0345;0.0034;0;0;0.088;1.2017;0;0;0;0;0;0;0;0;0;0;0;0;0.0278;0.0055;1.3101;1.3101;0;40.258;40.258;24.828;0.0493;1278.7;1024.6;1;0.0204;0.0204;0;0;0;0;0;0;1.2897;1.2017;0;16.412;19.005;15.054;17.432;98.44;98.44;12.66;11.048;10.134;1.6112;0.9144;0.1273;0.0722;0.8005;49.628;0.7794;0
07/06/21 15:00;13.097;49.448;56.662;17.025;28.217;90;28.217;94.997;91.497;3.4994;15.02;3.2501;0;8.487;85.058;2.5846;0;0.7902;96.92;0;96.92;8.487;2.5846;85.058;0.7902;0.0876;0.8858;0;0.0082;92.811;4.1093;0;0;3.4226;0.6867;89.744;2.9743;0.2147;0.0654;2.6747;0.0195;92.718;0.0928;0.0085;0.0026;0.0816;0.0001;89.971;8.2638;2.5166;78.879;0.084;55.417;47.714;12.324;1.041;0.4869;7.0039;0.2269;6.4498;0;1;0;0;1.0202;0.9576;1;1;0.9598;0.131;0.9679;0.9747;1;0.9672;0.8117;0.999;0.999;1;0.999;0.999;0.926;0.9274;0.1063;0.2758;0.2714;0.0016;0.0161;-0.0055;0.0018;0.0064;0.0013;0;0;0.088;0.1494;0;0;0;0;0;0;0;0;0;0;0;0;0.0052;0.0003;0.2442;0.2442;0;19.429;19.429;4.4096;0.0491;231.01;1056.9;1;0.0067;0.0067;0;0;0;0;0;0;0.2374;0.1494;0;16.647;19.277;10.188;11.797;97.237;97.237;2.3261;2.0591;1.2601;0.267;0.799;0.1148;0.3435;0.5417;55.395;0.5139;0
07/06/21 16:00;4.18;58.232;79.818;4.9132;7.0754;90;7.0754;21.605;21.3;0.3058;13.1;3.39;0;0.7416;21.151;0.1634;0;0.0115;22.068;0;22.068;0.7416;0.1634;21.151;0.0115;0.0336;0.959;0;0.0005;21.972;0.0961;0;0;0.0865;0.0096;20.769;1.1807;0.2331;0.0514;0.8958;0.0004;21.95;0.022;0.0007;0.0002;0.0211;0;20.77;0.5077;0.1119;20.148;0.0015;12.603;10.851;2.6674;0.0014;0.1042;1.4993;0.0014;1.6021;0;1;0;0;1.0214;0.9956;1;1;0.9959;0.1673;0.9462;0.6854;1;0.9574;0.7757;0.999;0.999;1;0.999;0.999;0.9411;0.9526;0.1296;0.0628;0.0624;0.0004;0.0088;-0.0025;0.0004;0.0014;0.0003;0;0;0.088;-0.0388;0;0;0;0;0;0;0;0;0;0;0;0;0.0011;0;0.0525;0.0525;0;14.135;14.135;1.0356;0.0499;51.655;1016.8;1;0.0033;0.0033;0;0;0;0;0;0;0.0492;-0.0388;0;15.727;18.212;-11.607;-13.441;93.746;93.746;0.5296;0.4429;-0.3269;0.0867;0.7698;0.1637;1.4535;0;12.601;0;0
07/06/21 17:00;0;0;90;0;0;90;0;0;0;0;10.35;3.7301;0;0;0;0;0;0;0;0;0;0;0;0;0;1;1;1;1;0;0;0;0;0;0;0;0;0;0;0;0;0;0;0;0;0;0;0;0;0;0;0;0;0;0;0;0;0;0;0;0;0;0;0;1;1;1;1;1;1;1;1;1;1;1;1;1;1;1;1;1;1;1;0;0;0;0;0;0;0;0;0;0.0004;0.088;-0.0884;0;0;0;0;0;0;0;0;0;0;0;0;0;0;0;0;0;0;0;-10.35;0;0;0;0;0.0004;0;0;0;0;0;0;0;-0.0004;-0.0884;0;0;0;0;0;0;0;0;0;-0.7452;0;0.7452;1;1;0;0;0;0
07/06/21 18:00;0;0;90;0;0;90;0;0;0;0;10.13;3.9701;0;0;0;0;0;0;0;0;0;0;0;0;0;1;1;1;1;0;0;0;0;0;0;0;0;0;0;0;0;0;0;0;0;0;0;0;0;0;0;0;0;0;0;0;0;0;0;0;0;0;0;0;1;1;1;1;1;1;1;1;1;1;1;1;1;1;1;1;1;1;1;0;0;0;0;0;0;0;0;0;0.0004;0.088;-0.0884;0;0;0;0;0;0;0;0;0;0;0;0;0;0;0;0;0;0;0;-10.13;0;0;0;0;0.0004;0;0;0;0;0;0;0;-0.0004;-0.0884;0;0;0;0;0;0;0;0;0;-0.7452;0;0.7452;1;1;0;0;0;0
07/06/21 19:00;0;0;90;0;0;90;0;0;0;0;10.82;4.2201;0;0;0;0;0;0;0;0;0;0;0;0;0;1;1;1;1;0;0;0;0;0;0;0;0;0;0;0;0;0;0;0;0;0;0;0;0;0;0;0;0;0;0;0;0;0;0;0;0;0;0;0;1;1;1;1;1;1;1;1;1;1;1;1;1;1;1;1;1;1;1;0;0;0;0;0;0;0;0;0;0.0004;0.088;-0.0884;0;0;0;0;0;0;0;0;0;0;0;0;0;0;0;0;0;0;0;-10.82;0;0;0;0;0.0004;0;0;0;0;0;0;0;-0.0004;-0.0884;0;0;0;0;0;0;0;0;0;-0.7452;0;0.7452;1;1;0;0;0;0
07/06/21 20:00;0;0;90;0;0;90;0;0;0;0;9.9701;4.6999;0;0;0;0;0;0;0;0;0;0;0;0;0;1;1;1;1;0;0;0;0;0;0;0;0;0;0;0;0;0;0;0;0;0;0;0;0;0;0;0;0;0;0;0;0;0;0;0;0;0;0;0;1;1;1;1;1;1;1;1;1;1;1;1;1;1;1;1;1;1;1;0;0;0;0;0;0;0;0;0;0.0004;0.088;-0.0884;0;0;0;0;0;0;0;0;0;0;0;0;0;0;0;0;0;0;0;-9.9701;0;0;0;0;0.0004;0;0;0;0;0;0;0;-0.0004;-0.0884;0;0;0;0;0;0;0;0;0;-0.7452;0;0.7452;1;1;0;0;0;0
07/06/21 21:00;0;0;90;0;0;90;0;0;0;0;9.5998;4.98;0;0;0;0;0;0;0;0;0;0;0;0;0;1;1;1;1;0;0;0;0;0;0;0;0;0;0;0;0;0;0;0;0;0;0;0;0;0;0;0;0;0;0;0;0;0;0;0;0;0;0;0;1;1;1;1;1;1;1;1;1;1;1;1;1;1;1;1;1;1;1;0;0;0;0;0;0;0;0;0;0.0004;0.088;-0.0884;0;0;0;0;0;0;0;0;0;0;0;0;0;0;0;0;0;0;0;-9.5998;0;0;0;0;0.0004;0;0;0;0;0;0;0;-0.0004;-0.0884;0;0;0;0;0;0;0;0;0;-0.7452;0;0.7452;1;1;0;0;0;0
07/06/21 22:00;0;0;90;0;0;90;0;0;0;0;9.5001;4.8401;0;0;0;0;0;0;0;0;0;0;0;0;0;1;1;1;1;0;0;0;0;0;0;0;0;0;0;0;0;0;0;0;0;0;0;0;0;0;0;0;0;0;0;0;0;0;0;0;0;0;0;0;1;1;1;1;1;1;1;1;1;1;1;1;1;1;1;1;1;1;1;0;0;0;0;0;0;0;0;0;0.0004;0.088;-0.0884;0;0;0;0;0;0;0;0;0;0;0;0;0;0;0;0;0;0;0;-9.5001;0;0;0;0;0.0004;0;0;0;0;0;0;0;-0.0004;-0.0884;0;0;0;0;0;0;0;0;0;-0.7452;0;0.7452;1;1;0;0;0;0
07/06/21 23:00;0;0;90;0;0;90;0;0;0;0;9.3399;4.57;0;0;0;0;0;0;0;0;0;0;0;0;0;1;1;1;1;0;0;0;0;0;0;0;0;0;0;0;0;0;0;0;0;0;0;0;0;0;0;0;0;0;0;0;0;0;0;0;0;0;0;0;1;1;1;1;1;1;1;1;1;1;1;1;1;1;1;1;1;1;1;0;0;0;0;0;0;0;0;0;0.0004;0.088;-0.0884;0;0;0;0;0;0;0;0;0;0;0;0;0;0;0;0;0;0;0;-9.3399;0;0;0;0;0.0004;0;0;0;0;0;0;0;-0.0004;-0.0884;0;0;0;0;0;0;0;0;0;-0.7452;0;0.7452;1;1;0;0;0;0
08/06/21 00:00;0;0;90;0;0;90;0;0;0;0;9.3499;4.51;0;0;0;0;0;0;0;0;0;0;0;0;0;1;1;1;1;0;0;0;0;0;0;0;0;0;0;0;0;0;0;0;0;0;0;0;0;0;0;0;0;0;0;0;0;0;0;0;0;0;0;0;1;1;1;1;1;1;1;1;1;1;1;1;1;1;1;1;1;1;1;0;0;0;0;0;0;0;0;0;0.0004;0.088;-0.0884;0;0;0;0;0;0;0;0;0;0;0;0;0;0;0;0;0;0;0;-9.3499;0;0;0;0;0.0004;0;0;0;0;0;0;0;-0.0004;-0.0884;0;0;0;0;0;0;0;0;0;-0.7452;0;0.7452;1;1;0;0;0;0
08/06/21 01:00;0;0;90;0;0;90;0;0;0;0;8.7702;4.6101;0;0;0;0;0;0;0;0;0;0;0;0;0;1;1;1;1;0;0;0;0;0;0;0;0;0;0;0;0;0;0;0;0;0;0;0;0;0;0;0;0;0;0;0;0;0;0;0;0;0;0;0;1;1;1;1;1;1;1;1;1;1;1;1;1;1;1;1;1;1;1;0;0;0;0;0;0;0;0;0;0.0004;0.088;-0.0884;0;0;0;0;0;0;0;0;0;0;0;0;0;0;0;0;0;0;0;-8.7702;0;0;0;0;0.0004;0;0;0;0;0;0;0;-0.0004;-0.0884;0;0;0;0;0;0;0;0;0;-0.7452;0;0.7452;1;1;0;0;0;0
08/06/21 02:00;0;0;90;0;0;90;0;0;0;0;8.8998;5.0001;0;0;0;0;0;0;0;0;0;0;0;0;0;1;1;1;1;0;0;0;0;0;0;0;0;0;0;0;0;0;0;0;0;0;0;0;0;0;0;0;0;0;0;0;0;0;0;0;0;0;0;0;1;1;1;1;1;1;1;1;1;1;1;1;1;1;1;1;1;1;1;0;0;0;0;0;0;0;0;0;0.0004;0.088;-0.0884;0;0;0;0;0;0;0;0;0;0;0;0;0;0;0;0;0;0;0;-8.8998;0;0;0;0;0.0004;0;0;0;0;0;0;0;-0.0004;-0.0884;0;0;0;0;0;0;0;0;0;-0.7452;0;0.7452;1;1;0;0;0;0
08/06/21 03:00;0;0;90;0;0;90;0;0;0;0;9.2003;5.3301;0;0;0;0;0;0;0;0;0;0;0;0;0;1;1;1;1;0;0;0;0;0;0;0;0;0;0;0;0;0;0;0;0;0;0;0;0;0;0;0;0;0;0;0;0;0;0;0;0;0;0;0;1;1;1;1;1;1;1;1;1;1;1;1;1;1;1;1;1;1;1;0;0;0;0;0;0;0;0;0;0.0004;0.088;-0.0884;0;0;0;0;0;0;0;0;0;0;0;0;0;0;0;0;0;0;0;-9.2003;0;0;0;0;0.0004;0;0;0;0;0;0;0;-0.0004;-0.0884;0;0;0;0;0;0;0;0;0;-0.7452;0;0.7452;1;1;0;0;0;0
08/06/21 04:00;0;0;90;0;0;90;0;0;0;0;9.0999;5.53;0;0;0;0;0;0;0;0;0;0;0;0;0;1;1;1;1;0;0;0;0;0;0;0;0;0;0;0;0;0;0;0;0;0;0;0;0;0;0;0;0;0;0;0;0;0;0;0;0;0;0;0;1;1;1;1;1;1;1;1;1;1;1;1;1;1;1;1;1;1;1;0;0;0;0;0;0;0;0;0;0.0004;0.088;-0.0884;0;0;0;0;0;0;0;0;0;0;0;0;0;0;0;0;0;0;0;-9.0999;0;0;0;0;0.0004;0;0;0;0;0;0;0;-0.0004;-0.0884;0;0;0;0;0;0;0;0;0;-0.7452;0;0.7452;1;1;0;0;0;0
08/06/21 05:00;0;0;90;0;0;90;0;0;0;0;8.9298;5.38;0;0;0;0;0;0;0;0;0;0;0;0;0;1;1;1;1;0;0;0;0;0;0;0;0;0;0;0;0;0;0;0;0;0;0;0;0;0;0;0;0;0;0;0;0;0;0;0;0;0;0;0;1;1;1;1;1;1;1;1;1;1;1;1;1;1;1;1;1;1;1;0;0;0;0;0;0;0;0;0;0.0004;0.088;-0.0884;0;0;0;0;0;0;0;0;0;0;0;0;0;0;0;0;0;0;0;-8.9298;0;0;0;0;0.0004;0;0;0;0;0;0;0;-0.0004;-0.0884;0;0;0;0;0;0;0;0;0;-0.7452;0;0.7452;1;1;0;0;0;0
08/06/21 06:00;0;0;90;0;0;90;0;0;0;0;8.6997;5.6;0;0;0;0;0;0;0;0;0;0;0;0;0;1;1;1;1;0;0;0;0;0;0;0;0;0;0;0;0;0;0;0;0;0;0;0;0;0;0;0;0;0;0;0;0;0;0;0;0;0;0;0;1;1;1;1;1;1;1;1;1;1;1;1;1;1;1;1;1;1;1;0;0;0;0;0;0;0;0;0;0.0004;0.088;-0.0884;0;0;0;0;0;0;0;0;0;0;0;0;0;0;0;0;0;0;0;-8.6997;0;0;0;0;0.0004;0;0;0;0;0;0;0;-0.0004;-0.0884;0;0;0;0;0;0;0;0;0;-0.7452;0;0.7452;1;1;0;0;0;0
08/06/21 07:00;4.8104;-57.558;78.265;5.6946;8.2304;-90;-8.2304;39.108;29.202;9.9061;8.7403;6;0;24.025;26.463;6.3115;0;0.0282;56.828;0;56.828;24.025;6.3115;26.463;0.0282;0.4228;0.4662;0;0.0005;56.666;0.1614;0;0;0.138;0.0234;47.487;9.1219;6.3501;1.6682;1.1026;0.0011;56.609;0.0567;0.024;0.0063;0.0263;0;47.49;17.651;4.6369;25.196;0.0037;15.861;13.657;3.3412;0.0035;0.1323;1.9034;0.0028;2.0322;0;1;0;0;1.4531;0.9972;1;1;0.9948;0.169;0.8389;0.7354;1;0.9581;0.7758;0.999;0.999;1;0.999;0.999;0.8356;0.9521;0.131;0.1617;0.1397;0.0008;0.0129;-0.0071;0.0009;0.0033;0.0003;0;0;0.088;0.0321;0;0;0;0;0;0;0;0;0;0;0;0;0.0027;0.0001;0.1257;0.1257;0;11.074;11.074;2.3339;0.0491;117.88;1066.7;1;0.0056;0.0056;0;0;0;0;0;0;0.1201;0.0321;0;14.621;16.93;3.737;4.3274;95.549;95.549;1.3639;1.0603;0.271;0.3035;0.7893;0.2225;0.5787;0.1987;15.8;0.1939;0
08/06/21 08:00;14.104;-48.154;53.771;18.639;32.178;-90;-32.178;95.895;87.5;8.3956;9.3997;6.16;0;20.362;78.68;5.5155;0;1.0311;105.59;0;105.59;20.362;5.5155;78.68;1.0311;0.1928;0.7549;0;0.0098;100.79;4.7984;0;0;3.8895;0.9089;97.776;2.9135;0.371;0.1005;2.4225;0.0196;100.69;0.1008;0.0204;0.0055;0.0748;0.0001;98.07;19.97;5.4095;72.293;0.1024;52.717;45.389;11.916;1.5181;0.485;6.9763;0.294;5.9432;0;1;0;0;1.1011;0.9546;1;1;0.9506;0.1185;0.9711;0.9818;1;0.9676;0.8396;0.999;0.999;1;0.999;0.999;0.926;0.9188;0.0994;0.3005;0.2946;0.0018;0.0165;-0.0116;0.002;0.0071;0.0013;0;0;0.088;0.1761;0;0;0;0;0;0;0;0;0;0;0;0;0.0058;0.0004;0.2713;0.2713;0;14.179;14.179;4.7788;0.0489;250.66;1082.5;1;0.0072;0.0072;0;0;0;0;0;0;0.2641;0.1761;0;16.981;19.663;11.023;12.765;97.348;97.348;2.5341;2.2882;1.4854;0.2459;0.8028;0.097;0.3168;0.5862;52.665;0.5585;0
08/06/21 09:00;22.377;-36.491;48.023;34.694;55.306;-90;-55.306;102.5;100.5;2.0006;10.46;6.72;0;3.5148;78.537;0.7;0;3.091;85.843;0;85.843;3.5148;0.7;78.537;3.091;0.0409;0.9509;0;0.036;74.219;11.624;0;0;8.7435;2.8806;71.704;2.4405;0.0406;0.0081;2.3825;0.0093;74.145;0.0742;0.0035;0.0007;0.0698;0.0002;72.953;3.4706;0.6912;67.341;0.2009;65.501;56.397;16.406;9.8319;1.015;14.601;1.2492;5.7838;0;1;0;0;0.8375;0.8646;1;1;0.8887;0.0681;0.9671;0.9884;1;0.9658;0.9557;0.999;0.999;1;0.999;0.999;0.8353;0.8574;0.065;0.2443;0.238;0.0014;0.0156;-0.0096;0.0016;0.0057;0.0027;0;0;0.088;0.1209;0;0;0;0;0;0;0;0;0;0;0;0;0.0046;0.0003;0.2156;0.2156;0;13.976;13.976;3.5155;0.049;201.35;1070.9;1;0.0067;0.0067;0;0;0;0;0;0;0.2089;0.1209;0;16.598;19.22;9.3098;10.781;96.9;96.9;2.0602;1.8184;1.0199;0.2418;0.7985;0.1174;0.3876;0.495;64.832;0.4391;0
08/06/21 10:00;28.457;-22.743;54.176;54.5;35.5;-90;-35.5;468.91;80.502;388.41;13.06;6.98;0;477.09;28.118;60.805;0;6.1013;572.11;0;572.11;477.09;60.805;28.118;6.1013;0.8339;0.0598;0;0.0107;565.03;7.0853;0;0;1.6225;5.4628;553.28;11.185;9.087;1.1581;0.855;0.0853;564.46;0.565;0.4771;0.0608;0.0265;0.0006;554.96;467.52;59.587;25.614;0.5525;236.51;203.64;54.189;0.762;1.7353;24.962;1.683;25.935;0;1;0;0;1.2201;0.9876;1;1;0.9423;0.1047;0.9802;0.9809;1;0.9677;0.8662;0.999;0.999;1;0.999;0.999;0.9671;0.9109;0.0906;1.6282;1.6378;0.0099;0.0034;0.0884;0.0108;0.0381;0.0044;0;0;0.088;1.3349;0;0;0;0;0;0;0;0;0;0;0;0;0.0307;0.0066;1.4455;1.4455;0;40.338;40.338;27.278;0.0493;1409.4;1025.6;1;0.0227;0.0227;0;0;0;0;0;0;1.4229;1.3349;0;16.696;19.334;15.418;17.854;98.431;98.431;13.731;12.19;11.257;1.5402;0.9333;0.1122;0.068;0.8198;19.301;0.7939;0
08/06/21 11:00;31.64;-7.1983;57.635;78.505;11.495;-90;-11.495;435.09;161.7;273.39;13.93;7.13;0;278.99;97.143;64.877;0;0.6109;441.62;0;441.62;278.99;64.877;97.143;0.6109;0.6317;0.2214;0;0.0014;440.23;1.391;0;0;0.8839;0.5071;426.17;13.617;7.9126;1.84;3.8415;0.0233;439.79;0.4402;0.279;0.0649;0.0963;0.0001;426.29;270.8;62.972;92.321;0.0804;254.34;218.98;55.882;0.0479;1.9714;28.358;0.1233;30.281;0;1;0;0;1.015;0.9969;1;1;0.9909;0.1699;0.969;0.9716;1;0.9601;0.7755;0.999;0.999;1;0.999;0.999;0.965;0.9504;0.1316;1.2568;1.2765;0.0077;0.0082;0.0446;0.0085;0.0302;0.0051;0;0;0.088;1.0374;0;0;0;0;0;0;0;0;0;0;0;0;0.0243;0.0041;1.1437;1.1437;0;34.873;34.873;20.943;0.0491;1096.8;1042.7;1;0.0182;0.0182;0;0;0;0;0;0;1.1254;1.0374;0;17.113;19.816;15.523;17.975;98.405;98.405;10.599;9.6447;8.7487;0.9541;0.896;0.09;0.0845;0.8254;58.459;0.7876;0
08/06/21 12:00;31.444;9.0225;57.415;75.615;14.385;90;14.385;248.3;223.2;25.105;13.4;7.05;0;25.917;211.72;8.3656;0;0.5449;246.55;0;246.55;25.917;8.3656;211.72;0.5449;0.1051;0.861;0;0.0022;243.28;3.2743;0;0;2.8205;0.4538;234.12;8.9161;0.7163;0.2312;7.9481;0.0205;243.03;0.2433;0.0259;0.0084;0.2089;0.0001;234.24;25.175;8.126;200.75;0.0705;147.71;127.18;31.755;0.2359;1.2038;17.316;0.1176;18.284;0;1;0;0;0.9929;0.9867;1;1;0.9867;0.1672;0.9633;0.9723;1;0.9619;0.775;0.999;0.999;1;0.999;0.999;0.9496;0.9482;0.1294;0.7017;0.7049;0.0042;0.0158;-0.0004;0.0048;0.017;0.0032;0;0;0.088;0.5457;0;0;0;0;0;0;0;0;0;0;0;0;0.0137;0.0014;0.645;0.645;0;24.855;24.855;11.455;0.0489;602.91;1069.9;1;0.0113;0.0113;0;0;0;0;0;0;0.6337;0.5457;0;17.288;20.019;14.627;16.938;98.251;98.251;5.9173;5.4396;4.6023;0.4777;0.8373;0.0807;0.1415;0.7778;128.57;0.7389;0
08/06/21 13:00;27.901;24.404;53.591;52.034;37.966;90;37.966;15.393;15.393;0;13.09;6.98;0;0;13.764;0;0;0.228;13.993;0;13.993;0;0;13.764;0.228;0;1;0;0.0163;12.9;1.0922;0;0;0.8848;0.2074;12.469;0.4181;0;0;0.4157;0.0023;12.887;0.0129;0;0;0.0129;0;12.548;0;0;12.451;0.0182;9.6382;8.2985;2.2323;0.4688;0.0976;1.4041;0.0791;1.0329;0;1;0;0;0.909;0.9219;1;1;0.9357;0.0903;0.9676;1;1;0.9677;0.8864;0.999;1;1;0.999;0.999;0.8911;0.9046;0.08;0.0398;0.0387;0.0002;0.0069;-0.0015;0.0002;0.0008;0.0002;0;0;0.088;-0.0595;0;0;0;0;0;0;0;0;0;0;0;0;0.0007;0;0.0312;0.0312;0;13.717;13.717;0.6274;0.0503;31.329;995.11;1;0.0027;0.0027;0;0;0;0;0;0;0.0285;-0.0595;0;14.723;17.048;-28.108;-32.549;91.353;91.353;0.3358;0.2629;-0.5019;0.0729;0.7648;0.2171;2.2776;0;9.6382;0;0
08/06/21 14:00;21.535;37.917;47.209;32.707;57.293;90;57.293;9.8064;9.7982;0.0082;9.1697;6.3701;0;0.0151;7.5462;0.0003;0;0.3155;7.8771;0;7.8771;0.0151;0.0003;7.5462;0.3155;0.0019;0.998;0;0.0401;6.6944;1.1828;0;0;0.8872;0.2955;6.456;0.2317;0.0002;0;0.2304;0.0011;6.6877;0.0067;0;0;0.0067;0;6.5883;0.0149;0.0003;6.4219;0.0189;6.3691;5.4838;1.6049;1.0702;0.1055;1.5175;0.1323;0.5528;0;1;0;0;0.8033;0.8498;1;1;0.8824;0.0634;0.9654;0.9889;1;0.9654;0.9468;0.999;0.999;1;0.999;0.999;0.8196;0.851;0.0599;0.0224;0.0219;0.0001;0.0051;-0.0011;0.0001;0.0004;0.0002;0;0;0.088;-0.0737;0;0;0;0;0;0;0;0;0;0;0;0;0.0004;0;0.0166;0.0166;0;9.499;9.499;0.3292;0.051;16.892;982.36;1;0.0023;0.0023;0;0;0;0;0;0;0.0143;-0.0737;0;13.92;16.119;-61.86;-71.632;85.931;85.931;0.1891;0.1399;-0.6219;0.0491;0.7618;0.2598;4.0296;0;6.3671;0;0
08/06/21 15:00;13.058;49.355;56.771;16.998;28.156;90;28.156;5.0009;5.0009;0;8.6997;5.4901;0;0;4.705;0;0;0.0414;4.7464;4.7464;0;0;0;0;0;1;1;1;1;0;0;0;0;0;0;0;0;0;0;0;0;0;0;0;0;0;0;0;0;0;0;0;0;0;0;0;0;0;0;0;0;0;0;0;0;1;1;1;1;1;1;1;1;1;1;1;1;1;0;0;1;0;0;0;0;0;0;0;0;0;0;0;0.0004;0.088;-0.0884;0;0;0;0;0;0;0;0;0;0;0;0;0;0;0;0;0;0;0;-8.6997;0;0;0;0;0.0004;0;0;0;0;0;0;0;-0.0004;-0.0884;0;0;0;0;0;0;0;0;0;-0.7452;0;0.7452;1;1;0;0;0;0
08/06/21 16:00;4.3254;57.985;79.46;5.0975;7.3467;90;7.3467;21.195;20.9;0.2946;8.5801;4.0601;0;0.7145;20.753;0.1494;0;0.0122;21.629;0;21.629;0.7145;0.1494;20.753;0.0122;0.033;0.9601;0;0.0006;21.529;0.1004;0;0;0.0903;0.0101;20.37;1.1369;0.2157;0.0451;0.8756;0.0005;21.507;0.0215;0.0007;0.0001;0.0207;0;20.372;0.498;0.1041;19.767;0.0016;12.372;10.652;2.6191;0.0017;0.1023;1.4715;0.0015;1.5721;0;1;0;0;1.0205;0.9954;1;1;0.9957;0.1673;0.9471;0.6977;1;0.9576;0.7756;0.999;0.999;1;0.999;0.999;0.9418;0.9525;0.1297;0.0616;0.0612;0.0004;0.0087;-0.0034;0.0004;0.0014;0.0003;0;0;0.088;-0.039;0;0;0;0;0;0;0;0;0;0;0;0;0.0011;0;0.0524;0.0524;0;9.5923;9.5923;1.0123;0.0497;50.56;1035.9;1;0.0034;0.0034;0;0;0;0;0;0;0.049;-0.039;0;16.001;18.529;-11.907;-13.789;93.601;93.601;0.5191;0.4417;-0.3287;0.0774;0.7704;0.1491;1.4841;0;12.37;0;0
08/06/21 17:00;0;0;90;0;0;90;0;0;0;0;8.2902;2.7099;0;0;0;0;0;0;0;0;0;0;0;0;0;1;1;1;1;0;0;0;0;0;0;0;0;0;0;0;0;0;0;0;0;0;0;0;0;0;0;0;0;0;0;0;0;0;0;0;0;0;0;0;1;1;1;1;1;1;1;1;1;1;1;1;1;1;1;1;1;1;1;0;0;0;0;0;0;0;0;0;0.0004;0.088;-0.0884;0;0;0;0;0;0;0;0;0;0;0;0;0;0;0;0;0;0;0;-8.2902;0;0;0;0;0.0004;0;0;0;0;0;0;0;-0.0004;-0.0884;0;0;0;0;0;0;0;0;0;-0.7452;0;0.7452;1;1;0;0;0;0
08/06/21 18:00;0;0;90;0;0;90;0;0;0;0;7.9299;2.02;0;0;0;0;0;0;0;0;0;0;0;0;0;1;1;1;1;0;0;0;0;0;0;0;0;0;0;0;0;0;0;0;0;0;0;0;0;0;0;0;0;0;0;0;0;0;0;0;0;0;0;0;1;1;1;1;1;1;1;1;1;1;1;1;1;1;1;1;1;1;1;0;0;0;0;0;0;0;0;0;0.0004;0.088;-0.0884;0;0;0;0;0;0;0;0;0;0;0;0;0;0;0;0;0;0;0;-7.9299;0;0;0;0;0.0004;0;0;0;0;0;0;0;-0.0004;-0.0884;0;0;0;0;0;0;0;0;0;-0.7452;0;0.7452;1;1;0;0;0;0
08/06/21 19:00;0;0;90;0;0;90;0;0;0;0;7.2997;1.62;0;0;0;0;0;0;0;0;0;0;0;0;0;1;1;1;1;0;0;0;0;0;0;0;0;0;0;0;0;0;0;0;0;0;0;0;0;0;0;0;0;0;0;0;0;0;0;0;0;0;0;0;1;1;1;1;1;1;1;1;1;1;1;1;1;1;1;1;1;1;1;0;0;0;0;0;0;0;0;0;0.0004;0.088;-0.0884;0;0;0;0;0;0;0;0;0;0;0;0;0;0;0;0;0;0;0;-7.2997;0;0;0;0;0.0004;0;0;0;0;0;0;0;-0.0004;-0.0884;0;0;0;0;0;0;0;0;0;-0.7452;0;0.7452;1;1;0;0;0;0
08/06/21 20:00;0;0;90;0;0;90;0;0;0;0;6.7599;1.38;0;0;0;0;0;0;0;0;0;0;0;0;0;1;1;1;1;0;0;0;0;0;0;0;0;0;0;0;0;0;0;0;0;0;0;0;0;0;0;0;0;0;0;0;0;0;0;0;0;0;0;0;1;1;1;1;1;1;1;1;1;1;1;1;1;1;1;1;1;1;1;0;0;0;0;0;0;0;0;0;0.0004;0.088;-0.0884;0;0;0;0;0;0;0;0;0;0;0;0;0;0;0;0;0;0;0;-6.7599;0;0;0;0;0.0004;0;0;0;0;0;0;0;-0.0004;-0.0884;0;0;0;0;0;0;0;0;0;-0.7452;0;0.7452;1;1;0;0;0;0
08/06/21 21:00;0;0;90;0;0;90;0;0;0;0;6.8198;1.3;0;0;0;0;0;0;0;0;0;0;0;0;0;1;1;1;1;0;0;0;0;0;0;0;0;0;0;0;0;0;0;0;0;0;0;0;0;0;0;0;0;0;0;0;0;0;0;0;0;0;0;0;1;1;1;1;1;1;1;1;1;1;1;1;1;1;1;1;1;1;1;0;0;0;0;0;0;0;0;0;0.0004;0.088;-0.0884;0;0;0;0;0;0;0;0;0;0;0;0;0;0;0;0;0;0;0;-6.8198;0;0;0;0;0.0004;0;0;0;0;0;0;0;-0.0004;-0.0884;0;0;0;0;0;0;0;0;0;-0.7452;0;0.7452;1;1;0;0;0;0
08/06/21 22:00;0;0;90;0;0;90;0;0;0;0;6.3398;1.4201;0;0;0;0;0;0;0;0;0;0;0;0;0;1;1;1;1;0;0;0;0;0;0;0;0;0;0;0;0;0;0;0;0;0;0;0;0;0;0;0;0;0;0;0;0;0;0;0;0;0;0;0;1;1;1;1;1;1;1;1;1;1;1;1;1;1;1;1;1;1;1;0;0;0;0;0;0;0;0;0;0.0004;0.088;-0.0884;0;0;0;0;0;0;0;0;0;0;0;0;0;0;0;0;0;0;0;-6.3398;0;0;0;0;0.0004;0;0;0;0;0;0;0;-0.0004;-0.0884;0;0;0;0;0;0;0;0;0;-0.7452;0;0.7452;1;1;0;0;0;0
08/06/21 23:00;0;0;90;0;0;90;0;0;0;0;5.9502;1.7401;0;0;0;0;0;0;0;0;0;0;0;0;0;1;1;1;1;0;0;0;0;0;0;0;0;0;0;0;0;0;0;0;0;0;0;0;0;0;0;0;0;0;0;0;0;0;0;0;0;0;0;0;1;1;1;1;1;1;1;1;1;1;1;1;1;1;1;1;1;1;1;0;0;0;0;0;0;0;0;0;0.0004;0.088;-0.0884;0;0;0;0;0;0;0;0;0;0;0;0;0;0;0;0;0;0;0;-5.9502;0;0;0;0;0.0004;0;0;0;0;0;0;0;-0.0004;-0.0884;0;0;0;0;0;0;0;0;0;-0.7452;0;0.7452;1;1;0;0;0;0
09/06/21 00:00;0;0;90;0;0;90;0;0;0;0;5.5999;1.65;0;0;0;0;0;0;0;0;0;0;0;0;0;1;1;1;1;0;0;0;0;0;0;0;0;0;0;0;0;0;0;0;0;0;0;0;0;0;0;0;0;0;0;0;0;0;0;0;0;0;0;0;1;1;1;1;1;1;1;1;1;1;1;1;1;1;1;1;1;1;1;0;0;0;0;0;0;0;0;0;0.0004;0.088;-0.0884;0;0;0;0;0;0;0;0;0;0;0;0;0;0;0;0;0;0;0;-5.5999;0;0;0;0;0.0004;0;0;0;0;0;0;0;-0.0004;-0.0884;0;0;0;0;0;0;0;0;0;-0.7452;0;0.7452;1;1;0;0;0;0
09/06/21 01:00;0;0;90;0;0;90;0;0;0;0;4.8999;1.6601;0;0;0;0;0;0;0;0;0;0;0;0;0;1;1;1;1;0;0;0;0;0;0;0;0;0;0;0;0;0;0;0;0;0;0;0;0;0;0;0;0;0;0;0;0;0;0;0;0;0;0;0;1;1;1;1;1;1;1;1;1;1;1;1;1;1;1;1;1;1;1;0;0;0;0;0;0;0;0;0;0.0004;0.088;-0.0884;0;0;0;0;0;0;0;0;0;0;0;0;0;0;0;0;0;0;0;-4.8999;0;0;0;0;0.0004;0;0;0;0;0;0;0;-0.0004;-0.0884;0;0;0;0;0;0;0;0;0;-0.7452;0;0.7452;1;1;0;0;0;0
09/06/21 02:00;0;0;90;0;0;90;0;0;0;0;5.4603;1.88;0;0;0;0;0;0;0;0;0;0;0;0;0;1;1;1;1;0;0;0;0;0;0;0;0;0;0;0;0;0;0;0;0;0;0;0;0;0;0;0;0;0;0;0;0;0;0;0;0;0;0;0;1;1;1;1;1;1;1;1;1;1;1;1;1;1;1;1;1;1;1;0;0;0;0;0;0;0;0;0;0.0004;0.088;-0.0884;0;0;0;0;0;0;0;0;0;0;0;0;0;0;0;0;0;0;0;-5.4603;0;0;0;0;0.0004;0;0;0;0;0;0;0;-0.0004;-0.0884;0;0;0;0;0;0;0;0;0;-0.7452;0;0.7452;1;1;0;0;0;0
09/06/21 03:00;0;0;90;0;0;90;0;0;0;0;5.8;1.87;0;0;0;0;0;0;0;0;0;0;0;0;0;1;1;1;1;0;0;0;0;0;0;0;0;0;0;0;0;0;0;0;0;0;0;0;0;0;0;0;0;0;0;0;0;0;0;0;0;0;0;0;1;1;1;1;1;1;1;1;1;1;1;1;1;1;1;1;1;1;1;0;0;0;0;0;0;0;0;0;0.0004;0.088;-0.0884;0;0;0;0;0;0;0;0;0;0;0;0;0;0;0;0;0;0;0;-5.8;0;0;0;0;0.0004;0;0;0;0;0;0;0;-0.0004;-0.0884;0;0;0;0;0;0;0;0;0;-0.7452;0;0.7452;1;1;0;0;0;0
09/06/21 04:00;0;0;90;0;0;90;0;0;0;0;6.0001;1.95;0;0;0;0;0;0;0;0;0;0;0;0;0;1;1;1;1;0;0;0;0;0;0;0;0;0;0;0;0;0;0;0;0;0;0;0;0;0;0;0;0;0;0;0;0;0;0;0;0;0;0;0;1;1;1;1;1;1;1;1;1;1;1;1;1;1;1;1;1;1;1;0;0;0;0;0;0;0;0;0;0.0004;0.088;-0.0884;0;0;0;0;0;0;0;0;0;0;0;0;0;0;0;0;0;0;0;-6.0001;0;0;0;0;0.0004;0;0;0;0;0;0;0;-0.0004;-0.0884;0;0;0;0;0;0;0;0;0;-0.7452;0;0.7452;1;1;0;0;0;0
09/06/21 05:00;0;0;90;0;0;90;0;0;0;0;5.7003;2.0701;0;0;0;0;0;0;0;0;0;0;0;0;0;1;1;1;1;0;0;0;0;0;0;0;0;0;0;0;0;0;0;0;0;0;0;0;0;0;0;0;0;0;0;0;0;0;0;0;0;0;0;0;1;1;1;1;1;1;1;1;1;1;1;1;1;1;1;1;1;1;1;0;0;0;0;0;0;0;0;0;0.0004;0.088;-0.0884;0;0;0;0;0;0;0;0;0;0;0;0;0;0;0;0;0;0;0;-5.7003;0;0;0;0;0.0004;0;0;0;0;0;0;0;-0.0004;-0.0884;0;0;0;0;0;0;0;0;0;-0.7452;0;0.7452;1;1;0;0;0;0
09/06/21 06:00;0;0;90;0;0;90;0;0;0;0;5.3998;1.95;0;0;0;0;0;0;0;0;0;0;0;0;0;1;1;1;1;0;0;0;0;0;0;0;0;0;0;0;0;0;0;0;0;0;0;0;0;0;0;0;0;0;0;0;0;0;0;0;0;0;0;0;1;1;1;1;1;1;1;1;1;1;1;1;1;1;1;1;1;1;1;0;0;0;0;0;0;0;0;0;0.0004;0.088;-0.0884;0;0;0;0;0;0;0;0;0;0;0;0;0;0;0;0;0;0;0;-5.3998;0;0;0;0;0.0004;0;0;0;0;0;0;0;-0.0004;-0.0884;0;0;0;0;0;0;0;0;0;-0.7452;0;0.7452;1;1;0;0;0;0
09/06/21 07:00;4.7241;-57.523;78.478;5.5947;8.082;-90;-8.082;13.791;13.603;0.188;5.1;1.5001;0;0.4559;13.513;0.0568;0;0.0096;14.035;0;14.035;0.4559;0.0568;13.513;0.0096;0.0325;0.9635;0;0.0007;13.959;0.0764;0;0;0.0684;0.008;13.241;0.7033;0.1234;0.0154;0.5642;0.0004;13.945;0.014;0.0005;0.0001;0.0134;0;13.243;0.332;0.0414;12.867;0.0013;8.0665;6.9452;1.7087;0.0017;0.0667;0.959;0.0013;1.024;0;1;0;0;1.0177;0.9946;1;1;0.9949;0.169;0.9496;0.7291;1;0.958;0.7758;0.999;0.999;1;0.999;0.999;0.9435;0.9522;0.131;0.0399;0.0398;0.0002;0.007;-0.0027;0.0002;0.0009;0.0002;0;0;0.088;-0.0576;0;0;0;0;0;0;0;0;0;0;0;0;0.0007;0;0.0333;0.0333;0;5.7613;5.7613;0.6613;0.0499;32.198;1033;1;0.0028;0.0028;0;0;0;0;0;0;0.0304;-0.0576;0;15.661;18.135;-27.105;-31.387;91.486;91.486;0.3368;0.2805;-0.4855;0.0563;0.766;0.1672;2.2741;0;8.0654;0;0
09/06/21 08:00;14.015;-48.13;54.033;18.53;31.893;-90;-31.893;43.504;42.898;0.6053;5.5002;0.8601;0;1.4679;39.586;0.1962;0;0.4597;41.709;0;41.709;1.4679;0.1962;39.586;0.4597;0.0352;0.9601;0;0.011;39.375;2.3342;0;0;1.9295;0.4047;38.075;1.2605;0.0275;0.0037;1.2204;0.0089;39.336;0.0394;0.0015;0.0002;0.0377;0.0001;38.22;1.4389;0.1923;36.398;0.046;26.445;22.769;5.9679;0.7407;0.2426;3.4892;0.1446;2.991;0;1;0;0;0.9588;0.944;1;1;0.9513;0.1197;0.968;0.9812;1;0.9676;0.8376;0.999;0.999;1;0.999;0.999;0.9129;0.9195;0.1001;0.1187;0.1163;0.0007;0.0119;-0.0075;0.0008;0.0028;0.0006;0;0;0.088;0.0117;0;0;0;0;0;0;0;0;0;0;0;0;0.0022;0.0001;0.1047;0.1047;0;7.371;7.371;1.8708;0.0491;97.589;1073.3;1;0.005;0.005;0;0;0;0;0;0;0.0997;0.0117;0;16.595;19.216;1.8549;2.1479;95.192;95.192;1.001;0.8833;0.0987;0.1177;0.7846;0.1176;0.7838;0.0986;26.442;0.0928;0
09/06/21 09:00;22.284;-36.482;48.073;34.576;55.424;-90;-55.424;106.31;104;2.3039;5.5999;0.7801;0;4.0597;81.139;0.8402;0;3.2184;89.257;0;89.257;4.0597;0.8402;81.139;3.2184;0.0455;0.9451;0;0.0361;77.197;12.06;0;0;9.061;2.9994;74.591;2.5289;0.0471;0.0097;2.4623;0.0098;77.12;0.0772;0.0041;0.0008;0.0721;0.0002;75.889;4.0085;0.8296;69.544;0.2091;67.836;58.407;17.007;10.234;1.0535;15.154;1.2982;5.9739;0;1;0;0;0.8396;0.8649;1;1;0.8883;0.0681;0.9672;0.9884;1;0.9658;0.9554;0.999;0.999;1;0.999;0.999;0.8357;0.8571;0.065;0.254;0.2475;0.0015;0.0158;-0.0142;0.0017;0.0061;0.0028;0;0;0.088;0.1336;0;0;0;0;0;0;0;0;0;0;0;0;0.0049;0.0003;0.2286;0.2286;0;9.2408;9.2408;3.6409;0.0488;209.23;1092.6;1;0.007;0.007;0;0;0;0;0;0;0.2216;0.1336;0;16.925;19.598;9.8918;11.454;96.939;96.939;2.1422;1.9279;1.1268;0.2143;0.8011;0.1;0.374;0.526;67.066;0.4667;0
09/06/21 10:00;28.365;-22.755;54.238;54.382;35.618;-90;-35.618;161.1;156;5.1003;6.0101;1.7599;0;6.274;140.26;1.5545;0;2.1097;150.2;0;150.2;6.274;1.5545;140.26;2.1097;0.0418;0.9479;0;0.014;140.18;10.026;0;0;8.1361;1.89;135.59;4.4427;0.1203;0.0298;4.2634;0.0291;140.04;0.1402;0.0063;0.0016;0.1321;0.0002;136.3;6.1474;1.5232;127.73;0.1904;99.521;85.687;22.815;3.8376;0.958;13.78;0.7043;10.9;0;1;0;0;0.9323;0.9332;1;1;0.942;0.1042;0.9683;0.9808;1;0.9677;0.8673;0.999;0.999;1;0.999;0.999;0.9027;0.9107;0.0903;0.4275;0.4176;0.0025;0.0172;-0.0186;0.0029;0.0103;0.0026;0;0;0.088;0.295;0;0;0;0;0;0;0;0;0;0;0;0;0.0083;0.0006;0.3916;0.3916;0;12.607;12.607;6.5973;0.0487;355.68;1101;1;0.0086;0.0086;0;0;0;0;0;0;0.383;0.295;0;17.229;19.95;12.978;15.028;97.801;97.801;3.6048;3.3025;2.4878;0.3023;0.8147;0.0839;0.226;0.6901;96.369;0.6458;0
09/06/21 11:00;31.553;-7.2362;57.712;78.408;11.592;-90;-11.592;196.79;188.4;8.3882;7.2798;2.7001;0;8.5629;184.23;2.3263;0;0.281;195.4;0;195.4;8.5629;2.3263;184.23;0.281;0.0438;0.9443;0;0.0014;193.46;1.9333;0;0;1.7001;0.2332;185.67;7.5955;0.2451;0.0666;7.2731;0.0107;193.27;0.1935;0.0086;0.0023;0.1825;0;185.73;8.3092;2.2574;175.07;0.037;117.09;100.82;24.957;0.0935;0.9623;13.842;0.0534;14.711;0;1;0;0;0.9929;0.9901;1;1;0.9908;0.1699;0.9607;0.9714;1;0.9601;0.7755;0.999;0.999;1;0.999;0.999;0.9502;0.9503;0.1316;0.5561;0.5591;0.0034;0.0169;-0.0173;0.0039;0.0138;0.0026;0;0;0.088;0.4258;0;0;0;0;0;0;0;0;0;0;0;0;0.0111;0.001;0.5237;0.5237;0;16.317;16.317;9.037;0.0487;477.56;1096.7;1;0.01;0.01;0;0;0;0;0;0;0.5138;0.4258;0;17.712;20.51;14.399;16.674;98.097;98.097;4.6895;4.4168;3.5906;0.2727;0.8261;0.0582;0.1762;0.7657;110.89;0.7271;0
09/06/21 12:00;31.367;8.9605;57.504;75.668;14.332;90;14.332;388.7;208.1;180.6;8.8899;3.62;0;186.4;151.23;56.231;0;0.8468;394.71;0;394.71;186.4;56.231;151.23;0.8468;0.4723;0.3853;0;0.0021;392;2.7073;0;0;2.0021;0.7052;379.12;12.491;5.206;1.5705;5.6826;0.0318;391.61;0.392;0.1864;0.0562;0.1492;0.0001;379.3;181.01;54.605;143.39;0.1096;227.34;195.74;50.035;0.1664;1.7647;25.384;0.1856;26.982;0;1;0;0;1.0155;0.9931;1;1;0.9868;0.1672;0.9681;0.972;1;0.9619;0.775;0.999;0.999;1;0.999;0.999;0.9605;0.9482;0.1294;1.1233;1.1361;0.0068;0.0103;0.0097;0.0078;0.0275;0.0047;0;0;0.088;0.9386;0;0;0;0;0;0;0;0;0;0;0;0;0.0222;0.0033;1.0437;1.0437;0;27.418;27.418;18.528;0.0489;973.78;1071.8;1;0.0172;0.0172;0;0;0;0;0;0;1.0266;0.9386;0;17.473;20.234;15.713;18.195;98.356;98.356;9.473;8.8018;7.915;0.6712;0.8868;0.0709;0.0936;0.8355;91.814;0.7972;0
09/06/21 13:00;27.839;24.326;53.683;52.045;37.955;90;37.955;432.11;124;308.11;8.9703;4.4699;0;390.75;55.682;78.291;0;6.3974;531.12;0;531.12;390.75;78.291;55.682;6.3974;0.7357;0.1169;0;0.012;521.73;9.3967;0;0;3.5775;5.8192;510.99;10.214;7.0532;1.4132;1.6817;0.0657;521.2;0.5217;0.3908;0.0783;0.0521;0.0006;512.78;383.31;76.8;50.37;0.5119;216.38;186.3;49.603;1.8959;1.6637;23.932;1.7922;23.699;0;1;0;0;1.2291;0.9823;1;1;0.9358;0.0904;0.9804;0.9819;1;0.9677;0.8863;0.999;0.999;1;0.999;0.999;0.9621;0.9046;0.08;1.5115;1.515;0.0091;0.0049;0.0481;0.0102;0.0361;0.0044;0;0;0.088;1.2578;0;0;0;0;0;0;0;0;0;0;0;0;0.0291;0.0057;1.3675;1.3675;0;34.042;34.042;25.072;0.0491;1302.8;1049.7;1;0.0217;0.0217;0;0;0;0;0;0;1.3458;1.2578;0;17.014;19.702;15.649;18.121;98.412;98.412;12.747;11.533;10.607;1.2144;0.9252;0.0953;0.0726;0.8321;38.986;0.805;0
09/06/21 14:00;21.489;37.83;47.301;32.696;57.304;90;57.304;189.99;168.4;21.593;9.2003;4.8401;0;39.974;123.92;13.866;0;6.1155;183.87;0;183.87;39.974;13.866;123.92;6.1155;0.2174;0.7072;0;0.0333;163.57;20.301;0;0;14.573;5.7279;159;4.4048;0.4454;0.1545;3.7842;0.0206;163.41;0.1636;0.04;0.0139;0.1093;0.0004;161.33;39.488;13.698;105.45;0.3666;111.56;96.053;27.804;17.588;1.7925;25.785;2.333;9.9896;0;1;0;0;0.9678;0.8896;1;1;0.8824;0.0634;0.973;0.9888;1;0.9654;0.9467;0.999;0.999;1;0.999;0.999;0.8647;0.851;0.0599;0.5233;0.5132;0.0031;0.0171;-0.0148;0.0036;0.0126;0.0048;0;0;0.088;0.3784;0;0;0;0;0;0;0;0;0;0;0;0;0.0102;0.0008;0.4758;0.4758;0;16.954;16.954;7.7532;0.0488;437.17;1088.4;1;0.0094;0.0094;0;0;0;0;0;0;0.4664;0.3784;0;17.099;19.801;13.6;15.748;98.029;98.029;4.4129;4.0125;3.1913;0.4004;0.8212;0.0907;0.1861;0.7232;104.57;0.6545;0
09/06/21 15:00;13.025;49.265;56.865;16.977;28.108;90;28.108;25.59;25.397;0.1934;8.3002;4.19;0;0.469;23.884;0.0399;0;0.2113;24.604;0;24.604;0.469;0.0399;23.884;0.2113;0.0191;0.9793;0;0.0086;23.465;1.1386;0;0;0.9551;0.1835;22.672;0.77;0.0122;0.001;0.7515;0.0052;23.442;0.0235;0.0005;0;0.0229;0;22.735;0.4564;0.0388;22.154;0.0225;15.544;13.384;3.4548;0.2884;0.1365;1.9631;0.0631;1.8112;0;1;0;0;0.9615;0.9537;1;1;0.96;0.1315;0.9672;0.9741;1;0.9672;0.8111;0.999;0.999;1;0.999;0.999;0.9215;0.9276;0.1066;0.07;0.069;0.0004;0.0093;-0.0039;0.0004;0.0016;0.0003;0;0;0.088;-0.032;0;0;0;0;0;0;0;0;0;0;0;0;0.0013;0;0.0595;0.0595;0;9.4247;9.4247;1.1245;0.0496;57.155;1041.6;1;0.0036;0.0036;0;0;0;0;0;0;0.056;-0.032;0;15.988;18.514;-8.6041;-9.9633;94.008;94.008;0.5905;0.502;-0.2702;0.0885;0.7722;0.1498;1.3077;0;15.543;0;0
09/06/21 16:00;4.3023;57.895;79.517;5.0752;7.3138;90;7.3138;1.4065;1.3967;0.0098;7.6002;3.21;0;0.0238;1.3909;0.0003;0;0.0008;1.4158;1.4158;0;0.0238;0;0;0;1;1;1;1;0;0;0;0;0;0;0;0;0;0;0;0;0;0;0;0;0;0;0;0;0;0;0;0;0;0;0;0;0;0;0;0;0;0;0;0;1;1;1;1;1;1;1;1;1;1;1;0;1;0;0;1;0;0;0;0;0;0;0;0;0;0;0;0.0004;0.088;-0.0884;0;0;0;0;0;0;0;0;0;0;0;0;0;0;0;0;0;0;0;-7.6002;0;0;0;0;0.0004;0;0;0;0;0;0;0;-0.0004;-0.0884;0;0;0;0;0;0;0;0;0;-0.7452;0;0.7452;1;1;0;0;0;0
09/06/21 17:00;0;0;90;0;0;90;0;0;0;0;7.4001;3.32;0;0;0;0;0;0;0;0;0;0;0;0;0;1;1;1;1;0;0;0;0;0;0;0;0;0;0;0;0;0;0;0;0;0;0;0;0;0;0;0;0;0;0;0;0;0;0;0;0;0;0;0;1;1;1;1;1;1;1;1;1;1;1;1;1;1;1;1;1;1;1;0;0;0;0;0;0;0;0;0;0.0004;0.088;-0.0884;0;0;0;0;0;0;0;0;0;0;0;0;0;0;0;0;0;0;0;-7.4001;0;0;0;0;0.0004;0;0;0;0;0;0;0;-0.0004;-0.0884;0;0;0;0;0;0;0;0;0;-0.7452;0;0.7452;1;1;0;0;0;0
09/06/21 18:00;0;0;90;0;0;90;0;0;0;0;7.5902;3.0399;0;0;0;0;0;0;0;0;0;0;0;0;0;1;1;1;1;0;0;0;0;0;0;0;0;0;0;0;0;0;0;0;0;0;0;0;0;0;0;0;0;0;0;0;0;0;0;0;0;0;0;0;1;1;1;1;1;1;1;1;1;1;1;1;1;1;1;1;1;1;1;0;0;0;0;0;0;0;0;0;0.0004;0.088;-0.0884;0;0;0;0;0;0;0;0;0;0;0;0;0;0;0;0;0;0;0;-7.5902;0;0;0;0;0.0004;0;0;0;0;0;0;0;-0.0004;-0.0884;0;0;0;0;0;0;0;0;0;-0.7452;0;0.7452;1;1;0;0;0;0
09/06/21 19:00;0;0;90;0;0;90;0;0;0;0;7.45;2.8699;0;0;0;0;0;0;0;0;0;0;0;0;0;1;1;1;1;0;0;0;0;0;0;0;0;0;0;0;0;0;0;0;0;0;0;0;0;0;0;0;0;0;0;0;0;0;0;0;0;0;0;0;1;1;1;1;1;1;1;1;1;1;1;1;1;1;1;1;1;1;1;0;0;0;0;0;0;0;0;0;0.0004;0.088;-0.0884;0;0;0;0;0;0;0;0;0;0;0;0;0;0;0;0;0;0;0;-7.45;0;0;0;0;0.0004;0;0;0;0;0;0;0;-0.0004;-0.0884;0;0;0;0;0;0;0;0;0;-0.7452;0;0.7452;1;1;0;0;0;0
09/06/21 20:00;0;0;90;0;0;90;0;0;0;0;6.7998;2.7801;0;0;0;0;0;0;0;0;0;0;0;0;0;1;1;1;1;0;0;0;0;0;0;0;0;0;0;0;0;0;0;0;0;0;0;0;0;0;0;0;0;0;0;0;0;0;0;0;0;0;0;0;1;1;1;1;1;1;1;1;1;1;1;1;1;1;1;1;1;1;1;0;0;0;0;0;0;0;0;0;0.0004;0.088;-0.0884;0;0;0;0;0;0;0;0;0;0;0;0;0;0;0;0;0;0;0;-6.7998;0;0;0;0;0.0004;0;0;0;0;0;0;0;-0.0004;-0.0884;0;0;0;0;0;0;0;0;0;-0.7452;0;0.7452;1;1;0;0;0;0
09/06/21 21:00;0;0;90;0;0;90;0;0;0;0;6.5997;2.7099;0;0;0;0;0;0;0;0;0;0;0;0;0;1;1;1;1;0;0;0;0;0;0;0;0;0;0;0;0;0;0;0;0;0;0;0;0;0;0;0;0;0;0;0;0;0;0;0;0;0;0;0;1;1;1;1;1;1;1;1;1;1;1;1;1;1;1;1;1;1;1;0;0;0;0;0;0;0;0;0;0.0004;0.088;-0.0884;0;0;0;0;0;0;0;0;0;0;0;0;0;0;0;0;0;0;0;-6.5997;0;0;0;0;0.0004;0;0;0;0;0;0;0;-0.0004;-0.0884;0;0;0;0;0;0;0;0;0;-0.7452;0;0.7452;1;1;0;0;0;0
09/06/21 22:00;0;0;90;0;0;90;0;0;0;0;6.4003;2.84;0;0;0;0;0;0;0;0;0;0;0;0;0;1;1;1;1;0;0;0;0;0;0;0;0;0;0;0;0;0;0;0;0;0;0;0;0;0;0;0;0;0;0;0;0;0;0;0;0;0;0;0;1;1;1;1;1;1;1;1;1;1;1;1;1;1;1;1;1;1;1;0;0;0;0;0;0;0;0;0;0.0004;0.088;-0.0884;0;0;0;0;0;0;0;0;0;0;0;0;0;0;0;0;0;0;0;-6.4003;0;0;0;0;0.0004;0;0;0;0;0;0;0;-0.0004;-0.0884;0;0;0;0;0;0;0;0;0;-0.7452;0;0.7452;1;1;0;0;0;0
09/06/21 23:00;0;0;90;0;0;90;0;0;0;0;6.0001;3.24;0;0;0;0;0;0;0;0;0;0;0;0;0;1;1;1;1;0;0;0;0;0;0;0;0;0;0;0;0;0;0;0;0;0;0;0;0;0;0;0;0;0;0;0;0;0;0;0;0;0;0;0;1;1;1;1;1;1;1;1;1;1;1;1;1;1;1;1;1;1;1;0;0;0;0;0;0;0;0;0;0.0004;0.088;-0.0884;0;0;0;0;0;0;0;0;0;0;0;0;0;0;0;0;0;0;0;-6.0001;0;0;0;0;0.0004;0;0;0;0;0;0;0;-0.0004;-0.0884;0;0;0;0;0;0;0;0;0;-0.7452;0;0.7452;1;1;0;0;0;0
10/06/21 00:00;0;0;90;0;0;90;0;0;0;0;5.8;3.2601;0;0;0;0;0;0;0;0;0;0;0;0;0;1;1;1;1;0;0;0;0;0;0;0;0;0;0;0;0;0;0;0;0;0;0;0;0;0;0;0;0;0;0;0;0;0;0;0;0;0;0;0;1;1;1;1;1;1;1;1;1;1;1;1;1;1;1;1;1;1;1;0;0;0;0;0;0;0;0;0;0.0004;0.088;-0.0884;0;0;0;0;0;0;0;0;0;0;0;0;0;0;0;0;0;0;0;-5.8;0;0;0;0;0.0004;0;0;0;0;0;0;0;-0.0004;-0.0884;0;0;0;0;0;0;0;0;0;-0.7452;0;0.7452;1;1;0;0;0;0
10/06/21 01:00;0;0;90;0;0;90;0;0;0;0;5.7302;3.63;0;0;0;0;0;0;0;0;0;0;0;0;0;1;1;1;1;0;0;0;0;0;0;0;0;0;0;0;0;0;0;0;0;0;0;0;0;0;0;0;0;0;0;0;0;0;0;0;0;0;0;0;1;1;1;1;1;1;1;1;1;1;1;1;1;1;1;1;1;1;1;0;0;0;0;0;0;0;0;0;0.0004;0.088;-0.0884;0;0;0;0;0;0;0;0;0;0;0;0;0;0;0;0;0;0;0;-5.7302;0;0;0;0;0.0004;0;0;0;0;0;0;0;-0.0004;-0.0884;0;0;0;0;0;0;0;0;0;-0.7452;0;0.7452;1;1;0;0;0;0
10/06/21 02:00;0;0;90;0;0;90;0;0;0;0;5.5002;4.2101;0;0;0;0;0;0;0;0;0;0;0;0;0;1;1;1;1;0;0;0;0;0;0;0;0;0;0;0;0;0;0;0;0;0;0;0;0;0;0;0;0;0;0;0;0;0;0;0;0;0;0;0;1;1;1;1;1;1;1;1;1;1;1;1;1;1;1;1;1;1;1;0;0;0;0;0;0;0;0;0;0.0004;0.088;-0.0884;0;0;0;0;0;0;0;0;0;0;0;0;0;0;0;0;0;0;0;-5.5002;0;0;0;0;0.0004;0;0;0;0;0;0;0;-0.0004;-0.0884;0;0;0;0;0;0;0;0;0;-0.7452;0;0.7452;1;1;0;0;0;0
10/06/21 03:00;0;0;90;0;0;90;0;0;0;0;5.1997;4.2101;0;0;0;0;0;0;0;0;0;0;0;0;0;1;1;1;1;0;0;0;0;0;0;0;0;0;0;0;0;0;0;0;0;0;0;0;0;0;0;0;0;0;0;0;0;0;0;0;0;0;0;0;1;1;1;1;1;1;1;1;1;1;1;1;1;1;1;1;1;1;1;0;0;0;0;0;0;0;0;0;0.0004;0.088;-0.0884;0;0;0;0;0;0;0;0;0;0;0;0;0;0;0;0;0;0;0;-5.1997;0;0;0;0;0.0004;0;0;0;0;0;0;0;-0.0004;-0.0884;0;0;0;0;0;0;0;0;0;-0.7452;0;0.7452;1;1;0;0;0;0
10/06/21 04:00;0;0;90;0;0;90;0;0;0;0;6.0998;4.1301;0;0;0;0;0;0;0;0;0;0;0;0;0;1;1;1;1;0;0;0;0;0;0;0;0;0;0;0;0;0;0;0;0;0;0;0;0;0;0;0;0;0;0;0;0;0;0;0;0;0;0;0;1;1;1;1;1;1;1;1;1;1;1;1;1;1;1;1;1;1;1;0;0;0;0;0;0;0;0;0;0.0004;0.088;-0.0884;0;0;0;0;0;0;0;0;0;0;0;0;0;0;0;0;0;0;0;-6.0998;0;0;0;0;0.0004;0;0;0;0;0;0;0;-0.0004;-0.0884;0;0;0;0;0;0;0;0;0;-0.7452;0;0.7452;1;1;0;0;0;0
10/06/21 05:00;0;0;90;0;0;90;0;0;0;0;5.7003;4.3099;0;0;0;0;0;0;0;0;0;0;0;0;0;1;1;1;1;0;0;0;0;0;0;0;0;0;0;0;0;0;0;0;0;0;0;0;0;0;0;0;0;0;0;0;0;0;0;0;0;0;0;0;1;1;1;1;1;1;1;1;1;1;1;1;1;1;1;1;1;1;1;0;0;0;0;0;0;0;0;0;0.0004;0.088;-0.0884;0;0;0;0;0;0;0;0;0;0;0;0;0;0;0;0;0;0;0;-5.7003;0;0;0;0;0.0004;0;0;0;0;0;0;0;-0.0004;-0.0884;0;0;0;0;0;0;0;0;0;-0.7452;0;0.7452;1;1;0;0;0;0
10/06/21 06:00;0;0;90;0;0;90;0;0;0;0;5.3001;3.96;0;0;0;0;0;0;0;0;0;0;0;0;0;1;1;1;1;0;0;0;0;0;0;0;0;0;0;0;0;0;0;0;0;0;0;0;0;0;0;0;0;0;0;0;0;0;0;0;0;0;0;0;1;1;1;1;1;1;1;1;1;1;1;1;1;1;1;1;1;1;1;0;0;0;0;0;0;0;0;0;0.0004;0.088;-0.0884;0;0;0;0;0;0;0;0;0;0;0;0;0;0;0;0;0;0;0;-5.3001;0;0;0;0;0.0004;0;0;0;0;0;0;0;-0.0004;-0.0884;0;0;0;0;0;0;0;0;0;-0.7452;0;0.7452;1;1;0;0;0;0
10/06/21 07:00;4.8139;-57.341;78.257;5.7124;8.2568;-90;-8.2568;83.608;13.803;69.805;5.3799;4.1401;0;169.3;5.1109;21.016;0;0.0607;195.48;0;195.48;169.3;21.016;5.1109;0.0607;0.866;0.0265;0;0.0003;195.41;0.0772;0;0;0.0268;0.0504;144.74;50.47;44.705;5.5496;0.2129;0.0023;195.21;0.1954;0.1693;0.021;0.0051;0;144.74;124.42;15.446;4.8661;0.0079;3.4361;2.9585;0.7767;0.0007;0.0252;0.3628;0.0005;0.3873;0;1;0;0;2.3381;0.9996;1;1;0.9948;0.169;0.7415;0.7357;1;0.9581;0.7758;0.999;0.999;1;0.999;0.999;0.7404;0.9521;0.131;0.5563;0.4148;0.0025;0.0172;-0.0188;0.0029;0.0103;0.0001;0;0;0.088;0.2951;0;0;0;0;0;0;0;0;0;0;0;0;0.0083;0.0006;0.3918;0.3918;0;12.417;12.417;7.0371;0.0486;354.48;1105.2;1;0.0087;0.0087;0;0;0;0;0;0;0.3831;0.2951;0;13.243;15.335;9.9756;11.551;97.791;97.791;4.6916;3.3038;2.4887;1.3878;0.8151;0.2958;0.1737;0.5305;3.0517;0.5297;0
10/06/21 08:00;13.929;-48.111;54.281;18.426;31.621;-90;-31.621;137;91.497;45.499;6.5;4.0699;0;110.35;72.622;31.656;0;1.4238;216.05;0;216.05;110.35;31.656;72.622;1.4238;0.5108;0.3427;0;0.0066;211.3;4.7439;0;0;3.4921;1.2518;206.09;5.006;2.1261;0.6099;2.2417;0.0282;211.09;0.2113;0.1103;0.0317;0.0691;0.0002;206.35;108.11;31.014;66.819;0.1436;48.701;41.932;10.903;1.3195;0.4495;6.4658;0.2651;5.5958;0;1;0;0;1.577;0.978;1;1;0.9519;0.1208;0.9763;0.9807;1;0.9675;0.8357;0.999;0.999;1;0.999;0.999;0.9539;0.9201;0.1008;0.6149;0.6033;0.0036;0.0167;-0.0182;0.0042;0.0149;0.0012;0;0;0.088;0.4693;0;0;0;0;0;0;0;0;0;0;0;0;0.012;0.0011;0.5678;0.5678;0;16.524;16.524;10.024;0.0486;516.2;1099.9;1;0.0105;0.0105;0;0;0;0;0;0;0.5573;0.4693;0;17.366;20.11;14.354;16.621;98.153;98.153;5.1852;4.7882;3.9577;0.3969;0.8306;0.0766;0.1602;0.7633;48.414;0.7465;0
10/06/21 09:00;22.197;-36.478;48.116;34.463;55.537;-90;-55.537;272.51;130.6;141.91;7.5098;4.26;0;250.78;73.261;65.43;0;8.2813;397.76;0;397.76;250.78;65.43;73.261;8.2813;0.6305;0.205;0;0.0208;381.83;15.923;0;0;8.2055;7.7177;375.53;5.9237;2.914;0.7603;2.2241;0.0253;381.45;0.3818;0.2508;0.0654;0.0651;0.0006;377.65;247.62;64.605;62.766;0.5378;109.82;94.556;25.675;9.3087;1.3545;19.484;2.1274;11.529;0;1;0;0;1.4596;0.96;1;1;0.888;0.0681;0.9845;0.9884;1;0.9658;0.9551;0.999;0.999;1;0.999;0.999;0.9441;0.8567;0.0649;1.132;1.1195;0.0067;0.0105;0.0033;0.0077;0.0273;0.0036;0;0;0.088;0.93;0;0;0;0;0;0;0;0;0;0;0;0;0.022;0.0033;1.0351;1.0351;0;25.84;25.84;18.33;0.0488;959.49;1078.8;1;0.0171;0.0171;0;0;0;0;0;0;1.018;0.93;0;17.197;19.913;15.45;17.891;98.345;98.345;9.5461;8.7294;7.8428;0.8167;0.8866;0.0856;0.0929;0.8216;60.63;0.7925;0
10/06/21 10:00;28.278;-22.77;54.294;54.266;35.734;-90;-35.734;473.91;78.799;395.11;9.1298;4.18;0;486.74;26.451;61.103;0;6.2452;580.54;0;580.54;486.74;61.103;26.451;6.2452;0.8384;0.0563;0;0.0108;573.4;7.1397;0;0;1.5421;5.5976;561.37;11.46;9.3921;1.179;0.8037;0.0852;572.83;0.5734;0.4867;0.0611;0.0249;0.0006;563.09;476.87;59.862;24.08;0.5618;238.12;205.02;54.563;0.7333;1.7445;25.093;1.7225;26.105;0;1;0;0;1.225;0.9877;1;1;0.9417;0.1037;0.98;0.9807;1;0.9677;0.8683;0.999;0.999;1;0.999;0.999;0.967;0.9104;0.09;1.6522;1.6613;0.01;0.0031;0.0683;0.0111;0.0392;0.0045;0;0;0.088;1.375;0;0;0;0;0;0;0;0;0;0;0;0;0.0316;0.0067;1.4868;1.4868;0;36.723;36.723;27.594;0.0492;1429.2;1040.3;1;0.0237;0.0237;0;0;0;0;0;0;1.463;1.375;0;16.923;19.596;15.651;18.124;98.404;98.404;13.933;12.538;11.596;1.3951;0.9422;0.1001;0.0676;0.8323;18.19;0.8062;0
10/06/21 11:00;31.472;-7.2759;57.782;78.311;11.689;-90;-11.689;523.29;90.699;432.59;10.92;4.02;0;441.76;33.627;57.921;0;0.7597;534.06;0;534.06;441.76;57.921;33.627;0.7597;0.8272;0.0644;0;0.0014;533.12;0.9453;0;0;0.3147;0.6306;516.81;15.774;12.748;1.6715;1.3253;0.0289;532.58;0.5331;0.4418;0.0579;0.0333;0.0001;516.96;428.57;56.192;31.954;0.1;304.54;262.21;68.363;0.0178;2.2637;32.562;0.1539;34.808;0;1;0;0;1.0206;0.9982;1;1;0.9906;0.1699;0.9704;0.9711;1;0.9602;0.7755;0.999;0.999;1;0.999;0.999;0.9677;0.9502;0.1316;1.5199;1.5443;0.0093;0.0046;0.0615;0.0103;0.0365;0.0059;0;0;0.088;1.2713;0;0;0;0;0;0;0;0;0;0;0;0;0.0294;0.0059;1.3811;1.3811;0;36.324;36.324;25.404;0.0492;1327.7;1040.2;1;0.0218;0.0218;0;0;0;0;0;0;1.3593;1.2713;0;17.088;19.787;15.73;18.215;98.425;98.425;12.818;11.647;10.721;1.1708;0.9256;0.0913;0.0722;0.8364;20.247;0.7999;0
10/06/21 12:00;31.298;8.8987;57.586;75.725;14.275;90;14.275;520.69;96.3;424.39;11.88;4.0601;0;437.92;36.353;61.269;0;1.1255;536.66;0;536.66;437.92;61.269;36.353;1.1255;0.816;0.0698;0;0.0021;535.25;1.4154;0;0;0.4781;0.9373;519.23;15.487;12.349;1.7278;1.3675;0.0423;534.71;0.5352;0.4379;0.0613;0.0359;0.0002;519.48;425.13;59.48;34.472;0.1457;301.02;259.18;67.34;0.0397;2.254;32.423;0.2493;34.638;0;1;0;0;1.0307;0.9974;1;1;0.9868;0.1672;0.971;0.9718;1;0.9618;0.775;0.999;0.999;1;0.999;0.999;0.9675;0.9482;0.1295;1.5273;1.5512;0.0093;0.0045;0.0678;0.0103;0.0365;0.0058;0;0;0.088;1.272;0;0;0;0;0;0;0;0;0;0;0;0;0.0294;0.0059;1.3817;1.3817;0;37.425;37.425;25.545;0.0492;1333.9;1035.8;1;0.0217;0.0217;0;0;0;0;0;0;1.36;1.272;0;17.013;19.7;15.662;18.136;98.43;98.43;12.88;11.652;10.727;1.2281;0.925;0.0954;0.0718;0.8328;22.067;0.7968;0
10/06/21 13:00;27.783;24.25;53.77;52.062;37.938;90;37.938;412.59;141.6;270.99;11.83;4.27;0;343.6;71.073;78.778;0;6.1032;499.55;0;499.55;343.6;78.778;71.073;6.1032;0.6878;0.1545;0;0.0122;489.44;10.114;0;0;4.5632;5.5512;479.04;9.9054;6.2605;1.4354;2.1467;0.0628;488.95;0.4894;0.3436;0.0788;0.0665;0.0006;480.78;337;77.264;64.297;0.4886;209.57;180.44;48.077;2.4157;1.6469;23.689;1.7327;22.921;0;1;0;0;1.2108;0.9798;1;1;0.9358;0.0904;0.9797;0.9818;1;0.9677;0.8861;0.999;0.999;1;0.999;0.999;0.9589;0.9047;0.0801;1.4217;1.423;0.0086;0.0062;0.052;0.0095;0.0337;0.0043;0;0;0.088;1.1684;0;0;0;0;0;0;0;0;0;0;0;0;0.0271;0.0051;1.2766;1.2766;0;35.367;35.367;23.537;0.0491;1223.7;1043.2;1;0.0202;0.0202;0;0;0;0;0;0;1.2564;1.1684;0;16.887;19.555;15.455;17.897;98.414;98.414;11.989;10.766;9.8531;1.2234;0.9128;0.102;0.0761;0.8218;49.755;0.7936;0
10/06/21 14:00;21.448;37.747;47.389;32.69;57.31;90;57.31;392.8;69.699;323.1;13.12;3.9199;0;598.24;17.878;86.064;0;12.646;714.83;0;714.83;598.24;86.064;17.878;12.646;0.8369;0.0427;0;0.0177;700.88;13.947;0;0;2.1029;11.844;691.93;8.2491;6.697;0.9635;0.546;0.0427;700.18;0.7009;0.5982;0.0861;0.0158;0.0008;694.27;590.94;85.015;15.213;0.758;103.9;89.459;22.292;2.5413;1.0041;14.444;2.3397;12.907;0;1;0;0;1.8198;0.9805;1;1;0.8824;0.0634;0.9882;0.9888;1;0.9654;0.9467;0.999;0.999;1;0.999;0.999;0.968;0.851;0.0599;2.0343;2.0153;0.0121;-0.0004;0.1587;0.0129;0.0458;0.0025;0;0;0.088;1.6213;0;0;0;0;0;0;0;0;0;0;0;0;0.0369;0.0097;1.7371;1.7371;0;47.408;47.408;34.288;0.0496;1735.9;1000.7;1;0.0278;0.0278;0;0;0;0;0;0;1.7093;1.6213;0;16.058;18.595;14.987;17.355;98.399;98.399;17.156;14.649;13.673;2.5067;0.9766;0.1461;0.0569;0.797;15.087;0.7851;0
10/06/21 15:00;12.998;49.18;56.943;16.962;28.074;90;28.074;183.39;106.7;76.694;12.9;2.75;0;186;74.576;66.598;0;1.5104;328.69;0;328.69;186;66.598;74.576;1.5104;0.5659;0.2315;0;0.0046;324.4;4.2882;0;0;2.9766;1.3116;315.09;8.9901;4.8639;1.7415;2.3472;0.0376;324.08;0.3244;0.186;0.0666;0.0716;0.0002;315.29;180.95;64.79;69.18;0.1611;49.033;42.217;10.703;0.8969;0.4423;6.363;0.2047;5.9084;0;1;0;0;1.7923;0.987;1;1;0.9601;0.1316;0.9723;0.9738;1;0.9672;0.811;0.999;0.999;1;0.999;0.999;0.9586;0.9277;0.1066;0.9354;0.9148;0.0055;0.0133;0.0108;0.0062;0.022;0.0012;0;0;0.088;0.7339;0;0;0;0;0;0;0;0;0;0;0;0;0.0177;0.0023;0.8358;0.8358;0;28.328;28.328;15.428;0.049;784.67;1065.2;1;0.0139;0.0139;0;0;0;0;0;0;0.8219;0.7339;0;16.804;19.458;14.755;17.086;98.335;98.335;7.8885;7.0487;6.1892;0.8399;0.8595;0.1065;0.1089;0.7846;48.522;0.7734;0
10/06/21 16:00;4.2841;57.809;79.562;5.0585;7.2892;90;7.2892;35.006;33.499;1.5069;12.89;2.97;0;3.6545;32.856;1.2369;0;0.0198;37.767;0;37.767;3.6545;1.2369;32.856;0.0198;0.0968;0.8705;0;0.0005;37.609;0.1576;0;0;0.1411;0.0165;34.69;2.8821;1.1162;0.3778;1.3874;0.0007;37.572;0.0376;0.0037;0.0012;0.0327;0;34.692;2.5347;0.8579;31.295;0.0026;19.591;16.868;4.1482;0.0026;0.1619;2.3295;0.0023;2.4889;0;1;0;0;1.0789;0.9958;1;1;0.9957;0.1673;0.9233;0.6943;1;0.9575;0.7756;0.999;0.999;1;0.999;0.999;0.9185;0.9525;0.1297;0.1075;0.1039;0.0006;0.0113;-0.004;0.0007;0.0024;0.0004;0;0;0.088;-0.0019;0;0;0;0;0;0;0;0;0;0;0;0;0.0019;0.0001;0.0905;0.0905;0;14.607;14.607;1.717;0.0495;87.217;1037.6;1;0.0044;0.0044;0;0;0;0;0;0;0.0861;-0.0019;0;15.835;18.336;-0.3297;-0.3818;95.154;95.154;0.9064;0.7632;-0.0159;0.1432;0.7791;0.158;0.8595;0;19.581;0;0
10/06/21 17:00;0;0;90;0;0;90;0;0;0;0;11.15;3.0299;0;0;0;0;0;0;0;0;0;0;0;0;0;1;1;1;1;0;0;0;0;0;0;0;0;0;0;0;0;0;0;0;0;0;0;0;0;0;0;0;0;0;0;0;0;0;0;0;0;0;0;0;1;1;1;1;1;1;1;1;1;1;1;1;1;1;1;1;1;1;1;0;0;0;0;0;0;0;0;0;0.0004;0.088;-0.0884;0;0;0;0;0;0;0;0;0;0;0;0;0;0;0;0;0;0;0;-11.15;0;0;0;0;0.0004;0;0;0;0;0;0;0;-0.0004;-0.0884;0;0;0;0;0;0;0;0;0;-0.7452;0;0.7452;1;1;0;0;0;0
10/06/21 18:00;0;0;90;0;0;90;0;0;0;0;9.5799;2.8699;0;0;0;0;0;0;0;0;0;0;0;0;0;1;1;1;1;0;0;0;0;0;0;0;0;0;0;0;0;0;0;0;0;0;0;0;0;0;0;0;0;0;0;0;0;0;0;0;0;0;0;0;1;1;1;1;1;1;1;1;1;1;1;1;1;1;1;1;1;1;1;0;0;0;0;0;0;0;0;0;0.0004;0.088;-0.0884;0;0;0;0;0;0;0;0;0;0;0;0;0;0;0;0;0;0;0;-9.5799;0;0;0;0;0.0004;0;0;0;0;0;0;0;-0.0004;-0.0884;0;0;0;0;0;0;0;0;0;-0.7452;0;0.7452;1;1;0;0;0;0
10/06/21 19:00;0;0;90;0;0;90;0;0;0;0;8.5202;2.7701;0;0;0;0;0;0;0;0;0;0;0;0;0;1;1;1;1;0;0;0;0;0;0;0;0;0;0;0;0;0;0;0;0;0;0;0;0;0;0;0;0;0;0;0;0;0;0;0;0;0;0;0;1;1;1;1;1;1;1;1;1;1;1;1;1;1;1;1;1;1;1;0;0;0;0;0;0;0;0;0;0.0004;0.088;-0.0884;0;0;0;0;0;0;0;0;0;0;0;0;0;0;0;0;0;0;0;-8.5202;0;0;0;0;0.0004;0;0;0;0;0;0;0;-0.0004;-0.0884;0;0;0;0;0;0;0;0;0;-0.7452;0;0.7452;1;1;0;0;0;0
10/06/21 20:00;0;0;90;0;0;90;0;0;0;0;7.4001;2.7199;0;0;0;0;0;0;0;0;0;0;0;0;0;1;1;1;1;0;0;0;0;0;0;0;0;0;0;0;0;0;0;0;0;0;0;0;0;0;0;0;0;0;0;0;0;0;0;0;0;0;0;0;1;1;1;1;1;1;1;1;1;1;1;1;1;1;1;1;1;1;1;0;0;0;0;0;0;0;0;0;0.0004;0.088;-0.0884;0;0;0;0;0;0;0;0;0;0;0;0;0;0;0;0;0;0;0;-7.4001;0;0;0;0;0.0004;0;0;0;0;0;0;0;-0.0004;-0.0884;0;0;0;0;0;0;0;0;0;-0.7452;0;0.7452;1;1;0;0;0;0
10/06/21 21:00;0;0;90;0;0;90;0;0;0;0;5.57;2.66;0;0;0;0;0;0;0;0;0;0;0;0;0;1;1;1;1;0;0;0;0;0;0;0;0;0;0;0;0;0;0;0;0;0;0;0;0;0;0;0;0;0;0;0;0;0;0;0;0;0;0;0;1;1;1;1;1;1;1;1;1;1;1;1;1;1;1;1;1;1;1;0;0;0;0;0;0;0;0;0;0.0004;0.088;-0.0884;0;0;0;0;0;0;0;0;0;0;0;0;0;0;0;0;0;0;0;-5.57;0;0;0;0;0.0004;0;0;0;0;0;0;0;-0.0004;-0.0884;0;0;0;0;0;0;0;0;0;-0.7452;0;0.7452;1;1;0;0;0;0
10/06/21 22:00;0;0;90;0;0;90;0;0;0;0;3.7698;2.6101;0;0;0;0;0;0;0;0;0;0;0;0;0;1;1;1;1;0;0;0;0;0;0;0;0;0;0;0;0;0;0;0;0;0;0;0;0;0;0;0;0;0;0;0;0;0;0;0;0;0;0;0;1;1;1;1;1;1;1;1;1;1;1;1;1;1;1;1;1;1;1;0;0;0;0;0;0;0;0;0;0.0004;0.088;-0.0884;0;0;0;0;0;0;0;0;0;0;0;0;0;0;0;0;0;0;0;-3.7698;0;0;0;0;0.0004;0;0;0;0;0;0;0;-0.0004;-0.0884;0;0;0;0;0;0;0;0;0;-0.7452;0;0.7452;1;1;0;0;0;0
10/06/21 23:00;0;0;90;0;0;90;0;0;0;0;3.4002;2.7701;0;0;0;0;0;0;0;0;0;0;0;0;0;1;1;1;1;0;0;0;0;0;0;0;0;0;0;0;0;0;0;0;0;0;0;0;0;0;0;0;0;0;0;0;0;0;0;0;0;0;0;0;1;1;1;1;1;1;1;1;1;1;1;1;1;1;1;1;1;1;1;0;0;0;0;0;0;0;0;0;0.0004;0.088;-0.0884;0;0;0;0;0;0;0;0;0;0;0;0;0;0;0;0;0;0;0;-3.4002;0;0;0;0;0.0004;0;0;0;0;0;0;0;-0.0004;-0.0884;0;0;0;0;0;0;0;0;0;-0.7452;0;0.7452;1;1;0;0;0;0
11/06/21 00:00;0;0;90;0;0;90;0;0;0;0;3.72;3.29;0;0;0;0;0;0;0;0;0;0;0;0;0;1;1;1;1;0;0;0;0;0;0;0;0;0;0;0;0;0;0;0;0;0;0;0;0;0;0;0;0;0;0;0;0;0;0;0;0;0;0;0;1;1;1;1;1;1;1;1;1;1;1;1;1;1;1;1;1;1;1;0;0;0;0;0;0;0;0;0;0.0004;0.088;-0.0884;0;0;0;0;0;0;0;0;0;0;0;0;0;0;0;0;0;0;0;-3.72;0;0;0;0;0.0004;0;0;0;0;0;0;0;-0.0004;-0.0884;0;0;0;0;0;0;0;0;0;-0.7452;0;0.7452;1;1;0;0;0;0
11/06/21 01:00;0;0;90;0;0;90;0;0;0;0;4.3202;3.6699;0;0;0;0;0;0;0;0;0;0;0;0;0;1;1;1;1;0;0;0;0;0;0;0;0;0;0;0;0;0;0;0;0;0;0;0;0;0;0;0;0;0;0;0;0;0;0;0;0;0;0;0;1;1;1;1;1;1;1;1;1;1;1;1;1;1;1;1;1;1;1;0;0;0;0;0;0;0;0;0;0.0004;0.088;-0.0884;0;0;0;0;0;0;0;0;0;0;0;0;0;0;0;0;0;0;0;-4.3202;0;0;0;0;0.0004;0;0;0;0;0;0;0;-0.0004;-0.0884;0;0;0;0;0;0;0;0;0;-0.7452;0;0.7452;1;1;0;0;0;0
11/06/21 02:00;0;0;90;0;0;90;0;0;0;0;3.5099;3.77;0;0;0;0;0;0;0;0;0;0;0;0;0;1;1;1;1;0;0;0;0;0;0;0;0;0;0;0;0;0;0;0;0;0;0;0;0;0;0;0;0;0;0;0;0;0;0;0;0;0;0;0;1;1;1;1;1;1;1;1;1;1;1;1;1;1;1;1;1;1;1;0;0;0;0;0;0;0;0;0;0.0004;0.088;-0.0884;0;0;0;0;0;0;0;0;0;0;0;0;0;0;0;0;0;0;0;-3.5099;0;0;0;0;0.0004;0;0;0;0;0;0;0;-0.0004;-0.0884;0;0;0;0;0;0;0;0;0;-0.7452;0;0.7452;1;1;0;0;0;0
11/06/21 03:00;0;0;90;0;0;90;0;0;0;0;2.8797;3.87;0;0;0;0;0;0;0;0;0;0;0;0;0;1;1;1;1;0;0;0;0;0;0;0;0;0;0;0;0;0;0;0;0;0;0;0;0;0;0;0;0;0;0;0;0;0;0;0;0;0;0;0;1;1;1;1;1;1;1;1;1;1;1;1;1;1;1;1;1;1;1;0;0;0;0;0;0;0;0;0;0.0004;0.088;-0.0884;0;0;0;0;0;0;0;0;0;0;0;0;0;0;0;0;0;0;0;-2.8797;0;0;0;0;0.0004;0;0;0;0;0;0;0;-0.0004;-0.0884;0;0;0;0;0;0;0;0;0;-0.7452;0;0.7452;1;1;0;0;0;0
11/06/21 04:00;0;0;90;0;0;90;0;0;0;0;2.8199;3.79;0;0;0;0;0;0;0;0;0;0;0;0;0;1;1;1;1;0;0;0;0;0;0;0;0;0;0;0;0;0;0;0;0;0;0;0;0;0;0;0;0;0;0;0;0;0;0;0;0;0;0;0;1;1;1;1;1;1;1;1;1;1;1;1;1;1;1;1;1;1;1;0;0;0;0;0;0;0;0;0;0.0004;0.088;-0.0884;0;0;0;0;0;0;0;0;0;0;0;0;0;0;0;0;0;0;0;-2.8199;0;0;0;0;0.0004;0;0;0;0;0;0;0;-0.0004;-0.0884;0;0;0;0;0;0;0;0;0;-0.7452;0;0.7452;1;1;0;0;0;0
11/06/21 05:00;0;0;90;0;0;90;0;0;0;0;2.5001;3.47;0;0;0;0;0;0;0;0;0;0;0;0;0;1;1;1;1;0;0;0;0;0;0;0;0;0;0;0;0;0;0;0;0;0;0;0;0;0;0;0;0;0;0;0;0;0;0;0;0;0;0;0;1;1;1;1;1;1;1;1;1;1;1;1;1;1;1;1;1;1;1;0;0;0;0;0;0;0;0;0;0.0004;0.088;-0.0884;0;0;0;0;0;0;0;0;0;0;0;0;0;0;0;0;0;0;0;-2.5001;0;0;0;0;0.0004;0;0;0;0;0;0;0;-0.0004;-0.0884;0;0;0;0;0;0;0;0;0;-0.7452;0;0.7452;1;1;0;0;0;0
11/06/21 06:00;0;0;90;0;0;90;0;0;0;0;2.76;3.2699;0;0;0;0;0;0;0;0;0;0;0;0;0;1;1;1;1;0;0;0;0;0;0;0;0;0;0;0;0;0;0;0;0;0;0;0;0;0;0;0;0;0;0;0;0;0;0;0;0;0;0;0;1;1;1;1;1;1;1;1;1;1;1;1;1;1;1;1;1;1;1;0;0;0;0;0;0;0;0;0;0.0004;0.088;-0.0884;0;0;0;0;0;0;0;0;0;0;0;0;0;0;0;0;0;0;0;-2.76;0;0;0;0;0.0004;0;0;0;0;0;0;0;-0.0004;-0.0884;0;0;0;0;0;0;0;0;0;-0.7452;0;0.7452;1;1;0;0;0;0
11/06/21 07:00;4.7353;-57.318;78.451;5.6207;8.1206;-90;-8.1206;38.21;28.703;9.5063;3.6801;3.1999;0;23.055;26.077;6.0515;0;0.0268;55.211;0;55.211;23.055;6.0515;26.077;0.0268;0.4176;0.4728;0;0.0005;55.055;0.1553;0;0;0.133;0.0223;46.058;8.9425;6.2205;1.6327;1.0882;0.001;55;0.0551;0.0231;0.0061;0.0259;0;46.06;16.812;4.4127;24.83;0.0035;15.625;13.453;3.3171;0.0033;0.1287;1.8508;0.0026;1.9761;0;1;0;0;1.4449;0.9972;1;1;0.9949;0.169;0.8374;0.7299;1;0.958;0.7758;0.999;0.999;1;0.999;0.999;0.8342;0.9522;0.131;0.1571;0.1355;0.0008;0.0127;-0.0094;0.0009;0.0033;0.0003;0;0;0.088;0.0304;0;0;0;0;0;0;0;0;0;0;0;0;0.0026;0.0001;0.1241;0.1241;0;5.9348;5.9348;2.2547;0.049;114.1;1087.9;1;0.0057;0.0057;0;0;0;0;0;0;0.1184;0.0304;0;14.856;17.203;3.637;4.2116;95.377;95.377;1.3251;1.0468;0.2563;0.2783;0.7905;0.21;0.5966;0.1934;15.566;0.1887;0
11/06/21 08:00;13.848;-48.097;54.515;18.326;31.364;-90;-31.364;204.1;38.502;165.6;5.3699;3.16;0;401.62;17.049;48.768;0;2.0876;469.52;0;469.52;401.62;48.768;17.049;2.0876;0.8554;0.0408;0;0.0044;466.88;2.6425;0;0;0.8093;1.8332;456.94;9.4758;7.9422;0.9644;0.5269;0.0422;466.41;0.4669;0.4016;0.0488;0.0162;0.0003;457;393.27;47.755;15.697;0.212;12.255;10.552;2.8628;0.3016;0.1034;1.4872;0.0596;1.2889;0;1;0;0;2.3005;0.9944;1;1;0.9525;0.1219;0.9797;0.9802;1;0.9675;0.8339;0.999;0.999;1;0.999;0.999;0.9732;0.9207;0.1015;1.3362;1.3105;0.0079;0.0078;0.0124;0.009;0.0318;0.0003;0;0;0.088;1.1036;0;0;0;0;0;0;0;0;0;0;0;0;0.0256;0.0043;1.2114;1.2114;0;27.684;27.684;22.314;0.0488;1126.6;1075.3;1;0.0198;0.0198;0;0;0;0;0;0;1.1916;1.1036;0;17.049;19.742;15.532;17.986;98.368;98.368;11.269;10.216;9.3069;1.0528;0.9088;0.0934;0.0807;0.8259;11.345;0.824;0
11/06/21 09:00;22.115;-36.478;48.153;34.353;55.647;-90;-55.647;348.91;64.397;284.51;8.3999;3.05;0;504.19;21.633;65.107;0;10.642;601.57;0;601.57;504.19;65.107;21.633;10.642;0.8381;0.0537;0;0.0177;589.22;12.347;0;0;2.4299;9.9174;581.32;7.3171;5.8694;0.7579;0.657;0.0327;588.64;0.5892;0.5042;0.0651;0.0192;0.0007;583.38;497.82;64.283;18.527;0.6907;105.59;90.912;23.173;2.7699;0.9989;14.369;2.059;12.598;0;1;0;0;1.7242;0.9795;1;1;0.8877;0.0681;0.9876;0.9883;1;0.9658;0.9548;0.999;0.999;1;0.999;0.999;0.9663;0.8564;0.0649;1.712;1.6979;0.0102;0.0027;0.0713;0.0113;0.0401;0.0026;0;0;0.088;1.4081;0;0;0;0;0;0;0;0;0;0;0;0;0.0323;0.007;1.5205;1.5205;0;36.976;36.976;28.576;0.0492;1461.6;1040.3;1;0.0244;0.0244;0;0;0;0;0;0;1.4961;1.4081;0;16.701;19.34;15.467;17.91;98.397;98.397;14.438;12.822;11.875;1.6155;0.9477;0.1119;0.0656;0.8225;17.925;0.808;0
11/06/21 10:00;28.198;-22.79;54.343;54.153;35.847;-90;-35.847;468.91;78.899;390.01;10.46;3.1001;0;481.14;26.923;60.646;0;6.2172;574.93;0;574.93;481.14;60.646;26.923;6.2172;0.8369;0.0576;0;0.0108;567.78;7.1526;0;0;1.5774;5.5753;555.8;11.413;9.3345;1.1766;0.8178;0.0838;567.21;0.5678;0.4811;0.0606;0.0253;0.0006;557.51;471.33;59.409;24.502;0.5574;235.4;202.68;53.944;0.7544;1.7263;24.832;1.7162;25.804;0;1;0;0;1.2261;0.9876;1;1;0.9414;0.1032;0.9799;0.9806;1;0.9677;0.8693;0.999;0.999;1;0.999;0.999;0.9667;0.9101;0.0897;1.6362;1.6448;0.0099;0.0033;0.074;0.0109;0.0387;0.0045;0;0;0.088;1.3546;0;0;0;0;0;0;0;0;0;0;0;0;0.0311;0.0066;1.4659;1.4659;0;37.805;37.805;27.345;0.0492;1415.2;1035.8;1;0.0232;0.0232;0;0;0;0;0;0;1.4426;1.3546;0;16.848;19.51;15.569;18.029;98.414;98.414;13.798;12.362;11.424;1.4365;0.9381;0.1041;0.068;0.8279;18.531;0.802;0
11/06/21 11:00;31.398;-7.3172;57.845;78.213;11.787;-90;-11.787;495.69;103.7;391.99;11.54;3.1999;0;400.44;44.326;60.167;0;0.7316;505.66;0;505.66;400.44;60.167;44.326;0.7316;0.7919;0.0891;0;0.0014;504.63;1.028;0;0;0.4207;0.6073;488.97;15.164;11.643;1.7493;1.7441;0.0279;504.13;0.5046;0.4004;0.0602;0.0439;0.0001;489.11;388.39;58.358;42.118;0.0963;288.6;248.49;64.693;0.0241;2.1516;30.95;0.1485;33.078;0;1;0;0;1.0201;0.998;1;1;0.9905;0.1699;0.9699;0.9709;1;0.9602;0.7755;0.999;0.999;1;0.999;0.999;0.967;0.9502;0.1316;1.4391;1.4614;0.0088;0.0057;0.0544;0.0097;0.0346;0.0056;0;0;0.088;1.2008;0;0;0;0;0;0;0;0;0;0;0;0;0.0278;0.0053;1.3095;1.3095;0;35.566;35.566;24.026;0.0491;1256.3;1042.4;1;0.0207;0.0207;0;0;0;0;0;0;1.2888;1.2008;0;17.112;19.816;15.691;18.17;98.418;98.418;12.136;11.043;10.126;1.0929;0.9168;0.0901;0.0755;0.8344;26.697;0.7978;0
11/06/21 12:00;31.235;8.8372;57.661;75.785;14.215;90;14.215;507.2;103.1;404.1;12.48;3.16;0;416.86;41.798;62.566;0;1.0871;522.31;0;522.31;416.86;62.566;41.798;1.0871;0.7981;0.0821;0;0.0021;520.86;1.4511;0;0;0.5458;0.9053;505.09;15.255;11.86;1.7801;1.574;0.0409;520.34;0.5209;0.4169;0.0626;0.0413;0.0002;505.33;404.59;60.724;39.637;0.1407;293.4;252.62;65.592;0.0449;2.2003;31.651;0.2404;33.806;0;1;0;0;1.0298;0.9972;1;1;0.9869;0.1672;0.9707;0.9715;1;0.9618;0.775;0.999;0.999;1;0.999;0.999;0.967;0.9483;0.1295;1.4865;1.5092;0.0091;0.005;0.0655;0.01;0.0355;0.0057;0;0;0.088;1.235;0;0;0;0;0;0;0;0;0;0;0;0;0.0286;0.0056;1.3441;1.3441;0;37.331;37.331;24.85;0.0492;1297.7;1035.8;1;0.0211;0.0211;0;0;0;0;0;0;1.323;1.235;0;17.005;19.691;15.624;18.093;98.428;98.428;12.536;11.335;10.415;1.2003;0.9203;0.0958;0.0734;0.8308;25.366;0.7948;0
11/06/21 13:00;27.734;24.175;53.851;52.085;37.915;90;37.915;490.9;83.602;407.3;12.7;2.99;0;516.28;25.373;70.013;0;7.2533;618.92;0;618.92;516.28;70.013;25.373;7.2533;0.8342;0.0527;0;0.0117;610.69;8.2243;0;0;1.6275;6.5967;598.46;11.618;9.4897;1.2869;0.7664;0.0749;610.08;0.6107;0.5163;0.07;0.0237;0.0007;600.45;506.27;68.656;22.955;0.5811;239.74;206.42;54.886;0.8619;1.7676;25.426;1.9832;26.331;0;1;0;0;1.2608;0.9867;1;1;0.9359;0.0905;0.981;0.9816;1;0.9677;0.8859;0.999;0.999;1;0.999;0.999;0.967;0.9047;0.0801;1.7614;1.7689;0.0107;0.0019;0.1072;0.0115;0.0409;0.0045;0;0;0.088;1.439;0;0;0;0;0;0;0;0;0;0;0;0;0.033;0.0076;1.5516;1.5516;0;42.244;42.244;29.544;0.0494;1522.1;1019.4;1;0.0246;0.0246;0;0;0;0;0;0;1.527;1.439;0;16.566;19.183;15.364;17.791;98.415;98.415;14.854;13.085;12.135;1.769;0.9496;0.1191;0.0639;0.817;17.759;0.7926;0
11/06/21 14:00;21.413;37.668;47.47;32.69;57.31;90;57.31;332.69;115.9;216.8;13.58;2.5599;0;401.4;49.24;96.191;0;10.71;557.55;0;557.55;401.4;96.191;49.24;10.71;0.7199;0.1075;0;0.0192;541.72;15.823;0;0;5.7918;10.032;534.05;7.1341;4.5128;1.0814;1.5038;0.0361;541.18;0.5417;0.4014;0.0962;0.0434;0.0007;536.38;396.49;95.014;41.901;0.642;106.14;91.386;23.917;6.9931;1.2372;17.796;2.3372;12.04;0;1;0;0;1.6759;0.9716;1;1;0.8824;0.0634;0.9868;0.9887;1;0.9654;0.9467;0.999;0.999;1;0.999;0.999;0.9579;0.851;0.0599;1.5867;1.5703;0.0095;0.0042;0.0824;0.0103;0.0366;0.0032;0;0;0.088;1.2789;0;0;0;0;0;0;0;0;0;0;0;0;0.0295;0.0061;1.3885;1.3885;0;39.904;39.904;26.325;0.0493;1351.9;1027.1;1;0.0216;0.0216;0;0;0;0;0;0;1.3669;1.2789;0;16.457;19.056;15.157;17.552;98.441;98.441;13.381;11.71;10.785;1.6715;0.9246;0.1249;0.0691;0.806;41.555;0.7872;0
11/06/21 15:00;12.975;49.099;57.006;16.953;28.054;90;28.054;184;106;77.998;13.7;1.64;0;189.17;73.608;67.414;0;1.5133;331.7;0;331.7;189.17;67.414;73.608;1.5133;0.5703;0.2265;0;0.0046;327.45;4.2485;0;0;2.9346;1.314;318.01;9.1137;4.9831;1.7759;2.317;0.0377;327.13;0.3275;0.1892;0.0674;0.0707;0.0002;318.21;183.99;65.571;68.286;0.1615;48.405;41.677;10.559;0.8831;0.4369;6.2853;0.202;5.8392;0;1;0;0;1.8028;0.9872;1;1;0.9601;0.1317;0.9721;0.9736;1;0.9672;0.8108;0.999;0.999;1;0.999;0.999;0.9587;0.9277;0.1067;0.944;0.923;0.0056;0.0132;0.0141;0.0062;0.0221;0.0012;0;0;0.088;0.7386;0;0;0;0;0;0;0;0;0;0;0;0;0.0178;0.0023;0.8406;0.8406;0;29.283;29.283;15.583;0.049;792.05;1061.3;1;0.0139;0.0139;0;0;0;0;0;0;0.8266;0.7386;0;16.745;19.391;14.715;17.039;98.342;98.342;7.9609;7.0887;6.2291;0.8722;0.8596;0.1096;0.108;0.7825;47.887;0.7715;0
11/06/21 16:00;4.2709;57.728;79.594;5.0474;7.2729;90;7.2729;25.708;25.197;0.5101;12.69;1.95;0;1.2372;24.966;0.316;0;0.0145;26.534;0;26.534;1.2372;0.316;24.966;0.0145;0.0466;0.9415;0;0.0005;26.415;0.1189;0;0;0.1068;0.0121;24.858;1.5311;0.3793;0.0969;1.0545;0.0005;26.389;0.0264;0.0012;0.0003;0.0249;0;24.859;0.8567;0.2188;23.78;0.0019;14.882;12.813;3.1505;0.0019;0.1231;1.7701;0.0018;1.8912;0;1;0;0;1.0321;0.9955;1;1;0.9957;0.1673;0.942;0.6931;1;0.9575;0.7756;0.999;0.999;1;0.999;0.999;0.9368;0.9525;0.1296;0.0755;0.0747;0.0004;0.0096;-0.003;0.0005;0.0017;0.0003;0;0;0.088;-0.0279;0;0;0;0;0;0;0;0;0;0;0;0;0.0014;0.0001;0.0637;0.0637;0;13.926;13.926;1.2357;0.0497;62.133;1025.8;1;0.0036;0.0036;0;0;0;0;0;0;0.0601;-0.0279;0;15.873;18.381;-6.9414;-8.0379;94.335;94.335;0.6368;0.5375;-0.2351;0.0993;0.7726;0.1559;1.2132;0;14.879;0;0
11/06/21 17:00;0;0;90;0;0;90;0;0;0;0;10.3;2.3001;0;0;0;0;0;0;0;0;0;0;0;0;0;1;1;1;1;0;0;0;0;0;0;0;0;0;0;0;0;0;0;0;0;0;0;0;0;0;0;0;0;0;0;0;0;0;0;0;0;0;0;0;1;1;1;1;1;1;1;1;1;1;1;1;1;1;1;1;1;1;1;0;0;0;0;0;0;0;0;0;0.0004;0.088;-0.0884;0;0;0;0;0;0;0;0;0;0;0;0;0;0;0;0;0;0;0;-10.3;0;0;0;0;0.0004;0;0;0;0;0;0;0;-0.0004;-0.0884;0;0;0;0;0;0;0;0;0;-0.7452;0;0.7452;1;1;0;0;0;0
11/06/21 18:00;0;0;90;0;0;90;0;0;0;0;8.9902;2.5499;0;0;0;0;0;0;0;0;0;0;0;0;0;1;1;1;1;0;0;0;0;0;0;0;0;0;0;0;0;0;0;0;0;0;0;0;0;0;0;0;0;0;0;0;0;0;0;0;0;0;0;0;1;1;1;1;1;1;1;1;1;1;1;1;1;1;1;1;1;1;1;0;0;0;0;0;0;0;0;0;0.0004;0.088;-0.0884;0;0;0;0;0;0;0;0;0;0;0;0;0;0;0;0;0;0;0;-8.9902;0;0;0;0;0.0004;0;0;0;0;0;0;0;-0.0004;-0.0884;0;0;0;0;0;0;0;0;0;-0.7452;0;0.7452;1;1;0;0;0;0
11/06/21 19:00;0;0;90;0;0;90;0;0;0;0;9.0401;2.73;0;0;0;0;0;0;0;0;0;0;0;0;0;1;1;1;1;0;0;0;0;0;0;0;0;0;0;0;0;0;0;0;0;0;0;0;0;0;0;0;0;0;0;0;0;0;0;0;0;0;0;0;1;1;1;1;1;1;1;1;1;1;1;1;1;1;1;1;1;1;1;0;0;0;0;0;0;0;0;0;0.0004;0.088;-0.0884;0;0;0;0;0;0;0;0;0;0;0;0;0;0;0;0;0;0;0;-9.0401;0;0;0;0;0.0004;0;0;0;0;0;0;0;-0.0004;-0.0884;0;0;0;0;0;0;0;0;0;-0.7452;0;0.7452;1;1;0;0;0;0
11/06/21 20:00;0;0;90;0;0;90;0;0;0;0;9.3;2.9599;0;0;0;0;0;0;0;0;0;0;0;0;0;1;1;1;1;0;0;0;0;0;0;0;0;0;0;0;0;0;0;0;0;0;0;0;0;0;0;0;0;0;0;0;0;0;0;0;0;0;0;0;1;1;1;1;1;1;1;1;1;1;1;1;1;1;1;1;1;1;1;0;0;0;0;0;0;0;0;0;0.0004;0.088;-0.0884;0;0;0;0;0;0;0;0;0;0;0;0;0;0;0;0;0;0;0;-9.3;0;0;0;0;0.0004;0;0;0;0;0;0;0;-0.0004;-0.0884;0;0;0;0;0;0;0;0;0;-0.7452;0;0.7452;1;1;0;0;0;0
11/06/21 21:00;0;0;90;0;0;90;0;0;0;0;9.2202;3.37;0;0;0;0;0;0;0;0;0;0;0;0;0;1;1;1;1;0;0;0;0;0;0;0;0;0;0;0;0;0;0;0;0;0;0;0;0;0;0;0;0;0;0;0;0;0;0;0;0;0;0;0;1;1;1;1;1;1;1;1;1;1;1;1;1;1;1;1;1;1;1;0;0;0;0;0;0;0;0;0;0.0004;0.088;-0.0884;0;0;0;0;0;0;0;0;0;0;0;0;0;0;0;0;0;0;0;-9.2202;0;0;0;0;0.0004;0;0;0;0;0;0;0;-0.0004;-0.0884;0;0;0;0;0;0;0;0;0;-0.7452;0;0.7452;1;1;0;0;0;0
11/06/21 22:00;0;0;90;0;0;90;0;0;0;0;8.1998;3.45;0;0;0;0;0;0;0;0;0;0;0;0;0;1;1;1;1;0;0;0;0;0;0;0;0;0;0;0;0;0;0;0;0;0;0;0;0;0;0;0;0;0;0;0;0;0;0;0;0;0;0;0;1;1;1;1;1;1;1;1;1;1;1;1;1;1;1;1;1;1;1;0;0;0;0;0;0;0;0;0;0.0004;0.088;-0.0884;0;0;0;0;0;0;0;0;0;0;0;0;0;0;0;0;0;0;0;-8.1998;0;0;0;0;0.0004;0;0;0;0;0;0;0;-0.0004;-0.0884;0;0;0;0;0;0;0;0;0;-0.7452;0;0.7452;1;1;0;0;0;0
11/06/21 23:00;0;0;90;0;0;90;0;0;0;0;8.1001;3.4101;0;0;0;0;0;0;0;0;0;0;0;0;0;1;1;1;1;0;0;0;0;0;0;0;0;0;0;0;0;0;0;0;0;0;0;0;0;0;0;0;0;0;0;0;0;0;0;0;0;0;0;0;1;1;1;1;1;1;1;1;1;1;1;1;1;1;1;1;1;1;1;0;0;0;0;0;0;0;0;0;0.0004;0.088;-0.0884;0;0;0;0;0;0;0;0;0;0;0;0;0;0;0;0;0;0;0;-8.1001;0;0;0;0;0.0004;0;0;0;0;0;0;0;-0.0004;-0.0884;0;0;0;0;0;0;0;0;0;-0.7452;0;0.7452;1;1;0;0;0;0
12/06/21 00:00;0;0;90;0;0;90;0;0;0;0;7.4599;3.4299;0;0;0;0;0;0;0;0;0;0;0;0;0;1;1;1;1;0;0;0;0;0;0;0;0;0;0;0;0;0;0;0;0;0;0;0;0;0;0;0;0;0;0;0;0;0;0;0;0;0;0;0;1;1;1;1;1;1;1;1;1;1;1;1;1;1;1;1;1;1;1;0;0;0;0;0;0;0;0;0;0.0004;0.088;-0.0884;0;0;0;0;0;0;0;0;0;0;0;0;0;0;0;0;0;0;0;-7.4599;0;0;0;0;0.0004;0;0;0;0;0;0;0;-0.0004;-0.0884;0;0;0;0;0;0;0;0;0;-0.7452;0;0.7452;1;1;0;0;0;0
12/06/21 01:00;0;0;90;0;0;90;0;0;0;0;6.5299;3.4101;0;0;0;0;0;0;0;0;0;0;0;0;0;1;1;1;1;0;0;0;0;0;0;0;0;0;0;0;0;0;0;0;0;0;0;0;0;0;0;0;0;0;0;0;0;0;0;0;0;0;0;0;1;1;1;1;1;1;1;1;1;1;1;1;1;1;1;1;1;1;1;0;0;0;0;0;0;0;0;0;0.0004;0.088;-0.0884;0;0;0;0;0;0;0;0;0;0;0;0;0;0;0;0;0;0;0;-6.5299;0;0;0;0;0.0004;0;0;0;0;0;0;0;-0.0004;-0.0884;0;0;0;0;0;0;0;0;0;-0.7452;0;0.7452;1;1;0;0;0;0
12/06/21 02:00;0;0;90;0;0;90;0;0;0;0;6.2002;3.48;0;0;0;0;0;0;0;0;0;0;0;0;0;1;1;1;1;0;0;0;0;0;0;0;0;0;0;0;0;0;0;0;0;0;0;0;0;0;0;0;0;0;0;0;0;0;0;0;0;0;0;0;1;1;1;1;1;1;1;1;1;1;1;1;1;1;1;1;1;1;1;0;0;0;0;0;0;0;0;0;0.0004;0.088;-0.0884;0;0;0;0;0;0;0;0;0;0;0;0;0;0;0;0;0;0;0;-6.2002;0;0;0;0;0.0004;0;0;0;0;0;0;0;-0.0004;-0.0884;0;0;0;0;0;0;0;0;0;-0.7452;0;0.7452;1;1;0;0;0;0
12/06/21 03:00;0;0;90;0;0;90;0;0;0;0;6.2999;3.23;0;0;0;0;0;0;0;0;0;0;0;0;0;1;1;1;1;0;0;0;0;0;0;0;0;0;0;0;0;0;0;0;0;0;0;0;0;0;0;0;0;0;0;0;0;0;0;0;0;0;0;0;1;1;1;1;1;1;1;1;1;1;1;1;1;1;1;1;1;1;1;0;0;0;0;0;0;0;0;0;0.0004;0.088;-0.0884;0;0;0;0;0;0;0;0;0;0;0;0;0;0;0;0;0;0;0;-6.2999;0;0;0;0;0.0004;0;0;0;0;0;0;0;-0.0004;-0.0884;0;0;0;0;0;0;0;0;0;-0.7452;0;0.7452;1;1;0;0;0;0
12/06/21 04:00;0;0;90;0;0;90;0;0;0;0;6.5997;2.8699;0;0;0;0;0;0;0;0;0;0;0;0;0;1;1;1;1;0;0;0;0;0;0;0;0;0;0;0;0;0;0;0;0;0;0;0;0;0;0;0;0;0;0;0;0;0;0;0;0;0;0;0;1;1;1;1;1;1;1;1;1;1;1;1;1;1;1;1;1;1;1;0;0;0;0;0;0;0;0;0;0.0004;0.088;-0.0884;0;0;0;0;0;0;0;0;0;0;0;0;0;0;0;0;0;0;0;-6.5997;0;0;0;0;0.0004;0;0;0;0;0;0;0;-0.0004;-0.0884;0;0;0;0;0;0;0;0;0;-0.7452;0;0.7452;1;1;0;0;0;0
12/06/21 05:00;0;0;90;0;0;90;0;0;0;0;6.5;2.73;0;0;0;0;0;0;0;0;0;0;0;0;0;1;1;1;1;0;0;0;0;0;0;0;0;0;0;0;0;0;0;0;0;0;0;0;0;0;0;0;0;0;0;0;0;0;0;0;0;0;0;0;1;1;1;1;1;1;1;1;1;1;1;1;1;1;1;1;1;1;1;0;0;0;0;0;0;0;0;0;0.0004;0.088;-0.0884;0;0;0;0;0;0;0;0;0;0;0;0;0;0;0;0;0;0;0;-6.5;0;0;0;0;0.0004;0;0;0;0;0;0;0;-0.0004;-0.0884;0;0;0;0;0;0;0;0;0;-0.7452;0;0.7452;1;1;0;0;0;0
12/06/21 06:00;0;0;90;0;0;90;0;0;0;0;6.3598;2.91;0;0;0;0;0;0;0;0;0;0;0;0;0;1;1;1;1;0;0;0;0;0;0;0;0;0;0;0;0;0;0;0;0;0;0;0;0;0;0;0;0;0;0;0;0;0;0;0;0;0;0;0;1;1;1;1;1;1;1;1;1;1;1;1;1;1;1;1;1;1;1;0;0;0;0;0;0;0;0;0;0.0004;0.088;-0.0884;0;0;0;0;0;0;0;0;0;0;0;0;0;0;0;0;0;0;0;-6.3598;0;0;0;0;0.0004;0;0;0;0;0;0;0;-0.0004;-0.0884;0;0;0;0;0;0;0;0;0;-0.7452;0;0.7452;1;1;0;0;0;0
12/06/21 07:00;4.6606;-57.3;78.635;5.5334;7.9911;-90;-7.9911;21;20.402;0.5981;6.3797;3.4;0;1.4505;20.19;0.275;0;0.0143;21.929;0;21.929;1.4505;0.275;20.19;0.0143;0.0661;0.9213;0;0.0007;21.817;0.1122;0;0;0.1003;0.0119;20.476;1.3198;0.3994;0.0757;0.8441;0.0005;21.795;0.0218;0.0015;0.0003;0.0201;0;20.478;1.0496;0.199;19.225;0.0019;12.052;10.377;2.5531;0.0024;0.0996;1.4327;0.0019;1.5299;0;1;0;0;1.0443;0.9949;1;1;0.995;0.1689;0.9394;0.7243;1;0.9579;0.7759;0.999;0.999;1;0.999;0.999;0.9337;0.9522;0.1309;0.0624;0.0615;0.0004;0.0087;-0.0039;0.0004;0.0014;0.0002;0;0;0.088;-0.0384;0;0;0;0;0;0;0;0;0;0;0;0;0.0011;0;0.053;0.053;0;7.3953;7.3953;1.0156;0.0496;50.716;1045.9;1;0.0034;0.0034;0;0;0;0;0;0;0.0496;-0.0384;0;15.984;18.509;-11.56;-13.386;93.578;93.578;0.5263;0.4473;-0.3235;0.079;0.7708;0.1501;1.4646;0;12.049;0;0
12/06/21 08:00;13.772;-48.088;54.735;18.23;31.121;-90;-31.121;49.501;48.699;0.8018;6.7001;2.9401;0;1.9447;45.08;0.3004;0;0.4987;47.823;0;47.823;1.9447;0.3004;45.08;0.4987;0.0407;0.9531;0;0.0104;45.272;2.5509;0;0;2.1135;0.4374;43.776;1.4507;0.0394;0.0061;1.3949;0.0103;45.227;0.0453;0.0019;0.0003;0.043;0.0001;43.931;1.9033;0.294;41.528;0.051;29.95;25.787;6.7374;0.775;0.272;3.912;0.1546;3.4089;0;1;0;0;0.9661;0.9467;1;1;0.9531;0.1229;0.9679;0.9797;1;0.9675;0.8322;0.999;0.999;1;0.999;0.999;0.9154;0.9212;0.1022;0.1361;0.1335;0.0008;0.0126;-0.0079;0.0009;0.0032;0.0007;0;0;0.088;0.027;0;0;0;0;0;0;0;0;0;0;0;0;0.0026;0.0001;0.1205;0.1205;0;8.8498;8.8498;2.1497;0.0491;112.35;1072.8;1;0.0055;0.0055;0;0;0;0;0;0;0.115;0.027;0;16.653;19.284;3.7338;4.3237;95.438;95.438;1.1478;1.0164;0.2279;0.1314;0.7885;0.1145;0.687;0.1985;29.946;0.1871;0
12/06/21 09:00;22.038;-36.483;48.184;34.248;55.752;-90;-55.752;87.495;86.003;1.4922;7.5703;3.2501;0;2.6516;67;0.4589;0;2.6779;72.788;0;72.788;2.6516;0.4589;67;2.6779;0.0364;0.9573;0;0.0368;62.746;10.042;0;0;7.5464;2.4957;60.604;2.08;0.0309;0.0054;2.0355;0.0083;62.684;0.0627;0.0027;0.0005;0.0595;0.0002;61.693;2.618;0.4531;57.359;0.1737;56.054;48.263;14.06;8.6286;0.8813;12.677;1.0896;4.9294;0;1;0;0;0.8319;0.862;1;1;0.8874;0.068;0.9668;0.9883;1;0.9657;0.9545;0.999;0.999;1;0.999;0.999;0.8326;0.8561;0.0649;0.2071;0.2019;0.0012;0.0148;-0.0106;0.0014;0.0049;0.0023;0;0;0.088;0.0893;0;0;0;0;0;0;0;0;0;0;0;0;0.0039;0.0002;0.1838;0.1838;0;10.539;10.539;2.9684;0.049;170.37;1078.8;1;0.0065;0.0065;0;0;0;0;0;0;0.1773;0.0893;0;16.686;19.322;8.1032;9.3833;96.441;96.441;1.7469;1.55;0.7527;0.1969;0.7973;0.1127;0.4564;0.4309;55.58;0.3812;0
12/06/21 10:00;28.124;-22.812;54.385;54.044;35.956;-90;-35.956;102.91;101.3;1.6056;8.5701;4.36;0;1.9835;91.416;0.3218;0;1.3725;95.094;0;95.094;1.9835;0.3218;91.416;1.3725;0.0209;0.9758;0;0.0144;88.481;6.6131;0;0;5.3817;1.2314;85.553;2.8391;0.0387;0.0063;2.7759;0.0183;88.392;0.0885;0.002;0.0003;0.086;0.0001;86.009;1.9429;0.3153;83.172;0.1227;63.897;55.015;14.77;2.5837;0.6149;8.8449;0.4554;6.8762;0;1;0;0;0.9241;0.9305;1;1;0.9411;0.1028;0.9679;0.9805;1;0.9677;0.8703;0.999;0.999;1;0.999;0.999;0.8997;0.9098;0.0894;0.2706;0.2638;0.0016;0.016;-0.0117;0.0018;0.0064;0.0016;0;0;0.088;0.1476;0;0;0;0;0;0;0;0;0;0;0;0;0.0052;0.0003;0.2426;0.2426;0;12.752;12.752;4.1822;0.0489;223.98;1083.2;1;0.007;0.007;0;0;0;0;0;0;0.2356;0.1476;0;16.859;19.522;10.257;11.878;97.115;97.115;2.2823;2.046;1.2448;0.2363;0.8011;0.1035;0.351;0.5454;62.976;0.5099;0
12/06/21 11:00;31.331;-7.3602;57.902;78.116;11.884;-90;-11.884;114;112.3;1.7059;9.0999;4.64;0;1.7432;110.82;0.2843;0;0.171;113.02;0;113.02;1.7432;0.2843;110.82;0.171;0.0154;0.9821;0;0.0015;111.81;1.2084;0;0;1.0664;0.142;107.28;4.4189;0.051;0.0083;4.353;0.0065;111.7;0.1118;0.0017;0.0003;0.1098;0;107.31;1.6905;0.2757;105.29;0.0225;67.915;58.475;14.593;0.0617;0.551;7.9252;0.0323;8.4145;0;1;0;0;0.9914;0.9893;1;1;0.9904;0.1699;0.9604;0.9707;1;0.9603;0.7755;0.999;0.999;1;0.999;0.999;0.9492;0.9501;0.1316;0.3216;0.3229;0.0019;0.0167;-0.0125;0.0022;0.0079;0.0015;0;0;0.088;0.2029;0;0;0;0;0;0;0;0;0;0;0;0;0.0063;0.0004;0.2984;0.2984;0;14.339;14.339;5.239;0.0488;274.95;1085.3;1;0.0075;0.0075;0;0;0;0;0;0;0.2909;0.2029;0;17.446;20.202;11.864;13.738;97.497;97.497;2.7124;2.5163;1.7112;0.1961;0.8051;0.0723;0.2968;0.6309;66.763;0.5994;0
12/06/21 12:00;31.179;8.7762;57.73;75.848;14.152;90;14.152;165.69;161.8;3.8904;9.8697;4.5201;0;4.0121;158.44;0.9468;0;0.352;163.75;0;163.75;4.0121;0.9468;158.44;0.352;0.0245;0.9697;0;0.0021;161.41;2.3465;0;0;2.0534;0.2931;155.12;6.1292;0.1151;0.0272;5.9737;0.0132;161.25;0.1614;0.004;0.0009;0.1564;0.0001;155.19;3.893;0.9187;150.26;0.0456;98.909;85.16;21.146;0.1665;0.8143;11.714;0.075;12.362;0;1;0;0;0.9883;0.9857;1;1;0.987;0.1673;0.962;0.9713;1;0.9618;0.775;0.999;0.999;1;0.999;0.999;0.9473;0.9484;0.1295;0.466;0.4675;0.0028;0.0172;-0.0127;0.0032;0.0114;0.0022;0;0;0.088;0.3365;0;0;0;0;0;0;0;0;0;0;0;0;0.0092;0.0007;0.4334;0.4334;0;17.438;17.438;7.5686;0.0488;399.09;1085.9;1;0.0089;0.0089;0;0;0;0;0;0;0.4245;0.3365;0;17.488;20.25;13.577;15.722;97.946;97.946;3.9301;3.6546;2.8374;0.2755;0.8172;0.0701;0.2079;0.722;96.135;0.6853;0
12/06/21 13:00;27.692;24.103;53.926;52.113;37.887;90;37.887;62.804;62.302;0.5014;10.1;4.3001;0;0.6354;55.691;0.0643;0;0.9266;57.317;0;57.317;0.6354;0.0643;55.691;0.9266;0.0111;0.9878;0;0.0162;52.906;4.4108;0;0;3.5682;0.8426;51.149;1.7048;0.0118;0.0012;1.6823;0.0096;52.854;0.0529;0.0006;0.0001;0.0521;0.0001;51.467;0.623;0.0631;50.388;0.0743;39.236;33.782;9.1127;1.8832;0.3941;5.6685;0.3181;4.1794;0;1;0;0;0.9126;0.923;1;1;0.9359;0.0906;0.9677;0.9814;1;0.9677;0.8856;0.999;0.999;1;0.999;0.999;0.8924;0.9048;0.0802;0.1631;0.1586;0.001;0.0135;-0.0072;0.0011;0.0038;0.001;0;0;0.088;0.0482;0;0;0;0;0;0;0;0;0;0;0;0;0.003;0.0001;0.1423;0.1423;0;12.615;12.615;2.5148;0.0492;133.86;1063;1;0.006;0.006;0;0;0;0;0;0;0.1362;0.0482;0;16.403;18.995;5.5619;6.4406;95.756;95.756;1.3756;1.1999;0.4068;0.1757;0.793;0.1277;0.5765;0.2958;38.971;0.2754;0
12/06/21 14:00;21.384;37.591;47.547;32.697;57.303;90;57.303;164.7;153.9;10.797;10.49;3.7401;0;19.987;115.87;6.3695;0;5.301;147.53;0;147.53;19.987;6.3695;115.87;5.301;0.1355;0.8213;0;0.0359;128.93;18.592;0;0;13.627;4.965;124.95;3.8538;0.2256;0.0719;3.5385;0.0179;128.8;0.1289;0.02;0.0064;0.1022;0.0003;127.06;19.741;6.2913;98.6;0.3178;101.2;87.132;25.349;16.444;1.6496;23.729;2.1103;8.9342;0;1;0;0;0.8957;0.874;1;1;0.8824;0.0634;0.9701;0.9887;1;0.9654;0.9468;0.999;0.999;1;0.999;0.999;0.847;0.851;0.0599;0.4198;0.4111;0.0025;0.0172;-0.0125;0.0028;0.01;0.0044;0;0;0.088;0.2816;0;0;0;0;0;0;0;0;0;0;0;0;0.0081;0.0006;0.3779;0.3779;0;16.594;16.594;6.1045;0.0489;349.51;1081.2;1;0.0083;0.0083;0;0;0;0;0;0;0.3696;0.2816;0;16.926;19.6;12.614;14.606;97.812;97.812;3.5406;3.1867;2.3748;0.3539;0.8119;0.1;0.2293;0.6707;97.776;0.5986;0
12/06/21 15:00;12.958;49.023;57.054;16.95;28.047;90;28.047;74.896;73.397;1.4982;10.8;2.5599;0;3.6336;68.739;0.898;0;0.6157;73.886;0;73.886;3.6336;0.898;68.739;0.6157;0.0492;0.9387;0;0.0083;70.612;3.274;0;0;2.7394;0.5346;68.243;2.2992;0.0963;0.0238;2.1639;0.0153;70.542;0.0706;0.0036;0.0009;0.066;0.0001;68.423;3.5338;0.8733;63.77;0.0657;44.726;38.509;9.939;0.8238;0.3924;5.6445;0.1806;5.2131;0;1;0;0;0.9865;0.9557;1;1;0.9601;0.1318;0.9674;0.9735;1;0.9672;0.8108;0.999;0.999;1;0.999;0.999;0.9236;0.9277;0.1067;0.2103;0.2071;0.0012;0.0149;-0.0082;0.0014;0.0049;0.001;0;0;0.088;0.0931;0;0;0;0;0;0;0;0;0;0;0;0;0.004;0.0002;0.1875;0.1875;0;14.148;14.148;3.3482;0.0491;175.56;1068.3;1;0.0065;0.0065;0;0;0;0;0;0;0.1811;0.0931;0;16.773;19.423;8.3254;9.6407;96.557;96.557;1.7733;1.5816;0.785;0.1917;0.7966;0.1081;0.4492;0.4427;44.717;0.4188;0
12/06/21 16:00;4.2626;57.652;79.615;5.042;7.2648;90;7.2648;0;0;0;10.47;2.75;0;0;0;0;0;0;0;0;0;0;0;0;0;1;1;1;1;0;0;0;0;0;0;0;0;0;0;0;0;0;0;0;0;0;0;0;0;0;0;0;0;0;0;0;0;0;0;0;0;0;0;0;1;1;1;1;1;1;1;1;1;1;1;1;1;1;1;1;1;1;1;0;0;0;0;0;0;0;0;0;0.0004;0.088;-0.0884;0;0;0;0;0;0;0;0;0;0;0;0;0;0;0;0;0;0;0;-10.47;0;0;0;0;0.0004;0;0;0;0;0;0;0;-0.0004;-0.0884;0;0;0;0;0;0;0;0;0;-0.7452;0;0.7452;1;1;0;0;0;0
12/06/21 17:00;0;0;90;0;0;90;0;0;0;0;9.9302;2.8501;0;0;0;0;0;0;0;0;0;0;0;0;0;1;1;1;1;0;0;0;0;0;0;0;0;0;0;0;0;0;0;0;0;0;0;0;0;0;0;0;0;0;0;0;0;0;0;0;0;0;0;0;1;1;1;1;1;1;1;1;1;1;1;1;1;1;1;1;1;1;1;0;0;0;0;0;0;0;0;0;0.0004;0.088;-0.0884;0;0;0;0;0;0;0;0;0;0;0;0;0;0;0;0;0;0;0;-9.9302;0;0;0;0;0.0004;0;0;0;0;0;0;0;-0.0004;-0.0884;0;0;0;0;0;0;0;0;0;-0.7452;0;0.7452;1;1;0;0;0;0
12/06/21 18:00;0;0;90;0;0;90;0;0;0;0;8.5202;2.9;0;0;0;0;0;0;0;0;0;0;0;0;0;1;1;1;1;0;0;0;0;0;0;0;0;0;0;0;0;0;0;0;0;0;0;0;0;0;0;0;0;0;0;0;0;0;0;0;0;0;0;0;1;1;1;1;1;1;1;1;1;1;1;1;1;1;1;1;1;1;1;0;0;0;0;0;0;0;0;0;0.0004;0.088;-0.0884;0;0;0;0;0;0;0;0;0;0;0;0;0;0;0;0;0;0;0;-8.5202;0;0;0;0;0.0004;0;0;0;0;0;0;0;-0.0004;-0.0884;0;0;0;0;0;0;0;0;0;-0.7452;0;0.7452;1;1;0;0;0;0
12/06/21 19:00;0;0;90;0;0;90;0;0;0;0;6.5997;2.8501;0;0;0;0;0;0;0;0;0;0;0;0;0;1;1;1;1;0;0;0;0;0;0;0;0;0;0;0;0;0;0;0;0;0;0;0;0;0;0;0;0;0;0;0;0;0;0;0;0;0;0;0;1;1;1;1;1;1;1;1;1;1;1;1;1;1;1;1;1;1;1;0;0;0;0;0;0;0;0;0;0.0004;0.088;-0.0884;0;0;0;0;0;0;0;0;0;0;0;0;0;0;0;0;0;0;0;-6.5997;0;0;0;0;0.0004;0;0;0;0;0;0;0;-0.0004;-0.0884;0;0;0;0;0;0;0;0;0;-0.7452;0;0.7452;1;1;0;0;0;0
12/06/21 20:00;0;0;90;0;0;90;0;0;0;0;6.3398;2.7999;0;0;0;0;0;0;0;0;0;0;0;0;0;1;1;1;1;0;0;0;0;0;0;0;0;0;0;0;0;0;0;0;0;0;0;0;0;0;0;0;0;0;0;0;0;0;0;0;0;0;0;0;1;1;1;1;1;1;1;1;1;1;1;1;1;1;1;1;1;1;1;0;0;0;0;0;0;0;0;0;0.0004;0.088;-0.0884;0;0;0;0;0;0;0;0;0;0;0;0;0;0;0;0;0;0;0;-6.3398;0;0;0;0;0.0004;0;0;0;0;0;0;0;-0.0004;-0.0884;0;0;0;0;0;0;0;0;0;-0.7452;0;0.7452;1;1;0;0;0;0
12/06/21 21:00;0;0;90;0;0;90;0;0;0;0;4.41;2.75;0;0;0;0;0;0;0;0;0;0;0;0;0;1;1;1;1;0;0;0;0;0;0;0;0;0;0;0;0;0;0;0;0;0;0;0;0;0;0;0;0;0;0;0;0;0;0;0;0;0;0;0;1;1;1;1;1;1;1;1;1;1;1;1;1;1;1;1;1;1;1;0;0;0;0;0;0;0;0;0;0.0004;0.088;-0.0884;0;0;0;0;0;0;0;0;0;0;0;0;0;0;0;0;0;0;0;-4.41;0;0;0;0;0.0004;0;0;0;0;0;0;0;-0.0004;-0.0884;0;0;0;0;0;0;0;0;0;-0.7452;0;0.7452;1;1;0;0;0;0
12/06/21 22:00;0;0;90;0;0;90;0;0;0;0;3.2899;2.68;0;0;0;0;0;0;0;0;0;0;0;0;0;1;1;1;1;0;0;0;0;0;0;0;0;0;0;0;0;0;0;0;0;0;0;0;0;0;0;0;0;0;0;0;0;0;0;0;0;0;0;0;1;1;1;1;1;1;1;1;1;1;1;1;1;1;1;1;1;1;1;0;0;0;0;0;0;0;0;0;0.0004;0.088;-0.0884;0;0;0;0;0;0;0;0;0;0;0;0;0;0;0;0;0;0;0;-3.2899;0;0;0;0;0.0004;0;0;0;0;0;0;0;-0.0004;-0.0884;0;0;0;0;0;0;0;0;0;-0.7452;0;0.7452;1;1;0;0;0;0
12/06/21 23:00;0;0;90;0;0;90;0;0;0;0;3.4501;2.5401;0;0;0;0;0;0;0;0;0;0;0;0;0;1;1;1;1;0;0;0;0;0;0;0;0;0;0;0;0;0;0;0;0;0;0;0;0;0;0;0;0;0;0;0;0;0;0;0;0;0;0;0;1;1;1;1;1;1;1;1;1;1;1;1;1;1;1;1;1;1;1;0;0;0;0;0;0;0;0;0;0.0004;0.088;-0.0884;0;0;0;0;0;0;0;0;0;0;0;0;0;0;0;0;0;0;0;-3.4501;0;0;0;0;0.0004;0;0;0;0;0;0;0;-0.0004;-0.0884;0;0;0;0;0;0;0;0;0;-0.7452;0;0.7452;1;1;0;0;0;0
13/06/21 00:00;0;0;90;0;0;90;0;0;0;0;4.6599;2.4799;0;0;0;0;0;0;0;0;0;0;0;0;0;1;1;1;1;0;0;0;0;0;0;0;0;0;0;0;0;0;0;0;0;0;0;0;0;0;0;0;0;0;0;0;0;0;0;0;0;0;0;0;1;1;1;1;1;1;1;1;1;1;1;1;1;1;1;1;1;1;1;0;0;0;0;0;0;0;0;0;0.0004;0.088;-0.0884;0;0;0;0;0;0;0;0;0;0;0;0;0;0;0;0;0;0;0;-4.6599;0;0;0;0;0.0004;0;0;0;0;0;0;0;-0.0004;-0.0884;0;0;0;0;0;0;0;0;0;-0.7452;0;0.7452;1;1;0;0;0;0
13/06/21 01:00;0;0;90;0;0;90;0;0;0;0;6.4103;2.44;0;0;0;0;0;0;0;0;0;0;0;0;0;1;1;1;1;0;0;0;0;0;0;0;0;0;0;0;0;0;0;0;0;0;0;0;0;0;0;0;0;0;0;0;0;0;0;0;0;0;0;0;1;1;1;1;1;1;1;1;1;1;1;1;1;1;1;1;1;1;1;0;0;0;0;0;0;0;0;0;0.0004;0.088;-0.0884;0;0;0;0;0;0;0;0;0;0;0;0;0;0;0;0;0;0;0;-6.4103;0;0;0;0;0.0004;0;0;0;0;0;0;0;-0.0004;-0.0884;0;0;0;0;0;0;0;0;0;-0.7452;0;0.7452;1;1;0;0;0;0
13/06/21 02:00;0;0;90;0;0;90;0;0;0;0;7.1003;2.3701;0;0;0;0;0;0;0;0;0;0;0;0;0;1;1;1;1;0;0;0;0;0;0;0;0;0;0;0;0;0;0;0;0;0;0;0;0;0;0;0;0;0;0;0;0;0;0;0;0;0;0;0;1;1;1;1;1;1;1;1;1;1;1;1;1;1;1;1;1;1;1;0;0;0;0;0;0;0;0;0;0.0004;0.088;-0.0884;0;0;0;0;0;0;0;0;0;0;0;0;0;0;0;0;0;0;0;-7.1003;0;0;0;0;0.0004;0;0;0;0;0;0;0;-0.0004;-0.0884;0;0;0;0;0;0;0;0;0;-0.7452;0;0.7452;1;1;0;0;0;0
13/06/21 03:00;0;0;90;0;0;90;0;0;0;0;7.2997;2.2201;0;0;0;0;0;0;0;0;0;0;0;0;0;1;1;1;1;0;0;0;0;0;0;0;0;0;0;0;0;0;0;0;0;0;0;0;0;0;0;0;0;0;0;0;0;0;0;0;0;0;0;0;1;1;1;1;1;1;1;1;1;1;1;1;1;1;1;1;1;1;1;0;0;0;0;0;0;0;0;0;0.0004;0.088;-0.0884;0;0;0;0;0;0;0;0;0;0;0;0;0;0;0;0;0;0;0;-7.2997;0;0;0;0;0.0004;0;0;0;0;0;0;0;-0.0004;-0.0884;0;0;0;0;0;0;0;0;0;-0.7452;0;0.7452;1;1;0;0;0;0
13/06/21 04:00;0;0;90;0;0;90;0;0;0;0;7.2997;2.04;0;0;0;0;0;0;0;0;0;0;0;0;0;1;1;1;1;0;0;0;0;0;0;0;0;0;0;0;0;0;0;0;0;0;0;0;0;0;0;0;0;0;0;0;0;0;0;0;0;0;0;0;1;1;1;1;1;1;1;1;1;1;1;1;1;1;1;1;1;1;1;0;0;0;0;0;0;0;0;0;0.0004;0.088;-0.0884;0;0;0;0;0;0;0;0;0;0;0;0;0;0;0;0;0;0;0;-7.2997;0;0;0;0;0.0004;0;0;0;0;0;0;0;-0.0004;-0.0884;0;0;0;0;0;0;0;0;0;-0.7452;0;0.7452;1;1;0;0;0;0
13/06/21 05:00;0;0;90;0;0;90;0;0;0;0;7.2;1.86;0;0;0;0;0;0;0;0;0;0;0;0;0;1;1;1;1;0;0;0;0;0;0;0;0;0;0;0;0;0;0;0;0;0;0;0;0;0;0;0;0;0;0;0;0;0;0;0;0;0;0;0;1;1;1;1;1;1;1;1;1;1;1;1;1;1;1;1;1;1;1;0;0;0;0;0;0;0;0;0;0.0004;0.088;-0.0884;0;0;0;0;0;0;0;0;0;0;0;0;0;0;0;0;0;0;0;-7.2;0;0;0;0;0.0004;0;0;0;0;0;0;0;-0.0004;-0.0884;0;0;0;0;0;0;0;0;0;-0.7452;0;0.7452;1;1;0;0;0;0
13/06/21 06:00;0;0;90;0;0;90;0;0;0;0;7.2499;1.5299;0;0;0;0;0;0;0;0;0;0;0;0;0;1;1;1;1;0;0;0;0;0;0;0;0;0;0;0;0;0;0;0;0;0;0;0;0;0;0;0;0;0;0;0;0;0;0;0;0;0;0;0;1;1;1;1;1;1;1;1;1;1;1;1;1;1;1;1;1;1;1;0;0;0;0;0;0;0;0;0;0.0004;0.088;-0.0884;0;0;0;0;0;0;0;0;0;0;0;0;0;0;0;0;0;0;0;-7.2499;0;0;0;0;0.0004;0;0;0;0;0;0;0;-0.0004;-0.0884;0;0;0;0;0;0;0;0;0;-0.7452;0;0.7452;1;1;0;0;0;0
13/06/21 07:00;4.5901;-57.288;78.809;5.4506;7.8683;-90;-7.8683;14.905;14.701;0.204;7.4998;1.3599;0;0.4948;14.603;0.0686;0;0.0098;15.177;0;15.177;0.4948;0.0686;14.603;0.0098;0.0326;0.9629;0;0.0006;15.098;0.0789;0;0;0.0707;0.0082;14.313;0.7702;0.1389;0.0193;0.6117;0.0004;15.083;0.0151;0.0005;0.0001;0.0145;0;14.314;0.3554;0.0493;13.907;0.0013;8.714;7.5028;1.8456;0.0016;0.072;1.0361;0.0013;1.1065;0;1;0;0;1.0182;0.9948;1;1;0.9952;0.1689;0.9489;0.719;1;0.9579;0.7759;0.999;0.999;1;0.999;0.999;0.9431;0.9523;0.1309;0.0432;0.043;0.0003;0.0073;-0.0026;0.0003;0.0009;0.0002;0;0;0.088;-0.055;0;0;0;0;0;0;0;0;0;0;0;0;0.0008;0;0.0359;0.0359;0;8.2149;8.2149;0.715;0.05;34.982;1025.7;1;0.0029;0.0029;0;0;0;0;0;0;0.033;-0.055;0;15.623;18.091;-23.947;-27.731;91.963;91.963;0.3642;0.3026;-0.4638;0.0616;0.7664;0.1692;2.1042;0;8.7129;0;0
13/06/21 08:00;13.701;-48.084;54.941;18.139;30.891;-90;-30.891;54.209;53.202;1.0061;7.6002;1.1299;0;2.44;49.27;0.4139;0;0.5383;52.663;0;52.663;2.44;0.4139;49.27;0.5383;0.0463;0.9458;0;0.0102;49.908;2.7546;0;0;2.283;0.4716;48.261;1.5968;0.0506;0.0086;1.5264;0.0113;49.858;0.0499;0.0024;0.0004;0.047;0.0001;48.427;2.387;0.4049;45.414;0.0553;32.682;28.139;7.3452;0.8257;0.2959;4.2564;0.1658;3.7266;0;1;0;0;0.9715;0.9477;1;1;0.9537;0.1239;0.968;0.9792;1;0.9675;0.8307;0.999;0.999;1;0.999;0.999;0.9164;0.9217;0.1028;0.1499;0.1471;0.0009;0.0131;-0.0081;0.001;0.0035;0.0008;0;0;0.088;0.0391;0;0;0;0;0;0;0;0;0;0;0;0;0.0028;0.0001;0.1329;0.1329;0;9.9694;9.9694;2.3692;0.0491;123.99;1072;1;0.0059;0.0059;0;0;0;0;0;0;0.1271;0.0391;0;16.678;19.312;4.9008;5.675;95.594;95.594;1.2639;1.1209;0.3294;0.143;0.7915;0.1132;0.6262;0.2606;32.676;0.2457;0
13/06/21 09:00;21.967;-36.492;48.209;34.147;55.853;-90;-55.853;120.8;117.1;3.701;7.9;1.72;0;6.5934;90.733;1.5587;0;3.7096;102.59;0;102.59;6.5934;1.5587;90.733;3.7096;0.0643;0.9205;0;0.0362;88.891;13.703;0;0;10.246;3.4571;85.938;2.8642;0.077;0.0182;2.7574;0.0116;88.802;0.0889;0.0066;0.0016;0.0805;0.0003;87.446;6.5099;1.539;77.649;0.2406;76.582;65.937;19.114;11.76;1.2084;17.382;1.5075;6.8304;0;1;0;0;0.8493;0.8664;1;1;0.8871;0.068;0.9677;0.9883;1;0.9657;0.9542;0.999;0.999;1;0.999;0.999;0.8376;0.8558;0.0649;0.292;0.285;0.0017;0.0163;-0.0133;0.002;0.007;0.0032;0;0;0.088;0.167;0;0;0;0;0;0;0;0;0;0;0;0;0.0056;0.0003;0.2622;0.2622;0;12.098;12.098;4.1985;0.0489;241.44;1085.9;1;0.0072;0.0072;0;0;0;0;0;0;0.255;0.167;0;16.887;19.555;10.758;12.457;97.267;97.267;2.4623;2.2111;1.4085;0.2512;0.8025;0.102;0.3259;0.572;75.351;0.5076;0
13/06/21 10:00;28.056;-22.838;54.42;53.937;36.063;-90;-36.063;186.11;175.3;10.807;9.1398;2.8699;0;13.369;155.75;3.763;0;2.4965;175.38;0;175.38;13.369;3.763;155.75;2.4965;0.0762;0.9023;0;0.0142;163.93;11.453;0;0;9.2117;2.2409;158.67;5.0962;0.2616;0.0736;4.7281;0.0329;163.76;0.1639;0.0134;0.0038;0.1465;0.0003;159.5;13.094;3.6856;141.67;0.2224;114.21;98.333;26.229;4.447;1.0991;15.81;0.8324;12.462;0;1;0;0;0.9424;0.9347;1;1;0.9409;0.1024;0.9689;0.9804;1;0.9677;0.8712;0.999;0.999;1;0.999;0.999;0.9047;0.9096;0.0891;0.4991;0.488;0.0029;0.0172;-0.0142;0.0034;0.012;0.003;0;0;0.088;0.3562;0;0;0;0;0;0;0;0;0;0;0;0;0.0096;0.0008;0.4534;0.4534;0;16.876;16.876;7.7367;0.0488;416.35;1088.9;1;0.0091;0.0091;0;0;0;0;0;0;0.4442;0.3562;0;17.082;19.78;13.421;15.542;97.983;97.983;4.2091;3.8232;3.004;0.3859;0.8192;0.0917;0.1946;0.7137;107.39;0.6686;0
13/06/21 11:00;31.27;-7.4047;57.952;78.019;11.981;-90;-11.981;304.8;232.1;72.699;10;2.97;0;74.318;205.29;25.095;0;0.4648;305.17;0;305.17;74.318;25.095;205.29;0.4648;0.2435;0.6742;0;0.0015;302.78;2.3885;0;0;2.0027;0.3858;291.48;10.995;2.188;0.7388;8.0502;0.0177;302.48;0.3028;0.0743;0.0251;0.2033;0.0001;291.57;72.055;24.331;195.03;0.0612;180.17;155.13;39.044;0.1178;1.4372;20.673;0.0916;21.992;0;1;0;0;1.0012;0.9922;1;1;0.9902;0.1699;0.9637;0.9705;1;0.9604;0.7755;0.999;0.999;1;0.999;0.999;0.9552;0.95;0.1316;0.8685;0.8756;0.0053;0.0138;-0.0024;0.006;0.0213;0.0039;0;0;0.088;0.7067;0;0;0;0;0;0;0;0;0;0;0;0;0.0172;0.0021;0.8084;0.8084;0;24.231;24.231;14.231;0.0488;749.04;1079.3;1;0.0137;0.0137;0;0;0;0;0;0;0.7947;0.7067;0;17.505;20.271;15.303;17.721;98.305;98.305;7.324;6.8176;5.96;0.5064;0.8577;0.0691;0.1171;0.8138;123.71;0.7745;0
13/06/21 12:00;31.129;8.7156;57.792;75.915;14.085;90;14.085;261.51;227.8;33.707;10.6;2.81;0;34.752;213.33;11.564;0;0.5503;260.2;0;260.2;34.752;11.564;213.33;0.5503;0.1336;0.822;0;0.0021;257;3.201;0;0;2.7428;0.4583;247.33;9.412;1.0041;0.3341;8.0531;0.0207;256.74;0.257;0.0348;0.0116;0.2106;0.0001;247.44;33.713;11.219;202.32;0.0713;155.33;133.74;33.442;0.2204;1.261;18.139;0.1176;19.179;0;1;0;0;0.995;0.9877;1;1;0.9871;0.1673;0.9633;0.9711;1;0.9617;0.7749;0.999;0.999;1;0.999;0.999;0.9505;0.9484;0.1295;0.7405;0.7443;0.0045;0.0154;-0.0062;0.0051;0.0181;0.0034;0;0;0.088;0.5877;0;0;0;0;0;0;0;0;0;0;0;0;0.0146;0.0016;0.6877;0.6877;0;22.674;22.674;12.074;0.0488;636.58;1080.4;1;0.012;0.012;0;0;0;0;0;0;0.6757;0.5877;0;17.466;20.225;14.926;17.284;98.255;98.255;6.2447;5.7999;4.9565;0.4449;0.8433;0.0712;0.135;0.7937;129.41;0.7543;0
13/06/21 13:00;27.656;24.033;53.995;52.147;37.853;90;37.853;197.71;186;11.708;10.87;2.5401;0;14.828;163.26;4.4872;0;2.9121;185.49;0;185.49;14.828;4.4872;163.26;2.9121;0.0799;0.8959;0;0.0157;172.4;13.094;0;0;10.446;2.6478;166.9;5.3229;0.2769;0.0838;4.932;0.0303;172.22;0.1724;0.0148;0.0045;0.1528;0.0003;167.89;14.536;4.3989;147.73;0.2338;121.54;104.65;28.116;5.5042;1.2066;17.356;0.9908;13.059;0;1;0;0;0.9382;0.9294;1;1;0.936;0.0908;0.9691;0.9813;1;0.9677;0.8853;0.999;0.999;1;0.999;0.999;0.8998;0.9049;0.0803;0.5279;0.5151;0.0031;0.0171;-0.0111;0.0035;0.0126;0.0032;0;0;0.088;0.3783;0;0;0;0;0;0;0;0;0;0;0;0;0.0101;0.0008;0.4756;0.4756;0;19.019;19.019;8.1491;0.0488;439.64;1081.9;1;0.0093;0.0093;0;0;0;0;0;0;0.4663;0.3783;0;16.944;19.621;13.477;15.607;98.043;98.043;4.4518;4.0111;3.1904;0.4407;0.8206;0.099;0.1843;0.7167;114.21;0.6698;0
13/06/21 14:00;21.362;37.518;47.618;32.709;57.291;90;57.291;153.99;146.3;7.6881;11.05;2.18;0;14.227;110.89;4.3154;0;4.9544;134.38;0;134.38;14.227;4.3154;110.89;4.9544;0.1059;0.862;0;0.0369;116.71;17.677;0;0;13.036;4.6404;112.98;3.6129;0.1612;0.0489;3.3861;0.0167;116.59;0.1167;0.0142;0.0043;0.0978;0.0003;114.97;14.052;4.2622;94.365;0.297;95.97;82.63;24.075;15.724;1.5705;22.591;1.9986;8.4372;0;1;0;0;0.8727;0.8685;1;1;0.8824;0.0634;0.969;0.9887;1;0.9654;0.9468;0.999;0.999;1;0.999;0.999;0.8407;0.851;0.0599;0.3824;0.3742;0.0023;0.0171;-0.0114;0.0026;0.0091;0.0042;0;0;0.088;0.2467;0;0;0;0;0;0;0;0;0;0;0;0;0.0073;0.0005;0.3426;0.3426;0;16.574;16.574;5.5248;0.0489;317.92;1077.5;1;0.0079;0.0079;0;0;0;0;0;0;0.3347;0.2467;0;16.845;19.506;12.131;14.047;97.706;97.706;3.2252;2.8888;2.0804;0.3363;0.8084;0.1043;0.2507;0.6451;93.558;0.5729;0
13/06/21 15:00;12.947;48.95;57.086;16.953;28.054;90;28.054;51.2;50.502;0.6985;10.7;1.4399;0;1.694;47.423;0.2884;0;0.4211;49.826;0;49.826;1.694;0.2884;47.423;0.4211;0.034;0.9602;0;0.0085;47.57;2.2563;0;0;1.8907;0.3656;45.967;1.556;0.045;0.0077;1.4928;0.0105;47.523;0.0476;0.0017;0.0003;0.0455;0.0001;46.091;1.6473;0.2804;43.994;0.0449;30.856;26.567;6.8566;0.5688;0.2707;3.8945;0.1247;3.5965;0;1;0;0;0.9732;0.9547;1;1;0.9601;0.1317;0.9673;0.9734;1;0.9672;0.8108;0.999;0.999;1;0.999;0.999;0.9225;0.9277;0.1067;0.1418;0.1397;0.0008;0.0129;-0.0062;0.0009;0.0033;0.0007;0;0;0.088;0.031;0;0;0;0;0;0;0;0;0;0;0;0;0.0026;0.0001;0.1245;0.1245;0;12.964;12.964;2.2636;0.0492;117.75;1056.9;1;0.0055;0.0055;0;0;0;0;0;0;0.119;0.031;0;16.505;19.113;4.1091;4.7583;95.603;95.603;1.1958;1.0496;0.2613;0.1463;0.7883;0.1223;0.6592;0.2185;30.852;0.2064;0
13/06/21 16:00;4.2593;57.58;79.623;5.042;7.2649;90;7.2649;2.7934;2.7934;0;10.26;1.3401;0;0;2.7822;0;0;0.0016;2.7838;2.7838;0;0;0;0;0;1;1;1;1;0;0;0;0;0;0;0;0;0;0;0;0;0;0;0;0;0;0;0;0;0;0;0;0;0;0;0;0;0;0;0;0;0;0;0;0;1;1;1;1;1;1;1;1;1;1;1;1;1;0;0;1;0;0;0;0;0;0;0;0;0;0;0;0.0004;0.088;-0.0884;0;0;0;0;0;0;0;0;0;0;0;0;0;0;0;0;0;0;0;-10.26;0;0;0;0;0.0004;0;0;0;0;0;0;0;-0.0004;-0.0884;0;0;0;0;0;0;0;0;0;-0.7452;0;0.7452;1;1;0;0;0;0
13/06/21 17:00;0;0;90;0;0;90;0;0;0;0;9.9003;1.1999;0;0;0;0;0;0;0;0;0;0;0;0;0;1;1;1;1;0;0;0;0;0;0;0;0;0;0;0;0;0;0;0;0;0;0;0;0;0;0;0;0;0;0;0;0;0;0;0;0;0;0;0;1;1;1;1;1;1;1;1;1;1;1;1;1;1;1;1;1;1;1;0;0;0;0;0;0;0;0;0;0.0004;0.088;-0.0884;0;0;0;0;0;0;0;0;0;0;0;0;0;0;0;0;0;0;0;-9.9003;0;0;0;0;0.0004;0;0;0;0;0;0;0;-0.0004;-0.0884;0;0;0;0;0;0;0;0;0;-0.7452;0;0.7452;1;1;0;0;0;0
13/06/21 18:00;0;0;90;0;0;90;0;0;0;0;9.5998;1.0201;0;0;0;0;0;0;0;0;0;0;0;0;0;1;1;1;1;0;0;0;0;0;0;0;0;0;0;0;0;0;0;0;0;0;0;0;0;0;0;0;0;0;0;0;0;0;0;0;0;0;0;0;1;1;1;1;1;1;1;1;1;1;1;1;1;1;1;1;1;1;1;0;0;0;0;0;0;0;0;0;0.0004;0.088;-0.0884;0;0;0;0;0;0;0;0;0;0;0;0;0;0;0;0;0;0;0;-9.5998;0;0;0;0;0.0004;0;0;0;0;0;0;0;-0.0004;-0.0884;0;0;0;0;0;0;0;0;0;-0.7452;0;0.7452;1;1;0;0;0;0
13/06/21 19:00;0;0;90;0;0;90;0;0;0;0;9.0999;0.8099;0;0;0;0;0;0;0;0;0;0;0;0;0;1;1;1;1;0;0;0;0;0;0;0;0;0;0;0;0;0;0;0;0;0;0;0;0;0;0;0;0;0;0;0;0;0;0;0;0;0;0;0;1;1;1;1;1;1;1;1;1;1;1;1;1;1;1;1;1;1;1;0;0;0;0;0;0;0;0;0;0.0004;0.088;-0.0884;0;0;0;0;0;0;0;0;0;0;0;0;0;0;0;0;0;0;0;-9.0999;0;0;0;0;0.0004;0;0;0;0;0;0;0;-0.0004;-0.0884;0;0;0;0;0;0;0;0;0;-0.7452;0;0.7452;1;1;0;0;0;0
13/06/21 20:00;0;0;90;0;0;90;0;0;0;0;8.8998;0.6;0;0;0;0;0;0;0;0;0;0;0;0;0;1;1;1;1;0;0;0;0;0;0;0;0;0;0;0;0;0;0;0;0;0;0;0;0;0;0;0;0;0;0;0;0;0;0;0;0;0;0;0;1;1;1;1;1;1;1;1;1;1;1;1;1;1;1;1;1;1;1;0;0;0;0;0;0;0;0;0;0.0004;0.088;-0.0884;0;0;0;0;0;0;0;0;0;0;0;0;0;0;0;0;0;0;0;-8.8998;0;0;0;0;0.0004;0;0;0;0;0;0;0;-0.0004;-0.0884;0;0;0;0;0;0;0;0;0;-0.7452;0;0.7452;1;1;0;0;0;0
13/06/21 21:00;0;0;90;0;0;90;0;0;0;0;8.8998;0.37;0;0;0;0;0;0;0;0;0;0;0;0;0;1;1;1;1;0;0;0;0;0;0;0;0;0;0;0;0;0;0;0;0;0;0;0;0;0;0;0;0;0;0;0;0;0;0;0;0;0;0;0;1;1;1;1;1;1;1;1;1;1;1;1;1;1;1;1;1;1;1;0;0;0;0;0;0;0;0;0;0.0004;0.088;-0.0884;0;0;0;0;0;0;0;0;0;0;0;0;0;0;0;0;0;0;0;-8.8998;0;0;0;0;0.0004;0;0;0;0;0;0;0;-0.0004;-0.0884;0;0;0;0;0;0;0;0;0;-0.7452;0;0.7452;1;1;0;0;0;0
13/06/21 22:00;0;0;90;0;0;90;0;0;0;0;8.5003;0.2399;0;0;0;0;0;0;0;0;0;0;0;0;0;1;1;1;1;0;0;0;0;0;0;0;0;0;0;0;0;0;0;0;0;0;0;0;0;0;0;0;0;0;0;0;0;0;0;0;0;0;0;0;1;1;1;1;1;1;1;1;1;1;1;1;1;1;1;1;1;1;1;0;0;0;0;0;0;0;0;0;0.0004;0.088;-0.0884;0;0;0;0;0;0;0;0;0;0;0;0;0;0;0;0;0;0;0;-8.5003;0;0;0;0;0.0004;0;0;0;0;0;0;0;-0.0004;-0.0884;0;0;0;0;0;0;0;0;0;-0.7452;0;0.7452;1;1;0;0;0;0
13/06/21 23:00;0;0;90;0;0;90;0;0;0;0;8.3999;0.4799;0;0;0;0;0;0;0;0;0;0;0;0;0;1;1;1;1;0;0;0;0;0;0;0;0;0;0;0;0;0;0;0;0;0;0;0;0;0;0;0;0;0;0;0;0;0;0;0;0;0;0;0;1;1;1;1;1;1;1;1;1;1;1;1;1;1;1;1;1;1;1;0;0;0;0;0;0;0;0;0;0.0004;0.088;-0.0884;0;0;0;0;0;0;0;0;0;0;0;0;0;0;0;0;0;0;0;-8.3999;0;0;0;0;0.0004;0;0;0;0;0;0;0;-0.0004;-0.0884;0;0;0;0;0;0;0;0;0;-0.7452;0;0.7452;1;1;0;0;0;0
14/06/21 00:00;0;0;90;0;0;90;0;0;0;0;8.4903;0.7101;0;0;0;0;0;0;0;0;0;0;0;0;0;1;1;1;1;0;0;0;0;0;0;0;0;0;0;0;0;0;0;0;0;0;0;0;0;0;0;0;0;0;0;0;0;0;0;0;0;0;0;0;1;1;1;1;1;1;1;1;1;1;1;1;1;1;1;1;1;1;1;0;0;0;0;0;0;0;0;0;0.0004;0.088;-0.0884;0;0;0;0;0;0;0;0;0;0;0;0;0;0;0;0;0;0;0;-8.4903;0;0;0;0;0.0004;0;0;0;0;0;0;0;-0.0004;-0.0884;0;0;0;0;0;0;0;0;0;-0.7452;0;0.7452;1;1;0;0;0;0
14/06/21 01:00;0;0;90;0;0;90;0;0;0;0;8.0802;0.8099;0;0;0;0;0;0;0;0;0;0;0;0;0;1;1;1;1;0;0;0;0;0;0;0;0;0;0;0;0;0;0;0;0;0;0;0;0;0;0;0;0;0;0;0;0;0;0;0;0;0;0;0;1;1;1;1;1;1;1;1;1;1;1;1;1;1;1;1;1;1;1;0;0;0;0;0;0;0;0;0;0.0004;0.088;-0.0884;0;0;0;0;0;0;0;0;0;0;0;0;0;0;0;0;0;0;0;-8.0802;0;0;0;0;0.0004;0;0;0;0;0;0;0;-0.0004;-0.0884;0;0;0;0;0;0;0;0;0;-0.7452;0;0.7452;1;1;0;0;0;0
14/06/21 02:00;0;0;90;0;0;90;0;0;0;0;7.2499;0.9401;0;0;0;0;0;0;0;0;0;0;0;0;0;1;1;1;1;0;0;0;0;0;0;0;0;0;0;0;0;0;0;0;0;0;0;0;0;0;0;0;0;0;0;0;0;0;0;0;0;0;0;0;1;1;1;1;1;1;1;1;1;1;1;1;1;1;1;1;1;1;1;0;0;0;0;0;0;0;0;0;0.0004;0.088;-0.0884;0;0;0;0;0;0;0;0;0;0;0;0;0;0;0;0;0;0;0;-7.2499;0;0;0;0;0.0004;0;0;0;0;0;0;0;-0.0004;-0.0884;0;0;0;0;0;0;0;0;0;-0.7452;0;0.7452;1;1;0;0;0;0
14/06/21 03:00;0;0;90;0;0;90;0;0;0;0;6.9002;1.06;0;0;0;0;0;0;0;0;0;0;0;0;0;1;1;1;1;0;0;0;0;0;0;0;0;0;0;0;0;0;0;0;0;0;0;0;0;0;0;0;0;0;0;0;0;0;0;0;0;0;0;0;1;1;1;1;1;1;1;1;1;1;1;1;1;1;1;1;1;1;1;0;0;0;0;0;0;0;0;0;0.0004;0.088;-0.0884;0;0;0;0;0;0;0;0;0;0;0;0;0;0;0;0;0;0;0;-6.9002;0;0;0;0;0.0004;0;0;0;0;0;0;0;-0.0004;-0.0884;0;0;0;0;0;0;0;0;0;-0.7452;0;0.7452;1;1;0;0;0;0
14/06/21 04:00;0;0;90;0;0;90;0;0;0;0;7.6002;1.16;0;0;0;0;0;0;0;0;0;0;0;0;0;1;1;1;1;0;0;0;0;0;0;0;0;0;0;0;0;0;0;0;0;0;0;0;0;0;0;0;0;0;0;0;0;0;0;0;0;0;0;0;1;1;1;1;1;1;1;1;1;1;1;1;1;1;1;1;1;1;1;0;0;0;0;0;0;0;0;0;0.0004;0.088;-0.0884;0;0;0;0;0;0;0;0;0;0;0;0;0;0;0;0;0;0;0;-7.6002;0;0;0;0;0.0004;0;0;0;0;0;0;0;-0.0004;-0.0884;0;0;0;0;0;0;0;0;0;-0.7452;0;0.7452;1;1;0;0;0;0
14/06/21 05:00;0;0;90;0;0;90;0;0;0;0;7.5298;1.24;0;0;0;0;0;0;0;0;0;0;0;0;0;1;1;1;1;0;0;0;0;0;0;0;0;0;0;0;0;0;0;0;0;0;0;0;0;0;0;0;0;0;0;0;0;0;0;0;0;0;0;0;1;1;1;1;1;1;1;1;1;1;1;1;1;1;1;1;1;1;1;0;0;0;0;0;0;0;0;0;0.0004;0.088;-0.0884;0;0;0;0;0;0;0;0;0;0;0;0;0;0;0;0;0;0;0;-7.5298;0;0;0;0;0.0004;0;0;0;0;0;0;0;-0.0004;-0.0884;0;0;0;0;0;0;0;0;0;-0.7452;0;0.7452;1;1;0;0;0;0
14/06/21 06:00;0;0;90;0;0;90;0;0;0;0;7.2997;1.2601;0;0;0;0;0;0;0;0;0;0;0;0;0;1;1;1;1;0;0;0;0;0;0;0;0;0;0;0;0;0;0;0;0;0;0;0;0;0;0;0;0;0;0;0;0;0;0;0;0;0;0;0;1;1;1;1;1;1;1;1;1;1;1;1;1;1;1;1;1;1;1;0;0;0;0;0;0;0;0;0;0.0004;0.088;-0.0884;0;0;0;0;0;0;0;0;0;0;0;0;0;0;0;0;0;0;0;-7.2997;0;0;0;0;0.0004;0;0;0;0;0;0;0;-0.0004;-0.0884;0;0;0;0;0;0;0;0;0;-0.7452;0;0.7452;1;1;0;0;0;0
14/06/21 07:00;4.5237;-57.281;78.972;5.3722;7.7523;-90;-7.7523;21.195;20.601;0.5939;7.4599;1.38;0;1.4403;20.39;0.2842;0;0.0136;22.128;0;22.128;1.4403;0.2842;20.39;0.0136;0.0651;0.9221;0;0.0006;22.021;0.1076;0;0;0.0964;0.0113;20.65;1.3491;0.4118;0.0813;0.8555;0.0005;21.999;0.022;0.0014;0.0003;0.0203;0;20.651;1.027;0.2026;19.418;0.0018;12.166;10.475;2.5767;0.0021;0.1006;1.4465;0.0018;1.5449;0;1;0;0;1.044;0.9951;1;1;0.9953;0.1688;0.9387;0.7138;1;0.9578;0.7759;0.999;0.999;1;0.999;0.999;0.9332;0.9523;0.1309;0.063;0.062;0.0004;0.0088;-0.0037;0.0004;0.0014;0.0003;0;0;0.088;-0.0381;0;0;0;0;0;0;0;0;0;0;0;0;0.0011;0;0.0533;0.0533;0;8.4849;8.4849;1.025;0.0496;51.185;1041.4;1;0.0034;0.0034;0;0;0;0;0;0;0.0499;-0.0381;0;15.918;18.433;-11.375;-13.172;93.627;93.627;0.5311;0.4495;-0.3212;0.0815;0.7708;0.1535;1.4513;0;12.163;0;0
14/06/21 08:00;13.634;-48.086;55.133;18.053;30.675;-90;-30.675;89.801;82.697;7.1038;8.5501;1.01;0;17.229;75.16;4.5654;0;0.8796;97.834;0;97.834;17.229;4.5654;75.16;0.8796;0.1761;0.7772;0;0.009;93.62;4.2139;0;0;3.444;0.7698;90.715;2.8118;0.3653;0.0968;2.331;0.0187;93.527;0.0936;0.0172;0.0046;0.0717;0.0001;90.963;16.846;4.4641;69.314;0.0909;49.815;42.891;11.19;1.2294;0.4495;6.4659;0.2483;5.6861;0;1;0;0;1.0895;0.9569;1;1;0.9542;0.1248;0.9699;0.9788;1;0.9675;0.8292;0.999;0.999;1;0.999;0.999;0.9272;0.9222;0.1034;0.2784;0.2732;0.0016;0.0162;-0.0119;0.0019;0.0066;0.0012;0;0;0.088;0.1569;0;0;0;0;0;0;0;0;0;0;0;0;0.0053;0.0003;0.2519;0.2519;0;12.983;12.983;4.4326;0.0489;232.28;1084.7;1;0.0071;0.0071;0;0;0;0;0;0;0.2449;0.1569;0;17.017;19.705;10.595;12.269;97.19;97.19;2.348;2.1247;1.3229;0.2233;0.8018;0.0951;0.3415;0.5634;49.771;0.5368;0
14/06/21 09:00;21.901;-36.505;48.227;34.051;55.949;-90;-55.949;233.01;151.1;81.91;9.8903;0.6201;0;146.29;98.305;44.758;0;7.1779;296.53;0;296.53;146.29;44.758;98.305;7.1779;0.4933;0.3557;0;0.0242;278.71;17.818;0;0;11.129;6.6895;273.19;5.2433;1.7093;0.523;2.9886;0.0225;278.43;0.2787;0.1463;0.0448;0.0872;0.0005;275.35;144.43;44.191;84.1;0.4654;110.31;94.978;26.704;12.82;1.5266;21.96;2.1585;10.667;0;1;0;0;1.2726;0.9399;1;1;0.8868;0.068;0.9812;0.9883;1;0.9657;0.9539;0.999;0.999;1;0.999;0.999;0.9213;0.8555;0.0648;0.8439;0.8318;0.005;0.0144;-0.0052;0.0057;0.0203;0.0041;0;0;0.088;0.6681;0;0;0;0;0;0;0;0;0;0;0;0;0.0164;0.0019;0.7692;0.7692;0;23.223;23.223;13.333;0.0488;711.3;1081.4;1;0.0132;0.0132;0;0;0;0;0;0;0.7561;0.6681;0;17.142;19.85;14.887;17.239;98.288;98.288;7.1167;6.487;5.6338;0.6297;0.8532;0.0885;0.1199;0.7916;81.726;0.75;0
14/06/21 10:00;27.994;-22.866;54.449;53.833;36.167;-90;-36.167;321.4;188;133.41;11.3;0.59;0;165.25;133.41;49.991;0;4.3353;352.99;0;352.99;165.25;49.991;133.41;4.3353;0.4681;0.3902;0;0.0123;341.17;11.819;0;0;7.926;3.8933;332.5;8.3309;3.2441;0.9814;4.0489;0.0564;340.83;0.3412;0.1652;0.05;0.1255;0.0004;333.81;161.84;48.959;121.31;0.3851;177.51;152.84;40.736;3.8474;1.5112;21.737;1.3126;19.401;0;1;0;0;1.0983;0.9665;1;1;0.9406;0.102;0.9756;0.9803;1;0.9677;0.8722;0.999;0.999;1;0.999;0.999;0.9419;0.9093;0.0888;1.0046;0.9986;0.006;0.0122;0.0091;0.0068;0.0241;0.004;0;0;0.088;0.8111;0;0;0;0;0;0;0;0;0;0;0;0;0.0194;0.0027;0.9143;0.9143;0;27.565;27.565;16.265;0.0489;855.44;1068.8;1;0.0151;0.0151;0;0;0;0;0;0;0.8991;0.8111;0;17.116;19.82;15.185;17.584;98.343;98.343;8.4717;7.7104;6.8405;0.7614;0.8699;0.0899;0.1027;0.8074;92.063;0.7719;0
14/06/21 11:00;31.216;-7.4506;57.994;77.922;12.078;-90;-12.078;354.81;217.3;137.51;12.29;0.43;0;140.62;171.83;44.533;0;0.5498;357.53;0;357.53;140.62;44.533;171.83;0.5498;0.3933;0.4821;0;0.0015;355.38;2.1554;0;0;1.699;0.4564;342.8;12.226;4.1609;1.3177;6.7267;0.0209;355.02;0.3554;0.1406;0.0445;0.1701;0.0001;342.91;136.32;43.171;163.23;0.0724;208.66;179.66;45.722;0.1016;1.6295;23.439;0.11;24.967;0;1;0;0;1.0077;0.994;1;1;0.9901;0.1699;0.9656;0.9704;1;0.9604;0.7755;0.999;0.999;1;0.999;0.999;0.9588;0.95;0.1316;1.0175;1.028;0.0062;0.0118;0.0149;0.007;0.0247;0.0043;0;0;0.088;0.8331;0;0;0;0;0;0;0;0;0;0;0;0;0.0199;0.0028;0.9365;0.9365;0;29.076;29.076;16.786;0.049;881.17;1062.8;1;0.0154;0.0154;0;0;0;0;0;0;0.9211;0.8331;0;17.308;20.043;15.397;17.83;98.355;98.355;8.5808;7.8976;7.0256;0.6832;0.872;0.0796;0.1016;0.8188;103.58;0.7805;0
14/06/21 12:00;31.087;8.6555;57.847;75.985;14.015;90;14.015;322.59;234.2;88.392;12.91;0.2301;0;91.104;200.88;31.213;0;0.6722;323.87;0;323.87;91.104;31.213;200.88;0.6722;0.2813;0.6223;0;0.0021;320.75;3.1209;0;0;2.5612;0.5597;309.26;11.176;2.6495;0.9077;7.5931;0.0253;320.43;0.3208;0.0911;0.0312;0.1983;0.0001;309.4;88.364;30.274;190.53;0.0871;190.32;163.86;41.377;0.2039;1.5146;21.787;0.1445;23.098;0;1;0;0;1.004;0.9904;1;1;0.9873;0.1673;0.9651;0.9709;1;0.9617;0.7749;0.999;0.999;1;0.999;0.999;0.9549;0.9485;0.1295;0.9217;0.9289;0.0056;0.0131;0.0101;0.0063;0.0223;0.004;0;0;0.088;0.745;0;0;0;0;0;0;0;0;0;0;0;0;0.018;0.0023;0.8471;0.8471;0;28.051;28.051;15.141;0.049;795.38;1065;1;0.0141;0.0141;0;0;0;0;0;0;0.833;0.745;0;17.283;20.013;15.2;17.601;98.338;98.338;7.7729;7.1434;6.2825;0.6296;0.8608;0.081;0.1107;0.8083;121.83;0.7695;0
14/06/21 13:00;27.627;23.965;54.058;52.186;37.814;90;37.814;110.19;108.5;1.6948;13.42;0.1599;0;2.1453;96.839;0.3791;0;1.6199;100.98;0;100.98;2.1453;0.3791;96.839;1.6199;0.0212;0.975;0;0.016;93.325;7.6587;0;0;6.1862;1.4726;90.242;2.9901;0.0403;0.0071;2.9257;0.0169;93.232;0.0933;0.0021;0.0004;0.0907;0.0001;90.792;2.1028;0.3716;87.637;0.1302;68.683;59.136;16;3.2533;0.6839;9.8374;0.5503;7.268;0;1;0;0;0.9164;0.9242;1;1;0.9361;0.0909;0.9679;0.9812;1;0.9677;0.8849;0.999;0.999;1;0.999;0.999;0.8936;0.905;0.0804;0.2874;0.2795;0.0017;0.0163;-0.0073;0.0019;0.0067;0.0018;0;0;0.088;0.1579;0;0;0;0;0;0;0;0;0;0;0;0;0.0054;0.0003;0.2528;0.2528;0;17.848;17.848;4.4279;0.0491;237.61;1063.7;1;0.0069;0.0069;0;0;0;0;0;0;0.2459;0.1579;0;16.539;19.152;10.331;11.963;97.28;97.28;2.4236;2.1315;1.3314;0.2921;0.8001;0.1205;0.3301;0.5494;67.725;0.512;0
14/06/21 14:00;21.345;37.449;47.684;32.728;57.272;90;57.272;102.91;101.1;1.8051;14.12;0.34;0;3.3388;77.591;0.7005;0;3.3089;84.939;0;84.939;3.3388;0.7005;77.591;3.3089;0.0393;0.9524;0;0.039;72.722;12.217;0;0;9.1178;3.0993;70.223;2.4263;0.038;0.008;2.3692;0.0111;72.649;0.0727;0.0033;0.0007;0.0685;0.0002;71.582;3.2975;0.6918;66.035;0.1984;65.979;56.808;16.668;10.99;1.0838;15.591;1.3588;5.6841;0;1;0;0;0.8254;0.8562;1;1;0.8825;0.0634;0.9666;0.9886;1;0.9654;0.9469;0.999;0.999;1;0.999;0.999;0.8267;0.8511;0.0599;0.2417;0.236;0.0014;0.0156;-0.0064;0.0016;0.0056;0.0028;0;0;0.088;0.1162;0;0;0;0;0;0;0;0;0;0;0;0;0.0045;0.0003;0.2107;0.2107;0;17.574;17.574;3.4542;0.0492;199.74;1054.8;1;0.0065;0.0065;0;0;0;0;0;0;0.2042;0.1162;0;16.392;18.981;9.0409;10.469;96.922;96.922;2.0385;1.7768;0.98;0.2617;0.7968;0.1284;0.3909;0.4808;65.452;0.4227;0
14/06/21 15:00;12.941;48.882;57.103;16.962;28.074;90;28.074;74.192;72.699;1.4933;12.94;0.51;0;3.6218;68.078;0.888;0;0.6111;73.198;0;73.198;3.6218;0.888;68.078;0.6111;0.0495;0.9384;0;0.0083;69.951;3.2479;0;0;2.7172;0.5306;67.603;2.278;0.0965;0.0237;2.1427;0.0152;69.881;0.07;0.0036;0.0009;0.0654;0.0001;67.782;3.5216;0.8635;63.152;0.0652;44.304;38.145;9.8461;0.8186;0.3888;5.5926;0.1793;5.1628;0;1;0;0;0.9866;0.9556;1;1;0.9601;0.1316;0.9674;0.9733;1;0.9672;0.811;0.999;0.999;1;0.999;0.999;0.9236;0.9277;0.1066;0.2083;0.2051;0.0012;0.0149;-0.0066;0.0014;0.0049;0.001;0;0;0.088;0.0899;0;0;0;0;0;0;0;0;0;0;0;0;0.0039;0.0002;0.1842;0.1842;0;16.263;16.263;3.3231;0.0492;173.98;1058.9;1;0.0063;0.0063;0;0;0;0;0;0;0.1779;0.0899;0;16.63;19.258;8.1141;9.3959;96.56;96.56;1.7568;1.5535;0.758;0.2032;0.7956;0.1157;0.4529;0.4315;44.294;0.4081;0
14/06/21 16:00;4.2609;57.513;79.619;5.0476;7.2731;90;7.2731;22.504;22.197;0.3065;12.68;0.8099;0;0.7433;22.039;0.1677;0;0.0127;22.963;0;22.963;0.7433;0.1677;22.039;0.0127;0.0324;0.9603;0;0.0006;22.858;0.1049;0;0;0.0943;0.0106;21.624;1.2114;0.2285;0.0516;0.9308;0.0005;22.835;0.0229;0.0007;0.0002;0.0219;0;21.625;0.5141;0.116;20.992;0.0016;13.136;11.31;2.7808;0.0017;0.1086;1.5626;0.0015;1.6695;0;1;0;0;1.0204;0.9954;1;1;0.9957;0.1673;0.947;0.6923;1;0.9575;0.7756;0.999;0.999;1;0.999;0.999;0.9417;0.9525;0.1296;0.0654;0.065;0.0004;0.009;-0.0027;0.0004;0.0014;0.0003;0;0;0.088;-0.0364;0;0;0;0;0;0;0;0;0;0;0;0;0.0012;0;0.0549;0.0549;0;13.757;13.757;1.0771;0.0498;53.852;1020.3;1;0.0034;0.0034;0;0;0;0;0;0;0.0516;-0.0364;0;15.811;18.309;-10.479;-12.135;93.885;93.885;0.5511;0.4633;-0.3071;0.0878;0.7704;0.1593;1.398;0;13.135;0;0
14/06/21 17:00;0;0;90;0;0;90;0;0;0;0;9.78;1.08;0;0;0;0;0;0;0;0;0;0;0;0;0;1;1;1;1;0;0;0;0;0;0;0;0;0;0;0;0;0;0;0;0;0;0;0;0;0;0;0;0;0;0;0;0;0;0;0;0;0;0;0;1;1;1;1;1;1;1;1;1;1;1;1;1;1;1;1;1;1;1;0;0;0;0;0;0;0;0;0;0.0004;0.088;-0.0884;0;0;0;0;0;0;0;0;0;0;0;0;0;0;0;0;0;0;0;-9.78;0;0;0;0;0.0004;0;0;0;0;0;0;0;-0.0004;-0.0884;0;0;0;0;0;0;0;0;0;-0.7452;0;0.7452;1;1;0;0;0;0
14/06/21 18:00;0;0;90;0;0;90;0;0;0;0;6.9401;1.24;0;0;0;0;0;0;0;0;0;0;0;0;0;1;1;1;1;0;0;0;0;0;0;0;0;0;0;0;0;0;0;0;0;0;0;0;0;0;0;0;0;0;0;0;0;0;0;0;0;0;0;0;1;1;1;1;1;1;1;1;1;1;1;1;1;1;1;1;1;1;1;0;0;0;0;0;0;0;0;0;0.0004;0.088;-0.0884;0;0;0;0;0;0;0;0;0;0;0;0;0;0;0;0;0;0;0;-6.9401;0;0;0;0;0.0004;0;0;0;0;0;0;0;-0.0004;-0.0884;0;0;0;0;0;0;0;0;0;-0.7452;0;0.7452;1;1;0;0;0;0
14/06/21 19:00;0;0;90;0;0;90;0;0;0;0;5.6298;1.3501;0;0;0;0;0;0;0;0;0;0;0;0;0;1;1;1;1;0;0;0;0;0;0;0;0;0;0;0;0;0;0;0;0;0;0;0;0;0;0;0;0;0;0;0;0;0;0;0;0;0;0;0;1;1;1;1;1;1;1;1;1;1;1;1;1;1;1;1;1;1;1;0;0;0;0;0;0;0;0;0;0.0004;0.088;-0.0884;0;0;0;0;0;0;0;0;0;0;0;0;0;0;0;0;0;0;0;-5.6298;0;0;0;0;0.0004;0;0;0;0;0;0;0;-0.0004;-0.0884;0;0;0;0;0;0;0;0;0;-0.7452;0;0.7452;1;1;0;0;0;0
14/06/21 20:00;0;0;90;0;0;90;0;0;0;0;4.5502;1.3699;0;0;0;0;0;0;0;0;0;0;0;0;0;1;1;1;1;0;0;0;0;0;0;0;0;0;0;0;0;0;0;0;0;0;0;0;0;0;0;0;0;0;0;0;0;0;0;0;0;0;0;0;1;1;1;1;1;1;1;1;1;1;1;1;1;1;1;1;1;1;1;0;0;0;0;0;0;0;0;0;0.0004;0.088;-0.0884;0;0;0;0;0;0;0;0;0;0;0;0;0;0;0;0;0;0;0;-4.5502;0;0;0;0;0.0004;0;0;0;0;0;0;0;-0.0004;-0.0884;0;0;0;0;0;0;0;0;0;-0.7452;0;0.7452;1;1;0;0;0;0
14/06/21 21:00;0;0;90;0;0;90;0;0;0;0;4.2199;1.2799;0;0;0;0;0;0;0;0;0;0;0;0;0;1;1;1;1;0;0;0;0;0;0;0;0;0;0;0;0;0;0;0;0;0;0;0;0;0;0;0;0;0;0;0;0;0;0;0;0;0;0;0;1;1;1;1;1;1;1;1;1;1;1;1;1;1;1;1;1;1;1;0;0;0;0;0;0;0;0;0;0.0004;0.088;-0.0884;0;0;0;0;0;0;0;0;0;0;0;0;0;0;0;0;0;0;0;-4.2199;0;0;0;0;0.0004;0;0;0;0;0;0;0;-0.0004;-0.0884;0;0;0;0;0;0;0;0;0;-0.7452;0;0.7452;1;1;0;0;0;0
14/06/21 22:00;0;0;90;0;0;90;0;0;0;0;4.1501;1.22;0;0;0;0;0;0;0;0;0;0;0;0;0;1;1;1;1;0;0;0;0;0;0;0;0;0;0;0;0;0;0;0;0;0;0;0;0;0;0;0;0;0;0;0;0;0;0;0;0;0;0;0;1;1;1;1;1;1;1;1;1;1;1;1;1;1;1;1;1;1;1;0;0;0;0;0;0;0;0;0;0.0004;0.088;-0.0884;0;0;0;0;0;0;0;0;0;0;0;0;0;0;0;0;0;0;0;-4.1501;0;0;0;0;0.0004;0;0;0;0;0;0;0;-0.0004;-0.0884;0;0;0;0;0;0;0;0;0;-0.7452;0;0.7452;1;1;0;0;0;0
14/06/21 23:00;0;0;90;0;0;90;0;0;0;0;3.72;1.33;0;0;0;0;0;0;0;0;0;0;0;0;0;1;1;1;1;0;0;0;0;0;0;0;0;0;0;0;0;0;0;0;0;0;0;0;0;0;0;0;0;0;0;0;0;0;0;0;0;0;0;0;1;1;1;1;1;1;1;1;1;1;1;1;1;1;1;1;1;1;1;0;0;0;0;0;0;0;0;0;0.0004;0.088;-0.0884;0;0;0;0;0;0;0;0;0;0;0;0;0;0;0;0;0;0;0;-3.72;0;0;0;0;0.0004;0;0;0;0;0;0;0;-0.0004;-0.0884;0;0;0;0;0;0;0;0;0;-0.7452;0;0.7452;1;1;0;0;0;0
15/06/21 00:00;0;0;90;0;0;90;0;0;0;0;2.5001;1.62;0;0;0;0;0;0;0;0;0;0;0;0;0;1;1;1;1;0;0;0;0;0;0;0;0;0;0;0;0;0;0;0;0;0;0;0;0;0;0;0;0;0;0;0;0;0;0;0;0;0;0;0;1;1;1;1;1;1;1;1;1;1;1;1;1;1;1;1;1;1;1;0;0;0;0;0;0;0;0;0;0.0004;0.088;-0.0884;0;0;0;0;0;0;0;0;0;0;0;0;0;0;0;0;0;0;0;-2.5001;0;0;0;0;0.0004;0;0;0;0;0;0;0;-0.0004;-0.0884;0;0;0;0;0;0;0;0;0;-0.7452;0;0.7452;1;1;0;0;0;0
15/06/21 01:00;0;0;90;0;0;90;0;0;0;0;2.6902;1.9199;0;0;0;0;0;0;0;0;0;0;0;0;0;1;1;1;1;0;0;0;0;0;0;0;0;0;0;0;0;0;0;0;0;0;0;0;0;0;0;0;0;0;0;0;0;0;0;0;0;0;0;0;1;1;1;1;1;1;1;1;1;1;1;1;1;1;1;1;1;1;1;0;0;0;0;0;0;0;0;0;0.0004;0.088;-0.0884;0;0;0;0;0;0;0;0;0;0;0;0;0;0;0;0;0;0;0;-2.6902;0;0;0;0;0.0004;0;0;0;0;0;0;0;-0.0004;-0.0884;0;0;0;0;0;0;0;0;0;-0.7452;0;0.7452;1;1;0;0;0;0
15/06/21 02:00;0;0;90;0;0;90;0;0;0;0;4.0198;2.12;0;0;0;0;0;0;0;0;0;0;0;0;0;1;1;1;1;0;0;0;0;0;0;0;0;0;0;0;0;0;0;0;0;0;0;0;0;0;0;0;0;0;0;0;0;0;0;0;0;0;0;0;1;1;1;1;1;1;1;1;1;1;1;1;1;1;1;1;1;1;1;0;0;0;0;0;0;0;0;0;0.0004;0.088;-0.0884;0;0;0;0;0;0;0;0;0;0;0;0;0;0;0;0;0;0;0;-4.0198;0;0;0;0;0.0004;0;0;0;0;0;0;0;-0.0004;-0.0884;0;0;0;0;0;0;0;0;0;-0.7452;0;0.7452;1;1;0;0;0;0
15/06/21 03:00;0;0;90;0;0;90;0;0;0;0;3.2899;2.3099;0;0;0;0;0;0;0;0;0;0;0;0;0;1;1;1;1;0;0;0;0;0;0;0;0;0;0;0;0;0;0;0;0;0;0;0;0;0;0;0;0;0;0;0;0;0;0;0;0;0;0;0;1;1;1;1;1;1;1;1;1;1;1;1;1;1;1;1;1;1;1;0;0;0;0;0;0;0;0;0;0.0004;0.088;-0.0884;0;0;0;0;0;0;0;0;0;0;0;0;0;0;0;0;0;0;0;-3.2899;0;0;0;0;0.0004;0;0;0;0;0;0;0;-0.0004;-0.0884;0;0;0;0;0;0;0;0;0;-0.7452;0;0.7452;1;1;0;0;0;0
15/06/21 04:00;0;0;90;0;0;90;0;0;0;0;2.8697;2.5301;0;0;0;0;0;0;0;0;0;0;0;0;0;1;1;1;1;0;0;0;0;0;0;0;0;0;0;0;0;0;0;0;0;0;0;0;0;0;0;0;0;0;0;0;0;0;0;0;0;0;0;0;1;1;1;1;1;1;1;1;1;1;1;1;1;1;1;1;1;1;1;0;0;0;0;0;0;0;0;0;0.0004;0.088;-0.0884;0;0;0;0;0;0;0;0;0;0;0;0;0;0;0;0;0;0;0;-2.8697;0;0;0;0;0.0004;0;0;0;0;0;0;0;-0.0004;-0.0884;0;0;0;0;0;0;0;0;0;-0.7452;0;0.7452;1;1;0;0;0;0
15/06/21 05:00;0;0;90;0;0;90;0;0;0;0;2.77;2.75;0;0;0;0;0;0;0;0;0;0;0;0;0;1;1;1;1;0;0;0;0;0;0;0;0;0;0;0;0;0;0;0;0;0;0;0;0;0;0;0;0;0;0;0;0;0;0;0;0;0;0;0;1;1;1;1;1;1;1;1;1;1;1;1;1;1;1;1;1;1;1;0;0;0;0;0;0;0;0;0;0.0004;0.088;-0.0884;0;0;0;0;0;0;0;0;0;0;0;0;0;0;0;0;0;0;0;-2.77;0;0;0;0;0.0004;0;0;0;0;0;0;0;-0.0004;-0.0884;0;0;0;0;0;0;0;0;0;-0.7452;0;0.7452;1;1;0;0;0;0
15/06/21 06:00;0;0;90;0;0;90;0;0;0;0;2.2302;2.83;0;0;0;0;0;0;0;0;0;0;0;0;0;1;1;1;1;0;0;0;0;0;0;0;0;0;0;0;0;0;0;0;0;0;0;0;0;0;0;0;0;0;0;0;0;0;0;0;0;0;0;0;1;1;1;1;1;1;1;1;1;1;1;1;1;1;1;1;1;1;1;0;0;0;0;0;0;0;0;0;0.0004;0.088;-0.0884;0;0;0;0;0;0;0;0;0;0;0;0;0;0;0;0;0;0;0;-2.2302;0;0;0;0;0.0004;0;0;0;0;0;0;0;-0.0004;-0.0884;0;0;0;0;0;0;0;0;0;-0.7452;0;0.7452;1;1;0;0;0;0
15/06/21 07:00;4.6333;-57.127;78.702;5.5117;7.9589;-90;-7.9589;25.297;23.801;1.4966;2.8199;3.53;0;3.6297;23.355;0.8079;0;0.0171;27.809;0;27.809;3.6297;0.8079;23.355;0.0171;0.1305;0.8404;0;0.0006;27.68;0.1294;0;0;0.1152;0.0142;25.443;2.2088;1.0071;0.2242;0.9769;0.0006;27.652;0.0277;0.0036;0.0008;0.0232;0;25.445;2.619;0.5829;22.239;0.0022;13.946;12.007;2.9547;0.0027;0.1152;1.6572;0.0022;1.7697;0;1;0;0;1.0993;0.9953;1;1;0.9951;0.1689;0.9201;0.7223;1;0.9579;0.7759;0.999;0.999;1;0.999;0.999;0.9149;0.9522;0.1309;0.0791;0.0761;0.0005;0.0097;-0.0058;0.0005;0.0018;0.0003;0;0;0.088;-0.0243;0;0;0;0;0;0;0;0;0;0;0;0;0.0014;0.0001;0.0676;0.0676;0;4.0739;4.0739;1.2541;0.0493;63.184;1070.4;1;0.0039;0.0039;0;0;0;0;0;0;0.0637;-0.0243;0;16.071;18.61;-5.7721;-6.684;94.195;94.195;0.6674;0.5704;-0.2049;0.0971;0.7752;0.1454;1.1615;0;13.937;0;0
15/06/21 08:00;13.572;-48.092;55.311;17.972;30.473;-90;-30.473;85.093;79.597;5.4957;4.1201;3.14;0;13.329;72.789;3.4154;0;0.8228;90.355;0;90.355;13.329;3.4154;72.789;0.8228;0.1475;0.8147;0;0.0091;86.336;4.0199;0;0;3.3005;0.7194;83.609;2.6399;0.2884;0.0739;2.2598;0.0178;86.249;0.0863;0.0133;0.0034;0.0695;0.0001;83.846;13.027;3.3381;67.159;0.0855;48.166;41.471;10.81;1.1636;0.4336;6.2377;0.2365;5.5077;0;1;0;0;1.0618;0.9555;1;1;0.9547;0.1256;0.9694;0.9783;1;0.9674;0.8279;0.999;0.999;1;0.999;0.999;0.9253;0.9227;0.1039;0.2571;0.2524;0.0015;0.0158;-0.0154;0.0018;0.0062;0.0012;0;0;0.088;0.1408;0;0;0;0;0;0;0;0;0;0;0;0;0.005;0.0003;0.236;0.236;0;8.1926;8.1926;4.0725;0.0487;214.14;1101.9;1;0.0071;0.0071;0;0;0;0;0;0;0.2288;0.1408;0;17.257;19.984;10.299;11.926;96.973;96.973;2.1685;1.99;1.1876;0.1785;0.8024;0.0823;0.37;0.5477;48.132;0.5208;0
15/06/21 09:00;21.841;-36.522;48.24;33.959;56.041;-90;-56.041;205.19;156.8;48.392;4.9398;2.35;0;86.63;110.19;27.582;0;6.34;230.74;0;230.74;86.63;27.582;110.19;6.34;0.3754;0.505;0;0.0275;212.33;18.412;0;0;12.504;5.9086;207.41;4.7062;1.0129;0.3225;3.3509;0.02;212.11;0.2123;0.0866;0.0276;0.0977;0.0004;209.55;85.531;27.232;94.235;0.4109;108.64;93.535;26.653;14.452;1.5991;23.003;2.1432;10.15;0;1;0;0;1.1245;0.9202;1;1;0.8865;0.068;0.9778;0.9883;1;0.9657;0.9536;0.999;0.999;1;0.999;0.999;0.8989;0.8552;0.0648;0.6567;0.6456;0.0039;0.0163;-0.0229;0.0045;0.0161;0.0044;0;0;0.088;0.5099;0;0;0;0;0;0;0;0;0;0;0;0;0.013;0.0012;0.6091;0.6091;0;15.015;15.015;10.075;0.0486;550.95;1105.5;1;0.0111;0.0111;0;0;0;0;0;0;0.5979;0.5099;0;17.443;20.198;14.604;16.911;98.171;98.171;5.5377;5.1364;4.3004;0.4013;0.8361;0.0725;0.151;0.7766;91.698;0.7226;0
15/06/21 10:00;27.939;-22.898;54.472;53.733;36.267;-90;-36.267;256.2;204.3;51.895;6.3498;2.1;0;64.364;169.07;21.202;0;3.4742;258.11;0;258.11;64.364;21.202;169.07;3.4742;0.2494;0.6685;0;0.0135;244.9;13.209;0;0;10.088;3.1214;237.8;6.8584;1.2667;0.4173;5.1296;0.0447;244.66;0.2449;0.0644;0.0212;0.159;0.0004;238.92;63.033;20.764;153.7;0.3077;150.64;129.7;34.607;4.9216;1.3877;19.961;1.116;16.427;0;1;0;0;1.0075;0.9488;1;1;0.9403;0.1016;0.972;0.9803;1;0.9677;0.8731;0.999;0.999;1;0.999;0.999;0.9213;0.9091;0.0886;0.7346;0.7235;0.0044;0.0156;-0.0182;0.0051;0.0179;0.0038;0;0;0.088;0.579;0;0;0;0;0;0;0;0;0;0;0;0;0.0144;0.0015;0.6791;0.6791;0;17.917;17.917;11.567;0.0486;618.33;1098.2;1;0.0121;0.0121;0;0;0;0;0;0;0.667;0.579;0;17.385;20.131;14.823;17.164;98.222;98.222;6.1947;5.7266;4.8827;0.4681;0.8439;0.0756;0.1362;0.7882;116.76;0.7451;0
15/06/21 11:00;31.169;-7.4979;58.03;77.826;12.174;-90;-12.174;189.6;182.2;7.4062;7.8003;1.9001;0;7.5766;178.2;2.0149;0;0.2985;188.09;0;188.09;7.5766;2.0149;178.2;0.2985;0.0403;0.949;0;0.0016;186.06;2.0334;0;0;1.7857;0.2478;178.61;7.2608;0.2251;0.0599;6.9644;0.0114;185.87;0.1861;0.0076;0.002;0.1764;0.0001;178.67;7.3439;1.953;169.27;0.0393;112.89;97.196;24.094;0.1084;0.9268;13.331;0.0584;14.15;0;1;0;0;0.992;0.9892;1;1;0.99;0.1699;0.9609;0.9703;1;0.9605;0.7755;0.999;0.999;1;0.999;0.999;0.9496;0.9499;0.1316;0.5353;0.5379;0.0032;0.017;-0.0164;0.0037;0.0133;0.0025;0;0;0.088;0.4051;0;0;0;0;0;0;0;0;0;0;0;0;0.0107;0.0009;0.5029;0.5029;0;16.498;16.498;8.6974;0.0487;459.39;1094.7;1;0.0097;0.0097;0;0;0;0;0;0;0.4931;0.4051;0;17.667;20.458;14.234;16.482;98.066;98.066;4.5142;4.2408;3.4167;0.2734;0.8241;0.0606;0.1826;0.7569;107.45;0.7187;0
15/06/21 12:00;31.051;8.5961;57.896;76.058;13.942;90;13.942;284.6;233.8;50.797;8.4298;1.62;0;52.339;213.22;17.922;0;0.5869;284.07;0;284.07;52.339;17.922;213.22;0.5869;0.1842;0.7527;0;0.0021;280.89;3.1834;0;0;2.6947;0.4887;270.46;10.147;1.5309;0.5242;8.0703;0.0221;280.6;0.2809;0.0523;0.0179;0.2105;0.0001;270.58;50.755;17.38;202.25;0.076;168.64;145.2;36.425;0.2124;1.3597;19.559;0.1252;20.707;0;1;0;0;0.9981;0.9888;1;1;0.9874;0.1673;0.9638;0.9707;1;0.9616;0.7749;0.999;0.999;1;0.999;0.999;0.9521;0.9485;0.1295;0.8084;0.8133;0.0049;0.0146;-0.0098;0.0056;0.0199;0.0037;0;0;0.088;0.6554;0;0;0;0;0;0;0;0;0;0;0;0;0.0161;0.0018;0.7564;0.7564;0;21.613;21.613;13.183;0.0487;695.62;1087.4;1;0.0131;0.0131;0;0;0;0;0;0;0.7434;0.6554;0;17.596;20.376;15.245;17.654;98.274;98.274;6.8176;6.3791;5.5268;0.4386;0.8522;0.0643;0.125;0.8107;129.28;0.7709;0
15/06/21 13:00;27.604;23.9;54.114;52.23;37.77;90;37.77;443.81;108.9;334.91;11.94;1.4;0;423.68;44.258;75.223;0;6.5092;549.67;0;549.67;423.68;75.223;44.258;6.5092;0.7708;0.0924;0;0.0118;540.93;8.7384;0;0;2.8221;5.9163;529.55;10.844;8.0148;1.423;1.3372;0.0684;540.39;0.5409;0.4237;0.0752;0.0414;0.0006;531.35;415.24;73.725;40.057;0.5239;220.61;189.94;50.546;1.4823;1.6687;24.004;1.8061;24.19;0;1;0;0;1.2385;0.9841;1;1;0.9362;0.0911;0.9799;0.9811;1;0.9677;0.8844;0.999;0.999;1;0.999;0.999;0.9634;0.9051;0.0805;1.5643;1.5683;0.0094;0.0042;0.0717;0.0104;0.0368;0.0043;0;0;0.088;1.2858;0;0;0;0;0;0;0;0;0;0;0;0;0.0297;0.0061;1.3957;1.3957;0;38.003;38.003;26.063;0.0492;1349.4;1034.3;1;0.0219;0.0219;0;0;0;0;0;0;1.3738;1.2858;0;16.778;19.429;15.458;17.899;98.433;98.433;13.192;11.77;10.843;1.4221;0.9266;0.1078;0.0702;0.822;30.94;0.7959;0
15/06/21 14:00;21.334;37.383;47.744;32.753;57.247;90;57.247;329.51;117;212.51;13.93;1.25;0;392.8;50.369;95.432;0;10.587;549.18;0;549.18;392.8;95.432;50.369;10.587;0.7152;0.111;0;0.0193;533.35;15.831;0;0;5.9152;9.916;525.68;7.1402;4.4787;1.0881;1.5379;0.0355;532.82;0.5334;0.3928;0.0954;0.0445;0.0007;528.01;387.93;94.248;42.871;0.6346;106.29;91.519;24.027;7.1258;1.2421;17.867;2.326;11.983;0;1;0;0;1.6667;0.9712;1;1;0.8826;0.0634;0.9866;0.9886;1;0.9654;0.947;0.999;0.999;1;0.999;0.999;0.9572;0.8511;0.0599;1.5629;1.5465;0.0093;0.0045;0.0809;0.0102;0.036;0.0032;0;0;0.088;1.2581;0;0;0;0;0;0;0;0;0;0;0;0;0.029;0.0059;1.3674;1.3674;0;39.843;39.843;25.913;0.0493;1331.4;1027.1;1;0.0213;0.0213;0;0;0;0;0;0;1.3461;1.2581;0;16.453;19.052;15.138;17.529;98.44;98.44;13.18;11.531;10.609;1.649;0.922;0.1251;0.0699;0.8049;42.477;0.7858;0
15/06/21 15:00;12.94;48.818;57.105;16.977;28.108;90;28.108;176.3;109.5;66.802;14.22;1;0;162.01;79.819;59.847;0;1.4555;303.14;0;303.14;162.01;59.847;79.819;1.4555;0.5345;0.2681;0;0.0048;298.68;4.456;0;0;3.192;1.2641;289.92;8.4604;4.3177;1.5949;2.5117;0.0361;298.38;0.2987;0.162;0.0598;0.0766;0.0002;290.14;157.53;58.192;74.039;0.1551;52.394;45.111;11.475;0.964;0.4705;6.7686;0.2182;6.2751;0;1;0;0;1.7194;0.9853;1;1;0.96;0.1315;0.9716;0.9733;1;0.9672;0.8111;0.999;0.999;1;0.999;0.999;0.9564;0.9276;0.1066;0.8627;0.8437;0.0051;0.0142;0.0103;0.0057;0.0202;0.0012;0;0;0.088;0.6677;0;0;0;0;0;0;0;0;0;0;0;0;0.0163;0.002;0.7686;0.7686;0;28.425;28.425;14.205;0.049;723.26;1062.8;1;0.0129;0.0129;0;0;0;0;0;0;0.7557;0.6677;0;16.756;19.403;14.555;16.855;98.316;98.316;7.2753;6.4821;5.6309;0.7931;0.8512;0.109;0.117;0.774;51.946;0.7612;0
15/06/21 16:00;4.2673;57.451;79.603;5.0586;7.2894;90;7.2894;19.203;18.898;0.3045;12.47;0.93;0;0.7384;18.764;0.1417;0;0.0109;19.654;0;19.654;0.7384;0.1417;18.764;0.0109;0.0376;0.9552;0;0.0006;19.565;0.0896;0;0;0.0806;0.009;18.482;1.0628;0.2266;0.0435;0.7923;0.0004;19.545;0.0196;0.0007;0.0001;0.0187;0;18.484;0.5111;0.0981;17.872;0.0014;11.184;9.6298;2.3677;0.0015;0.0925;1.3303;0.0013;1.4213;0;1;0;0;1.0235;0.9954;1;1;0.9957;0.1673;0.9456;0.6928;1;0.9575;0.7756;0.999;0.999;1;0.999;0.999;0.9404;0.9525;0.1297;0.0559;0.0555;0.0003;0.0083;-0.0023;0.0003;0.0012;0.0002;0;0;0.088;-0.0447;0;0;0;0;0;0;0;0;0;0;0;0;0.001;0;0.0464;0.0464;0;13.393;13.393;0.9228;0.0499;45.757;1014.7;1;0.0031;0.0031;0;0;0;0;0;0;0.0433;-0.0447;0;15.61;18.076;-15.026;-17.4;93.273;93.273;0.4717;0.3915;-0.3769;0.0802;0.7685;0.1699;1.6291;0;11.183;0;0
15/06/21 17:00;0;0;90;0;0;90;0;0;0;0;8.1899;0.85;0;0;0;0;0;0;0;0;0;0;0;0;0;1;1;1;1;0;0;0;0;0;0;0;0;0;0;0;0;0;0;0;0;0;0;0;0;0;0;0;0;0;0;0;0;0;0;0;0;0;0;0;1;1;1;1;1;1;1;1;1;1;1;1;1;1;1;1;1;1;1;0;0;0;0;0;0;0;0;0;0.0004;0.088;-0.0884;0;0;0;0;0;0;0;0;0;0;0;0;0;0;0;0;0;0;0;-8.1899;0;0;0;0;0.0004;0;0;0;0;0;0;0;-0.0004;-0.0884;0;0;0;0;0;0;0;0;0;-0.7452;0;0.7452;1;1;0;0;0;0
15/06/21 18:00;0;0;90;0;0;90;0;0;0;0;6.5499;1.0301;0;0;0;0;0;0;0;0;0;0;0;0;0;1;1;1;1;0;0;0;0;0;0;0;0;0;0;0;0;0;0;0;0;0;0;0;0;0;0;0;0;0;0;0;0;0;0;0;0;0;0;0;1;1;1;1;1;1;1;1;1;1;1;1;1;1;1;1;1;1;1;0;0;0;0;0;0;0;0;0;0.0004;0.088;-0.0884;0;0;0;0;0;0;0;0;0;0;0;0;0;0;0;0;0;0;0;-6.5499;0;0;0;0;0.0004;0;0;0;0;0;0;0;-0.0004;-0.0884;0;0;0;0;0;0;0;0;0;-0.7452;0;0.7452;1;1;0;0;0;0
15/06/21 19:00;0;0;90;0;0;90;0;0;0;0;5.1;1.41;0;0;0;0;0;0;0;0;0;0;0;0;0;1;1;1;1;0;0;0;0;0;0;0;0;0;0;0;0;0;0;0;0;0;0;0;0;0;0;0;0;0;0;0;0;0;0;0;0;0;0;0;1;1;1;1;1;1;1;1;1;1;1;1;1;1;1;1;1;1;1;0;0;0;0;0;0;0;0;0;0.0004;0.088;-0.0884;0;0;0;0;0;0;0;0;0;0;0;0;0;0;0;0;0;0;0;-5.1;0;0;0;0;0.0004;0;0;0;0;0;0;0;-0.0004;-0.0884;0;0;0;0;0;0;0;0;0;-0.7452;0;0.7452;1;1;0;0;0;0
15/06/21 20:00;0;0;90;0;0;90;0;0;0;0;6.26;1.9001;0;0;0;0;0;0;0;0;0;0;0;0;0;1;1;1;1;0;0;0;0;0;0;0;0;0;0;0;0;0;0;0;0;0;0;0;0;0;0;0;0;0;0;0;0;0;0;0;0;0;0;0;1;1;1;1;1;1;1;1;1;1;1;1;1;1;1;1;1;1;1;0;0;0;0;0;0;0;0;0;0.0004;0.088;-0.0884;0;0;0;0;0;0;0;0;0;0;0;0;0;0;0;0;0;0;0;-6.26;0;0;0;0;0.0004;0;0;0;0;0;0;0;-0.0004;-0.0884;0;0;0;0;0;0;0;0;0;-0.7452;0;0.7452;1;1;0;0;0;0
15/06/21 21:00;0;0;90;0;0;90;0;0;0;0;4.5602;2.5;0;0;0;0;0;0;0;0;0;0;0;0;0;1;1;1;1;0;0;0;0;0;0;0;0;0;0;0;0;0;0;0;0;0;0;0;0;0;0;0;0;0;0;0;0;0;0;0;0;0;0;0;1;1;1;1;1;1;1;1;1;1;1;1;1;1;1;1;1;1;1;0;0;0;0;0;0;0;0;0;0.0004;0.088;-0.0884;0;0;0;0;0;0;0;0;0;0;0;0;0;0;0;0;0;0;0;-4.5602;0;0;0;0;0.0004;0;0;0;0;0;0;0;-0.0004;-0.0884;0;0;0;0;0;0;0;0;0;-0.7452;0;0.7452;1;1;0;0;0;0
15/06/21 22:00;0;0;90;0;0;90;0;0;0;0;3.6302;3.06;0;0;0;0;0;0;0;0;0;0;0;0;0;1;1;1;1;0;0;0;0;0;0;0;0;0;0;0;0;0;0;0;0;0;0;0;0;0;0;0;0;0;0;0;0;0;0;0;0;0;0;0;1;1;1;1;1;1;1;1;1;1;1;1;1;1;1;1;1;1;1;0;0;0;0;0;0;0;0;0;0.0004;0.088;-0.0884;0;0;0;0;0;0;0;0;0;0;0;0;0;0;0;0;0;0;0;-3.6302;0;0;0;0;0.0004;0;0;0;0;0;0;0;-0.0004;-0.0884;0;0;0;0;0;0;0;0;0;-0.7452;0;0.7452;1;1;0;0;0;0
15/06/21 23:00;0;0;90;0;0;90;0;0;0;0;2.7002;3.39;0;0;0;0;0;0;0;0;0;0;0;0;0;1;1;1;1;0;0;0;0;0;0;0;0;0;0;0;0;0;0;0;0;0;0;0;0;0;0;0;0;0;0;0;0;0;0;0;0;0;0;0;1;1;1;1;1;1;1;1;1;1;1;1;1;1;1;1;1;1;1;0;0;0;0;0;0;0;0;0;0.0004;0.088;-0.0884;0;0;0;0;0;0;0;0;0;0;0;0;0;0;0;0;0;0;0;-2.7002;0;0;0;0;0.0004;0;0;0;0;0;0;0;-0.0004;-0.0884;0;0;0;0;0;0;0;0;0;-0.7452;0;0.7452;1;1;0;0;0;0
16/06/21 00:00;0;0;90;0;0;90;0;0;0;0;2.7999;3.5701;0;0;0;0;0;0;0;0;0;0;0;0;0;1;1;1;1;0;0;0;0;0;0;0;0;0;0;0;0;0;0;0;0;0;0;0;0;0;0;0;0;0;0;0;0;0;0;0;0;0;0;0;1;1;1;1;1;1;1;1;1;1;1;1;1;1;1;1;1;1;1;0;0;0;0;0;0;0;0;0;0.0004;0.088;-0.0884;0;0;0;0;0;0;0;0;0;0;0;0;0;0;0;0;0;0;0;-2.7999;0;0;0;0;0.0004;0;0;0;0;0;0;0;-0.0004;-0.0884;0;0;0;0;0;0;0;0;0;-0.7452;0;0.7452;1;1;0;0;0;0
16/06/21 01:00;0;0;90;0;0;90;0;0;0;0;3.5598;3.6699;0;0;0;0;0;0;0;0;0;0;0;0;0;1;1;1;1;0;0;0;0;0;0;0;0;0;0;0;0;0;0;0;0;0;0;0;0;0;0;0;0;0;0;0;0;0;0;0;0;0;0;0;1;1;1;1;1;1;1;1;1;1;1;1;1;1;1;1;1;1;1;0;0;0;0;0;0;0;0;0;0.0004;0.088;-0.0884;0;0;0;0;0;0;0;0;0;0;0;0;0;0;0;0;0;0;0;-3.5598;0;0;0;0;0.0004;0;0;0;0;0;0;0;-0.0004;-0.0884;0;0;0;0;0;0;0;0;0;-0.7452;0;0.7452;1;1;0;0;0;0
16/06/21 02:00;0;0;90;0;0;90;0;0;0;0;5.3001;3.6501;0;0;0;0;0;0;0;0;0;0;0;0;0;1;1;1;1;0;0;0;0;0;0;0;0;0;0;0;0;0;0;0;0;0;0;0;0;0;0;0;0;0;0;0;0;0;0;0;0;0;0;0;1;1;1;1;1;1;1;1;1;1;1;1;1;1;1;1;1;1;1;0;0;0;0;0;0;0;0;0;0.0004;0.088;-0.0884;0;0;0;0;0;0;0;0;0;0;0;0;0;0;0;0;0;0;0;-5.3001;0;0;0;0;0.0004;0;0;0;0;0;0;0;-0.0004;-0.0884;0;0;0;0;0;0;0;0;0;-0.7452;0;0.7452;1;1;0;0;0;0
16/06/21 03:00;0;0;90;0;0;90;0;0;0;0;4.2398;3.71;0;0;0;0;0;0;0;0;0;0;0;0;0;1;1;1;1;0;0;0;0;0;0;0;0;0;0;0;0;0;0;0;0;0;0;0;0;0;0;0;0;0;0;0;0;0;0;0;0;0;0;0;1;1;1;1;1;1;1;1;1;1;1;1;1;1;1;1;1;1;1;0;0;0;0;0;0;0;0;0;0.0004;0.088;-0.0884;0;0;0;0;0;0;0;0;0;0;0;0;0;0;0;0;0;0;0;-4.2398;0;0;0;0;0.0004;0;0;0;0;0;0;0;-0.0004;-0.0884;0;0;0;0;0;0;0;0;0;-0.7452;0;0.7452;1;1;0;0;0;0
16/06/21 04:00;0;0;90;0;0;90;0;0;0;0;4.2099;4.03;0;0;0;0;0;0;0;0;0;0;0;0;0;1;1;1;1;0;0;0;0;0;0;0;0;0;0;0;0;0;0;0;0;0;0;0;0;0;0;0;0;0;0;0;0;0;0;0;0;0;0;0;1;1;1;1;1;1;1;1;1;1;1;1;1;1;1;1;1;1;1;0;0;0;0;0;0;0;0;0;0.0004;0.088;-0.0884;0;0;0;0;0;0;0;0;0;0;0;0;0;0;0;0;0;0;0;-4.2099;0;0;0;0;0.0004;0;0;0;0;0;0;0;-0.0004;-0.0884;0;0;0;0;0;0;0;0;0;-0.7452;0;0.7452;1;1;0;0;0;0
16/06/21 05:00;0;0;90;0;0;90;0;0;0;0;5.1997;4.2201;0;0;0;0;0;0;0;0;0;0;0;0;0;1;1;1;1;0;0;0;0;0;0;0;0;0;0;0;0;0;0;0;0;0;0;0;0;0;0;0;0;0;0;0;0;0;0;0;0;0;0;0;1;1;1;1;1;1;1;1;1;1;1;1;1;1;1;1;1;1;1;0;0;0;0;0;0;0;0;0;0.0004;0.088;-0.0884;0;0;0;0;0;0;0;0;0;0;0;0;0;0;0;0;0;0;0;-5.1997;0;0;0;0;0.0004;0;0;0;0;0;0;0;-0.0004;-0.0884;0;0;0;0;0;0;0;0;0;-0.7452;0;0.7452;1;1;0;0;0;0
16/06/21 06:00;0;0;90;0;0;90;0;0;0;0;5.4198;4.51;0;0;0;0;0;0;0;0;0;0;0;0;0;1;1;1;1;0;0;0;0;0;0;0;0;0;0;0;0;0;0;0;0;0;0;0;0;0;0;0;0;0;0;0;0;0;0;0;0;0;0;0;1;1;1;1;1;1;1;1;1;1;1;1;1;1;1;1;1;1;1;0;0;0;0;0;0;0;0;0;0.0004;0.088;-0.0884;0;0;0;0;0;0;0;0;0;0;0;0;0;0;0;0;0;0;0;-5.4198;0;0;0;0;0.0004;0;0;0;0;0;0;0;-0.0004;-0.0884;0;0;0;0;0;0;0;0;0;-0.7452;0;0.7452;1;1;0;0;0;0
16/06/21 07:00;4.5754;-57.131;78.845;5.4426;7.8565;-90;-7.8565;3.8092;3.6984;0.1109;6.5598;5.1601;0;0.2689;3.6772;0.0094;0;0.0025;3.958;3.958;0;0.2689;0;0;0;1;1;1;1;0;0;0;0;0;0;0;0;0;0;0;0;0;0;0;0;0;0;0;0;0;0;0;0;0;0;0;0;0;0;0;0;0;0;0;0;1;1;1;1;1;1;1;1;1;1;1;0;1;0;0;1;0;0;0;0;0;0;0;0;0;0;0;0.0004;0.088;-0.0884;0;0;0;0;0;0;0;0;0;0;0;0;0;0;0;0;0;0;0;-6.5598;0;0;0;0;0.0004;0;0;0;0;0;0;0;-0.0004;-0.0884;0;0;0;0;0;0;0;0;0;-0.7452;0;0.7452;1;1;0;0;0;0
16/06/21 08:00;13.515;-48.104;55.474;17.895;30.284;-90;-30.284;176.59;54.699;121.89;7.2499;4.9301;0;295.63;30.881;52.281;0;1.6869;380.48;0;380.48;295.63;52.281;30.881;1.6869;0.777;0.0856;0;0.0044;377.62;2.8601;0;0;1.3865;1.4736;368.57;8.6664;6.5172;1.1526;0.9597;0.0369;377.24;0.3776;0.2956;0.0523;0.0295;0.0002;368.67;288.81;51.076;28.505;0.1761;21.096;18.164;4.8098;0.4835;0.1833;2.6373;0.0987;2.3371;0;1;0;0;2.1545;0.9925;1;1;0.9551;0.1264;0.977;0.9779;1;0.9674;0.8267;0.999;0.999;1;0.999;0.999;0.9687;0.9231;0.1044;1.0828;1.0601;0.0064;0.0113;0.0009;0.0073;0.0259;0.0005;0;0;0.088;0.8797;0;0;0;0;0;0;0;0;0;0;0;0;0.0208;0.003;0.9841;0.9841;0;25.233;25.233;17.983;0.0488;909.39;1082.1;1;0.0164;0.0164;0;0;0;0;0;0;0.9677;0.8797;0;17.091;19.791;15.278;17.691;98.334;98.334;9.1314;8.2987;7.4184;0.8327;0.8804;0.0912;0.0964;0.8124;20.393;0.8082;0
16/06/21 09:00;21.787;-36.544;48.246;33.872;56.128;-90;-56.128;349.49;60.898;288.6;10.86;4.7601;0;517.8;19.561;64.193;0;10.829;612.39;0;612.39;517.8;64.193;19.561;10.829;0.8455;0.0496;0;0.0177;600.07;12.317;0;0;2.2247;10.092;592.03;7.4362;6.056;0.7508;0.595;0.0344;599.47;0.6001;0.5178;0.0642;0.0173;0.0007;594.14;511.23;63.378;16.724;0.7017;101.87;87.712;22.041;2.5821;0.9785;14.075;2.1067;12.471;0;1;0;0;1.7522;0.9799;1;1;0.8863;0.068;0.9876;0.9883;1;0.9656;0.9533;0.999;0.999;1;0.999;0.999;0.9668;0.855;0.0648;1.7428;1.7281;0.0104;0.0023;0.0912;0.0114;0.0403;0.0025;0;0;0.088;1.4178;0;0;0;0;0;0;0;0;0;0;0;0;0.0325;0.0073;1.5302;1.5302;0;40.034;40.034;29.174;0.0493;1487.9;1028.4;1;0.0244;0.0244;0;0;0;0;0;0;1.5058;1.4178;0;16.512;19.12;15.299;17.716;98.409;98.409;14.697;12.904;11.957;1.793;0.9475;0.122;0.0645;0.8135;16.294;0.7998;0
16/06/21 10:00;27.89;-22.933;54.487;53.637;36.363;-90;-36.363;185.6;174.7;10.898;12.84;4.66;0;13.533;154.92;3.8189;0;2.5298;174.8;0;174.8;13.533;3.8189;154.92;2.5298;0.0774;0.9007;0;0.0145;163.24;11.555;0;0;9.2814;2.2739;158.01;5.0732;0.2668;0.0753;4.6988;0.0322;163.08;0.1632;0.0135;0.0038;0.1456;0.0003;158.85;13.253;3.7398;140.79;0.2235;113.92;98.086;26.195;4.5505;1.1017;15.847;0.8465;12.398;0;1;0;0;0.9418;0.9339;1;1;0.9401;0.1012;0.9689;0.9803;1;0.9677;0.874;0.999;0.999;1;0.999;0.999;0.9039;0.9088;0.0883;0.4975;0.4862;0.0029;0.0172;-0.0078;0.0033;0.0118;0.0029;0;0;0.088;0.3487;0;0;0;0;0;0;0;0;0;0;0;0;0.0095;0.0008;0.4456;0.4456;0;20.568;20.568;7.7285;0.0489;415.04;1073.6;1;0.0089;0.0089;0;0;0;0;0;0;0.4367;0.3487;0;16.845;19.506;13.181;15.263;98;98;4.1951;3.7576;2.9404;0.4375;0.8173;0.1043;0.1948;0.7009;107.07;0.6564;0
16/06/21 11:00;31.128;-7.5466;58.059;77.731;12.269;-90;-12.269;327.01;227.2;99.812;12.87;4.5399;0;102.15;191.84;33.919;0;0.5228;328.42;0;328.42;102.15;33.919;191.84;0.5228;0.311;0.5857;0;0.0016;326.04;2.3817;0;0;1.9477;0.434;314.15;11.562;3.0456;1.0113;7.4848;0.0199;325.72;0.326;0.1021;0.0339;0.1899;0.0001;314.26;98.997;32.873;182.21;0.0688;192.83;166.03;42.01;0.1201;1.5233;21.912;0.1048;23.316;0;1;0;0;1.0043;0.9927;1;1;0.9898;0.1699;0.9645;0.9702;1;0.9605;0.7755;0.999;0.999;1;0.999;0.999;0.9566;0.9498;0.1316;0.9347;0.943;0.0057;0.013;0.0109;0.0064;0.0227;0.004;0;0;0.088;0.7574;0;0;0;0;0;0;0;0;0;0;0;0;0.0183;0.0024;0.8597;0.8597;0;28.252;28.252;15.382;0.049;807.65;1064.5;1;0.0143;0.0143;0;0;0;0;0;0;0.8454;0.7574;0;17.298;20.03;15.24;17.648;98.341;98.341;7.8822;7.25;6.3876;0.6321;0.8624;0.0802;0.1094;0.8104;115.7;0.7718;0
16/06/21 12:00;31.022;8.5373;57.938;76.134;13.866;90;13.866;306.11;235.2;70.908;13.32;4.6999;0;73.036;207.68;25.184;0;0.6245;306.52;0;306.52;73.036;25.184;207.68;0.6245;0.2383;0.6796;0;0.002;303.4;3.1206;0;0;2.6007;0.52;292.32;10.782;2.1468;0.7403;7.8715;0.0235;303.1;0.3034;0.073;0.0252;0.2051;0.0001;292.45;70.816;24.419;197;0.0809;180.95;155.79;39.221;0.2029;1.4483;20.834;0.1333;22.079;0;1;0;0;1.0014;0.9898;1;1;0.9875;0.1674;0.9644;0.9706;1;0.9616;0.7749;0.999;0.999;1;0.999;0.999;0.9537;0.9486;0.1296;0.8723;0.8785;0.0053;0.0138;0.0082;0.006;0.0211;0.0038;0;0;0.088;0.6996;0;0;0;0;0;0;0;0;0;0;0;0;0.017;0.0021;0.8011;0.8011;0;27.632;27.632;14.312;0.049;751.83;1065.5;1;0.0134;0.0134;0;0;0;0;0;0;0.7876;0.6996;0;17.269;19.998;15.083;17.466;98.324;98.324;7.3566;6.7556;5.9002;0.601;0.8554;0.0817;0.1163;0.802;125.89;0.7632;0
16/06/21 13:00;27.587;23.837;54.165;52.279;37.721;90;37.721;345.1;194.7;150.4;13.99;4.3801;0;190.13;131.57;60.399;0;5.0487;387.15;0;387.15;190.13;60.399;131.57;5.0487;0.4911;0.3529;0;0.013;374.19;12.961;0;0;8.3727;4.5879;365.02;8.7949;3.6168;1.1489;3.9758;0.0534;373.82;0.3742;0.1901;0.0604;0.1232;0.0005;366.55;186.33;59.189;119.1;0.407;187.32;161.28;43.09;4.3834;1.6089;23.144;1.5225;20.369;0;1;0;0;1.1219;0.9665;1;1;0.9364;0.0913;0.9765;0.981;1;0.9677;0.884;0.999;0.999;1;0.999;0.999;0.9428;0.9052;0.0806;1.1018;1.0951;0.0066;0.0108;0.0268;0.0074;0.0261;0.0042;0;0;0.088;0.885;0;0;0;0;0;0;0;0;0;0;0;0;0.021;0.0031;0.989;0.989;0;31.9;31.9;17.91;0.0491;939.9;1052.3;1;0.0161;0.0161;0;0;0;0;0;0;0.973;0.885;0;16.881;19.547;15.105;17.491;98.377;98.377;9.2917;8.3405;7.463;0.9512;0.8775;0.1024;0.0944;0.8032;91.945;0.7688;0
16/06/21 14:00;21.329;37.321;47.798;32.783;57.217;90;57.217;334.8;111.8;223;14.2;2.99;0;411.86;46.25;95.65;0;10.746;564.5;0;564.5;411.86;95.65;46.25;10.746;0.7296;0.101;0;0.019;549.01;15.493;0;0;5.4274;10.066;541.21;7.2507;4.7091;1.0936;1.412;0.036;548.46;0.549;0.4119;0.0956;0.0408;0.0007;543.52;406.74;94.461;39.37;0.6442;105.55;90.882;23.741;6.531;1.2057;17.343;2.3095;12.018;0;1;0;0;1.6861;0.9726;1;1;0.8827;0.0634;0.9868;0.9886;1;0.9654;0.9471;0.999;0.999;1;0.999;0.999;0.9587;0.8512;0.0599;1.6065;1.5898;0.0096;0.004;0.089;0.0104;0.0369;0.0031;0;0;0.088;1.2911;0;0;0;0;0;0;0;0;0;0;0;0;0.0297;0.0062;1.4008;1.4008;0;40.898;40.898;26.698;0.0493;1368.8;1023.4;1;0.0218;0.0218;0;0;0;0;0;0;1.3791;1.2911;0;16.398;18.988;15.113;17.5;98.445;98.445;13.548;11.813;10.888;1.7347;0.9258;0.128;0.0683;0.8036;38.991;0.7856;0
16/06/21 15:00;12.945;48.759;57.092;16.997;28.154;90;28.154;208.2;86.203;122;13.14;2.26;0;295.88;47.73;86.027;0;1.7244;431.36;0;431.36;295.88;86.027;47.73;1.7244;0.6859;0.1146;0;0.004;427.95;3.4118;0;0;1.9138;1.498;415.81;11.706;7.8731;2.2891;1.5015;0.0427;427.52;0.4279;0.2959;0.086;0.0458;0.0002;415.95;287.71;83.652;44.269;0.1835;31.844;27.417;6.7862;0.58;0.2978;4.2837;0.1393;4.0015;0;1;0;0;2.0719;0.9921;1;1;0.9599;0.1313;0.9726;0.9734;1;0.9672;0.8114;0.999;0.999;1;0.999;0.999;0.964;0.9275;0.1064;1.2276;1.1987;0.0072;0.0094;0.0363;0.008;0.0284;0.0008;0;0;0.088;0.9765;0;0;0;0;0;0;0;0;0;0;0;0;0.0229;0.0037;1.0819;1.0819;0;33.554;33.554;20.414;0.0491;1031.4;1049;1;0.0174;0.0174;0;0;0;0;0;0;1.0645;0.9765;0;16.574;19.192;14.959;17.322;98.391;98.391;10.353;9.1238;8.2349;1.2288;0.8889;0.1187;0.0859;0.7954;31.072;0.7896;0
16/06/21 16:00;4.2785;57.394;79.576;5.0751;7.3137;90;7.3137;9.7087;9.5987;0.11;11.84;2.6201;0;0.2668;9.549;0.0259;0;0.0055;9.8473;0;9.8473;0.2668;0.0259;9.549;0.0055;0.0271;0.9703;0;0.0006;9.8014;0.0458;0;0;0.0412;0.0046;9.2988;0.4929;0.0816;0.0079;0.4031;0.0002;9.7916;0.0098;0.0003;0;0.0095;0;9.2995;0.1849;0.018;9.0952;0.0007;5.6918;4.9007;1.2049;0.0008;0.0471;0.677;0.0007;0.7233;0;1;0;0;1.0143;0.9953;1;1;0.9957;0.1673;0.9497;0.6938;1;0.9576;0.7756;0.999;0.999;1;0.999;0.999;0.9443;0.9525;0.1297;0.028;0.028;0.0002;0.0058;-0.0012;0.0002;0.0006;0.0001;0;0;0.088;-0.0686;0;0;0;0;0;0;0;0;0;0;0;0;0.0005;0;0.0219;0.0219;0;12.311;12.311;0.4705;0.0506;22.173;986.74;1;0.0025;0.0025;0;0;0;0;0;0;0.0194;-0.0686;0;14.681;17.001;-46.023;-53.293;88.747;88.747;0.2363;0.1845;-0.5784;0.0518;0.7629;0.2193;3.228;0;5.6913;0;0
16/06/21 17:00;0;0;90;0;0;90;0;0;0;0;10.78;2.74;0;0;0;0;0;0;0;0;0;0;0;0;0;1;1;1;1;0;0;0;0;0;0;0;0;0;0;0;0;0;0;0;0;0;0;0;0;0;0;0;0;0;0;0;0;0;0;0;0;0;0;0;1;1;1;1;1;1;1;1;1;1;1;1;1;1;1;1;1;1;1;0;0;0;0;0;0;0;0;0;0.0004;0.088;-0.0884;0;0;0;0;0;0;0;0;0;0;0;0;0;0;0;0;0;0;0;-10.78;0;0;0;0;0.0004;0;0;0;0;0;0;0;-0.0004;-0.0884;0;0;0;0;0;0;0;0;0;-0.7452;0;0.7452;1;1;0;0;0;0
16/06/21 18:00;0;0;90;0;0;90;0;0;0;0;10.89;2.6101;0;0;0;0;0;0;0;0;0;0;0;0;0;1;1;1;1;0;0;0;0;0;0;0;0;0;0;0;0;0;0;0;0;0;0;0;0;0;0;0;0;0;0;0;0;0;0;0;0;0;0;0;1;1;1;1;1;1;1;1;1;1;1;1;1;1;1;1;1;1;1;0;0;0;0;0;0;0;0;0;0.0004;0.088;-0.0884;0;0;0;0;0;0;0;0;0;0;0;0;0;0;0;0;0;0;0;-10.89;0;0;0;0;0.0004;0;0;0;0;0;0;0;-0.0004;-0.0884;0;0;0;0;0;0;0;0;0;-0.7452;0;0.7452;1;1;0;0;0;0
16/06/21 19:00;0;0;90;0;0;90;0;0;0;0;9.3698;2.3099;0;0;0;0;0;0;0;0;0;0;0;0;0;1;1;1;1;0;0;0;0;0;0;0;0;0;0;0;0;0;0;0;0;0;0;0;0;0;0;0;0;0;0;0;0;0;0;0;0;0;0;0;1;1;1;1;1;1;1;1;1;1;1;1;1;1;1;1;1;1;1;0;0;0;0;0;0;0;0;0;0.0004;0.088;-0.0884;0;0;0;0;0;0;0;0;0;0;0;0;0;0;0;0;0;0;0;-9.3698;0;0;0;0;0.0004;0;0;0;0;0;0;0;-0.0004;-0.0884;0;0;0;0;0;0;0;0;0;-0.7452;0;0.7452;1;1;0;0;0;0
16/06/21 20:00;0;0;90;0;0;90;0;0;0;0;8.2802;2.3199;0;0;0;0;0;0;0;0;0;0;0;0;0;1;1;1;1;0;0;0;0;0;0;0;0;0;0;0;0;0;0;0;0;0;0;0;0;0;0;0;0;0;0;0;0;0;0;0;0;0;0;0;1;1;1;1;1;1;1;1;1;1;1;1;1;1;1;1;1;1;1;0;0;0;0;0;0;0;0;0;0.0004;0.088;-0.0884;0;0;0;0;0;0;0;0;0;0;0;0;0;0;0;0;0;0;0;-8.2802;0;0;0;0;0.0004;0;0;0;0;0;0;0;-0.0004;-0.0884;0;0;0;0;0;0;0;0;0;-0.7452;0;0.7452;1;1;0;0;0;0
16/06/21 21:00;0;0;90;0;0;90;0;0;0;0;7.89;3.7301;0;0;0;0;0;0;0;0;0;0;0;0;0;1;1;1;1;0;0;0;0;0;0;0;0;0;0;0;0;0;0;0;0;0;0;0;0;0;0;0;0;0;0;0;0;0;0;0;0;0;0;0;1;1;1;1;1;1;1;1;1;1;1;1;1;1;1;1;1;1;1;0;0;0;0;0;0;0;0;0;0.0004;0.088;-0.0884;0;0;0;0;0;0;0;0;0;0;0;0;0;0;0;0;0;0;0;-7.89;0;0;0;0;0.0004;0;0;0;0;0;0;0;-0.0004;-0.0884;0;0;0;0;0;0;0;0;0;-0.7452;0;0.7452;1;1;0;0;0;0
16/06/21 22:00;0;0;90;0;0;90;0;0;0;0;7.6999;4.6001;0;0;0;0;0;0;0;0;0;0;0;0;0;1;1;1;1;0;0;0;0;0;0;0;0;0;0;0;0;0;0;0;0;0;0;0;0;0;0;0;0;0;0;0;0;0;0;0;0;0;0;0;1;1;1;1;1;1;1;1;1;1;1;1;1;1;1;1;1;1;1;0;0;0;0;0;0;0;0;0;0.0004;0.088;-0.0884;0;0;0;0;0;0;0;0;0;0;0;0;0;0;0;0;0;0;0;-7.6999;0;0;0;0;0.0004;0;0;0;0;0;0;0;-0.0004;-0.0884;0;0;0;0;0;0;0;0;0;-0.7452;0;0.7452;1;1;0;0;0;0
16/06/21 23:00;0;0;90;0;0;90;0;0;0;0;7.6999;3.71;0;0;0;0;0;0;0;0;0;0;0;0;0;1;1;1;1;0;0;0;0;0;0;0;0;0;0;0;0;0;0;0;0;0;0;0;0;0;0;0;0;0;0;0;0;0;0;0;0;0;0;0;1;1;1;1;1;1;1;1;1;1;1;1;1;1;1;1;1;1;1;0;0;0;0;0;0;0;0;0;0.0004;0.088;-0.0884;0;0;0;0;0;0;0;0;0;0;0;0;0;0;0;0;0;0;0;-7.6999;0;0;0;0;0.0004;0;0;0;0;0;0;0;-0.0004;-0.0884;0;0;0;0;0;0;0;0;0;-0.7452;0;0.7452;1;1;0;0;0;0
17/06/21 00:00;0;0;90;0;0;90;0;0;0;0;5.8;3.5801;0;0;0;0;0;0;0;0;0;0;0;0;0;1;1;1;1;0;0;0;0;0;0;0;0;0;0;0;0;0;0;0;0;0;0;0;0;0;0;0;0;0;0;0;0;0;0;0;0;0;0;0;1;1;1;1;1;1;1;1;1;1;1;1;1;1;1;1;1;1;1;0;0;0;0;0;0;0;0;0;0.0004;0.088;-0.0884;0;0;0;0;0;0;0;0;0;0;0;0;0;0;0;0;0;0;0;-5.8;0;0;0;0;0.0004;0;0;0;0;0;0;0;-0.0004;-0.0884;0;0;0;0;0;0;0;0;0;-0.7452;0;0.7452;1;1;0;0;0;0
17/06/21 01:00;0;0;90;0;0;90;0;0;0;0;5.1997;3.4399;0;0;0;0;0;0;0;0;0;0;0;0;0;1;1;1;1;0;0;0;0;0;0;0;0;0;0;0;0;0;0;0;0;0;0;0;0;0;0;0;0;0;0;0;0;0;0;0;0;0;0;0;1;1;1;1;1;1;1;1;1;1;1;1;1;1;1;1;1;1;1;0;0;0;0;0;0;0;0;0;0.0004;0.088;-0.0884;0;0;0;0;0;0;0;0;0;0;0;0;0;0;0;0;0;0;0;-5.1997;0;0;0;0;0.0004;0;0;0;0;0;0;0;-0.0004;-0.0884;0;0;0;0;0;0;0;0;0;-0.7452;0;0.7452;1;1;0;0;0;0
17/06/21 02:00;0;0;90;0;0;90;0;0;0;0;3.8801;3.1999;0;0;0;0;0;0;0;0;0;0;0;0;0;1;1;1;1;0;0;0;0;0;0;0;0;0;0;0;0;0;0;0;0;0;0;0;0;0;0;0;0;0;0;0;0;0;0;0;0;0;0;0;1;1;1;1;1;1;1;1;1;1;1;1;1;1;1;1;1;1;1;0;0;0;0;0;0;0;0;0;0.0004;0.088;-0.0884;0;0;0;0;0;0;0;0;0;0;0;0;0;0;0;0;0;0;0;-3.8801;0;0;0;0;0.0004;0;0;0;0;0;0;0;-0.0004;-0.0884;0;0;0;0;0;0;0;0;0;-0.7452;0;0.7452;1;1;0;0;0;0
17/06/21 03:00;0;0;90;0;0;90;0;0;0;0;4.4997;2.8501;0;0;0;0;0;0;0;0;0;0;0;0;0;1;1;1;1;0;0;0;0;0;0;0;0;0;0;0;0;0;0;0;0;0;0;0;0;0;0;0;0;0;0;0;0;0;0;0;0;0;0;0;1;1;1;1;1;1;1;1;1;1;1;1;1;1;1;1;1;1;1;0;0;0;0;0;0;0;0;0;0.0004;0.088;-0.0884;0;0;0;0;0;0;0;0;0;0;0;0;0;0;0;0;0;0;0;-4.4997;0;0;0;0;0.0004;0;0;0;0;0;0;0;-0.0004;-0.0884;0;0;0;0;0;0;0;0;0;-0.7452;0;0.7452;1;1;0;0;0;0
17/06/21 04:00;0;0;90;0;0;90;0;0;0;0;3.9101;2.7801;0;0;0;0;0;0;0;0;0;0;0;0;0;1;1;1;1;0;0;0;0;0;0;0;0;0;0;0;0;0;0;0;0;0;0;0;0;0;0;0;0;0;0;0;0;0;0;0;0;0;0;0;1;1;1;1;1;1;1;1;1;1;1;1;1;1;1;1;1;1;1;0;0;0;0;0;0;0;0;0;0.0004;0.088;-0.0884;0;0;0;0;0;0;0;0;0;0;0;0;0;0;0;0;0;0;0;-3.9101;0;0;0;0;0.0004;0;0;0;0;0;0;0;-0.0004;-0.0884;0;0;0;0;0;0;0;0;0;-0.7452;0;0.7452;1;1;0;0;0;0
17/06/21 05:00;0;0;90;0;0;90;0;0;0;0;5.0003;2.58;0;0;0;0;0;0;0;0;0;0;0;0;0;1;1;1;1;0;0;0;0;0;0;0;0;0;0;0;0;0;0;0;0;0;0;0;0;0;0;0;0;0;0;0;0;0;0;0;0;0;0;0;1;1;1;1;1;1;1;1;1;1;1;1;1;1;1;1;1;1;1;0;0;0;0;0;0;0;0;0;0.0004;0.088;-0.0884;0;0;0;0;0;0;0;0;0;0;0;0;0;0;0;0;0;0;0;-5.0003;0;0;0;0;0.0004;0;0;0;0;0;0;0;-0.0004;-0.0884;0;0;0;0;0;0;0;0;0;-0.7452;0;0.7452;1;1;0;0;0;0
17/06/21 06:00;0;0;90;0;0;90;0;0;0;0;5.3998;2.6;0;0;0;0;0;0;0;0;0;0;0;0;0;1;1;1;1;0;0;0;0;0;0;0;0;0;0;0;0;0;0;0;0;0;0;0;0;0;0;0;0;0;0;0;0;0;0;0;0;0;0;0;1;1;1;1;1;1;1;1;1;1;1;1;1;1;1;1;1;1;1;0;0;0;0;0;0;0;0;0;0.0004;0.088;-0.0884;0;0;0;0;0;0;0;0;0;0;0;0;0;0;0;0;0;0;0;-5.3998;0;0;0;0;0.0004;0;0;0;0;0;0;0;-0.0004;-0.0884;0;0;0;0;0;0;0;0;0;-0.7452;0;0.7452;1;1;0;0;0;0
17/06/21 07:00;4.5217;-57.14;78.977;5.3784;7.7614;-90;-7.7614;23.598;22.397;1.2009;4.41;2.8699;0;2.9125;22.038;0.6253;0;0.0151;25.591;0;25.591;2.9125;0.6253;22.038;0.0151;0.1138;0.8618;0;0.0006;25.474;0.1169;0;0;0.1044;0.0126;23.511;1.9372;0.8332;0.1789;0.9245;0.0006;25.448;0.0255;0.0029;0.0006;0.0219;0;23.513;2.0764;0.4458;20.987;0.002;13.153;11.325;2.7861;0.0023;0.1087;1.5634;0.0019;1.6698;0;1;0;0;1.0844;0.9954;1;1;0.9953;0.1688;0.9239;0.7136;1;0.9578;0.7759;0.999;0.999;1;0.999;0.999;0.9187;0.9523;0.1309;0.0728;0.0704;0.0004;0.0094;-0.0049;0.0005;0.0016;0.0003;0;0;0.088;-0.0299;0;0;0;0;0;0;0;0;0;0;0;0;0.0013;0.0001;0.0618;0.0618;0;5.5717;5.5717;1.1617;0.0494;58.331;1060.2;1;0.0037;0.0037;0;0;0;0;0;0;0.0581;-0.0299;0;15.969;18.492;-7.7122;-8.9305;93.999;93.999;0.6142;0.5215;-0.2519;0.0926;0.7734;0.1508;1.2593;0;13.146;0;0
17/06/21 08:00;13.463;-48.12;55.623;17.824;30.109;-90;-30.109;78.9;75.001;3.8995;6.6197;3.0299;0;9.4574;69.056;2.3023;0;0.7452;81.561;0;81.561;9.4574;2.3023;69.056;0.7452;0.116;0.8558;0;0.0091;77.838;3.7224;0;0;3.072;0.6504;75.332;2.4284;0.2121;0.0516;2.1481;0.0165;77.76;0.0778;0.0095;0.0023;0.066;0.0001;75.549;9.2358;2.2484;63.77;0.0782;45.572;39.238;10.212;1.059;0.4086;5.8775;0.2175;5.2271;0;1;0;0;1.0337;0.9544;1;1;0.9555;0.1272;0.9688;0.9776;1;0.9674;0.8256;0.999;0.999;1;0.999;0.999;0.9236;0.9235;0.1049;0.2321;0.2279;0.0014;0.0154;-0.0122;0.0016;0.0055;0.0011;0;0;0.088;0.1156;0;0;0;0;0;0;0;0;0;0;0;0;0.0045;0.0002;0.2104;0.2104;0;10.3;10.3;3.68;0.0488;193.29;1088.8;1;0.0068;0.0068;0;0;0;0;0;0;0.2036;0.1156;0;17.05;19.744;9.3673;10.847;96.754;96.754;1.9575;1.7747;0.975;0.1827;0.7997;0.0933;0.4085;0.4981;45.549;0.4726;0
17/06/21 09:00;21.738;-36.57;48.246;33.791;56.209;-90;-56.209;88.101;86.602;1.4992;7.1402;3.16;0;2.6957;67.177;0.4763;0;2.7372;73.086;0;73.086;2.6957;0.4763;67.177;2.7372;0.0369;0.9566;0;0.0375;62.879;10.207;0;0;7.6564;2.5509;60.726;2.0899;0.0315;0.0056;2.0441;0.0087;62.816;0.0629;0.0027;0.0005;0.0595;0.0002;61.844;2.6614;0.4703;57.417;0.1773;56.472;48.623;14.194;8.9047;0.8997;12.942;1.1174;4.9372;0;1;0;0;0.8296;0.8603;1;1;0.886;0.068;0.9667;0.9883;1;0.9656;0.9531;0.999;0.999;1;0.999;0.999;0.8309;0.8547;0.0648;0.208;0.2029;0.0012;0.0148;-0.011;0.0014;0.0049;0.0024;0;0;0.088;0.0904;0;0;0;0;0;0;0;0;0;0;0;0;0.004;0.0002;0.185;0.185;0;10.113;10.113;2.9732;0.049;171.15;1080.7;1;0.0066;0.0066;0;0;0;0;0;0;0.1784;0.0904;0;16.724;19.366;8.1736;9.4648;96.449;96.449;1.7541;1.5599;0.7624;0.1942;0.7975;0.1107;0.4547;0.4346;56.01;0.3838;0
17/06/21 10:00;27.847;-22.971;54.497;53.545;36.455;-90;-36.455;154.6;150;4.5953;7.5603;3.5001;0;5.7133;134.32;1.3864;0;2.1176;143.54;0;143.54;5.7133;1.3864;134.32;2.1176;0.0398;0.9505;0;0.0148;133.55;9.9835;0;0;8.0794;1.9041;129.18;4.2399;0.1128;0.0274;4.0731;0.0267;133.42;0.1336;0.0057;0.0014;0.1262;0.0002;129.89;5.5948;1.3577;122.04;0.1865;95.699;82.397;22.023;3.98;0.9345;13.443;0.7143;10.397;0;1;0;0;0.9285;0.9304;1;1;0.9398;0.1008;0.9682;0.9802;1;0.9677;0.8748;0.999;0.999;1;0.999;0.999;0.9;0.9086;0.0881;0.4085;0.3986;0.0024;0.0172;-0.016;0.0028;0.0098;0.0025;0;0;0.088;0.2751;0;0;0;0;0;0;0;0;0;0;0;0;0.0079;0.0006;0.3714;0.3714;0;13.855;13.855;6.2947;0.0487;339.47;1094.1;1;0.0083;0.0083;0;0;0;0;0;0;0.3631;0.2751;0;17.098;19.8;12.664;14.664;97.757;97.757;3.4449;3.1321;2.3198;0.3127;0.8124;0.0908;0.2358;0.6734;92.902;0.6293;0
17/06/21 11:00;31.095;-7.5965;58.081;77.637;12.363;-90;-12.363;170.3;165.7;4.6026;7.9698;3.9099;0;4.7119;162.68;1.1424;0;0.2764;168.81;0;168.81;4.7119;1.1424;162.68;0.2764;0.0279;0.9653;0;0.0016;166.9;1.9025;0;0;1.673;0.2295;160.22;6.5221;0.1409;0.0342;6.3365;0.0105;166.74;0.1669;0.0047;0.0011;0.161;0;160.27;4.5663;1.1071;154.51;0.0364;101.46;87.355;21.64;0.1047;0.8343;12.002;0.0545;12.731;0;1;0;0;0.9912;0.9887;1;1;0.9897;0.1699;0.9609;0.9701;1;0.9606;0.7755;0.999;0.999;1;0.999;0.999;0.9491;0.9498;0.1316;0.4804;0.4826;0.0029;0.0172;-0.016;0.0033;0.0119;0.0023;0;0;0.088;0.3534;0;0;0;0;0;0;0;0;0;0;0;0;0.0096;0.0008;0.4506;0.4506;0;15.774;15.774;7.8042;0.0487;411.93;1093.9;1;0.0092;0.0092;0;0;0;0;0;0;0.4414;0.3534;0;17.639;20.426;13.836;16.021;97.966;97.966;4.0514;3.8;2.9806;0.2513;0.8194;0.062;0.2023;0.7357;98.142;0.6985;0
17/06/21 12:00;31;8.4792;57.973;76.212;13.788;90;13.788;121.09;119.1;1.9916;8.3501;4.2101;0;2.0507;117.04;0.3584;0;0.2443;119.7;0;119.7;2.0507;0.3584;117.04;0.2443;0.0171;0.9799;0;0.002;118.04;1.6551;0;0;1.4518;0.2034;113.4;4.523;0.0605;0.0106;4.4427;0.0092;117.92;0.118;0.0021;0.0004;0.1156;0;113.45;1.9882;0.3474;111.03;0.0317;72.281;62.234;15.591;0.112;0.5855;8.4226;0.0502;8.8961;0;1;0;0;0.9885;0.9862;1;1;0.9876;0.1674;0.9616;0.9705;1;0.9615;0.7749;0.999;0.999;1;0.999;0.999;0.9474;0.9487;0.1296;0.3406;0.3415;0.0021;0.0169;-0.0137;0.0024;0.0083;0.0016;0;0;0.088;0.2211;0;0;0;0;0;0;0;0;0;0;0;0;0.0067;0.0004;0.3168;0.3168;0;13.883;13.883;5.5329;0.0488;290.83;1089.3;1;0.0077;0.0077;0;0;0;0;0;0;0.3091;0.2211;0;17.489;20.252;12.205;14.134;97.568;97.568;2.8727;2.6716;1.8645;0.2012;0.8071;0.07;0.2809;0.649;70.93;0.6165;0
17/06/21 13:00;27.577;23.777;54.209;52.334;37.666;90;37.666;138.21;135.5;2.7071;9.0999;4.1599;0;3.4199;120.84;0.7564;0;2.0163;127.04;0;127.04;3.4199;0.7564;120.84;2.0163;0.0269;0.9671;0;0.0159;117.53;9.5044;0;0;7.6726;1.8318;113.66;3.7533;0.0654;0.0145;3.652;0.0215;117.41;0.1175;0.0034;0.0008;0.1132;0.0002;114.34;3.3511;0.7412;109.41;0.1628;86.001;74.047;20.064;4.0054;0.85;12.227;0.6797;9.0713;0;1;0;0;0.9192;0.9252;1;1;0.9365;0.0915;0.968;0.9809;1;0.9677;0.8834;0.999;0.999;1;0.999;0.999;0.8947;0.9054;0.0808;0.3615;0.3516;0.0021;0.017;-0.0132;0.0024;0.0086;0.0023;0;0;0.088;0.2293;0;0;0;0;0;0;0;0;0;0;0;0;0.0069;0.0005;0.325;0.325;0;14.649;14.649;5.549;0.0488;299.29;1086;1;0.0078;0.0078;0;0;0;0;0;0;0.3173;0.2293;0;16.907;19.578;11.926;13.81;97.613;97.613;3.0489;2.7411;1.9335;0.3078;0.8075;0.1009;0.2649;0.6342;84.409;0.5916;0
17/06/21 14:00;21.33;37.263;47.847;32.82;57.18;90;57.18;137.7;133.2;4.5009;8.9198;3.5701;0;8.3043;101.74;2.298;0;4.4147;116.75;0;116.75;8.3043;2.298;101.74;4.4147;0.0711;0.9092;0;0.0378;100.69;16.062;0;0;11.927;4.135;97.348;3.2416;0.0952;0.0263;3.1054;0.0147;100.59;0.1007;0.0083;0.0023;0.0898;0.0003;99.151;8.2008;2.2694;86.613;0.2647;87.127;75.017;21.892;14.329;1.427;20.526;1.8029;7.6246;0;1;0;0;0.8479;0.8624;1;1;0.8828;0.0634;0.9678;0.9885;1;0.9654;0.9473;0.999;0.999;1;0.999;0.999;0.8338;0.8514;0.06;0.3323;0.3248;0.002;0.0168;-0.0133;0.0022;0.0079;0.0038;0;0;0.088;0.2031;0;0;0;0;0;0;0;0;0;0;0;0;0.0064;0.0004;0.2986;0.2986;0;13.676;13.676;4.756;0.0489;275.45;1084;1;0.0075;0.0075;0;0;0;0;0;0;0.2911;0.2031;0;16.9;19.57;11.497;13.313;97.502;97.502;2.8021;2.5181;1.7131;0.284;0.805;0.1013;0.2873;0.6114;85.731;0.5402;0
17/06/21 15:00;12.955;48.704;57.064;17.024;28.214;90;28.214;61.807;60.799;1.0088;9.06;2.3001;0;2.4465;56.992;0.5014;0;0.5141;60.454;0;60.454;2.4465;0.5014;56.992;0.5141;0.0405;0.9512;0;0.0085;57.715;2.7396;0;0;2.2929;0.4467;55.774;1.883;0.0649;0.0133;1.7922;0.0127;57.657;0.0577;0.0024;0.0005;0.0547;0.0001;55.926;2.3792;0.4876;52.853;0.0546;37.122;31.962;8.2543;0.6973;0.3262;4.6927;0.152;4.3216;0;1;0;0;0.9781;0.9547;1;1;0.9598;0.1311;0.9673;0.9735;1;0.9672;0.8117;0.999;0.999;1;0.999;0.999;0.9226;0.9274;0.1063;0.172;0.1694;0.001;0.0139;-0.0082;0.0011;0.004;0.0009;0;0;0.088;0.059;0;0;0;0;0;0;0;0;0;0;0;0;0.0033;0.0002;0.1532;0.1532;0;11.797;11.797;2.7374;0.0491;143.19;1070.1;1;0.0062;0.0062;0;0;0;0;0;0;0.147;0.059;0;16.748;19.394;6.4482;7.4669;95.932;95.932;1.4509;1.2922;0.4975;0.1587;0.7947;0.1094;0.5477;0.3429;37.116;0.3241;0
17/06/21 16:00;4.2944;57.342;79.536;5.0969;7.3459;90;7.3459;8.4976;8.4015;0.096;9.0002;2.18;0;0.2329;8.3589;0.0197;0;0.0049;8.6165;0;8.6165;0.2329;0.0197;8.3589;0.0049;0.027;0.9707;0;0.0006;8.5761;0.0404;0;0;0.0364;0.0041;8.1377;0.4298;0.0709;0.006;0.3527;0.0002;8.5675;0.0086;0.0002;0;0.0083;0;8.1383;0.1618;0.0137;7.9616;0.0006;4.9828;4.2902;1.0548;0.0007;0.0412;0.5927;0.0006;0.6332;0;1;0;0;1.014;0.9953;1;1;0.9957;0.1673;0.9498;0.6951;1;0.9576;0.7756;0.999;0.999;1;0.999;0.999;0.9444;0.9525;0.1297;0.0245;0.0245;0.0001;0.0054;-0.0013;0.0001;0.0005;0.0001;0;0;0.088;-0.0714;0;0;0;0;0;0;0;0;0;0;0;0;0.0004;0;0.019;0.019;0;9.4124;9.4124;0.4122;0.0507;19.166;992.95;1;0.0024;0.0024;0;0;0;0;0;0;0.0166;-0.0714;0;14.595;16.901;-54.735;-63.382;87.371;87.371;0.2068;0.1605;-0.6019;0.0463;0.7624;0.2239;3.6867;0;4.9823;0;0
17/06/21 17:00;0;0;90;0;0;90;0;0;0;0;8.6698;2.2499;0;0;0;0;0;0;0;0;0;0;0;0;0;1;1;1;1;0;0;0;0;0;0;0;0;0;0;0;0;0;0;0;0;0;0;0;0;0;0;0;0;0;0;0;0;0;0;0;0;0;0;0;1;1;1;1;1;1;1;1;1;1;1;1;1;1;1;1;1;1;1;0;0;0;0;0;0;0;0;0;0.0004;0.088;-0.0884;0;0;0;0;0;0;0;0;0;0;0;0;0;0;0;0;0;0;0;-8.6698;0;0;0;0;0.0004;0;0;0;0;0;0;0;-0.0004;-0.0884;0;0;0;0;0;0;0;0;0;-0.7452;0;0.7452;1;1;0;0;0;0
17/06/21 18:00;0;0;90;0;0;90;0;0;0;0;8.5003;2.43;0;0;0;0;0;0;0;0;0;0;0;0;0;1;1;1;1;0;0;0;0;0;0;0;0;0;0;0;0;0;0;0;0;0;0;0;0;0;0;0;0;0;0;0;0;0;0;0;0;0;0;0;1;1;1;1;1;1;1;1;1;1;1;1;1;1;1;1;1;1;1;0;0;0;0;0;0;0;0;0;0.0004;0.088;-0.0884;0;0;0;0;0;0;0;0;0;0;0;0;0;0;0;0;0;0;0;-8.5003;0;0;0;0;0.0004;0;0;0;0;0;0;0;-0.0004;-0.0884;0;0;0;0;0;0;0;0;0;-0.7452;0;0.7452;1;1;0;0;0;0
17/06/21 19:00;0;0;90;0;0;90;0;0;0;0;8.6;2.7899;0;0;0;0;0;0;0;0;0;0;0;0;0;1;1;1;1;0;0;0;0;0;0;0;0;0;0;0;0;0;0;0;0;0;0;0;0;0;0;0;0;0;0;0;0;0;0;0;0;0;0;0;1;1;1;1;1;1;1;1;1;1;1;1;1;1;1;1;1;1;1;0;0;0;0;0;0;0;0;0;0.0004;0.088;-0.0884;0;0;0;0;0;0;0;0;0;0;0;0;0;0;0;0;0;0;0;-8.6;0;0;0;0;0.0004;0;0;0;0;0;0;0;-0.0004;-0.0884;0;0;0;0;0;0;0;0;0;-0.7452;0;0.7452;1;1;0;0;0;0
17/06/21 20:00;0;0;90;0;0;90;0;0;0;0;8.4498;2.97;0;0;0;0;0;0;0;0;0;0;0;0;0;1;1;1;1;0;0;0;0;0;0;0;0;0;0;0;0;0;0;0;0;0;0;0;0;0;0;0;0;0;0;0;0;0;0;0;0;0;0;0;1;1;1;1;1;1;1;1;1;1;1;1;1;1;1;1;1;1;1;0;0;0;0;0;0;0;0;0;0.0004;0.088;-0.0884;0;0;0;0;0;0;0;0;0;0;0;0;0;0;0;0;0;0;0;-8.4498;0;0;0;0;0.0004;0;0;0;0;0;0;0;-0.0004;-0.0884;0;0;0;0;0;0;0;0;0;-0.7452;0;0.7452;1;1;0;0;0;0
17/06/21 21:00;0;0;90;0;0;90;0;0;0;0;8.3999;2.9;0;0;0;0;0;0;0;0;0;0;0;0;0;1;1;1;1;0;0;0;0;0;0;0;0;0;0;0;0;0;0;0;0;0;0;0;0;0;0;0;0;0;0;0;0;0;0;0;0;0;0;0;1;1;1;1;1;1;1;1;1;1;1;1;1;1;1;1;1;1;1;0;0;0;0;0;0;0;0;0;0.0004;0.088;-0.0884;0;0;0;0;0;0;0;0;0;0;0;0;0;0;0;0;0;0;0;-8.3999;0;0;0;0;0.0004;0;0;0;0;0;0;0;-0.0004;-0.0884;0;0;0;0;0;0;0;0;0;-0.7452;0;0.7452;1;1;0;0;0;0
17/06/21 22:00;0;0;90;0;0;90;0;0;0;0;8.3999;2.75;0;0;0;0;0;0;0;0;0;0;0;0;0;1;1;1;1;0;0;0;0;0;0;0;0;0;0;0;0;0;0;0;0;0;0;0;0;0;0;0;0;0;0;0;0;0;0;0;0;0;0;0;1;1;1;1;1;1;1;1;1;1;1;1;1;1;1;1;1;1;1;0;0;0;0;0;0;0;0;0;0.0004;0.088;-0.0884;0;0;0;0;0;0;0;0;0;0;0;0;0;0;0;0;0;0;0;-8.3999;0;0;0;0;0.0004;0;0;0;0;0;0;0;-0.0004;-0.0884;0;0;0;0;0;0;0;0;0;-0.7452;0;0.7452;1;1;0;0;0;0
17/06/21 23:00;0;0;90;0;0;90;0;0;0;0;8.3999;2.52;0;0;0;0;0;0;0;0;0;0;0;0;0;1;1;1;1;0;0;0;0;0;0;0;0;0;0;0;0;0;0;0;0;0;0;0;0;0;0;0;0;0;0;0;0;0;0;0;0;0;0;0;1;1;1;1;1;1;1;1;1;1;1;1;1;1;1;1;1;1;1;0;0;0;0;0;0;0;0;0;0.0004;0.088;-0.0884;0;0;0;0;0;0;0;0;0;0;0;0;0;0;0;0;0;0;0;-8.3999;0;0;0;0;0.0004;0;0;0;0;0;0;0;-0.0004;-0.0884;0;0;0;0;0;0;0;0;0;-0.7452;0;0.7452;1;1;0;0;0;0
18/06/21 00:00;0;0;90;0;0;90;0;0;0;0;8.3999;2.2301;0;0;0;0;0;0;0;0;0;0;0;0;0;1;1;1;1;0;0;0;0;0;0;0;0;0;0;0;0;0;0;0;0;0;0;0;0;0;0;0;0;0;0;0;0;0;0;0;0;0;0;0;1;1;1;1;1;1;1;1;1;1;1;1;1;1;1;1;1;1;1;0;0;0;0;0;0;0;0;0;0.0004;0.088;-0.0884;0;0;0;0;0;0;0;0;0;0;0;0;0;0;0;0;0;0;0;-8.3999;0;0;0;0;0.0004;0;0;0;0;0;0;0;-0.0004;-0.0884;0;0;0;0;0;0;0;0;0;-0.7452;0;0.7452;1;1;0;0;0;0
18/06/21 01:00;0;0;90;0;0;90;0;0;0;0;8.6;1.94;0;0;0;0;0;0;0;0;0;0;0;0;0;1;1;1;1;0;0;0;0;0;0;0;0;0;0;0;0;0;0;0;0;0;0;0;0;0;0;0;0;0;0;0;0;0;0;0;0;0;0;0;1;1;1;1;1;1;1;1;1;1;1;1;1;1;1;1;1;1;1;0;0;0;0;0;0;0;0;0;0.0004;0.088;-0.0884;0;0;0;0;0;0;0;0;0;0;0;0;0;0;0;0;0;0;0;-8.6;0;0;0;0;0.0004;0;0;0;0;0;0;0;-0.0004;-0.0884;0;0;0;0;0;0;0;0;0;-0.7452;0;0.7452;1;1;0;0;0;0
18/06/21 02:00;0;0;90;0;0;90;0;0;0;0;8.6;1.65;0;0;0;0;0;0;0;0;0;0;0;0;0;1;1;1;1;0;0;0;0;0;0;0;0;0;0;0;0;0;0;0;0;0;0;0;0;0;0;0;0;0;0;0;0;0;0;0;0;0;0;0;1;1;1;1;1;1;1;1;1;1;1;1;1;1;1;1;1;1;1;0;0;0;0;0;0;0;0;0;0.0004;0.088;-0.0884;0;0;0;0;0;0;0;0;0;0;0;0;0;0;0;0;0;0;0;-8.6;0;0;0;0;0.0004;0;0;0;0;0;0;0;-0.0004;-0.0884;0;0;0;0;0;0;0;0;0;-0.7452;0;0.7452;1;1;0;0;0;0
18/06/21 03:00;0;0;90;0;0;90;0;0;0;0;8.9802;1.46;0;0;0;0;0;0;0;0;0;0;0;0;0;1;1;1;1;0;0;0;0;0;0;0;0;0;0;0;0;0;0;0;0;0;0;0;0;0;0;0;0;0;0;0;0;0;0;0;0;0;0;0;1;1;1;1;1;1;1;1;1;1;1;1;1;1;1;1;1;1;1;0;0;0;0;0;0;0;0;0;0.0004;0.088;-0.0884;0;0;0;0;0;0;0;0;0;0;0;0;0;0;0;0;0;0;0;-8.9802;0;0;0;0;0.0004;0;0;0;0;0;0;0;-0.0004;-0.0884;0;0;0;0;0;0;0;0;0;-0.7452;0;0.7452;1;1;0;0;0;0
18/06/21 04:00;0;0;90;0;0;90;0;0;0;0;9.1498;1.33;0;0;0;0;0;0;0;0;0;0;0;0;0;1;1;1;1;0;0;0;0;0;0;0;0;0;0;0;0;0;0;0;0;0;0;0;0;0;0;0;0;0;0;0;0;0;0;0;0;0;0;0;1;1;1;1;1;1;1;1;1;1;1;1;1;1;1;1;1;1;1;0;0;0;0;0;0;0;0;0;0.0004;0.088;-0.0884;0;0;0;0;0;0;0;0;0;0;0;0;0;0;0;0;0;0;0;-9.1498;0;0;0;0;0.0004;0;0;0;0;0;0;0;-0.0004;-0.0884;0;0;0;0;0;0;0;0;0;-0.7452;0;0.7452;1;1;0;0;0;0
18/06/21 05:00;0;0;90;0;0;90;0;0;0;0;9.3;1.2899;0;0;0;0;0;0;0;0;0;0;0;0;0;1;1;1;1;0;0;0;0;0;0;0;0;0;0;0;0;0;0;0;0;0;0;0;0;0;0;0;0;0;0;0;0;0;0;0;0;0;0;0;1;1;1;1;1;1;1;1;1;1;1;1;1;1;1;1;1;1;1;0;0;0;0;0;0;0;0;0;0.0004;0.088;-0.0884;0;0;0;0;0;0;0;0;0;0;0;0;0;0;0;0;0;0;0;-9.3;0;0;0;0;0.0004;0;0;0;0;0;0;0;-0.0004;-0.0884;0;0;0;0;0;0;0;0;0;-0.7452;0;0.7452;1;1;0;0;0;0
18/06/21 06:00;0;0;90;0;0;90;0;0;0;0;9.2003;1.32;0;0;0;0;0;0;0;0;0;0;0;0;0;1;1;1;1;0;0;0;0;0;0;0;0;0;0;0;0;0;0;0;0;0;0;0;0;0;0;0;0;0;0;0;0;0;0;0;0;0;0;0;1;1;1;1;1;1;1;1;1;1;1;1;1;1;1;1;1;1;1;0;0;0;0;0;0;0;0;0;0.0004;0.088;-0.0884;0;0;0;0;0;0;0;0;0;0;0;0;0;0;0;0;0;0;0;-9.2003;0;0;0;0;0.0004;0;0;0;0;0;0;0;-0.0004;-0.0884;0;0;0;0;0;0;0;0;0;-0.7452;0;0.7452;1;1;0;0;0;0
18/06/21 07:00;4.4725;-57.155;79.098;5.319;7.6736;-90;-7.6736;15.901;15.599;0.3024;9.0999;2.18;0;0.7335;15.483;0.1109;0;0.01;16.338;0;16.338;0.7335;0.1109;15.483;0.01;0.0449;0.9483;0;0.0006;16.257;0.0802;0;0;0.072;0.0083;15.346;0.8956;0.2127;0.0322;0.6503;0.0004;16.241;0.0163;0.0007;0.0001;0.0154;0;15.347;0.52;0.0786;14.746;0.0013;9.2361;7.9523;1.9559;0.0015;0.0764;1.0983;0.0013;1.1731;0;1;0;0;1.0275;0.9951;1;1;0.9954;0.1688;0.9449;0.7097;1;0.9578;0.7759;0.999;0.999;1;0.999;0.999;0.9393;0.9524;0.1308;0.0465;0.0461;0.0003;0.0075;-0.0025;0.0003;0.001;0.0002;0;0;0.088;-0.0525;0;0;0;0;0;0;0;0;0;0;0;0;0.0008;0;0.0385;0.0385;0;9.8665;9.8665;0.7666;0.05;37.637;1021.7;1;0.0029;0.0029;0;0;0;0;0;0;0.0355;-0.0525;0;15.553;18.009;-21.229;-24.583;92.354;92.354;0.3921;0.3243;-0.4426;0.0678;0.7669;0.173;1.9559;0;9.2344;0;0
18/06/21 08:00;13.416;-48.141;55.758;17.758;29.948;-90;-29.948;109.61;89.602;20.007;9.3;2.8699;0;48.522;78.17;14.163;0;1.0244;141.88;0;141.88;48.522;14.163;78.17;1.0244;0.342;0.5582;0;0.0072;137.54;4.3413;0;0;3.4479;0.8935;133.52;3.8846;1.1052;0.3226;2.4338;0.023;137.4;0.1375;0.0485;0.0142;0.0747;0.0001;133.76;47.368;13.826;72.214;0.1079;51.63;44.453;11.573;1.1767;0.4612;6.6335;0.2429;5.918;0;1;0;0;1.2944;0.9694;1;1;0.9559;0.1278;0.9717;0.9772;1;0.9674;0.8245;0.999;0.999;1;0.999;0.999;0.9411;0.9238;0.1053;0.4038;0.396;0.0024;0.0172;-0.0131;0.0027;0.0097;0.0012;0;0;0.088;0.2713;0;0;0;0;0;0;0;0;0;0;0;0;0.0078;0.0006;0.3676;0.3676;0;15.815;15.815;6.5147;0.0488;337.97;1087.5;1;0.0082;0.0082;0;0;0;0;0;0;0.3593;0.2713;0;17.119;19.823;12.637;14.633;97.763;97.763;3.4051;3.0996;2.2881;0.3055;0.8115;0.0897;0.2383;0.672;51.503;0.6492;0
18/06/21 09:00;21.695;-36.601;48.24;33.714;56.286;-90;-56.286;193.1;155.3;37.796;9.8903;3.6601;0;68.096;111.42;21.622;0;6.0144;207.15;0;207.15;68.096;21.622;111.42;6.0144;0.3287;0.5669;0;0.029;188.82;18.329;0;0;12.724;5.6052;184.17;4.4596;0.7962;0.2528;3.3913;0.0193;188.63;0.1888;0.0681;0.0216;0.0987;0.0004;186.31;67.231;21.347;95.207;0.3895;105.96;91.235;26.019;14.841;1.6068;23.113;2.1355;9.8788;0;1;0;0;1.0728;0.9115;1;1;0.8858;0.068;0.9764;0.9883;1;0.9656;0.9528;0.999;0.999;1;0.999;0.999;0.8891;0.8545;0.0648;0.5895;0.5793;0.0035;0.0168;-0.0127;0.004;0.0142;0.0043;0;0;0.088;0.4387;0;0;0;0;0;0;0;0;0;0;0;0;0.0114;0.001;0.5367;0.5367;0;18.874;18.874;8.9838;0.0488;494.32;1085.8;1;0.01;0.01;0;0;0;0;0;0;0.5267;0.4387;0;17.121;19.826;13.995;16.206;98.138;98.138;4.9717;4.5264;3.7;0.4453;0.8264;0.0896;0.1662;0.7442;92.978;0.6868;0
18/06/21 10:00;27.81;-23.012;54.499;53.456;36.544;-90;-36.544;412.49;106.5;306;10.88;4.5301;0;380.87;48.427;65.709;0;5.6766;500.69;0;500.69;380.87;65.709;48.427;5.6766;0.7607;0.1081;0;0.0113;492.66;8.0304;0;0;2.9239;5.1064;481.81;10.355;7.5191;1.2972;1.4682;0.0708;492.16;0.4927;0.3809;0.0657;0.0455;0.0006;483.37;372.97;64.346;43.99;0.4988;209.07;180.01;48.378;1.4481;1.5534;22.344;1.5614;22.45;0;1;0;0;1.2138;0.984;1;1;0.9396;0.1004;0.979;0.9802;1;0.9677;0.8756;0.999;0.999;1;0.999;0.999;0.9623;0.9084;0.0879;1.4249;1.4277;0.0086;0.0061;0.048;0.0096;0.0339;0.0041;0;0;0.088;1.1767;0;0;0;0;0;0;0;0;0;0;0;0;0.0273;0.0051;1.2852;1.2852;0;34.536;34.536;23.656;0.0491;1227.8;1046.8;1;0.0204;0.0204;0;0;0;0;0;0;1.2647;1.1767;0;16.961;19.641;15.53;17.984;98.411;98.411;12.016;10.838;9.9236;1.1785;0.9144;0.0981;0.0761;0.8258;33.518;0.7991;0
18/06/21 11:00;31.068;-7.6476;58.097;77.544;12.456;-90;-12.456;516.49;89.402;427.09;11.67;5.44;0;437.39;33.087;57.27;0;0.851;528.6;0;528.6;437.39;57.27;33.087;0.851;0.8275;0.0642;0;0.0016;527.54;1.051;0;0;0.3446;0.7064;510.88;16.133;13.099;1.7151;1.2867;0.0324;527.02;0.5275;0.4374;0.0573;0.0327;0.0001;511.06;423.85;55.497;31.423;0.112;300.02;258.32;67.373;0.0221;2.2288;32.06;0.1768;34.267;0;1;0;0;1.0234;0.998;1;1;0.9896;0.1699;0.9694;0.97;1;0.9607;0.7755;0.999;0.999;1;0.999;0.999;0.9665;0.9497;0.1316;1.5043;1.5264;0.0092;0.0048;0.0633;0.0101;0.036;0.0058;0;0;0.088;1.253;0;0;0;0;0;0;0;0;0;0;0;0;0.029;0.0058;1.3625;1.3625;0;36.793;36.793;25.123;0.0492;1312.4;1038.1;1;0.0214;0.0214;0;0;0;0;0;0;1.341;1.253;0;17.032;19.723;15.664;18.138;98.426;98.426;12.686;11.49;10.567;1.1966;0.9229;0.0943;0.0728;0.8329;19.967;0.7968;0
18/06/21 12:00;30.984;8.422;58.002;76.293;13.707;90;13.707;324.1;232.9;91.201;11.78;5.9701;0;93.874;198.84;32.097;0;0.6461;325.46;0;325.46;93.874;32.097;198.84;0.6461;0.2884;0.6129;0;0.002;322.48;2.98;0;0;2.442;0.538;310.84;11.314;2.78;0.9506;7.5587;0.0243;322.16;0.3225;0.0939;0.0321;0.1964;0.0001;310.98;91;31.115;188.64;0.0837;191.17;164.59;41.567;0.1863;1.5198;21.862;0.1376;23.195;0;1;0;0;1.0042;0.9908;1;1;0.9877;0.1674;0.9649;0.9704;1;0.9615;0.7749;0.999;0.999;1;0.999;0.999;0.9551;0.9487;0.1296;0.9262;0.9335;0.0056;0.0131;0.0066;0.0064;0.0225;0.004;0;0;0.088;0.7525;0;0;0;0;0;0;0;0;0;0;0;0;0.0182;0.0023;0.8548;0.8548;0;26.985;26.985;15.205;0.0489;799.08;1069.7;1;0.0143;0.0143;0;0;0;0;0;0;0.8405;0.7525;0;17.355;20.097;15.279;17.693;98.332;98.332;7.811;7.2085;6.3462;0.6025;0.8623;0.0771;0.1104;0.8125;120.47;0.7736;0
18/06/21 13:00;27.574;23.719;54.247;52.393;37.607;90;37.607;165.91;160.8;5.11;11.75;6.0501;0;6.4502;142.89;1.6935;0;2.4131;153.45;0;153.45;6.4502;1.6935;142.89;2.4131;0.042;0.9469;0;0.0157;142.2;11.242;0;0;9.0501;2.1917;137.56;4.5011;0.1238;0.0325;4.3188;0.0259;142.06;0.1422;0.0065;0.0017;0.1338;0.0002;138.39;6.32;1.6593;129.39;0.1952;102.87;88.57;23.78;4.7105;1.0257;14.754;0.8256;11.069;0;1;0;0;0.9249;0.9267;1;1;0.9367;0.0917;0.9683;0.9808;1;0.9677;0.8828;0.999;0.999;1;0.999;0.999;0.8965;0.9055;0.0809;0.4367;0.4255;0.0026;0.0172;-0.01;0.0029;0.0103;0.0027;0;0;0.088;0.2944;0;0;0;0;0;0;0;0;0;0;0;0;0.0083;0.0006;0.3908;0.3908;0;18.475;18.475;6.7252;0.0489;362.79;1077.2;1;0.0084;0.0084;0;0;0;0;0;0;0.3824;0.2944;0;16.829;19.487;12.679;14.682;97.859;97.859;3.6827;3.2956;2.4829;0.3871;0.8127;0.1051;0.2207;0.6742;99.759;0.6289;0
18/06/21 14:00;21.337;37.208;47.89;32.862;57.138;90;57.138;339.8;106.9;232.91;10.78;5.47;0;429.23;42.561;95.308;0;10.88;577.98;0;577.98;429.23;95.308;42.561;10.88;0.7426;0.0925;0;0.0188;562.81;15.175;0;0;4.9846;10.19;554.89;7.3607;4.9308;1.0948;1.2989;0.0362;562.25;0.5628;0.4292;0.0953;0.0376;0.0007;557.06;423.87;94.118;36.24;0.6523;105.25;90.621;24.121;5.9812;1.1385;16.377;2.1784;11.535;0;1;0;0;1.7009;0.9737;1;1;0.8829;0.0633;0.9869;0.9885;1;0.9654;0.9475;0.999;0.999;1;0.999;0.999;0.96;0.8515;0.06;1.6449;1.6266;0.0098;0.0035;0.0748;0.0108;0.0382;0.0029;0;0;0.088;1.3384;0;0;0;0;0;0;0;0;0;0;0;0;0.0308;0.0065;1.4493;1.4493;0;38.086;38.086;27.307;0.0492;1400.3;1035;1;0.0229;0.0229;0;0;0;0;0;0;1.4264;1.3384;0;16.57;19.188;15.302;17.719;98.419;98.419;13.872;12.223;11.287;1.6491;0.9353;0.1189;0.0674;0.8137;35.849;0.7968;0
18/06/21 15:00;12.97;48.653;57.022;17.055;28.287;90;28.287;47.391;46.803;0.5876;10.5;4.3999;0;1.4251;43.922;0.2246;0;0.3962;45.968;0;45.968;1.4251;0.2246;43.922;0.3962;0.031;0.9641;0;0.0086;43.849;2.1188;0;0;1.7744;0.3444;42.371;1.4338;0.0376;0.0059;1.3805;0.0097;43.805;0.0438;0.0014;0.0002;0.0421;0.0001;42.489;1.3861;0.2185;40.725;0.042;28.621;24.642;6.3657;0.5423;0.2517;3.6208;0.1179;3.3303;0;1;0;0;0.97;0.9539;1;1;0.9596;0.1307;0.9673;0.9736;1;0.9672;0.8121;0.999;0.999;1;0.999;0.999;0.9218;0.9272;0.1061;0.1308;0.1288;0.0008;0.0124;-0.0059;0.0009;0.003;0.0006;0;0;0.088;0.0212;0;0;0;0;0;0;0;0;0;0;0;0;0.0024;0.0001;0.1144;0.1144;0;12.588;12.588;2.0881;0.0493;108.44;1055.1;1;0.0052;0.0052;0;0;0;0;0;0;0.1092;0.0212;0;16.448;19.046;3.0538;3.5363;95.479;95.479;1.1032;0.9649;0.1791;0.1383;0.7857;0.1254;0.7122;0.1624;28.617;0.1533;0
18/06/21 16:00;4.1429;57.447;79.909;4.9116;7.0731;90;7.0731;15.491;15.299;0.1915;10.8;4.5399;0;0.4644;15.211;0.0743;0;0.0083;15.758;0;15.758;0.4644;0.0743;15.211;0.0083;0.0295;0.9658;0;0.0005;15.689;0.0691;0;0;0.0622;0.0069;14.857;0.8156;0.1475;0.0236;0.6442;0.0003;15.673;0.0157;0.0005;0.0001;0.0151;0;14.858;0.3165;0.0507;14.489;0.0011;9.0629;7.8031;1.9182;0.001;0.075;1.0782;0.001;1.1521;0;1;0;0;1.0172;0.9956;1;1;0.9959;0.1673;0.948;0.6821;1;0.9574;0.7757;0.999;0.999;1;0.999;0.999;0.9429;0.9526;0.1296;0.0448;0.0447;0.0003;0.0074;-0.0021;0.0003;0.001;0.0002;0;0;0.088;-0.054;0;0;0;0;0;0;0;0;0;0;0;0;0.0008;0;0.0369;0.0369;0;11.543;11.543;0.7437;0.0501;36.43;1012.7;1;0.0029;0.0029;0;0;0;0;0;0;0.034;-0.054;0;15.471;17.915;-22.638;-26.214;92.202;92.202;0.3782;0.3111;-0.4553;0.0671;0.7664;0.1773;2.0265;0;9.0618;0;0
18/06/21 17:00;0;0;90;0;0;90;0;0;0;0;9.9202;4.9399;0;0;0;0;0;0;0;0;0;0;0;0;0;1;1;1;1;0;0;0;0;0;0;0;0;0;0;0;0;0;0;0;0;0;0;0;0;0;0;0;0;0;0;0;0;0;0;0;0;0;0;0;1;1;1;1;1;1;1;1;1;1;1;1;1;1;1;1;1;1;1;0;0;0;0;0;0;0;0;0;0.0004;0.088;-0.0884;0;0;0;0;0;0;0;0;0;0;0;0;0;0;0;0;0;0;0;-9.9202;0;0;0;0;0.0004;0;0;0;0;0;0;0;-0.0004;-0.0884;0;0;0;0;0;0;0;0;0;-0.7452;0;0.7452;1;1;0;0;0;0
18/06/21 18:00;0;0;90;0;0;90;0;0;0;0;9.7999;4.6199;0;0;0;0;0;0;0;0;0;0;0;0;0;1;1;1;1;0;0;0;0;0;0;0;0;0;0;0;0;0;0;0;0;0;0;0;0;0;0;0;0;0;0;0;0;0;0;0;0;0;0;0;1;1;1;1;1;1;1;1;1;1;1;1;1;1;1;1;1;1;1;0;0;0;0;0;0;0;0;0;0.0004;0.088;-0.0884;0;0;0;0;0;0;0;0;0;0;0;0;0;0;0;0;0;0;0;-9.7999;0;0;0;0;0.0004;0;0;0;0;0;0;0;-0.0004;-0.0884;0;0;0;0;0;0;0;0;0;-0.7452;0;0.7452;1;1;0;0;0;0
18/06/21 19:00;0;0;90;0;0;90;0;0;0;0;9.0301;4.1;0;0;0;0;0;0;0;0;0;0;0;0;0;1;1;1;1;0;0;0;0;0;0;0;0;0;0;0;0;0;0;0;0;0;0;0;0;0;0;0;0;0;0;0;0;0;0;0;0;0;0;0;1;1;1;1;1;1;1;1;1;1;1;1;1;1;1;1;1;1;1;0;0;0;0;0;0;0;0;0;0.0004;0.088;-0.0884;0;0;0;0;0;0;0;0;0;0;0;0;0;0;0;0;0;0;0;-9.0301;0;0;0;0;0.0004;0;0;0;0;0;0;0;-0.0004;-0.0884;0;0;0;0;0;0;0;0;0;-0.7452;0;0.7452;1;1;0;0;0;0
18/06/21 20:00;0;0;90;0;0;90;0;0;0;0;8.6;4.02;0;0;0;0;0;0;0;0;0;0;0;0;0;1;1;1;1;0;0;0;0;0;0;0;0;0;0;0;0;0;0;0;0;0;0;0;0;0;0;0;0;0;0;0;0;0;0;0;0;0;0;0;1;1;1;1;1;1;1;1;1;1;1;1;1;1;1;1;1;1;1;0;0;0;0;0;0;0;0;0;0.0004;0.088;-0.0884;0;0;0;0;0;0;0;0;0;0;0;0;0;0;0;0;0;0;0;-8.6;0;0;0;0;0.0004;0;0;0;0;0;0;0;-0.0004;-0.0884;0;0;0;0;0;0;0;0;0;-0.7452;0;0.7452;1;1;0;0;0;0
18/06/21 21:00;0;0;90;0;0;90;0;0;0;0;8.6;4.51;0;0;0;0;0;0;0;0;0;0;0;0;0;1;1;1;1;0;0;0;0;0;0;0;0;0;0;0;0;0;0;0;0;0;0;0;0;0;0;0;0;0;0;0;0;0;0;0;0;0;0;0;1;1;1;1;1;1;1;1;1;1;1;1;1;1;1;1;1;1;1;0;0;0;0;0;0;0;0;0;0.0004;0.088;-0.0884;0;0;0;0;0;0;0;0;0;0;0;0;0;0;0;0;0;0;0;-8.6;0;0;0;0;0.0004;0;0;0;0;0;0;0;-0.0004;-0.0884;0;0;0;0;0;0;0;0;0;-0.7452;0;0.7452;1;1;0;0;0;0
18/06/21 22:00;0;0;90;0;0;90;0;0;0;0;7.4998;4.7701;0;0;0;0;0;0;0;0;0;0;0;0;0;1;1;1;1;0;0;0;0;0;0;0;0;0;0;0;0;0;0;0;0;0;0;0;0;0;0;0;0;0;0;0;0;0;0;0;0;0;0;0;1;1;1;1;1;1;1;1;1;1;1;1;1;1;1;1;1;1;1;0;0;0;0;0;0;0;0;0;0.0004;0.088;-0.0884;0;0;0;0;0;0;0;0;0;0;0;0;0;0;0;0;0;0;0;-7.4998;0;0;0;0;0.0004;0;0;0;0;0;0;0;-0.0004;-0.0884;0;0;0;0;0;0;0;0;0;-0.7452;0;0.7452;1;1;0;0;0;0
18/06/21 23:00;0;0;90;0;0;90;0;0;0;0;6.4801;4.81;0;0;0;0;0;0;0;0;0;0;0;0;0;1;1;1;1;0;0;0;0;0;0;0;0;0;0;0;0;0;0;0;0;0;0;0;0;0;0;0;0;0;0;0;0;0;0;0;0;0;0;0;1;1;1;1;1;1;1;1;1;1;1;1;1;1;1;1;1;1;1;0;0;0;0;0;0;0;0;0;0.0004;0.088;-0.0884;0;0;0;0;0;0;0;0;0;0;0;0;0;0;0;0;0;0;0;-6.4801;0;0;0;0;0.0004;0;0;0;0;0;0;0;-0.0004;-0.0884;0;0;0;0;0;0;0;0;0;-0.7452;0;0.7452;1;1;0;0;0;0
19/06/21 00:00;0;0;90;0;0;90;0;0;0;0;5.5401;4.7099;0;0;0;0;0;0;0;0;0;0;0;0;0;1;1;1;1;0;0;0;0;0;0;0;0;0;0;0;0;0;0;0;0;0;0;0;0;0;0;0;0;0;0;0;0;0;0;0;0;0;0;0;1;1;1;1;1;1;1;1;1;1;1;1;1;1;1;1;1;1;1;0;0;0;0;0;0;0;0;0;0.0004;0.088;-0.0884;0;0;0;0;0;0;0;0;0;0;0;0;0;0;0;0;0;0;0;-5.5401;0;0;0;0;0.0004;0;0;0;0;0;0;0;-0.0004;-0.0884;0;0;0;0;0;0;0;0;0;-0.7452;0;0.7452;1;1;0;0;0;0
19/06/21 01:00;0;0;90;0;0;90;0;0;0;0;4.3302;4.7701;0;0;0;0;0;0;0;0;0;0;0;0;0;1;1;1;1;0;0;0;0;0;0;0;0;0;0;0;0;0;0;0;0;0;0;0;0;0;0;0;0;0;0;0;0;0;0;0;0;0;0;0;1;1;1;1;1;1;1;1;1;1;1;1;1;1;1;1;1;1;1;0;0;0;0;0;0;0;0;0;0.0004;0.088;-0.0884;0;0;0;0;0;0;0;0;0;0;0;0;0;0;0;0;0;0;0;-4.3302;0;0;0;0;0.0004;0;0;0;0;0;0;0;-0.0004;-0.0884;0;0;0;0;0;0;0;0;0;-0.7452;0;0.7452;1;1;0;0;0;0
19/06/21 02:00;0;0;90;0;0;90;0;0;0;0;4.3202;4.7899;0;0;0;0;0;0;0;0;0;0;0;0;0;1;1;1;1;0;0;0;0;0;0;0;0;0;0;0;0;0;0;0;0;0;0;0;0;0;0;0;0;0;0;0;0;0;0;0;0;0;0;0;1;1;1;1;1;1;1;1;1;1;1;1;1;1;1;1;1;1;1;0;0;0;0;0;0;0;0;0;0.0004;0.088;-0.0884;0;0;0;0;0;0;0;0;0;0;0;0;0;0;0;0;0;0;0;-4.3202;0;0;0;0;0.0004;0;0;0;0;0;0;0;-0.0004;-0.0884;0;0;0;0;0;0;0;0;0;-0.7452;0;0.7452;1;1;0;0;0;0
19/06/21 03:00;0;0;90;0;0;90;0;0;0;0;2.8697;4.6001;0;0;0;0;0;0;0;0;0;0;0;0;0;1;1;1;1;0;0;0;0;0;0;0;0;0;0;0;0;0;0;0;0;0;0;0;0;0;0;0;0;0;0;0;0;0;0;0;0;0;0;0;1;1;1;1;1;1;1;1;1;1;1;1;1;1;1;1;1;1;1;0;0;0;0;0;0;0;0;0;0.0004;0.088;-0.0884;0;0;0;0;0;0;0;0;0;0;0;0;0;0;0;0;0;0;0;-2.8697;0;0;0;0;0.0004;0;0;0;0;0;0;0;-0.0004;-0.0884;0;0;0;0;0;0;0;0;0;-0.7452;0;0.7452;1;1;0;0;0;0
19/06/21 04:00;0;0;90;0;0;90;0;0;0;0;2.78;4.4601;0;0;0;0;0;0;0;0;0;0;0;0;0;1;1;1;1;0;0;0;0;0;0;0;0;0;0;0;0;0;0;0;0;0;0;0;0;0;0;0;0;0;0;0;0;0;0;0;0;0;0;0;1;1;1;1;1;1;1;1;1;1;1;1;1;1;1;1;1;1;1;0;0;0;0;0;0;0;0;0;0.0004;0.088;-0.0884;0;0;0;0;0;0;0;0;0;0;0;0;0;0;0;0;0;0;0;-2.78;0;0;0;0;0.0004;0;0;0;0;0;0;0;-0.0004;-0.0884;0;0;0;0;0;0;0;0;0;-0.7452;0;0.7452;1;1;0;0;0;0
19/06/21 05:00;0;0;90;0;0;90;0;0;0;0;2.54;4.35;0;0;0;0;0;0;0;0;0;0;0;0;0;1;1;1;1;0;0;0;0;0;0;0;0;0;0;0;0;0;0;0;0;0;0;0;0;0;0;0;0;0;0;0;0;0;0;0;0;0;0;0;1;1;1;1;1;1;1;1;1;1;1;1;1;1;1;1;1;1;1;0;0;0;0;0;0;0;0;0;0.0004;0.088;-0.0884;0;0;0;0;0;0;0;0;0;0;0;0;0;0;0;0;0;0;0;-2.54;0;0;0;0;0.0004;0;0;0;0;0;0;0;-0.0004;-0.0884;0;0;0;0;0;0;0;0;0;-0.7452;0;0.7452;1;1;0;0;0;0
19/06/21 06:00;0;0;90;0;0;90;0;0;0;0;2.1398;4.3001;0;0;0;0;0;0;0;0;0;0;0;0;0;1;1;1;1;0;0;0;0;0;0;0;0;0;0;0;0;0;0;0;0;0;0;0;0;0;0;0;0;0;0;0;0;0;0;0;0;0;0;0;1;1;1;1;1;1;1;1;1;1;1;1;1;1;1;1;1;1;1;0;0;0;0;0;0;0;0;0;0.0004;0.088;-0.0884;0;0;0;0;0;0;0;0;0;0;0;0;0;0;0;0;0;0;0;-2.1398;0;0;0;0;0.0004;0;0;0;0;0;0;0;-0.0004;-0.0884;0;0;0;0;0;0;0;0;0;-0.7452;0;0.7452;1;1;0;0;0;0
19/06/21 07:00;4.4276;-57.175;79.209;5.2646;7.5932;-90;-7.5932;41.296;24;17.296;2.9402;4.6199;0;41.947;19.848;9.8574;0;0.0253;71.679;0;71.679;41.947;9.8574;19.848;0.0253;0.5852;0.2773;0;0.0004;71.567;0.1117;0;0;0.0907;0.0211;55.45;16.045;12.315;2.8941;0.8346;0.001;71.495;0.0716;0.0419;0.0099;0.0198;0;55.452;29.59;6.9535;18.903;0.0033;11.941;10.281;2.5414;0.0019;0.0979;1.4078;0.0016;1.5038;0;1;0;0;1.7357;0.9984;1;1;0.9954;0.1688;0.7756;0.7061;1;0.9577;0.776;0.999;0.999;1;0.999;0.999;0.7736;0.9524;0.1308;0.204;0.1615;0.001;0.0136;-0.0114;0.0011;0.0039;0.0003;0;0;0.088;0.0551;0;0;0;0;0;0;0;0;0;0;0;0;0.0032;0.0001;0.1496;0.1496;0;5.6478;5.6478;2.7076;0.0488;136.41;1096.9;1;0.0065;0.0065;0;0;0;0;0;0;0.1431;0.0551;0;13.794;15.974;5.0836;5.8867;95.663;95.663;1.7203;1.2619;0.465;0.4584;0.7968;0.2665;0.4632;0.2703;11.836;0.2664;0
19/06/21 08:00;13.373;-48.167;55.878;17.697;29.8;-90;-29.8;174.99;53.402;121.59;6.5698;4.8501;0;294.89;30.054;51.464;0;1.6198;378.03;0;378.03;294.89;51.464;30.054;1.6198;0.7801;0.0838;0;0.0043;375.3;2.7269;0;0;1.3152;1.4117;365.95;8.9722;6.8105;1.1886;0.9365;0.0367;374.92;0.3753;0.2949;0.0515;0.0287;0.0002;366.04;287.78;50.224;27.774;0.1712;20.481;17.634;4.6629;0.445;0.1768;2.5438;0.0922;2.2756;0;1;0;0;2.1603;0.9928;1;1;0.9562;0.1285;0.9761;0.9769;1;0.9674;0.8236;0.999;0.999;1;0.999;0.999;0.9681;0.9241;0.1057;1.0758;1.0524;0.0063;0.0115;-0.0022;0.0073;0.0257;0.0005;0;0;0.088;0.8753;0;0;0;0;0;0;0;0;0;0;0;0;0.0207;0.0029;0.9797;0.9797;0;24.414;24.414;17.844;0.0488;902.46;1085.5;1;0.0164;0.0164;0;0;0;0;0;0;0.9633;0.8753;0;17.124;19.83;15.3;17.717;98.329;98.329;9.0726;8.2615;7.3813;0.8111;0.8802;0.0894;0.097;0.8136;19.782;0.8095;0
19/06/21 09:00;21.658;-36.635;48.228;33.642;56.358;-90;-56.358;347.89;60.3;287.59;10.29;5.0901;0;519.11;19.255;64.112;0;10.861;613.34;0;613.34;519.11;64.112;19.255;10.861;0.8464;0.0491;0;0.0177;601.01;12.325;0;0;2.203;10.122;592.98;7.4364;6.066;0.7492;0.5862;0.035;600.41;0.601;0.5191;0.0641;0.0171;0.0007;595.09;512.53;63.298;16.449;0.7033;99.893;86.008;21.459;2.5788;0.9725;13.989;2.1118;12.382;0;1;0;0;1.763;0.9799;1;1;0.8856;0.068;0.9876;0.9883;1;0.9656;0.9526;0.999;0.999;1;0.999;0.999;0.9668;0.8543;0.0648;1.7455;1.7306;0.0104;0.0023;0.0881;0.0114;0.0405;0.0025;0;0;0.088;1.4231;0;0;0;0;0;0;0;0;0;0;0;0;0.0326;0.0073;1.5356;1.5356;0;39.498;39.498;29.208;0.0493;1490.1;1030.5;1;0.0245;0.0245;0;0;0;0;0;0;1.5111;1.4231;0;16.544;19.158;15.332;17.754;98.405;98.405;14.72;12.95;12.001;1.7702;0.9487;0.1203;0.0644;0.8153;16.081;0.8016;0
19/06/21 10:00;27.78;-23.056;54.496;53.372;36.628;-90;-36.628;452.79;79.697;373.1;12.62;5.68;0;464.9;28.366;60.089;0;6.259;559.62;0;559.62;464.9;60.089;28.366;6.259;0.8308;0.0619;0;0.0112;552.26;7.3512;0;0;1.7188;5.6324;540.41;11.297;9.1741;1.1858;0.8598;0.0774;551.71;0.5523;0.4649;0.0601;0.0266;0.0006;542.17;455.26;58.843;25.761;0.5486;225.56;194.21;51.14;0.8557;1.6984;24.431;1.7559;25.274;0;1;0;0;1.2359;0.9869;1;1;0.9394;0.1001;0.9795;0.9802;1;0.9677;0.8764;0.999;0.999;1;0.999;0.999;0.9657;0.9082;0.0877;1.5926;1.6001;0.0096;0.0038;0.0802;0.0105;0.0374;0.0044;0;0;0.088;1.3075;0;0;0;0;0;0;0;0;0;0;0;0;0.0301;0.0063;1.4177;1.4177;0;39.243;39.243;26.623;0.0493;1376.9;1029.6;1;0.0222;0.0222;0;0;0;0;0;0;1.3955;1.3075;0;16.741;19.385;15.439;17.878;98.433;98.433;13.431;11.956;11.027;1.4748;0.9294;0.1098;0.0692;0.821;19.646;0.795;0
19/06/21 11:00;31.047;-7.6998;58.105;77.452;12.548;-90;-12.548;512.2;90.599;421.6;14.03;6.02;0;431.91;34.205;57.351;0;0.8563;524.33;0;524.33;431.91;57.351;34.205;0.8563;0.8238;0.0669;0;0.0016;523.25;1.0715;0;0;0.3607;0.7109;506.7;16.027;12.947;1.7192;1.328;0.0326;522.73;0.5233;0.4319;0.0574;0.0338;0.0001;506.88;418.53;55.575;32.482;0.1127;297.48;256.13;66.794;0.0234;2.2105;31.797;0.1784;33.984;0;1;0;0;1.0237;0.998;1;1;0.9895;0.1699;0.9693;0.97;1;0.9607;0.7755;0.999;0.999;1;0.999;0.999;0.9664;0.9496;0.1316;1.4922;1.5139;0.0091;0.005;0.0747;0.01;0.0354;0.0057;0;0;0.088;1.231;0;0;0;0;0;0;0;0;0;0;0;0;0.0285;0.0057;1.34;1.34;0;38.994;38.994;24.964;0.0493;1302;1029.1;1;0.021;0.021;0;0;0;0;0;0;1.319;1.231;0;16.887;19.555;15.514;17.965;98.436;98.436;12.584;11.3;10.381;1.2837;0.9188;0.102;0.073;0.825;20.647;0.7891;0
19/06/21 12:00;30.976;8.3656;58.023;76.376;13.624;90;13.624;516.3;94.497;421.8;15.1;5.87;0;434.01;35.452;60.235;0;1.0169;530.72;0;530.72;434.01;60.235;35.452;1.0169;0.8178;0.0687;0;0.0019;529.44;1.2776;0;0;0.4309;0.8466;512.85;16.062;12.886;1.7884;1.3497;0.0383;528.91;0.5294;0.434;0.0602;0.035;0.0002;513.07;420.69;58.386;33.636;0.1318;299.02;257.46;66.873;0.0327;2.2399;32.22;0.2217;34.428;0;1;0;0;1.0279;0.9976;1;1;0.9878;0.1674;0.9696;0.9703;1;0.9614;0.7749;0.999;0.999;1;0.999;0.999;0.9663;0.9488;0.1296;1.5104;1.5325;0.0092;0.0047;0.0832;0.01;0.0356;0.0057;0;0;0.088;1.2404;0;0;0;0;0;0;0;0;0;0;0;0;0.0287;0.0058;1.3494;1.3494;0;40.394;40.394;25.294;0.0493;1318.2;1023.7;1;0.021;0.021;0;0;0;0;0;0;1.3284;1.2404;0;16.802;19.456;15.444;17.884;98.444;98.444;12.737;11.38;10.461;1.3574;0.9192;0.1066;0.0722;0.8213;21.472;0.7856;0
19/06/21 13:00;27.577;23.664;54.278;52.458;37.542;90;37.542;455.39;98.901;356.49;15.46;5.62;0;449.6;37.053;72.604;0;6.6017;565.86;0;565.86;449.6;72.604;37.053;6.6017;0.7945;0.0771;0;0.0117;557.52;8.335;0;0;2.3406;5.9944;545.72;11.25;8.6603;1.3985;1.1201;0.0715;556.97;0.5575;0.4496;0.0726;0.0347;0.0006;547.54;440.49;71.133;33.558;0.5352;225.65;194.29;51.685;1.2158;1.6884;24.287;1.8203;24.76;0;1;0;0;1.2426;0.9853;1;1;0.9368;0.092;0.9798;0.9807;1;0.9677;0.8822;0.999;0.999;1;0.999;0.999;0.9644;0.9057;0.0811;1.6104;1.6152;0.0097;0.0037;0.0991;0.0105;0.0373;0.0043;0;0;0.088;1.3042;0;0;0;0;0;0;0;0;0;0;0;0;0.03;0.0064;1.4141;1.4141;0;42.413;42.413;26.953;0.0494;1390.2;1017.2;1;0.0219;0.0219;0;0;0;0;0;0;1.3922;1.3042;0;16.514;19.122;15.23;17.636;98.449;98.449;13.581;11.925;10.998;1.6552;0.927;0.1219;0.0683;0.8099;25.855;0.7846;0
19/06/21 14:00;21.35;37.157;47.927;32.909;57.091;90;57.091;350.51;96.999;253.51;15.23;4.98;0;466.6;35.452;93.971;0;11.205;607.23;0;607.23;466.6;93.971;35.452;11.205;0.7684;0.0768;0;0.0185;592.59;14.642;0;0;4.1469;10.495;584.43;7.5706;5.3702;1.0815;1.0818;0.0371;592;0.5926;0.4666;0.094;0.0313;0.0007;586.58;460.77;92.796;30.192;0.6719;104.41;89.894;23.763;4.9679;1.0774;15.498;2.1516;11.607;0;1;0;0;1.7324;0.9759;1;1;0.883;0.0633;0.9872;0.9885;1;0.9654;0.9477;0.999;0.999;1;0.999;0.999;0.9624;0.8516;0.06;1.7281;1.7093;0.0103;0.0025;0.1152;0.0111;0.0393;0.0027;0;0;0.088;1.3782;0;0;0;0;0;0;0;0;0;0;0;0;0.0316;0.0071;1.4895;1.4895;0;44.128;44.128;28.898;0.0494;1471.9;1011.9;1;0.0233;0.0233;0;0;0;0;0;0;1.4662;1.3782;0;16.209;18.77;14.998;17.368;98.437;98.437;14.574;12.561;11.623;2.0122;0.9384;0.1381;0.0644;0.7975;29.845;0.7826;0
19/06/21 15:00;12.99;48.607;56.964;17.093;28.374;90;28.374;182.9;106.3;76.604;15;3.53;0;185.79;74.175;66.41;0;1.5381;327.91;0;327.91;185.79;66.41;74.175;1.5381;0.5666;0.2309;0;0.0047;323.56;4.3487;0;0;3.0112;1.3375;314.26;8.9787;4.8701;1.7408;2.3301;0.0375;323.24;0.3236;0.1858;0.0664;0.0712;0.0002;314.46;180.73;64.603;68.763;0.1628;48.866;42.074;10.931;0.9257;0.4257;6.1238;0.2007;5.6238;0;1;0;0;1.7928;0.9867;1;1;0.9594;0.1304;0.9722;0.9738;1;0.9672;0.8126;0.999;0.999;1;0.999;0.999;0.9584;0.927;0.1058;0.9332;0.912;0.0055;0.0134;0.0176;0.0061;0.0217;0.0011;0;0;0.088;0.7251;0;0;0;0;0;0;0;0;0;0;0;0;0.0175;0.0023;0.8268;0.8268;0;30.414;30.414;15.415;0.0491;782.83;1056.1;1;0.0137;0.0137;0;0;0;0;0;0;0.8131;0.7251;0;16.66;19.292;14.612;16.92;98.346;98.346;7.8699;6.9721;6.1147;0.8978;0.8574;0.1141;0.109;0.777;48.357;0.7663;0
19/06/21 16:00;4.1683;57.404;79.847;4.944;7.1207;90;7.1207;27.192;26.701;0.4912;13.9;3.62;0;1.1912;26.462;0.3308;0;0.0147;27.999;0;27.999;1.1912;0.3308;26.462;0.0147;0.0425;0.9456;0;0.0005;27.877;0.1216;0;0;0.1094;0.0122;26.249;1.6005;0.3757;0.1043;1.12;0.0006;27.849;0.0279;0.0012;0.0003;0.0264;0;26.251;0.8144;0.2261;25.206;0.0019;15.769;13.577;3.3378;0.0019;0.1304;1.8758;0.0017;2.0044;0;1;0;0;1.0297;0.9957;1;1;0.9959;0.1673;0.9425;0.6843;1;0.9575;0.7757;0.999;0.999;1;0.999;0.999;0.9375;0.9525;0.1296;0.0797;0.0789;0.0005;0.0099;-0.0028;0.0005;0.0018;0.0003;0;0;0.088;-0.0245;0;0;0;0;0;0;0;0;0;0;0;0;0.0014;0.0001;0.0672;0.0672;0;15.205;15.205;1.3051;0.0497;65.745;1022.7;1;0.0037;0.0037;0;0;0;0;0;0;0.0635;-0.0245;0;15.868;18.375;-5.7707;-6.6823;94.516;94.516;0.672;0.567;-0.2062;0.105;0.7732;0.1562;1.1507;0;15.766;0;0
19/06/21 17:00;0;0;90;0;0;90;0;0;0;0;11.53;3.8101;0;0;0;0;0;0;0;0;0;0;0;0;0;1;1;1;1;0;0;0;0;0;0;0;0;0;0;0;0;0;0;0;0;0;0;0;0;0;0;0;0;0;0;0;0;0;0;0;0;0;0;0;1;1;1;1;1;1;1;1;1;1;1;1;1;1;1;1;1;1;1;0;0;0;0;0;0;0;0;0;0.0004;0.088;-0.0884;0;0;0;0;0;0;0;0;0;0;0;0;0;0;0;0;0;0;0;-11.53;0;0;0;0;0.0004;0;0;0;0;0;0;0;-0.0004;-0.0884;0;0;0;0;0;0;0;0;0;-0.7452;0;0.7452;1;1;0;0;0;0
19/06/21 18:00;0;0;90;0;0;90;0;0;0;0;9.4303;3.7599;0;0;0;0;0;0;0;0;0;0;0;0;0;1;1;1;1;0;0;0;0;0;0;0;0;0;0;0;0;0;0;0;0;0;0;0;0;0;0;0;0;0;0;0;0;0;0;0;0;0;0;0;1;1;1;1;1;1;1;1;1;1;1;1;1;1;1;1;1;1;1;0;0;0;0;0;0;0;0;0;0.0004;0.088;-0.0884;0;0;0;0;0;0;0;0;0;0;0;0;0;0;0;0;0;0;0;-9.4303;0;0;0;0;0.0004;0;0;0;0;0;0;0;-0.0004;-0.0884;0;0;0;0;0;0;0;0;0;-0.7452;0;0.7452;1;1;0;0;0;0
19/06/21 19:00;0;0;90;0;0;90;0;0;0;0;7.5902;3.5899;0;0;0;0;0;0;0;0;0;0;0;0;0;1;1;1;1;0;0;0;0;0;0;0;0;0;0;0;0;0;0;0;0;0;0;0;0;0;0;0;0;0;0;0;0;0;0;0;0;0;0;0;1;1;1;1;1;1;1;1;1;1;1;1;1;1;1;1;1;1;1;0;0;0;0;0;0;0;0;0;0.0004;0.088;-0.0884;0;0;0;0;0;0;0;0;0;0;0;0;0;0;0;0;0;0;0;-7.5902;0;0;0;0;0.0004;0;0;0;0;0;0;0;-0.0004;-0.0884;0;0;0;0;0;0;0;0;0;-0.7452;0;0.7452;1;1;0;0;0;0
19/06/21 20:00;0;0;90;0;0;90;0;0;0;0;5.9602;3.39;0;0;0;0;0;0;0;0;0;0;0;0;0;1;1;1;1;0;0;0;0;0;0;0;0;0;0;0;0;0;0;0;0;0;0;0;0;0;0;0;0;0;0;0;0;0;0;0;0;0;0;0;1;1;1;1;1;1;1;1;1;1;1;1;1;1;1;1;1;1;1;0;0;0;0;0;0;0;0;0;0.0004;0.088;-0.0884;0;0;0;0;0;0;0;0;0;0;0;0;0;0;0;0;0;0;0;-5.9602;0;0;0;0;0.0004;0;0;0;0;0;0;0;-0.0004;-0.0884;0;0;0;0;0;0;0;0;0;-0.7452;0;0.7452;1;1;0;0;0;0
19/06/21 21:00;0;0;90;0;0;90;0;0;0;0;5.5501;3.1899;0;0;0;0;0;0;0;0;0;0;0;0;0;1;1;1;1;0;0;0;0;0;0;0;0;0;0;0;0;0;0;0;0;0;0;0;0;0;0;0;0;0;0;0;0;0;0;0;0;0;0;0;1;1;1;1;1;1;1;1;1;1;1;1;1;1;1;1;1;1;1;0;0;0;0;0;0;0;0;0;0.0004;0.088;-0.0884;0;0;0;0;0;0;0;0;0;0;0;0;0;0;0;0;0;0;0;-5.5501;0;0;0;0;0.0004;0;0;0;0;0;0;0;-0.0004;-0.0884;0;0;0;0;0;0;0;0;0;-0.7452;0;0.7452;1;1;0;0;0;0
19/06/21 22:00;0;0;90;0;0;90;0;0;0;0;5.12;3.0299;0;0;0;0;0;0;0;0;0;0;0;0;0;1;1;1;1;0;0;0;0;0;0;0;0;0;0;0;0;0;0;0;0;0;0;0;0;0;0;0;0;0;0;0;0;0;0;0;0;0;0;0;1;1;1;1;1;1;1;1;1;1;1;1;1;1;1;1;1;1;1;0;0;0;0;0;0;0;0;0;0.0004;0.088;-0.0884;0;0;0;0;0;0;0;0;0;0;0;0;0;0;0;0;0;0;0;-5.12;0;0;0;0;0.0004;0;0;0;0;0;0;0;-0.0004;-0.0884;0;0;0;0;0;0;0;0;0;-0.7452;0;0.7452;1;1;0;0;0;0
19/06/21 23:00;0;0;90;0;0;90;0;0;0;0;3.8203;2.8799;0;0;0;0;0;0;0;0;0;0;0;0;0;1;1;1;1;0;0;0;0;0;0;0;0;0;0;0;0;0;0;0;0;0;0;0;0;0;0;0;0;0;0;0;0;0;0;0;0;0;0;0;1;1;1;1;1;1;1;1;1;1;1;1;1;1;1;1;1;1;1;0;0;0;0;0;0;0;0;0;0.0004;0.088;-0.0884;0;0;0;0;0;0;0;0;0;0;0;0;0;0;0;0;0;0;0;-3.8203;0;0;0;0;0.0004;0;0;0;0;0;0;0;-0.0004;-0.0884;0;0;0;0;0;0;0;0;0;-0.7452;0;0.7452;1;1;0;0;0;0
20/06/21 00:00;0;0;90;0;0;90;0;0;0;0;3.4102;2.75;0;0;0;0;0;0;0;0;0;0;0;0;0;1;1;1;1;0;0;0;0;0;0;0;0;0;0;0;0;0;0;0;0;0;0;0;0;0;0;0;0;0;0;0;0;0;0;0;0;0;0;0;1;1;1;1;1;1;1;1;1;1;1;1;1;1;1;1;1;1;1;0;0;0;0;0;0;0;0;0;0.0004;0.088;-0.0884;0;0;0;0;0;0;0;0;0;0;0;0;0;0;0;0;0;0;0;-3.4102;0;0;0;0;0.0004;0;0;0;0;0;0;0;-0.0004;-0.0884;0;0;0;0;0;0;0;0;0;-0.7452;0;0.7452;1;1;0;0;0;0
20/06/21 01:00;0;0;90;0;0;90;0;0;0;0;2.06;2.6901;0;0;0;0;0;0;0;0;0;0;0;0;0;1;1;1;1;0;0;0;0;0;0;0;0;0;0;0;0;0;0;0;0;0;0;0;0;0;0;0;0;0;0;0;0;0;0;0;0;0;0;0;1;1;1;1;1;1;1;1;1;1;1;1;1;1;1;1;1;1;1;0;0;0;0;0;0;0;0;0;0.0004;0.088;-0.0884;0;0;0;0;0;0;0;0;0;0;0;0;0;0;0;0;0;0;0;-2.06;0;0;0;0;0.0004;0;0;0;0;0;0;0;-0.0004;-0.0884;0;0;0;0;0;0;0;0;0;-0.7452;0;0.7452;1;1;0;0;0;0
20/06/21 02:00;0;0;90;0;0;90;0;0;0;0;2.07;2.6399;0;0;0;0;0;0;0;0;0;0;0;0;0;1;1;1;1;0;0;0;0;0;0;0;0;0;0;0;0;0;0;0;0;0;0;0;0;0;0;0;0;0;0;0;0;0;0;0;0;0;0;0;1;1;1;1;1;1;1;1;1;1;1;1;1;1;1;1;1;1;1;0;0;0;0;0;0;0;0;0;0.0004;0.088;-0.0884;0;0;0;0;0;0;0;0;0;0;0;0;0;0;0;0;0;0;0;-2.07;0;0;0;0;0.0004;0;0;0;0;0;0;0;-0.0004;-0.0884;0;0;0;0;0;0;0;0;0;-0.7452;0;0.7452;1;1;0;0;0;0
20/06/21 03:00;0;0;90;0;0;90;0;0;0;0;0.8302;2.59;0;0;0;0;0;0;0;0;0;0;0;0;0;1;1;1;1;0;0;0;0;0;0;0;0;0;0;0;0;0;0;0;0;0;0;0;0;0;0;0;0;0;0;0;0;0;0;0;0;0;0;0;1;1;1;1;1;1;1;1;1;1;1;1;1;1;1;1;1;1;1;0;0;0;0;0;0;0;0;0;0.0004;0.088;-0.0884;0;0;0;0;0;0;0;0;0;0;0;0;0;0;0;0;0;0;0;-0.8302;0;0;0;0;0.0004;0;0;0;0;0;0;0;-0.0004;-0.0884;0;0;0;0;0;0;0;0;0;-0.7452;0;0.7452;1;1;0;0;0;0
20/06/21 04:00;0;0;90;0;0;90;0;0;0;0;1.2802;2.6101;0;0;0;0;0;0;0;0;0;0;0;0;0;1;1;1;1;0;0;0;0;0;0;0;0;0;0;0;0;0;0;0;0;0;0;0;0;0;0;0;0;0;0;0;0;0;0;0;0;0;0;0;1;1;1;1;1;1;1;1;1;1;1;1;1;1;1;1;1;1;1;0;0;0;0;0;0;0;0;0;0.0004;0.088;-0.0884;0;0;0;0;0;0;0;0;0;0;0;0;0;0;0;0;0;0;0;-1.2802;0;0;0;0;0.0004;0;0;0;0;0;0;0;-0.0004;-0.0884;0;0;0;0;0;0;0;0;0;-0.7452;0;0.7452;1;1;0;0;0;0
20/06/21 05:00;0;0;90;0;0;90;0;0;0;0;0.68;2.5401;0;0;0;0;0;0;0;0;0;0;0;0;0;1;1;1;1;0;0;0;0;0;0;0;0;0;0;0;0;0;0;0;0;0;0;0;0;0;0;0;0;0;0;0;0;0;0;0;0;0;0;0;1;1;1;1;1;1;1;1;1;1;1;1;1;1;1;1;1;1;1;0;0;0;0;0;0;0;0;0;0.0004;0.088;-0.0884;0;0;0;0;0;0;0;0;0;0;0;0;0;0;0;0;0;0;0;-0.68;0;0;0;0;0.0004;0;0;0;0;0;0;0;-0.0004;-0.0884;0;0;0;0;0;0;0;0;0;-0.7452;0;0.7452;1;1;0;0;0;0
20/06/21 06:00;0;0;90;0;0;90;0;0;0;0;-0.0001;2.33;0;0;0;0;0;0;0;0;0;0;0;0;0;1;1;1;1;0;0;0;0;0;0;0;0;0;0;0;0;0;0;0;0;0;0;0;0;0;0;0;0;0;0;0;0;0;0;0;0;0;0;0;1;1;1;1;1;1;1;1;1;1;1;1;1;1;1;1;1;1;1;0;0;0;0;0;0;0;0;0;0.0004;0.088;-0.0884;0;0;0;0;0;0;0;0;0;0;0;0;0;0;0;0;0;0;0;0.0001;0;0;0;0;0.0004;0;0;0;0;0;0;0;-0.0004;-0.0884;0;0;0;0;0;0;0;0;0;-0.7452;0;0.7452;1;1;0;0;0;0
20/06/21 07:00;4.3873;-57.2;79.308;5.2152;7.5203;-90;-7.5203;46.199;19.497;26.703;-0.5;2.19;0;64.762;14.29;12.478;0;0.0278;91.557;0;91.557;64.762;12.478;14.29;0.0278;0.7073;0.1564;0;0.0003;91.47;0.0874;0;0;0.0643;0.0231;67.846;23.533;19.226;3.7043;0.6015;0.0011;91.378;0.0915;0.0648;0.0125;0.0142;0;67.847;45.471;8.761;13.61;0.0036;8.6762;7.4702;1.8567;0.0013;0.0705;1.0134;0.0011;1.0826;0;1;0;0;1.9818;0.999;1;1;0.9955;0.1687;0.7425;0.7028;1;0.9577;0.776;0.999;0.999;1;0.999;0.999;0.741;0.9524;0.1308;0.2606;0.1961;0.0012;0.0147;-0.0158;0.0014;0.0049;0.0002;0;0;0.088;0.0906;0;0;0;0;0;0;0;0;0;0;0;0;0.0039;0.0002;0.1856;0.1856;0;2.7972;2.7972;3.2972;0.0486;166.02;1117.7;1;0.007;0.007;0;0;0;0;0;0;0.1786;0.0906;0;13.393;15.508;6.5396;7.5727;96.252;96.252;2.1974;1.5649;0.7641;0.6325;0.8008;0.2878;0.3644;0.3477;8.5202;0.3449;0
20/06/21 08:00;13.336;-48.198;55.983;17.641;29.666;-90;-29.666;164.31;62.901;101.4;3.1901;2.2499;0;245.93;39.244;50.699;0;1.5075;337.39;0;337.39;245.93;50.699;39.244;1.5075;0.7289;0.1208;0;0.0045;334.37;3.0181;0;0;1.7051;1.313;325.84;8.1932;5.7497;1.1853;1.2238;0.0344;334.03;0.3344;0.2459;0.0507;0.0375;0.0002;325.96;239.94;49.463;36.278;0.1599;26.406;22.735;5.9738;0.5719;0.2303;3.3134;0.119;2.9718;0;1;0;0;2.0534;0.9911;1;1;0.9566;0.129;0.9755;0.9766;1;0.9674;0.8228;0.999;0.999;1;0.999;0.999;0.9658;0.9244;0.1061;0.9602;0.9392;0.0057;0.013;-0.0198;0.0066;0.0233;0.0006;0;0;0.088;0.7854;0;0;0;0;0;0;0;0;0;0;0;0;0.0188;0.0024;0.8886;0.8886;0;19.019;19.019;15.829;0.0486;804.75;1104.2;1;0.0152;0.0152;0;0;0;0;0;0;0.8734;0.7854;0;17.404;20.154;15.383;17.813;98.288;98.288;8.0973;7.4938;6.6234;0.6034;0.8704;0.0745;0.1075;0.818;25.806;0.812;0
20/06/21 09:00;21.626;-36.673;48.211;33.576;56.424;-90;-56.424;350.7;59.402;291.3;6.1298;2.0899;0;526.72;18.565;64.18;0;10.972;620.44;0;620.44;526.72;64.18;18.565;10.972;0.849;0.0476;0;0.0177;608.09;12.353;0;0;2.1276;10.226;599.98;7.4997;6.1495;0.7493;0.5653;0.0356;607.48;0.6081;0.5267;0.0642;0.0164;0.0007;602.01;520.05;63.367;15.855;0.7104;99.863;85.982;22.056;2.4968;0.9277;13.345;2.0259;11.775;0;1;0;0;1.7691;0.9801;1;1;0.8854;0.0681;0.9877;0.9883;1;0.9656;0.9523;0.999;0.999;1;0.999;0.999;0.967;0.8541;0.0647;1.7657;1.7491;0.0105;0.0021;0.0648;0.0117;0.0415;0.0024;0;0;0.088;1.4617;0;0;0;0;0;0;0;0;0;0;0;0;0.0334;0.0074;1.5752;1.5752;0;35.587;35.587;29.457;0.0491;1505.6;1046.3;1;0.0255;0.0255;0;0;0;0;0;0;1.5497;1.4617;0;16.777;19.427;15.568;18.027;98.379;98.379;14.891;13.284;12.327;1.6064;0.9575;0.1079;0.0643;0.8278;15.515;0.8147;0
20/06/21 10:00;27.756;-23.103;54.485;53.292;36.708;-90;-36.708;462.7;77.402;385.29;8.9603;1.79;0;480.6;26.117;60.385;0;6.4229;573.53;0;573.53;480.6;60.385;26.117;6.4229;0.838;0.0567;0;0.0112;566.16;7.3699;0;0;1.588;5.7819;554.06;11.533;9.473;1.1902;0.7915;0.0787;565.59;0.5662;0.4806;0.0604;0.0245;0.0006;555.86;470.65;59.134;23.713;0.5617;229.84;197.89;52.103;0.7939;1.726;24.828;1.7994;25.76;0;1;0;0;1.2395;0.9871;1;1;0.9392;0.0998;0.9796;0.9803;1;0.9677;0.8772;0.999;0.999;1;0.999;0.999;0.9661;0.908;0.0874;1.6322;1.6401;0.0099;0.0034;0.0644;0.0109;0.0388;0.0045;0;0;0.088;1.359;0;0;0;0;0;0;0;0;0;0;0;0;0.0312;0.0066;1.4705;1.4705;0;36.184;36.184;27.223;0.0491;1410.9;1042.3;1;0.0234;0.0234;0;0;0;0;0;0;1.447;1.359;0;16.942;19.619;15.658;18.132;98.406;98.406;13.765;12.401;11.461;1.364;0.9398;0.0991;0.0683;0.8326;18.101;0.8065;0
20/06/21 11:00;31.034;-7.753;58.106;77.362;12.638;-90;-12.638;519.5;88.398;431.11;11.77;1.2799;0;441.81;32.122;57.269;0;0.881;532.08;0;532.08;441.81;57.269;32.122;0.881;0.8303;0.062;0;0.0017;531.01;1.0741;0;0;0.3428;0.7313;514.23;16.242;13.246;1.717;1.2452;0.0336;530.48;0.531;0.4418;0.0573;0.0318;0.0001;514.42;428.12;55.494;30.503;0.116;301.61;259.69;67.744;0.0226;2.2396;32.216;0.184;34.433;0;1;0;0;1.0242;0.998;1;1;0.9893;0.1699;0.9694;0.97;1;0.9608;0.7756;0.999;0.999;1;0.999;0.999;0.9665;0.9496;0.1316;1.5143;1.5363;0.0093;0.0047;0.0652;0.0102;0.0362;0.0058;0;0;0.088;1.2605;0;0;0;0;0;0;0;0;0;0;0;0;0.0291;0.0058;1.3701;1.3701;0;37.063;37.063;25.293;0.0492;1321;1037.1;1;0.0215;0.0215;0;0;0;0;0;0;1.3485;1.2605;0;17.015;19.703;15.655;18.128;98.428;98.428;12.77;11.554;10.63;1.2161;0.9237;0.0952;0.0723;0.8324;19.395;0.7963;0
20/06/21 12:00;30.974;8.3102;58.038;76.462;13.538;90;13.538;520.4;92.801;427.6;13.57;0.8899;0;439.82;34.032;59.956;0;1.0122;534.82;0;534.82;439.82;59.956;34.032;1.0122;0.8224;0.0655;0;0.0019;533.57;1.252;0;0;0.4093;0.8427;516.84;16.2;13.081;1.7831;1.2977;0.0381;533.04;0.5336;0.4398;0.06;0.0336;0.0002;517.06;426.3;58.112;32.292;0.1312;301.44;259.54;66.467;0.0307;2.3194;33.363;0.225;35.652;0;1;0;0;1.0277;0.9977;1;1;0.988;0.1675;0.9696;0.9702;1;0.9614;0.7748;0.999;0.999;1;0.999;0.999;0.9664;0.9489;0.1296;1.5221;1.5462;0.0093;0.0045;0.0764;0.0102;0.0361;0.006;0;0;0.088;1.2592;0;0;0;0;0;0;0;0;0;0;0;0;0.0291;0.0059;1.3686;1.3686;0;39.031;39.031;25.462;0.0493;1329.7;1029.3;1;0.0214;0.0214;0;0;0;0;0;0;1.3472;1.2592;0;16.91;19.581;15.558;18.016;98.438;98.438;12.836;11.542;10.619;1.294;0.9224;0.1008;0.0719;0.8273;20.607;0.7904;0
20/06/21 13:00;27.586;23.611;54.303;52.527;37.473;90;37.473;459.3;96.2;363.1;13.9;0.6;0;457.51;35.135;71.85;0;6.6347;571.13;0;571.13;457.51;71.85;35.135;6.6347;0.8011;0.0731;0;0.0116;562.89;8.2357;0;0;2.2131;6.0226;550.97;11.36;8.8373;1.3879;1.0623;0.0724;562.33;0.5629;0.4575;0.0719;0.0329;0.0006;552.84;448.21;70.39;31.827;0.539;227.43;195.81;51.588;1.1457;1.7292;24.874;1.8728;25.457;0;1;0;0;1.2435;0.9856;1;1;0.937;0.0923;0.9798;0.9807;1;0.9677;0.8815;0.999;0.999;1;0.999;0.999;0.9647;0.9058;0.0812;1.6254;1.6316;0.0098;0.0035;0.0924;0.0107;0.0379;0.0044;0;0;0.088;1.3255;0;0;0;0;0;0;0;0;0;0;0;0;0.0305;0.0065;1.4359;1.4359;0;41.082;41.082;27.182;0.0493;1404.1;1022.6;1;0.0224;0.0224;0;0;0;0;0;0;1.4135;1.3255;0;16.613;19.238;15.335;17.758;98.437;98.437;13.707;12.109;11.178;1.5981;0.9313;0.1166;0.0679;0.8155;24.503;0.7897;0
20/06/21 14:00;21.368;37.11;47.958;32.963;57.037;90;57.037;341.99;105.2;236.79;14.75;0.35;0;435.2;41.317;94.992;0;10.914;582.43;0;582.43;435.2;94.992;41.317;10.914;0.7472;0.0897;0;0.0187;567.38;15.049;0;0;4.8264;10.223;559.4;7.4082;5.0168;1.095;1.2605;0.036;566.81;0.5674;0.4352;0.095;0.0365;0.0007;561.57;429.75;93.802;35.194;0.6545;105.7;91.005;24.242;5.7701;1.1268;16.209;2.1678;11.565;0;1;0;0;1.703;0.9742;1;1;0.8832;0.0633;0.9869;0.9885;1;0.9654;0.9479;0.999;0.999;1;0.999;0.999;0.9605;0.8518;0.06;1.6575;1.6392;0.0099;0.0034;0.1003;0.0107;0.0379;0.0029;0;0;0.088;1.3267;0;0;0;0;0;0;0;0;0;0;0;0;0.0305;0.0066;1.4371;1.4371;0;42.375;42.375;27.625;0.0494;1411.5;1018.1;1;0.0224;0.0224;0;0;0;0;0;0;1.4147;1.3267;0;16.305;18.88;15.052;17.43;98.442;98.442;13.978;12.119;11.188;1.8591;0.9309;0.133;0.0666;0.8004;34.761;0.7841;0
20/06/21 15:00;13.016;48.566;56.892;17.136;28.473;90;28.473;186.91;104.1;82.804;14.38;0.7001;0;200.82;70.622;70.176;0;1.5825;343.2;0;343.2;200.82;70.176;70.622;1.5825;0.5851;0.2104;0;0.0046;338.94;4.2598;0;0;2.883;1.3768;329.3;9.2997;5.2201;1.8241;2.2171;0.0384;338.6;0.3389;0.2008;0.0702;0.0677;0.0002;329.5;195.4;68.281;65.454;0.1671;46.618;40.138;10.439;0.8922;0.406;5.8401;0.1928;5.3539;0;1;0;0;1.8362;0.9876;1;1;0.9592;0.13;0.9725;0.974;1;0.9672;0.8131;0.999;0.999;1;0.999;0.999;0.9595;0.9268;0.1056;0.9767;0.9544;0.0057;0.0128;0.0188;0.0064;0.0228;0.0011;0;0;0.088;0.7638;0;0;0;0;0;0;0;0;0;0;0;0;0.0183;0.0025;0.866;0.866;0;30.529;30.529;16.149;0.049;819.54;1056.7;1;0.0143;0.0143;0;0;0;0;0;0;0.8518;0.7638;0;16.674;19.309;14.705;17.029;98.353;98.353;8.2369;7.3034;6.441;0.9335;0.8624;0.1133;0.1047;0.782;46.071;0.7721;0
20/06/21 16:00;4.1983;57.367;79.773;4.9816;7.176;90;7.176;25.493;24.998;0.4948;13.64;1.32;0;1.2;24.773;0.3098;0;0.014;26.296;0;26.296;1.2;0.3098;24.773;0.014;0.0456;0.9426;0;0.0005;26.181;0.1153;0;0;0.1037;0.0116;24.635;1.5204;0.3753;0.0969;1.0477;0.0005;26.155;0.0262;0.0012;0.0003;0.0247;0;24.636;0.8235;0.2126;23.597;0.0018;14.764;12.712;3.1252;0.0018;0.1221;1.7562;0.0017;1.8764;0;1;0;0;1.0315;0.9956;1;1;0.9958;0.1673;0.9419;0.6869;1;0.9575;0.7756;0.999;0.999;1;0.999;0.999;0.9368;0.9525;0.1296;0.0748;0.074;0.0004;0.0096;-0.0027;0.0005;0.0017;0.0003;0;0;0.088;-0.0287;0;0;0;0;0;0;0;0;0;0;0;0;0.0013;0.0001;0.0629;0.0629;0;14.866;14.866;1.2257;0.0498;61.578;1021.3;1;0.0036;0.0036;0;0;0;0;0;0;0.0593;-0.0287;0;15.804;18.3;-7.2064;-8.3449;94.326;94.326;0.6311;0.5304;-0.2418;0.1008;0.7722;0.1596;1.2236;0;14.761;0;0
20/06/21 17:00;0;0;90;0;0;90;0;0;0;0;6.9899;1.65;0;0;0;0;0;0;0;0;0;0;0;0;0;1;1;1;1;0;0;0;0;0;0;0;0;0;0;0;0;0;0;0;0;0;0;0;0;0;0;0;0;0;0;0;0;0;0;0;0;0;0;0;1;1;1;1;1;1;1;1;1;1;1;1;1;1;1;1;1;1;1;0;0;0;0;0;0;0;0;0;0.0004;0.088;-0.0884;0;0;0;0;0;0;0;0;0;0;0;0;0;0;0;0;0;0;0;-6.9899;0;0;0;0;0.0004;0;0;0;0;0;0;0;-0.0004;-0.0884;0;0;0;0;0;0;0;0;0;-0.7452;0;0.7452;1;1;0;0;0;0
20/06/21 18:00;0;0;90;0;0;90;0;0;0;0;5.1898;1.72;0;0;0;0;0;0;0;0;0;0;0;0;0;1;1;1;1;0;0;0;0;0;0;0;0;0;0;0;0;0;0;0;0;0;0;0;0;0;0;0;0;0;0;0;0;0;0;0;0;0;0;0;1;1;1;1;1;1;1;1;1;1;1;1;1;1;1;1;1;1;1;0;0;0;0;0;0;0;0;0;0.0004;0.088;-0.0884;0;0;0;0;0;0;0;0;0;0;0;0;0;0;0;0;0;0;0;-5.1898;0;0;0;0;0.0004;0;0;0;0;0;0;0;-0.0004;-0.0884;0;0;0;0;0;0;0;0;0;-0.7452;0;0.7452;1;1;0;0;0;0
20/06/21 19:00;0;0;90;0;0;90;0;0;0;0;4.7703;1.73;0;0;0;0;0;0;0;0;0;0;0;0;0;1;1;1;1;0;0;0;0;0;0;0;0;0;0;0;0;0;0;0;0;0;0;0;0;0;0;0;0;0;0;0;0;0;0;0;0;0;0;0;1;1;1;1;1;1;1;1;1;1;1;1;1;1;1;1;1;1;1;0;0;0;0;0;0;0;0;0;0.0004;0.088;-0.0884;0;0;0;0;0;0;0;0;0;0;0;0;0;0;0;0;0;0;0;-4.7703;0;0;0;0;0.0004;0;0;0;0;0;0;0;-0.0004;-0.0884;0;0;0;0;0;0;0;0;0;-0.7452;0;0.7452;1;1;0;0;0;0
20/06/21 20:00;0;0;90;0;0;90;0;0;0;0;3;1.78;0;0;0;0;0;0;0;0;0;0;0;0;0;1;1;1;1;0;0;0;0;0;0;0;0;0;0;0;0;0;0;0;0;0;0;0;0;0;0;0;0;0;0;0;0;0;0;0;0;0;0;0;1;1;1;1;1;1;1;1;1;1;1;1;1;1;1;1;1;1;1;0;0;0;0;0;0;0;0;0;0.0004;0.088;-0.0884;0;0;0;0;0;0;0;0;0;0;0;0;0;0;0;0;0;0;0;-3;0;0;0;0;0.0004;0;0;0;0;0;0;0;-0.0004;-0.0884;0;0;0;0;0;0;0;0;0;-0.7452;0;0.7452;1;1;0;0;0;0
20/06/21 21:00;0;0;90;0;0;90;0;0;0;0;2.78;1.86;0;0;0;0;0;0;0;0;0;0;0;0;0;1;1;1;1;0;0;0;0;0;0;0;0;0;0;0;0;0;0;0;0;0;0;0;0;0;0;0;0;0;0;0;0;0;0;0;0;0;0;0;1;1;1;1;1;1;1;1;1;1;1;1;1;1;1;1;1;1;1;0;0;0;0;0;0;0;0;0;0.0004;0.088;-0.0884;0;0;0;0;0;0;0;0;0;0;0;0;0;0;0;0;0;0;0;-2.78;0;0;0;0;0.0004;0;0;0;0;0;0;0;-0.0004;-0.0884;0;0;0;0;0;0;0;0;0;-0.7452;0;0.7452;1;1;0;0;0;0
20/06/21 22:00;0;0;90;0;0;90;0;0;0;0;2.9003;2.0099;0;0;0;0;0;0;0;0;0;0;0;0;0;1;1;1;1;0;0;0;0;0;0;0;0;0;0;0;0;0;0;0;0;0;0;0;0;0;0;0;0;0;0;0;0;0;0;0;0;0;0;0;1;1;1;1;1;1;1;1;1;1;1;1;1;1;1;1;1;1;1;0;0;0;0;0;0;0;0;0;0.0004;0.088;-0.0884;0;0;0;0;0;0;0;0;0;0;0;0;0;0;0;0;0;0;0;-2.9003;0;0;0;0;0.0004;0;0;0;0;0;0;0;-0.0004;-0.0884;0;0;0;0;0;0;0;0;0;-0.7452;0;0.7452;1;1;0;0;0;0
20/06/21 23:00;0;0;90;0;0;90;0;0;0;0;2.06;2.35;0;0;0;0;0;0;0;0;0;0;0;0;0;1;1;1;1;0;0;0;0;0;0;0;0;0;0;0;0;0;0;0;0;0;0;0;0;0;0;0;0;0;0;0;0;0;0;0;0;0;0;0;1;1;1;1;1;1;1;1;1;1;1;1;1;1;1;1;1;1;1;0;0;0;0;0;0;0;0;0;0.0004;0.088;-0.0884;0;0;0;0;0;0;0;0;0;0;0;0;0;0;0;0;0;0;0;-2.06;0;0;0;0;0.0004;0;0;0;0;0;0;0;-0.0004;-0.0884;0;0;0;0;0;0;0;0;0;-0.7452;0;0.7452;1;1;0;0;0;0
21/06/21 00:00;0;0;90;0;0;90;0;0;0;0;1.0203;2.68;0;0;0;0;0;0;0;0;0;0;0;0;0;1;1;1;1;0;0;0;0;0;0;0;0;0;0;0;0;0;0;0;0;0;0;0;0;0;0;0;0;0;0;0;0;0;0;0;0;0;0;0;1;1;1;1;1;1;1;1;1;1;1;1;1;1;1;1;1;1;1;0;0;0;0;0;0;0;0;0;0.0004;0.088;-0.0884;0;0;0;0;0;0;0;0;0;0;0;0;0;0;0;0;0;0;0;-1.0203;0;0;0;0;0.0004;0;0;0;0;0;0;0;-0.0004;-0.0884;0;0;0;0;0;0;0;0;0;-0.7452;0;0.7452;1;1;0;0;0;0
21/06/21 01:00;0;0;90;0;0;90;0;0;0;0;0.2499;2.92;0;0;0;0;0;0;0;0;0;0;0;0;0;1;1;1;1;0;0;0;0;0;0;0;0;0;0;0;0;0;0;0;0;0;0;0;0;0;0;0;0;0;0;0;0;0;0;0;0;0;0;0;1;1;1;1;1;1;1;1;1;1;1;1;1;1;1;1;1;1;1;0;0;0;0;0;0;0;0;0;0.0004;0.088;-0.0884;0;0;0;0;0;0;0;0;0;0;0;0;0;0;0;0;0;0;0;-0.2499;0;0;0;0;0.0004;0;0;0;0;0;0;0;-0.0004;-0.0884;0;0;0;0;0;0;0;0;0;-0.7452;0;0.7452;1;1;0;0;0;0
21/06/21 02:00;0;0;90;0;0;90;0;0;0;0;1.1899;3.05;0;0;0;0;0;0;0;0;0;0;0;0;0;1;1;1;1;0;0;0;0;0;0;0;0;0;0;0;0;0;0;0;0;0;0;0;0;0;0;0;0;0;0;0;0;0;0;0;0;0;0;0;1;1;1;1;1;1;1;1;1;1;1;1;1;1;1;1;1;1;1;0;0;0;0;0;0;0;0;0;0.0004;0.088;-0.0884;0;0;0;0;0;0;0;0;0;0;0;0;0;0;0;0;0;0;0;-1.1899;0;0;0;0;0.0004;0;0;0;0;0;0;0;-0.0004;-0.0884;0;0;0;0;0;0;0;0;0;-0.7452;0;0.7452;1;1;0;0;0;0
21/06/21 03:00;0;0;90;0;0;90;0;0;0;0;0.65;3.1099;0;0;0;0;0;0;0;0;0;0;0;0;0;1;1;1;1;0;0;0;0;0;0;0;0;0;0;0;0;0;0;0;0;0;0;0;0;0;0;0;0;0;0;0;0;0;0;0;0;0;0;0;1;1;1;1;1;1;1;1;1;1;1;1;1;1;1;1;1;1;1;0;0;0;0;0;0;0;0;0;0.0004;0.088;-0.0884;0;0;0;0;0;0;0;0;0;0;0;0;0;0;0;0;0;0;0;-0.65;0;0;0;0;0.0004;0;0;0;0;0;0;0;-0.0004;-0.0884;0;0;0;0;0;0;0;0;0;-0.7452;0;0.7452;1;1;0;0;0;0
21/06/21 04:00;0;0;90;0;0;90;0;0;0;0;-0.0001;3.1199;0;0;0;0;0;0;0;0;0;0;0;0;0;1;1;1;1;0;0;0;0;0;0;0;0;0;0;0;0;0;0;0;0;0;0;0;0;0;0;0;0;0;0;0;0;0;0;0;0;0;0;0;1;1;1;1;1;1;1;1;1;1;1;1;1;1;1;1;1;1;1;0;0;0;0;0;0;0;0;0;0.0004;0.088;-0.0884;0;0;0;0;0;0;0;0;0;0;0;0;0;0;0;0;0;0;0;0.0001;0;0;0;0;0.0004;0;0;0;0;0;0;0;-0.0004;-0.0884;0;0;0;0;0;0;0;0;0;-0.7452;0;0.7452;1;1;0;0;0;0
21/06/21 05:00;0;0;90;0;0;90;0;0;0;0;-0.4801;3.1099;0;0;0;0;0;0;0;0;0;0;0;0;0;1;1;1;1;0;0;0;0;0;0;0;0;0;0;0;0;0;0;0;0;0;0;0;0;0;0;0;0;0;0;0;0;0;0;0;0;0;0;0;1;1;1;1;1;1;1;1;1;1;1;1;1;1;1;1;1;1;1;0;0;0;0;0;0;0;0;0;0.0004;0.088;-0.0884;0;0;0;0;0;0;0;0;0;0;0;0;0;0;0;0;0;0;0;0.4801;0;0;0;0;0.0004;0;0;0;0;0;0;0;-0.0004;-0.0884;0;0;0;0;0;0;0;0;0;-0.7452;0;0.7452;1;1;0;0;0;0
21/06/21 06:00;0;0;90;0;0;90;0;0;0;0;-0.1297;3.1001;0;0;0;0;0;0;0;0;0;0;0;0;0;1;1;1;1;0;0;0;0;0;0;0;0;0;0;0;0;0;0;0;0;0;0;0;0;0;0;0;0;0;0;0;0;0;0;0;0;0;0;0;1;1;1;1;1;1;1;1;1;1;1;1;1;1;1;1;1;1;1;0;0;0;0;0;0;0;0;0;0.0004;0.088;-0.0884;0;0;0;0;0;0;0;0;0;0;0;0;0;0;0;0;0;0;0;0.1297;0;0;0;0;0.0004;0;0;0;0;0;0;0;-0.0004;-0.0884;0;0;0;0;0;0;0;0;0;-0.7452;0;0.7452;1;1;0;0;0;0
21/06/21 07:00;4.3515;-57.231;79.396;5.1709;7.4549;-90;-7.4549;51.903;16.803;35.1;0.4101;4.0601;0;85.128;10.88;14.254;0;0.0307;110.29;0;110.29;85.128;14.254;10.88;0.0307;0.7718;0.0989;0;0.0003;110.22;0.0738;0;0;0.0482;0.0255;79.853;30.256;25.523;4.2734;0.4584;0.0012;110.11;0.1102;0.0851;0.0143;0.0108;0;79.854;59.52;9.9659;10.362;0.004;6.6869;5.7574;1.4411;0.0009;0.0536;0.7715;0.0008;0.8242;0;1;0;0;2.125;0.9993;1;1;0.9956;0.1687;0.7252;0.6999;1;0.9576;0.776;0.999;0.999;1;0.999;0.999;0.724;0.9524;0.1308;0.3139;0.23;0.0014;0.0154;-0.0173;0.0016;0.0057;0.0001;0;0;0.088;0.1229;0;0;0;0;0;0;0;0;0;0;0;0;0.0046;0.0002;0.2181;0.2181;0;4.2887;4.2887;3.8787;0.0486;195.17;1117.6;1;0.0072;0.0072;0;0;0;0;0;0;0.2109;0.1229;0;13.069;15.133;7.3663;8.53;96.709;96.709;2.647;1.8395;1.0368;0.8075;0.8027;0.3051;0.3032;0.3917;6.4861;0.3897;0
21/06/21 08:00;13.304;-48.233;56.074;17.591;29.545;-90;-29.545;185.7;42.599;143.1;3.47;3.72;0;347.05;21.104;48.572;0;1.6902;418.42;0;418.42;347.05;48.572;21.104;1.6902;0.8294;0.0545;0;0.004;416.03;2.3823;0;0;0.911;1.4713;405.57;10.045;8.1996;1.1476;0.6586;0.0389;415.62;0.416;0.3471;0.0486;0.0202;0.0002;405.65;338.5;47.376;19.514;0.1798;14.666;12.627;3.0152;0.3035;0.1467;2.11;0.0782;1.9532;0;1;0;0;2.2532;0.9943;1;1;0.9568;0.1295;0.9758;0.9763;1;0.9674;0.8221;0.999;0.999;1;0.999;0.999;0.9693;0.9247;0.1064;1.1908;1.1648;0.007;0.0098;-0.0073;0.0081;0.0287;0.0004;0;0;0.088;0.9853;0;0;0;0;0;0;0;0;0;0;0;0;0.0231;0.0035;1.0915;1.0915;0;23.215;23.215;19.745;0.0487;999.14;1092.5;1;0.0182;0.0182;0;0;0;0;0;0;1.0733;0.9853;0;17.238;19.961;15.561;18.019;98.333;98.333;10.042;9.205;8.3094;0.837;0.8955;0.0834;0.0892;0.8275;13.866;0.8244;0
21/06/21 09:00;21.6;-36.715;48.187;33.515;56.485;-90;-56.485;342.3;61.697;280.61;6.8497;3.5801;0;508.2;20.287;64.395;0;10.731;603.61;0;603.61;508.2;64.395;20.287;10.731;0.8419;0.0514;0;0.0178;591.28;12.329;0;0;2.3286;10.001;583.36;7.3299;5.9262;0.7509;0.6179;0.0349;590.69;0.5913;0.5082;0.0644;0.018;0.0007;585.37;501.76;63.58;17.322;0.6946;98.194;84.545;21.708;2.7385;0.9293;13.367;2.0035;11.558;0;1;0;0;1.7634;0.9796;1;1;0.8852;0.0681;0.9876;0.9883;1;0.9656;0.9521;0.999;0.999;1;0.999;0.999;0.9665;0.8539;0.0647;1.7178;1.7016;0.0102;0.0026;0.0625;0.0114;0.0404;0.0024;0;0;0.088;1.4197;0;0;0;0;0;0;0;0;0;0;0;0;0.0325;0.007;1.5324;1.5324;0;35.491;35.491;28.642;0.0491;1464.6;1046.3;1;0.0247;0.0247;0;0;0;0;0;0;1.5077;1.4197;0;16.776;19.426;15.542;17.997;98.387;98.387;14.487;12.923;11.973;1.5636;0.9505;0.1079;0.0656;0.8265;16.966;0.813;0
21/06/21 10:00;27.739;-23.152;54.469;53.217;36.783;-90;-36.783;465.61;77.103;388.5;9.5699;3.6501;0;485.08;25.613;60.754;0;6.489;577.94;0;577.94;485.08;60.754;25.613;6.489;0.8393;0.0555;0;0.0112;570.53;7.4057;0;0;1.5623;5.8434;558.37;11.594;9.5435;1.1953;0.776;0.0788;569.96;0.5705;0.4851;0.0608;0.0241;0.0006;560.19;475.05;59.498;23.251;0.5662;230.97;198.86;52.357;0.7842;1.7337;24.939;1.8177;25.888;0;1;0;0;1.2413;0.9872;1;1;0.939;0.0995;0.9797;0.9803;1;0.9677;0.8779;0.999;0.999;1;0.999;0.999;0.9661;0.9078;0.0873;1.6448;1.6527;0.01;0.0032;0.0697;0.011;0.039;0.0045;0;0;0.088;1.3658;0;0;0;0;0;0;0;0;0;0;0;0;0.0314;0.0067;1.4773;1.4773;0;37.023;37.023;27.453;0.0492;1421.8;1039;1;0.0235;0.0235;0;0;0;0;0;0;1.4538;1.3658;0;16.891;19.559;15.616;18.083;98.408;98.408;13.87;12.458;11.518;1.4124;0.9405;0.1018;0.0678;0.8304;17.762;0.8044;0
21/06/21 11:00;31.027;-7.8072;58.101;77.274;12.726;-90;-12.726;514.8;89.502;425.29;12.58;3.06;0;436;33.255;57.24;0;0.8852;527.38;0;527.38;436;57.24;33.255;0.8852;0.8267;0.0647;0;0.0017;526.29;1.0939;0;0;0.3591;0.7348;509.66;16.099;13.064;1.715;1.287;0.0337;525.76;0.5263;0.436;0.0572;0.0329;0.0002;509.85;422.5;55.467;31.576;0.1165;298.83;257.29;67.112;0.024;2.2196;31.929;0.1854;34.124;0;1;0;0;1.0245;0.9979;1;1;0.9892;0.1699;0.9694;0.97;1;0.9608;0.7756;0.999;0.999;1;0.999;0.999;0.9664;0.9495;0.1316;1.5009;1.5227;0.0092;0.0048;0.0679;0.0101;0.0358;0.0057;0;0;0.088;1.2454;0;0;0;0;0;0;0;0;0;0;0;0;0.0288;0.0057;1.3547;1.3547;0;37.661;37.661;25.081;0.0492;1309.4;1034.6;1;0.0213;0.0213;0;0;0;0;0;0;1.3334;1.2454;0;16.973;19.655;15.604;18.069;98.43;98.43;12.657;11.424;10.502;1.2333;0.9214;0.0974;0.0728;0.8298;20.085;0.7938;0
21/06/21 12:00;30.979;8.2558;58.046;76.549;13.451;90;13.451;515.69;94.697;421;14.04;2.3999;0;432.87;35.642;60.211;0;0.9902;529.71;0;529.71;432.87;60.211;35.642;0.9902;0.8172;0.0692;0;0.0019;528.47;1.2484;0;0;0.424;0.8244;511.86;16.077;12.886;1.7924;1.3612;0.0373;527.94;0.5285;0.4329;0.0602;0.0352;0.0002;512.08;419.55;58.359;33.821;0.1284;298.82;257.28;65.878;0.0314;2.3001;33.086;0.2195;35.354;0;1;0;0;1.0272;0.9976;1;1;0.9881;0.1675;0.9695;0.9702;1;0.9613;0.7748;0.999;0.999;1;0.999;0.999;0.9663;0.9489;0.1297;1.5075;1.5314;0.0092;0.0047;0.077;0.0101;0.0358;0.0059;0;0;0.088;1.245;0;0;0;0;0;0;0;0;0;0;0;0;0.0288;0.0058;1.3541;1.3541;0;39.262;39.262;25.222;0.0493;1317;1028.2;1;0.0211;0.0211;0;0;0;0;0;0;1.333;1.245;0;16.892;19.561;15.53;17.984;98.438;98.438;12.713;11.419;10.499;1.2937;0.9205;0.1018;0.0724;0.8258;21.575;0.7889;0
21/06/21 13:00;27.602;23.561;54.322;52.601;37.399;90;37.399;456.41;98.402;358;14.8;1.89;0;450.65;36.711;72.362;0;6.5679;566.29;0;566.29;450.65;72.362;36.711;6.5679;0.7958;0.0764;0;0.0116;558.02;8.2653;0;0;2.3052;5.9601;546.16;11.306;8.7229;1.4007;1.1101;0.0724;557.47;0.558;0.4506;0.0724;0.0344;0.0006;548.01;441.47;70.889;33.261;0.5348;226.48;195;51.38;1.189;1.7248;24.811;1.8555;25.347;0;1;0;0;1.2408;0.9854;1;1;0.9372;0.0925;0.9797;0.9806;1;0.9677;0.8808;0.999;0.999;1;0.999;0.999;0.9645;0.906;0.0814;1.6116;1.6176;0.0097;0.0036;0.0955;0.0106;0.0375;0.0044;0;0;0.088;1.3097;0;0;0;0;0;0;0;0;0;0;0;0;0.0302;0.0064;1.4197;1.4197;0;41.761;41.761;26.96;0.0494;1392.2;1019.8;1;0.0221;0.0221;0;0;0;0;0;0;1.3977;1.3097;0;16.567;19.184;15.282;17.696;98.445;98.445;13.591;11.973;11.044;1.6182;0.9283;0.1191;0.0683;0.8126;25.586;0.7868;0
21/06/21 14:00;21.393;37.067;47.984;33.022;56.978;90;56.978;339.61;107.9;231.71;14.9;1.3599;0;425.19;43.32;95.095;0;10.818;574.42;0;574.42;425.19;95.095;43.32;10.818;0.7402;0.0942;0;0.0188;559.23;15.185;0;0;5.0528;10.133;551.31;7.362;4.9077;1.0976;1.3213;0.0355;558.67;0.5592;0.4252;0.0951;0.0383;0.0007;553.48;419.85;93.902;36.907;0.6488;106.48;91.678;24.502;6.0275;1.1439;16.454;2.1726;11.57;0;1;0;0;1.6914;0.9736;1;1;0.8834;0.0633;0.9868;0.9884;1;0.9654;0.9482;0.999;0.999;1;0.999;0.999;0.9598;0.852;0.06;1.6348;1.6165;0.0097;0.0036;0.0975;0.0105;0.0374;0.0029;0;0;0.088;1.3082;0;0;0;0;0;0;0;0;0;0;0;0;0.0301;0.0064;1.4183;1.4183;0;42.122;42.122;27.222;0.0494;1392;1018.8;1;0.022;0.022;0;0;0;0;0;0;1.3962;1.3082;0;16.315;18.893;15.05;17.427;98.446;98.446;13.786;11.96;11.032;1.8256;0.9279;0.1324;0.0673;0.8003;36.422;0.7835;0
21/06/21 15:00;13.046;48.53;56.806;17.184;28.585;90;28.585;186.5;104.8;81.695;14.6;0.85;0;198.13;71.486;69.548;0;1.5912;340.76;0;340.76;198.13;69.548;71.486;1.5912;0.5814;0.2145;0;0.0047;336.44;4.3218;0;0;2.9366;1.3852;326.93;9.1689;5.0983;1.7896;2.2427;0.0383;336.1;0.3364;0.1981;0.0695;0.0685;0.0002;327.14;192.84;67.688;66.238;0.1675;47.209;40.647;10.314;0.9155;0.4287;6.1661;0.2062;5.6792;0;1;0;0;1.8272;0.9873;1;1;0.9589;0.1295;0.9727;0.9742;1;0.9673;0.8138;0.999;0.999;1;0.999;0.999;0.9594;0.9266;0.1053;0.9698;0.9483;0.0057;0.0129;0.019;0.0064;0.0226;0.0011;0;0;0.088;0.7578;0;0;0;0;0;0;0;0;0;0;0;0;0.0182;0.0024;0.8599;0.8599;0;30.635;30.635;16.035;0.049;814.28;1056.1;1;0.0142;0.0142;0;0;0;0;0;0;0.8458;0.7578;0;16.676;19.31;14.695;17.016;98.353;98.353;8.1782;7.252;6.3905;0.9262;0.8615;0.1132;0.1053;0.7814;46.669;0.771;0
21/06/21 16:00;4.2329;57.336;79.688;5.0244;7.2389;90;7.2389;25.2;24.798;0.4013;13.05;0.75;0;0.9732;24.598;0.2472;0;0.0141;25.832;0;25.832;0.9732;0.2472;24.598;0.0141;0.0377;0.9528;0;0.0005;25.716;0.1162;0;0;0.1045;0.0117;24.273;1.418;0.3015;0.0766;1.0394;0.0005;25.691;0.0257;0.001;0.0002;0.0245;0;24.274;0.6708;0.1704;23.43;0.0018;14.661;12.623;3.1035;0.0019;0.1212;1.7439;0.0017;1.8633;0;1;0;0;1.0251;0.9955;1;1;0.9958;0.1673;0.9448;0.6899;1;0.9575;0.7756;0.999;0.999;1;0.999;0.999;0.9396;0.9525;0.1296;0.0735;0.0729;0.0004;0.0095;-0.0029;0.0005;0.0016;0.0003;0;0;0.088;-0.0295;0;0;0;0;0;0;0;0;0;0;0;0;0.0013;0.0001;0.0621;0.0621;0;14.257;14.257;1.2074;0.0497;60.66;1023.3;1;0.0036;0.0036;0;0;0;0;0;0;0.0585;-0.0295;0;15.878;18.387;-7.5418;-8.7332;94.271;94.271;0.62;0.5235;-0.2486;0.0965;0.7721;0.1557;1.2454;0;14.659;0;0
21/06/21 17:00;0;0;90;0;0;90;0;0;0;0;8.7403;0.85;0;0;0;0;0;0;0;0;0;0;0;0;0;1;1;1;1;0;0;0;0;0;0;0;0;0;0;0;0;0;0;0;0;0;0;0;0;0;0;0;0;0;0;0;0;0;0;0;0;0;0;0;1;1;1;1;1;1;1;1;1;1;1;1;1;1;1;1;1;1;1;0;0;0;0;0;0;0;0;0;0.0004;0.088;-0.0884;0;0;0;0;0;0;0;0;0;0;0;0;0;0;0;0;0;0;0;-8.7403;0;0;0;0;0.0004;0;0;0;0;0;0;0;-0.0004;-0.0884;0;0;0;0;0;0;0;0;0;-0.7452;0;0.7452;1;1;0;0;0;0
21/06/21 18:00;0;0;90;0;0;90;0;0;0;0;6.28;1.1901;0;0;0;0;0;0;0;0;0;0;0;0;0;1;1;1;1;0;0;0;0;0;0;0;0;0;0;0;0;0;0;0;0;0;0;0;0;0;0;0;0;0;0;0;0;0;0;0;0;0;0;0;1;1;1;1;1;1;1;1;1;1;1;1;1;1;1;1;1;1;1;0;0;0;0;0;0;0;0;0;0.0004;0.088;-0.0884;0;0;0;0;0;0;0;0;0;0;0;0;0;0;0;0;0;0;0;-6.28;0;0;0;0;0.0004;0;0;0;0;0;0;0;-0.0004;-0.0884;0;0;0;0;0;0;0;0;0;-0.7452;0;0.7452;1;1;0;0;0;0
21/06/21 19:00;0;0;90;0;0;90;0;0;0;0;4.64;1.72;0;0;0;0;0;0;0;0;0;0;0;0;0;1;1;1;1;0;0;0;0;0;0;0;0;0;0;0;0;0;0;0;0;0;0;0;0;0;0;0;0;0;0;0;0;0;0;0;0;0;0;0;1;1;1;1;1;1;1;1;1;1;1;1;1;1;1;1;1;1;1;0;0;0;0;0;0;0;0;0;0.0004;0.088;-0.0884;0;0;0;0;0;0;0;0;0;0;0;0;0;0;0;0;0;0;0;-4.64;0;0;0;0;0.0004;0;0;0;0;0;0;0;-0.0004;-0.0884;0;0;0;0;0;0;0;0;0;-0.7452;0;0.7452;1;1;0;0;0;0
21/06/21 20:00;0;0;90;0;0;90;0;0;0;0;3.72;2.3199;0;0;0;0;0;0;0;0;0;0;0;0;0;1;1;1;1;0;0;0;0;0;0;0;0;0;0;0;0;0;0;0;0;0;0;0;0;0;0;0;0;0;0;0;0;0;0;0;0;0;0;0;1;1;1;1;1;1;1;1;1;1;1;1;1;1;1;1;1;1;1;0;0;0;0;0;0;0;0;0;0.0004;0.088;-0.0884;0;0;0;0;0;0;0;0;0;0;0;0;0;0;0;0;0;0;0;-3.72;0;0;0;0;0.0004;0;0;0;0;0;0;0;-0.0004;-0.0884;0;0;0;0;0;0;0;0;0;-0.7452;0;0.7452;1;1;0;0;0;0
21/06/21 21:00;0;0;90;0;0;90;0;0;0;0;3.7;2.8699;0;0;0;0;0;0;0;0;0;0;0;0;0;1;1;1;1;0;0;0;0;0;0;0;0;0;0;0;0;0;0;0;0;0;0;0;0;0;0;0;0;0;0;0;0;0;0;0;0;0;0;0;1;1;1;1;1;1;1;1;1;1;1;1;1;1;1;1;1;1;1;0;0;0;0;0;0;0;0;0;0.0004;0.088;-0.0884;0;0;0;0;0;0;0;0;0;0;0;0;0;0;0;0;0;0;0;-3.7;0;0;0;0;0.0004;0;0;0;0;0;0;0;-0.0004;-0.0884;0;0;0;0;0;0;0;0;0;-0.7452;0;0.7452;1;1;0;0;0;0
21/06/21 22:00;0;0;90;0;0;90;0;0;0;0;4.7397;3.15;0;0;0;0;0;0;0;0;0;0;0;0;0;1;1;1;1;0;0;0;0;0;0;0;0;0;0;0;0;0;0;0;0;0;0;0;0;0;0;0;0;0;0;0;0;0;0;0;0;0;0;0;1;1;1;1;1;1;1;1;1;1;1;1;1;1;1;1;1;1;1;0;0;0;0;0;0;0;0;0;0.0004;0.088;-0.0884;0;0;0;0;0;0;0;0;0;0;0;0;0;0;0;0;0;0;0;-4.7397;0;0;0;0;0.0004;0;0;0;0;0;0;0;-0.0004;-0.0884;0;0;0;0;0;0;0;0;0;-0.7452;0;0.7452;1;1;0;0;0;0
21/06/21 23:00;0;0;90;0;0;90;0;0;0;0;4.8102;3.14;0;0;0;0;0;0;0;0;0;0;0;0;0;1;1;1;1;0;0;0;0;0;0;0;0;0;0;0;0;0;0;0;0;0;0;0;0;0;0;0;0;0;0;0;0;0;0;0;0;0;0;0;1;1;1;1;1;1;1;1;1;1;1;1;1;1;1;1;1;1;1;0;0;0;0;0;0;0;0;0;0.0004;0.088;-0.0884;0;0;0;0;0;0;0;0;0;0;0;0;0;0;0;0;0;0;0;-4.8102;0;0;0;0;0.0004;0;0;0;0;0;0;0;-0.0004;-0.0884;0;0;0;0;0;0;0;0;0;-0.7452;0;0.7452;1;1;0;0;0;0
22/06/21 00:00;0;0;90;0;0;90;0;0;0;0;2.8903;3.1701;0;0;0;0;0;0;0;0;0;0;0;0;0;1;1;1;1;0;0;0;0;0;0;0;0;0;0;0;0;0;0;0;0;0;0;0;0;0;0;0;0;0;0;0;0;0;0;0;0;0;0;0;1;1;1;1;1;1;1;1;1;1;1;1;1;1;1;1;1;1;1;0;0;0;0;0;0;0;0;0;0.0004;0.088;-0.0884;0;0;0;0;0;0;0;0;0;0;0;0;0;0;0;0;0;0;0;-2.8903;0;0;0;0;0.0004;0;0;0;0;0;0;0;-0.0004;-0.0884;0;0;0;0;0;0;0;0;0;-0.7452;0;0.7452;1;1;0;0;0;0
22/06/21 01:00;0;0;90;0;0;90;0;0;0;0;1.5701;3.48;0;0;0;0;0;0;0;0;0;0;0;0;0;1;1;1;1;0;0;0;0;0;0;0;0;0;0;0;0;0;0;0;0;0;0;0;0;0;0;0;0;0;0;0;0;0;0;0;0;0;0;0;1;1;1;1;1;1;1;1;1;1;1;1;1;1;1;1;1;1;1;0;0;0;0;0;0;0;0;0;0.0004;0.088;-0.0884;0;0;0;0;0;0;0;0;0;0;0;0;0;0;0;0;0;0;0;-1.5701;0;0;0;0;0.0004;0;0;0;0;0;0;0;-0.0004;-0.0884;0;0;0;0;0;0;0;0;0;-0.7452;0;0.7452;1;1;0;0;0;0
22/06/21 02:00;0;0;90;0;0;90;0;0;0;0;2.3798;4.3999;0;0;0;0;0;0;0;0;0;0;0;0;0;1;1;1;1;0;0;0;0;0;0;0;0;0;0;0;0;0;0;0;0;0;0;0;0;0;0;0;0;0;0;0;0;0;0;0;0;0;0;0;1;1;1;1;1;1;1;1;1;1;1;1;1;1;1;1;1;1;1;0;0;0;0;0;0;0;0;0;0.0004;0.088;-0.0884;0;0;0;0;0;0;0;0;0;0;0;0;0;0;0;0;0;0;0;-2.3798;0;0;0;0;0.0004;0;0;0;0;0;0;0;-0.0004;-0.0884;0;0;0;0;0;0;0;0;0;-0.7452;0;0.7452;1;1;0;0;0;0
22/06/21 03:00;0;0;90;0;0;90;0;0;0;0;2.9202;4.5399;0;0;0;0;0;0;0;0;0;0;0;0;0;1;1;1;1;0;0;0;0;0;0;0;0;0;0;0;0;0;0;0;0;0;0;0;0;0;0;0;0;0;0;0;0;0;0;0;0;0;0;0;1;1;1;1;1;1;1;1;1;1;1;1;1;1;1;1;1;1;1;0;0;0;0;0;0;0;0;0;0.0004;0.088;-0.0884;0;0;0;0;0;0;0;0;0;0;0;0;0;0;0;0;0;0;0;-2.9202;0;0;0;0;0.0004;0;0;0;0;0;0;0;-0.0004;-0.0884;0;0;0;0;0;0;0;0;0;-0.7452;0;0.7452;1;1;0;0;0;0
22/06/21 04:00;0;0;90;0;0;90;0;0;0;0;4.41;4.36;0;0;0;0;0;0;0;0;0;0;0;0;0;1;1;1;1;0;0;0;0;0;0;0;0;0;0;0;0;0;0;0;0;0;0;0;0;0;0;0;0;0;0;0;0;0;0;0;0;0;0;0;1;1;1;1;1;1;1;1;1;1;1;1;1;1;1;1;1;1;1;0;0;0;0;0;0;0;0;0;0.0004;0.088;-0.0884;0;0;0;0;0;0;0;0;0;0;0;0;0;0;0;0;0;0;0;-4.41;0;0;0;0;0.0004;0;0;0;0;0;0;0;-0.0004;-0.0884;0;0;0;0;0;0;0;0;0;-0.7452;0;0.7452;1;1;0;0;0;0
22/06/21 05:00;0;0;90;0;0;90;0;0;0;0;2.0999;4.2101;0;0;0;0;0;0;0;0;0;0;0;0;0;1;1;1;1;0;0;0;0;0;0;0;0;0;0;0;0;0;0;0;0;0;0;0;0;0;0;0;0;0;0;0;0;0;0;0;0;0;0;0;1;1;1;1;1;1;1;1;1;1;1;1;1;1;1;1;1;1;1;0;0;0;0;0;0;0;0;0;0.0004;0.088;-0.0884;0;0;0;0;0;0;0;0;0;0;0;0;0;0;0;0;0;0;0;-2.0999;0;0;0;0;0.0004;0;0;0;0;0;0;0;-0.0004;-0.0884;0;0;0;0;0;0;0;0;0;-0.7452;0;0.7452;1;1;0;0;0;0
22/06/21 06:00;0;0;90;0;0;90;0;0;0;0;1.9802;3.62;0;0;0;0;0;0;0;0;0;0;0;0;0;1;1;1;1;0;0;0;0;0;0;0;0;0;0;0;0;0;0;0;0;0;0;0;0;0;0;0;0;0;0;0;0;0;0;0;0;0;0;0;1;1;1;1;1;1;1;1;1;1;1;1;1;1;1;1;1;1;1;0;0;0;0;0;0;0;0;0;0.0004;0.088;-0.0884;0;0;0;0;0;0;0;0;0;0;0;0;0;0;0;0;0;0;0;-1.9802;0;0;0;0;0.0004;0;0;0;0;0;0;0;-0.0004;-0.0884;0;0;0;0;0;0;0;0;0;-0.7452;0;0.7452;1;1;0;0;0;0
22/06/21 07:00;4.3202;-57.266;79.473;5.1318;7.3973;-90;-7.3973;33.893;26.801;7.0918;3.0997;4.33;0;17.2;24.789;4.6269;0;0.0197;46.636;0;46.636;17.2;4.6269;24.789;0.0197;0.3688;0.532;0;0.0004;46.511;0.1249;0;0;0.1085;0.0164;38.818;7.6465;5.2013;1.3992;1.0453;0.0007;46.464;0.0465;0.0172;0.0046;0.0247;0;38.82;11.981;3.2231;23.611;0.0026;14.821;12.761;3.1431;0.0021;0.1222;1.7578;0.0018;1.8779;0;1;0;0;1.376;0.9973;1;1;0.9956;0.1687;0.8354;0.6973;1;0.9576;0.776;0.999;0.999;1;0.999;0.999;0.8324;0.9525;0.1308;0.1327;0.1146;0.0007;0.0118;-0.0084;0.0008;0.0027;0.0003;0;0;0.088;0.0112;0;0;0;0;0;0;0;0;0;0;0;0;0.0022;0.0001;0.1043;0.1043;0;5.0028;5.0028;1.9031;0.049;96.156;1084.7;1;0.0051;0.0051;0;0;0;0;0;0;0.0992;0.0112;0;14.779;17.114;1.5861;1.8367;95.102;95.102;1.1193;0.8796;0.0944;0.2397;0.7852;0.2141;0.7015;0.0843;14.777;0.082;0
22/06/21 08:00;13.278;-48.273;56.15;17.546;29.438;-90;-29.438;156.3;69.001;87.296;5.34;5.1799;0;211.72;45.996;48.096;0;1.4126;307.22;0;307.22;211.72;48.096;45.996;1.4126;0.6891;0.1543;0;0.0046;304.02;3.203;0;0;1.974;1.229;296.05;7.6619;5.0465;1.1464;1.4362;0.0328;303.71;0.304;0.2117;0.0481;0.044;0.0002;296.19;206.46;46.901;42.541;0.1507;30.724;26.453;6.9247;0.6526;0.2689;3.8675;0.1368;3.4838;0;1;0;0;1.9656;0.9896;1;1;0.9571;0.13;0.9748;0.9761;1;0.9673;0.8214;0.999;0.999;1;0.999;0.999;0.9636;0.9249;0.1067;0.8743;0.8552;0.0052;0.0141;-0.0159;0.006;0.0211;0.0007;0;0;0.088;0.703;0;0;0;0;0;0;0;0;0;0;0;0;0.017;0.002;0.8049;0.8049;0;19.739;19.739;14.399;0.0486;732.72;1098.5;1;0.0139;0.0139;0;0;0;0;0;0;0.791;0.703;0;17.313;20.048;15.122;17.51;98.275;98.275;7.3733;6.788;5.9288;0.5853;0.8592;0.0794;0.1165;0.8041;30.199;0.7966;0
22/06/21 09:00;21.58;-36.761;48.157;33.46;56.54;-90;-56.54;344.81;60.499;284.31;9.32;5.31;0;515.65;19.499;64.134;0;10.829;610.11;0;610.11;515.65;64.134;19.499;10.829;0.8452;0.0497;0;0.0177;597.78;12.333;0;0;2.2414;10.092;589.8;7.3803;6.0041;0.7468;0.594;0.0354;597.18;0.5978;0.5156;0.0641;0.0173;0.0007;591.81;509.13;63.323;16.647;0.7009;98.099;84.463;21.627;2.6414;0.9261;13.322;2.0126;11.606;0;1;0;0;1.7694;0.9798;1;1;0.8851;0.0681;0.9876;0.9883;1;0.9655;0.9519;0.999;0.999;1;0.999;0.999;0.9667;0.8537;0.0647;1.7363;1.7199;0.0104;0.0024;0.0805;0.0114;0.0404;0.0024;0;0;0.088;1.4202;0;0;0;0;0;0;0;0;0;0;0;0;0.0325;0.0072;1.5328;1.5328;0;38.344;38.344;29.024;0.0492;1480.8;1035.1;1;0.0245;0.0245;0;0;0;0;0;0;1.5082;1.4202;0;16.601;19.223;15.382;17.812;98.4;98.4;14.643;12.926;11.977;1.7167;0.9489;0.1172;0.0648;0.818;16.318;0.8048;0
22/06/21 10:00;27.728;-23.204;54.446;53.146;36.854;-90;-36.854;464.49;77.103;387.39;13.09;4.8599;0;484.14;25.708;60.664;0;6.4976;577.01;0;577.01;484.14;60.664;25.708;6.4976;0.8391;0.0558;0;0.0113;569.58;7.4257;0;0;1.5728;5.8529;557.47;11.548;9.5005;1.1904;0.7788;0.0782;569.01;0.5696;0.4841;0.0607;0.0241;0.0006;559.29;474.15;59.413;23.332;0.5658;230.24;198.23;52.192;0.7923;1.7288;24.869;1.8206;25.805;0;1;0;0;1.2422;0.9871;1;1;0.9388;0.0992;0.9797;0.9804;1;0.9677;0.8785;0.999;0.999;1;0.999;0.999;0.9661;0.9076;0.0871;1.6421;1.65;0.0099;0.0032;0.0904;0.0108;0.0384;0.0044;0;0;0.088;1.3443;0;0;0;0;0;0;0;0;0;0;0;0;0.0309;0.0067;1.4552;1.4552;0;40.579;40.579;27.489;0.0493;1419.9;1024.8;1;0.0228;0.0228;0;0;0;0;0;0;1.4323;1.3443;0;16.665;19.297;15.395;17.827;98.43;98.43;13.848;12.272;11.337;1.5767;0.9348;0.1139;0.0675;0.8186;17.838;0.7931;0
22/06/21 11:00;31.028;-7.8624;58.088;77.188;12.812;-90;-12.812;516.59;89.003;427.59;14.12;4.0699;0;438.51;32.763;57.253;0;0.9003;529.42;0;529.42;438.51;57.253;32.763;0.9003;0.8283;0.0636;0;0.0017;528.32;1.1052;0;0;0.3578;0.7474;511.66;16.133;13.12;1.7129;1.266;0.0343;527.79;0.5283;0.4385;0.0573;0.0324;0.0002;511.85;424.95;55.483;31.106;0.1185;299.8;258.13;67.337;0.0242;2.2263;32.025;0.189;34.227;0;1;0;0;1.0248;0.9979;1;1;0.9891;0.1699;0.9694;0.9701;1;0.9609;0.7756;0.999;0.999;1;0.999;0.999;0.9664;0.9494;0.1316;1.5067;1.5286;0.0092;0.0048;0.0772;0.0101;0.0357;0.0057;0;0;0.088;1.2423;0;0;0;0;0;0;0;0;0;0;0;0;0.0287;0.0058;1.3514;1.3514;0;39.334;39.334;25.214;0.0493;1314.7;1027.9;1;0.0211;0.0211;0;0;0;0;0;0;1.3303;1.2423;0;16.868;19.532;15.506;17.955;98.438;98.438;12.706;11.397;10.477;1.3095;0.9201;0.1031;0.0724;0.8245;19.793;0.7888;0
22/06/21 12:00;30.991;8.2024;58.047;76.638;13.362;90;13.362;522.49;92.103;430.39;14.88;3.45;0;442.36;33.432;59.832;0;0.9901;536.62;0;536.62;442.36;59.832;33.432;0.9901;0.8244;0.0641;0;0.0018;535.4;1.2175;0;0;0.3933;0.8242;518.6;16.268;13.17;1.7813;1.2789;0.0373;534.86;0.5354;0.4424;0.0598;0.033;0.0002;518.82;428.75;57.99;31.727;0.1284;302.78;260.69;66.761;0.0288;2.3298;33.513;0.219;35.814;0;1;0;0;1.027;0.9977;1;1;0.9882;0.1675;0.9696;0.9702;1;0.9613;0.7748;0.999;0.999;1;0.999;0.999;0.9664;0.949;0.1297;1.5272;1.5515;0.0093;0.0045;0.0845;0.0102;0.0361;0.006;0;0;0.088;1.2567;0;0;0;0;0;0;0;0;0;0;0;0;0.0291;0.0059;1.366;1.366;0;40.458;40.458;25.578;0.0493;1334.4;1023.6;1;0.0212;0.0212;0;0;0;0;0;0;1.3447;1.2567;0;16.82;19.478;15.475;17.92;98.445;98.445;12.879;11.519;10.598;1.3596;0.9213;0.1056;0.0715;0.8229;20.232;0.7861;0
22/06/21 13:00;27.624;23.514;54.334;52.679;37.321;90;37.321;409.31;140.5;268.81;15.51;3.1801;0;338.01;70.833;77.448;0;5.8665;492.16;0;492.16;338.01;77.448;70.833;5.8665;0.6868;0.1558;0;0.0119;482.41;9.7552;0;0;4.4335;5.3217;471.66;10.26;6.5517;1.5012;2.1423;0.0653;481.93;0.4824;0.338;0.0774;0.0664;0.0005;473.36;331.13;75.87;64.191;0.4789;209.27;180.18;47.592;2.276;1.6626;23.916;1.6978;23.302;0;1;0;0;1.2024;0.9802;1;1;0.9374;0.0929;0.9787;0.9806;1;0.9677;0.88;0.999;0.999;1;0.999;0.999;0.9584;0.9062;0.0816;1.4007;1.4022;0.0084;0.0065;0.0681;0.0092;0.0327;0.0043;0;0;0.088;1.1341;0;0;0;0;0;0;0;0;0;0;0;0;0.0264;0.0049;1.2416;1.2416;0;38.751;38.751;23.241;0.0493;1206.4;1029.2;1;0.0195;0.0195;0;0;0;0;0;0;1.2221;1.1341;0;16.67;19.304;15.227;17.633;98.43;98.43;11.812;10.471;9.5642;1.3412;0.9065;0.1135;0.0767;0.8097;49.337;0.7813;0
22/06/21 14:00;21.423;37.028;48.003;33.086;56.914;90;56.914;237.4;175.5;61.906;15.24;2.4601;0;113.4;118.27;41.201;0;7.5465;280.42;0;280.42;113.4;41.201;118.27;7.5465;0.4044;0.4487;0;0.0269;259.58;20.841;0;0;13.772;7.0687;253.9;5.4171;1.3102;0.476;3.6063;0.0246;259.32;0.2596;0.1134;0.0412;0.1045;0.0005;256.36;111.98;40.684;100.78;0.4527;120.33;103.6;29.591;16.384;1.7912;25.765;2.4587;11.172;0;1;0;0;1.1812;0.9257;1;1;0.8836;0.0633;0.9791;0.9884;1;0.9655;0.9484;0.999;0.999;1;0.999;0.999;0.9054;0.8522;0.06;0.798;0.7851;0.0047;0.0149;0.0075;0.0053;0.0188;0.0047;0;0;0.088;0.612;0;0;0;0;0;0;0;0;0;0;0;0;0.0152;0.0017;0.7121;0.7121;0;27.684;27.684;12.444;0.049;671.08;1061.2;1;0.0121;0.0121;0;0;0;0;0;0;0.7;0.612;0;16.782;19.433;14.422;16.7;98.297;98.297;6.73;6.0056;5.1612;0.7244;0.8444;0.1076;0.1255;0.7669;99.363;0.7175;0
22/06/21 15:00;13.082;48.498;56.705;17.238;28.71;90;28.71;73.704;72.3;1.404;14.08;2.2301;0;3.4052;67.538;0.8224;0;0.6343;72.399;0;72.399;3.4052;0.8224;67.538;0.6343;0.047;0.9416;0;0.0088;69.053;3.3463;0;0;2.7938;0.5525;66.744;2.2398;0.0866;0.0209;2.1172;0.0152;68.984;0.0691;0.0034;0.0008;0.0647;0.0001;66.933;3.3152;0.8007;62.562;0.0666;44.136;38.001;9.8332;0.878;0.3898;5.6072;0.1884;5.119;0;1;0;0;0.9823;0.9538;1;1;0.9586;0.129;0.9675;0.9745;1;0.9673;0.8145;0.999;0.999;1;0.999;0.999;0.9219;0.9263;0.1049;0.206;0.2027;0.0012;0.0148;-0.0057;0.0013;0.0048;0.001;0;0;0.088;0.0869;0;0;0;0;0;0;0;0;0;0;0;0;0.0038;0.0002;0.1812;0.1812;0;17.364;17.364;3.2844;0.0492;171.95;1053.7;1;0.0063;0.0063;0;0;0;0;0;0;0.1749;0.0869;0;16.536;19.148;7.9327;9.1859;96.544;96.544;1.7376;1.5279;0.733;0.2097;0.7949;0.1207;0.4575;0.4218;44.128;0.3987;0
22/06/21 16:00;4.272;57.309;79.592;5.0722;7.3094;90;7.3094;6.3097;6.1996;0.1101;12.14;2.6101;0;0.267;6.1675;0.0168;0;0.0036;6.4549;6.4549;0;0.267;0;0;0;1;1;1;1;0;0;0;0;0;0;0;0;0;0;0;0;0;0;0;0;0;0;0;0;0;0;0;0;0;0;0;0;0;0;0;0;0;0;0;0;1;1;1;1;1;1;1;1;1;1;1;0;1;0;0;1;0;0;0;0;0;0;0;0;0;0;0;0.0004;0.088;-0.0884;0;0;0;0;0;0;0;0;0;0;0;0;0;0;0;0;0;0;0;-12.14;0;0;0;0;0.0004;0;0;0;0;0;0;0;-0.0004;-0.0884;0;0;0;0;0;0;0;0;0;-0.7452;0;0.7452;1;1;0;0;0;0
22/06/21 17:00;0;0;90;0;0;90;0;0;0;0;9.8903;2.7801;0;0;0;0;0;0;0;0;0;0;0;0;0;1;1;1;1;0;0;0;0;0;0;0;0;0;0;0;0;0;0;0;0;0;0;0;0;0;0;0;0;0;0;0;0;0;0;0;0;0;0;0;1;1;1;1;1;1;1;1;1;1;1;1;1;1;1;1;1;1;1;0;0;0;0;0;0;0;0;0;0.0004;0.088;-0.0884;0;0;0;0;0;0;0;0;0;0;0;0;0;0;0;0;0;0;0;-9.8903;0;0;0;0;0.0004;0;0;0;0;0;0;0;-0.0004;-0.0884;0;0;0;0;0;0;0;0;0;-0.7452;0;0.7452;1;1;0;0;0;0
22/06/21 18:00;0;0;90;0;0;90;0;0;0;0;8.37;2.9301;0;0;0;0;0;0;0;0;0;0;0;0;0;1;1;1;1;0;0;0;0;0;0;0;0;0;0;0;0;0;0;0;0;0;0;0;0;0;0;0;0;0;0;0;0;0;0;0;0;0;0;0;1;1;1;1;1;1;1;1;1;1;1;1;1;1;1;1;1;1;1;0;0;0;0;0;0;0;0;0;0.0004;0.088;-0.0884;0;0;0;0;0;0;0;0;0;0;0;0;0;0;0;0;0;0;0;-8.37;0;0;0;0;0.0004;0;0;0;0;0;0;0;-0.0004;-0.0884;0;0;0;0;0;0;0;0;0;-0.7452;0;0.7452;1;1;0;0;0;0
22/06/21 19:00;0;0;90;0;0;90;0;0;0;0;8.2902;3.0299;0;0;0;0;0;0;0;0;0;0;0;0;0;1;1;1;1;0;0;0;0;0;0;0;0;0;0;0;0;0;0;0;0;0;0;0;0;0;0;0;0;0;0;0;0;0;0;0;0;0;0;0;1;1;1;1;1;1;1;1;1;1;1;1;1;1;1;1;1;1;1;0;0;0;0;0;0;0;0;0;0.0004;0.088;-0.0884;0;0;0;0;0;0;0;0;0;0;0;0;0;0;0;0;0;0;0;-8.2902;0;0;0;0;0.0004;0;0;0;0;0;0;0;-0.0004;-0.0884;0;0;0;0;0;0;0;0;0;-0.7452;0;0.7452;1;1;0;0;0;0
22/06/21 20:00;0;0;90;0;0;90;0;0;0;0;7.8003;3.24;0;0;0;0;0;0;0;0;0;0;0;0;0;1;1;1;1;0;0;0;0;0;0;0;0;0;0;0;0;0;0;0;0;0;0;0;0;0;0;0;0;0;0;0;0;0;0;0;0;0;0;0;1;1;1;1;1;1;1;1;1;1;1;1;1;1;1;1;1;1;1;0;0;0;0;0;0;0;0;0;0.0004;0.088;-0.0884;0;0;0;0;0;0;0;0;0;0;0;0;0;0;0;0;0;0;0;-7.8003;0;0;0;0;0.0004;0;0;0;0;0;0;0;-0.0004;-0.0884;0;0;0;0;0;0;0;0;0;-0.7452;0;0.7452;1;1;0;0;0;0
22/06/21 21:00;0;0;90;0;0;90;0;0;0;0;8.59;3.63;0;0;0;0;0;0;0;0;0;0;0;0;0;1;1;1;1;0;0;0;0;0;0;0;0;0;0;0;0;0;0;0;0;0;0;0;0;0;0;0;0;0;0;0;0;0;0;0;0;0;0;0;1;1;1;1;1;1;1;1;1;1;1;1;1;1;1;1;1;1;1;0;0;0;0;0;0;0;0;0;0.0004;0.088;-0.0884;0;0;0;0;0;0;0;0;0;0;0;0;0;0;0;0;0;0;0;-8.59;0;0;0;0;0.0004;0;0;0;0;0;0;0;-0.0004;-0.0884;0;0;0;0;0;0;0;0;0;-0.7452;0;0.7452;1;1;0;0;0;0
22/06/21 22:00;0;0;90;0;0;90;0;0;0;0;9.6397;3.9701;0;0;0;0;0;0;0;0;0;0;0;0;0;1;1;1;1;0;0;0;0;0;0;0;0;0;0;0;0;0;0;0;0;0;0;0;0;0;0;0;0;0;0;0;0;0;0;0;0;0;0;0;1;1;1;1;1;1;1;1;1;1;1;1;1;1;1;1;1;1;1;0;0;0;0;0;0;0;0;0;0.0004;0.088;-0.0884;0;0;0;0;0;0;0;0;0;0;0;0;0;0;0;0;0;0;0;-9.6397;0;0;0;0;0.0004;0;0;0;0;0;0;0;-0.0004;-0.0884;0;0;0;0;0;0;0;0;0;-0.7452;0;0.7452;1;1;0;0;0;0
22/06/21 23:00;0;0;90;0;0;90;0;0;0;0;9.7002;4.3001;0;0;0;0;0;0;0;0;0;0;0;0;0;1;1;1;1;0;0;0;0;0;0;0;0;0;0;0;0;0;0;0;0;0;0;0;0;0;0;0;0;0;0;0;0;0;0;0;0;0;0;0;1;1;1;1;1;1;1;1;1;1;1;1;1;1;1;1;1;1;1;0;0;0;0;0;0;0;0;0;0.0004;0.088;-0.0884;0;0;0;0;0;0;0;0;0;0;0;0;0;0;0;0;0;0;0;-9.7002;0;0;0;0;0.0004;0;0;0;0;0;0;0;-0.0004;-0.0884;0;0;0;0;0;0;0;0;0;-0.7452;0;0.7452;1;1;0;0;0;0
23/06/21 00:00;0;0;90;0;0;90;0;0;0;0;10.2;4.26;0;0;0;0;0;0;0;0;0;0;0;0;0;1;1;1;1;0;0;0;0;0;0;0;0;0;0;0;0;0;0;0;0;0;0;0;0;0;0;0;0;0;0;0;0;0;0;0;0;0;0;0;1;1;1;1;1;1;1;1;1;1;1;1;1;1;1;1;1;1;1;0;0;0;0;0;0;0;0;0;0.0004;0.088;-0.0884;0;0;0;0;0;0;0;0;0;0;0;0;0;0;0;0;0;0;0;-10.2;0;0;0;0;0.0004;0;0;0;0;0;0;0;-0.0004;-0.0884;0;0;0;0;0;0;0;0;0;-0.7452;0;0.7452;1;1;0;0;0;0
23/06/21 01:00;0;0;90;0;0;90;0;0;0;0;10.28;4.35;0;0;0;0;0;0;0;0;0;0;0;0;0;1;1;1;1;0;0;0;0;0;0;0;0;0;0;0;0;0;0;0;0;0;0;0;0;0;0;0;0;0;0;0;0;0;0;0;0;0;0;0;1;1;1;1;1;1;1;1;1;1;1;1;1;1;1;1;1;1;1;0;0;0;0;0;0;0;0;0;0.0004;0.088;-0.0884;0;0;0;0;0;0;0;0;0;0;0;0;0;0;0;0;0;0;0;-10.28;0;0;0;0;0.0004;0;0;0;0;0;0;0;-0.0004;-0.0884;0;0;0;0;0;0;0;0;0;-0.7452;0;0.7452;1;1;0;0;0;0
23/06/21 02:00;0;0;90;0;0;90;0;0;0;0;8.5801;4.4799;0;0;0;0;0;0;0;0;0;0;0;0;0;1;1;1;1;0;0;0;0;0;0;0;0;0;0;0;0;0;0;0;0;0;0;0;0;0;0;0;0;0;0;0;0;0;0;0;0;0;0;0;1;1;1;1;1;1;1;1;1;1;1;1;1;1;1;1;1;1;1;0;0;0;0;0;0;0;0;0;0.0004;0.088;-0.0884;0;0;0;0;0;0;0;0;0;0;0;0;0;0;0;0;0;0;0;-8.5801;0;0;0;0;0.0004;0;0;0;0;0;0;0;-0.0004;-0.0884;0;0;0;0;0;0;0;0;0;-0.7452;0;0.7452;1;1;0;0;0;0
23/06/21 03:00;0;0;90;0;0;90;0;0;0;0;7.4998;4.5301;0;0;0;0;0;0;0;0;0;0;0;0;0;1;1;1;1;0;0;0;0;0;0;0;0;0;0;0;0;0;0;0;0;0;0;0;0;0;0;0;0;0;0;0;0;0;0;0;0;0;0;0;1;1;1;1;1;1;1;1;1;1;1;1;1;1;1;1;1;1;1;0;0;0;0;0;0;0;0;0;0.0004;0.088;-0.0884;0;0;0;0;0;0;0;0;0;0;0;0;0;0;0;0;0;0;0;-7.4998;0;0;0;0;0.0004;0;0;0;0;0;0;0;-0.0004;-0.0884;0;0;0;0;0;0;0;0;0;-0.7452;0;0.7452;1;1;0;0;0;0
23/06/21 04:00;0;0;90;0;0;90;0;0;0;0;9.2003;5.29;0;0;0;0;0;0;0;0;0;0;0;0;0;1;1;1;1;0;0;0;0;0;0;0;0;0;0;0;0;0;0;0;0;0;0;0;0;0;0;0;0;0;0;0;0;0;0;0;0;0;0;0;1;1;1;1;1;1;1;1;1;1;1;1;1;1;1;1;1;1;1;0;0;0;0;0;0;0;0;0;0.0004;0.088;-0.0884;0;0;0;0;0;0;0;0;0;0;0;0;0;0;0;0;0;0;0;-9.2003;0;0;0;0;0.0004;0;0;0;0;0;0;0;-0.0004;-0.0884;0;0;0;0;0;0;0;0;0;-0.7452;0;0.7452;1;1;0;0;0;0
23/06/21 05:00;0;0;90;0;0;90;0;0;0;0;9.7999;5.4801;0;0;0;0;0;0;0;0;0;0;0;0;0;1;1;1;1;0;0;0;0;0;0;0;0;0;0;0;0;0;0;0;0;0;0;0;0;0;0;0;0;0;0;0;0;0;0;0;0;0;0;0;1;1;1;1;1;1;1;1;1;1;1;1;1;1;1;1;1;1;1;0;0;0;0;0;0;0;0;0;0.0004;0.088;-0.0884;0;0;0;0;0;0;0;0;0;0;0;0;0;0;0;0;0;0;0;-9.7999;0;0;0;0;0.0004;0;0;0;0;0;0;0;-0.0004;-0.0884;0;0;0;0;0;0;0;0;0;-0.7452;0;0.7452;1;1;0;0;0;0
23/06/21 06:00;0;0;90;0;0;90;0;0;0;0;11.11;5.7499;0;0;0;0;0;0;0;0;0;0;0;0;0;1;1;1;1;0;0;0;0;0;0;0;0;0;0;0;0;0;0;0;0;0;0;0;0;0;0;0;0;0;0;0;0;0;0;0;0;0;0;0;1;1;1;1;1;1;1;1;1;1;1;1;1;1;1;1;1;1;1;0;0;0;0;0;0;0;0;0;0.0004;0.088;-0.0884;0;0;0;0;0;0;0;0;0;0;0;0;0;0;0;0;0;0;0;-11.11;0;0;0;0;0.0004;0;0;0;0;0;0;0;-0.0004;-0.0884;0;0;0;0;0;0;0;0;0;-0.7452;0;0.7452;1;1;0;0;0;0
23/06/21 07:00;4.4656;-57.155;79.115;5.3108;7.6615;-90;-7.6615;5.7041;5.7008;0.0033;11.58;6.8599;0;0.0081;5.6751;0.0004;0;0.0036;5.6872;5.6872;0;0.0081;0;0;0;1;1;1;1;0;0;0;0;0;0;0;0;0;0;0;0;0;0;0;0;0;0;0;0;0;0;0;0;0;0;0;0;0;0;0;0;0;0;0;0;1;1;1;1;1;1;1;1;1;1;1;0;1;0;0;1;0;0;0;0;0;0;0;0;0;0;0;0.0004;0.088;-0.0884;0;0;0;0;0;0;0;0;0;0;0;0;0;0;0;0;0;0;0;-11.58;0;0;0;0;0.0004;0;0;0;0;0;0;0;-0.0004;-0.0884;0;0;0;0;0;0;0;0;0;-0.7452;0;0.7452;1;1;0;0;0;0
23/06/21 08:00;13.256;-48.317;56.212;17.507;29.345;-90;-29.345;40.105;39.599;0.5056;11.8;6.96;0;1.2261;36.997;0.1601;0;0.3602;38.743;0;38.743;1.2261;0.1601;36.997;0.3602;0.0316;0.9642;0;0.0093;36.85;1.893;0;0;1.5798;0.3133;35.616;1.1975;0.0294;0.0038;1.1558;0.0084;36.813;0.0369;0.0012;0.0002;0.0354;0;35.725;1.1955;0.1561;34.226;0.0385;24.278;20.904;5.4224;0.5189;0.2159;3.1055;0.1091;2.8025;0;1;0;0;0.9661;0.9511;1;1;0.9573;0.1304;0.9675;0.976;1;0.9673;0.8208;0.999;0.999;1;0.999;0.999;0.9193;0.9251;0.1069;0.1103;0.1084;0.0007;0.0115;-0.0045;0.0007;0.0025;0.0005;0;0;0.088;0.0024;0;0;0;0;0;0;0;0;0;0;0;0;0.002;0.0001;0.095;0.095;0;13.561;13.561;1.7607;0.0494;91.001;1043.4;1;0.0045;0.0045;0;0;0;0;0;0;0.0904;0.0024;0;16.195;18.753;0.4104;0.4752;95.214;95.214;0.9298;0.8007;0.0203;0.1291;0.7804;0.1388;0.8393;0.0218;24.276;0.0206;0
23/06/21 09:00;21.566;-36.811;48.122;33.411;56.589;-90;-56.589;82.495;81.2;1.2943;12.48;6.79;0;2.3505;62.788;0.3927;0;2.5949;68.126;0;68.126;2.3505;0.3927;62.788;2.5949;0.0345;0.9597;0;0.0381;58.482;9.6447;0;0;7.2264;2.4183;56.47;1.9536;0.0273;0.0046;1.9132;0.0085;58.423;0.0585;0.0024;0.0004;0.0556;0.0002;57.534;2.3208;0.3877;53.593;0.1679;52.958;45.597;13.33;8.5238;0.8537;12.28;1.0641;4.6104;0;1;0;0;0.8258;0.8584;1;1;0.8849;0.0681;0.9666;0.9884;1;0.9655;0.9518;0.999;0.999;1;0.999;0.999;0.8289;0.8536;0.0647;0.1939;0.1892;0.0011;0.0145;-0.0067;0.0013;0.0045;0.0022;0;0;0.088;0.0744;0;0;0;0;0;0;0;0;0;0;0;0;0.0036;0.0002;0.1686;0.1686;0;15.259;15.259;2.7792;0.0492;159.68;1055.8;1;0.0062;0.0062;0;0;0;0;0;0;0.1624;0.0744;0;16.352;18.936;7.2159;8.3558;96.326;96.326;1.635;1.4217;0.6274;0.2133;0.7943;0.1305;0.4858;0.3837;52.573;0.3381;0
23/06/21 10:00;27.724;-23.258;54.416;53.08;36.92;-90;-36.92;148.5;144.6;3.902;12.9;6.9299;0;4.8807;129.28;1.1472;0;2.0845;137.39;0;137.39;4.8807;1.1472;129.28;2.0845;0.0355;0.9561;0;0.0152;127.58;9.8095;0;0;7.9313;1.8783;123.39;4.0584;0.0955;0.0224;3.9156;0.0249;127.45;0.1276;0.0049;0.0011;0.1213;0.0002;124.1;4.7804;1.1236;117.31;0.1812;92.096;79.295;21.223;4.0008;0.9085;13.069;0.7087;9.9766;0;1;0;0;0.9252;0.9286;1;1;0.9386;0.099;0.9682;0.9804;1;0.9677;0.8791;0.999;0.999;1;0.999;0.999;0.8981;0.9074;0.0869;0.391;0.3812;0.0023;0.0171;-0.0084;0.0026;0.0092;0.0024;0;0;0.088;0.2522;0;0;0;0;0;0;0;0;0;0;0;0;0.0074;0.0005;0.3481;0.3481;0;18.941;18.941;6.0411;0.049;324.92;1071.2;1;0.0079;0.0079;0;0;0;0;0;0;0.3402;0.2522;0;16.741;19.385;12.13;14.046;97.743;97.743;3.2973;2.9352;2.1269;0.3621;0.8084;0.1098;0.2452;0.645;89.75;0.6021;0
23/06/21 11:00;31.035;-7.9184;58.069;77.104;12.896;-90;-12.896;157.39;153.9;3.4908;13.4;7.3201;0;3.5812;151.18;0.8084;0;0.2779;155.85;0;155.85;3.5812;0.8084;151.18;0.2779;0.023;0.9718;0;0.0018;153.95;1.9;0;0;1.6693;0.2307;147.82;5.9747;0.1069;0.0241;5.8331;0.0106;153.79;0.1539;0.0036;0.0008;0.1495;0;147.88;3.4707;0.7835;143.53;0.0366;93.833;80.79;20.022;0.1135;0.7722;11.107;0.0562;11.766;0;1;0;0;0.9902;0.9878;1;1;0.989;0.1699;0.9612;0.9701;1;0.9609;0.7756;0.999;0.999;1;0.999;0.999;0.9485;0.9494;0.1316;0.4435;0.4453;0.0027;0.0173;-0.007;0.003;0.0107;0.002;0;0;0.088;0.3108;0;0;0;0;0;0;0;0;0;0;0;0;0.0086;0.0007;0.4073;0.4073;0;20.635;20.635;7.235;0.0489;380.28;1071;1;0.0085;0.0085;0;0;0;0;0;0;0.3988;0.3108;0;17.269;19.997;13.178;15.26;97.918;97.918;3.7403;3.4346;2.621;0.3057;0.8136;0.0817;0.2175;0.7007;91.355;0.6652;0
23/06/21 12:00;31.01;8.1502;58.041;76.729;13.271;90;13.271;82.299;81.4;0.8994;13.2;6.8499;0;0.9241;80.207;0.1104;0;0.1538;81.395;0;81.395;0.9241;0.1104;80.207;0.1538;0.0114;0.9873;0;0.0019;80.334;1.0609;0;0;0.9328;0.1281;77.144;3.1099;0.0275;0.0033;3.0733;0.0058;80.254;0.0803;0.0009;0.0001;0.0793;0;77.175;0.8957;0.107;76.122;0.02;49.107;42.281;10.542;0.0668;0.4005;5.7609;0.0312;6.0946;0;1;0;0;0.989;0.987;1;1;0.9884;0.1676;0.9612;0.9702;1;0.9612;0.7748;0.999;0.999;1;0.999;0.999;0.9478;0.9491;0.1297;0.2316;0.2323;0.0014;0.0155;-0.0068;0.0016;0.0055;0.001;0;0;0.088;0.1149;0;0;0;0;0;0;0;0;0;0;0;0;0.0044;0.0002;0.2095;0.2095;0;16.989;16.989;3.7888;0.0491;197.39;1061.1;1;0.0065;0.0065;0;0;0;0;0;0;0.2029;0.1149;0;17.004;19.691;9.3293;10.803;96.878;96.878;1.9535;1.7664;0.9691;0.1871;0.7973;0.0958;0.4081;0.4961;48.525;0.4711;0
23/06/21 13:00;27.653;23.47;54.34;52.761;37.239;90;37.239;67.394;66.699;0.6954;13.2;6.16;0;0.8734;59.832;0.0949;0;0.9618;61.762;0;61.762;0.8734;0.0949;59.832;0.9618;0.0141;0.9843;0;0.0156;57.158;4.6042;0;0;3.732;0.8722;55.261;1.8395;0.0169;0.0018;1.8099;0.0108;57.101;0.0572;0.0009;0.0001;0.0561;0.0001;55.588;0.8556;0.093;54.234;0.0787;42.02;36.179;9.7416;1.907;0.416;5.9846;0.3266;4.4937;0;1;0;0;0.9164;0.9255;1;1;0.9376;0.0932;0.9678;0.9806;1;0.9677;0.8792;0.999;0.999;1;0.999;0.999;0.8947;0.9064;0.0818;0.1758;0.171;0.001;0.0139;-0.0057;0.0011;0.004;0.0011;0;0;0.088;0.0581;0;0;0;0;0;0;0;0;0;0;0;0;0.0032;0.0002;0.1521;0.1521;0;15.922;15.922;2.722;0.0493;144.61;1052;1;0.006;0.006;0;0;0;0;0;0;0.1461;0.0581;0;16.276;18.847;6.2151;7.197;96.032;96.032;1.4823;1.2829;0.4899;0.1994;0.793;0.1345;0.535;0.3305;41.646;0.3081;0
23/06/21 14:00;21.459;36.993;48.017;33.155;56.845;90;56.845;68.996;68.203;0.7936;12.43;5.76;0;1.4511;52.665;0.2046;0;2.1883;56.509;0;56.509;1.4511;0.2046;52.665;2.1883;0.0257;0.9707;0;0.0387;48.337;8.1717;0;0;6.1219;2.0498;46.657;1.6317;0.0168;0.0024;1.6055;0.0071;48.289;0.0483;0.0015;0.0002;0.0465;0.0001;47.561;1.4329;0.202;44.891;0.1313;44.439;38.262;11.192;7.2643;0.7232;10.404;0.9034;3.8625;0;1;0;0;0.819;0.8554;1;1;0.8838;0.0633;0.9662;0.9884;1;0.9655;0.9487;0.999;0.999;1;0.999;0.999;0.8257;0.8524;0.06;0.1608;0.1569;0.0009;0.0135;-0.0059;0.001;0.0037;0.0019;0;0;0.088;0.0449;0;0;0;0;0;0;0;0;0;0;0;0;0.003;0.0001;0.1387;0.1387;0;14.73;14.73;2.3007;0.0493;132.07;1050.1;1;0.0058;0.0058;0;0;0;0;0;0;0.1329;0.0449;0;16.217;18.779;5.2478;6.0768;95.812;95.812;1.3562;1.1696;0.3785;0.1867;0.7911;0.1376;0.5833;0.2791;44.213;0.2452;0
23/06/21 15:00;13.123;48.471;56.59;17.297;28.848;90;28.848;14.202;14.202;0;12;5.78;0;0;13.32;0;0;0.1234;13.444;0;13.444;0;0;13.32;0.1234;0;1;0;0.0092;12.781;0.6628;0;0;0.5553;0.1075;12.348;0.4201;0;0;0.4172;0.0029;12.768;0.0128;0;0;0.0128;0;12.386;0;0;12.335;0.0129;8.7113;7.5004;1.9417;0.1761;0.0771;1.1085;0.0376;1.0095;0;1;0;0;0.9466;0.9507;1;1;0.9583;0.1284;0.9671;1;1;0.9673;0.8153;0.999;1;1;0.999;0.999;0.9185;0.926;0.1046;0.0383;0.0377;0.0002;0.0068;-0.0016;0.0002;0.0008;0.0002;0;0;0.088;-0.0603;0;0;0;0;0;0;0;0;0;0;0;0;0.0006;0;0.0304;0.0304;0;12.621;12.621;0.6209;0.0503;30.435;999.32;1;0.0027;0.0027;0;0;0;0;0;0;0.0277;-0.0603;0;14.949;17.311;-29.625;-34.305;91.167;91.167;0.3227;0.2565;-0.5083;0.0662;0.7648;0.2051;2.3703;0;8.7113;0;0
23/06/21 16:00;4.3155;57.288;79.485;5.125;7.3872;90;7.3872;0;0;0;11.24;6.02;0;0;0;0;0;0;0;0;0;0;0;0;0;1;1;1;1;0;0;0;0;0;0;0;0;0;0;0;0;0;0;0;0;0;0;0;0;0;0;0;0;0;0;0;0;0;0;0;0;0;0;0;1;1;1;1;1;1;1;1;1;1;1;1;1;1;1;1;1;1;1;0;0;0;0;0;0;0;0;0;0.0004;0.088;-0.0884;0;0;0;0;0;0;0;0;0;0;0;0;0;0;0;0;0;0;0;-11.24;0;0;0;0;0.0004;0;0;0;0;0;0;0;-0.0004;-0.0884;0;0;0;0;0;0;0;0;0;-0.7452;0;0.7452;1;1;0;0;0;0
23/06/21 17:00;0;0;90;0;0;90;0;0;0;0;11.31;6.3099;0;0;0;0;0;0;0;0;0;0;0;0;0;1;1;1;1;0;0;0;0;0;0;0;0;0;0;0;0;0;0;0;0;0;0;0;0;0;0;0;0;0;0;0;0;0;0;0;0;0;0;0;1;1;1;1;1;1;1;1;1;1;1;1;1;1;1;1;1;1;1;0;0;0;0;0;0;0;0;0;0.0004;0.088;-0.0884;0;0;0;0;0;0;0;0;0;0;0;0;0;0;0;0;0;0;0;-11.31;0;0;0;0;0.0004;0;0;0;0;0;0;0;-0.0004;-0.0884;0;0;0;0;0;0;0;0;0;-0.7452;0;0.7452;1;1;0;0;0;0
23/06/21 18:00;0;0;90;0;0;90;0;0;0;0;11.1;6.5399;0;0;0;0;0;0;0;0;0;0;0;0;0;1;1;1;1;0;0;0;0;0;0;0;0;0;0;0;0;0;0;0;0;0;0;0;0;0;0;0;0;0;0;0;0;0;0;0;0;0;0;0;1;1;1;1;1;1;1;1;1;1;1;1;1;1;1;1;1;1;1;0;0;0;0;0;0;0;0;0;0.0004;0.088;-0.0884;0;0;0;0;0;0;0;0;0;0;0;0;0;0;0;0;0;0;0;-11.1;0;0;0;0;0.0004;0;0;0;0;0;0;0;-0.0004;-0.0884;0;0;0;0;0;0;0;0;0;-0.7452;0;0.7452;1;1;0;0;0;0
23/06/21 19:00;0;0;90;0;0;90;0;0;0;0;11.3;6.5301;0;0;0;0;0;0;0;0;0;0;0;0;0;1;1;1;1;0;0;0;0;0;0;0;0;0;0;0;0;0;0;0;0;0;0;0;0;0;0;0;0;0;0;0;0;0;0;0;0;0;0;0;1;1;1;1;1;1;1;1;1;1;1;1;1;1;1;1;1;1;1;0;0;0;0;0;0;0;0;0;0.0004;0.088;-0.0884;0;0;0;0;0;0;0;0;0;0;0;0;0;0;0;0;0;0;0;-11.3;0;0;0;0;0.0004;0;0;0;0;0;0;0;-0.0004;-0.0884;0;0;0;0;0;0;0;0;0;-0.7452;0;0.7452;1;1;0;0;0;0
23/06/21 20:00;0;0;90;0;0;90;0;0;0;0;11.84;6.2801;0;0;0;0;0;0;0;0;0;0;0;0;0;1;1;1;1;0;0;0;0;0;0;0;0;0;0;0;0;0;0;0;0;0;0;0;0;0;0;0;0;0;0;0;0;0;0;0;0;0;0;0;1;1;1;1;1;1;1;1;1;1;1;1;1;1;1;1;1;1;1;0;0;0;0;0;0;0;0;0;0.0004;0.088;-0.0884;0;0;0;0;0;0;0;0;0;0;0;0;0;0;0;0;0;0;0;-11.84;0;0;0;0;0.0004;0;0;0;0;0;0;0;-0.0004;-0.0884;0;0;0;0;0;0;0;0;0;-0.7452;0;0.7452;1;1;0;0;0;0
23/06/21 21:00;0;0;90;0;0;90;0;0;0;0;11.8;6.41;0;0;0;0;0;0;0;0;0;0;0;0;0;1;1;1;1;0;0;0;0;0;0;0;0;0;0;0;0;0;0;0;0;0;0;0;0;0;0;0;0;0;0;0;0;0;0;0;0;0;0;0;1;1;1;1;1;1;1;1;1;1;1;1;1;1;1;1;1;1;1;0;0;0;0;0;0;0;0;0;0.0004;0.088;-0.0884;0;0;0;0;0;0;0;0;0;0;0;0;0;0;0;0;0;0;0;-11.8;0;0;0;0;0.0004;0;0;0;0;0;0;0;-0.0004;-0.0884;0;0;0;0;0;0;0;0;0;-0.7452;0;0.7452;1;1;0;0;0;0
23/06/21 22:00;0;0;90;0;0;90;0;0;0;0;12.1;7.51;0;0;0;0;0;0;0;0;0;0;0;0;0;1;1;1;1;0;0;0;0;0;0;0;0;0;0;0;0;0;0;0;0;0;0;0;0;0;0;0;0;0;0;0;0;0;0;0;0;0;0;0;1;1;1;1;1;1;1;1;1;1;1;1;1;1;1;1;1;1;1;0;0;0;0;0;0;0;0;0;0.0004;0.088;-0.0884;0;0;0;0;0;0;0;0;0;0;0;0;0;0;0;0;0;0;0;-12.1;0;0;0;0;0.0004;0;0;0;0;0;0;0;-0.0004;-0.0884;0;0;0;0;0;0;0;0;0;-0.7452;0;0.7452;1;1;0;0;0;0
23/06/21 23:00;0;0;90;0;0;90;0;0;0;0;11.9;8.5399;0;0;0;0;0;0;0;0;0;0;0;0;0;1;1;1;1;0;0;0;0;0;0;0;0;0;0;0;0;0;0;0;0;0;0;0;0;0;0;0;0;0;0;0;0;0;0;0;0;0;0;0;1;1;1;1;1;1;1;1;1;1;1;1;1;1;1;1;1;1;1;0;0;0;0;0;0;0;0;0;0.0004;0.088;-0.0884;0;0;0;0;0;0;0;0;0;0;0;0;0;0;0;0;0;0;0;-11.9;0;0;0;0;0.0004;0;0;0;0;0;0;0;-0.0004;-0.0884;0;0;0;0;0;0;0;0;0;-0.7452;0;0.7452;1;1;0;0;0;0
24/06/21 00:00;0;0;90;0;0;90;0;0;0;0;11.7;8.3501;0;0;0;0;0;0;0;0;0;0;0;0;0;1;1;1;1;0;0;0;0;0;0;0;0;0;0;0;0;0;0;0;0;0;0;0;0;0;0;0;0;0;0;0;0;0;0;0;0;0;0;0;1;1;1;1;1;1;1;1;1;1;1;1;1;1;1;1;1;1;1;0;0;0;0;0;0;0;0;0;0.0004;0.088;-0.0884;0;0;0;0;0;0;0;0;0;0;0;0;0;0;0;0;0;0;0;-11.7;0;0;0;0;0.0004;0;0;0;0;0;0;0;-0.0004;-0.0884;0;0;0;0;0;0;0;0;0;-0.7452;0;0.7452;1;1;0;0;0;0
24/06/21 01:00;0;0;90;0;0;90;0;0;0;0;11.9;8.0499;0;0;0;0;0;0;0;0;0;0;0;0;0;1;1;1;1;0;0;0;0;0;0;0;0;0;0;0;0;0;0;0;0;0;0;0;0;0;0;0;0;0;0;0;0;0;0;0;0;0;0;0;1;1;1;1;1;1;1;1;1;1;1;1;1;1;1;1;1;1;1;0;0;0;0;0;0;0;0;0;0.0004;0.088;-0.0884;0;0;0;0;0;0;0;0;0;0;0;0;0;0;0;0;0;0;0;-11.9;0;0;0;0;0.0004;0;0;0;0;0;0;0;-0.0004;-0.0884;0;0;0;0;0;0;0;0;0;-0.7452;0;0.7452;1;1;0;0;0;0
24/06/21 02:00;0;0;90;0;0;90;0;0;0;0;12.4;7.9799;0;0;0;0;0;0;0;0;0;0;0;0;0;1;1;1;1;0;0;0;0;0;0;0;0;0;0;0;0;0;0;0;0;0;0;0;0;0;0;0;0;0;0;0;0;0;0;0;0;0;0;0;1;1;1;1;1;1;1;1;1;1;1;1;1;1;1;1;1;1;1;0;0;0;0;0;0;0;0;0;0.0004;0.088;-0.0884;0;0;0;0;0;0;0;0;0;0;0;0;0;0;0;0;0;0;0;-12.4;0;0;0;0;0.0004;0;0;0;0;0;0;0;-0.0004;-0.0884;0;0;0;0;0;0;0;0;0;-0.7452;0;0.7452;1;1;0;0;0;0
24/06/21 03:00;0;0;90;0;0;90;0;0;0;0;12.3;9.11;0;0;0;0;0;0;0;0;0;0;0;0;0;1;1;1;1;0;0;0;0;0;0;0;0;0;0;0;0;0;0;0;0;0;0;0;0;0;0;0;0;0;0;0;0;0;0;0;0;0;0;0;1;1;1;1;1;1;1;1;1;1;1;1;1;1;1;1;1;1;1;0;0;0;0;0;0;0;0;0;0.0004;0.088;-0.0884;0;0;0;0;0;0;0;0;0;0;0;0;0;0;0;0;0;0;0;-12.3;0;0;0;0;0.0004;0;0;0;0;0;0;0;-0.0004;-0.0884;0;0;0;0;0;0;0;0;0;-0.7452;0;0.7452;1;1;0;0;0;0
24/06/21 04:00;0;0;90;0;0;90;0;0;0;0;12.2;9.29;0;0;0;0;0;0;0;0;0;0;0;0;0;1;1;1;1;0;0;0;0;0;0;0;0;0;0;0;0;0;0;0;0;0;0;0;0;0;0;0;0;0;0;0;0;0;0;0;0;0;0;0;1;1;1;1;1;1;1;1;1;1;1;1;1;1;1;1;1;1;1;0;0;0;0;0;0;0;0;0;0.0004;0.088;-0.0884;0;0;0;0;0;0;0;0;0;0;0;0;0;0;0;0;0;0;0;-12.2;0;0;0;0;0.0004;0;0;0;0;0;0;0;-0.0004;-0.0884;0;0;0;0;0;0;0;0;0;-0.7452;0;0.7452;1;1;0;0;0;0
24/06/21 05:00;0;0;90;0;0;90;0;0;0;0;12.1;8.4301;0;0;0;0;0;0;0;0;0;0;0;0;0;1;1;1;1;0;0;0;0;0;0;0;0;0;0;0;0;0;0;0;0;0;0;0;0;0;0;0;0;0;0;0;0;0;0;0;0;0;0;0;1;1;1;1;1;1;1;1;1;1;1;1;1;1;1;1;1;1;1;0;0;0;0;0;0;0;0;0;0.0004;0.088;-0.0884;0;0;0;0;0;0;0;0;0;0;0;0;0;0;0;0;0;0;0;-12.1;0;0;0;0;0.0004;0;0;0;0;0;0;0;-0.0004;-0.0884;0;0;0;0;0;0;0;0;0;-0.7452;0;0.7452;1;1;0;0;0;0
24/06/21 06:00;0;0;90;0;0;90;0;0;0;0;12.8;6.9399;0;0;0;0;0;0;0;0;0;0;0;0;0;1;1;1;1;0;0;0;0;0;0;0;0;0;0;0;0;0;0;0;0;0;0;0;0;0;0;0;0;0;0;0;0;0;0;0;0;0;0;0;1;1;1;1;1;1;1;1;1;1;1;1;1;1;1;1;1;1;1;0;0;0;0;0;0;0;0;0;0.0004;0.088;-0.0884;0;0;0;0;0;0;0;0;0;0;0;0;0;0;0;0;0;0;0;-12.8;0;0;0;0;0.0004;0;0;0;0;0;0;0;-0.0004;-0.0884;0;0;0;0;0;0;0;0;0;-0.7452;0;0.7452;1;1;0;0;0;0
24/06/21 07:00;4.4437;-57.2;79.169;5.2822;7.6192;-90;-7.6192;11.994;11.9;0.0939;12.42;6.3099;0;0.2277;11.837;0.0264;0;0.0074;12.099;0;12.099;0.2277;0.0264;11.837;0.0074;0.0188;0.979;0;0.0006;12.038;0.0605;0;0;0.0544;0.0062;11.454;0.5721;0.0666;0.0077;0.4976;0.0003;12.026;0.012;0.0002;0;0.0118;0;11.455;0.1609;0.0187;11.273;0.001;7.0594;6.0782;1.4948;0.0011;0.0584;0.8396;0.001;0.8968;0;1;0;0;1.0087;0.995;1;1;0.9954;0.1688;0.9524;0.7074;1;0.9577;0.776;0.999;0.999;1;0.999;0.999;0.9467;0.9524;0.1308;0.0344;0.0345;0.0002;0.0065;-0.0014;0.0002;0.0007;0.0001;0;0;0.088;-0.0631;0;0;0;0;0;0;0;0;0;0;0;0;0.0006;0;0.0276;0.0276;0;12.997;12.997;0.577;0.0504;27.72;993.9;1;0.0026;0.0026;0;0;0;0;0;0;0.0249;-0.0631;0;15.048;17.425;-34.44;-39.881;90.537;90.537;0.2904;0.2323;-0.5318;0.058;0.7641;0.1998;2.6315;0;7.0589;0;0
24/06/21 08:00;13.24;-48.367;56.258;17.474;29.265;-90;-29.265;16.409;16.297;0.112;11.93;6.87;0;0.2716;15.251;0.0146;0;0.1466;15.684;0;15.684;0.2716;0.0146;15.251;0.1466;0.0173;0.9818;0;0.0093;14.908;0.7759;0;0;0.6484;0.1274;14.406;0.4871;0.0066;0.0004;0.4767;0.0034;14.893;0.0149;0.0003;0;0.0146;0;14.451;0.2648;0.0142;14.112;0.0157;10.002;8.6121;2.2332;0.2119;0.0889;1.2784;0.0447;1.1554;0;1;0;0;0.9558;0.9505;1;1;0.9575;0.1307;0.9673;0.9758;1;0.9673;0.8204;0.999;0.999;1;0.999;0.999;0.9185;0.9253;0.1071;0.0446;0.0439;0.0003;0.0073;-0.0019;0.0003;0.0009;0.0002;0;0;0.088;-0.0548;0;0;0;0;0;0;0;0;0;0;0;0;0.0008;0;0.036;0.036;0;12.652;12.652;0.7222;0.0501;35.773;1006.5;1;0.0028;0.0028;0;0;0;0;0;0;0.0332;-0.0548;0;15.17;17.566;-23.102;-26.752;92.114;92.114;0.3764;0.3036;-0.4624;0.0728;0.7661;0.1934;2.0351;0;10.002;0;0
24/06/21 09:00;21.558;-36.865;48.081;33.367;56.633;-90;-56.633;27.309;27.2;0.1096;11.8;7.0899;0;0.1992;21.075;0.0112;0;0.8603;22.146;0;22.146;0.1992;0.0112;21.075;0.8603;0.009;0.9905;0;0.0388;18.916;3.23;0;0;2.4283;0.8017;18.249;0.6475;0.0023;0.0001;0.6423;0.0028;18.897;0.0189;0.0002;0;0.0186;0.0001;18.607;0.1967;0.011;17.986;0.0557;17.684;15.226;4.4436;2.8689;0.2871;4.1292;0.3579;1.5473;0;1;0;0;0.8109;0.8541;1;1;0.8848;0.0681;0.9657;0.9884;1;0.9655;0.9516;0.999;0.999;1;0.999;0.999;0.8241;0.8534;0.0647;0.063;0.0615;0.0004;0.0087;-0.0027;0.0004;0.0014;0.0007;0;0;0.088;-0.0397;0;0;0;0;0;0;0;0;0;0;0;0;0.0011;0;0.0515;0.0515;0;12.711;12.711;0.9109;0.0499;50.624;1017.9;1;0.0033;0.0033;0;0;0;0;0;0;0.0483;-0.0397;0;15.376;17.805;-11.856;-13.729;93.667;93.667;0.5315;0.4346;-0.3351;0.0969;0.7696;0.1824;1.4481;0;17.655;0;0
24/06/21 10:00;27.726;-23.315;54.38;53.018;36.982;-90;-36.982;51.903;51.499;0.4041;12.86;7.06;0;0.5059;46.289;0.0423;0;0.7309;47.568;0;47.568;0.5059;0.0423;46.289;0.7309;0.0106;0.9885;0;0.0154;44.062;3.506;0;0;2.8472;0.6588;42.597;1.4211;0.0099;0.0008;1.4018;0.0087;44.018;0.0441;0.0005;0;0.0434;0.0001;42.845;0.4955;0.0415;41.996;0.0634;32.365;27.866;7.4868;1.4407;0.3197;4.5986;0.2481;3.4775;0;1;0;0;0.9165;0.9263;1;1;0.9385;0.0987;0.9677;0.9805;1;0.9677;0.8797;0.999;0.999;1;0.999;0.999;0.8955;0.9073;0.0868;0.1354;0.1318;0.0008;0.0126;-0.0049;0.0009;0.0031;0.0008;0;0;0.088;0.0228;0;0;0;0;0;0;0;0;0;0;0;0;0.0025;0.0001;0.116;0.116;0;14.963;14.963;2.1033;0.0494;110.98;1045.1;1;0.0051;0.0051;0;0;0;0;0;0;0.1108;0.0228;0;16.112;18.657;3.1739;3.6753;95.574;95.574;1.1416;0.9781;0.1927;0.1635;0.7854;0.1433;0.688;0.1688;32.152;0.1574;0
24/06/21 11:00;31.048;-7.9751;58.043;77.022;12.978;-90;-12.978;14.807;14.801;0.0066;13.24;6.74;0;0.0068;14.611;0.0001;0;0.0265;14.645;0;14.645;0.0068;0.0001;14.611;0.0265;0.0005;0.9995;0;0.0018;14.46;0.1851;0;0;0.1631;0.022;13.881;0.5641;0.0002;0;0.5629;0.001;14.445;0.0145;0;0;0.0144;0;13.887;0.0066;0.0001;13.871;0.0035;8.8355;7.6074;1.8832;0.0112;0.0729;1.0484;0.0054;1.1101;0;1;0;0;0.989;0.9874;1;1;0.9888;0.1699;0.9609;0.9702;1;0.961;0.7756;0.999;0.999;1;0.999;0.999;0.9479;0.9493;0.1316;0.0417;0.0418;0.0003;0.0072;-0.0016;0.0003;0.0009;0.0002;0;0;0.088;-0.0568;0;0;0;0;0;0;0;0;0;0;0;0;0.0007;0;0.034;0.034;0;13.937;13.937;0.6971;0.0502;34.03;998.94;1;0.0028;0.0028;0;0;0;0;0;0;0.0312;-0.0568;0;15.338;17.762;-25.619;-29.666;91.846;91.846;0.3515;0.2867;-0.4788;0.0648;0.7655;0.1844;2.1779;0;8.8316;0;0
24/06/21 12:00;31.035;8.0992;58.028;76.821;13.179;90;13.179;218.4;204.4;13.996;13.72;5.8999;0;14.374;197.57;4.3099;0;0.4026;216.66;0;216.66;14.374;4.3099;197.57;0.4026;0.0663;0.9138;0;0.0019;214.05;2.606;0;0;2.2709;0.3351;205.68;8.1533;0.427;0.128;7.583;0.0152;213.84;0.214;0.0144;0.0043;0.1953;0.0001;205.76;13.933;4.1776;187.52;0.0522;130.02;111.95;27.842;0.1605;1.0637;15.301;0.0826;16.205;0;1;0;0;0.992;0.988;1;1;0.9885;0.1676;0.9619;0.9703;1;0.9611;0.7748;0.999;0.999;1;0.999;0.999;0.9494;0.9491;0.1297;0.6166;0.6194;0.0037;0.0165;-0.0027;0.0042;0.0149;0.0028;0;0;0.088;0.4684;0;0;0;0;0;0;0;0;0;0;0;0;0.012;0.0012;0.5666;0.5666;0;23.785;23.785;10.065;0.0489;529.64;1069.8;1;0.0102;0.0102;0;0;0;0;0;0;0.5564;0.4684;0;17.282;20.012;14.287;16.544;98.204;98.204;5.1997;4.7783;3.9504;0.4214;0.8279;0.081;0.1592;0.7597;119.49;0.7216;0
24/06/21 13:00;27.688;23.429;54.34;52.848;37.152;90;37.152;213.2;196;17.201;14.21;4.7799;0;21.581;171.18;6.8846;0;3.0291;202.67;0;202.67;21.581;6.8846;171.18;3.0291;0.1065;0.8595;0;0.0149;189.29;13.384;0;0;10.639;2.7458;183.33;5.7657;0.4186;0.1335;5.1792;0.0344;189.1;0.1893;0.0216;0.0069;0.1605;0.0003;184.35;21.141;6.7442;155.2;0.2486;130.07;111.99;29.97;5.4126;1.268;18.24;1.0178;14.095;0;1;0;0;0.9506;0.934;1;1;0.9379;0.0935;0.9695;0.9806;1;0.9677;0.8784;0.999;0.999;1;0.999;0.999;0.9046;0.9067;0.0821;0.5768;0.564;0.0034;0.0169;-0.0037;0.0038;0.0136;0.0034;0;0;0.088;0.417;0;0;0;0;0;0;0;0;0;0;0;0;0.0109;0.001;0.5146;0.5146;0;23.185;23.185;8.9755;0.049;481.78;1068.2;1;0.0096;0.0096;0;0;0;0;0;0;0.505;0.417;0;16.779;19.43;13.597;15.746;98.137;98.137;4.8642;4.34;3.517;0.5242;0.823;0.1078;0.1692;0.723;119.07;0.6774;0
24/06/21 14:00;21.5;36.962;48.025;33.23;56.77;90;56.77;201.3;172.4;28.906;14.4;3.8299;0;52.747;125.48;18.764;0;6.3692;203.36;0;203.36;52.747;18.764;125.48;6.3692;0.2594;0.6483;0;0.0313;182.83;20.524;0;0;14.558;5.9661;177.98;4.6717;0.6101;0.217;3.8241;0.0205;182.65;0.1828;0.0527;0.0188;0.1109;0.0004;180.33;52.085;18.528;106.98;0.3822;115.1;99.1;28.543;17.228;1.799;25.878;2.3525;10.449;0;1;0;0;1.0102;0.8991;1;1;0.884;0.0633;0.9744;0.9884;1;0.9655;0.949;0.999;0.999;1;0.999;0.999;0.8752;0.8526;0.06;0.5787;0.5678;0.0034;0.0169;-0.0038;0.0039;0.0137;0.0048;0;0;0.088;0.4194;0;0;0;0;0;0;0;0;0;0;0;0;0.011;0.001;0.517;0.517;0;23.115;23.115;8.715;0.049;484.39;1067.3;1;0.0096;0.0096;0;0;0;0;0;0;0.5074;0.4194;0;16.799;19.452;13.627;15.78;98.142;98.142;4.8806;4.3597;3.5366;0.5209;0.8231;0.1067;0.1686;0.7246;105.25;0.6616;0
24/06/21 15:00;13.168;48.449;56.461;17.361;28.999;90;28.999;195.5;100.3;95.204;15;2.99;0;230.9;64.299;76.879;0;1.7157;373.79;0;373.79;230.9;76.879;64.299;1.7157;0.6177;0.1766;0;0.0046;369.59;4.1992;0;0;2.7026;1.4965;359.56;9.6585;5.7062;1.8999;2.0121;0.0403;369.22;0.3696;0.2309;0.0769;0.0616;0.0002;359.76;224.96;74.903;59.522;0.1787;42.714;36.777;9.3111;0.8658;0.3916;5.6335;0.1958;5.1593;0;1;0;0;1.912;0.9888;1;1;0.958;0.1277;0.9738;0.9753;1;0.9673;0.8161;0.999;0.999;1;0.999;0.999;0.9619;0.9257;0.1042;1.0638;1.0406;0.0063;0.0116;0.0283;0.007;0.0247;0.001;0;0;0.088;0.8357;0;0;0;0;0;0;0;0;0;0;0;0;0.0199;0.0029;0.939;0.939;0;32.654;32.654;17.655;0.0491;894.54;1049.7;1;0.0153;0.0153;0;0;0;0;0;0;0.9237;0.8357;0;16.599;19.221;14.774;17.107;98.374;98.374;8.971;7.9183;7.0475;1.0526;0.8709;0.1173;0.0971;0.7856;42.092;0.7768;0
24/06/21 16:00;4.3634;57.271;79.367;5.1827;7.4724;90;7.4724;29.009;28.297;0.7117;13.68;3.1001;0;1.726;27.978;0.4855;0;0.0172;30.206;0;30.206;1.726;0.4855;27.978;0.0172;0.0571;0.9268;0;0.0006;30.067;0.1395;0;0;0.1251;0.0144;28.197;1.8399;0.5158;0.1451;1.1784;0.0006;30.037;0.0301;0.0017;0.0005;0.0279;0;28.199;1.2085;0.3399;26.646;0.0022;16.684;14.365;3.5327;0.0025;0.1379;1.984;0.0021;2.1195;0;1;0;0;1.0413;0.9954;1;1;0.9955;0.1674;0.9387;0.7009;1;0.9577;0.7755;0.999;0.999;1;0.999;0.999;0.9335;0.9524;0.1297;0.086;0.0847;0.0005;0.0102;-0.0031;0.0005;0.0019;0.0003;0;0;0.088;-0.0193;0;0;0;0;0;0;0;0;0;0;0;0;0.0015;0.0001;0.0726;0.0726;0;15.081;15.081;1.4003;0.0497;70.707;1026.4;1;0.0038;0.0038;0;0;0;0;0;0;0.0687;-0.0193;0;15.877;18.385;-4.2153;-4.8813;94.703;94.703;0.725;0.612;-0.1625;0.1129;0.7745;0.1558;1.0684;0;16.68;0;0
24/06/21 17:00;0;0;90;0;0;90;0;0;0;0;9.77;3.1801;0;0;0;0;0;0;0;0;0;0;0;0;0;1;1;1;1;0;0;0;0;0;0;0;0;0;0;0;0;0;0;0;0;0;0;0;0;0;0;0;0;0;0;0;0;0;0;0;0;0;0;0;1;1;1;1;1;1;1;1;1;1;1;1;1;1;1;1;1;1;1;0;0;0;0;0;0;0;0;0;0.0004;0.088;-0.0884;0;0;0;0;0;0;0;0;0;0;0;0;0;0;0;0;0;0;0;-9.77;0;0;0;0;0.0004;0;0;0;0;0;0;0;-0.0004;-0.0884;0;0;0;0;0;0;0;0;0;-0.7452;0;0.7452;1;1;0;0;0;0
24/06/21 18:00;0;0;90;0;0;90;0;0;0;0;8.5003;3.1999;0;0;0;0;0;0;0;0;0;0;0;0;0;1;1;1;1;0;0;0;0;0;0;0;0;0;0;0;0;0;0;0;0;0;0;0;0;0;0;0;0;0;0;0;0;0;0;0;0;0;0;0;1;1;1;1;1;1;1;1;1;1;1;1;1;1;1;1;1;1;1;0;0;0;0;0;0;0;0;0;0.0004;0.088;-0.0884;0;0;0;0;0;0;0;0;0;0;0;0;0;0;0;0;0;0;0;-8.5003;0;0;0;0;0.0004;0;0;0;0;0;0;0;-0.0004;-0.0884;0;0;0;0;0;0;0;0;0;-0.7452;0;0.7452;1;1;0;0;0;0
24/06/21 19:00;0;0;90;0;0;90;0;0;0;0;7.9997;3.31;0;0;0;0;0;0;0;0;0;0;0;0;0;1;1;1;1;0;0;0;0;0;0;0;0;0;0;0;0;0;0;0;0;0;0;0;0;0;0;0;0;0;0;0;0;0;0;0;0;0;0;0;1;1;1;1;1;1;1;1;1;1;1;1;1;1;1;1;1;1;1;0;0;0;0;0;0;0;0;0;0.0004;0.088;-0.0884;0;0;0;0;0;0;0;0;0;0;0;0;0;0;0;0;0;0;0;-7.9997;0;0;0;0;0.0004;0;0;0;0;0;0;0;-0.0004;-0.0884;0;0;0;0;0;0;0;0;0;-0.7452;0;0.7452;1;1;0;0;0;0
24/06/21 20:00;0;0;90;0;0;90;0;0;0;0;8.0602;3.53;0;0;0;0;0;0;0;0;0;0;0;0;0;1;1;1;1;0;0;0;0;0;0;0;0;0;0;0;0;0;0;0;0;0;0;0;0;0;0;0;0;0;0;0;0;0;0;0;0;0;0;0;1;1;1;1;1;1;1;1;1;1;1;1;1;1;1;1;1;1;1;0;0;0;0;0;0;0;0;0;0.0004;0.088;-0.0884;0;0;0;0;0;0;0;0;0;0;0;0;0;0;0;0;0;0;0;-8.0602;0;0;0;0;0.0004;0;0;0;0;0;0;0;-0.0004;-0.0884;0;0;0;0;0;0;0;0;0;-0.7452;0;0.7452;1;1;0;0;0;0
24/06/21 21:00;0;0;90;0;0;90;0;0;0;0;10.22;3.8101;0;0;0;0;0;0;0;0;0;0;0;0;0;1;1;1;1;0;0;0;0;0;0;0;0;0;0;0;0;0;0;0;0;0;0;0;0;0;0;0;0;0;0;0;0;0;0;0;0;0;0;0;1;1;1;1;1;1;1;1;1;1;1;1;1;1;1;1;1;1;1;0;0;0;0;0;0;0;0;0;0.0004;0.088;-0.0884;0;0;0;0;0;0;0;0;0;0;0;0;0;0;0;0;0;0;0;-10.22;0;0;0;0;0.0004;0;0;0;0;0;0;0;-0.0004;-0.0884;0;0;0;0;0;0;0;0;0;-0.7452;0;0.7452;1;1;0;0;0;0
24/06/21 22:00;0;0;90;0;0;90;0;0;0;0;10.1;4.1401;0;0;0;0;0;0;0;0;0;0;0;0;0;1;1;1;1;0;0;0;0;0;0;0;0;0;0;0;0;0;0;0;0;0;0;0;0;0;0;0;0;0;0;0;0;0;0;0;0;0;0;0;1;1;1;1;1;1;1;1;1;1;1;1;1;1;1;1;1;1;1;0;0;0;0;0;0;0;0;0;0.0004;0.088;-0.0884;0;0;0;0;0;0;0;0;0;0;0;0;0;0;0;0;0;0;0;-10.1;0;0;0;0;0.0004;0;0;0;0;0;0;0;-0.0004;-0.0884;0;0;0;0;0;0;0;0;0;-0.7452;0;0.7452;1;1;0;0;0;0
24/06/21 23:00;0;0;90;0;0;90;0;0;0;0;10.52;4.3001;0;0;0;0;0;0;0;0;0;0;0;0;0;1;1;1;1;0;0;0;0;0;0;0;0;0;0;0;0;0;0;0;0;0;0;0;0;0;0;0;0;0;0;0;0;0;0;0;0;0;0;0;1;1;1;1;1;1;1;1;1;1;1;1;1;1;1;1;1;1;1;0;0;0;0;0;0;0;0;0;0.0004;0.088;-0.0884;0;0;0;0;0;0;0;0;0;0;0;0;0;0;0;0;0;0;0;-10.52;0;0;0;0;0.0004;0;0;0;0;0;0;0;-0.0004;-0.0884;0;0;0;0;0;0;0;0;0;-0.7452;0;0.7452;1;1;0;0;0;0
25/06/21 00:00;0;0;90;0;0;90;0;0;0;0;10.1;4.19;0;0;0;0;0;0;0;0;0;0;0;0;0;1;1;1;1;0;0;0;0;0;0;0;0;0;0;0;0;0;0;0;0;0;0;0;0;0;0;0;0;0;0;0;0;0;0;0;0;0;0;0;1;1;1;1;1;1;1;1;1;1;1;1;1;1;1;1;1;1;1;0;0;0;0;0;0;0;0;0;0.0004;0.088;-0.0884;0;0;0;0;0;0;0;0;0;0;0;0;0;0;0;0;0;0;0;-10.1;0;0;0;0;0.0004;0;0;0;0;0;0;0;-0.0004;-0.0884;0;0;0;0;0;0;0;0;0;-0.7452;0;0.7452;1;1;0;0;0;0
25/06/21 01:00;0;0;90;0;0;90;0;0;0;0;10.48;3.9701;0;0;0;0;0;0;0;0;0;0;0;0;0;1;1;1;1;0;0;0;0;0;0;0;0;0;0;0;0;0;0;0;0;0;0;0;0;0;0;0;0;0;0;0;0;0;0;0;0;0;0;0;1;1;1;1;1;1;1;1;1;1;1;1;1;1;1;1;1;1;1;0;0;0;0;0;0;0;0;0;0.0004;0.088;-0.0884;0;0;0;0;0;0;0;0;0;0;0;0;0;0;0;0;0;0;0;-10.48;0;0;0;0;0.0004;0;0;0;0;0;0;0;-0.0004;-0.0884;0;0;0;0;0;0;0;0;0;-0.7452;0;0.7452;1;1;0;0;0;0
25/06/21 02:00;0;0;90;0;0;90;0;0;0;0;10.61;3.7301;0;0;0;0;0;0;0;0;0;0;0;0;0;1;1;1;1;0;0;0;0;0;0;0;0;0;0;0;0;0;0;0;0;0;0;0;0;0;0;0;0;0;0;0;0;0;0;0;0;0;0;0;1;1;1;1;1;1;1;1;1;1;1;1;1;1;1;1;1;1;1;0;0;0;0;0;0;0;0;0;0.0004;0.088;-0.0884;0;0;0;0;0;0;0;0;0;0;0;0;0;0;0;0;0;0;0;-10.61;0;0;0;0;0.0004;0;0;0;0;0;0;0;-0.0004;-0.0884;0;0;0;0;0;0;0;0;0;-0.7452;0;0.7452;1;1;0;0;0;0
25/06/21 03:00;0;0;90;0;0;90;0;0;0;0;9.6298;3.5899;0;0;0;0;0;0;0;0;0;0;0;0;0;1;1;1;1;0;0;0;0;0;0;0;0;0;0;0;0;0;0;0;0;0;0;0;0;0;0;0;0;0;0;0;0;0;0;0;0;0;0;0;1;1;1;1;1;1;1;1;1;1;1;1;1;1;1;1;1;1;1;0;0;0;0;0;0;0;0;0;0.0004;0.088;-0.0884;0;0;0;0;0;0;0;0;0;0;0;0;0;0;0;0;0;0;0;-9.6298;0;0;0;0;0.0004;0;0;0;0;0;0;0;-0.0004;-0.0884;0;0;0;0;0;0;0;0;0;-0.7452;0;0.7452;1;1;0;0;0;0
25/06/21 04:00;0;0;90;0;0;90;0;0;0;0;9.7999;3.4201;0;0;0;0;0;0;0;0;0;0;0;0;0;1;1;1;1;0;0;0;0;0;0;0;0;0;0;0;0;0;0;0;0;0;0;0;0;0;0;0;0;0;0;0;0;0;0;0;0;0;0;0;1;1;1;1;1;1;1;1;1;1;1;1;1;1;1;1;1;1;1;0;0;0;0;0;0;0;0;0;0.0004;0.088;-0.0884;0;0;0;0;0;0;0;0;0;0;0;0;0;0;0;0;0;0;0;-9.7999;0;0;0;0;0.0004;0;0;0;0;0;0;0;-0.0004;-0.0884;0;0;0;0;0;0;0;0;0;-0.7452;0;0.7452;1;1;0;0;0;0
25/06/21 05:00;0;0;90;0;0;90;0;0;0;0;9.8797;3.2501;0;0;0;0;0;0;0;0;0;0;0;0;0;1;1;1;1;0;0;0;0;0;0;0;0;0;0;0;0;0;0;0;0;0;0;0;0;0;0;0;0;0;0;0;0;0;0;0;0;0;0;0;1;1;1;1;1;1;1;1;1;1;1;1;1;1;1;1;1;1;1;0;0;0;0;0;0;0;0;0;0.0004;0.088;-0.0884;0;0;0;0;0;0;0;0;0;0;0;0;0;0;0;0;0;0;0;-9.8797;0;0;0;0;0.0004;0;0;0;0;0;0;0;-0.0004;-0.0884;0;0;0;0;0;0;0;0;0;-0.7452;0;0.7452;1;1;0;0;0;0
25/06/21 06:00;0;0;90;0;0;90;0;0;0;0;9.7301;3.2799;0;0;0;0;0;0;0;0;0;0;0;0;0;1;1;1;1;0;0;0;0;0;0;0;0;0;0;0;0;0;0;0;0;0;0;0;0;0;0;0;0;0;0;0;0;0;0;0;0;0;0;0;1;1;1;1;1;1;1;1;1;1;1;1;1;1;1;1;1;1;1;0;0;0;0;0;0;0;0;0;0.0004;0.088;-0.0884;0;0;0;0;0;0;0;0;0;0;0;0;0;0;0;0;0;0;0;-9.7301;0;0;0;0;0.0004;0;0;0;0;0;0;0;-0.0004;-0.0884;0;0;0;0;0;0;0;0;0;-0.7452;0;0.7452;1;1;0;0;0;0
25/06/21 07:00;4.4266;-57.251;79.211;5.2589;7.5848;-90;-7.5848;12.502;12.299;0.2027;9.2103;3.8901;0;0.4917;12.221;0.0593;0;0.0077;12.78;0;12.78;0.4917;0.0593;12.221;0.0077;0.0385;0.9569;0;0.0006;12.718;0.0621;0;0;0.0557;0.0064;12.029;0.676;0.1444;0.0174;0.514;0.0003;12.705;0.0127;0.0005;0.0001;0.0122;0;12.03;0.3468;0.0418;11.639;0.001;7.2887;6.2756;1.5433;0.0011;0.0603;0.8668;0.001;0.9259;0;1;0;0;1.0222;0.9951;1;1;0.9954;0.1687;0.9468;0.706;1;0.9577;0.776;0.999;0.999;1;0.999;0.999;0.9412;0.9524;0.1308;0.0364;0.0362;0.0002;0.0066;-0.0019;0.0002;0.0008;0.0001;0;0;0.088;-0.0612;0;0;0;0;0;0;0;0;0;0;0;0;0.0006;0;0.0294;0.0294;0;9.8141;9.8141;0.6039;0.0502;29.135;1010.4;1;0.0027;0.0027;0;0;0;0;0;0;0.0268;-0.0612;0;15.221;17.626;-31.668;-36.671;90.879;90.879;0.3067;0.2483;-0.5165;0.0585;0.7648;0.1906;2.4934;0;7.2876;0;0
25/06/21 08:00;13.229;-48.42;56.289;17.446;29.199;-90;-29.199;189.51;38.601;150.9;10.24;4.12;0;365.98;18.12;46.692;0;1.6856;432.48;0;432.48;365.98;46.692;18.12;1.6856;0.8462;0.0458;0;0.0039;430.25;2.2325;0;0;0.7676;1.4648;419.22;10.603;8.8658;1.1311;0.5666;0.0397;429.82;0.4302;0.366;0.0467;0.0174;0.0002;419.27;356.75;45.514;16.768;0.1808;12.711;10.944;2.9335;0.2502;0.1055;1.5174;0.0528;1.3727;0;1;0;0;2.2822;0.9948;1;1;0.9576;0.131;0.9753;0.9758;1;0.9673;0.82;0.999;0.999;1;0.999;0.999;0.9693;0.9254;0.1073;1.2308;1.2026;0.0072;0.0093;0.0245;0.0081;0.0288;0.0003;0;0;0.088;0.9915;0;0;0;0;0;0;0;0;0;0;0;0;0.0232;0.0037;1.0973;1.0973;0;30.773;30.773;20.533;0.049;1034.3;1060.9;1;0.0178;0.0178;0;0;0;0;0;0;1.0795;0.9915;0;16.766;19.415;15.149;17.543;98.376;98.376;10.38;9.2539;8.3615;1.1257;0.8924;0.1085;0.086;0.8056;11.878;0.8035;0
25/06/21 09:00;21.555;-36.922;48.034;33.328;56.672;-90;-56.672;159.4;143.8;15.6;11.28;4.6101;0;28.393;107.83;8.4052;0;5.0275;149.65;0;149.65;28.393;8.4052;107.83;5.0275;0.1897;0.7541;0;0.0336;132.53;17.122;0;0;12.436;4.6852;128.67;3.729;0.3286;0.0973;3.2866;0.0166;132.4;0.1325;0.0284;0.0084;0.0954;0.0003;130.61;28.036;8.2996;92.01;0.3253;95.488;82.215;23.79;14.714;1.5127;21.76;1.9417;8.5588;0;1;0;0;0.9388;0.8856;1;1;0.8847;0.0681;0.9718;0.9884;1;0.9655;0.9515;0.999;0.999;1;0.999;0.999;0.8598;0.8533;0.0647;0.4259;0.4173;0.0025;0.0172;-0.0112;0.0029;0.0101;0.004;0;0;0.088;0.2866;0;0;0;0;0;0;0;0;0;0;0;0;0.0082;0.0006;0.3829;0.3829;0;17.569;17.569;6.2897;0.0489;355.08;1078.3;1;0.0083;0.0083;0;0;0;0;0;0;0.3746;0.2866;0;16.906;19.577;12.654;14.653;97.834;97.834;3.5917;3.2289;2.4168;0.3628;0.8121;0.101;0.2261;0.6729;90.368;0.6068;0
25/06/21 10:00;27.734;-23.375;54.338;52.962;37.038;-90;-37.038;500.3;82.597;417.7;10.99;5.52;0;523.28;23.849;70.245;0;7.066;624.44;0;624.44;523.28;70.245;23.849;7.066;0.838;0.0495;0;0.0113;616.6;7.8405;0;0;1.4705;6.3701;603.67;12.315;10.147;1.3621;0.7222;0.0832;615.99;0.6166;0.5233;0.0702;0.0224;0.0007;605.65;512.61;68.812;21.634;0.612;246.82;212.51;55.942;0.7479;1.8475;26.575;1.9769;27.675;0;1;0;0;1.2481;0.9874;1;1;0.9383;0.0985;0.98;0.9806;1;0.9677;0.8803;0.999;0.999;1;0.999;0.999;0.9667;0.9071;0.0866;1.7771;1.786;0.0108;0.0017;0.0987;0.0117;0.0416;0.0047;0;0;0.088;1.4625;0;0;0;0;0;0;0;0;0;0;0;0;0.0335;0.0077;1.5756;1.5756;0;40.753;40.753;29.763;0.0493;1536.7;1025.3;1;0.0252;0.0252;0;0;0;0;0;0;1.5505;1.4625;0;16.674;19.308;15.476;17.921;98.403;98.403;14.987;13.288;12.333;1.6991;0.9544;0.1134;0.0637;0.8229;16.573;0.7975;0
25/06/21 11:00;31.069;-8.0325;58.01;76.942;13.058;-90;-13.058;362.09;210.6;151.49;11.53;6.19;0;155.51;161.72;47.999;0;0.6554;365.89;0;365.89;155.51;47.999;161.72;0.6554;0.425;0.4438;0;0.0018;363.52;2.3676;0;0;1.8236;0.5441;350.88;12.28;4.6102;1.4229;6.2219;0.025;363.16;0.3635;0.1555;0.048;0.1599;0.0001;351.02;150.75;46.528;153.52;0.0863;212.52;182.98;46.707;0.1272;1.6522;23.766;0.1364;25.291;0;1;0;0;1.0105;0.9935;1;1;0.9887;0.1699;0.9662;0.9703;1;0.9611;0.7756;0.999;0.999;1;0.999;0.999;0.959;0.9493;0.1316;1.0413;1.0519;0.0063;0.0115;0.0138;0.0071;0.0253;0.0044;0;0;0.088;0.8563;0;0;0;0;0;0;0;0;0;0;0;0;0.0204;0.0029;0.9601;0.9601;0;28.705;28.705;17.174;0.0489;901.64;1064.9;1;0.0158;0.0158;0;0;0;0;0;0;0.9443;0.8563;0;17.34;20.079;15.465;17.908;98.355;98.355;8.7814;8.0968;7.2216;0.6846;0.8753;0.078;0.0997;0.8224;97.776;0.7842;0
25/06/21 12:00;31.067;8.0495;58.008;76.915;13.085;90;13.085;155.1;151.9;3.2077;11.8;6.2999;0;3.2932;149.22;0.7331;0;0.2819;153.53;0;153.53;3.2932;0.7331;149.22;0.2819;0.0215;0.9738;0;0.0018;151.6;1.9294;0;0;1.6947;0.2347;145.58;5.867;0.0976;0.0217;5.737;0.0106;151.45;0.1516;0.0033;0.0007;0.1475;0;145.64;3.1923;0.7107;141.64;0.0366;92.493;79.637;19.997;0.1181;0.7446;10.711;0.056;11.337;0;1;0;0;0.9898;0.9874;1;1;0.9886;0.1676;0.9613;0.9703;1;0.9611;0.7748;0.999;0.999;1;0.999;0.999;0.9482;0.9492;0.1297;0.4369;0.4381;0.0026;0.0173;-0.0096;0.003;0.0106;0.002;0;0;0.088;0.3065;0;0;0;0;0;0;0;0;0;0;0;0;0.0086;0.0007;0.403;0.403;0;18.916;18.916;7.1161;0.0489;374.04;1077.5;1;0.0085;0.0085;0;0;0;0;0;0;0.3945;0.3065;0;17.347;20.087;13.193;15.278;97.891;97.891;3.6847;3.3988;2.585;0.2859;0.8138;0.0776;0.2209;0.7016;90.224;0.6667;0
25/06/21 13:00;27.729;23.39;54.333;52.939;37.061;90;37.061;466.99;92.702;374.29;11.42;5.9899;0;469.04;32.634;70.678;0;6.6036;578.96;0;578.96;469.04;70.678;32.634;6.6036;0.8101;0.0678;0;0.0114;570.96;8.0042;0;0;2.0205;5.9836;558.86;11.523;9.0897;1.3697;0.9876;0.0758;570.39;0.571;0.469;0.0707;0.0306;0.0006;560.72;459.49;69.238;29.596;0.5435;231.93;199.69;52.596;1.0248;1.755;25.244;1.8585;25.975;0;1;0;0;1.2398;0.9862;1;1;0.9381;0.0939;0.9798;0.9806;1;0.9677;0.8775;0.999;0.999;1;0.999;0.999;0.9653;0.9069;0.0823;1.6477;1.6548;0.01;0.0032;0.0811;0.0109;0.0387;0.0045;0;0;0.088;1.3573;0;0;0;0;0;0;0;0;0;0;0;0;0.0312;0.0067;1.4685;1.4685;0;38.941;38.941;27.521;0.0492;1423.9;1031.4;1;0.0232;0.0232;0;0;0;0;0;0;1.4453;1.3573;0;16.761;19.409;15.492;17.939;98.419;98.419;13.895;12.384;11.447;1.5106;0.9379;0.1087;0.0675;0.8238;22.683;0.7977;0
25/06/21 14:00;21.548;36.935;48.026;33.31;56.69;90;56.69;46.707;46.297;0.4098;11.93;4.6901;0;0.7463;35.831;0.0712;0;1.474;38.122;0;38.122;0.7463;0.0712;35.831;1.474;0.0196;0.9786;0;0.0387;32.593;5.5294;0;0;4.1487;1.3807;31.454;1.1058;0.0086;0.0008;1.0917;0.0047;32.56;0.0326;0.0007;0.0001;0.0317;0.0001;32.064;0.7369;0.0703;30.559;0.0885;30.142;25.952;7.5824;4.8949;0.489;7.0348;0.61;2.6289;0;1;0;0;0.8162;0.855;1;1;0.8842;0.0633;0.966;0.9884;1;0.9655;0.9493;0.999;0.999;1;0.999;0.999;0.8251;0.8529;0.06;0.1085;0.1058;0.0006;0.0114;-0.0045;0.0007;0.0024;0.0012;0;0;0.088;-0.0006;0;0;0;0;0;0;0;0;0;0;0;0;0.002;0.0001;0.0919;0.0919;0;13.487;13.487;1.5576;0.0495;88.433;1038.7;1;0.0044;0.0044;0;0;0;0;0;0;0.0874;-0.0006;0;15.921;18.436;-0.1;-0.1158;95.179;95.179;0.9149;0.7746;-0.0049;0.1403;0.7795;0.1534;0.8519;0;30.028;0;0
25/06/21 15:00;13.219;48.431;56.317;17.431;29.162;90;29.162;162.9;116.9;45.998;10.9;3.6501;0;111.56;92.835;43.133;0;1.4454;248.97;0;248.97;111.56;43.133;92.835;1.4454;0.4481;0.3787;0;0.0058;243.77;5.1991;0;0;3.9373;1.2618;236.83;6.6952;2.7112;1.0483;2.9022;0.0336;243.53;0.2438;0.1116;0.0431;0.0889;0.0002;237.1;108.73;42.042;85.906;0.1499;61.153;52.652;13.683;1.2745;0.54;7.7679;0.2695;7.0335;0;1;0;0;1.5284;0.9791;1;1;0.9576;0.1271;0.9725;0.9757;1;0.9673;0.8171;0.999;0.999;1;0.999;0.999;0.9512;0.9254;0.1037;0.7085;0.6939;0.0042;0.0159;-0.0063;0.0048;0.0169;0.0014;0;0;0.088;0.5427;0;0;0;0;0;0;0;0;0;0;0;0;0.0136;0.0014;0.642;0.642;0;22.464;22.464;11.564;0.0488;594.25;1080.4;1;0.0114;0.0114;0;0;0;0;0;0;0.6307;0.5427;0;17.04;19.732;14.403;16.678;98.232;98.232;5.9753;5.4142;4.5764;0.561;0.8378;0.0939;0.1402;0.7659;60.84;0.7484;0
25/06/21 16:00;4.4157;57.261;79.238;5.2453;7.5648;90;7.5648;14.592;14.501;0.091;11.1;3.45;0;0.2207;14.425;0.0314;0;0.0089;14.686;0;14.686;0.2207;0.0314;14.425;0.0089;0.015;0.9828;0;0.0006;14.613;0.0732;0;0;0.0658;0.0074;13.917;0.6814;0.065;0.0093;0.6068;0.0003;14.599;0.0146;0.0002;0;0.0144;0;13.918;0.1555;0.0221;13.738;0.0012;8.6021;7.4064;1.8213;0.0013;0.0711;1.0231;0.0012;1.0929;0;1;0;0;1.0064;0.995;1;1;0.9954;0.1674;0.9533;0.7051;1;0.9577;0.7755;0.999;0.999;1;0.999;0.999;0.9476;0.9524;0.1297;0.0418;0.0419;0.0003;0.0072;-0.002;0.0003;0.0009;0.0002;0;0;0.088;-0.0565;0;0;0;0;0;0;0;0;0;0;0;0;0.0007;0;0.0343;0.0343;0;11.798;11.798;0.6977;0.0501;34.04;1008.5;1;0.0028;0.0028;0;0;0;0;0;0;0.0315;-0.0565;0;15.446;17.886;-25.409;-29.424;91.836;91.836;0.3525;0.2895;-0.4762;0.063;0.7658;0.1786;2.1725;0;8.6016;0;0
25/06/21 17:00;0;0;90;0;0;90;0;0;0;0;9.1903;3.53;0;0;0;0;0;0;0;0;0;0;0;0;0;1;1;1;1;0;0;0;0;0;0;0;0;0;0;0;0;0;0;0;0;0;0;0;0;0;0;0;0;0;0;0;0;0;0;0;0;0;0;0;1;1;1;1;1;1;1;1;1;1;1;1;1;1;1;1;1;1;1;0;0;0;0;0;0;0;0;0;0.0004;0.088;-0.0884;0;0;0;0;0;0;0;0;0;0;0;0;0;0;0;0;0;0;0;-9.1903;0;0;0;0;0.0004;0;0;0;0;0;0;0;-0.0004;-0.0884;0;0;0;0;0;0;0;0;0;-0.7452;0;0.7452;1;1;0;0;0;0
25/06/21 18:00;0;0;90;0;0;90;0;0;0;0;7.6999;3.32;0;0;0;0;0;0;0;0;0;0;0;0;0;1;1;1;1;0;0;0;0;0;0;0;0;0;0;0;0;0;0;0;0;0;0;0;0;0;0;0;0;0;0;0;0;0;0;0;0;0;0;0;1;1;1;1;1;1;1;1;1;1;1;1;1;1;1;1;1;1;1;0;0;0;0;0;0;0;0;0;0.0004;0.088;-0.0884;0;0;0;0;0;0;0;0;0;0;0;0;0;0;0;0;0;0;0;-7.6999;0;0;0;0;0.0004;0;0;0;0;0;0;0;-0.0004;-0.0884;0;0;0;0;0;0;0;0;0;-0.7452;0;0.7452;1;1;0;0;0;0
25/06/21 19:00;0;0;90;0;0;90;0;0;0;0;9.5998;3.06;0;0;0;0;0;0;0;0;0;0;0;0;0;1;1;1;1;0;0;0;0;0;0;0;0;0;0;0;0;0;0;0;0;0;0;0;0;0;0;0;0;0;0;0;0;0;0;0;0;0;0;0;1;1;1;1;1;1;1;1;1;1;1;1;1;1;1;1;1;1;1;0;0;0;0;0;0;0;0;0;0.0004;0.088;-0.0884;0;0;0;0;0;0;0;0;0;0;0;0;0;0;0;0;0;0;0;-9.5998;0;0;0;0;0.0004;0;0;0;0;0;0;0;-0.0004;-0.0884;0;0;0;0;0;0;0;0;0;-0.7452;0;0.7452;1;1;0;0;0;0
25/06/21 20:00;0;0;90;0;0;90;0;0;0;0;9.9701;3;0;0;0;0;0;0;0;0;0;0;0;0;0;1;1;1;1;0;0;0;0;0;0;0;0;0;0;0;0;0;0;0;0;0;0;0;0;0;0;0;0;0;0;0;0;0;0;0;0;0;0;0;1;1;1;1;1;1;1;1;1;1;1;1;1;1;1;1;1;1;1;0;0;0;0;0;0;0;0;0;0.0004;0.088;-0.0884;0;0;0;0;0;0;0;0;0;0;0;0;0;0;0;0;0;0;0;-9.9701;0;0;0;0;0.0004;0;0;0;0;0;0;0;-0.0004;-0.0884;0;0;0;0;0;0;0;0;0;-0.7452;0;0.7452;1;1;0;0;0;0
25/06/21 21:00;0;0;90;0;0;90;0;0;0;0;9.0002;3.0101;0;0;0;0;0;0;0;0;0;0;0;0;0;1;1;1;1;0;0;0;0;0;0;0;0;0;0;0;0;0;0;0;0;0;0;0;0;0;0;0;0;0;0;0;0;0;0;0;0;0;0;0;1;1;1;1;1;1;1;1;1;1;1;1;1;1;1;1;1;1;1;0;0;0;0;0;0;0;0;0;0.0004;0.088;-0.0884;0;0;0;0;0;0;0;0;0;0;0;0;0;0;0;0;0;0;0;-9.0002;0;0;0;0;0.0004;0;0;0;0;0;0;0;-0.0004;-0.0884;0;0;0;0;0;0;0;0;0;-0.7452;0;0.7452;1;1;0;0;0;0
25/06/21 22:00;0;0;90;0;0;90;0;0;0;0;9.06;2.92;0;0;0;0;0;0;0;0;0;0;0;0;0;1;1;1;1;0;0;0;0;0;0;0;0;0;0;0;0;0;0;0;0;0;0;0;0;0;0;0;0;0;0;0;0;0;0;0;0;0;0;0;1;1;1;1;1;1;1;1;1;1;1;1;1;1;1;1;1;1;1;0;0;0;0;0;0;0;0;0;0.0004;0.088;-0.0884;0;0;0;0;0;0;0;0;0;0;0;0;0;0;0;0;0;0;0;-9.06;0;0;0;0;0.0004;0;0;0;0;0;0;0;-0.0004;-0.0884;0;0;0;0;0;0;0;0;0;-0.7452;0;0.7452;1;1;0;0;0;0
25/06/21 23:00;0;0;90;0;0;90;0;0;0;0;8.0802;2.8601;0;0;0;0;0;0;0;0;0;0;0;0;0;1;1;1;1;0;0;0;0;0;0;0;0;0;0;0;0;0;0;0;0;0;0;0;0;0;0;0;0;0;0;0;0;0;0;0;0;0;0;0;1;1;1;1;1;1;1;1;1;1;1;1;1;1;1;1;1;1;1;0;0;0;0;0;0;0;0;0;0.0004;0.088;-0.0884;0;0;0;0;0;0;0;0;0;0;0;0;0;0;0;0;0;0;0;-8.0802;0;0;0;0;0.0004;0;0;0;0;0;0;0;-0.0004;-0.0884;0;0;0;0;0;0;0;0;0;-0.7452;0;0.7452;1;1;0;0;0;0
26/06/21 00:00;0;0;90;0;0;90;0;0;0;0;8.6;2.9;0;0;0;0;0;0;0;0;0;0;0;0;0;1;1;1;1;0;0;0;0;0;0;0;0;0;0;0;0;0;0;0;0;0;0;0;0;0;0;0;0;0;0;0;0;0;0;0;0;0;0;0;1;1;1;1;1;1;1;1;1;1;1;1;1;1;1;1;1;1;1;0;0;0;0;0;0;0;0;0;0.0004;0.088;-0.0884;0;0;0;0;0;0;0;0;0;0;0;0;0;0;0;0;0;0;0;-8.6;0;0;0;0;0.0004;0;0;0;0;0;0;0;-0.0004;-0.0884;0;0;0;0;0;0;0;0;0;-0.7452;0;0.7452;1;1;0;0;0;0
26/06/21 01:00;0;0;90;0;0;90;0;0;0;0;8.5302;3.1099;0;0;0;0;0;0;0;0;0;0;0;0;0;1;1;1;1;0;0;0;0;0;0;0;0;0;0;0;0;0;0;0;0;0;0;0;0;0;0;0;0;0;0;0;0;0;0;0;0;0;0;0;1;1;1;1;1;1;1;1;1;1;1;1;1;1;1;1;1;1;1;0;0;0;0;0;0;0;0;0;0.0004;0.088;-0.0884;0;0;0;0;0;0;0;0;0;0;0;0;0;0;0;0;0;0;0;-8.5302;0;0;0;0;0.0004;0;0;0;0;0;0;0;-0.0004;-0.0884;0;0;0;0;0;0;0;0;0;-0.7452;0;0.7452;1;1;0;0;0;0
26/06/21 02:00;0;0;90;0;0;90;0;0;0;0;8.8001;3.08;0;0;0;0;0;0;0;0;0;0;0;0;0;1;1;1;1;0;0;0;0;0;0;0;0;0;0;0;0;0;0;0;0;0;0;0;0;0;0;0;0;0;0;0;0;0;0;0;0;0;0;0;1;1;1;1;1;1;1;1;1;1;1;1;1;1;1;1;1;1;1;0;0;0;0;0;0;0;0;0;0.0004;0.088;-0.0884;0;0;0;0;0;0;0;0;0;0;0;0;0;0;0;0;0;0;0;-8.8001;0;0;0;0;0.0004;0;0;0;0;0;0;0;-0.0004;-0.0884;0;0;0;0;0;0;0;0;0;-0.7452;0;0.7452;1;1;0;0;0;0
26/06/21 03:00;0;0;90;0;0;90;0;0;0;0;9.0999;3.08;0;0;0;0;0;0;0;0;0;0;0;0;0;1;1;1;1;0;0;0;0;0;0;0;0;0;0;0;0;0;0;0;0;0;0;0;0;0;0;0;0;0;0;0;0;0;0;0;0;0;0;0;1;1;1;1;1;1;1;1;1;1;1;1;1;1;1;1;1;1;1;0;0;0;0;0;0;0;0;0;0.0004;0.088;-0.0884;0;0;0;0;0;0;0;0;0;0;0;0;0;0;0;0;0;0;0;-9.0999;0;0;0;0;0.0004;0;0;0;0;0;0;0;-0.0004;-0.0884;0;0;0;0;0;0;0;0;0;-0.7452;0;0.7452;1;1;0;0;0;0
26/06/21 04:00;0;0;90;0;0;90;0;0;0;0;9.0999;3.1999;0;0;0;0;0;0;0;0;0;0;0;0;0;1;1;1;1;0;0;0;0;0;0;0;0;0;0;0;0;0;0;0;0;0;0;0;0;0;0;0;0;0;0;0;0;0;0;0;0;0;0;0;1;1;1;1;1;1;1;1;1;1;1;1;1;1;1;1;1;1;1;0;0;0;0;0;0;0;0;0;0.0004;0.088;-0.0884;0;0;0;0;0;0;0;0;0;0;0;0;0;0;0;0;0;0;0;-9.0999;0;0;0;0;0.0004;0;0;0;0;0;0;0;-0.0004;-0.0884;0;0;0;0;0;0;0;0;0;-0.7452;0;0.7452;1;1;0;0;0;0
26/06/21 05:00;0;0;90;0;0;90;0;0;0;0;9.0999;2.9599;0;0;0;0;0;0;0;0;0;0;0;0;0;1;1;1;1;0;0;0;0;0;0;0;0;0;0;0;0;0;0;0;0;0;0;0;0;0;0;0;0;0;0;0;0;0;0;0;0;0;0;0;1;1;1;1;1;1;1;1;1;1;1;1;1;1;1;1;1;1;1;0;0;0;0;0;0;0;0;0;0.0004;0.088;-0.0884;0;0;0;0;0;0;0;0;0;0;0;0;0;0;0;0;0;0;0;-9.0999;0;0;0;0;0.0004;0;0;0;0;0;0;0;-0.0004;-0.0884;0;0;0;0;0;0;0;0;0;-0.7452;0;0.7452;1;1;0;0;0;0
26/06/21 06:00;0;0;90;0;0;90;0;0;0;0;8.8998;3.2601;0;0;0;0;0;0;0;0;0;0;0;0;0;1;1;1;1;0;0;0;0;0;0;0;0;0;0;0;0;0;0;0;0;0;0;0;0;0;0;0;0;0;0;0;0;0;0;0;0;0;0;0;1;1;1;1;1;1;1;1;1;1;1;1;1;1;1;1;1;1;1;0;0;0;0;0;0;0;0;0;0.0004;0.088;-0.0884;0;0;0;0;0;0;0;0;0;0;0;0;0;0;0;0;0;0;0;-8.8998;0;0;0;0;0.0004;0;0;0;0;0;0;0;-0.0004;-0.0884;0;0;0;0;0;0;0;0;0;-0.7452;0;0.7452;1;1;0;0;0;0
26/06/21 07:00;4.4143;-57.307;79.242;5.2411;7.5585;-90;-7.5585;16.8;16.497;0.3032;8.6898;3.9899;0;0.7352;16.376;0.1192;0;0.0102;17.241;0;17.241;0.7352;0.1192;16.376;0.0102;0.0426;0.9504;0;0.0006;17.158;0.0827;0;0;0.0742;0.0085;16.2;0.9411;0.2166;0.0351;0.6889;0.0004;17.141;0.0172;0.0007;0.0001;0.0163;0;16.201;0.5178;0.0839;15.597;0.0013;9.7664;8.4088;2.0679;0.0015;0.0807;1.1614;0.0013;1.2407;0;1;0;0;1.0262;0.9952;1;1;0.9955;0.1687;0.9451;0.705;1;0.9577;0.776;0.999;0.999;1;0.999;0.999;0.9396;0.9524;0.1308;0.0491;0.0487;0.0003;0.0077;-0.0027;0.0003;0.0011;0.0002;0;0;0.088;-0.0502;0;0;0;0;0;0;0;0;0;0;0;0;0.0009;0;0.0409;0.0409;0;9.498;9.498;0.8082;0.0499;39.827;1025.8;1;0.003;0.003;0;0;0;0;0;0;0.0378;-0.0502;0;15.659;18.133;-19.224;-22.261;92.623;92.623;0.4138;0.3445;-0.423;0.0692;0.7675;0.1673;1.8549;0;9.7646;0;0
26/06/21 08:00;13.223;-48.478;56.306;17.424;29.147;-90;-29.147;86.109;79.497;6.6113;9.1099;4.17;0;16.034;72.836;4.2149;0;0.7632;93.849;0;93.849;16.034;4.2149;72.836;0.7632;0.1709;0.7842;0;0.0081;90.109;3.7399;0;0;3.0768;0.6631;87.231;2.7877;0.3892;0.1023;2.2782;0.018;90.019;0.0901;0.016;0.0042;0.0698;0.0001;87.442;15.629;4.1084;67.411;0.082;47.769;41.129;10.665;0.9979;0.4236;6.0927;0.2111;5.5183;0;1;0;0;1.0899;0.9601;1;1;0.9578;0.1312;0.969;0.9757;1;0.9673;0.8196;0.999;0.999;1;0.999;0.999;0.9295;0.9255;0.1074;0.2671;0.2624;0.0016;0.016;-0.0111;0.0018;0.0064;0.0011;0;0;0.088;0.1462;0;0;0;0;0;0;0;0;0;0;0;0;0.0051;0.0003;0.2412;0.2412;0;13.375;13.375;4.2655;0.0489;223.03;1081.5;1;0.007;0.007;0;0;0;0;0;0;0.2342;0.1462;0;16.983;19.666;10.296;11.923;97.109;97.109;2.2524;2.0341;1.2332;0.2183;0.8009;0.0969;0.3556;0.5475;47.728;0.5221;0
26/06/21 09:00;21.559;-36.983;47.982;33.296;56.704;-90;-56.704;120.61;116.6;4.0045;9.7301;4.1599;0;7.2946;89.562;1.7508;0;3.8078;102.42;0;102.42;7.2946;1.7508;89.562;3.8078;0.0712;0.9117;0;0.0372;88.528;13.887;0;0;10.338;3.5486;85.593;2.8472;0.0842;0.0202;2.7302;0.0126;88.44;0.0885;0.0073;0.0018;0.0792;0.0003;87.145;7.2031;1.7288;76.414;0.2464;76.341;65.73;19.13;12.246;1.2336;17.744;1.5527;6.7323;0;1;0;0;0.8492;0.8644;1;1;0.8846;0.0681;0.9678;0.9884;1;0.9655;0.9513;0.999;0.999;1;0.999;0.999;0.8357;0.8532;0.0647;0.2915;0.2849;0.0017;0.0163;-0.0115;0.0019;0.0069;0.0033;0;0;0.088;0.1652;0;0;0;0;0;0;0;0;0;0;0;0;0.0056;0.0003;0.2602;0.2602;0;13.918;13.918;4.1882;0.0489;241.39;1078.1;1;0.0071;0.0071;0;0;0;0;0;0;0.2532;0.1652;0;16.791;19.444;10.657;12.341;97.282;97.282;2.458;2.1947;1.3929;0.2633;0.8018;0.1071;0.3262;0.5667;75.087;0.5016;0
26/06/21 10:00;27.749;-23.437;54.29;52.911;37.089;-90;-37.089;85.093;84.001;1.0919;9.7999;4.51;0;1.3688;75.37;0.1868;0;1.205;78.131;0;78.131;1.3688;0.1868;75.37;1.205;0.0175;0.9801;0;0.0154;72.387;5.7436;0;0;4.657;1.0866;69.989;2.326;0.0264;0.0036;2.2819;0.0141;72.315;0.0724;0.0014;0.0002;0.0707;0.0001;70.396;1.341;0.183;68.36;0.1042;53;45.633;12.293;2.3694;0.522;7.5089;0.4071;5.6616;0;1;0;0;0.9182;0.9265;1;1;0.9382;0.0983;0.9678;0.9807;1;0.9677;0.8807;0.999;0.999;1;0.999;0.999;0.8958;0.907;0.0865;0.2224;0.2164;0.0013;0.0151;-0.0093;0.0015;0.0052;0.0014;0;0;0.088;0.1023;0;0;0;0;0;0;0;0;0;0;0;0;0.0042;0.0002;0.1968;0.1968;0;13.23;13.23;3.4302;0.049;183.43;1073.2;1;0.0066;0.0066;0;0;0;0;0;0;0.1903;0.1023;0;16.649;19.279;8.65;10.016;96.66;96.66;1.8751;1.6601;0.8625;0.2151;0.7976;0.1147;0.4253;0.46;52.397;0.4291;0
26/06/21 11:00;31.096;-8.0906;57.971;76.866;13.134;-90;-13.134;131.6;129.3;2.304;10.44;5.1601;0;2.3659;127.18;0.448;0;0.241;130.23;0;130.23;2.3659;0.448;127.18;0.241;0.0182;0.9784;0;0.0019;128.59;1.6484;0;0;1.4483;0.2001;123.48;4.9782;0.0698;0.0132;4.886;0.0092;128.46;0.1286;0.0024;0.0004;0.1257;0;123.53;2.2937;0.4343;120.72;0.0317;78.494;67.584;16.929;0.1021;0.6347;9.1304;0.0482;9.6631;0;1;0;0;0.9896;0.9873;1;1;0.9886;0.1698;0.9612;0.9705;1;0.9611;0.7756;0.999;0.999;1;0.999;0.999;0.9481;0.9492;0.1316;0.3706;0.3717;0.0022;0.0171;-0.0115;0.0025;0.009;0.0017;0;0;0.088;0.2469;0;0;0;0;0;0;0;0;0;0;0;0;0.0073;0.0005;0.3428;0.3428;0;16.473;16.473;6.0327;0.0489;316.92;1081.6;1;0.0079;0.0079;0;0;0;0;0;0;0.3349;0.2469;0;17.393;20.14;12.527;14.506;97.695;97.695;3.1256;2.8907;2.082;0.2349;0.8088;0.0751;0.2588;0.6661;76.909;0.6329;0
26/06/21 12:00;31.106;8.0011;57.982;77.01;12.99;90;12.99;131.9;129.7;2.198;10.6;5.2501;0;2.2557;127.63;0.4283;0;0.2363;130.55;0;130.55;2.2557;0.4283;127.63;0.2363;0.0173;0.9794;0;0.0018;128.92;1.6285;0;0;1.4319;0.1967;123.79;5.0035;0.0666;0.0127;4.9153;0.0089;128.79;0.1289;0.0023;0.0004;0.1262;0;123.83;2.1868;0.4152;121.15;0.0307;78.659;67.726;16.951;0.0984;0.6367;9.1582;0.047;9.6965;0;1;0;0;0.9898;0.9875;1;1;0.9888;0.1676;0.9612;0.9704;1;0.961;0.7748;0.999;0.999;1;0.999;0.999;0.9482;0.9493;0.1297;0.3715;0.3726;0.0022;0.0171;-0.0113;0.0026;0.0091;0.0017;0;0;0.088;0.2476;0;0;0;0;0;0;0;0;0;0;0;0;0.0073;0.0005;0.3435;0.3435;0;16.649;16.649;6.0485;0.0489;317.74;1081;1;0.0079;0.0079;0;0;0;0;0;0;0.3356;0.2476;0;17.385;20.131;12.531;14.51;97.699;97.699;3.1332;2.8964;2.0877;0.2367;0.8088;0.0756;0.2581;0.6663;77.145;0.6331;0
26/06/21 13:00;27.776;23.355;54.319;53.033;36.967;90;36.967;82.299;81.3;0.9992;10.6;4.99;0;1.2505;73.01;0.165;0;1.158;75.584;0;75.584;1.2505;0.165;73.01;1.158;0.0165;0.9813;0;0.0153;70.033;5.5513;0;0;4.5024;1.0489;67.712;2.2508;0.0242;0.0032;2.21;0.0135;69.962;0.07;0.0013;0.0002;0.0685;0.0001;68.103;1.2251;0.1617;66.229;0.0956;51.257;44.132;11.879;2.2693;0.504;7.2505;0.391;5.4852;0;1;0;0;0.9184;0.9266;1;1;0.9383;0.0943;0.9678;0.9806;1;0.9677;0.8766;0.999;0.999;1;0.999;0.999;0.8958;0.9071;0.0825;0.2151;0.2094;0.0013;0.015;-0.0085;0.0014;0.005;0.0013;0;0;0.088;0.0951;0;0;0;0;0;0;0;0;0;0;0;0;0.004;0.0002;0.1896;0.1896;0;13.922;13.922;3.3218;0.0491;177.39;1068.9;1;0.0065;0.0065;0;0;0;0;0;0;0.1831;0.0951;0;16.577;19.196;8.3172;9.6311;96.583;96.583;1.814;1.599;0.8023;0.215;0.7968;0.1185;0.4392;0.4423;50.707;0.4126;0
26/06/21 14:00;21.6;36.913;48.022;33.394;56.606;90;56.606;104.71;102.8;1.9063;10.83;4.26;0;3.4635;79.378;0.7315;0;3.2953;86.868;0;86.868;3.4635;0.7315;79.378;3.2953;0.0399;0.9517;0;0.0379;74.61;12.258;0;0;9.1709;3.0868;72.059;2.4766;0.0401;0.0085;2.4176;0.0105;74.536;0.0746;0.0035;0.0007;0.0702;0.0002;73.405;3.42;0.7224;67.719;0.1978;67.048;57.728;16.889;10.787;1.0798;15.532;1.3458;5.8252;0;1;0;0;0.8296;0.8589;1;1;0.8845;0.0633;0.9668;0.9884;1;0.9655;0.9497;0.999;0.999;1;0.999;0.999;0.8295;0.8531;0.06;0.2472;0.2411;0.0015;0.0156;-0.0093;0.0016;0.0058;0.0029;0;0;0.088;0.1235;0;0;0;0;0;0;0;0;0;0;0;0;0.0047;0.0003;0.2182;0.2182;0;14.364;14.364;3.5339;0.049;204;1069.4;1;0.0067;0.0067;0;0;0;0;0;0;0.2115;0.1235;0;16.596;19.218;9.3931;10.877;96.935;96.935;2.0848;1.8398;1.0413;0.245;0.7985;0.1175;0.383;0.4995;66.46;0.4405;0
26/06/21 15:00;13.274;48.419;56.159;17.505;29.339;90;29.339;107.5;101.2;6.296;12.1;2.6;0;15.27;92.748;5.0904;0;0.9652;114.07;0;114.07;15.27;5.0904;92.748;0.9652;0.1339;0.8215;0;0.0085;109.26;4.8149;0;0;3.9717;0.8433;105.74;3.4045;0.3644;0.1215;2.8965;0.0222;109.15;0.1093;0.0153;0.0051;0.0888;0.0001;106.02;14.89;4.9638;85.791;0.0996;60.897;52.432;13.605;1.3001;0.5412;7.7848;0.2734;7.0258;0;1;0;0;1.0612;0.9578;1;1;0.9572;0.1263;0.9688;0.9761;1;0.9673;0.8181;0.999;0.999;1;0.999;0.999;0.927;0.925;0.1032;0.3246;0.3189;0.0019;0.0167;-0.0089;0.0022;0.0077;0.0014;0;0;0.088;0.1961;0;0;0;0;0;0;0;0;0;0;0;0;0.0062;0.0004;0.2914;0.2914;0;17.278;17.278;5.1776;0.049;271.69;1072.4;1;0.0073;0.0073;0;0;0;0;0;0;0.2841;0.1961;0;16.878;19.545;11.36;13.154;97.506;97.506;2.7378;2.4572;1.6538;0.2806;0.8034;0.1025;0.2935;0.6041;60.856;0.5747;0
26/06/21 16:00;4.4722;57.255;79.099;5.3127;7.6643;90;7.6643;1.6995;1.6995;0;10.82;2.4799;0;0;1.6919;0;0;0.0011;1.693;1.693;0;0;0;0;0;1;1;1;1;0;0;0;0;0;0;0;0;0;0;0;0;0;0;0;0;0;0;0;0;0;0;0;0;0;0;0;0;0;0;0;0;0;0;0;0;1;1;1;1;1;1;1;1;1;1;1;1;1;0;0;1;0;0;0;0;0;0;0;0;0;0;0;0.0004;0.088;-0.0884;0;0;0;0;0;0;0;0;0;0;0;0;0;0;0;0;0;0;0;-10.82;0;0;0;0;0.0004;0;0;0;0;0;0;0;-0.0004;-0.0884;0;0;0;0;0;0;0;0;0;-0.7452;0;0.7452;1;1;0;0;0;0
26/06/21 17:00;0;0;90;0;0;90;0;0;0;0;9.9003;2.52;0;0;0;0;0;0;0;0;0;0;0;0;0;1;1;1;1;0;0;0;0;0;0;0;0;0;0;0;0;0;0;0;0;0;0;0;0;0;0;0;0;0;0;0;0;0;0;0;0;0;0;0;1;1;1;1;1;1;1;1;1;1;1;1;1;1;1;1;1;1;1;0;0;0;0;0;0;0;0;0;0.0004;0.088;-0.0884;0;0;0;0;0;0;0;0;0;0;0;0;0;0;0;0;0;0;0;-9.9003;0;0;0;0;0.0004;0;0;0;0;0;0;0;-0.0004;-0.0884;0;0;0;0;0;0;0;0;0;-0.7452;0;0.7452;1;1;0;0;0;0
26/06/21 18:00;0;0;90;0;0;90;0;0;0;0;9.0002;2.59;0;0;0;0;0;0;0;0;0;0;0;0;0;1;1;1;1;0;0;0;0;0;0;0;0;0;0;0;0;0;0;0;0;0;0;0;0;0;0;0;0;0;0;0;0;0;0;0;0;0;0;0;1;1;1;1;1;1;1;1;1;1;1;1;1;1;1;1;1;1;1;0;0;0;0;0;0;0;0;0;0.0004;0.088;-0.0884;0;0;0;0;0;0;0;0;0;0;0;0;0;0;0;0;0;0;0;-9.0002;0;0;0;0;0.0004;0;0;0;0;0;0;0;-0.0004;-0.0884;0;0;0;0;0;0;0;0;0;-0.7452;0;0.7452;1;1;0;0;0;0
26/06/21 19:00;0;0;90;0;0;90;0;0;0;0;7.9698;2.9301;0;0;0;0;0;0;0;0;0;0;0;0;0;1;1;1;1;0;0;0;0;0;0;0;0;0;0;0;0;0;0;0;0;0;0;0;0;0;0;0;0;0;0;0;0;0;0;0;0;0;0;0;1;1;1;1;1;1;1;1;1;1;1;1;1;1;1;1;1;1;1;0;0;0;0;0;0;0;0;0;0.0004;0.088;-0.0884;0;0;0;0;0;0;0;0;0;0;0;0;0;0;0;0;0;0;0;-7.9698;0;0;0;0;0.0004;0;0;0;0;0;0;0;-0.0004;-0.0884;0;0;0;0;0;0;0;0;0;-0.7452;0;0.7452;1;1;0;0;0;0
26/06/21 20:00;0;0;90;0;0;90;0;0;0;0;7.89;3.1199;0;0;0;0;0;0;0;0;0;0;0;0;0;1;1;1;1;0;0;0;0;0;0;0;0;0;0;0;0;0;0;0;0;0;0;0;0;0;0;0;0;0;0;0;0;0;0;0;0;0;0;0;1;1;1;1;1;1;1;1;1;1;1;1;1;1;1;1;1;1;1;0;0;0;0;0;0;0;0;0;0.0004;0.088;-0.0884;0;0;0;0;0;0;0;0;0;0;0;0;0;0;0;0;0;0;0;-7.89;0;0;0;0;0.0004;0;0;0;0;0;0;0;-0.0004;-0.0884;0;0;0;0;0;0;0;0;0;-0.7452;0;0.7452;1;1;0;0;0;0
26/06/21 21:00;0;0;90;0;0;90;0;0;0;0;7.6401;3.07;0;0;0;0;0;0;0;0;0;0;0;0;0;1;1;1;1;0;0;0;0;0;0;0;0;0;0;0;0;0;0;0;0;0;0;0;0;0;0;0;0;0;0;0;0;0;0;0;0;0;0;0;1;1;1;1;1;1;1;1;1;1;1;1;1;1;1;1;1;1;1;0;0;0;0;0;0;0;0;0;0.0004;0.088;-0.0884;0;0;0;0;0;0;0;0;0;0;0;0;0;0;0;0;0;0;0;-7.6401;0;0;0;0;0.0004;0;0;0;0;0;0;0;-0.0004;-0.0884;0;0;0;0;0;0;0;0;0;-0.7452;0;0.7452;1;1;0;0;0;0
26/06/21 22:00;0;0;90;0;0;90;0;0;0;0;8.5103;2.9401;0;0;0;0;0;0;0;0;0;0;0;0;0;1;1;1;1;0;0;0;0;0;0;0;0;0;0;0;0;0;0;0;0;0;0;0;0;0;0;0;0;0;0;0;0;0;0;0;0;0;0;0;1;1;1;1;1;1;1;1;1;1;1;1;1;1;1;1;1;1;1;0;0;0;0;0;0;0;0;0;0.0004;0.088;-0.0884;0;0;0;0;0;0;0;0;0;0;0;0;0;0;0;0;0;0;0;-8.5103;0;0;0;0;0.0004;0;0;0;0;0;0;0;-0.0004;-0.0884;0;0;0;0;0;0;0;0;0;-0.7452;0;0.7452;1;1;0;0;0;0
26/06/21 23:00;0;0;90;0;0;90;0;0;0;0;7.5703;2.58;0;0;0;0;0;0;0;0;0;0;0;0;0;1;1;1;1;0;0;0;0;0;0;0;0;0;0;0;0;0;0;0;0;0;0;0;0;0;0;0;0;0;0;0;0;0;0;0;0;0;0;0;1;1;1;1;1;1;1;1;1;1;1;1;1;1;1;1;1;1;1;0;0;0;0;0;0;0;0;0;0.0004;0.088;-0.0884;0;0;0;0;0;0;0;0;0;0;0;0;0;0;0;0;0;0;0;-7.5703;0;0;0;0;0.0004;0;0;0;0;0;0;0;-0.0004;-0.0884;0;0;0;0;0;0;0;0;0;-0.7452;0;0.7452;1;1;0;0;0;0
27/06/21 00:00;0;0;90;0;0;90;0;0;0;0;6.2501;2.66;0;0;0;0;0;0;0;0;0;0;0;0;0;1;1;1;1;0;0;0;0;0;0;0;0;0;0;0;0;0;0;0;0;0;0;0;0;0;0;0;0;0;0;0;0;0;0;0;0;0;0;0;1;1;1;1;1;1;1;1;1;1;1;1;1;1;1;1;1;1;1;0;0;0;0;0;0;0;0;0;0.0004;0.088;-0.0884;0;0;0;0;0;0;0;0;0;0;0;0;0;0;0;0;0;0;0;-6.2501;0;0;0;0;0.0004;0;0;0;0;0;0;0;-0.0004;-0.0884;0;0;0;0;0;0;0;0;0;-0.7452;0;0.7452;1;1;0;0;0;0
27/06/21 01:00;0;0;90;0;0;90;0;0;0;0;3.69;3.0101;0;0;0;0;0;0;0;0;0;0;0;0;0;1;1;1;1;0;0;0;0;0;0;0;0;0;0;0;0;0;0;0;0;0;0;0;0;0;0;0;0;0;0;0;0;0;0;0;0;0;0;0;1;1;1;1;1;1;1;1;1;1;1;1;1;1;1;1;1;1;1;0;0;0;0;0;0;0;0;0;0.0004;0.088;-0.0884;0;0;0;0;0;0;0;0;0;0;0;0;0;0;0;0;0;0;0;-3.69;0;0;0;0;0.0004;0;0;0;0;0;0;0;-0.0004;-0.0884;0;0;0;0;0;0;0;0;0;-0.7452;0;0.7452;1;1;0;0;0;0
27/06/21 02:00;0;0;90;0;0;90;0;0;0;0;4.1401;3.0201;0;0;0;0;0;0;0;0;0;0;0;0;0;1;1;1;1;0;0;0;0;0;0;0;0;0;0;0;0;0;0;0;0;0;0;0;0;0;0;0;0;0;0;0;0;0;0;0;0;0;0;0;1;1;1;1;1;1;1;1;1;1;1;1;1;1;1;1;1;1;1;0;0;0;0;0;0;0;0;0;0.0004;0.088;-0.0884;0;0;0;0;0;0;0;0;0;0;0;0;0;0;0;0;0;0;0;-4.1401;0;0;0;0;0.0004;0;0;0;0;0;0;0;-0.0004;-0.0884;0;0;0;0;0;0;0;0;0;-0.7452;0;0.7452;1;1;0;0;0;0
27/06/21 03:00;0;0;90;0;0;90;0;0;0;0;5.3599;3;0;0;0;0;0;0;0;0;0;0;0;0;0;1;1;1;1;0;0;0;0;0;0;0;0;0;0;0;0;0;0;0;0;0;0;0;0;0;0;0;0;0;0;0;0;0;0;0;0;0;0;0;1;1;1;1;1;1;1;1;1;1;1;1;1;1;1;1;1;1;1;0;0;0;0;0;0;0;0;0;0.0004;0.088;-0.0884;0;0;0;0;0;0;0;0;0;0;0;0;0;0;0;0;0;0;0;-5.3599;0;0;0;0;0.0004;0;0;0;0;0;0;0;-0.0004;-0.0884;0;0;0;0;0;0;0;0;0;-0.7452;0;0.7452;1;1;0;0;0;0
27/06/21 04:00;0;0;90;0;0;90;0;0;0;0;5.4802;2.7701;0;0;0;0;0;0;0;0;0;0;0;0;0;1;1;1;1;0;0;0;0;0;0;0;0;0;0;0;0;0;0;0;0;0;0;0;0;0;0;0;0;0;0;0;0;0;0;0;0;0;0;0;1;1;1;1;1;1;1;1;1;1;1;1;1;1;1;1;1;1;1;0;0;0;0;0;0;0;0;0;0.0004;0.088;-0.0884;0;0;0;0;0;0;0;0;0;0;0;0;0;0;0;0;0;0;0;-5.4802;0;0;0;0;0.0004;0;0;0;0;0;0;0;-0.0004;-0.0884;0;0;0;0;0;0;0;0;0;-0.7452;0;0.7452;1;1;0;0;0;0
27/06/21 05:00;0;0;90;0;0;90;0;0;0;0;5.8;2.44;0;0;0;0;0;0;0;0;0;0;0;0;0;1;1;1;1;0;0;0;0;0;0;0;0;0;0;0;0;0;0;0;0;0;0;0;0;0;0;0;0;0;0;0;0;0;0;0;0;0;0;0;1;1;1;1;1;1;1;1;1;1;1;1;1;1;1;1;1;1;1;0;0;0;0;0;0;0;0;0;0.0004;0.088;-0.0884;0;0;0;0;0;0;0;0;0;0;0;0;0;0;0;0;0;0;0;-5.8;0;0;0;0;0.0004;0;0;0;0;0;0;0;-0.0004;-0.0884;0;0;0;0;0;0;0;0;0;-0.7452;0;0.7452;1;1;0;0;0;0
27/06/21 06:00;0;0;90;0;0;90;0;0;0;0;6.1603;2.03;0;0;0;0;0;0;0;0;0;0;0;0;0;1;1;1;1;0;0;0;0;0;0;0;0;0;0;0;0;0;0;0;0;0;0;0;0;0;0;0;0;0;0;0;0;0;0;0;0;0;0;0;1;1;1;1;1;1;1;1;1;1;1;1;1;1;1;1;1;1;1;0;0;0;0;0;0;0;0;0;0.0004;0.088;-0.0884;0;0;0;0;0;0;0;0;0;0;0;0;0;0;0;0;0;0;0;-6.1603;0;0;0;0;0.0004;0;0;0;0;0;0;0;-0.0004;-0.0884;0;0;0;0;0;0;0;0;0;-0.7452;0;0.7452;1;1;0;0;0;0
27/06/21 07:00;4.4068;-57.367;79.26;5.2286;7.5401;-90;-7.5401;17.601;17.202;0.3986;6.2501;1.65;0;0.9667;17.06;0.1637;0;0.0107;18.202;0;18.202;0.9667;0.1637;17.06;0.0107;0.0531;0.9379;0;0.0006;18.116;0.0859;0;0;0.077;0.0089;17.045;1.0521;0.2855;0.0483;0.7179;0.0004;18.098;0.0181;0.001;0.0002;0.017;0;17.047;0.6803;0.1152;16.249;0.0014;10.175;8.7604;2.1544;0.0016;0.0841;1.2099;0.0013;1.2925;0;1;0;0;1.0341;0.9953;1;1;0.9955;0.1687;0.9419;0.7044;1;0.9577;0.776;0.999;0.999;1;0.999;0.999;0.9365;0.9524;0.1308;0.0518;0.0512;0.0003;0.008;-0.0033;0.0003;0.0011;0.0002;0;0;0.088;-0.0476;0;0;0;0;0;0;0;0;0;0;0;0;0.0009;0;0.0436;0.0436;0;7.098;7.098;0.848;0.0497;41.941;1038.9;1;0.0031;0.0031;0;0;0;0;0;0;0.0404;-0.0476;0;15.818;18.317;-17.264;-19.991;92.83;92.83;0.4368;0.3674;-0.401;0.0694;0.7685;0.1589;1.7591;0;10.172;0;0
27/06/21 08:00;13.223;-48.541;56.307;17.408;29.108;-90;-29.108;92.301;82.903;9.3975;7.2898;1.79;0;22.792;75.255;6.2485;0;0.816;105.11;0;105.11;22.792;6.2485;75.255;0.816;0.2168;0.7237;0;0.0078;101.23;3.8811;0;0;3.1723;0.7088;98.05;3.0786;0.5532;0.1517;2.3544;0.0193;101.13;0.1012;0.0228;0.0062;0.0721;0.0001;98.267;22.216;6.0905;69.656;0.0877;49.359;42.498;11.02;1.0264;0.4373;6.2907;0.2174;5.7017;0;1;0;0;1.1388;0.9631;1;1;0.9578;0.1314;0.9696;0.9757;1;0.9673;0.8194;0.999;0.999;1;0.999;0.999;0.9328;0.9256;0.1075;0.2991;0.2938;0.0018;0.0164;-0.0138;0.002;0.0072;0.0012;0;0;0.088;0.1775;0;0;0;0;0;0;0;0;0;0;0;0;0.0058;0.0003;0.2728;0.2728;0;12.073;12.073;4.7835;0.0488;249.9;1091.6;1;0.0073;0.0073;0;0;0;0;0;0;0.2655;0.1775;0;17.149;19.858;11.158;12.921;97.325;97.325;2.5227;2.3004;1.4968;0.2222;0.8036;0.0881;0.3186;0.5933;49.3;0.5679;0
27/06/21 09:00;21.569;-37.047;47.924;33.27;56.73;-90;-56.73;152.99;140.3;12.692;8.3999;2.34;0;23.136;105.8;6.6791;0;4.8346;140.45;0;140.45;23.136;6.6791;105.8;4.8346;0.1647;0.7877;0;0.0344;123.72;16.726;0;0;12.221;4.5054;120.01;3.5845;0.2662;0.0769;3.2254;0.016;123.6;0.1237;0.0231;0.0067;0.0936;0.0003;121.91;22.847;6.5956;90.259;0.3128;92.848;79.942;23.169;14.49;1.4804;21.295;1.8921;8.2855;0;1;0;0;0.918;0.8809;1;1;0.8845;0.0681;0.971;0.9885;1;0.9655;0.9512;0.999;0.999;1;0.999;0.999;0.8545;0.8531;0.0647;0.3997;0.3914;0.0024;0.0172;-0.0152;0.0027;0.0096;0.004;0;0;0.088;0.2663;0;0;0;0;0;0;0;0;0;0;0;0;0.0077;0.0005;0.3625;0.3625;0;14.254;14.254;5.8541;0.0488;332.7;1089.5;1;0.0082;0.0082;0;0;0;0;0;0;0.3543;0.2663;0;17.054;19.748;12.528;14.507;97.741;97.741;3.3707;3.0567;2.2456;0.314;0.8112;0.0932;0.2407;0.6662;88.725;0.5983;0
27/06/21 10:00;27.771;-23.501;54.236;52.865;37.135;-90;-37.135;257.9;202.9;54.998;9.5001;2.9;0;68.988;166.05;22.724;0;3.6609;261.42;0;261.42;68.988;22.724;166.05;3.6609;0.2639;0.6492;0;0.014;247.84;13.581;0;0;10.28;3.3017;240.76;6.8276;1.3226;0.4357;5.0266;0.0426;247.59;0.2478;0.069;0.0227;0.1558;0.0004;241.95;67.597;22.266;150.58;0.3162;150.96;129.98;34.681;5.2424;1.4107;20.293;1.1866;16.461;0;1;0;0;1.0137;0.948;1;1;0.9381;0.0981;0.9724;0.9808;1;0.9677;0.8812;0.999;0.999;1;0.999;0.999;0.921;0.9069;0.0864;0.744;0.7329;0.0044;0.0155;-0.0098;0.0051;0.0179;0.0038;0;0;0.088;0.58;0;0;0;0;0;0;0;0;0;0;0;0;0.0145;0.0015;0.6799;0.6799;0;21.242;21.242;11.742;0.0488;626.53;1085.3;1;0.0119;0.0119;0;0;0;0;0;0;0.668;0.58;0;17.187;19.902;14.661;16.977;98.244;98.244;6.2741;5.7341;4.8913;0.54;0.8428;0.0861;0.1343;0.7796;115.48;0.7368;0
27/06/21 11:00;31.13;-8.1493;57.924;76.792;13.208;-90;-13.208;385.2;195.5;189.7;10.68;3.24;0;194.86;139.37;55.737;0;0.7133;390.68;0;390.68;194.86;55.737;139.37;0.7133;0.4988;0.3586;0;0.0018;388.48;2.1944;0;0;1.6022;0.5922;375.37;12.729;5.7184;1.6357;5.3472;0.0272;388.09;0.3885;0.1949;0.0557;0.1378;0.0001;375.52;188.94;54.045;132.28;0.0939;225.45;194.11;49.792;0.1143;1.7353;24.962;0.1497;26.583;0;1;0;0;1.0142;0.9944;1;1;0.9885;0.1698;0.9672;0.9706;1;0.9611;0.7757;0.999;0.999;1;0.999;0.999;0.9608;0.9491;0.1316;1.1118;1.1244;0.0068;0.0104;0.0161;0.0076;0.0271;0.0046;0;0;0.088;0.9218;0;0;0;0;0;0;0;0;0;0;0;0;0.0218;0.0033;1.0266;1.0266;0;29.051;29.051;18.371;0.0489;964.24;1064.7;1;0.0168;0.0168;0;0;0;0;0;0;1.0098;0.9218;0;17.365;20.108;15.592;18.055;98.364;98.364;9.3763;8.6578;7.774;0.7185;0.8838;0.0766;0.0943;0.8291;84.301;0.7913;0
27/06/21 12:00;31.151;7.9542;57.948;77.105;12.895;90;12.895;248.79;222.2;26.591;11.3;3.24;0;27.279;210.87;8.8631;0;0.4392;247.45;0;247.45;27.279;8.8631;210.87;0.4392;0.1102;0.8539;0;0.0018;244.75;2.7021;0;0;2.3365;0.3656;235.29;9.2153;0.8028;0.2608;8.1351;0.0166;244.5;0.2447;0.0273;0.0089;0.2085;0.0001;235.38;26.449;8.5934;200.19;0.057;147.82;127.28;31.747;0.1583;1.2019;17.289;0.0892;18.333;0;1;0;0;0.9946;0.9891;1;1;0.9889;0.1677;0.9623;0.9705;1;0.9609;0.7748;0.999;0.999;1;0.999;0.999;0.9509;0.9494;0.1298;0.7042;0.7081;0.0043;0.0158;-0.0056;0.0049;0.0172;0.0032;0;0;0.088;0.5535;0;0;0;0;0;0;0;0;0;0;0;0;0.0139;0.0015;0.653;0.653;0;22.792;22.792;11.492;0.0488;605.58;1078.3;1;0.0115;0.0115;0;0;0;0;0;0;0.6415;0.5535;0;17.438;20.192;14.781;17.116;98.241;98.241;5.9388;5.5067;4.6678;0.4321;0.839;0.0728;0.1413;0.786;127.42;0.7469;0
27/06/21 13:00;27.83;23.323;54.299;53.131;36.869;90;36.869;111.09;109.4;1.6955;10.14;3.07;0;2.1193;98.188;0.3757;0;1.5552;102.24;0;102.24;2.1193;0.3757;98.188;1.5552;0.0207;0.9756;0;0.0152;94.8;7.438;0;0;6.03;1.408;91.666;3.0393;0.0409;0.0073;2.9729;0.0183;94.706;0.0948;0.0021;0.0004;0.0922;0.0001;92.188;2.0763;0.368;89.093;0.1288;69.112;59.505;16.035;3.0241;0.6761;9.7257;0.5222;7.3777;0;1;0;0;0.9203;0.9272;1;1;0.9386;0.0947;0.9679;0.9807;1;0.9677;0.8757;0.999;0.999;1;0.999;0.999;0.8966;0.9074;0.0828;0.291;0.2832;0.0017;0.0163;-0.0107;0.0019;0.0068;0.0018;0;0;0.088;0.1644;0;0;0;0;0;0;0;0;0;0;0;0;0.0055;0.0003;0.2595;0.2595;0;14.625;14.625;4.4848;0.0489;240.71;1077.9;1;0.0071;0.0071;0;0;0;0;0;0;0.2524;0.1644;0;16.771;19.42;10.626;12.305;97.277;97.277;2.4537;2.1882;1.3865;0.2655;0.8017;0.1082;0.3267;0.5651;68.139;0.5275;0
27/06/21 14:00;21.659;36.894;48.012;33.484;56.516;90;56.516;99.099;97.398;1.7014;10.23;2.6399;0;3.0838;75.303;0.6156;0;3.1098;82.112;0;82.112;3.0838;0.6156;75.303;3.1098;0.0376;0.9549;0;0.0379;70.519;11.593;0;0;8.6801;2.9131;68.103;2.3454;0.0356;0.0071;2.2928;0.0098;70.448;0.0705;0.0031;0.0006;0.0666;0.0002;69.374;3.0451;0.6078;64.263;0.1867;63.508;54.681;15.988;10.176;1.0207;14.683;1.2711;5.5274;0;1;0;0;0.8286;0.8588;1;1;0.8847;0.0633;0.9667;0.9884;1;0.9656;0.95;0.999;0.999;1;0.999;0.999;0.8294;0.8534;0.06;0.2337;0.2279;0.0014;0.0154;-0.0095;0.0015;0.0055;0.0027;0;0;0.088;0.1116;0;0;0;0;0;0;0;0;0;0;0;0;0.0044;0.0002;0.2063;0.2063;0;13.57;13.57;3.3397;0.049;192.66;1070.6;1;0.0066;0.0066;0;0;0;0;0;0;0.1996;0.1116;0;16.599;19.221;8.9846;10.404;96.793;96.793;1.9707;1.7394;0.9415;0.2313;0.7979;0.1174;0.4049;0.4778;62.985;0.4214;0
27/06/21 15:00;13.335;48.412;55.988;17.584;29.529;90;29.529;39.499;39.1;0.3988;10.1;1.71;0;0.9672;36.513;0.124;0;0.3591;37.963;0;37.963;0.9672;0.124;36.513;0.3591;0.0255;0.9713;0;0.0095;36.07;1.8937;0;0;1.5797;0.3141;34.861;1.1727;0.0226;0.0029;1.1391;0.0081;36.034;0.0361;0.001;0.0001;0.0349;0;34.97;0.9436;0.121;33.759;0.0369;23.991;20.656;5.362;0.5234;0.2138;3.075;0.1094;2.7654;0;1;0;0;0.9611;0.9501;1;1;0.9567;0.1255;0.9675;0.9766;1;0.9674;0.8192;0.999;0.999;1;0.999;0.999;0.9183;0.9246;0.1027;0.108;0.1062;0.0006;0.0114;-0.0051;0.0007;0.0025;0.0005;0;0;0.088;0.001;0;0;0;0;0;0;0;0;0;0;0;0;0.002;0.0001;0.0935;0.0935;0;11.821;11.821;1.7214;0.0494;89.057;1050;1;0.0045;0.0045;0;0;0;0;0;0;0.089;0.001;0;16.277;18.848;0.1678;0.1943;95.135;95.135;0.9111;0.7886;0.0081;0.1225;0.7805;0.1345;0.8566;0.0089;23.989;0.0084;0
27/06/21 16:00;4.3608;57.408;79.373;5.1718;7.4562;90;7.4562;2.6958;2.6958;0;10.14;1.79;0;0;2.6844;0;0;0.0016;2.686;2.686;0;0;0;0;0;1;1;1;1;0;0;0;0;0;0;0;0;0;0;0;0;0;0;0;0;0;0;0;0;0;0;0;0;0;0;0;0;0;0;0;0;0;0;0;0;1;1;1;1;1;1;1;1;1;1;1;1;1;0;0;1;0;0;0;0;0;0;0;0;0;0;0;0.0004;0.088;-0.0884;0;0;0;0;0;0;0;0;0;0;0;0;0;0;0;0;0;0;0;-10.14;0;0;0;0;0.0004;0;0;0;0;0;0;0;-0.0004;-0.0884;0;0;0;0;0;0;0;0;0;-0.7452;0;0.7452;1;1;0;0;0;0
27/06/21 17:00;0;0;90;0;0;90;0;0;0;0;9.9103;1.7401;0;0;0;0;0;0;0;0;0;0;0;0;0;1;1;1;1;0;0;0;0;0;0;0;0;0;0;0;0;0;0;0;0;0;0;0;0;0;0;0;0;0;0;0;0;0;0;0;0;0;0;0;1;1;1;1;1;1;1;1;1;1;1;1;1;1;1;1;1;1;1;0;0;0;0;0;0;0;0;0;0.0004;0.088;-0.0884;0;0;0;0;0;0;0;0;0;0;0;0;0;0;0;0;0;0;0;-9.9103;0;0;0;0;0.0004;0;0;0;0;0;0;0;-0.0004;-0.0884;0;0;0;0;0;0;0;0;0;-0.7452;0;0.7452;1;1;0;0;0;0
27/06/21 18:00;0;0;90;0;0;90;0;0;0;0;9.3997;1.7;0;0;0;0;0;0;0;0;0;0;0;0;0;1;1;1;1;0;0;0;0;0;0;0;0;0;0;0;0;0;0;0;0;0;0;0;0;0;0;0;0;0;0;0;0;0;0;0;0;0;0;0;1;1;1;1;1;1;1;1;1;1;1;1;1;1;1;1;1;1;1;0;0;0;0;0;0;0;0;0;0.0004;0.088;-0.0884;0;0;0;0;0;0;0;0;0;0;0;0;0;0;0;0;0;0;0;-9.3997;0;0;0;0;0.0004;0;0;0;0;0;0;0;-0.0004;-0.0884;0;0;0;0;0;0;0;0;0;-0.7452;0;0.7452;1;1;0;0;0;0
27/06/21 19:00;0;0;90;0;0;90;0;0;0;0;9.2003;1.7501;0;0;0;0;0;0;0;0;0;0;0;0;0;1;1;1;1;0;0;0;0;0;0;0;0;0;0;0;0;0;0;0;0;0;0;0;0;0;0;0;0;0;0;0;0;0;0;0;0;0;0;0;1;1;1;1;1;1;1;1;1;1;1;1;1;1;1;1;1;1;1;0;0;0;0;0;0;0;0;0;0.0004;0.088;-0.0884;0;0;0;0;0;0;0;0;0;0;0;0;0;0;0;0;0;0;0;-9.2003;0;0;0;0;0.0004;0;0;0;0;0;0;0;-0.0004;-0.0884;0;0;0;0;0;0;0;0;0;-0.7452;0;0.7452;1;1;0;0;0;0
27/06/21 20:00;0;0;90;0;0;90;0;0;0;0;9.0999;1.8499;0;0;0;0;0;0;0;0;0;0;0;0;0;1;1;1;1;0;0;0;0;0;0;0;0;0;0;0;0;0;0;0;0;0;0;0;0;0;0;0;0;0;0;0;0;0;0;0;0;0;0;0;1;1;1;1;1;1;1;1;1;1;1;1;1;1;1;1;1;1;1;0;0;0;0;0;0;0;0;0;0.0004;0.088;-0.0884;0;0;0;0;0;0;0;0;0;0;0;0;0;0;0;0;0;0;0;-9.0999;0;0;0;0;0.0004;0;0;0;0;0;0;0;-0.0004;-0.0884;0;0;0;0;0;0;0;0;0;-0.7452;0;0.7452;1;1;0;0;0;0
27/06/21 21:00;0;0;90;0;0;90;0;0;0;0;9.2202;1.9199;0;0;0;0;0;0;0;0;0;0;0;0;0;1;1;1;1;0;0;0;0;0;0;0;0;0;0;0;0;0;0;0;0;0;0;0;0;0;0;0;0;0;0;0;0;0;0;0;0;0;0;0;1;1;1;1;1;1;1;1;1;1;1;1;1;1;1;1;1;1;1;0;0;0;0;0;0;0;0;0;0.0004;0.088;-0.0884;0;0;0;0;0;0;0;0;0;0;0;0;0;0;0;0;0;0;0;-9.2202;0;0;0;0;0.0004;0;0;0;0;0;0;0;-0.0004;-0.0884;0;0;0;0;0;0;0;0;0;-0.7452;0;0.7452;1;1;0;0;0;0
27/06/21 22:00;0;0;90;0;0;90;0;0;0;0;8.6997;1.94;0;0;0;0;0;0;0;0;0;0;0;0;0;1;1;1;1;0;0;0;0;0;0;0;0;0;0;0;0;0;0;0;0;0;0;0;0;0;0;0;0;0;0;0;0;0;0;0;0;0;0;0;1;1;1;1;1;1;1;1;1;1;1;1;1;1;1;1;1;1;1;0;0;0;0;0;0;0;0;0;0.0004;0.088;-0.0884;0;0;0;0;0;0;0;0;0;0;0;0;0;0;0;0;0;0;0;-8.6997;0;0;0;0;0.0004;0;0;0;0;0;0;0;-0.0004;-0.0884;0;0;0;0;0;0;0;0;0;-0.7452;0;0.7452;1;1;0;0;0;0
27/06/21 23:00;0;0;90;0;0;90;0;0;0;0;8.2902;1.8201;0;0;0;0;0;0;0;0;0;0;0;0;0;1;1;1;1;0;0;0;0;0;0;0;0;0;0;0;0;0;0;0;0;0;0;0;0;0;0;0;0;0;0;0;0;0;0;0;0;0;0;0;1;1;1;1;1;1;1;1;1;1;1;1;1;1;1;1;1;1;1;0;0;0;0;0;0;0;0;0;0.0004;0.088;-0.0884;0;0;0;0;0;0;0;0;0;0;0;0;0;0;0;0;0;0;0;-8.2902;0;0;0;0;0.0004;0;0;0;0;0;0;0;-0.0004;-0.0884;0;0;0;0;0;0;0;0;0;-0.7452;0;0.7452;1;1;0;0;0;0
28/06/21 00:00;0;0;90;0;0;90;0;0;0;0;7.9997;1.5999;0;0;0;0;0;0;0;0;0;0;0;0;0;1;1;1;1;0;0;0;0;0;0;0;0;0;0;0;0;0;0;0;0;0;0;0;0;0;0;0;0;0;0;0;0;0;0;0;0;0;0;0;1;1;1;1;1;1;1;1;1;1;1;1;1;1;1;1;1;1;1;0;0;0;0;0;0;0;0;0;0.0004;0.088;-0.0884;0;0;0;0;0;0;0;0;0;0;0;0;0;0;0;0;0;0;0;-7.9997;0;0;0;0;0.0004;0;0;0;0;0;0;0;-0.0004;-0.0884;0;0;0;0;0;0;0;0;0;-0.7452;0;0.7452;1;1;0;0;0;0
28/06/21 01:00;0;0;90;0;0;90;0;0;0;0;7.6999;1.4201;0;0;0;0;0;0;0;0;0;0;0;0;0;1;1;1;1;0;0;0;0;0;0;0;0;0;0;0;0;0;0;0;0;0;0;0;0;0;0;0;0;0;0;0;0;0;0;0;0;0;0;0;1;1;1;1;1;1;1;1;1;1;1;1;1;1;1;1;1;1;1;0;0;0;0;0;0;0;0;0;0.0004;0.088;-0.0884;0;0;0;0;0;0;0;0;0;0;0;0;0;0;0;0;0;0;0;-7.6999;0;0;0;0;0.0004;0;0;0;0;0;0;0;-0.0004;-0.0884;0;0;0;0;0;0;0;0;0;-0.7452;0;0.7452;1;1;0;0;0;0
28/06/21 02:00;0;0;90;0;0;90;0;0;0;0;7.9997;1.72;0;0;0;0;0;0;0;0;0;0;0;0;0;1;1;1;1;0;0;0;0;0;0;0;0;0;0;0;0;0;0;0;0;0;0;0;0;0;0;0;0;0;0;0;0;0;0;0;0;0;0;0;1;1;1;1;1;1;1;1;1;1;1;1;1;1;1;1;1;1;1;0;0;0;0;0;0;0;0;0;0.0004;0.088;-0.0884;0;0;0;0;0;0;0;0;0;0;0;0;0;0;0;0;0;0;0;-7.9997;0;0;0;0;0.0004;0;0;0;0;0;0;0;-0.0004;-0.0884;0;0;0;0;0;0;0;0;0;-0.7452;0;0.7452;1;1;0;0;0;0
28/06/21 03:00;0;0;90;0;0;90;0;0;0;0;8.3002;1.81;0;0;0;0;0;0;0;0;0;0;0;0;0;1;1;1;1;0;0;0;0;0;0;0;0;0;0;0;0;0;0;0;0;0;0;0;0;0;0;0;0;0;0;0;0;0;0;0;0;0;0;0;1;1;1;1;1;1;1;1;1;1;1;1;1;1;1;1;1;1;1;0;0;0;0;0;0;0;0;0;0.0004;0.088;-0.0884;0;0;0;0;0;0;0;0;0;0;0;0;0;0;0;0;0;0;0;-8.3002;0;0;0;0;0.0004;0;0;0;0;0;0;0;-0.0004;-0.0884;0;0;0;0;0;0;0;0;0;-0.7452;0;0.7452;1;1;0;0;0;0
28/06/21 04:00;0;0;90;0;0;90;0;0;0;0;8.1998;2.13;0;0;0;0;0;0;0;0;0;0;0;0;0;1;1;1;1;0;0;0;0;0;0;0;0;0;0;0;0;0;0;0;0;0;0;0;0;0;0;0;0;0;0;0;0;0;0;0;0;0;0;0;1;1;1;1;1;1;1;1;1;1;1;1;1;1;1;1;1;1;1;0;0;0;0;0;0;0;0;0;0.0004;0.088;-0.0884;0;0;0;0;0;0;0;0;0;0;0;0;0;0;0;0;0;0;0;-8.1998;0;0;0;0;0.0004;0;0;0;0;0;0;0;-0.0004;-0.0884;0;0;0;0;0;0;0;0;0;-0.7452;0;0.7452;1;1;0;0;0;0
28/06/21 05:00;0;0;90;0;0;90;0;0;0;0;8.1599;2.18;0;0;0;0;0;0;0;0;0;0;0;0;0;1;1;1;1;0;0;0;0;0;0;0;0;0;0;0;0;0;0;0;0;0;0;0;0;0;0;0;0;0;0;0;0;0;0;0;0;0;0;0;1;1;1;1;1;1;1;1;1;1;1;1;1;1;1;1;1;1;1;0;0;0;0;0;0;0;0;0;0.0004;0.088;-0.0884;0;0;0;0;0;0;0;0;0;0;0;0;0;0;0;0;0;0;0;-8.1599;0;0;0;0;0.0004;0;0;0;0;0;0;0;-0.0004;-0.0884;0;0;0;0;0;0;0;0;0;-0.7452;0;0.7452;1;1;0;0;0;0
28/06/21 06:00;0;0;90;0;0;90;0;0;0;0;7.9;2.2;0;0;0;0;0;0;0;0;0;0;0;0;0;1;1;1;1;0;0;0;0;0;0;0;0;0;0;0;0;0;0;0;0;0;0;0;0;0;0;0;0;0;0;0;0;0;0;0;0;0;0;0;1;1;1;1;1;1;1;1;1;1;1;1;1;1;1;1;1;1;1;0;0;0;0;0;0;0;0;0;0.0004;0.088;-0.0884;0;0;0;0;0;0;0;0;0;0;0;0;0;0;0;0;0;0;0;-7.9;0;0;0;0;0.0004;0;0;0;0;0;0;0;-0.0004;-0.0884;0;0;0;0;0;0;0;0;0;-0.7452;0;0.7452;1;1;0;0;0;0
28/06/21 07:00;4.4042;-57.432;79.267;5.2217;7.5299;-90;-7.5299;19.398;18.898;0.4998;7.4001;2.28;0;1.2122;18.724;0.2257;0;0.0117;20.173;0;20.173;1.2122;0.2257;18.724;0.0117;0.0601;0.9287;0;0.0006;20.079;0.0941;0;0;0.0844;0.0097;18.846;1.2134;0.3582;0.0667;0.788;0.0004;20.059;0.0201;0.0012;0.0002;0.0186;0;18.847;0.8528;0.1587;17.833;0.0015;11.167;9.6148;2.3646;0.0017;0.0923;1.3279;0.0015;1.4185;0;1;0;0;1.04;0.9953;1;1;0.9955;0.1687;0.9395;0.7042;1;0.9577;0.776;0.999;0.999;1;0.999;0.999;0.9342;0.9524;0.1308;0.0574;0.0566;0.0003;0.0084;-0.0034;0.0004;0.0013;0.0002;0;0;0.088;-0.0429;0;0;0;0;0;0;0;0;0;0;0;0;0.001;0;0.0483;0.0483;0;8.3369;8.3369;0.9368;0.0497;46.566;1037.9;1;0.0032;0.0032;0;0;0;0;0;0;0.0451;-0.0429;0;15.832;18.333;-14.058;-16.278;93.276;93.276;0.4842;0.4076;-0.3619;0.0766;0.7695;0.1581;1.5894;0;11.164;0;0
28/06/21 08:00;13.228;-48.607;56.293;17.397;29.084;-90;-29.084;85.19;78.899;6.2917;7.2;2.4799;0;15.259;72.387;3.98;0;0.7519;92.378;0;92.378;15.259;3.98;72.387;0.7519;0.1652;0.7917;0;0.0081;88.678;3.7003;0;0;3.0473;0.6531;85.84;2.7491;0.3698;0.0965;2.265;0.0178;88.589;0.0887;0.0153;0.004;0.0693;0.0001;86.049;14.874;3.8796;67.005;0.0809;47.452;40.856;10.573;0.9843;0.4216;6.0652;0.2094;5.5025;0;1;0;0;1.0844;0.9599;1;1;0.9579;0.1315;0.969;0.9757;1;0.9673;0.8193;0.999;0.999;1;0.999;0.999;0.9292;0.9257;0.1076;0.2629;0.2583;0.0016;0.0159;-0.0128;0.0018;0.0063;0.0011;0;0;0.088;0.144;0;0;0;0;0;0;0;0;0;0;0;0;0.0051;0.0003;0.2391;0.2391;0;11.391;11.391;4.1912;0.0488;219.46;1089.3;1;0.007;0.007;0;0;0;0;0;0;0.232;0.144;0;17.1;19.801;10.302;11.929;97.057;97.057;2.2171;2.016;1.2145;0.2011;0.8015;0.0907;0.3615;0.5478;47.413;0.5221;0
28/06/21 09:00;21.584;-37.115;47.86;33.249;56.751;-90;-56.751;127.89;122.7;5.1911;7.4998;2.67;0;9.4679;93.975;2.3889;0;4.044;109.88;0;109.88;9.4679;2.3889;93.975;4.044;0.0862;0.8921;0;0.0368;95.246;14.629;0;0;10.86;3.7687;92.136;3.0146;0.1086;0.0274;2.8652;0.0134;95.151;0.0952;0.0095;0.0024;0.0831;0.0003;93.776;9.3498;2.3591;80.166;0.2616;80.464;69.279;20.155;12.887;1.2994;18.691;1.6397;7.1041;0;1;0;0;0.8591;0.8669;1;1;0.8844;0.0681;0.9683;0.9885;1;0.9655;0.9512;0.999;0.999;1;0.999;0.999;0.8386;0.8531;0.0647;0.3127;0.3057;0.0018;0.0166;-0.0144;0.0021;0.0075;0.0035;0;0;0.088;0.1869;0;0;0;0;0;0;0;0;0;0;0;0;0.006;0.0004;0.2822;0.2822;0;11.997;11.997;4.4976;0.0488;259.14;1089;1;0.0073;0.0073;0;0;0;0;0;0;0.2749;0.1869;0;16.972;19.653;11.238;13.014;97.4;97.4;2.637;2.3799;1.5759;0.2571;0.804;0.0975;0.3049;0.5976;78.828;0.5301;0
28/06/21 10:00;27.799;-23.568;54.175;52.824;37.176;-90;-37.176;164.89;158.7;6.1892;7.6501;2.5499;0;7.7678;141.15;1.9996;0;2.3457;153.26;0;153.26;7.7678;1.9996;141.15;2.3457;0.0507;0.9363;0;0.0153;142.39;10.869;0;0;8.753;2.1159;137.76;4.4856;0.1479;0.0381;4.2724;0.0272;142.25;0.1424;0.0078;0.002;0.1324;0.0002;138.56;7.6121;1.9595;127.99;0.2023;101.97;87.795;23.519;4.4729;1.0074;14.491;0.7977;11.026;0;1;0;0;0.9294;0.9291;1;1;0.938;0.0979;0.9685;0.9809;1;0.9677;0.8816;0.999;0.999;1;0.999;0.999;0.8989;0.9068;0.0863;0.4362;0.4255;0.0026;0.0172;-0.0163;0.003;0.0105;0.0027;0;0;0.088;0.3001;0;0;0;0;0;0;0;0;0;0;0;0;0.0084;0.0006;0.3967;0.3967;0;14.362;14.362;6.7117;0.0487;362.53;1094.3;1;0.0086;0.0086;0;0;0;0;0;0;0.3881;0.3001;0;17.105;19.807;12.94;14.984;97.833;97.833;3.6782;3.3455;2.5308;0.3327;0.8146;0.0905;0.2215;0.6881;98.194;0.6426;0
28/06/21 11:00;31.171;-8.2084;57.871;76.72;13.28;-90;-13.28;370.81;206.3;164.51;8.5501;2.44;0;169.03;154.6;50.961;0;0.6941;375.29;0;375.29;169.03;50.961;154.6;0.6941;0.4504;0.4138;0;0.0018;372.92;2.3697;0;0;1.7935;0.5762;360.18;12.366;4.9296;1.4862;5.924;0.0264;372.54;0.3729;0.169;0.051;0.1528;0.0001;360.32;163.93;49.423;146.73;0.0913;217.38;187.17;47.864;0.1292;1.6841;24.225;0.1457;25.78;0;1;0;0;1.0121;0.9937;1;1;0.9884;0.1698;0.9668;0.9708;1;0.9612;0.7757;0.999;0.999;1;0.999;0.999;0.9597;0.9491;0.1316;1.068;1.0794;0.0065;0.0111;0.0043;0.0074;0.0263;0.0045;0;0;0.088;0.8907;0;0;0;0;0;0;0;0;0;0;0;0;0.0211;0.003;0.9952;0.9952;0;26.139;26.139;17.589;0.0488;924.56;1076.4;1;0.0165;0.0165;0;0;0;0;0;0;0.9787;0.8907;0;17.523;20.291;15.683;18.16;98.344;98.344;9.0069;8.3924;7.5112;0.6145;0.8811;0.0682;0.0978;0.8339;93.536;0.7955;0
28/06/21 12:00;31.204;7.9087;57.908;77.202;12.798;90;12.798;299.99;235.9;64.095;9.8498;2.3199;0;65.728;211.17;22.639;0;0.5217;300.05;0;300.05;65.728;22.639;211.17;0.5217;0.2191;0.7055;0;0.0017;297.31;2.7447;0;0;2.3105;0.4342;286.24;10.769;1.9252;0.6631;8.1606;0.0197;297.01;0.2973;0.0657;0.0226;0.2089;0.0001;286.35;63.737;21.953;200.49;0.0677;177.48;152.81;38.425;0.1543;1.4205;20.434;0.1063;21.7;0;1;0;0;1.0002;0.9909;1;1;0.9891;0.1677;0.9637;0.9707;1;0.9609;0.7748;0.999;0.999;1;0.999;0.999;0.954;0.9494;0.1298;0.8539;0.8602;0.0052;0.014;-0.0036;0.0059;0.021;0.0038;0;0;0.088;0.6934;0;0;0;0;0;0;0;0;0;0;0;0;0.0169;0.002;0.795;0.795;0;23.822;23.822;13.973;0.0488;735.82;1080.4;1;0.0135;0.0135;0;0;0;0;0;0;0.7814;0.6934;0;17.507;20.273;15.271;17.684;98.299;98.299;7.2013;6.704;5.8478;0.4973;0.8562;0.0691;0.1189;0.8121;127.56;0.7727;0
28/06/21 13:00;27.89;23.294;54.272;53.233;36.767;90;36.767;521.2;86.003;435.2;10.95;1.96;0;543.27;22.943;75.556;0;7.2575;649.02;0;649.02;543.27;75.556;22.943;7.2575;0.8371;0.0465;0;0.0112;641.05;7.9706;0;0;1.403;6.5676;627.72;12.693;10.458;1.4544;0.6948;0.0863;640.41;0.6411;0.5433;0.0756;0.0215;0.0007;629.75;532.27;74.026;20.824;0.6029;257.73;221.9;58.407;0.7017;1.9244;27.682;2.0271;28.905;0;1;0;0;1.2452;0.9877;1;1;0.9389;0.0951;0.9802;0.9807;1;0.9677;0.8747;0.999;0.999;1;0.999;0.999;0.9672;0.9076;0.0831;1.8471;1.8572;0.0112;0.001;0.1102;0.0121;0.0431;0.0049;0;0;0.088;1.5175;0;0;0;0;0;0;0;0;0;0;0;0;0.0347;0.0083;1.6317;1.6317;0;41.925;41.925;30.975;0.0493;1597.7;1021.3;1;0.0262;0.0262;0;0;0;0;0;0;1.6055;1.5175;0;16.613;19.238;15.451;17.891;98.396;98.396;15.577;13.76;12.798;1.8162;0.9628;0.1166;0.0618;0.8216;15.909;0.7962;0
28/06/21 14:00;21.723;36.881;47.995;33.578;56.422;90;56.422;372.8;83.602;289.2;12.6;1.3599;0;522.89;26.548;89.345;0;11.663;650.45;0;650.45;522.89;89.345;26.548;11.663;0.8039;0.0587;0;0.0179;636.47;13.978;0;0;3.0528;10.925;627.92;7.9153;6.0388;1.0318;0.808;0.0366;635.83;0.6365;0.5229;0.0893;0.0235;0.0007;630.14;516.33;88.224;22.664;0.7004;109.59;94.357;24.389;3.5691;1.0599;15.247;2.2218;12.737;0;1;0;0;1.7448;0.9785;1;1;0.885;0.0633;0.9876;0.9884;1;0.9656;0.9504;0.999;0.999;1;0.999;0.999;0.9654;0.8537;0.0601;1.8511;1.8334;0.011;0.0012;0.12;0.0119;0.0422;0.0027;0;0;0.088;1.4888;0;0;0;0;0;0;0;0;0;0;0;0;0.034;0.0081;1.6023;1.6023;0;43.628;43.628;31.028;0.0494;1578.5;1015.1;1;0.0255;0.0255;0;0;0;0;0;0;1.5768;1.4888;0;16.277;18.849;15.124;17.514;98.409;98.409;15.611;13.512;12.555;2.0988;0.9571;0.1344;0.0613;0.8042;22.182;0.7904;0
28/06/21 15:00;13.4;48.409;55.802;17.668;29.731;90;29.731;188.9;108.3;80.599;13.07;0.98;0;195.48;74.555;69.101;0;1.7406;340.87;0;340.87;195.48;69.101;74.555;1.7406;0.5735;0.2238;0;0.0051;336.09;4.7844;0;0;3.2608;1.5237;327.33;8.4194;4.4753;1.582;2.3231;0.0389;335.75;0.3361;0.1955;0.0691;0.0713;0.0002;327.56;190.8;67.45;68.9;0.1778;49.584;42.692;11.152;1.0946;0.4381;6.3021;0.2274;5.6456;0;1;0;0;1.8045;0.986;1;1;0.9563;0.1246;0.9749;0.9771;1;0.9674;0.8205;0.999;0.999;1;0.999;0.999;0.9603;0.9241;0.1022;0.9701;0.9498;0.0057;0.0129;0.0139;0.0064;0.0228;0.0012;0;0;0.088;0.7639;0;0;0;0;0;0;0;0;0;0;0;0;0.0183;0.0024;0.8662;0.8662;0;29.104;29.104;16.034;0.049;815.11;1062.7;1;0.0143;0.0143;0;0;0;0;0;0;0.8519;0.7639;0;16.792;19.445;14.808;17.148;98.345;98.345;8.181;7.305;6.4419;0.876;0.863;0.1071;0.1055;0.7874;49.049;0.7767;0
28/06/21 16:00;4.4257;57.413;79.214;5.2483;7.5692;90;7.5692;28.794;28.197;0.5966;11.92;1.16;0;1.4468;27.91;0.3999;0;0.0176;29.775;0;29.775;1.4468;0.3999;27.91;0.0176;0.0486;0.938;0;0.0006;29.633;0.1421;0;0;0.1275;0.0146;27.886;1.7171;0.425;0.1175;1.1739;0.0007;29.603;0.0296;0.0014;0.0004;0.0278;0;27.888;1.0204;0.282;26.581;0.0023;16.646;14.333;3.5249;0.0026;0.1376;1.9795;0.0022;2.1145;0;1;0;0;1.0341;0.9952;1;1;0.9954;0.1674;0.942;0.706;1;0.9577;0.7755;0.999;0.999;1;0.999;0.999;0.9366;0.9524;0.1297;0.0847;0.0838;0.0005;0.0102;-0.0036;0.0005;0.0019;0.0003;0;0;0.088;-0.0196;0;0;0;0;0;0;0;0;0;0;0;0;0.0015;0.0001;0.0723;0.0723;0;13.303;13.303;1.3831;0.0496;69.903;1033.7;1;0.0039;0.0039;0;0;0;0;0;0;0.0684;-0.0196;0;16.036;18.57;-4.3533;-5.041;94.64;94.64;0.7146;0.6094;-0.1654;0.1052;0.7748;0.1473;1.0842;0;16.643;0;0
28/06/21 17:00;0;0;90;0;0;90;0;0;0;0;8.9198;1.3699;0;0;0;0;0;0;0;0;0;0;0;0;0;1;1;1;1;0;0;0;0;0;0;0;0;0;0;0;0;0;0;0;0;0;0;0;0;0;0;0;0;0;0;0;0;0;0;0;0;0;0;0;1;1;1;1;1;1;1;1;1;1;1;1;1;1;1;1;1;1;1;0;0;0;0;0;0;0;0;0;0.0004;0.088;-0.0884;0;0;0;0;0;0;0;0;0;0;0;0;0;0;0;0;0;0;0;-8.9198;0;0;0;0;0.0004;0;0;0;0;0;0;0;-0.0004;-0.0884;0;0;0;0;0;0;0;0;0;-0.7452;0;0.7452;1;1;0;0;0;0
28/06/21 18:00;0;0;90;0;0;90;0;0;0;0;6.6303;1.62;0;0;0;0;0;0;0;0;0;0;0;0;0;1;1;1;1;0;0;0;0;0;0;0;0;0;0;0;0;0;0;0;0;0;0;0;0;0;0;0;0;0;0;0;0;0;0;0;0;0;0;0;1;1;1;1;1;1;1;1;1;1;1;1;1;1;1;1;1;1;1;0;0;0;0;0;0;0;0;0;0.0004;0.088;-0.0884;0;0;0;0;0;0;0;0;0;0;0;0;0;0;0;0;0;0;0;-6.6303;0;0;0;0;0.0004;0;0;0;0;0;0;0;-0.0004;-0.0884;0;0;0;0;0;0;0;0;0;-0.7452;0;0.7452;1;1;0;0;0;0
28/06/21 19:00;0;0;90;0;0;90;0;0;0;0;5.1997;1.94;0;0;0;0;0;0;0;0;0;0;0;0;0;1;1;1;1;0;0;0;0;0;0;0;0;0;0;0;0;0;0;0;0;0;0;0;0;0;0;0;0;0;0;0;0;0;0;0;0;0;0;0;1;1;1;1;1;1;1;1;1;1;1;1;1;1;1;1;1;1;1;0;0;0;0;0;0;0;0;0;0.0004;0.088;-0.0884;0;0;0;0;0;0;0;0;0;0;0;0;0;0;0;0;0;0;0;-5.1997;0;0;0;0;0.0004;0;0;0;0;0;0;0;-0.0004;-0.0884;0;0;0;0;0;0;0;0;0;-0.7452;0;0.7452;1;1;0;0;0;0
28/06/21 20:00;0;0;90;0;0;90;0;0;0;0;4.17;2.3099;0;0;0;0;0;0;0;0;0;0;0;0;0;1;1;1;1;0;0;0;0;0;0;0;0;0;0;0;0;0;0;0;0;0;0;0;0;0;0;0;0;0;0;0;0;0;0;0;0;0;0;0;1;1;1;1;1;1;1;1;1;1;1;1;1;1;1;1;1;1;1;0;0;0;0;0;0;0;0;0;0.0004;0.088;-0.0884;0;0;0;0;0;0;0;0;0;0;0;0;0;0;0;0;0;0;0;-4.17;0;0;0;0;0.0004;0;0;0;0;0;0;0;-0.0004;-0.0884;0;0;0;0;0;0;0;0;0;-0.7452;0;0.7452;1;1;0;0;0;0
28/06/21 21:00;0;0;90;0;0;90;0;0;0;0;4.6699;2.67;0;0;0;0;0;0;0;0;0;0;0;0;0;1;1;1;1;0;0;0;0;0;0;0;0;0;0;0;0;0;0;0;0;0;0;0;0;0;0;0;0;0;0;0;0;0;0;0;0;0;0;0;1;1;1;1;1;1;1;1;1;1;1;1;1;1;1;1;1;1;1;0;0;0;0;0;0;0;0;0;0.0004;0.088;-0.0884;0;0;0;0;0;0;0;0;0;0;0;0;0;0;0;0;0;0;0;-4.6699;0;0;0;0;0.0004;0;0;0;0;0;0;0;-0.0004;-0.0884;0;0;0;0;0;0;0;0;0;-0.7452;0;0.7452;1;1;0;0;0;0
28/06/21 22:00;0;0;90;0;0;90;0;0;0;0;5.8997;3.05;0;0;0;0;0;0;0;0;0;0;0;0;0;1;1;1;1;0;0;0;0;0;0;0;0;0;0;0;0;0;0;0;0;0;0;0;0;0;0;0;0;0;0;0;0;0;0;0;0;0;0;0;1;1;1;1;1;1;1;1;1;1;1;1;1;1;1;1;1;1;1;0;0;0;0;0;0;0;0;0;0.0004;0.088;-0.0884;0;0;0;0;0;0;0;0;0;0;0;0;0;0;0;0;0;0;0;-5.8997;0;0;0;0;0.0004;0;0;0;0;0;0;0;-0.0004;-0.0884;0;0;0;0;0;0;0;0;0;-0.7452;0;0.7452;1;1;0;0;0;0
28/06/21 23:00;0;0;90;0;0;90;0;0;0;0;5.4397;3.2601;0;0;0;0;0;0;0;0;0;0;0;0;0;1;1;1;1;0;0;0;0;0;0;0;0;0;0;0;0;0;0;0;0;0;0;0;0;0;0;0;0;0;0;0;0;0;0;0;0;0;0;0;1;1;1;1;1;1;1;1;1;1;1;1;1;1;1;1;1;1;1;0;0;0;0;0;0;0;0;0;0.0004;0.088;-0.0884;0;0;0;0;0;0;0;0;0;0;0;0;0;0;0;0;0;0;0;-5.4397;0;0;0;0;0.0004;0;0;0;0;0;0;0;-0.0004;-0.0884;0;0;0;0;0;0;0;0;0;-0.7452;0;0.7452;1;1;0;0;0;0
29/06/21 00:00;0;0;90;0;0;90;0;0;0;0;5.3998;3.46;0;0;0;0;0;0;0;0;0;0;0;0;0;1;1;1;1;0;0;0;0;0;0;0;0;0;0;0;0;0;0;0;0;0;0;0;0;0;0;0;0;0;0;0;0;0;0;0;0;0;0;0;1;1;1;1;1;1;1;1;1;1;1;1;1;1;1;1;1;1;1;0;0;0;0;0;0;0;0;0;0.0004;0.088;-0.0884;0;0;0;0;0;0;0;0;0;0;0;0;0;0;0;0;0;0;0;-5.3998;0;0;0;0;0.0004;0;0;0;0;0;0;0;-0.0004;-0.0884;0;0;0;0;0;0;0;0;0;-0.7452;0;0.7452;1;1;0;0;0;0
29/06/21 01:00;0;0;90;0;0;90;0;0;0;0;4.7497;3.88;0;0;0;0;0;0;0;0;0;0;0;0;0;1;1;1;1;0;0;0;0;0;0;0;0;0;0;0;0;0;0;0;0;0;0;0;0;0;0;0;0;0;0;0;0;0;0;0;0;0;0;0;1;1;1;1;1;1;1;1;1;1;1;1;1;1;1;1;1;1;1;0;0;0;0;0;0;0;0;0;0.0004;0.088;-0.0884;0;0;0;0;0;0;0;0;0;0;0;0;0;0;0;0;0;0;0;-4.7497;0;0;0;0;0.0004;0;0;0;0;0;0;0;-0.0004;-0.0884;0;0;0;0;0;0;0;0;0;-0.7452;0;0.7452;1;1;0;0;0;0
29/06/21 02:00;0;0;90;0;0;90;0;0;0;0;6.6901;4.43;0;0;0;0;0;0;0;0;0;0;0;0;0;1;1;1;1;0;0;0;0;0;0;0;0;0;0;0;0;0;0;0;0;0;0;0;0;0;0;0;0;0;0;0;0;0;0;0;0;0;0;0;1;1;1;1;1;1;1;1;1;1;1;1;1;1;1;1;1;1;1;0;0;0;0;0;0;0;0;0;0.0004;0.088;-0.0884;0;0;0;0;0;0;0;0;0;0;0;0;0;0;0;0;0;0;0;-6.6901;0;0;0;0;0.0004;0;0;0;0;0;0;0;-0.0004;-0.0884;0;0;0;0;0;0;0;0;0;-0.7452;0;0.7452;1;1;0;0;0;0
29/06/21 03:00;0;0;90;0;0;90;0;0;0;0;5.7302;4.73;0;0;0;0;0;0;0;0;0;0;0;0;0;1;1;1;1;0;0;0;0;0;0;0;0;0;0;0;0;0;0;0;0;0;0;0;0;0;0;0;0;0;0;0;0;0;0;0;0;0;0;0;1;1;1;1;1;1;1;1;1;1;1;1;1;1;1;1;1;1;1;0;0;0;0;0;0;0;0;0;0.0004;0.088;-0.0884;0;0;0;0;0;0;0;0;0;0;0;0;0;0;0;0;0;0;0;-5.7302;0;0;0;0;0.0004;0;0;0;0;0;0;0;-0.0004;-0.0884;0;0;0;0;0;0;0;0;0;-0.7452;0;0.7452;1;1;0;0;0;0
29/06/21 04:00;0;0;90;0;0;90;0;0;0;0;5.4098;4.75;0;0;0;0;0;0;0;0;0;0;0;0;0;1;1;1;1;0;0;0;0;0;0;0;0;0;0;0;0;0;0;0;0;0;0;0;0;0;0;0;0;0;0;0;0;0;0;0;0;0;0;0;1;1;1;1;1;1;1;1;1;1;1;1;1;1;1;1;1;1;1;0;0;0;0;0;0;0;0;0;0.0004;0.088;-0.0884;0;0;0;0;0;0;0;0;0;0;0;0;0;0;0;0;0;0;0;-5.4098;0;0;0;0;0.0004;0;0;0;0;0;0;0;-0.0004;-0.0884;0;0;0;0;0;0;0;0;0;-0.7452;0;0.7452;1;1;0;0;0;0
29/06/21 05:00;0;0;90;0;0;90;0;0;0;0;5.8997;4.66;0;0;0;0;0;0;0;0;0;0;0;0;0;1;1;1;1;0;0;0;0;0;0;0;0;0;0;0;0;0;0;0;0;0;0;0;0;0;0;0;0;0;0;0;0;0;0;0;0;0;0;0;1;1;1;1;1;1;1;1;1;1;1;1;1;1;1;1;1;1;1;0;0;0;0;0;0;0;0;0;0.0004;0.088;-0.0884;0;0;0;0;0;0;0;0;0;0;0;0;0;0;0;0;0;0;0;-5.8997;0;0;0;0;0.0004;0;0;0;0;0;0;0;-0.0004;-0.0884;0;0;0;0;0;0;0;0;0;-0.7452;0;0.7452;1;1;0;0;0;0
29/06/21 06:00;0;0;90;0;0;90;0;0;0;0;5.7003;4.5;0;0;0;0;0;0;0;0;0;0;0;0;0;1;1;1;1;0;0;0;0;0;0;0;0;0;0;0;0;0;0;0;0;0;0;0;0;0;0;0;0;0;0;0;0;0;0;0;0;0;0;0;1;1;1;1;1;1;1;1;1;1;1;1;1;1;1;1;1;1;1;0;0;0;0;0;0;0;0;0;0.0004;0.088;-0.0884;0;0;0;0;0;0;0;0;0;0;0;0;0;0;0;0;0;0;0;-5.7003;0;0;0;0;0.0004;0;0;0;0;0;0;0;-0.0004;-0.0884;0;0;0;0;0;0;0;0;0;-0.7452;0;0.7452;1;1;0;0;0;0
29/06/21 07:00;4.4064;-57.502;79.261;5.2203;7.5278;-90;-7.5278;38.698;24.898;13.8;5.2403;4.89;0;33.469;21.422;8.2047;0;0.0233;63.119;0;63.119;33.469;8.2047;21.422;0.0233;0.5302;0.3398;0;0.0004;63.003;0.1159;0;0;0.0965;0.0194;49.731;13.209;9.8838;2.423;0.9016;0.0009;62.94;0.063;0.0335;0.0082;0.0213;0;49.733;23.551;5.7735;20.403;0.0031;12.857;11.07;2.6892;0.0019;0.1084;1.56;0.0017;1.6665;0;1;0;0;1.6311;0.9982;1;1;0.9955;0.1687;0.7901;0.7044;1;0.9577;0.776;0.999;0.999;1;0.999;0.999;0.7879;0.9524;0.1308;0.1796;0.1454;0.0009;0.0131;-0.0092;0.001;0.0035;0.0003;0;0;0.088;0.039;0;0;0;0;0;0;0;0;0;0;0;0;0.0028;0.0001;0.1329;0.1329;0;7.676;7.676;2.4358;0.049;122.7;1083.5;1;0.006;0.006;0;0;0;0;0;0;0.127;0.039;0;13.919;16.117;4.0811;4.7258;95.512;95.512;1.5149;1.1212;0.3287;0.3937;0.7924;0.2599;0.5231;0.217;12.773;0.2131;0
29/06/21 08:00;13.238;-48.678;56.263;17.393;29.073;-90;-29.073;157.51;66.899;90.609;7.6002;5.39;0;219.75;43.922;48.564;0;1.3892;313.63;0;313.63;219.75;48.564;43.922;1.3892;0.7007;0.1445;0;0.0044;310.57;3.0544;0;0;1.8479;1.2065;302.37;7.8875;5.3072;1.1729;1.3744;0.033;310.26;0.3106;0.2198;0.0486;0.0421;0.0002;302.51;214.23;47.342;40.657;0.1495;29.309;25.235;6.3509;0.5967;0.2714;3.9034;0.1369;3.578;0;1;0;0;1.9912;0.9903;1;1;0.9579;0.1315;0.9746;0.9758;1;0.9673;0.8192;0.999;0.999;1;0.999;0.999;0.9641;0.9257;0.1076;0.8926;0.8733;0.0053;0.0139;-0.0082;0.006;0.0214;0.0007;0;0;0.088;0.713;0;0;0;0;0;0;0;0;0;0;0;0;0.0172;0.0021;0.8149;0.8149;0;22.337;22.337;14.736;0.0487;748.43;1088.8;1;0.0139;0.0139;0;0;0;0;0;0;0.801;0.713;0;17.17;19.882;15.023;17.396;98.293;98.293;7.527;6.8722;6.0128;0.6548;0.8594;0.087;0.1142;0.7988;28.767;0.7915;0
29/06/21 09:00;21.606;-37.187;47.791;33.235;56.765;-90;-56.765;336.8;63.998;272.8;10.26;5.15;0;497.74;21.775;65.442;0;10.655;595.61;0;595.61;497.74;65.442;21.775;10.655;0.8357;0.0544;0;0.0179;583.17;12.447;0;0;2.5174;9.9292;575.45;7.1363;5.689;0.748;0.6639;0.0354;582.58;0.5832;0.4977;0.0654;0.0193;0.0007;577.46;491.56;64.629;18.574;0.6892;95.856;82.532;21.07;2.9911;0.9356;13.459;2.0095;11.403;0;1;0;0;1.7685;0.9791;1;1;0.8844;0.0681;0.9878;0.9886;1;0.9655;0.9511;0.999;0.999;1;0.999;0.999;0.9661;0.853;0.0647;1.6951;1.6791;0.0101;0.0029;0.0801;0.0111;0.0394;0.0024;0;0;0.088;1.3828;0;0;0;0;0;0;0;0;0;0;0;0;0.0317;0.0069;1.4945;1.4945;0;38.586;38.586;28.326;0.0492;1445.8;1033.7;1;0.0238;0.0238;0;0;0;0;0;0;1.4708;1.3828;0;16.581;19.2;15.341;17.765;98.41;98.41;14.295;12.604;11.661;1.6911;0.9425;0.1183;0.0659;0.8158;18.268;0.8022;0
29/06/21 10:00;27.833;-23.636;54.108;52.788;37.212;-90;-37.212;453.5;79.497;374;11.8;4.74;0;469.61;28.137;60.486;0;6.463;564.69;0;564.69;469.61;60.486;28.137;6.463;0.8316;0.0613;0;0.0114;557.12;7.5784;0;0;1.7475;5.8309;545.61;10.948;8.878;1.1435;0.8516;0.0746;556.56;0.5571;0.4696;0.0605;0.0264;0.0006;547.43;460.26;59.282;25.511;0.5569;224.25;193.08;50.847;0.8961;1.6913;24.328;1.816;25.124;0;1;0;0;1.2452;0.9866;1;1;0.9379;0.0978;0.9803;0.9811;1;0.9677;0.8819;0.999;0.999;1;0.999;0.999;0.9662;0.9067;0.0862;1.6071;1.615;0.0097;0.0037;0.0776;0.0107;0.0378;0.0044;0;0;0.088;1.3237;0;0;0;0;0;0;0;0;0;0;0;0;0.0305;0.0064;1.4343;1.4343;0;38.665;38.665;26.865;0.0492;1389.6;1032.1;1;0.0226;0.0226;0;0;0;0;0;0;1.4117;1.3237;0;16.783;19.435;15.49;17.937;98.426;98.426;13.553;12.095;11.163;1.4574;0.9325;0.1075;0.0688;0.8237;19.58;0.7979;0
29/06/21 11:00;31.219;-8.268;57.812;76.652;13.348;-90;-13.348;512.9;91.298;421.6;13.45;4.0799;0;433.31;34.646;57.737;0;0.9698;526.66;0;526.66;433.31;57.737;34.646;0.9698;0.8227;0.0676;0;0.0018;525.45;1.2105;0;0;0.4054;0.8051;509.34;15.583;12.549;1.6721;1.3259;0.0369;524.92;0.5254;0.4333;0.0577;0.0342;0.0002;509.55;420.33;56.007;32.88;0.1276;297.27;255.95;66.771;0.0297;2.2078;31.758;0.2067;33.936;0;1;0;0;1.0268;0.9977;1;1;0.9883;0.1698;0.9703;0.971;1;0.9612;0.7757;0.999;0.999;1;0.999;0.999;0.9671;0.949;0.1316;1.4988;1.5215;0.0092;0.0049;0.0725;0.01;0.0356;0.0057;0;0;0.088;1.24;0;0;0;0;0;0;0;0;0;0;0;0;0.0287;0.0057;1.3491;1.3491;0;38.534;38.534;25.084;0.0492;1308.5;1031.1;1;0.0211;0.0211;0;0;0;0;0;0;1.328;1.24;0;16.928;19.602;15.558;18.016;98.434;98.434;12.64;11.377;10.457;1.2624;0.9203;0.0999;0.0728;0.8273;20.966;0.7916;0
29/06/21 12:00;31.263;7.8648;57.861;77.298;12.702;90;12.702;513;98.602;414.4;14.2;3.4201;0;424.79;38.564;61.054;0;0.8788;525.29;0;525.29;424.79;61.054;38.564;0.8788;0.8087;0.0751;0;0.0017;524.14;1.148;0;0;0.4166;0.7314;507.94;15.678;12.373;1.7784;1.4929;0.0332;523.62;0.5241;0.4248;0.0611;0.0381;0.0001;508.12;411.99;59.215;36.616;0.1141;297.9;256.49;66.857;0.0276;2.216;31.876;0.1838;34.064;0;1;0;0;1.024;0.9978;1;1;0.9892;0.1677;0.9701;0.9708;1;0.9608;0.7747;0.999;0.999;1;0.999;0.999;0.967;0.9495;0.1298;1.4949;1.5176;0.0091;0.0049;0.0761;0.01;0.0354;0.0057;0;0;0.088;1.2331;0;0;0;0;0;0;0;0;0;0;0;0;0.0285;0.0057;1.3421;1.3421;0;39.229;39.229;25.029;0.0493;1305.3;1028.2;1;0.021;0.021;0;0;0;0;0;0;1.3211;1.2331;0;16.883;19.55;15.512;17.963;98.437;98.437;12.607;11.318;10.399;1.2888;0.919;0.1022;0.0729;0.8249;23.289;0.789;0
29/06/21 13:00;27.956;23.269;54.239;53.338;36.662;90;36.662;455.9;103.3;352.6;15.09;2.8799;0;439.56;40.12;73.268;0;6.3132;559.26;0;559.26;439.56;73.268;40.12;6.3132;0.786;0.083;0;0.0113;551.11;8.1528;0;0;2.4424;5.7104;539.43;11.127;8.4304;1.4052;1.2154;0.076;550.55;0.5511;0.4396;0.0733;0.0377;0.0006;541.21;430.69;71.789;36.425;0.5262;228.76;196.96;51.894;1.2135;1.743;25.073;1.7828;25.602;0;1;0;0;1.2267;0.9854;1;1;0.9391;0.0955;0.9798;0.9808;1;0.9677;0.8738;0.999;0.999;1;0.999;0.999;0.9645;0.9079;0.0833;1.5916;1.5987;0.0096;0.0039;0.0942;0.0104;0.037;0.0044;0;0;0.088;1.2932;0;0;0;0;0;0;0;0;0;0;0;0;0.0298;0.0063;1.403;1.403;0;41.719;41.719;26.628;0.0494;1375.9;1019.7;1;0.0218;0.0218;0;0;0;0;0;0;1.3812;1.2932;0;16.577;19.196;15.28;17.694;98.449;98.449;13.422;11.832;10.906;1.5906;0.9256;0.1185;0.069;0.8125;27.796;0.7862;0
29/06/21 14:00;21.792;36.871;47.972;33.676;56.324;90;56.324;342.21;112.1;230.11;15.3;2.2301;0;414.98;46.275;94.792;0;10.672;566.72;0;566.72;414.98;94.792;46.275;10.672;0.7323;0.1005;0;0.0188;551.42;15.304;0;0;5.3077;9.9967;543.54;7.3217;4.7871;1.0935;1.408;0.0332;550.86;0.5514;0.415;0.0948;0.041;0.0007;545.88;409.78;93.603;39.518;0.6411;112.13;96.545;24.991;6.1803;1.2465;17.93;2.3373;12.996;0;1;0;0;1.6561;0.973;1;1;0.8853;0.0632;0.9867;0.9885;1;0.9656;0.9507;0.999;0.999;1;0.999;0.999;0.9591;0.854;0.0601;1.6128;1.5977;0.0096;0.0039;0.0965;0.0104;0.0369;0.0032;0;0;0.088;1.2914;0;0;0;0;0;0;0;0;0;0;0;0;0.0297;0.0063;1.4011;1.4011;0;42.14;42.14;26.84;0.0494;1375.7;1018.5;1;0.0217;0.0217;0;0;0;0;0;0;1.3794;1.2914;0;16.337;18.918;15.058;17.437;98.451;98.451;13.601;11.816;10.891;1.7853;0.9251;0.1313;0.068;0.8007;38.622;0.7822;0
29/06/21 15:00;13.47;48.412;55.603;17.757;29.946;90;29.946;189.19;109.1;80.094;14.99;1.81;0;194.25;75.332;68.825;0;1.768;340.18;0;340.18;194.25;68.825;75.332;1.768;0.571;0.2266;0;0.0052;335.29;4.8821;0;0;3.3328;1.5493;326.69;8.2697;4.3463;1.5399;2.3445;0.0389;334.96;0.3353;0.1943;0.0688;0.072;0.0002;326.92;189.71;67.216;69.583;0.1796;50.165;43.192;11.291;1.134;0.4444;6.3928;0.234;5.7033;0;1;0;0;1.798;0.9856;1;1;0.9558;0.1237;0.9753;0.9776;1;0.9674;0.8218;0.999;0.999;1;0.999;0.999;0.9604;0.9237;0.1016;0.9681;0.9482;0.0057;0.0129;0.0203;0.0064;0.0226;0.0012;0;0;0.088;0.7564;0;0;0;0;0;0;0;0;0;0;0;0;0.0182;0.0024;0.8585;0.8585;0;31.018;31.018;16.028;0.0491;814.22;1054.4;1;0.0141;0.0141;0;0;0;0;0;0;0.8444;0.7564;0;16.677;19.312;14.693;17.014;98.356;98.356;8.1642;7.24;6.3789;0.9242;0.8612;0.1132;0.1055;0.7813;49.634;0.7705;0
29/06/21 16:00;4.4946;57.424;79.044;5.3293;7.6888;90;7.6888;12.697;12.599;0.0988;13.63;2.1699;0;0.2396;12.53;0.0291;0;0.008;12.807;0;12.807;0.2396;0.0291;12.53;0.008;0.0187;0.979;0;0.0006;12.741;0.0654;0;0;0.0587;0.0067;12.125;0.6039;0.0691;0.0084;0.5261;0.0003;12.729;0.0127;0.0002;0;0.0125;0;12.126;0.1703;0.0207;11.933;0.001;7.4738;6.4349;1.5826;0.0012;0.0618;0.8888;0.0011;0.9493;0;1;0;0;1.0086;0.9949;1;1;0.9953;0.1674;0.9526;0.7115;1;0.9578;0.7755;0.999;0.999;1;0.999;0.999;0.9467;0.9523;0.1297;0.0364;0.0365;0.0002;0.0067;-0.0014;0.0002;0.0008;0.0001;0;0;0.088;-0.0614;0;0;0;0;0;0;0;0;0;0;0;0;0.0006;0;0.0292;0.0292;0;14.241;14.241;0.6107;0.0504;29.458;991.14;1;0.0026;0.0026;0;0;0;0;0;0;0.0266;-0.0614;0;15.065;17.445;-31.703;-36.712;90.955;90.955;0.3074;0.2462;-0.5182;0.0611;0.7644;0.1989;2.4869;0;7.4733;0;0
29/06/21 17:00;0;0;90;0;0;90;0;0;0;0;10.59;2.6;0;0;0;0;0;0;0;0;0;0;0;0;0;1;1;1;1;0;0;0;0;0;0;0;0;0;0;0;0;0;0;0;0;0;0;0;0;0;0;0;0;0;0;0;0;0;0;0;0;0;0;0;1;1;1;1;1;1;1;1;1;1;1;1;1;1;1;1;1;1;1;0;0;0;0;0;0;0;0;0;0.0004;0.088;-0.0884;0;0;0;0;0;0;0;0;0;0;0;0;0;0;0;0;0;0;0;-10.59;0;0;0;0;0.0004;0;0;0;0;0;0;0;-0.0004;-0.0884;0;0;0;0;0;0;0;0;0;-0.7452;0;0.7452;1;1;0;0;0;0
29/06/21 18:00;0;0;90;0;0;90;0;0;0;0;9.4197;3.06;0;0;0;0;0;0;0;0;0;0;0;0;0;1;1;1;1;0;0;0;0;0;0;0;0;0;0;0;0;0;0;0;0;0;0;0;0;0;0;0;0;0;0;0;0;0;0;0;0;0;0;0;1;1;1;1;1;1;1;1;1;1;1;1;1;1;1;1;1;1;1;0;0;0;0;0;0;0;0;0;0.0004;0.088;-0.0884;0;0;0;0;0;0;0;0;0;0;0;0;0;0;0;0;0;0;0;-9.4197;0;0;0;0;0.0004;0;0;0;0;0;0;0;-0.0004;-0.0884;0;0;0;0;0;0;0;0;0;-0.7452;0;0.7452;1;1;0;0;0;0
29/06/21 19:00;0;0;90;0;0;90;0;0;0;0;9.2103;3.37;0;0;0;0;0;0;0;0;0;0;0;0;0;1;1;1;1;0;0;0;0;0;0;0;0;0;0;0;0;0;0;0;0;0;0;0;0;0;0;0;0;0;0;0;0;0;0;0;0;0;0;0;1;1;1;1;1;1;1;1;1;1;1;1;1;1;1;1;1;1;1;0;0;0;0;0;0;0;0;0;0.0004;0.088;-0.0884;0;0;0;0;0;0;0;0;0;0;0;0;0;0;0;0;0;0;0;-9.2103;0;0;0;0;0.0004;0;0;0;0;0;0;0;-0.0004;-0.0884;0;0;0;0;0;0;0;0;0;-0.7452;0;0.7452;1;1;0;0;0;0
29/06/21 20:00;0;0;90;0;0;90;0;0;0;0;9.7999;3.5999;0;0;0;0;0;0;0;0;0;0;0;0;0;1;1;1;1;0;0;0;0;0;0;0;0;0;0;0;0;0;0;0;0;0;0;0;0;0;0;0;0;0;0;0;0;0;0;0;0;0;0;0;1;1;1;1;1;1;1;1;1;1;1;1;1;1;1;1;1;1;1;0;0;0;0;0;0;0;0;0;0.0004;0.088;-0.0884;0;0;0;0;0;0;0;0;0;0;0;0;0;0;0;0;0;0;0;-9.7999;0;0;0;0;0.0004;0;0;0;0;0;0;0;-0.0004;-0.0884;0;0;0;0;0;0;0;0;0;-0.7452;0;0.7452;1;1;0;0;0;0
29/06/21 21:00;0;0;90;0;0;90;0;0;0;0;10.33;4.1401;0;0;0;0;0;0;0;0;0;0;0;0;0;1;1;1;1;0;0;0;0;0;0;0;0;0;0;0;0;0;0;0;0;0;0;0;0;0;0;0;0;0;0;0;0;0;0;0;0;0;0;0;1;1;1;1;1;1;1;1;1;1;1;1;1;1;1;1;1;1;1;0;0;0;0;0;0;0;0;0;0.0004;0.088;-0.0884;0;0;0;0;0;0;0;0;0;0;0;0;0;0;0;0;0;0;0;-10.33;0;0;0;0;0.0004;0;0;0;0;0;0;0;-0.0004;-0.0884;0;0;0;0;0;0;0;0;0;-0.7452;0;0.7452;1;1;0;0;0;0
29/06/21 22:00;0;0;90;0;0;90;0;0;0;0;11.04;4.74;0;0;0;0;0;0;0;0;0;0;0;0;0;1;1;1;1;0;0;0;0;0;0;0;0;0;0;0;0;0;0;0;0;0;0;0;0;0;0;0;0;0;0;0;0;0;0;0;0;0;0;0;1;1;1;1;1;1;1;1;1;1;1;1;1;1;1;1;1;1;1;0;0;0;0;0;0;0;0;0;0.0004;0.088;-0.0884;0;0;0;0;0;0;0;0;0;0;0;0;0;0;0;0;0;0;0;-11.04;0;0;0;0;0.0004;0;0;0;0;0;0;0;-0.0004;-0.0884;0;0;0;0;0;0;0;0;0;-0.7452;0;0.7452;1;1;0;0;0;0
29/06/21 23:00;0;0;90;0;0;90;0;0;0;0;10.2;5.0299;0;0;0;0;0;0;0;0;0;0;0;0;0;1;1;1;1;0;0;0;0;0;0;0;0;0;0;0;0;0;0;0;0;0;0;0;0;0;0;0;0;0;0;0;0;0;0;0;0;0;0;0;1;1;1;1;1;1;1;1;1;1;1;1;1;1;1;1;1;1;1;0;0;0;0;0;0;0;0;0;0.0004;0.088;-0.0884;0;0;0;0;0;0;0;0;0;0;0;0;0;0;0;0;0;0;0;-10.2;0;0;0;0;0.0004;0;0;0;0;0;0;0;-0.0004;-0.0884;0;0;0;0;0;0;0;0;0;-0.7452;0;0.7452;1;1;0;0;0;0
30/06/21 00:00;0;0;90;0;0;90;0;0;0;0;9.2103;5.0001;0;0;0;0;0;0;0;0;0;0;0;0;0;1;1;1;1;0;0;0;0;0;0;0;0;0;0;0;0;0;0;0;0;0;0;0;0;0;0;0;0;0;0;0;0;0;0;0;0;0;0;0;1;1;1;1;1;1;1;1;1;1;1;1;1;1;1;1;1;1;1;0;0;0;0;0;0;0;0;0;0.0004;0.088;-0.0884;0;0;0;0;0;0;0;0;0;0;0;0;0;0;0;0;0;0;0;-9.2103;0;0;0;0;0.0004;0;0;0;0;0;0;0;-0.0004;-0.0884;0;0;0;0;0;0;0;0;0;-0.7452;0;0.7452;1;1;0;0;0;0
30/06/21 01:00;0;0;90;0;0;90;0;0;0;0;8.9098;4.51;0;0;0;0;0;0;0;0;0;0;0;0;0;1;1;1;1;0;0;0;0;0;0;0;0;0;0;0;0;0;0;0;0;0;0;0;0;0;0;0;0;0;0;0;0;0;0;0;0;0;0;0;1;1;1;1;1;1;1;1;1;1;1;1;1;1;1;1;1;1;1;0;0;0;0;0;0;0;0;0;0.0004;0.088;-0.0884;0;0;0;0;0;0;0;0;0;0;0;0;0;0;0;0;0;0;0;-8.9098;0;0;0;0;0.0004;0;0;0;0;0;0;0;-0.0004;-0.0884;0;0;0;0;0;0;0;0;0;-0.7452;0;0.7452;1;1;0;0;0;0
30/06/21 02:00;0;0;90;0;0;90;0;0;0;0;7.3303;4.57;0;0;0;0;0;0;0;0;0;0;0;0;0;1;1;1;1;0;0;0;0;0;0;0;0;0;0;0;0;0;0;0;0;0;0;0;0;0;0;0;0;0;0;0;0;0;0;0;0;0;0;0;1;1;1;1;1;1;1;1;1;1;1;1;1;1;1;1;1;1;1;0;0;0;0;0;0;0;0;0;0.0004;0.088;-0.0884;0;0;0;0;0;0;0;0;0;0;0;0;0;0;0;0;0;0;0;-7.3303;0;0;0;0;0.0004;0;0;0;0;0;0;0;-0.0004;-0.0884;0;0;0;0;0;0;0;0;0;-0.7452;0;0.7452;1;1;0;0;0;0
30/06/21 03:00;0;0;90;0;0;90;0;0;0;0;8.1101;4.66;0;0;0;0;0;0;0;0;0;0;0;0;0;1;1;1;1;0;0;0;0;0;0;0;0;0;0;0;0;0;0;0;0;0;0;0;0;0;0;0;0;0;0;0;0;0;0;0;0;0;0;0;1;1;1;1;1;1;1;1;1;1;1;1;1;1;1;1;1;1;1;0;0;0;0;0;0;0;0;0;0.0004;0.088;-0.0884;0;0;0;0;0;0;0;0;0;0;0;0;0;0;0;0;0;0;0;-8.1101;0;0;0;0;0.0004;0;0;0;0;0;0;0;-0.0004;-0.0884;0;0;0;0;0;0;0;0;0;-0.7452;0;0.7452;1;1;0;0;0;0
30/06/21 04:00;0;0;90;0;0;90;0;0;0;0;10.84;4.8401;0;0;0;0;0;0;0;0;0;0;0;0;0;1;1;1;1;0;0;0;0;0;0;0;0;0;0;0;0;0;0;0;0;0;0;0;0;0;0;0;0;0;0;0;0;0;0;0;0;0;0;0;1;1;1;1;1;1;1;1;1;1;1;1;1;1;1;1;1;1;1;0;0;0;0;0;0;0;0;0;0.0004;0.088;-0.0884;0;0;0;0;0;0;0;0;0;0;0;0;0;0;0;0;0;0;0;-10.84;0;0;0;0;0.0004;0;0;0;0;0;0;0;-0.0004;-0.0884;0;0;0;0;0;0;0;0;0;-0.7452;0;0.7452;1;1;0;0;0;0
30/06/21 05:00;0;0;90;0;0;90;0;0;0;0;8.3301;5.0299;0;0;0;0;0;0;0;0;0;0;0;0;0;1;1;1;1;0;0;0;0;0;0;0;0;0;0;0;0;0;0;0;0;0;0;0;0;0;0;0;0;0;0;0;0;0;0;0;0;0;0;0;1;1;1;1;1;1;1;1;1;1;1;1;1;1;1;1;1;1;1;0;0;0;0;0;0;0;0;0;0.0004;0.088;-0.0884;0;0;0;0;0;0;0;0;0;0;0;0;0;0;0;0;0;0;0;-8.3301;0;0;0;0;0.0004;0;0;0;0;0;0;0;-0.0004;-0.0884;0;0;0;0;0;0;0;0;0;-0.7452;0;0.7452;1;1;0;0;0;0
30/06/21 06:00;0;0;90;0;0;90;0;0;0;0;7.7797;5.36;0;0;0;0;0;0;0;0;0;0;0;0;0;1;1;1;1;0;0;0;0;0;0;0;0;0;0;0;0;0;0;0;0;0;0;0;0;0;0;0;0;0;0;0;0;0;0;0;0;0;0;0;1;1;1;1;1;1;1;1;1;1;1;1;1;1;1;1;1;1;1;0;0;0;0;0;0;0;0;0;0.0004;0.088;-0.0884;0;0;0;0;0;0;0;0;0;0;0;0;0;0;0;0;0;0;0;-7.7797;0;0;0;0;0.0004;0;0;0;0;0;0;0;-0.0004;-0.0884;0;0;0;0;0;0;0;0;0;-0.7452;0;0.7452;1;1;0;0;0;0
30/06/21 07:00;4.4136;-57.577;79.243;5.2245;7.534;-90;-7.534;29.907;25.497;4.4108;7.2;5.3301;0;10.697;24.286;2.6812;0;0.0181;37.683;0;37.683;10.697;2.6812;24.286;0.0181;0.2839;0.645;0;0.0005;37.558;0.1246;0;0;0.1095;0.015;32.555;4.9658;3.1529;0.7902;1.0221;0.0007;37.52;0.0376;0.0107;0.0027;0.0242;0;32.556;7.5338;1.8883;23.13;0.0024;14.507;12.491;3.0749;0.0022;0.1197;1.7224;0.0019;1.8399;0;1;0;0;1.26;0.9967;1;1;0.9955;0.1687;0.8676;0.705;1;0.9577;0.776;0.999;0.999;1;0.999;0.999;0.8639;0.9524;0.1308;0.1072;0.0966;0.0006;0.0109;-0.0057;0.0006;0.0023;0.0003;0;0;0.088;-0.0067;0;0;0;0;0;0;0;0;0;0;0;0;0.0018;0.0001;0.0857;0.0857;0;8.805;8.805;1.605;0.0493;80.845;1060.3;1;0.0044;0.0044;0;0;0;0;0;0;0.0813;-0.0067;0;15.032;17.407;-1.1703;-1.3552;94.873;94.873;0.9044;0.7229;-0.0563;0.1815;0.7792;0.2007;0.8616;0;14.48;0;0
30/06/21 08:00;13.254;-48.753;56.218;17.394;29.076;-90;-29.076;157;67.597;89.403;11.17;5.5099;0;216.83;44.653;48.362;0;1.385;311.23;0;311.23;216.83;48.362;44.653;1.385;0.6967;0.1479;0;0.0045;308.14;3.0819;0;0;1.879;1.2029;300.04;7.8014;5.2094;1.1619;1.3973;0.0329;307.84;0.3081;0.2168;0.0484;0.0428;0.0002;300.17;211.4;47.152;41.334;0.149;29.782;25.642;6.4589;0.6069;0.2754;3.962;0.1389;3.6306;0;1;0;0;1.9823;0.9901;1;1;0.9579;0.1315;0.9747;0.976;1;0.9673;0.8192;0.999;0.999;1;0.999;0.999;0.964;0.9257;0.1076;0.8857;0.8668;0.0052;0.014;0.0026;0.0059;0.021;0.0007;0;0;0.088;0.6969;0;0;0;0;0;0;0;0;0;0;0;0;0.0169;0.0021;0.7984;0.7984;0;25.836;25.836;14.666;0.0489;742.93;1074.7;1;0.0135;0.0135;0;0;0;0;0;0;0.7849;0.6969;0;16.952;19.63;14.797;17.135;98.309;98.309;7.4694;6.7332;5.8772;0.7363;0.856;0.0986;0.1146;0.7868;29.246;0.7794;0
30/06/21 09:00;21.633;-37.262;47.716;33.226;56.774;-90;-56.774;132.8;126.6;6.1963;11.7;5.2599;0;11.308;96.739;2.9376;0;4.2021;115.19;0;115.19;11.308;2.9376;96.739;4.2021;0.0982;0.8763;0;0.0365;100.08;15.103;0;0;11.186;3.9161;96.859;3.1259;0.1288;0.0334;2.9497;0.014;99.985;0.1001;0.0113;0.0029;0.0856;0.0003;98.554;11.168;2.9013;82.517;0.2718;83.128;71.574;20.814;13.285;1.3411;19.292;1.6957;7.3481;0;1;0;0;0.8674;0.8689;1;1;0.8844;0.0681;0.9687;0.9886;1;0.9655;0.9511;0.999;0.999;1;0.999;0.999;0.8409;0.853;0.0647;0.3278;0.3206;0.0019;0.0167;-0.01;0.0022;0.0077;0.0036;0;0;0.088;0.1965;0;0;0;0;0;0;0;0;0;0;0;0;0.0062;0.0004;0.2918;0.2918;0;16.443;16.443;4.7434;0.049;272.12;1072.3;1;0.0073;0.0073;0;0;0;0;0;0;0.2845;0.1965;0;16.739;19.383;11.273;13.054;97.508;97.508;2.7645;2.4606;1.6572;0.3039;0.8034;0.1099;0.2906;0.5995;81.168;0.5327;0
30/06/21 10:00;27.874;-23.707;54.036;52.758;37.242;-90;-37.242;329.1;180.5;148.6;14.3;5.12;0;186.66;123.12;54.516;0;4.6975;369;0;369;186.66;54.516;123.12;4.6975;0.5059;0.3464;0;0.0127;357.1;11.895;0;0;7.6563;4.2386;348.44;8.3036;3.5008;1.0224;3.7263;0.054;356.75;0.3571;0.1867;0.0545;0.1155;0.0005;349.87;182.97;53.439;111.62;0.4044;178.74;153.9;40.846;3.926;1.5362;22.097;1.4296;19.708;0;1;0;0;1.1212;0.9678;1;1;0.9378;0.0977;0.9767;0.9812;1;0.9677;0.8822;0.999;0.999;1;0.999;0.999;0.9443;0.9066;0.0861;1.0501;1.0453;0.0063;0.0116;0.0237;0.007;0.0249;0.004;0;0;0.088;0.8414;0;0;0;0;0;0;0;0;0;0;0;0;0.0201;0.0029;0.9448;0.9448;0;31.394;31.394;17.094;0.0491;896.84;1053.4;1;0.0154;0.0154;0;0;0;0;0;0;0.9294;0.8414;0;16.919;19.591;15.067;17.447;98.369;98.369;8.8559;7.9673;7.0952;0.8887;0.872;0.1003;0.0985;0.8012;85.701;0.7668;0
30/06/21 11:00;31.274;-8.3279;57.745;76.588;13.412;-90;-13.412;243.5;217.8;25.701;15.86;5.0101;0;26.421;206.78;8.3857;0;0.4649;242.05;0;242.05;26.421;8.3857;206.78;0.4649;0.1092;0.8562;0;0.0019;239.23;2.8254;0;0;2.4395;0.3859;230.07;8.9221;0.7592;0.241;7.9043;0.0177;238.99;0.2392;0.0264;0.0084;0.2043;0.0001;230.16;25.636;8.1363;196.23;0.0612;144.73;124.62;31.013;0.1791;1.1829;17.015;0.0971;18.019;0;1;0;0;0.9941;0.9883;1;1;0.9882;0.1698;0.9627;0.9712;1;0.9613;0.7757;0.999;0.999;1;0.999;0.999;0.9505;0.949;0.1316;0.6889;0.6926;0.0042;0.0159;0.0053;0.0047;0.0166;0.0031;0;0;0.088;0.5292;0;0;0;0;0;0;0;0;0;0;0;0;0.0133;0.0014;0.6281;0.6281;0;27.14;27.14;11.28;0.049;592.5;1060.1;1;0.0109;0.0109;0;0;0;0;0;0;0.6172;0.5292;0;17.147;19.856;14.446;16.729;98.258;98.258;5.8093;5.297;4.4626;0.5123;0.8344;0.0882;0.1436;0.7682;125.16;0.7298;0
30/06/21 12:00;31.328;7.8225;57.807;77.396;12.604;90;12.604;193.51;186;7.5079;15.79;4.8401;0;7.6933;181.75;2.082;0;0.3265;191.85;0;191.85;7.6933;2.082;181.75;0.3265;0.0401;0.949;0;0.0017;189.65;2.2099;0;0;1.9382;0.2717;182.11;7.3436;0.2227;0.0603;7.0483;0.0123;189.46;0.1896;0.0077;0.0021;0.1798;0.0001;182.18;7.4629;2.0196;172.59;0.0424;115.26;99.239;24.614;0.1256;0.9463;13.612;0.0652;14.433;0;1;0;0;0.9914;0.9885;1;1;0.9893;0.1677;0.9612;0.971;1;0.9608;0.7747;0.999;0.999;1;0.999;0.999;0.9492;0.9496;0.1298;0.546;0.5485;0.0033;0.017;-0.0006;0.0037;0.0131;0.0025;0;0;0.088;0.4006;0;0;0;0;0;0;0;0;0;0;0;0;0.0106;0.0009;0.4979;0.4979;0;24.718;24.718;8.9276;0.049;468.93;1061.8;1;0.0093;0.0093;0;0;0;0;0;0;0.4886;0.4006;0;17.149;19.859;13.797;15.976;98.123;98.123;4.6045;4.199;3.378;0.4055;0.8209;0.0881;0.1783;0.7336;109.73;0.6966;0
30/06/21 13:00;28.028;23.246;54.199;53.446;36.554;90;36.554;468.5;95.303;373.2;16.09;4.6101;0;464.58;34.304;71.277;0;6.4508;576.61;0;576.61;464.58;71.277;34.304;6.4508;0.8057;0.0707;0;0.0112;568.7;7.9107;0;0;2.0787;5.832;556.78;11.35;8.8711;1.361;1.0394;0.0787;568.13;0.5687;0.4646;0.0713;0.0322;0.0006;558.53;455.24;69.845;31.153;0.5395;234.33;201.76;54.244;1.0274;1.7011;24.469;1.7506;25.143;0;1;0;0;1.2308;0.9863;1;1;0.9394;0.0959;0.98;0.9809;1;0.9677;0.8727;0.999;0.999;1;0.999;0.999;0.9656;0.9082;0.0836;1.641;1.647;0.0099;0.0033;0.1081;0.0107;0.0379;0.0043;0;0;0.088;1.3255;0;0;0;0;0;0;0;0;0;0;0;0;0.0305;0.0066;1.4357;1.4357;0;43.614;43.614;27.524;0.0494;1417.7;1012.8;1;0.0223;0.0223;0;0;0;0;0;0;1.4135;1.3255;0;16.454;19.053;15.19;17.59;98.449;98.449;13.839;12.108;11.178;1.7308;0.9299;0.1251;0.0672;0.8077;23.745;0.7829;0
30/06/21 14:00;21.866;36.866;47.943;33.779;56.221;90;56.221;298.29;152.6;145.69;16.15;3.63;0;262.04;83.592;81.219;0;9.271;436.12;0;436.12;262.04;81.219;83.592;9.271;0.6008;0.2129;0;0.0213;417.87;18.247;0;0;9.5626;8.6847;410.93;6.5249;3.0183;0.9355;2.5424;0.0286;417.45;0.4179;0.262;0.0812;0.074;0.0006;413.37;258.75;80.202;71.413;0.5571;119.7;103.06;27.925;11.09;1.5416;22.175;2.4428;12.626;0;1;0;0;1.462;0.9582;1;1;0.8856;0.0632;0.9844;0.9885;1;0.9656;0.9511;0.999;0.999;1;0.999;0.999;0.9422;0.8543;0.0601;1.2412;1.2271;0.0074;0.009;0.0495;0.0081;0.0288;0.004;0;0;0.088;0.9879;0;0;0;0;0;0;0;0;0;0;0;0;0.0232;0.0039;1.0933;1.0933;0;36.373;36.373;20.223;0.0492;1055;1036.2;1;0.0174;0.0174;0;0;0;0;0;0;1.0759;0.9879;0;16.565;19.182;14.968;17.333;98.409;98.409;10.467;9.2196;8.3308;1.2472;0.8888;0.1192;0.0849;0.7959;69.689;0.7667;0
30/06/21 15:00;13.544;48.42;55.39;17.85;30.174;90;30.174;128.11;114;14.107;16.22;2.65;0;34.213;101.44;12.599;0;1.2151;149.46;0;149.46;34.213;12.599;101.44;1.2151;0.2289;0.6868;0;0.0081;143.85;5.608;0;0;4.5421;1.0659;139.51;4.2014;0.747;0.2751;3.1529;0.0263;143.71;0.1439;0.0342;0.0126;0.0969;0.0001;139.83;33.432;12.311;93.643;0.1227;67.032;57.714;15.031;1.5672;0.6009;8.6441;0.3213;7.6778;0;1;0;0;1.1667;0.9625;1;1;0.9552;0.1227;0.9708;0.9781;1;0.9674;0.8232;0.999;0.999;1;0.999;0.999;0.9334;0.9232;0.1009;0.4254;0.4174;0.0025;0.0172;-0.0029;0.0028;0.0099;0.0016;0;0;0.088;0.2816;0;0;0;0;0;0;0;0;0;0;0;0;0.008;0.0006;0.3776;0.3776;0;23.066;23.066;6.8458;0.0491;356.57;1059;1;0.008;0.008;0;0;0;0;0;0;0.3696;0.2816;0;16.695;19.332;12.449;14.415;97.869;97.869;3.5871;3.1845;2.3745;0.4026;0.81;0.1122;0.2258;0.662;66.937;0.6345;0
30/06/21 16:00;4.5676;57.441;78.864;5.4146;7.8151;90;7.8151;18.402;18.2;0.2019;14.28;2.9499;0;0.4896;18.08;0.0846;0;0.012;18.667;0;18.667;0.4896;0.0846;18.08;0.012;0.0262;0.9692;0;0.0006;18.57;0.097;0;0;0.087;0.01;17.631;0.9205;0.1383;0.0239;0.7578;0.0004;18.551;0.0186;0.0005;0.0001;0.018;0;17.632;0.3508;0.0607;17.218;0.0016;10.787;9.288;2.2845;0.0019;0.0892;1.2827;0.0016;1.37;0;1;0;0;1.0144;0.9948;1;1;0.9952;0.1675;0.9504;0.7172;1;0.9578;0.7754;0.999;0.999;1;0.999;0.999;0.9445;0.9523;0.1297;0.0531;0.053;0.0003;0.0081;-0.0019;0.0003;0.0012;0.0002;0;0;0.088;-0.0472;0;0;0;0;0;0;0;0;0;0;0;0;0.0009;0;0.0438;0.0438;0;15.162;15.162;0.8823;0.05;43.614;1004.7;1;0.003;0.003;0;0;0;0;0;0;0.0408;-0.0472;0;15.512;17.963;-16.711;-19.351;93.093;93.093;0.448;0.3695;-0.3981;0.0785;0.7676;0.1751;1.7135;0;10.786;0;0
30/06/21 17:00;0;0;90;0;0;90;0;0;0;0;11.5;2.98;0;0;0;0;0;0;0;0;0;0;0;0;0;1;1;1;1;0;0;0;0;0;0;0;0;0;0;0;0;0;0;0;0;0;0;0;0;0;0;0;0;0;0;0;0;0;0;0;0;0;0;0;1;1;1;1;1;1;1;1;1;1;1;1;1;1;1;1;1;1;1;0;0;0;0;0;0;0;0;0;0.0004;0.088;-0.0884;0;0;0;0;0;0;0;0;0;0;0;0;0;0;0;0;0;0;0;-11.5;0;0;0;0;0.0004;0;0;0;0;0;0;0;-0.0004;-0.0884;0;0;0;0;0;0;0;0;0;-0.7452;0;0.7452;1;1;0;0;0;0
30/06/21 18:00;0;0;90;0;0;90;0;0;0;0;9.76;2.8699;0;0;0;0;0;0;0;0;0;0;0;0;0;1;1;1;1;0;0;0;0;0;0;0;0;0;0;0;0;0;0;0;0;0;0;0;0;0;0;0;0;0;0;0;0;0;0;0;0;0;0;0;1;1;1;1;1;1;1;1;1;1;1;1;1;1;1;1;1;1;1;0;0;0;0;0;0;0;0;0;0.0004;0.088;-0.0884;0;0;0;0;0;0;0;0;0;0;0;0;0;0;0;0;0;0;0;-9.76;0;0;0;0;0.0004;0;0;0;0;0;0;0;-0.0004;-0.0884;0;0;0;0;0;0;0;0;0;-0.7452;0;0.7452;1;1;0;0;0;0
30/06/21 19:00;0;0;90;0;0;90;0;0;0;0;10.09;2.7801;0;0;0;0;0;0;0;0;0;0;0;0;0;1;1;1;1;0;0;0;0;0;0;0;0;0;0;0;0;0;0;0;0;0;0;0;0;0;0;0;0;0;0;0;0;0;0;0;0;0;0;0;1;1;1;1;1;1;1;1;1;1;1;1;1;1;1;1;1;1;1;0;0;0;0;0;0;0;0;0;0.0004;0.088;-0.0884;0;0;0;0;0;0;0;0;0;0;0;0;0;0;0;0;0;0;0;-10.09;0;0;0;0;0.0004;0;0;0;0;0;0;0;-0.0004;-0.0884;0;0;0;0;0;0;0;0;0;-0.7452;0;0.7452;1;1;0;0;0;0
30/06/21 20:00;0;0;90;0;0;90;0;0;0;0;10.17;2.75;0;0;0;0;0;0;0;0;0;0;0;0;0;1;1;1;1;0;0;0;0;0;0;0;0;0;0;0;0;0;0;0;0;0;0;0;0;0;0;0;0;0;0;0;0;0;0;0;0;0;0;0;1;1;1;1;1;1;1;1;1;1;1;1;1;1;1;1;1;1;1;0;0;0;0;0;0;0;0;0;0.0004;0.088;-0.0884;0;0;0;0;0;0;0;0;0;0;0;0;0;0;0;0;0;0;0;-10.17;0;0;0;0;0.0004;0;0;0;0;0;0;0;-0.0004;-0.0884;0;0;0;0;0;0;0;0;0;-0.7452;0;0.7452;1;1;0;0;0;0
30/06/21 21:00;0;0;90;0;0;90;0;0;0;0;10.3;2.8601;0;0;0;0;0;0;0;0;0;0;0;0;0;1;1;1;1;0;0;0;0;0;0;0;0;0;0;0;0;0;0;0;0;0;0;0;0;0;0;0;0;0;0;0;0;0;0;0;0;0;0;0;1;1;1;1;1;1;1;1;1;1;1;1;1;1;1;1;1;1;1;0;0;0;0;0;0;0;0;0;0.0004;0.088;-0.0884;0;0;0;0;0;0;0;0;0;0;0;0;0;0;0;0;0;0;0;-10.3;0;0;0;0;0.0004;0;0;0;0;0;0;0;-0.0004;-0.0884;0;0;0;0;0;0;0;0;0;-0.7452;0;0.7452;1;1;0;0;0;0
30/06/21 22:00;0;0;90;0;0;90;0;0;0;0;11.06;3.15;0;0;0;0;0;0;0;0;0;0;0;0;0;1;1;1;1;0;0;0;0;0;0;0;0;0;0;0;0;0;0;0;0;0;0;0;0;0;0;0;0;0;0;0;0;0;0;0;0;0;0;0;1;1;1;1;1;1;1;1;1;1;1;1;1;1;1;1;1;1;1;0;0;0;0;0;0;0;0;0;0.0004;0.088;-0.0884;0;0;0;0;0;0;0;0;0;0;0;0;0;0;0;0;0;0;0;-11.06;0;0;0;0;0.0004;0;0;0;0;0;0;0;-0.0004;-0.0884;0;0;0;0;0;0;0;0;0;-0.7452;0;0.7452;1;1;0;0;0;0
30/06/21 23:00;0;0;90;0;0;90;0;0;0;0;11;3.5999;0;0;0;0;0;0;0;0;0;0;0;0;0;1;1;1;1;0;0;0;0;0;0;0;0;0;0;0;0;0;0;0;0;0;0;0;0;0;0;0;0;0;0;0;0;0;0;0;0;0;0;0;1;1;1;1;1;1;1;1;1;1;1;1;1;1;1;1;1;1;1;0;0;0;0;0;0;0;0;0;0.0004;0.088;-0.0884;0;0;0;0;0;0;0;0;0;0;0;0;0;0;0;0;0;0;0;-11;0;0;0;0;0.0004;0;0;0;0;0;0;0;-0.0004;-0.0884;0;0;0;0;0;0;0;0;0;-0.7452;0;0.7452;1;1;0;0;0;0
01/07/21 00:00;0;0;90;0;0;90;0;0;0;0;9.3898;3.5899;0;0;0;0;0;0;0;0;0;0;0;0;0;1;1;1;1;0;0;0;0;0;0;0;0;0;0;0;0;0;0;0;0;0;0;0;0;0;0;0;0;0;0;0;0;0;0;0;0;0;0;0;1;1;1;1;1;1;1;1;1;1;1;1;1;1;1;1;1;1;1;0;0;0;0;0;0;0;0;0;0.0004;0.088;-0.0884;0;0;0;0;0;0;0;0;0;0;0;0;0;0;0;0;0;0;0;-9.3898;0;0;0;0;0.0004;0;0;0;0;0;0;0;-0.0004;-0.0884;0;0;0;0;0;0;0;0;0;-0.7452;0;0.7452;1;1;0;0;0;0
01/07/21 01:00;0;0;90;0;0;90;0;0;0;0;8.1001;3.62;0;0;0;0;0;0;0;0;0;0;0;0;0;1;1;1;1;0;0;0;0;0;0;0;0;0;0;0;0;0;0;0;0;0;0;0;0;0;0;0;0;0;0;0;0;0;0;0;0;0;0;0;1;1;1;1;1;1;1;1;1;1;1;1;1;1;1;1;1;1;1;0;0;0;0;0;0;0;0;0;0.0004;0.088;-0.0884;0;0;0;0;0;0;0;0;0;0;0;0;0;0;0;0;0;0;0;-8.1001;0;0;0;0;0.0004;0;0;0;0;0;0;0;-0.0004;-0.0884;0;0;0;0;0;0;0;0;0;-0.7452;0;0.7452;1;1;0;0;0;0
01/07/21 02:00;0;0;90;0;0;90;0;0;0;0;6.0001;3.3401;0;0;0;0;0;0;0;0;0;0;0;0;0;1;1;1;1;0;0;0;0;0;0;0;0;0;0;0;0;0;0;0;0;0;0;0;0;0;0;0;0;0;0;0;0;0;0;0;0;0;0;0;1;1;1;1;1;1;1;1;1;1;1;1;1;1;1;1;1;1;1;0;0;0;0;0;0;0;0;0;0.0004;0.088;-0.0884;0;0;0;0;0;0;0;0;0;0;0;0;0;0;0;0;0;0;0;-6.0001;0;0;0;0;0.0004;0;0;0;0;0;0;0;-0.0004;-0.0884;0;0;0;0;0;0;0;0;0;-0.7452;0;0.7452;1;1;0;0;0;0
01/07/21 03:00;0;0;90;0;0;90;0;0;0;0;5.1;3.13;0;0;0;0;0;0;0;0;0;0;0;0;0;1;1;1;1;0;0;0;0;0;0;0;0;0;0;0;0;0;0;0;0;0;0;0;0;0;0;0;0;0;0;0;0;0;0;0;0;0;0;0;1;1;1;1;1;1;1;1;1;1;1;1;1;1;1;1;1;1;1;0;0;0;0;0;0;0;0;0;0.0004;0.088;-0.0884;0;0;0;0;0;0;0;0;0;0;0;0;0;0;0;0;0;0;0;-5.1;0;0;0;0;0.0004;0;0;0;0;0;0;0;-0.0004;-0.0884;0;0;0;0;0;0;0;0;0;-0.7452;0;0.7452;1;1;0;0;0;0
01/07/21 04:00;0;0;90;0;0;90;0;0;0;0;7.5497;3.21;0;0;0;0;0;0;0;0;0;0;0;0;0;1;1;1;1;0;0;0;0;0;0;0;0;0;0;0;0;0;0;0;0;0;0;0;0;0;0;0;0;0;0;0;0;0;0;0;0;0;0;0;1;1;1;1;1;1;1;1;1;1;1;1;1;1;1;1;1;1;1;0;0;0;0;0;0;0;0;0;0.0004;0.088;-0.0884;0;0;0;0;0;0;0;0;0;0;0;0;0;0;0;0;0;0;0;-7.5497;0;0;0;0;0.0004;0;0;0;0;0;0;0;-0.0004;-0.0884;0;0;0;0;0;0;0;0;0;-0.7452;0;0.7452;1;1;0;0;0;0
01/07/21 05:00;0;0;90;0;0;90;0;0;0;0;6.2301;3.22;0;0;0;0;0;0;0;0;0;0;0;0;0;1;1;1;1;0;0;0;0;0;0;0;0;0;0;0;0;0;0;0;0;0;0;0;0;0;0;0;0;0;0;0;0;0;0;0;0;0;0;0;1;1;1;1;1;1;1;1;1;1;1;1;1;1;1;1;1;1;1;0;0;0;0;0;0;0;0;0;0.0004;0.088;-0.0884;0;0;0;0;0;0;0;0;0;0;0;0;0;0;0;0;0;0;0;-6.2301;0;0;0;0;0.0004;0;0;0;0;0;0;0;-0.0004;-0.0884;0;0;0;0;0;0;0;0;0;-0.7452;0;0.7452;1;1;0;0;0;0
01/07/21 06:00;0;0;90;0;0;90;0;0;0;0;6.9999;3.47;0;0;0;0;0;0;0;0;0;0;0;0;0;1;1;1;1;0;0;0;0;0;0;0;0;0;0;0;0;0;0;0;0;0;0;0;0;0;0;0;0;0;0;0;0;0;0;0;0;0;0;0;1;1;1;1;1;1;1;1;1;1;1;1;1;1;1;1;1;1;1;0;0;0;0;0;0;0;0;0;0.0004;0.088;-0.0884;0;0;0;0;0;0;0;0;0;0;0;0;0;0;0;0;0;0;0;-6.9999;0;0;0;0;0.0004;0;0;0;0;0;0;0;-0.0004;-0.0884;0;0;0;0;0;0;0;0;0;-0.7452;0;0.7452;1;1;0;0;0;0
01/07/21 07:00;4.4257;-57.656;79.214;5.2342;7.5484;-90;-7.5484;29.302;25.397;3.905;7.4899;4.0501;0;9.4706;24.319;2.358;0;0.0165;36.164;0;36.164;9.4706;2.358;24.319;0.0165;0.2619;0.6729;0;0.0005;36.04;0.1237;0;0;0.11;0.0137;31.474;4.494;2.7792;0.692;1.0222;0.0006;35.968;0.0721;0.0189;0.0047;0.0484;0;31.476;6.6725;1.6613;23.138;0.0022;14.524;12.578;2.9674;0.0022;0.1156;1.6628;0.0019;1.7761;0;1;0;0;1.2342;0.9966;1;1;0.9955;0.1687;0.8751;0.706;1;0.9577;0.776;0.998;0.998;1;0.998;0.998;0.8703;0.9515;0.1307;0.1029;0.0934;0.0006;0.0107;-0.0054;0.0006;0.0022;0.0003;0;0;0.088;-0.0097;0;0;0;0;0;0;0;0;0;0;0;0;0.0018;0.0001;0.0826;0.0826;0;9.0426;9.0426;1.5528;0.0493;78.102;1057.8;1;0.0043;0.0043;0;0;0;0;0;0;0.0783;-0.0097;0;15.096;17.481;-1.7679;-2.0472;94.806;94.806;0.8679;0.6967;-0.0816;0.1712;0.7783;0.1973;0.8967;0;14.501;0;0
01/07/21 08:00;13.275;-48.833;56.158;17.401;29.093;-90;-29.093;102.4;87.001;15.399;10.02;4.6001;0;37.348;77.377;10.705;0;0.8398;126.27;0;126.27;37.348;10.705;77.377;0.8398;0.2958;0.6194;0;0.0067;122.28;3.9885;0;0;3.2591;0.7294;118.45;3.5837;0.8901;0.2551;2.4186;0.0199;122.04;0.2446;0.0747;0.0214;0.1482;0.0002;118.67;36.383;10.428;71.551;0.0902;50.782;43.977;10.89;1.0534;0.4386;6.3097;0.217;5.6949;0;1;0;0;1.2331;0.9684;1;1;0.9579;0.1314;0.9706;0.9761;1;0.9673;0.8193;0.998;0.998;1;0.998;0.998;0.9381;0.9247;0.1075;0.3594;0.3522;0.0021;0.017;-0.0117;0.0024;0.0086;0.0012;0;0;0.088;0.2295;0;0;0;0;0;0;0;0;0;0;0;0;0.0069;0.0005;0.3253;0.3253;0;15.806;15.806;5.7862;0.0488;300.32;1083.1;1;0.0077;0.0077;0;0;0;0;0;0;0.3175;0.2295;0;17.022;19.712;12.013;13.91;97.623;97.623;3.0305;2.7431;1.9358;0.2874;0.8073;0.0948;0.2664;0.6388;50.685;0.6157;0
01/07/21 09:00;21.667;-37.34;47.636;33.224;56.776;-90;-56.776;55.693;55.098;0.5952;10.22;4.97;0;1.0863;42.592;0.1226;0;1.6366;45.437;0;45.437;1.0863;0.1226;42.592;1.6366;0.0239;0.9734;0;0.036;38.987;6.4505;0;0;4.9254;1.5251;37.592;1.3165;0.0123;0.0014;1.2974;0.0054;38.909;0.078;0.0022;0.0002;0.0753;0.0002;38.294;1.0718;0.121;36.293;0.1058;35.903;31.092;8.712;5.8496;0.5761;8.287;0.7022;3.0135;0;1;0;0;0.8158;0.858;1;1;0.8844;0.0681;0.9662;0.9886;1;0.9655;0.9511;0.998;0.998;1;0.998;0.998;0.8273;0.8521;0.0646;0.1293;0.1262;0.0008;0.0123;-0.006;0.0008;0.003;0.0015;0;0;0.088;0.0182;0;0;0;0;0;0;0;0;0;0;0;0;0.0024;0.0001;0.1113;0.1113;0;12.075;12.075;1.8547;0.0493;105.75;1052.4;1;0.0051;0.0051;0;0;0;0;0;0;0.1062;0.0182;0;16.186;18.743;2.6513;3.0701;95.45;95.45;1.0905;0.9386;0.1537;0.1519;0.7848;0.1393;0.7197;0.141;35.737;0.124;0
01/07/21 10:00;27.921;-23.78;53.957;52.734;37.266;-90;-37.266;60.909;60.4;0.5092;10.4;5.0101;0;0.6399;54.189;0.0624;0;0.8083;55.7;0;55.7;0.6399;0.0624;54.189;0.8083;0.0115;0.9874;0;0.0145;51.597;4.1026;0;0;3.3732;0.7294;49.833;1.6606;0.0119;0.0012;1.6383;0.0093;51.494;0.1032;0.0013;0.0001;0.1016;0.0002;50.119;0.6267;0.0612;49.076;0.0695;37.997;32.906;8.4862;1.7315;0.3676;5.2872;0.2857;3.9233;0;1;0;0;0.9145;0.9263;1;1;0.9378;0.0976;0.9678;0.9814;1;0.9677;0.8824;0.998;0.998;1;0.998;0.998;0.8947;0.9056;0.0859;0.1585;0.154;0.0009;0.0134;-0.0069;0.001;0.0036;0.001;0;0;0.088;0.0439;0;0;0;0;0;0;0;0;0;0;0;0;0.0029;0.0001;0.1378;0.1378;0;12.852;12.852;2.4514;0.0492;129.93;1060.8;1;0.0059;0.0059;0;0;0;0;0;0;0.1319;0.0439;0;16.352;18.935;5.213;6.0366;95.726;95.726;1.3368;1.1624;0.3706;0.1744;0.7918;0.1305;0.5923;0.2772;37.727;0.2588;0
01/07/21 11:00;31.335;-8.3881;57.673;76.526;13.474;-90;-13.474;202.59;192.5;10.093;12.55;4.56;0;10.378;187.06;2.9062;0;0.3625;200.71;0;200.71;10.378;2.9062;187.06;0.3625;0.0517;0.9338;0;0.0018;198.19;2.5248;0;0;2.2239;0.3009;190.26;7.5273;0.2954;0.0827;7.1354;0.0138;197.79;0.3964;0.0208;0.0058;0.3697;0.0001;190.34;10.062;2.8177;177.34;0.0476;120.71;104.54;24.872;0.1647;0.9566;13.76;0.0783;14.552;0;1;0;0;0.9907;0.9874;1;1;0.9881;0.1698;0.9619;0.9715;1;0.9613;0.7757;0.998;0.998;1;0.998;0.998;0.9479;0.948;0.1315;0.5712;0.5721;0.0034;0.0169;-0.0065;0.0039;0.0139;0.0025;0;0;0.088;0.428;0;0;0;0;0;0;0;0;0;0;0;0;0.0112;0.001;0.5258;0.5258;0;21.851;21.851;9.3013;0.0489;489.12;1075;1;0.0098;0.0098;0;0;0;0;0;0;0.516;0.428;0;17.311;20.045;14.092;16.318;98.141;98.141;4.8171;4.4341;3.6096;0.3829;0.8245;0.0795;0.1712;0.7493;113.25;0.7128;0
01/07/21 12:00;31.4;7.7819;57.746;77.493;12.507;90;12.507;94.606;93.4;1.2061;13.17;3.88;0;1.2354;92.13;0.1675;0;0.1459;93.679;0;93.679;1.2354;0.1675;92.13;0.1459;0.0132;0.985;0;0.0016;92.588;1.0912;0;0;0.9698;0.1215;88.781;3.6212;0.0355;0.0048;3.5754;0.0055;92.403;0.1852;0.0025;0.0003;0.1823;0;88.811;1.1975;0.1624;87.403;0.0189;56.4;48.842;11.673;0.0619;0.4425;6.3654;0.0296;6.746;0;1;0;0;0.9902;0.9884;1;1;0.9895;0.1677;0.9608;0.9712;1;0.9607;0.7747;0.998;0.998;1;0.998;0.998;0.9477;0.9487;0.1297;0.2666;0.2668;0.0016;0.0161;-0.0073;0.0018;0.0064;0.0012;0;0;0.088;0.1469;0;0;0;0;0;0;0;0;0;0;0;0;0.0051;0.0003;0.2417;0.2417;0;17.526;17.526;4.3558;0.0491;227.04;1064.5;1;0.0068;0.0068;0;0;0;0;0;0;0.2349;0.1469;0;17.048;19.741;10.36;11.997;97.185;97.185;2.2483;2.0381;1.2386;0.2102;0.7995;0.0935;0.3556;0.5509;55.606;0.5242;0
01/07/21 13:00;28.106;23.227;54.153;53.558;36.442;90;36.442;92.496;91.298;1.1985;13.15;3.1099;0;1.4898;82.213;0.2184;0;1.1757;85.097;0;85.097;1.4898;0.2184;82.213;1.1757;0.0175;0.9799;0;0.0138;79.076;6.0206;0;0;4.9582;1.0624;76.382;2.5363;0.0283;0.0041;2.4894;0.0145;78.918;0.1582;0.003;0.0004;0.1545;0.0002;76.791;1.4586;0.2138;74.611;0.0986;57.531;49.822;12.831;2.4331;0.5454;7.8458;0.4089;5.9582;0;1;0;0;0.92;0.9293;1;1;0.9397;0.0964;0.9679;0.981;1;0.9677;0.8717;0.998;0.998;1;0.998;0.998;0.8976;0.9075;0.0838;0.2422;0.2354;0.0014;0.0155;-0.007;0.0016;0.0056;0.0014;0;0;0.088;0.1175;0;0;0;0;0;0;0;0;0;0;0;0;0.0045;0.0003;0.2121;0.2121;0;16.901;16.901;3.7515;0.0491;199.86;1061.1;1;0.0066;0.0066;0;0;0;0;0;0;0.2055;0.1175;0;16.468;19.069;9.1248;10.566;96.907;96.907;2.0423;1.7884;0.991;0.2539;0.7974;0.1243;0.3905;0.4852;56.857;0.4539;0
01/07/21 14:00;21.946;36.865;47.908;33.887;56.113;90;56.113;158.31;150.1;8.2071;12.7;2.2201;0;14.72;114.95;4.4722;0;4.5528;138.7;0;138.7;14.72;4.4722;114.95;4.5528;0.1061;0.8616;0;0.0328;121.32;17.379;0;0;13.114;4.2649;117.35;3.7259;0.1691;0.0514;3.4915;0.0139;121.08;0.2426;0.0294;0.0089;0.2037;0.0006;119.24;14.521;4.4119;98.144;0.2734;98.547;85.341;23.691;15.146;1.5365;22.103;1.8907;8.4933;0;1;0;0;0.8761;0.8747;1;1;0.8859;0.0632;0.9692;0.9885;1;0.9656;0.9515;0.998;0.998;1;0.998;0.998;0.8461;0.8538;0.06;0.3947;0.3854;0.0023;0.0171;-0.0091;0.0026;0.0093;0.0041;0;0;0.088;0.2552;0;0;0;0;0;0;0;0;0;0;0;0;0.0075;0.0005;0.351;0.351;0;18.446;18.446;5.7457;0.049;327.72;1071.2;1;0.0079;0.0079;0;0;0;0;0;0;0.3432;0.2552;0;16.725;19.367;12.156;14.077;97.753;97.753;3.3288;2.9604;2.1518;0.3684;0.8086;0.1107;0.2429;0.6464;95.72;0.5775;0
01/07/21 15:00;13.623;48.433;55.164;17.948;30.415;90;30.415;53.408;52.597;0.8109;12.4;1.88;0;1.9666;48.85;0.3322;0;0.4777;51.627;0;51.627;1.9666;0.3322;48.85;0.4777;0.0381;0.9555;0;0.0093;48.992;2.6348;0;0;2.2153;0.4196;47.32;1.574;0.0418;0.0071;1.5149;0.0102;48.894;0.098;0.0039;0.0007;0.0933;0.0001;47.472;1.9208;0.3245;45.027;0.0479;32.295;27.967;6.9834;0.7758;0.2821;4.0574;0.1522;3.5637;0;1;0;0;0.9667;0.949;1;1;0.9547;0.1217;0.9678;0.9787;1;0.9674;0.8247;0.998;0.998;1;0.998;0.998;0.9166;0.9217;0.1002;0.1469;0.1439;0.0009;0.013;-0.0054;0.0009;0.0034;0.0007;0;0;0.088;0.0341;0;0;0;0;0;0;0;0;0;0;0;0;0.0027;0.0001;0.1276;0.1276;0;14.733;14.733;2.3329;0.0493;121.46;1050.5;1;0.0055;0.0055;0;0;0;0;0;0;0.1221;0.0341;0;16.333;18.913;4.3646;5.0541;95.687;95.687;1.239;1.0761;0.2876;0.1629;0.7885;0.1315;0.6364;0.2321;32.29;0.2192;0
01/07/21 16:00;4.6445;57.463;78.675;5.5043;7.9479;90;7.9479;25.708;25.197;0.5101;11.88;1.9999;0;1.2372;24.957;0.2912;0;0.0161;26.501;0;26.501;1.2372;0.2912;24.957;0.0161;0.0467;0.9423;0;0.0006;26.365;0.1368;0;0;0.1235;0.0134;24.846;1.4659;0.3419;0.0805;1.043;0.0006;26.312;0.0527;0.0025;0.0006;0.0497;0;24.848;0.8929;0.2102;23.741;0.0021;14.895;12.899;3.0416;0.0029;0.1187;1.7073;0.0022;1.8231;0;1;0;0;1.0309;0.9948;1;1;0.9951;0.1675;0.9443;0.7231;1;0.9579;0.7754;0.998;0.998;1;0.998;0.998;0.9375;0.9513;0.1296;0.0754;0.0745;0.0004;0.0096;-0.0032;0.0005;0.0017;0.0003;0;0;0.088;-0.0278;0;0;0;0;0;0;0;0;0;0;0;0;0.0014;0.0001;0.0638;0.0638;0;13.114;13.114;1.2343;0.0497;61.989;1029.4;1;0.0036;0.0036;0;0;0;0;0;0;0.0602;-0.0278;0;15.911;18.424;-6.9364;-8.0322;94.313;94.313;0.636;0.5381;-0.2346;0.0979;0.7727;0.1539;1.2149;0;14.892;0;0
01/07/21 17:00;0;0;90;0;0;90;0;0;0;0;10.7;2.05;0;0;0;0;0;0;0;0;0;0;0;0;0;1;1;1;1;0;0;0;0;0;0;0;0;0;0;0;0;0;0;0;0;0;0;0;0;0;0;0;0;0;0;0;0;0;0;0;0;0;0;0;1;1;1;1;1;1;1;1;1;1;1;1;1;1;1;1;1;1;1;0;0;0;0;0;0;0;0;0;0.0004;0.088;-0.0884;0;0;0;0;0;0;0;0;0;0;0;0;0;0;0;0;0;0;0;-10.7;0;0;0;0;0.0004;0;0;0;0;0;0;0;-0.0004;-0.0884;0;0;0;0;0;0;0;0;0;-0.7452;0;0.7452;1;1;0;0;0;0
01/07/21 18:00;0;0;90;0;0;90;0;0;0;0;10.6;2.04;0;0;0;0;0;0;0;0;0;0;0;0;0;1;1;1;1;0;0;0;0;0;0;0;0;0;0;0;0;0;0;0;0;0;0;0;0;0;0;0;0;0;0;0;0;0;0;0;0;0;0;0;1;1;1;1;1;1;1;1;1;1;1;1;1;1;1;1;1;1;1;0;0;0;0;0;0;0;0;0;0.0004;0.088;-0.0884;0;0;0;0;0;0;0;0;0;0;0;0;0;0;0;0;0;0;0;-10.6;0;0;0;0;0.0004;0;0;0;0;0;0;0;-0.0004;-0.0884;0;0;0;0;0;0;0;0;0;-0.7452;0;0.7452;1;1;0;0;0;0
01/07/21 19:00;0;0;90;0;0;90;0;0;0;0;10.44;2.1;0;0;0;0;0;0;0;0;0;0;0;0;0;1;1;1;1;0;0;0;0;0;0;0;0;0;0;0;0;0;0;0;0;0;0;0;0;0;0;0;0;0;0;0;0;0;0;0;0;0;0;0;1;1;1;1;1;1;1;1;1;1;1;1;1;1;1;1;1;1;1;0;0;0;0;0;0;0;0;0;0.0004;0.088;-0.0884;0;0;0;0;0;0;0;0;0;0;0;0;0;0;0;0;0;0;0;-10.44;0;0;0;0;0.0004;0;0;0;0;0;0;0;-0.0004;-0.0884;0;0;0;0;0;0;0;0;0;-0.7452;0;0.7452;1;1;0;0;0;0
01/07/21 20:00;0;0;90;0;0;90;0;0;0;0;10.26;2.21;0;0;0;0;0;0;0;0;0;0;0;0;0;1;1;1;1;0;0;0;0;0;0;0;0;0;0;0;0;0;0;0;0;0;0;0;0;0;0;0;0;0;0;0;0;0;0;0;0;0;0;0;1;1;1;1;1;1;1;1;1;1;1;1;1;1;1;1;1;1;1;0;0;0;0;0;0;0;0;0;0.0004;0.088;-0.0884;0;0;0;0;0;0;0;0;0;0;0;0;0;0;0;0;0;0;0;-10.26;0;0;0;0;0.0004;0;0;0;0;0;0;0;-0.0004;-0.0884;0;0;0;0;0;0;0;0;0;-0.7452;0;0.7452;1;1;0;0;0;0
01/07/21 21:00;0;0;90;0;0;90;0;0;0;0;9.8697;2.1699;0;0;0;0;0;0;0;0;0;0;0;0;0;1;1;1;1;0;0;0;0;0;0;0;0;0;0;0;0;0;0;0;0;0;0;0;0;0;0;0;0;0;0;0;0;0;0;0;0;0;0;0;1;1;1;1;1;1;1;1;1;1;1;1;1;1;1;1;1;1;1;0;0;0;0;0;0;0;0;0;0.0004;0.088;-0.0884;0;0;0;0;0;0;0;0;0;0;0;0;0;0;0;0;0;0;0;-9.8697;0;0;0;0;0.0004;0;0;0;0;0;0;0;-0.0004;-0.0884;0;0;0;0;0;0;0;0;0;-0.7452;0;0.7452;1;1;0;0;0;0
01/07/21 22:00;0;0;90;0;0;90;0;0;0;0;9.7999;1.8301;0;0;0;0;0;0;0;0;0;0;0;0;0;1;1;1;1;0;0;0;0;0;0;0;0;0;0;0;0;0;0;0;0;0;0;0;0;0;0;0;0;0;0;0;0;0;0;0;0;0;0;0;1;1;1;1;1;1;1;1;1;1;1;1;1;1;1;1;1;1;1;0;0;0;0;0;0;0;0;0;0.0004;0.088;-0.0884;0;0;0;0;0;0;0;0;0;0;0;0;0;0;0;0;0;0;0;-9.7999;0;0;0;0;0.0004;0;0;0;0;0;0;0;-0.0004;-0.0884;0;0;0;0;0;0;0;0;0;-0.7452;0;0.7452;1;1;0;0;0;0
01/07/21 23:00;0;0;90;0;0;90;0;0;0;0;9.3;1.25;0;0;0;0;0;0;0;0;0;0;0;0;0;1;1;1;1;0;0;0;0;0;0;0;0;0;0;0;0;0;0;0;0;0;0;0;0;0;0;0;0;0;0;0;0;0;0;0;0;0;0;0;1;1;1;1;1;1;1;1;1;1;1;1;1;1;1;1;1;1;1;0;0;0;0;0;0;0;0;0;0.0004;0.088;-0.0884;0;0;0;0;0;0;0;0;0;0;0;0;0;0;0;0;0;0;0;-9.3;0;0;0;0;0.0004;0;0;0;0;0;0;0;-0.0004;-0.0884;0;0;0;0;0;0;0;0;0;-0.7452;0;0.7452;1;1;0;0;0;0
02/07/21 00:00;0;0;90;0;0;90;0;0;0;0;7.9399;0.69;0;0;0;0;0;0;0;0;0;0;0;0;0;1;1;1;1;0;0;0;0;0;0;0;0;0;0;0;0;0;0;0;0;0;0;0;0;0;0;0;0;0;0;0;0;0;0;0;0;0;0;0;1;1;1;1;1;1;1;1;1;1;1;1;1;1;1;1;1;1;1;0;0;0;0;0;0;0;0;0;0.0004;0.088;-0.0884;0;0;0;0;0;0;0;0;0;0;0;0;0;0;0;0;0;0;0;-7.9399;0;0;0;0;0.0004;0;0;0;0;0;0;0;-0.0004;-0.0884;0;0;0;0;0;0;0;0;0;-0.7452;0;0.7452;1;1;0;0;0;0
02/07/21 01:00;0;0;90;0;0;90;0;0;0;0;7.2;0.2499;0;0;0;0;0;0;0;0;0;0;0;0;0;1;1;1;1;0;0;0;0;0;0;0;0;0;0;0;0;0;0;0;0;0;0;0;0;0;0;0;0;0;0;0;0;0;0;0;0;0;0;0;1;1;1;1;1;1;1;1;1;1;1;1;1;1;1;1;1;1;1;0;0;0;0;0;0;0;0;0;0.0004;0.088;-0.0884;0;0;0;0;0;0;0;0;0;0;0;0;0;0;0;0;0;0;0;-7.2;0;0;0;0;0.0004;0;0;0;0;0;0;0;-0.0004;-0.0884;0;0;0;0;0;0;0;0;0;-0.7452;0;0.7452;1;1;0;0;0;0
02/07/21 02:00;0;0;90;0;0;90;0;0;0;0;8.0602;0.27;0;0;0;0;0;0;0;0;0;0;0;0;0;1;1;1;1;0;0;0;0;0;0;0;0;0;0;0;0;0;0;0;0;0;0;0;0;0;0;0;0;0;0;0;0;0;0;0;0;0;0;0;1;1;1;1;1;1;1;1;1;1;1;1;1;1;1;1;1;1;1;0;0;0;0;0;0;0;0;0;0.0004;0.088;-0.0884;0;0;0;0;0;0;0;0;0;0;0;0;0;0;0;0;0;0;0;-8.0602;0;0;0;0;0.0004;0;0;0;0;0;0;0;-0.0004;-0.0884;0;0;0;0;0;0;0;0;0;-0.7452;0;0.7452;1;1;0;0;0;0
02/07/21 03:00;0;0;90;0;0;90;0;0;0;0;8.3002;0.6201;0;0;0;0;0;0;0;0;0;0;0;0;0;1;1;1;1;0;0;0;0;0;0;0;0;0;0;0;0;0;0;0;0;0;0;0;0;0;0;0;0;0;0;0;0;0;0;0;0;0;0;0;1;1;1;1;1;1;1;1;1;1;1;1;1;1;1;1;1;1;1;0;0;0;0;0;0;0;0;0;0.0004;0.088;-0.0884;0;0;0;0;0;0;0;0;0;0;0;0;0;0;0;0;0;0;0;-8.3002;0;0;0;0;0.0004;0;0;0;0;0;0;0;-0.0004;-0.0884;0;0;0;0;0;0;0;0;0;-0.7452;0;0.7452;1;1;0;0;0;0
02/07/21 04:00;0;0;90;0;0;90;0;0;0;0;8.7802;0.9;0;0;0;0;0;0;0;0;0;0;0;0;0;1;1;1;1;0;0;0;0;0;0;0;0;0;0;0;0;0;0;0;0;0;0;0;0;0;0;0;0;0;0;0;0;0;0;0;0;0;0;0;1;1;1;1;1;1;1;1;1;1;1;1;1;1;1;1;1;1;1;0;0;0;0;0;0;0;0;0;0.0004;0.088;-0.0884;0;0;0;0;0;0;0;0;0;0;0;0;0;0;0;0;0;0;0;-8.7802;0;0;0;0;0.0004;0;0;0;0;0;0;0;-0.0004;-0.0884;0;0;0;0;0;0;0;0;0;-0.7452;0;0.7452;1;1;0;0;0;0
02/07/21 05:00;0;0;90;0;0;90;0;0;0;0;8.84;1.1299;0;0;0;0;0;0;0;0;0;0;0;0;0;1;1;1;1;0;0;0;0;0;0;0;0;0;0;0;0;0;0;0;0;0;0;0;0;0;0;0;0;0;0;0;0;0;0;0;0;0;0;0;1;1;1;1;1;1;1;1;1;1;1;1;1;1;1;1;1;1;1;0;0;0;0;0;0;0;0;0;0.0004;0.088;-0.0884;0;0;0;0;0;0;0;0;0;0;0;0;0;0;0;0;0;0;0;-8.84;0;0;0;0;0.0004;0;0;0;0;0;0;0;-0.0004;-0.0884;0;0;0;0;0;0;0;0;0;-0.7452;0;0.7452;1;1;0;0;0;0
02/07/21 06:00;0;0;90;0;0;90;0;0;0;0;9.0002;1.1901;0;0;0;0;0;0;0;0;0;0;0;0;0;1;1;1;1;0;0;0;0;0;0;0;0;0;0;0;0;0;0;0;0;0;0;0;0;0;0;0;0;0;0;0;0;0;0;0;0;0;0;0;1;1;1;1;1;1;1;1;1;1;1;1;1;1;1;1;1;1;1;0;0;0;0;0;0;0;0;0;0.0004;0.088;-0.0884;0;0;0;0;0;0;0;0;0;0;0;0;0;0;0;0;0;0;0;-9.0002;0;0;0;0;0.0004;0;0;0;0;0;0;0;-0.0004;-0.0884;0;0;0;0;0;0;0;0;0;-0.7452;0;0.7452;1;1;0;0;0;0
02/07/21 07:00;4.4428;-57.74;79.171;5.2496;7.5711;-90;-7.5711;36.198;26.102;10.095;9.2003;1.4499;0;24.484;23.426;6.2412;0;0.0205;54.172;0;54.172;24.484;6.2412;23.426;0.0205;0.452;0.4328;0;0.0004;54.048;0.1236;0;0;0.1065;0.0171;43.981;9.9592;7.1512;1.8229;0.9844;0.0008;53.94;0.1081;0.049;0.0125;0.0466;0;43.983;17.284;4.4058;22.289;0.0027;14.031;12.151;2.8714;0.0022;0.1114;1.6018;0.0018;1.711;0;1;0;0;1.4966;0.9977;1;1;0.9955;0.1687;0.8154;0.7073;1;0.9577;0.776;0.998;0.998;1;0.998;0.998;0.8119;0.9514;0.1307;0.1542;0.129;0.0008;0.0124;-0.0064;0.0009;0.003;0.0003;0;0;0.088;0.0223;0;0;0;0;0;0;0;0;0;0;0;0;0.0024;0.0001;0.1155;0.1155;0;11.364;11.364;2.1642;0.0492;108.77;1062.2;1;0.0053;0.0053;0;0;0;0;0;0;0.1103;0.0223;0;14.093;16.32;2.717;3.1463;95.445;95.445;1.3001;0.9743;0.1878;0.3258;0.7865;0.2506;0.6049;0.1445;13.969;0.1413;0
02/07/21 08:00;13.302;-48.916;56.082;17.415;29.125;-90;-29.125;94.997;84.4;10.597;10.3;1.6899;0;25.7;76.309;7.132;0;0.7807;109.92;0;109.92;25.7;7.132;76.309;0.7807;0.2338;0.7013;0;0.0071;106.02;3.8979;0;0;3.2197;0.6782;102.63;3.1788;0.6072;0.1685;2.3847;0.0185;105.81;0.212;0.0514;0.0143;0.1462;0.0002;102.85;25.042;6.9492;70.559;0.0838;50.063;43.354;10.776;1.0428;0.4301;6.1863;0.2128;5.5736;0;1;0;0;1.1571;0.9645;1;1;0.9578;0.1313;0.97;0.9763;1;0.9673;0.8195;0.998;0.998;1;0.998;0.998;0.9337;0.9246;0.1074;0.3128;0.3066;0.0018;0.0166;-0.0108;0.0021;0.0074;0.0011;0;0;0.088;0.1867;0;0;0;0;0;0;0;0;0;0;0;0;0.006;0.0004;0.282;0.282;0;15.318;15.318;5.0185;0.0489;261.17;1079.6;1;0.0072;0.0072;0;0;0;0;0;0;0.2747;0.1867;0;16.951;19.628;11.225;12.998;97.431;97.431;2.6381;2.3779;1.5747;0.2603;0.8032;0.0987;0.3045;0.5969;49.997;0.5728;0
02/07/21 09:00;21.706;-37.421;47.551;33.228;56.772;-90;-56.772;204.1;155.3;48.794;11.88;2.2399;0;89.045;108.21;28.286;0;5.9967;231.53;0;231.53;89.045;28.286;108.21;5.9967;0.3846;0.4932;0;0.0259;213.43;18.1;0;0;12.512;5.5885;208.37;4.6392;1.0043;0.319;3.296;0.0199;213.01;0.4269;0.1781;0.0566;0.1914;0.0008;210.48;87.862;27.91;92.207;0.3875;106.94;92.61;25.3;14.858;1.5914;22.892;2.1125;9.6249;0;1;0;0;1.1344;0.9218;1;1;0.8844;0.0681;0.9782;0.9887;1;0.9655;0.9511;0.998;0.998;1;0.998;0.998;0.8999;0.8521;0.0646;0.6589;0.648;0.0039;0.0163;-0.0068;0.0044;0.0158;0.0043;0;0;0.088;0.4976;0;0;0;0;0;0;0;0;0;0;0;0;0.0127;0.0012;0.5962;0.5962;0;22.061;22.061;10.181;0.0489;553.54;1077.1;1;0.0107;0.0107;0;0;0;0;0;0;0.5856;0.4976;0;17.017;19.705;14.201;16.444;98.211;98.211;5.5568;5.0282;4.1961;0.5286;0.8321;0.0951;0.1497;0.7551;90.787;0.7031;0
02/07/21 10:00;27.975;-23.855;53.872;52.715;37.285;-90;-37.285;134.11;131.3;2.802;11.4;2.83;0;3.5218;117.35;0.7457;0;1.7814;123.4;0;123.4;3.5218;0.7457;117.35;1.7814;0.0285;0.9654;0;0.0144;114.48;8.9185;0;0;7.3107;1.6077;110.61;3.6467;0.0648;0.0137;3.5478;0.0204;114.25;0.229;0.007;0.0015;0.2201;0.0003;111.23;3.4499;0.7305;106.27;0.153;83.359;72.189;18.728;3.7563;0.7964;11.456;0.6196;8.4961;0;1;0;0;0.9202;0.9277;1;1;0.9377;0.0975;0.9681;0.9816;1;0.9677;0.8826;0.998;0.998;1;0.998;0.998;0.8963;0.9056;0.0859;0.3512;0.3412;0.0021;0.0169;-0.0101;0.0023;0.0083;0.0021;0;0;0.088;0.217;0;0;0;0;0;0;0;0;0;0;0;0;0.0066;0.0004;0.3126;0.3126;0;16.811;16.811;5.4112;0.0489;290.49;1076;1;0.0075;0.0075;0;0;0;0;0;0;0.305;0.217;0;16.737;19.381;11.622;13.458;97.592;97.592;2.9617;2.6359;1.8303;0.3258;0.8056;0.11;0.272;0.618;81.714;0.5778;0
02/07/21 11:00;31.403;-8.4485;57.593;76.468;13.532;-90;-13.532;185.09;178.6;6.4923;12.62;3.3401;0;6.6777;174.46;1.7315;0;0.334;183.2;0;183.2;6.6777;1.7315;174.46;0.334;0.0364;0.9541;0;0.0018;180.84;2.3664;0;0;2.0891;0.2773;173.58;6.8973;0.1883;0.0488;6.6475;0.0127;180.47;0.3617;0.0134;0.0035;0.3447;0.0001;173.65;6.4761;1.6792;165.38;0.0439;110.36;95.572;22.725;0.156;0.8758;12.598;0.0722;13.318;0;1;0;0;0.9898;0.9871;1;1;0.988;0.1698;0.9618;0.9717;1;0.9614;0.7757;0.998;0.998;1;0.998;0.998;0.9475;0.9479;0.1314;0.5214;0.5221;0.0031;0.0171;-0.0073;0.0036;0.0126;0.0023;0;0;0.088;0.3822;0;0;0;0;0;0;0;0;0;0;0;0;0.0102;0.0009;0.4795;0.4795;0;21.107;21.107;8.487;0.0489;446.14;1074.8;1;0.0093;0.0093;0;0;0;0;0;0;0.4702;0.3822;0;17.296;20.028;13.787;15.965;98.064;98.064;4.3969;4.0439;3.2235;0.353;0.8204;0.0803;0.1866;0.7331;105.64;0.6972;0
02/07/21 12:00;31.479;7.7431;57.678;77.59;12.41;90;12.41;151.39;148.4;2.995;13;3.8201;0;3.0666;146.03;0.6593;0;0.2299;149.98;0;149.98;3.0666;0.6593;146.03;0.2299;0.0204;0.9752;0;0.0015;148.28;1.7084;0;0;1.5171;0.1914;142.19;5.7916;0.0873;0.0188;5.6768;0.0087;147.98;0.2966;0.0061;0.0013;0.289;0.0001;142.23;2.9731;0.6392;138.55;0.0298;90.221;78.131;18.773;0.0953;0.7012;10.086;0.046;10.692;0;1;0;0;0.9907;0.9886;1;1;0.9896;0.1678;0.9609;0.9715;1;0.9606;0.7747;0.998;0.998;1;0.998;0.998;0.948;0.9488;0.1297;0.4268;0.4271;0.0026;0.0172;-0.0078;0.0029;0.0103;0.0019;0;0;0.088;0.2948;0;0;0;0;0;0;0;0;0;0;0;0;0.0083;0.0006;0.3911;0.3911;0;19.958;19.958;6.9579;0.0489;364.7;1072.4;1;0.0083;0.0083;0;0;0;0;0;0;0.3828;0.2948;0;17.231;19.953;12.987;15.039;97.872;97.872;3.5996;3.2982;2.4859;0.3014;0.8123;0.0837;0.2257;0.6906;88.111;0.6575;0
02/07/21 13:00;28.191;23.212;54.1;53.672;36.328;90;36.328;195.8;185.2;10.599;13.3;4.03;0;13.156;164.36;3.9015;0;2.4736;183.89;0;183.89;13.156;3.9015;164.36;2.4736;0.0715;0.9072;0;0.0135;171.79;12.098;0;0;9.8642;2.2341;166.12;5.3311;0.2482;0.0736;4.9784;0.0309;171.45;0.3436;0.0263;0.0078;0.309;0.0005;166.98;12.881;3.8201;149.21;0.2081;120.31;104.19;26.666;4.8123;1.1335;16.305;0.8598;12.626;0;1;0;0;0.9392;0.9342;1;1;0.94;0.0968;0.9689;0.9811;1;0.9677;0.8707;0.998;0.998;1;0.998;0.998;0.9034;0.9078;0.0841;0.5233;0.5104;0.0031;0.0171;-0.0066;0.0035;0.0123;0.003;0;0;0.088;0.37;0;0;0;0;0;0;0;0;0;0;0;0;0.0099;0.0008;0.4671;0.4671;0;21.428;21.428;8.1276;0.0489;435.81;1071.9;1;0.0091;0.0091;0;0;0;0;0;0;0.458;0.37;0;16.786;19.438;13.296;15.397;98.047;98.047;4.4134;3.9395;3.1204;0.474;0.819;0.1074;0.1856;0.707;113.57;0.663;0
02/07/21 14:00;22.032;36.869;47.867;33.998;56.002;90;56.002;235;180.4;54.6;13.4;3.5801;0;97.647;125.15;35.525;0;6.7338;265.06;0;265.06;97.647;35.525;125.15;6.7338;0.3684;0.4976;0;0.0254;244.51;20.544;0;0;14.236;6.308;238.68;5.3467;1.1193;0.4072;3.7997;0.0205;244.02;0.489;0.1953;0.071;0.2218;0.0009;241.03;96.332;35.047;106.89;0.4045;123.91;107.3;29.294;16.375;1.7906;25.757;2.3516;11.173;0;1;0;0;1.1279;0.9225;1;1;0.8862;0.0632;0.9781;0.9885;1;0.9657;0.9519;0.998;0.998;1;0.998;0.998;0.9005;0.8541;0.0601;0.7543;0.7412;0.0045;0.0154;0.0002;0.005;0.0179;0.0048;0;0;0.088;0.5777;0;0;0;0;0;0;0;0;0;0;0;0;0.0144;0.0016;0.6774;0.6774;0;25.079;25.079;11.678;0.0489;633.38;1069.5;1;0.0117;0.0117;0;0;0;0;0;0;0.6657;0.5777;0;16.888;19.556;14.401;16.676;98.268;98.268;6.3614;5.7126;4.8715;0.6488;0.8411;0.102;0.1322;0.7658;104.08;0.7139;0
02/07/21 15:00;13.706;48.451;54.924;18.05;30.668;90;30.668;49.501;48.898;0.6023;12.97;2.67;0;1.4608;45.391;0.2281;0;0.45;47.53;0;47.53;1.4608;0.2281;45.391;0.45;0.0307;0.9645;0;0.0095;45.049;2.4815;0;0;2.0858;0.3957;43.508;1.4501;0.0302;0.0047;1.4058;0.0094;44.959;0.0901;0.0029;0.0005;0.0866;0.0001;43.653;1.4277;0.2229;41.813;0.0448;30.061;26.032;6.5069;0.7419;0.2634;3.789;0.1445;3.3106;0;1;0;0;0.9602;0.9478;1;1;0.954;0.1206;0.9677;0.9793;1;0.9675;0.8264;0.998;0.998;1;0.998;0.998;0.9154;0.9212;0.0995;0.1353;0.1325;0.0008;0.0126;-0.0048;0.0009;0.0031;0.0007;0;0;0.088;0.0235;0;0;0;0;0;0;0;0;0;0;0;0;0.0025;0.0001;0.1167;0.1167;0;15.118;15.118;2.148;0.0494;111.64;1045.3;1;0.0052;0.0052;0;0;0;0;0;0;0.1115;0.0235;0;16.225;18.788;3.2736;3.7907;95.582;95.582;1.1407;0.9842;0.1986;0.1566;0.7856;0.1372;0.6887;0.1741;30.057;0.1643;0
02/07/21 16:00;4.5527;57.643;78.901;5.385;7.7712;90;7.7712;38.698;37.297;1.4008;12.2;2.99;0;3.3972;36.63;1.2076;0;0.0231;41.258;0;41.258;3.3972;1.2076;36.63;0.0231;0.0823;0.8884;0;0.0006;41.064;0.1939;0;0;0.1747;0.0192;38.142;2.8405;0.9627;0.3422;1.5347;0.0009;40.982;0.0821;0.0068;0.0024;0.0729;0;38.145;2.4277;0.863;34.848;0.003;21.86;18.931;4.4636;0.0038;0.1742;2.5052;0.0031;2.6756;0;1;0;0;1.0662;0.9953;1;1;0.9952;0.1675;0.9307;0.716;1;0.9578;0.7754;0.998;0.998;1;0.998;0.998;0.9245;0.9513;0.1296;0.1174;0.1142;0.0007;0.0118;-0.0046;0.0007;0.0026;0.0004;0;0;0.088;0.0075;0;0;0;0;0;0;0;0;0;0;0;0;0.0021;0.0001;0.1002;0.1002;0;14.084;14.084;1.8846;0.0494;95.979;1044.1;1;0.0047;0.0047;0;0;0;0;0;0;0.0955;0.0075;0;16.049;18.585;1.2035;1.3936;95.317;95.317;0.9902;0.8451;0.0634;0.1451;0.7817;0.1466;0.7894;0.064;21.851;0.0612;0
02/07/21 17:00;0;0;90;0;0;90;0;0;0;0;10.1;3.53;0;0;0;0;0;0;0;0;0;0;0;0;0;1;1;1;1;0;0;0;0;0;0;0;0;0;0;0;0;0;0;0;0;0;0;0;0;0;0;0;0;0;0;0;0;0;0;0;0;0;0;0;1;1;1;1;1;1;1;1;1;1;1;1;1;1;1;1;1;1;1;0;0;0;0;0;0;0;0;0;0.0004;0.088;-0.0884;0;0;0;0;0;0;0;0;0;0;0;0;0;0;0;0;0;0;0;-10.1;0;0;0;0;0.0004;0;0;0;0;0;0;0;-0.0004;-0.0884;0;0;0;0;0;0;0;0;0;-0.7452;0;0.7452;1;1;0;0;0;0
02/07/21 18:00;0;0;90;0;0;90;0;0;0;0;9.5001;4.03;0;0;0;0;0;0;0;0;0;0;0;0;0;1;1;1;1;0;0;0;0;0;0;0;0;0;0;0;0;0;0;0;0;0;0;0;0;0;0;0;0;0;0;0;0;0;0;0;0;0;0;0;1;1;1;1;1;1;1;1;1;1;1;1;1;1;1;1;1;1;1;0;0;0;0;0;0;0;0;0;0.0004;0.088;-0.0884;0;0;0;0;0;0;0;0;0;0;0;0;0;0;0;0;0;0;0;-9.5001;0;0;0;0;0.0004;0;0;0;0;0;0;0;-0.0004;-0.0884;0;0;0;0;0;0;0;0;0;-0.7452;0;0.7452;1;1;0;0;0;0
02/07/21 19:00;0;0;90;0;0;90;0;0;0;0;9.99;4.4699;0;0;0;0;0;0;0;0;0;0;0;0;0;1;1;1;1;0;0;0;0;0;0;0;0;0;0;0;0;0;0;0;0;0;0;0;0;0;0;0;0;0;0;0;0;0;0;0;0;0;0;0;1;1;1;1;1;1;1;1;1;1;1;1;1;1;1;1;1;1;1;0;0;0;0;0;0;0;0;0;0.0004;0.088;-0.0884;0;0;0;0;0;0;0;0;0;0;0;0;0;0;0;0;0;0;0;-9.99;0;0;0;0;0.0004;0;0;0;0;0;0;0;-0.0004;-0.0884;0;0;0;0;0;0;0;0;0;-0.7452;0;0.7452;1;1;0;0;0;0
02/07/21 20:00;0;0;90;0;0;90;0;0;0;0;9.4602;4.67;0;0;0;0;0;0;0;0;0;0;0;0;0;1;1;1;1;0;0;0;0;0;0;0;0;0;0;0;0;0;0;0;0;0;0;0;0;0;0;0;0;0;0;0;0;0;0;0;0;0;0;0;1;1;1;1;1;1;1;1;1;1;1;1;1;1;1;1;1;1;1;0;0;0;0;0;0;0;0;0;0.0004;0.088;-0.0884;0;0;0;0;0;0;0;0;0;0;0;0;0;0;0;0;0;0;0;-9.4602;0;0;0;0;0.0004;0;0;0;0;0;0;0;-0.0004;-0.0884;0;0;0;0;0;0;0;0;0;-0.7452;0;0.7452;1;1;0;0;0;0
02/07/21 21:00;0;0;90;0;0;90;0;0;0;0;10.08;4.5499;0;0;0;0;0;0;0;0;0;0;0;0;0;1;1;1;1;0;0;0;0;0;0;0;0;0;0;0;0;0;0;0;0;0;0;0;0;0;0;0;0;0;0;0;0;0;0;0;0;0;0;0;1;1;1;1;1;1;1;1;1;1;1;1;1;1;1;1;1;1;1;0;0;0;0;0;0;0;0;0;0.0004;0.088;-0.0884;0;0;0;0;0;0;0;0;0;0;0;0;0;0;0;0;0;0;0;-10.08;0;0;0;0;0.0004;0;0;0;0;0;0;0;-0.0004;-0.0884;0;0;0;0;0;0;0;0;0;-0.7452;0;0.7452;1;1;0;0;0;0
02/07/21 22:00;0;0;90;0;0;90;0;0;0;0;10.09;4.2;0;0;0;0;0;0;0;0;0;0;0;0;0;1;1;1;1;0;0;0;0;0;0;0;0;0;0;0;0;0;0;0;0;0;0;0;0;0;0;0;0;0;0;0;0;0;0;0;0;0;0;0;1;1;1;1;1;1;1;1;1;1;1;1;1;1;1;1;1;1;1;0;0;0;0;0;0;0;0;0;0.0004;0.088;-0.0884;0;0;0;0;0;0;0;0;0;0;0;0;0;0;0;0;0;0;0;-10.09;0;0;0;0;0.0004;0;0;0;0;0;0;0;-0.0004;-0.0884;0;0;0;0;0;0;0;0;0;-0.7452;0;0.7452;1;1;0;0;0;0
02/07/21 23:00;0;0;90;0;0;90;0;0;0;0;10.04;3.7;0;0;0;0;0;0;0;0;0;0;0;0;0;1;1;1;1;0;0;0;0;0;0;0;0;0;0;0;0;0;0;0;0;0;0;0;0;0;0;0;0;0;0;0;0;0;0;0;0;0;0;0;1;1;1;1;1;1;1;1;1;1;1;1;1;1;1;1;1;1;1;0;0;0;0;0;0;0;0;0;0.0004;0.088;-0.0884;0;0;0;0;0;0;0;0;0;0;0;0;0;0;0;0;0;0;0;-10.04;0;0;0;0;0.0004;0;0;0;0;0;0;0;-0.0004;-0.0884;0;0;0;0;0;0;0;0;0;-0.7452;0;0.7452;1;1;0;0;0;0
03/07/21 00:00;0;0;90;0;0;90;0;0;0;0;9.0401;3.05;0;0;0;0;0;0;0;0;0;0;0;0;0;1;1;1;1;0;0;0;0;0;0;0;0;0;0;0;0;0;0;0;0;0;0;0;0;0;0;0;0;0;0;0;0;0;0;0;0;0;0;0;1;1;1;1;1;1;1;1;1;1;1;1;1;1;1;1;1;1;1;0;0;0;0;0;0;0;0;0;0.0004;0.088;-0.0884;0;0;0;0;0;0;0;0;0;0;0;0;0;0;0;0;0;0;0;-9.0401;0;0;0;0;0.0004;0;0;0;0;0;0;0;-0.0004;-0.0884;0;0;0;0;0;0;0;0;0;-0.7452;0;0.7452;1;1;0;0;0;0
03/07/21 01:00;0;0;90;0;0;90;0;0;0;0;8.1101;2.4699;0;0;0;0;0;0;0;0;0;0;0;0;0;1;1;1;1;0;0;0;0;0;0;0;0;0;0;0;0;0;0;0;0;0;0;0;0;0;0;0;0;0;0;0;0;0;0;0;0;0;0;0;1;1;1;1;1;1;1;1;1;1;1;1;1;1;1;1;1;1;1;0;0;0;0;0;0;0;0;0;0.0004;0.088;-0.0884;0;0;0;0;0;0;0;0;0;0;0;0;0;0;0;0;0;0;0;-8.1101;0;0;0;0;0.0004;0;0;0;0;0;0;0;-0.0004;-0.0884;0;0;0;0;0;0;0;0;0;-0.7452;0;0.7452;1;1;0;0;0;0
03/07/21 02:00;0;0;90;0;0;90;0;0;0;0;6.9102;2.26;0;0;0;0;0;0;0;0;0;0;0;0;0;1;1;1;1;0;0;0;0;0;0;0;0;0;0;0;0;0;0;0;0;0;0;0;0;0;0;0;0;0;0;0;0;0;0;0;0;0;0;0;1;1;1;1;1;1;1;1;1;1;1;1;1;1;1;1;1;1;1;0;0;0;0;0;0;0;0;0;0.0004;0.088;-0.0884;0;0;0;0;0;0;0;0;0;0;0;0;0;0;0;0;0;0;0;-6.9102;0;0;0;0;0.0004;0;0;0;0;0;0;0;-0.0004;-0.0884;0;0;0;0;0;0;0;0;0;-0.7452;0;0.7452;1;1;0;0;0;0
03/07/21 03:00;0;0;90;0;0;90;0;0;0;0;5.4603;1.8399;0;0;0;0;0;0;0;0;0;0;0;0;0;1;1;1;1;0;0;0;0;0;0;0;0;0;0;0;0;0;0;0;0;0;0;0;0;0;0;0;0;0;0;0;0;0;0;0;0;0;0;0;1;1;1;1;1;1;1;1;1;1;1;1;1;1;1;1;1;1;1;0;0;0;0;0;0;0;0;0;0.0004;0.088;-0.0884;0;0;0;0;0;0;0;0;0;0;0;0;0;0;0;0;0;0;0;-5.4603;0;0;0;0;0.0004;0;0;0;0;0;0;0;-0.0004;-0.0884;0;0;0;0;0;0;0;0;0;-0.7452;0;0.7452;1;1;0;0;0;0
03/07/21 04:00;0;0;90;0;0;90;0;0;0;0;5.4703;1.4201;0;0;0;0;0;0;0;0;0;0;0;0;0;1;1;1;1;0;0;0;0;0;0;0;0;0;0;0;0;0;0;0;0;0;0;0;0;0;0;0;0;0;0;0;0;0;0;0;0;0;0;0;1;1;1;1;1;1;1;1;1;1;1;1;1;1;1;1;1;1;1;0;0;0;0;0;0;0;0;0;0.0004;0.088;-0.0884;0;0;0;0;0;0;0;0;0;0;0;0;0;0;0;0;0;0;0;-5.4703;0;0;0;0;0.0004;0;0;0;0;0;0;0;-0.0004;-0.0884;0;0;0;0;0;0;0;0;0;-0.7452;0;0.7452;1;1;0;0;0;0
03/07/21 05:00;0;0;90;0;0;90;0;0;0;0;5.3899;1.25;0;0;0;0;0;0;0;0;0;0;0;0;0;1;1;1;1;0;0;0;0;0;0;0;0;0;0;0;0;0;0;0;0;0;0;0;0;0;0;0;0;0;0;0;0;0;0;0;0;0;0;0;1;1;1;1;1;1;1;1;1;1;1;1;1;1;1;1;1;1;1;0;0;0;0;0;0;0;0;0;0.0004;0.088;-0.0884;0;0;0;0;0;0;0;0;0;0;0;0;0;0;0;0;0;0;0;-5.3899;0;0;0;0;0.0004;0;0;0;0;0;0;0;-0.0004;-0.0884;0;0;0;0;0;0;0;0;0;-0.7452;0;0.7452;1;1;0;0;0;0
03/07/21 06:00;0;0;90;0;0;90;0;0;0;0;4.17;1.17;0;0;0;0;0;0;0;0;0;0;0;0;0;1;1;1;1;0;0;0;0;0;0;0;0;0;0;0;0;0;0;0;0;0;0;0;0;0;0;0;0;0;0;0;0;0;0;0;0;0;0;0;1;1;1;1;1;1;1;1;1;1;1;1;1;1;1;1;1;1;1;0;0;0;0;0;0;0;0;0;0.0004;0.088;-0.0884;0;0;0;0;0;0;0;0;0;0;0;0;0;0;0;0;0;0;0;-4.17;0;0;0;0;0.0004;0;0;0;0;0;0;0;-0.0004;-0.0884;0;0;0;0;0;0;0;0;0;-0.7452;0;0.7452;1;1;0;0;0;0
03/07/21 07:00;4.4649;-57.828;79.117;5.2706;7.6021;-90;-7.6021;24.594;23.003;1.5915;4.6699;1.15;0;3.8597;22.547;0.8627;0;0.0141;27.284;0;27.284;3.8597;0.8627;22.547;0.0141;0.1415;0.8269;0;0.0005;27.169;0.1149;0;0;0.1032;0.0117;24.796;2.3185;1.1205;0.2505;0.947;0.0005;27.115;0.0543;0.0077;0.0017;0.0449;0;24.798;2.7315;0.6106;21.452;0.0018;13.455;11.652;2.7475;0.0021;0.1072;1.5417;0.0018;1.6468;0;1;0;0;1.1094;0.9958;1;1;0.9954;0.1688;0.9145;0.7091;1;0.9577;0.776;0.998;0.998;1;0.998;0.998;0.9088;0.9514;0.1307;0.0776;0.074;0.0004;0.0096;-0.0051;0.0005;0.0017;0.0003;0;0;0.088;-0.0266;0;0;0;0;0;0;0;0;0;0;0;0;0.0014;0.0001;0.0652;0.0652;0;5.8944;5.8944;1.2245;0.0494;61.452;1061.2;1;0.0038;0.0038;0;0;0;0;0;0;0.0614;-0.0266;0;15.794;18.289;-6.4424;-7.4602;94.154;94.154;0.6548;0.5499;-0.2243;0.1049;0.7743;0.1602;1.1824;0;13.446;0;0
03/07/21 08:00;13.334;-49.003;55.991;17.434;29.171;-90;-29.171;70.793;68.402;2.3913;6.4003;1.33;0;5.7995;63.562;1.3012;0;0.5836;71.246;0;71.246;5.7995;1.3012;63.562;0.5836;0.0814;0.9003;0;0.0082;68.051;3.1956;0;0;2.6885;0.5071;65.749;2.1656;0.1356;0.0304;1.9858;0.0138;67.915;0.1361;0.0116;0.0026;0.1217;0.0002;65.927;5.6523;1.2682;58.766;0.0626;41.672;36.088;8.9672;0.8733;0.3585;5.1571;0.178;4.6423;0;1;0;0;1.0064;0.9551;1;1;0.9577;0.1311;0.9681;0.9766;1;0.9673;0.8198;0.998;0.998;1;0.998;0.998;0.9228;0.9245;0.1073;0.2028;0.199;0.0012;0.0147;-0.0112;0.0014;0.0048;0.001;0;0;0.088;0.0884;0;0;0;0;0;0;0;0;0;0;0;0;0.0039;0.0002;0.183;0.183;0;9.6151;9.6151;3.2149;0.0489;168.44;1086.3;1;0.0066;0.0066;0;0;0;0;0;0;0.1764;0.0884;0;16.97;19.651;8.1947;9.4893;96.386;96.386;1.7099;1.543;0.7451;0.1669;0.7979;0.0976;0.4666;0.4358;41.657;0.4134;0
03/07/21 09:00;21.752;-37.506;47.46;33.238;56.762;-90;-56.762;96.696;94.797;1.8996;7.6002;1.8399;0;3.4656;73.094;0.6706;0;2.8402;80.07;0;80.07;3.4656;0.6706;73.094;2.8402;0.0433;0.9483;0;0.0355;68.974;11.096;0;0;8.4497;2.6468;66.554;2.2823;0.0389;0.0075;2.2264;0.0094;68.836;0.1379;0.0069;0.0013;0.1293;0.0004;67.758;3.4198;0.6618;62.289;0.1835;61.89;53.597;15.041;10.03;0.9881;14.214;1.2043;5.1719;0;1;0;0;0.8281;0.8614;1;1;0.8844;0.0681;0.9668;0.9888;1;0.9655;0.9511;0.998;0.998;1;0.998;0.998;0.8312;0.8522;0.0646;0.2279;0.2223;0.0013;0.0153;-0.0115;0.0015;0.0054;0.0026;0;0;0.088;0.1083;0;0;0;0;0;0;0;0;0;0;0;0;0.0043;0.0002;0.203;0.203;0;10.857;10.857;3.2572;0.0489;187.8;1081.2;1;0.0067;0.0067;0;0;0;0;0;0;0.1963;0.1083;0;16.757;19.404;8.9416;10.354;96.7;96.7;1.9217;1.7123;0.9137;0.2094;0.7986;0.1089;0.4156;0.4755;61.32;0.4197;0
03/07/21 10:00;28.036;-23.931;53.782;52.702;37.298;-90;-37.298;219.39;194.5;24.89;8.3301;2.6;0;31.289;167.62;9.7948;0;2.9164;211.62;0;211.62;31.289;9.7948;167.62;2.9164;0.1479;0.8059;0;0.0138;198.54;13.08;0;0;10.448;2.6322;192.29;5.8493;0.5702;0.1785;5.0673;0.0333;198.14;0.3971;0.0626;0.0196;0.3143;0.0006;193.3;30.656;9.5967;151.79;0.2504;132.55;114.79;29.44;5.3719;1.2494;17.973;1.0105;13.85;0;1;0;0;0.9646;0.9382;1;1;0.9377;0.0975;0.9705;0.9817;1;0.9677;0.8827;0.998;0.998;1;0.998;0.998;0.9087;0.9056;0.0859;0.6023;0.5891;0.0035;0.0168;-0.0154;0.0041;0.0145;0.0034;0;0;0.088;0.4512;0;0;0;0;0;0;0;0;0;0;0;0;0.0117;0.0011;0.5494;0.5494;0;17.697;17.697;9.3672;0.0487;503.03;1092.2;1;0.0102;0.0102;0;0;0;0;0;0;0.5392;0.4512;0;17.155;19.865;14.089;16.315;98.145;98.145;5.0789;4.6331;3.8051;0.4457;0.8281;0.0878;0.163;0.7492;116.73;0.7044;0
03/07/21 11:00;31.477;-8.5091;57.507;76.414;13.586;-90;-13.586;299.19;232.9;66.294;8.7502;3.32;0;68.203;207.58;23.012;0;0.5442;299.34;0;299.34;68.203;23.012;207.58;0.5442;0.2278;0.6953;0;0.0018;296.39;2.9545;0;0;2.5027;0.4518;285.33;10.469;1.9037;0.6423;7.9019;0.0207;295.8;0.5928;0.1364;0.046;0.4102;0.0002;285.45;66.163;22.324;196.77;0.0715;176.95;153.24;36.933;0.1884;1.368;19.678;0.1193;20.857;0;1;0;0;1.0005;0.9901;1;1;0.9879;0.1698;0.9646;0.972;1;0.9614;0.7757;0.998;0.998;1;0.998;0.998;0.9532;0.9479;0.1314;0.8519;0.8561;0.0052;0.0141;-0.0071;0.0059;0.021;0.0037;0;0;0.088;0.6929;0;0;0;0;0;0;0;0;0;0;0;0;0.0169;0.002;0.7945;0.7945;0;22.665;22.665;13.915;0.0488;732.33;1084.9;1;0.0136;0.0136;0;0;0;0;0;0;0.7809;0.6929;0;17.538;20.309;15.296;17.713;98.292;98.292;7.1842;6.7001;5.8435;0.4841;0.8566;0.0674;0.1192;0.8134;125.71;0.7752;0
03/07/21 12:00;31.564;7.7061;57.604;77.687;12.313;90;12.313;334.39;235;99.393;9.54;3.77;0;101.73;198.93;34.551;0;0.5;335.71;0;335.71;101.73;34.551;198.93;0.5;0.303;0.594;0;0.0015;333.26;2.4556;0;0;2.0395;0.4161;320.98;11.613;2.872;0.9754;7.7466;0.0189;332.59;0.6665;0.2035;0.0691;0.3938;0.0002;321.08;98.658;33.506;188.75;0.0649;197.23;170.8;41.403;0.1262;1.5038;21.631;0.1042;23.009;0;1;0;0;1.0039;0.9927;1;1;0.9897;0.1678;0.9651;0.9717;1;0.9606;0.7747;0.998;0.998;1;0.998;0.998;0.9561;0.9488;0.1297;0.9554;0.962;0.0058;0.0127;0.0007;0.0066;0.0234;0.004;0;0;0.088;0.7845;0;0;0;0;0;0;0;0;0;0;0;0;0.0189;0.0025;0.8874;0.8874;0;25.214;25.214;15.674;0.0488;823.06;1078.2;1;0.0149;0.0149;0;0;0;0;0;0;0.8725;0.7845;0;17.467;20.226;15.442;17.882;98.325;98.325;8.0571;7.4835;6.616;0.5737;0.8674;0.0712;0.1077;0.8211;120;0.7834;0
03/07/21 13:00;28.281;23.2;54.04;53.788;36.212;90;36.212;422.59;138.4;284.19;10.38;3.9701;0;352.23;68.299;77.835;0;5.3059;503.67;0;503.67;352.23;77.835;68.299;5.3059;0.6993;0.1461;0;0.0105;494.8;8.8681;0;0;4.0784;4.7896;483.61;10.198;6.6025;1.459;2.0694;0.0672;493.81;0.9896;0.7045;0.1557;0.1284;0.001;485.18;344.92;76.22;62.022;0.448;217.68;188.51;48.117;1.9788;1.622;23.332;1.5652;22.975;0;1;0;0;1.1919;0.9824;1;1;0.9403;0.0973;0.9793;0.9812;1;0.9677;0.8696;0.998;0.998;1;0.998;0.998;0.9602;0.9081;0.0844;1.4334;1.4349;0.0086;0.006;0.046;0.0096;0.0341;0.0042;0;0;0.088;1.185;0;0;0;0;0;0;0;0;0;0;0;0;0.0275;0.0051;1.2936;1.2936;0;34.116;34.116;23.736;0.0491;1233.8;1048.5;1;0.0206;0.0206;0;0;0;0;0;0;1.273;1.185;0;16.971;19.652;15.547;18.003;98.409;98.409;12.088;10.909;9.9932;1.1792;0.9157;0.0976;0.0758;0.8267;47.147;0.799;0
03/07/21 14:00;22.122;36.878;47.819;34.113;55.887;90;55.887;91.5;90.101;1.3994;9.99;3.9199;0;2.4952;70.118;0.4516;0;2.612;75.677;0;75.677;2.4952;0.4516;70.118;2.612;0.033;0.9611;0;0.0345;65.278;10.399;0;0;7.9523;2.4468;62.978;2.1696;0.0285;0.0052;2.128;0.0079;65.147;0.1306;0.005;0.0009;0.1243;0.0003;64.084;2.4617;0.4456;59.913;0.157;58.684;50.82;14.196;9.1075;0.915;13.162;1.1063;4.9693;0;1;0;0;0.8271;0.8626;1;1;0.8866;0.0632;0.9667;0.9885;1;0.9657;0.9522;0.998;0.998;1;0.998;0.998;0.8322;0.8545;0.0601;0.2154;0.2097;0.0013;0.015;-0.0091;0.0014;0.005;0.0024;0;0;0.088;0.095;0;0;0;0;0;0;0;0;0;0;0;0;0.0041;0.0002;0.1895;0.1895;0;13.08;13.08;3.0899;0.0491;177.15;1069.5;1;0.0065;0.0065;0;0;0;0;0;0;0.183;0.095;0;16.543;19.157;8.293;9.6031;96.577;96.577;1.8162;1.5977;0.8009;0.2185;0.7968;0.1203;0.4387;0.441;58.241;0.3902;0
03/07/21 15:00;13.794;48.475;54.67;18.157;30.935;90;30.935;75.091;73.697;1.3943;9.7999;2.9401;0;3.3815;68.152;0.7907;0;0.6943;73.019;0;73.019;3.3815;0.7907;68.152;0.6943;0.0463;0.9429;0;0.0095;69.232;3.7863;0;0;3.175;0.6113;66.888;2.2059;0.068;0.0159;2.1078;0.0142;69.094;0.1385;0.0068;0.0016;0.13;0.0002;67.11;3.3068;0.7732;62.74;0.0686;45.222;39.162;9.7997;1.1477;0.3976;5.7194;0.2218;4.9693;0;1;0;0;0.9724;0.9481;1;1;0.9534;0.1195;0.9681;0.9799;1;0.9675;0.8281;0.998;0.998;1;0.998;0.998;0.916;0.9206;0.0988;0.2078;0.2035;0.0012;0.0148;-0.0089;0.0014;0.0049;0.001;0;0;0.088;0.0904;0;0;0;0;0;0;0;0;0;0;0;0;0.0039;0.0002;0.1848;0.1848;0;13.079;13.079;3.2795;0.049;172.41;1072;1;0.0065;0.0065;0;0;0;0;0;0;0.1784;0.0904;0;16.727;19.369;8.1769;9.4687;96.495;96.495;1.7525;1.5587;0.762;0.1937;0.7967;0.1105;0.4546;0.4348;45.214;0.4107;0
03/07/21 16:00;4.6372;57.676;78.693;5.4827;7.9159;90;7.9159;16.097;15.898;0.1985;9.2202;1.8301;0;0.4814;15.793;0.0716;0;0.01;16.356;0;16.356;0.4814;0.0716;15.793;0.01;0.0294;0.9662;0;0.0006;16.27;0.0859;0;0;0.0776;0.0083;15.424;0.8138;0.1333;0.0198;0.6603;0.0004;16.237;0.0325;0.001;0.0001;0.0314;0;15.425;0.3471;0.0516;15.024;0.0013;9.4245;8.1616;1.9243;0.0018;0.0751;1.0803;0.0014;1.1536;0;1;0;0;1.0161;0.9947;1;1;0.9951;0.1675;0.9499;0.7226;1;0.9579;0.7754;0.998;0.998;1;0.998;0.998;0.943;0.9513;0.1296;0.0465;0.0463;0.0003;0.0075;-0.0025;0.0003;0.001;0.0002;0;0;0.088;-0.0523;0;0;0;0;0;0;0;0;0;0;0;0;0.0008;0;0.0386;0.0386;0;9.9907;9.9907;0.7705;0.05;37.801;1021.4;1;0.0029;0.0029;0;0;0;0;0;0;0.0357;-0.0523;0;15.598;18.062;-21.144;-24.484;92.377;92.377;0.3925;0.3256;-0.4413;0.067;0.7669;0.1706;1.9538;0;9.4234;0;0
03/07/21 17:00;0;0;90;0;0;90;0;0;0;0;7.4599;1.5801;0;0;0;0;0;0;0;0;0;0;0;0;0;1;1;1;1;0;0;0;0;0;0;0;0;0;0;0;0;0;0;0;0;0;0;0;0;0;0;0;0;0;0;0;0;0;0;0;0;0;0;0;1;1;1;1;1;1;1;1;1;1;1;1;1;1;1;1;1;1;1;0;0;0;0;0;0;0;0;0;0.0004;0.088;-0.0884;0;0;0;0;0;0;0;0;0;0;0;0;0;0;0;0;0;0;0;-7.4599;0;0;0;0;0.0004;0;0;0;0;0;0;0;-0.0004;-0.0884;0;0;0;0;0;0;0;0;0;-0.7452;0;0.7452;1;1;0;0;0;0
03/07/21 18:00;0;0;90;0;0;90;0;0;0;0;5.3001;1.46;0;0;0;0;0;0;0;0;0;0;0;0;0;1;1;1;1;0;0;0;0;0;0;0;0;0;0;0;0;0;0;0;0;0;0;0;0;0;0;0;0;0;0;0;0;0;0;0;0;0;0;0;1;1;1;1;1;1;1;1;1;1;1;1;1;1;1;1;1;1;1;0;0;0;0;0;0;0;0;0;0.0004;0.088;-0.0884;0;0;0;0;0;0;0;0;0;0;0;0;0;0;0;0;0;0;0;-5.3001;0;0;0;0;0.0004;0;0;0;0;0;0;0;-0.0004;-0.0884;0;0;0;0;0;0;0;0;0;-0.7452;0;0.7452;1;1;0;0;0;0
03/07/21 19:00;0;0;90;0;0;90;0;0;0;0;3.3603;1.47;0;0;0;0;0;0;0;0;0;0;0;0;0;1;1;1;1;0;0;0;0;0;0;0;0;0;0;0;0;0;0;0;0;0;0;0;0;0;0;0;0;0;0;0;0;0;0;0;0;0;0;0;1;1;1;1;1;1;1;1;1;1;1;1;1;1;1;1;1;1;1;0;0;0;0;0;0;0;0;0;0.0004;0.088;-0.0884;0;0;0;0;0;0;0;0;0;0;0;0;0;0;0;0;0;0;0;-3.3603;0;0;0;0;0.0004;0;0;0;0;0;0;0;-0.0004;-0.0884;0;0;0;0;0;0;0;0;0;-0.7452;0;0.7452;1;1;0;0;0;0
03/07/21 20:00;0;0;90;0;0;90;0;0;0;0;5.1898;1.71;0;0;0;0;0;0;0;0;0;0;0;0;0;1;1;1;1;0;0;0;0;0;0;0;0;0;0;0;0;0;0;0;0;0;0;0;0;0;0;0;0;0;0;0;0;0;0;0;0;0;0;0;1;1;1;1;1;1;1;1;1;1;1;1;1;1;1;1;1;1;1;0;0;0;0;0;0;0;0;0;0.0004;0.088;-0.0884;0;0;0;0;0;0;0;0;0;0;0;0;0;0;0;0;0;0;0;-5.1898;0;0;0;0;0.0004;0;0;0;0;0;0;0;-0.0004;-0.0884;0;0;0;0;0;0;0;0;0;-0.7452;0;0.7452;1;1;0;0;0;0
03/07/21 21:00;0;0;90;0;0;90;0;0;0;0;5.7003;1.9801;0;0;0;0;0;0;0;0;0;0;0;0;0;1;1;1;1;0;0;0;0;0;0;0;0;0;0;0;0;0;0;0;0;0;0;0;0;0;0;0;0;0;0;0;0;0;0;0;0;0;0;0;1;1;1;1;1;1;1;1;1;1;1;1;1;1;1;1;1;1;1;0;0;0;0;0;0;0;0;0;0.0004;0.088;-0.0884;0;0;0;0;0;0;0;0;0;0;0;0;0;0;0;0;0;0;0;-5.7003;0;0;0;0;0.0004;0;0;0;0;0;0;0;-0.0004;-0.0884;0;0;0;0;0;0;0;0;0;-0.7452;0;0.7452;1;1;0;0;0;0
03/07/21 22:00;0;0;90;0;0;90;0;0;0;0;5.4802;2.19;0;0;0;0;0;0;0;0;0;0;0;0;0;1;1;1;1;0;0;0;0;0;0;0;0;0;0;0;0;0;0;0;0;0;0;0;0;0;0;0;0;0;0;0;0;0;0;0;0;0;0;0;1;1;1;1;1;1;1;1;1;1;1;1;1;1;1;1;1;1;1;0;0;0;0;0;0;0;0;0;0.0004;0.088;-0.0884;0;0;0;0;0;0;0;0;0;0;0;0;0;0;0;0;0;0;0;-5.4802;0;0;0;0;0.0004;0;0;0;0;0;0;0;-0.0004;-0.0884;0;0;0;0;0;0;0;0;0;-0.7452;0;0.7452;1;1;0;0;0;0
03/07/21 23:00;0;0;90;0;0;90;0;0;0;0;6.0998;2.2399;0;0;0;0;0;0;0;0;0;0;0;0;0;1;1;1;1;0;0;0;0;0;0;0;0;0;0;0;0;0;0;0;0;0;0;0;0;0;0;0;0;0;0;0;0;0;0;0;0;0;0;0;1;1;1;1;1;1;1;1;1;1;1;1;1;1;1;1;1;1;1;0;0;0;0;0;0;0;0;0;0.0004;0.088;-0.0884;0;0;0;0;0;0;0;0;0;0;0;0;0;0;0;0;0;0;0;-6.0998;0;0;0;0;0.0004;0;0;0;0;0;0;0;-0.0004;-0.0884;0;0;0;0;0;0;0;0;0;-0.7452;0;0.7452;1;1;0;0;0;0
04/07/21 00:00;0;0;90;0;0;90;0;0;0;0;5.8997;2.41;0;0;0;0;0;0;0;0;0;0;0;0;0;1;1;1;1;0;0;0;0;0;0;0;0;0;0;0;0;0;0;0;0;0;0;0;0;0;0;0;0;0;0;0;0;0;0;0;0;0;0;0;1;1;1;1;1;1;1;1;1;1;1;1;1;1;1;1;1;1;1;0;0;0;0;0;0;0;0;0;0.0004;0.088;-0.0884;0;0;0;0;0;0;0;0;0;0;0;0;0;0;0;0;0;0;0;-5.8997;0;0;0;0;0.0004;0;0;0;0;0;0;0;-0.0004;-0.0884;0;0;0;0;0;0;0;0;0;-0.7452;0;0.7452;1;1;0;0;0;0
04/07/21 01:00;0;0;90;0;0;90;0;0;0;0;4.8301;2.58;0;0;0;0;0;0;0;0;0;0;0;0;0;1;1;1;1;0;0;0;0;0;0;0;0;0;0;0;0;0;0;0;0;0;0;0;0;0;0;0;0;0;0;0;0;0;0;0;0;0;0;0;1;1;1;1;1;1;1;1;1;1;1;1;1;1;1;1;1;1;1;0;0;0;0;0;0;0;0;0;0.0004;0.088;-0.0884;0;0;0;0;0;0;0;0;0;0;0;0;0;0;0;0;0;0;0;-4.8301;0;0;0;0;0.0004;0;0;0;0;0;0;0;-0.0004;-0.0884;0;0;0;0;0;0;0;0;0;-0.7452;0;0.7452;1;1;0;0;0;0
04/07/21 02:00;0;0;90;0;0;90;0;0;0;0;5.1;2.73;0;0;0;0;0;0;0;0;0;0;0;0;0;1;1;1;1;0;0;0;0;0;0;0;0;0;0;0;0;0;0;0;0;0;0;0;0;0;0;0;0;0;0;0;0;0;0;0;0;0;0;0;1;1;1;1;1;1;1;1;1;1;1;1;1;1;1;1;1;1;1;0;0;0;0;0;0;0;0;0;0.0004;0.088;-0.0884;0;0;0;0;0;0;0;0;0;0;0;0;0;0;0;0;0;0;0;-5.1;0;0;0;0;0.0004;0;0;0;0;0;0;0;-0.0004;-0.0884;0;0;0;0;0;0;0;0;0;-0.7452;0;0.7452;1;1;0;0;0;0
04/07/21 03:00;0;0;90;0;0;90;0;0;0;0;6.0001;2.65;0;0;0;0;0;0;0;0;0;0;0;0;0;1;1;1;1;0;0;0;0;0;0;0;0;0;0;0;0;0;0;0;0;0;0;0;0;0;0;0;0;0;0;0;0;0;0;0;0;0;0;0;1;1;1;1;1;1;1;1;1;1;1;1;1;1;1;1;1;1;1;0;0;0;0;0;0;0;0;0;0.0004;0.088;-0.0884;0;0;0;0;0;0;0;0;0;0;0;0;0;0;0;0;0;0;0;-6.0001;0;0;0;0;0.0004;0;0;0;0;0;0;0;-0.0004;-0.0884;0;0;0;0;0;0;0;0;0;-0.7452;0;0.7452;1;1;0;0;0;0
04/07/21 04:00;0;0;90;0;0;90;0;0;0;0;6.2401;2.7001;0;0;0;0;0;0;0;0;0;0;0;0;0;1;1;1;1;0;0;0;0;0;0;0;0;0;0;0;0;0;0;0;0;0;0;0;0;0;0;0;0;0;0;0;0;0;0;0;0;0;0;0;1;1;1;1;1;1;1;1;1;1;1;1;1;1;1;1;1;1;1;0;0;0;0;0;0;0;0;0;0.0004;0.088;-0.0884;0;0;0;0;0;0;0;0;0;0;0;0;0;0;0;0;0;0;0;-6.2401;0;0;0;0;0.0004;0;0;0;0;0;0;0;-0.0004;-0.0884;0;0;0;0;0;0;0;0;0;-0.7452;0;0.7452;1;1;0;0;0;0
04/07/21 05:00;0;0;90;0;0;90;0;0;0;0;6.0998;2.73;0;0;0;0;0;0;0;0;0;0;0;0;0;1;1;1;1;0;0;0;0;0;0;0;0;0;0;0;0;0;0;0;0;0;0;0;0;0;0;0;0;0;0;0;0;0;0;0;0;0;0;0;1;1;1;1;1;1;1;1;1;1;1;1;1;1;1;1;1;1;1;0;0;0;0;0;0;0;0;0;0.0004;0.088;-0.0884;0;0;0;0;0;0;0;0;0;0;0;0;0;0;0;0;0;0;0;-6.0998;0;0;0;0;0.0004;0;0;0;0;0;0;0;-0.0004;-0.0884;0;0;0;0;0;0;0;0;0;-0.7452;0;0.7452;1;1;0;0;0;0
04/07/21 06:00;0;0;90;0;0;90;0;0;0;0;5.5301;3.1199;0;0;0;0;0;0;0;0;0;0;0;0;0;1;1;1;1;0;0;0;0;0;0;0;0;0;0;0;0;0;0;0;0;0;0;0;0;0;0;0;0;0;0;0;0;0;0;0;0;0;0;0;1;1;1;1;1;1;1;1;1;1;1;1;1;1;1;1;1;1;1;0;0;0;0;0;0;0;0;0;0.0004;0.088;-0.0884;0;0;0;0;0;0;0;0;0;0;0;0;0;0;0;0;0;0;0;-5.5301;0;0;0;0;0.0004;0;0;0;0;0;0;0;-0.0004;-0.0884;0;0;0;0;0;0;0;0;0;-0.7452;0;0.7452;1;1;0;0;0;0
04/07/21 07:00;4.4921;-57.921;79.05;5.2973;7.6415;-90;-7.6415;22.602;21.599;1.0027;5.8997;3.5899;0;2.4319;21.295;0.5073;0;0.013;24.247;0;24.247;2.4319;0.5073;21.295;0.013;0.1003;0.8788;0;0.0005;24.138;0.1091;0;0;0.0983;0.0108;22.348;1.7414;0.7007;0.1462;0.8939;0.0005;24.09;0.0483;0.0049;0.001;0.0424;0;22.35;1.7263;0.3601;20.26;0.0017;12.705;11.003;2.5941;0.0021;0.1012;1.4562;0.0017;1.5553;0;1;0;0;1.0728;0.9955;1;1;0.9954;0.1688;0.9277;0.7113;1;0.9577;0.7759;0.998;0.998;1;0.998;0.998;0.9217;0.9514;0.1307;0.069;0.0669;0.0004;0.0091;-0.0043;0.0004;0.0015;0.0003;0;0;0.088;-0.0334;0;0;0;0;0;0;0;0;0;0;0;0;0.0012;0;0.0582;0.0582;0;7.0062;7.0062;1.1065;0.0495;55.336;1051.6;1;0.0036;0.0036;0;0;0;0;0;0;0.0546;-0.0334;0;15.858;18.364;-9.0973;-10.534;93.862;93.862;0.5819;0.4907;-0.2815;0.0912;0.7722;0.1567;1.327;0;12.699;0;0
04/07/21 08:00;13.372;-49.094;55.883;17.459;29.231;-90;-29.231;144.91;79.198;65.71;6.0998;3.47;0;159.36;58.217;41.285;0;1.1994;260.07;0;260.07;159.36;41.285;58.217;1.1994;0.6128;0.2285;0;0.0046;256.55;3.513;0;0;2.4705;1.0425;249.56;6.4786;3.6791;0.9531;1.8182;0.0282;256.04;0.5131;0.3187;0.0826;0.1115;0.0003;249.72;155.37;40.249;53.816;0.1285;38.575;33.406;8.3465;0.8058;0.3287;4.7287;0.1639;4.2517;0;1;0;0;1.7947;0.9865;1;1;0.9576;0.1308;0.9747;0.9769;1;0.9673;0.8201;0.998;0.998;1;0.998;0.998;0.9596;0.9244;0.1071;0.7401;0.724;0.0044;0.0156;-0.0174;0.005;0.0179;0.0009;0;0;0.088;0.5815;0;0;0;0;0;0;0;0;0;0;0;0;0.0144;0.0015;0.6816;0.6816;0;18.237;18.237;12.138;0.0486;620.01;1099.3;1;0.0121;0.0121;0;0;0;0;0;0;0.6695;0.5815;0;17.318;20.054;14.774;17.108;98.222;98.222;6.2416;5.7478;4.9035;0.4938;0.8443;0.0791;0.1353;0.7856;38.17;0.7751;0
04/07/21 09:00;21.803;-37.593;47.365;33.255;56.745;-90;-56.745;350.39;60.3;290.09;7.5703;3.4101;0;529.02;19.101;64.97;0;10.286;623.37;0;623.37;529.02;64.97;19.101;10.286;0.8486;0.0471;0;0.0165;611.58;11.793;0;0;2.2072;9.586;603.11;7.2504;5.9088;0.7257;0.5818;0.0341;610.36;1.2232;1.058;0.1299;0.0338;0.0014;605.09;522.05;64.114;16.279;0.6648;98.027;84.891;20.686;2.6208;0.9067;13.042;1.9789;11.328;0;1;0;0;1.7791;0.9811;1;1;0.8844;0.0681;0.9881;0.9888;1;0.9655;0.9512;0.998;0.998;1;0.998;0.998;0.9675;0.8522;0.0646;1.7741;1.7573;0.0106;0.002;0.0752;0.0117;0.0414;0.0024;0;0;0.088;1.4598;0;0;0;0;0;0;0;0;0;0;0;0;0.0334;0.0075;1.5732;1.5732;0;37.22;37.22;29.65;0.0492;1512.9;1039.9;1;0.0254;0.0254;0;0;0;0;0;0;1.5478;1.4598;0;16.676;19.311;15.474;17.919;98.386;98.386;14.961;13.267;12.311;1.6942;0.9562;0.1132;0.0639;0.8229;16.022;0.8102;0
04/07/21 10:00;28.103;-24.01;53.686;52.694;37.306;-90;-37.306;500.91;82.597;418.31;8.5202;3.69;0;525.9;24.338;69.758;0;6.6612;626.66;0;626.66;525.9;69.758;24.338;6.6612;0.8392;0.0495;0;0.0106;619.13;7.5296;0;0;1.5175;6.0121;606.34;11.555;9.4854;1.2582;0.7357;0.0759;617.89;1.2383;1.0518;0.1395;0.0456;0.0013;608.27;515.37;68.36;22.039;0.5719;246.34;213.33;53.827;0.7821;1.7815;25.627;1.9366;26.626;0;1;0;0;1.2511;0.988;1;1;0.9376;0.0974;0.9813;0.9819;1;0.9677;0.8828;0.998;0.998;1;0.998;0.998;0.9676;0.9055;0.0858;1.7834;1.7917;0.0108;0.0016;0.0838;0.0119;0.0421;0.0046;0;0;0.088;1.4815;0;0;0;0;0;0;0;0;0;0;0;0;0.0339;0.0077;1.5952;1.5952;0;38.356;38.356;29.836;0.0492;1541.4;1034.9;1;0.0257;0.0257;0;0;0;0;0;0;1.5695;1.4815;0;16.821;19.478;15.622;18.09;98.388;98.388;15.04;13.452;12.493;1.5873;0.959;0.1055;0.0638;0.8307;16.949;0.806;0
04/07/21 11:00;31.559;-8.5698;57.415;76.363;13.637;-90;-13.637;356.8;219.1;137.7;8.9703;3.71;0;141.69;173.02;44.872;0;0.6538;360.24;0;360.24;141.69;44.872;173.02;0.6538;0.3933;0.4821;0;0.0018;357.6;2.6419;0;0;2.0991;0.5428;345.13;11.756;3.9121;1.2389;6.5801;0.0248;356.88;0.7152;0.2834;0.0897;0.3418;0.0002;345.27;137.5;43.543;164;0.0859;209.56;181.48;44.214;0.1592;1.585;22.799;0.1451;24.225;0;1;0;0;1.0096;0.9927;1;1;0.9879;0.1698;0.9671;0.9723;1;0.9614;0.7758;0.998;0.998;1;0.998;0.998;0.958;0.9479;0.1314;1.0252;1.0335;0.0062;0.0117;0.003;0.0071;0.0251;0.0042;0;0;0.088;0.8492;0;0;0;0;0;0;0;0;0;0;0;0;0.0202;0.0028;0.953;0.953;0;25.824;25.824;16.854;0.0488;884.93;1077;1;0.0158;0.0158;0;0;0;0;0;0;0.9372;0.8492;0;17.482;20.243;15.577;18.038;98.337;98.337;8.6457;8.037;7.1613;0.6087;0.8758;0.0704;0.1013;0.8283;104.8;0.7908;0
04/07/21 12:00;31.655;7.671;57.522;77.784;12.216;90;12.216;265.81;230.9;34.905;9.7501;3.5701;0;35.713;216.8;11.886;0;0.3912;264.79;0;264.79;35.713;11.886;216.8;0.3912;0.1349;0.8202;0;0.0015;262.27;2.5192;0;0;2.1936;0.3256;251.95;9.8028;0.9986;0.3324;8.457;0.0148;261.75;0.5245;0.0714;0.0238;0.4292;0.0001;252.03;34.643;11.53;205.72;0.0508;157.73;136.59;32.689;0.1336;1.2322;17.725;0.0802;18.824;0;1;0;0;0.9962;0.9905;1;1;0.9899;0.1678;0.9625;0.972;1;0.9605;0.7747;0.998;0.998;1;0.998;0.998;0.9515;0.9489;0.1297;0.7536;0.7566;0.0046;0.0153;-0.008;0.0052;0.0185;0.0033;0;0;0.088;0.601;0;0;0;0;0;0;0;0;0;0;0;0;0.0149;0.0016;0.7012;0.7012;0;22.042;22.042;12.292;0.0488;647.13;1083.5;1;0.0122;0.0122;0;0;0;0;0;0;0.689;0.601;0;17.498;20.262;14.997;17.366;98.256;98.256;6.355;5.9131;5.0679;0.4419;0.8452;0.0695;0.133;0.7975;130.74;0.7594;0
04/07/21 13:00;28.377;23.191;53.974;53.907;36.093;90;36.093;168.29;163.2;5.0918;9.7201;3.3499;0;6.3012;146.34;1.6368;0;2.0996;156.38;0;156.38;6.3012;1.6368;146.34;2.0996;0.0403;0.9492;0;0.0134;145.79;10.588;0;0;8.6939;1.8943;140.89;4.6101;0.1173;0.0305;4.4354;0.0269;145.5;0.2916;0.0126;0.0033;0.2753;0.0004;141.62;6.1713;1.6031;132.94;0.1779;104.08;90.136;23.048;4.1901;0.9837;14.15;0.7323;10.944;0;1;0;0;0.9292;0.9323;1;1;0.9406;0.0978;0.9683;0.9814;1;0.9677;0.8685;0.998;0.998;1;0.998;0.998;0.9009;0.9084;0.0848;0.445;0.4335;0.0026;0.0173;-0.0131;0.003;0.0106;0.0026;0;0;0.088;0.3048;0;0;0;0;0;0;0;0;0;0;0;0;0.0085;0.0006;0.4014;0.4014;0;16.596;16.596;6.8755;0.0488;369.65;1085.8;1;0.0086;0.0086;0;0;0;0;0;0;0.3928;0.3048;0;16.961;19.64;12.88;14.915;97.866;97.866;3.7531;3.3849;2.5705;0.3682;0.8143;0.0981;0.217;0.6849;100.93;0.6415;0
04/07/21 14:00;22.218;36.891;47.765;34.232;55.768;90;55.768;117.09;114.7;2.3909;10.21;2.75;0;4.2501;89.183;0.9753;0;3.3294;97.738;0;97.738;4.2501;0.9753;89.183;3.3294;0.0435;0.9465;0;0.0341;84.536;13.202;0;0;10.083;3.1189;81.591;2.775;0.0485;0.0111;2.7055;0.01;84.366;0.1691;0.0085;0.002;0.1582;0.0004;82.99;4.1932;0.9622;76.236;0.2002;74.774;64.755;18.098;11.497;1.1582;16.661;1.3988;6.3221;0;1;0;0;0.8347;0.8649;1;1;0.8869;0.0632;0.9671;0.9886;1;0.9657;0.9526;0.998;0.998;1;0.998;0.998;0.8348;0.8548;0.0601;0.2782;0.2708;0.0016;0.0161;-0.0106;0.0018;0.0065;0.0031;0;0;0.088;0.1517;0;0;0;0;0;0;0;0;0;0;0;0;0.0053;0.0003;0.2466;0.2466;0;14.205;14.205;3.9954;0.049;229.42;1075;1;0.0069;0.0069;0;0;0;0;0;0;0.2397;0.1517;0;16.674;19.308;10.255;11.875;97.184;97.184;2.3457;2.0798;1.2791;0.2659;0.8007;0.1134;0.3413;0.5453;73.979;0.4836;0
04/07/21 15:00;13.887;48.503;54.404;18.267;31.214;90;31.214;58.604;57.699;0.9049;10.11;1.8301;0;2.1946;53.37;0.3991;0;0.5514;56.515;0;56.515;2.1946;0.3991;53.37;0.5514;0.0388;0.9541;0;0.0098;53.507;3.0083;0;0;2.5221;0.4862;51.69;1.71;0.0428;0.0078;1.6483;0.0111;53.4;0.107;0.0044;0.0008;0.1017;0.0001;51.867;2.1474;0.3905;49.098;0.054;35.482;30.728;7.6977;0.9271;0.3131;4.5044;0.1778;3.8904;0;1;0;0;0.9644;0.9468;1;1;0.9527;0.1183;0.968;0.9804;1;0.9675;0.83;0.998;0.998;1;0.998;0.998;0.9146;0.92;0.098;0.1608;0.1574;0.0009;0.0135;-0.0071;0.0011;0.0037;0.0008;0;0;0.088;0.0473;0;0;0;0;0;0;0;0;0;0;0;0;0.003;0.0001;0.1413;0.1413;0;12.651;12.651;2.5411;0.0492;132.94;1063.2;1;0.006;0.006;0;0;0;0;0;0;0.1353;0.0473;0;16.527;19.138;5.534;6.4082;95.744;95.744;1.3564;1.192;0.3991;0.1644;0.7928;0.1212;0.5845;0.2943;35.477;0.2777;0
04/07/21 16:00;4.7254;57.715;78.475;5.5845;8.0668;90;8.0668;11.604;11.501;0.1022;9.6603;2.05;0;0.248;11.434;0.0262;0;0.0075;11.715;0;11.715;0.248;0.0262;11.434;0.0075;0.0212;0.9766;0;0.0006;11.651;0.0642;0;0;0.058;0.0062;11.076;0.5514;0.067;0.0071;0.477;0.0003;11.628;0.0233;0.0005;0.0001;0.0228;0;11.078;0.1805;0.0191;10.876;0.001;6.8249;5.9104;1.3937;0.0014;0.0544;0.7823;0.0011;0.8353;0;1;0;0;1.0096;0.9945;1;1;0.9949;0.1675;0.9526;0.7292;1;0.958;0.7754;0.998;0.998;1;0.998;0.998;0.9455;0.9512;0.1296;0.0333;0.0333;0.0002;0.0063;-0.0017;0.0002;0.0007;0.0001;0;0;0.088;-0.0638;0;0;0;0;0;0;0;0;0;0;0;0;0.0006;0;0.0268;0.0268;0;10.218;10.218;0.5572;0.0503;26.671;1004.6;1;0.0026;0.0026;0;0;0;0;0;0;0.0242;-0.0638;0;15.113;17.501;-35.994;-41.681;90.265;90.265;0.2812;0.226;-0.5382;0.0552;0.7641;0.1964;2.7176;0;6.8243;0;0
04/07/21 17:00;0;0;90;0;0;90;0;0;0;0;8.3002;2.29;0;0;0;0;0;0;0;0;0;0;0;0;0;1;1;1;1;0;0;0;0;0;0;0;0;0;0;0;0;0;0;0;0;0;0;0;0;0;0;0;0;0;0;0;0;0;0;0;0;0;0;0;1;1;1;1;1;1;1;1;1;1;1;1;1;1;1;1;1;1;1;0;0;0;0;0;0;0;0;0;0.0004;0.088;-0.0884;0;0;0;0;0;0;0;0;0;0;0;0;0;0;0;0;0;0;0;-8.3002;0;0;0;0;0.0004;0;0;0;0;0;0;0;-0.0004;-0.0884;0;0;0;0;0;0;0;0;0;-0.7452;0;0.7452;1;1;0;0;0;0
04/07/21 18:00;0;0;90;0;0;90;0;0;0;0;7.8003;2.51;0;0;0;0;0;0;0;0;0;0;0;0;0;1;1;1;1;0;0;0;0;0;0;0;0;0;0;0;0;0;0;0;0;0;0;0;0;0;0;0;0;0;0;0;0;0;0;0;0;0;0;0;1;1;1;1;1;1;1;1;1;1;1;1;1;1;1;1;1;1;1;0;0;0;0;0;0;0;0;0;0.0004;0.088;-0.0884;0;0;0;0;0;0;0;0;0;0;0;0;0;0;0;0;0;0;0;-7.8003;0;0;0;0;0.0004;0;0;0;0;0;0;0;-0.0004;-0.0884;0;0;0;0;0;0;0;0;0;-0.7452;0;0.7452;1;1;0;0;0;0
04/07/21 19:00;0;0;90;0;0;90;0;0;0;0;7.2798;2.65;0;0;0;0;0;0;0;0;0;0;0;0;0;1;1;1;1;0;0;0;0;0;0;0;0;0;0;0;0;0;0;0;0;0;0;0;0;0;0;0;0;0;0;0;0;0;0;0;0;0;0;0;1;1;1;1;1;1;1;1;1;1;1;1;1;1;1;1;1;1;1;0;0;0;0;0;0;0;0;0;0.0004;0.088;-0.0884;0;0;0;0;0;0;0;0;0;0;0;0;0;0;0;0;0;0;0;-7.2798;0;0;0;0;0.0004;0;0;0;0;0;0;0;-0.0004;-0.0884;0;0;0;0;0;0;0;0;0;-0.7452;0;0.7452;1;1;0;0;0;0
04/07/21 20:00;0;0;90;0;0;90;0;0;0;0;7.1801;2.7701;0;0;0;0;0;0;0;0;0;0;0;0;0;1;1;1;1;0;0;0;0;0;0;0;0;0;0;0;0;0;0;0;0;0;0;0;0;0;0;0;0;0;0;0;0;0;0;0;0;0;0;0;1;1;1;1;1;1;1;1;1;1;1;1;1;1;1;1;1;1;1;0;0;0;0;0;0;0;0;0;0.0004;0.088;-0.0884;0;0;0;0;0;0;0;0;0;0;0;0;0;0;0;0;0;0;0;-7.1801;0;0;0;0;0.0004;0;0;0;0;0;0;0;-0.0004;-0.0884;0;0;0;0;0;0;0;0;0;-0.7452;0;0.7452;1;1;0;0;0;0
04/07/21 21:00;0;0;90;0;0;90;0;0;0;0;7.4001;2.7801;0;0;0;0;0;0;0;0;0;0;0;0;0;1;1;1;1;0;0;0;0;0;0;0;0;0;0;0;0;0;0;0;0;0;0;0;0;0;0;0;0;0;0;0;0;0;0;0;0;0;0;0;1;1;1;1;1;1;1;1;1;1;1;1;1;1;1;1;1;1;1;0;0;0;0;0;0;0;0;0;0.0004;0.088;-0.0884;0;0;0;0;0;0;0;0;0;0;0;0;0;0;0;0;0;0;0;-7.4001;0;0;0;0;0.0004;0;0;0;0;0;0;0;-0.0004;-0.0884;0;0;0;0;0;0;0;0;0;-0.7452;0;0.7452;1;1;0;0;0;0
04/07/21 22:00;0;0;90;0;0;90;0;0;0;0;7.2997;2.7099;0;0;0;0;0;0;0;0;0;0;0;0;0;1;1;1;1;0;0;0;0;0;0;0;0;0;0;0;0;0;0;0;0;0;0;0;0;0;0;0;0;0;0;0;0;0;0;0;0;0;0;0;1;1;1;1;1;1;1;1;1;1;1;1;1;1;1;1;1;1;1;0;0;0;0;0;0;0;0;0;0.0004;0.088;-0.0884;0;0;0;0;0;0;0;0;0;0;0;0;0;0;0;0;0;0;0;-7.2997;0;0;0;0;0.0004;0;0;0;0;0;0;0;-0.0004;-0.0884;0;0;0;0;0;0;0;0;0;-0.7452;0;0.7452;1;1;0;0;0;0
04/07/21 23:00;0;0;90;0;0;90;0;0;0;0;6.9999;2.6299;0;0;0;0;0;0;0;0;0;0;0;0;0;1;1;1;1;0;0;0;0;0;0;0;0;0;0;0;0;0;0;0;0;0;0;0;0;0;0;0;0;0;0;0;0;0;0;0;0;0;0;0;1;1;1;1;1;1;1;1;1;1;1;1;1;1;1;1;1;1;1;0;0;0;0;0;0;0;0;0;0.0004;0.088;-0.0884;0;0;0;0;0;0;0;0;0;0;0;0;0;0;0;0;0;0;0;-6.9999;0;0;0;0;0.0004;0;0;0;0;0;0;0;-0.0004;-0.0884;0;0;0;0;0;0;0;0;0;-0.7452;0;0.7452;1;1;0;0;0;0
05/07/21 00:00;0;0;90;0;0;90;0;0;0;0;7.1003;2.4799;0;0;0;0;0;0;0;0;0;0;0;0;0;1;1;1;1;0;0;0;0;0;0;0;0;0;0;0;0;0;0;0;0;0;0;0;0;0;0;0;0;0;0;0;0;0;0;0;0;0;0;0;1;1;1;1;1;1;1;1;1;1;1;1;1;1;1;1;1;1;1;0;0;0;0;0;0;0;0;0;0.0004;0.088;-0.0884;0;0;0;0;0;0;0;0;0;0;0;0;0;0;0;0;0;0;0;-7.1003;0;0;0;0;0.0004;0;0;0;0;0;0;0;-0.0004;-0.0884;0;0;0;0;0;0;0;0;0;-0.7452;0;0.7452;1;1;0;0;0;0
05/07/21 01:00;0;0;90;0;0;90;0;0;0;0;7.1003;2.35;0;0;0;0;0;0;0;0;0;0;0;0;0;1;1;1;1;0;0;0;0;0;0;0;0;0;0;0;0;0;0;0;0;0;0;0;0;0;0;0;0;0;0;0;0;0;0;0;0;0;0;0;1;1;1;1;1;1;1;1;1;1;1;1;1;1;1;1;1;1;1;0;0;0;0;0;0;0;0;0;0.0004;0.088;-0.0884;0;0;0;0;0;0;0;0;0;0;0;0;0;0;0;0;0;0;0;-7.1003;0;0;0;0;0.0004;0;0;0;0;0;0;0;-0.0004;-0.0884;0;0;0;0;0;0;0;0;0;-0.7452;0;0.7452;1;1;0;0;0;0
05/07/21 02:00;0;0;90;0;0;90;0;0;0;0;6.9999;2.2301;0;0;0;0;0;0;0;0;0;0;0;0;0;1;1;1;1;0;0;0;0;0;0;0;0;0;0;0;0;0;0;0;0;0;0;0;0;0;0;0;0;0;0;0;0;0;0;0;0;0;0;0;1;1;1;1;1;1;1;1;1;1;1;1;1;1;1;1;1;1;1;0;0;0;0;0;0;0;0;0;0.0004;0.088;-0.0884;0;0;0;0;0;0;0;0;0;0;0;0;0;0;0;0;0;0;0;-6.9999;0;0;0;0;0.0004;0;0;0;0;0;0;0;-0.0004;-0.0884;0;0;0;0;0;0;0;0;0;-0.7452;0;0.7452;1;1;0;0;0;0
05/07/21 03:00;0;0;90;0;0;90;0;0;0;0;7.0598;2.0799;0;0;0;0;0;0;0;0;0;0;0;0;0;1;1;1;1;0;0;0;0;0;0;0;0;0;0;0;0;0;0;0;0;0;0;0;0;0;0;0;0;0;0;0;0;0;0;0;0;0;0;0;1;1;1;1;1;1;1;1;1;1;1;1;1;1;1;1;1;1;1;0;0;0;0;0;0;0;0;0;0.0004;0.088;-0.0884;0;0;0;0;0;0;0;0;0;0;0;0;0;0;0;0;0;0;0;-7.0598;0;0;0;0;0.0004;0;0;0;0;0;0;0;-0.0004;-0.0884;0;0;0;0;0;0;0;0;0;-0.7452;0;0.7452;1;1;0;0;0;0
05/07/21 04:00;0;0;90;0;0;90;0;0;0;0;7.2;1.7401;0;0;0;0;0;0;0;0;0;0;0;0;0;1;1;1;1;0;0;0;0;0;0;0;0;0;0;0;0;0;0;0;0;0;0;0;0;0;0;0;0;0;0;0;0;0;0;0;0;0;0;0;1;1;1;1;1;1;1;1;1;1;1;1;1;1;1;1;1;1;1;0;0;0;0;0;0;0;0;0;0.0004;0.088;-0.0884;0;0;0;0;0;0;0;0;0;0;0;0;0;0;0;0;0;0;0;-7.2;0;0;0;0;0.0004;0;0;0;0;0;0;0;-0.0004;-0.0884;0;0;0;0;0;0;0;0;0;-0.7452;0;0.7452;1;1;0;0;0;0
05/07/21 05:00;0;0;90;0;0;90;0;0;0;0;7.2;1.4201;0;0;0;0;0;0;0;0;0;0;0;0;0;1;1;1;1;0;0;0;0;0;0;0;0;0;0;0;0;0;0;0;0;0;0;0;0;0;0;0;0;0;0;0;0;0;0;0;0;0;0;0;1;1;1;1;1;1;1;1;1;1;1;1;1;1;1;1;1;1;1;0;0;0;0;0;0;0;0;0;0.0004;0.088;-0.0884;0;0;0;0;0;0;0;0;0;0;0;0;0;0;0;0;0;0;0;-7.2;0;0;0;0;0.0004;0;0;0;0;0;0;0;-0.0004;-0.0884;0;0;0;0;0;0;0;0;0;-0.7452;0;0.7452;1;1;0;0;0;0
05/07/21 06:00;0;0;90;0;0;90;0;0;0;0;7.1003;0.98;0;0;0;0;0;0;0;0;0;0;0;0;0;1;1;1;1;0;0;0;0;0;0;0;0;0;0;0;0;0;0;0;0;0;0;0;0;0;0;0;0;0;0;0;0;0;0;0;0;0;0;0;1;1;1;1;1;1;1;1;1;1;1;1;1;1;1;1;1;1;1;0;0;0;0;0;0;0;0;0;0.0004;0.088;-0.0884;0;0;0;0;0;0;0;0;0;0;0;0;0;0;0;0;0;0;0;-7.1003;0;0;0;0;0.0004;0;0;0;0;0;0;0;-0.0004;-0.0884;0;0;0;0;0;0;0;0;0;-0.7452;0;0.7452;1;1;0;0;0;0
05/07/21 07:00;4.3507;-58.17;79.398;5.117;7.3754;-90;-7.3754;16.995;16.703;0.2918;7.1601;0.68;0;0.7078;16.586;0.1179;0;0.0091;17.421;0;17.421;0.7078;0.1179;16.586;0.0091;0.0406;0.9526;0;0.0005;17.341;0.0798;0;0;0.0722;0.0076;16.359;0.9466;0.212;0.0353;0.6989;0.0003;17.306;0.0347;0.0014;0.0002;0.033;0;16.361;0.4943;0.0823;15.782;0.0012;9.888;8.563;2.0181;0.0014;0.0788;1.1338;0.0012;1.2112;0;1;0;0;1.025;0.9954;1;1;0.9956;0.1687;0.9453;0.6998;1;0.9576;0.776;0.998;0.998;1;0.998;0.998;0.9391;0.9515;0.1306;0.0496;0.0491;0.0003;0.0078;-0.003;0.0003;0.0011;0.0002;0;0;0.088;-0.0496;0;0;0;0;0;0;0;0;0;0;0;0;0.0009;0;0.0415;0.0415;0;7.9752;7.9752;0.8151;0.0498;40.15;1033.1;1;0.0031;0.0031;0;0;0;0;0;0;0.0384;-0.0496;0;15.733;18.219;-18.804;-21.775;92.645;92.645;0.4181;0.3498;-0.4181;0.0683;0.7678;0.1634;1.8365;0;9.8863;0;0
05/07/21 08:00;13.415;-49.189;55.76;17.491;29.305;-90;-29.305;58.291;57.1;1.1909;7.66;0.5;0;2.8883;53.239;0.5377;0;0.4849;57.15;0;57.15;2.8883;0.5377;53.239;0.4849;0.0505;0.9401;0;0.0085;54.46;2.6901;0;0;2.2685;0.4216;52.6;1.7513;0.0657;0.0122;1.662;0.0113;54.351;0.1089;0.0058;0.0011;0.1019;0.0001;52.751;2.8168;0.5244;49.207;0.0518;34.931;30.25;7.52;0.7433;0.301;4.3301;0.1509;3.8879;0;1;0;0;0.9804;0.9529;1;1;0.9574;0.1305;0.9678;0.9772;1;0.9673;0.8206;0.998;0.998;1;0.998;0.998;0.9204;0.9243;0.1069;0.1626;0.1596;0.001;0.0136;-0.0086;0.0011;0.0038;0.0008;0;0;0.088;0.0505;0;0;0;0;0;0;0;0;0;0;0;0;0.0031;0.0001;0.1448;0.1448;0;10.24;10.24;2.58;0.0491;134.74;1074.4;1;0.0062;0.0062;0;0;0;0;0;0;0.1385;0.0505;0;16.738;19.383;5.8443;6.7676;95.704;95.704;1.3716;1.2208;0.4263;0.1508;0.7946;0.1099;0.5793;0.3108;34.924;0.2941;0
05/07/21 09:00;21.861;-37.684;47.264;33.277;56.723;-90;-56.723;148.31;138;10.305;8.3301;0.91;0;18.782;104.62;5.2655;0;4.3506;133.02;0;133.02;18.782;5.2655;104.62;4.3506;0.1412;0.8192;0;0.0327;116.88;16.137;0;0;12.082;4.0544;113.18;3.4679;0.2087;0.0585;3.1863;0.0144;116.65;0.2338;0.0376;0.0105;0.1851;0.0006;114.97;18.535;5.1964;89.17;0.2812;91.061;78.858;21.932;14.322;1.4384;20.691;1.7879;7.8077;0;1;0;0;0.8969;0.8787;1;1;0.8845;0.0681;0.9703;0.9889;1;0.9655;0.9513;0.998;0.998;1;0.998;0.998;0.8509;0.8523;0.0646;0.3786;0.3704;0.0022;0.0171;-0.0149;0.0026;0.0091;0.0039;0;0;0.088;0.2467;0;0;0;0;0;0;0;0;0;0;0;0;0.0073;0.0005;0.3426;0.3426;0;13.852;13.852;5.5222;0.0488;314.63;1089;1;0.008;0.008;0;0;0;0;0;0;0.3347;0.2467;0;17.02;19.709;12.253;14.188;97.673;97.673;3.1925;2.8894;2.08;0.3031;0.8094;0.0949;0.2535;0.6515;87.733;0.5836;0
05/07/21 10:00;28.176;-24.09;53.584;52.692;37.308;-90;-37.308;270.59;205.5;65.095;9.0002;1.5901;0;81.84;165.24;26.943;0;3.5988;277.62;0;277.62;81.84;26.943;165.24;3.5988;0.2948;0.6082;0;0.013;264.07;13.552;0;0;10.303;3.2481;256.56;6.9768;1.46;0.4806;4.9952;0.041;263.54;0.5281;0.1637;0.0539;0.3099;0.0007;257.77;80.216;26.408;149.63;0.3089;156.97;135.94;34.761;5.3003;1.4172;20.386;1.204;16.503;0;1;0;0;1.026;0.9512;1;1;0.9376;0.0974;0.9735;0.9821;1;0.9677;0.8828;0.998;0.998;1;0.998;0.998;0.9242;0.9055;0.0858;0.7901;0.7783;0.0047;0.015;-0.0096;0.0054;0.0191;0.0038;0;0;0.088;0.6223;0;0;0;0;0;0;0;0;0;0;0;0;0.0154;0.0017;0.7229;0.7229;0;21.51;21.51;12.51;0.0488;665.52;1086.2;1;0.0126;0.0126;0;0;0;0;0;0;0.7103;0.6223;0;17.207;19.925;14.813;17.153;98.262;98.262;6.6629;6.0964;5.2483;0.5664;0.8481;0.085;0.1273;0.7877;115.08;0.7467;0
05/07/21 11:00;31.647;-8.6305;57.316;76.316;13.684;-90;-13.684;301.5;234;67.495;9.8298;2.3701;0;69.466;208.23;23.436;0;0.5563;301.69;0;301.69;69.466;23.436;208.23;0.5563;0.2303;0.6921;0;0.0018;298.69;3.0028;0;0;2.541;0.4618;287.62;10.469;1.8958;0.6396;7.9125;0.0211;298.09;0.5974;0.1389;0.0469;0.4114;0.0002;287.75;67.432;22.749;197.37;0.0731;178.3;154.4;37.224;0.1939;1.378;19.821;0.1224;21.005;0;1;0;0;1.0006;0.99;1;1;0.9878;0.1698;0.9649;0.9727;1;0.9615;0.7758;0.998;0.998;1;0.998;0.998;0.9534;0.9478;0.1314;0.8586;0.863;0.0052;0.014;-0.0035;0.0059;0.021;0.0037;0;0;0.088;0.696;0;0;0;0;0;0;0;0;0;0;0;0;0.0169;0.002;0.7976;0.7976;0;23.87;23.87;14.04;0.0488;738.25;1080.4;1;0.0136;0.0136;0;0;0;0;0;0;0.784;0.696;0;17.469;20.229;15.245;17.653;98.3;98.3;7.2406;6.726;5.8696;0.5146;0.8565;0.0711;0.1183;0.8106;126.15;0.7726;0
05/07/21 12:00;31.753;7.6379;57.434;77.88;12.12;90;12.12;225.41;210.2;15.208;10.76;2.89;0;15.555;203.31;4.6998;0;0.3266;223.9;0;223.9;15.555;4.6998;203.31;0.3266;0.0695;0.9095;0;0.0015;221.59;2.3018;0;0;2.03;0.2718;212.63;8.5171;0.4305;0.1301;7.9443;0.0123;221.15;0.4432;0.0311;0.0094;0.4026;0.0001;212.7;15.093;4.5603;192.94;0.0424;134.06;116.1;27.643;0.1217;1.0571;15.206;0.0663;16.141;0;1;0;0;0.9933;0.9897;1;1;0.99;0.1678;0.9615;0.9723;1;0.9605;0.7747;0.998;0.998;1;0.998;0.998;0.9497;0.949;0.1297;0.6372;0.639;0.0038;0.0164;-0.0088;0.0044;0.0156;0.0028;0;0;0.088;0.4924;0;0;0;0;0;0;0;0;0;0;0;0;0.0126;0.0012;0.591;0.591;0;21.139;21.139;10.379;0.0488;546.39;1081.7;1;0.0106;0.0106;0;0;0;0;0;0;0.5804;0.4924;0;17.443;20.198;14.531;16.827;98.2;98.2;5.3735;4.984;4.1522;0.3895;0.8318;0.0725;0.1548;0.7727;122.57;0.7353;0
05/07/21 13:00;28.479;23.186;53.901;54.028;35.972;90;35.972;189.8;181.1;8.6989;9.3898;3.3499;0;10.749;161.57;3.088;0;2.3526;177.76;0;177.76;10.749;3.088;161.57;2.3526;0.0605;0.9222;0;0.0132;166.09;11.67;0;0;9.5484;2.1214;160.57;5.1847;0.1984;0.057;4.8987;0.0306;165.76;0.3322;0.0215;0.0062;0.304;0.0005;161.39;10.529;3.0249;146.82;0.2001;116.84;101.19;25.86;4.5731;1.0967;15.776;0.8159;12.3;0;1;0;0;0.9366;0.9344;1;1;0.9409;0.0983;0.9687;0.9815;1;0.9677;0.8674;0.998;0.998;1;0.998;0.998;0.9033;0.9087;0.0851;0.5059;0.4933;0.003;0.0172;-0.0138;0.0034;0.0121;0.003;0;0;0.088;0.3608;0;0;0;0;0;0;0;0;0;0;0;0;0.0097;0.0008;0.458;0.458;0;17.221;17.221;7.831;0.0488;420.96;1087.9;1;0.0092;0.0092;0;0;0;0;0;0;0.4488;0.3608;0;17.024;19.714;13.412;15.53;97.995;97.995;4.2662;3.8621;3.0425;0.4042;0.8196;0.0947;0.1921;0.7132;111.32;0.6687;0
05/07/21 14:00;22.318;36.909;47.705;34.354;55.646;90;55.646;83.608;82.398;1.2106;10.44;3.53;0;2.1452;64.292;0.3521;0;2.3678;69.157;0;69.157;2.1452;0.3521;64.292;2.3678;0.031;0.9639;0;0.0342;59.693;9.464;0;0;7.246;2.218;57.589;1.985;0.0244;0.004;1.9496;0.007;59.574;0.1194;0.0043;0.0007;0.1141;0.0003;58.591;2.1166;0.3474;54.983;0.1424;53.644;46.456;12.961;8.2241;0.8309;11.952;1.0023;4.5589;0;1;0;0;0.8272;0.8632;1;1;0.8873;0.0632;0.9667;0.9886;1;0.9658;0.953;0.998;0.998;1;0.998;0.998;0.8327;0.8552;0.0602;0.1968;0.1916;0.0012;0.0145;-0.0082;0.0013;0.0046;0.0022;0;0;0.088;0.0779;0;0;0;0;0;0;0;0;0;0;0;0;0.0037;0.0002;0.1722;0.1722;0;13.269;13.269;2.8289;0.0491;161.67;1065.1;1;0.0063;0.0063;0;0;0;0;0;0;0.1659;0.0779;0;16.453;19.052;7.4409;8.6163;96.332;96.332;1.6598;1.4521;0.6567;0.2077;0.7954;0.1251;0.4792;0.3957;53.26;0.3503;0
05/07/21 15:00;13.983;48.537;54.124;18.381;31.507;90;31.507;260.71;56.701;204.01;10.21;2.5499;0;494.78;18.979;87.825;0;2.4982;604.08;0;604.08;494.78;87.825;18.979;2.4982;0.8191;0.0356;0;0.0041;600.96;3.1161;0;0;0.9102;2.2058;588.1;11.656;9.3602;1.6615;0.5853;0.049;599.76;1.2019;0.9896;0.1756;0.0361;0.0006;588.17;484.43;85.988;17.447;0.2428;13.819;11.967;3.1302;0.3411;0.1121;1.612;0.0648;1.383;0;1;0;0;2.3171;0.9948;1;1;0.952;0.1171;0.9806;0.981;1;0.9675;0.832;0.998;0.998;1;0.998;0.998;0.9736;0.9193;0.0972;1.7192;1.686;0.0102;0.0028;0.0839;0.0111;0.0395;0.0003;0;0;0.088;1.3878;0;0;0;0;0;0;0;0;0;0;0;0;0.0318;0.0069;1.4996;1.4996;0;39.171;39.171;28.961;0.0492;1452.8;1032.2;1;0.0238;0.0238;0;0;0;0;0;0;1.4758;1.3878;0;16.404;18.995;15.181;17.579;98.411;98.411;14.498;12.646;11.703;1.8517;0.9431;0.1277;0.065;0.8072;12.642;0.8056;0
05/07/21 16:00;4.8173;57.76;78.248;5.6901;8.2236;90;8.2236;19.496;19.297;0.1984;8.62;2.43;0;0.4812;19.164;0.0836;0;0.013;19.741;0;19.741;0.4812;0.0836;19.164;0.013;0.0244;0.9714;0;0.0007;19.63;0.1111;0;0;0.1003;0.0108;18.644;0.947;0.1268;0.022;0.7976;0.0005;19.591;0.0393;0.001;0.0002;0.0381;0;18.646;0.3534;0.0614;18.228;0.0017;11.443;9.9095;2.337;0.0025;0.0912;1.3114;0.0019;1.4001;0;1;0;0;1.0126;0.9944;1;1;0.9948;0.1676;0.9517;0.7359;1;0.9581;0.7753;0.998;0.998;1;0.998;0.998;0.9444;0.9512;0.1297;0.0562;0.056;0.0003;0.0083;-0.0031;0.0004;0.0013;0.0002;0;0;0.088;-0.0437;0;0;0;0;0;0;0;0;0;0;0;0;0.001;0;0.0475;0.0475;0;9.5478;9.5478;0.9279;0.0498;46.066;1032.1;1;0.0032;0.0032;0;0;0;0;0;0;0.0443;-0.0437;0;15.914;18.428;-14.616;-16.925;93.25;93.25;0.4738;0.4009;-0.3682;0.0729;0.7692;0.1538;1.6234;0;11.442;0;0
05/07/21 17:00;0;0;90;0;0;90;0;0;0;0;6.6802;2.3701;0;0;0;0;0;0;0;0;0;0;0;0;0;1;1;1;1;0;0;0;0;0;0;0;0;0;0;0;0;0;0;0;0;0;0;0;0;0;0;0;0;0;0;0;0;0;0;0;0;0;0;0;1;1;1;1;1;1;1;1;1;1;1;1;1;1;1;1;1;1;1;0;0;0;0;0;0;0;0;0;0.0004;0.088;-0.0884;0;0;0;0;0;0;0;0;0;0;0;0;0;0;0;0;0;0;0;-6.6802;0;0;0;0;0.0004;0;0;0;0;0;0;0;-0.0004;-0.0884;0;0;0;0;0;0;0;0;0;-0.7452;0;0.7452;1;1;0;0;0;0
05/07/21 18:00;0;0;90;0;0;90;0;0;0;0;6.7799;2.2399;0;0;0;0;0;0;0;0;0;0;0;0;0;1;1;1;1;0;0;0;0;0;0;0;0;0;0;0;0;0;0;0;0;0;0;0;0;0;0;0;0;0;0;0;0;0;0;0;0;0;0;0;1;1;1;1;1;1;1;1;1;1;1;1;1;1;1;1;1;1;1;0;0;0;0;0;0;0;0;0;0.0004;0.088;-0.0884;0;0;0;0;0;0;0;0;0;0;0;0;0;0;0;0;0;0;0;-6.7799;0;0;0;0;0.0004;0;0;0;0;0;0;0;-0.0004;-0.0884;0;0;0;0;0;0;0;0;0;-0.7452;0;0.7452;1;1;0;0;0;0
05/07/21 19:00;0;0;90;0;0;90;0;0;0;0;4.9199;2.1501;0;0;0;0;0;0;0;0;0;0;0;0;0;1;1;1;1;0;0;0;0;0;0;0;0;0;0;0;0;0;0;0;0;0;0;0;0;0;0;0;0;0;0;0;0;0;0;0;0;0;0;0;1;1;1;1;1;1;1;1;1;1;1;1;1;1;1;1;1;1;1;0;0;0;0;0;0;0;0;0;0.0004;0.088;-0.0884;0;0;0;0;0;0;0;0;0;0;0;0;0;0;0;0;0;0;0;-4.9199;0;0;0;0;0.0004;0;0;0;0;0;0;0;-0.0004;-0.0884;0;0;0;0;0;0;0;0;0;-0.7452;0;0.7452;1;1;0;0;0;0
05/07/21 20:00;0;0;90;0;0;90;0;0;0;0;3.02;2.0099;0;0;0;0;0;0;0;0;0;0;0;0;0;1;1;1;1;0;0;0;0;0;0;0;0;0;0;0;0;0;0;0;0;0;0;0;0;0;0;0;0;0;0;0;0;0;0;0;0;0;0;0;1;1;1;1;1;1;1;1;1;1;1;1;1;1;1;1;1;1;1;0;0;0;0;0;0;0;0;0;0.0004;0.088;-0.0884;0;0;0;0;0;0;0;0;0;0;0;0;0;0;0;0;0;0;0;-3.02;0;0;0;0;0.0004;0;0;0;0;0;0;0;-0.0004;-0.0884;0;0;0;0;0;0;0;0;0;-0.7452;0;0.7452;1;1;0;0;0;0
05/07/21 21:00;0;0;90;0;0;90;0;0;0;0;2.2402;1.8399;0;0;0;0;0;0;0;0;0;0;0;0;0;1;1;1;1;0;0;0;0;0;0;0;0;0;0;0;0;0;0;0;0;0;0;0;0;0;0;0;0;0;0;0;0;0;0;0;0;0;0;0;1;1;1;1;1;1;1;1;1;1;1;1;1;1;1;1;1;1;1;0;0;0;0;0;0;0;0;0;0.0004;0.088;-0.0884;0;0;0;0;0;0;0;0;0;0;0;0;0;0;0;0;0;0;0;-2.2402;0;0;0;0;0.0004;0;0;0;0;0;0;0;-0.0004;-0.0884;0;0;0;0;0;0;0;0;0;-0.7452;0;0.7452;1;1;0;0;0;0
05/07/21 22:00;0;0;90;0;0;90;0;0;0;0;4.9598;1.6701;0;0;0;0;0;0;0;0;0;0;0;0;0;1;1;1;1;0;0;0;0;0;0;0;0;0;0;0;0;0;0;0;0;0;0;0;0;0;0;0;0;0;0;0;0;0;0;0;0;0;0;0;1;1;1;1;1;1;1;1;1;1;1;1;1;1;1;1;1;1;1;0;0;0;0;0;0;0;0;0;0.0004;0.088;-0.0884;0;0;0;0;0;0;0;0;0;0;0;0;0;0;0;0;0;0;0;-4.9598;0;0;0;0;0.0004;0;0;0;0;0;0;0;-0.0004;-0.0884;0;0;0;0;0;0;0;0;0;-0.7452;0;0.7452;1;1;0;0;0;0
05/07/21 23:00;0;0;90;0;0;90;0;0;0;0;5.3998;1.54;0;0;0;0;0;0;0;0;0;0;0;0;0;1;1;1;1;0;0;0;0;0;0;0;0;0;0;0;0;0;0;0;0;0;0;0;0;0;0;0;0;0;0;0;0;0;0;0;0;0;0;0;1;1;1;1;1;1;1;1;1;1;1;1;1;1;1;1;1;1;1;0;0;0;0;0;0;0;0;0;0.0004;0.088;-0.0884;0;0;0;0;0;0;0;0;0;0;0;0;0;0;0;0;0;0;0;-5.3998;0;0;0;0;0.0004;0;0;0;0;0;0;0;-0.0004;-0.0884;0;0;0;0;0;0;0;0;0;-0.7452;0;0.7452;1;1;0;0;0;0
06/07/21 00:00;0;0;90;0;0;90;0;0;0;0;5.5002;1.7699;0;0;0;0;0;0;0;0;0;0;0;0;0;1;1;1;1;0;0;0;0;0;0;0;0;0;0;0;0;0;0;0;0;0;0;0;0;0;0;0;0;0;0;0;0;0;0;0;0;0;0;0;1;1;1;1;1;1;1;1;1;1;1;1;1;1;1;1;1;1;1;0;0;0;0;0;0;0;0;0;0.0004;0.088;-0.0884;0;0;0;0;0;0;0;0;0;0;0;0;0;0;0;0;0;0;0;-5.5002;0;0;0;0;0.0004;0;0;0;0;0;0;0;-0.0004;-0.0884;0;0;0;0;0;0;0;0;0;-0.7452;0;0.7452;1;1;0;0;0;0
06/07/21 01:00;0;0;90;0;0;90;0;0;0;0;5.6199;1.9001;0;0;0;0;0;0;0;0;0;0;0;0;0;1;1;1;1;0;0;0;0;0;0;0;0;0;0;0;0;0;0;0;0;0;0;0;0;0;0;0;0;0;0;0;0;0;0;0;0;0;0;0;1;1;1;1;1;1;1;1;1;1;1;1;1;1;1;1;1;1;1;0;0;0;0;0;0;0;0;0;0.0004;0.088;-0.0884;0;0;0;0;0;0;0;0;0;0;0;0;0;0;0;0;0;0;0;-5.6199;0;0;0;0;0.0004;0;0;0;0;0;0;0;-0.0004;-0.0884;0;0;0;0;0;0;0;0;0;-0.7452;0;0.7452;1;1;0;0;0;0
06/07/21 02:00;0;0;90;0;0;90;0;0;0;0;5.5999;1.8201;0;0;0;0;0;0;0;0;0;0;0;0;0;1;1;1;1;0;0;0;0;0;0;0;0;0;0;0;0;0;0;0;0;0;0;0;0;0;0;0;0;0;0;0;0;0;0;0;0;0;0;0;1;1;1;1;1;1;1;1;1;1;1;1;1;1;1;1;1;1;1;0;0;0;0;0;0;0;0;0;0.0004;0.088;-0.0884;0;0;0;0;0;0;0;0;0;0;0;0;0;0;0;0;0;0;0;-5.5999;0;0;0;0;0.0004;0;0;0;0;0;0;0;-0.0004;-0.0884;0;0;0;0;0;0;0;0;0;-0.7452;0;0.7452;1;1;0;0;0;0
06/07/21 03:00;0;0;90;0;0;90;0;0;0;0;5.2602;1.63;0;0;0;0;0;0;0;0;0;0;0;0;0;1;1;1;1;0;0;0;0;0;0;0;0;0;0;0;0;0;0;0;0;0;0;0;0;0;0;0;0;0;0;0;0;0;0;0;0;0;0;0;1;1;1;1;1;1;1;1;1;1;1;1;1;1;1;1;1;1;1;0;0;0;0;0;0;0;0;0;0.0004;0.088;-0.0884;0;0;0;0;0;0;0;0;0;0;0;0;0;0;0;0;0;0;0;-5.2602;0;0;0;0;0.0004;0;0;0;0;0;0;0;-0.0004;-0.0884;0;0;0;0;0;0;0;0;0;-0.7452;0;0.7452;1;1;0;0;0;0
06/07/21 04:00;0;0;90;0;0;90;0;0;0;0;5.1;1.4499;0;0;0;0;0;0;0;0;0;0;0;0;0;1;1;1;1;0;0;0;0;0;0;0;0;0;0;0;0;0;0;0;0;0;0;0;0;0;0;0;0;0;0;0;0;0;0;0;0;0;0;0;1;1;1;1;1;1;1;1;1;1;1;1;1;1;1;1;1;1;1;0;0;0;0;0;0;0;0;0;0.0004;0.088;-0.0884;0;0;0;0;0;0;0;0;0;0;0;0;0;0;0;0;0;0;0;-5.1;0;0;0;0;0.0004;0;0;0;0;0;0;0;-0.0004;-0.0884;0;0;0;0;0;0;0;0;0;-0.7452;0;0.7452;1;1;0;0;0;0
06/07/21 05:00;0;0;90;0;0;90;0;0;0;0;5.33;1.2899;0;0;0;0;0;0;0;0;0;0;0;0;0;1;1;1;1;0;0;0;0;0;0;0;0;0;0;0;0;0;0;0;0;0;0;0;0;0;0;0;0;0;0;0;0;0;0;0;0;0;0;0;1;1;1;1;1;1;1;1;1;1;1;1;1;1;1;1;1;1;1;0;0;0;0;0;0;0;0;0;0.0004;0.088;-0.0884;0;0;0;0;0;0;0;0;0;0;0;0;0;0;0;0;0;0;0;-5.33;0;0;0;0;0.0004;0;0;0;0;0;0;0;-0.0004;-0.0884;0;0;0;0;0;0;0;0;0;-0.7452;0;0.7452;1;1;0;0;0;0
06/07/21 06:00;0;0;90;0;0;90;0;0;0;0;5.3001;0.8899;0;0;0;0;0;0;0;0;0;0;0;0;0;1;1;1;1;0;0;0;0;0;0;0;0;0;0;0;0;0;0;0;0;0;0;0;0;0;0;0;0;0;0;0;0;0;0;0;0;0;0;0;1;1;1;1;1;1;1;1;1;1;1;1;1;1;1;1;1;1;1;0;0;0;0;0;0;0;0;0;0.0004;0.088;-0.0884;0;0;0;0;0;0;0;0;0;0;0;0;0;0;0;0;0;0;0;-5.3001;0;0;0;0;0.0004;0;0;0;0;0;0;0;-0.0004;-0.0884;0;0;0;0;0;0;0;0;0;-0.7452;0;0.7452;1;1;0;0;0;0
06/07/21 07:00;4.3878;-58.272;79.307;5.155;7.4314;-90;-7.4314;7.0911;6.9977;0.0934;5.11;0.5599;0;0.2264;6.9619;0.0157;0;0.0039;7.2078;0;7.2078;0.2264;0.0157;6.9619;0.0039;0.0314;0.9664;0;0.0005;7.1739;0.0339;0;0;0.0307;0.0032;6.7945;0.3651;0.0671;0.0046;0.2931;0.0001;7.1596;0.0143;0.0005;0;0.0139;0;6.795;0.1588;0.011;6.6242;0.0005;4.1507;3.5945;0.8471;0.0006;0.0331;0.4759;0.0005;0.5084;0;1;0;0;1.0165;0.9953;1;1;0.9956;0.1687;0.949;0.7029;1;0.9576;0.776;0.998;0.998;1;0.998;0.998;0.9427;0.9515;0.1306;0.0205;0.0204;0.0001;0.0049;-0.0013;0.0001;0.0004;0.0001;0;0;0.088;-0.0747;0;0;0;0;0;0;0;0;0;0;0;0;0.0003;0;0.0157;0.0157;0;5.455;5.455;0.345;0.0508;15.656;1001.4;1;0.0023;0.0023;0;0;0;0;0;0;0.0133;-0.0747;0;14.373;16.643;-68.442;-79.254;85.122;85.122;0.173;0.1322;-0.6296;0.0408;0.7618;0.2357;4.4037;0;4.1502;0;0
06/07/21 08:00;13.463;-49.288;55.621;17.528;29.394;-90;-29.394;69.602;67.397;2.2044;5.6498;0.8701;0;5.3463;62.607;1.1707;0;0.5824;69.707;0;69.707;5.3463;1.1707;62.607;0.5824;0.0767;0.9065;0;0.0084;66.52;3.1872;0;0;2.6806;0.5066;64.274;2.113;0.1197;0.0262;1.9535;0.0135;66.387;0.133;0.0107;0.0023;0.1199;0.0002;64.452;5.2159;1.1421;57.854;0.0621;41.107;35.599;8.8534;0.8833;0.3546;5.1004;0.1788;4.5716;0;1;0;0;1.0015;0.9543;1;1;0.9572;0.1302;0.9682;0.9776;1;0.9673;0.8211;0.998;0.998;1;0.998;0.998;0.9221;0.9241;0.1067;0.1984;0.1946;0.0012;0.0146;-0.0115;0.0013;0.0047;0.0009;0;0;0.088;0.0847;0;0;0;0;0;0;0;0;0;0;0;0;0.0038;0.0002;0.1793;0.1793;0;8.7912;8.7912;3.1414;0.0489;164.68;1088.9;1;0.0066;0.0066;0;0;0;0;0;0;0.1727;0.0847;0;16.999;19.685;8.0303;9.2989;96.312;96.312;1.673;1.5123;0.7144;0.1607;0.7979;0.0961;0.4769;0.427;41.094;0.4048;0
06/07/21 09:00;21.925;-37.778;47.158;33.306;56.694;-90;-56.694;381.61;63.001;318.61;7.6301;1.3501;0;580.22;17.301;74.054;0;11.184;682.76;0;682.76;580.22;74.054;17.301;11.184;0.8498;0.0417;0;0.0164;670.34;12.419;0;0;1.9966;10.423;661.21;7.7927;6.4107;0.8182;0.5269;0.0369;669;1.3407;1.1604;0.1481;0.0306;0.0015;663.33;572.65;73.087;14.747;0.7229;105.32;91.21;22.164;2.3667;0.949;13.651;2.1169;12.233;0;1;0;0;1.7892;0.9818;1;1;0.8846;0.0681;0.9884;0.9889;1;0.9655;0.9514;0.998;0.998;1;0.998;0.998;0.9684;0.8524;0.0646;1.9431;1.9252;0.0116;0.0003;0.1024;0.0127;0.045;0.0024;0;0;0.088;1.5899;0;0;0;0;0;0;0;0;0;0;0;0;0.0362;0.0089;1.7057;1.7057;0;40.207;40.207;32.577;0.0493;1657.1;1029.3;1;0.0277;0.0277;0;0;0;0;0;0;1.6779;1.5899;0;16.508;19.116;15.388;17.819;98.374;98.374;16.386;14.384;13.408;2.0023;0.976;0.1222;0.0596;0.8182;14.503;0.8062;0
06/07/21 10:00;28.256;-24.172;53.476;52.696;37.304;-90;-37.304;451;84.2;366.79;8.4498;1.6601;0;461.12;31.288;62.038;0;5.9968;560.45;0;560.45;461.12;62.038;31.288;5.9968;0.8228;0.0665;0;0.0107;553.08;7.3631;0;0;1.9507;5.4124;541.74;10.24;8.132;1.094;0.9459;0.0684;551.98;1.1062;0.9222;0.1241;0.0587;0.0012;543.49;452.07;60.82;28.333;0.5148;223.28;193.36;48.815;1.0046;1.6321;23.477;1.7532;24.104;0;1;0;0;1.2427;0.9869;1;1;0.9377;0.0974;0.9814;0.9823;1;0.9677;0.8828;0.998;0.998;1;0.998;0.998;0.9666;0.9055;0.0859;1.595;1.602;0.0096;0.0038;0.0565;0.0107;0.038;0.0043;0;0;0.088;1.3311;0;0;0;0;0;0;0;0;0;0;0;0;0.0306;0.0063;1.4421;1.4421;0;35.045;35.045;26.596;0.0491;1378;1046.5;1;0.023;0.023;0;0;0;0;0;0;1.4191;1.3311;0;17.003;19.689;15.695;18.174;98.407;98.407;13.451;12.162;11.226;1.2892;0.9359;0.0958;0.0696;0.8346;21.79;0.8092;0
06/07/21 11:00;31.741;-8.6911;57.211;76.273;13.727;-90;-13.727;414.19;180.2;233.99;9.2202;1.9999;0;240.87;117.87;62.409;0;0.769;421.92;0;421.92;240.87;62.409;117.87;0.769;0.5709;0.2812;0;0.0018;419.83;2.0843;0;0;1.4459;0.6384;406.31;12.68;6.4929;1.6823;4.4752;0.0292;418.99;0.8397;0.4817;0.1248;0.2328;0.0003;406.48;233.9;60.602;111.71;0.1011;241.59;209.22;51.507;0.1111;1.7879;25.718;0.1728;27.395;0;1;0;0;1.0186;0.9951;1;1;0.9877;0.1698;0.9697;0.973;1;0.9615;0.7758;0.998;0.998;1;0.998;0.998;0.963;0.9478;0.1314;1.2007;1.2145;0.0073;0.0091;0.0176;0.0083;0.0293;0.0047;0;0;0.088;1.0047;0;0;0;0;0;0;0;0;0;0;0;0;0.0236;0.0038;1.1108;1.1108;0;29.097;29.097;19.877;0.0489;1042;1066;1;0.0181;0.0181;0;0;0;0;0;0;1.0927;1.0047;0;17.397;20.145;15.735;18.221;98.371;98.371;10.126;9.3674;8.4727;0.7585;0.8947;0.0749;0.0884;0.8367;71.414;0.8002;0
06/07/21 12:00;31.858;7.6068;57.34;77.975;12.025;90;12.025;166.3;162.5;3.7976;8.84;2.33;0;3.8828;159.84;0.9042;0;0.2372;164.87;0;164.87;3.8828;0.9042;159.84;0.2372;0.0236;0.971;0;0.0014;163.09;1.7724;0;0;1.575;0.1974;156.37;6.396;0.1063;0.0247;6.2561;0.0089;162.77;0.3262;0.0078;0.0018;0.3165;0.0001;156.42;3.7688;0.8777;151.7;0.0308;99.054;85.781;20.352;0.0929;0.7859;11.305;0.0477;11.998;0;1;0;0;0.9914;0.9892;1;1;0.9901;0.1678;0.9607;0.9726;1;0.9604;0.7747;0.998;0.998;1;0.998;0.998;0.9485;0.949;0.1298;0.4692;0.4702;0.0028;0.0172;-0.0144;0.0033;0.0115;0.0021;0;0;0.088;0.3406;0;0;0;0;0;0;0;0;0;0;0;0;0.0093;0.0007;0.4376;0.4376;0;16.463;16.463;7.6231;0.0487;401.38;1090.2;1;0.009;0.009;0;0;0;0;0;0;0.4286;0.3406;0;17.539;20.31;13.651;15.808;97.945;97.945;3.9568;3.6903;2.8723;0.2665;0.8179;0.0674;0.2067;0.7259;96.337;0.6905;0
06/07/21 13:00;28.586;23.185;53.821;54.151;35.849;90;35.849;197.4;186.9;10.497;8.9098;2.5;0;12.951;166.39;3.8264;0;2.4306;185.6;0;185.6;12.951;3.8264;166.39;2.4306;0.0698;0.9096;0;0.0131;173.63;11.971;0;0;9.7806;2.1905;167.89;5.3857;0.237;0.07;5.0466;0.032;173.28;0.3473;0.0259;0.0077;0.3132;0.0005;168.73;12.688;3.7488;151.25;0.2076;121.24;105;26.82;4.6544;1.133;16.298;0.8401;12.777;0;1;0;0;0.9402;0.9355;1;1;0.9412;0.0988;0.9689;0.9817;1;0.9677;0.8663;0.998;0.998;1;0.998;0.998;0.9046;0.909;0.0854;0.5282;0.5154;0.0031;0.0171;-0.0146;0.0036;0.0127;0.0031;0;0;0.088;0.382;0;0;0;0;0;0;0;0;0;0;0;0;0.0102;0.0009;0.4794;0.4794;0;17.094;17.094;8.1839;0.0487;439.86;1090;1;0.0094;0.0094;0;0;0;0;0;0;0.47;0.382;0;17.07;19.767;13.601;15.75;98.033;98.033;4.4543;4.0432;3.2216;0.4111;0.8216;0.0923;0.1845;0.7232;114.53;0.6786;0
06/07/21 14:00;22.424;36.932;47.639;34.48;55.52;90;55.52;115.8;113.6;2.199;8.8998;2.5301;0;3.8843;88.57;0.875;0;3.2658;96.595;0;96.595;3.8843;0.875;88.57;3.2658;0.0402;0.9507;0;0.0338;83.586;13.009;0;0;9.9494;3.0593;80.671;2.7482;0.044;0.0099;2.6846;0.0096;83.419;0.1672;0.0078;0.0018;0.1572;0.0004;82.043;3.8325;0.8634;75.778;0.1965;74.011;64.094;17.889;11.239;1.1389;16.383;1.3721;6.2822;0;1;0;0;0.8341;0.8653;1;1;0.8877;0.0633;0.9671;0.9886;1;0.9658;0.9534;0.998;0.998;1;0.998;0.998;0.8351;0.8556;0.0602;0.2749;0.2675;0.0016;0.0161;-0.0118;0.0018;0.0065;0.003;0;0;0.088;0.1498;0;0;0;0;0;0;0;0;0;0;0;0;0.0052;0.0003;0.2448;0.2448;0;12.846;12.846;3.9463;0.0489;226.56;1080.3;1;0.007;0.007;0;0;0;0;0;0;0.2378;0.1498;0;16.744;19.389;10.246;11.864;97.146;97.146;2.3183;2.0641;1.263;0.2542;0.801;0.1097;0.3455;0.5448;73.27;0.4834;0
06/07/21 15:00;14.084;48.576;53.831;18.499;31.812;90;31.812;38.405;38.003;0.4023;8.3999;1.79;0;0.9756;35.104;0.1152;0;0.375;36.57;0;36.57;0.9756;0.1152;35.104;0.375;0.0267;0.9702;0;0.0103;34.529;2.0412;0;0;1.7096;0.3316;33.352;1.1082;0.0179;0.0021;1.0811;0.0072;34.46;0.0691;0.002;0.0002;0.0668;0.0001;33.475;0.9558;0.1129;32.247;0.0361;23.438;20.297;5.0971;0.6511;0.2086;2.9999;0.1228;2.5573;0;1;0;0;0.9522;0.9442;1;1;0.9513;0.1157;0.9678;0.9816;1;0.9676;0.8341;0.998;0.998;1;0.998;0.998;0.912;0.9186;0.0963;0.1041;0.1018;0.0006;0.0112;-0.0056;0.0007;0.0024;0.0005;0;0;0.088;-0.0025;0;0;0;0;0;0;0;0;0;0;0;0;0.0019;0.0001;0.09;0.09;0;10.045;10.045;1.6454;0.0493;85.217;1055.9;1;0.0045;0.0045;0;0;0;0;0;0;0.0855;-0.0025;0;16.259;18.827;-0.4531;-0.5247;95.012;95.012;0.8777;0.7588;-0.0211;0.1189;0.78;0.1354;0.8887;0;23.435;0;0
06/07/21 16:00;4.7395;57.963;78.44;5.586;8.0691;90;8.0691;10.392;10.297;0.0954;8.0702;1.55;0;0.2313;10.237;0.0218;0;0.0067;10.497;0;10.497;0.2313;0.0218;10.237;0.0067;0.022;0.9759;0;0.0006;10.439;0.0575;0;0;0.0519;0.0056;9.9231;0.4955;0.0623;0.0059;0.4271;0.0003;10.419;0.0209;0.0005;0;0.0204;0;9.9241;0.1686;0.0159;9.7377;0.0009;6.1107;5.2919;1.2478;0.0013;0.0487;0.7004;0.001;0.7479;0;1;0;0;1.0101;0.9945;1;1;0.9949;0.1675;0.9524;0.7302;1;0.958;0.7754;0.998;0.998;1;0.998;0.998;0.9453;0.9512;0.1296;0.0299;0.0298;0.0002;0.006;-0.0017;0.0002;0.0006;0.0001;0;0;0.088;-0.0667;0;0;0;0;0;0;0;0;0;0;0;0;0.0005;0;0.0239;0.0239;0;8.57;8.57;0.4999;0.0504;23.697;1006.6;1;0.0025;0.0025;0;0;0;0;0;0;0.0213;-0.0667;0;15.016;17.388;-41.98;-48.612;89.354;89.354;0.2519;0.2012;-0.5624;0.0508;0.7635;0.2015;3.0308;0;6.1102;0;0
06/07/21 17:00;0;0;90;0;0;90;0;0;0;0;7.7298;1.4399;0;0;0;0;0;0;0;0;0;0;0;0;0;1;1;1;1;0;0;0;0;0;0;0;0;0;0;0;0;0;0;0;0;0;0;0;0;0;0;0;0;0;0;0;0;0;0;0;0;0;0;0;1;1;1;1;1;1;1;1;1;1;1;1;1;1;1;1;1;1;1;0;0;0;0;0;0;0;0;0;0.0004;0.088;-0.0884;0;0;0;0;0;0;0;0;0;0;0;0;0;0;0;0;0;0;0;-7.7298;0;0;0;0;0.0004;0;0;0;0;0;0;0;-0.0004;-0.0884;0;0;0;0;0;0;0;0;0;-0.7452;0;0.7452;1;1;0;0;0;0
06/07/21 18:00;0;0;90;0;0;90;0;0;0;0;7.6401;1.3599;0;0;0;0;0;0;0;0;0;0;0;0;0;1;1;1;1;0;0;0;0;0;0;0;0;0;0;0;0;0;0;0;0;0;0;0;0;0;0;0;0;0;0;0;0;0;0;0;0;0;0;0;1;1;1;1;1;1;1;1;1;1;1;1;1;1;1;1;1;1;1;0;0;0;0;0;0;0;0;0;0.0004;0.088;-0.0884;0;0;0;0;0;0;0;0;0;0;0;0;0;0;0;0;0;0;0;-7.6401;0;0;0;0;0.0004;0;0;0;0;0;0;0;-0.0004;-0.0884;0;0;0;0;0;0;0;0;0;-0.7452;0;0.7452;1;1;0;0;0;0
06/07/21 19:00;0;0;90;0;0;90;0;0;0;0;7.44;1.2899;0;0;0;0;0;0;0;0;0;0;0;0;0;1;1;1;1;0;0;0;0;0;0;0;0;0;0;0;0;0;0;0;0;0;0;0;0;0;0;0;0;0;0;0;0;0;0;0;0;0;0;0;1;1;1;1;1;1;1;1;1;1;1;1;1;1;1;1;1;1;1;0;0;0;0;0;0;0;0;0;0.0004;0.088;-0.0884;0;0;0;0;0;0;0;0;0;0;0;0;0;0;0;0;0;0;0;-7.44;0;0;0;0;0.0004;0;0;0;0;0;0;0;-0.0004;-0.0884;0;0;0;0;0;0;0;0;0;-0.7452;0;0.7452;1;1;0;0;0;0
06/07/21 20:00;0;0;90;0;0;90;0;0;0;0;7.1003;1.17;0;0;0;0;0;0;0;0;0;0;0;0;0;1;1;1;1;0;0;0;0;0;0;0;0;0;0;0;0;0;0;0;0;0;0;0;0;0;0;0;0;0;0;0;0;0;0;0;0;0;0;0;1;1;1;1;1;1;1;1;1;1;1;1;1;1;1;1;1;1;1;0;0;0;0;0;0;0;0;0;0.0004;0.088;-0.0884;0;0;0;0;0;0;0;0;0;0;0;0;0;0;0;0;0;0;0;-7.1003;0;0;0;0;0.0004;0;0;0;0;0;0;0;-0.0004;-0.0884;0;0;0;0;0;0;0;0;0;-0.7452;0;0.7452;1;1;0;0;0;0
06/07/21 21:00;0;0;90;0;0;90;0;0;0;0;6.9999;1.0399;0;0;0;0;0;0;0;0;0;0;0;0;0;1;1;1;1;0;0;0;0;0;0;0;0;0;0;0;0;0;0;0;0;0;0;0;0;0;0;0;0;0;0;0;0;0;0;0;0;0;0;0;1;1;1;1;1;1;1;1;1;1;1;1;1;1;1;1;1;1;1;0;0;0;0;0;0;0;0;0;0.0004;0.088;-0.0884;0;0;0;0;0;0;0;0;0;0;0;0;0;0;0;0;0;0;0;-6.9999;0;0;0;0;0.0004;0;0;0;0;0;0;0;-0.0004;-0.0884;0;0;0;0;0;0;0;0;0;-0.7452;0;0.7452;1;1;0;0;0;0
06/07/21 22:00;0;0;90;0;0;90;0;0;0;0;6.4601;0.9699;0;0;0;0;0;0;0;0;0;0;0;0;0;1;1;1;1;0;0;0;0;0;0;0;0;0;0;0;0;0;0;0;0;0;0;0;0;0;0;0;0;0;0;0;0;0;0;0;0;0;0;0;1;1;1;1;1;1;1;1;1;1;1;1;1;1;1;1;1;1;1;0;0;0;0;0;0;0;0;0;0.0004;0.088;-0.0884;0;0;0;0;0;0;0;0;0;0;0;0;0;0;0;0;0;0;0;-6.4601;0;0;0;0;0.0004;0;0;0;0;0;0;0;-0.0004;-0.0884;0;0;0;0;0;0;0;0;0;-0.7452;0;0.7452;1;1;0;0;0;0
06/07/21 23:00;0;0;90;0;0;90;0;0;0;0;6.7001;1;0;0;0;0;0;0;0;0;0;0;0;0;0;1;1;1;1;0;0;0;0;0;0;0;0;0;0;0;0;0;0;0;0;0;0;0;0;0;0;0;0;0;0;0;0;0;0;0;0;0;0;0;1;1;1;1;1;1;1;1;1;1;1;1;1;1;1;1;1;1;1;0;0;0;0;0;0;0;0;0;0.0004;0.088;-0.0884;0;0;0;0;0;0;0;0;0;0;0;0;0;0;0;0;0;0;0;-6.7001;0;0;0;0;0.0004;0;0;0;0;0;0;0;-0.0004;-0.0884;0;0;0;0;0;0;0;0;0;-0.7452;0;0.7452;1;1;0;0;0;0
07/07/21 00:00;0;0;90;0;0;90;0;0;0;0;6.2999;0.8701;0;0;0;0;0;0;0;0;0;0;0;0;0;1;1;1;1;0;0;0;0;0;0;0;0;0;0;0;0;0;0;0;0;0;0;0;0;0;0;0;0;0;0;0;0;0;0;0;0;0;0;0;1;1;1;1;1;1;1;1;1;1;1;1;1;1;1;1;1;1;1;0;0;0;0;0;0;0;0;0;0.0004;0.088;-0.0884;0;0;0;0;0;0;0;0;0;0;0;0;0;0;0;0;0;0;0;-6.2999;0;0;0;0;0.0004;0;0;0;0;0;0;0;-0.0004;-0.0884;0;0;0;0;0;0;0;0;0;-0.7452;0;0.7452;1;1;0;0;0;0
07/07/21 01:00;0;0;90;0;0;90;0;0;0;0;5.2502;1.07;0;0;0;0;0;0;0;0;0;0;0;0;0;1;1;1;1;0;0;0;0;0;0;0;0;0;0;0;0;0;0;0;0;0;0;0;0;0;0;0;0;0;0;0;0;0;0;0;0;0;0;0;1;1;1;1;1;1;1;1;1;1;1;1;1;1;1;1;1;1;1;0;0;0;0;0;0;0;0;0;0.0004;0.088;-0.0884;0;0;0;0;0;0;0;0;0;0;0;0;0;0;0;0;0;0;0;-5.2502;0;0;0;0;0.0004;0;0;0;0;0;0;0;-0.0004;-0.0884;0;0;0;0;0;0;0;0;0;-0.7452;0;0.7452;1;1;0;0;0;0
07/07/21 02:00;0;0;90;0;0;90;0;0;0;0;4.0397;1;0;0;0;0;0;0;0;0;0;0;0;0;0;1;1;1;1;0;0;0;0;0;0;0;0;0;0;0;0;0;0;0;0;0;0;0;0;0;0;0;0;0;0;0;0;0;0;0;0;0;0;0;1;1;1;1;1;1;1;1;1;1;1;1;1;1;1;1;1;1;1;0;0;0;0;0;0;0;0;0;0.0004;0.088;-0.0884;0;0;0;0;0;0;0;0;0;0;0;0;0;0;0;0;0;0;0;-4.0397;0;0;0;0;0.0004;0;0;0;0;0;0;0;-0.0004;-0.0884;0;0;0;0;0;0;0;0;0;-0.7452;0;0.7452;1;1;0;0;0;0
07/07/21 03:00;0;0;90;0;0;90;0;0;0;0;2.6098;0.9699;0;0;0;0;0;0;0;0;0;0;0;0;0;1;1;1;1;0;0;0;0;0;0;0;0;0;0;0;0;0;0;0;0;0;0;0;0;0;0;0;0;0;0;0;0;0;0;0;0;0;0;0;1;1;1;1;1;1;1;1;1;1;1;1;1;1;1;1;1;1;1;0;0;0;0;0;0;0;0;0;0.0004;0.088;-0.0884;0;0;0;0;0;0;0;0;0;0;0;0;0;0;0;0;0;0;0;-2.6098;0;0;0;0;0.0004;0;0;0;0;0;0;0;-0.0004;-0.0884;0;0;0;0;0;0;0;0;0;-0.7452;0;0.7452;1;1;0;0;0;0
07/07/21 04:00;0;0;90;0;0;90;0;0;0;0;1.5601;1.14;0;0;0;0;0;0;0;0;0;0;0;0;0;1;1;1;1;0;0;0;0;0;0;0;0;0;0;0;0;0;0;0;0;0;0;0;0;0;0;0;0;0;0;0;0;0;0;0;0;0;0;0;1;1;1;1;1;1;1;1;1;1;1;1;1;1;1;1;1;1;1;0;0;0;0;0;0;0;0;0;0.0004;0.088;-0.0884;0;0;0;0;0;0;0;0;0;0;0;0;0;0;0;0;0;0;0;-1.5601;0;0;0;0;0.0004;0;0;0;0;0;0;0;-0.0004;-0.0884;0;0;0;0;0;0;0;0;0;-0.7452;0;0.7452;1;1;0;0;0;0
07/07/21 05:00;0;0;90;0;0;90;0;0;0;0;0.92;1.32;0;0;0;0;0;0;0;0;0;0;0;0;0;1;1;1;1;0;0;0;0;0;0;0;0;0;0;0;0;0;0;0;0;0;0;0;0;0;0;0;0;0;0;0;0;0;0;0;0;0;0;0;1;1;1;1;1;1;1;1;1;1;1;1;1;1;1;1;1;1;1;0;0;0;0;0;0;0;0;0;0.0004;0.088;-0.0884;0;0;0;0;0;0;0;0;0;0;0;0;0;0;0;0;0;0;0;-0.92;0;0;0;0;0.0004;0;0;0;0;0;0;0;-0.0004;-0.0884;0;0;0;0;0;0;0;0;0;-0.7452;0;0.7452;1;1;0;0;0;0
07/07/21 06:00;0;0;90;0;0;90;0;0;0;0;0.3602;1.5999;0;0;0;0;0;0;0;0;0;0;0;0;0;1;1;1;1;0;0;0;0;0;0;0;0;0;0;0;0;0;0;0;0;0;0;0;0;0;0;0;0;0;0;0;0;0;0;0;0;0;0;0;1;1;1;1;1;1;1;1;1;1;1;1;1;1;1;1;1;1;1;0;0;0;0;0;0;0;0;0;0.0004;0.088;-0.0884;0;0;0;0;0;0;0;0;0;0;0;0;0;0;0;0;0;0;0;-0.3602;0;0;0;0;0.0004;0;0;0;0;0;0;0;-0.0004;-0.0884;0;0;0;0;0;0;0;0;0;-0.7452;0;0.7452;1;1;0;0;0;0
07/07/21 07:00;4.4301;-58.377;79.203;5.1986;7.4958;-90;-7.4958;44.891;21.1;23.791;-0.0001;1.5299;0;57.699;16.115;11.922;0;0.0249;85.761;0;85.761;57.699;11.922;16.115;0.0249;0.6728;0.1882;0;0.0003;85.668;0.0928;0;0;0.0721;0.0207;64.412;21.085;16.912;3.4942;0.6779;0.0009;85.496;0.1713;0.1154;0.0238;0.0321;0;64.413;40.672;8.4035;15.333;0.0033;9.7487;8.4424;1.9377;0.0014;0.0811;1.1665;0.0012;1.2461;0;1;0;0;1.9104;0.9989;1;1;0.9955;0.1687;0.7534;0.7063;1;0.9577;0.776;0.998;0.998;1;0.998;0.998;0.7511;0.9515;0.1307;0.2441;0.1866;0.0011;0.0144;-0.0148;0.0013;0.0046;0.0002;0;0;0.088;0.081;0;0;0;0;0;0;0;0;0;0;0;0;0.0037;0.0002;0.1759;0.1759;0;3.133;3.133;3.1331;0.0486;157.87;1114.1;1;0.0069;0.0069;0;0;0;0;0;0;0.169;0.081;0;13.552;15.693;6.2441;7.2305;96.105;96.105;2.0583;1.4833;0.6834;0.575;0.7999;0.2793;0.3886;0.332;9.608;0.3287;0
07/07/21 08:00;13.518;-49.391;55.466;17.571;29.498;-90;-29.498;174.5;55.803;118.7;3.7;1.5901;0;287.88;32.142;51.984;0;1.4703;373.47;0;373.47;287.88;51.984;32.142;1.4703;0.7708;0.09;0;0.0039;370.81;2.6635;0;0;1.3839;1.2796;361.56;8.5141;6.3341;1.1438;1.0023;0.0339;370.07;0.7416;0.5758;0.104;0.0615;0.0004;361.66;280.97;50.736;29.694;0.1564;21.798;18.877;4.4783;0.4594;0.2015;2.8987;0.1049;2.6408;0;1;0;0;2.1402;0.9929;1;1;0.9569;0.1297;0.977;0.978;1;0.9673;0.8218;0.998;0.998;1;0.998;0.998;0.9681;0.9238;0.1064;1.0629;1.0406;0.0063;0.0116;-0.0136;0.0073;0.0257;0.0005;0;0;0.088;0.8746;0;0;0;0;0;0;0;0;0;0;0;0;0.0207;0.0029;0.9792;0.9792;0;21.285;21.285;17.585;0.0486;891.64;1098.2;1;0.0165;0.0165;0;0;0;0;0;0;0.9626;0.8746;0;17.325;20.062;15.475;17.92;98.311;98.311;8.9634;8.2575;7.3759;0.7059;0.8816;0.0788;0.0984;0.8229;21.112;0.8181;0
07/07/21 09:00;21.994;-37.874;47.047;33.341;56.659;-90;-56.659;354.4;60.599;293.8;6.5997;1.49;0;534.54;19.093;65.422;0;10.375;629.43;0;629.43;534.54;65.422;19.093;10.375;0.8492;0.0468;0;0.0165;617.56;11.87;0;0;2.2013;9.6686;609.12;7.2055;5.8714;0.7186;0.5813;0.0342;616.33;1.2351;1.0691;0.1308;0.0338;0.0014;611.12;527.6;64.573;16.276;0.6706;99.586;86.242;21.065;2.6056;0.9142;13.15;1.9932;11.459;0;1;0;0;1.7761;0.9811;1;1;0.8847;0.0681;0.9883;0.989;1;0.9655;0.9515;0.998;0.998;1;0.998;0.998;0.9677;0.8525;0.0646;1.7913;1.7748;0.0107;0.0018;0.0716;0.0118;0.042;0.0024;0;0;0.088;1.4793;0;0;0;0;0;0;0;0;0;0;0;0;0.0338;0.0076;1.5931;1.5931;0;36.527;36.527;29.927;0.0491;1527.8;1042.7;1;0.0258;0.0258;0;0;0;0;0;0;1.5673;1.4793;0;16.725;19.367;15.53;17.983;98.379;98.379;15.106;13.435;12.475;1.6717;0.9599;0.1107;0.0635;0.8258;15.999;0.8131;0
07/07/21 10:00;28.342;-24.256;53.363;52.706;37.294;-90;-37.294;463.79;80.003;383.79;7.8103;1.31;0;482.42;27.905;61.493;0;6.1638;577.99;0;577.99;482.42;61.493;27.905;6.1638;0.8347;0.0589;0;0.0107;570.68;7.3019;0;0;1.7391;5.5629;559.15;10.391;8.4056;1.0714;0.8436;0.0703;569.54;1.1414;0.9648;0.123;0.0523;0.0012;560.95;473.05;60.299;25.27;0.5293;228.97;198.29;50.047;0.8954;1.6658;23.961;1.7975;24.732;0;1;0;0;1.2462;0.9874;1;1;0.9377;0.0975;0.9818;0.9825;1;0.9677;0.8827;0.998;0.998;1;0.998;0.998;0.9674;0.9056;0.0859;1.6449;1.6529;0.01;0.0032;0.0595;0.0111;0.0392;0.0044;0;0;0.088;1.3756;0;0;0;0;0;0;0;0;0;0;0;0;0.0316;0.0067;1.4874;1.4874;0;35.262;35.262;27.452;0.0491;1421.8;1046.1;1;0.0238;0.0238;0;0;0;0;0;0;1.4636;1.3756;0;17.005;19.691;15.726;18.211;98.397;98.397;13.872;12.543;11.6;1.3283;0.9432;0.0958;0.068;0.8363;19.432;0.8111;0
07/07/21 11:00;31.842;-8.7516;57.099;76.234;13.766;-90;-13.766;444.49;153.4;291.09;8.7197;1.33;0;299.7;88.099;65.911;0;0.8299;454.54;0;454.54;299.7;65.911;88.099;0.8299;0.6593;0.1956;0;0.0018;452.76;1.7749;0;0;1.0859;0.689;438.76;13.101;7.9735;1.7536;3.3425;0.0315;451.86;0.9055;0.5994;0.1318;0.174;0.0003;438.94;291.13;64.026;83.496;0.1091;258.48;223.85;55.355;0.084;1.8945;27.252;0.1874;29.062;0;1;0;0;1.0226;0.9961;1;1;0.9877;0.1698;0.971;0.9733;1;0.9615;0.7758;0.998;0.998;1;0.998;0.998;0.9653;0.9478;0.1314;1.2936;1.3104;0.0079;0.0078;0.024;0.0089;0.0315;0.005;0;0;0.088;1.0883;0;0;0;0;0;0;0;0;0;0;0;0;0.0254;0.0043;1.1956;1.1956;0;30.195;30.195;21.475;0.0489;1125;1062.7;1;0.0193;0.0193;0;0;0;0;0;0;1.1763;1.0883;0;17.381;20.127;15.821;18.32;98.383;98.383;10.909;10.083;9.1775;0.8263;0.9051;0.0757;0.083;0.8413;53.385;0.8051;0
07/07/21 12:00;31.969;7.5779;57.238;78.069;11.931;90;11.931;628.8;103.8;525;9.6902;1.3501;0;536.59;25.667;79.569;0;0.883;642.71;0;642.71;536.59;79.569;25.667;0.883;0.8349;0.0413;0;0.0014;641.73;0.9843;0;0;0.2496;0.7348;622.74;17.703;14.511;2.1518;1.0062;0.0333;640.45;1.2835;1.0732;0.1591;0.0508;0.0003;622.93;521.01;77.258;24.36;0.1146;365.5;316.53;79.206;0.0147;2.6116;37.566;0.1875;40.163;0;1;0;0;1.0221;0.9985;1;1;0.9903;0.1678;0.9724;0.9729;1;0.9603;0.7747;0.998;0.998;1;0.998;0.998;0.9689;0.9491;0.1298;1.8291;1.8575;0.0112;0.001;0.1001;0.0122;0.0433;0.0067;0;0;0.088;1.5254;0;0;0;0;0;0;0;0;0;0;0;0;0.0349;0.0083;1.6398;1.6398;0;40.381;40.381;30.691;0.0493;1597.1;1026.8;1;0.0264;0.0264;0;0;0;0;0;0;1.6134;1.5254;0;16.86;19.523;15.683;18.161;98.388;98.388;15.425;13.829;12.864;1.5963;0.965;0.1035;0.0626;0.834;15.465;0.799;0
07/07/21 13:00;28.7;23.188;53.735;54.276;35.724;90;35.724;512.2;84.998;427.2;10.77;1.2701;0;526.21;25.19;70.448;0;6.2643;628.11;0;628.11;526.21;70.448;25.19;6.2643;0.8378;0.0501;0;0.01;621;7.115;0;0;1.4726;5.6423;608.09;11.667;9.5416;1.2774;0.7643;0.0837;619.75;1.242;1.0524;0.1409;0.0474;0.0012;609.88;515.62;69.03;22.906;0.537;256.9;222.48;56.749;0.6977;1.8103;26.04;1.7905;27.152;0;1;0;0;1.2263;0.9887;1;1;0.9415;0.0993;0.9812;0.9818;1;0.9677;0.8652;0.998;0.998;1;0.998;0.998;0.9681;0.9093;0.0857;1.7876;1.7971;0.0108;0.0016;0.0993;0.0118;0.0418;0.0046;0;0;0.088;1.4722;0;0;0;0;0;0;0;0;0;0;0;0;0.0337;0.0078;1.5856;1.5856;0;40.75;40.75;29.98;0.0493;1546.2;1025.5;1;0.0254;0.0254;0;0;0;0;0;0;1.5602;1.4722;0;16.681;19.316;15.489;17.935;98.4;98.4;15.075;13.372;12.416;1.7031;0.956;0.113;0.0634;0.8236;17.322;0.7988;0
07/07/21 14:00;22.535;36.959;47.566;34.61;55.391;90;55.391;333.71;133.5;200.21;10.77;1.1101;0;352.5;63.304;92.875;0;9.371;518.05;0;518.05;352.5;92.875;63.304;9.371;0.6804;0.1403;0;0.0181;502.18;15.865;0;0;7.0873;8.7782;494.21;6.9722;3.9786;1.0483;1.918;0.0274;501.18;1.0044;0.705;0.1858;0.1124;0.0012;496.47;347.81;91.641;54.187;0.5643;122.52;106.1;27.147;7.9693;1.3543;19.482;2.261;12.867;0;1;0;0;1.5524;0.9694;1;1;0.888;0.0633;0.9861;0.9887;1;0.9658;0.9538;0.998;0.998;1;0.998;0.998;0.954;0.856;0.0602;1.4743;1.4595;0.0088;0.0057;0.0516;0.0098;0.0346;0.0035;0;0;0.088;1.2035;0;0;0;0;0;0;0;0;0;0;0;0;0.0279;0.0053;1.3124;1.3124;0;35.042;35.042;24.272;0.0491;1255.5;1045.3;1;0.0208;0.0208;0;0;0;0;0;0;1.2915;1.2035;0;16.74;19.384;15.352;17.777;98.414;98.414;12.433;11.067;10.15;1.3659;0.9176;0.1099;0.0738;0.8163;52.295;0.794;0
07/07/21 15:00;14.189;48.621;53.524;18.621;32.131;90;32.131;173.51;124.1;49.408;10.67;1.0399;0;119.83;97.123;45.887;0;1.7274;264.57;0;264.57;119.83;45.887;97.123;1.7274;0.4529;0.3736;0;0.0065;258.23;6.3351;0;0;4.8053;1.5298;251.76;5.9564;2.1241;0.8134;2.9866;0.0323;257.71;0.5165;0.2397;0.0918;0.1846;0.0004;252.11;117.46;44.982;89.147;0.1649;65.324;56.57;14.261;1.8647;0.581;8.3568;0.3485;7.073;0;1;0;0;1.5248;0.9761;1;1;0.9505;0.1144;0.9769;0.9822;1;0.9676;0.8363;0.998;0.998;1;0.998;0.998;0.9516;0.9179;0.0955;0.7529;0.738;0.0044;0.0155;-0.0054;0.0051;0.018;0.0016;0;0;0.088;0.5829;0;0;0;0;0;0;0;0;0;0;0;0;0.0145;0.0016;0.6829;0.6829;0;22.962;22.962;12.292;0.0488;632.07;1080.4;1;0.0119;0.0119;0;0;0;0;0;0;0.6709;0.5829;0;17.056;19.75;14.56;16.86;98.253;98.253;6.3496;5.7587;4.916;0.5908;0.8427;0.093;0.1327;0.7742;64.989;0.7563;0
07/07/21 16:00;4.8383;58.019;78.196;5.6988;8.2366;90;8.2366;24.594;24.2;0.3943;9.7102;1.4301;0;0.9563;23.99;0.2075;0;0.0165;25.17;0;25.17;0.9563;0.2075;23.99;0.0165;0.038;0.9538;0;0.0007;25.031;0.1396;0;0;0.1259;0.0137;23.677;1.3039;0.2506;0.0544;0.9983;0.0006;24.98;0.0501;0.0019;0.0004;0.0477;0;23.679;0.7038;0.1527;22.818;0.0021;14.326;12.406;2.926;0.0032;0.1141;1.6418;0.0024;1.7527;0;1;0;0;1.0234;0.9945;1;1;0.9948;0.1676;0.9478;0.7374;1;0.9581;0.7753;0.998;0.998;1;0.998;0.998;0.9407;0.9511;0.1297;0.0716;0.071;0.0004;0.0094;-0.0036;0.0005;0.0016;0.0003;0;0;0.088;-0.0304;0;0;0;0;0;0;0;0;0;0;0;0;0.0013;0.0001;0.0612;0.0612;0;10.885;10.885;1.1749;0.0496;58.973;1037;1;0.0036;0.0036;0;0;0;0;0;0;0.0576;-0.0304;0;16.055;18.591;-7.9906;-9.2529;94.127;94.127;0.6041;0.5157;-0.2567;0.0884;0.7724;0.1463;1.2786;0;14.324;0;0
07/07/21 17:00;0;0;90;0;0;90;0;0;0;0;7.0903;1.6799;0;0;0;0;0;0;0;0;0;0;0;0;0;1;1;1;1;0;0;0;0;0;0;0;0;0;0;0;0;0;0;0;0;0;0;0;0;0;0;0;0;0;0;0;0;0;0;0;0;0;0;0;1;1;1;1;1;1;1;1;1;1;1;1;1;1;1;1;1;1;1;0;0;0;0;0;0;0;0;0;0.0004;0.088;-0.0884;0;0;0;0;0;0;0;0;0;0;0;0;0;0;0;0;0;0;0;-7.0903;0;0;0;0;0.0004;0;0;0;0;0;0;0;-0.0004;-0.0884;0;0;0;0;0;0;0;0;0;-0.7452;0;0.7452;1;1;0;0;0;0
07/07/21 18:00;0;0;90;0;0;90;0;0;0;0;4.3501;1.87;0;0;0;0;0;0;0;0;0;0;0;0;0;1;1;1;1;0;0;0;0;0;0;0;0;0;0;0;0;0;0;0;0;0;0;0;0;0;0;0;0;0;0;0;0;0;0;0;0;0;0;0;1;1;1;1;1;1;1;1;1;1;1;1;1;1;1;1;1;1;1;0;0;0;0;0;0;0;0;0;0.0004;0.088;-0.0884;0;0;0;0;0;0;0;0;0;0;0;0;0;0;0;0;0;0;0;-4.3501;0;0;0;0;0.0004;0;0;0;0;0;0;0;-0.0004;-0.0884;0;0;0;0;0;0;0;0;0;-0.7452;0;0.7452;1;1;0;0;0;0
07/07/21 19:00;0;0;90;0;0;90;0;0;0;0;2.3;2.02;0;0;0;0;0;0;0;0;0;0;0;0;0;1;1;1;1;0;0;0;0;0;0;0;0;0;0;0;0;0;0;0;0;0;0;0;0;0;0;0;0;0;0;0;0;0;0;0;0;0;0;0;1;1;1;1;1;1;1;1;1;1;1;1;1;1;1;1;1;1;1;0;0;0;0;0;0;0;0;0;0.0004;0.088;-0.0884;0;0;0;0;0;0;0;0;0;0;0;0;0;0;0;0;0;0;0;-2.3;0;0;0;0;0.0004;0;0;0;0;0;0;0;-0.0004;-0.0884;0;0;0;0;0;0;0;0;0;-0.7452;0;0.7452;1;1;0;0;0;0
07/07/21 20:00;0;0;90;0;0;90;0;0;0;0;1.84;2.03;0;0;0;0;0;0;0;0;0;0;0;0;0;1;1;1;1;0;0;0;0;0;0;0;0;0;0;0;0;0;0;0;0;0;0;0;0;0;0;0;0;0;0;0;0;0;0;0;0;0;0;0;1;1;1;1;1;1;1;1;1;1;1;1;1;1;1;1;1;1;1;0;0;0;0;0;0;0;0;0;0.0004;0.088;-0.0884;0;0;0;0;0;0;0;0;0;0;0;0;0;0;0;0;0;0;0;-1.84;0;0;0;0;0.0004;0;0;0;0;0;0;0;-0.0004;-0.0884;0;0;0;0;0;0;0;0;0;-0.7452;0;0.7452;1;1;0;0;0;0
07/07/21 21:00;0;0;90;0;0;90;0;0;0;0;1.2397;1.97;0;0;0;0;0;0;0;0;0;0;0;0;0;1;1;1;1;0;0;0;0;0;0;0;0;0;0;0;0;0;0;0;0;0;0;0;0;0;0;0;0;0;0;0;0;0;0;0;0;0;0;0;1;1;1;1;1;1;1;1;1;1;1;1;1;1;1;1;1;1;1;0;0;0;0;0;0;0;0;0;0.0004;0.088;-0.0884;0;0;0;0;0;0;0;0;0;0;0;0;0;0;0;0;0;0;0;-1.2397;0;0;0;0;0.0004;0;0;0;0;0;0;0;-0.0004;-0.0884;0;0;0;0;0;0;0;0;0;-0.7452;0;0.7452;1;1;0;0;0;0
07/07/21 22:00;0;0;90;0;0;90;0;0;0;0;-0.0001;2.0899;0;0;0;0;0;0;0;0;0;0;0;0;0;1;1;1;1;0;0;0;0;0;0;0;0;0;0;0;0;0;0;0;0;0;0;0;0;0;0;0;0;0;0;0;0;0;0;0;0;0;0;0;1;1;1;1;1;1;1;1;1;1;1;1;1;1;1;1;1;1;1;0;0;0;0;0;0;0;0;0;0.0004;0.088;-0.0884;0;0;0;0;0;0;0;0;0;0;0;0;0;0;0;0;0;0;0;0.0001;0;0;0;0;0.0004;0;0;0;0;0;0;0;-0.0004;-0.0884;0;0;0;0;0;0;0;0;0;-0.7452;0;0.7452;1;1;0;0;0;0
07/07/21 23:00;0;0;90;0;0;90;0;0;0;0;0.1003;2.3701;0;0;0;0;0;0;0;0;0;0;0;0;0;1;1;1;1;0;0;0;0;0;0;0;0;0;0;0;0;0;0;0;0;0;0;0;0;0;0;0;0;0;0;0;0;0;0;0;0;0;0;0;1;1;1;1;1;1;1;1;1;1;1;1;1;1;1;1;1;1;1;0;0;0;0;0;0;0;0;0;0.0004;0.088;-0.0884;0;0;0;0;0;0;0;0;0;0;0;0;0;0;0;0;0;0;0;-0.1003;0;0;0;0;0.0004;0;0;0;0;0;0;0;-0.0004;-0.0884;0;0;0;0;0;0;0;0;0;-0.7452;0;0.7452;1;1;0;0;0;0
08/07/21 00:00;0;0;90;0;0;90;0;0;0;0;-0.7998;2.74;0;0;0;0;0;0;0;0;0;0;0;0;0;1;1;1;1;0;0;0;0;0;0;0;0;0;0;0;0;0;0;0;0;0;0;0;0;0;0;0;0;0;0;0;0;0;0;0;0;0;0;0;1;1;1;1;1;1;1;1;1;1;1;1;1;1;1;1;1;1;1;0;0;0;0;0;0;0;0;0;0.0004;0.088;-0.0884;0;0;0;0;0;0;0;0;0;0;0;0;0;0;0;0;0;0;0;0.7998;0;0;0;0;0.0004;0;0;0;0;0;0;0;-0.0004;-0.0884;0;0;0;0;0;0;0;0;0;-0.7452;0;0.7452;1;1;0;0;0;0
08/07/21 01:00;0;0;90;0;0;90;0;0;0;0;-0.7001;3.05;0;0;0;0;0;0;0;0;0;0;0;0;0;1;1;1;1;0;0;0;0;0;0;0;0;0;0;0;0;0;0;0;0;0;0;0;0;0;0;0;0;0;0;0;0;0;0;0;0;0;0;0;1;1;1;1;1;1;1;1;1;1;1;1;1;1;1;1;1;1;1;0;0;0;0;0;0;0;0;0;0.0004;0.088;-0.0884;0;0;0;0;0;0;0;0;0;0;0;0;0;0;0;0;0;0;0;0.7001;0;0;0;0;0.0004;0;0;0;0;0;0;0;-0.0004;-0.0884;0;0;0;0;0;0;0;0;0;-0.7452;0;0.7452;1;1;0;0;0;0
08/07/21 02:00;0;0;90;0;0;90;0;0;0;0;-0.7699;3.2501;0;0;0;0;0;0;0;0;0;0;0;0;0;1;1;1;1;0;0;0;0;0;0;0;0;0;0;0;0;0;0;0;0;0;0;0;0;0;0;0;0;0;0;0;0;0;0;0;0;0;0;0;1;1;1;1;1;1;1;1;1;1;1;1;1;1;1;1;1;1;1;0;0;0;0;0;0;0;0;0;0.0004;0.088;-0.0884;0;0;0;0;0;0;0;0;0;0;0;0;0;0;0;0;0;0;0;0.7699;0;0;0;0;0.0004;0;0;0;0;0;0;0;-0.0004;-0.0884;0;0;0;0;0;0;0;0;0;-0.7452;0;0.7452;1;1;0;0;0;0
08/07/21 03:00;0;0;90;0;0;90;0;0;0;0;-1.2399;3.45;0;0;0;0;0;0;0;0;0;0;0;0;0;1;1;1;1;0;0;0;0;0;0;0;0;0;0;0;0;0;0;0;0;0;0;0;0;0;0;0;0;0;0;0;0;0;0;0;0;0;0;0;1;1;1;1;1;1;1;1;1;1;1;1;1;1;1;1;1;1;1;0;0;0;0;0;0;0;0;0;0.0004;0.088;-0.0884;0;0;0;0;0;0;0;0;0;0;0;0;0;0;0;0;0;0;0;1.2399;0;0;0;0;0.0004;0;0;0;0;0;0;0;-0.0004;-0.0884;0;0;0;0;0;0;0;0;0;-0.7452;0;0.7452;1;1;0;0;0;0
08/07/21 04:00;0;0;90;0;0;90;0;0;0;0;-1.2997;3.7599;0;0;0;0;0;0;0;0;0;0;0;0;0;1;1;1;1;0;0;0;0;0;0;0;0;0;0;0;0;0;0;0;0;0;0;0;0;0;0;0;0;0;0;0;0;0;0;0;0;0;0;0;1;1;1;1;1;1;1;1;1;1;1;1;1;1;1;1;1;1;1;0;0;0;0;0;0;0;0;0;0.0004;0.088;-0.0884;0;0;0;0;0;0;0;0;0;0;0;0;0;0;0;0;0;0;0;1.2997;0;0;0;0;0.0004;0;0;0;0;0;0;0;-0.0004;-0.0884;0;0;0;0;0;0;0;0;0;-0.7452;0;0.7452;1;1;0;0;0;0
08/07/21 05:00;0;0;90;0;0;90;0;0;0;0;-1.6002;4.2;0;0;0;0;0;0;0;0;0;0;0;0;0;1;1;1;1;0;0;0;0;0;0;0;0;0;0;0;0;0;0;0;0;0;0;0;0;0;0;0;0;0;0;0;0;0;0;0;0;0;0;0;1;1;1;1;1;1;1;1;1;1;1;1;1;1;1;1;1;1;1;0;0;0;0;0;0;0;0;0;0.0004;0.088;-0.0884;0;0;0;0;0;0;0;0;0;0;0;0;0;0;0;0;0;0;0;1.6002;0;0;0;0;0.0004;0;0;0;0;0;0;0;-0.0004;-0.0884;0;0;0;0;0;0;0;0;0;-0.7452;0;0.7452;1;1;0;0;0;0
08/07/21 06:00;0;0;90;0;0;90;0;0;0;0;-1.4898;4.2901;0;0;0;0;0;0;0;0;0;0;0;0;0;1;1;1;1;0;0;0;0;0;0;0;0;0;0;0;0;0;0;0;0;0;0;0;0;0;0;0;0;0;0;0;0;0;0;0;0;0;0;0;1;1;1;1;1;1;1;1;1;1;1;1;1;1;1;1;1;1;1;0;0;0;0;0;0;0;0;0;0.0004;0.088;-0.0884;0;0;0;0;0;0;0;0;0;0;0;0;0;0;0;0;0;0;0;1.4898;0;0;0;0;0.0004;0;0;0;0;0;0;0;-0.0004;-0.0884;0;0;0;0;0;0;0;0;0;-0.7452;0;0.7452;1;1;0;0;0;0
08/07/21 07:00;4.4774;-58.487;79.086;5.248;7.5686;-90;-7.5686;67.707;11.202;56.505;-2.0602;4.2;0;137.04;5.0475;14.873;0;0.0383;157;0;157;137.04;14.873;5.0475;0.0383;0.8729;0.0324;0;0.0002;156.94;0.0548;0;0;0.0229;0.0319;112.47;44.163;39.647;4.3029;0.2121;0.0014;156.63;0.3139;0.2741;0.0297;0.01;0;112.47;97.119;10.54;4.8024;0.005;3.3166;2.8722;0.7145;0.0005;0.024;0.3451;0.0004;0.3686;0;1;0;0;2.3188;0.9997;1;1;0.9955;0.1687;0.718;0.7101;1;0.9577;0.776;0.998;0.998;1;0.998;0.998;0.7164;0.9514;0.1307;0.4468;0.3225;0.0019;0.0167;-0.0251;0.0023;0.0082;0.0001;0;0;0.088;0.2152;0;0;0;0;0;0;0;0;0;0;0;0;0.0066;0.0004;0.3113;0.3113;0;3.3794;3.3794;5.4396;0.0484;274.43;1134.5;1;0.0081;0.0081;0;0;0;0;0;0;0.3032;0.2152;0;13.104;15.174;9.0596;10.491;97.4;97.4;3.768;2.6256;1.8152;1.1424;0.8104;0.3032;0.2151;0.4817;3.0097;0.481;0
08/07/21 08:00;13.577;-49.497;55.295;17.621;29.617;-90;-29.617;213.01;35.102;177.9;0.3602;4.09;0;431.46;14.004;48.795;0;1.8089;496.07;0;496.07;431.46;48.795;14.004;1.8089;0.8698;0.0319;0;0.0036;493.89;2.182;0;0;0.6069;1.5751;482.06;10.84;9.309;1.0528;0.4364;0.0414;492.9;0.9878;0.8629;0.0976;0.0268;0.0005;482.1;421.29;47.645;12.934;0.1919;10.176;8.8126;2.301;0.2033;0.0797;1.146;0.0408;1.0224;0;1;0;0;2.3289;0.9956;1;1;0.9567;0.1292;0.978;0.9784;1;0.9674;0.8225;0.998;0.998;1;0.998;0.998;0.9718;0.9236;0.1061;1.4118;1.3816;0.0083;0.0068;-0.0057;0.0096;0.0341;0.0002;0;0;0.088;1.1868;0;0;0;0;0;0;0;0;0;0;0;0;0.0274;0.0048;1.2962;1.2962;0;23.821;23.821;23.461;0.0487;1186.7;1092.2;1;0.0213;0.0213;0;0;0;0;0;0;1.2748;1.1868;0;17.266;19.993;15.809;18.307;98.354;98.354;11.906;10.931;10.009;0.9751;0.9221;0.0819;0.0774;0.8407;9.206;0.8392;0
08/07/21 09:00;22.07;-37.974;46.931;33.383;56.617;-90;-56.617;385.2;63.599;321.6;3.7798;4.1;0;584.49;17.383;74.828;0;11.262;687.97;0;687.97;584.49;74.828;17.383;11.262;0.8496;0.0416;0;0.0164;675.47;12.497;0;0;2.0021;10.495;666.35;7.7636;6.3805;0.8168;0.5292;0.037;674.12;1.3509;1.169;0.1497;0.0308;0.0015;668.48;576.94;73.861;14.821;0.728;106.81;92.501;22.53;2.3667;0.9569;13.764;2.1304;12.354;0;1;0;0;1.786;0.9818;1;1;0.8848;0.0681;0.9885;0.9891;1;0.9655;0.9517;0.998;0.998;1;0.998;0.998;0.9686;0.8526;0.0646;1.9579;1.9402;0.0117;0.0002;0.0779;0.013;0.0459;0.0025;0;0;0.088;1.6262;0;0;0;0;0;0;0;0;0;0;0;0;0.037;0.009;1.743;1.743;0;36.51;36.51;32.73;0.0491;1669.7;1043.9;1;0.0287;0.0287;0;0;0;0;0;0;1.7142;1.6262;0;16.741;19.386;15.62;18.088;98.352;98.352;16.511;14.699;13.714;1.8125;0.9844;0.1098;0.0596;0.8306;14.56;0.8183;0
08/07/21 10:00;28.435;-24.341;53.244;52.722;37.278;-90;-37.278;502.39;82.903;419.49;8.6499;3.94;0;527.19;24.837;69.423;0;6.6714;628.12;0;628.12;527.19;69.423;24.837;6.6714;0.8393;0.0502;0;0.0106;620.55;7.5674;0;0;1.5468;6.0206;608.22;11.092;9.0707;1.1945;0.7509;0.0763;619.31;1.2411;1.0544;0.1388;0.0466;0.0013;610.16;517.06;68.09;22.493;0.5732;247.23;214.1;54.022;0.7961;1.7886;25.728;1.9399;26.72;0;1;0;0;1.2503;0.988;1;1;0.9377;0.0975;0.9821;0.9828;1;0.9677;0.8825;0.998;0.998;1;0.998;0.998;0.9683;0.9056;0.0859;1.7876;1.7973;0.0108;0.0016;0.0855;0.0119;0.0422;0.0046;0;0;0.088;1.4851;0;0;0;0;0;0;0;0;0;0;0;0;0.034;0.0078;1.5989;1.5989;0;38.583;38.583;29.934;0.0492;1546.2;1034;1;0.0258;0.0258;0;0;0;0;0;0;1.5731;1.4851;0;16.82;19.478;15.623;18.092;98.388;98.388;15.075;13.483;12.524;1.5915;0.9595;0.1056;0.0636;0.8308;17.294;0.8061;0
08/07/21 11:00;31.95;-8.8119;56.981;76.199;13.801;-90;-13.801;504.79;102.9;401.89;11.8;3.87;0;413.84;43.16;60.864;0;0.9472;518.81;0;518.81;413.84;60.864;43.16;0.9472;0.7977;0.085;0;0.0018;517.49;1.3207;0;0;0.5343;0.7864;502.33;14.129;10.859;1.5971;1.6365;0.036;516.46;1.035;0.8277;0.1217;0.0853;0.0003;502.54;402.15;59.145;40.904;0.1245;292.38;253.21;62.982;0.0416;2.1157;30.433;0.2152;32.507;0;1;0;0;1.0278;0.9975;1;1;0.9876;0.1697;0.9726;0.9737;1;0.9615;0.7758;0.998;0.998;1;0.998;0.998;0.9682;0.9477;0.1314;1.4765;1.4988;0.009;0.0052;0.0607;0.01;0.0353;0.0055;0;0;0.088;1.23;0;0;0;0;0;0;0;0;0;0;0;0;0.0285;0.0056;1.3391;1.3391;0;36.499;36.499;24.698;0.0492;1288.7;1039.1;1;0.0211;0.0211;0;0;0;0;0;0;1.318;1.23;0;17.055;19.75;15.666;18.141;98.424;98.424;12.452;11.293;10.373;1.1589;0.9201;0.0931;0.0739;0.833;26.157;0.798;0
08/07/21 12:00;32.086;7.5511;57.13;78.162;11.838;90;11.838;581.6;96.001;485.6;12.9;3.3301;0;496.15;29.308;67.821;0;0.804;594.09;0;594.09;496.15;67.821;29.308;0.804;0.8352;0.0507;0;0.0014;593.14;0.9503;0;0;0.2813;0.6691;575.71;16.241;13.249;1.811;1.1508;0.0303;591.95;1.1863;0.9923;0.1356;0.0581;0.0003;575.88;481.91;65.874;27.818;0.1043;338.23;292.91;73.253;0.0163;2.4197;34.807;0.1701;37.211;0;1;0;0;1.0215;0.9984;1;1;0.9904;0.1678;0.9726;0.9732;1;0.9603;0.7747;0.998;0.998;1;0.998;0.998;0.9691;0.9492;0.1298;1.6907;1.7174;0.0103;0.0024;0.0984;0.0112;0.0399;0.0062;0;0;0.088;1.3978;0;0;0;0;0;0;0;0;0;0;0;0;0.0321;0.0072;1.5096;1.5096;0;41.302;41.302;28.402;0.0493;1477;1022;1;0.0238;0.0238;0;0;0;0;0;0;1.4858;1.3978;0;16.791;19.444;15.547;18.003;98.421;98.421;14.258;12.731;11.787;1.5275;0.9432;0.1071;0.0662;0.8267;17.654;0.792;0
08/07/21 13:00;28.819;23.194;53.642;54.403;35.597;90;35.597;356.9;202.6;154.3;12.83;2.83;0;189.76;139.2;60.321;0;4.3351;393.62;0;393.62;189.76;60.321;139.2;4.3351;0.4821;0.3647;0;0.011;381.62;11.995;0;0;8.0928;3.9024;372.09;8.7733;3.4066;1.0829;4.2251;0.0587;380.86;0.7632;0.3795;0.1206;0.2622;0.0009;373.43;185.97;59.117;126.62;0.3731;196.36;170.05;43.383;3.8015;1.5957;22.954;1.3479;20.748;0;1;0;0;1.1029;0.9695;1;1;0.9419;0.0998;0.977;0.982;1;0.9677;0.8641;0.998;0.998;1;0.998;0.998;0.9453;0.9096;0.0861;1.1202;1.1144;0.0067;0.0106;0.024;0.0075;0.0266;0.0042;0;0;0.088;0.9057;0;0;0;0;0;0;0;0;0;0;0;0;0.0215;0.0032;1.0101;1.0101;0;31.072;31.072;18.242;0.049;956.38;1056.2;1;0.0164;0.0164;0;0;0;0;0;0;0.9937;0.9057;0;16.957;19.636;15.204;17.606;98.374;98.374;9.4468;8.5182;7.6376;0.9286;0.8807;0.0983;0.0932;0.8085;95.626;0.7747;0
08/07/21 14:00;22.65;36.992;47.487;34.742;55.258;90;55.258;392.1;83.003;309.1;13.32;1.9199;0;542.39;25.601;88.419;0;10.962;667.37;0;667.37;542.39;88.419;25.601;10.962;0.8127;0.0548;0;0.0164;654.25;13.125;0;0;2.8562;10.269;645.04;7.8978;6.0968;0.9939;0.7753;0.0318;652.94;1.3085;1.0848;0.1768;0.0455;0.0014;647.35;535.21;87.249;21.924;0.6605;121.78;105.46;25.359;3.1976;1.1447;16.466;2.3061;14.413;0;1;0;0;1.702;0.9803;1;1;0.8884;0.0633;0.9879;0.9887;1;0.9658;0.9541;0.998;0.998;1;0.998;0.998;0.9665;0.8564;0.0602;1.8993;1.8851;0.0114;0.0007;0.134;0.0122;0.0432;0.0029;0;0;0.088;1.5234;0;0;0;0;0;0;0;0;0;0;0;0;0.0348;0.0085;1.6375;1.6375;0;45.233;45.233;31.913;0.0495;1622.6;1009.2;1;0.0261;0.0261;0;0;0;0;0;0;1.6114;1.5234;0;16.213;18.775;15.084;17.467;98.409;98.409;16.017;13.809;12.847;2.2079;0.9619;0.1378;0.0601;0.8021;21.118;0.7876;0
08/07/21 15:00;14.298;48.671;53.205;18.747;32.463;90;32.463;91.402;89.003;2.3991;12.33;1.73;0;5.8185;81.446;1.586;0;0.9284;89.779;0;89.779;5.8185;1.586;81.446;0.9284;0.0648;0.9175;0;0.0103;84.86;4.9192;0;0;4.0957;0.8235;82.046;2.6446;0.0997;0.0272;2.5008;0.0169;84.69;0.1697;0.0116;0.0032;0.1547;0.0002;82.346;5.7072;1.5557;74.695;0.0878;54.646;47.324;11.918;1.62;0.4907;7.0585;0.3001;5.9293;0;1;0;0;0.9822;0.9452;1;1;0.9497;0.113;0.9688;0.9828;1;0.9676;0.8388;0.998;0.998;1;0.998;0.998;0.9139;0.9171;0.0946;0.2555;0.2497;0.0015;0.0158;-0.0079;0.0017;0.006;0.0013;0;0;0.088;0.1316;0;0;0;0;0;0;0;0;0;0;0;0;0.0048;0.0003;0.2263;0.2263;0;16.355;16.355;4.0247;0.0491;212.21;1066.3;1;0.0067;0.0067;0;0;0;0;0;0;0.2196;0.1316;0;16.655;19.287;9.6844;11.214;97.033;97.033;2.1547;1.9083;1.1096;0.2464;0.7987;0.1143;0.3707;0.515;54.631;0.4863;0
08/07/21 16:00;4.9405;58.081;77.944;5.8151;8.4096;90;8.4096;20.003;19.703;0.3001;10.43;1.7;0;0.7279;19.546;0.126;0;0.014;20.414;0;20.414;0.7279;0.126;19.546;0.014;0.0357;0.9582;0;0.0007;20.296;0.1177;0;0;0.1061;0.0116;19.226;1.0294;0.1855;0.0321;0.8113;0.0005;20.255;0.0406;0.0015;0.0003;0.0389;0;19.228;0.541;0.0936;18.589;0.0018;11.676;10.111;2.3851;0.0028;0.093;1.338;0.0021;1.4281;0;1;0;0;1.0205;0.9942;1;1;0.9946;0.1676;0.9492;0.7447;1;0.9582;0.7753;0.998;0.998;1;0.998;0.998;0.9418;0.9511;0.1297;0.0581;0.0577;0.0003;0.0085;-0.0028;0.0004;0.0013;0.0002;0;0;0.088;-0.0424;0;0;0;0;0;0;0;0;0;0;0;0;0.001;0;0.0488;0.0488;0;11.388;11.388;0.9577;0.0498;47.565;1025.3;1;0.0032;0.0032;0;0;0;0;0;0;0.0456;-0.0424;0;15.787;18.281;-13.741;-15.911;93.401;93.401;0.4899;0.4113;-0.358;0.0786;0.7693;0.1605;1.5702;0;11.674;0;0
08/07/21 17:00;0;0;90;0;0;90;0;0;0;0;7.8402;1.96;0;0;0;0;0;0;0;0;0;0;0;0;0;1;1;1;1;0;0;0;0;0;0;0;0;0;0;0;0;0;0;0;0;0;0;0;0;0;0;0;0;0;0;0;0;0;0;0;0;0;0;0;1;1;1;1;1;1;1;1;1;1;1;1;1;1;1;1;1;1;1;0;0;0;0;0;0;0;0;0;0.0004;0.088;-0.0884;0;0;0;0;0;0;0;0;0;0;0;0;0;0;0;0;0;0;0;-7.8402;0;0;0;0;0.0004;0;0;0;0;0;0;0;-0.0004;-0.0884;0;0;0;0;0;0;0;0;0;-0.7452;0;0.7452;1;1;0;0;0;0
08/07/21 18:00;0;0;90;0;0;90;0;0;0;0;6.5997;2.26;0;0;0;0;0;0;0;0;0;0;0;0;0;1;1;1;1;0;0;0;0;0;0;0;0;0;0;0;0;0;0;0;0;0;0;0;0;0;0;0;0;0;0;0;0;0;0;0;0;0;0;0;1;1;1;1;1;1;1;1;1;1;1;1;1;1;1;1;1;1;1;0;0;0;0;0;0;0;0;0;0.0004;0.088;-0.0884;0;0;0;0;0;0;0;0;0;0;0;0;0;0;0;0;0;0;0;-6.5997;0;0;0;0;0.0004;0;0;0;0;0;0;0;-0.0004;-0.0884;0;0;0;0;0;0;0;0;0;-0.7452;0;0.7452;1;1;0;0;0;0
08/07/21 19:00;0;0;90;0;0;90;0;0;0;0;5.8399;2.6201;0;0;0;0;0;0;0;0;0;0;0;0;0;1;1;1;1;0;0;0;0;0;0;0;0;0;0;0;0;0;0;0;0;0;0;0;0;0;0;0;0;0;0;0;0;0;0;0;0;0;0;0;1;1;1;1;1;1;1;1;1;1;1;1;1;1;1;1;1;1;1;0;0;0;0;0;0;0;0;0;0.0004;0.088;-0.0884;0;0;0;0;0;0;0;0;0;0;0;0;0;0;0;0;0;0;0;-5.8399;0;0;0;0;0.0004;0;0;0;0;0;0;0;-0.0004;-0.0884;0;0;0;0;0;0;0;0;0;-0.7452;0;0.7452;1;1;0;0;0;0
08/07/21 20:00;0;0;90;0;0;90;0;0;0;0;5.8997;2.92;0;0;0;0;0;0;0;0;0;0;0;0;0;1;1;1;1;0;0;0;0;0;0;0;0;0;0;0;0;0;0;0;0;0;0;0;0;0;0;0;0;0;0;0;0;0;0;0;0;0;0;0;1;1;1;1;1;1;1;1;1;1;1;1;1;1;1;1;1;1;1;0;0;0;0;0;0;0;0;0;0.0004;0.088;-0.0884;0;0;0;0;0;0;0;0;0;0;0;0;0;0;0;0;0;0;0;-5.8997;0;0;0;0;0.0004;0;0;0;0;0;0;0;-0.0004;-0.0884;0;0;0;0;0;0;0;0;0;-0.7452;0;0.7452;1;1;0;0;0;0
08/07/21 21:00;0;0;90;0;0;90;0;0;0;0;6.5;3.0299;0;0;0;0;0;0;0;0;0;0;0;0;0;1;1;1;1;0;0;0;0;0;0;0;0;0;0;0;0;0;0;0;0;0;0;0;0;0;0;0;0;0;0;0;0;0;0;0;0;0;0;0;1;1;1;1;1;1;1;1;1;1;1;1;1;1;1;1;1;1;1;0;0;0;0;0;0;0;0;0;0.0004;0.088;-0.0884;0;0;0;0;0;0;0;0;0;0;0;0;0;0;0;0;0;0;0;-6.5;0;0;0;0;0.0004;0;0;0;0;0;0;0;-0.0004;-0.0884;0;0;0;0;0;0;0;0;0;-0.7452;0;0.7452;1;1;0;0;0;0
08/07/21 22:00;0;0;90;0;0;90;0;0;0;0;6.7001;3.07;0;0;0;0;0;0;0;0;0;0;0;0;0;1;1;1;1;0;0;0;0;0;0;0;0;0;0;0;0;0;0;0;0;0;0;0;0;0;0;0;0;0;0;0;0;0;0;0;0;0;0;0;1;1;1;1;1;1;1;1;1;1;1;1;1;1;1;1;1;1;1;0;0;0;0;0;0;0;0;0;0.0004;0.088;-0.0884;0;0;0;0;0;0;0;0;0;0;0;0;0;0;0;0;0;0;0;-6.7001;0;0;0;0;0.0004;0;0;0;0;0;0;0;-0.0004;-0.0884;0;0;0;0;0;0;0;0;0;-0.7452;0;0.7452;1;1;0;0;0;0
08/07/21 23:00;0;0;90;0;0;90;0;0;0;0;6.6802;3.07;0;0;0;0;0;0;0;0;0;0;0;0;0;1;1;1;1;0;0;0;0;0;0;0;0;0;0;0;0;0;0;0;0;0;0;0;0;0;0;0;0;0;0;0;0;0;0;0;0;0;0;0;1;1;1;1;1;1;1;1;1;1;1;1;1;1;1;1;1;1;1;0;0;0;0;0;0;0;0;0;0.0004;0.088;-0.0884;0;0;0;0;0;0;0;0;0;0;0;0;0;0;0;0;0;0;0;-6.6802;0;0;0;0;0.0004;0;0;0;0;0;0;0;-0.0004;-0.0884;0;0;0;0;0;0;0;0;0;-0.7452;0;0.7452;1;1;0;0;0;0
09/07/21 00:00;0;0;90;0;0;90;0;0;0;0;7.21;2.89;0;0;0;0;0;0;0;0;0;0;0;0;0;1;1;1;1;0;0;0;0;0;0;0;0;0;0;0;0;0;0;0;0;0;0;0;0;0;0;0;0;0;0;0;0;0;0;0;0;0;0;0;1;1;1;1;1;1;1;1;1;1;1;1;1;1;1;1;1;1;1;0;0;0;0;0;0;0;0;0;0.0004;0.088;-0.0884;0;0;0;0;0;0;0;0;0;0;0;0;0;0;0;0;0;0;0;-7.21;0;0;0;0;0.0004;0;0;0;0;0;0;0;-0.0004;-0.0884;0;0;0;0;0;0;0;0;0;-0.7452;0;0.7452;1;1;0;0;0;0
09/07/21 01:00;0;0;90;0;0;90;0;0;0;0;7.1003;2.7199;0;0;0;0;0;0;0;0;0;0;0;0;0;1;1;1;1;0;0;0;0;0;0;0;0;0;0;0;0;0;0;0;0;0;0;0;0;0;0;0;0;0;0;0;0;0;0;0;0;0;0;0;1;1;1;1;1;1;1;1;1;1;1;1;1;1;1;1;1;1;1;0;0;0;0;0;0;0;0;0;0.0004;0.088;-0.0884;0;0;0;0;0;0;0;0;0;0;0;0;0;0;0;0;0;0;0;-7.1003;0;0;0;0;0.0004;0;0;0;0;0;0;0;-0.0004;-0.0884;0;0;0;0;0;0;0;0;0;-0.7452;0;0.7452;1;1;0;0;0;0
09/07/21 02:00;0;0;90;0;0;90;0;0;0;0;6.9301;2.66;0;0;0;0;0;0;0;0;0;0;0;0;0;1;1;1;1;0;0;0;0;0;0;0;0;0;0;0;0;0;0;0;0;0;0;0;0;0;0;0;0;0;0;0;0;0;0;0;0;0;0;0;1;1;1;1;1;1;1;1;1;1;1;1;1;1;1;1;1;1;1;0;0;0;0;0;0;0;0;0;0.0004;0.088;-0.0884;0;0;0;0;0;0;0;0;0;0;0;0;0;0;0;0;0;0;0;-6.9301;0;0;0;0;0.0004;0;0;0;0;0;0;0;-0.0004;-0.0884;0;0;0;0;0;0;0;0;0;-0.7452;0;0.7452;1;1;0;0;0;0
09/07/21 03:00;0;0;90;0;0;90;0;0;0;0;7.1003;2.6101;0;0;0;0;0;0;0;0;0;0;0;0;0;1;1;1;1;0;0;0;0;0;0;0;0;0;0;0;0;0;0;0;0;0;0;0;0;0;0;0;0;0;0;0;0;0;0;0;0;0;0;0;1;1;1;1;1;1;1;1;1;1;1;1;1;1;1;1;1;1;1;0;0;0;0;0;0;0;0;0;0.0004;0.088;-0.0884;0;0;0;0;0;0;0;0;0;0;0;0;0;0;0;0;0;0;0;-7.1003;0;0;0;0;0.0004;0;0;0;0;0;0;0;-0.0004;-0.0884;0;0;0;0;0;0;0;0;0;-0.7452;0;0.7452;1;1;0;0;0;0
09/07/21 04:00;0;0;90;0;0;90;0;0;0;0;6.7998;2.5301;0;0;0;0;0;0;0;0;0;0;0;0;0;1;1;1;1;0;0;0;0;0;0;0;0;0;0;0;0;0;0;0;0;0;0;0;0;0;0;0;0;0;0;0;0;0;0;0;0;0;0;0;1;1;1;1;1;1;1;1;1;1;1;1;1;1;1;1;1;1;1;0;0;0;0;0;0;0;0;0;0.0004;0.088;-0.0884;0;0;0;0;0;0;0;0;0;0;0;0;0;0;0;0;0;0;0;-6.7998;0;0;0;0;0.0004;0;0;0;0;0;0;0;-0.0004;-0.0884;0;0;0;0;0;0;0;0;0;-0.7452;0;0.7452;1;1;0;0;0;0
09/07/21 05:00;0;0;90;0;0;90;0;0;0;0;6.7001;2.35;0;0;0;0;0;0;0;0;0;0;0;0;0;1;1;1;1;0;0;0;0;0;0;0;0;0;0;0;0;0;0;0;0;0;0;0;0;0;0;0;0;0;0;0;0;0;0;0;0;0;0;0;1;1;1;1;1;1;1;1;1;1;1;1;1;1;1;1;1;1;1;0;0;0;0;0;0;0;0;0;0.0004;0.088;-0.0884;0;0;0;0;0;0;0;0;0;0;0;0;0;0;0;0;0;0;0;-6.7001;0;0;0;0;0.0004;0;0;0;0;0;0;0;-0.0004;-0.0884;0;0;0;0;0;0;0;0;0;-0.7452;0;0.7452;1;1;0;0;0;0
09/07/21 06:00;0;0;90;0;0;90;0;0;0;0;5.7601;2.1699;0;0;0;0;0;0;0;0;0;0;0;0;0;1;1;1;1;0;0;0;0;0;0;0;0;0;0;0;0;0;0;0;0;0;0;0;0;0;0;0;0;0;0;0;0;0;0;0;0;0;0;0;1;1;1;1;1;1;1;1;1;1;1;1;1;1;1;1;1;1;1;0;0;0;0;0;0;0;0;0;0.0004;0.088;-0.0884;0;0;0;0;0;0;0;0;0;0;0;0;0;0;0;0;0;0;0;-5.7601;0;0;0;0;0.0004;0;0;0;0;0;0;0;-0.0004;-0.0884;0;0;0;0;0;0;0;0;0;-0.7452;0;0.7452;1;1;0;0;0;0
09/07/21 07:00;4.5299;-58.601;78.957;5.303;7.6499;-90;-7.6499;35.299;26.901;8.3985;5.4603;1.78;0;20.369;24.627;5.2468;0;0.0204;50.263;0;50.263;20.369;5.2468;24.627;0.0204;0.4052;0.4904;0;0.0004;50.132;0.1309;0;0;0.1139;0.017;41.693;8.339;5.8084;1.4962;1.0337;0.0008;50.032;0.1003;0.0407;0.0105;0.049;0;41.695;14.52;3.7401;23.43;0.0027;14.739;12.764;3.0148;0.0024;0.1171;1.684;0.002;1.7987;0;1;0;0;1.4239;0.9974;1;1;0.9954;0.1688;0.8333;0.7143;1;0.9577;0.7759;0.998;0.998;1;0.998;0.998;0.8295;0.9514;0.1307;0.143;0.1227;0.0007;0.0122;-0.0078;0.0008;0.0029;0.0003;0;0;0.088;0.0178;0;0;0;0;0;0;0;0;0;0;0;0;0.0024;0.0001;0.1111;0.1111;0;7.5067;7.5067;2.0464;0.0491;103.17;1076.7;1;0.0053;0.0053;0;0;0;0;0;0;0.1058;0.0178;0;14.605;16.912;2.3452;2.7157;95.273;95.273;1.2063;0.9368;0.1504;0.2695;0.7864;0.2234;0.6519;0.1247;14.687;0.1217;0
09/07/21 08:00;13.643;-49.606;55.107;17.676;29.75;-90;-29.75;77.298;73.903;3.395;6.5997;2.0899;0;8.2339;68.281;1.9512;0;0.6622;79.129;0;79.129;8.2339;1.9512;68.281;0.6622;0.1041;0.8713;0;0.0084;75.572;3.5572;0;0;2.9802;0.577;73.064;2.3563;0.1739;0.0412;2.1262;0.015;75.42;0.1511;0.0165;0.0039;0.1306;0.0002;73.265;8.0436;1.906;63.045;0.07;44.948;38.925;9.695;1.0045;0.3893;5.5995;0.2011;4.9843;0;1;0;0;1.0237;0.955;1;1;0.9564;0.1287;0.9688;0.9788;1;0.9674;0.8233;0.998;0.998;1;0.998;0.998;0.9234;0.9233;0.1057;0.2252;0.2208;0.0013;0.0152;-0.0119;0.0015;0.0054;0.001;0;0;0.088;0.1089;0;0;0;0;0;0;0;0;0;0;0;0;0.0043;0.0002;0.2037;0.2037;0;10.17;10.17;3.57;0.0489;187.22;1088.1;1;0.0068;0.0068;0;0;0;0;0;0;0.1969;0.1089;0;17.012;19.699;9.0972;10.534;96.673;96.673;1.8991;1.7179;0.9187;0.1811;0.7993;0.0954;0.4209;0.4837;44.927;0.4594;0
09/07/21 09:00;22.152;-38.076;46.81;33.43;56.57;-90;-56.57;89.996;88.398;1.5983;7.5603;1.39;0;2.9012;68.329;0.5144;0;2.627;74.372;0;74.372;2.9012;0.5144;68.329;2.627;0.039;0.9541;0;0.0353;64.063;10.308;0;0;7.8602;2.4482;61.81;2.1254;0.0315;0.0056;2.0798;0.0086;63.935;0.1281;0.0058;0.001;0.1209;0.0004;62.925;2.8639;0.5078;58.268;0.1698;57.68;49.951;14.001;9.2645;0.9166;13.185;1.1153;4.837;0;1;0;0;0.8264;0.8614;1;1;0.885;0.0681;0.9668;0.9891;1;0.9655;0.9518;0.998;0.998;1;0.998;0.998;0.8311;0.8528;0.0647;0.2117;0.2064;0.0012;0.0149;-0.0108;0.0014;0.005;0.0024;0;0;0.088;0.0935;0;0;0;0;0;0;0;0;0;0;0;0;0.004;0.0002;0.1881;0.1881;0;10.587;10.587;3.0269;0.049;174.23;1079.4;1;0.0066;0.0066;0;0;0;0;0;0;0.1815;0.0935;0;16.709;19.349;8.3063;9.6185;96.503;96.503;1.7849;1.586;0.7884;0.199;0.7976;0.1115;0.4468;0.4417;57.2;0.3899;0
09/07/21 10:00;28.534;-24.428;53.119;52.743;37.257;-90;-37.257;206.6;189.3;17.297;9.9103;1.48;0;21.731;165.33;6.5132;0;2.7404;196.32;0;196.32;21.731;6.5132;165.33;2.7404;0.1107;0.8561;0;0.014;183.56;12.76;0;0;10.287;2.4729;177.68;5.5097;0.369;0.1106;4.9986;0.0314;183.19;0.3671;0.0435;0.013;0.3101;0.0005;178.64;21.319;6.3895;149.73;0.2356;125.99;109.1;27.995;5.2783;1.1979;17.231;0.9567;13.151;0;1;0;0;0.9502;0.935;1;1;0.9378;0.0976;0.9699;0.983;1;0.9677;0.8823;0.998;0.998;1;0.998;0.998;0.9051;0.9057;0.086;0.5587;0.5456;0.0033;0.017;-0.0125;0.0038;0.0134;0.0032;0;0;0.088;0.4082;0;0;0;0;0;0;0;0;0;0;0;0;0.0108;0.0009;0.5058;0.5058;0;18.578;18.578;8.6674;0.0488;465.82;1085.9;1;0.0097;0.0097;0;0;0;0;0;0;0.4962;0.4082;0;17.026;19.716;13.739;15.909;98.089;98.089;4.7116;4.2657;3.4421;0.4459;0.8237;0.0946;0.1748;0.7306;115.09;0.6855;0
09/07/21 11:00;32.064;-8.872;56.858;76.169;13.831;-90;-13.831;201.69;192.6;9.0942;11.68;1.97;0;9.3658;187.35;2.5698;0;0.3801;199.66;0;199.66;9.3658;2.5698;187.35;0.3801;0.0469;0.9402;0;0.0019;197.02;2.6434;0;0;2.3278;0.3156;189.2;7.4228;0.2422;0.0665;7.0997;0.0144;196.63;0.394;0.0187;0.0051;0.37;0.0001;189.29;9.1048;2.4982;177.55;0.05;120.24;104.13;24.805;0.1813;0.952;13.695;0.0831;14.465;0;1;0;0;0.9899;0.9868;1;1;0.9876;0.1697;0.9622;0.9741;1;0.9616;0.7758;0.998;0.998;1;0.998;0.998;0.9476;0.9477;0.1314;0.5682;0.569;0.0034;0.0169;-0.0083;0.0039;0.0138;0.0025;0;0;0.088;0.4268;0;0;0;0;0;0;0;0;0;0;0;0;0.0111;0.001;0.5246;0.5246;0;20.923;20.923;9.2429;0.0489;486.37;1078.6;1;0.0098;0.0098;0;0;0;0;0;0;0.5148;0.4268;0;17.361;20.104;14.125;16.356;98.133;98.133;4.792;4.4239;3.5992;0.368;0.8247;0.0768;0.1721;0.7511;113.55;0.7144;0
09/07/21 12:00;32.209;7.5266;57.016;78.254;11.746;90;11.746;275.11;236.3;38.809;11.14;2.0799;0;39.639;220.95;13.29;0;0.3745;274.25;0;274.25;39.639;13.29;220.95;0.3745;0.1445;0.807;0;0.0014;271.85;2.4044;0;0;2.0928;0.3116;261.2;10.098;1.0443;0.3501;8.6897;0.0141;271.3;0.5437;0.0793;0.0266;0.4377;0.0001;261.28;38.515;12.913;209.73;0.0486;163.16;141.3;33.821;0.1178;1.2729;18.31;0.0751;19.465;0;1;0;0;0.9969;0.9912;1;1;0.9905;0.1679;0.9628;0.9736;1;0.9602;0.7747;0.998;0.998;1;0.998;0.998;0.9524;0.9492;0.1298;0.7805;0.7842;0.0047;0.015;-0.0031;0.0054;0.0191;0.0034;0;0;0.088;0.6222;0;0;0;0;0;0;0;0;0;0;0;0;0.0154;0.0017;0.7227;0.7227;0;23.9;23.9;12.76;0.0488;670.87;1077.2;1;0.0125;0.0125;0;0;0;0;0;0;0.7102;0.6222;0;17.413;20.164;14.992;17.361;98.276;98.276;6.582;6.0946;5.2474;0.4875;0.8472;0.0741;0.1287;0.7972;133.06;0.7593;0
09/07/21 13:00;28.944;23.205;53.543;54.531;35.469;90;35.469;478.21;100.6;377.61;13.02;1.62;0;463.65;37.409;72.889;0;5.7682;579.72;0;579.72;463.65;72.889;37.409;5.7682;0.7998;0.0745;0;0.01;572.36;7.352;0;0;2.1626;5.1894;560.47;10.745;8.2352;1.2946;1.1359;0.0792;571.22;1.1447;0.9273;0.1458;0.0705;0.0012;562.13;454.49;71.448;34.04;0.4984;242.5;210.01;53.561;1.0102;1.7321;24.915;1.6594;25.637;0;1;0;0;1.2123;0.9873;1;1;0.9422;0.1003;0.9812;0.9822;1;0.9677;0.8629;0.998;0.998;1;0.998;0.998;0.9668;0.9099;0.0864;1.6498;1.6582;0.01;0.0031;0.0913;0.0109;0.0386;0.0044;0;0;0.088;1.3511;0;0;0;0;0;0;0;0;0;0;0;0;0.0311;0.0067;1.4621;1.4621;0;40.659;40.659;27.639;0.0493;1427;1024.6;1;0.023;0.023;0;0;0;0;0;0;1.4391;1.3511;0;16.666;19.299;15.401;17.834;98.429;98.429;13.913;12.33;11.394;1.5832;0.9359;0.1138;0.0673;0.8189;25.672;0.7934;0
09/07/21 14:00;22.77;37.029;47.401;34.877;55.123;90;55.123;333.1;138.1;195;13.95;0.9699;0;341.02;67.178;92.027;0;9.271;509.5;0;509.5;341.02;92.027;67.178;9.271;0.6693;0.15;0;0.0182;493.35;16.153;0;0;7.4684;8.6842;485.46;6.9065;3.8164;1.0299;2.0336;0.0266;492.36;0.9867;0.682;0.1841;0.1194;0.0012;487.79;336.53;90.813;57.557;0.5589;125.28;108.49;27.456;8.3138;1.4151;20.356;2.3334;13.457;0;1;0;0;1.5296;0.9683;1;1;0.8888;0.0633;0.986;0.9888;1;0.9659;0.9545;0.998;0.998;1;0.998;0.998;0.9528;0.8568;0.0603;1.45;1.4364;0.0087;0.006;0.0651;0.0095;0.0337;0.0037;0;0;0.088;1.1694;0;0;0;0;0;0;0;0;0;0;0;0;0.0271;0.0052;1.2775;1.2775;0;37.849;37.849;23.899;0.0492;1236;1033.6;1;0.0201;0.0201;0;0;0;0;0;0;1.2574;1.1694;0;16.568;19.186;15.166;17.562;98.427;98.427;12.228;10.773;9.8617;1.4547;0.9116;0.119;0.0745;0.8065;55.333;0.7831;0
09/07/21 15:00;14.411;48.726;52.873;18.875;32.809;90;32.809;193.71;119.5;74.203;13.71;1.49;0;179.96;85.174;65.353;0;2.0084;332.5;0;332.5;179.96;65.353;85.174;2.0084;0.5412;0.2622;0;0.006;326.36;6.1399;0;0;4.3554;1.7845;319;6.7075;2.9788;1.0818;2.6114;0.0355;325.71;0.6527;0.3599;0.1307;0.1616;0.0004;319.32;176.62;64.141;78.045;0.188;57.773;50.031;12.669;1.7572;0.5171;7.4385;0.3225;6.1983;0;1;0;0;1.7165;0.9815;1;1;0.9489;0.1115;0.9794;0.9834;1;0.9676;0.8413;0.998;0.998;1;0.998;0.998;0.9594;0.9163;0.0936;0.9463;0.9285;0.0056;0.0132;0.0143;0.0063;0.0222;0.0014;0;0;0.088;0.7433;0;0;0;0;0;0;0;0;0;0;0;0;0.0179;0.0023;0.8453;0.8453;0;29.342;29.342;15.632;0.049;796.69;1061;1;0.014;0.014;0;0;0;0;0;0;0.8313;0.7433;0;16.799;19.453;14.772;17.106;98.344;98.344;7.9799;7.1286;6.2684;0.8514;0.8602;0.1067;0.1078;0.7855;57.277;0.7726;0
09/07/21 16:00;5.0461;58.148;77.683;5.9347;8.588;90;8.588;10.392;10.297;0.0954;12.87;2.21;0;0.2313;10.231;0.0205;0;0.0076;10.49;0;10.49;0.2313;0.0205;10.231;0.0076;0.0221;0.976;0;0.0007;10.426;0.0638;0;0;0.0575;0.0063;9.9195;0.4862;0.0573;0.0051;0.4235;0.0003;10.406;0.0209;0.0005;0;0.0203;0;9.9206;0.1736;0.0154;9.7295;0.001;6.1135;5.2943;1.249;0.0016;0.0487;0.7005;0.0012;0.7476;0;1;0;0;1.0094;0.9939;1;1;0.9944;0.1677;0.9533;0.7519;1;0.9583;0.7752;0.998;0.998;1;0.998;0.998;0.9456;0.951;0.1297;0.0299;0.0298;0.0002;0.006;-0.0012;0.0002;0.0006;0.0001;0;0;0.088;-0.0671;0;0;0;0;0;0;0;0;0;0;0;0;0.0005;0;0.0234;0.0234;0;13.371;13.371;0.5015;0.0506;23.742;985.22;1;0.0025;0.0025;0;0;0;0;0;0;0.0209;-0.0671;0;14.734;17.062;-42.27;-48.947;89.334;89.334;0.2518;0.1973;-0.5659;0.0545;0.7632;0.2165;3.0312;0;6.113;0;0
09/07/21 17:00;0;0;90;0;0;90;0;0;0;0;10;2.5401;0;0;0;0;0;0;0;0;0;0;0;0;0;1;1;1;1;0;0;0;0;0;0;0;0;0;0;0;0;0;0;0;0;0;0;0;0;0;0;0;0;0;0;0;0;0;0;0;0;0;0;0;1;1;1;1;1;1;1;1;1;1;1;1;1;1;1;1;1;1;1;0;0;0;0;0;0;0;0;0;0.0004;0.088;-0.0884;0;0;0;0;0;0;0;0;0;0;0;0;0;0;0;0;0;0;0;-10;0;0;0;0;0.0004;0;0;0;0;0;0;0;-0.0004;-0.0884;0;0;0;0;0;0;0;0;0;-0.7452;0;0.7452;1;1;0;0;0;0
09/07/21 18:00;0;0;90;0;0;90;0;0;0;0;8.8599;2.7199;0;0;0;0;0;0;0;0;0;0;0;0;0;1;1;1;1;0;0;0;0;0;0;0;0;0;0;0;0;0;0;0;0;0;0;0;0;0;0;0;0;0;0;0;0;0;0;0;0;0;0;0;1;1;1;1;1;1;1;1;1;1;1;1;1;1;1;1;1;1;1;0;0;0;0;0;0;0;0;0;0.0004;0.088;-0.0884;0;0;0;0;0;0;0;0;0;0;0;0;0;0;0;0;0;0;0;-8.8599;0;0;0;0;0.0004;0;0;0;0;0;0;0;-0.0004;-0.0884;0;0;0;0;0;0;0;0;0;-0.7452;0;0.7452;1;1;0;0;0;0
09/07/21 19:00;0;0;90;0;0;90;0;0;0;0;6.9501;2.7801;0;0;0;0;0;0;0;0;0;0;0;0;0;1;1;1;1;0;0;0;0;0;0;0;0;0;0;0;0;0;0;0;0;0;0;0;0;0;0;0;0;0;0;0;0;0;0;0;0;0;0;0;1;1;1;1;1;1;1;1;1;1;1;1;1;1;1;1;1;1;1;0;0;0;0;0;0;0;0;0;0.0004;0.088;-0.0884;0;0;0;0;0;0;0;0;0;0;0;0;0;0;0;0;0;0;0;-6.9501;0;0;0;0;0.0004;0;0;0;0;0;0;0;-0.0004;-0.0884;0;0;0;0;0;0;0;0;0;-0.7452;0;0.7452;1;1;0;0;0;0
09/07/21 20:00;0;0;90;0;0;90;0;0;0;0;5.5002;2.7899;0;0;0;0;0;0;0;0;0;0;0;0;0;1;1;1;1;0;0;0;0;0;0;0;0;0;0;0;0;0;0;0;0;0;0;0;0;0;0;0;0;0;0;0;0;0;0;0;0;0;0;0;1;1;1;1;1;1;1;1;1;1;1;1;1;1;1;1;1;1;1;0;0;0;0;0;0;0;0;0;0.0004;0.088;-0.0884;0;0;0;0;0;0;0;0;0;0;0;0;0;0;0;0;0;0;0;-5.5002;0;0;0;0;0.0004;0;0;0;0;0;0;0;-0.0004;-0.0884;0;0;0;0;0;0;0;0;0;-0.7452;0;0.7452;1;1;0;0;0;0
09/07/21 21:00;0;0;90;0;0;90;0;0;0;0;6.1703;2.8601;0;0;0;0;0;0;0;0;0;0;0;0;0;1;1;1;1;0;0;0;0;0;0;0;0;0;0;0;0;0;0;0;0;0;0;0;0;0;0;0;0;0;0;0;0;0;0;0;0;0;0;0;1;1;1;1;1;1;1;1;1;1;1;1;1;1;1;1;1;1;1;0;0;0;0;0;0;0;0;0;0.0004;0.088;-0.0884;0;0;0;0;0;0;0;0;0;0;0;0;0;0;0;0;0;0;0;-6.1703;0;0;0;0;0.0004;0;0;0;0;0;0;0;-0.0004;-0.0884;0;0;0;0;0;0;0;0;0;-0.7452;0;0.7452;1;1;0;0;0;0
09/07/21 22:00;0;0;90;0;0;90;0;0;0;0;5.3001;2.98;0;0;0;0;0;0;0;0;0;0;0;0;0;1;1;1;1;0;0;0;0;0;0;0;0;0;0;0;0;0;0;0;0;0;0;0;0;0;0;0;0;0;0;0;0;0;0;0;0;0;0;0;1;1;1;1;1;1;1;1;1;1;1;1;1;1;1;1;1;1;1;0;0;0;0;0;0;0;0;0;0.0004;0.088;-0.0884;0;0;0;0;0;0;0;0;0;0;0;0;0;0;0;0;0;0;0;-5.3001;0;0;0;0;0.0004;0;0;0;0;0;0;0;-0.0004;-0.0884;0;0;0;0;0;0;0;0;0;-0.7452;0;0.7452;1;1;0;0;0;0
09/07/21 23:00;0;0;90;0;0;90;0;0;0;0;4.7703;2.9;0;0;0;0;0;0;0;0;0;0;0;0;0;1;1;1;1;0;0;0;0;0;0;0;0;0;0;0;0;0;0;0;0;0;0;0;0;0;0;0;0;0;0;0;0;0;0;0;0;0;0;0;1;1;1;1;1;1;1;1;1;1;1;1;1;1;1;1;1;1;1;0;0;0;0;0;0;0;0;0;0.0004;0.088;-0.0884;0;0;0;0;0;0;0;0;0;0;0;0;0;0;0;0;0;0;0;-4.7703;0;0;0;0;0.0004;0;0;0;0;0;0;0;-0.0004;-0.0884;0;0;0;0;0;0;0;0;0;-0.7452;0;0.7452;1;1;0;0;0;0
10/07/21 00:00;0;0;90;0;0;90;0;0;0;0;4.64;2.7099;0;0;0;0;0;0;0;0;0;0;0;0;0;1;1;1;1;0;0;0;0;0;0;0;0;0;0;0;0;0;0;0;0;0;0;0;0;0;0;0;0;0;0;0;0;0;0;0;0;0;0;0;1;1;1;1;1;1;1;1;1;1;1;1;1;1;1;1;1;1;1;0;0;0;0;0;0;0;0;0;0.0004;0.088;-0.0884;0;0;0;0;0;0;0;0;0;0;0;0;0;0;0;0;0;0;0;-4.64;0;0;0;0;0.0004;0;0;0;0;0;0;0;-0.0004;-0.0884;0;0;0;0;0;0;0;0;0;-0.7452;0;0.7452;1;1;0;0;0;0
10/07/21 01:00;0;0;90;0;0;90;0;0;0;0;4.5203;2.57;0;0;0;0;0;0;0;0;0;0;0;0;0;1;1;1;1;0;0;0;0;0;0;0;0;0;0;0;0;0;0;0;0;0;0;0;0;0;0;0;0;0;0;0;0;0;0;0;0;0;0;0;1;1;1;1;1;1;1;1;1;1;1;1;1;1;1;1;1;1;1;0;0;0;0;0;0;0;0;0;0.0004;0.088;-0.0884;0;0;0;0;0;0;0;0;0;0;0;0;0;0;0;0;0;0;0;-4.5203;0;0;0;0;0.0004;0;0;0;0;0;0;0;-0.0004;-0.0884;0;0;0;0;0;0;0;0;0;-0.7452;0;0.7452;1;1;0;0;0;0
10/07/21 02:00;0;0;90;0;0;90;0;0;0;0;3.7598;2.5;0;0;0;0;0;0;0;0;0;0;0;0;0;1;1;1;1;0;0;0;0;0;0;0;0;0;0;0;0;0;0;0;0;0;0;0;0;0;0;0;0;0;0;0;0;0;0;0;0;0;0;0;1;1;1;1;1;1;1;1;1;1;1;1;1;1;1;1;1;1;1;0;0;0;0;0;0;0;0;0;0.0004;0.088;-0.0884;0;0;0;0;0;0;0;0;0;0;0;0;0;0;0;0;0;0;0;-3.7598;0;0;0;0;0.0004;0;0;0;0;0;0;0;-0.0004;-0.0884;0;0;0;0;0;0;0;0;0;-0.7452;0;0.7452;1;1;0;0;0;0
10/07/21 03:00;0;0;90;0;0;90;0;0;0;0;2.53;2.43;0;0;0;0;0;0;0;0;0;0;0;0;0;1;1;1;1;0;0;0;0;0;0;0;0;0;0;0;0;0;0;0;0;0;0;0;0;0;0;0;0;0;0;0;0;0;0;0;0;0;0;0;1;1;1;1;1;1;1;1;1;1;1;1;1;1;1;1;1;1;1;0;0;0;0;0;0;0;0;0;0.0004;0.088;-0.0884;0;0;0;0;0;0;0;0;0;0;0;0;0;0;0;0;0;0;0;-2.53;0;0;0;0;0.0004;0;0;0;0;0;0;0;-0.0004;-0.0884;0;0;0;0;0;0;0;0;0;-0.7452;0;0.7452;1;1;0;0;0;0
10/07/21 04:00;0;0;90;0;0;90;0;0;0;0;1.5501;2.35;0;0;0;0;0;0;0;0;0;0;0;0;0;1;1;1;1;0;0;0;0;0;0;0;0;0;0;0;0;0;0;0;0;0;0;0;0;0;0;0;0;0;0;0;0;0;0;0;0;0;0;0;1;1;1;1;1;1;1;1;1;1;1;1;1;1;1;1;1;1;1;0;0;0;0;0;0;0;0;0;0.0004;0.088;-0.0884;0;0;0;0;0;0;0;0;0;0;0;0;0;0;0;0;0;0;0;-1.5501;0;0;0;0;0.0004;0;0;0;0;0;0;0;-0.0004;-0.0884;0;0;0;0;0;0;0;0;0;-0.7452;0;0.7452;1;1;0;0;0;0
10/07/21 05:00;0;0;90;0;0;90;0;0;0;0;1.0901;2.19;0;0;0;0;0;0;0;0;0;0;0;0;0;1;1;1;1;0;0;0;0;0;0;0;0;0;0;0;0;0;0;0;0;0;0;0;0;0;0;0;0;0;0;0;0;0;0;0;0;0;0;0;1;1;1;1;1;1;1;1;1;1;1;1;1;1;1;1;1;1;1;0;0;0;0;0;0;0;0;0;0.0004;0.088;-0.0884;0;0;0;0;0;0;0;0;0;0;0;0;0;0;0;0;0;0;0;-1.0901;0;0;0;0;0.0004;0;0;0;0;0;0;0;-0.0004;-0.0884;0;0;0;0;0;0;0;0;0;-0.7452;0;0.7452;1;1;0;0;0;0
10/07/21 06:00;0;0;90;0;0;90;0;0;0;0;0.7598;2.28;0;0;0;0;0;0;0;0;0;0;0;0;0;1;1;1;1;0;0;0;0;0;0;0;0;0;0;0;0;0;0;0;0;0;0;0;0;0;0;0;0;0;0;0;0;0;0;0;0;0;0;0;1;1;1;1;1;1;1;1;1;1;1;1;1;1;1;1;1;1;1;0;0;0;0;0;0;0;0;0;0.0004;0.088;-0.0884;0;0;0;0;0;0;0;0;0;0;0;0;0;0;0;0;0;0;0;-0.7598;0;0;0;0;0.0004;0;0;0;0;0;0;0;-0.0004;-0.0884;0;0;0;0;0;0;0;0;0;-0.7452;0;0.7452;1;1;0;0;0;0
10/07/21 07:00;4.5876;-58.719;78.815;5.3637;7.7396;-90;-7.7396;30.2;26.302;3.8986;0.2399;2.28;0;9.4551;25.217;2.3513;0;0.0179;37.041;0;37.041;9.4551;2.3513;25.217;0.0179;0.2553;0.6813;0;0.0005;36.908;0.1337;0;0;0.1189;0.0149;32.462;4.3716;2.6539;0.66;1.0571;0.0007;36.834;0.0738;0.0189;0.0047;0.0502;0;32.464;6.7823;1.6866;23.991;0.0023;15.065;13.047;3.0783;0.0026;0.1199;1.7246;0.0021;1.8419;0;1;0;0;1.2265;0.9964;1;1;0.9953;0.1688;0.8813;0.7188;1;0.9578;0.7759;0.998;0.998;1;0.998;0.998;0.8764;0.9514;0.1307;0.1054;0.0963;0.0006;0.0109;-0.0081;0.0007;0.0023;0.0003;0;0;0.088;-0.0049;0;0;0;0;0;0;0;0;0;0;0;0;0.0019;0.0001;0.0878;0.0878;0;1.8311;1.8311;1.5912;0.049;80.423;1091.1;1;0.0046;0.0046;0;0;0;0;0;0;0.0831;-0.0049;0;15.655;18.128;-0.8728;-1.0107;94.706;94.706;0.889;0.74;-0.0413;0.149;0.7813;0.1676;0.8789;0;15.042;0;0
10/07/21 08:00;13.714;-49.72;54.903;17.738;29.899;-90;-29.899;138.89;87.2;51.691;2.2003;1.6799;0;125.36;67.976;34.871;0;1.2016;229.41;0;229.41;125.36;34.871;67.976;1.2016;0.5465;0.3015;0;0.0052;225.37;4.0383;0;0;2.9905;1.0477;219.48;5.4486;2.5871;0.7196;2.1149;0.027;224.92;0.4507;0.2507;0.0697;0.13;0.0003;219.68;122.53;34.082;62.741;0.1266;45.095;39.053;9.7663;1.0176;0.3886;5.5903;0.2028;4.9613;0;1;0;0;1.6517;0.9824;1;1;0.956;0.128;0.9758;0.9793;1;0.9674;0.8242;0.998;0.998;1;0.998;0.998;0.9567;0.923;0.1053;0.6529;0.6397;0.0039;0.0164;-0.0276;0.0045;0.0161;0.0011;0;0;0.088;0.512;0;0;0;0;0;0;0;0;0;0;0;0;0.0129;0.0012;0.6113;0.6113;0;12.837;12.837;10.637;0.0485;547.18;1117.1;1;0.0113;0.0113;0;0;0;0;0;0;0.6;0.512;0;17.607;20.388;14.747;17.076;98.153;98.153;5.5059;5.1548;4.3175;0.3511;0.8373;0.0638;0.1521;0.7842;44.772;0.7701;0
10/07/21 09:00;22.239;-38.181;46.685;33.484;56.516;-90;-56.516;287.1;116.7;170.4;4.2099;1.5101;0;308.86;59.716;72.02;0;8.3659;448.96;0;448.96;308.86;72.02;59.716;8.3659;0.6879;0.1516;0;0.0186;434.3;14.656;0;0;6.8599;7.7965;427.49;5.9476;3.3272;0.7758;1.8173;0.0273;433.44;0.8686;0.6177;0.144;0.1057;0.0011;429.53;304.91;71.1;50.933;0.541;103.82;89.904;23.228;8.071;1.2186;17.529;2.0378;10.677;0;1;0;0;1.5638;0.9674;1;1;0.8851;0.0681;0.9863;0.9892;1;0.9655;0.952;0.998;0.998;1;0.998;0.998;0.9522;0.8529;0.0647;1.2777;1.264;0.0076;0.0084;0.0002;0.0087;0.031;0.0033;0;0;0.088;1.0684;0;0;0;0;0;0;0;0;0;0;0;0;0.025;0.0041;1.1758;1.1758;0;25.047;25.047;20.837;0.0487;1084.2;1084.5;1;0.0194;0.0194;0;0;0;0;0;0;1.1564;1.0684;0;17.305;20.039;15.725;18.209;98.353;98.353;10.775;9.9154;9.01;0.8596;0.9054;0.0798;0.084;0.8362;49.959;0.8124;0
10/07/21 10:00;28.639;-24.517;52.99;52.771;37.229;-90;-37.229;433.39;100.7;332.7;6.1802;1.23;0;417.85;42.964;66.387;0;5.7406;532.94;0;532.94;417.85;66.387;42.964;5.7406;0.784;0.0914;0;0.0108;525.09;7.8498;0;0;2.6703;5.1795;514.56;9.4778;7.0005;1.1122;1.299;0.066;524.04;1.0502;0.8357;0.1328;0.0806;0.0011;516.25;410.01;65.142;38.914;0.4939;216.78;187.73;47.432;1.3695;1.6077;23.127;1.6912;23.365;0;1;0;0;1.2297;0.9853;1;1;0.9378;0.0977;0.9819;0.9832;1;0.9677;0.8821;0.998;0.998;1;0.998;0.998;0.9655;0.9057;0.086;1.5167;1.5234;0.0092;0.0048;0.034;0.0103;0.0366;0.0043;0;0;0.088;1.2787;0;0;0;0;0;0;0;0;0;0;0;0;0.0295;0.0057;1.3889;1.3889;0;31.371;31.371;25.191;0.049;1309.4;1060.7;1;0.0222;0.0222;0;0;0;0;0;0;1.3667;1.2787;0;17.221;19.942;15.854;18.359;98.4;98.4;12.791;11.713;10.783;1.0778;0.9295;0.0843;0.0727;0.8431;29.903;0.8165;0
10/07/21 11:00;32.185;-8.9317;56.727;76.143;13.857;-90;-13.857;532.1;92.203;439.9;8.9497;1.06;0;453.09;34.115;59.311;0;1.0067;547.52;0;547.52;453.09;59.311;34.115;1.0067;0.8275;0.0641;0;0.0018;546.26;1.261;0;0;0.4252;0.8358;530.78;14.381;11.54;1.5107;1.2922;0.0382;545.17;1.0925;0.9062;0.1186;0.0674;0.0003;531.01;440.64;57.681;32.33;0.1323;307.92;266.66;66.405;0.0335;2.2225;31.97;0.2293;34.159;0;1;0;0;1.029;0.9977;1;1;0.9875;0.1697;0.9736;0.9745;1;0.9616;0.7758;0.998;0.998;1;0.998;0.998;0.9694;0.9477;0.1314;1.5582;1.5833;0.0095;0.0041;0.0556;0.0106;0.0376;0.0058;0;0;0.088;1.3131;0;0;0;0;0;0;0;0;0;0;0;0;0.0303;0.0061;1.4237;1.4237;0;35.009;35.009;26.059;0.0491;1361.1;1045.9;1;0.0226;0.0226;0;0;0;0;0;0;1.4011;1.3131;0;17.182;19.897;15.847;18.351;98.412;98.412;13.14;12.006;11.073;1.1345;0.9328;0.0863;0.071;0.8427;20.679;0.8074;0
10/07/21 12:00;32.339;7.5044;56.894;78.344;11.656;90;11.656;537.2;97.298;439.9;11.46;1;0;449.17;36.409;61.783;0;0.72;548.08;0;548.08;449.17;61.783;36.409;0.72;0.8195;0.0677;0;0.0013;547.14;0.9396;0;0;0.3404;0.5992;531.31;14.732;11.666;1.6047;1.4342;0.0272;546.04;1.0943;0.8983;0.1236;0.0721;0.0002;531.46;436.6;60.055;34.562;0.0935;312.69;270.79;67.646;0.019;2.2421;32.251;0.1512;34.474;0;1;0;0;1.0202;0.9983;1;1;0.9906;0.1679;0.973;0.974;1;0.9602;0.7747;0.998;0.998;1;0.998;0.998;0.9694;0.9493;0.1298;1.5598;1.5852;0.0095;0.004;0.0702;0.0105;0.0373;0.0058;0;0;0.088;1.3014;0;0;0;0;0;0;0;0;0;0;0;0;0.03;0.0062;1.4116;1.4116;0;37.601;37.601;26.141;0.0492;1363.1;1035.5;1;0.0222;0.0222;0;0;0;0;0;0;1.3894;1.3014;0;17.019;19.707;15.69;18.169;98.428;98.428;13.154;11.904;10.975;1.2499;0.9293;0.095;0.0706;0.8343;21.92;0.7991;0
10/07/21 13:00;29.074;23.219;53.437;54.66;35.34;90;35.34;479.3;101.6;377.7;12.7;1.2899;0;463.02;38.024;73.21;0;5.7407;579.99;0;579.99;463.02;73.21;38.024;5.7407;0.7983;0.0755;0;0.0099;572.64;7.3472;0;0;2.1856;5.1616;560.85;10.652;8.1314;1.2857;1.155;0.0799;571.5;1.1453;0.926;0.1464;0.0717;0.0012;562.5;453.96;71.777;34.611;0.498;243.47;210.85;53.771;1.014;1.7393;25.019;1.6509;25.744;0;1;0;0;1.2101;0.9873;1;1;0.9425;0.1009;0.9814;0.9824;1;0.9677;0.8618;0.998;0.998;1;0.998;0.998;0.967;0.9103;0.0868;1.6506;1.6595;0.01;0.0031;0.0896;0.0109;0.0386;0.0045;0;0;0.088;1.3539;0;0;0;0;0;0;0;0;0;0;0;0;0.0311;0.0067;1.4649;1.4649;0;40.35;40.35;27.65;0.0493;1428;1025.8;1;0.0231;0.0231;0;0;0;0;0;0;1.4419;1.3539;0;16.69;19.327;15.425;17.862;98.426;98.426;13.92;12.354;11.417;1.566;0.9365;0.1125;0.0673;0.8202;26.068;0.7946;0
10/07/21 14:00;22.895;37.071;47.31;35.015;54.985;90;54.985;365.8;109.3;256.51;13.51;1.5299;0;447.04;43.124;94.975;0;10.134;595.28;0;595.28;447.04;94.975;43.124;10.134;0.751;0.0895;0;0.017;581.01;14.269;0;0;4.7768;9.4927;572.47;7.3704;4.9789;1.0578;1.3049;0.0289;579.84;1.162;0.8941;0.19;0.0767;0.0013;574.77;441.17;93.728;36.965;0.6114;124.08;107.45;26.533;5.2911;1.2532;18.027;2.2922;13.989;0;1;0;0;1.6273;0.976;1;1;0.8892;0.0633;0.9873;0.9888;1;0.9659;0.9548;0.998;0.998;1;0.998;0.998;0.9617;0.8572;0.0603;1.6941;1.6806;0.0101;0.0029;0.0991;0.011;0.0389;0.0032;0;0;0.088;1.3659;0;0;0;0;0;0;0;0;0;0;0;0;0.0314;0.0069;1.4771;1.4771;0;41.764;41.764;28.254;0.0494;1446.9;1020.8;1;0.0232;0.0232;0;0;0;0;0;0;1.4539;1.3659;0;16.397;18.987;15.162;17.558;98.429;98.429;14.287;12.456;11.519;1.8302;0.9377;0.1281;0.0656;0.8063;35.467;0.7884;0
10/07/21 15:00;14.528;48.787;52.528;19.007;33.167;90;33.167;210.19;111;99.191;13.8;1.86;0;240.57;71.47;80.502;0;2.226;394.76;0;394.76;240.57;80.502;71.47;2.226;0.6094;0.1867;0;0.0056;389.06;5.6991;0;0;3.718;1.9812;380.93;7.3567;3.8442;1.2864;2.188;0.0381;388.29;0.7781;0.4811;0.161;0.1355;0.0005;381.21;236.24;79.054;65.429;0.2062;48.839;42.294;10.751;1.5309;0.4374;6.2925;0.2784;5.1991;0;1;0;0;1.8781;0.9856;1;1;0.948;0.11;0.9811;0.984;1;0.9676;0.844;0.998;0.998;1;0.998;0.998;0.965;0.9155;0.0926;1.1235;1.1033;0.0066;0.0107;0.0293;0.0074;0.0262;0.0011;0;0;0.088;0.8933;0;0;0;0;0;0;0;0;0;0;0;0;0.0211;0.0032;0.9975;0.9975;0;32.494;32.494;18.695;0.0491;948.58;1051.5;1;0.0162;0.0162;0;0;0;0;0;0;0.9813;0.8933;0;16.697;19.334;14.953;17.315;98.379;98.379;9.4743;8.4118;7.5333;1.0625;0.8785;0.1121;0.0927;0.7951;48.19;0.7857;0
10/07/21 16:00;4.9809;58.374;77.844;5.844;8.4527;90;8.4527;42.41;40.903;1.5066;12.98;2.49;0;3.6539;40.147;1.3017;0;0.0299;45.133;0;45.133;3.6539;1.3017;40.147;0.0299;0.081;0.8902;0;0.0007;44.888;0.2447;0;0;0.2198;0.0249;41.883;2.9155;0.9209;0.3281;1.6654;0.0011;44.798;0.0898;0.0073;0.0026;0.0799;0;41.887;2.7257;0.9711;38.182;0.0039;23.991;20.776;4.9018;0.006;0.1911;2.7483;0.0044;2.9334;0;1;0;0;1.0642;0.9946;1;1;0.9945;0.1676;0.9349;0.7475;1;0.9582;0.7752;0.998;0.998;1;0.998;0.998;0.928;0.9511;0.1297;0.1284;0.1253;0.0008;0.0123;-0.0046;0.0008;0.0029;0.0005;0;0;0.088;0.0173;0;0;0;0;0;0;0;0;0;0;0;0;0.0023;0.0001;0.1102;0.1102;0;15.049;15.049;2.0686;0.0494;105.6;1043.9;1;0.005;0.005;0;0;0;0;0;0;0.1053;0.0173;0;16.14;18.69;2.5285;2.9279;95.494;95.494;1.0832;0.9296;0.1456;0.1535;0.784;0.1418;0.7238;0.1345;23.981;0.1286;0
10/07/21 17:00;0;0;90;0;0;90;0;0;0;0;7.4001;2.74;0;0;0;0;0;0;0;0;0;0;0;0;0;1;1;1;1;0;0;0;0;0;0;0;0;0;0;0;0;0;0;0;0;0;0;0;0;0;0;0;0;0;0;0;0;0;0;0;0;0;0;0;1;1;1;1;1;1;1;1;1;1;1;1;1;1;1;1;1;1;1;0;0;0;0;0;0;0;0;0;0.0004;0.088;-0.0884;0;0;0;0;0;0;0;0;0;0;0;0;0;0;0;0;0;0;0;-7.4001;0;0;0;0;0.0004;0;0;0;0;0;0;0;-0.0004;-0.0884;0;0;0;0;0;0;0;0;0;-0.7452;0;0.7452;1;1;0;0;0;0
10/07/21 18:00;0;0;90;0;0;90;0;0;0;0;5.7402;2.84;0;0;0;0;0;0;0;0;0;0;0;0;0;1;1;1;1;0;0;0;0;0;0;0;0;0;0;0;0;0;0;0;0;0;0;0;0;0;0;0;0;0;0;0;0;0;0;0;0;0;0;0;1;1;1;1;1;1;1;1;1;1;1;1;1;1;1;1;1;1;1;0;0;0;0;0;0;0;0;0;0.0004;0.088;-0.0884;0;0;0;0;0;0;0;0;0;0;0;0;0;0;0;0;0;0;0;-5.7402;0;0;0;0;0.0004;0;0;0;0;0;0;0;-0.0004;-0.0884;0;0;0;0;0;0;0;0;0;-0.7452;0;0.7452;1;1;0;0;0;0
10/07/21 19:00;0;0;90;0;0;90;0;0;0;0;4.2199;2.7999;0;0;0;0;0;0;0;0;0;0;0;0;0;1;1;1;1;0;0;0;0;0;0;0;0;0;0;0;0;0;0;0;0;0;0;0;0;0;0;0;0;0;0;0;0;0;0;0;0;0;0;0;1;1;1;1;1;1;1;1;1;1;1;1;1;1;1;1;1;1;1;0;0;0;0;0;0;0;0;0;0.0004;0.088;-0.0884;0;0;0;0;0;0;0;0;0;0;0;0;0;0;0;0;0;0;0;-4.2199;0;0;0;0;0.0004;0;0;0;0;0;0;0;-0.0004;-0.0884;0;0;0;0;0;0;0;0;0;-0.7452;0;0.7452;1;1;0;0;0;0
10/07/21 20:00;0;0;90;0;0;90;0;0;0;0;3.6102;2.58;0;0;0;0;0;0;0;0;0;0;0;0;0;1;1;1;1;0;0;0;0;0;0;0;0;0;0;0;0;0;0;0;0;0;0;0;0;0;0;0;0;0;0;0;0;0;0;0;0;0;0;0;1;1;1;1;1;1;1;1;1;1;1;1;1;1;1;1;1;1;1;0;0;0;0;0;0;0;0;0;0.0004;0.088;-0.0884;0;0;0;0;0;0;0;0;0;0;0;0;0;0;0;0;0;0;0;-3.6102;0;0;0;0;0.0004;0;0;0;0;0;0;0;-0.0004;-0.0884;0;0;0;0;0;0;0;0;0;-0.7452;0;0.7452;1;1;0;0;0;0
10/07/21 21:00;0;0;90;0;0;90;0;0;0;0;2.5899;2.1699;0;0;0;0;0;0;0;0;0;0;0;0;0;1;1;1;1;0;0;0;0;0;0;0;0;0;0;0;0;0;0;0;0;0;0;0;0;0;0;0;0;0;0;0;0;0;0;0;0;0;0;0;1;1;1;1;1;1;1;1;1;1;1;1;1;1;1;1;1;1;1;0;0;0;0;0;0;0;0;0;0.0004;0.088;-0.0884;0;0;0;0;0;0;0;0;0;0;0;0;0;0;0;0;0;0;0;-2.5899;0;0;0;0;0.0004;0;0;0;0;0;0;0;-0.0004;-0.0884;0;0;0;0;0;0;0;0;0;-0.7452;0;0.7452;1;1;0;0;0;0
10/07/21 22:00;0;0;90;0;0;90;0;0;0;0;2.2501;1.9101;0;0;0;0;0;0;0;0;0;0;0;0;0;1;1;1;1;0;0;0;0;0;0;0;0;0;0;0;0;0;0;0;0;0;0;0;0;0;0;0;0;0;0;0;0;0;0;0;0;0;0;0;1;1;1;1;1;1;1;1;1;1;1;1;1;1;1;1;1;1;1;0;0;0;0;0;0;0;0;0;0.0004;0.088;-0.0884;0;0;0;0;0;0;0;0;0;0;0;0;0;0;0;0;0;0;0;-2.2501;0;0;0;0;0.0004;0;0;0;0;0;0;0;-0.0004;-0.0884;0;0;0;0;0;0;0;0;0;-0.7452;0;0.7452;1;1;0;0;0;0
10/07/21 23:00;0;0;90;0;0;90;0;0;0;0;1.6698;2.12;0;0;0;0;0;0;0;0;0;0;0;0;0;1;1;1;1;0;0;0;0;0;0;0;0;0;0;0;0;0;0;0;0;0;0;0;0;0;0;0;0;0;0;0;0;0;0;0;0;0;0;0;1;1;1;1;1;1;1;1;1;1;1;1;1;1;1;1;1;1;1;0;0;0;0;0;0;0;0;0;0.0004;0.088;-0.0884;0;0;0;0;0;0;0;0;0;0;0;0;0;0;0;0;0;0;0;-1.6698;0;0;0;0;0.0004;0;0;0;0;0;0;0;-0.0004;-0.0884;0;0;0;0;0;0;0;0;0;-0.7452;0;0.7452;1;1;0;0;0;0
11/07/21 00:00;0;0;90;0;0;90;0;0;0;0;1.5302;2.6299;0;0;0;0;0;0;0;0;0;0;0;0;0;1;1;1;1;0;0;0;0;0;0;0;0;0;0;0;0;0;0;0;0;0;0;0;0;0;0;0;0;0;0;0;0;0;0;0;0;0;0;0;1;1;1;1;1;1;1;1;1;1;1;1;1;1;1;1;1;1;1;0;0;0;0;0;0;0;0;0;0.0004;0.088;-0.0884;0;0;0;0;0;0;0;0;0;0;0;0;0;0;0;0;0;0;0;-1.5302;0;0;0;0;0.0004;0;0;0;0;0;0;0;-0.0004;-0.0884;0;0;0;0;0;0;0;0;0;-0.7452;0;0.7452;1;1;0;0;0;0
11/07/21 01:00;0;0;90;0;0;90;0;0;0;0;0.3602;2.99;0;0;0;0;0;0;0;0;0;0;0;0;0;1;1;1;1;0;0;0;0;0;0;0;0;0;0;0;0;0;0;0;0;0;0;0;0;0;0;0;0;0;0;0;0;0;0;0;0;0;0;0;1;1;1;1;1;1;1;1;1;1;1;1;1;1;1;1;1;1;1;0;0;0;0;0;0;0;0;0;0.0004;0.088;-0.0884;0;0;0;0;0;0;0;0;0;0;0;0;0;0;0;0;0;0;0;-0.3602;0;0;0;0;0.0004;0;0;0;0;0;0;0;-0.0004;-0.0884;0;0;0;0;0;0;0;0;0;-0.7452;0;0.7452;1;1;0;0;0;0
11/07/21 02:00;0;0;90;0;0;90;0;0;0;0;0.7298;3.1199;0;0;0;0;0;0;0;0;0;0;0;0;0;1;1;1;1;0;0;0;0;0;0;0;0;0;0;0;0;0;0;0;0;0;0;0;0;0;0;0;0;0;0;0;0;0;0;0;0;0;0;0;1;1;1;1;1;1;1;1;1;1;1;1;1;1;1;1;1;1;1;0;0;0;0;0;0;0;0;0;0.0004;0.088;-0.0884;0;0;0;0;0;0;0;0;0;0;0;0;0;0;0;0;0;0;0;-0.7298;0;0;0;0;0.0004;0;0;0;0;0;0;0;-0.0004;-0.0884;0;0;0;0;0;0;0;0;0;-0.7452;0;0.7452;1;1;0;0;0;0
11/07/21 03:00;0;0;90;0;0;90;0;0;0;0;0.2499;3.13;0;0;0;0;0;0;0;0;0;0;0;0;0;1;1;1;1;0;0;0;0;0;0;0;0;0;0;0;0;0;0;0;0;0;0;0;0;0;0;0;0;0;0;0;0;0;0;0;0;0;0;0;1;1;1;1;1;1;1;1;1;1;1;1;1;1;1;1;1;1;1;0;0;0;0;0;0;0;0;0;0.0004;0.088;-0.0884;0;0;0;0;0;0;0;0;0;0;0;0;0;0;0;0;0;0;0;-0.2499;0;0;0;0;0.0004;0;0;0;0;0;0;0;-0.0004;-0.0884;0;0;0;0;0;0;0;0;0;-0.7452;0;0.7452;1;1;0;0;0;0
11/07/21 04:00;0;0;90;0;0;90;0;0;0;0;0.0697;3.07;0;0;0;0;0;0;0;0;0;0;0;0;0;1;1;1;1;0;0;0;0;0;0;0;0;0;0;0;0;0;0;0;0;0;0;0;0;0;0;0;0;0;0;0;0;0;0;0;0;0;0;0;1;1;1;1;1;1;1;1;1;1;1;1;1;1;1;1;1;1;1;0;0;0;0;0;0;0;0;0;0.0004;0.088;-0.0884;0;0;0;0;0;0;0;0;0;0;0;0;0;0;0;0;0;0;0;-0.0697;0;0;0;0;0.0004;0;0;0;0;0;0;0;-0.0004;-0.0884;0;0;0;0;0;0;0;0;0;-0.7452;0;0.7452;1;1;0;0;0;0
11/07/21 05:00;0;0;90;0;0;90;0;0;0;0;0.2798;3.22;0;0;0;0;0;0;0;0;0;0;0;0;0;1;1;1;1;0;0;0;0;0;0;0;0;0;0;0;0;0;0;0;0;0;0;0;0;0;0;0;0;0;0;0;0;0;0;0;0;0;0;0;1;1;1;1;1;1;1;1;1;1;1;1;1;1;1;1;1;1;1;0;0;0;0;0;0;0;0;0;0.0004;0.088;-0.0884;0;0;0;0;0;0;0;0;0;0;0;0;0;0;0;0;0;0;0;-0.2798;0;0;0;0;0.0004;0;0;0;0;0;0;0;-0.0004;-0.0884;0;0;0;0;0;0;0;0;0;-0.7452;0;0.7452;1;1;0;0;0;0
11/07/21 06:00;0;0;90;0;0;90;0;0;0;0;-1.0697;3.3599;0;0;0;0;0;0;0;0;0;0;0;0;0;1;1;1;1;0;0;0;0;0;0;0;0;0;0;0;0;0;0;0;0;0;0;0;0;0;0;0;0;0;0;0;0;0;0;0;0;0;0;0;1;1;1;1;1;1;1;1;1;1;1;1;1;1;1;1;1;1;1;0;0;0;0;0;0;0;0;0;0.0004;0.088;-0.0884;0;0;0;0;0;0;0;0;0;0;0;0;0;0;0;0;0;0;0;1.0697;0;0;0;0;0.0004;0;0;0;0;0;0;0;-0.0004;-0.0884;0;0;0;0;0;0;0;0;0;-0.7452;0;0.7452;1;1;0;0;0;0
11/07/21 07:00;4.6504;-58.841;78.66;5.43;7.8378;-90;-7.8378;47.196;23.003;24.193;-0.98;3.24;0;58.675;17.729;12.588;0;0.0287;89.021;0;89.021;58.675;12.588;17.729;0.0287;0.6591;0.1995;0;0.0003;88.911;0.1091;0;0;0.0853;0.0238;68.33;20.404;16.187;3.4728;0.7422;0.0011;88.734;0.1778;0.1173;0.0252;0.0353;0;68.332;42.37;9.09;16.866;0.0037;10.721;9.2844;2.2063;0.0019;0.0843;1.2126;0.0015;1.295;0;1;0;0;1.8862;0.9988;1;1;0.9952;0.1689;0.7701;0.7236;1;0.9579;0.7759;0.998;0.998;1;0.998;0.998;0.7676;0.9513;0.1308;0.2533;0.1979;0.0012;0.0147;-0.0163;0.0014;0.0049;0.0002;0;0;0.088;0.0926;0;0;0;0;0;0;0;0;0;0;0;0;0.004;0.0002;0.1876;0.1876;0;2.3393;2.3393;3.3192;0.0486;167.51;1120;1;0.007;0.007;0;0;0;0;0;0;0.1806;0.0926;0;13.926;16.126;6.8747;7.9607;96.273;96.273;2.1365;1.5821;0.781;0.5544;0.8011;0.2595;0.375;0.3656;10.577;0.3619;0
11/07/21 08:00;13.79;-49.836;54.683;17.805;30.064;-90;-30.064;153.31;79.397;73.91;1.9098;3.08;0;179.25;56.693;45.149;0;1.3406;282.43;0;282.43;179.25;45.149;56.693;1.3406;0.6347;0.2055;0;0.0047;278.75;3.6859;0;0;2.516;1.1699;271.88;6.3095;3.6086;0.9089;1.7622;0.0298;278.19;0.5575;0.3585;0.0903;0.1084;0.0003;272.06;175.29;44.149;52.307;0.1406;37.836;32.766;8.0334;0.8651;0.3373;4.8512;0.1798;4.3234;0;1;0;0;1.8423;0.9869;1;1;0.9556;0.1274;0.9773;0.9798;1;0.9674;0.8253;0.998;0.998;1;0.998;0.998;0.9626;0.9226;0.1049;0.8038;0.7881;0.0047;0.0149;-0.0276;0.0056;0.0198;0.0009;0;0;0.088;0.6508;0;0;0;0;0;0;0;0;0;0;0;0;0.0159;0.0017;0.7521;0.7521;0;15.091;15.091;13.181;0.0485;674.78;1114.6;1;0.0133;0.0133;0;0;0;0;0;0;0.7388;0.6508;0;17.596;20.376;15.226;17.631;98.23;98.23;6.7784;6.3425;5.4881;0.4359;0.8544;0.0643;0.126;0.8096;37.383;0.7994;0
11/07/21 09:00;22.333;-38.288;46.554;33.544;56.456;-90;-56.456;346.19;66.998;279.19;5.09;3.8101;0;505.26;23.114;67.363;0;10.068;605.8;0;605.8;505.26;67.363;23.114;10.068;0.834;0.0548;0;0.0166;593.77;12.034;0;0;2.6512;9.383;585.72;6.861;5.4045;0.7205;0.7033;0.0327;592.58;1.1875;1.0105;0.1347;0.0409;0.0014;587.7;498.84;66.508;19.719;0.6511;100.79;87.287;21.565;3.114;0.9403;13.526;1.9766;11.352;0;1;0;0;1.7499;0.9801;1;1;0.8853;0.0681;0.9884;0.9893;1;0.9656;0.9522;0.998;0.998;1;0.998;0.998;0.9668;0.8531;0.0647;1.7241;1.7085;0.0103;0.0025;0.0526;0.0115;0.0408;0.0025;0;0;0.088;1.4352;0;0;0;0;0;0;0;0;0;0;0;0;0.0329;0.0071;1.5484;1.5484;0;33.807;33.807;28.717;0.049;1470.3;1053.1;1;0.0251;0.0251;0;0;0;0;0;0;1.5232;1.4352;0;16.889;19.557;15.655;18.128;98.376;98.376;14.539;13.058;12.103;1.4817;0.9541;0.1019;0.0656;0.8325;19.325;0.8188;0
11/07/21 10:00;28.751;-24.606;52.854;52.804;37.196;-90;-37.196;466.6;82.198;384.41;8.82;4.1599;0;482.58;29.217;62.358;0;6.1698;580.32;0;580.32;482.58;62.358;29.217;6.1698;0.8316;0.061;0;0.0106;572.94;7.3794;0;0;1.8134;5.566;561.84;9.9575;7.9726;1.0302;0.8835;0.0713;571.79;1.1459;0.9652;0.1247;0.0548;0.0012;563.64;473.64;61.203;26.466;0.5314;230.82;199.89;50.454;0.929;1.6808;24.177;1.8;24.929;0;1;0;0;1.2437;0.9873;1;1;0.9379;0.0979;0.9826;0.9834;1;0.9677;0.8818;0.998;0.998;1;0.998;0.998;0.9682;0.9058;0.0861;1.6515;1.661;0.01;0.0031;0.0666;0.0111;0.0393;0.0044;0;0;0.088;1.3765;0;0;0;0;0;0;0;0;0;0;0;0;0.0316;0.0067;1.4883;1.4883;0;36.43;36.43;27.61;0.0491;1429;1041.5;1;0.0238;0.0238;0;0;0;0;0;0;1.4645;1.3765;0;16.947;19.624;15.674;18.15;98.402;98.402;13.928;12.551;11.608;1.3767;0.9426;0.0988;0.0677;0.8335;20.33;0.8083;0
11/07/21 11:00;32.312;-8.9911;56.591;76.121;13.879;-90;-13.879;531.11;93.4;437.71;11.75;3.8201;0;450.87;35.049;59.572;0;1.008;546.5;0;546.5;450.87;59.572;35.049;1.008;0.825;0.066;0;0.0018;545.22;1.2749;0;0;0.438;0.8369;529.97;14.161;11.303;1.4933;1.327;0.0383;544.13;1.0904;0.9017;0.1191;0.0692;0.0003;530.2;438.67;57.959;33.214;0.1325;307.35;266.16;66.276;0.0346;2.2188;31.917;0.2297;34.101;0;1;0;0;1.029;0.9977;1;1;0.9875;0.1697;0.974;0.9749;1;0.9616;0.7758;0.998;0.998;1;0.998;0.998;0.9698;0.9477;0.1314;1.5553;1.5809;0.0095;0.0041;0.0713;0.0105;0.0371;0.0057;0;0;0.088;1.2965;0;0;0;0;0;0;0;0;0;0;0;0;0.0299;0.0061;1.4065;1.4065;0;37.83;37.83;26.08;0.0492;1359.5;1034.6;1;0.0221;0.0221;0;0;0;0;0;0;1.3845;1.2965;0;17.007;19.694;15.676;18.153;98.43;98.43;13.116;11.862;10.933;1.2544;0.9283;0.0956;0.0708;0.8336;21.246;0.7987;0
11/07/21 12:00;32.474;7.4846;56.767;78.433;11.567;90;11.567;537.3;98.502;438.8;14.25;3.4201;0;447.89;37.249;62.133;0;0.7093;547.98;0;547.98;447.89;62.133;37.249;0.7093;0.8173;0.0693;0;0.0013;547.05;0.934;0;0;0.3438;0.5902;531.41;14.547;11.461;1.5898;1.4695;0.0268;545.96;1.0941;0.8958;0.1243;0.0738;0.0002;531.56;435.54;60.419;35.362;0.0921;312.82;270.9;66.696;0.0189;2.3067;33.181;0.1511;35.468;0;1;0;0;1.0199;0.9983;1;1;0.9908;0.1679;0.9734;0.9744;1;0.9601;0.7747;0.998;0.998;1;0.998;0.998;0.9698;0.9493;0.1298;1.5595;1.5873;0.0096;0.004;0.0864;0.0104;0.0369;0.0059;0;0;0.088;1.2884;0;0;0;0;0;0;0;0;0;0;0;0;0.0297;0.0062;1.3981;1.3981;0;40.457;40.457;26.207;0.0493;1365.3;1024.1;1;0.0217;0.0217;0;0;0;0;0;0;1.3764;1.2884;0;16.86;19.523;15.536;17.991;98.445;98.445;13.152;11.791;10.865;1.3609;0.9255;0.1035;0.0704;0.8262;22.42;0.7903;0
11/07/21 13:00;29.21;23.238;53.325;54.79;35.21;90;35.21;482.6;101.1;381.5;14.76;3;0;466.92;37.557;73.147;0;5.739;583.37;0;583.37;466.92;73.147;37.557;5.739;0.8004;0.0742;0;0.0098;576.06;7.3034;0;0;2.1463;5.157;564.32;10.594;8.1026;1.2693;1.1413;0.0809;574.91;1.1521;0.9338;0.1463;0.0708;0.0012;566;457.89;71.731;34.199;0.4999;245.39;212.51;53.646;0.989;1.7866;25.699;1.6875;26.497;0;1;0;0;1.2088;0.9875;1;1;0.9429;0.1014;0.9816;0.9826;1;0.9677;0.8607;0.998;0.998;1;0.998;0.998;0.9673;0.9106;0.0871;1.6602;1.6709;0.0101;0.003;0.1037;0.0109;0.0386;0.0045;0;0;0.088;1.3513;0;0;0;0;0;0;0;0;0;0;0;0;0.0311;0.0068;1.4622;1.4622;0;42.633;42.633;27.873;0.0494;1438;1016.8;1;0.0228;0.0228;0;0;0;0;0;0;1.4393;1.3513;0;16.563;19.179;15.307;17.725;98.438;98.438;14.001;12.331;11.396;1.67;0.9347;0.1193;0.0668;0.814;25.722;0.788;0
11/07/21 14:00;23.025;37.118;47.212;35.155;54.845;90;54.845;260.01;185.9;74.103;14.98;2.13;0;128.7;125.49;46.254;0;7.1693;307.61;0;307.61;128.7;46.254;125.49;7.1693;0.4184;0.4313;0;0.0233;287.05;20.564;0;0;13.849;6.7153;280.72;5.7543;1.426;0.5125;3.7955;0.0203;286.47;0.5741;0.2574;0.0925;0.2233;0.0009;283.13;127.02;45.649;107.62;0.4328;132;114.31;30.652;15.253;1.8012;25.91;2.4089;12.458;0;1;0;0;1.1831;0.9331;1;1;0.8896;0.0633;0.9799;0.9889;1;0.9659;0.9552;0.998;0.998;1;0.998;0.998;0.9126;0.8576;0.0604;0.8754;0.8619;0.0052;0.014;0.0115;0.0058;0.0206;0.0047;0;0;0.088;0.6803;0;0;0;0;0;0;0;0;0;0;0;0;0.0166;0.002;0.7814;0.7814;0;28.741;28.741;13.761;0.049;737.47;1059.5;1;0.0131;0.0131;0;0;0;0;0;0;0.7683;0.6803;0;16.785;19.437;14.614;16.923;98.326;98.326;7.3826;6.5895;5.7371;0.7931;0.8524;0.1074;0.1155;0.7771;103.05;0.731;0
11/07/21 15:00;14.648;48.853;52.17;19.142;33.54;90;33.54;226.41;99.999;126.41;15.04;1.78;0;306.57;57.024;91.668;0;2.4503;457.72;0;457.72;306.57;91.668;57.024;2.4503;0.6698;0.1299;0;0.0054;452.51;5.2038;0;0;3.0192;2.1847;443.68;7.9246;4.7274;1.4135;1.7431;0.0406;451.61;0.905;0.6131;0.1833;0.108;0.0005;443.93;301.23;90.071;52.153;0.2245;39.361;34.087;8.466;1.2695;0.3678;5.2906;0.2447;4.3889;0;1;0;0;2.0217;0.9886;1;1;0.9471;0.1084;0.9825;0.9845;1;0.9677;0.8469;0.998;0.998;1;0.998;0.998;0.9693;0.9146;0.0916;1.3026;1.2807;0.0077;0.0082;0.0539;0.0085;0.0301;0.0009;0;0;0.088;1.0369;0;0;0;0;0;0;0;0;0;0;0;0;0.0242;0.0042;1.1431;1.1431;0;36.875;36.875;21.835;0.0492;1102.9;1036.5;1;0.0181;0.0181;0;0;0;0;0;0;1.1249;1.0369;0;16.502;19.109;14.97;17.335;98.413;98.413;10.985;9.6397;8.7446;1.3455;0.8951;0.1225;0.0815;0.796;38.557;0.7892;0
11/07/21 16:00;5.0927;58.453;77.568;5.9699;8.6405;90;8.6405;11.193;11.102;0.0911;12.59;1.8399;0;0.2209;11.031;0.0209;0;0.0083;11.281;0;11.281;0.2209;0.0209;11.031;0.0083;0.0196;0.9786;0;0.0007;11.211;0.0695;0;0;0.0626;0.0069;10.673;0.5157;0.054;0.0051;0.4563;0.0003;11.189;0.0224;0.0004;0;0.0219;0;10.674;0.1664;0.0157;10.49;0.0011;6.5921;5.7088;1.3468;0.0018;0.0525;0.7553;0.0013;0.8061;0;1;0;0;1.0078;0.9938;1;1;0.9943;0.1677;0.9539;0.755;1;0.9583;0.7752;0.998;0.998;1;0.998;0.998;0.9461;0.951;0.1297;0.0321;0.0321;0.0002;0.0062;-0.0013;0.0002;0.0007;0.0001;0;0;0.088;-0.0651;0;0;0;0;0;0;0;0;0;0;0;0;0.0005;0;0.0254;0.0254;0;13.129;13.129;0.5386;0.0505;25.673;989.89;1;0.0025;0.0025;0;0;0;0;0;0;0.0229;-0.0651;0;14.887;17.238;-38.155;-44.183;89.968;89.968;0.2707;0.2143;-0.5493;0.0564;0.7636;0.2084;2.8205;0;6.5916;0;0
11/07/21 17:00;0;0;90;0;0;90;0;0;0;0;9.1199;1.8301;0;0;0;0;0;0;0;0;0;0;0;0;0;1;1;1;1;0;0;0;0;0;0;0;0;0;0;0;0;0;0;0;0;0;0;0;0;0;0;0;0;0;0;0;0;0;0;0;0;0;0;0;1;1;1;1;1;1;1;1;1;1;1;1;1;1;1;1;1;1;1;0;0;0;0;0;0;0;0;0;0.0004;0.088;-0.0884;0;0;0;0;0;0;0;0;0;0;0;0;0;0;0;0;0;0;0;-9.1199;0;0;0;0;0.0004;0;0;0;0;0;0;0;-0.0004;-0.0884;0;0;0;0;0;0;0;0;0;-0.7452;0;0.7452;1;1;0;0;0;0
11/07/21 18:00;0;0;90;0;0;90;0;0;0;0;8.0403;1.89;0;0;0;0;0;0;0;0;0;0;0;0;0;1;1;1;1;0;0;0;0;0;0;0;0;0;0;0;0;0;0;0;0;0;0;0;0;0;0;0;0;0;0;0;0;0;0;0;0;0;0;0;1;1;1;1;1;1;1;1;1;1;1;1;1;1;1;1;1;1;1;0;0;0;0;0;0;0;0;0;0.0004;0.088;-0.0884;0;0;0;0;0;0;0;0;0;0;0;0;0;0;0;0;0;0;0;-8.0403;0;0;0;0;0.0004;0;0;0;0;0;0;0;-0.0004;-0.0884;0;0;0;0;0;0;0;0;0;-0.7452;0;0.7452;1;1;0;0;0;0
11/07/21 19:00;0;0;90;0;0;90;0;0;0;0;6.9002;2.0099;0;0;0;0;0;0;0;0;0;0;0;0;0;1;1;1;1;0;0;0;0;0;0;0;0;0;0;0;0;0;0;0;0;0;0;0;0;0;0;0;0;0;0;0;0;0;0;0;0;0;0;0;1;1;1;1;1;1;1;1;1;1;1;1;1;1;1;1;1;1;1;0;0;0;0;0;0;0;0;0;0.0004;0.088;-0.0884;0;0;0;0;0;0;0;0;0;0;0;0;0;0;0;0;0;0;0;-6.9002;0;0;0;0;0.0004;0;0;0;0;0;0;0;-0.0004;-0.0884;0;0;0;0;0;0;0;0;0;-0.7452;0;0.7452;1;1;0;0;0;0
11/07/21 20:00;0;0;90;0;0;90;0;0;0;0;6.2301;2.1401;0;0;0;0;0;0;0;0;0;0;0;0;0;1;1;1;1;0;0;0;0;0;0;0;0;0;0;0;0;0;0;0;0;0;0;0;0;0;0;0;0;0;0;0;0;0;0;0;0;0;0;0;1;1;1;1;1;1;1;1;1;1;1;1;1;1;1;1;1;1;1;0;0;0;0;0;0;0;0;0;0.0004;0.088;-0.0884;0;0;0;0;0;0;0;0;0;0;0;0;0;0;0;0;0;0;0;-6.2301;0;0;0;0;0.0004;0;0;0;0;0;0;0;-0.0004;-0.0884;0;0;0;0;0;0;0;0;0;-0.7452;0;0.7452;1;1;0;0;0;0
11/07/21 21:00;0;0;90;0;0;90;0;0;0;0;5.3599;2.3199;0;0;0;0;0;0;0;0;0;0;0;0;0;1;1;1;1;0;0;0;0;0;0;0;0;0;0;0;0;0;0;0;0;0;0;0;0;0;0;0;0;0;0;0;0;0;0;0;0;0;0;0;1;1;1;1;1;1;1;1;1;1;1;1;1;1;1;1;1;1;1;0;0;0;0;0;0;0;0;0;0.0004;0.088;-0.0884;0;0;0;0;0;0;0;0;0;0;0;0;0;0;0;0;0;0;0;-5.3599;0;0;0;0;0.0004;0;0;0;0;0;0;0;-0.0004;-0.0884;0;0;0;0;0;0;0;0;0;-0.7452;0;0.7452;1;1;0;0;0;0
11/07/21 22:00;0;0;90;0;0;90;0;0;0;0;4.5702;2.6399;0;0;0;0;0;0;0;0;0;0;0;0;0;1;1;1;1;0;0;0;0;0;0;0;0;0;0;0;0;0;0;0;0;0;0;0;0;0;0;0;0;0;0;0;0;0;0;0;0;0;0;0;1;1;1;1;1;1;1;1;1;1;1;1;1;1;1;1;1;1;1;0;0;0;0;0;0;0;0;0;0.0004;0.088;-0.0884;0;0;0;0;0;0;0;0;0;0;0;0;0;0;0;0;0;0;0;-4.5702;0;0;0;0;0.0004;0;0;0;0;0;0;0;-0.0004;-0.0884;0;0;0;0;0;0;0;0;0;-0.7452;0;0.7452;1;1;0;0;0;0
11/07/21 23:00;0;0;90;0;0;90;0;0;0;0;3.4401;2.9401;0;0;0;0;0;0;0;0;0;0;0;0;0;1;1;1;1;0;0;0;0;0;0;0;0;0;0;0;0;0;0;0;0;0;0;0;0;0;0;0;0;0;0;0;0;0;0;0;0;0;0;0;1;1;1;1;1;1;1;1;1;1;1;1;1;1;1;1;1;1;1;0;0;0;0;0;0;0;0;0;0.0004;0.088;-0.0884;0;0;0;0;0;0;0;0;0;0;0;0;0;0;0;0;0;0;0;-3.4401;0;0;0;0;0.0004;0;0;0;0;0;0;0;-0.0004;-0.0884;0;0;0;0;0;0;0;0;0;-0.7452;0;0.7452;1;1;0;0;0;0
12/07/21 00:00;0;0;90;0;0;90;0;0;0;0;2.76;3.1199;0;0;0;0;0;0;0;0;0;0;0;0;0;1;1;1;1;0;0;0;0;0;0;0;0;0;0;0;0;0;0;0;0;0;0;0;0;0;0;0;0;0;0;0;0;0;0;0;0;0;0;0;1;1;1;1;1;1;1;1;1;1;1;1;1;1;1;1;1;1;1;0;0;0;0;0;0;0;0;0;0.0004;0.088;-0.0884;0;0;0;0;0;0;0;0;0;0;0;0;0;0;0;0;0;0;0;-2.76;0;0;0;0;0.0004;0;0;0;0;0;0;0;-0.0004;-0.0884;0;0;0;0;0;0;0;0;0;-0.7452;0;0.7452;1;1;0;0;0;0
12/07/21 01:00;0;0;90;0;0;90;0;0;0;0;2.06;3.0901;0;0;0;0;0;0;0;0;0;0;0;0;0;1;1;1;1;0;0;0;0;0;0;0;0;0;0;0;0;0;0;0;0;0;0;0;0;0;0;0;0;0;0;0;0;0;0;0;0;0;0;0;1;1;1;1;1;1;1;1;1;1;1;1;1;1;1;1;1;1;1;0;0;0;0;0;0;0;0;0;0.0004;0.088;-0.0884;0;0;0;0;0;0;0;0;0;0;0;0;0;0;0;0;0;0;0;-2.06;0;0;0;0;0.0004;0;0;0;0;0;0;0;-0.0004;-0.0884;0;0;0;0;0;0;0;0;0;-0.7452;0;0.7452;1;1;0;0;0;0
12/07/21 02:00;0;0;90;0;0;90;0;0;0;0;2.0102;2.98;0;0;0;0;0;0;0;0;0;0;0;0;0;1;1;1;1;0;0;0;0;0;0;0;0;0;0;0;0;0;0;0;0;0;0;0;0;0;0;0;0;0;0;0;0;0;0;0;0;0;0;0;1;1;1;1;1;1;1;1;1;1;1;1;1;1;1;1;1;1;1;0;0;0;0;0;0;0;0;0;0.0004;0.088;-0.0884;0;0;0;0;0;0;0;0;0;0;0;0;0;0;0;0;0;0;0;-2.0102;0;0;0;0;0.0004;0;0;0;0;0;0;0;-0.0004;-0.0884;0;0;0;0;0;0;0;0;0;-0.7452;0;0.7452;1;1;0;0;0;0
12/07/21 03:00;0;0;90;0;0;90;0;0;0;0;2.4502;2.8699;0;0;0;0;0;0;0;0;0;0;0;0;0;1;1;1;1;0;0;0;0;0;0;0;0;0;0;0;0;0;0;0;0;0;0;0;0;0;0;0;0;0;0;0;0;0;0;0;0;0;0;0;1;1;1;1;1;1;1;1;1;1;1;1;1;1;1;1;1;1;1;0;0;0;0;0;0;0;0;0;0.0004;0.088;-0.0884;0;0;0;0;0;0;0;0;0;0;0;0;0;0;0;0;0;0;0;-2.4502;0;0;0;0;0.0004;0;0;0;0;0;0;0;-0.0004;-0.0884;0;0;0;0;0;0;0;0;0;-0.7452;0;0.7452;1;1;0;0;0;0
12/07/21 04:00;0;0;90;0;0;90;0;0;0;0;3.7997;2.8601;0;0;0;0;0;0;0;0;0;0;0;0;0;1;1;1;1;0;0;0;0;0;0;0;0;0;0;0;0;0;0;0;0;0;0;0;0;0;0;0;0;0;0;0;0;0;0;0;0;0;0;0;1;1;1;1;1;1;1;1;1;1;1;1;1;1;1;1;1;1;1;0;0;0;0;0;0;0;0;0;0.0004;0.088;-0.0884;0;0;0;0;0;0;0;0;0;0;0;0;0;0;0;0;0;0;0;-3.7997;0;0;0;0;0.0004;0;0;0;0;0;0;0;-0.0004;-0.0884;0;0;0;0;0;0;0;0;0;-0.7452;0;0.7452;1;1;0;0;0;0
12/07/21 05:00;0;0;90;0;0;90;0;0;0;0;3.2899;3.22;0;0;0;0;0;0;0;0;0;0;0;0;0;1;1;1;1;0;0;0;0;0;0;0;0;0;0;0;0;0;0;0;0;0;0;0;0;0;0;0;0;0;0;0;0;0;0;0;0;0;0;0;1;1;1;1;1;1;1;1;1;1;1;1;1;1;1;1;1;1;1;0;0;0;0;0;0;0;0;0;0.0004;0.088;-0.0884;0;0;0;0;0;0;0;0;0;0;0;0;0;0;0;0;0;0;0;-3.2899;0;0;0;0;0.0004;0;0;0;0;0;0;0;-0.0004;-0.0884;0;0;0;0;0;0;0;0;0;-0.7452;0;0.7452;1;1;0;0;0;0
12/07/21 06:00;0;0;90;0;0;90;0;0;0;0;4.3003;3.7301;0;0;0;0;0;0;0;0;0;0;0;0;0;1;1;1;1;0;0;0;0;0;0;0;0;0;0;0;0;0;0;0;0;0;0;0;0;0;0;0;0;0;0;0;0;0;0;0;0;0;0;0;1;1;1;1;1;1;1;1;1;1;1;1;1;1;1;1;1;1;1;0;0;0;0;0;0;0;0;0;0.0004;0.088;-0.0884;0;0;0;0;0;0;0;0;0;0;0;0;0;0;0;0;0;0;0;-4.3003;0;0;0;0;0.0004;0;0;0;0;0;0;0;-0.0004;-0.0884;0;0;0;0;0;0;0;0;0;-0.7452;0;0.7452;1;1;0;0;0;0
12/07/21 07:00;4.7183;-58.966;78.492;5.502;7.9445;-90;-7.9445;54.209;17.9;36.308;4.8899;4.3899;0;88.057;11.869;14.488;0;0.0338;114.45;0;114.45;88.057;14.488;11.869;0.0338;0.7694;0.104;0;0.0003;114.36;0.0865;0;0;0.0584;0.0281;85.868;28.266;23.845;3.9233;0.4961;0.0013;114.13;0.2287;0.1761;0.029;0.0236;0;85.869;64.036;10.536;11.291;0.0044;7.2898;6.3129;1.5137;0.0014;0.0564;0.812;0.0011;0.867;0;1;0;0;2.1113;0.9992;1;1;0.9951;0.1689;0.7523;0.7287;1;0.9579;0.7759;0.998;0.998;1;0.998;0.998;0.7503;0.9513;0.1308;0.3257;0.2473;0.0015;0.0158;-0.0143;0.0017;0.0061;0.0002;0;0;0.088;0.1362;0;0;0;0;0;0;0;0;0;0;0;0;0.0049;0.0003;0.2313;0.2313;0;9.0744;9.0744;4.1844;0.0487;210.3;1099.7;1;0.0071;0.0071;0;0;0;0;0;0;0.2242;0.1362;0;13.353;15.462;7.8628;9.105;96.935;96.935;2.7468;1.9503;1.1485;0.7964;0.8019;0.29;0.2919;0.4181;7.0826;0.4159;0
12/07/21 08:00;13.872;-49.956;54.446;17.879;30.244;-90;-30.244;196.4;42.699;153.7;6.0998;4.6199;0;372.77;20.505;50.195;0;1.7376;445.21;0;445.21;372.77;50.195;20.505;1.7376;0.8373;0.05;0;0.0039;442.77;2.4363;0;0;0.9187;1.5176;432.92;8.9671;7.3082;0.9841;0.6367;0.0381;441.89;0.8855;0.7455;0.1004;0.0392;0.0004;432.98;364.72;49.111;18.91;0.1814;14.392;12.463;3.2042;0.3197;0.118;1.6978;0.063;1.4961;0;1;0;0;2.2668;0.9945;1;1;0.9552;0.1266;0.9797;0.9804;1;0.9674;0.8264;0.998;0.998;1;0.998;0.998;0.9724;0.9222;0.1044;1.267;1.2422;0.0075;0.0087;0.0098;0.0085;0.0302;0.0003;0;0;0.088;1.0421;0;0;0;0;0;0;0;0;0;0;0;0;0.0243;0.0039;1.1489;1.1489;0;27.239;27.239;21.139;0.0488;1067.4;1076.3;1;0.0188;0.0188;0;0;0;0;0;0;1.1301;1.0421;0;17.053;19.746;15.467;17.91;98.361;98.361;10.685;9.6889;8.788;0.9961;0.9009;0.0932;0.0843;0.8225;13.537;0.8201;0
12/07/21 09:00;22.433;-38.399;46.419;33.61;56.39;-90;-56.39;356.6;63.3;293.3;9.99;4.81;0;529.87;20.595;66.457;0;10.349;627.27;0;627.27;529.87;66.457;20.595;10.349;0.8447;0.0493;0;0.0165;615.27;12.003;0;0;2.3582;9.6444;607.05;6.9915;5.626;0.7056;0.6265;0.0334;614.04;1.2305;1.0597;0.1329;0.0365;0.0014;609.05;523.19;65.618;17.574;0.6694;102.62;88.87;21.915;2.7635;0.9336;13.43;2.0001;11.6;0;1;0;0;1.759;0.9809;1;1;0.8855;0.0681;0.9886;0.9894;1;0.9656;0.9525;0.998;0.998;1;0.998;0.998;0.9678;0.8533;0.0647;1.7852;1.7694;0.0107;0.0019;0.0925;0.0117;0.0413;0.0024;0;0;0.088;1.4551;0;0;0;0;0;0;0;0;0;0;0;0;0.0333;0.0076;1.5682;1.5682;0;39.898;39.898;29.908;0.0493;1523.5;1029.3;1;0.0251;0.0251;0;0;0;0;0;0;1.5431;1.4551;0;16.52;19.13;15.329;17.75;98.4;98.4;15.055;13.225;12.271;1.8297;0.9538;0.1215;0.0634;0.8151;17.206;0.8022;0
12/07/21 10:00;28.869;-24.697;52.714;52.843;37.157;-90;-37.157;457.11;87.5;369.61;13.21;5.1601;0;463.76;33.113;63.547;0;6.0321;566.45;0;566.45;463.76;63.547;33.113;6.0321;0.8187;0.0691;0;0.0106;558.96;7.4926;0;0;2.0518;5.4408;548.18;9.6582;7.552;1.0348;1.0014;0.07;557.84;1.1179;0.9275;0.1271;0.0621;0.0012;549.95;455.28;62.385;29.998;0.5201;226.93;196.52;49.617;1.0489;1.6604;23.884;1.7642;24.496;0;1;0;0;1.2392;0.9868;1;1;0.938;0.098;0.9827;0.9837;1;0.9677;0.8814;0.998;0.998;1;0.998;0.998;0.9677;0.9059;0.0862;1.6121;1.6213;0.0098;0.0036;0.0869;0.0106;0.0378;0.0043;0;0;0.088;1.3211;0;0;0;0;0;0;0;0;0;0;0;0;0.0304;0.0064;1.4315;1.4315;0;40.236;40.236;27.026;0.0493;1395.3;1025.9;1;0.0224;0.0224;0;0;0;0;0;0;1.4091;1.3211;0;16.699;19.337;15.411;17.846;98.434;98.434;13.595;12.072;11.141;1.5229;0.9311;0.112;0.0685;0.8195;23.033;0.7944;0
12/07/21 11:00;32.446;-9.0499;56.449;76.103;13.897;-90;-13.897;536.91;92.602;444.31;13.62;4.98;0;457.7;34.112;59.732;0;1.0215;552.57;0;552.57;457.7;59.732;34.112;1.0215;0.8283;0.0636;0;0.0018;551.29;1.2754;0;0;0.4272;0.8482;536.1;14.088;11.285;1.4727;1.2911;0.0388;550.19;1.1026;0.9154;0.1195;0.0674;0.0003;536.34;445.5;58.14;32.326;0.1342;310.66;269.04;67;0.0338;2.2421;32.251;0.2329;34.459;0;1;0;0;1.0292;0.9977;1;1;0.9875;0.1697;0.9744;0.9753;1;0.9616;0.7758;0.998;0.998;1;0.998;0.998;0.9702;0.9477;0.1314;1.5726;1.5991;0.0096;0.0039;0.0847;0.0105;0.0373;0.0057;0;0;0.088;1.3011;0;0;0;0;0;0;0;0;0;0;0;0;0.03;0.0063;1.4111;1.4111;0;40.048;40.048;26.429;0.0493;1375.5;1025.9;1;0.022;0.022;0;0;0;0;0;0;1.3891;1.3011;0;16.875;19.541;15.559;18.017;98.44;98.44;13.262;11.9;10.972;1.3617;0.9278;0.1027;0.07;0.8274;20.68;0.7927;0
12/07/21 12:00;32.616;7.4673;56.632;78.52;11.48;90;11.48;556.21;93.799;462.41;14.18;4.75;0;471.85;32.628;62.084;0;0.7233;567.28;0;567.28;471.85;62.084;32.628;0.7233;0.8318;0.0588;0;0.0013;566.38;0.8992;0;0;0.2974;0.6018;550.49;14.766;11.885;1.5638;1.2891;0.0273;565.25;1.1328;0.9437;0.1242;0.0647;0.0002;550.64;459.02;60.396;30.976;0.0939;323.81;280.42;69.067;0.0161;2.3856;34.316;0.1538;36.685;0;1;0;0;1.0199;0.9984;1;1;0.9909;0.1679;0.9739;0.9748;1;0.96;0.7747;0.998;0.998;1;0.998;0.998;0.9704;0.9494;0.1298;1.6144;1.6442;0.0099;0.0033;0.0946;0.0108;0.0381;0.0061;0;0;0.088;1.3335;0;0;0;0;0;0;0;0;0;0;0;0;0.0307;0.0066;1.4441;1.4441;0;41.344;41.344;27.164;0.0493;1414.2;1021.1;1;0.0226;0.0226;0;0;0;0;0;0;1.4215;1.3335;0;16.821;19.478;15.533;17.987;98.437;98.437;13.615;12.178;11.245;1.4369;0.9324;0.1055;0.0685;0.826;19.634;0.7902;0
12/07/21 13:00;29.351;23.26;53.206;54.922;35.078;90;35.078;159.6;155.8;3.7956;14.77;4.26;0;4.638;140.82;1.1147;0;1.8842;148.46;0;148.46;4.638;1.1147;140.82;1.8842;0.0312;0.9613;0;0.0127;138.77;9.693;0;0;8.0009;1.6921;134.08;4.4068;0.0795;0.0191;4.2813;0.0269;138.49;0.2775;0.0093;0.0022;0.2656;0.0004;134.73;4.5493;1.0933;128.28;0.1648;98.694;85.469;21.756;3.6562;0.9186;13.214;0.6502;10.476;0;1;0;0;0.9302;0.9347;1;1;0.9432;0.1019;0.9682;0.9828;1;0.9677;0.8595;0.998;0.998;1;0.998;0.998;0.9032;0.9109;0.0875;0.4225;0.4119;0.0025;0.0172;-0.0055;0.0028;0.0099;0.0024;0;0;0.088;0.278;0;0;0;0;0;0;0;0;0;0;0;0;0.008;0.0006;0.3741;0.3741;0;21.342;21.342;6.5725;0.049;351.43;1064.4;1;0.0081;0.0081;0;0;0;0;0;0;0.366;0.278;0;16.65;19.28;12.374;14.329;97.844;97.844;3.563;3.1546;2.3445;0.4085;0.8101;0.1146;0.2274;0.658;96.347;0.6169;0
12/07/21 14:00;23.159;37.17;47.107;35.298;54.702;90;54.702;125.61;122.9;2.706;13.92;2.84;0;4.6831;96.454;1.1065;0;3.4468;105.69;0;105.69;4.6831;1.1065;96.454;3.4468;0.0443;0.9452;0;0.0326;91.857;13.833;0;0;10.605;3.2285;88.684;2.9895;0.0516;0.0122;2.916;0.0097;91.674;0.1837;0.0094;0.0022;0.1717;0.0004;90.119;4.6221;1.0921;82.762;0.2082;80.054;69.327;19.291;11.617;1.2006;17.269;1.4344;6.8534;0;1;0;0;0.8414;0.8691;1;1;0.8901;0.0634;0.9674;0.989;1;0.966;0.9555;0.998;0.998;1;0.998;0.998;0.8391;0.858;0.0604;0.3008;0.2924;0.0018;0.0164;-0.0072;0.002;0.007;0.0032;0;0;0.088;0.1684;0;0;0;0;0;0;0;0;0;0;0;0;0.0056;0.0003;0.2633;0.2633;0;18.274;18.274;4.3538;0.0491;248.14;1061.2;1;0.0069;0.0069;0;0;0;0;0;0;0.2564;0.1684;0;16.463;19.064;10.528;12.191;97.37;97.37;2.5366;2.2206;1.42;0.316;0.8005;0.1246;0.3156;0.5598;79.084;0.4988;0
12/07/21 15:00;14.773;48.925;51.8;19.28;33.926;90;33.926;55.791;54.998;0.7926;13.51;2.2301;0;1.9224;50.198;0.3135;0;0.6174;53.052;0;53.052;1.9224;0.3135;50.198;0.6174;0.0362;0.9579;0;0.0116;49.794;3.2577;0;0;2.7062;0.5515;48.119;1.5754;0.0286;0.0047;1.5322;0.0099;49.694;0.0996;0.0038;0.0006;0.095;0.0001;48.326;1.8899;0.3082;45.865;0.0559;34.046;29.483;7.4703;1.162;0.3127;4.4979;0.2073;3.6486;0;1;0;0;0.9509;0.9386;1;1;0.9461;0.1068;0.9683;0.9851;1;0.9677;0.85;0.998;0.998;1;0.998;0.998;0.907;0.9137;0.0906;0.151;0.1473;0.0009;0.0132;-0.0049;0.001;0.0034;0.0008;0;0;0.088;0.0365;0;0;0;0;0;0;0;0;0;0;0;0;0.0028;0.0001;0.1301;0.1301;0;15.884;15.884;2.3741;0.0493;124.32;1046.3;1;0.0055;0.0055;0;0;0;0;0;0;0.1245;0.0365;0;16.202;18.761;4.5514;5.2704;95.746;95.746;1.2732;1.0969;0.3082;0.1763;0.7888;0.1385;0.6195;0.242;34.041;0.2276;0
12/07/21 16:00;5.2076;58.538;77.283;6.0988;8.8331;90;8.8331;42.898;41.502;1.3964;12.73;2.4501;0;3.3866;40.776;1.1708;0;0.0331;45.366;0;45.366;3.3866;1.1708;40.776;0.0331;0.0747;0.8995;0;0.0007;45.098;0.2676;0;0;0.2401;0.0275;42.245;2.763;0.8025;0.2775;1.6818;0.0012;45.008;0.0902;0.0068;0.0023;0.0811;0;42.25;2.5773;0.891;38.773;0.0043;24.386;21.118;4.9841;0.0072;0.1942;2.793;0.005;2.9799;0;1;0;0;1.0575;0.9941;1;1;0.9941;0.1677;0.9386;0.7625;1;0.9584;0.7751;0.998;0.998;1;0.998;0.998;0.9312;0.9509;0.1297;0.1291;0.1265;0.0008;0.0123;-0.0047;0.0008;0.0029;0.0005;0;0;0.088;0.0184;0;0;0;0;0;0;0;0;0;0;0;0;0.0024;0.0001;0.1114;0.1114;0;14.816;14.816;2.0859;0.0494;106.56;1045.3;1;0.005;0.005;0;0;0;0;0;0;0.1064;0.0184;0;16.224;18.787;2.6767;3.0995;95.503;95.503;1.0888;0.9393;0.155;0.1495;0.7844;0.1373;0.7204;0.1423;24.376;0.1361;0
12/07/21 17:00;0;0;90;0;0;90;0;0;0;0;9.5001;2.5301;0;0;0;0;0;0;0;0;0;0;0;0;0;1;1;1;1;0;0;0;0;0;0;0;0;0;0;0;0;0;0;0;0;0;0;0;0;0;0;0;0;0;0;0;0;0;0;0;0;0;0;0;1;1;1;1;1;1;1;1;1;1;1;1;1;1;1;1;1;1;1;0;0;0;0;0;0;0;0;0;0.0004;0.088;-0.0884;0;0;0;0;0;0;0;0;0;0;0;0;0;0;0;0;0;0;0;-9.5001;0;0;0;0;0.0004;0;0;0;0;0;0;0;-0.0004;-0.0884;0;0;0;0;0;0;0;0;0;-0.7452;0;0.7452;1;1;0;0;0;0
12/07/21 18:00;0;0;90;0;0;90;0;0;0;0;7.6201;2.7199;0;0;0;0;0;0;0;0;0;0;0;0;0;1;1;1;1;0;0;0;0;0;0;0;0;0;0;0;0;0;0;0;0;0;0;0;0;0;0;0;0;0;0;0;0;0;0;0;0;0;0;0;1;1;1;1;1;1;1;1;1;1;1;1;1;1;1;1;1;1;1;0;0;0;0;0;0;0;0;0;0.0004;0.088;-0.0884;0;0;0;0;0;0;0;0;0;0;0;0;0;0;0;0;0;0;0;-7.6201;0;0;0;0;0.0004;0;0;0;0;0;0;0;-0.0004;-0.0884;0;0;0;0;0;0;0;0;0;-0.7452;0;0.7452;1;1;0;0;0;0
12/07/21 19:00;0;0;90;0;0;90;0;0;0;0;9.3;2.9;0;0;0;0;0;0;0;0;0;0;0;0;0;1;1;1;1;0;0;0;0;0;0;0;0;0;0;0;0;0;0;0;0;0;0;0;0;0;0;0;0;0;0;0;0;0;0;0;0;0;0;0;1;1;1;1;1;1;1;1;1;1;1;1;1;1;1;1;1;1;1;0;0;0;0;0;0;0;0;0;0.0004;0.088;-0.0884;0;0;0;0;0;0;0;0;0;0;0;0;0;0;0;0;0;0;0;-9.3;0;0;0;0;0.0004;0;0;0;0;0;0;0;-0.0004;-0.0884;0;0;0;0;0;0;0;0;0;-0.7452;0;0.7452;1;1;0;0;0;0
12/07/21 20:00;0;0;90;0;0;90;0;0;0;0;9.2003;3;0;0;0;0;0;0;0;0;0;0;0;0;0;1;1;1;1;0;0;0;0;0;0;0;0;0;0;0;0;0;0;0;0;0;0;0;0;0;0;0;0;0;0;0;0;0;0;0;0;0;0;0;1;1;1;1;1;1;1;1;1;1;1;1;1;1;1;1;1;1;1;0;0;0;0;0;0;0;0;0;0.0004;0.088;-0.0884;0;0;0;0;0;0;0;0;0;0;0;0;0;0;0;0;0;0;0;-9.2003;0;0;0;0;0.0004;0;0;0;0;0;0;0;-0.0004;-0.0884;0;0;0;0;0;0;0;0;0;-0.7452;0;0.7452;1;1;0;0;0;0
12/07/21 21:00;0;0;90;0;0;90;0;0;0;0;8.84;3.14;0;0;0;0;0;0;0;0;0;0;0;0;0;1;1;1;1;0;0;0;0;0;0;0;0;0;0;0;0;0;0;0;0;0;0;0;0;0;0;0;0;0;0;0;0;0;0;0;0;0;0;0;1;1;1;1;1;1;1;1;1;1;1;1;1;1;1;1;1;1;1;0;0;0;0;0;0;0;0;0;0.0004;0.088;-0.0884;0;0;0;0;0;0;0;0;0;0;0;0;0;0;0;0;0;0;0;-8.84;0;0;0;0;0.0004;0;0;0;0;0;0;0;-0.0004;-0.0884;0;0;0;0;0;0;0;0;0;-0.7452;0;0.7452;1;1;0;0;0;0
12/07/21 22:00;0;0;90;0;0;90;0;0;0;0;8.1699;3.4;0;0;0;0;0;0;0;0;0;0;0;0;0;1;1;1;1;0;0;0;0;0;0;0;0;0;0;0;0;0;0;0;0;0;0;0;0;0;0;0;0;0;0;0;0;0;0;0;0;0;0;0;1;1;1;1;1;1;1;1;1;1;1;1;1;1;1;1;1;1;1;0;0;0;0;0;0;0;0;0;0.0004;0.088;-0.0884;0;0;0;0;0;0;0;0;0;0;0;0;0;0;0;0;0;0;0;-8.1699;0;0;0;0;0.0004;0;0;0;0;0;0;0;-0.0004;-0.0884;0;0;0;0;0;0;0;0;0;-0.7452;0;0.7452;1;1;0;0;0;0
12/07/21 23:00;0;0;90;0;0;90;0;0;0;0;7.8501;3.64;0;0;0;0;0;0;0;0;0;0;0;0;0;1;1;1;1;0;0;0;0;0;0;0;0;0;0;0;0;0;0;0;0;0;0;0;0;0;0;0;0;0;0;0;0;0;0;0;0;0;0;0;1;1;1;1;1;1;1;1;1;1;1;1;1;1;1;1;1;1;1;0;0;0;0;0;0;0;0;0;0.0004;0.088;-0.0884;0;0;0;0;0;0;0;0;0;0;0;0;0;0;0;0;0;0;0;-7.8501;0;0;0;0;0.0004;0;0;0;0;0;0;0;-0.0004;-0.0884;0;0;0;0;0;0;0;0;0;-0.7452;0;0.7452;1;1;0;0;0;0
13/07/21 00:00;0;0;90;0;0;90;0;0;0;0;7.3097;3.64;0;0;0;0;0;0;0;0;0;0;0;0;0;1;1;1;1;0;0;0;0;0;0;0;0;0;0;0;0;0;0;0;0;0;0;0;0;0;0;0;0;0;0;0;0;0;0;0;0;0;0;0;1;1;1;1;1;1;1;1;1;1;1;1;1;1;1;1;1;1;1;0;0;0;0;0;0;0;0;0;0.0004;0.088;-0.0884;0;0;0;0;0;0;0;0;0;0;0;0;0;0;0;0;0;0;0;-7.3097;0;0;0;0;0.0004;0;0;0;0;0;0;0;-0.0004;-0.0884;0;0;0;0;0;0;0;0;0;-0.7452;0;0.7452;1;1;0;0;0;0
13/07/21 01:00;0;0;90;0;0;90;0;0;0;0;6.2401;3.69;0;0;0;0;0;0;0;0;0;0;0;0;0;1;1;1;1;0;0;0;0;0;0;0;0;0;0;0;0;0;0;0;0;0;0;0;0;0;0;0;0;0;0;0;0;0;0;0;0;0;0;0;1;1;1;1;1;1;1;1;1;1;1;1;1;1;1;1;1;1;1;0;0;0;0;0;0;0;0;0;0.0004;0.088;-0.0884;0;0;0;0;0;0;0;0;0;0;0;0;0;0;0;0;0;0;0;-6.2401;0;0;0;0;0.0004;0;0;0;0;0;0;0;-0.0004;-0.0884;0;0;0;0;0;0;0;0;0;-0.7452;0;0.7452;1;1;0;0;0;0
13/07/21 02:00;0;0;90;0;0;90;0;0;0;0;6.5499;3.69;0;0;0;0;0;0;0;0;0;0;0;0;0;1;1;1;1;0;0;0;0;0;0;0;0;0;0;0;0;0;0;0;0;0;0;0;0;0;0;0;0;0;0;0;0;0;0;0;0;0;0;0;1;1;1;1;1;1;1;1;1;1;1;1;1;1;1;1;1;1;1;0;0;0;0;0;0;0;0;0;0.0004;0.088;-0.0884;0;0;0;0;0;0;0;0;0;0;0;0;0;0;0;0;0;0;0;-6.5499;0;0;0;0;0.0004;0;0;0;0;0;0;0;-0.0004;-0.0884;0;0;0;0;0;0;0;0;0;-0.7452;0;0.7452;1;1;0;0;0;0
13/07/21 03:00;0;0;90;0;0;90;0;0;0;0;6.0599;3.39;0;0;0;0;0;0;0;0;0;0;0;0;0;1;1;1;1;0;0;0;0;0;0;0;0;0;0;0;0;0;0;0;0;0;0;0;0;0;0;0;0;0;0;0;0;0;0;0;0;0;0;0;1;1;1;1;1;1;1;1;1;1;1;1;1;1;1;1;1;1;1;0;0;0;0;0;0;0;0;0;0.0004;0.088;-0.0884;0;0;0;0;0;0;0;0;0;0;0;0;0;0;0;0;0;0;0;-6.0599;0;0;0;0;0.0004;0;0;0;0;0;0;0;-0.0004;-0.0884;0;0;0;0;0;0;0;0;0;-0.7452;0;0.7452;1;1;0;0;0;0
13/07/21 04:00;0;0;90;0;0;90;0;0;0;0;3.7798;2.8699;0;0;0;0;0;0;0;0;0;0;0;0;0;1;1;1;1;0;0;0;0;0;0;0;0;0;0;0;0;0;0;0;0;0;0;0;0;0;0;0;0;0;0;0;0;0;0;0;0;0;0;0;1;1;1;1;1;1;1;1;1;1;1;1;1;1;1;1;1;1;1;0;0;0;0;0;0;0;0;0;0.0004;0.088;-0.0884;0;0;0;0;0;0;0;0;0;0;0;0;0;0;0;0;0;0;0;-3.7798;0;0;0;0;0.0004;0;0;0;0;0;0;0;-0.0004;-0.0884;0;0;0;0;0;0;0;0;0;-0.7452;0;0.7452;1;1;0;0;0;0
13/07/21 05:00;0;0;90;0;0;90;0;0;0;0;2.2202;2.67;0;0;0;0;0;0;0;0;0;0;0;0;0;1;1;1;1;0;0;0;0;0;0;0;0;0;0;0;0;0;0;0;0;0;0;0;0;0;0;0;0;0;0;0;0;0;0;0;0;0;0;0;1;1;1;1;1;1;1;1;1;1;1;1;1;1;1;1;1;1;1;0;0;0;0;0;0;0;0;0;0.0004;0.088;-0.0884;0;0;0;0;0;0;0;0;0;0;0;0;0;0;0;0;0;0;0;-2.2202;0;0;0;0;0.0004;0;0;0;0;0;0;0;-0.0004;-0.0884;0;0;0;0;0;0;0;0;0;-0.7452;0;0.7452;1;1;0;0;0;0
13/07/21 06:00;0;0;90;0;0;90;0;0;0;0;2.2302;2.65;0;0;0;0;0;0;0;0;0;0;0;0;0;1;1;1;1;0;0;0;0;0;0;0;0;0;0;0;0;0;0;0;0;0;0;0;0;0;0;0;0;0;0;0;0;0;0;0;0;0;0;0;1;1;1;1;1;1;1;1;1;1;1;1;1;1;1;1;1;1;1;0;0;0;0;0;0;0;0;0;0.0004;0.088;-0.0884;0;0;0;0;0;0;0;0;0;0;0;0;0;0;0;0;0;0;0;-2.2302;0;0;0;0;0.0004;0;0;0;0;0;0;0;-0.0004;-0.0884;0;0;0;0;0;0;0;0;0;-0.7452;0;0.7452;1;1;0;0;0;0
13/07/21 07:00;4.6159;-59.248;78.745;5.3671;7.7447;-90;-7.7447;41.706;28.197;13.509;1.7901;3.0399;0;32.763;24.507;8.6786;0;0.0247;65.973;0;65.973;32.763;8.6786;24.507;0.0247;0.4966;0.3718;0;0.0004;65.837;0.1362;0;0;0.1156;0.0206;53.135;12.57;9.1246;2.417;1.0273;0.0009;65.705;0.1317;0.0655;0.0174;0.0488;0;53.137;23.573;6.2442;23.315;0.0032;14.702;12.732;3.0114;0.0025;0.1165;1.676;0.002;1.79;0;1;0;0;1.5818;0.9979;1;1;0.9953;0.1688;0.8087;0.7209;1;0.9578;0.7759;0.998;0.998;1;0.998;0.998;0.8054;0.9514;0.1307;0.1878;0.1554;0.0009;0.0134;-0.0117;0.0011;0.0038;0.0003;0;0;0.088;0.0498;0;0;0;0;0;0;0;0;0;0;0;0;0.0031;0.0001;0.1443;0.1443;0;4.3833;4.3833;2.5932;0.0488;131.11;1100.7;1;0.0065;0.0065;0;0;0;0;0;0;0.1378;0.0498;0;14.455;16.738;4.9909;5.7793;95.505;95.505;1.5834;1.217;0.4202;0.3663;0.7968;0.2314;0.5032;0.2654;14.618;0.2604;0
13/07/21 08:00;13.96;-50.08;54.192;17.958;30.44;-90;-30.44;183.51;55.297;128.21;4.7603;3.4;0;310.95;30.799;53.885;0;1.6441;397.28;0;397.28;310.95;53.885;30.799;1.6441;0.7827;0.0817;0;0.0041;394.44;2.8315;0;0;1.3942;1.4374;385.71;7.9453;5.9272;1.0271;0.9554;0.0356;393.66;0.7889;0.6219;0.1078;0.0588;0.0004;385.81;304.4;52.75;28.391;0.1708;21.099;18.272;4.6439;0.4909;0.1779;2.5597;0.0962;2.2468;0;1;0;0;2.1649;0.9929;1;1;0.9547;0.1258;0.9798;0.9809;1;0.9674;0.8277;0.998;0.998;1;0.998;0.998;0.9709;0.9218;0.1039;1.1306;1.109;0.0067;0.0106;-0.0057;0.0077;0.0272;0.0005;0;0;0.088;0.9314;0;0;0;0;0;0;0;0;0;0;0;0;0.0219;0.0032;1.0368;1.0368;0;23.549;23.549;18.788;0.0487;950.98;1090.2;1;0.0173;0.0173;0;0;0;0;0;0;1.0194;0.9314;0;17.245;19.969;15.493;17.94;98.33;98.33;9.5346;8.7431;7.855;0.7915;0.8881;0.083;0.0931;0.8238;20.362;0.8199;0
13/07/21 09:00;22.538;-38.511;46.28;33.683;56.317;-90;-56.317;350.9;66.899;284;7.4101;3.3499;0;512.09;22.872;67.569;0;10.159;612.69;0;612.69;512.09;67.569;22.872;10.159;0.8358;0.0539;0;0.0166;600.61;12.082;0;0;2.6141;9.4678;592.57;6.8356;5.3955;0.7119;0.6955;0.0326;599.41;1.2012;1.0242;0.1351;0.0405;0.0014;594.66;505.67;66.722;19.522;0.6573;102.73;88.965;21.407;3.0548;0.9879;14.21;2.0826;12.143;0;1;0;0;1.7461;0.9803;1;1;0.8857;0.068;0.9886;0.9894;1;0.9656;0.9527;0.998;0.998;1;0.998;0.998;0.9672;0.8535;0.0647;1.7437;1.7298;0.0104;0.0023;0.0698;0.0115;0.0409;0.0026;0;0;0.088;1.439;0;0;0;0;0;0;0;0;0;0;0;0;0.0329;0.0073;1.5521;1.5521;0;36.527;36.527;29.117;0.0491;1489;1042.3;1;0.025;0.025;0;0;0;0;0;0;1.527;1.439;0;16.739;19.384;15.52;17.972;98.388;98.388;14.705;13.089;12.136;1.6159;0.9531;0.1099;0.0648;0.8253;19.093;0.8112;0
13/07/21 10:00;28.993;-24.79;52.568;52.888;37.112;-90;-37.112;404.6;132.6;272;10.48;3.2601;0;341.09;68.614;70.542;0;5.3267;485.57;0;485.57;341.09;70.542;68.614;5.3267;0.7024;0.1523;0;0.011;476.52;9.0472;0;0;4.2436;4.8036;466.83;8.7417;5.4726;1.1318;2.0752;0.0621;475.57;0.953;0.6822;0.1411;0.1287;0.001;468.42;334.93;69.269;62.167;0.4599;207.07;179.32;45.388;2.1626;1.5861;22.816;1.5975;22.24;0;1;0;0;1.2001;0.9814;1;1;0.9382;0.0982;0.9816;0.9839;1;0.9677;0.881;0.998;0.998;1;0.998;0.998;0.9614;0.906;0.0863;1.3819;1.3859;0.0083;0.0067;0.0409;0.0093;0.033;0.0042;0;0;0.088;1.144;0;0;0;0;0;0;0;0;0;0;0;0;0.0266;0.0048;1.252;1.252;0;33.382;33.382;22.902;0.0491;1191.4;1050.9;1;0.02;0.02;0;0;0;0;0;0;1.232;1.144;0;17.039;19.73;15.569;18.028;98.403;98.403;11.654;10.559;9.6478;1.0951;0.9107;0.094;0.0782;0.8279;47.709;0.7997;0
13/07/21 11:00;32.586;-9.1082;56.301;76.09;13.91;-90;-13.91;344.3;235;109.3;11.44;3.4399;0;112.6;196.03;37.144;0;0.6563;346.43;0;346.43;112.6;37.144;196.03;0.6563;0.325;0.5677;0;0.0019;343.42;3.004;0;0;2.4591;0.5449;331.67;11.071;2.7287;0.9001;7.4177;0.0249;342.74;0.6868;0.2252;0.0743;0.3871;0.0002;331.81;109.65;36.17;185.76;0.0862;202.76;175.59;42.605;0.1937;1.5474;22.259;0.1464;23.612;0;1;0;0;1.0062;0.9913;1;1;0.9875;0.1697;0.9677;0.9757;1;0.9616;0.7758;0.998;0.998;1;0.998;0.998;0.9574;0.9476;0.1314;0.9859;0.9939;0.006;0.0123;0.0094;0.0068;0.024;0.0041;0;0;0.088;0.8064;0;0;0;0;0;0;0;0;0;0;0;0;0.0193;0.0026;0.9095;0.9095;0;27.665;27.665;16.226;0.0489;851.4;1068.2;1;0.0151;0.0151;0;0;0;0;0;0;0.8944;0.8064;0;17.348;20.088;15.382;17.812;98.343;98.343;8.3143;7.6696;6.8004;0.6447;0.8692;0.0775;0.1045;0.8179;118.84;0.7804;0
13/07/21 12:00;32.764;7.4525;56.492;78.605;11.395;90;11.395;436.4;187.9;248.51;13.9;3.95;0;253.5;121.46;66.54;0;0.5591;442.06;0;442.06;253.5;66.54;121.46;0.5591;0.5735;0.276;0;0.0013;440.5;1.5586;0;0;1.0933;0.4653;426.86;12.757;6.2813;1.6488;4.8059;0.0211;439.62;0.881;0.507;0.1331;0.2407;0.0002;426.98;246.71;64.759;115.32;0.0726;255.49;221.26;53.982;0.0579;1.9186;27.598;0.1161;29.459;0;1;0;0;1.013;0.9965;1;1;0.991;0.1679;0.971;0.9752;1;0.96;0.7747;0.998;0.998;1;0.998;0.998;0.9656;0.9494;0.1298;1.2581;1.2769;0.0077;0.0082;0.0446;0.0085;0.0302;0.005;0;0;0.088;1.0379;0;0;0;0;0;0;0;0;0;0;0;0;0.0243;0.0041;1.1442;1.1442;0;34.877;34.877;20.977;0.0491;1097.2;1042.8;1;0.0183;0.0183;0;0;0;0;0;0;1.1259;1.0379;0;17.104;19.806;15.515;17.966;98.405;98.405;10.609;9.6492;8.7531;0.9603;0.896;0.0905;0.0845;0.825;73.072;0.7882;0
13/07/21 13:00;29.497;23.287;53.08;55.053;34.947;90;34.947;377.7;197.9;179.8;15.41;3.3599;0;219.35;130.35;66.651;0;4.4268;420.78;0;420.78;219.35;66.651;130.35;4.4268;0.5213;0.3203;0;0.0105;409.45;11.335;0;0;7.3624;3.9731;399.76;8.8658;3.7098;1.1272;3.9646;0.0641;408.63;0.8189;0.4387;0.1333;0.246;0.0009;401.14;215.2;65.391;118.78;0.3887;206.18;178.55;45.199;3.3415;1.656;23.821;1.3746;22.136;0;1;0;0;1.1141;0.9731;1;1;0.9435;0.1025;0.9783;0.9831;1;0.9677;0.8584;0.998;0.998;1;0.998;0.998;0.95;0.9112;0.0878;1.1975;1.1954;0.0072;0.0094;0.0427;0.008;0.0282;0.0043;0;0;0.088;0.9642;0;0;0;0;0;0;0;0;0;0;0;0;0.0227;0.0037;1.0693;1.0693;0;35.065;35.065;19.655;0.0492;1027.2;1040.9;1;0.0171;0.0171;0;0;0;0;0;0;1.0522;0.9642;0;16.792;19.445;15.141;17.533;98.401;98.401;10.099;9.0173;8.131;1.0814;0.8863;0.1071;0.0878;0.8051;89.091;0.7724;0
13/07/21 14:00;23.298;37.228;46.997;35.443;54.557;90;54.557;102.01;100.3;1.7117;14.47;1.64;0;2.9519;78.97;0.5659;0;2.7856;85.274;0;85.274;2.9519;0.5659;78.97;2.7856;0.0346;0.9587;0;0.0327;74.016;11.258;0;0;8.649;2.609;71.435;2.4327;0.0323;0.0062;2.3864;0.0078;73.868;0.148;0.0059;0.0011;0.1406;0.0004;72.601;2.9136;0.5586;67.794;0.1684;65.244;56.501;15.695;9.4226;0.9773;14.058;1.1658;5.6128;0;1;0;0;0.8359;0.868;1;1;0.8905;0.0634;0.9671;0.989;1;0.966;0.9558;0.998;0.998;1;0.998;0.998;0.8377;0.8585;0.0605;0.2427;0.2359;0.0014;0.0155;-0.0061;0.0016;0.0056;0.0025;0;0;0.088;0.116;0;0;0;0;0;0;0;0;0;0;0;0;0.0045;0.0003;0.2105;0.2105;0;17.984;17.984;3.5144;0.0492;199.76;1053.8;1;0.0065;0.0065;0;0;0;0;0;0;0.204;0.116;0;16.312;18.889;8.9911;10.411;96.925;96.925;2.0466;1.7752;0.9785;0.2714;0.7967;0.1326;0.3893;0.4781;64.648;0.4256;0
13/07/21 15:00;14.901;49.003;51.417;19.421;34.327;90;34.327;106.31;102.3;4.007;13.86;1.6799;0;9.718;92.292;2.9228;0;1.2035;106.14;0;106.14;9.718;2.9228;92.292;1.2035;0.0916;0.8809;0;0.0113;99.991;6.1452;0;0;5.0682;1.077;96.778;3.0129;0.1395;0.0419;2.813;0.0185;99.791;0.2;0.0194;0.0058;0.1744;0.0003;97.171;9.5591;2.875;84.236;0.1077;62.803;54.387;13.798;2.2243;0.5809;8.3557;0.3934;6.7123;0;1;0;0;0.9984;0.9421;1;1;0.9451;0.1051;0.9698;0.9856;1;0.9677;0.8532;0.998;0.998;1;0.998;0.998;0.9118;0.9127;0.0895;0.3021;0.2948;0.0018;0.0165;-0.0069;0.002;0.007;0.0015;0;0;0.088;0.1718;0;0;0;0;0;0;0;0;0;0;0;0;0.0057;0.0004;0.2668;0.2668;0;18.608;18.608;4.7482;0.0491;250.91;1063.4;1;0.007;0.007;0;0;0;0;0;0;0.2598;0.1718;0;16.612;19.236;10.699;12.389;97.387;97.387;2.5473;2.2501;1.4492;0.2972;0.8009;0.1167;0.3144;0.5689;62.777;0.5373;0
13/07/21 16:00;5.1507;58.782;77.424;6.0169;8.7106;90;8.7106;27.309;26.901;0.4089;12.98;2.03;0;0.9916;26.653;0.2246;0;0.0205;27.89;0;27.89;0.9916;0.2246;26.653;0.0205;0.0356;0.9564;0;0.0007;27.72;0.1704;0;0;0.1533;0.017;26.269;1.3948;0.2386;0.0541;1.1014;0.0008;27.664;0.0554;0.002;0.0004;0.053;0;26.273;0.751;0.1701;25.346;0.0027;15.932;13.797;3.2555;0.0045;0.1269;1.8253;0.0032;1.9477;0;1;0;0;1.0213;0.9939;1;1;0.9942;0.1677;0.9496;0.7589;1;0.9584;0.7752;0.998;0.998;1;0.998;0.998;0.9419;0.9509;0.1297;0.0794;0.0788;0.0005;0.0099;-0.0031;0.0005;0.0018;0.0003;0;0;0.088;-0.0243;0;0;0;0;0;0;0;0;0;0;0;0;0.0014;0.0001;0.0675;0.0675;0;14.285;14.285;1.3051;0.0497;65.7;1026.7;1;0.0037;0.0037;0;0;0;0;0;0;0.0637;-0.0243;0;15.983;18.508;-5.7467;-6.6545;94.497;94.497;0.6694;0.5689;-0.2045;0.1005;0.7734;0.1501;1.1555;0;15.93;0;0
13/07/21 17:00;0;0;90;0;0;90;0;0;0;0;9.53;2.28;0;0;0;0;0;0;0;0;0;0;0;0;0;1;1;1;1;0;0;0;0;0;0;0;0;0;0;0;0;0;0;0;0;0;0;0;0;0;0;0;0;0;0;0;0;0;0;0;0;0;0;0;1;1;1;1;1;1;1;1;1;1;1;1;1;1;1;1;1;1;1;0;0;0;0;0;0;0;0;0;0.0004;0.088;-0.0884;0;0;0;0;0;0;0;0;0;0;0;0;0;0;0;0;0;0;0;-9.53;0;0;0;0;0.0004;0;0;0;0;0;0;0;-0.0004;-0.0884;0;0;0;0;0;0;0;0;0;-0.7452;0;0.7452;1;1;0;0;0;0
13/07/21 18:00;0;0;90;0;0;90;0;0;0;0;9.0999;2.59;0;0;0;0;0;0;0;0;0;0;0;0;0;1;1;1;1;0;0;0;0;0;0;0;0;0;0;0;0;0;0;0;0;0;0;0;0;0;0;0;0;0;0;0;0;0;0;0;0;0;0;0;1;1;1;1;1;1;1;1;1;1;1;1;1;1;1;1;1;1;1;0;0;0;0;0;0;0;0;0;0.0004;0.088;-0.0884;0;0;0;0;0;0;0;0;0;0;0;0;0;0;0;0;0;0;0;-9.0999;0;0;0;0;0.0004;0;0;0;0;0;0;0;-0.0004;-0.0884;0;0;0;0;0;0;0;0;0;-0.7452;0;0.7452;1;1;0;0;0;0
13/07/21 19:00;0;0;90;0;0;90;0;0;0;0;9.2103;2.9;0;0;0;0;0;0;0;0;0;0;0;0;0;1;1;1;1;0;0;0;0;0;0;0;0;0;0;0;0;0;0;0;0;0;0;0;0;0;0;0;0;0;0;0;0;0;0;0;0;0;0;0;1;1;1;1;1;1;1;1;1;1;1;1;1;1;1;1;1;1;1;0;0;0;0;0;0;0;0;0;0.0004;0.088;-0.0884;0;0;0;0;0;0;0;0;0;0;0;0;0;0;0;0;0;0;0;-9.2103;0;0;0;0;0.0004;0;0;0;0;0;0;0;-0.0004;-0.0884;0;0;0;0;0;0;0;0;0;-0.7452;0;0.7452;1;1;0;0;0;0
13/07/21 20:00;0;0;90;0;0;90;0;0;0;0;8.5003;3.0901;0;0;0;0;0;0;0;0;0;0;0;0;0;1;1;1;1;0;0;0;0;0;0;0;0;0;0;0;0;0;0;0;0;0;0;0;0;0;0;0;0;0;0;0;0;0;0;0;0;0;0;0;1;1;1;1;1;1;1;1;1;1;1;1;1;1;1;1;1;1;1;0;0;0;0;0;0;0;0;0;0.0004;0.088;-0.0884;0;0;0;0;0;0;0;0;0;0;0;0;0;0;0;0;0;0;0;-8.5003;0;0;0;0;0.0004;0;0;0;0;0;0;0;-0.0004;-0.0884;0;0;0;0;0;0;0;0;0;-0.7452;0;0.7452;1;1;0;0;0;0
13/07/21 21:00;0;0;90;0;0;90;0;0;0;0;8.3899;3.16;0;0;0;0;0;0;0;0;0;0;0;0;0;1;1;1;1;0;0;0;0;0;0;0;0;0;0;0;0;0;0;0;0;0;0;0;0;0;0;0;0;0;0;0;0;0;0;0;0;0;0;0;1;1;1;1;1;1;1;1;1;1;1;1;1;1;1;1;1;1;1;0;0;0;0;0;0;0;0;0;0.0004;0.088;-0.0884;0;0;0;0;0;0;0;0;0;0;0;0;0;0;0;0;0;0;0;-8.3899;0;0;0;0;0.0004;0;0;0;0;0;0;0;-0.0004;-0.0884;0;0;0;0;0;0;0;0;0;-0.7452;0;0.7452;1;1;0;0;0;0
13/07/21 22:00;0;0;90;0;0;90;0;0;0;0;7.7298;3.23;0;0;0;0;0;0;0;0;0;0;0;0;0;1;1;1;1;0;0;0;0;0;0;0;0;0;0;0;0;0;0;0;0;0;0;0;0;0;0;0;0;0;0;0;0;0;0;0;0;0;0;0;1;1;1;1;1;1;1;1;1;1;1;1;1;1;1;1;1;1;1;0;0;0;0;0;0;0;0;0;0.0004;0.088;-0.0884;0;0;0;0;0;0;0;0;0;0;0;0;0;0;0;0;0;0;0;-7.7298;0;0;0;0;0.0004;0;0;0;0;0;0;0;-0.0004;-0.0884;0;0;0;0;0;0;0;0;0;-0.7452;0;0.7452;1;1;0;0;0;0
13/07/21 23:00;0;0;90;0;0;90;0;0;0;0;6.6802;3.3401;0;0;0;0;0;0;0;0;0;0;0;0;0;1;1;1;1;0;0;0;0;0;0;0;0;0;0;0;0;0;0;0;0;0;0;0;0;0;0;0;0;0;0;0;0;0;0;0;0;0;0;0;1;1;1;1;1;1;1;1;1;1;1;1;1;1;1;1;1;1;1;0;0;0;0;0;0;0;0;0;0.0004;0.088;-0.0884;0;0;0;0;0;0;0;0;0;0;0;0;0;0;0;0;0;0;0;-6.6802;0;0;0;0;0.0004;0;0;0;0;0;0;0;-0.0004;-0.0884;0;0;0;0;0;0;0;0;0;-0.7452;0;0.7452;1;1;0;0;0;0
14/07/21 00:00;0;0;90;0;0;90;0;0;0;0;5.56;3.94;0;0;0;0;0;0;0;0;0;0;0;0;0;1;1;1;1;0;0;0;0;0;0;0;0;0;0;0;0;0;0;0;0;0;0;0;0;0;0;0;0;0;0;0;0;0;0;0;0;0;0;0;1;1;1;1;1;1;1;1;1;1;1;1;1;1;1;1;1;1;1;0;0;0;0;0;0;0;0;0;0.0004;0.088;-0.0884;0;0;0;0;0;0;0;0;0;0;0;0;0;0;0;0;0;0;0;-5.56;0;0;0;0;0.0004;0;0;0;0;0;0;0;-0.0004;-0.0884;0;0;0;0;0;0;0;0;0;-0.7452;0;0.7452;1;1;0;0;0;0
14/07/21 01:00;0;0;90;0;0;90;0;0;0;0;6.4601;4.18;0;0;0;0;0;0;0;0;0;0;0;0;0;1;1;1;1;0;0;0;0;0;0;0;0;0;0;0;0;0;0;0;0;0;0;0;0;0;0;0;0;0;0;0;0;0;0;0;0;0;0;0;1;1;1;1;1;1;1;1;1;1;1;1;1;1;1;1;1;1;1;0;0;0;0;0;0;0;0;0;0.0004;0.088;-0.0884;0;0;0;0;0;0;0;0;0;0;0;0;0;0;0;0;0;0;0;-6.4601;0;0;0;0;0.0004;0;0;0;0;0;0;0;-0.0004;-0.0884;0;0;0;0;0;0;0;0;0;-0.7452;0;0.7452;1;1;0;0;0;0
14/07/21 02:00;0;0;90;0;0;90;0;0;0;0;6.3903;4.09;0;0;0;0;0;0;0;0;0;0;0;0;0;1;1;1;1;0;0;0;0;0;0;0;0;0;0;0;0;0;0;0;0;0;0;0;0;0;0;0;0;0;0;0;0;0;0;0;0;0;0;0;1;1;1;1;1;1;1;1;1;1;1;1;1;1;1;1;1;1;1;0;0;0;0;0;0;0;0;0;0.0004;0.088;-0.0884;0;0;0;0;0;0;0;0;0;0;0;0;0;0;0;0;0;0;0;-6.3903;0;0;0;0;0.0004;0;0;0;0;0;0;0;-0.0004;-0.0884;0;0;0;0;0;0;0;0;0;-0.7452;0;0.7452;1;1;0;0;0;0
14/07/21 03:00;0;0;90;0;0;90;0;0;0;0;7.3403;4.44;0;0;0;0;0;0;0;0;0;0;0;0;0;1;1;1;1;0;0;0;0;0;0;0;0;0;0;0;0;0;0;0;0;0;0;0;0;0;0;0;0;0;0;0;0;0;0;0;0;0;0;0;1;1;1;1;1;1;1;1;1;1;1;1;1;1;1;1;1;1;1;0;0;0;0;0;0;0;0;0;0.0004;0.088;-0.0884;0;0;0;0;0;0;0;0;0;0;0;0;0;0;0;0;0;0;0;-7.3403;0;0;0;0;0.0004;0;0;0;0;0;0;0;-0.0004;-0.0884;0;0;0;0;0;0;0;0;0;-0.7452;0;0.7452;1;1;0;0;0;0
14/07/21 04:00;0;0;90;0;0;90;0;0;0;0;7.2997;3.8201;0;0;0;0;0;0;0;0;0;0;0;0;0;1;1;1;1;0;0;0;0;0;0;0;0;0;0;0;0;0;0;0;0;0;0;0;0;0;0;0;0;0;0;0;0;0;0;0;0;0;0;0;1;1;1;1;1;1;1;1;1;1;1;1;1;1;1;1;1;1;1;0;0;0;0;0;0;0;0;0;0.0004;0.088;-0.0884;0;0;0;0;0;0;0;0;0;0;0;0;0;0;0;0;0;0;0;-7.2997;0;0;0;0;0.0004;0;0;0;0;0;0;0;-0.0004;-0.0884;0;0;0;0;0;0;0;0;0;-0.7452;0;0.7452;1;1;0;0;0;0
14/07/21 05:00;0;0;90;0;0;90;0;0;0;0;7.67;3.2601;0;0;0;0;0;0;0;0;0;0;0;0;0;1;1;1;1;0;0;0;0;0;0;0;0;0;0;0;0;0;0;0;0;0;0;0;0;0;0;0;0;0;0;0;0;0;0;0;0;0;0;0;1;1;1;1;1;1;1;1;1;1;1;1;1;1;1;1;1;1;1;0;0;0;0;0;0;0;0;0;0.0004;0.088;-0.0884;0;0;0;0;0;0;0;0;0;0;0;0;0;0;0;0;0;0;0;-7.67;0;0;0;0;0.0004;0;0;0;0;0;0;0;-0.0004;-0.0884;0;0;0;0;0;0;0;0;0;-0.7452;0;0.7452;1;1;0;0;0;0
14/07/21 06:00;0;0;90;0;0;90;0;0;0;0;7.19;3.15;0;0;0;0;0;0;0;0;0;0;0;0;0;1;1;1;1;0;0;0;0;0;0;0;0;0;0;0;0;0;0;0;0;0;0;0;0;0;0;0;0;0;0;0;0;0;0;0;0;0;0;0;1;1;1;1;1;1;1;1;1;1;1;1;1;1;1;1;1;1;1;0;0;0;0;0;0;0;0;0;0.0004;0.088;-0.0884;0;0;0;0;0;0;0;0;0;0;0;0;0;0;0;0;0;0;0;-7.19;0;0;0;0;0.0004;0;0;0;0;0;0;0;-0.0004;-0.0884;0;0;0;0;0;0;0;0;0;-0.7452;0;0.7452;1;1;0;0;0;0
14/07/21 07:00;4.694;-59.382;78.552;5.4502;7.8678;-90;-7.8678;8.3022;8.3017;0.0005;6.5898;3.48;0;0.0011;8.2626;0.0001;0;0.0051;8.2689;0;8.2689;0.0011;0.0001;8.2626;0.0051;0.0001;0.9999;0;0.0006;8.2247;0.0442;0;0;0.04;0.0042;7.862;0.3463;0.0003;0;0.3457;0.0002;8.2082;0.0164;0;0;0.0164;0;7.8627;0.0008;0.0001;7.8604;0.0007;4.9297;4.2692;1.0064;0.0009;0.0393;0.5652;0.0007;0.6036;0;1;0;0;0.996;0.9947;1;1;0.9952;0.1689;0.9578;0.7269;1;0.9579;0.7759;0.998;0.998;1;0.998;0.998;0.9508;0.9513;0.1308;0.0235;0.0236;0.0001;0.0053;-0.0014;0.0001;0.0005;0.0001;0;0;0.088;-0.0719;0;0;0;0;0;0;0;0;0;0;0;0;0.0004;0;0.0185;0.0185;0;6.9877;6.9877;0.3979;0.0506;18.422;1002;1;0.0024;0.0024;0;0;0;0;0;0;0.0161;-0.0719;0;14.752;17.083;-57.49;-66.572;86.994;86.994;0.1985;0.1557;-0.6067;0.0428;0.7624;0.2156;3.8415;0;4.9297;0;0
14/07/21 08:00;14.053;-50.206;53.922;18.044;30.652;-90;-30.652;32.193;31.903;0.2901;8.2397;2.6;0;0.7035;29.647;0.0699;0;0.2924;30.713;0;30.713;0.7035;0.0699;29.647;0.2924;0.0229;0.9748;0;0.0095;29.1;1.6128;0;0;1.3569;0.2559;28.103;0.9392;0.013;0.0013;0.9187;0.0062;29.042;0.0582;0.0014;0.0001;0.0566;0.0001;28.197;0.6891;0.0684;27.315;0.0302;19.631;17;4.2489;0.4837;0.172;2.4739;0.0943;2.1623;0;1;0;0;0.954;0.9475;1;1;0.9542;0.1249;0.9677;0.9815;1;0.9675;0.8291;0.998;0.998;1;0.998;0.998;0.915;0.9213;0.1033;0.0874;0.0856;0.0005;0.0103;-0.0048;0.0006;0.002;0.0004;0;0;0.088;-0.0171;0;0;0;0;0;0;0;0;0;0;0;0;0.0016;0.0001;0.075;0.075;0;9.6292;9.6292;1.3894;0.0494;71.395;1050.2;1;0.004;0.004;0;0;0;0;0;0;0.0709;-0.0171;0;16.132;18.681;-3.669;-4.2486;94.62;94.62;0.7371;0.6323;-0.1438;0.1048;0.7761;0.1422;1.0529;0;19.629;0;0
14/07/21 09:00;22.65;-38.626;46.136;33.761;56.239;-90;-56.239;21.801;21.699;0.1021;9.2402;3.54;0;0.1836;16.875;0.0078;0;0.6295;17.696;0;17.696;0.1836;0.0078;16.875;0.6295;0.0104;0.9892;0;0.0356;15.185;2.5115;0;0;1.9248;0.5867;14.637;0.517;0.0019;0.0001;0.513;0.002;15.154;0.0304;0.0004;0;0.0299;0.0001;14.908;0.1814;0.0077;14.407;0.0407;14.102;12.213;3.4101;2.2411;0.2234;3.2132;0.271;1.1956;0;1;0;0;0.8117;0.8581;1;1;0.8859;0.068;0.9659;0.9895;1;0.9656;0.953;0.998;0.998;1;0.998;0.998;0.8271;0.8538;0.0647;0.0504;0.0491;0.0003;0.0078;-0.0026;0.0003;0.0011;0.0005;0;0;0.088;-0.0502;0;0;0;0;0;0;0;0;0;0;0;0;0.0009;0;0.0408;0.0408;0;9.9721;9.9721;0.732;0.05;40.018;1019.8;1;0.003;0.003;0;0;0;0;0;0;0.0378;-0.0502;0;15.239;17.646;-18.74;-21.7;92.66;92.66;0.4247;0.3442;-0.4232;0.0806;0.7674;0.1897;1.8068;0;14.075;0;0
14/07/21 10:00;29.124;-24.883;52.417;52.939;37.061;-90;-37.061;60.909;60.4;0.5092;9.2003;6.0401;0;0.6381;54.256;0.0599;0;0.7998;55.754;0;55.754;0.6381;0.0599;54.256;0.7998;0.0114;0.9875;0;0.0143;51.684;4.0695;0;0;3.3485;0.7211;49.919;1.6615;0.0101;0.0009;1.6411;0.0094;51.581;0.1034;0.0013;0.0001;0.1018;0.0002;50.201;0.6268;0.0588;49.165;0.0692;37.981;32.891;8.475;1.7012;0.366;5.2643;0.282;3.9291;0;1;0;0;0.9154;0.927;1;1;0.9383;0.0984;0.9678;0.9842;1;0.9677;0.8805;0.998;0.998;1;0.998;0.998;0.8954;0.9062;0.0865;0.1587;0.1542;0.0009;0.0134;-0.0075;0.001;0.0037;0.001;0;0;0.088;0.0447;0;0;0;0;0;0;0;0;0;0;0;0;0.0029;0.0001;0.1386;0.1386;0;11.653;11.653;2.4531;0.0491;130.05;1066.1;1;0.006;0.006;0;0;0;0;0;0;0.1327;0.0447;0;16.433;19.029;5.2957;6.1323;95.697;95.697;1.3381;1.1692;0.3768;0.1689;0.7924;0.1262;0.5922;0.2816;37.71;0.263;0
14/07/21 11:00;32.732;-9.166;56.147;76.081;13.919;-90;-13.919;51.103;50.801;0.3015;9.6497;7.21;0;0.3106;50.034;0.0221;0;0.0975;50.464;0;50.464;0.3106;0.0221;50.034;0.0975;0.0062;0.9934;0;0.0019;49.755;0.7093;0;0;0.6283;0.081;47.751;1.9046;0.0074;0.0005;1.893;0.0037;49.655;0.0995;0.0006;0;0.0988;0;47.772;0.3026;0.0215;47.414;0.0128;30.521;26.431;6.3013;0.0495;0.2415;3.4744;0.0212;3.6664;0;1;0;0;0.9875;0.9859;1;1;0.9874;0.1697;0.9616;0.9761;1;0.9616;0.7758;0.998;0.998;1;0.998;0.998;0.9462;0.9476;0.1314;0.1436;0.1436;0.0009;0.013;-0.0068;0.001;0.0034;0.0006;0;0;0.088;0.0351;0;0;0;0;0;0;0;0;0;0;0;0;0.0027;0.0001;0.1288;0.1288;0;11.998;11.998;2.3485;0.0492;121.17;1062.7;1;0.0056;0.0056;0;0;0;0;0;0;0.1231;0.0351;0;16.861;19.524;4.5982;5.3246;95.614;95.614;1.2111;1.0859;0.2961;0.1253;0.7897;0.1034;0.6521;0.2445;30.334;0.2325;0
14/07/21 12:00;32.918;7.4403;56.345;78.688;11.312;90;11.312;60.108;59.701;0.4066;9.5998;7.45;0;0.4147;59.088;0.0344;0;0.0759;59.613;0;59.613;0.4147;0.0344;59.088;0.0759;0.007;0.9925;0;0.0013;59.025;0.5885;0;0;0.5254;0.0632;56.551;2.3551;0.0101;0.0008;2.3413;0.0029;58.906;0.118;0.0008;0.0001;0.1171;0;56.566;0.4038;0.0335;56.104;0.0099;35.796;31;7.3668;0.0274;0.2828;4.0684;0.0146;4.3238;0;1;0;0;0.9918;0.9901;1;1;0.9911;0.1679;0.96;0.9756;1;0.9599;0.7747;0.998;0.998;1;0.998;0.998;0.9486;0.9495;0.1298;0.1697;0.17;0.001;0.0139;-0.0079;0.0011;0.004;0.0007;0;0;0.088;0.0593;0;0;0;0;0;0;0;0;0;0;0;0;0.0033;0.0002;0.1536;0.1536;0;12.376;12.376;2.7765;0.0491;143.76;1068.1;1;0.0062;0.0062;0;0;0;0;0;0;0.1473;0.0593;0;17.022;19.711;6.5781;7.6173;95.952;95.952;1.4307;1.295;0.5005;0.1357;0.7945;0.0949;0.5553;0.3498;35.54;0.3328;0
14/07/21 13:00;29.649;23.317;52.948;55.186;34.814;90;34.814;57.901;57.4;0.5009;9.8598;7.59;0;0.6101;52.223;0.0535;0;0.6736;53.56;0;53.56;0.6101;0.0535;52.223;0.6736;0.0114;0.9876;0;0.0126;50.024;3.5363;0;0;2.932;0.6042;48.314;1.61;0.0102;0.0009;1.589;0.0099;49.924;0.1;0.0012;0.0001;0.0986;0.0001;48.544;0.5987;0.0525;47.603;0.0594;35.928;31.114;7.9418;1.3211;0.3323;4.7807;0.2306;3.7919;0;1;0;0;0.925;0.934;1;1;0.9439;0.103;0.9678;0.9833;1;0.9677;0.8573;0.998;0.998;1;0.998;0.998;0.902;0.9115;0.0882;0.1524;0.1485;0.0009;0.0132;-0.0069;0.001;0.0035;0.0009;0;0;0.088;0.0392;0;0;0;0;0;0;0;0;0;0;0;0;0.0028;0.0001;0.133;0.133;0;12.236;12.236;2.3763;0.0492;125.21;1062.2;1;0.0058;0.0058;0;0;0;0;0;0;0.1272;0.0392;0;16.408;19.001;4.8401;5.6047;95.665;95.665;1.2854;1.1216;0.3308;0.1639;0.7907;0.1275;0.6151;0.2574;35.656;0.2413;0
14/07/21 14:00;23.441;37.29;46.88;35.59;54.41;90;54.41;103.3;101.5;1.7967;10.13;7.4001;0;3.0873;80.013;0.5955;0;2.8068;86.502;0;86.502;3.0873;0.5955;80.013;2.8068;0.0357;0.9574;0;0.0324;75.145;11.358;0;0;8.729;2.6288;72.53;2.4648;0.0336;0.0065;2.4169;0.0078;74.994;0.1503;0.0062;0.0012;0.1426;0.0004;73.702;3.0475;0.5878;68.724;0.1698;66.029;57.181;15.876;9.4568;0.9844;14.161;1.1725;5.6885;0;1;0;0;0.8374;0.8687;1;1;0.8909;0.0634;0.9671;0.9891;1;0.966;0.9561;0.998;0.998;1;0.998;0.998;0.8385;0.8589;0.0605;0.2462;0.2392;0.0014;0.0156;-0.0099;0.0016;0.0058;0.0026;0;0;0.088;0.1224;0;0;0;0;0;0;0;0;0;0;0;0;0.0046;0.0003;0.2172;0.2172;0;13.685;13.685;3.5547;0.049;202.46;1072.6;1;0.0067;0.0067;0;0;0;0;0;0;0.2104;0.1224;0;16.588;19.209;9.3533;10.831;96.909;96.909;2.0761;1.8313;1.0326;0.2448;0.7987;0.1179;0.3847;0.4974;65.397;0.4431;0
14/07/21 15:00;15.033;49.085;51.021;19.564;34.741;90;34.741;82.202;80.602;1.5998;10.59;6.7699;0;3.88;73.075;0.9115;0;0.9525;78.819;0;78.819;3.88;0.9115;73.075;0.9525;0.0492;0.9392;0;0.0121;73.876;4.9434;0;0;4.0893;0.8541;71.424;2.3045;0.0537;0.0126;2.2241;0.0141;73.728;0.1478;0.0078;0.0018;0.138;0.0002;71.744;3.8186;0.897;66.624;0.0842;49.875;43.191;10.982;1.8354;0.4642;6.6776;0.3209;5.3065;0;1;0;0;0.9589;0.9373;1;1;0.944;0.1033;0.9687;0.9861;1;0.9677;0.8567;0.998;0.998;1;0.998;0.998;0.9062;0.9117;0.0884;0.2243;0.2186;0.0013;0.0152;-0.0087;0.0015;0.0052;0.0012;0;0;0.088;0.1039;0;0;0;0;0;0;0;0;0;0;0;0;0.0042;0.0002;0.1985;0.1985;0;14.093;14.093;3.5023;0.049;185.42;1070.4;1;0.0066;0.0066;0;0;0;0;0;0;0.1919;0.1039;0;16.639;19.267;8.7113;10.087;96.696;96.696;1.8917;1.6737;0.8763;0.218;0.7974;0.1152;0.4215;0.4632;49.865;0.4356;0
14/07/21 16:00;5.2713;58.878;77.126;6.1512;8.9115;90;8.9115;6.798;6.798;0;10.25;6.2299;0;0;6.757;0;0;0.0053;6.7623;6.7623;0;0;0;0;0;1;1;1;1;0;0;0;0;0;0;0;0;0;0;0;0;0;0;0;0;0;0;0;0;0;0;0;0;0;0;0;0;0;0;0;0;0;0;0;0;1;1;1;1;1;1;1;1;1;1;1;1;1;0;0;1;0;0;0;0;0;0;0;0;0;0;0;0.0004;0.088;-0.0884;0;0;0;0;0;0;0;0;0;0;0;0;0;0;0;0;0;0;0;-10.25;0;0;0;0;0.0004;0;0;0;0;0;0;0;-0.0004;-0.0884;0;0;0;0;0;0;0;0;0;-0.7452;0;0.7452;1;1;0;0;0;0
14/07/21 17:00;0;0;90;0;0;90;0;0;0;0;9.9601;5.5899;0;0;0;0;0;0;0;0;0;0;0;0;0;1;1;1;1;0;0;0;0;0;0;0;0;0;0;0;0;0;0;0;0;0;0;0;0;0;0;0;0;0;0;0;0;0;0;0;0;0;0;0;1;1;1;1;1;1;1;1;1;1;1;1;1;1;1;1;1;1;1;0;0;0;0;0;0;0;0;0;0.0004;0.088;-0.0884;0;0;0;0;0;0;0;0;0;0;0;0;0;0;0;0;0;0;0;-9.9601;0;0;0;0;0.0004;0;0;0;0;0;0;0;-0.0004;-0.0884;0;0;0;0;0;0;0;0;0;-0.7452;0;0.7452;1;1;0;0;0;0
14/07/21 18:00;0;0;90;0;0;90;0;0;0;0;9.9003;5.13;0;0;0;0;0;0;0;0;0;0;0;0;0;1;1;1;1;0;0;0;0;0;0;0;0;0;0;0;0;0;0;0;0;0;0;0;0;0;0;0;0;0;0;0;0;0;0;0;0;0;0;0;1;1;1;1;1;1;1;1;1;1;1;1;1;1;1;1;1;1;1;0;0;0;0;0;0;0;0;0;0.0004;0.088;-0.0884;0;0;0;0;0;0;0;0;0;0;0;0;0;0;0;0;0;0;0;-9.9003;0;0;0;0;0.0004;0;0;0;0;0;0;0;-0.0004;-0.0884;0;0;0;0;0;0;0;0;0;-0.7452;0;0.7452;1;1;0;0;0;0
14/07/21 19:00;0;0;90;0;0;90;0;0;0;0;9.5799;4.41;0;0;0;0;0;0;0;0;0;0;0;0;0;1;1;1;1;0;0;0;0;0;0;0;0;0;0;0;0;0;0;0;0;0;0;0;0;0;0;0;0;0;0;0;0;0;0;0;0;0;0;0;1;1;1;1;1;1;1;1;1;1;1;1;1;1;1;1;1;1;1;0;0;0;0;0;0;0;0;0;0.0004;0.088;-0.0884;0;0;0;0;0;0;0;0;0;0;0;0;0;0;0;0;0;0;0;-9.5799;0;0;0;0;0.0004;0;0;0;0;0;0;0;-0.0004;-0.0884;0;0;0;0;0;0;0;0;0;-0.7452;0;0.7452;1;1;0;0;0;0
14/07/21 20:00;0;0;90;0;0;90;0;0;0;0;9.3798;3.5899;0;0;0;0;0;0;0;0;0;0;0;0;0;1;1;1;1;0;0;0;0;0;0;0;0;0;0;0;0;0;0;0;0;0;0;0;0;0;0;0;0;0;0;0;0;0;0;0;0;0;0;0;1;1;1;1;1;1;1;1;1;1;1;1;1;1;1;1;1;1;1;0;0;0;0;0;0;0;0;0;0.0004;0.088;-0.0884;0;0;0;0;0;0;0;0;0;0;0;0;0;0;0;0;0;0;0;-9.3798;0;0;0;0;0.0004;0;0;0;0;0;0;0;-0.0004;-0.0884;0;0;0;0;0;0;0;0;0;-0.7452;0;0.7452;1;1;0;0;0;0
14/07/21 21:00;0;0;90;0;0;90;0;0;0;0;9.07;3.48;0;0;0;0;0;0;0;0;0;0;0;0;0;1;1;1;1;0;0;0;0;0;0;0;0;0;0;0;0;0;0;0;0;0;0;0;0;0;0;0;0;0;0;0;0;0;0;0;0;0;0;0;1;1;1;1;1;1;1;1;1;1;1;1;1;1;1;1;1;1;1;0;0;0;0;0;0;0;0;0;0.0004;0.088;-0.0884;0;0;0;0;0;0;0;0;0;0;0;0;0;0;0;0;0;0;0;-9.07;0;0;0;0;0.0004;0;0;0;0;0;0;0;-0.0004;-0.0884;0;0;0;0;0;0;0;0;0;-0.7452;0;0.7452;1;1;0;0;0;0
14/07/21 22:00;0;0;90;0;0;90;0;0;0;0;8.9703;3.54;0;0;0;0;0;0;0;0;0;0;0;0;0;1;1;1;1;0;0;0;0;0;0;0;0;0;0;0;0;0;0;0;0;0;0;0;0;0;0;0;0;0;0;0;0;0;0;0;0;0;0;0;1;1;1;1;1;1;1;1;1;1;1;1;1;1;1;1;1;1;1;0;0;0;0;0;0;0;0;0;0.0004;0.088;-0.0884;0;0;0;0;0;0;0;0;0;0;0;0;0;0;0;0;0;0;0;-8.9703;0;0;0;0;0.0004;0;0;0;0;0;0;0;-0.0004;-0.0884;0;0;0;0;0;0;0;0;0;-0.7452;0;0.7452;1;1;0;0;0;0
14/07/21 23:00;0;0;90;0;0;90;0;0;0;0;9.1099;3.69;0;0;0;0;0;0;0;0;0;0;0;0;0;1;1;1;1;0;0;0;0;0;0;0;0;0;0;0;0;0;0;0;0;0;0;0;0;0;0;0;0;0;0;0;0;0;0;0;0;0;0;0;1;1;1;1;1;1;1;1;1;1;1;1;1;1;1;1;1;1;1;0;0;0;0;0;0;0;0;0;0.0004;0.088;-0.0884;0;0;0;0;0;0;0;0;0;0;0;0;0;0;0;0;0;0;0;-9.1099;0;0;0;0;0.0004;0;0;0;0;0;0;0;-0.0004;-0.0884;0;0;0;0;0;0;0;0;0;-0.7452;0;0.7452;1;1;0;0;0;0
15/07/21 00:00;0;0;90;0;0;90;0;0;0;0;8.6299;3.5999;0;0;0;0;0;0;0;0;0;0;0;0;0;1;1;1;1;0;0;0;0;0;0;0;0;0;0;0;0;0;0;0;0;0;0;0;0;0;0;0;0;0;0;0;0;0;0;0;0;0;0;0;1;1;1;1;1;1;1;1;1;1;1;1;1;1;1;1;1;1;1;0;0;0;0;0;0;0;0;0;0.0004;0.088;-0.0884;0;0;0;0;0;0;0;0;0;0;0;0;0;0;0;0;0;0;0;-8.6299;0;0;0;0;0.0004;0;0;0;0;0;0;0;-0.0004;-0.0884;0;0;0;0;0;0;0;0;0;-0.7452;0;0.7452;1;1;0;0;0;0
15/07/21 01:00;0;0;90;0;0;90;0;0;0;0;8.2603;3.5199;0;0;0;0;0;0;0;0;0;0;0;0;0;1;1;1;1;0;0;0;0;0;0;0;0;0;0;0;0;0;0;0;0;0;0;0;0;0;0;0;0;0;0;0;0;0;0;0;0;0;0;0;1;1;1;1;1;1;1;1;1;1;1;1;1;1;1;1;1;1;1;0;0;0;0;0;0;0;0;0;0.0004;0.088;-0.0884;0;0;0;0;0;0;0;0;0;0;0;0;0;0;0;0;0;0;0;-8.2603;0;0;0;0;0.0004;0;0;0;0;0;0;0;-0.0004;-0.0884;0;0;0;0;0;0;0;0;0;-0.7452;0;0.7452;1;1;0;0;0;0
15/07/21 02:00;0;0;90;0;0;90;0;0;0;0;8.1998;3.5199;0;0;0;0;0;0;0;0;0;0;0;0;0;1;1;1;1;0;0;0;0;0;0;0;0;0;0;0;0;0;0;0;0;0;0;0;0;0;0;0;0;0;0;0;0;0;0;0;0;0;0;0;1;1;1;1;1;1;1;1;1;1;1;1;1;1;1;1;1;1;1;0;0;0;0;0;0;0;0;0;0.0004;0.088;-0.0884;0;0;0;0;0;0;0;0;0;0;0;0;0;0;0;0;0;0;0;-8.1998;0;0;0;0;0.0004;0;0;0;0;0;0;0;-0.0004;-0.0884;0;0;0;0;0;0;0;0;0;-0.7452;0;0.7452;1;1;0;0;0;0
15/07/21 03:00;0;0;90;0;0;90;0;0;0;0;6.4501;3.4201;0;0;0;0;0;0;0;0;0;0;0;0;0;1;1;1;1;0;0;0;0;0;0;0;0;0;0;0;0;0;0;0;0;0;0;0;0;0;0;0;0;0;0;0;0;0;0;0;0;0;0;0;1;1;1;1;1;1;1;1;1;1;1;1;1;1;1;1;1;1;1;0;0;0;0;0;0;0;0;0;0.0004;0.088;-0.0884;0;0;0;0;0;0;0;0;0;0;0;0;0;0;0;0;0;0;0;-6.4501;0;0;0;0;0.0004;0;0;0;0;0;0;0;-0.0004;-0.0884;0;0;0;0;0;0;0;0;0;-0.7452;0;0.7452;1;1;0;0;0;0
15/07/21 04:00;0;0;90;0;0;90;0;0;0;0;6.27;3.2699;0;0;0;0;0;0;0;0;0;0;0;0;0;1;1;1;1;0;0;0;0;0;0;0;0;0;0;0;0;0;0;0;0;0;0;0;0;0;0;0;0;0;0;0;0;0;0;0;0;0;0;0;1;1;1;1;1;1;1;1;1;1;1;1;1;1;1;1;1;1;1;0;0;0;0;0;0;0;0;0;0.0004;0.088;-0.0884;0;0;0;0;0;0;0;0;0;0;0;0;0;0;0;0;0;0;0;-6.27;0;0;0;0;0.0004;0;0;0;0;0;0;0;-0.0004;-0.0884;0;0;0;0;0;0;0;0;0;-0.7452;0;0.7452;1;1;0;0;0;0
15/07/21 05:00;0;0;90;0;0;90;0;0;0;0;5.7402;3.29;0;0;0;0;0;0;0;0;0;0;0;0;0;1;1;1;1;0;0;0;0;0;0;0;0;0;0;0;0;0;0;0;0;0;0;0;0;0;0;0;0;0;0;0;0;0;0;0;0;0;0;0;1;1;1;1;1;1;1;1;1;1;1;1;1;1;1;1;1;1;1;0;0;0;0;0;0;0;0;0;0.0004;0.088;-0.0884;0;0;0;0;0;0;0;0;0;0;0;0;0;0;0;0;0;0;0;-5.7402;0;0;0;0;0.0004;0;0;0;0;0;0;0;-0.0004;-0.0884;0;0;0;0;0;0;0;0;0;-0.7452;0;0.7452;1;1;0;0;0;0
15/07/21 06:00;0;0;90;0;0;90;0;0;0;0;7.7099;3.3401;0;0;0;0;0;0;0;0;0;0;0;0;0;1;1;1;1;0;0;0;0;0;0;0;0;0;0;0;0;0;0;0;0;0;0;0;0;0;0;0;0;0;0;0;0;0;0;0;0;0;0;0;1;1;1;1;1;1;1;1;1;1;1;1;1;1;1;1;1;1;1;0;0;0;0;0;0;0;0;0;0.0004;0.088;-0.0884;0;0;0;0;0;0;0;0;0;0;0;0;0;0;0;0;0;0;0;-7.7099;0;0;0;0;0.0004;0;0;0;0;0;0;0;-0.0004;-0.0884;0;0;0;0;0;0;0;0;0;-0.7452;0;0.7452;1;1;0;0;0;0
15/07/21 07:00;4.7773;-59.519;78.347;5.539;7.9994;-90;-7.9994;57.608;15.698;41.909;6.2999;3.5099;0;101.64;9.6805;14.48;0;0.0364;125.84;0;125.84;101.64;14.48;9.6805;0.0364;0.8077;0.0772;0;0.0003;125.76;0.0785;0;0;0.0482;0.0303;94.163;31.346;27.082;3.8583;0.4043;0.0014;125.51;0.2515;0.2033;0.029;0.0193;0;94.164;74.356;10.593;9.2088;0.0048;6.0118;5.2062;1.1377;0.0011;0.0537;0.7731;0.0011;0.8257;0;1;0;0;2.1844;0.9994;1;1;0.995;0.1689;0.7502;0.733;1;0.9579;0.7759;0.998;0.998;1;0.998;0.998;0.7483;0.9513;0.1308;0.3581;0.271;0.0016;0.0161;-0.0139;0.0019;0.0066;0.0001;0;0;0.088;0.1576;0;0;0;0;0;0;0;0;0;0;0;0;0.0053;0.0003;0.2528;0.2528;0;10.891;10.891;4.5912;0.0488;230.72;1095.5;1;0.0072;0.0072;0;0;0;0;0;0;0.2456;0.1576;0;13.273;15.37;8.2742;9.5813;97.153;97.153;3.0201;2.1316;1.3288;0.8885;0.8028;0.2942;0.2658;0.44;5.7772;0.438;0
15/07/21 08:00;14.151;-50.336;53.635;18.135;30.881;-90;-30.881;139.11;92.303;46.803;6.96;3.5801;0;113.51;73.351;32.391;0;1.2818;220.54;0;220.54;113.51;32.391;73.351;1.2818;0.5147;0.3384;0;0.0058;216.02;4.52;0;0;3.397;1.123;210.67;4.9142;2.0361;0.581;2.2702;0.0269;215.58;0.432;0.227;0.0648;0.1399;0.0003;210.91;111.25;31.745;67.544;0.1317;48.938;42.38;10.634;1.2279;0.4275;6.149;0.2377;5.3485;0;1;0;0;1.5854;0.9795;1;1;0.9537;0.1239;0.9772;0.982;1;0.9675;0.8306;0.998;0.998;1;0.998;0.998;0.9553;0.9208;0.1027;0.6276;0.6157;0.0037;0.0166;-0.0171;0.0043;0.0152;0.0012;0;0;0.088;0.4799;0;0;0;0;0;0;0;0;0;0;0;0;0.0122;0.0011;0.5785;0.5785;0;17.211;17.211;10.251;0.0487;526.92;1097.9;1;0.0106;0.0106;0;0;0;0;0;0;0.5679;0.4799;0;17.334;20.072;14.379;16.65;98.164;98.164;5.2928;4.8786;4.0469;0.4143;0.8317;0.0783;0.1571;0.7646;48.643;0.749;0
15/07/21 09:00;22.767;-38.744;45.987;33.846;56.154;-90;-56.154;358.4;65.602;292.8;11.33;3.64;0;525.71;21.865;67.357;0;10.321;625.26;0;625.26;525.71;67.357;21.865;10.321;0.8408;0.0515;0;0.0165;613.15;12.107;0;0;2.4885;9.6189;605.08;6.8447;5.4492;0.6982;0.6645;0.0328;611.92;1.2263;1.0514;0.1347;0.0388;0.0014;607.18;519.21;66.524;18.673;0.6681;105.19;91.099;21.977;2.8907;0.9925;14.276;2.1012;12.378;0;1;0;0;1.7446;0.9806;1;1;0.8862;0.068;0.9888;0.9896;1;0.9656;0.9532;0.998;0.998;1;0.998;0.998;0.9677;0.854;0.0647;1.7794;1.7658;0.0106;0.0019;0.1003;0.0116;0.041;0.0025;0;0;0.088;1.4444;0;0;0;0;0;0;0;0;0;0;0;0;0.0331;0.0075;1.5572;1.5572;0;41.173;41.173;29.843;0.0493;1520.4;1024.2;1;0.0248;0.0248;0;0;0;0;0;0;1.5324;1.4444;0;16.457;19.057;15.265;17.677;98.408;98.408;15.006;13.132;12.181;1.8739;0.9512;0.1249;0.0634;0.8117;18.219;0.7981;0
15/07/21 10:00;29.261;-24.978;52.261;52.995;37.005;-90;-37.005;467.6;86.303;381.3;14.38;3.7499;0;477.47;31.851;63.718;0;6.1218;579.16;0;579.16;477.47;63.718;31.851;6.1218;0.8244;0.0656;0;0.0106;571.68;7.4791;0;0;1.9611;5.518;561.08;9.4562;7.4289;0.9914;0.9636;0.0723;570.53;1.1434;0.9549;0.1274;0.0598;0.0012;562.87;469.08;62.599;28.867;0.5302;232.26;201.14;50.775;0.9949;1.6948;24.378;1.7875;25.078;0;1;0;0;1.2386;0.9871;1;1;0.9384;0.0986;0.9834;0.9844;1;0.9677;0.8799;0.998;0.998;1;0.998;0.998;0.9688;0.9063;0.0866;1.6482;1.6592;0.01;0.0031;0.0998;0.0108;0.0384;0.0043;0;0;0.088;1.3444;0;0;0;0;0;0;0;0;0;0;0;0;0.0309;0.0067;1.4552;1.4552;0;42.081;42.081;27.701;0.0494;1428.1;1019;1;0.0227;0.0227;0;0;0;0;0;0;1.4324;1.3444;0;16.603;19.226;15.339;17.763;98.437;98.437;13.9;12.272;11.338;1.6282;0.9339;0.1171;0.0672;0.8157;22.128;0.7908;0
15/07/21 11:00;32.884;-9.223;55.987;76.077;13.923;-90;-13.923;200;192;7.9933;15.25;3.7301;0;8.2352;187.08;2.2011;0;0.3819;197.89;0;197.89;8.2352;2.2011;187.08;0.3819;0.0416;0.9473;0;0.0019;195.23;2.6676;0;0;2.3505;0.3171;187.5;7.3357;0.1924;0.0514;7.0773;0.0145;194.84;0.3905;0.0165;0.0044;0.3695;0.0001;187.58;8.0263;2.1453;177.28;0.0502;119.27;103.29;24.599;0.1854;0.945;13.593;0.0838;14.353;0;1;0;0;0.9895;0.9865;1;1;0.9874;0.1697;0.9623;0.9766;1;0.9616;0.7758;0.998;0.998;1;0.998;0.998;0.9475;0.9476;0.1314;0.5632;0.5639;0.0034;0.0169;-0.0011;0.0038;0.0135;0.0025;0;0;0.088;0.4155;0;0;0;0;0;0;0;0;0;0;0;0;0.0109;0.001;0.513;0.513;0;24.437;24.437;9.1873;0.049;482.19;1064;1;0.0095;0.0095;0;0;0;0;0;0;0.5035;0.4155;0;17.131;19.838;13.875;16.067;98.143;98.143;4.7495;4.3266;3.5041;0.4229;0.8225;0.089;0.1732;0.7378;113.42;0.7017;0
15/07/21 12:00;33.077;7.4308;56.191;78.769;11.231;90;11.231;218.4;207.2;11.195;14.03;3.7401;0;11.414;202.04;3.2751;0;0.2718;217;0;217;11.414;3.2751;202.04;0.2718;0.0526;0.9323;0;0.0013;215;2.0011;0;0;1.7749;0.2262;206.19;8.3782;0.2731;0.0784;8.0165;0.0103;214.57;0.43;0.0228;0.0066;0.4005;0.0001;206.24;11.118;3.1902;191.84;0.0353;129.87;112.47;26.687;0.0911;1.0283;14.792;0.0526;15.729;0;1;0;0;0.9936;0.9908;1;1;0.9912;0.1679;0.961;0.976;1;0.9599;0.7747;0.998;0.998;1;0.998;0.998;0.9502;0.9496;0.1298;0.6176;0.6197;0.0037;0.0165;-0.0019;0.0042;0.0149;0.0027;0;0;0.088;0.4682;0;0;0;0;0;0;0;0;0;0;0;0;0.012;0.0012;0.5663;0.5663;0;24.122;24.122;10.092;0.0489;529.99;1068.6;1;0.0102;0.0102;0;0;0;0;0;0;0.5562;0.4682;0;17.246;19.97;14.257;16.509;98.206;98.206;5.2079;4.7759;3.9481;0.432;0.8278;0.083;0.1589;0.7581;121.49;0.7213;0
15/07/21 13:00;29.806;23.353;52.81;55.318;34.682;90;34.682;247.5;219.6;27.903;14.67;3.71;0;33.931;191.6;11.33;0;2.8584;239.72;0;239.72;33.931;11.33;191.6;2.8584;0.1415;0.8112;0;0.0119;226.47;13.256;0;0;10.693;2.5623;219.39;6.6195;0.558;0.1863;5.8327;0.0425;226.01;0.4529;0.0679;0.0227;0.3618;0.0006;220.36;33.305;11.121;174.71;0.253;149.33;129.32;32.838;4.7841;1.3466;19.371;0.9616;15.933;0;1;0;0;0.9686;0.9447;1;1;0.9442;0.1036;0.9707;0.9835;1;0.9677;0.8562;0.998;0.998;1;0.998;0.998;0.9152;0.9119;0.0885;0.6822;0.6693;0.004;0.0161;0.001;0.0045;0.0161;0.0036;0;0;0.088;0.5109;0;0;0;0;0;0;0;0;0;0;0;0;0.013;0.0013;0.6096;0.6096;0;25.415;25.415;10.745;0.049;572.2;1065.4;1;0.0107;0.0107;0;0;0;0;0;0;0.5989;0.5109;0;16.805;19.459;14.083;16.308;98.239;98.239;5.7533;5.1411;4.3084;0.6122;0.8327;0.1064;0.1447;0.7489;130.69;0.7061;0
15/07/21 14:00;23.588;37.358;46.756;35.738;54.262;90;54.262;219.61;187.5;32.11;15.73;3.1999;0;54.974;139.5;19.469;0;5.937;219.88;0;219.88;54.974;19.469;139.5;5.937;0.25;0.6614;0;0.027;199.16;20.719;0;0;15.158;5.5603;193.73;5.0334;0.5945;0.2105;4.2119;0.0164;198.76;0.3983;0.1099;0.0389;0.2487;0.0008;195.98;54.27;19.219;119.88;0.3596;126.77;109.78;29.945;16.33;1.8062;25.981;2.25;11.457;0;1;0;0;1.0012;0.9058;1;1;0.8913;0.0635;0.9747;0.9892;1;0.9661;0.9564;0.998;0.998;1;0.998;0.998;0.8811;0.8594;0.0606;0.6258;0.6128;0.0037;0.0166;0.0005;0.0041;0.0147;0.0048;0;0;0.088;0.4574;0;0;0;0;0;0;0;0;0;0;0;0;0.0118;0.0011;0.5554;0.5554;0;25.226;25.226;9.4962;0.049;523.11;1061.7;1;0.01;0.01;0;0;0;0;0;0;0.5454;0.4574;0;16.691;19.328;13.747;15.919;98.208;98.208;5.2771;4.6837;3.8576;0.5934;0.8261;0.1124;0.1565;0.731;113.84;0.6716;0
15/07/21 15:00;15.168;49.174;50.613;19.71;35.17;90;35.17;220.8;113.5;107.3;16;2.2499;0;260.23;71.173;85.322;0;2.6201;419.34;0;419.34;260.23;85.322;71.173;2.6201;0.6206;0.176;0;0.0062;412.93;6.4143;0;0;4.0604;2.354;405.28;6.8175;3.4772;1.1401;2.1631;0.0371;412.1;0.8259;0.5205;0.1706;0.1342;0.0005;405.62;256.23;84.011;64.815;0.2285;49.427;42.804;10.791;1.865;0.4691;6.7477;0.3384;5.3518;0;1;0;0;1.8992;0.9847;1;1;0.943;0.1016;0.9835;0.9866;1;0.9677;0.8603;0.998;0.998;1;0.998;0.998;0.9665;0.9107;0.0872;1.1934;1.174;0.0071;0.0097;0.0456;0.0078;0.0276;0.0012;0;0;0.088;0.9445;0;0;0;0;0;0;0;0;0;0;0;0;0.0222;0.0036;1.0493;1.0493;0;35.94;35.94;19.94;0.0492;1010.5;1038.4;1;0.0168;0.0168;0;0;0;0;0;0;1.0325;0.9445;0;16.534;19.146;14.883;17.235;98.402;98.402;10.064;8.8486;7.9651;1.2156;0.8835;0.1208;0.0878;0.7914;48.729;0.782;0
15/07/21 16:00;5.3947;58.98;76.82;6.2882;9.1168;90;9.1168;43.504;42.3;1.2038;14.99;2.3899;0;2.9196;41.626;0.9928;0;0.0357;45.574;0;45.574;2.9196;0.9928;41.626;0.0357;0.0641;0.9142;0;0.0008;45.286;0.288;0;0;0.2583;0.0297;42.603;2.5921;0.6577;0.2237;1.7094;0.0013;45.195;0.0906;0.0058;0.002;0.0827;0;42.609;2.2561;0.7672;39.575;0.0046;24.908;21.571;5.0922;0.0084;0.1983;2.8526;0.0056;3.0425;0;1;0;0;1.0476;0.9937;1;1;0.9938;0.1678;0.9426;0.7743;1;0.9586;0.7751;0.998;0.998;1;0.998;0.998;0.9348;0.9507;0.1298;0.1297;0.1276;0.0008;0.0124;-0.0037;0.0008;0.0029;0.0005;0;0;0.088;0.0185;0;0;0;0;0;0;0;0;0;0;0;0;0.0024;0.0001;0.1114;0.1114;0;17.097;17.097;2.1074;0.0495;107.59;1035.8;1;0.0049;0.0049;0;0;0;0;0;0;0.1065;0.0185;0;16.159;18.712;2.6838;3.1077;95.572;95.572;1.0938;0.9398;0.1561;0.1539;0.7837;0.1408;0.7165;0.1427;24.9;0.1363;0
15/07/21 17:00;0;0;90;0;0;90;0;0;0;0;10.97;2.5499;0;0;0;0;0;0;0;0;0;0;0;0;0;1;1;1;1;0;0;0;0;0;0;0;0;0;0;0;0;0;0;0;0;0;0;0;0;0;0;0;0;0;0;0;0;0;0;0;0;0;0;0;1;1;1;1;1;1;1;1;1;1;1;1;1;1;1;1;1;1;1;0;0;0;0;0;0;0;0;0;0.0004;0.088;-0.0884;0;0;0;0;0;0;0;0;0;0;0;0;0;0;0;0;0;0;0;-10.97;0;0;0;0;0.0004;0;0;0;0;0;0;0;-0.0004;-0.0884;0;0;0;0;0;0;0;0;0;-0.7452;0;0.7452;1;1;0;0;0;0
15/07/21 18:00;0;0;90;0;0;90;0;0;0;0;10.8;2.7801;0;0;0;0;0;0;0;0;0;0;0;0;0;1;1;1;1;0;0;0;0;0;0;0;0;0;0;0;0;0;0;0;0;0;0;0;0;0;0;0;0;0;0;0;0;0;0;0;0;0;0;0;1;1;1;1;1;1;1;1;1;1;1;1;1;1;1;1;1;1;1;0;0;0;0;0;0;0;0;0;0.0004;0.088;-0.0884;0;0;0;0;0;0;0;0;0;0;0;0;0;0;0;0;0;0;0;-10.8;0;0;0;0;0.0004;0;0;0;0;0;0;0;-0.0004;-0.0884;0;0;0;0;0;0;0;0;0;-0.7452;0;0.7452;1;1;0;0;0;0
15/07/21 19:00;0;0;90;0;0;90;0;0;0;0;11.08;2.8699;0;0;0;0;0;0;0;0;0;0;0;0;0;1;1;1;1;0;0;0;0;0;0;0;0;0;0;0;0;0;0;0;0;0;0;0;0;0;0;0;0;0;0;0;0;0;0;0;0;0;0;0;1;1;1;1;1;1;1;1;1;1;1;1;1;1;1;1;1;1;1;0;0;0;0;0;0;0;0;0;0.0004;0.088;-0.0884;0;0;0;0;0;0;0;0;0;0;0;0;0;0;0;0;0;0;0;-11.08;0;0;0;0;0.0004;0;0;0;0;0;0;0;-0.0004;-0.0884;0;0;0;0;0;0;0;0;0;-0.7452;0;0.7452;1;1;0;0;0;0
15/07/21 20:00;0;0;90;0;0;90;0;0;0;0;9.9202;2.83;0;0;0;0;0;0;0;0;0;0;0;0;0;1;1;1;1;0;0;0;0;0;0;0;0;0;0;0;0;0;0;0;0;0;0;0;0;0;0;0;0;0;0;0;0;0;0;0;0;0;0;0;1;1;1;1;1;1;1;1;1;1;1;1;1;1;1;1;1;1;1;0;0;0;0;0;0;0;0;0;0.0004;0.088;-0.0884;0;0;0;0;0;0;0;0;0;0;0;0;0;0;0;0;0;0;0;-9.9202;0;0;0;0;0.0004;0;0;0;0;0;0;0;-0.0004;-0.0884;0;0;0;0;0;0;0;0;0;-0.7452;0;0.7452;1;1;0;0;0;0
15/07/21 21:00;0;0;90;0;0;90;0;0;0;0;9.0301;2.84;0;0;0;0;0;0;0;0;0;0;0;0;0;1;1;1;1;0;0;0;0;0;0;0;0;0;0;0;0;0;0;0;0;0;0;0;0;0;0;0;0;0;0;0;0;0;0;0;0;0;0;0;1;1;1;1;1;1;1;1;1;1;1;1;1;1;1;1;1;1;1;0;0;0;0;0;0;0;0;0;0.0004;0.088;-0.0884;0;0;0;0;0;0;0;0;0;0;0;0;0;0;0;0;0;0;0;-9.0301;0;0;0;0;0.0004;0;0;0;0;0;0;0;-0.0004;-0.0884;0;0;0;0;0;0;0;0;0;-0.7452;0;0.7452;1;1;0;0;0;0
15/07/21 22:00;0;0;90;0;0;90;0;0;0;0;9.3399;2.91;0;0;0;0;0;0;0;0;0;0;0;0;0;1;1;1;1;0;0;0;0;0;0;0;0;0;0;0;0;0;0;0;0;0;0;0;0;0;0;0;0;0;0;0;0;0;0;0;0;0;0;0;1;1;1;1;1;1;1;1;1;1;1;1;1;1;1;1;1;1;1;0;0;0;0;0;0;0;0;0;0.0004;0.088;-0.0884;0;0;0;0;0;0;0;0;0;0;0;0;0;0;0;0;0;0;0;-9.3399;0;0;0;0;0.0004;0;0;0;0;0;0;0;-0.0004;-0.0884;0;0;0;0;0;0;0;0;0;-0.7452;0;0.7452;1;1;0;0;0;0
15/07/21 23:00;0;0;90;0;0;90;0;0;0;0;9.2003;3.14;0;0;0;0;0;0;0;0;0;0;0;0;0;1;1;1;1;0;0;0;0;0;0;0;0;0;0;0;0;0;0;0;0;0;0;0;0;0;0;0;0;0;0;0;0;0;0;0;0;0;0;0;1;1;1;1;1;1;1;1;1;1;1;1;1;1;1;1;1;1;1;0;0;0;0;0;0;0;0;0;0.0004;0.088;-0.0884;0;0;0;0;0;0;0;0;0;0;0;0;0;0;0;0;0;0;0;-9.2003;0;0;0;0;0.0004;0;0;0;0;0;0;0;-0.0004;-0.0884;0;0;0;0;0;0;0;0;0;-0.7452;0;0.7452;1;1;0;0;0;0
16/07/21 00:00;0;0;90;0;0;90;0;0;0;0;8.8699;3.05;0;0;0;0;0;0;0;0;0;0;0;0;0;1;1;1;1;0;0;0;0;0;0;0;0;0;0;0;0;0;0;0;0;0;0;0;0;0;0;0;0;0;0;0;0;0;0;0;0;0;0;0;1;1;1;1;1;1;1;1;1;1;1;1;1;1;1;1;1;1;1;0;0;0;0;0;0;0;0;0;0.0004;0.088;-0.0884;0;0;0;0;0;0;0;0;0;0;0;0;0;0;0;0;0;0;0;-8.8699;0;0;0;0;0.0004;0;0;0;0;0;0;0;-0.0004;-0.0884;0;0;0;0;0;0;0;0;0;-0.7452;0;0.7452;1;1;0;0;0;0
16/07/21 01:00;0;0;90;0;0;90;0;0;0;0;8.84;3.0201;0;0;0;0;0;0;0;0;0;0;0;0;0;1;1;1;1;0;0;0;0;0;0;0;0;0;0;0;0;0;0;0;0;0;0;0;0;0;0;0;0;0;0;0;0;0;0;0;0;0;0;0;1;1;1;1;1;1;1;1;1;1;1;1;1;1;1;1;1;1;1;0;0;0;0;0;0;0;0;0;0.0004;0.088;-0.0884;0;0;0;0;0;0;0;0;0;0;0;0;0;0;0;0;0;0;0;-8.84;0;0;0;0;0.0004;0;0;0;0;0;0;0;-0.0004;-0.0884;0;0;0;0;0;0;0;0;0;-0.7452;0;0.7452;1;1;0;0;0;0
16/07/21 02:00;0;0;90;0;0;90;0;0;0;0;8.4797;3.4299;0;0;0;0;0;0;0;0;0;0;0;0;0;1;1;1;1;0;0;0;0;0;0;0;0;0;0;0;0;0;0;0;0;0;0;0;0;0;0;0;0;0;0;0;0;0;0;0;0;0;0;0;1;1;1;1;1;1;1;1;1;1;1;1;1;1;1;1;1;1;1;0;0;0;0;0;0;0;0;0;0.0004;0.088;-0.0884;0;0;0;0;0;0;0;0;0;0;0;0;0;0;0;0;0;0;0;-8.4797;0;0;0;0;0.0004;0;0;0;0;0;0;0;-0.0004;-0.0884;0;0;0;0;0;0;0;0;0;-0.7452;0;0.7452;1;1;0;0;0;0
16/07/21 03:00;0;0;90;0;0;90;0;0;0;0;7.68;4.09;0;0;0;0;0;0;0;0;0;0;0;0;0;1;1;1;1;0;0;0;0;0;0;0;0;0;0;0;0;0;0;0;0;0;0;0;0;0;0;0;0;0;0;0;0;0;0;0;0;0;0;0;1;1;1;1;1;1;1;1;1;1;1;1;1;1;1;1;1;1;1;0;0;0;0;0;0;0;0;0;0.0004;0.088;-0.0884;0;0;0;0;0;0;0;0;0;0;0;0;0;0;0;0;0;0;0;-7.68;0;0;0;0;0.0004;0;0;0;0;0;0;0;-0.0004;-0.0884;0;0;0;0;0;0;0;0;0;-0.7452;0;0.7452;1;1;0;0;0;0
16/07/21 04:00;0;0;90;0;0;90;0;0;0;0;8.9198;4.97;0;0;0;0;0;0;0;0;0;0;0;0;0;1;1;1;1;0;0;0;0;0;0;0;0;0;0;0;0;0;0;0;0;0;0;0;0;0;0;0;0;0;0;0;0;0;0;0;0;0;0;0;1;1;1;1;1;1;1;1;1;1;1;1;1;1;1;1;1;1;1;0;0;0;0;0;0;0;0;0;0.0004;0.088;-0.0884;0;0;0;0;0;0;0;0;0;0;0;0;0;0;0;0;0;0;0;-8.9198;0;0;0;0;0.0004;0;0;0;0;0;0;0;-0.0004;-0.0884;0;0;0;0;0;0;0;0;0;-0.7452;0;0.7452;1;1;0;0;0;0
16/07/21 05:00;0;0;90;0;0;90;0;0;0;0;9.6902;5.1701;0;0;0;0;0;0;0;0;0;0;0;0;0;1;1;1;1;0;0;0;0;0;0;0;0;0;0;0;0;0;0;0;0;0;0;0;0;0;0;0;0;0;0;0;0;0;0;0;0;0;0;0;1;1;1;1;1;1;1;1;1;1;1;1;1;1;1;1;1;1;1;0;0;0;0;0;0;0;0;0;0.0004;0.088;-0.0884;0;0;0;0;0;0;0;0;0;0;0;0;0;0;0;0;0;0;0;-9.6902;0;0;0;0;0.0004;0;0;0;0;0;0;0;-0.0004;-0.0884;0;0;0;0;0;0;0;0;0;-0.7452;0;0.7452;1;1;0;0;0;0
16/07/21 06:00;0;0;90;0;0;90;0;0;0;0;9.3;3.8901;0;0;0;0;0;0;0;0;0;0;0;0;0;1;1;1;1;0;0;0;0;0;0;0;0;0;0;0;0;0;0;0;0;0;0;0;0;0;0;0;0;0;0;0;0;0;0;0;0;0;0;0;1;1;1;1;1;1;1;1;1;1;1;1;1;1;1;1;1;1;1;0;0;0;0;0;0;0;0;0;0.0004;0.088;-0.0884;0;0;0;0;0;0;0;0;0;0;0;0;0;0;0;0;0;0;0;-9.3;0;0;0;0;0.0004;0;0;0;0;0;0;0;-0.0004;-0.0884;0;0;0;0;0;0;0;0;0;-0.7452;0;0.7452;1;1;0;0;0;0
16/07/21 07:00;4.8658;-59.659;78.128;5.6334;8.1395;-90;-8.1395;61.69;13.803;47.887;8.6997;4.43;0;116.14;7.8742;14.282;0;0.0404;138.34;0;138.34;116.14;14.282;7.8742;0.0404;0.8395;0.0572;0;0.0003;138.26;0.0739;0;0;0.0403;0.0336;103.74;34.25;30.205;3.7145;0.3282;0.0015;137.99;0.2765;0.2323;0.0286;0.0157;0;103.74;85.702;10.539;7.49;0.0053;4.964;4.2988;1.0459;0.001;0.0375;0.5388;0.0008;0.5753;0;1;0;0;2.2424;0.9995;1;1;0.9949;0.169;0.7518;0.7394;1;0.958;0.7758;0.998;0.998;1;0.998;0.998;0.7499;0.9512;0.1308;0.3937;0.2979;0.0018;0.0165;-0.0121;0.002;0.0072;0.0001;0;0;0.088;0.1809;0;0;0;0;0;0;0;0;0;0;0;0;0.0058;0.0004;0.2762;0.2762;0;13.765;13.765;5.0653;0.0488;254.04;1087.1;1;0.0073;0.0073;0;0;0;0;0;0;0.2689;0.1809;0;13.191;15.275;8.6404;10.005;97.366;97.366;3.3201;2.3289;1.5254;0.9912;0.8035;0.2985;0.242;0.4595;4.7005;0.4581;0
16/07/21 08:00;14.255;-50.469;53.33;18.232;31.126;-90;-31.126;77.591;74.701;2.89;9.3399;5.86;0;7.009;68.709;1.6069;0;0.7261;78.051;0;78.051;7.009;1.6069;68.709;0.7261;0.0898;0.8896;0;0.0093;74.192;3.8591;0;0;3.2223;0.6369;71.755;2.2885;0.1217;0.0279;2.1239;0.0149;74.044;0.1484;0.014;0.0032;0.131;0.0002;71.982;6.8732;1.5757;63.232;0.0741;45.662;39.543;9.9037;1.182;0.4024;5.7884;0.2272;5.0088;0;1;0;0;1.0059;0.9506;1;1;0.9531;0.1229;0.9691;0.9826;1;0.9675;0.8322;0.998;0.998;1;0.998;0.998;0.9193;0.9203;0.1021;0.2221;0.2175;0.0013;0.0152;-0.0096;0.0015;0.0052;0.0011;0;0;0.088;0.1039;0;0;0;0;0;0;0;0;0;0;0;0;0.0042;0.0002;0.1985;0.1985;0;12.855;12.855;3.5147;0.049;184.5;1075.9;1;0.0066;0.0066;0;0;0;0;0;0;0.1919;0.1039;0;16.805;19.46;8.7947;10.184;96.668;96.668;1.8732;1.6739;0.876;0.1993;0.7979;0.1064;0.4259;0.4677;45.644;0.4431;0
16/07/21 09:00;22.89;-38.864;45.834;33.936;56.064;-90;-56.064;139.59;133.3;6.296;9.7201;7.8999;0;11.278;102.59;2.9207;0;4.0081;120.79;0;120.79;11.278;2.9207;102.59;4.0081;0.0934;0.8825;0;0.0332;105.41;15.384;0;0;11.648;3.7354;101.92;3.2754;0.1159;0.03;3.1169;0.0127;105.2;0.2108;0.0226;0.0058;0.1819;0.0005;103.6;11.139;2.8848;87.64;0.2595;87.496;75.771;21.044;13.474;1.3653;19.64;1.6752;7.531;0;1;0;0;0.8653;0.8726;1;1;0.8865;0.068;0.9689;0.9897;1;0.9657;0.9535;0.998;0.998;1;0.998;0.998;0.8438;0.8543;0.0647;0.3438;0.3357;0.002;0.0169;-0.0125;0.0023;0.0082;0.0037;0;0;0.088;0.2127;0;0;0;0;0;0;0;0;0;0;0;0;0.0066;0.0004;0.3082;0.3082;0;14.702;14.702;4.9816;0.0489;285;1081.5;1;0.0075;0.0075;0;0;0;0;0;0;0.3007;0.2127;0;16.861;19.525;11.635;13.473;97.555;97.555;2.899;2.5993;1.7936;0.2998;0.8057;0.1034;0.2779;0.6187;85.395;0.5516;0
16/07/21 10:00;29.404;-25.074;52.1;53.058;36.942;-90;-36.942;359.1;180.3;178.8;10.62;8.5;0;223.72;117.56;62.087;0;4.6861;408.05;0;408.05;223.72;62.087;117.56;4.6861;0.5483;0.2996;0;0.0115;396.61;11.442;0;0;7.2192;4.2228;387.83;7.9896;3.426;0.9508;3.557;0.0558;395.82;0.7932;0.4474;0.1242;0.2207;0.0009;389.29;219.84;61.012;106.56;0.4066;192.79;166.96;42.403;3.6464;1.5734;22.633;1.4606;20.56;0;1;0;0;1.1363;0.972;1;1;0.9386;0.0989;0.9798;0.9847;1;0.9677;0.8794;0.998;0.998;1;0.998;0.998;0.9504;0.9065;0.0868;1.1613;1.1591;0.007;0.0099;0.0189;0.0079;0.0279;0.0042;0;0;0.088;0.9522;0;0;0;0;0;0;0;0;0;0;0;0;0.0225;0.0035;1.0575;1.0575;0;29.606;29.606;18.986;0.049;994.61;1063.2;1;0.0172;0.0172;0;0;0;0;0;0;1.0402;0.9522;0;17.125;19.83;15.42;17.856;98.369;98.369;9.7932;8.9178;8.0303;0.8754;0.8875;0.0894;0.0906;0.82;81.631;0.7873;0
16/07/21 11:00;33.043;-9.2794;55.822;76.077;13.923;-90;-13.923;142.9;140.4;2.4927;10.81;8.5;0;2.5682;137.86;0.4997;0;0.2729;141.2;0;141.2;2.5682;0.4997;137.86;0.2729;0.0182;0.9783;0;0.0019;139.24;1.9586;0;0;1.732;0.2266;133.67;5.2962;0.0589;0.0115;5.2156;0.0104;138.97;0.2785;0.0051;0.001;0.2723;0.0001;133.73;2.5042;0.4873;130.64;0.0359;85.302;73.872;17.757;0.1366;0.6655;9.5733;0.0585;10.102;0;1;0;0;0.9882;0.9861;1;1;0.9874;0.1697;0.9619;0.977;1;0.9616;0.7758;0.998;0.998;1;0.998;0.998;0.9466;0.9476;0.1314;0.4019;0.4018;0.0024;0.0172;-0.0111;0.0028;0.0098;0.0018;0;0;0.088;0.2744;0;0;0;0;0;0;0;0;0;0;0;0;0.0079;0.0006;0.3705;0.3705;0;17.34;17.34;6.5305;0.0489;342.79;1081;1;0.0082;0.0082;0;0;0;0;0;0;0.3624;0.2744;0;17.34;20.08;12.839;14.867;97.79;97.79;3.3889;3.1248;2.3137;0.2641;0.8112;0.0779;0.2394;0.6827;83.583;0.6497;0
16/07/21 12:00;33.243;7.4241;56.032;78.848;11.152;90;11.152;318.61;249.6;69.008;9.5998;8.55;0;70.336;223.72;24.202;0;0.3911;318.65;0;318.65;70.336;24.202;223.72;0.3911;0.2207;0.7033;0;0.0012;316.39;2.2679;0;0;1.9425;0.3254;304.63;11.124;1.6519;0.5684;8.8889;0.0148;315.75;0.6328;0.1407;0.0484;0.4436;0.0001;304.71;68.544;23.585;212.45;0.0508;188.47;163.22;39.096;0.0983;1.466;21.088;0.0771;22.456;0;1;0;0;1.0001;0.9929;1;1;0.9913;0.1679;0.9648;0.9765;1;0.9598;0.7748;0.998;0.998;1;0.998;0.998;0.956;0.9496;0.1298;0.9069;0.914;0.0055;0.0133;-0.0017;0.0063;0.0223;0.0039;0;0;0.088;0.742;0;0;0;0;0;0;0;0;0;0;0;0;0.0179;0.0023;0.8442;0.8442;0;24.472;24.472;14.872;0.0488;781.9;1079.7;1;0.0142;0.0142;0;0;0;0;0;0;0.83;0.742;0;17.507;20.272;15.387;17.818;98.316;98.316;7.6477;7.1194;6.2574;0.5283;0.862;0.0691;0.1127;0.8182;134.51;0.7796;0
16/07/21 13:00;29.968;23.392;52.665;55.451;34.549;90;34.549;281.3;230.8;50.495;10.13;8.72;0;61.308;194.37;21.407;0;3.2246;280.31;0;280.31;61.308;21.407;194.37;3.2246;0.2187;0.7049;0;0.0115;266.64;13.672;0;0;10.783;2.8888;258.8;7.3086;0.9934;0.3469;5.9197;0.0486;266.11;0.5333;0.1226;0.0428;0.3672;0.0007;259.87;60.192;21.017;177.3;0.2866;166.63;144.3;36.6;4.7899;1.4696;21.14;1.0665;17.819;0;1;0;0;0.9965;0.9512;1;1;0.9445;0.1042;0.9725;0.9838;1;0.9677;0.8551;0.998;0.998;1;0.998;0.998;0.9233;0.9122;0.0889;0.7977;0.7858;0.0047;0.0149;-0.0062;0.0054;0.0192;0.0039;0;0;0.088;0.6261;0;0;0;0;0;0;0;0;0;0;0;0;0.0154;0.0017;0.7267;0.7267;0;22.761;22.761;12.631;0.0488;671.97;1081.5;1;0.0126;0.0126;0;0;0;0;0;0;0.7141;0.6261;0;17.131;19.837;14.76;17.092;98.271;98.271;6.7275;6.1284;5.2803;0.5991;0.8481;0.0891;0.1261;0.7849;132.44;0.7429;0
16/07/21 14:00;23.74;37.431;46.627;35.889;54.111;90;54.111;84.604;83.502;1.1023;10.46;8.47;0;1.8804;66.089;0.2947;0;2.2755;70.54;0;70.54;1.8804;0.2947;66.089;2.2755;0.0267;0.9692;0;0.0323;61.256;9.2836;0;0;7.1526;2.1311;59.109;2.0242;0.0202;0.0032;1.9946;0.0062;61.134;0.1225;0.0038;0.0006;0.1179;0.0003;60.063;1.8565;0.291;56.824;0.1379;54.226;46.96;13.008;7.6612;0.8036;11.559;0.9538;4.7013;0;1;0;0;0.8338;0.8684;1;1;0.8918;0.0635;0.9669;0.9892;1;0.9661;0.9567;0.998;0.998;1;0.998;0.998;0.838;0.8598;0.0606;0.2008;0.195;0.0012;0.0146;-0.0083;0.0013;0.0047;0.0021;0;0;0.088;0.0811;0;0;0;0;0;0;0;0;0;0;0;0;0.0037;0.0002;0.1755;0.1755;0;13.363;13.363;2.9029;0.0491;164.65;1065.7;1;0.0063;0.0063;0;0;0;0;0;0;0.1691;0.0811;0;16.438;19.035;7.5996;8.8002;96.383;96.383;1.693;1.4798;0.6841;0.2132;0.7956;0.1259;0.47;0.4041;53.843;0.36;0
16/07/21 15:00;15.306;49.268;50.192;19.858;35.614;90;35.614;36.901;36.599;0.3019;9.5001;7.77;0;0.7322;33.147;0.0767;0;0.4486;34.405;0;34.405;0.7322;0.0767;33.147;0.4486;0.0213;0.9765;0;0.013;32.073;2.3325;0;0;1.9286;0.4039;30.986;1.0226;0.0094;0.001;1.0061;0.0061;32.008;0.0641;0.0015;0.0002;0.0624;0.0001;31.141;0.7213;0.0756;30.15;0.0386;22.776;19.724;5.0336;0.9066;0.2152;3.096;0.1553;2.4046;0;1;0;0;0.9324;0.9322;1;1;0.9418;0.0997;0.9681;0.9871;1;0.9677;0.8642;0.998;0.998;1;0.998;0.998;0.9006;0.9096;0.086;0.0979;0.0953;0.0006;0.0108;-0.0049;0.0006;0.0022;0.0005;0;0;0.088;-0.0087;0;0;0;0;0;0;0;0;0;0;0;0;0.0018;0.0001;0.0835;0.0835;0;11.032;11.032;1.5316;0.0494;79.669;1048.4;1;0.0043;0.0043;0;0;0;0;0;0;0.0793;-0.0087;0;16.042;18.576;-1.678;-1.9431;94.898;94.898;0.8257;0.7044;-0.0737;0.1213;0.778;0.147;0.9423;0;22.774;0;0
16/07/21 16:00;5.3453;59.242;76.942;6.2139;9.0053;90;9.0053;51.298;48.898;2.3995;9.06;6.71;0;5.8195;47.651;2.3084;0;0.0411;55.82;0;55.82;5.8195;2.3084;47.651;0.0411;0.1043;0.8544;0;0.0007;55.496;0.3239;0;0;0.2897;0.0342;51.568;3.8174;1.3286;0.527;1.9602;0.0015;55.385;0.111;0.0116;0.0046;0.0947;0;51.574;4.4792;1.7768;45.306;0.0053;28.514;24.693;5.8296;0.0092;0.227;3.2649;0.0062;3.4827;0;1;0;0;1.0882;0.9942;1;1;0.9939;0.1677;0.9311;0.7712;1;0.9585;0.7751;0.998;0.998;1;0.998;0.998;0.9238;0.9508;0.1298;0.1589;0.1541;0.0009;0.0134;-0.0076;0.001;0.0037;0.0006;0;0;0.088;0.045;0;0;0;0;0;0;0;0;0;0;0;0;0.0029;0.0001;0.139;0.139;0;11.593;11.593;2.5329;0.0491;130.15;1067.7;1;0.006;0.006;0;0;0;0;0;0;0.133;0.045;0;16.451;19.05;5.3244;6.1655;95.688;95.688;1.3397;1.1719;0.3793;0.1677;0.7926;0.1252;0.5917;0.2831;28.498;0.2712;0
16/07/21 17:00;0;0;90;0;0;90;0;0;0;0;9.2003;5.68;0;0;0;0;0;0;0;0;0;0;0;0;0;1;1;1;1;0;0;0;0;0;0;0;0;0;0;0;0;0;0;0;0;0;0;0;0;0;0;0;0;0;0;0;0;0;0;0;0;0;0;0;1;1;1;1;1;1;1;1;1;1;1;1;1;1;1;1;1;1;1;0;0;0;0;0;0;0;0;0;0.0004;0.088;-0.0884;0;0;0;0;0;0;0;0;0;0;0;0;0;0;0;0;0;0;0;-9.2003;0;0;0;0;0.0004;0;0;0;0;0;0;0;-0.0004;-0.0884;0;0;0;0;0;0;0;0;0;-0.7452;0;0.7452;1;1;0;0;0;0
16/07/21 18:00;0;0;90;0;0;90;0;0;0;0;9.2501;5.93;0;0;0;0;0;0;0;0;0;0;0;0;0;1;1;1;1;0;0;0;0;0;0;0;0;0;0;0;0;0;0;0;0;0;0;0;0;0;0;0;0;0;0;0;0;0;0;0;0;0;0;0;1;1;1;1;1;1;1;1;1;1;1;1;1;1;1;1;1;1;1;0;0;0;0;0;0;0;0;0;0.0004;0.088;-0.0884;0;0;0;0;0;0;0;0;0;0;0;0;0;0;0;0;0;0;0;-9.2501;0;0;0;0;0.0004;0;0;0;0;0;0;0;-0.0004;-0.0884;0;0;0;0;0;0;0;0;0;-0.7452;0;0.7452;1;1;0;0;0;0
16/07/21 19:00;0;0;90;0;0;90;0;0;0;0;9.3;6.1;0;0;0;0;0;0;0;0;0;0;0;0;0;1;1;1;1;0;0;0;0;0;0;0;0;0;0;0;0;0;0;0;0;0;0;0;0;0;0;0;0;0;0;0;0;0;0;0;0;0;0;0;1;1;1;1;1;1;1;1;1;1;1;1;1;1;1;1;1;1;1;0;0;0;0;0;0;0;0;0;0.0004;0.088;-0.0884;0;0;0;0;0;0;0;0;0;0;0;0;0;0;0;0;0;0;0;-9.3;0;0;0;0;0.0004;0;0;0;0;0;0;0;-0.0004;-0.0884;0;0;0;0;0;0;0;0;0;-0.7452;0;0.7452;1;1;0;0;0;0
16/07/21 20:00;0;0;90;0;0;90;0;0;0;0;8.9902;7.6401;0;0;0;0;0;0;0;0;0;0;0;0;0;1;1;1;1;0;0;0;0;0;0;0;0;0;0;0;0;0;0;0;0;0;0;0;0;0;0;0;0;0;0;0;0;0;0;0;0;0;0;0;1;1;1;1;1;1;1;1;1;1;1;1;1;1;1;1;1;1;1;0;0;0;0;0;0;0;0;0;0.0004;0.088;-0.0884;0;0;0;0;0;0;0;0;0;0;0;0;0;0;0;0;0;0;0;-8.9902;0;0;0;0;0.0004;0;0;0;0;0;0;0;-0.0004;-0.0884;0;0;0;0;0;0;0;0;0;-0.7452;0;0.7452;1;1;0;0;0;0
16/07/21 21:00;0;0;90;0;0;90;0;0;0;0;9.7401;6.87;0;0;0;0;0;0;0;0;0;0;0;0;0;1;1;1;1;0;0;0;0;0;0;0;0;0;0;0;0;0;0;0;0;0;0;0;0;0;0;0;0;0;0;0;0;0;0;0;0;0;0;0;1;1;1;1;1;1;1;1;1;1;1;1;1;1;1;1;1;1;1;0;0;0;0;0;0;0;0;0;0.0004;0.088;-0.0884;0;0;0;0;0;0;0;0;0;0;0;0;0;0;0;0;0;0;0;-9.7401;0;0;0;0;0.0004;0;0;0;0;0;0;0;-0.0004;-0.0884;0;0;0;0;0;0;0;0;0;-0.7452;0;0.7452;1;1;0;0;0;0
16/07/21 22:00;0;0;90;0;0;90;0;0;0;0;9.9003;5.8801;0;0;0;0;0;0;0;0;0;0;0;0;0;1;1;1;1;0;0;0;0;0;0;0;0;0;0;0;0;0;0;0;0;0;0;0;0;0;0;0;0;0;0;0;0;0;0;0;0;0;0;0;1;1;1;1;1;1;1;1;1;1;1;1;1;1;1;1;1;1;1;0;0;0;0;0;0;0;0;0;0.0004;0.088;-0.0884;0;0;0;0;0;0;0;0;0;0;0;0;0;0;0;0;0;0;0;-9.9003;0;0;0;0;0.0004;0;0;0;0;0;0;0;-0.0004;-0.0884;0;0;0;0;0;0;0;0;0;-0.7452;0;0.7452;1;1;0;0;0;0
16/07/21 23:00;0;0;90;0;0;90;0;0;0;0;9.2103;5.46;0;0;0;0;0;0;0;0;0;0;0;0;0;1;1;1;1;0;0;0;0;0;0;0;0;0;0;0;0;0;0;0;0;0;0;0;0;0;0;0;0;0;0;0;0;0;0;0;0;0;0;0;1;1;1;1;1;1;1;1;1;1;1;1;1;1;1;1;1;1;1;0;0;0;0;0;0;0;0;0;0.0004;0.088;-0.0884;0;0;0;0;0;0;0;0;0;0;0;0;0;0;0;0;0;0;0;-9.2103;0;0;0;0;0.0004;0;0;0;0;0;0;0;-0.0004;-0.0884;0;0;0;0;0;0;0;0;0;-0.7452;0;0.7452;1;1;0;0;0;0
17/07/21 00:00;0;0;90;0;0;90;0;0;0;0;8.8998;7.36;0;0;0;0;0;0;0;0;0;0;0;0;0;1;1;1;1;0;0;0;0;0;0;0;0;0;0;0;0;0;0;0;0;0;0;0;0;0;0;0;0;0;0;0;0;0;0;0;0;0;0;0;1;1;1;1;1;1;1;1;1;1;1;1;1;1;1;1;1;1;1;0;0;0;0;0;0;0;0;0;0.0004;0.088;-0.0884;0;0;0;0;0;0;0;0;0;0;0;0;0;0;0;0;0;0;0;-8.8998;0;0;0;0;0.0004;0;0;0;0;0;0;0;-0.0004;-0.0884;0;0;0;0;0;0;0;0;0;-0.7452;0;0.7452;1;1;0;0;0;0
17/07/21 01:00;0;0;90;0;0;90;0;0;0;0;8.84;8.55;0;0;0;0;0;0;0;0;0;0;0;0;0;1;1;1;1;0;0;0;0;0;0;0;0;0;0;0;0;0;0;0;0;0;0;0;0;0;0;0;0;0;0;0;0;0;0;0;0;0;0;0;1;1;1;1;1;1;1;1;1;1;1;1;1;1;1;1;1;1;1;0;0;0;0;0;0;0;0;0;0.0004;0.088;-0.0884;0;0;0;0;0;0;0;0;0;0;0;0;0;0;0;0;0;0;0;-8.84;0;0;0;0;0.0004;0;0;0;0;0;0;0;-0.0004;-0.0884;0;0;0;0;0;0;0;0;0;-0.7452;0;0.7452;1;1;0;0;0;0
17/07/21 02:00;0;0;90;0;0;90;0;0;0;0;7.6301;8.3699;0;0;0;0;0;0;0;0;0;0;0;0;0;1;1;1;1;0;0;0;0;0;0;0;0;0;0;0;0;0;0;0;0;0;0;0;0;0;0;0;0;0;0;0;0;0;0;0;0;0;0;0;1;1;1;1;1;1;1;1;1;1;1;1;1;1;1;1;1;1;1;0;0;0;0;0;0;0;0;0;0.0004;0.088;-0.0884;0;0;0;0;0;0;0;0;0;0;0;0;0;0;0;0;0;0;0;-7.6301;0;0;0;0;0.0004;0;0;0;0;0;0;0;-0.0004;-0.0884;0;0;0;0;0;0;0;0;0;-0.7452;0;0.7452;1;1;0;0;0;0
17/07/21 03:00;0;0;90;0;0;90;0;0;0;0;7.6999;7.9601;0;0;0;0;0;0;0;0;0;0;0;0;0;1;1;1;1;0;0;0;0;0;0;0;0;0;0;0;0;0;0;0;0;0;0;0;0;0;0;0;0;0;0;0;0;0;0;0;0;0;0;0;1;1;1;1;1;1;1;1;1;1;1;1;1;1;1;1;1;1;1;0;0;0;0;0;0;0;0;0;0.0004;0.088;-0.0884;0;0;0;0;0;0;0;0;0;0;0;0;0;0;0;0;0;0;0;-7.6999;0;0;0;0;0.0004;0;0;0;0;0;0;0;-0.0004;-0.0884;0;0;0;0;0;0;0;0;0;-0.7452;0;0.7452;1;1;0;0;0;0
17/07/21 04:00;0;0;90;0;0;90;0;0;0;0;7.45;7.4099;0;0;0;0;0;0;0;0;0;0;0;0;0;1;1;1;1;0;0;0;0;0;0;0;0;0;0;0;0;0;0;0;0;0;0;0;0;0;0;0;0;0;0;0;0;0;0;0;0;0;0;0;1;1;1;1;1;1;1;1;1;1;1;1;1;1;1;1;1;1;1;0;0;0;0;0;0;0;0;0;0.0004;0.088;-0.0884;0;0;0;0;0;0;0;0;0;0;0;0;0;0;0;0;0;0;0;-7.45;0;0;0;0;0.0004;0;0;0;0;0;0;0;-0.0004;-0.0884;0;0;0;0;0;0;0;0;0;-0.7452;0;0.7452;1;1;0;0;0;0
17/07/21 05:00;0;0;90;0;0;90;0;0;0;0;7.4998;7.4099;0;0;0;0;0;0;0;0;0;0;0;0;0;1;1;1;1;0;0;0;0;0;0;0;0;0;0;0;0;0;0;0;0;0;0;0;0;0;0;0;0;0;0;0;0;0;0;0;0;0;0;0;1;1;1;1;1;1;1;1;1;1;1;1;1;1;1;1;1;1;1;0;0;0;0;0;0;0;0;0;0.0004;0.088;-0.0884;0;0;0;0;0;0;0;0;0;0;0;0;0;0;0;0;0;0;0;-7.4998;0;0;0;0;0.0004;0;0;0;0;0;0;0;-0.0004;-0.0884;0;0;0;0;0;0;0;0;0;-0.7452;0;0.7452;1;1;0;0;0;0
17/07/21 06:00;0;0;90;0;0;90;0;0;0;0;7.2399;7.5501;0;0;0;0;0;0;0;0;0;0;0;0;0;1;1;1;1;0;0;0;0;0;0;0;0;0;0;0;0;0;0;0;0;0;0;0;0;0;0;0;0;0;0;0;0;0;0;0;0;0;0;0;1;1;1;1;1;1;1;1;1;1;1;1;1;1;1;1;1;1;1;0;0;0;0;0;0;0;0;0;0.0004;0.088;-0.0884;0;0;0;0;0;0;0;0;0;0;0;0;0;0;0;0;0;0;0;-7.2399;0;0;0;0;0.0004;0;0;0;0;0;0;0;-0.0004;-0.0884;0;0;0;0;0;0;0;0;0;-0.7452;0;0.7452;1;1;0;0;0;0
17/07/21 07:00;4.7827;-59.955;78.334;5.5207;7.9723;-90;-7.9723;40.007;30.1;9.9068;6.9002;7.8199;0;24.027;27.265;6.5541;0;0.0251;57.871;0;57.871;24.027;6.5541;27.265;0.0251;0.4152;0.4716;0;0.0004;57.715;0.1558;0;0;0.1349;0.0209;48.324;9.2765;6.3926;1.7438;1.1391;0.0009;57.6;0.1154;0.0481;0.0131;0.0543;0;48.326;17.586;4.7972;25.937;0.0033;16.332;14.144;3.3104;0.0032;0.1317;1.895;0.0025;2.0236;0;1;0;0;1.4465;0.9973;1;1;0.9951;0.1689;0.839;0.7334;1;0.9579;0.7759;0.998;0.998;1;0.998;0.998;0.835;0.9513;0.1308;0.1647;0.1421;0.0009;0.013;-0.0082;0.001;0.0034;0.0003;0;0;0.088;0.0351;0;0;0;0;0;0;0;0;0;0;0;0;0.0027;0.0001;0.1289;0.1289;0;9.271;9.271;2.3708;0.0491;119.86;1075.3;1;0.0058;0.0058;0;0;0;0;0;0;0.1231;0.0351;0;14.716;17.04;4.0088;4.6422;95.525;95.525;1.3889;1.0868;0.2961;0.3021;0.7908;0.2175;0.5693;0.2132;16.271;0.2081;0
17/07/21 08:00;14.365;-50.605;53.008;18.335;31.389;-90;-31.389;82.397;78.699;3.6978;6.9501;8.18;0;8.9682;72.119;2.1496;0;0.7838;84.021;0;84.021;8.9682;2.1496;72.119;0.7838;0.1067;0.8677;0;0.0093;79.905;4.1159;0;0;3.4276;0.6883;77.316;2.4289;0.1505;0.0361;2.2264;0.0158;79.745;0.1598;0.0179;0.0043;0.1374;0.0002;77.56;8.7997;2.1092;66.328;0.0795;48.021;41.586;10.427;1.2772;0.4247;6.1085;0.2437;5.256;0;1;0;0;1.0197;0.951;1;1;0.9525;0.1218;0.9695;0.9832;1;0.9675;0.834;0.998;0.998;1;0.998;0.998;0.9202;0.9197;0.1014;0.2391;0.2341;0.0014;0.0155;-0.0122;0.0016;0.0057;0.0011;0;0;0.088;0.1212;0;0;0;0;0;0;0;0;0;0;0;0;0.0046;0.0002;0.2161;0.2161;0;10.727;10.727;3.7772;0.0489;198.63;1088;1;0.0069;0.0069;0;0;0;0;0;0;0.2092;0.1212;0;16.996;19.681;9.5352;11.042;96.825;96.825;2.0165;1.8224;1.0224;0.1941;0.8;0.0962;0.3967;0.507;47.999;0.4809;0
17/07/21 09:00;23.02;-38.986;45.676;34.033;55.967;-90;-55.967;185.21;160;25.208;6.9102;8.9001;0;45.041;118.7;13.925;0;5.3009;182.96;0;182.96;45.041;13.925;118.7;5.3009;0.2462;0.6777;0;0.029;164.58;18.384;0;0;13.444;4.9402;160.03;4.2222;0.4587;0.1418;3.6051;0.0166;164.25;0.3292;0.0901;0.0278;0.2105;0.0007;162.07;44.493;13.755;101.44;0.3433;107.51;93.1;25.673;15.495;1.6206;23.312;2.0427;9.4368;0;1;0;0;0.9879;0.8995;1;1;0.8867;0.068;0.9743;0.9898;1;0.9657;0.9538;0.998;0.998;1;0.998;0.998;0.8746;0.8546;0.0648;0.5207;0.5104;0.0031;0.0171;-0.0188;0.0036;0.0126;0.0044;0;0;0.088;0.3799;0;0;0;0;0;0;0;0;0;0;0;0;0.0102;0.0008;0.4774;0.4774;0;14.698;14.698;7.7881;0.0487;434.77;1097.9;1;0.0095;0.0095;0;0;0;0;0;0;0.4679;0.3799;0;17.24;19.964;13.719;15.887;98.013;98.013;4.3911;4.0256;3.2035;0.3655;0.8221;0.0832;0.1872;0.7295;98.698;0.666;0
17/07/21 10:00;29.553;-25.171;51.934;53.126;36.874;-90;-36.874;229.49;203.9;25.59;7.4998;9.02;0;31.99;176.31;9.9925;0;2.9841;221.28;0;221.28;31.99;9.9925;176.31;2.9841;0.1446;0.8103;0;0.0135;207.8;13.484;0;0;10.796;2.6883;201.38;6.0039;0.482;0.1506;5.3355;0.0358;207.38;0.4156;0.064;0.02;0.331;0.0006;202.41;31.444;9.8219;159.85;0.2594;138.72;120.13;30.76;5.4332;1.2985;18.678;1.0295;14.544;0;1;0;0;0.9642;0.9391;1;1;0.9388;0.0991;0.971;0.9849;1;0.9677;0.8787;0.998;0.998;1;0.998;0.998;0.9101;0.9066;0.0869;0.6297;0.6165;0.0037;0.0166;-0.0169;0.0043;0.0152;0.0035;0;0;0.088;0.4781;0;0;0;0;0;0;0;0;0;0;0;0;0.0123;0.0011;0.5767;0.5767;0;17.303;17.303;9.8028;0.0487;526.52;1095.3;1;0.0106;0.0106;0;0;0;0;0;0;0.5661;0.4781;0;17.222;19.942;14.278;16.534;98.167;98.167;5.3107;4.8634;4.0321;0.4473;0.8313;0.0842;0.1565;0.7592;122.36;0.7141;0
17/07/21 11:00;33.208;-9.3349;55.65;76.082;13.918;-90;-13.918;169.5;165.6;3.9015;8.36;8.7501;0;4.0195;162.29;0.9183;0;0.3234;167.55;0;167.55;4.0195;0.9183;162.29;0.3234;0.024;0.9705;0;0.0019;165.25;2.3063;0;0;2.0377;0.2686;158.65;6.2635;0.0903;0.0206;6.1403;0.0123;164.92;0.3305;0.008;0.0018;0.3205;0.0001;158.72;3.9211;0.8958;153.79;0.0425;101.16;87.604;20.84;0.1606;0.8033;11.555;0.0709;12.197;0;1;0;0;0.9885;0.9862;1;1;0.9874;0.1697;0.962;0.9775;1;0.9616;0.7758;0.998;0.998;1;0.998;0.998;0.9469;0.9476;0.1314;0.4768;0.4773;0.0029;0.0172;-0.0153;0.0033;0.0117;0.0022;0;0;0.088;0.3479;0;0;0;0;0;0;0;0;0;0;0;0;0.0094;0.0008;0.445;0.445;0;16.091;16.091;7.7308;0.0487;407.42;1092.3;1;0.0091;0.0091;0;0;0;0;0;0;0.4359;0.3479;0;17.551;20.323;13.722;15.889;97.958;97.958;4.0213;3.7529;2.9341;0.2684;0.8188;0.0667;0.2036;0.7296;98.392;0.6938;0
17/07/21 12:00;33.414;7.4202;55.866;78.924;11.076;90;11.076;93.903;92.801;1.1014;7.2599;8.34;0;1.1223;91.798;0.1429;0;0.1137;93.177;0;93.177;1.1223;0.1429;91.798;0.1137;0.012;0.9864;0;0.0012;92.295;0.8825;0;0;0.7879;0.0946;88.425;3.6854;0.0259;0.0033;3.652;0.0043;92.11;0.1846;0.0022;0.0003;0.182;0;88.446;1.0942;0.1393;87.176;0.0148;55.902;48.411;11.54;0.0393;0.4391;6.3168;0.0214;6.7166;0;1;0;0;0.9923;0.9905;1;1;0.9914;0.1679;0.96;0.9769;1;0.9598;0.7748;0.998;0.998;1;0.998;0.998;0.949;0.9497;0.1298;0.2652;0.2657;0.0016;0.0161;-0.013;0.0018;0.0065;0.0012;0;0;0.088;0.1509;0;0;0;0;0;0;0;0;0;0;0;0;0.0052;0.0003;0.246;0.246;0;11.577;11.577;4.3168;0.0488;225.77;1089.5;1;0.0071;0.0071;0;0;0;0;0;0;0.2389;0.1509;0;17.445;20.201;10.702;12.392;97.119;97.119;2.2363;2.0745;1.2726;0.1618;0.8019;0.0723;0.3586;0.5691;55.179;0.5416;0
17/07/21 13:00;30.135;23.436;52.514;55.583;34.417;90;34.417;65.5;64.903;0.5962;6.5;8.0301;0;0.7228;59.169;0.0706;0;0.7453;60.708;0;60.708;0.7228;0.0706;59.169;0.7453;0.0119;0.9869;0;0.0123;56.778;3.9299;0;0;3.2627;0.6672;54.838;1.8269;0.0115;0.0011;1.8029;0.0114;56.665;0.1136;0.0014;0.0001;0.1118;0.0002;55.091;0.7098;0.0693;53.992;0.0665;40.604;35.163;8.9625;1.4389;0.3729;5.3643;0.2536;4.2983;0;1;0;0;0.9268;0.9353;1;1;0.9449;0.1047;0.9678;0.984;1;0.9677;0.854;0.998;0.998;1;0.998;0.998;0.9033;0.9125;0.0892;0.1728;0.1684;0.001;0.0139;-0.0097;0.0011;0.0041;0.001;0;0;0.088;0.0593;0;0;0;0;0;0;0;0;0;0;0;0;0.0033;0.0002;0.1536;0.1536;0;9.1861;9.1861;2.6861;0.049;142.14;1080.7;1;0.0063;0.0063;0;0;0;0;0;0;0.1473;0.0593;0;16.72;19.361;6.4502;7.4692;95.868;95.868;1.457;1.2954;0.4997;0.1616;0.7956;0.1109;0.5461;0.343;40.275;0.3217;0
17/07/21 14:00;23.895;37.509;46.491;36.041;53.959;90;53.959;97.595;96.101;1.4941;7.0298;7.44;0;2.5395;76.108;0.4552;0;2.6113;81.714;0;81.714;2.5395;0.4552;76.108;2.6113;0.0311;0.9634;0;0.032;71.066;10.649;0;0;8.2034;2.4454;68.588;2.335;0.0271;0.0049;2.296;0.0071;70.924;0.1421;0.0051;0.0009;0.1358;0.0003;69.678;2.5073;0.4495;65.473;0.1585;62.439;54.072;14.976;8.736;0.9199;13.232;1.09;5.4156;0;1;0;0;0.8373;0.8697;1;1;0.8922;0.0635;0.9671;0.9893;1;0.9661;0.9569;0.998;0.998;1;0.998;0.998;0.8394;0.8603;0.0607;0.2326;0.2259;0.0014;0.0153;-0.012;0.0015;0.0055;0.0025;0;0;0.088;0.1122;0;0;0;0;0;0;0;0;0;0;0;0;0.0044;0.0002;0.207;0.207;0;10.384;10.384;3.3543;0.0489;190.89;1084.4;1;0.0068;0.0068;0;0;0;0;0;0;0.2002;0.1122;0;16.74;19.385;9.077;10.511;96.734;96.734;1.9611;1.7457;0.9466;0.2154;0.7991;0.1098;0.4075;0.4827;61.905;0.4305;0
17/07/21 15:00;15.448;49.367;49.759;20.009;36.074;90;36.074;40.905;40.497;0.4086;7.2997;7.04;0;0.991;36.572;0.1138;0;0.5098;38.187;0;38.187;0.991;0.1138;36.572;0.5098;0.026;0.9711;0;0.0134;35.556;2.6308;0;0;2.1709;0.4599;34.356;1.129;0.0125;0.0014;1.1085;0.0066;35.485;0.0711;0.002;0.0002;0.0688;0.0001;34.533;0.9765;0.1122;33.224;0.0432;25.221;21.841;5.5851;1.0452;0.2403;3.4566;0.1771;2.6516;0;1;0;0;0.9335;0.9311;1;1;0.9406;0.0979;0.9682;0.9874;1;0.9677;0.8683;0.998;0.998;1;0.998;0.998;0.8997;0.9084;0.0848;0.1087;0.1057;0.0006;0.0114;-0.0062;0.0007;0.0025;0.0006;0;0;0.088;0.0014;0;0;0;0;0;0;0;0;0;0;0;0;0.002;0.0001;0.094;0.094;0;8.9925;8.9925;1.6928;0.0493;88.534;1061.8;1;0.0046;0.0046;0;0;0;0;0;0;0.0894;0.0014;0;16.267;18.837;0.2362;0.2735;95.062;95.062;0.9165;0.7928;0.0115;0.1237;0.7813;0.135;0.8525;0.0126;25.218;0.0118;0
17/07/21 16:00;5.4738;59.356;76.623;6.3556;9.218;90;9.218;11.604;11.601;0.0025;7.6999;6.72;0;0.006;11.526;0.0006;0;0.0097;11.542;0;11.542;0.006;0.0006;11.526;0.0097;0.0005;0.9994;0;0.0008;11.461;0.0809;0;0;0.0728;0.0081;10.964;0.4744;0.0013;0.0001;0.4726;0.0004;11.438;0.0229;0;0;0.0229;0;10.966;0.0047;0.0004;10.958;0.0013;6.8963;5.9722;1.4098;0.0024;0.0549;0.79;0.0016;0.8425;0;1;0;0;0.9947;0.993;1;1;0.9937;0.1678;0.9585;0.779;1;0.9587;0.775;0.998;0.998;1;0.998;0.998;0.9499;0.9507;0.1298;0.0328;0.033;0.0002;0.0063;-0.0019;0.0002;0.0007;0.0001;0;0;0.088;-0.0639;0;0;0;0;0;0;0;0;0;0;0;0;0.0006;0;0.0267;0.0267;0;8.2508;8.2508;0.5509;0.0502;26.386;1012.9;1;0.0026;0.0026;0;0;0;0;0;0;0.0241;-0.0639;0;15.301;17.718;-36.58;-42.359;90.19;90.19;0.277;0.2254;-0.5388;0.0516;0.7642;0.1864;2.7588;0;6.8963;0;0
17/07/21 17:00;0.079;63.817;89.921;0;0;90;0;0;0;0;7.9997;6.59;0;0;0;0;0;0;0;0;0;0;0;0;0;1;1;1;1;0;0;0;0;0;0;0;0;0;0;0;0;0;0;0;0;0;0;0;0;0;0;0;0;0;0;0;0;0;0;0;0;0;0;0;1;1;1;1;1;1;1;1;1;1;1;1;1;1;1;1;1;1;1;0;0;0;0;0;0;0;0;0;0.0004;0.088;-0.0884;0;0;0;0;0;0;0;0;0;0;0;0;0;0;0;0;0;0;0;-7.9997;0;0;0;0;0.0004;0;0;0;0;0;0;0;-0.0004;-0.0884;0;0;0;0;0;0;0;0;0;-0.7452;0;0.7452;1;1;0;0;0;0
17/07/21 18:00;0;0;90;0;0;90;0;0;0;0;8.6798;6.7799;0;0;0;0;0;0;0;0;0;0;0;0;0;1;1;1;1;0;0;0;0;0;0;0;0;0;0;0;0;0;0;0;0;0;0;0;0;0;0;0;0;0;0;0;0;0;0;0;0;0;0;0;1;1;1;1;1;1;1;1;1;1;1;1;1;1;1;1;1;1;1;0;0;0;0;0;0;0;0;0;0.0004;0.088;-0.0884;0;0;0;0;0;0;0;0;0;0;0;0;0;0;0;0;0;0;0;-8.6798;0;0;0;0;0.0004;0;0;0;0;0;0;0;-0.0004;-0.0884;0;0;0;0;0;0;0;0;0;-0.7452;0;0.7452;1;1;0;0;0;0
17/07/21 19:00;0;0;90;0;0;90;0;0;0;0;8.8998;7.4701;0;0;0;0;0;0;0;0;0;0;0;0;0;1;1;1;1;0;0;0;0;0;0;0;0;0;0;0;0;0;0;0;0;0;0;0;0;0;0;0;0;0;0;0;0;0;0;0;0;0;0;0;1;1;1;1;1;1;1;1;1;1;1;1;1;1;1;1;1;1;1;0;0;0;0;0;0;0;0;0;0.0004;0.088;-0.0884;0;0;0;0;0;0;0;0;0;0;0;0;0;0;0;0;0;0;0;-8.8998;0;0;0;0;0.0004;0;0;0;0;0;0;0;-0.0004;-0.0884;0;0;0;0;0;0;0;0;0;-0.7452;0;0.7452;1;1;0;0;0;0
17/07/21 20:00;0;0;90;0;0;90;0;0;0;0;8.8799;7.35;0;0;0;0;0;0;0;0;0;0;0;0;0;1;1;1;1;0;0;0;0;0;0;0;0;0;0;0;0;0;0;0;0;0;0;0;0;0;0;0;0;0;0;0;0;0;0;0;0;0;0;0;1;1;1;1;1;1;1;1;1;1;1;1;1;1;1;1;1;1;1;0;0;0;0;0;0;0;0;0;0.0004;0.088;-0.0884;0;0;0;0;0;0;0;0;0;0;0;0;0;0;0;0;0;0;0;-8.8799;0;0;0;0;0.0004;0;0;0;0;0;0;0;-0.0004;-0.0884;0;0;0;0;0;0;0;0;0;-0.7452;0;0.7452;1;1;0;0;0;0
17/07/21 21:00;0;0;90;0;0;90;0;0;0;0;9.3299;7.21;0;0;0;0;0;0;0;0;0;0;0;0;0;1;1;1;1;0;0;0;0;0;0;0;0;0;0;0;0;0;0;0;0;0;0;0;0;0;0;0;0;0;0;0;0;0;0;0;0;0;0;0;1;1;1;1;1;1;1;1;1;1;1;1;1;1;1;1;1;1;1;0;0;0;0;0;0;0;0;0;0.0004;0.088;-0.0884;0;0;0;0;0;0;0;0;0;0;0;0;0;0;0;0;0;0;0;-9.3299;0;0;0;0;0.0004;0;0;0;0;0;0;0;-0.0004;-0.0884;0;0;0;0;0;0;0;0;0;-0.7452;0;0.7452;1;1;0;0;0;0
17/07/21 22:00;0;0;90;0;0;90;0;0;0;0;9.29;6.9399;0;0;0;0;0;0;0;0;0;0;0;0;0;1;1;1;1;0;0;0;0;0;0;0;0;0;0;0;0;0;0;0;0;0;0;0;0;0;0;0;0;0;0;0;0;0;0;0;0;0;0;0;1;1;1;1;1;1;1;1;1;1;1;1;1;1;1;1;1;1;1;0;0;0;0;0;0;0;0;0;0.0004;0.088;-0.0884;0;0;0;0;0;0;0;0;0;0;0;0;0;0;0;0;0;0;0;-9.29;0;0;0;0;0.0004;0;0;0;0;0;0;0;-0.0004;-0.0884;0;0;0;0;0;0;0;0;0;-0.7452;0;0.7452;1;1;0;0;0;0
17/07/21 23:00;0;0;90;0;0;90;0;0;0;0;9.1099;6.6801;0;0;0;0;0;0;0;0;0;0;0;0;0;1;1;1;1;0;0;0;0;0;0;0;0;0;0;0;0;0;0;0;0;0;0;0;0;0;0;0;0;0;0;0;0;0;0;0;0;0;0;0;1;1;1;1;1;1;1;1;1;1;1;1;1;1;1;1;1;1;1;0;0;0;0;0;0;0;0;0;0.0004;0.088;-0.0884;0;0;0;0;0;0;0;0;0;0;0;0;0;0;0;0;0;0;0;-9.1099;0;0;0;0;0.0004;0;0;0;0;0;0;0;-0.0004;-0.0884;0;0;0;0;0;0;0;0;0;-0.7452;0;0.7452;1;1;0;0;0;0
18/07/21 00:00;0;0;90;0;0;90;0;0;0;0;9.06;6.2999;0;0;0;0;0;0;0;0;0;0;0;0;0;1;1;1;1;0;0;0;0;0;0;0;0;0;0;0;0;0;0;0;0;0;0;0;0;0;0;0;0;0;0;0;0;0;0;0;0;0;0;0;1;1;1;1;1;1;1;1;1;1;1;1;1;1;1;1;1;1;1;0;0;0;0;0;0;0;0;0;0.0004;0.088;-0.0884;0;0;0;0;0;0;0;0;0;0;0;0;0;0;0;0;0;0;0;-9.06;0;0;0;0;0.0004;0;0;0;0;0;0;0;-0.0004;-0.0884;0;0;0;0;0;0;0;0;0;-0.7452;0;0.7452;1;1;0;0;0;0
18/07/21 01:00;0;0;90;0;0;90;0;0;0;0;8.8998;5.8299;0;0;0;0;0;0;0;0;0;0;0;0;0;1;1;1;1;0;0;0;0;0;0;0;0;0;0;0;0;0;0;0;0;0;0;0;0;0;0;0;0;0;0;0;0;0;0;0;0;0;0;0;1;1;1;1;1;1;1;1;1;1;1;1;1;1;1;1;1;1;1;0;0;0;0;0;0;0;0;0;0.0004;0.088;-0.0884;0;0;0;0;0;0;0;0;0;0;0;0;0;0;0;0;0;0;0;-8.8998;0;0;0;0;0.0004;0;0;0;0;0;0;0;-0.0004;-0.0884;0;0;0;0;0;0;0;0;0;-0.7452;0;0.7452;1;1;0;0;0;0
18/07/21 02:00;0;0;90;0;0;90;0;0;0;0;8.7802;5.5099;0;0;0;0;0;0;0;0;0;0;0;0;0;1;1;1;1;0;0;0;0;0;0;0;0;0;0;0;0;0;0;0;0;0;0;0;0;0;0;0;0;0;0;0;0;0;0;0;0;0;0;0;1;1;1;1;1;1;1;1;1;1;1;1;1;1;1;1;1;1;1;0;0;0;0;0;0;0;0;0;0.0004;0.088;-0.0884;0;0;0;0;0;0;0;0;0;0;0;0;0;0;0;0;0;0;0;-8.7802;0;0;0;0;0.0004;0;0;0;0;0;0;0;-0.0004;-0.0884;0;0;0;0;0;0;0;0;0;-0.7452;0;0.7452;1;1;0;0;0;0
18/07/21 03:00;0;0;90;0;0;90;0;0;0;0;8.2603;4.82;0;0;0;0;0;0;0;0;0;0;0;0;0;1;1;1;1;0;0;0;0;0;0;0;0;0;0;0;0;0;0;0;0;0;0;0;0;0;0;0;0;0;0;0;0;0;0;0;0;0;0;0;1;1;1;1;1;1;1;1;1;1;1;1;1;1;1;1;1;1;1;0;0;0;0;0;0;0;0;0;0.0004;0.088;-0.0884;0;0;0;0;0;0;0;0;0;0;0;0;0;0;0;0;0;0;0;-8.2603;0;0;0;0;0.0004;0;0;0;0;0;0;0;-0.0004;-0.0884;0;0;0;0;0;0;0;0;0;-0.7452;0;0.7452;1;1;0;0;0;0
18/07/21 04:00;0;0;90;0;0;90;0;0;0;0;8.1001;4.3801;0;0;0;0;0;0;0;0;0;0;0;0;0;1;1;1;1;0;0;0;0;0;0;0;0;0;0;0;0;0;0;0;0;0;0;0;0;0;0;0;0;0;0;0;0;0;0;0;0;0;0;0;1;1;1;1;1;1;1;1;1;1;1;1;1;1;1;1;1;1;1;0;0;0;0;0;0;0;0;0;0.0004;0.088;-0.0884;0;0;0;0;0;0;0;0;0;0;0;0;0;0;0;0;0;0;0;-8.1001;0;0;0;0;0.0004;0;0;0;0;0;0;0;-0.0004;-0.0884;0;0;0;0;0;0;0;0;0;-0.7452;0;0.7452;1;1;0;0;0;0
18/07/21 05:00;0;0;90;0;0;90;0;0;0;0;7.4599;4.01;0;0;0;0;0;0;0;0;0;0;0;0;0;1;1;1;1;0;0;0;0;0;0;0;0;0;0;0;0;0;0;0;0;0;0;0;0;0;0;0;0;0;0;0;0;0;0;0;0;0;0;0;1;1;1;1;1;1;1;1;1;1;1;1;1;1;1;1;1;1;1;0;0;0;0;0;0;0;0;0;0.0004;0.088;-0.0884;0;0;0;0;0;0;0;0;0;0;0;0;0;0;0;0;0;0;0;-7.4599;0;0;0;0;0.0004;0;0;0;0;0;0;0;-0.0004;-0.0884;0;0;0;0;0;0;0;0;0;-0.7452;0;0.7452;1;1;0;0;0;0
18/07/21 06:00;0;0;90;0;0;90;0;0;0;0;7.1801;3.77;0;0;0;0;0;0;0;0;0;0;0;0;0;1;1;1;1;0;0;0;0;0;0;0;0;0;0;0;0;0;0;0;0;0;0;0;0;0;0;0;0;0;0;0;0;0;0;0;0;0;0;0;1;1;1;1;1;1;1;1;1;1;1;1;1;1;1;1;1;1;1;0;0;0;0;0;0;0;0;0;0.0004;0.088;-0.0884;0;0;0;0;0;0;0;0;0;0;0;0;0;0;0;0;0;0;0;-7.1801;0;0;0;0;0.0004;0;0;0;0;0;0;0;-0.0004;-0.0884;0;0;0;0;0;0;0;0;0;-0.7452;0;0.7452;1;1;0;0;0;0
18/07/21 07:00;4.8813;-60.103;78.09;5.6261;8.1286;-90;-8.1286;15.901;15.599;0.3024;7.0398;3.9701;0;0.7335;15.479;0.1016;0;0.0104;16.324;0;16.324;0.7335;0.1016;15.479;0.0104;0.0449;0.9488;0;0.0006;16.236;0.0877;0;0;0.0791;0.0086;15.342;0.8619;0.19;0.0263;0.6452;0.0004;16.204;0.0325;0.0015;0.0002;0.0308;0;15.344;0.5421;0.0751;14.724;0.0014;9.2415;8.0032;1.8874;0.002;0.0736;1.0591;0.0015;1.1308;0;1;0;0;1.0266;0.9946;1;1;0.9949;0.169;0.9468;0.7405;1;0.958;0.7758;0.998;0.998;1;0.998;0.998;0.9398;0.9512;0.1308;0.0465;0.046;0.0003;0.0075;-0.0028;0.0003;0.001;0.0002;0;0;0.088;-0.0523;0;0;0;0;0;0;0;0;0;0;0;0;0.0008;0;0.0387;0.0387;0;7.805;7.805;0.7652;0.0499;37.535;1030.8;1;0.003;0.003;0;0;0;0;0;0;0.0357;-0.0523;0;15.662;18.137;-21.162;-24.505;92.322;92.322;0.3918;0.3263;-0.4409;0.0655;0.7672;0.1671;1.9582;0;9.2398;0;0
18/07/21 08:00;14.48;-50.744;52.669;18.444;31.669;-90;-31.669;47.391;46.696;0.6945;6.9002;4.09;0;1.6844;43.129;0.2376;0;0.4587;45.51;0;45.51;1.6844;0.2376;43.129;0.4587;0.037;0.9578;0;0.0101;43.028;2.4822;0;0;2.0788;0.4034;41.572;1.3699;0.0273;0.0039;1.3297;0.0091;42.942;0.0861;0.0034;0.0005;0.0821;0.0001;41.721;1.6537;0.2333;39.639;0.0462;28.766;24.912;6.2524;0.7876;0.2554;3.6744;0.1491;3.1423;0;1;0;0;0.9603;0.9455;1;1;0.9518;0.1206;0.9681;0.9838;1;0.9675;0.836;0.998;0.998;1;0.998;0.998;0.9135;0.9191;0.1006;0.1295;0.1267;0.0008;0.0123;-0.0074;0.0008;0.003;0.0007;0;0;0.088;0.0207;0;0;0;0;0;0;0;0;0;0;0;0;0.0024;0.0001;0.114;0.114;0;8.9431;8.9431;2.0429;0.0491;106.53;1070.2;1;0.0053;0.0053;0;0;0;0;0;0;0.1087;0.0207;0;16.554;19.169;3.0093;3.4848;95.365;95.365;1.0922;0.9615;0.1748;0.1308;0.7867;0.1197;0.7202;0.16;28.762;0.1509;0
18/07/21 09:00;23.155;-39.11;45.515;34.136;55.864;-90;-55.864;121.09;117.9;3.1959;7.2;4.18;0;5.6953;91.464;1.2901;0;3.4542;101.9;0;101.9;5.6953;1.2901;91.464;3.4542;0.0559;0.9315;0;0.0339;88.353;13.551;0;0;10.332;3.2192;85.318;2.8582;0.0575;0.013;2.777;0.0108;88.176;0.1767;0.0114;0.0026;0.1623;0.0005;86.76;5.6264;1.2745;78.193;0.2238;77.022;66.701;18.669;11.863;1.1927;17.156;1.442;6.4856;0;1;0;0;0.8415;0.867;1;1;0.887;0.068;0.9676;0.9899;1;0.9657;0.9541;0.998;0.998;1;0.998;0.998;0.8372;0.8549;0.0648;0.29;0.2826;0.0017;0.0163;-0.014;0.0019;0.0069;0.0032;0;0;0.088;0.1654;0;0;0;0;0;0;0;0;0;0;0;0;0.0056;0.0003;0.2606;0.2606;0;11.366;11.366;4.1659;0.0488;239.34;1088.7;1;0.0072;0.0072;0;0;0;0;0;0;0.2534;0.1654;0;16.897;19.567;10.725;12.42;97.244;97.244;2.4457;2.1975;1.3948;0.2482;0.8027;0.1015;0.3282;0.5703;75.968;0.5065;0
18/07/21 10:00;29.708;-25.268;51.763;53.199;36.801;-90;-36.801;173;166.8;6.201;7.6102;4.3999;0;7.7442;148.76;1.9691;0;2.2408;160.71;0;160.71;7.7442;1.9691;148.76;2.2408;0.0482;0.9396;0;0.0139;149.61;11.098;0;0;9.0804;2.018;144.64;4.6736;0.1148;0.0292;4.5025;0.0271;149.32;0.2992;0.0155;0.0039;0.2794;0.0004;145.43;7.6139;1.936;134.9;0.1952;106.97;92.634;23.747;4.5527;1.0231;14.717;0.7878;11.187;0;1;0;0;0.929;0.9309;1;1;0.939;0.0994;0.9687;0.9851;1;0.9677;0.878;0.998;0.998;1;0.998;0.998;0.9;0.9068;0.0871;0.4574;0.4456;0.0027;0.0173;-0.0166;0.0031;0.011;0.0028;0;0;0.088;0.319;0;0;0;0;0;0;0;0;0;0;0;0;0.0088;0.0007;0.4158;0.4158;0;14.656;14.656;7.0455;0.0487;379.81;1094.8;1;0.0088;0.0088;0;0;0;0;0;0;0.407;0.319;0;17.097;19.798;13.117;15.189;97.882;97.882;3.8571;3.5066;2.6903;0.3505;0.8164;0.0909;0.2117;0.6975;103.18;0.6527;0
18/07/21 11:00;33.379;-9.3895;55.473;76.092;13.908;-90;-13.908;325.99;245.3;80.696;8.61;4.36;0;83.134;214.92;28.002;0;0.6212;326.68;0;326.68;83.134;28.002;214.92;0.6212;0.2545;0.6598;0;0.0019;323.46;3.2111;0;0;2.6954;0.5158;312.21;10.604;1.8307;0.6167;8.1329;0.0236;322.82;0.6469;0.1663;0.056;0.4244;0.0002;312.35;81.137;27.33;203.67;0.0816;192.57;166.77;40.28;0.2122;1.4836;21.341;0.138;22.612;0;1;0;0;1.0021;0.9902;1;1;0.9875;0.1697;0.9672;0.9779;1;0.9616;0.7758;0.998;0.998;1;0.998;0.998;0.9557;0.9476;0.1314;0.9297;0.9364;0.0056;0.013;-0.0038;0.0065;0.0229;0.004;0;0;0.088;0.7648;0;0;0;0;0;0;0;0;0;0;0;0;0.0184;0.0024;0.8675;0.8675;0;23.842;23.842;15.232;0.0488;801.03;1082.9;1;0.0146;0.0146;0;0;0;0;0;0;0.8528;0.7648;0;17.547;20.319;15.471;17.915;98.315;98.315;7.8402;7.3153;6.45;0.5249;0.8654;0.0669;0.1104;0.8227;130.29;0.7843;0
18/07/21 12:00;33.591;7.4192;55.694;78.998;11.002;90;11.002;355.49;248;107.49;10.19;4.27;0;109.51;209.65;37.083;0;0.4247;356.67;0;356.67;109.51;37.083;209.65;0.4247;0.307;0.589;0;0.0012;354.53;2.1329;0;0;1.7795;0.3534;342.15;11.678;2.4733;0.8376;8.3509;0.016;353.82;0.7091;0.219;0.0742;0.4157;0.0001;342.23;106.81;36.171;199.11;0.0551;209.74;181.64;43.714;0.0876;1.6167;23.256;0.084;24.786;0;1;0;0;1.0033;0.994;1;1;0.9915;0.1679;0.967;0.9774;1;0.9597;0.7748;0.998;0.998;1;0.998;0.998;0.9593;0.9497;0.1298;1.015;1.0257;0.0062;0.0118;0.007;0.007;0.0248;0.0043;0;0;0.088;0.8382;0;0;0;0;0;0;0;0;0;0;0;0;0.02;0.0028;0.9418;0.9418;0;26.915;26.915;16.725;0.0489;878.53;1072;1;0.0156;0.0156;0;0;0;0;0;0;0.9262;0.8382;0;17.449;20.206;15.53;17.983;98.343;98.343;8.56;7.9425;7.0687;0.6175;0.8738;0.0721;0.1021;0.8258;126;0.7874;0
18/07/21 13:00;30.307;23.484;52.356;55.716;34.284;90;34.284;197.4;189;8.3952;10.84;4.12;0;10.161;170.41;2.8749;0;2.2293;185.68;0;185.68;10.161;2.8749;170.41;2.2293;0.0547;0.9298;0;0.012;174.34;11.335;0;0;9.34;1.9947;168.56;5.4341;0.1596;0.0452;5.1949;0.0345;174;0.3487;0.0203;0.0057;0.3221;0.0005;169.32;9.9807;2.824;155.56;0.1997;121.3;105.05;26.674;4.0897;1.107;15.924;0.7567;12.941;0;1;0;0;0.9406;0.939;1;1;0.9452;0.1053;0.9688;0.9843;1;0.9677;0.8529;0.998;0.998;1;0.998;0.998;0.9078;0.9128;0.0896;0.5284;0.5163;0.0031;0.0171;-0.011;0.0035;0.0126;0.003;0;0;0.088;0.3797;0;0;0;0;0;0;0;0;0;0;0;0;0.0101;0.0009;0.477;0.477;0;19.07;19.07;8.2298;0.0488;440.81;1082;1;0.0093;0.0093;0;0;0;0;0;0;0.4677;0.3797;0;16.975;19.656;13.511;15.646;98.045;98.045;4.4563;4.0224;3.2016;0.4339;0.8208;0.0974;0.1842;0.7185;115.88;0.6751;0
18/07/21 14:00;24.055;37.592;46.349;36.194;53.806;90;53.806;156.39;150.8;5.5944;11.24;3.8201;0;9.4737;118.68;2.6479;0;4.1626;134.97;0;134.97;9.4737;2.6479;118.68;4.1626;0.0702;0.9102;0;0.0308;118.33;16.638;0;0;12.74;3.898;114.37;3.7183;0.1002;0.028;3.5788;0.0113;118.09;0.2367;0.0189;0.0053;0.2119;0.0005;116.1;9.3545;2.6146;102.15;0.2528;98.56;85.353;23.474;13.487;1.4431;20.759;1.7241;8.7144;0;1;0;0;0.863;0.8767;1;1;0.8927;0.0636;0.9685;0.9894;1;0.9662;0.9571;0.998;0.998;1;0.998;0.998;0.8474;0.8607;0.0607;0.3841;0.3737;0.0023;0.0171;-0.011;0.0026;0.0091;0.0039;0;0;0.088;0.2463;0;0;0;0;0;0;0;0;0;0;0;0;0.0073;0.0005;0.3421;0.3421;0;16.833;16.833;5.5937;0.0489;317.7;1076.9;1;0.0078;0.0078;0;0;0;0;0;0;0.3343;0.2463;0;16.751;19.397;12.058;13.963;97.706;97.706;3.2392;2.8852;2.0769;0.3539;0.8083;0.1093;0.2495;0.6412;96.376;0.575;0
18/07/21 15:00;15.593;49.473;49.313;20.161;36.549;90;36.549;149.91;131.1;18.805;11.19;2.7001;0;45.608;111.97;16.805;0;1.9161;176.29;0;176.29;45.608;16.805;111.97;1.9161;0.2587;0.646;0;0.0109;167.78;8.5156;0;0;6.7832;1.7323;163.26;4.1808;0.5613;0.2068;3.3893;0.0234;167.44;0.3356;0.0912;0.0336;0.2104;0.0004;163.82;44.955;16.565;101.58;0.1601;77.626;67.224;17.238;3.3469;0.7449;10.715;0.5611;8.1134;0;1;0;0;1.176;0.9517;1;1;0.9394;0.0959;0.975;0.9877;1;0.9677;0.8727;0.998;0.998;1;0.998;0.998;0.9261;0.9073;0.0836;0.5017;0.4902;0.003;0.0172;-0.0103;0.0034;0.0119;0.002;0;0;0.088;0.3556;0;0;0;0;0;0;0;0;0;0;0;0;0.0096;0.0008;0.4526;0.4526;0;19.164;19.164;7.9739;0.0488;418.79;1080.8;1;0.0091;0.0091;0;0;0;0;0;0;0.4436;0.3556;0;16.966;19.646;13.328;15.433;97.999;97.999;4.2311;3.8171;2.9986;0.414;0.8185;0.0978;0.1934;0.7087;77.5;0.6779;0
18/07/21 16:00;5.605;59.475;76.298;6.4995;9.4345;90;9.4345;24.399;24.1;0.2987;10.5;2.1;0;0.7245;23.882;0.135;0;0.0215;24.763;0;24.763;0.7245;0.135;23.882;0.0215;0.0293;0.9653;0;0.0009;24.588;0.1747;0;0;0.1568;0.0179;23.379;1.1597;0.1542;0.0288;0.9759;0.0008;24.539;0.0492;0.0014;0.0003;0.0474;0;23.383;0.5688;0.106;22.702;0.0028;14.298;12.382;2.9237;0.0055;0.1138;1.6375;0.0036;1.7458;0;1;0;0;1.0149;0.9929;1;1;0.9934;0.1678;0.9527;0.7867;1;0.9588;0.775;0.998;0.998;1;0.998;0.998;0.9441;0.9506;0.1298;0.0705;0.0702;0.0004;0.0093;-0.0034;0.0004;0.0016;0.0003;0;0;0.088;-0.0314;0;0;0;0;0;0;0;0;0;0;0;0;0.0013;0.0001;0.0602;0.0602;0;11.661;11.661;1.1611;0.0497;58.253;1033;1;0.0035;0.0035;0;0;0;0;0;0;0.0566;-0.0314;0;16.058;18.595;-8.3717;-9.6943;94.103;94.103;0.5943;0.5075;-0.2646;0.0868;0.772;0.1461;1.2991;0;14.296;0;0
18/07/21 17:00;0.2039;63.943;89.506;0.227;0.3235;90;0.3235;0;0;0;9.3997;2.1401;0;0;0;0;0;0;0;0;0;0;0;0;0;1;1;1;1;0;0;0;0;0;0;0;0;0;0;0;0;0;0;0;0;0;0;0;0;0;0;0;0;0;0;0;0;0;0;0;0;0;0;0;1;1;1;1;1;1;1;1;1;1;1;1;1;1;1;1;1;1;1;0;0;0;0;0;0;0;0;0;0.0004;0.088;-0.0884;0;0;0;0;0;0;0;0;0;0;0;0;0;0;0;0;0;0;0;-9.3997;0;0;0;0;0.0004;0;0;0;0;0;0;0;-0.0004;-0.0884;0;0;0;0;0;0;0;0;0;-0.7452;0;0.7452;1;1;0;0;0;0
18/07/21 18:00;0;0;90;0;0;90;0;0;0;0;9.2003;2.0601;0;0;0;0;0;0;0;0;0;0;0;0;0;1;1;1;1;0;0;0;0;0;0;0;0;0;0;0;0;0;0;0;0;0;0;0;0;0;0;0;0;0;0;0;0;0;0;0;0;0;0;0;1;1;1;1;1;1;1;1;1;1;1;1;1;1;1;1;1;1;1;0;0;0;0;0;0;0;0;0;0.0004;0.088;-0.0884;0;0;0;0;0;0;0;0;0;0;0;0;0;0;0;0;0;0;0;-9.2003;0;0;0;0;0.0004;0;0;0;0;0;0;0;-0.0004;-0.0884;0;0;0;0;0;0;0;0;0;-0.7452;0;0.7452;1;1;0;0;0;0
18/07/21 19:00;0;0;90;0;0;90;0;0;0;0;8.3999;1.9999;0;0;0;0;0;0;0;0;0;0;0;0;0;1;1;1;1;0;0;0;0;0;0;0;0;0;0;0;0;0;0;0;0;0;0;0;0;0;0;0;0;0;0;0;0;0;0;0;0;0;0;0;1;1;1;1;1;1;1;1;1;1;1;1;1;1;1;1;1;1;1;0;0;0;0;0;0;0;0;0;0.0004;0.088;-0.0884;0;0;0;0;0;0;0;0;0;0;0;0;0;0;0;0;0;0;0;-8.3999;0;0;0;0;0.0004;0;0;0;0;0;0;0;-0.0004;-0.0884;0;0;0;0;0;0;0;0;0;-0.7452;0;0.7452;1;1;0;0;0;0
18/07/21 20:00;0;0;90;0;0;90;0;0;0;0;8.5003;1.96;0;0;0;0;0;0;0;0;0;0;0;0;0;1;1;1;1;0;0;0;0;0;0;0;0;0;0;0;0;0;0;0;0;0;0;0;0;0;0;0;0;0;0;0;0;0;0;0;0;0;0;0;1;1;1;1;1;1;1;1;1;1;1;1;1;1;1;1;1;1;1;0;0;0;0;0;0;0;0;0;0.0004;0.088;-0.0884;0;0;0;0;0;0;0;0;0;0;0;0;0;0;0;0;0;0;0;-8.5003;0;0;0;0;0.0004;0;0;0;0;0;0;0;-0.0004;-0.0884;0;0;0;0;0;0;0;0;0;-0.7452;0;0.7452;1;1;0;0;0;0
18/07/21 21:00;0;0;90;0;0;90;0;0;0;0;8.5003;1.9001;0;0;0;0;0;0;0;0;0;0;0;0;0;1;1;1;1;0;0;0;0;0;0;0;0;0;0;0;0;0;0;0;0;0;0;0;0;0;0;0;0;0;0;0;0;0;0;0;0;0;0;0;1;1;1;1;1;1;1;1;1;1;1;1;1;1;1;1;1;1;1;0;0;0;0;0;0;0;0;0;0.0004;0.088;-0.0884;0;0;0;0;0;0;0;0;0;0;0;0;0;0;0;0;0;0;0;-8.5003;0;0;0;0;0.0004;0;0;0;0;0;0;0;-0.0004;-0.0884;0;0;0;0;0;0;0;0;0;-0.7452;0;0.7452;1;1;0;0;0;0
18/07/21 22:00;0;0;90;0;0;90;0;0;0;0;8.2298;1.8499;0;0;0;0;0;0;0;0;0;0;0;0;0;1;1;1;1;0;0;0;0;0;0;0;0;0;0;0;0;0;0;0;0;0;0;0;0;0;0;0;0;0;0;0;0;0;0;0;0;0;0;0;1;1;1;1;1;1;1;1;1;1;1;1;1;1;1;1;1;1;1;0;0;0;0;0;0;0;0;0;0.0004;0.088;-0.0884;0;0;0;0;0;0;0;0;0;0;0;0;0;0;0;0;0;0;0;-8.2298;0;0;0;0;0.0004;0;0;0;0;0;0;0;-0.0004;-0.0884;0;0;0;0;0;0;0;0;0;-0.7452;0;0.7452;1;1;0;0;0;0
18/07/21 23:00;0;0;90;0;0;90;0;0;0;0;7.9;1.87;0;0;0;0;0;0;0;0;0;0;0;0;0;1;1;1;1;0;0;0;0;0;0;0;0;0;0;0;0;0;0;0;0;0;0;0;0;0;0;0;0;0;0;0;0;0;0;0;0;0;0;0;1;1;1;1;1;1;1;1;1;1;1;1;1;1;1;1;1;1;1;0;0;0;0;0;0;0;0;0;0.0004;0.088;-0.0884;0;0;0;0;0;0;0;0;0;0;0;0;0;0;0;0;0;0;0;-7.9;0;0;0;0;0.0004;0;0;0;0;0;0;0;-0.0004;-0.0884;0;0;0;0;0;0;0;0;0;-0.7452;0;0.7452;1;1;0;0;0;0
19/07/21 00:00;0;0;90;0;0;90;0;0;0;0;7.89;1.81;0;0;0;0;0;0;0;0;0;0;0;0;0;1;1;1;1;0;0;0;0;0;0;0;0;0;0;0;0;0;0;0;0;0;0;0;0;0;0;0;0;0;0;0;0;0;0;0;0;0;0;0;1;1;1;1;1;1;1;1;1;1;1;1;1;1;1;1;1;1;1;0;0;0;0;0;0;0;0;0;0.0004;0.088;-0.0884;0;0;0;0;0;0;0;0;0;0;0;0;0;0;0;0;0;0;0;-7.89;0;0;0;0;0.0004;0;0;0;0;0;0;0;-0.0004;-0.0884;0;0;0;0;0;0;0;0;0;-0.7452;0;0.7452;1;1;0;0;0;0
19/07/21 01:00;0;0;90;0;0;90;0;0;0;0;7.6999;1.7401;0;0;0;0;0;0;0;0;0;0;0;0;0;1;1;1;1;0;0;0;0;0;0;0;0;0;0;0;0;0;0;0;0;0;0;0;0;0;0;0;0;0;0;0;0;0;0;0;0;0;0;0;1;1;1;1;1;1;1;1;1;1;1;1;1;1;1;1;1;1;1;0;0;0;0;0;0;0;0;0;0.0004;0.088;-0.0884;0;0;0;0;0;0;0;0;0;0;0;0;0;0;0;0;0;0;0;-7.6999;0;0;0;0;0.0004;0;0;0;0;0;0;0;-0.0004;-0.0884;0;0;0;0;0;0;0;0;0;-0.7452;0;0.7452;1;1;0;0;0;0
19/07/21 02:00;0;0;90;0;0;90;0;0;0;0;7.8003;1.6601;0;0;0;0;0;0;0;0;0;0;0;0;0;1;1;1;1;0;0;0;0;0;0;0;0;0;0;0;0;0;0;0;0;0;0;0;0;0;0;0;0;0;0;0;0;0;0;0;0;0;0;0;1;1;1;1;1;1;1;1;1;1;1;1;1;1;1;1;1;1;1;0;0;0;0;0;0;0;0;0;0.0004;0.088;-0.0884;0;0;0;0;0;0;0;0;0;0;0;0;0;0;0;0;0;0;0;-7.8003;0;0;0;0;0.0004;0;0;0;0;0;0;0;-0.0004;-0.0884;0;0;0;0;0;0;0;0;0;-0.7452;0;0.7452;1;1;0;0;0;0
19/07/21 03:00;0;0;90;0;0;90;0;0;0;0;7.6002;1.5901;0;0;0;0;0;0;0;0;0;0;0;0;0;1;1;1;1;0;0;0;0;0;0;0;0;0;0;0;0;0;0;0;0;0;0;0;0;0;0;0;0;0;0;0;0;0;0;0;0;0;0;0;1;1;1;1;1;1;1;1;1;1;1;1;1;1;1;1;1;1;1;0;0;0;0;0;0;0;0;0;0.0004;0.088;-0.0884;0;0;0;0;0;0;0;0;0;0;0;0;0;0;0;0;0;0;0;-7.6002;0;0;0;0;0.0004;0;0;0;0;0;0;0;-0.0004;-0.0884;0;0;0;0;0;0;0;0;0;-0.7452;0;0.7452;1;1;0;0;0;0
19/07/21 04:00;0;0;90;0;0;90;0;0;0;0;7.5603;1.54;0;0;0;0;0;0;0;0;0;0;0;0;0;1;1;1;1;0;0;0;0;0;0;0;0;0;0;0;0;0;0;0;0;0;0;0;0;0;0;0;0;0;0;0;0;0;0;0;0;0;0;0;1;1;1;1;1;1;1;1;1;1;1;1;1;1;1;1;1;1;1;0;0;0;0;0;0;0;0;0;0.0004;0.088;-0.0884;0;0;0;0;0;0;0;0;0;0;0;0;0;0;0;0;0;0;0;-7.5603;0;0;0;0;0.0004;0;0;0;0;0;0;0;-0.0004;-0.0884;0;0;0;0;0;0;0;0;0;-0.7452;0;0.7452;1;1;0;0;0;0
19/07/21 05:00;0;0;90;0;0;90;0;0;0;0;7.45;1.5001;0;0;0;0;0;0;0;0;0;0;0;0;0;1;1;1;1;0;0;0;0;0;0;0;0;0;0;0;0;0;0;0;0;0;0;0;0;0;0;0;0;0;0;0;0;0;0;0;0;0;0;0;1;1;1;1;1;1;1;1;1;1;1;1;1;1;1;1;1;1;1;0;0;0;0;0;0;0;0;0;0.0004;0.088;-0.0884;0;0;0;0;0;0;0;0;0;0;0;0;0;0;0;0;0;0;0;-7.45;0;0;0;0;0.0004;0;0;0;0;0;0;0;-0.0004;-0.0884;0;0;0;0;0;0;0;0;0;-0.7452;0;0.7452;1;1;0;0;0;0
19/07/21 06:00;0;0;90;0;0;90;0;0;0;0;7.4998;1.9001;0;0;0;0;0;0;0;0;0;0;0;0;0;1;1;1;1;0;0;0;0;0;0;0;0;0;0;0;0;0;0;0;0;0;0;0;0;0;0;0;0;0;0;0;0;0;0;0;0;0;0;0;1;1;1;1;1;1;1;1;1;1;1;1;1;1;1;1;1;1;1;0;0;0;0;0;0;0;0;0;0.0004;0.088;-0.0884;0;0;0;0;0;0;0;0;0;0;0;0;0;0;0;0;0;0;0;-7.4998;0;0;0;0;0.0004;0;0;0;0;0;0;0;-0.0004;-0.0884;0;0;0;0;0;0;0;0;0;-0.7452;0;0.7452;1;1;0;0;0;0
19/07/21 07:00;4.985;-60.254;77.834;5.7369;8.2932;-90;-8.2932;18.206;17.801;0.4056;6.9401;2.3701;0;0.9837;17.645;0.1522;0;0.0124;18.793;0;18.793;0.9837;0.1522;17.645;0.0124;0.0523;0.9396;0;0.0007;18.69;0.1035;0;0;0.0932;0.0103;17.632;1.0202;0.2476;0.0383;0.7338;0.0005;18.653;0.0374;0.002;0.0003;0.0351;0;17.634;0.7341;0.1136;16.783;0.0016;10.539;9.1267;2.1527;0.0024;0.084;1.2077;0.0018;1.2892;0;1;0;0;1.0323;0.9945;1;1;0.9947;0.1691;0.9453;0.7477;1;0.9581;0.7758;0.998;0.998;1;0.998;0.998;0.9382;0.9511;0.1309;0.0535;0.0529;0.0003;0.0081;-0.0033;0.0003;0.0012;0.0002;0;0;0.088;-0.0462;0;0;0;0;0;0;0;0;0;0;0;0;0.001;0;0.045;0.045;0;7.8172;7.8172;0.8771;0.0497;43.388;1037.2;1;0.0032;0.0032;0;0;0;0;0;0;0.0418;-0.0462;0;15.824;18.323;-16.228;-18.792;92.983;92.983;0.451;0.3795;-0.3892;0.0715;0.7687;0.1586;1.7044;0;10.537;0;0
19/07/21 08:00;14.601;-50.885;52.312;18.559;31.967;-90;-31.967;102.5;92.203;10.295;7.9599;2.4601;0;24.969;82.583;6.8985;0;1.0103;115.46;0;115.46;24.969;6.8985;82.583;1.0103;0.2163;0.724;0;0.0088;110.53;4.9298;0;0;4.04;0.8897;107.25;3.0603;0.3905;0.1079;2.5425;0.0195;110.31;0.2211;0.0499;0.0138;0.1571;0.0002;107.54;24.528;6.7768;75.843;0.1009;55.257;47.852;12.031;1.5576;0.4922;7.0804;0.2925;6.015;0;1;0;0;1.1265;0.9573;1;1;0.9511;0.1193;0.9723;0.9843;1;0.9676;0.8381;0.998;0.998;1;0.998;0.998;0.9289;0.9184;0.0998;0.3286;0.3219;0.0019;0.0167;-0.0138;0.0022;0.0079;0.0013;0;0;0.088;0.2033;0;0;0;0;0;0;0;0;0;0;0;0;0.0063;0.0004;0.2988;0.2988;0;13.192;13.192;5.2326;0.0488;274.06;1090.2;1;0.0075;0.0075;0;0;0;0;0;0;0.2913;0.2033;0;17.101;19.802;11.634;13.471;97.482;97.482;2.7711;2.5198;1.7142;0.2513;0.8056;0.0907;0.2907;0.6186;55.192;0.5915;0
19/07/21 09:00;23.296;-39.237;45.349;34.244;55.756;-90;-55.756;217.3;166.8;50.505;8.5202;2.7199;0;89.753;117.76;28.593;0;6.1765;242.28;0;242.28;89.753;28.593;117.76;6.1765;0.3705;0.5115;0;0.0255;223.26;19.021;0;0;13.264;5.7562;218.04;4.7757;0.8969;0.2857;3.574;0.0191;222.81;0.4465;0.1795;0.0572;0.209;0.0008;220.23;88.676;28.251;100.71;0.4003;115.73;100.22;27.246;15.169;1.6717;24.047;2.1893;10.549;0;1;0;0;1.1149;0.9215;1;1;0.8874;0.068;0.9786;0.99;1;0.9657;0.9544;0.998;0.998;1;0.998;0.998;0.8999;0.8552;0.0648;0.6895;0.6782;0.0041;0.0161;-0.0141;0.0047;0.0167;0.0045;0;0;0.088;0.5322;0;0;0;0;0;0;0;0;0;0;0;0;0.0134;0.0013;0.6315;0.6315;0;19.144;19.144;10.623;0.0487;579.19;1090.4;1;0.0113;0.0113;0;0;0;0;0;0;0.6202;0.5322;0;17.225;19.946;14.516;16.809;98.21;98.21;5.8147;5.3258;4.4884;0.4889;0.8375;0.0841;0.144;0.7719;97.689;0.7185;0
19/07/21 10:00;29.87;-25.367;51.587;53.279;36.721;-90;-36.721;214.29;196.8;17.497;9.3997;3.08;0;21.829;172.57;6.5154;0;2.7642;203.67;0;203.67;21.829;6.5154;172.57;2.7642;0.1072;0.8608;0;0.0136;190.69;12.987;0;0;10.498;2.4885;184.64;5.6711;0.3183;0.095;5.2241;0.0338;190.31;0.3814;0.0437;0.013;0.3241;0.0006;185.6;21.467;6.4074;156.52;0.2414;130.7;113.19;28.982;5.2423;1.2315;17.714;0.9595;13.704;0;1;0;0;0.9504;0.9362;1;1;0.9392;0.0997;0.9702;0.9854;1;0.9677;0.8773;0.998;0.998;1;0.998;0.998;0.9065;0.907;0.0873;0.5796;0.5665;0.0034;0.0169;-0.0134;0.0039;0.0139;0.0033;0;0;0.088;0.4283;0;0;0;0;0;0;0;0;0;0;0;0;0.0112;0.001;0.5262;0.5262;0;18.402;18.402;9.0026;0.0488;483.71;1087.9;1;0.0099;0.0099;0;0;0;0;0;0;0.5163;0.4283;0;17.073;19.77;13.897;16.092;98.118;98.118;4.8882;4.4378;3.6121;0.4504;0.8256;0.0921;0.1689;0.739;119.61;0.6938;0
19/07/21 11:00;33.556;-9.4433;55.291;76.106;13.894;-90;-13.894;309.29;246.4;62.89;9.9103;3.29;0;64.785;221.93;21.814;0;0.5882;309.12;0;309.12;64.785;21.814;221.93;0.5882;0.2096;0.7199;0;0.0019;305.85;3.2669;0;0;2.7785;0.4884;294.95;10.29;1.3972;0.4705;8.4004;0.0223;305.24;0.6117;0.1296;0.0436;0.4383;0.0002;295.08;63.258;21.3;210.31;0.0773;183.07;158.54;38.178;0.2183;1.4189;20.411;0.1302;21.611;0;1;0;0;0.9994;0.9894;1;1;0.9875;0.1697;0.9663;0.9784;1;0.9616;0.7758;0.998;0.998;1;0.998;0.998;0.9542;0.9477;0.1314;0.8797;0.8851;0.0053;0.0137;-0.0022;0.0061;0.0216;0.0038;0;0;0.088;0.7155;0;0;0;0;0;0;0;0;0;0;0;0;0.0174;0.0021;0.8173;0.8173;0;24.311;24.311;14.4;0.0488;757.2;1079.4;1;0.0138;0.0138;0;0;0;0;0;0;0.8035;0.7155;0;17.471;20.231;15.295;17.711;98.308;98.308;7.4188;6.8924;6.0337;0.5264;0.8587;0.071;0.1157;0.8133;134.54;0.775;0
19/07/21 12:00;33.773;7.4212;55.515;79.069;10.931;90;10.931;190.79;185.2;5.5978;10.85;3.3599;0;5.7012;182.12;1.4346;0;0.225;189.48;0;189.48;5.7012;1.4346;182.12;0.225;0.0301;0.9623;0;0.0012;187.77;1.7164;0;0;1.5291;0.1872;179.96;7.4293;0.1262;0.0317;7.263;0.0085;187.39;0.3755;0.0114;0.0029;0.3612;0.0001;180;5.5637;1.4;172.97;0.0292;113.51;98.298;23.286;0.0742;0.9008;12.958;0.0426;13.784;0;1;0;0;0.9931;0.9909;1;1;0.9916;0.1679;0.9604;0.9778;1;0.9597;0.7748;0.998;0.998;1;0.998;0.998;0.9498;0.9497;0.1298;0.5392;0.541;0.0033;0.017;-0.0104;0.0037;0.0132;0.0024;0;0;0.088;0.4026;0;0;0;0;0;0;0;0;0;0;0;0;0.0106;0.0009;0.5002;0.5002;0;19.636;19.636;8.7855;0.0488;462.27;1082.1;1;0.0096;0.0096;0;0;0;0;0;0;0.4906;0.4026;0;17.445;20.2;14.042;16.26;98.086;98.086;4.5476;4.2184;3.3956;0.3292;0.8228;0.0724;0.1809;0.7467;109.43;0.7103;0
19/07/21 13:00;30.484;23.537;52.192;55.848;34.152;90;34.152;394.79;199.5;195.3;10.53;3.23;0;235.99;129.29;70.101;0;4.4254;439.81;0;439.81;235.99;70.101;129.29;4.4254;0.5366;0.304;0;0.0101;428.81;11;0;0;7.0431;3.9571;419.21;8.7426;3.647;1.0833;3.943;0.0693;427.95;0.8576;0.472;0.1402;0.2445;0.0009;420.53;231.87;68.878;118.06;0.3981;215.54;186.66;47.804;3.0626;1.6674;23.985;1.3276;22.589;0;1;0;0;1.114;0.975;1;1;0.9455;0.1058;0.9796;0.9845;1;0.9677;0.8518;0.998;0.998;1;0.998;0.998;0.9532;0.9131;0.09;1.2517;1.2512;0.0075;0.0086;0.0268;0.0085;0.03;0.0044;0;0;0.088;1.0309;0;0;0;0;0;0;0;0;0;0;0;0;0.0242;0.004;1.1373;1.1373;0;31.068;31.068;20.538;0.049;1074.4;1058.5;1;0.0184;0.0184;0;0;0;0;0;0;1.1189;1.0309;0;17.087;19.787;15.489;17.936;98.384;98.384;10.555;9.5908;8.6936;0.9646;0.8971;0.0914;0.085;0.8236;87.824;0.7913;0
19/07/21 14:00;24.219;37.681;46.201;36.348;53.652;90;53.652;77.005;76.098;0.9072;10.5;2.65;0;1.5307;60.499;0.2145;0;2.0387;64.283;0;64.283;1.5307;0.2145;60.499;2.0387;0.0238;0.9729;0;0.0317;55.907;8.3761;0;0;6.4671;1.909;53.948;1.8474;0.0161;0.0022;1.8236;0.0055;55.795;0.1118;0.0031;0.0004;0.1081;0.0003;54.801;1.5116;0.2118;52.1;0.124;49.366;42.751;11.815;6.8064;0.7224;10.391;0.8529;4.3073;0;1;0;0;0.8348;0.8697;1;1;0.8931;0.0636;0.9669;0.9895;1;0.9662;0.9573;0.998;0.998;1;0.998;0.998;0.8392;0.8612;0.0608;0.1829;0.1776;0.0011;0.0141;-0.0077;0.0012;0.0042;0.0019;0;0;0.088;0.065;0;0;0;0;0;0;0;0;0;0;0;0;0.0034;0.0002;0.1592;0.1592;0;13.152;13.152;2.6519;0.0492;149.8;1062.9;1;0.0062;0.0062;0;0;0;0;0;0;0.153;0.065;0;16.366;18.952;6.6829;7.7387;96.105;96.105;1.5428;1.3427;0.5483;0.2001;0.7944;0.1297;0.5149;0.3554;49.048;0.317;0
19/07/21 15:00;15.741;49.584;48.855;20.315;37.039;90;37.039;107.6;104;3.5931;8.9298;1.78;0;8.7144;92.575;2.5234;0;1.4112;105.22;0;105.22;8.7144;2.5234;92.575;1.4112;0.0828;0.8932;0;0.0134;98.219;7.005;0;0;5.7264;1.2786;95.072;2.9505;0.1049;0.0304;2.7989;0.0162;98.023;0.1964;0.0174;0.005;0.1737;0.0003;95.553;8.592;2.488;83.876;0.1161;64.356;55.732;14.313;2.8968;0.6241;8.9771;0.4804;6.7044;0;1;0;0;0.978;0.9334;1;1;0.9381;0.094;0.9699;0.9879;1;0.9677;0.8773;0.998;0.998;1;0.998;0.998;0.9035;0.906;0.0823;0.2995;0.2914;0.0018;0.0164;-0.0121;0.002;0.0071;0.0017;0;0;0.088;0.1733;0;0;0;0;0;0;0;0;0;0;0;0;0.0057;0.0003;0.2685;0.2685;0;13.575;13.575;4.6456;0.0489;247.71;1083.9;1;0.0072;0.0072;0;0;0;0;0;0;0.2613;0.1733;0;16.86;19.524;10.882;12.602;97.322;97.322;2.5254;2.2641;1.4614;0.2613;0.8027;0.1035;0.3179;0.5787;64.333;0.5439;0
19/07/21 16:00;5.7385;59.6;75.966;6.6456;9.6548;90;9.6548;13.791;13.703;0.0882;9.2003;2.18;0;0.2139;13.597;0.0221;0;0.0127;13.846;0;13.846;0.2139;0.0221;13.597;0.0127;0.0154;0.983;0;0.0009;13.743;0.1034;0;0;0.0928;0.0106;13.112;0.6027;0.0439;0.0045;0.5537;0.0005;13.715;0.0275;0.0004;0;0.027;0;13.115;0.1695;0.0176;12.924;0.0016;8.1443;7.053;1.6657;0.0034;0.0648;0.9327;0.0022;0.9941;0;1;0;0;1.0039;0.9925;1;1;0.9932;0.1678;0.9561;0.7942;1;0.9589;0.775;0.998;0.998;1;0.998;0.998;0.947;0.9505;0.1298;0.0394;0.0394;0.0002;0.0069;-0.0021;0.0002;0.0009;0.0002;0;0;0.088;-0.0584;0;0;0;0;0;0;0;0;0;0;0;0;0.0007;0;0.0324;0.0324;0;9.8574;9.8574;0.6571;0.0501;31.899;1014.3;1;0.0028;0.0028;0;0;0;0;0;0;0.0296;-0.0584;0;15.441;17.881;-27.877;-32.281;91.45;91.45;0.3323;0.2729;-0.4926;0.0594;0.7654;0.1789;2.3035;0;8.1438;0;0
19/07/21 17:00;0.147;64.218;89.643;0.1632;0.2327;90;0.2327;0;0;0;7.6899;2.43;0;0;0;0;0;0;0;0;0;0;0;0;0;1;1;1;1;0;0;0;0;0;0;0;0;0;0;0;0;0;0;0;0;0;0;0;0;0;0;0;0;0;0;0;0;0;0;0;0;0;0;0;1;1;1;1;1;1;1;1;1;1;1;1;1;1;1;1;1;1;1;0;0;0;0;0;0;0;0;0;0.0004;0.088;-0.0884;0;0;0;0;0;0;0;0;0;0;0;0;0;0;0;0;0;0;0;-7.6899;0;0;0;0;0.0004;0;0;0;0;0;0;0;-0.0004;-0.0884;0;0;0;0;0;0;0;0;0;-0.7452;0;0.7452;1;1;0;0;0;0
19/07/21 18:00;0;0;90;0;0;90;0;0;0;0;6.8603;2.5;0;0;0;0;0;0;0;0;0;0;0;0;0;1;1;1;1;0;0;0;0;0;0;0;0;0;0;0;0;0;0;0;0;0;0;0;0;0;0;0;0;0;0;0;0;0;0;0;0;0;0;0;1;1;1;1;1;1;1;1;1;1;1;1;1;1;1;1;1;1;1;0;0;0;0;0;0;0;0;0;0.0004;0.088;-0.0884;0;0;0;0;0;0;0;0;0;0;0;0;0;0;0;0;0;0;0;-6.8603;0;0;0;0;0.0004;0;0;0;0;0;0;0;-0.0004;-0.0884;0;0;0;0;0;0;0;0;0;-0.7452;0;0.7452;1;1;0;0;0;0
19/07/21 19:00;0;0;90;0;0;90;0;0;0;0;5.6697;2.5301;0;0;0;0;0;0;0;0;0;0;0;0;0;1;1;1;1;0;0;0;0;0;0;0;0;0;0;0;0;0;0;0;0;0;0;0;0;0;0;0;0;0;0;0;0;0;0;0;0;0;0;0;1;1;1;1;1;1;1;1;1;1;1;1;1;1;1;1;1;1;1;0;0;0;0;0;0;0;0;0;0.0004;0.088;-0.0884;0;0;0;0;0;0;0;0;0;0;0;0;0;0;0;0;0;0;0;-5.6697;0;0;0;0;0.0004;0;0;0;0;0;0;0;-0.0004;-0.0884;0;0;0;0;0;0;0;0;0;-0.7452;0;0.7452;1;1;0;0;0;0
19/07/21 20:00;0;0;90;0;0;90;0;0;0;0;5.1;2.6101;0;0;0;0;0;0;0;0;0;0;0;0;0;1;1;1;1;0;0;0;0;0;0;0;0;0;0;0;0;0;0;0;0;0;0;0;0;0;0;0;0;0;0;0;0;0;0;0;0;0;0;0;1;1;1;1;1;1;1;1;1;1;1;1;1;1;1;1;1;1;1;0;0;0;0;0;0;0;0;0;0.0004;0.088;-0.0884;0;0;0;0;0;0;0;0;0;0;0;0;0;0;0;0;0;0;0;-5.1;0;0;0;0;0.0004;0;0;0;0;0;0;0;-0.0004;-0.0884;0;0;0;0;0;0;0;0;0;-0.7452;0;0.7452;1;1;0;0;0;0
19/07/21 21:00;0;0;90;0;0;90;0;0;0;0;6.3598;2.73;0;0;0;0;0;0;0;0;0;0;0;0;0;1;1;1;1;0;0;0;0;0;0;0;0;0;0;0;0;0;0;0;0;0;0;0;0;0;0;0;0;0;0;0;0;0;0;0;0;0;0;0;1;1;1;1;1;1;1;1;1;1;1;1;1;1;1;1;1;1;1;0;0;0;0;0;0;0;0;0;0.0004;0.088;-0.0884;0;0;0;0;0;0;0;0;0;0;0;0;0;0;0;0;0;0;0;-6.3598;0;0;0;0;0.0004;0;0;0;0;0;0;0;-0.0004;-0.0884;0;0;0;0;0;0;0;0;0;-0.7452;0;0.7452;1;1;0;0;0;0
19/07/21 22:00;0;0;90;0;0;90;0;0;0;0;6.8603;2.8699;0;0;0;0;0;0;0;0;0;0;0;0;0;1;1;1;1;0;0;0;0;0;0;0;0;0;0;0;0;0;0;0;0;0;0;0;0;0;0;0;0;0;0;0;0;0;0;0;0;0;0;0;1;1;1;1;1;1;1;1;1;1;1;1;1;1;1;1;1;1;1;0;0;0;0;0;0;0;0;0;0.0004;0.088;-0.0884;0;0;0;0;0;0;0;0;0;0;0;0;0;0;0;0;0;0;0;-6.8603;0;0;0;0;0.0004;0;0;0;0;0;0;0;-0.0004;-0.0884;0;0;0;0;0;0;0;0;0;-0.7452;0;0.7452;1;1;0;0;0;0
19/07/21 23:00;0;0;90;0;0;90;0;0;0;0;6.7998;3.13;0;0;0;0;0;0;0;0;0;0;0;0;0;1;1;1;1;0;0;0;0;0;0;0;0;0;0;0;0;0;0;0;0;0;0;0;0;0;0;0;0;0;0;0;0;0;0;0;0;0;0;0;1;1;1;1;1;1;1;1;1;1;1;1;1;1;1;1;1;1;1;0;0;0;0;0;0;0;0;0;0.0004;0.088;-0.0884;0;0;0;0;0;0;0;0;0;0;0;0;0;0;0;0;0;0;0;-6.7998;0;0;0;0;0.0004;0;0;0;0;0;0;0;-0.0004;-0.0884;0;0;0;0;0;0;0;0;0;-0.7452;0;0.7452;1;1;0;0;0;0
20/07/21 00:00;0;0;90;0;0;90;0;0;0;0;6.8802;3.3301;0;0;0;0;0;0;0;0;0;0;0;0;0;1;1;1;1;0;0;0;0;0;0;0;0;0;0;0;0;0;0;0;0;0;0;0;0;0;0;0;0;0;0;0;0;0;0;0;0;0;0;0;1;1;1;1;1;1;1;1;1;1;1;1;1;1;1;1;1;1;1;0;0;0;0;0;0;0;0;0;0.0004;0.088;-0.0884;0;0;0;0;0;0;0;0;0;0;0;0;0;0;0;0;0;0;0;-6.8802;0;0;0;0;0.0004;0;0;0;0;0;0;0;-0.0004;-0.0884;0;0;0;0;0;0;0;0;0;-0.7452;0;0.7452;1;1;0;0;0;0
20/07/21 01:00;0;0;90;0;0;90;0;0;0;0;7.1701;2.97;0;0;0;0;0;0;0;0;0;0;0;0;0;1;1;1;1;0;0;0;0;0;0;0;0;0;0;0;0;0;0;0;0;0;0;0;0;0;0;0;0;0;0;0;0;0;0;0;0;0;0;0;1;1;1;1;1;1;1;1;1;1;1;1;1;1;1;1;1;1;1;0;0;0;0;0;0;0;0;0;0.0004;0.088;-0.0884;0;0;0;0;0;0;0;0;0;0;0;0;0;0;0;0;0;0;0;-7.1701;0;0;0;0;0.0004;0;0;0;0;0;0;0;-0.0004;-0.0884;0;0;0;0;0;0;0;0;0;-0.7452;0;0.7452;1;1;0;0;0;0
20/07/21 02:00;0;0;90;0;0;90;0;0;0;0;7.0298;2.68;0;0;0;0;0;0;0;0;0;0;0;0;0;1;1;1;1;0;0;0;0;0;0;0;0;0;0;0;0;0;0;0;0;0;0;0;0;0;0;0;0;0;0;0;0;0;0;0;0;0;0;0;1;1;1;1;1;1;1;1;1;1;1;1;1;1;1;1;1;1;1;0;0;0;0;0;0;0;0;0;0.0004;0.088;-0.0884;0;0;0;0;0;0;0;0;0;0;0;0;0;0;0;0;0;0;0;-7.0298;0;0;0;0;0.0004;0;0;0;0;0;0;0;-0.0004;-0.0884;0;0;0;0;0;0;0;0;0;-0.7452;0;0.7452;1;1;0;0;0;0
20/07/21 03:00;0;0;90;0;0;90;0;0;0;0;6.9999;2.89;0;0;0;0;0;0;0;0;0;0;0;0;0;1;1;1;1;0;0;0;0;0;0;0;0;0;0;0;0;0;0;0;0;0;0;0;0;0;0;0;0;0;0;0;0;0;0;0;0;0;0;0;1;1;1;1;1;1;1;1;1;1;1;1;1;1;1;1;1;1;1;0;0;0;0;0;0;0;0;0;0.0004;0.088;-0.0884;0;0;0;0;0;0;0;0;0;0;0;0;0;0;0;0;0;0;0;-6.9999;0;0;0;0;0.0004;0;0;0;0;0;0;0;-0.0004;-0.0884;0;0;0;0;0;0;0;0;0;-0.7452;0;0.7452;1;1;0;0;0;0
20/07/21 04:00;0;0;90;0;0;90;0;0;0;0;7.2;3.2799;0;0;0;0;0;0;0;0;0;0;0;0;0;1;1;1;1;0;0;0;0;0;0;0;0;0;0;0;0;0;0;0;0;0;0;0;0;0;0;0;0;0;0;0;0;0;0;0;0;0;0;0;1;1;1;1;1;1;1;1;1;1;1;1;1;1;1;1;1;1;1;0;0;0;0;0;0;0;0;0;0.0004;0.088;-0.0884;0;0;0;0;0;0;0;0;0;0;0;0;0;0;0;0;0;0;0;-7.2;0;0;0;0;0.0004;0;0;0;0;0;0;0;-0.0004;-0.0884;0;0;0;0;0;0;0;0;0;-0.7452;0;0.7452;1;1;0;0;0;0
20/07/21 05:00;0;0;90;0;0;90;0;0;0;0;6.9002;3.54;0;0;0;0;0;0;0;0;0;0;0;0;0;1;1;1;1;0;0;0;0;0;0;0;0;0;0;0;0;0;0;0;0;0;0;0;0;0;0;0;0;0;0;0;0;0;0;0;0;0;0;0;1;1;1;1;1;1;1;1;1;1;1;1;1;1;1;1;1;1;1;0;0;0;0;0;0;0;0;0;0.0004;0.088;-0.0884;0;0;0;0;0;0;0;0;0;0;0;0;0;0;0;0;0;0;0;-6.9002;0;0;0;0;0.0004;0;0;0;0;0;0;0;-0.0004;-0.0884;0;0;0;0;0;0;0;0;0;-0.7452;0;0.7452;1;1;0;0;0;0
20/07/21 06:00;0;0;90;0;0;90;0;0;0;0;6.9301;3.7;0;0;0;0;0;0;0;0;0;0;0;0;0;1;1;1;1;0;0;0;0;0;0;0;0;0;0;0;0;0;0;0;0;0;0;0;0;0;0;0;0;0;0;0;0;0;0;0;0;0;0;0;1;1;1;1;1;1;1;1;1;1;1;1;1;1;1;1;1;1;1;0;0;0;0;0;0;0;0;0;0.0004;0.088;-0.0884;0;0;0;0;0;0;0;0;0;0;0;0;0;0;0;0;0;0;0;-6.9301;0;0;0;0;0.0004;0;0;0;0;0;0;0;-0.0004;-0.0884;0;0;0;0;0;0;0;0;0;-0.7452;0;0.7452;1;1;0;0;0;0
20/07/21 07:00;5.094;-60.408;77.564;5.8532;8.4663;-90;-8.4663;13.498;13.297;0.2014;6.8902;4.28;0;0.4884;13.202;0.0552;0;0.0096;13.755;0;13.755;0.4884;0.0552;13.202;0.0096;0.0355;0.9605;0;0.0007;13.675;0.0801;0;0;0.0721;0.0079;12.967;0.6808;0.1194;0.0135;0.5476;0.0004;13.648;0.0274;0.001;0.0001;0.0263;0;12.968;0.368;0.0416;12.556;0.0013;7.8873;6.8304;1.6113;0.002;0.0628;0.9038;0.0014;0.9646;0;1;0;0;1.019;0.9942;1;1;0.9945;0.1691;0.9501;0.7551;1;0.9582;0.7757;0.998;0.998;1;0.998;0.998;0.9427;0.9511;0.1309;0.0391;0.0389;0.0002;0.0069;-0.0024;0.0002;0.0008;0.0002;0;0;0.088;-0.0586;0;0;0;0;0;0;0;0;0;0;0;0;0.0007;0;0.0322;0.0322;0;7.539;7.539;0.6488;0.05;31.462;1024.1;1;0.0028;0.0028;0;0;0;0;0;0;0.0294;-0.0586;0;15.479;17.924;-28.134;-32.579;91.358;91.358;0.3301;0.2717;-0.4939;0.0584;0.7656;0.1769;2.3191;0;7.8862;0;0
20/07/21 08:00;14.727;-51.03;51.938;18.679;32.283;-90;-32.283;87.202;82.797;4.4059;7.4799;4.7899;0;10.686;75.397;2.6284;0;0.8762;89.587;0;89.587;10.686;2.6284;75.397;0.8762;0.1193;0.8514;0;0.0098;85.068;4.5193;0;0;3.7465;0.7728;82.363;2.5351;0.1611;0.0396;2.318;0.0165;84.898;0.1701;0.0214;0.0053;0.1433;0.0002;82.637;10.503;2.5835;69.189;0.0867;50.533;43.762;11.005;1.4712;0.453;6.5168;0.2744;5.4987;0;1;0;0;1.0273;0.9496;1;1;0.9503;0.118;0.9701;0.9849;1;0.9676;0.8404;0.998;0.998;1;0.998;0.998;0.9194;0.9177;0.099;0.255;0.2495;0.0015;0.0158;-0.0122;0.0017;0.0061;0.0012;0;0;0.088;0.1353;0;0;0;0;0;0;0;0;0;0;0;0;0.0049;0.0003;0.2303;0.2303;0;11.503;11.503;4.0236;0.0489;211.82;1087.1;1;0.007;0.007;0;0;0;0;0;0;0.2233;0.1353;0;16.985;19.668;9.9814;11.558;96.981;96.981;2.1501;1.9419;1.1412;0.2082;0.8008;0.0968;0.3724;0.5308;50.506;0.5034;0
20/07/21 09:00;23.442;-39.365;45.178;34.358;55.642;-90;-55.642;85.796;84.4;1.3961;8.6898;5.29;0;2.4737;65.841;0.3963;0;2.4294;71.141;0;71.141;2.4737;0.3963;65.841;2.4294;0.0348;0.9597;0;0.0341;61.482;9.6586;0;0;7.3945;2.2641;59.326;2.0334;0.0245;0.0039;1.9975;0.0075;61.359;0.123;0.0049;0.0008;0.1169;0.0003;60.352;2.4442;0.3916;56.332;0.1575;54.994;47.625;13.289;8.4201;0.8509;12.24;1.0266;4.671;0;1;0;0;0.8292;0.8642;1;1;0.8877;0.0681;0.9669;0.9901;1;0.9658;0.9548;0.998;0.998;1;0.998;0.998;0.8339;0.8556;0.0648;0.2025;0.1972;0.0012;0.0147;-0.0096;0.0013;0.0047;0.0023;0;0;0.088;0.0842;0;0;0;0;0;0;0;0;0;0;0;0;0.0038;0.0002;0.1786;0.1786;0;11.599;11.599;2.9091;0.049;166.41;1073.4;1;0.0064;0.0064;0;0;0;0;0;0;0.1722;0.0842;0;16.591;19.213;7.8186;9.0537;96.39;96.39;1.7074;1.5063;0.7099;0.201;0.7965;0.1177;0.4665;0.4158;54.552;0.3683;0
20/07/21 10:00;30.037;-25.466;51.406;53.364;36.636;-90;-36.636;224.71;203;21.709;8.85;5.9099;0;27.054;176.95;8.2858;0;2.8855;215.18;0;215.18;27.054;8.2858;176.95;2.8855;0.1257;0.8358;0;0.0134;201.86;13.323;0;0;10.726;2.5967;195.55;5.9003;0.3879;0.1188;5.3581;0.0356;201.45;0.4037;0.0541;0.0166;0.3325;0.0006;196.55;26.612;8.1505;160.54;0.2526;136.43;118.14;30.232;5.333;1.2776;18.378;0.9967;14.323;0;1;0;0;0.9576;0.9381;1;1;0.9394;0.1001;0.9707;0.9856;1;0.9677;0.8765;0.998;0.998;1;0.998;0.998;0.9088;0.9072;0.0875;0.6124;0.5991;0.0036;0.0167;-0.0142;0.0042;0.0147;0.0035;0;0;0.088;0.4595;0;0;0;0;0;0;0;0;0;0;0;0;0.0119;0.0011;0.5577;0.5577;0;18.38;18.38;9.5301;0.0487;511.71;1089.9;1;0.0103;0.0103;0;0;0;0;0;0;0.5475;0.4595;0;17.128;19.833;14.11;16.339;98.161;98.161;5.1643;4.7035;3.8748;0.4608;0.8286;0.0892;0.1605;0.7503;122.57;0.7052;0
20/07/21 11:00;33.739;-9.496;55.103;76.125;13.875;-90;-13.875;622.29;102.7;519.59;10.03;6.2199;0;535.21;29.701;74.74;0;1.1802;640.83;0;640.83;535.21;74.74;29.701;1.1802;0.8352;0.0482;0;0.0018;639.48;1.3509;0;0;0.371;0.9799;624.16;14.045;11.298;1.5777;1.1246;0.0448;638.2;1.279;1.0704;0.1495;0.0587;0.0004;624.43;522.84;73.013;28.146;0.1551;359.89;311.67;77.679;0.0293;2.5926;37.294;0.2691;39.858;0;1;0;0;1.0298;0.9979;1;1;0.9875;0.1697;0.978;0.9788;1;0.9616;0.7758;0.998;0.998;1;0.998;0.998;0.974;0.9477;0.1314;1.8238;1.8612;0.0112;0.0009;0.1031;0.0122;0.0433;0.0066;0;0;0.088;1.5262;0;0;0;0;0;0;0;0;0;0;0;0;0.0349;0.0083;1.6406;1.6406;0;40.801;40.801;30.771;0.0493;1600.3;1025.2;1;0.0264;0.0264;0;0;0;0;0;0;1.6142;1.5262;0;16.917;19.59;15.737;18.223;98.39;98.39;15.38;13.835;12.87;1.5446;0.9649;0.1004;0.0627;0.8368;18.004;0.8019;0
20/07/21 12:00;33.962;7.4262;55.331;79.137;10.863;90;10.863;85.19;84.3;0.8902;10.27;6.08;0;0.9065;83.444;0.1033;0;0.0992;84.553;0;84.553;0.9065;0.1033;83.444;0.0992;0.0107;0.9881;0;0.0012;83.777;0.7759;0;0;0.6933;0.0826;80.253;3.3572;0.0196;0.0022;3.3316;0.0037;83.61;0.1676;0.0018;0.0002;0.1655;0;80.271;0.885;0.1009;79.254;0.0129;50.707;43.912;10.456;0.0332;0.399;5.7389;0.0184;6.1047;0;1;0;0;0.9925;0.9908;1;1;0.9917;0.1679;0.9598;0.9783;1;0.9597;0.7748;0.998;0.998;1;0.998;0.998;0.9491;0.9498;0.1298;0.2406;0.2412;0.0015;0.0156;-0.0095;0.0016;0.0058;0.0011;0;0;0.088;0.1254;0;0;0;0;0;0;0;0;0;0;0;0;0.0047;0.0003;0.2201;0.2201;0;14.2;14.2;3.9305;0.049;204.86;1074.6;1;0.0068;0.0068;0;0;0;0;0;0;0.2134;0.1254;0;17.204;19.921;9.7985;11.346;96.932;96.932;2.0293;1.8564;1.0573;0.1729;0.7991;0.0852;0.3938;0.521;50.129;0.4958;0
20/07/21 13:00;30.666;23.595;52.022;55.979;34.021;90;34.021;164.4;160.7;3.7056;9.1598;5.9099;0;4.4709;146.14;1.0638;0;1.8291;153.5;0;153.5;4.4709;1.0638;146.14;1.8291;0.0291;0.9639;0;0.0119;143.95;9.5475;0;0;7.913;1.6346;139.09;4.5722;0.068;0.0162;4.4591;0.029;143.67;0.2879;0.0089;0.0021;0.2765;0.0004;139.72;4.394;1.0456;133.49;0.1652;101.49;87.889;22.285;3.4155;0.9279;13.348;0.6219;10.86;0;1;0;0;0.9337;0.9378;1;1;0.9459;0.1064;0.9682;0.9848;1;0.9677;0.8507;0.998;0.998;1;0.998;0.998;0.9061;0.9134;0.0903;0.4369;0.4265;0.0026;0.0172;-0.0139;0.0029;0.0104;0.0025;0;0;0.088;0.2991;0;0;0;0;0;0;0;0;0;0;0;0;0.0084;0.0006;0.3956;0.3956;0;15.945;15.945;6.785;0.0488;363.61;1088.1;1;0.0085;0.0085;0;0;0;0;0;0;0.3871;0.2991;0;17.032;19.722;12.876;14.91;97.845;97.845;3.684;3.3365;2.5225;0.3476;0.814;0.0943;0.221;0.6847;99.172;0.6429;0
20/07/21 14:00;24.386;37.775;46.046;36.503;53.497;90;53.497;57.803;57.3;0.503;8.2198;5.5899;0;0.8456;45.651;0.0886;0;1.5222;48.107;0;48.107;0.8456;0.0886;45.651;1.5222;0.0176;0.9806;0;0.0316;41.823;6.2846;0;0;4.8594;1.4252;40.35;1.3893;0.0088;0.0009;1.3754;0.0041;41.739;0.0836;0.0017;0.0002;0.0816;0.0002;40.988;0.8351;0.0875;39.334;0.0927;37.121;32.147;8.8723;5.0839;0.5418;7.7932;0.6385;3.2511;0;1;0;0;0.8323;0.8694;1;1;0.8936;0.0637;0.9667;0.9896;1;0.9662;0.9575;0.998;0.998;1;0.998;0.998;0.8387;0.8616;0.0609;0.1369;0.1329;0.0008;0.0126;-0.0072;0.0009;0.0031;0.0014;0;0;0.088;0.0252;0;0;0;0;0;0;0;0;0;0;0;0;0.0025;0.0001;0.1186;0.1186;0;10.206;10.206;1.9858;0.0492;111.51;1063.5;1;0.0054;0.0054;0;0;0;0;0;0;0.1132;0.0252;0;16.289;18.862;3.4645;4.0118;95.478;95.478;1.1546;1;0.2127;0.1545;0.7873;0.1339;0.6819;0.1842;36.949;0.1643;0
20/07/21 15:00;15.892;49.7;48.385;20.471;37.547;90;37.547;24.301;24.2;0.1013;8.6997;5.1701;0;0.2456;21.687;0.0164;0;0.3272;22.276;0;22.276;0.2456;0.0164;21.687;0.3272;0.011;0.9882;0;0.0147;20.609;1.6673;0;0;1.3702;0.2971;19.906;0.6615;0.0029;0.0002;0.6549;0.0035;20.568;0.0412;0.0005;0;0.0406;0.0001;20.023;0.2422;0.0162;19.622;0.0265;15.134;13.106;3.373;0.711;0.1482;2.1324;0.1166;1.5696;0;1;0;0;0.9167;0.9252;1;1;0.9368;0.092;0.9678;0.9882;1;0.9677;0.8822;0.998;0.998;1;0.998;0.998;0.8936;0.9047;0.081;0.0634;0.0616;0.0004;0.0087;-0.0034;0.0004;0.0014;0.0004;0;0;0.088;-0.0388;0;0;0;0;0;0;0;0;0;0;0;0;0.0011;0;0.0525;0.0525;0;9.6894;9.6894;0.9897;0.0497;50.785;1034.6;1;0.0034;0.0034;0;0;0;0;0;0;0.0492;-0.0388;0;15.586;18.048;-11.512;-13.33;93.622;93.622;0.5346;0.4431;-0.3273;0.0915;0.7704;0.1712;1.4409;0;15.134;0;0
20/07/21 16:00;5.8745;59.731;75.627;6.7937;9.8786;90;9.8786;22.504;22.297;0.2067;8.14;5.37;0;0.5014;22.098;0.0825;0;0.0217;22.704;0;22.704;0.5014;0.0825;22.098;0.0217;0.0221;0.9743;0;0.001;22.529;0.1747;0;0;0.1567;0.018;21.471;1.0131;0.0993;0.0163;0.8966;0.0008;22.484;0.0451;0.001;0.0002;0.0439;0;21.474;0.401;0.066;21.001;0.0028;13.244;11.469;2.7094;0.0061;0.1054;1.5165;0.0038;1.6158;0;1;0;0;1.0089;0.9923;1;1;0.9929;0.1679;0.9549;0.8015;1;0.9591;0.7749;0.998;0.998;1;0.998;0.998;0.9457;0.9503;0.1298;0.0646;0.0645;0.0004;0.009;-0.0037;0.0004;0.0015;0.0003;0;0;0.088;-0.036;0;0;0;0;0;0;0;0;0;0;0;0;0.0012;0;0.0555;0.0555;0;9.2057;9.2057;1.0657;0.0496;53.33;1040;1;0.0035;0.0035;0;0;0;0;0;0;0.052;-0.036;0;16.143;18.693;-10.474;-12.129;93.779;93.779;0.5449;0.4677;-0.3035;0.0772;0.7712;0.1416;1.4154;0;13.242;0;0
20/07/21 17:00;0.276;64.355;89.331;0.3062;0.4364;90;0.4364;0;0;0;8.37;6.2999;0;0;0;0;0;0;0;0;0;0;0;0;0;1;1;1;1;0;0;0;0;0;0;0;0;0;0;0;0;0;0;0;0;0;0;0;0;0;0;0;0;0;0;0;0;0;0;0;0;0;0;0;1;1;1;1;1;1;1;1;1;1;1;1;1;1;1;1;1;1;1;0;0;0;0;0;0;0;0;0;0.0004;0.088;-0.0884;0;0;0;0;0;0;0;0;0;0;0;0;0;0;0;0;0;0;0;-8.37;0;0;0;0;0.0004;0;0;0;0;0;0;0;-0.0004;-0.0884;0;0;0;0;0;0;0;0;0;-0.7452;0;0.7452;1;1;0;0;0;0
20/07/21 18:00;0;0;90;0;0;90;0;0;0;0;8.3002;7.5501;0;0;0;0;0;0;0;0;0;0;0;0;0;1;1;1;1;0;0;0;0;0;0;0;0;0;0;0;0;0;0;0;0;0;0;0;0;0;0;0;0;0;0;0;0;0;0;0;0;0;0;0;1;1;1;1;1;1;1;1;1;1;1;1;1;1;1;1;1;1;1;0;0;0;0;0;0;0;0;0;0.0004;0.088;-0.0884;0;0;0;0;0;0;0;0;0;0;0;0;0;0;0;0;0;0;0;-8.3002;0;0;0;0;0.0004;0;0;0;0;0;0;0;-0.0004;-0.0884;0;0;0;0;0;0;0;0;0;-0.7452;0;0.7452;1;1;0;0;0;0
20/07/21 19:00;0;0;90;0;0;90;0;0;0;0;7.45;8.7601;0;0;0;0;0;0;0;0;0;0;0;0;0;1;1;1;1;0;0;0;0;0;0;0;0;0;0;0;0;0;0;0;0;0;0;0;0;0;0;0;0;0;0;0;0;0;0;0;0;0;0;0;1;1;1;1;1;1;1;1;1;1;1;1;1;1;1;1;1;1;1;0;0;0;0;0;0;0;0;0;0.0004;0.088;-0.0884;0;0;0;0;0;0;0;0;0;0;0;0;0;0;0;0;0;0;0;-7.45;0;0;0;0;0.0004;0;0;0;0;0;0;0;-0.0004;-0.0884;0;0;0;0;0;0;0;0;0;-0.7452;0;0.7452;1;1;0;0;0;0
20/07/21 20:00;0;0;90;0;0;90;0;0;0;0;7.2499;8.9001;0;0;0;0;0;0;0;0;0;0;0;0;0;1;1;1;1;0;0;0;0;0;0;0;0;0;0;0;0;0;0;0;0;0;0;0;0;0;0;0;0;0;0;0;0;0;0;0;0;0;0;0;1;1;1;1;1;1;1;1;1;1;1;1;1;1;1;1;1;1;1;0;0;0;0;0;0;0;0;0;0.0004;0.088;-0.0884;0;0;0;0;0;0;0;0;0;0;0;0;0;0;0;0;0;0;0;-7.2499;0;0;0;0;0.0004;0;0;0;0;0;0;0;-0.0004;-0.0884;0;0;0;0;0;0;0;0;0;-0.7452;0;0.7452;1;1;0;0;0;0
20/07/21 21:00;0;0;90;0;0;90;0;0;0;0;6.4003;8.25;0;0;0;0;0;0;0;0;0;0;0;0;0;1;1;1;1;0;0;0;0;0;0;0;0;0;0;0;0;0;0;0;0;0;0;0;0;0;0;0;0;0;0;0;0;0;0;0;0;0;0;0;1;1;1;1;1;1;1;1;1;1;1;1;1;1;1;1;1;1;1;0;0;0;0;0;0;0;0;0;0.0004;0.088;-0.0884;0;0;0;0;0;0;0;0;0;0;0;0;0;0;0;0;0;0;0;-6.4003;0;0;0;0;0.0004;0;0;0;0;0;0;0;-0.0004;-0.0884;0;0;0;0;0;0;0;0;0;-0.7452;0;0.7452;1;1;0;0;0;0
20/07/21 22:00;0;0;90;0;0;90;0;0;0;0;6.4801;7.86;0;0;0;0;0;0;0;0;0;0;0;0;0;1;1;1;1;0;0;0;0;0;0;0;0;0;0;0;0;0;0;0;0;0;0;0;0;0;0;0;0;0;0;0;0;0;0;0;0;0;0;0;1;1;1;1;1;1;1;1;1;1;1;1;1;1;1;1;1;1;1;0;0;0;0;0;0;0;0;0;0.0004;0.088;-0.0884;0;0;0;0;0;0;0;0;0;0;0;0;0;0;0;0;0;0;0;-6.4801;0;0;0;0;0.0004;0;0;0;0;0;0;0;-0.0004;-0.0884;0;0;0;0;0;0;0;0;0;-0.7452;0;0.7452;1;1;0;0;0;0
20/07/21 23:00;0;0;90;0;0;90;0;0;0;0;5.7003;7.75;0;0;0;0;0;0;0;0;0;0;0;0;0;1;1;1;1;0;0;0;0;0;0;0;0;0;0;0;0;0;0;0;0;0;0;0;0;0;0;0;0;0;0;0;0;0;0;0;0;0;0;0;1;1;1;1;1;1;1;1;1;1;1;1;1;1;1;1;1;1;1;0;0;0;0;0;0;0;0;0;0.0004;0.088;-0.0884;0;0;0;0;0;0;0;0;0;0;0;0;0;0;0;0;0;0;0;-5.7003;0;0;0;0;0.0004;0;0;0;0;0;0;0;-0.0004;-0.0884;0;0;0;0;0;0;0;0;0;-0.7452;0;0.7452;1;1;0;0;0;0
21/07/21 00:00;0;0;90;0;0;90;0;0;0;0;4.9199;7.36;0;0;0;0;0;0;0;0;0;0;0;0;0;1;1;1;1;0;0;0;0;0;0;0;0;0;0;0;0;0;0;0;0;0;0;0;0;0;0;0;0;0;0;0;0;0;0;0;0;0;0;0;1;1;1;1;1;1;1;1;1;1;1;1;1;1;1;1;1;1;1;0;0;0;0;0;0;0;0;0;0.0004;0.088;-0.0884;0;0;0;0;0;0;0;0;0;0;0;0;0;0;0;0;0;0;0;-4.9199;0;0;0;0;0.0004;0;0;0;0;0;0;0;-0.0004;-0.0884;0;0;0;0;0;0;0;0;0;-0.7452;0;0.7452;1;1;0;0;0;0
21/07/21 01:00;0;0;90;0;0;90;0;0;0;0;4.4;6.7601;0;0;0;0;0;0;0;0;0;0;0;0;0;1;1;1;1;0;0;0;0;0;0;0;0;0;0;0;0;0;0;0;0;0;0;0;0;0;0;0;0;0;0;0;0;0;0;0;0;0;0;0;1;1;1;1;1;1;1;1;1;1;1;1;1;1;1;1;1;1;1;0;0;0;0;0;0;0;0;0;0.0004;0.088;-0.0884;0;0;0;0;0;0;0;0;0;0;0;0;0;0;0;0;0;0;0;-4.4;0;0;0;0;0.0004;0;0;0;0;0;0;0;-0.0004;-0.0884;0;0;0;0;0;0;0;0;0;-0.7452;0;0.7452;1;1;0;0;0;0
21/07/21 02:00;0;0;90;0;0;90;0;0;0;0;4.0198;6.18;0;0;0;0;0;0;0;0;0;0;0;0;0;1;1;1;1;0;0;0;0;0;0;0;0;0;0;0;0;0;0;0;0;0;0;0;0;0;0;0;0;0;0;0;0;0;0;0;0;0;0;0;1;1;1;1;1;1;1;1;1;1;1;1;1;1;1;1;1;1;1;0;0;0;0;0;0;0;0;0;0.0004;0.088;-0.0884;0;0;0;0;0;0;0;0;0;0;0;0;0;0;0;0;0;0;0;-4.0198;0;0;0;0;0.0004;0;0;0;0;0;0;0;-0.0004;-0.0884;0;0;0;0;0;0;0;0;0;-0.7452;0;0.7452;1;1;0;0;0;0
21/07/21 03:00;0;0;90;0;0;90;0;0;0;0;3.4002;5.8101;0;0;0;0;0;0;0;0;0;0;0;0;0;1;1;1;1;0;0;0;0;0;0;0;0;0;0;0;0;0;0;0;0;0;0;0;0;0;0;0;0;0;0;0;0;0;0;0;0;0;0;0;1;1;1;1;1;1;1;1;1;1;1;1;1;1;1;1;1;1;1;0;0;0;0;0;0;0;0;0;0.0004;0.088;-0.0884;0;0;0;0;0;0;0;0;0;0;0;0;0;0;0;0;0;0;0;-3.4002;0;0;0;0;0.0004;0;0;0;0;0;0;0;-0.0004;-0.0884;0;0;0;0;0;0;0;0;0;-0.7452;0;0.7452;1;1;0;0;0;0
21/07/21 04:00;0;0;90;0;0;90;0;0;0;0;2.9202;5.4801;0;0;0;0;0;0;0;0;0;0;0;0;0;1;1;1;1;0;0;0;0;0;0;0;0;0;0;0;0;0;0;0;0;0;0;0;0;0;0;0;0;0;0;0;0;0;0;0;0;0;0;0;1;1;1;1;1;1;1;1;1;1;1;1;1;1;1;1;1;1;1;0;0;0;0;0;0;0;0;0;0.0004;0.088;-0.0884;0;0;0;0;0;0;0;0;0;0;0;0;0;0;0;0;0;0;0;-2.9202;0;0;0;0;0.0004;0;0;0;0;0;0;0;-0.0004;-0.0884;0;0;0;0;0;0;0;0;0;-0.7452;0;0.7452;1;1;0;0;0;0
21/07/21 05:00;0;0;90;0;0;90;0;0;0;0;2.4602;5.14;0;0;0;0;0;0;0;0;0;0;0;0;0;1;1;1;1;0;0;0;0;0;0;0;0;0;0;0;0;0;0;0;0;0;0;0;0;0;0;0;0;0;0;0;0;0;0;0;0;0;0;0;1;1;1;1;1;1;1;1;1;1;1;1;1;1;1;1;1;1;1;0;0;0;0;0;0;0;0;0;0.0004;0.088;-0.0884;0;0;0;0;0;0;0;0;0;0;0;0;0;0;0;0;0;0;0;-2.4602;0;0;0;0;0.0004;0;0;0;0;0;0;0;-0.0004;-0.0884;0;0;0;0;0;0;0;0;0;-0.7452;0;0.7452;1;1;0;0;0;0
21/07/21 06:00;0;0;90;0;0;90;0;0;0;0;2.3;4.6801;0;0;0;0;0;0;0;0;0;0;0;0;0;1;1;1;1;0;0;0;0;0;0;0;0;0;0;0;0;0;0;0;0;0;0;0;0;0;0;0;0;0;0;0;0;0;0;0;0;0;0;0;1;1;1;1;1;1;1;1;1;1;1;1;1;1;1;1;1;1;1;0;0;0;0;0;0;0;0;0;0.0004;0.088;-0.0884;0;0;0;0;0;0;0;0;0;0;0;0;0;0;0;0;0;0;0;-2.3;0;0;0;0;0.0004;0;0;0;0;0;0;0;-0.0004;-0.0884;0;0;0;0;0;0;0;0;0;-0.7452;0;0.7452;1;1;0;0;0;0
21/07/21 07:00;5.0299;-60.718;77.723;5.7622;8.3308;-90;-8.3308;55.009;26.003;29.007;1.6997;4.3999;0;70.35;19.404;15.754;0;0.0377;105.55;0;105.55;70.35;15.754;19.404;0.0377;0.6665;0.1842;0;0.0004;105.41;0.1346;0;0;0.1032;0.0314;82.979;22.221;17.495;3.9179;0.8065;0.0014;105.2;0.2108;0.1407;0.0315;0.0386;0;82.981;52.713;11.805;18.456;0.0049;11.762;10.186;2.3559;0.0027;0.0967;1.3913;0.0022;1.4853;0;1;0;0;1.9187;0.9987;1;1;0.9947;0.1691;0.7888;0.7508;1;0.9581;0.7758;0.998;0.998;1;0.998;0.998;0.7862;0.9511;0.1309;0.3004;0.2402;0.0014;0.0156;-0.0168;0.0017;0.006;0.0003;0;0;0.088;0.1318;0;0;0;0;0;0;0;0;0;0;0;0;0.0048;0.0003;0.2269;0.2269;0;5.7335;5.7335;4.0337;0.0486;203.95;1112.7;1;0.0072;0.0072;0;0;0;0;0;0;0.2198;0.1318;0;14.209;16.453;8.2489;9.5521;96.832;96.832;2.5331;1.9139;1.1111;0.6192;0.8028;0.2445;0.3169;0.4386;11.588;0.4344;0
21/07/21 08:00;14.858;-51.177;51.545;18.805;32.619;-90;-32.619;250.39;41.302;209.09;3.93;4.28;0;507.11;14.621;61.674;0;2.567;585.97;0;585.97;507.11;61.674;14.621;2.567;0.8654;0.0293;0;0.0044;582.96;3.0062;0;0;0.7385;2.2677;573.04;8.7558;7.3644;0.8957;0.4488;0.0469;581.8;1.1659;1.0142;0.1233;0.0278;0.0006;573.1;498.73;60.655;13.406;0.2518;10.967;9.4975;2.5175;0.2962;0.0884;1.272;0.0545;1.0642;0;1;0;0;2.3402;0.9949;1;1;0.9495;0.1166;0.985;0.9854;1;0.9676;0.8429;0.998;0.998;1;0.998;0.998;0.9779;0.9169;0.0981;1.6676;1.6422;0.0099;0.0033;0.0401;0.0111;0.0394;0.0002;0;0;0.088;1.3874;0;0;0;0;0;0;0;0;0;0;0;0;0.0318;0.0066;1.4997;1.4997;0;31.986;31.986;28.056;0.049;1413.9;1060.7;1;0.0243;0.0243;0;0;0;0;0;0;1.4754;1.3874;0;16.912;19.584;15.645;18.117;98.377;98.377;14.063;12.647;11.7;1.4161;0.9473;0.1007;0.0674;0.8319;9.818;0.8306;0
21/07/21 09:00;23.595;-39.496;45.004;34.479;55.521;-90;-55.521;368.09;69.799;298.29;5.9197;4.5499;0;526.93;23.9;69.382;0;10.382;630.59;0;630.59;526.93;69.382;23.9;10.382;0.8356;0.0544;0;0.0165;618.24;12.351;0;0;2.6758;9.6749;610.41;6.5953;5.1595;0.6794;0.7248;0.0317;617;1.2365;1.0539;0.1388;0.0424;0.0014;612.5;520.71;68.563;20.457;0.6735;112.68;97.579;23.94;3.0357;1.0331;14.861;2.0947;12.859;0;1;0;0;1.7131;0.9804;1;1;0.888;0.0681;0.9893;0.9902;1;0.9658;0.9551;0.998;0.998;1;0.998;0.998;0.968;0.8559;0.0649;1.7946;1.7822;0.0107;0.0017;0.0679;0.0119;0.0422;0.0027;0;0;0.088;1.4892;0;0;0;0;0;0;0;0;0;0;0;0;0.034;0.0077;1.6033;1.6033;0;35.894;35.894;29.975;0.0491;1533.9;1045.2;1;0.0261;0.0261;0;0;0;0;0;0;1.5772;1.4892;0;16.801;19.455;15.605;18.071;98.375;98.375;15.134;13.52;12.559;1.6137;0.9619;0.1066;0.0636;0.8298;19.776;0.8154;0
21/07/21 10:00;30.21;-25.567;51.221;53.455;36.545;-90;-36.545;501.1;83.602;417.5;7.6401;5.2401;0;519.68;28.155;65.196;0;6.4041;619.43;0;619.43;519.68;65.196;28.155;6.4041;0.839;0.0558;0;0.0103;611.97;7.4609;0;0;1.7001;5.7608;601.57;9.1768;7.3253;0.919;0.8527;0.0798;610.75;1.2239;1.0394;0.1304;0.0529;0.0013;603.36;511.31;64.146;25.549;0.5621;249.39;215.97;55.661;0.8429;1.7309;24.899;1.7948;25.787;0;1;0;0;1.2361;0.988;1;1;0.9396;0.1004;0.985;0.9859;1;0.9677;0.8756;0.998;0.998;1;0.998;0.998;0.9712;0.9075;0.0878;1.7628;1.7761;0.0107;0.0018;0.076;0.0118;0.0419;0.0045;0;0;0.088;1.4745;0;0;0;0;0;0;0;0;0;0;0;0;0.0337;0.0076;1.5881;1.5881;0;37.214;37.214;29.574;0.0492;1528;1039.3;1;0.0257;0.0257;0;0;0;0;0;0;1.5625;1.4745;0;16.942;19.618;15.729;18.214;98.384;98.384;14.866;13.393;12.434;1.4735;0.9585;0.0991;0.0645;0.8364;19.487;0.812;0
21/07/21 11:00;33.928;-9.5476;54.91;76.148;13.852;-90;-13.852;569;94.896;474.11;9.4403;5.8999;0;488.31;33.537;62.688;0;1.0756;585.61;0;585.61;488.31;62.688;33.537;1.0756;0.8338;0.0591;0;0.0018;584.3;1.3107;0;0;0.4177;0.893;570.44;12.69;10.085;1.2946;1.2704;0.0408;583.13;1.1686;0.9766;0.1254;0.0662;0.0004;570.68;477.25;61.268;31.782;0.1413;329.22;285.11;71.018;0.0329;2.3748;34.161;0.245;36.503;0;1;0;0;1.0292;0.9978;1;1;0.9875;0.1697;0.9782;0.9793;1;0.9616;0.7758;0.998;0.998;1;0.998;0.998;0.9741;0.9477;0.1314;1.6666;1.7012;0.0102;0.0026;0.0746;0.0113;0.0401;0.0062;0;0;0.088;1.4047;0;0;0;0;0;0;0;0;0;0;0;0;0.0323;0.007;1.517;1.517;0;37.496;37.496;28.055;0.0492;1462.8;1037;1;0.0242;0.0242;0;0;0;0;0;0;1.4927;1.4047;0;17.117;19.821;15.851;18.355;98.401;98.401;14.055;12.793;11.846;1.2619;0.9466;0.0898;0.0674;0.8429;20.328;0.8076;0
21/07/21 12:00;34.155;7.4344;55.141;79.203;10.797;90;10.797;576.51;98.303;478.2;10.33;5.8901;0;486.82;34.771;64.361;0;0.6634;586.62;0;586.62;486.82;64.361;34.771;0.6634;0.8299;0.0604;0;0.0011;585.78;0.838;0;0;0.286;0.552;571.51;13.101;10.321;1.3645;1.3898;0.025;584.61;1.1716;0.9736;0.1287;0.069;0.0002;571.64;475.53;62.868;33.026;0.0861;336.16;291.11;73.01;0.0137;2.3912;34.397;0.1328;36.775;0;1;0;0;1.0175;0.9986;1;1;0.9918;0.1679;0.9776;0.9788;1;0.9596;0.7748;0.998;0.998;1;0.998;0.998;0.9742;0.9498;0.1298;1.6695;1.7044;0.0103;0.0026;0.0805;0.0113;0.04;0.0062;0;0;0.088;1.4022;0;0;0;0;0;0;0;0;0;0;0;0;0.0322;0.0071;1.5143;1.5143;0;38.46;38.46;28.13;0.0492;1465.7;1033.2;1;0.0241;0.0241;0;0;0;0;0;0;1.4902;1.4022;0;17.058;19.753;15.795;18.29;98.406;98.406;14.079;12.771;11.825;1.3083;0.9456;0.0929;0.0672;0.8399;20.885;0.8046;0
21/07/21 13:00;30.852;23.657;51.846;56.11;33.89;90;33.89;502.9;109.2;393.7;10.64;5.5701;0;474.28;41.999;76.256;0;5.5536;598.09;0;598.09;474.28;76.256;41.999;5.5536;0.793;0.0795;0;0.0093;590.87;7.2202;0;0;2.2604;4.9598;580.09;9.5974;7.0868;1.1394;1.2821;0.0891;589.68;1.1817;0.9486;0.1525;0.0795;0.0012;581.69;466.24;74.964;38.377;0.5035;259.59;224.8;57.269;0.9699;1.8511;26.628;1.6014;27.509;0;1;0;0;1.1893;0.9879;1;1;0.9462;0.1069;0.9837;0.985;1;0.9677;0.8497;0.998;0.998;1;0.998;0.998;0.9699;0.9138;0.0907;1.7021;1.7176;0.0103;0.0024;0.0857;0.0113;0.0402;0.0048;0;0;0.088;1.4111;0;0;0;0;0;0;0;0;0;0;0;0;0.0324;0.0072;1.5233;1.5233;0;39.208;39.208;28.568;0.0492;1477.8;1030.8;1;0.0243;0.0243;0;0;0;0;0;0;1.4991;1.4111;0;16.83;19.489;15.59;18.053;98.407;98.407;14.354;12.846;11.9;1.5078;0.9467;0.105;0.066;0.829;28.473;0.8023;0
21/07/21 14:00;24.557;37.875;45.886;36.659;53.341;90;53.341;155.01;150;5.0055;9.76;4.9201;0;8.3837;118.69;2.2848;0;4.0598;133.42;0;133.42;8.3837;2.2848;118.69;4.0598;0.0628;0.92;0;0.0304;117.04;16.382;0;0;12.581;3.801;113.11;3.6956;0.0864;0.0235;3.5747;0.0109;116.8;0.2341;0.0168;0.0046;0.2122;0.0005;114.79;8.2805;2.2566;102.32;0.2474;97.9;84.782;23.281;13.083;1.4154;20.36;1.6793;8.6925;0;1;0;0;0.8607;0.8772;1;1;0.894;0.0638;0.9684;0.9897;1;0.9662;0.9577;0.998;0.998;1;0.998;0.998;0.8478;0.8621;0.0609;0.3797;0.3692;0.0022;0.0171;-0.013;0.0025;0.009;0.0038;0;0;0.088;0.2439;0;0;0;0;0;0;0;0;0;0;0;0;0.0073;0.0005;0.3398;0.3398;0;15.285;15.285;5.5252;0.0488;313.73;1082.9;1;0.0079;0.0079;0;0;0;0;0;0;0.3319;0.2439;0;16.827;19.486;12.078;13.986;97.68;97.68;3.2021;2.8652;2.0566;0.3369;0.8086;0.1052;0.2525;0.6423;95.908;0.5764;0
21/07/21 15:00;16.047;49.822;47.902;20.629;38.071;90;38.071;268.6;86.901;181.7;10.73;2.9599;0;440.67;39.113;104.61;0;3.7145;588.11;0;588.11;440.67;104.61;39.113;3.7145;0.7493;0.0728;0;0.0063;582.2;5.9055;0;0;2.525;3.3805;573.56;7.479;5.0604;1.2012;1.1799;0.0375;581.04;1.1644;0.8813;0.2092;0.0732;0.0007;573.78;434.73;103.2;35.335;0.2958;28.513;24.693;6.4831;1.3456;0.2714;3.9033;0.2181;2.829;0;1;0;0;2.1895;0.99;1;1;0.9354;0.0899;0.9871;0.9885;1;0.9677;0.8875;0.998;0.998;1;0.998;0.998;0.9753;0.9034;0.0796;1.6737;1.6494;0.0099;0.0032;0.081;0.0109;0.0386;0.0007;0;0;0.088;1.3561;0;0;0;0;0;0;0;0;0;0;0;0;0.0311;0.0067;1.4673;1.4673;0;38.972;38.972;28.243;0.0492;1421.1;1032.5;1;0.0232;0.0232;0;0;0;0;0;0;1.4441;1.3561;0;16.487;19.091;15.237;17.644;98.418;98.418;14.115;12.374;11.436;1.7405;0.9379;0.1233;0.0664;0.8102;27.412;0.8062;0
21/07/21 16:00;6.0127;59.868;75.283;6.9437;10.106;90;10.106;62.999;58.198;4.8013;9.2601;2.7001;0;11.645;55.748;4.885;0;0.0635;72.341;0;72.341;11.645;4.885;55.748;0.0635;0.161;0.7715;0;0.0009;71.877;0.4634;0;0;0.4105;0.0529;66.321;5.4124;2.2235;0.9328;2.2537;0.0024;71.734;0.1438;0.0233;0.0098;0.1107;0;66.331;9.3978;3.9425;52.973;0.0082;33.459;28.976;6.8506;0.0168;0.2661;3.8276;0.0101;4.0768;0;1;0;0;1.1483;0.9936;1;1;0.9926;0.1679;0.9245;0.8087;1;0.9592;0.7749;0.998;0.998;1;0.998;0.998;0.9168;0.9502;0.1298;0.2059;0.1974;0.0012;0.0147;-0.009;0.0013;0.0047;0.0007;0;0;0.088;0.0853;0;0;0;0;0;0;0;0;0;0;0;0;0.0038;0.0002;0.1798;0.1798;0;12.511;12.511;3.2505;0.049;167.38;1074.2;1;0.0065;0.0065;0;0;0;0;0;0;0.1733;0.0853;0;16.424;19.018;7.795;9.0265;96.405;96.405;1.7362;1.5163;0.7197;0.2199;0.7966;0.1267;0.4588;0.4145;33.426;0.3987;0
21/07/21 17:00;0.407;64.498;89.013;0.451;0.6428;90;0.6428;0;0;0;6.9899;2.7001;0;0;0;0;0;0;0;0;0;0;0;0;0;1;1;1;1;0;0;0;0;0;0;0;0;0;0;0;0;0;0;0;0;0;0;0;0;0;0;0;0;0;0;0;0;0;0;0;0;0;0;0;1;1;1;1;1;1;1;1;1;1;1;1;1;1;1;1;1;1;1;0;0;0;0;0;0;0;0;0;0.0004;0.088;-0.0884;0;0;0;0;0;0;0;0;0;0;0;0;0;0;0;0;0;0;0;-6.9899;0;0;0;0;0.0004;0;0;0;0;0;0;0;-0.0004;-0.0884;0;0;0;0;0;0;0;0;0;-0.7452;0;0.7452;1;1;0;0;0;0
21/07/21 18:00;0;0;90;0;0;90;0;0;0;0;5.8299;2.7099;0;0;0;0;0;0;0;0;0;0;0;0;0;1;1;1;1;0;0;0;0;0;0;0;0;0;0;0;0;0;0;0;0;0;0;0;0;0;0;0;0;0;0;0;0;0;0;0;0;0;0;0;1;1;1;1;1;1;1;1;1;1;1;1;1;1;1;1;1;1;1;0;0;0;0;0;0;0;0;0;0.0004;0.088;-0.0884;0;0;0;0;0;0;0;0;0;0;0;0;0;0;0;0;0;0;0;-5.8299;0;0;0;0;0.0004;0;0;0;0;0;0;0;-0.0004;-0.0884;0;0;0;0;0;0;0;0;0;-0.7452;0;0.7452;1;1;0;0;0;0
21/07/21 19:00;0;0;90;0;0;90;0;0;0;0;2.8398;2.68;0;0;0;0;0;0;0;0;0;0;0;0;0;1;1;1;1;0;0;0;0;0;0;0;0;0;0;0;0;0;0;0;0;0;0;0;0;0;0;0;0;0;0;0;0;0;0;0;0;0;0;0;1;1;1;1;1;1;1;1;1;1;1;1;1;1;1;1;1;1;1;0;0;0;0;0;0;0;0;0;0.0004;0.088;-0.0884;0;0;0;0;0;0;0;0;0;0;0;0;0;0;0;0;0;0;0;-2.8398;0;0;0;0;0.0004;0;0;0;0;0;0;0;-0.0004;-0.0884;0;0;0;0;0;0;0;0;0;-0.7452;0;0.7452;1;1;0;0;0;0
21/07/21 20:00;0;0;90;0;0;90;0;0;0;0;1.82;2.6;0;0;0;0;0;0;0;0;0;0;0;0;0;1;1;1;1;0;0;0;0;0;0;0;0;0;0;0;0;0;0;0;0;0;0;0;0;0;0;0;0;0;0;0;0;0;0;0;0;0;0;0;1;1;1;1;1;1;1;1;1;1;1;1;1;1;1;1;1;1;1;0;0;0;0;0;0;0;0;0;0.0004;0.088;-0.0884;0;0;0;0;0;0;0;0;0;0;0;0;0;0;0;0;0;0;0;-1.82;0;0;0;0;0.0004;0;0;0;0;0;0;0;-0.0004;-0.0884;0;0;0;0;0;0;0;0;0;-0.7452;0;0.7452;1;1;0;0;0;0
21/07/21 21:00;0;0;90;0;0;90;0;0;0;0;0.9399;2.3899;0;0;0;0;0;0;0;0;0;0;0;0;0;1;1;1;1;0;0;0;0;0;0;0;0;0;0;0;0;0;0;0;0;0;0;0;0;0;0;0;0;0;0;0;0;0;0;0;0;0;0;0;1;1;1;1;1;1;1;1;1;1;1;1;1;1;1;1;1;1;1;0;0;0;0;0;0;0;0;0;0.0004;0.088;-0.0884;0;0;0;0;0;0;0;0;0;0;0;0;0;0;0;0;0;0;0;-0.9399;0;0;0;0;0.0004;0;0;0;0;0;0;0;-0.0004;-0.0884;0;0;0;0;0;0;0;0;0;-0.7452;0;0.7452;1;1;0;0;0;0
21/07/21 22:00;0;0;90;0;0;90;0;0;0;0;0.6999;2.02;0;0;0;0;0;0;0;0;0;0;0;0;0;1;1;1;1;0;0;0;0;0;0;0;0;0;0;0;0;0;0;0;0;0;0;0;0;0;0;0;0;0;0;0;0;0;0;0;0;0;0;0;1;1;1;1;1;1;1;1;1;1;1;1;1;1;1;1;1;1;1;0;0;0;0;0;0;0;0;0;0.0004;0.088;-0.0884;0;0;0;0;0;0;0;0;0;0;0;0;0;0;0;0;0;0;0;-0.6999;0;0;0;0;0.0004;0;0;0;0;0;0;0;-0.0004;-0.0884;0;0;0;0;0;0;0;0;0;-0.7452;0;0.7452;1;1;0;0;0;0
21/07/21 23:00;0;0;90;0;0;90;0;0;0;0;0.6201;1.5299;0;0;0;0;0;0;0;0;0;0;0;0;0;1;1;1;1;0;0;0;0;0;0;0;0;0;0;0;0;0;0;0;0;0;0;0;0;0;0;0;0;0;0;0;0;0;0;0;0;0;0;0;1;1;1;1;1;1;1;1;1;1;1;1;1;1;1;1;1;1;1;0;0;0;0;0;0;0;0;0;0.0004;0.088;-0.0884;0;0;0;0;0;0;0;0;0;0;0;0;0;0;0;0;0;0;0;-0.6201;0;0;0;0;0.0004;0;0;0;0;0;0;0;-0.0004;-0.0884;0;0;0;0;0;0;0;0;0;-0.7452;0;0.7452;1;1;0;0;0;0
22/07/21 00:00;0;0;90;0;0;90;0;0;0;0;1.2497;1.1101;0;0;0;0;0;0;0;0;0;0;0;0;0;1;1;1;1;0;0;0;0;0;0;0;0;0;0;0;0;0;0;0;0;0;0;0;0;0;0;0;0;0;0;0;0;0;0;0;0;0;0;0;1;1;1;1;1;1;1;1;1;1;1;1;1;1;1;1;1;1;1;0;0;0;0;0;0;0;0;0;0.0004;0.088;-0.0884;0;0;0;0;0;0;0;0;0;0;0;0;0;0;0;0;0;0;0;-1.2497;0;0;0;0;0.0004;0;0;0;0;0;0;0;-0.0004;-0.0884;0;0;0;0;0;0;0;0;0;-0.7452;0;0.7452;1;1;0;0;0;0
22/07/21 01:00;0;0;90;0;0;90;0;0;0;0;0.5497;1.3599;0;0;0;0;0;0;0;0;0;0;0;0;0;1;1;1;1;0;0;0;0;0;0;0;0;0;0;0;0;0;0;0;0;0;0;0;0;0;0;0;0;0;0;0;0;0;0;0;0;0;0;0;1;1;1;1;1;1;1;1;1;1;1;1;1;1;1;1;1;1;1;0;0;0;0;0;0;0;0;0;0.0004;0.088;-0.0884;0;0;0;0;0;0;0;0;0;0;0;0;0;0;0;0;0;0;0;-0.5497;0;0;0;0;0.0004;0;0;0;0;0;0;0;-0.0004;-0.0884;0;0;0;0;0;0;0;0;0;-0.7452;0;0.7452;1;1;0;0;0;0
22/07/21 02:00;0;0;90;0;0;90;0;0;0;0;-0.5399;1.9199;0;0;0;0;0;0;0;0;0;0;0;0;0;1;1;1;1;0;0;0;0;0;0;0;0;0;0;0;0;0;0;0;0;0;0;0;0;0;0;0;0;0;0;0;0;0;0;0;0;0;0;0;1;1;1;1;1;1;1;1;1;1;1;1;1;1;1;1;1;1;1;0;0;0;0;0;0;0;0;0;0.0004;0.088;-0.0884;0;0;0;0;0;0;0;0;0;0;0;0;0;0;0;0;0;0;0;0.5399;0;0;0;0;0.0004;0;0;0;0;0;0;0;-0.0004;-0.0884;0;0;0;0;0;0;0;0;0;-0.7452;0;0.7452;1;1;0;0;0;0
22/07/21 03:00;0;0;90;0;0;90;0;0;0;0;-1.0099;2.84;0;0;0;0;0;0;0;0;0;0;0;0;0;1;1;1;1;0;0;0;0;0;0;0;0;0;0;0;0;0;0;0;0;0;0;0;0;0;0;0;0;0;0;0;0;0;0;0;0;0;0;0;1;1;1;1;1;1;1;1;1;1;1;1;1;1;1;1;1;1;1;0;0;0;0;0;0;0;0;0;0.0004;0.088;-0.0884;0;0;0;0;0;0;0;0;0;0;0;0;0;0;0;0;0;0;0;1.0099;0;0;0;0;0.0004;0;0;0;0;0;0;0;-0.0004;-0.0884;0;0;0;0;0;0;0;0;0;-0.7452;0;0.7452;1;1;0;0;0;0
22/07/21 04:00;0;0;90;0;0;90;0;0;0;0;-1.5902;3.4;0;0;0;0;0;0;0;0;0;0;0;0;0;1;1;1;1;0;0;0;0;0;0;0;0;0;0;0;0;0;0;0;0;0;0;0;0;0;0;0;0;0;0;0;0;0;0;0;0;0;0;0;1;1;1;1;1;1;1;1;1;1;1;1;1;1;1;1;1;1;1;0;0;0;0;0;0;0;0;0;0.0004;0.088;-0.0884;0;0;0;0;0;0;0;0;0;0;0;0;0;0;0;0;0;0;0;1.5902;0;0;0;0;0.0004;0;0;0;0;0;0;0;-0.0004;-0.0884;0;0;0;0;0;0;0;0;0;-0.7452;0;0.7452;1;1;0;0;0;0
22/07/21 05:00;0;0;90;0;0;90;0;0;0;0;-1.2997;3.4101;0;0;0;0;0;0;0;0;0;0;0;0;0;1;1;1;1;0;0;0;0;0;0;0;0;0;0;0;0;0;0;0;0;0;0;0;0;0;0;0;0;0;0;0;0;0;0;0;0;0;0;0;1;1;1;1;1;1;1;1;1;1;1;1;1;1;1;1;1;1;1;0;0;0;0;0;0;0;0;0;0.0004;0.088;-0.0884;0;0;0;0;0;0;0;0;0;0;0;0;0;0;0;0;0;0;0;1.2997;0;0;0;0;0.0004;0;0;0;0;0;0;0;-0.0004;-0.0884;0;0;0;0;0;0;0;0;0;-0.7452;0;0.7452;1;1;0;0;0;0
22/07/21 06:00;0;0;90;0;0;90;0;0;0;0;-2.1001;3.4901;0;0;0;0;0;0;0;0;0;0;0;0;0;1;1;1;1;0;0;0;0;0;0;0;0;0;0;0;0;0;0;0;0;0;0;0;0;0;0;0;0;0;0;0;0;0;0;0;0;0;0;0;1;1;1;1;1;1;1;1;1;1;1;1;1;1;1;1;1;1;1;0;0;0;0;0;0;0;0;0;0.0004;0.088;-0.0884;0;0;0;0;0;0;0;0;0;0;0;0;0;0;0;0;0;0;0;2.1001;0;0;0;0;0.0004;0;0;0;0;0;0;0;-0.0004;-0.0884;0;0;0;0;0;0;0;0;0;-0.7452;0;0.7452;1;1;0;0;0;0
22/07/21 07:00;5.1489;-60.879;77.429;5.8891;8.5199;-90;-8.5199;70.793;12.299;58.494;-1.67;3.4201;0;141.86;6.2131;14.678;0;0.0508;162.81;0;162.81;141.86;14.678;6.2131;0.0508;0.8714;0.0385;0;0.0003;162.73;0.0765;0;0;0.0343;0.0422;124.45;37.951;34.157;3.534;0.2575;0.0019;162.4;0.3255;0.2837;0.0294;0.0124;0;124.45;107.42;11.114;5.9089;0.0066;4.028;3.4883;0.8615;0.001;0.0296;0.4254;0.0007;0.454;0;1;0;0;2.2997;0.9995;1;1;0.9945;0.1691;0.7663;0.7587;1;0.9582;0.7757;0.998;0.998;1;0.998;0.998;0.7644;0.951;0.1309;0.4633;0.3569;0.0021;0.017;-0.0265;0.0025;0.009;0.0001;0;0;0.088;0.2484;0;0;0;0;0;0;0;0;0;0;0;0;0.0073;0.0005;0.3448;0.3448;0;4.3484;4.3484;6.0184;0.0484;304.06;1134;1;0.0084;0.0084;0;0;0;0;0;0;0.3364;0.2484;0;13.995;16.205;10.08;11.673;97.551;97.551;3.9073;2.9077;2.0944;0.9996;0.8133;0.2558;0.2082;0.536;3.7118;0.535;0
22/07/21 08:00;14.995;-51.327;51.134;18.936;32.974;-90;-32.974;252.99;41.801;211.19;-0.0001;3.7401;0;512.2;14.751;62.471;0;2.6489;592.07;0;592.07;512.2;62.471;14.751;2.6489;0.8651;0.0294;0;0.0045;588.97;3.1018;0;0;0.7579;2.344;579.25;8.5364;7.1635;0.8737;0.4521;0.047;587.79;1.1779;1.0244;0.1249;0.028;0.0006;579.33;504.01;61.472;13.513;0.2573;11.092;9.6059;2.184;0.3102;0.1137;1.6352;0.0802;1.4386;0;1;0;0;2.3403;0.9948;1;1;0.9486;0.1151;0.9855;0.986;1;0.9676;0.8455;0.998;0.998;1;0.998;0.998;0.9784;0.9161;0.0971;1.685;1.6608;0.01;0.0031;0.019;0.0114;0.0404;0.0003;0;0;0.088;1.424;0;0;0;0;0;0;0;0;0;0;0;0;0.0326;0.0067;1.5373;1.5373;0;28.273;28.273;28.273;0.0488;1429;1075.8;1;0.0253;0.0253;0;0;0;0;0;0;1.512;1.424;0;17.157;19.868;15.893;18.403;98.352;98.352;14.21;12.964;12.008;1.2455;0.9558;0.0876;0.0673;0.8451;9.9313;0.8433;0
22/07/21 09:00;23.753;-39.628;44.826;34.604;55.396;-90;-55.396;375.49;68.003;307.49;3.1403;3.85;0;541.45;22.587;69.01;0;10.546;643.59;0;643.59;541.45;69.01;22.587;10.546;0.8413;0.0515;0;0.0164;631.24;12.349;0;0;2.5205;9.8282;623.35;6.6305;5.2453;0.6685;0.6847;0.0319;629.98;1.2625;1.0829;0.138;0.0401;0.0014;625.46;535.12;68.203;19.342;0.6845;114.87;99.481;24.435;2.8462;1.0353;14.892;2.1114;13.081;0;1;0;0;1.714;0.9808;1;1;0.8884;0.0681;0.9895;0.9903;1;0.9658;0.9554;0.998;0.998;1;0.998;0.998;0.9685;0.8563;0.0649;1.8316;1.8193;0.011;0.0013;0.0552;0.0123;0.0435;0.0027;0;0;0.088;1.5352;0;0;0;0;0;0;0;0;0;0;0;0;0.035;0.008;1.6503;1.6503;0;33.693;33.693;30.553;0.049;1565.5;1054.2;1;0.0271;0.0271;0;0;0;0;0;0;1.6232;1.5352;0;16.945;19.622;15.763;18.253;98.356;98.356;15.446;13.918;12.947;1.5286;0.9709;0.099;0.0629;0.8382;18.664;0.8239;0
22/07/21 10:00;30.39;-25.668;51.031;53.551;36.449;-90;-36.449;492.51;86.502;406;7.43;4.25;0;504.74;30.757;65.156;0;6.2623;606.92;0;606.92;504.74;65.156;30.757;6.2623;0.8316;0.061;0;0.0103;599.44;7.4805;0;0;1.8496;5.6309;589.33;8.908;6.9944;0.9029;0.9318;0.0789;598.24;1.1989;1.0095;0.1303;0.0578;0.0013;591.09;496.74;64.123;27.918;0.5512;245.86;212.91;54.867;0.9123;1.712;24.627;1.7579;25.427;0;1;0;0;1.2323;0.9877;1;1;0.9399;0.1008;0.9851;0.9861;1;0.9677;0.8748;0.998;0.998;1;0.998;0.998;0.971;0.9077;0.088;1.7272;1.7405;0.0105;0.0022;0.0694;0.0116;0.0412;0.0045;0;0;0.088;1.4475;0;0;0;0;0;0;0;0;0;0;0;0;0.0332;0.0073;1.5607;1.5607;0;36.385;36.385;28.955;0.0491;1497.3;1042.4;1;0.0252;0.0252;0;0;0;0;0;0;1.5355;1.4475;0;16.992;19.677;15.76;18.25;98.386;98.386;14.566;13.161;12.207;1.4045;0.9545;0.0964;0.0655;0.838;21.272;0.8133;0
22/07/21 11:00;34.123;-9.5981;54.711;76.177;13.823;-90;-13.823;586.1;96.699;489.4;9.7201;4.3199;0;503.99;32.534;65.587;0;1.1034;603.22;0;603.22;503.99;65.587;32.534;1.1034;0.8355;0.0558;0;0.0018;601.9;1.32;0;0;0.4039;0.9161;587.92;12.778;10.178;1.3245;1.2331;0.0419;600.7;1.2038;1.008;0.1312;0.0643;0.0004;588.17;492.81;64.131;30.833;0.145;339.1;293.66;73.16;0.0317;2.4452;35.173;0.2512;37.586;0;1;0;0;1.0292;0.9978;1;1;0.9876;0.1697;0.9787;0.9798;1;0.9615;0.7758;0.998;0.998;1;0.998;0.998;0.9746;0.9477;0.1314;1.7167;1.7532;0.0106;0.002;0.084;0.0116;0.0411;0.0063;0;0;0.088;1.4441;0;0;0;0;0;0;0;0;0;0;0;0;0.0331;0.0074;1.5571;1.5571;0;38.66;38.66;28.94;0.0492;1507.6;1032.8;1;0.0249;0.0249;0;0;0;0;0;0;1.5321;1.4441;0;17.057;19.752;15.82;18.319;98.398;98.398;14.477;13.131;12.179;1.3462;0.9525;0.093;0.0658;0.8412;19.718;0.806;0
22/07/21 12:00;34.354;7.4457;54.945;79.265;10.735;90;10.735;567.69;102.6;465.1;10.19;4.25;0;473.38;38.423;64.974;0;0.6457;577.42;0;577.42;473.38;64.974;38.423;0.6457;0.8198;0.0677;0;0.0011;576.57;0.8503;0;0;0.313;0.5373;562.69;12.724;9.8154;1.3472;1.5374;0.0244;575.42;1.1531;0.9468;0.1299;0.0762;0.0002;562.82;462.62;63.497;36.497;0.0838;331.12;286.75;71.881;0.0148;2.3578;33.916;0.1288;36.259;0;1;0;0;1.0171;0.9985;1;1;0.9919;0.1679;0.9779;0.9792;1;0.9596;0.7748;0.998;0.998;1;0.998;0.998;0.9745;0.9499;0.1298;1.6433;1.6782;0.0101;0.0029;0.0758;0.0111;0.0395;0.0061;0;0;0.088;1.3823;0;0;0;0;0;0;0;0;0;0;0;0;0.0318;0.0069;1.4941;1.4941;0;37.875;37.875;27.685;0.0492;1443.1;1035.3;1;0.0238;0.0238;0;0;0;0;0;0;1.4703;1.3823;0;17.098;19.799;15.819;18.318;98.408;98.408;13.858;12.6;11.657;1.2585;0.9426;0.0908;0.068;0.8412;23.075;0.8057;0
22/07/21 13:00;31.043;23.723;51.664;56.239;33.761;90;33.761;562.6;92.901;469.7;10.39;4.2901;0;564.97;26.574;76.837;0;6.1667;674.55;0;674.55;564.97;76.837;26.574;6.1667;0.8376;0.0485;0;0.0091;667.62;6.9257;0;0;1.4216;5.504;655.95;10.337;8.2967;1.1284;0.8116;0.1001;666.29;1.3352;1.1299;0.1537;0.0503;0.0013;657.71;555.54;75.555;24.291;0.5613;288.24;249.61;63.602;0.6064;2.0241;29.116;1.7627;30.533;0;1;0;0;1.199;0.9897;1;1;0.9465;0.1075;0.9845;0.9853;1;0.9677;0.8486;0.998;0.998;1;0.998;0.998;0.9724;0.9141;0.091;1.9197;1.9401;0.0117;0.0002;0.1209;0.0127;0.0449;0.0052;0;0;0.088;1.5841;0;0;0;0;0;0;0;0;0;0;0;0;0.0361;0.009;1.6995;1.6995;0;42.776;42.776;32.386;0.0494;1668.6;1018.5;1;0.0274;0.0274;0;0;0;0;0;0;1.6721;1.5841;0;16.649;19.279;15.518;17.97;98.387;98.387;16.189;14.332;13.359;1.8568;0.9734;0.1147;0.0601;0.8252;17.998;0.7993;0
22/07/21 14:00;24.732;37.98;45.719;36.816;53.184;90;53.184;373.5;135.5;238;10.8;4.1;0;397.17;61.819;97.106;0;9.7293;565.82;0;565.82;397.17;97.106;61.819;9.7293;0.7019;0.1264;0;0.0172;550.19;15.633;0;0;6.5248;9.1084;542.15;6.9332;4.0547;0.9914;1.8611;0.0261;549.09;1.1004;0.7943;0.1942;0.1106;0.0012;544.51;392.32;95.92;53.322;0.5936;143.26;124.06;31.321;6.7463;1.4438;20.768;2.3577;15.465;0;1;0;0;1.5149;0.9724;1;1;0.8945;0.0638;0.9874;0.9898;1;0.9663;0.9578;0.998;0.998;1;0.998;0.998;0.9582;0.8626;0.061;1.6103;1.5995;0.0096;0.0039;0.0701;0.0106;0.0376;0.0037;0;0;0.088;1.3168;0;0;0;0;0;0;0;0;0;0;0;0;0.0303;0.0063;1.4273;1.4273;0;37.469;37.469;26.669;0.0492;1376.5;1037;1;0.0225;0.0225;0;0;0;0;0;0;1.4048;1.3168;0;16.669;19.303;15.378;17.808;98.422;98.422;13.58;12.037;11.105;1.5428;0.9321;0.1136;0.0686;0.8178;49.87;0.7959;0
22/07/21 15:00;16.204;49.95;47.407;20.788;38.614;90;38.614;246.51;110.5;136;11.2;2.58;0;329.85;62.209;98.607;0;3.5031;494.17;0;494.17;329.85;98.607;62.209;3.5031;0.6675;0.133;0;0.0071;486.87;7.3003;0;0;4.1049;3.1954;479.19;6.7038;3.6925;1.1038;1.8746;0.0329;485.9;0.9737;0.6597;0.1972;0.1162;0.0006;479.57;325.5;97.306;56.114;0.2742;44.662;38.677;9.893;2.2459;0.451;6.4879;0.3817;4.693;0;1;0;0;2.0047;0.9852;1;1;0.934;0.0878;0.9862;0.9888;1;0.9677;0.893;0.998;0.998;1;0.998;0.998;0.9697;0.902;0.0783;1.4064;1.3851;0.0083;0.0067;0.0475;0.0093;0.0328;0.0012;0;0;0.088;1.1401;0;0;0;0;0;0;0;0;0;0;0;0;0.0264;0.0048;1.248;1.248;0;34.732;34.732;23.532;0.0491;1192.4;1046.6;1;0.0199;0.0199;0;0;0;0;0;0;1.2281;1.1401;0;16.688;19.324;15.245;17.654;98.408;98.408;11.86;10.524;9.6147;1.3357;0.9097;0.1126;0.0767;0.8107;43.796;0.8028;0
22/07/21 16:00;6.1532;60.01;74.932;7.0953;10.337;90;10.337;29.595;29.202;0.3927;9.52;2.81;0;0.9525;28.885;0.1959;0;0.0312;30.065;0;30.065;0.9525;0.1959;28.885;0.0312;0.0317;0.9618;0;0.001;29.818;0.2468;0;0;0.2209;0.026;28.382;1.3757;0.1752;0.036;1.1634;0.0012;29.758;0.0596;0.0019;0.0004;0.0573;0;28.388;0.7754;0.1595;27.444;0.0041;17.332;15.009;3.5477;0.0095;0.1379;1.9842;0.0056;2.1126;0;1;0;0;1.0159;0.9918;1;1;0.9924;0.1679;0.9538;0.8157;1;0.9593;0.7748;0.998;0.998;1;0.998;0.998;0.944;0.9501;0.1298;0.0856;0.0852;0.0005;0.0103;-0.0044;0.0006;0.002;0.0003;0;0;0.088;-0.0177;0;0;0;0;0;0;0;0;0;0;0;0;0.0016;0.0001;0.0743;0.0743;0;10.925;10.925;1.4046;0.0495;71.09;1044.9;1;0.004;0.004;0;0;0;0;0;0;0.0703;-0.0177;0;16.327;18.906;-3.8911;-4.5058;94.633;94.633;0.7216;0.6264;-0.1493;0.0951;0.7757;0.1318;1.0751;0;17.329;0;0
22/07/21 17:00;0.3551;64.791;89.139;0.3925;0.5595;90;0.5595;0;0;0;5.3599;3;0;0;0;0;0;0;0;0;0;0;0;0;0;1;1;1;1;0;0;0;0;0;0;0;0;0;0;0;0;0;0;0;0;0;0;0;0;0;0;0;0;0;0;0;0;0;0;0;0;0;0;0;1;1;1;1;1;1;1;1;1;1;1;1;1;1;1;1;1;1;1;0;0;0;0;0;0;0;0;0;0.0004;0.088;-0.0884;0;0;0;0;0;0;0;0;0;0;0;0;0;0;0;0;0;0;0;-5.3599;0;0;0;0;0.0004;0;0;0;0;0;0;0;-0.0004;-0.0884;0;0;0;0;0;0;0;0;0;-0.7452;0;0.7452;1;1;0;0;0;0
22/07/21 18:00;0;0;90;0;0;90;0;0;0;0;4.6799;3.0299;0;0;0;0;0;0;0;0;0;0;0;0;0;1;1;1;1;0;0;0;0;0;0;0;0;0;0;0;0;0;0;0;0;0;0;0;0;0;0;0;0;0;0;0;0;0;0;0;0;0;0;0;1;1;1;1;1;1;1;1;1;1;1;1;1;1;1;1;1;1;1;0;0;0;0;0;0;0;0;0;0.0004;0.088;-0.0884;0;0;0;0;0;0;0;0;0;0;0;0;0;0;0;0;0;0;0;-4.6799;0;0;0;0;0.0004;0;0;0;0;0;0;0;-0.0004;-0.0884;0;0;0;0;0;0;0;0;0;-0.7452;0;0.7452;1;1;0;0;0;0
22/07/21 19:00;0;0;90;0;0;90;0;0;0;0;5.0501;3.0901;0;0;0;0;0;0;0;0;0;0;0;0;0;1;1;1;1;0;0;0;0;0;0;0;0;0;0;0;0;0;0;0;0;0;0;0;0;0;0;0;0;0;0;0;0;0;0;0;0;0;0;0;1;1;1;1;1;1;1;1;1;1;1;1;1;1;1;1;1;1;1;0;0;0;0;0;0;0;0;0;0.0004;0.088;-0.0884;0;0;0;0;0;0;0;0;0;0;0;0;0;0;0;0;0;0;0;-5.0501;0;0;0;0;0.0004;0;0;0;0;0;0;0;-0.0004;-0.0884;0;0;0;0;0;0;0;0;0;-0.7452;0;0.7452;1;1;0;0;0;0
22/07/21 20:00;0;0;90;0;0;90;0;0;0;0;4.7603;3.05;0;0;0;0;0;0;0;0;0;0;0;0;0;1;1;1;1;0;0;0;0;0;0;0;0;0;0;0;0;0;0;0;0;0;0;0;0;0;0;0;0;0;0;0;0;0;0;0;0;0;0;0;1;1;1;1;1;1;1;1;1;1;1;1;1;1;1;1;1;1;1;0;0;0;0;0;0;0;0;0;0.0004;0.088;-0.0884;0;0;0;0;0;0;0;0;0;0;0;0;0;0;0;0;0;0;0;-4.7603;0;0;0;0;0.0004;0;0;0;0;0;0;0;-0.0004;-0.0884;0;0;0;0;0;0;0;0;0;-0.7452;0;0.7452;1;1;0;0;0;0
22/07/21 21:00;0;0;90;0;0;90;0;0;0;0;6.5798;3.05;0;0;0;0;0;0;0;0;0;0;0;0;0;1;1;1;1;0;0;0;0;0;0;0;0;0;0;0;0;0;0;0;0;0;0;0;0;0;0;0;0;0;0;0;0;0;0;0;0;0;0;0;1;1;1;1;1;1;1;1;1;1;1;1;1;1;1;1;1;1;1;0;0;0;0;0;0;0;0;0;0.0004;0.088;-0.0884;0;0;0;0;0;0;0;0;0;0;0;0;0;0;0;0;0;0;0;-6.5798;0;0;0;0;0.0004;0;0;0;0;0;0;0;-0.0004;-0.0884;0;0;0;0;0;0;0;0;0;-0.7452;0;0.7452;1;1;0;0;0;0
22/07/21 22:00;0;0;90;0;0;90;0;0;0;0;5.9802;3.06;0;0;0;0;0;0;0;0;0;0;0;0;0;1;1;1;1;0;0;0;0;0;0;0;0;0;0;0;0;0;0;0;0;0;0;0;0;0;0;0;0;0;0;0;0;0;0;0;0;0;0;0;1;1;1;1;1;1;1;1;1;1;1;1;1;1;1;1;1;1;1;0;0;0;0;0;0;0;0;0;0.0004;0.088;-0.0884;0;0;0;0;0;0;0;0;0;0;0;0;0;0;0;0;0;0;0;-5.9802;0;0;0;0;0.0004;0;0;0;0;0;0;0;-0.0004;-0.0884;0;0;0;0;0;0;0;0;0;-0.7452;0;0.7452;1;1;0;0;0;0
22/07/21 23:00;0;0;90;0;0;90;0;0;0;0;7.4001;3.13;0;0;0;0;0;0;0;0;0;0;0;0;0;1;1;1;1;0;0;0;0;0;0;0;0;0;0;0;0;0;0;0;0;0;0;0;0;0;0;0;0;0;0;0;0;0;0;0;0;0;0;0;1;1;1;1;1;1;1;1;1;1;1;1;1;1;1;1;1;1;1;0;0;0;0;0;0;0;0;0;0.0004;0.088;-0.0884;0;0;0;0;0;0;0;0;0;0;0;0;0;0;0;0;0;0;0;-7.4001;0;0;0;0;0.0004;0;0;0;0;0;0;0;-0.0004;-0.0884;0;0;0;0;0;0;0;0;0;-0.7452;0;0.7452;1;1;0;0;0;0
23/07/21 00:00;0;0;90;0;0;90;0;0;0;0;7.4599;3.23;0;0;0;0;0;0;0;0;0;0;0;0;0;1;1;1;1;0;0;0;0;0;0;0;0;0;0;0;0;0;0;0;0;0;0;0;0;0;0;0;0;0;0;0;0;0;0;0;0;0;0;0;1;1;1;1;1;1;1;1;1;1;1;1;1;1;1;1;1;1;1;0;0;0;0;0;0;0;0;0;0.0004;0.088;-0.0884;0;0;0;0;0;0;0;0;0;0;0;0;0;0;0;0;0;0;0;-7.4599;0;0;0;0;0.0004;0;0;0;0;0;0;0;-0.0004;-0.0884;0;0;0;0;0;0;0;0;0;-0.7452;0;0.7452;1;1;0;0;0;0
23/07/21 01:00;0;0;90;0;0;90;0;0;0;0;6.05;3.79;0;0;0;0;0;0;0;0;0;0;0;0;0;1;1;1;1;0;0;0;0;0;0;0;0;0;0;0;0;0;0;0;0;0;0;0;0;0;0;0;0;0;0;0;0;0;0;0;0;0;0;0;1;1;1;1;1;1;1;1;1;1;1;1;1;1;1;1;1;1;1;0;0;0;0;0;0;0;0;0;0.0004;0.088;-0.0884;0;0;0;0;0;0;0;0;0;0;0;0;0;0;0;0;0;0;0;-6.05;0;0;0;0;0.0004;0;0;0;0;0;0;0;-0.0004;-0.0884;0;0;0;0;0;0;0;0;0;-0.7452;0;0.7452;1;1;0;0;0;0
23/07/21 02:00;0;0;90;0;0;90;0;0;0;0;6.4003;4.2399;0;0;0;0;0;0;0;0;0;0;0;0;0;1;1;1;1;0;0;0;0;0;0;0;0;0;0;0;0;0;0;0;0;0;0;0;0;0;0;0;0;0;0;0;0;0;0;0;0;0;0;0;1;1;1;1;1;1;1;1;1;1;1;1;1;1;1;1;1;1;1;0;0;0;0;0;0;0;0;0;0.0004;0.088;-0.0884;0;0;0;0;0;0;0;0;0;0;0;0;0;0;0;0;0;0;0;-6.4003;0;0;0;0;0.0004;0;0;0;0;0;0;0;-0.0004;-0.0884;0;0;0;0;0;0;0;0;0;-0.7452;0;0.7452;1;1;0;0;0;0
23/07/21 03:00;0;0;90;0;0;90;0;0;0;0;6.0998;4.4501;0;0;0;0;0;0;0;0;0;0;0;0;0;1;1;1;1;0;0;0;0;0;0;0;0;0;0;0;0;0;0;0;0;0;0;0;0;0;0;0;0;0;0;0;0;0;0;0;0;0;0;0;1;1;1;1;1;1;1;1;1;1;1;1;1;1;1;1;1;1;1;0;0;0;0;0;0;0;0;0;0.0004;0.088;-0.0884;0;0;0;0;0;0;0;0;0;0;0;0;0;0;0;0;0;0;0;-6.0998;0;0;0;0;0.0004;0;0;0;0;0;0;0;-0.0004;-0.0884;0;0;0;0;0;0;0;0;0;-0.7452;0;0.7452;1;1;0;0;0;0
23/07/21 04:00;0;0;90;0;0;90;0;0;0;0;6.2002;4.51;0;0;0;0;0;0;0;0;0;0;0;0;0;1;1;1;1;0;0;0;0;0;0;0;0;0;0;0;0;0;0;0;0;0;0;0;0;0;0;0;0;0;0;0;0;0;0;0;0;0;0;0;1;1;1;1;1;1;1;1;1;1;1;1;1;1;1;1;1;1;1;0;0;0;0;0;0;0;0;0;0.0004;0.088;-0.0884;0;0;0;0;0;0;0;0;0;0;0;0;0;0;0;0;0;0;0;-6.2002;0;0;0;0;0.0004;0;0;0;0;0;0;0;-0.0004;-0.0884;0;0;0;0;0;0;0;0;0;-0.7452;0;0.7452;1;1;0;0;0;0
23/07/21 05:00;0;0;90;0;0;90;0;0;0;0;6.5;4.5301;0;0;0;0;0;0;0;0;0;0;0;0;0;1;1;1;1;0;0;0;0;0;0;0;0;0;0;0;0;0;0;0;0;0;0;0;0;0;0;0;0;0;0;0;0;0;0;0;0;0;0;0;1;1;1;1;1;1;1;1;1;1;1;1;1;1;1;1;1;1;1;0;0;0;0;0;0;0;0;0;0.0004;0.088;-0.0884;0;0;0;0;0;0;0;0;0;0;0;0;0;0;0;0;0;0;0;-6.5;0;0;0;0;0.0004;0;0;0;0;0;0;0;-0.0004;-0.0884;0;0;0;0;0;0;0;0;0;-0.7452;0;0.7452;1;1;0;0;0;0
23/07/21 06:00;0;0;90;0;0;90;0;0;0;0;6.5798;4.8699;0;0;0;0;0;0;0;0;0;0;0;0;0;1;1;1;1;0;0;0;0;0;0;0;0;0;0;0;0;0;0;0;0;0;0;0;0;0;0;0;0;0;0;0;0;0;0;0;0;0;0;0;1;1;1;1;1;1;1;1;1;1;1;1;1;1;1;1;1;1;1;0;0;0;0;0;0;0;0;0;0.0004;0.088;-0.0884;0;0;0;0;0;0;0;0;0;0;0;0;0;0;0;0;0;0;0;-6.5798;0;0;0;0;0.0004;0;0;0;0;0;0;0;-0.0004;-0.0884;0;0;0;0;0;0;0;0;0;-0.7452;0;0.7452;1;1;0;0;0;0
23/07/21 07:00;5.2731;-61.042;77.121;6.0213;8.7172;-90;-8.7172;0;0;0;6.5;5.47;0;0;0;0;0;0;0;0;0;0;0;0;0;1;1;1;1;0;0;0;0;0;0;0;0;0;0;0;0;0;0;0;0;0;0;0;0;0;0;0;0;0;0;0;0;0;0;0;0;0;0;0;1;1;1;1;1;1;1;1;1;1;1;1;1;1;1;1;1;1;1;0;0;0;0;0;0;0;0;0;0.0004;0.088;-0.0884;0;0;0;0;0;0;0;0;0;0;0;0;0;0;0;0;0;0;0;-6.5;0;0;0;0;0.0004;0;0;0;0;0;0;0;-0.0004;-0.0884;0;0;0;0;0;0;0;0;0;-0.7452;0;0.7452;1;1;0;0;0;0
23/07/21 08:00;15.137;-51.48;50.705;19.073;33.349;-90;-33.349;0;0;0;6.5;5.44;0;0;0;0;0;0;0;0;0;0;0;0;0;1;1;1;1;0;0;0;0;0;0;0;0;0;0;0;0;0;0;0;0;0;0;0;0;0;0;0;0;0;0;0;0;0;0;0;0;0;0;0;1;1;1;1;1;1;1;1;1;1;1;1;1;1;1;1;1;1;1;0;0;0;0;0;0;0;0;0;0.0004;0.088;-0.0884;0;0;0;0;0;0;0;0;0;0;0;0;0;0;0;0;0;0;0;-6.5;0;0;0;0;0.0004;0;0;0;0;0;0;0;-0.0004;-0.0884;0;0;0;0;0;0;0;0;0;-0.7452;0;0.7452;1;1;0;0;0;0
23/07/21 09:00;23.916;-39.763;44.644;34.736;55.264;-90;-55.264;0;0;0;6.5;5.53;0;0;0;0;0;0;0;0;0;0;0;0;0;1;1;1;1;0;0;0;0;0;0;0;0;0;0;0;0;0;0;0;0;0;0;0;0;0;0;0;0;0;0;0;0;0;0;0;0;0;0;0;1;1;1;1;1;1;1;1;1;1;1;1;1;1;1;1;1;1;1;0;0;0;0;0;0;0;0;0;0.0004;0.088;-0.0884;0;0;0;0;0;0;0;0;0;0;0;0;0;0;0;0;0;0;0;-6.5;0;0;0;0;0.0004;0;0;0;0;0;0;0;-0.0004;-0.0884;0;0;0;0;0;0;0;0;0;-0.7452;0;0.7452;1;1;0;0;0;0
23/07/21 10:00;30.575;-25.769;50.836;53.652;36.348;-90;-36.348;0;0;0;6.5;5.28;0;0;0;0;0;0;0;0;0;0;0;0;0;1;1;1;1;0;0;0;0;0;0;0;0;0;0;0;0;0;0;0;0;0;0;0;0;0;0;0;0;0;0;0;0;0;0;0;0;0;0;0;1;1;1;1;1;1;1;1;1;1;1;1;1;1;1;1;1;1;1;0;0;0;0;0;0;0;0;0;0.0004;0.088;-0.0884;0;0;0;0;0;0;0;0;0;0;0;0;0;0;0;0;0;0;0;-6.5;0;0;0;0;0.0004;0;0;0;0;0;0;0;-0.0004;-0.0884;0;0;0;0;0;0;0;0;0;-0.7452;0;0.7452;1;1;0;0;0;0
23/07/21 11:00;34.323;-9.6475;54.507;76.209;13.791;-90;-13.791;0;0;0;6.5;4.99;0;0;0;0;0;0;0;0;0;0;0;0;0;1;1;1;1;0;0;0;0;0;0;0;0;0;0;0;0;0;0;0;0;0;0;0;0;0;0;0;0;0;0;0;0;0;0;0;0;0;0;0;1;1;1;1;1;1;1;1;1;1;1;1;1;1;1;1;1;1;1;0;0;0;0;0;0;0;0;0;0.0004;0.088;-0.0884;0;0;0;0;0;0;0;0;0;0;0;0;0;0;0;0;0;0;0;-6.5;0;0;0;0;0.0004;0;0;0;0;0;0;0;-0.0004;-0.0884;0;0;0;0;0;0;0;0;0;-0.7452;0;0.7452;1;1;0;0;0;0
23/07/21 12:00;34.559;7.4603;54.743;79.325;10.675;90;10.675;0;0;0;6.5;4.6001;0;0;0;0;0;0;0;0;0;0;0;0;0;1;1;1;1;0;0;0;0;0;0;0;0;0;0;0;0;0;0;0;0;0;0;0;0;0;0;0;0;0;0;0;0;0;0;0;0;0;0;0;1;1;1;1;1;1;1;1;1;1;1;1;1;1;1;1;1;1;1;0;0;0;0;0;0;0;0;0;0.0004;0.088;-0.0884;0;0;0;0;0;0;0;0;0;0;0;0;0;0;0;0;0;0;0;-6.5;0;0;0;0;0.0004;0;0;0;0;0;0;0;-0.0004;-0.0884;0;0;0;0;0;0;0;0;0;-0.7452;0;0.7452;1;1;0;0;0;0
23/07/21 13:00;31.238;23.795;51.475;56.368;33.632;90;33.632;0;0;0;6.5;3.86;0;0;0;0;0;0;0;0;0;0;0;0;0;1;1;1;1;0;0;0;0;0;0;0;0;0;0;0;0;0;0;0;0;0;0;0;0;0;0;0;0;0;0;0;0;0;0;0;0;0;0;0;1;1;1;1;1;1;1;1;1;1;1;1;1;1;1;1;1;1;1;0;0;0;0;0;0;0;0;0;0.0004;0.088;-0.0884;0;0;0;0;0;0;0;0;0;0;0;0;0;0;0;0;0;0;0;-6.5;0;0;0;0;0.0004;0;0;0;0;0;0;0;-0.0004;-0.0884;0;0;0;0;0;0;0;0;0;-0.7452;0;0.7452;1;1;0;0;0;0
23/07/21 14:00;24.911;38.09;45.546;36.973;53.027;90;53.027;0;0;0;6.5;3.15;0;0;0;0;0;0;0;0;0;0;0;0;0;1;1;1;1;0;0;0;0;0;0;0;0;0;0;0;0;0;0;0;0;0;0;0;0;0;0;0;0;0;0;0;0;0;0;0;0;0;0;0;1;1;1;1;1;1;1;1;1;1;1;1;1;1;1;1;1;1;1;0;0;0;0;0;0;0;0;0;0.0004;0.088;-0.0884;0;0;0;0;0;0;0;0;0;0;0;0;0;0;0;0;0;0;0;-6.5;0;0;0;0;0.0004;0;0;0;0;0;0;0;-0.0004;-0.0884;0;0;0;0;0;0;0;0;0;-0.7452;0;0.7452;1;1;0;0;0;0
23/07/21 15:00;16.363;50.084;46.9;20.948;39.175;90;39.175;0;0;0;6.5;2.7099;0;0;0;0;0;0;0;0;0;0;0;0;0;1;1;1;1;0;0;0;0;0;0;0;0;0;0;0;0;0;0;0;0;0;0;0;0;0;0;0;0;0;0;0;0;0;0;0;0;0;0;0;1;1;1;1;1;1;1;1;1;1;1;1;1;1;1;1;1;1;1;0;0;0;0;0;0;0;0;0;0.0004;0.088;-0.0884;0;0;0;0;0;0;0;0;0;0;0;0;0;0;0;0;0;0;0;-6.5;0;0;0;0;0.0004;0;0;0;0;0;0;0;-0.0004;-0.0884;0;0;0;0;0;0;0;0;0;-0.7452;0;0.7452;1;1;0;0;0;0
23/07/21 16:00;6.2958;60.158;74.576;7.2487;10.57;90;10.57;0;0;0;6.5;2.5;0;0;0;0;0;0;0;0;0;0;0;0;0;1;1;1;1;0;0;0;0;0;0;0;0;0;0;0;0;0;0;0;0;0;0;0;0;0;0;0;0;0;0;0;0;0;0;0;0;0;0;0;1;1;1;1;1;1;1;1;1;1;1;1;1;1;1;1;1;1;1;0;0;0;0;0;0;0;0;0;0.0004;0.088;-0.0884;0;0;0;0;0;0;0;0;0;0;0;0;0;0;0;0;0;0;0;-6.5;0;0;0;0;0.0004;0;0;0;0;0;0;0;-0.0004;-0.0884;0;0;0;0;0;0;0;0;0;-0.7452;0;0.7452;1;1;0;0;0;0
23/07/21 17:00;0.4898;64.945;88.812;0.5406;0.7706;90;0.7706;0;0;0;6.5;2.58;0;0;0;0;0;0;0;0;0;0;0;0;0;1;1;1;1;0;0;0;0;0;0;0;0;0;0;0;0;0;0;0;0;0;0;0;0;0;0;0;0;0;0;0;0;0;0;0;0;0;0;0;1;1;1;1;1;1;1;1;1;1;1;1;1;1;1;1;1;1;1;0;0;0;0;0;0;0;0;0;0.0004;0.088;-0.0884;0;0;0;0;0;0;0;0;0;0;0;0;0;0;0;0;0;0;0;-6.5;0;0;0;0;0.0004;0;0;0;0;0;0;0;-0.0004;-0.0884;0;0;0;0;0;0;0;0;0;-0.7452;0;0.7452;1;1;0;0;0;0
23/07/21 18:00;0;0;90;0;0;90;0;0;0;0;8.3002;2.4601;0;0;0;0;0;0;0;0;0;0;0;0;0;1;1;1;1;0;0;0;0;0;0;0;0;0;0;0;0;0;0;0;0;0;0;0;0;0;0;0;0;0;0;0;0;0;0;0;0;0;0;0;1;1;1;1;1;1;1;1;1;1;1;1;1;1;1;1;1;1;1;0;0;0;0;0;0;0;0;0;0.0004;0.088;-0.0884;0;0;0;0;0;0;0;0;0;0;0;0;0;0;0;0;0;0;0;-8.3002;0;0;0;0;0.0004;0;0;0;0;0;0;0;-0.0004;-0.0884;0;0;0;0;0;0;0;0;0;-0.7452;0;0.7452;1;1;0;0;0;0
23/07/21 19:00;0;0;90;0;0;90;0;0;0;0;8.1699;2.26;0;0;0;0;0;0;0;0;0;0;0;0;0;1;1;1;1;0;0;0;0;0;0;0;0;0;0;0;0;0;0;0;0;0;0;0;0;0;0;0;0;0;0;0;0;0;0;0;0;0;0;0;1;1;1;1;1;1;1;1;1;1;1;1;1;1;1;1;1;1;1;0;0;0;0;0;0;0;0;0;0.0004;0.088;-0.0884;0;0;0;0;0;0;0;0;0;0;0;0;0;0;0;0;0;0;0;-8.1699;0;0;0;0;0.0004;0;0;0;0;0;0;0;-0.0004;-0.0884;0;0;0;0;0;0;0;0;0;-0.7452;0;0.7452;1;1;0;0;0;0
23/07/21 20:00;0;0;90;0;0;90;0;0;0;0;8.1998;2.1401;0;0;0;0;0;0;0;0;0;0;0;0;0;1;1;1;1;0;0;0;0;0;0;0;0;0;0;0;0;0;0;0;0;0;0;0;0;0;0;0;0;0;0;0;0;0;0;0;0;0;0;0;1;1;1;1;1;1;1;1;1;1;1;1;1;1;1;1;1;1;1;0;0;0;0;0;0;0;0;0;0.0004;0.088;-0.0884;0;0;0;0;0;0;0;0;0;0;0;0;0;0;0;0;0;0;0;-8.1998;0;0;0;0;0.0004;0;0;0;0;0;0;0;-0.0004;-0.0884;0;0;0;0;0;0;0;0;0;-0.7452;0;0.7452;1;1;0;0;0;0
23/07/21 21:00;0;0;90;0;0;90;0;0;0;0;7.5802;2.0099;0;0;0;0;0;0;0;0;0;0;0;0;0;1;1;1;1;0;0;0;0;0;0;0;0;0;0;0;0;0;0;0;0;0;0;0;0;0;0;0;0;0;0;0;0;0;0;0;0;0;0;0;1;1;1;1;1;1;1;1;1;1;1;1;1;1;1;1;1;1;1;0;0;0;0;0;0;0;0;0;0.0004;0.088;-0.0884;0;0;0;0;0;0;0;0;0;0;0;0;0;0;0;0;0;0;0;-7.5802;0;0;0;0;0.0004;0;0;0;0;0;0;0;-0.0004;-0.0884;0;0;0;0;0;0;0;0;0;-0.7452;0;0.7452;1;1;0;0;0;0
23/07/21 22:00;0;0;90;0;0;90;0;0;0;0;7.3502;1.89;0;0;0;0;0;0;0;0;0;0;0;0;0;1;1;1;1;0;0;0;0;0;0;0;0;0;0;0;0;0;0;0;0;0;0;0;0;0;0;0;0;0;0;0;0;0;0;0;0;0;0;0;1;1;1;1;1;1;1;1;1;1;1;1;1;1;1;1;1;1;1;0;0;0;0;0;0;0;0;0;0.0004;0.088;-0.0884;0;0;0;0;0;0;0;0;0;0;0;0;0;0;0;0;0;0;0;-7.3502;0;0;0;0;0.0004;0;0;0;0;0;0;0;-0.0004;-0.0884;0;0;0;0;0;0;0;0;0;-0.7452;0;0.7452;1;1;0;0;0;0
23/07/21 23:00;0;0;90;0;0;90;0;0;0;0;7.9898;1.8301;0;0;0;0;0;0;0;0;0;0;0;0;0;1;1;1;1;0;0;0;0;0;0;0;0;0;0;0;0;0;0;0;0;0;0;0;0;0;0;0;0;0;0;0;0;0;0;0;0;0;0;0;1;1;1;1;1;1;1;1;1;1;1;1;1;1;1;1;1;1;1;0;0;0;0;0;0;0;0;0;0.0004;0.088;-0.0884;0;0;0;0;0;0;0;0;0;0;0;0;0;0;0;0;0;0;0;-7.9898;0;0;0;0;0.0004;0;0;0;0;0;0;0;-0.0004;-0.0884;0;0;0;0;0;0;0;0;0;-0.7452;0;0.7452;1;1;0;0;0;0
24/07/21 00:00;0;0;90;0;0;90;0;0;0;0;8.5003;1.8201;0;0;0;0;0;0;0;0;0;0;0;0;0;1;1;1;1;0;0;0;0;0;0;0;0;0;0;0;0;0;0;0;0;0;0;0;0;0;0;0;0;0;0;0;0;0;0;0;0;0;0;0;1;1;1;1;1;1;1;1;1;1;1;1;1;1;1;1;1;1;1;0;0;0;0;0;0;0;0;0;0.0004;0.088;-0.0884;0;0;0;0;0;0;0;0;0;0;0;0;0;0;0;0;0;0;0;-8.5003;0;0;0;0;0.0004;0;0;0;0;0;0;0;-0.0004;-0.0884;0;0;0;0;0;0;0;0;0;-0.7452;0;0.7452;1;1;0;0;0;0
24/07/21 01:00;0;0;90;0;0;90;0;0;0;0;8.5103;1.8301;0;0;0;0;0;0;0;0;0;0;0;0;0;1;1;1;1;0;0;0;0;0;0;0;0;0;0;0;0;0;0;0;0;0;0;0;0;0;0;0;0;0;0;0;0;0;0;0;0;0;0;0;1;1;1;1;1;1;1;1;1;1;1;1;1;1;1;1;1;1;1;0;0;0;0;0;0;0;0;0;0.0004;0.088;-0.0884;0;0;0;0;0;0;0;0;0;0;0;0;0;0;0;0;0;0;0;-8.5103;0;0;0;0;0.0004;0;0;0;0;0;0;0;-0.0004;-0.0884;0;0;0;0;0;0;0;0;0;-0.7452;0;0.7452;1;1;0;0;0;0
24/07/21 02:00;0;0;90;0;0;90;0;0;0;0;8.5103;2.04;0;0;0;0;0;0;0;0;0;0;0;0;0;1;1;1;1;0;0;0;0;0;0;0;0;0;0;0;0;0;0;0;0;0;0;0;0;0;0;0;0;0;0;0;0;0;0;0;0;0;0;0;1;1;1;1;1;1;1;1;1;1;1;1;1;1;1;1;1;1;1;0;0;0;0;0;0;0;0;0;0.0004;0.088;-0.0884;0;0;0;0;0;0;0;0;0;0;0;0;0;0;0;0;0;0;0;-8.5103;0;0;0;0;0.0004;0;0;0;0;0;0;0;-0.0004;-0.0884;0;0;0;0;0;0;0;0;0;-0.7452;0;0.7452;1;1;0;0;0;0
24/07/21 03:00;0;0;90;0;0;90;0;0;0;0;8.1998;2.43;0;0;0;0;0;0;0;0;0;0;0;0;0;1;1;1;1;0;0;0;0;0;0;0;0;0;0;0;0;0;0;0;0;0;0;0;0;0;0;0;0;0;0;0;0;0;0;0;0;0;0;0;1;1;1;1;1;1;1;1;1;1;1;1;1;1;1;1;1;1;1;0;0;0;0;0;0;0;0;0;0.0004;0.088;-0.0884;0;0;0;0;0;0;0;0;0;0;0;0;0;0;0;0;0;0;0;-8.1998;0;0;0;0;0.0004;0;0;0;0;0;0;0;-0.0004;-0.0884;0;0;0;0;0;0;0;0;0;-0.7452;0;0.7452;1;1;0;0;0;0
24/07/21 04:00;0;0;90;0;0;90;0;0;0;0;8.14;2.7099;0;0;0;0;0;0;0;0;0;0;0;0;0;1;1;1;1;0;0;0;0;0;0;0;0;0;0;0;0;0;0;0;0;0;0;0;0;0;0;0;0;0;0;0;0;0;0;0;0;0;0;0;1;1;1;1;1;1;1;1;1;1;1;1;1;1;1;1;1;1;1;0;0;0;0;0;0;0;0;0;0.0004;0.088;-0.0884;0;0;0;0;0;0;0;0;0;0;0;0;0;0;0;0;0;0;0;-8.14;0;0;0;0;0.0004;0;0;0;0;0;0;0;-0.0004;-0.0884;0;0;0;0;0;0;0;0;0;-0.7452;0;0.7452;1;1;0;0;0;0
24/07/21 05:00;0;0;90;0;0;90;0;0;0;0;7.9997;2.83;0;0;0;0;0;0;0;0;0;0;0;0;0;1;1;1;1;0;0;0;0;0;0;0;0;0;0;0;0;0;0;0;0;0;0;0;0;0;0;0;0;0;0;0;0;0;0;0;0;0;0;0;1;1;1;1;1;1;1;1;1;1;1;1;1;1;1;1;1;1;1;0;0;0;0;0;0;0;0;0;0.0004;0.088;-0.0884;0;0;0;0;0;0;0;0;0;0;0;0;0;0;0;0;0;0;0;-7.9997;0;0;0;0;0.0004;0;0;0;0;0;0;0;-0.0004;-0.0884;0;0;0;0;0;0;0;0;0;-0.7452;0;0.7452;1;1;0;0;0;0
24/07/21 06:00;0;0;90;0;0;90;0;0;0;0;7.89;3.31;0;0;0;0;0;0;0;0;0;0;0;0;0;1;1;1;1;0;0;0;0;0;0;0;0;0;0;0;0;0;0;0;0;0;0;0;0;0;0;0;0;0;0;0;0;0;0;0;0;0;0;0;1;1;1;1;1;1;1;1;1;1;1;1;1;1;1;1;1;1;1;0;0;0;0;0;0;0;0;0;0.0004;0.088;-0.0884;0;0;0;0;0;0;0;0;0;0;0;0;0;0;0;0;0;0;0;-7.89;0;0;0;0;0.0004;0;0;0;0;0;0;0;-0.0004;-0.0884;0;0;0;0;0;0;0;0;0;-0.7452;0;0.7452;1;1;0;0;0;0
24/07/21 07:00;5.223;-61.362;77.245;5.9462;8.605;-90;-8.605;27.895;26.801;1.0947;7.4799;4.1;0;2.6549;26.408;0.5898;0;0.0204;29.673;0;29.673;2.6549;0.5898;26.408;0.0204;0.0895;0.8907;0;0.0007;29.508;0.1652;0;0;0.1482;0.017;27.589;1.8595;0.6265;0.1392;1.0931;0.0008;29.449;0.059;0.0053;0.0012;0.0525;0;27.592;2.023;0.4494;25.114;0.0027;15.786;13.671;3.2258;0.0042;0.1257;1.8082;0.003;1.9297;0;1;0;0;1.0637;0.9944;1;1;0.9944;0.1692;0.9369;0.7635;1;0.9583;0.7757;0.998;0.998;1;0.998;0.998;0.9298;0.951;0.131;0.0844;0.0826;0.0005;0.0101;-0.0049;0.0005;0.0019;0.0003;0;0;0.088;-0.0195;0;0;0;0;0;0;0;0;0;0;0;0;0.0015;0.0001;0.0724;0.0724;0;8.8434;8.8434;1.3635;0.0494;68.806;1052.8;1;0.004;0.004;0;0;0;0;0;0;0.0685;-0.0195;0;16.132;18.68;-4.3505;-5.0378;94.511;94.511;0.7122;0.6109;-0.1647;0.1013;0.7756;0.1422;1.0892;0;15.78;0;0
24/07/21 08:00;15.285;-51.635;50.257;19.216;33.745;-90;-33.745;35.592;35.202;0.3898;7.8003;4.6299;0;0.9453;32.201;0.0953;0;0.3898;33.631;0;33.631;0.9453;0.0953;32.201;0.3898;0.0281;0.9691;0;0.0116;31.569;2.0621;0;0;1.7159;0.3462;30.502;1.004;0.0123;0.0012;0.984;0.0065;31.506;0.0631;0.0019;0.0002;0.061;0.0001;30.633;0.9312;0.0938;29.44;0.0371;21.808;18.886;4.7814;0.7318;0.1997;2.873;0.1311;2.3409;0;1;0;0;0.9449;0.9387;1;1;0.9467;0.1119;0.9681;0.987;1;0.9677;0.8515;0.998;0.998;1;0.998;0.998;0.907;0.9143;0.0951;0.0957;0.0934;0.0006;0.0107;-0.0053;0.0006;0.0022;0.0005;0;0;0.088;-0.0099;0;0;0;0;0;0;0;0;0;0;0;0;0.0017;0.0001;0.0823;0.0823;0;9.3061;9.3061;1.5058;0.0494;78.017;1055.3;1;0.0043;0.0043;0;0;0;0;0;0;0.0781;-0.0099;0;16.176;18.732;-1.953;-2.2615;94.816;94.816;0.8071;0.6943;-0.0838;0.1129;0.7781;0.1398;0.964;0;21.806;0;0
24/07/21 09:00;24.086;-39.899;44.458;34.873;55.127;-90;-55.127;146.8;140.2;6.5992;7.8302;5.4901;0;11.542;108.84;2.9922;0;4.0863;127.46;0;127.46;11.542;2.9922;108.84;4.0863;0.0906;0.886;0;0.0321;111.59;15.868;0;0;12.06;3.8081;107.92;3.4463;0.1093;0.0283;3.2965;0.0122;111.37;0.2232;0.0231;0.006;0.1936;0.0006;109.62;11.409;2.9578;93.288;0.2655;92.016;79.686;22.03;13.47;1.397;20.095;1.6981;8.0215;0;1;0;0;0.8682;0.8755;1;1;0.8892;0.0681;0.9691;0.9905;1;0.9659;0.9561;0.998;0.998;1;0.998;0.998;0.8467;0.8571;0.065;0.3627;0.3539;0.0021;0.017;-0.0152;0.0024;0.0087;0.0038;0;0;0.088;0.2318;0;0;0;0;0;0;0;0;0;0;0;0;0.007;0.0005;0.3276;0.3276;0;13.095;13.095;5.2646;0.0488;300.45;1090.4;1;0.0078;0.0078;0;0;0;0;0;0;0.3198;0.2318;0;16.984;19.667;12.016;13.914;97.61;97.61;3.059;2.7627;1.9545;0.2963;0.8081;0.0969;0.2642;0.6389;89.669;0.5715;0
24/07/21 10:00;30.766;-25.871;50.637;53.759;36.241;-90;-36.241;267;221.4;45.602;9.0301;6.0699;0;56.541;186.53;18.467;0;3.3575;264.89;0;264.89;56.541;18.467;186.53;3.3575;0.2134;0.7168;0;0.0127;250.76;14.133;0;0;11.117;3.0162;243.56;6.7016;0.7571;0.2473;5.6539;0.0433;250.26;0.5015;0.1131;0.0369;0.3508;0.0007;244.69;55.671;18.182;169.41;0.2973;158.51;137.27;35.105;5.4164;1.4351;20.644;1.1293;16.662;0;1;0;0;0.9921;0.9466;1;1;0.9404;0.1017;0.9732;0.9866;1;0.9677;0.8729;0.998;0.998;1;0.998;0.998;0.9195;0.9082;0.0886;0.7539;0.7414;0.0045;0.0154;-0.0108;0.0051;0.0182;0.0039;0;0;0.088;0.5888;0;0;0;0;0;0;0;0;0;0;0;0;0.0146;0.0016;0.6889;0.6889;0;20.904;20.904;11.874;0.0488;633.8;1087;1;0.0121;0.0121;0;0;0;0;0;0;0.6768;0.5888;0;17.186;19.901;14.689;17.009;98.245;98.245;6.3574;5.8097;4.9657;0.5477;0.8441;0.0861;0.1328;0.7811;128.79;0.738;0
24/07/21 11:00;34.53;-9.6955;54.298;76.246;13.754;-90;-13.754;220.8;209.9;10.897;9.1697;6.18;0;11.219;203.89;3.135;0;0.4115;218.66;0;218.66;11.219;3.135;203.89;0.4115;0.0513;0.9344;0;0.0019;215.81;2.8511;0;0;2.5094;0.3417;207.34;8.03;0.2164;0.0605;7.7376;0.0156;215.37;0.4316;0.0224;0.0063;0.4028;0.0001;207.43;10.98;3.0682;193.24;0.0541;131.6;113.96;27.152;0.1933;1.0413;14.979;0.0898;15.827;0;1;0;0;0.9903;0.987;1;1;0.9877;0.1698;0.9627;0.9807;1;0.9615;0.7758;0.998;0.998;1;0.998;0.998;0.9483;0.9478;0.1314;0.6223;0.6235;0.0038;0.0165;-0.0127;0.0043;0.0153;0.0028;0;0;0.088;0.4815;0;0;0;0;0;0;0;0;0;0;0;0;0.0123;0.0012;0.5801;0.5801;0;19.277;19.277;10.108;0.0487;532.96;1088.4;1;0.0105;0.0105;0;0;0;0;0;0;0.5695;0.4815;0;17.53;20.299;14.551;16.85;98.181;98.181;5.2478;4.8917;4.0606;0.3561;0.8311;0.0679;0.1584;0.7738;123.55;0.736;0
24/07/21 12:00;34.769;7.4782;54.535;79.382;10.618;90;10.618;143.7;141.3;2.3958;9.8099;6.2999;0;2.4375;139.65;0.4558;0;0.1599;142.7;0;142.7;2.4375;0.4558;139.65;0.1599;0.0171;0.9797;0;0.0011;141.45;1.25;0;0;1.1169;0.1331;135.51;5.6616;0.0483;0.009;5.5982;0.006;141.17;0.2829;0.0049;0.0009;0.2771;0.0001;135.53;2.3844;0.4458;132.65;0.0208;85.496;74.04;17.707;0.051;0.6673;9.5987;0.029;10.215;0;1;0;0;0.9931;0.9912;1;1;0.992;0.1679;0.9599;0.9802;1;0.9595;0.7748;0.998;0.998;1;0.998;0.998;0.9496;0.9499;0.1298;0.4061;0.407;0.0025;0.0172;-0.0126;0.0028;0.0099;0.0018;0;0;0.088;0.2805;0;0;0;0;0;0;0;0;0;0;0;0;0.008;0.0006;0.3768;0.3768;0;16.424;16.424;6.6142;0.0488;347.22;1085.3;1;0.0083;0.0083;0;0;0;0;0;0;0.3685;0.2805;0;17.45;20.206;12.99;15.042;97.798;97.798;3.4248;3.1778;2.3657;0.247;0.8121;0.0721;0.2371;0.6908;83.84;0.6576;0
24/07/21 13:00;31.438;23.872;51.28;56.495;33.505;90;33.505;190.31;184;6.3066;8.84;5.95;0;7.5633;167.17;2.0134;0;2.0554;178.81;0;178.81;7.5633;2.0134;167.17;2.0554;0.0423;0.9464;0;0.0115;168.14;10.669;0;0;8.8365;1.8323;162.52;5.2808;0.1072;0.0285;5.111;0.0341;167.8;0.3363;0.0151;0.004;0.3167;0.0004;163.21;7.441;1.9808;152.91;0.1885;117.06;101.37;25.645;3.7069;1.059;15.234;0.6927;12.586;0;1;0;0;0.9396;0.9403;1;1;0.9471;0.1085;0.9685;0.9858;1;0.9677;0.8466;0.998;0.998;1;0.998;0.998;0.9089;0.9147;0.0917;0.5089;0.4975;0.003;0.0172;-0.0147;0.0034;0.0122;0.0029;0;0;0.088;0.3656;0;0;0;0;0;0;0;0;0;0;0;0;0.0098;0.0008;0.4628;0.4628;0;16.762;16.762;7.922;0.0487;424.52;1090.2;1;0.0093;0.0093;0;0;0;0;0;0;0.4536;0.3656;0;17.104;19.807;13.51;15.645;98;98;4.2913;3.9031;3.0829;0.3882;0.8202;0.0905;0.1911;0.7184;113;0.6753;0
24/07/21 14:00;25.093;38.206;45.367;37.131;52.869;90;52.869;184.19;173.5;10.689;9.9202;5.28;0;17.707;136.47;5.4667;0;4.7455;164.39;0;164.39;17.707;5.4667;136.47;4.7455;0.1077;0.859;0;0.0289;145.67;18.723;0;0;14.281;4.4419;141.03;4.35;0.1771;0.0547;4.1054;0.0127;145.38;0.2913;0.0354;0.0109;0.2444;0.0006;142.95;17.495;5.4011;117.84;0.2902;114.21;98.905;27.022;14.583;1.6159;23.244;1.9216;10.277;0;1;0;0;0.8925;0.8861;1;1;0.8954;0.064;0.9701;0.99;1;0.9663;0.9581;0.998;0.998;1;0.998;0.998;0.8579;0.8635;0.0612;0.4678;0.4555;0.0027;0.0173;-0.0134;0.0031;0.0111;0.0044;0;0;0.088;0.3239;0;0;0;0;0;0;0;0;0;0;0;0;0.009;0.0007;0.4207;0.4207;0;16.804;16.804;6.8834;0.0488;387.8;1084.7;1;0.0088;0.0088;0;0;0;0;0;0;0.4119;0.3239;0;16.909;19.58;13.02;15.077;97.918;97.918;3.9454;3.5475;2.7315;0.3979;0.816;0.1009;0.2068;0.6923;109.73;0.6261;0
24/07/21 15:00;16.526;50.223;46.38;21.11;39.756;90;39.756;78.197;76.903;1.2936;10.1;5.45;0;3.1374;67.779;0.6401;0;1.1753;72.732;0;72.732;3.1374;0.6401;67.779;1.1753;0.0431;0.9481;0;0.0162;66.977;5.7552;0;0;4.6782;1.077;64.754;2.0881;0.0332;0.0068;2.0388;0.0093;66.843;0.134;0.0063;0.0013;0.1262;0.0002;65.178;3.0979;0.632;60.936;0.0887;48.189;41.731;10.846;2.7035;0.4937;7.102;0.4237;4.8922;0;1;0;0;0.9301;0.9209;1;1;0.931;0.0836;0.9688;0.9894;1;0.9676;0.905;0.998;0.998;1;0.998;0.998;0.8903;0.899;0.0755;0.207;0.2007;0.0012;0.0148;-0.0086;0.0014;0.0048;0.0013;0;0;0.088;0.0874;0;0;0;0;0;0;0;0;0;0;0;0;0.0039;0.0002;0.1818;0.1818;0;13.276;13.276;3.1766;0.0491;169.93;1069.9;1;0.0064;0.0064;0;0;0;0;0;0;0.1754;0.0874;0;16.518;19.127;7.9379;9.1919;96.461;96.461;1.7456;1.5332;0.7368;0.2124;0.7964;0.1217;0.4562;0.4221;48.181;0.3933;0
24/07/21 16:00;6.4404;60.311;74.214;7.4035;10.807;90;10.807;24.008;23.701;0.3071;10;5.9701;0;0.7447;23.442;0.1187;0;0.0277;24.333;0;24.333;0.7447;0.1187;23.442;0.0277;0.0306;0.9645;0;0.0011;24.117;0.2161;0;0;0.1931;0.023;22.984;1.0846;0.1265;0.0202;0.9368;0.001;24.069;0.0482;0.0015;0.0002;0.0465;0;22.99;0.6167;0.0983;22.266;0.0036;14.083;12.196;2.8843;0.0091;0.1121;1.612;0.0051;1.715;0;1;0;0;1.0136;0.9911;1;1;0.9918;0.1679;0.9549;0.8297;1;0.9596;0.7748;0.998;0.998;1;0.998;0.998;0.9446;0.9498;0.1298;0.0693;0.069;0.0004;0.0093;-0.0035;0.0004;0.0016;0.0003;0;0;0.088;-0.0323;0;0;0;0;0;0;0;0;0;0;0;0;0.0013;0;0.0592;0.0592;0;11.141;11.141;1.1413;0.0497;57.237;1034.5;1;0.0035;0.0035;0;0;0;0;0;0;0.0557;-0.0323;0;16.08;18.621;-8.7754;-10.162;94.04;94.04;0.584;0.4994;-0.2725;0.0846;0.7719;0.1449;1.3217;0;14.081;0;0
24/07/21 17:00;0.6262;65.105;88.481;0.6903;0.9841;90;0.9841;0;0;0;9.76;6.49;0;0;0;0;0;0;0;0;0;0;0;0;0;1;1;1;1;0;0;0;0;0;0;0;0;0;0;0;0;0;0;0;0;0;0;0;0;0;0;0;0;0;0;0;0;0;0;0;0;0;0;0;1;1;1;1;1;1;1;1;1;1;1;1;1;1;1;1;1;1;1;0;0;0;0;0;0;0;0;0;0.0004;0.088;-0.0884;0;0;0;0;0;0;0;0;0;0;0;0;0;0;0;0;0;0;0;-9.76;0;0;0;0;0.0004;0;0;0;0;0;0;0;-0.0004;-0.0884;0;0;0;0;0;0;0;0;0;-0.7452;0;0.7452;1;1;0;0;0;0
24/07/21 18:00;0;0;90;0;0;90;0;0;0;0;9.3997;6.6101;0;0;0;0;0;0;0;0;0;0;0;0;0;1;1;1;1;0;0;0;0;0;0;0;0;0;0;0;0;0;0;0;0;0;0;0;0;0;0;0;0;0;0;0;0;0;0;0;0;0;0;0;1;1;1;1;1;1;1;1;1;1;1;1;1;1;1;1;1;1;1;0;0;0;0;0;0;0;0;0;0.0004;0.088;-0.0884;0;0;0;0;0;0;0;0;0;0;0;0;0;0;0;0;0;0;0;-9.3997;0;0;0;0;0.0004;0;0;0;0;0;0;0;-0.0004;-0.0884;0;0;0;0;0;0;0;0;0;-0.7452;0;0.7452;1;1;0;0;0;0
24/07/21 19:00;0;0;90;0;0;90;0;0;0;0;9.08;6.57;0;0;0;0;0;0;0;0;0;0;0;0;0;1;1;1;1;0;0;0;0;0;0;0;0;0;0;0;0;0;0;0;0;0;0;0;0;0;0;0;0;0;0;0;0;0;0;0;0;0;0;0;1;1;1;1;1;1;1;1;1;1;1;1;1;1;1;1;1;1;1;0;0;0;0;0;0;0;0;0;0.0004;0.088;-0.0884;0;0;0;0;0;0;0;0;0;0;0;0;0;0;0;0;0;0;0;-9.08;0;0;0;0;0.0004;0;0;0;0;0;0;0;-0.0004;-0.0884;0;0;0;0;0;0;0;0;0;-0.7452;0;0.7452;1;1;0;0;0;0
24/07/21 20:00;0;0;90;0;0;90;0;0;0;0;9.06;6.59;0;0;0;0;0;0;0;0;0;0;0;0;0;1;1;1;1;0;0;0;0;0;0;0;0;0;0;0;0;0;0;0;0;0;0;0;0;0;0;0;0;0;0;0;0;0;0;0;0;0;0;0;1;1;1;1;1;1;1;1;1;1;1;1;1;1;1;1;1;1;1;0;0;0;0;0;0;0;0;0;0.0004;0.088;-0.0884;0;0;0;0;0;0;0;0;0;0;0;0;0;0;0;0;0;0;0;-9.06;0;0;0;0;0.0004;0;0;0;0;0;0;0;-0.0004;-0.0884;0;0;0;0;0;0;0;0;0;-0.7452;0;0.7452;1;1;0;0;0;0
24/07/21 21:00;0;0;90;0;0;90;0;0;0;0;8.3401;6.51;0;0;0;0;0;0;0;0;0;0;0;0;0;1;1;1;1;0;0;0;0;0;0;0;0;0;0;0;0;0;0;0;0;0;0;0;0;0;0;0;0;0;0;0;0;0;0;0;0;0;0;0;1;1;1;1;1;1;1;1;1;1;1;1;1;1;1;1;1;1;1;0;0;0;0;0;0;0;0;0;0.0004;0.088;-0.0884;0;0;0;0;0;0;0;0;0;0;0;0;0;0;0;0;0;0;0;-8.3401;0;0;0;0;0.0004;0;0;0;0;0;0;0;-0.0004;-0.0884;0;0;0;0;0;0;0;0;0;-0.7452;0;0.7452;1;1;0;0;0;0
24/07/21 22:00;0;0;90;0;0;90;0;0;0;0;8.4498;6.6001;0;0;0;0;0;0;0;0;0;0;0;0;0;1;1;1;1;0;0;0;0;0;0;0;0;0;0;0;0;0;0;0;0;0;0;0;0;0;0;0;0;0;0;0;0;0;0;0;0;0;0;0;1;1;1;1;1;1;1;1;1;1;1;1;1;1;1;1;1;1;1;0;0;0;0;0;0;0;0;0;0.0004;0.088;-0.0884;0;0;0;0;0;0;0;0;0;0;0;0;0;0;0;0;0;0;0;-8.4498;0;0;0;0;0.0004;0;0;0;0;0;0;0;-0.0004;-0.0884;0;0;0;0;0;0;0;0;0;-0.7452;0;0.7452;1;1;0;0;0;0
24/07/21 23:00;0;0;90;0;0;90;0;0;0;0;6.7101;7.3201;0;0;0;0;0;0;0;0;0;0;0;0;0;1;1;1;1;0;0;0;0;0;0;0;0;0;0;0;0;0;0;0;0;0;0;0;0;0;0;0;0;0;0;0;0;0;0;0;0;0;0;0;1;1;1;1;1;1;1;1;1;1;1;1;1;1;1;1;1;1;1;0;0;0;0;0;0;0;0;0;0.0004;0.088;-0.0884;0;0;0;0;0;0;0;0;0;0;0;0;0;0;0;0;0;0;0;-6.7101;0;0;0;0;0.0004;0;0;0;0;0;0;0;-0.0004;-0.0884;0;0;0;0;0;0;0;0;0;-0.7452;0;0.7452;1;1;0;0;0;0
25/07/21 00:00;0;0;90;0;0;90;0;0;0;0;7.21;7.6;0;0;0;0;0;0;0;0;0;0;0;0;0;1;1;1;1;0;0;0;0;0;0;0;0;0;0;0;0;0;0;0;0;0;0;0;0;0;0;0;0;0;0;0;0;0;0;0;0;0;0;0;1;1;1;1;1;1;1;1;1;1;1;1;1;1;1;1;1;1;1;0;0;0;0;0;0;0;0;0;0.0004;0.088;-0.0884;0;0;0;0;0;0;0;0;0;0;0;0;0;0;0;0;0;0;0;-7.21;0;0;0;0;0.0004;0;0;0;0;0;0;0;-0.0004;-0.0884;0;0;0;0;0;0;0;0;0;-0.7452;0;0.7452;1;1;0;0;0;0
25/07/21 01:00;0;0;90;0;0;90;0;0;0;0;6.8098;7.7901;0;0;0;0;0;0;0;0;0;0;0;0;0;1;1;1;1;0;0;0;0;0;0;0;0;0;0;0;0;0;0;0;0;0;0;0;0;0;0;0;0;0;0;0;0;0;0;0;0;0;0;0;1;1;1;1;1;1;1;1;1;1;1;1;1;1;1;1;1;1;1;0;0;0;0;0;0;0;0;0;0.0004;0.088;-0.0884;0;0;0;0;0;0;0;0;0;0;0;0;0;0;0;0;0;0;0;-6.8098;0;0;0;0;0.0004;0;0;0;0;0;0;0;-0.0004;-0.0884;0;0;0;0;0;0;0;0;0;-0.7452;0;0.7452;1;1;0;0;0;0
25/07/21 02:00;0;0;90;0;0;90;0;0;0;0;6.5997;7.59;0;0;0;0;0;0;0;0;0;0;0;0;0;1;1;1;1;0;0;0;0;0;0;0;0;0;0;0;0;0;0;0;0;0;0;0;0;0;0;0;0;0;0;0;0;0;0;0;0;0;0;0;1;1;1;1;1;1;1;1;1;1;1;1;1;1;1;1;1;1;1;0;0;0;0;0;0;0;0;0;0.0004;0.088;-0.0884;0;0;0;0;0;0;0;0;0;0;0;0;0;0;0;0;0;0;0;-6.5997;0;0;0;0;0.0004;0;0;0;0;0;0;0;-0.0004;-0.0884;0;0;0;0;0;0;0;0;0;-0.7452;0;0.7452;1;1;0;0;0;0
25/07/21 03:00;0;0;90;0;0;90;0;0;0;0;6.5997;6.96;0;0;0;0;0;0;0;0;0;0;0;0;0;1;1;1;1;0;0;0;0;0;0;0;0;0;0;0;0;0;0;0;0;0;0;0;0;0;0;0;0;0;0;0;0;0;0;0;0;0;0;0;1;1;1;1;1;1;1;1;1;1;1;1;1;1;1;1;1;1;1;0;0;0;0;0;0;0;0;0;0.0004;0.088;-0.0884;0;0;0;0;0;0;0;0;0;0;0;0;0;0;0;0;0;0;0;-6.5997;0;0;0;0;0.0004;0;0;0;0;0;0;0;-0.0004;-0.0884;0;0;0;0;0;0;0;0;0;-0.7452;0;0.7452;1;1;0;0;0;0
25/07/21 04:00;0;0;90;0;0;90;0;0;0;0;6.0001;7.06;0;0;0;0;0;0;0;0;0;0;0;0;0;1;1;1;1;0;0;0;0;0;0;0;0;0;0;0;0;0;0;0;0;0;0;0;0;0;0;0;0;0;0;0;0;0;0;0;0;0;0;0;1;1;1;1;1;1;1;1;1;1;1;1;1;1;1;1;1;1;1;0;0;0;0;0;0;0;0;0;0.0004;0.088;-0.0884;0;0;0;0;0;0;0;0;0;0;0;0;0;0;0;0;0;0;0;-6.0001;0;0;0;0;0.0004;0;0;0;0;0;0;0;-0.0004;-0.0884;0;0;0;0;0;0;0;0;0;-0.7452;0;0.7452;1;1;0;0;0;0
25/07/21 05:00;0;0;90;0;0;90;0;0;0;0;5.2403;7.37;0;0;0;0;0;0;0;0;0;0;0;0;0;1;1;1;1;0;0;0;0;0;0;0;0;0;0;0;0;0;0;0;0;0;0;0;0;0;0;0;0;0;0;0;0;0;0;0;0;0;0;0;1;1;1;1;1;1;1;1;1;1;1;1;1;1;1;1;1;1;1;0;0;0;0;0;0;0;0;0;0.0004;0.088;-0.0884;0;0;0;0;0;0;0;0;0;0;0;0;0;0;0;0;0;0;0;-5.2403;0;0;0;0;0.0004;0;0;0;0;0;0;0;-0.0004;-0.0884;0;0;0;0;0;0;0;0;0;-0.7452;0;0.7452;1;1;0;0;0;0
25/07/21 06:00;0;0;90;0;0;90;0;0;0;0;5.1997;7.2599;0;0;0;0;0;0;0;0;0;0;0;0;0;1;1;1;1;0;0;0;0;0;0;0;0;0;0;0;0;0;0;0;0;0;0;0;0;0;0;0;0;0;0;0;0;0;0;0;0;0;0;0;1;1;1;1;1;1;1;1;1;1;1;1;1;1;1;1;1;1;1;0;0;0;0;0;0;0;0;0;0.0004;0.088;-0.0884;0;0;0;0;0;0;0;0;0;0;0;0;0;0;0;0;0;0;0;-5.1997;0;0;0;0;0.0004;0;0;0;0;0;0;0;-0.0004;-0.0884;0;0;0;0;0;0;0;0;0;-0.7452;0;0.7452;1;1;0;0;0;0
25/07/21 07:00;5.3571;-61.531;76.913;6.0888;8.8181;-90;-8.8181;15.999;15.798;0.2006;5.4497;7.3;0;0.4865;15.679;0.0621;0;0.0123;16.24;0;16.24;0.4865;0.0621;15.679;0.0123;0.03;0.9662;0;0.0008;16.138;0.1019;0;0;0.0916;0.0102;15.334;0.7722;0.1107;0.0141;0.6469;0.0005;16.106;0.0323;0.001;0.0001;0.0312;0;15.336;0.3748;0.0478;14.91;0.0016;9.3743;8.1181;1.9157;0.0028;0.0747;1.074;0.0019;1.1459;0;1;0;0;1.0151;0.9937;1;1;0.9942;0.1693;0.9521;0.772;1;0.9584;0.7757;0.998;0.998;1;0.998;0.998;0.9442;0.9509;0.131;0.0462;0.046;0.0003;0.0075;-0.0031;0.0003;0.001;0.0002;0;0;0.088;-0.0521;0;0;0;0;0;0;0;0;0;0;0;0;0.0008;0;0.0389;0.0389;0;6.2135;6.2135;0.7638;0.0498;37.516;1037.9;1;0.003;0.003;0;0;0;0;0;0;0.0359;-0.0521;0;15.843;18.346;-21.182;-24.528;92.305;92.305;0.3898;0.3284;-0.439;0.0614;0.7674;0.1575;1.9688;0;9.3732;0;0
25/07/21 08:00;15.438;-51.792;49.79;19.364;34.163;-90;-34.163;116.8;101.5;15.295;5.6398;7.4801;0;37.095;88.724;10.671;0;1.31;137.8;0;137.8;37.095;10.671;88.724;1.31;0.2692;0.6534;0;0.0095;131.81;5.9862;0;0;4.8205;1.1657;128.22;3.3291;0.4668;0.1343;2.7071;0.0209;131.55;0.2636;0.0742;0.0213;0.1678;0.0003;128.59;36.554;10.516;81.029;0.1231;60.371;52.281;13.269;2.1036;0.5558;7.9947;0.373;6.4469;0;1;0;0;1.1798;0.9566;1;1;0.9457;0.1101;0.9747;0.9874;1;0.9677;0.8549;0.998;0.998;1;0.998;0.998;0.9305;0.9133;0.094;0.3922;0.3839;0.0023;0.0171;-0.0181;0.0027;0.0095;0.0015;0;0;0.088;0.2644;0;0;0;0;0;0;0;0;0;0;0;0;0.0077;0.0005;0.3607;0.3607;0;11.878;11.878;6.2381;0.0487;327.23;1102.4;1;0.0083;0.0083;0;0;0;0;0;0;0.3524;0.2644;0;17.299;20.032;12.681;14.684;97.699;97.699;3.3072;3.0422;2.2301;0.265;0.8121;0.0801;0.2456;0.6743;60.274;0.6463;0
25/07/21 09:00;24.261;-40.037;44.267;35.016;54.984;-90;-54.984;164.31;153;11.304;6.3903;7.77;0;19.7;117.9;5.5343;0;4.5518;147.68;0;147.68;19.7;5.5343;117.9;4.5518;0.1334;0.8291;0;0.0308;130.43;17.257;0;0;13.015;4.2417;126.35;3.819;0.1844;0.0518;3.5692;0.0135;130.17;0.2609;0.0394;0.0111;0.2098;0.0006;128.2;19.476;5.4714;101.1;0.296;101.11;87.559;24.136;14.459;1.5173;21.826;1.8553;8.8846;0;1;0;0;0.8988;0.8832;1;1;0.8896;0.0681;0.9707;0.9906;1;0.9659;0.9564;0.998;0.998;1;0.998;0.998;0.8555;0.8576;0.065;0.4203;0.4105;0.0025;0.0172;-0.0184;0.0029;0.0102;0.0041;0;0;0.088;0.2868;0;0;0;0;0;0;0;0;0;0;0;0;0.0082;0.0006;0.3833;0.3833;0;12.541;12.541;6.1512;0.0487;348.93;1098.5;1;0.0085;0.0085;0;0;0;0;0;0;0.3748;0.2868;0;17.15;19.859;12.832;14.859;97.783;97.783;3.5444;3.2323;2.4185;0.3121;0.8138;0.0881;0.2296;0.6823;96.982;0.6144;0
25/07/21 10:00;30.962;-25.974;50.434;53.871;36.129;-90;-36.129;249.91;217.3;32.607;6.8198;8;0;40.371;187.01;12.864;0;3.1238;243.37;0;243.37;40.371;12.864;187.01;3.1238;0.1659;0.7813;0;0.0128;229.48;13.897;0;0;11.092;2.8048;222.6;6.4119;0.5314;0.1693;5.6704;0.0408;229.02;0.459;0.0807;0.0257;0.3518;0.0006;223.67;39.758;12.669;169.9;0.2775;150.17;130.04;33.248;5.3731;1.3759;19.791;1.0612;15.794;0;1;0;0;0.9739;0.9429;1;1;0.9407;0.1021;0.972;0.9868;1;0.9677;0.8718;0.998;0.998;1;0.998;0.998;0.9147;0.9085;0.0888;0.6926;0.6796;0.0041;0.016;-0.0178;0.0047;0.0168;0.0037;0;0;0.088;0.5375;0;0;0;0;0;0;0;0;0;0;0;0;0.0135;0.0014;0.637;0.637;0;17.65;17.65;10.831;0.0487;580.58;1097.2;1;0.0115;0.0115;0;0;0;0;0;0;0.6255;0.5375;0;17.295;20.028;14.595;16.901;98.202;98.202;5.8409;5.3719;4.5331;0.4691;0.8387;0.0803;0.1436;0.7761;129.01;0.7316;0
25/07/21 11:00;34.742;-9.7423;54.084;76.288;13.712;-90;-13.712;282.51;245.9;36.607;8.1699;8.18;0;37.681;230.65;12.266;0;0.5234;281.12;0;281.12;37.681;12.266;230.65;0.5234;0.134;0.8223;0;0.0019;277.86;3.2588;0;0;2.8243;0.4345;267.59;9.7204;0.7097;0.231;8.7598;0.0199;277.31;0.5557;0.0754;0.0245;0.4557;0.0002;267.7;36.895;12.011;218.61;0.0688;167.77;145.29;34.803;0.2163;1.3134;18.893;0.1146;19.99;0;1;0;0;0.9951;0.9884;1;1;0.9878;0.1698;0.9649;0.9811;1;0.9615;0.7758;0.998;0.998;1;0.998;0.998;0.9519;0.9478;0.1314;0.8001;0.8038;0.0048;0.0147;-0.0108;0.0056;0.0197;0.0035;0;0;0.088;0.6475;0;0;0;0;0;0;0;0;0;0;0;0;0.0159;0.0018;0.7484;0.7484;0;21.21;21.21;13.04;0.0487;687.45;1088.7;1;0.013;0.013;0;0;0;0;0;0;0.7355;0.6475;0;17.592;20.372;15.219;17.624;98.268;98.268;6.7469;6.3117;5.4602;0.4353;0.8514;0.0645;0.1262;0.8093;139.74;0.7705;0
25/07/21 12:00;34.984;7.4995;54.322;79.435;10.565;90;10.565;528.61;137.7;390.9;9.2402;8.01;0;397.65;66.304;72.052;0;0.5825;536.58;0;536.58;397.65;72.052;66.304;0.5825;0.7411;0.1247;0;0.0011;535.57;1.0105;0;0;0.5259;0.4847;522.74;11.765;7.6892;1.3933;2.6604;0.022;534.5;1.0711;0.7953;0.1441;0.1316;0.0002;522.85;389.16;70.515;62.987;0.0756;308.82;267.44;66.792;0.0239;2.2157;31.872;0.1148;34.064;0;1;0;0;1.0151;0.9981;1;1;0.9921;0.1679;0.978;0.9806;1;0.9595;0.7748;0.998;0.998;1;0.998;0.998;0.9742;0.95;0.1298;1.5271;1.5598;0.0094;0.0044;0.0542;0.0104;0.037;0.0058;0;0;0.088;1.2925;0;0;0;0;0;0;0;0;0;0;0;0;0.0298;0.006;1.4027;1.4027;0;34.904;34.904;25.664;0.0491;1340.8;1046.1;1;0.0222;0.0222;0;0;0;0;0;0;1.3805;1.2925;0;17.274;20.003;15.917;18.431;98.417;98.417;12.878;11.829;10.9;1.049;0.9294;0.0815;0.0722;0.8464;39.802;0.8103;0
25/07/21 13:00;31.642;23.953;51.08;56.622;33.378;90;33.378;560.99;92.801;468.19;9.6603;7.8099;0;560.67;27.817;74.826;0;6.0146;669.33;0;669.33;560.67;74.826;27.817;6.0146;0.8377;0.0505;0;0.009;662.51;6.8202;0;0;1.4617;5.3586;651.39;9.7968;7.8034;1.0414;0.8509;0.1011;661.19;1.325;1.1213;0.1497;0.0527;0.0013;653.1;551.75;73.634;25.452;0.5537;288.72;250.03;63.683;0.6103;2.0292;29.189;1.7162;30.608;0;1;0;0;1.1931;0.9898;1;1;0.9475;0.1091;0.9852;0.9861;1;0.9677;0.8456;0.998;0.998;1;0.998;0.998;0.9732;0.915;0.0921;1.9049;1.9271;0.0116;0.0003;0.1134;0.0126;0.0447;0.0052;0;0;0.088;1.5789;0;0;0;0;0;0;0;0;0;0;0;0;0.036;0.0089;1.6943;1.6943;0;41.796;41.796;32.136;0.0493;1657.4;1022.2;1;0.0274;0.0274;0;0;0;0;0;0;1.6669;1.5789;0;16.727;19.37;15.588;18.05;98.383;98.383;16.064;14.288;13.315;1.7756;0.9731;0.1105;0.0606;0.8289;18.786;0.8027;0
25/07/21 14:00;25.278;38.328;45.183;37.288;52.712;90;52.712;202.59;185.7;16.891;10.67;7.4999;0;27.88;144.65;9.1474;0;5.1907;186.87;0;186.87;27.88;9.1474;144.65;5.1907;0.1492;0.8019;0;0.0278;166.94;19.93;0;0;15.071;4.8583;161.88;4.7302;0.2759;0.0905;4.3499;0.0139;166.61;0.3339;0.0558;0.0183;0.2592;0.0007;163.94;27.549;9.0386;124.97;0.3179;123.35;106.83;29.091;15.296;1.7219;24.769;2.0603;11.195;0;1;0;0;0.9224;0.8934;1;1;0.8958;0.064;0.9716;0.9901;1;0.9664;0.9582;0.998;0.998;1;0.998;0.998;0.8663;0.8639;0.0612;0.5318;0.5187;0.0031;0.0171;-0.012;0.0036;0.0127;0.0046;0;0;0.088;0.3811;0;0;0;0;0;0;0;0;0;0;0;0;0.0102;0.0009;0.4784;0.4784;0;18.573;18.573;7.903;0.0488;442.02;1082.4;1;0.0093;0.0093;0;0;0;0;0;0;0.4691;0.3811;0;16.918;19.59;13.476;15.604;98.047;98.047;4.4849;4.0347;3.2138;0.4503;0.8209;0.1004;0.183;0.7166;116.12;0.6519;0
25/07/21 15:00;16.691;50.368;45.848;21.272;40.357;90;40.357;131.7;124;7.7034;9.9003;6.01;0;18.683;107.03;6.0854;0;2.0372;133.84;0;133.84;18.683;6.0854;107.03;2.0372;0.1396;0.8149;0;0.0152;124.41;9.4262;0;0;7.5557;1.8705;120.68;3.4856;0.1921;0.0626;3.216;0.015;124.16;0.2488;0.0374;0.0122;0.199;0.0003;121.38;18.453;6.0107;96.063;0.1514;76.523;66.269;17.27;4.495;0.7941;11.422;0.6965;7.7215;0;1;0;0;1.0162;0.9296;1;1;0.9294;0.0818;0.9719;0.9897;1;0.9676;0.9101;0.998;0.998;1;0.998;0.998;0.9017;0.8975;0.0743;0.3809;0.3701;0.0022;0.0171;-0.0123;0.0025;0.009;0.0021;0;0;0.088;0.2458;0;0;0;0;0;0;0;0;0;0;0;0;0.0073;0.0005;0.3417;0.3417;0;15.794;15.794;5.8938;0.0488;315.34;1083.6;1;0.0079;0.0079;0;0;0;0;0;0;0.3338;0.2458;0;16.871;19.536;12.135;14.052;97.685;97.685;3.2121;2.8816;2.0728;0.3305;0.8088;0.1029;0.2518;0.6453;76.473;0.6065;0
25/07/21 16:00;6.5869;60.47;73.847;7.5597;11.047;90;11.047;27.7;27.399;0.3007;9.07;4.67;0;0.7294;27.092;0.1314;0;0.0334;27.986;0;27.986;0.7294;0.1314;27.092;0.0334;0.0261;0.9692;0;0.0012;27.727;0.2593;0;0;0.2315;0.0278;26.451;1.22;0.119;0.0214;1.0783;0.0013;27.671;0.0555;0.0015;0.0003;0.0537;0;26.457;0.6089;0.1097;25.728;0.0043;16.285;14.103;3.3363;0.0115;0.1296;1.8641;0.0063;1.9822;0;1;0;0;1.0103;0.9907;1;1;0.9915;0.1679;0.9559;0.8365;1;0.9598;0.7748;0.998;0.998;1;0.998;0.998;0.9452;0.9497;0.1298;0.0796;0.0794;0.0005;0.0099;-0.0042;0.0005;0.0018;0.0003;0;0;0.088;-0.0228;0;0;0;0;0;0;0;0;0;0;0;0;0.0015;0.0001;0.0691;0.0691;0;10.38;10.38;1.3098;0.0495;66.144;1044.2;1;0.0038;0.0038;0;0;0;0;0;0;0.0652;-0.0228;0;16.308;18.884;-5.3771;-6.2265;94.441;94.441;0.6717;0.5824;-0.192;0.0892;0.7745;0.1328;1.1531;0;16.283;0;0
25/07/21 17:00;0.5784;65.416;88.597;0.6361;0.9068;90;0.9068;0;0;0;8.1001;4.58;0;0;0;0;0;0;0;0;0;0;0;0;0;1;1;1;1;0;0;0;0;0;0;0;0;0;0;0;0;0;0;0;0;0;0;0;0;0;0;0;0;0;0;0;0;0;0;0;0;0;0;0;1;1;1;1;1;1;1;1;1;1;1;1;1;1;1;1;1;1;1;0;0;0;0;0;0;0;0;0;0.0004;0.088;-0.0884;0;0;0;0;0;0;0;0;0;0;0;0;0;0;0;0;0;0;0;-8.1001;0;0;0;0;0.0004;0;0;0;0;0;0;0;-0.0004;-0.0884;0;0;0;0;0;0;0;0;0;-0.7452;0;0.7452;1;1;0;0;0;0
25/07/21 18:00;0;0;90;0;0;90;0;0;0;0;7.9698;3.94;0;0;0;0;0;0;0;0;0;0;0;0;0;1;1;1;1;0;0;0;0;0;0;0;0;0;0;0;0;0;0;0;0;0;0;0;0;0;0;0;0;0;0;0;0;0;0;0;0;0;0;0;1;1;1;1;1;1;1;1;1;1;1;1;1;1;1;1;1;1;1;0;0;0;0;0;0;0;0;0;0.0004;0.088;-0.0884;0;0;0;0;0;0;0;0;0;0;0;0;0;0;0;0;0;0;0;-7.9698;0;0;0;0;0.0004;0;0;0;0;0;0;0;-0.0004;-0.0884;0;0;0;0;0;0;0;0;0;-0.7452;0;0.7452;1;1;0;0;0;0
25/07/21 19:00;0;0;90;0;0;90;0;0;0;0;7.4001;4.1499;0;0;0;0;0;0;0;0;0;0;0;0;0;1;1;1;1;0;0;0;0;0;0;0;0;0;0;0;0;0;0;0;0;0;0;0;0;0;0;0;0;0;0;0;0;0;0;0;0;0;0;0;1;1;1;1;1;1;1;1;1;1;1;1;1;1;1;1;1;1;1;0;0;0;0;0;0;0;0;0;0.0004;0.088;-0.0884;0;0;0;0;0;0;0;0;0;0;0;0;0;0;0;0;0;0;0;-7.4001;0;0;0;0;0.0004;0;0;0;0;0;0;0;-0.0004;-0.0884;0;0;0;0;0;0;0;0;0;-0.7452;0;0.7452;1;1;0;0;0;0
25/07/21 20:00;0;0;90;0;0;90;0;0;0;0;7.2;5.3;0;0;0;0;0;0;0;0;0;0;0;0;0;1;1;1;1;0;0;0;0;0;0;0;0;0;0;0;0;0;0;0;0;0;0;0;0;0;0;0;0;0;0;0;0;0;0;0;0;0;0;0;1;1;1;1;1;1;1;1;1;1;1;1;1;1;1;1;1;1;1;0;0;0;0;0;0;0;0;0;0.0004;0.088;-0.0884;0;0;0;0;0;0;0;0;0;0;0;0;0;0;0;0;0;0;0;-7.2;0;0;0;0;0.0004;0;0;0;0;0;0;0;-0.0004;-0.0884;0;0;0;0;0;0;0;0;0;-0.7452;0;0.7452;1;1;0;0;0;0
25/07/21 21:00;0;0;90;0;0;90;0;0;0;0;7.4998;6.08;0;0;0;0;0;0;0;0;0;0;0;0;0;1;1;1;1;0;0;0;0;0;0;0;0;0;0;0;0;0;0;0;0;0;0;0;0;0;0;0;0;0;0;0;0;0;0;0;0;0;0;0;1;1;1;1;1;1;1;1;1;1;1;1;1;1;1;1;1;1;1;0;0;0;0;0;0;0;0;0;0.0004;0.088;-0.0884;0;0;0;0;0;0;0;0;0;0;0;0;0;0;0;0;0;0;0;-7.4998;0;0;0;0;0.0004;0;0;0;0;0;0;0;-0.0004;-0.0884;0;0;0;0;0;0;0;0;0;-0.7452;0;0.7452;1;1;0;0;0;0
25/07/21 22:00;0;0;90;0;0;90;0;0;0;0;8.38;6.74;0;0;0;0;0;0;0;0;0;0;0;0;0;1;1;1;1;0;0;0;0;0;0;0;0;0;0;0;0;0;0;0;0;0;0;0;0;0;0;0;0;0;0;0;0;0;0;0;0;0;0;0;1;1;1;1;1;1;1;1;1;1;1;1;1;1;1;1;1;1;1;0;0;0;0;0;0;0;0;0;0.0004;0.088;-0.0884;0;0;0;0;0;0;0;0;0;0;0;0;0;0;0;0;0;0;0;-8.38;0;0;0;0;0.0004;0;0;0;0;0;0;0;-0.0004;-0.0884;0;0;0;0;0;0;0;0;0;-0.7452;0;0.7452;1;1;0;0;0;0
25/07/21 23:00;0;0;90;0;0;90;0;0;0;0;8.9603;6.58;0;0;0;0;0;0;0;0;0;0;0;0;0;1;1;1;1;0;0;0;0;0;0;0;0;0;0;0;0;0;0;0;0;0;0;0;0;0;0;0;0;0;0;0;0;0;0;0;0;0;0;0;1;1;1;1;1;1;1;1;1;1;1;1;1;1;1;1;1;1;1;0;0;0;0;0;0;0;0;0;0.0004;0.088;-0.0884;0;0;0;0;0;0;0;0;0;0;0;0;0;0;0;0;0;0;0;-8.9603;0;0;0;0;0.0004;0;0;0;0;0;0;0;-0.0004;-0.0884;0;0;0;0;0;0;0;0;0;-0.7452;0;0.7452;1;1;0;0;0;0
26/07/21 00:00;0;0;90;0;0;90;0;0;0;0;9.0999;6.3099;0;0;0;0;0;0;0;0;0;0;0;0;0;1;1;1;1;0;0;0;0;0;0;0;0;0;0;0;0;0;0;0;0;0;0;0;0;0;0;0;0;0;0;0;0;0;0;0;0;0;0;0;1;1;1;1;1;1;1;1;1;1;1;1;1;1;1;1;1;1;1;0;0;0;0;0;0;0;0;0;0.0004;0.088;-0.0884;0;0;0;0;0;0;0;0;0;0;0;0;0;0;0;0;0;0;0;-9.0999;0;0;0;0;0.0004;0;0;0;0;0;0;0;-0.0004;-0.0884;0;0;0;0;0;0;0;0;0;-0.7452;0;0.7452;1;1;0;0;0;0
26/07/21 01:00;0;0;90;0;0;90;0;0;0;0;9.0201;5.8001;0;0;0;0;0;0;0;0;0;0;0;0;0;1;1;1;1;0;0;0;0;0;0;0;0;0;0;0;0;0;0;0;0;0;0;0;0;0;0;0;0;0;0;0;0;0;0;0;0;0;0;0;1;1;1;1;1;1;1;1;1;1;1;1;1;1;1;1;1;1;1;0;0;0;0;0;0;0;0;0;0.0004;0.088;-0.0884;0;0;0;0;0;0;0;0;0;0;0;0;0;0;0;0;0;0;0;-9.0201;0;0;0;0;0.0004;0;0;0;0;0;0;0;-0.0004;-0.0884;0;0;0;0;0;0;0;0;0;-0.7452;0;0.7452;1;1;0;0;0;0
26/07/21 02:00;0;0;90;0;0;90;0;0;0;0;8.84;5.36;0;0;0;0;0;0;0;0;0;0;0;0;0;1;1;1;1;0;0;0;0;0;0;0;0;0;0;0;0;0;0;0;0;0;0;0;0;0;0;0;0;0;0;0;0;0;0;0;0;0;0;0;1;1;1;1;1;1;1;1;1;1;1;1;1;1;1;1;1;1;1;0;0;0;0;0;0;0;0;0;0.0004;0.088;-0.0884;0;0;0;0;0;0;0;0;0;0;0;0;0;0;0;0;0;0;0;-8.84;0;0;0;0;0.0004;0;0;0;0;0;0;0;-0.0004;-0.0884;0;0;0;0;0;0;0;0;0;-0.7452;0;0.7452;1;1;0;0;0;0
26/07/21 03:00;0;0;90;0;0;90;0;0;0;0;8.8799;5.3399;0;0;0;0;0;0;0;0;0;0;0;0;0;1;1;1;1;0;0;0;0;0;0;0;0;0;0;0;0;0;0;0;0;0;0;0;0;0;0;0;0;0;0;0;0;0;0;0;0;0;0;0;1;1;1;1;1;1;1;1;1;1;1;1;1;1;1;1;1;1;1;0;0;0;0;0;0;0;0;0;0.0004;0.088;-0.0884;0;0;0;0;0;0;0;0;0;0;0;0;0;0;0;0;0;0;0;-8.8799;0;0;0;0;0.0004;0;0;0;0;0;0;0;-0.0004;-0.0884;0;0;0;0;0;0;0;0;0;-0.7452;0;0.7452;1;1;0;0;0;0
26/07/21 04:00;0;0;90;0;0;90;0;0;0;0;8.7502;4.96;0;0;0;0;0;0;0;0;0;0;0;0;0;1;1;1;1;0;0;0;0;0;0;0;0;0;0;0;0;0;0;0;0;0;0;0;0;0;0;0;0;0;0;0;0;0;0;0;0;0;0;0;1;1;1;1;1;1;1;1;1;1;1;1;1;1;1;1;1;1;1;0;0;0;0;0;0;0;0;0;0.0004;0.088;-0.0884;0;0;0;0;0;0;0;0;0;0;0;0;0;0;0;0;0;0;0;-8.7502;0;0;0;0;0.0004;0;0;0;0;0;0;0;-0.0004;-0.0884;0;0;0;0;0;0;0;0;0;-0.7452;0;0.7452;1;1;0;0;0;0
26/07/21 05:00;0;0;90;0;0;90;0;0;0;0;9.1598;4.6901;0;0;0;0;0;0;0;0;0;0;0;0;0;1;1;1;1;0;0;0;0;0;0;0;0;0;0;0;0;0;0;0;0;0;0;0;0;0;0;0;0;0;0;0;0;0;0;0;0;0;0;0;1;1;1;1;1;1;1;1;1;1;1;1;1;1;1;1;1;1;1;0;0;0;0;0;0;0;0;0;0.0004;0.088;-0.0884;0;0;0;0;0;0;0;0;0;0;0;0;0;0;0;0;0;0;0;-9.1598;0;0;0;0;0.0004;0;0;0;0;0;0;0;-0.0004;-0.0884;0;0;0;0;0;0;0;0;0;-0.7452;0;0.7452;1;1;0;0;0;0
26/07/21 06:00;0;0;90;0;0;90;0;0;0;0;9.2003;4.72;0;0;0;0;0;0;0;0;0;0;0;0;0;1;1;1;1;0;0;0;0;0;0;0;0;0;0;0;0;0;0;0;0;0;0;0;0;0;0;0;0;0;0;0;0;0;0;0;0;0;0;0;1;1;1;1;1;1;1;1;1;1;1;1;1;1;1;1;1;1;1;0;0;0;0;0;0;0;0;0;0.0004;0.088;-0.0884;0;0;0;0;0;0;0;0;0;0;0;0;0;0;0;0;0;0;0;-9.2003;0;0;0;0;0.0004;0;0;0;0;0;0;0;-0.0004;-0.0884;0;0;0;0;0;0;0;0;0;-0.7452;0;0.7452;1;1;0;0;0;0
26/07/21 07:00;5.4962;-61.704;76.568;6.2366;9.0394;-90;-9.0394;23.109;22.604;0.5059;9.0002;5.0299;0;1.2269;22.374;0.2184;0;0.0187;23.838;0;23.838;1.2269;0.2184;22.374;0.0187;0.0515;0.9394;0;0.0008;23.686;0.1518;0;0;0.1363;0.0155;22.401;1.2375;0.2689;0.0479;0.92;0.0007;23.639;0.0474;0.0025;0.0004;0.0445;0;22.404;0.9555;0.1701;21.273;0.0024;13.384;11.591;2.7359;0.0044;0.1066;1.5331;0.003;1.6353;0;1;0;0;1.0315;0.9936;1;1;0.9939;0.1693;0.9476;0.7804;1;0.9585;0.7756;0.998;0.998;1;0.998;0.998;0.9397;0.9508;0.1311;0.0678;0.0672;0.0004;0.0091;-0.0036;0.0004;0.0015;0.0003;0;0;0.088;-0.0337;0;0;0;0;0;0;0;0;0;0;0;0;0.0012;0;0.0578;0.0578;0;10.112;10.112;1.1119;0.0496;55.653;1037.9;1;0.0035;0.0035;0;0;0;0;0;0;0.0543;-0.0337;0;16.013;18.542;-9.353;-10.831;93.934;93.934;0.5721;0.4871;-0.2845;0.085;0.7717;0.1485;1.3488;0;13.382;0;0
26/07/21 08:00;15.596;-51.952;49.304;19.517;34.604;-90;-34.604;101.4;94.198;7.206;9.3599;5.0901;0;17.477;84.13;4.6186;0;1.166;107.39;0;107.39;17.477;4.6186;84.13;1.166;0.1627;0.7943;0;0.0109;101.69;5.7036;0;0;4.6639;1.0397;98.632;2.8526;0.215;0.0568;2.563;0.0178;101.48;0.2034;0.035;0.0092;0.1589;0.0003;98.998;17.227;4.5525;76.745;0.1082;57.391;49.701;12.633;2.0844;0.5326;7.6619;0.3656;6.1101;0;1;0;0;1.059;0.9469;1;1;0.9446;0.1083;0.9719;0.9877;1;0.9677;0.8585;0.998;0.998;1;0.998;0.998;0.9184;0.9122;0.0928;0.3056;0.2986;0.0018;0.0165;-0.0117;0.002;0.0072;0.0014;0;0;0.088;0.1799;0;0;0;0;0;0;0;0;0;0;0;0;0.0058;0.0004;0.2751;0.2751;0;14.18;14.18;4.8202;0.0489;254.06;1082.8;1;0.0072;0.0072;0;0;0;0;0;0;0.2679;0.1799;0;16.927;19.601;11.068;12.816;97.374;97.374;2.5774;2.3199;1.5169;0.2575;0.803;0.0999;0.3116;0.5885;57.347;0.5587;0
26/07/21 09:00;24.441;-40.177;44.074;35.164;54.836;-90;-54.836;170.91;157.5;13.41;10.02;5.04;0;23.285;121.07;6.6854;0;4.7112;155.75;0;155.75;23.285;6.6854;121.07;4.7112;0.1495;0.8076;0;0.0302;138.05;17.703;0;0;13.313;4.3901;133.82;3.9546;0.2154;0.0618;3.6635;0.0139;137.77;0.2761;0.0466;0.0134;0.2155;0.0006;135.72;23.023;6.6102;103.88;0.3066;104.39;90.404;24.882;14.707;1.5547;22.364;1.9039;9.2109;0;1;0;0;0.9113;0.8863;1;1;0.89;0.0681;0.9713;0.9907;1;0.9659;0.9567;0.998;0.998;1;0.998;0.998;0.8592;0.858;0.0651;0.4433;0.4331;0.0026;0.0173;-0.0132;0.003;0.0106;0.0042;0;0;0.088;0.303;0;0;0;0;0;0;0;0;0;0;0;0;0.0085;0.0006;0.3995;0.3995;0;16.553;16.553;6.5332;0.0488;368.57;1083.9;1;0.0085;0.0085;0;0;0;0;0;0;0.391;0.303;0;16.949;19.627;12.854;14.884;97.866;97.866;3.738;3.3689;2.5549;0.3691;0.814;0.0987;0.2178;0.6835;99.429;0.6172;0
26/07/21 10:00;31.165;-26.078;50.226;53.988;36.012;-90;-36.012;246.9;216.9;29.998;10.74;5.5099;0;37.085;187.6;11.724;0;3.0669;239.47;0;239.47;37.085;11.724;187.6;3.0669;0.1549;0.7962;0;0.0128;225.65;13.823;0;0;11.07;2.7523;218.84;6.3621;0.4799;0.1517;5.69;0.0406;225.2;0.4513;0.0742;0.0234;0.3531;0.0006;219.88;36.531;11.549;170.48;0.2734;148.75;128.82;32.92;5.33;1.3643;19.624;1.043;15.659;0;1;0;0;0.9699;0.9423;1;1;0.941;0.1026;0.9717;0.987;1;0.9677;0.8708;0.998;0.998;1;0.998;0.998;0.9138;0.9088;0.0891;0.6815;0.6684;0.004;0.0161;-0.0085;0.0046;0.0163;0.0037;0;0;0.088;0.5187;0;0;0;0;0;0;0;0;0;0;0;0;0.0131;0.0013;0.6178;0.6178;0;21.422;21.422;10.682;0.0488;571.26;1081.4;1;0.011;0.011;0;0;0;0;0;0;0.6067;0.5187;0;17.046;19.739;14.314;16.575;98.217;98.217;5.7474;5.2096;4.3746;0.5378;0.835;0.0936;0.1453;0.7611;129.29;0.7171;0
26/07/21 11:00;34.96;-9.7876;53.864;76.334;13.666;-90;-13.666;423;220.8;202.2;12.1;5.94;0;208.1;159.74;60.482;0;0.7784;429.09;0;429.09;208.1;60.482;159.74;0.7784;0.485;0.3741;0;0.0018;426.5;2.5911;0;0;1.9448;0.6462;414.61;11.04;3.8267;1.1122;6.0716;0.0296;425.65;0.853;0.4162;0.121;0.3156;0.0003;414.78;203.85;59.248;151.4;0.1023;247.54;214.37;52.518;0.1481;1.8507;26.622;0.1738;28.325;0;1;0;0;1.0144;0.994;1;1;0.9878;0.1698;0.9741;0.9816;1;0.9614;0.7758;0.998;0.998;1;0.998;0.998;0.9662;0.9478;0.1314;1.2212;1.24;0.0075;0.0088;0.0326;0.0083;0.0296;0.0049;0;0;0.088;1.0147;0;0;0;0;0;0;0;0;0;0;0;0;0.0238;0.0039;1.1207;1.1207;0;32.437;32.437;20.337;0.0491;1064.9;1052.4;1;0.018;0.018;0;0;0;0;0;0;1.1027;1.0147;0;17.259;19.985;15.626;18.094;98.39;98.39;10.298;9.451;8.5567;0.8472;0.8943;0.0823;0.0868;0.8309;96.762;0.794;0
26/07/21 12:00;35.204;7.5243;54.103;79.485;10.515;90;10.515;440.51;221.5;219;13.45;5.77;0;222.74;156.71;64.553;0;0.4808;444.48;0;444.48;222.74;64.553;156.71;0.4808;0.5011;0.3536;0;0.0011;442.85;1.633;0;0;1.233;0.4001;430.23;11.734;4.2043;1.2185;6.2929;0.0181;441.96;0.8857;0.4455;0.1291;0.3109;0.0002;430.32;218.09;63.206;148.87;0.0624;258.65;223.99;55.135;0.0552;1.9105;27.482;0.0929;29.337;0;1;0;0;1.009;0.9963;1;1;0.9921;0.1679;0.9735;0.9811;1;0.9594;0.7748;0.998;0.998;1;0.998;0.998;0.9679;0.95;0.1298;1.265;1.2862;0.0077;0.0081;0.0436;0.0086;0.0305;0.005;0;0;0.088;1.0476;0;0;0;0;0;0;0;0;0;0;0;0;0.0245;0.0042;1.154;1.154;0;34.586;34.586;21.136;0.0491;1105.2;1044.1;1;0.0184;0.0184;0;0;0;0;0;0;1.1356;1.0476;0;17.157;19.867;15.575;18.035;98.404;98.404;10.668;9.7322;8.8347;0.9354;0.8974;0.0877;0.0841;0.8282;94.057;0.7915;0
26/07/21 13:00;31.851;24.039;50.873;56.746;33.254;90;33.254;398.9;216.3;182.6;14.1;5.22;0;218.35;146.76;67.506;0;4.2457;436.86;0;436.86;218.35;67.506;146.76;4.2457;0.4998;0.3457;0;0.0097;425.42;11.446;0;0;7.6661;3.7803;416.1;8.4701;2.984;0.9225;4.4914;0.0721;424.57;0.8508;0.4367;0.135;0.2782;0.0009;417.39;214.93;66.448;134.33;0.3923;220.78;191.2;48.533;3.1718;1.7383;25.005;1.2932;23.572;0;1;0;0;1.0952;0.9738;1;1;0.9478;0.1096;0.9801;0.9863;1;0.9676;0.8447;0.998;0.998;1;0.998;0.998;0.9525;0.9153;0.0924;1.2433;1.2443;0.0075;0.0087;0.042;0.0083;0.0294;0.0045;0;0;0.088;1.0102;0;0;0;0;0;0;0;0;0;0;0;0;0.0237;0.004;1.1161;1.1161;0;34.545;34.545;20.445;0.0491;1069.2;1043.8;1;0.0178;0.0178;0;0;0;0;0;0;1.0982;1.0102;0;16.882;19.549;15.281;17.695;98.401;98.401;10.485;9.4121;8.5195;1.0726;0.8926;0.1023;0.0851;0.8126;99.021;0.7792;0
26/07/21 14:00;25.467;38.455;44.992;37.446;52.554;90;52.554;187.9;176.7;11.201;13.7;4.26;0;18.422;139.28;5.71;0;4.7876;168.2;0;168.2;18.422;5.71;139.28;4.7876;0.1095;0.8565;0;0.0285;149.27;18.929;0;0;14.449;4.4806;144.53;4.4357;0.1802;0.0559;4.1868;0.0128;148.97;0.2985;0.0368;0.0114;0.2497;0.0006;146.47;18.205;5.6428;120.39;0.2936;116.39;100.79;27.5;14.574;1.6305;23.455;1.9317;10.511;0;1;0;0;0.8951;0.8875;1;1;0.8963;0.0641;0.9702;0.9902;1;0.9664;0.9582;0.998;0.998;1;0.998;0.998;0.8593;0.8644;0.0613;0.4787;0.466;0.0028;0.0172;-0.0071;0.0032;0.0112;0.0043;0;0;0.088;0.3279;0;0;0;0;0;0;0;0;0;0;0;0;0.0091;0.0007;0.4245;0.4245;0;20.777;20.777;7.0765;0.049;397.03;1069.3;1;0.0086;0.0086;0;0;0;0;0;0;0.4159;0.3279;0;16.679;19.314;12.882;14.917;97.964;97.964;4.0368;3.5802;2.7652;0.4566;0.815;0.1131;0.2019;0.685;111.62;0.6202;0
26/07/21 15:00;16.858;50.518;45.304;21.436;40.98;90;40.98;128.69;122.1;6.5906;13.8;3.1099;0;15.984;105.31;5.0761;0;2.05;128.42;0;128.42;15.984;5.0761;105.31;2.05;0.1245;0.836;0;0.016;118.93;9.4882;0;0;7.603;1.8852;115.31;3.3839;0.1593;0.0506;3.1599;0.0141;118.69;0.2379;0.032;0.0102;0.1954;0.0003;116.02;15.793;5.0153;94.347;0.1504;75.679;65.538;17.122;4.6613;0.7966;11.459;0.714;7.5938;0;1;0;0;0.9978;0.9261;1;1;0.9278;0.0804;0.9715;0.99;1;0.9676;0.9142;0.998;0.998;1;0.998;0.998;0.8979;0.8959;0.0733;0.3655;0.3549;0.0021;0.017;-0.0071;0.0024;0.0085;0.0021;0;0;0.088;0.227;0;0;0;0;0;0;0;0;0;0;0;0;0.0069;0.0005;0.3226;0.3226;0;19.451;19.451;5.6513;0.049;302.42;1066.6;1;0.0075;0.0075;0;0;0;0;0;0;0.315;0.227;0;16.598;19.22;11.682;13.528;97.663;97.663;3.082;2.7202;1.9145;0.3618;0.8057;0.1174;0.2614;0.6212;75.636;0.5823;0
26/07/21 16:00;6.7354;60.635;73.474;7.7171;11.289;90;11.289;35.709;35.202;0.507;13;3.06;0;1.2296;34.748;0.2784;0;0.0449;36.301;0;36.301;1.2296;0.2784;34.748;0.0449;0.0339;0.9585;0;0.0012;35.956;0.3453;0;0;0.3079;0.0374;34.268;1.6153;0.1926;0.0436;1.3774;0.0017;35.884;0.0719;0.0025;0.0006;0.0689;0;34.277;1.0345;0.2342;32.994;0.0058;20.902;18.101;4.2836;0.016;0.1663;2.3924;0.0085;2.5427;0;1;0;0;1.0166;0.9905;1;1;0.9911;0.1679;0.955;0.843;1;0.9599;0.7747;0.998;0.998;1;0.998;0.998;0.944;0.9495;0.1298;0.1033;0.1029;0.0006;0.0112;-0.0039;0.0007;0.0024;0.0004;0;0;0.088;-0.0029;0;0;0;0;0;0;0;0;0;0;0;0;0.0019;0.0001;0.0895;0.0895;0;14.697;14.697;1.6966;0.0495;86.302;1036.7;1;0.0044;0.0044;0;0;0;0;0;0;0.0851;-0.0029;0;16.287;18.86;-0.5244;-0.6073;95.136;95.136;0.8712;0.7545;-0.0243;0.1167;0.7788;0.134;0.8939;0;20.899;0;0
26/07/21 17:00;0.7179;65.587;88.259;0.7884;1.1239;90;1.1239;0;0;0;11.1;3.31;0;0;0;0;0;0;0;0;0;0;0;0;0;1;1;1;1;0;0;0;0;0;0;0;0;0;0;0;0;0;0;0;0;0;0;0;0;0;0;0;0;0;0;0;0;0;0;0;0;0;0;0;1;1;1;1;1;1;1;1;1;1;1;1;1;1;1;1;1;1;1;0;0;0;0;0;0;0;0;0;0.0004;0.088;-0.0884;0;0;0;0;0;0;0;0;0;0;0;0;0;0;0;0;0;0;0;-11.1;0;0;0;0;0.0004;0;0;0;0;0;0;0;-0.0004;-0.0884;0;0;0;0;0;0;0;0;0;-0.7452;0;0.7452;1;1;0;0;0;0
26/07/21 18:00;0;0;90;0;0;90;0;0;0;0;9.5899;3.56;0;0;0;0;0;0;0;0;0;0;0;0;0;1;1;1;1;0;0;0;0;0;0;0;0;0;0;0;0;0;0;0;0;0;0;0;0;0;0;0;0;0;0;0;0;0;0;0;0;0;0;0;1;1;1;1;1;1;1;1;1;1;1;1;1;1;1;1;1;1;1;0;0;0;0;0;0;0;0;0;0.0004;0.088;-0.0884;0;0;0;0;0;0;0;0;0;0;0;0;0;0;0;0;0;0;0;-9.5899;0;0;0;0;0.0004;0;0;0;0;0;0;0;-0.0004;-0.0884;0;0;0;0;0;0;0;0;0;-0.7452;0;0.7452;1;1;0;0;0;0
26/07/21 19:00;0;0;90;0;0;90;0;0;0;0;8.9198;3.64;0;0;0;0;0;0;0;0;0;0;0;0;0;1;1;1;1;0;0;0;0;0;0;0;0;0;0;0;0;0;0;0;0;0;0;0;0;0;0;0;0;0;0;0;0;0;0;0;0;0;0;0;1;1;1;1;1;1;1;1;1;1;1;1;1;1;1;1;1;1;1;0;0;0;0;0;0;0;0;0;0.0004;0.088;-0.0884;0;0;0;0;0;0;0;0;0;0;0;0;0;0;0;0;0;0;0;-8.9198;0;0;0;0;0.0004;0;0;0;0;0;0;0;-0.0004;-0.0884;0;0;0;0;0;0;0;0;0;-0.7452;0;0.7452;1;1;0;0;0;0
26/07/21 20:00;0;0;90;0;0;90;0;0;0;0;8.9902;3.4;0;0;0;0;0;0;0;0;0;0;0;0;0;1;1;1;1;0;0;0;0;0;0;0;0;0;0;0;0;0;0;0;0;0;0;0;0;0;0;0;0;0;0;0;0;0;0;0;0;0;0;0;1;1;1;1;1;1;1;1;1;1;1;1;1;1;1;1;1;1;1;0;0;0;0;0;0;0;0;0;0.0004;0.088;-0.0884;0;0;0;0;0;0;0;0;0;0;0;0;0;0;0;0;0;0;0;-8.9902;0;0;0;0;0.0004;0;0;0;0;0;0;0;-0.0004;-0.0884;0;0;0;0;0;0;0;0;0;-0.7452;0;0.7452;1;1;0;0;0;0
26/07/21 21:00;0;0;90;0;0;90;0;0;0;0;9.77;3.1899;0;0;0;0;0;0;0;0;0;0;0;0;0;1;1;1;1;0;0;0;0;0;0;0;0;0;0;0;0;0;0;0;0;0;0;0;0;0;0;0;0;0;0;0;0;0;0;0;0;0;0;0;1;1;1;1;1;1;1;1;1;1;1;1;1;1;1;1;1;1;1;0;0;0;0;0;0;0;0;0;0.0004;0.088;-0.0884;0;0;0;0;0;0;0;0;0;0;0;0;0;0;0;0;0;0;0;-9.77;0;0;0;0;0.0004;0;0;0;0;0;0;0;-0.0004;-0.0884;0;0;0;0;0;0;0;0;0;-0.7452;0;0.7452;1;1;0;0;0;0
26/07/21 22:00;0;0;90;0;0;90;0;0;0;0;9.2801;3;0;0;0;0;0;0;0;0;0;0;0;0;0;1;1;1;1;0;0;0;0;0;0;0;0;0;0;0;0;0;0;0;0;0;0;0;0;0;0;0;0;0;0;0;0;0;0;0;0;0;0;0;1;1;1;1;1;1;1;1;1;1;1;1;1;1;1;1;1;1;1;0;0;0;0;0;0;0;0;0;0.0004;0.088;-0.0884;0;0;0;0;0;0;0;0;0;0;0;0;0;0;0;0;0;0;0;-9.2801;0;0;0;0;0.0004;0;0;0;0;0;0;0;-0.0004;-0.0884;0;0;0;0;0;0;0;0;0;-0.7452;0;0.7452;1;1;0;0;0;0
26/07/21 23:00;0;0;90;0;0;90;0;0;0;0;9.4802;2.8799;0;0;0;0;0;0;0;0;0;0;0;0;0;1;1;1;1;0;0;0;0;0;0;0;0;0;0;0;0;0;0;0;0;0;0;0;0;0;0;0;0;0;0;0;0;0;0;0;0;0;0;0;1;1;1;1;1;1;1;1;1;1;1;1;1;1;1;1;1;1;1;0;0;0;0;0;0;0;0;0;0.0004;0.088;-0.0884;0;0;0;0;0;0;0;0;0;0;0;0;0;0;0;0;0;0;0;-9.4802;0;0;0;0;0.0004;0;0;0;0;0;0;0;-0.0004;-0.0884;0;0;0;0;0;0;0;0;0;-0.7452;0;0.7452;1;1;0;0;0;0
27/07/21 00:00;0;0;90;0;0;90;0;0;0;0;9.7002;2.83;0;0;0;0;0;0;0;0;0;0;0;0;0;1;1;1;1;0;0;0;0;0;0;0;0;0;0;0;0;0;0;0;0;0;0;0;0;0;0;0;0;0;0;0;0;0;0;0;0;0;0;0;1;1;1;1;1;1;1;1;1;1;1;1;1;1;1;1;1;1;1;0;0;0;0;0;0;0;0;0;0.0004;0.088;-0.0884;0;0;0;0;0;0;0;0;0;0;0;0;0;0;0;0;0;0;0;-9.7002;0;0;0;0;0.0004;0;0;0;0;0;0;0;-0.0004;-0.0884;0;0;0;0;0;0;0;0;0;-0.7452;0;0.7452;1;1;0;0;0;0
27/07/21 01:00;0;0;90;0;0;90;0;0;0;0;8.6;2.7701;0;0;0;0;0;0;0;0;0;0;0;0;0;1;1;1;1;0;0;0;0;0;0;0;0;0;0;0;0;0;0;0;0;0;0;0;0;0;0;0;0;0;0;0;0;0;0;0;0;0;0;0;1;1;1;1;1;1;1;1;1;1;1;1;1;1;1;1;1;1;1;0;0;0;0;0;0;0;0;0;0.0004;0.088;-0.0884;0;0;0;0;0;0;0;0;0;0;0;0;0;0;0;0;0;0;0;-8.6;0;0;0;0;0.0004;0;0;0;0;0;0;0;-0.0004;-0.0884;0;0;0;0;0;0;0;0;0;-0.7452;0;0.7452;1;1;0;0;0;0
27/07/21 02:00;0;0;90;0;0;90;0;0;0;0;8.2802;2.76;0;0;0;0;0;0;0;0;0;0;0;0;0;1;1;1;1;0;0;0;0;0;0;0;0;0;0;0;0;0;0;0;0;0;0;0;0;0;0;0;0;0;0;0;0;0;0;0;0;0;0;0;1;1;1;1;1;1;1;1;1;1;1;1;1;1;1;1;1;1;1;0;0;0;0;0;0;0;0;0;0.0004;0.088;-0.0884;0;0;0;0;0;0;0;0;0;0;0;0;0;0;0;0;0;0;0;-8.2802;0;0;0;0;0.0004;0;0;0;0;0;0;0;-0.0004;-0.0884;0;0;0;0;0;0;0;0;0;-0.7452;0;0.7452;1;1;0;0;0;0
27/07/21 03:00;0;0;90;0;0;90;0;0;0;0;7.5603;2.92;0;0;0;0;0;0;0;0;0;0;0;0;0;1;1;1;1;0;0;0;0;0;0;0;0;0;0;0;0;0;0;0;0;0;0;0;0;0;0;0;0;0;0;0;0;0;0;0;0;0;0;0;1;1;1;1;1;1;1;1;1;1;1;1;1;1;1;1;1;1;1;0;0;0;0;0;0;0;0;0;0.0004;0.088;-0.0884;0;0;0;0;0;0;0;0;0;0;0;0;0;0;0;0;0;0;0;-7.5603;0;0;0;0;0.0004;0;0;0;0;0;0;0;-0.0004;-0.0884;0;0;0;0;0;0;0;0;0;-0.7452;0;0.7452;1;1;0;0;0;0
27/07/21 04:00;0;0;90;0;0;90;0;0;0;0;7.3802;3.1999;0;0;0;0;0;0;0;0;0;0;0;0;0;1;1;1;1;0;0;0;0;0;0;0;0;0;0;0;0;0;0;0;0;0;0;0;0;0;0;0;0;0;0;0;0;0;0;0;0;0;0;0;1;1;1;1;1;1;1;1;1;1;1;1;1;1;1;1;1;1;1;0;0;0;0;0;0;0;0;0;0.0004;0.088;-0.0884;0;0;0;0;0;0;0;0;0;0;0;0;0;0;0;0;0;0;0;-7.3802;0;0;0;0;0.0004;0;0;0;0;0;0;0;-0.0004;-0.0884;0;0;0;0;0;0;0;0;0;-0.7452;0;0.7452;1;1;0;0;0;0
27/07/21 05:00;0;0;90;0;0;90;0;0;0;0;7.4001;3.47;0;0;0;0;0;0;0;0;0;0;0;0;0;1;1;1;1;0;0;0;0;0;0;0;0;0;0;0;0;0;0;0;0;0;0;0;0;0;0;0;0;0;0;0;0;0;0;0;0;0;0;0;1;1;1;1;1;1;1;1;1;1;1;1;1;1;1;1;1;1;1;0;0;0;0;0;0;0;0;0;0.0004;0.088;-0.0884;0;0;0;0;0;0;0;0;0;0;0;0;0;0;0;0;0;0;0;-7.4001;0;0;0;0;0.0004;0;0;0;0;0;0;0;-0.0004;-0.0884;0;0;0;0;0;0;0;0;0;-0.7452;0;0.7452;1;1;0;0;0;0
27/07/21 06:00;0;0;90;0;0;90;0;0;0;0;6.8198;3.79;0;0;0;0;0;0;0;0;0;0;0;0;0;1;1;1;1;0;0;0;0;0;0;0;0;0;0;0;0;0;0;0;0;0;0;0;0;0;0;0;0;0;0;0;0;0;0;0;0;0;0;0;1;1;1;1;1;1;1;1;1;1;1;1;1;1;1;1;1;1;1;0;0;0;0;0;0;0;0;0;0.0004;0.088;-0.0884;0;0;0;0;0;0;0;0;0;0;0;0;0;0;0;0;0;0;0;-6.8198;0;0;0;0;0.0004;0;0;0;0;0;0;0;-0.0004;-0.0884;0;0;0;0;0;0;0;0;0;-0.7452;0;0.7452;1;1;0;0;0;0
27/07/21 07:00;5.46;-62.032;76.658;6.1767;8.9497;-90;-8.9497;63.409;26.402;37.008;6.8802;4.5399;0;89.754;18.545;18.78;0;0.0502;127.13;0;127.13;89.754;18.78;18.545;0.0502;0.706;0.1463;0;0.0004;126.98;0.1528;0;0;0.1111;0.0417;101.93;24.79;19.867;4.1569;0.7636;0.0019;126.72;0.254;0.1795;0.0376;0.0369;0;101.93;69.707;14.585;17.633;0.0066;11.309;9.7932;2.3379;0.0035;0.0883;1.2705;0.0024;1.3554;0;1;0;0;2.0049;0.9988;1;1;0.994;0.1693;0.8044;0.7782;1;0.9585;0.7757;0.998;0.998;1;0.998;0.998;0.8018;0.9508;0.1311;0.3618;0.2942;0.0018;0.0164;-0.014;0.002;0.0072;0.0002;0;0;0.088;0.179;0;0;0;0;0;0;0;0;0;0;0;0;0.0058;0.0004;0.2744;0.2744;0;11.85;11.85;4.9701;0.0488;250.69;1094.5;1;0.0073;0.0073;0;0;0;0;0;0;0.267;0.179;0;14.262;16.515;9.3061;10.776;97.326;97.326;3.0511;2.3138;1.5098;0.7373;0.804;0.2416;0.2635;0.4949;11.089;0.4912;0
27/07/21 08:00;15.76;-52.115;48.799;19.676;35.068;-90;-35.068;234.9;44.003;190.9;8.85;4.64;0;462.99;18.803;56.564;0;2.7717;541.13;0;541.13;462.99;56.564;18.803;2.7717;0.8556;0.0399;0;0.0051;537.59;3.5412;0;0;1.0644;2.4768;529.66;6.8504;5.5588;0.6791;0.5719;0.0405;536.51;1.0752;0.926;0.1131;0.0355;0.0006;529.77;456.5;55.771;17.131;0.2539;13.913;12.049;2.8988;0.4883;0.1387;1.9947;0.1081;1.645;0;1;0;0;2.3036;0.9935;1;1;0.9434;0.1064;0.9872;0.988;1;0.9677;0.8625;0.998;0.998;1;0.998;0.998;0.9788;0.9111;0.0916;1.54;1.5197;0.0092;0.0049;0.0526;0.0102;0.0361;0.0004;0;0;0.088;1.2619;0;0;0;0;0;0;0;0;0;0;0;0;0.0291;0.0057;1.3717;1.3717;0;34.851;34.851;26.001;0.0491;1308.9;1048;1;0.0217;0.0217;0;0;0;0;0;0;1.3499;1.2619;0;16.75;19.396;15.41;17.844;98.415;98.415;12.987;11.568;10.642;1.4195;0.9255;0.1093;0.0713;0.8194;12.863;0.8172;0
27/07/21 09:00;24.627;-40.319;43.876;35.317;54.683;-90;-54.683;392;69.599;322.4;11.68;5.3301;0;557.69;22.878;70.239;0;10.75;661.56;0;661.56;557.69;70.239;22.878;10.75;0.843;0.0508;0;0.0162;649.04;12.523;0;0;2.5055;10.017;641.28;6.4585;5.0936;0.6415;0.692;0.0314;647.74;1.2981;1.1154;0.1405;0.0407;0.0015;643.49;551.48;69.457;19.64;0.7001;124.12;107.49;26.137;2.7544;1.115;16.039;2.2117;14.399;0;1;0;0;1.6877;0.9811;1;1;0.8905;0.0682;0.99;0.9908;1;0.966;0.9571;0.998;0.998;1;0.998;0.998;0.9693;0.8585;0.0651;1.8827;1.8732;0.0113;0.0008;0.1207;0.0122;0.0432;0.0028;0;0;0.088;1.5247;0;0;0;0;0;0;0;0;0;0;0;0;0.0348;0.0084;1.639;1.639;0;43.359;43.359;31.679;0.0494;1612.5;1016.4;1;0.0262;0.0262;0;0;0;0;0;0;1.6127;1.5247;0;16.371;18.957;15.23;17.636;98.4;98.4;15.877;13.822;12.858;2.0559;0.9632;0.1295;0.0607;0.8098;18.758;0.7954;0
27/07/21 10:00;31.373;-26.181;50.014;54.111;35.889;-90;-35.889;508.99;88.697;420.3;14.13;6.5399;0;518.79;31.406;66.651;0;6.281;623.12;0;623.12;518.79;66.651;31.406;6.281;0.8326;0.0605;0;0.0101;615.65;7.477;0;0;1.8434;5.6336;605.93;8.4847;6.5997;0.8479;0.9529;0.0842;614.42;1.2313;1.0376;0.1333;0.0591;0.0013;607.73;511.15;65.669;28.55;0.5619;255.71;221.45;56.492;0.8834;1.8137;26.09;1.8024;27.02;0;1;0;0;1.2242;0.988;1;1;0.9413;0.1031;0.9862;0.9873;1;0.9677;0.8697;0.998;0.998;1;0.998;0.998;0.9724;0.9091;0.0895;1.7734;1.791;0.0108;0.0016;0.1202;0.0116;0.0412;0.0046;0;0;0.088;1.4475;0;0;0;0;0;0;0;0;0;0;0;0;0.0332;0.0077;1.5601;1.5601;0;44.087;44.087;29.956;0.0494;1541.2;1012.3;1;0.0246;0.0246;0;0;0;0;0;0;1.5355;1.4475;0;16.544;19.158;15.35;17.775;98.421;98.421;14.955;13.157;12.207;1.7983;0.9499;0.1203;0.0635;0.8162;21.624;0.7914;0
27/07/21 11:00;35.183;-9.8315;53.64;76.385;13.615;-90;-13.615;443.01;208.3;234.71;15.1;7.36;0;241.49;142.29;65.832;0;0.8092;450.42;0;450.42;241.49;65.832;142.29;0.8092;0.5361;0.3177;0;0.0018;448.03;2.3934;0;0;1.7216;0.6718;436.17;10.96;4.3344;1.1816;5.4135;0.0307;447.13;0.8961;0.483;0.1317;0.2811;0.0003;436.35;236.68;64.519;134.87;0.1064;258.77;224.1;55.06;0.1302;1.9228;27.659;0.1809;29.452;0;1;0;0;1.0167;0.9947;1;1;0.9879;0.1698;0.9755;0.982;1;0.9614;0.7757;0.998;0.998;1;0.998;0.998;0.9684;0.9479;0.1314;1.2819;1.3038;0.0079;0.0079;0.0533;0.0086;0.0307;0.005;0;0;0.088;1.0551;0;0;0;0;0;0;0;0;0;0;0;0;0.0247;0.0043;1.1615;1.1615;0;36.562;36.562;21.462;0.0492;1120.8;1036.3;1;0.0184;0.0184;0;0;0;0;0;0;1.1431;1.0551;0;17.04;19.732;15.479;17.925;98.415;98.415;10.81;9.7954;8.898;1.0148;0.8974;0.0939;0.083;0.8231;86.179;0.7869;0
27/07/21 12:00;35.429;7.5527;53.879;79.532;10.468;90;10.468;607.51;100.5;507.01;16.27;7.61;0;515.59;33.931;67.403;0;0.6572;617.58;0;617.58;515.59;67.403;33.931;0.6572;0.8349;0.056;0;0.0011;616.77;0.8118;0;0;0.265;0.5468;603.41;12.126;9.4958;1.2414;1.3636;0.0248;615.54;1.2335;1.0312;0.1348;0.0673;0.0002;603.54;505.06;66.027;32.235;0.0853;354.45;306.95;76.994;0.0119;2.5205;36.256;0.1297;38.765;0;1;0;0;1.0166;0.9987;1;1;0.9922;0.1679;0.9803;0.9815;1;0.9594;0.7748;0.998;0.998;1;0.998;0.998;0.9771;0.95;0.1298;1.7576;1.7994;0.0108;0.0016;0.134;0.0116;0.041;0.0063;0;0;0.088;1.4408;0;0;0;0;0;0;0;0;0;0;0;0;0.0331;0.0078;1.5532;1.5532;0;46.153;46.153;29.883;0.0495;1547.5;1003.7;1;0.0243;0.0243;0;0;0;0;0;0;1.5288;1.4408;0;16.619;19.244;15.417;17.852;98.432;98.432;14.822;13.098;12.151;1.7237;0.9475;0.1163;0.0639;0.8198;20.363;0.7853;0
27/07/21 13:00;32.063;24.131;50.661;56.87;33.13;90;33.13;559.3;94.597;464.7;17.43;7.4001;0;554.91;29.539;74.567;0;5.9101;664.93;0;664.93;554.91;74.567;29.539;5.9101;0.8345;0.0533;0;0.0089;658.13;6.7932;0;0;1.534;5.2593;647.37;9.4519;7.4455;1.0005;0.9045;0.1015;656.82;1.3163;1.1098;0.1491;0.056;0.0013;649.05;546.36;73.417;27.045;0.5481;288.78;250.08;63.68;0.6316;2.0321;29.231;1.685;30.632;0;1;0;0;1.1889;0.9898;1;1;0.9481;0.1101;0.9856;0.9866;1;0.9676;0.8437;0.998;0.998;1;0.998;0.998;0.9736;0.9156;0.0927;1.8923;1.9155;0.0115;0.0004;0.1659;0.0122;0.0431;0.005;0;0;0.088;1.5202;0;0;0;0;0;0;0;0;0;0;0;0;0.0347;0.0088;1.6338;1.6338;0;49.573;49.573;32.143;0.0497;1649.1;990.75;1;0.0257;0.0257;0;0;0;0;0;0;1.6082;1.5202;0;16.237;18.802;15.107;17.494;98.43;98.43;15.958;13.778;12.82;2.18;0.9584;0.1366;0.0601;0.8033;19.912;0.7777;0
27/07/21 14:00;25.659;38.588;44.795;37.604;52.396;90;52.396;417.2;111;306.2;17.17;6.49;0;501.81;41.713;97.001;0;10.571;651.09;0;651.09;501.81;97.001;41.713;10.571;0.7707;0.0803;0;0.0162;636.89;14.201;0;0;4.3085;9.8921;628.55;7.0719;4.8522;0.938;1.2535;0.0283;635.62;1.2738;1.0036;0.194;0.0748;0.0014;631.08;495.95;95.869;36.076;0.649;153.07;132.56;32.052;4.3216;1.4469;20.813;2.5341;17.938;0;1;0;0;1.5606;0.9782;1;1;0.8967;0.0642;0.9889;0.9903;1;0.9664;0.9582;0.998;0.998;1;0.998;0.998;0.9654;0.8649;0.0614;1.853;1.8473;0.0111;0.0011;0.152;0.0118;0.0418;0.0036;0;0;0.088;1.4712;0;0;0;0;0;0;0;0;0;0;0;0;0.0337;0.0082;1.584;1.584;0;48.35;48.35;31.18;0.0496;1589.8;996.34;1;0.0248;0.0248;0;0;0;0;0;0;1.5592;1.4712;0;16.076;18.616;14.932;17.29;98.434;98.434;15.626;13.358;12.407;2.2679;0.9513;0.1451;0.0609;0.794;33.374;0.7754;0
27/07/21 15:00;17.028;50.674;44.747;21.6;41.627;90;41.627;249.69;122.4;127.29;16.3;5.4199;0;308.71;71.894;97.303;0;4.0983;482.01;0;482.01;308.71;97.303;71.894;4.0983;0.6405;0.1577;0;0.0085;472.92;9.0861;0;0;5.3113;3.7748;465.88;6.0957;2.9764;0.9381;2.1548;0.0263;471.97;0.9458;0.6174;0.1946;0.1332;0.0006;466.39;305.12;96.17;64.294;0.2965;52.745;45.677;12.044;3.3588;0.5552;7.986;0.5084;5.1823;0;1;0;0;1.9304;0.9811;1;1;0.9261;0.0789;0.9871;0.9903;1;0.9676;0.9184;0.998;0.998;1;0.998;0.998;0.9665;0.8943;0.0724;1.3717;1.3504;0.0081;0.0072;0.0682;0.0089;0.0314;0.0014;0;0;0.088;1.0884;0;0;0;0;0;0;0;0;0;0;0;0;0.0253;0.0046;1.1952;1.1952;0;39.267;39.267;22.967;0.0493;1163.2;1027.5;1;0.0188;0.0188;0;0;0;0;0;0;1.1764;1.0884;0;16.385;18.973;14.921;17.278;98.429;98.429;11.568;10.079;9.1785;1.4892;0.9005;0.1287;0.0778;0.7934;51.925;0.7837;0
27/07/21 16:00;6.8856;60.806;73.097;7.8757;11.534;90;11.534;74.7;67.198;7.5025;14.45;5.62;0;18.196;63.38;7.6907;0;0.0981;89.365;0;89.365;18.196;7.6907;63.38;0.0981;0.2036;0.7103;0;0.0011;88.701;0.6639;0;0;0.5823;0.0816;82.127;6.3969;2.7352;1.1561;2.5018;0.0037;88.523;0.1774;0.0364;0.0154;0.1256;0;82.143;15.424;6.5193;60.171;0.0127;38.198;33.079;7.8196;0.0316;0.3046;4.3822;0.0166;4.6553;0;1;0;0;1.1963;0.9926;1;1;0.9908;0.1679;0.9277;0.8494;1;0.9601;0.7747;0.998;0.998;1;0.998;0.998;0.919;0.9494;0.1298;0.2543;0.2438;0.0015;0.0157;-0.0058;0.0016;0.0058;0.0008;0;0;0.088;0.1248;0;0;0;0;0;0;0;0;0;0;0;0;0.0046;0.0003;0.2193;0.2193;0;18.486;18.486;4.0359;0.0491;207.42;1057.4;1;0.0066;0.0066;0;0;0;0;0;0;0.2128;0.1248;0;16.218;18.78;9.2252;10.683;97.003;97.003;2.1448;1.8497;1.0521;0.2951;0.7975;0.1376;0.3719;0.4906;38.145;0.4732;0
27/07/21 17:00;0.6723;65.909;88.369;0.7365;1.0499;90;1.0499;0;0;0;11.74;6.72;0;0;0;0;0;0;0;0;0;0;0;0;0;1;1;1;1;0;0;0;0;0;0;0;0;0;0;0;0;0;0;0;0;0;0;0;0;0;0;0;0;0;0;0;0;0;0;0;0;0;0;0;1;1;1;1;1;1;1;1;1;1;1;1;1;1;1;1;1;1;1;0;0;0;0;0;0;0;0;0;0.0004;0.088;-0.0884;0;0;0;0;0;0;0;0;0;0;0;0;0;0;0;0;0;0;0;-11.74;0;0;0;0;0.0004;0;0;0;0;0;0;0;-0.0004;-0.0884;0;0;0;0;0;0;0;0;0;-0.7452;0;0.7452;1;1;0;0;0;0
27/07/21 18:00;0;0;90;0;0;90;0;0;0;0;10.89;6.43;0;0;0;0;0;0;0;0;0;0;0;0;0;1;1;1;1;0;0;0;0;0;0;0;0;0;0;0;0;0;0;0;0;0;0;0;0;0;0;0;0;0;0;0;0;0;0;0;0;0;0;0;1;1;1;1;1;1;1;1;1;1;1;1;1;1;1;1;1;1;1;0;0;0;0;0;0;0;0;0;0.0004;0.088;-0.0884;0;0;0;0;0;0;0;0;0;0;0;0;0;0;0;0;0;0;0;-10.89;0;0;0;0;0.0004;0;0;0;0;0;0;0;-0.0004;-0.0884;0;0;0;0;0;0;0;0;0;-0.7452;0;0.7452;1;1;0;0;0;0
27/07/21 19:00;0;0;90;0;0;90;0;0;0;0;10.01;6.2901;0;0;0;0;0;0;0;0;0;0;0;0;0;1;1;1;1;0;0;0;0;0;0;0;0;0;0;0;0;0;0;0;0;0;0;0;0;0;0;0;0;0;0;0;0;0;0;0;0;0;0;0;1;1;1;1;1;1;1;1;1;1;1;1;1;1;1;1;1;1;1;0;0;0;0;0;0;0;0;0;0.0004;0.088;-0.0884;0;0;0;0;0;0;0;0;0;0;0;0;0;0;0;0;0;0;0;-10.01;0;0;0;0;0.0004;0;0;0;0;0;0;0;-0.0004;-0.0884;0;0;0;0;0;0;0;0;0;-0.7452;0;0.7452;1;1;0;0;0;0
27/07/21 20:00;0;0;90;0;0;90;0;0;0;0;10.8;6.3601;0;0;0;0;0;0;0;0;0;0;0;0;0;1;1;1;1;0;0;0;0;0;0;0;0;0;0;0;0;0;0;0;0;0;0;0;0;0;0;0;0;0;0;0;0;0;0;0;0;0;0;0;1;1;1;1;1;1;1;1;1;1;1;1;1;1;1;1;1;1;1;0;0;0;0;0;0;0;0;0;0.0004;0.088;-0.0884;0;0;0;0;0;0;0;0;0;0;0;0;0;0;0;0;0;0;0;-10.8;0;0;0;0;0.0004;0;0;0;0;0;0;0;-0.0004;-0.0884;0;0;0;0;0;0;0;0;0;-0.7452;0;0.7452;1;1;0;0;0;0
27/07/21 21:00;0;0;90;0;0;90;0;0;0;0;11;6.3899;0;0;0;0;0;0;0;0;0;0;0;0;0;1;1;1;1;0;0;0;0;0;0;0;0;0;0;0;0;0;0;0;0;0;0;0;0;0;0;0;0;0;0;0;0;0;0;0;0;0;0;0;1;1;1;1;1;1;1;1;1;1;1;1;1;1;1;1;1;1;1;0;0;0;0;0;0;0;0;0;0.0004;0.088;-0.0884;0;0;0;0;0;0;0;0;0;0;0;0;0;0;0;0;0;0;0;-11;0;0;0;0;0.0004;0;0;0;0;0;0;0;-0.0004;-0.0884;0;0;0;0;0;0;0;0;0;-0.7452;0;0.7452;1;1;0;0;0;0
27/07/21 22:00;0;0;90;0;0;90;0;0;0;0;10.92;6.33;0;0;0;0;0;0;0;0;0;0;0;0;0;1;1;1;1;0;0;0;0;0;0;0;0;0;0;0;0;0;0;0;0;0;0;0;0;0;0;0;0;0;0;0;0;0;0;0;0;0;0;0;1;1;1;1;1;1;1;1;1;1;1;1;1;1;1;1;1;1;1;0;0;0;0;0;0;0;0;0;0.0004;0.088;-0.0884;0;0;0;0;0;0;0;0;0;0;0;0;0;0;0;0;0;0;0;-10.92;0;0;0;0;0.0004;0;0;0;0;0;0;0;-0.0004;-0.0884;0;0;0;0;0;0;0;0;0;-0.7452;0;0.7452;1;1;0;0;0;0
27/07/21 23:00;0;0;90;0;0;90;0;0;0;0;11.58;6.3799;0;0;0;0;0;0;0;0;0;0;0;0;0;1;1;1;1;0;0;0;0;0;0;0;0;0;0;0;0;0;0;0;0;0;0;0;0;0;0;0;0;0;0;0;0;0;0;0;0;0;0;0;1;1;1;1;1;1;1;1;1;1;1;1;1;1;1;1;1;1;1;0;0;0;0;0;0;0;0;0;0.0004;0.088;-0.0884;0;0;0;0;0;0;0;0;0;0;0;0;0;0;0;0;0;0;0;-11.58;0;0;0;0;0.0004;0;0;0;0;0;0;0;-0.0004;-0.0884;0;0;0;0;0;0;0;0;0;-0.7452;0;0.7452;1;1;0;0;0;0
28/07/21 00:00;0;0;90;0;0;90;0;0;0;0;11.2;6.33;0;0;0;0;0;0;0;0;0;0;0;0;0;1;1;1;1;0;0;0;0;0;0;0;0;0;0;0;0;0;0;0;0;0;0;0;0;0;0;0;0;0;0;0;0;0;0;0;0;0;0;0;1;1;1;1;1;1;1;1;1;1;1;1;1;1;1;1;1;1;1;0;0;0;0;0;0;0;0;0;0.0004;0.088;-0.0884;0;0;0;0;0;0;0;0;0;0;0;0;0;0;0;0;0;0;0;-11.2;0;0;0;0;0.0004;0;0;0;0;0;0;0;-0.0004;-0.0884;0;0;0;0;0;0;0;0;0;-0.7452;0;0.7452;1;1;0;0;0;0
28/07/21 01:00;0;0;90;0;0;90;0;0;0;0;11.32;6.26;0;0;0;0;0;0;0;0;0;0;0;0;0;1;1;1;1;0;0;0;0;0;0;0;0;0;0;0;0;0;0;0;0;0;0;0;0;0;0;0;0;0;0;0;0;0;0;0;0;0;0;0;1;1;1;1;1;1;1;1;1;1;1;1;1;1;1;1;1;1;1;0;0;0;0;0;0;0;0;0;0.0004;0.088;-0.0884;0;0;0;0;0;0;0;0;0;0;0;0;0;0;0;0;0;0;0;-11.32;0;0;0;0;0.0004;0;0;0;0;0;0;0;-0.0004;-0.0884;0;0;0;0;0;0;0;0;0;-0.7452;0;0.7452;1;1;0;0;0;0
28/07/21 02:00;0;0;90;0;0;90;0;0;0;0;10.4;6.1301;0;0;0;0;0;0;0;0;0;0;0;0;0;1;1;1;1;0;0;0;0;0;0;0;0;0;0;0;0;0;0;0;0;0;0;0;0;0;0;0;0;0;0;0;0;0;0;0;0;0;0;0;1;1;1;1;1;1;1;1;1;1;1;1;1;1;1;1;1;1;1;0;0;0;0;0;0;0;0;0;0.0004;0.088;-0.0884;0;0;0;0;0;0;0;0;0;0;0;0;0;0;0;0;0;0;0;-10.4;0;0;0;0;0.0004;0;0;0;0;0;0;0;-0.0004;-0.0884;0;0;0;0;0;0;0;0;0;-0.7452;0;0.7452;1;1;0;0;0;0
28/07/21 03:00;0;0;90;0;0;90;0;0;0;0;10.11;6.09;0;0;0;0;0;0;0;0;0;0;0;0;0;1;1;1;1;0;0;0;0;0;0;0;0;0;0;0;0;0;0;0;0;0;0;0;0;0;0;0;0;0;0;0;0;0;0;0;0;0;0;0;1;1;1;1;1;1;1;1;1;1;1;1;1;1;1;1;1;1;1;0;0;0;0;0;0;0;0;0;0.0004;0.088;-0.0884;0;0;0;0;0;0;0;0;0;0;0;0;0;0;0;0;0;0;0;-10.11;0;0;0;0;0.0004;0;0;0;0;0;0;0;-0.0004;-0.0884;0;0;0;0;0;0;0;0;0;-0.7452;0;0.7452;1;1;0;0;0;0
28/07/21 04:00;0;0;90;0;0;90;0;0;0;0;11.17;6.72;0;0;0;0;0;0;0;0;0;0;0;0;0;1;1;1;1;0;0;0;0;0;0;0;0;0;0;0;0;0;0;0;0;0;0;0;0;0;0;0;0;0;0;0;0;0;0;0;0;0;0;0;1;1;1;1;1;1;1;1;1;1;1;1;1;1;1;1;1;1;1;0;0;0;0;0;0;0;0;0;0.0004;0.088;-0.0884;0;0;0;0;0;0;0;0;0;0;0;0;0;0;0;0;0;0;0;-11.17;0;0;0;0;0.0004;0;0;0;0;0;0;0;-0.0004;-0.0884;0;0;0;0;0;0;0;0;0;-0.7452;0;0.7452;1;1;0;0;0;0
28/07/21 05:00;0;0;90;0;0;90;0;0;0;0;11.23;6.73;0;0;0;0;0;0;0;0;0;0;0;0;0;1;1;1;1;0;0;0;0;0;0;0;0;0;0;0;0;0;0;0;0;0;0;0;0;0;0;0;0;0;0;0;0;0;0;0;0;0;0;0;1;1;1;1;1;1;1;1;1;1;1;1;1;1;1;1;1;1;1;0;0;0;0;0;0;0;0;0;0.0004;0.088;-0.0884;0;0;0;0;0;0;0;0;0;0;0;0;0;0;0;0;0;0;0;-11.23;0;0;0;0;0.0004;0;0;0;0;0;0;0;-0.0004;-0.0884;0;0;0;0;0;0;0;0;0;-0.7452;0;0.7452;1;1;0;0;0;0
28/07/21 06:00;0;0;90;0;0;90;0;0;0;0;10.6;6.4;0;0;0;0;0;0;0;0;0;0;0;0;0;1;1;1;1;0;0;0;0;0;0;0;0;0;0;0;0;0;0;0;0;0;0;0;0;0;0;0;0;0;0;0;0;0;0;0;0;0;0;0;1;1;1;1;1;1;1;1;1;1;1;1;1;1;1;1;1;1;1;0;0;0;0;0;0;0;0;0;0.0004;0.088;-0.0884;0;0;0;0;0;0;0;0;0;0;0;0;0;0;0;0;0;0;0;-10.6;0;0;0;0;0.0004;0;0;0;0;0;0;0;-0.0004;-0.0884;0;0;0;0;0;0;0;0;0;-0.7452;0;0.7452;1;1;0;0;0;0
28/07/21 07:00;5.609;-62.21;76.288;6.3346;9.1865;-90;-9.1865;3.8092;3.7981;0.0111;11.1;5.61;0;0.0269;3.7735;0.0008;0;0.0032;3.8044;3.8044;0;0.0269;0;0;0;1;1;1;1;0;0;0;0;0;0;0;0;0;0;0;0;0;0;0;0;0;0;0;0;0;0;0;0;0;0;0;0;0;0;0;0;0;0;0;0;1;1;1;1;1;1;1;1;1;1;1;0;1;0;0;1;0;0;0;0;0;0;0;0;0;0;0;0.0004;0.088;-0.0884;0;0;0;0;0;0;0;0;0;0;0;0;0;0;0;0;0;0;0;-11.1;0;0;0;0;0.0004;0;0;0;0;0;0;0;-0.0004;-0.0884;0;0;0;0;0;0;0;0;0;-0.7452;0;0.7452;1;1;0;0;0;0
28/07/21 08:00;15.928;-52.279;48.273;19.839;35.557;-90;-35.557;27.993;27.699;0.2945;10.9;4.7701;0;0.7142;25.096;0.0543;0;0.3393;26.204;0;26.204;0.7142;0.0543;25.096;0.3393;0.0273;0.9707;0;0.0129;24.448;1.7557;0;0;1.4518;0.3039;23.623;0.7759;0.0084;0.0006;0.7622;0.0047;24.399;0.0489;0.0014;0.0001;0.0473;0.0001;23.74;0.7044;0.0536;22.835;0.0306;17.236;14.926;3.8083;0.6826;0.1627;2.3405;0.1171;1.8206;0;1;0;0;0.9361;0.933;1;1;0.9421;0.1044;0.9682;0.9883;1;0.9677;0.8667;0.998;0.998;1;0.998;0.998;0.9015;0.9099;0.0903;0.0746;0.0726;0.0004;0.0095;-0.0034;0.0005;0.0016;0.0004;0;0;0.088;-0.0294;0;0;0;0;0;0;0;0;0;0;0;0;0.0013;0.0001;0.0622;0.0622;0;12.074;12.074;1.1734;0.0497;60.287;1031.8;1;0.0036;0.0036;0;0;0;0;0;0;0.0586;-0.0294;0;15.686;18.165;-7.4121;-8.5831;94.217;94.217;0.6289;0.5246;-0.2479;0.1043;0.7724;0.1659;1.2283;0;17.234;0;0
28/07/21 09:00;24.819;-40.462;43.675;35.475;54.525;-90;-54.525;35.905;35.701;0.2035;10.94;4.8;0;0.3507;28.2;0.0225;0;0.9794;29.552;0;29.552;0.3507;0.0225;28.2;0.9794;0.0119;0.9874;0;0.0331;25.564;3.9879;0;0;3.0753;0.9126;24.655;0.8587;0.0032;0.0002;0.8525;0.0028;25.513;0.0511;0.0007;0;0.0502;0.0001;25.07;0.3468;0.0222;24.222;0.0638;23.145;20.043;5.5536;3.3576;0.3486;5.0143;0.4157;2.0053;0;1;0;0;0.8231;0.8651;1;1;0.8909;0.0682;0.9663;0.991;1;0.966;0.9574;0.998;0.998;1;0.998;0.998;0.8343;0.8589;0.0652;0.0841;0.0818;0.0005;0.0101;-0.0038;0.0005;0.0019;0.0009;0;0;0.088;-0.0216;0;0;0;0;0;0;0;0;0;0;0;0;0.0015;0.0001;0.0702;0.0702;0;12.164;12.164;1.2239;0.0496;67.924;1033.7;1;0.0038;0.0038;0;0;0;0;0;0;0.0664;-0.0216;0;15.699;18.179;-4.8317;-5.595;94.561;94.561;0.7093;0.5921;-0.1822;0.1172;0.7743;0.1652;1.0917;0;23.081;0;0
28/07/21 10:00;31.587;-26.285;49.797;54.238;35.762;-90;-35.762;28.091;27.998;0.0928;11.16;6.24;0;0.1144;25.355;0.0046;0;0.3443;25.818;0;25.818;0.1144;0.0046;25.355;0.3443;0.0044;0.9954;0;0.0133;24.03;1.7886;0;0;1.48;0.3086;23.206;0.7758;0.0014;0.0001;0.7696;0.0047;23.982;0.0481;0.0002;0;0.0478;0.0001;23.326;0.1127;0.0045;23.058;0.0309;17.488;15.145;3.8723;0.7034;0.1653;2.3771;0.12;1.839;0;1;0;0;0.9191;0.9307;1;1;0.9416;0.1036;0.9677;0.9874;1;0.9677;0.8685;0.998;0.998;1;0.998;0.998;0.8988;0.9094;0.0898;0.0735;0.0715;0.0004;0.0094;-0.0033;0.0005;0.0016;0.0004;0;0;0.088;-0.0304;0;0;0;0;0;0;0;0;0;0;0;0;0.0013;0.0001;0.0611;0.0611;0;12.313;12.313;1.1533;0.0497;59.334;1030;1;0.0036;0.0036;0;0;0;0;0;0;0.0576;-0.0304;0;15.641;18.112;-7.793;-9.0242;94.175;94.175;0.6196;0.5154;-0.2568;0.1043;0.7721;0.1683;1.2461;0;17.44;0;0
28/07/21 11:00;35.412;-9.874;53.411;76.44;13.56;-90;-13.56;93.59;92.502;1.0881;11.96;6.9399;0;1.1193;91.084;0.1347;0;0.1696;92.507;0;92.507;1.1193;0.1347;91.084;0.1696;0.0121;0.9864;0;0.0018;91.272;1.2353;0;0;1.0946;0.1408;87.592;3.4973;0.0196;0.0024;3.4689;0.0064;91.089;0.1825;0.0022;0.0003;0.18;0.0001;87.628;1.0975;0.1321;86.34;0.0223;55.861;48.376;11.57;0.0821;0.4391;6.3161;0.0361;6.6731;0;1;0;0;0.9884;0.9866;1;1;0.988;0.1698;0.9616;0.9825;1;0.9614;0.7757;0.998;0.998;1;0.998;0.998;0.9469;0.9479;0.1314;0.2633;0.2634;0.0016;0.016;-0.0084;0.0018;0.0063;0.0012;0;0;0.088;0.1447;0;0;0;0;0;0;0;0;0;0;0;0;0.0051;0.0003;0.2395;0.2395;0;16.253;16.253;4.2934;0.049;223.99;1069.3;1;0.0068;0.0068;0;0;0;0;0;0;0.2327;0.1447;0;17.109;19.812;10.335;11.968;97.145;97.145;2.2202;2.0199;1.2201;0.2003;0.7998;0.0902;0.3602;0.5496;55.156;0.5228;0
28/07/21 12:00;35.659;7.5847;53.648;79.576;10.424;90;10.424;108.5;107.1;1.3919;11.98;6.5399;0;1.4153;106.03;0.196;0;0.1164;107.76;0;107.76;1.4153;0.196;106.03;0.1164;0.0131;0.985;0;0.0011;106.84;0.9191;0;0;0.8222;0.0968;102.33;4.2975;0.0254;0.0035;4.2642;0.0044;106.62;0.2137;0.0028;0.0004;0.2104;0;102.35;1.387;0.1921;100.73;0.0151;64.548;55.898;13.325;0.0361;0.5064;7.2847;0.0209;7.7551;0;1;0;0;0.9932;0.9915;1;1;0.9922;0.1679;0.9597;0.982;1;0.9594;0.7748;0.998;0.998;1;0.998;0.998;0.9496;0.95;0.1298;0.3067;0.3074;0.0019;0.0166;-0.0089;0.0021;0.0074;0.0013;0;0;0.088;0.1856;0;0;0;0;0;0;0;0;0;0;0;0;0.006;0.0004;0.2808;0.2808;0;16.99;16.99;5.0107;0.049;261.82;1072.3;1;0.0072;0.0072;0;0;0;0;0;0;0.2736;0.1856;0;17.217;19.937;11.381;13.179;97.45;97.45;2.5861;2.3677;1.5652;0.2185;0.8025;0.0845;0.3103;0.6052;63.624;0.5761;0
28/07/21 13:00;32.28;24.227;50.443;56.991;33.009;90;33.009;289.8;244.5;45.297;12.94;6.4;0;54.016;210.39;18.643;0;3.0405;286.09;0;286.09;54.016;18.643;210.39;3.0405;0.1888;0.746;0;0.0106;272.53;13.567;0;0;10.863;2.7041;264.53;7.4551;0.7115;0.2456;6.4452;0.0528;271.98;0.5451;0.108;0.0373;0.3991;0.0007;265.52;53.196;18.36;192.69;0.283;172.81;149.66;37.834;4.4321;1.4974;21.54;0.9894;18.605;0;1;0;0;0.9872;0.9526;1;1;0.9484;0.1106;0.9726;0.9868;1;0.9676;0.8428;0.998;0.998;1;0.998;0.998;0.9246;0.9158;0.0931;0.8142;0.8028;0.0048;0.0147;0.0025;0.0055;0.0194;0.004;0;0;0.088;0.6339;0;0;0;0;0;0;0;0;0;0;0;0;0.0156;0.0018;0.7345;0.7345;0;25.882;25.882;12.942;0.0489;686.61;1069.7;1;0.0125;0.0125;0;0;0;0;0;0;0.7219;0.6339;0;16.964;19.644;14.642;16.955;98.293;98.293;6.8662;6.1939;5.346;0.6723;0.8479;0.0979;0.1235;0.7786;141.69;0.7371;0
28/07/21 14:00;25.854;38.727;44.592;37.761;52.239;90;52.239;105.7;104.1;1.5985;13.69;6.02;0;2.6104;83.694;0.4698;0;2.6633;89.438;0;89.438;2.6104;0.4698;83.694;2.6633;0.0292;0.9656;0;0.0298;78.339;11.099;0;0;8.607;2.4921;75.631;2.5507;0.0249;0.0045;2.5141;0.0071;78.182;0.1567;0.0052;0.0009;0.1502;0.0003;76.728;2.5803;0.4644;72.423;0.1637;67.474;58.433;16.064;8.5757;0.9456;13.603;1.0965;5.9728;0;1;0;0;0.8461;0.8759;1;1;0.8972;0.0643;0.9674;0.9904;1;0.9664;0.9583;0.998;0.998;1;0.998;0.998;0.8456;0.8653;0.0615;0.2545;0.2468;0.0015;0.0157;-0.0068;0.0017;0.0059;0.0025;0;0;0.088;0.1268;0;0;0;0;0;0;0;0;0;0;0;0;0.0047;0.0003;0.2214;0.2214;0;17.407;17.407;3.7167;0.0491;209.15;1058.5;1;0.0066;0.0066;0;0;0;0;0;0;0.2148;0.1268;0;16.357;18.941;9.3673;10.847;97.019;97.019;2.1465;1.867;1.0692;0.2796;0.7978;0.1302;0.3717;0.4981;66.852;0.4472;0
28/07/21 15:00;17.2;50.836;44.177;21.764;42.298;90;42.298;144.6;133.5;11.097;13.35;5.31;0;26.914;112.83;9.1599;0;2.4469;151.36;0;151.36;26.914;9.1599;112.83;2.4469;0.1778;0.7617;0;0.0162;140.56;10.791;0;0;8.5337;2.2573;136.55;3.7286;0.2505;0.0853;3.3782;0.0146;140.28;0.2811;0.0538;0.0183;0.2086;0.0004;137.39;26.61;9.0563;100.71;0.1746;82.043;71.049;18.664;5.5684;0.8904;12.808;0.833;8.13;0;1;0;0;1.0468;0.9287;1;1;0.9244;0.0775;0.9734;0.9907;1;0.9675;0.9227;0.998;0.998;1;0.998;0.998;0.9022;0.8926;0.0714;0.4307;0.4187;0.0025;0.0172;-0.0075;0.0028;0.0101;0.0024;0;0;0.088;0.2862;0;0;0;0;0;0;0;0;0;0;0;0;0.0081;0.0006;0.3824;0.3824;0;20.035;20.035;6.6852;0.049;357.23;1070.6;1;0.0082;0.0082;0;0;0;0;0;0;0.3742;0.2862;0;16.697;19.335;12.497;14.471;97.853;97.853;3.6325;3.2252;2.4139;0.4073;0.8114;0.1121;0.2234;0.6645;81.97;0.6249;0
28/07/21 16:00;7.0375;60.982;72.714;8.0354;11.782;90;11.782;60.303;57.898;2.4049;13.35;4.4501;0;5.8325;56.441;2.0779;0;0.0826;64.434;0;64.434;5.8325;2.0779;56.441;0.0826;0.0905;0.8772;0;0.0013;63.828;0.606;0;0;0.5373;0.0687;60.338;3.3622;0.841;0.2996;2.2184;0.0031;63.7;0.1277;0.0117;0.0042;0.1118;0;60.353;4.9798;1.7741;53.573;0.0107;34.009;29.452;6.9757;0.0304;0.2705;3.8911;0.0155;4.1312;0;1;0;0;1.0685;0.9906;1;1;0.9905;0.1679;0.9472;0.8555;1;0.9602;0.7747;0.998;0.998;1;0.998;0.998;0.9364;0.9492;0.1298;0.1834;0.1805;0.0011;0.0142;-0.0057;0.0012;0.0042;0.0007;0;0;0.088;0.067;0;0;0;0;0;0;0;0;0;0;0;0;0.0034;0.0002;0.1612;0.1612;0;16.32;16.32;2.97;0.0492;152.92;1053.9;1;0.0061;0.0061;0;0;0;0;0;0;0.155;0.067;0;16.528;19.14;6.8759;7.9621;96.202;96.202;1.5464;1.3592;0.5654;0.1873;0.7937;0.1211;0.5133;0.3656;33.993;0.3498;0
28/07/21 17:00;0.8145;66.092;88.024;0.891;1.2703;90;1.2703;0;0;0;11.37;4.5;0;0;0;0;0;0;0;0;0;0;0;0;0;1;1;1;1;0;0;0;0;0;0;0;0;0;0;0;0;0;0;0;0;0;0;0;0;0;0;0;0;0;0;0;0;0;0;0;0;0;0;0;1;1;1;1;1;1;1;1;1;1;1;1;1;1;1;1;1;1;1;0;0;0;0;0;0;0;0;0;0.0004;0.088;-0.0884;0;0;0;0;0;0;0;0;0;0;0;0;0;0;0;0;0;0;0;-11.37;0;0;0;0;0.0004;0;0;0;0;0;0;0;-0.0004;-0.0884;0;0;0;0;0;0;0;0;0;-0.7452;0;0.7452;1;1;0;0;0;0
28/07/21 18:00;0;0;90;0;0;90;0;0;0;0;11.9;4.75;0;0;0;0;0;0;0;0;0;0;0;0;0;1;1;1;1;0;0;0;0;0;0;0;0;0;0;0;0;0;0;0;0;0;0;0;0;0;0;0;0;0;0;0;0;0;0;0;0;0;0;0;1;1;1;1;1;1;1;1;1;1;1;1;1;1;1;1;1;1;1;0;0;0;0;0;0;0;0;0;0.0004;0.088;-0.0884;0;0;0;0;0;0;0;0;0;0;0;0;0;0;0;0;0;0;0;-11.9;0;0;0;0;0.0004;0;0;0;0;0;0;0;-0.0004;-0.0884;0;0;0;0;0;0;0;0;0;-0.7452;0;0.7452;1;1;0;0;0;0
28/07/21 19:00;0;0;90;0;0;90;0;0;0;0;10.44;4.97;0;0;0;0;0;0;0;0;0;0;0;0;0;1;1;1;1;0;0;0;0;0;0;0;0;0;0;0;0;0;0;0;0;0;0;0;0;0;0;0;0;0;0;0;0;0;0;0;0;0;0;0;1;1;1;1;1;1;1;1;1;1;1;1;1;1;1;1;1;1;1;0;0;0;0;0;0;0;0;0;0.0004;0.088;-0.0884;0;0;0;0;0;0;0;0;0;0;0;0;0;0;0;0;0;0;0;-10.44;0;0;0;0;0.0004;0;0;0;0;0;0;0;-0.0004;-0.0884;0;0;0;0;0;0;0;0;0;-0.7452;0;0.7452;1;1;0;0;0;0
28/07/21 20:00;0;0;90;0;0;90;0;0;0;0;10.1;4.6999;0;0;0;0;0;0;0;0;0;0;0;0;0;1;1;1;1;0;0;0;0;0;0;0;0;0;0;0;0;0;0;0;0;0;0;0;0;0;0;0;0;0;0;0;0;0;0;0;0;0;0;0;1;1;1;1;1;1;1;1;1;1;1;1;1;1;1;1;1;1;1;0;0;0;0;0;0;0;0;0;0.0004;0.088;-0.0884;0;0;0;0;0;0;0;0;0;0;0;0;0;0;0;0;0;0;0;-10.1;0;0;0;0;0.0004;0;0;0;0;0;0;0;-0.0004;-0.0884;0;0;0;0;0;0;0;0;0;-0.7452;0;0.7452;1;1;0;0;0;0
28/07/21 21:00;0;0;90;0;0;90;0;0;0;0;9.4197;4.2201;0;0;0;0;0;0;0;0;0;0;0;0;0;1;1;1;1;0;0;0;0;0;0;0;0;0;0;0;0;0;0;0;0;0;0;0;0;0;0;0;0;0;0;0;0;0;0;0;0;0;0;0;1;1;1;1;1;1;1;1;1;1;1;1;1;1;1;1;1;1;1;0;0;0;0;0;0;0;0;0;0.0004;0.088;-0.0884;0;0;0;0;0;0;0;0;0;0;0;0;0;0;0;0;0;0;0;-9.4197;0;0;0;0;0.0004;0;0;0;0;0;0;0;-0.0004;-0.0884;0;0;0;0;0;0;0;0;0;-0.7452;0;0.7452;1;1;0;0;0;0
28/07/21 22:00;0;0;90;0;0;90;0;0;0;0;7.1202;4.5301;0;0;0;0;0;0;0;0;0;0;0;0;0;1;1;1;1;0;0;0;0;0;0;0;0;0;0;0;0;0;0;0;0;0;0;0;0;0;0;0;0;0;0;0;0;0;0;0;0;0;0;0;1;1;1;1;1;1;1;1;1;1;1;1;1;1;1;1;1;1;1;0;0;0;0;0;0;0;0;0;0.0004;0.088;-0.0884;0;0;0;0;0;0;0;0;0;0;0;0;0;0;0;0;0;0;0;-7.1202;0;0;0;0;0.0004;0;0;0;0;0;0;0;-0.0004;-0.0884;0;0;0;0;0;0;0;0;0;-0.7452;0;0.7452;1;1;0;0;0;0
28/07/21 23:00;0;0;90;0;0;90;0;0;0;0;6.2401;4.5499;0;0;0;0;0;0;0;0;0;0;0;0;0;1;1;1;1;0;0;0;0;0;0;0;0;0;0;0;0;0;0;0;0;0;0;0;0;0;0;0;0;0;0;0;0;0;0;0;0;0;0;0;1;1;1;1;1;1;1;1;1;1;1;1;1;1;1;1;1;1;1;0;0;0;0;0;0;0;0;0;0.0004;0.088;-0.0884;0;0;0;0;0;0;0;0;0;0;0;0;0;0;0;0;0;0;0;-6.2401;0;0;0;0;0.0004;0;0;0;0;0;0;0;-0.0004;-0.0884;0;0;0;0;0;0;0;0;0;-0.7452;0;0.7452;1;1;0;0;0;0
29/07/21 00:00;0;0;90;0;0;90;0;0;0;0;6.1703;4.9301;0;0;0;0;0;0;0;0;0;0;0;0;0;1;1;1;1;0;0;0;0;0;0;0;0;0;0;0;0;0;0;0;0;0;0;0;0;0;0;0;0;0;0;0;0;0;0;0;0;0;0;0;1;1;1;1;1;1;1;1;1;1;1;1;1;1;1;1;1;1;1;0;0;0;0;0;0;0;0;0;0.0004;0.088;-0.0884;0;0;0;0;0;0;0;0;0;0;0;0;0;0;0;0;0;0;0;-6.1703;0;0;0;0;0.0004;0;0;0;0;0;0;0;-0.0004;-0.0884;0;0;0;0;0;0;0;0;0;-0.7452;0;0.7452;1;1;0;0;0;0
29/07/21 01:00;0;0;90;0;0;90;0;0;0;0;6.2002;4.7799;0;0;0;0;0;0;0;0;0;0;0;0;0;1;1;1;1;0;0;0;0;0;0;0;0;0;0;0;0;0;0;0;0;0;0;0;0;0;0;0;0;0;0;0;0;0;0;0;0;0;0;0;1;1;1;1;1;1;1;1;1;1;1;1;1;1;1;1;1;1;1;0;0;0;0;0;0;0;0;0;0.0004;0.088;-0.0884;0;0;0;0;0;0;0;0;0;0;0;0;0;0;0;0;0;0;0;-6.2002;0;0;0;0;0.0004;0;0;0;0;0;0;0;-0.0004;-0.0884;0;0;0;0;0;0;0;0;0;-0.7452;0;0.7452;1;1;0;0;0;0
29/07/21 02:00;0;0;90;0;0;90;0;0;0;0;5.5002;4.3701;0;0;0;0;0;0;0;0;0;0;0;0;0;1;1;1;1;0;0;0;0;0;0;0;0;0;0;0;0;0;0;0;0;0;0;0;0;0;0;0;0;0;0;0;0;0;0;0;0;0;0;0;1;1;1;1;1;1;1;1;1;1;1;1;1;1;1;1;1;1;1;0;0;0;0;0;0;0;0;0;0.0004;0.088;-0.0884;0;0;0;0;0;0;0;0;0;0;0;0;0;0;0;0;0;0;0;-5.5002;0;0;0;0;0.0004;0;0;0;0;0;0;0;-0.0004;-0.0884;0;0;0;0;0;0;0;0;0;-0.7452;0;0.7452;1;1;0;0;0;0
29/07/21 03:00;0;0;90;0;0;90;0;0;0;0;4.6998;3.8299;0;0;0;0;0;0;0;0;0;0;0;0;0;1;1;1;1;0;0;0;0;0;0;0;0;0;0;0;0;0;0;0;0;0;0;0;0;0;0;0;0;0;0;0;0;0;0;0;0;0;0;0;1;1;1;1;1;1;1;1;1;1;1;1;1;1;1;1;1;1;1;0;0;0;0;0;0;0;0;0;0.0004;0.088;-0.0884;0;0;0;0;0;0;0;0;0;0;0;0;0;0;0;0;0;0;0;-4.6998;0;0;0;0;0.0004;0;0;0;0;0;0;0;-0.0004;-0.0884;0;0;0;0;0;0;0;0;0;-0.7452;0;0.7452;1;1;0;0;0;0
29/07/21 04:00;0;0;90;0;0;90;0;0;0;0;3.1702;3.1999;0;0;0;0;0;0;0;0;0;0;0;0;0;1;1;1;1;0;0;0;0;0;0;0;0;0;0;0;0;0;0;0;0;0;0;0;0;0;0;0;0;0;0;0;0;0;0;0;0;0;0;0;1;1;1;1;1;1;1;1;1;1;1;1;1;1;1;1;1;1;1;0;0;0;0;0;0;0;0;0;0.0004;0.088;-0.0884;0;0;0;0;0;0;0;0;0;0;0;0;0;0;0;0;0;0;0;-3.1702;0;0;0;0;0.0004;0;0;0;0;0;0;0;-0.0004;-0.0884;0;0;0;0;0;0;0;0;0;-0.7452;0;0.7452;1;1;0;0;0;0
29/07/21 05:00;0;0;90;0;0;90;0;0;0;0;3.1901;2.9;0;0;0;0;0;0;0;0;0;0;0;0;0;1;1;1;1;0;0;0;0;0;0;0;0;0;0;0;0;0;0;0;0;0;0;0;0;0;0;0;0;0;0;0;0;0;0;0;0;0;0;0;1;1;1;1;1;1;1;1;1;1;1;1;1;1;1;1;1;1;1;0;0;0;0;0;0;0;0;0;0.0004;0.088;-0.0884;0;0;0;0;0;0;0;0;0;0;0;0;0;0;0;0;0;0;0;-3.1901;0;0;0;0;0.0004;0;0;0;0;0;0;0;-0.0004;-0.0884;0;0;0;0;0;0;0;0;0;-0.7452;0;0.7452;1;1;0;0;0;0
29/07/21 06:00;0.2214;-66.848;89.463;0.2408;0.3433;-90;-0.3433;0;0;0;3;3.2601;0;0;0;0;0;0;0;0;0;0;0;0;0;1;1;1;1;0;0;0;0;0;0;0;0;0;0;0;0;0;0;0;0;0;0;0;0;0;0;0;0;0;0;0;0;0;0;0;0;0;0;0;1;1;1;1;1;1;1;1;1;1;1;1;1;1;1;1;1;1;1;0;0;0;0;0;0;0;0;0;0.0004;0.088;-0.0884;0;0;0;0;0;0;0;0;0;0;0;0;0;0;0;0;0;0;0;-3;0;0;0;0;0.0004;0;0;0;0;0;0;0;-0.0004;-0.0884;0;0;0;0;0;0;0;0;0;-0.7452;0;0.7452;1;1;0;0;0;0
29/07/21 07:00;5.7629;-62.391;75.905;6.4975;9.4314;-90;-9.4314;72.591;20.003;52.588;2.07;3.4101;0;127.54;12.025;19.149;0;0.0638;158.78;0;158.78;127.54;19.149;12.025;0.0638;0.8033;0.0761;0;0.0004;158.65;0.1316;0;0;0.0786;0.053;127.9;30.43;26.029;3.9079;0.4915;0.0024;158.33;0.3173;0.2551;0.0383;0.0239;0;127.9;101.26;15.203;11.431;0.0084;7.4949;6.4906;1.5687;0.0028;0.0573;0.8246;0.0018;0.8791;0;1;0;0;2.1873;0.9992;1;1;0.9935;0.1695;0.8078;0.7955;1;0.9588;0.7756;0.998;0.998;1;0.998;0.998;0.8055;0.9506;0.1312;0.4519;0.3676;0.0022;0.0171;-0.0221;0.0026;0.0092;0.0002;0;0;0.088;0.2542;0;0;0;0;0;0;0;0;0;0;0;0;0.0074;0.0005;0.3506;0.3506;0;8.2738;8.2738;6.2038;0.0485;313.52;1118.2;1;0.0083;0.0083;0;0;0;0;0;0;0.3422;0.2542;0;14.59;16.895;10.58;12.251;97.619;97.619;3.8107;2.9564;2.1439;0.8543;0.8125;0.2242;0.2132;0.5626;7.1986;0.5604;0
29/07/21 08:00;16.102;-52.446;47.727;20.008;36.072;-90;-36.072;239.2;45.799;193.4;5.33;3.94;0;469.06;19.646;58.377;0;2.981;550.06;0;550.06;469.06;58.377;19.646;2.981;0.8527;0.0411;0;0.0054;546.22;3.8383;0;0;1.1624;2.6759;538.49;6.6377;5.3384;0.6644;0.5958;0.0392;545.13;1.0924;0.9381;0.1168;0.037;0.0006;538.59;462.78;57.595;17.85;0.2653;14.612;12.654;3.3477;0.5621;0.1291;1.8573;0.0951;1.4244;0;1;0;0;2.2996;0.993;1;1;0.9408;0.1023;0.9878;0.9886;1;0.9677;0.8713;0.998;0.998;1;0.998;0.998;0.979;0.9086;0.089;1.5654;1.5447;0.0093;0.0046;0.0363;0.0105;0.0371;0.0003;0;0;0.088;1.3003;0;0;0;0;0;0;0;0;0;0;0;0;0.0299;0.0059;1.4109;1.4109;0;31.694;31.694;26.364;0.049;1329.7;1061;1;0.0226;0.0226;0;0;0;0;0;0;1.3883;1.3003;0;16.949;19.627;15.62;18.088;98.397;98.397;13.201;11.898;10.965;1.3033;0.9329;0.0987;0.0707;0.8306;13.546;0.8285;0
29/07/21 09:00;25.016;-40.607;43.47;35.639;54.361;-90;-54.361;395.5;71.801;323.7;7.2997;4.6901;0;555.53;24.038;71.093;0;10.728;661.39;0;661.39;555.53;71.093;24.038;10.728;0.8399;0.0526;0;0.0162;648.78;12.606;0;0;2.6101;9.996;641.15;6.332;4.9422;0.6325;0.7264;0.0309;647.49;1.2976;1.1111;0.1422;0.0429;0.0015;643.37;549.48;70.319;20.659;0.6998;127.66;110.55;27.09;2.8345;1.1333;16.302;2.2147;14.601;0;1;0;0;1.6723;0.9809;1;1;0.8914;0.0683;0.9902;0.9911;1;0.966;0.9577;0.998;0.998;1;0.998;0.998;0.9694;0.8594;0.0652;1.8823;1.8734;0.0113;0.0008;0.0908;0.0124;0.044;0.0029;0;0;0.088;1.5523;0;0;0;0;0;0;0;0;0;0;0;0;0.0354;0.0084;1.6674;1.6674;0;38.856;38.856;31.556;0.0492;1612.4;1034.1;1;0.0271;0.0271;0;0;0;0;0;0;1.6403;1.5523;0;16.659;19.29;15.509;17.959;98.375;98.375;15.873;14.061;13.091;1.8122;0.9706;0.1142;0.0611;0.8247;19.64;0.8097;0
29/07/21 10:00;31.806;-26.39;49.577;54.371;35.629;-90;-35.629;531.01;87.699;443.31;8.5701;4.7601;0;545.41;29.098;68.401;0;6.4612;649.37;0;649.37;545.41;68.401;29.098;6.4612;0.8399;0.0548;0;0.0099;641.89;7.477;0;0;1.6887;5.7884;631.99;8.621;6.7961;0.8523;0.8835;0.0891;640.61;1.2838;1.0908;0.1368;0.0548;0.0013;633.83;537.52;67.412;26.471;0.5824;267.05;231.27;58.989;0.7985;1.8867;27.139;1.8488;28.227;0;1;0;0;1.2229;0.9885;1;1;0.942;0.1041;0.9865;0.9875;1;0.9677;0.8674;0.998;0.998;1;0.998;0.998;0.9732;0.9097;0.0901;1.848;1.8678;0.0112;0.0009;0.0961;0.0123;0.0437;0.0049;0;0;0.088;1.5404;0;0;0;0;0;0;0;0;0;0;0;0;0.0352;0.0084;1.6552;1.6552;0;39.698;39.698;31.128;0.0493;1606.8;1030.1;1;0.0268;0.0268;0;0;0;0;0;0;1.6284;1.5404;0;16.843;19.504;15.675;18.151;98.382;98.382;15.585;13.958;12.99;1.6266;0.968;0.1044;0.0621;0.8335;19.994;0.8082;0
29/07/21 11:00;35.647;-9.9148;53.177;76.499;13.501;-90;-13.501;592.5;99.5;493;10.07;4.6999;0;507.01;35.562;65.243;0;1.0642;608.88;0;608.88;507.01;65.243;35.562;1.0642;0.8327;0.0602;0;0.0017;607.58;1.3077;0;0;0.4242;0.8835;595.19;11.173;8.6625;1.1147;1.3558;0.0404;606.36;1.2152;1.014;0.1305;0.0703;0.0004;595.43;497.34;63.997;33.712;0.1399;343.18;297.19;72.957;0.0318;2.5448;36.607;0.2454;39.12;0;1;0;0;1.0276;0.9979;1;1;0.9881;0.1698;0.9816;0.9829;1;0.9613;0.7757;0.998;0.998;1;0.998;0.998;0.9775;0.948;0.1315;1.7328;1.7769;0.0107;0.0018;0.0896;0.0117;0.0416;0.0066;0;0;0.088;1.4606;0;0;0;0;0;0;0;0;0;0;0;0;0.0335;0.0076;1.5738;1.5738;0;39.383;39.383;29.313;0.0493;1527.9;1030.1;1;0.0252;0.0252;0;0;0;0;0;0;1.5486;1.4606;0;17.08;19.778;15.851;18.356;98.398;98.398;14.613;13.272;12.318;1.3408;0.9548;0.0918;0.0653;0.8429;21.531;0.8066;0
29/07/21 12:00;35.894;7.6203;53.413;79.617;10.383;90;10.383;590.39;106.7;483.7;11.63;4.51;0;491.75;40.021;67.451;0;0.6284;599.85;0;599.85;491.75;67.451;40.021;0.6284;0.8198;0.0678;0;0.001;599.02;0.8313;0;0;0.3083;0.5229;586.39;11.43;8.614;1.1815;1.6106;0.0237;597.82;1.198;0.9835;0.1349;0.0794;0.0002;586.51;482.15;66.134;38.022;0.0816;344.61;298.44;74.799;0.0136;2.4545;35.307;0.1234;37.748;0;1;0;0;1.016;0.9986;1;1;0.9923;0.1679;0.9809;0.9824;1;0.9594;0.7748;0.998;0.998;1;0.998;0.998;0.9776;0.9501;0.1298;1.7071;1.7488;0.0105;0.0021;0.0954;0.0115;0.0407;0.0063;0;0;0.088;1.4295;0;0;0;0;0;0;0;0;0;0;0;0;0.0328;0.0074;1.542;1.542;0;40.539;40.539;28.909;0.0493;1503.9;1025.3;1;0.0245;0.0245;0;0;0;0;0;0;1.5175;1.4295;0;16.987;19.671;15.747;18.235;98.41;98.41;14.396;13.004;12.055;1.3923;0.9489;0.0967;0.0659;0.8374;24.013;0.802;0
29/07/21 13:00;32.5;24.329;50.219;57.111;32.889;90;32.889;214.1;204.3;9.7979;11.29;4.2;0;11.668;185.35;3.3438;0;2.2305;202.59;0;202.59;11.668;3.3438;185.35;2.2305;0.0576;0.9259;0;0.011;191.09;11.497;0;0;9.5146;1.9826;184.8;5.9139;0.1509;0.0432;5.6807;0.0391;190.71;0.3822;0.0233;0.0067;0.3517;0.0005;185.54;11.494;3.2939;169.8;0.2083;131.16;113.59;28.665;3.8558;1.1717;16.854;0.7433;14.17;0;1;0;0;0.9462;0.9432;1;1;0.9487;0.1112;0.969;0.987;1;0.9676;0.8419;0.998;0.998;1;0.998;0.998;0.9122;0.9161;0.0934;0.5766;0.5646;0.0034;0.0169;-0.0095;0.0039;0.0137;0.0031;0;0;0.088;0.4232;0;0;0;0;0;0;0;0;0;0;0;0;0.0111;0.001;0.5209;0.5209;0;20.315;20.315;9.0247;0.0488;482.28;1080.2;1;0.0098;0.0098;0;0;0;0;0;0;0.5112;0.4232;0;16.992;19.676;13.803;15.983;98.124;98.124;4.8621;4.3932;3.5687;0.4689;0.8245;0.0964;0.1696;0.734;124.71;0.6909;0
29/07/21 14:00;26.052;38.871;44.384;37.918;52.082;90;52.082;459.3;86.003;373.29;12.51;3.7301;0;607.45;24.951;89.654;0;11.508;733.56;0;733.56;607.45;89.654;24.951;11.508;0.8281;0.0497;0;0.0157;720.24;13.322;0;0;2.5548;10.767;711.45;7.3534;5.7279;0.8454;0.7493;0.0309;718.8;1.4405;1.2149;0.1793;0.0448;0.0015;713.94;600.51;88.629;21.602;0.7085;162.26;140.52;34.474;2.5326;1.3684;19.684;2.493;18.52;0;1;0;0;1.5971;0.9818;1;1;0.8976;0.0644;0.9898;0.9906;1;0.9665;0.9583;0.998;0.998;1;0.998;0.998;0.9699;0.8658;0.0616;2.0877;2.0821;0.0125;-0.0009;0.1665;0.0133;0.0473;0.0034;0;0;0.088;1.6747;0;0;0;0;0;0;0;0;0;0;0;0;0.0381;0.0103;1.7915;1.7915;0;47.774;47.774;35.264;0.0496;1793.6;998.81;1;0.0288;0.0288;0;0;0;0;0;0;1.7627;1.6747;0;16.138;18.687;15.086;17.469;98.392;98.392;17.605;15.108;14.123;2.4975;0.9851;0.1419;0.056;0.8022;19.898;0.7864;0
29/07/21 15:00;17.375;51.004;43.595;21.93;42.997;90;42.997;296.2;86.203;210;11.82;2.2499;0;509.31;35.072;110.81;0;5.1716;660.36;0;660.36;509.31;110.81;35.072;5.1716;0.7713;0.0609;0;0.0078;652.87;7.4949;0;0;2.7168;4.7781;644.92;6.6396;4.5681;0.9939;1.049;0.0287;651.56;1.3057;1.0186;0.2216;0.0647;0.0008;645.19;503.72;109.6;31.241;0.364;26.888;23.285;6.2554;1.8322;0.2833;4.0747;0.2706;2.5258;0;1;0;0;2.2294;0.9887;1;1;0.9225;0.0761;0.9898;0.991;1;0.9675;0.9269;0.998;0.998;1;0.998;0.998;0.9766;0.8908;0.0704;1.8793;1.8541;0.0112;0.001;0.1217;0.012;0.0427;0.0007;0;0;0.088;1.5082;0;0;0;0;0;0;0;0;0;0;0;0;0.0344;0.0083;1.6221;1.6221;0;43.687;43.687;31.867;0.0494;1597.2;1015.6;1;0.0259;0.0259;0;0;0;0;0;0;1.5962;1.5082;0;16.232;18.796;15.092;17.477;98.404;98.404;15.849;13.68;12.719;2.1691;0.9604;0.1369;0.0606;0.8025;25.635;0.7988;0
29/07/21 16:00;7.191;61.163;72.327;8.1959;12.031;90;12.031;64.308;61.198;3.1101;11.47;2.02;0;7.5429;59.392;2.7794;0;0.0918;69.806;0;69.806;7.5429;2.7794;59.392;0.0918;0.1081;0.8521;0;0.0013;69.144;0.6621;0;0;0.5857;0.0764;65.251;3.7552;1.0431;0.3843;2.3243;0.0035;69.006;0.1383;0.0151;0.0056;0.1176;0;65.268;6.4848;2.3895;56.365;0.0119;35.817;31.017;7.3496;0.0346;0.2849;4.0975;0.0172;4.3478;0;1;0;0;1.0855;0.9905;1;1;0.9901;0.1678;0.9456;0.8614;1;0.9604;0.7747;0.998;0.998;1;0.998;0.998;0.9347;0.949;0.1298;0.1987;0.1949;0.0012;0.0146;-0.0074;0.0013;0.0046;0.0007;0;0;0.088;0.0816;0;0;0;0;0;0;0;0;0;0;0;0;0.0037;0.0002;0.1759;0.1759;0;14.674;14.674;3.2044;0.0491;165.29;1064.2;1;0.0063;0.0063;0;0;0;0;0;0;0.1696;0.0816;0;16.652;19.282;7.7219;8.9417;96.399;96.399;1.6754;1.4834;0.6879;0.1919;0.7955;0.1145;0.4748;0.4106;35.796;0.3933;0
29/07/21 17:00;0.9581;66.28;87.676;1.0465;1.4922;90;1.4922;0;0;0;8.0303;1.79;0;0;0;0;0;0;0;0;0;0;0;0;0;1;1;1;1;0;0;0;0;0;0;0;0;0;0;0;0;0;0;0;0;0;0;0;0;0;0;0;0;0;0;0;0;0;0;0;0;0;0;0;1;1;1;1;1;1;1;1;1;1;1;1;1;1;1;1;1;1;1;0;0;0;0;0;0;0;0;0;0.0004;0.088;-0.0884;0;0;0;0;0;0;0;0;0;0;0;0;0;0;0;0;0;0;0;-8.0303;0;0;0;0;0.0004;0;0;0;0;0;0;0;-0.0004;-0.0884;0;0;0;0;0;0;0;0;0;-0.7452;0;0.7452;1;1;0;0;0;0
29/07/21 18:00;0;0;90;0;0;90;0;0;0;0;5.0801;1.46;0;0;0;0;0;0;0;0;0;0;0;0;0;1;1;1;1;0;0;0;0;0;0;0;0;0;0;0;0;0;0;0;0;0;0;0;0;0;0;0;0;0;0;0;0;0;0;0;0;0;0;0;1;1;1;1;1;1;1;1;1;1;1;1;1;1;1;1;1;1;1;0;0;0;0;0;0;0;0;0;0.0004;0.088;-0.0884;0;0;0;0;0;0;0;0;0;0;0;0;0;0;0;0;0;0;0;-5.0801;0;0;0;0;0.0004;0;0;0;0;0;0;0;-0.0004;-0.0884;0;0;0;0;0;0;0;0;0;-0.7452;0;0.7452;1;1;0;0;0;0
29/07/21 19:00;0;0;90;0;0;90;0;0;0;0;4.18;1.2799;0;0;0;0;0;0;0;0;0;0;0;0;0;1;1;1;1;0;0;0;0;0;0;0;0;0;0;0;0;0;0;0;0;0;0;0;0;0;0;0;0;0;0;0;0;0;0;0;0;0;0;0;1;1;1;1;1;1;1;1;1;1;1;1;1;1;1;1;1;1;1;0;0;0;0;0;0;0;0;0;0.0004;0.088;-0.0884;0;0;0;0;0;0;0;0;0;0;0;0;0;0;0;0;0;0;0;-4.18;0;0;0;0;0.0004;0;0;0;0;0;0;0;-0.0004;-0.0884;0;0;0;0;0;0;0;0;0;-0.7452;0;0.7452;1;1;0;0;0;0
29/07/21 20:00;0;0;90;0;0;90;0;0;0;0;3.1801;1.4301;0;0;0;0;0;0;0;0;0;0;0;0;0;1;1;1;1;0;0;0;0;0;0;0;0;0;0;0;0;0;0;0;0;0;0;0;0;0;0;0;0;0;0;0;0;0;0;0;0;0;0;0;1;1;1;1;1;1;1;1;1;1;1;1;1;1;1;1;1;1;1;0;0;0;0;0;0;0;0;0;0.0004;0.088;-0.0884;0;0;0;0;0;0;0;0;0;0;0;0;0;0;0;0;0;0;0;-3.1801;0;0;0;0;0.0004;0;0;0;0;0;0;0;-0.0004;-0.0884;0;0;0;0;0;0;0;0;0;-0.7452;0;0.7452;1;1;0;0;0;0
29/07/21 21:00;0;0;90;0;0;90;0;0;0;0;2.9801;1.72;0;0;0;0;0;0;0;0;0;0;0;0;0;1;1;1;1;0;0;0;0;0;0;0;0;0;0;0;0;0;0;0;0;0;0;0;0;0;0;0;0;0;0;0;0;0;0;0;0;0;0;0;1;1;1;1;1;1;1;1;1;1;1;1;1;1;1;1;1;1;1;0;0;0;0;0;0;0;0;0;0.0004;0.088;-0.0884;0;0;0;0;0;0;0;0;0;0;0;0;0;0;0;0;0;0;0;-2.9801;0;0;0;0;0.0004;0;0;0;0;0;0;0;-0.0004;-0.0884;0;0;0;0;0;0;0;0;0;-0.7452;0;0.7452;1;1;0;0;0;0
29/07/21 22:00;0;0;90;0;0;90;0;0;0;0;2.3997;1.9901;0;0;0;0;0;0;0;0;0;0;0;0;0;1;1;1;1;0;0;0;0;0;0;0;0;0;0;0;0;0;0;0;0;0;0;0;0;0;0;0;0;0;0;0;0;0;0;0;0;0;0;0;1;1;1;1;1;1;1;1;1;1;1;1;1;1;1;1;1;1;1;0;0;0;0;0;0;0;0;0;0.0004;0.088;-0.0884;0;0;0;0;0;0;0;0;0;0;0;0;0;0;0;0;0;0;0;-2.3997;0;0;0;0;0.0004;0;0;0;0;0;0;0;-0.0004;-0.0884;0;0;0;0;0;0;0;0;0;-0.7452;0;0.7452;1;1;0;0;0;0
29/07/21 23:00;0;0;90;0;0;90;0;0;0;0;2.6397;2.1501;0;0;0;0;0;0;0;0;0;0;0;0;0;1;1;1;1;0;0;0;0;0;0;0;0;0;0;0;0;0;0;0;0;0;0;0;0;0;0;0;0;0;0;0;0;0;0;0;0;0;0;0;1;1;1;1;1;1;1;1;1;1;1;1;1;1;1;1;1;1;1;0;0;0;0;0;0;0;0;0;0.0004;0.088;-0.0884;0;0;0;0;0;0;0;0;0;0;0;0;0;0;0;0;0;0;0;-2.6397;0;0;0;0;0.0004;0;0;0;0;0;0;0;-0.0004;-0.0884;0;0;0;0;0;0;0;0;0;-0.7452;0;0.7452;1;1;0;0;0;0
30/07/21 00:00;0;0;90;0;0;90;0;0;0;0;1.1699;2.1501;0;0;0;0;0;0;0;0;0;0;0;0;0;1;1;1;1;0;0;0;0;0;0;0;0;0;0;0;0;0;0;0;0;0;0;0;0;0;0;0;0;0;0;0;0;0;0;0;0;0;0;0;1;1;1;1;1;1;1;1;1;1;1;1;1;1;1;1;1;1;1;0;0;0;0;0;0;0;0;0;0.0004;0.088;-0.0884;0;0;0;0;0;0;0;0;0;0;0;0;0;0;0;0;0;0;0;-1.1699;0;0;0;0;0.0004;0;0;0;0;0;0;0;-0.0004;-0.0884;0;0;0;0;0;0;0;0;0;-0.7452;0;0.7452;1;1;0;0;0;0
30/07/21 01:00;0;0;90;0;0;90;0;0;0;0;0.9;2.1;0;0;0;0;0;0;0;0;0;0;0;0;0;1;1;1;1;0;0;0;0;0;0;0;0;0;0;0;0;0;0;0;0;0;0;0;0;0;0;0;0;0;0;0;0;0;0;0;0;0;0;0;1;1;1;1;1;1;1;1;1;1;1;1;1;1;1;1;1;1;1;0;0;0;0;0;0;0;0;0;0.0004;0.088;-0.0884;0;0;0;0;0;0;0;0;0;0;0;0;0;0;0;0;0;0;0;-0.9;0;0;0;0;0.0004;0;0;0;0;0;0;0;-0.0004;-0.0884;0;0;0;0;0;0;0;0;0;-0.7452;0;0.7452;1;1;0;0;0;0
30/07/21 02:00;0;0;90;0;0;90;0;0;0;0;0.1701;2.2499;0;0;0;0;0;0;0;0;0;0;0;0;0;1;1;1;1;0;0;0;0;0;0;0;0;0;0;0;0;0;0;0;0;0;0;0;0;0;0;0;0;0;0;0;0;0;0;0;0;0;0;0;1;1;1;1;1;1;1;1;1;1;1;1;1;1;1;1;1;1;1;0;0;0;0;0;0;0;0;0;0.0004;0.088;-0.0884;0;0;0;0;0;0;0;0;0;0;0;0;0;0;0;0;0;0;0;-0.1701;0;0;0;0;0.0004;0;0;0;0;0;0;0;-0.0004;-0.0884;0;0;0;0;0;0;0;0;0;-0.7452;0;0.7452;1;1;0;0;0;0
30/07/21 03:00;0;0;90;0;0;90;0;0;0;0;-0.0001;2.6399;0;0;0;0;0;0;0;0;0;0;0;0;0;1;1;1;1;0;0;0;0;0;0;0;0;0;0;0;0;0;0;0;0;0;0;0;0;0;0;0;0;0;0;0;0;0;0;0;0;0;0;0;1;1;1;1;1;1;1;1;1;1;1;1;1;1;1;1;1;1;1;0;0;0;0;0;0;0;0;0;0.0004;0.088;-0.0884;0;0;0;0;0;0;0;0;0;0;0;0;0;0;0;0;0;0;0;0.0001;0;0;0;0;0.0004;0;0;0;0;0;0;0;-0.0004;-0.0884;0;0;0;0;0;0;0;0;0;-0.7452;0;0.7452;1;1;0;0;0;0
30/07/21 04:00;0;0;90;0;0;90;0;0;0;0;-0.0998;2.9599;0;0;0;0;0;0;0;0;0;0;0;0;0;1;1;1;1;0;0;0;0;0;0;0;0;0;0;0;0;0;0;0;0;0;0;0;0;0;0;0;0;0;0;0;0;0;0;0;0;0;0;0;1;1;1;1;1;1;1;1;1;1;1;1;1;1;1;1;1;1;1;0;0;0;0;0;0;0;0;0;0.0004;0.088;-0.0884;0;0;0;0;0;0;0;0;0;0;0;0;0;0;0;0;0;0;0;0.0998;0;0;0;0;0.0004;0;0;0;0;0;0;0;-0.0004;-0.0884;0;0;0;0;0;0;0;0;0;-0.7452;0;0.7452;1;1;0;0;0;0
30/07/21 05:00;0;0;90;0;0;90;0;0;0;0;-0.4501;3.16;0;0;0;0;0;0;0;0;0;0;0;0;0;1;1;1;1;0;0;0;0;0;0;0;0;0;0;0;0;0;0;0;0;0;0;0;0;0;0;0;0;0;0;0;0;0;0;0;0;0;0;0;1;1;1;1;1;1;1;1;1;1;1;1;1;1;1;1;1;1;1;0;0;0;0;0;0;0;0;0;0.0004;0.088;-0.0884;0;0;0;0;0;0;0;0;0;0;0;0;0;0;0;0;0;0;0;0.4501;0;0;0;0;0.0004;0;0;0;0;0;0;0;-0.0004;-0.0884;0;0;0;0;0;0;0;0;0;-0.7452;0;0.7452;1;1;0;0;0;0
30/07/21 06:00;0.1835;-67.182;89.555;0.1991;0.2838;-90;-0.2838;0;0;0;-1.21;3.9099;0;0;0;0;0;0;0;0;0;0;0;0;0;1;1;1;1;0;0;0;0;0;0;0;0;0;0;0;0;0;0;0;0;0;0;0;0;0;0;0;0;0;0;0;0;0;0;0;0;0;0;0;1;1;1;1;1;1;1;1;1;1;1;1;1;1;1;1;1;1;1;0;0;0;0;0;0;0;0;0;0.0004;0.088;-0.0884;0;0;0;0;0;0;0;0;0;0;0;0;0;0;0;0;0;0;0;1.21;0;0;0;0;0.0004;0;0;0;0;0;0;0;-0.0004;-0.0884;0;0;0;0;0;0;0;0;0;-0.7452;0;0.7452;1;1;0;0;0;0
30/07/21 07:00;5.9219;-62.574;75.509;6.6654;9.6846;-90;-9.6846;86.402;14.302;72.1;-1.0597;4.1599;0;174.86;6.7228;18.264;0;0.08;199.93;0;199.93;174.86;18.264;6.7228;0.08;0.8746;0.034;0;0.0004;199.82;0.1124;0;0;0.0459;0.0665;161.36;38.055;34.206;3.5728;0.2737;0.003;199.42;0.3996;0.3497;0.0365;0.0134;0;161.36;140.31;14.655;6.3898;0.0105;4.417;3.8251;0.951;0.0017;0.0321;0.4612;0.0011;0.4915;0;1;0;0;2.314;0.9994;1;1;0.9932;0.1695;0.8092;0.804;1;0.9589;0.7755;0.998;0.998;1;0.998;0.998;0.8071;0.9505;0.1312;0.569;0.4626;0.0028;0.0172;-0.0301;0.0033;0.0117;0.0001;0;0;0.088;0.3499;0;0;0;0;0;0;0;0;0;0;0;0;0.0095;0.0007;0.4474;0.4474;0;6.7409;6.7409;7.8006;0.0483;394.96;1132.8;1;0.0095;0.0095;0;0;0;0;0;0;0.4379;0.3499;0;14.787;17.124;11.564;13.391;97.873;97.873;4.7983;3.773;2.9507;1.0253;0.8224;0.2137;0.1714;0.6149;4.0268;0.6139;0
30/07/21 08:00;16.281;-52.615;47.161;20.182;36.615;-90;-36.615;225.51;58.697;166.81;1.9397;3.9099;0;404.56;29.186;63.822;0;2.8926;500.46;0;500.46;404.56;63.822;29.186;2.8926;0.8084;0.0641;0;0.0058;496.09;4.3704;0;0;1.7676;2.6029;489.01;6.0955;4.4707;0.7053;0.8838;0.0358;495.1;0.9922;0.8091;0.1276;0.0548;0.0006;489.17;399.28;62.989;26.48;0.2534;21.159;18.324;4.5622;0.8785;0.2097;3.0168;0.168;2.348;0;1;0;0;2.2193;0.9913;1;1;0.9394;0.1002;0.9877;0.9889;1;0.9677;0.8763;0.998;0.998;1;0.998;0.998;0.9771;0.9073;0.0876;1.4243;1.4056;0.0085;0.0064;0.0038;0.0097;0.0344;0.0006;0;0;0.088;1.2001;0;0;0;0;0;0;0;0;0;0;0;0;0.0277;0.0049;1.3095;1.3095;0;25.775;25.775;23.835;0.0487;1207.9;1084.1;1;0.0214;0.0214;0;0;0;0;0;0;1.2881;1.2001;0;17.291;20.022;15.846;18.349;98.365;98.365;12.011;11.043;10.121;0.9677;0.9227;0.0806;0.0768;0.8426;20.213;0.8388;0
30/07/21 09:00;25.218;-40.753;43.262;35.808;54.192;-90;-54.192;413.1;68.801;344.3;5.5401;3.64;0;588.47;21.327;71.601;0;11.141;692.54;0;692.54;588.47;71.601;21.327;11.141;0.8497;0.0469;0;0.0161;679.85;12.686;0;0;2.3052;10.38;672.03;6.468;5.1637;0.6283;0.6441;0.0319;678.49;1.3597;1.1769;0.1432;0.038;0.0015;674.39;582.13;70.83;18.339;0.7275;132.75;114.96;27.49;2.4878;1.1929;17.16;2.3682;15.865;0;1;0;0;1.6765;0.9817;1;1;0.8919;0.0683;0.9905;0.9912;1;0.9661;0.9579;0.998;0.998;1;0.998;0.998;0.9704;0.8599;0.0653;1.9709;1.9639;0.0118;0;0.0933;0.013;0.0461;0.0031;0;0;0.088;1.6334;0;0;0;0;0;0;0;0;0;0;0;0;0.0372;0.0092;1.7501;1.7501;0;38.605;38.605;33.065;0.0492;1689.9;1035.6;1;0.0287;0.0287;0;0;0;0;0;0;1.7214;1.6334;0;16.699;19.337;15.585;18.047;98.359;98.359;16.621;14.759;13.775;1.8621;0.9843;0.112;0.0592;0.8287;17.393;0.8137;0
30/07/21 10:00;32.031;-26.495;49.352;54.508;35.492;-90;-35.492;534.6;88.298;446.31;9.5799;3.31;0;548.15;29.31;68.762;0;6.4565;652.68;0;652.68;548.15;68.762;29.31;6.4565;0.8398;0.0548;0;0.0099;645.21;7.4713;0;0;1.6908;5.7806;635.33;8.5869;6.7584;0.8478;0.8904;0.0903;643.92;1.2904;1.0963;0.1375;0.0552;0.0014;637.18;540.3;67.776;26.674;0.5843;269.29;233.2;59.479;0.7937;1.902;27.359;1.8464;28.467;0;1;0;0;1.2209;0.9886;1;1;0.9423;0.1047;0.9867;0.9876;1;0.9677;0.8662;0.998;0.998;1;0.998;0.998;0.9734;0.9101;0.0905;1.8575;1.8778;0.0113;0.0008;0.1046;0.0123;0.0437;0.0049;0;0;0.088;1.5418;0;0;0;0;0;0;0;0;0;0;0;0;0.0352;0.0085;1.6565;1.6565;0;40.903;40.903;31.323;0.0493;1615.4;1025.5;1;0.0267;0.0267;0;0;0;0;0;0;1.6298;1.5418;0;16.771;19.421;15.61;18.076;98.387;98.387;15.664;13.97;13.002;1.6947;0.9675;0.1082;0.0618;0.83;20.118;0.8048;0
30/07/21 11:00;35.886;-9.954;52.938;76.563;13.437;-90;-13.437;606.1;99.899;506.2;11.95;3.32;0;520.45;34.418;66.832;0;1.0784;622.78;0;622.78;520.45;66.832;34.418;1.0784;0.8357;0.057;0;0.0017;621.47;1.3026;0;0;0.4073;0.8953;609.09;11.142;8.6732;1.1138;1.3137;0.041;620.23;1.2429;1.0409;0.1337;0.068;0.0004;609.34;510.73;65.585;32.629;0.1418;351.08;304.03;74.643;0.0303;2.6029;37.441;0.2483;40.014;0;1;0;0;1.0275;0.9979;1;1;0.9882;0.1698;0.982;0.9833;1;0.9613;0.7757;0.998;0.998;1;0.998;0.998;0.978;0.948;0.1315;1.7724;1.8184;0.011;0.0014;0.1086;0.0119;0.0421;0.0066;0;0;0.088;1.4815;0;0;0;0;0;0;0;0;0;0;0;0;0.0339;0.008;1.5949;1.5949;0;42.01;42.01;30.061;0.0494;1563.6;1020.1;1;0.0254;0.0254;0;0;0;0;0;0;1.5695;1.4815;0;16.923;19.596;15.719;18.202;98.405;98.405;14.947;13.45;12.494;1.4965;0.9567;0.1001;0.064;0.8359;20.834;0.7999;0
30/07/21 12:00;36.133;7.6597;53.172;79.654;10.346;90;10.346;613.7;102.4;511.3;12.32;3.5899;0;519.75;35.208;68.009;0;0.6486;623.62;0;623.62;519.75;68.009;35.208;0.6486;0.8334;0.0575;0;0.001;622.81;0.8093;0;0;0.2696;0.5397;610.08;11.479;8.8756;1.1614;1.4178;0.0245;621.56;1.2456;1.0395;0.136;0.0699;0.0002;610.21;509.83;66.712;33.451;0.0842;358.17;310.17;77.79;0.0118;2.5476;36.647;0.1273;39.183;0;1;0;0;1.0162;0.9987;1;1;0.9923;0.1679;0.9815;0.9829;1;0.9593;0.7748;0.998;0.998;1;0.998;0.998;0.9783;0.9501;0.1298;1.7748;1.8193;0.011;0.0013;0.1114;0.0119;0.0421;0.0065;0;0;0.088;1.4799;0;0;0;0;0;0;0;0;0;0;0;0;0.0339;0.008;1.5932;1.5932;0;42.44;42.44;30.12;0.0494;1564.4;1018.4;1;0.0254;0.0254;0;0;0;0;0;0;1.5679;1.4799;0;16.882;19.549;15.681;18.158;98.407;98.407;14.967;13.436;12.48;1.5308;0.9562;0.1023;0.0639;0.8338;21.123;0.7987;0
30/07/21 13:00;32.725;24.436;49.989;57.229;32.771;90;32.771;554.7;100.9;453.81;13.1;3.7499;0;539.71;34.127;75.899;0;5.7387;655.47;0;655.47;539.71;75.899;34.127;5.7387;0.8234;0.0608;0;0.0088;648.63;6.84;0;0;1.742;5.098;638.37;8.9671;6.855;0.964;1.0465;0.1017;647.34;1.2973;1.0794;0.1518;0.0648;0.0013;640.01;531.78;74.783;31.274;0.5378;287.98;249.39;63.475;0.7026;2.0332;29.247;1.6354;30.577;0;1;0;0;1.1817;0.9896;1;1;0.949;0.1117;0.9861;0.9873;1;0.9676;0.841;0.998;0.998;1;0.998;0.998;0.9739;0.9164;0.0937;1.8654;1.8897;0.0114;0.0007;0.1306;0.0122;0.0434;0.0051;0;0;0.088;1.5287;0;0;0;0;0;0;0;0;0;0;0;0;0.0349;0.0086;1.6429;1.6429;0;44.67;44.67;31.57;0.0495;1625.4;1010.7;1;0.0262;0.0262;0;0;0;0;0;0;1.6167;1.5287;0;16.562;19.178;15.411;17.845;98.406;98.406;15.731;13.854;12.892;1.8769;0.963;0.1193;0.0612;0.8195;22.943;0.793;0
30/07/21 14:00;26.253;39.021;44.169;38.074;51.926;90;51.926;155.01;150.9;4.1077;12.42;3.53;0;6.6609;121.12;1.7122;0;3.8621;133.36;0;133.36;6.6609;1.7122;121.12;3.8621;0.0499;0.9372;0;0.029;117.4;15.961;0;0;12.348;3.6131;113.44;3.7244;0.062;0.0159;3.6361;0.0104;117.16;0.2348;0.0133;0.0034;0.2176;0.0005;115.03;6.5856;1.6928;104.92;0.2381;98.164;85.01;23.209;12.153;1.3652;19.638;1.5869;8.8502;0;1;0;0;0.8603;0.8803;1;1;0.8981;0.0645;0.9682;0.9907;1;0.9665;0.9582;0.998;0.998;1;0.998;0.998;0.8506;0.8662;0.0617;0.3795;0.3684;0.0022;0.0171;-0.0094;0.0025;0.0089;0.0036;0;0;0.088;0.2401;0;0;0;0;0;0;0;0;0;0;0;0;0.0072;0.0005;0.3358;0.3358;0;17.974;17.974;5.5538;0.049;313.29;1071.9;1;0.0077;0.0077;0;0;0;0;0;0;0.3281;0.2401;0;16.639;19.268;11.896;13.775;97.697;97.697;3.2006;2.8319;2.0246;0.3687;0.8073;0.1152;0.2522;0.6326;96.436;0.5698;0
30/07/21 15:00;17.551;51.177;43;22.095;43.724;90;43.724;52.392;51.799;0.5932;11.72;2.3099;0;1.4386;44.55;0.1862;0;0.9444;47.119;0;47.119;1.4386;0.1862;44.55;0.9444;0.0305;0.9655;0;0.02;42.708;4.4107;0;0;3.5367;0.8739;41.273;1.3503;0.0124;0.0016;1.3315;0.0048;42.623;0.0854;0.0029;0.0004;0.082;0.0001;41.632;1.4233;0.1842;39.6;0.0655;32.777;28.385;7.4978;2.4641;0.3686;5.3024;0.3597;3.2069;0;1;0;0;0.8994;0.9064;1;1;0.9206;0.0747;0.9683;0.9914;1;0.9675;0.9312;0.998;0.998;1;0.998;0.998;0.8759;0.8889;0.0694;0.1341;0.1297;0.0008;0.0125;-0.0054;0.0009;0.003;0.0009;0;0;0.088;0.0213;0;0;0;0;0;0;0;0;0;0;0;0;0.0024;0.0001;0.1145;0.1145;0;13.756;13.756;2.0367;0.0493;109.12;1049;1;0.0051;0.0051;0;0;0;0;0;0;0.1093;0.0213;0;16.052;18.588;2.9926;3.4653;95.523;95.523;1.1309;0.9653;0.18;0.1656;0.7853;0.1464;0.6945;0.1591;32.774;0.1468;0
30/07/21 16:00;7.346;61.35;71.935;8.3573;12.283;90;12.283;25.903;25.703;0.1995;11.27;2.76;0;0.4839;25.379;0.0733;0;0.0385;25.975;0;25.975;0.4839;0.0733;25.379;0.0385;0.0186;0.9785;0;0.0015;25.684;0.2912;0;0;0.2591;0.0321;24.568;1.0642;0.0642;0.0097;0.9888;0.0015;25.632;0.0514;0.001;0.0001;0.0502;0;24.576;0.4188;0.0634;24.081;0.005;15.309;13.257;3.1415;0.0159;0.1218;1.7523;0.0078;1.8581;0;1;0;0;1.0028;0.9888;1;1;0.9898;0.1678;0.9585;0.8672;1;0.9606;0.7747;0.998;0.998;1;0.998;0.998;0.9458;0.9488;0.1297;0.0739;0.0738;0.0004;0.0096;-0.0034;0.0005;0.0017;0.0003;0;0;0.088;-0.0283;0;0;0;0;0;0;0;0;0;0;0;0;0.0013;0.0001;0.0633;0.0633;0;12.49;12.49;1.2201;0.0497;61.384;1031.6;1;0.0036;0.0036;0;0;0;0;0;0;0.0597;-0.0283;0;16.109;18.654;-7.1998;-8.3372;94.274;94.274;0.6234;0.534;-0.2387;0.0894;0.7727;0.1434;1.2395;0;15.308;0;0
30/07/21 17:00;0.9154;66.619;87.779;0.9973;1.422;90;1.422;0;0;0;9.7301;3.1899;0;0;0;0;0;0;0;0;0;0;0;0;0;1;1;1;1;0;0;0;0;0;0;0;0;0;0;0;0;0;0;0;0;0;0;0;0;0;0;0;0;0;0;0;0;0;0;0;0;0;0;0;1;1;1;1;1;1;1;1;1;1;1;1;1;1;1;1;1;1;1;0;0;0;0;0;0;0;0;0;0.0004;0.088;-0.0884;0;0;0;0;0;0;0;0;0;0;0;0;0;0;0;0;0;0;0;-9.7301;0;0;0;0;0.0004;0;0;0;0;0;0;0;-0.0004;-0.0884;0;0;0;0;0;0;0;0;0;-0.7452;0;0.7452;1;1;0;0;0;0
30/07/21 18:00;0;0;90;0;0;90;0;0;0;0;9.0999;3.5999;0;0;0;0;0;0;0;0;0;0;0;0;0;1;1;1;1;0;0;0;0;0;0;0;0;0;0;0;0;0;0;0;0;0;0;0;0;0;0;0;0;0;0;0;0;0;0;0;0;0;0;0;1;1;1;1;1;1;1;1;1;1;1;1;1;1;1;1;1;1;1;0;0;0;0;0;0;0;0;0;0.0004;0.088;-0.0884;0;0;0;0;0;0;0;0;0;0;0;0;0;0;0;0;0;0;0;-9.0999;0;0;0;0;0.0004;0;0;0;0;0;0;0;-0.0004;-0.0884;0;0;0;0;0;0;0;0;0;-0.7452;0;0.7452;1;1;0;0;0;0
30/07/21 19:00;0;0;90;0;0;90;0;0;0;0;8.6898;3.9701;0;0;0;0;0;0;0;0;0;0;0;0;0;1;1;1;1;0;0;0;0;0;0;0;0;0;0;0;0;0;0;0;0;0;0;0;0;0;0;0;0;0;0;0;0;0;0;0;0;0;0;0;1;1;1;1;1;1;1;1;1;1;1;1;1;1;1;1;1;1;1;0;0;0;0;0;0;0;0;0;0.0004;0.088;-0.0884;0;0;0;0;0;0;0;0;0;0;0;0;0;0;0;0;0;0;0;-8.6898;0;0;0;0;0.0004;0;0;0;0;0;0;0;-0.0004;-0.0884;0;0;0;0;0;0;0;0;0;-0.7452;0;0.7452;1;1;0;0;0;0
30/07/21 20:00;0;0;90;0;0;90;0;0;0;0;8.7602;4.27;0;0;0;0;0;0;0;0;0;0;0;0;0;1;1;1;1;0;0;0;0;0;0;0;0;0;0;0;0;0;0;0;0;0;0;0;0;0;0;0;0;0;0;0;0;0;0;0;0;0;0;0;1;1;1;1;1;1;1;1;1;1;1;1;1;1;1;1;1;1;1;0;0;0;0;0;0;0;0;0;0.0004;0.088;-0.0884;0;0;0;0;0;0;0;0;0;0;0;0;0;0;0;0;0;0;0;-8.7602;0;0;0;0;0.0004;0;0;0;0;0;0;0;-0.0004;-0.0884;0;0;0;0;0;0;0;0;0;-0.7452;0;0.7452;1;1;0;0;0;0
30/07/21 21:00;0;0;90;0;0;90;0;0;0;0;8.2902;4.5399;0;0;0;0;0;0;0;0;0;0;0;0;0;1;1;1;1;0;0;0;0;0;0;0;0;0;0;0;0;0;0;0;0;0;0;0;0;0;0;0;0;0;0;0;0;0;0;0;0;0;0;0;1;1;1;1;1;1;1;1;1;1;1;1;1;1;1;1;1;1;1;0;0;0;0;0;0;0;0;0;0.0004;0.088;-0.0884;0;0;0;0;0;0;0;0;0;0;0;0;0;0;0;0;0;0;0;-8.2902;0;0;0;0;0.0004;0;0;0;0;0;0;0;-0.0004;-0.0884;0;0;0;0;0;0;0;0;0;-0.7452;0;0.7452;1;1;0;0;0;0
30/07/21 22:00;0;0;90;0;0;90;0;0;0;0;8.7901;4.73;0;0;0;0;0;0;0;0;0;0;0;0;0;1;1;1;1;0;0;0;0;0;0;0;0;0;0;0;0;0;0;0;0;0;0;0;0;0;0;0;0;0;0;0;0;0;0;0;0;0;0;0;1;1;1;1;1;1;1;1;1;1;1;1;1;1;1;1;1;1;1;0;0;0;0;0;0;0;0;0;0.0004;0.088;-0.0884;0;0;0;0;0;0;0;0;0;0;0;0;0;0;0;0;0;0;0;-8.7901;0;0;0;0;0.0004;0;0;0;0;0;0;0;-0.0004;-0.0884;0;0;0;0;0;0;0;0;0;-0.7452;0;0.7452;1;1;0;0;0;0
30/07/21 23:00;0;0;90;0;0;90;0;0;0;0;11;4.8;0;0;0;0;0;0;0;0;0;0;0;0;0;1;1;1;1;0;0;0;0;0;0;0;0;0;0;0;0;0;0;0;0;0;0;0;0;0;0;0;0;0;0;0;0;0;0;0;0;0;0;0;1;1;1;1;1;1;1;1;1;1;1;1;1;1;1;1;1;1;1;0;0;0;0;0;0;0;0;0;0.0004;0.088;-0.0884;0;0;0;0;0;0;0;0;0;0;0;0;0;0;0;0;0;0;0;-11;0;0;0;0;0.0004;0;0;0;0;0;0;0;-0.0004;-0.0884;0;0;0;0;0;0;0;0;0;-0.7452;0;0.7452;1;1;0;0;0;0
31/07/21 00:00;0;0;90;0;0;90;0;0;0;0;9.2003;4.89;0;0;0;0;0;0;0;0;0;0;0;0;0;1;1;1;1;0;0;0;0;0;0;0;0;0;0;0;0;0;0;0;0;0;0;0;0;0;0;0;0;0;0;0;0;0;0;0;0;0;0;0;1;1;1;1;1;1;1;1;1;1;1;1;1;1;1;1;1;1;1;0;0;0;0;0;0;0;0;0;0.0004;0.088;-0.0884;0;0;0;0;0;0;0;0;0;0;0;0;0;0;0;0;0;0;0;-9.2003;0;0;0;0;0.0004;0;0;0;0;0;0;0;-0.0004;-0.0884;0;0;0;0;0;0;0;0;0;-0.7452;0;0.7452;1;1;0;0;0;0
31/07/21 01:00;0;0;90;0;0;90;0;0;0;0;8.8998;4.8599;0;0;0;0;0;0;0;0;0;0;0;0;0;1;1;1;1;0;0;0;0;0;0;0;0;0;0;0;0;0;0;0;0;0;0;0;0;0;0;0;0;0;0;0;0;0;0;0;0;0;0;0;1;1;1;1;1;1;1;1;1;1;1;1;1;1;1;1;1;1;1;0;0;0;0;0;0;0;0;0;0.0004;0.088;-0.0884;0;0;0;0;0;0;0;0;0;0;0;0;0;0;0;0;0;0;0;-8.8998;0;0;0;0;0.0004;0;0;0;0;0;0;0;-0.0004;-0.0884;0;0;0;0;0;0;0;0;0;-0.7452;0;0.7452;1;1;0;0;0;0
31/07/21 02:00;0;0;90;0;0;90;0;0;0;0;9.7999;4.9399;0;0;0;0;0;0;0;0;0;0;0;0;0;1;1;1;1;0;0;0;0;0;0;0;0;0;0;0;0;0;0;0;0;0;0;0;0;0;0;0;0;0;0;0;0;0;0;0;0;0;0;0;1;1;1;1;1;1;1;1;1;1;1;1;1;1;1;1;1;1;1;0;0;0;0;0;0;0;0;0;0.0004;0.088;-0.0884;0;0;0;0;0;0;0;0;0;0;0;0;0;0;0;0;0;0;0;-9.7999;0;0;0;0;0.0004;0;0;0;0;0;0;0;-0.0004;-0.0884;0;0;0;0;0;0;0;0;0;-0.7452;0;0.7452;1;1;0;0;0;0
31/07/21 03:00;0;0;90;0;0;90;0;0;0;0;10.1;5.44;0;0;0;0;0;0;0;0;0;0;0;0;0;1;1;1;1;0;0;0;0;0;0;0;0;0;0;0;0;0;0;0;0;0;0;0;0;0;0;0;0;0;0;0;0;0;0;0;0;0;0;0;1;1;1;1;1;1;1;1;1;1;1;1;1;1;1;1;1;1;1;0;0;0;0;0;0;0;0;0;0.0004;0.088;-0.0884;0;0;0;0;0;0;0;0;0;0;0;0;0;0;0;0;0;0;0;-10.1;0;0;0;0;0.0004;0;0;0;0;0;0;0;-0.0004;-0.0884;0;0;0;0;0;0;0;0;0;-0.7452;0;0.7452;1;1;0;0;0;0
31/07/21 04:00;0;0;90;0;0;90;0;0;0;0;10.44;5.4801;0;0;0;0;0;0;0;0;0;0;0;0;0;1;1;1;1;0;0;0;0;0;0;0;0;0;0;0;0;0;0;0;0;0;0;0;0;0;0;0;0;0;0;0;0;0;0;0;0;0;0;0;1;1;1;1;1;1;1;1;1;1;1;1;1;1;1;1;1;1;1;0;0;0;0;0;0;0;0;0;0.0004;0.088;-0.0884;0;0;0;0;0;0;0;0;0;0;0;0;0;0;0;0;0;0;0;-10.44;0;0;0;0;0.0004;0;0;0;0;0;0;0;-0.0004;-0.0884;0;0;0;0;0;0;0;0;0;-0.7452;0;0.7452;1;1;0;0;0;0
31/07/21 05:00;0;0;90;0;0;90;0;0;0;0;11.16;4.99;0;0;0;0;0;0;0;0;0;0;0;0;0;1;1;1;1;0;0;0;0;0;0;0;0;0;0;0;0;0;0;0;0;0;0;0;0;0;0;0;0;0;0;0;0;0;0;0;0;0;0;0;1;1;1;1;1;1;1;1;1;1;1;1;1;1;1;1;1;1;1;0;0;0;0;0;0;0;0;0;0.0004;0.088;-0.0884;0;0;0;0;0;0;0;0;0;0;0;0;0;0;0;0;0;0;0;-11.16;0;0;0;0;0.0004;0;0;0;0;0;0;0;-0.0004;-0.0884;0;0;0;0;0;0;0;0;0;-0.7452;0;0.7452;1;1;0;0;0;0
31/07/21 06:00;0.3386;-67.374;89.179;0.3668;0.5228;-90;-0.5228;0;0;0;11.12;5.07;0;0;0;0;0;0;0;0;0;0;0;0;0;1;1;1;1;0;0;0;0;0;0;0;0;0;0;0;0;0;0;0;0;0;0;0;0;0;0;0;0;0;0;0;0;0;0;0;0;0;0;0;1;1;1;1;1;1;1;1;1;1;1;1;1;1;1;1;1;1;1;0;0;0;0;0;0;0;0;0;0.0004;0.088;-0.0884;0;0;0;0;0;0;0;0;0;0;0;0;0;0;0;0;0;0;0;-11.12;0;0;0;0;0.0004;0;0;0;0;0;0;0;-0.0004;-0.0884;0;0;0;0;0;0;0;0;0;-0.7452;0;0.7452;1;1;0;0;0;0
31/07/21 07:00;6.0857;-62.759;75.101;6.8381;9.9459;-90;-9.9459;7.892;7.8029;0.089;10.76;5.38;0;0.216;7.7394;0.012;0;0.0077;7.975;0;7.975;0.216;0.012;7.7394;0.0077;0.0271;0.9714;0;0.001;7.9134;0.0617;0;0;0.0553;0.0064;7.5408;0.3567;0.0404;0.0022;0.3137;0.0003;7.8976;0.0158;0.0004;0;0.0154;0;7.5422;0.1751;0.0097;7.355;0.001;4.6391;4.0175;0.9491;0.0022;0.0369;0.5312;0.0013;0.5659;0;1;0;0;1.0105;0.9923;1;1;0.9929;0.1696;0.9548;0.8123;1;0.9591;0.7755;0.998;0.998;1;0.998;0.998;0.9456;0.9503;0.1313;0.0227;0.0226;0.0001;0.0052;-0.001;0.0001;0.0005;0.0001;0;0;0.088;-0.0731;0;0;0;0;0;0;0;0;0;0;0;0;0.0004;0;0.0173;0.0173;0;11.143;11.143;0.3833;0.0508;17.628;981.36;1;0.0023;0.0023;0;0;0;0;0;0;0.0149;-0.0731;0;14.334;16.598;-60.528;-70.09;86.418;86.418;0.1914;0.1459;-0.616;0.0455;0.7619;0.2378;3.9808;0;4.6386;0;0
31/07/21 08:00;16.466;-52.787;46.574;20.361;37.187;-90;-37.187;74.505;72.899;1.6064;11.18;5.94;0;3.8959;65.208;0.7548;0;0.9847;70.843;0;70.843;3.8959;0.7548;65.208;0.9847;0.055;0.9344;0;0.0139;65.909;4.9339;0;0;4.0456;0.8883;63.744;2.033;0.0417;0.0081;1.9718;0.0114;65.777;0.1318;0.0078;0.0015;0.1223;0.0002;64.086;3.8464;0.7452;59.068;0.0848;45.378;39.297;10.098;2.0685;0.4413;6.3486;0.3419;4.7215;0;1;0;0;0.9508;0.9304;1;1;0.938;0.0979;0.9691;0.9893;1;0.9677;0.8817;0.998;0.998;1;0.998;0.998;0.8998;0.9058;0.0861;0.2016;0.1961;0.0012;0.0147;-0.0077;0.0013;0.0047;0.0012;0;0;0.088;0.0825;0;0;0;0;0;0;0;0;0;0;0;0;0.0038;0.0002;0.1768;0.1768;0;14.31;14.31;3.1303;0.0491;166.06;1064.8;1;0.0063;0.0063;0;0;0;0;0;0;0.1705;0.0825;0;16.493;19.098;7.6924;8.9076;96.411;96.411;1.7002;1.4911;0.6955;0.2091;0.7956;0.123;0.468;0.409;45.369;0.3833;0
31/07/21 09:00;25.426;-40.901;43.05;35.982;54.018;-90;-54.018;223.01;181.5;41.509;12.9;6.25;0;70.65;133.57;22.498;0;5.979;232.7;0;232.7;70.65;22.498;133.57;5.979;0.3036;0.5997;0;0.0257;212.76;19.942;0;0;14.371;5.5703;207.48;4.8552;0.6112;0.1946;4.0323;0.017;212.33;0.4255;0.1413;0.045;0.2384;0.0008;209.69;69.897;22.258;114.93;0.3908;125.24;108.46;29.359;15.391;1.7508;25.185;2.2094;11.544;0;1;0;0;1.0435;0.9143;1;1;0.8924;0.0683;0.9771;0.9913;1;0.9661;0.9582;0.998;0.998;1;0.998;0.998;0.8916;0.8604;0.0654;0.6622;0.6504;0.0039;0.0163;-0.0045;0.0044;0.0158;0.0047;0;0;0.088;0.4973;0;0;0;0;0;0;0;0;0;0;0;0;0.0127;0.0013;0.5959;0.5959;0;23.046;23.046;10.146;0.0489;555.39;1072.9;1;0.0106;0.0106;0;0;0;0;0;0;0.5853;0.4973;0;16.921;19.595;14.121;16.352;98.218;98.218;5.5848;5.0252;4.1936;0.5596;0.8317;0.1002;0.1489;0.7509;108.74;0.6946;0
31/07/21 10:00;32.261;-26.6;49.123;54.65;35.35;-90;-35.35;348.5;223.9;124.6;14.3;6.3701;0;152.76;167.52;48.269;0;4.1763;372.73;0;372.73;152.76;48.269;167.52;4.1763;0.4099;0.4606;0;0.0112;359.39;13.339;0;0;9.6026;3.7367;351.07;7.6019;1.8631;0.5887;5.0909;0.0593;358.67;0.7188;0.3055;0.0965;0.3158;0.0009;352.39;150.6;47.583;152.51;0.3795;196.34;170.03;43.351;4.4664;1.6404;23.596;1.3233;20.77;0;1;0;0;1.0695;0.9642;1;1;0.9427;0.1053;0.9788;0.9878;1;0.9677;0.8649;0.998;0.998;1;0.998;0.998;0.9419;0.9104;0.0909;1.0608;1.0555;0.0064;0.0114;0.0245;0.0071;0.0252;0.0043;0;0;0.088;0.85;0;0;0;0;0;0;0;0;0;0;0;0;0.0203;0.0029;0.9535;0.9535;0;31.523;31.523;17.224;0.0491;905.56;1053;1;0.0155;0.0155;0;0;0;0;0;0;0.938;0.85;0;16.905;19.575;15.069;17.45;98.371;98.371;8.9454;8.0411;7.168;0.9043;0.8731;0.1011;0.0976;0.8013;114.85;0.765;0
31/07/21 11:00;36.131;-9.9916;52.695;76.631;13.369;-90;-13.369;547.81;127.5;420.31;15.85;6.59;0;432.02;58.236;70.368;0;0.9649;561.59;0;561.59;432.02;70.368;58.236;0.9649;0.7693;0.1054;0;0.0017;560.1;1.4843;0;0;0.6833;0.8011;548.56;10.428;7.0216;1.1437;2.2256;0.0367;558.98;1.1202;0.864;0.1407;0.1151;0.0003;548.78;424.13;69.084;55.212;0.1269;317.89;275.29;67.461;0.0501;2.3664;34.04;0.221;36.356;0;1;0;0;1.0252;0.9974;1;1;0.9883;0.1698;0.9813;0.9837;1;0.9613;0.7757;0.998;0.998;1;0.998;0.998;0.9768;0.9481;0.1315;1.5982;1.6383;0.0099;0.0034;0.1037;0.0106;0.0378;0.006;0;0;0.088;1.3198;0;0;0;0;0;0;0;0;0;0;0;0;0.0304;0.0066;1.43;1.43;0;42.955;42.955;27.105;0.0494;1409.3;1014.7;1;0.0222;0.0222;0;0;0;0;0;0;1.4078;1.3198;0;16.826;19.484;15.529;17.982;98.448;98.448;13.478;12.059;11.13;1.4191;0.9292;0.1053;0.0689;0.8258;35.244;0.7899;0
31/07/21 12:00;36.378;7.703;52.926;79.688;10.312;90;10.312;488.21;198.5;289.71;16.71;6.5399;0;294.46;124.45;74.237;0;0.5126;493.66;0;493.66;294.46;74.237;124.45;0.5126;0.5965;0.2531;0;0.001;492.29;1.3744;0;0;0.9479;0.4265;480.13;11.17;4.9011;1.2356;5.0142;0.0193;491.3;0.9846;0.5889;0.1485;0.247;0.0002;480.23;288.97;72.853;118.24;0.0666;286.12;247.78;61.374;0.0407;2.0872;30.024;0.0988;32.071;0;1;0;0;1.0112;0.9972;1;1;0.9924;0.1679;0.9773;0.9833;1;0.9593;0.7748;0.998;0.998;1;0.998;0.998;0.9726;0.9501;0.1298;1.4049;1.4341;0.0086;0.006;0.0781;0.0094;0.0333;0.0053;0;0;0.088;1.1537;0;0;0;0;0;0;0;0;0;0;0;0;0.0268;0.0051;1.2614;1.2614;0;40.398;40.398;23.688;0.0493;1233.6;1022.5;1;0.0197;0.0197;0;0;0;0;0;0;1.2417;1.1537;0;16.885;19.552;15.443;17.883;98.44;98.44;11.848;10.638;9.7296;1.2102;0.9081;0.1021;0.0766;0.8212;74.657;0.7854;0
31/07/21 13:00;32.953;24.548;49.754;57.345;32.656;90;32.656;548.61;106.4;442.21;18.04;6.03;0;525.24;37.981;77.39;0;5.6367;646.24;0;646.24;525.24;77.39;37.981;5.6367;0.8128;0.0675;0;0.0087;639.31;6.9325;0;0;1.9279;5.0046;629.2;8.8374;6.599;0.9723;1.1652;0.1008;638.03;1.2786;1.0505;0.1548;0.0721;0.0013;630.84;517.59;76.263;34.816;0.53;285.62;247.35;62.289;0.7723;2.0647;29.7;1.6415;30.992;0;1;0;0;1.178;0.9893;1;1;0.9492;0.1121;0.9861;0.9874;1;0.9676;0.8402;0.998;0.998;1;0.998;0.998;0.9736;0.9167;0.094;1.8392;1.8644;0.0112;0.0009;0.1596;0.0118;0.042;0.0051;0;0;0.088;1.4786;0;0;0;0;0;0;0;0;0;0;0;0;0.0338;0.0083;1.5915;1.5915;0;49.276;49.276;31.236;0.0496;1604.4;991.93;1;0.0249;0.0249;0;0;0;0;0;0;1.5666;1.4786;0;16.273;18.844;15.119;17.508;98.437;98.437;15.51;13.421;12.469;2.0887;0.9518;0.1347;0.0614;0.804;25.512;0.7772;0
31/07/21 14:00;26.457;39.176;43.949;38.23;51.77;90;51.77;419.8;122.7;297.1;17.87;4.58;0;480.11;49.427;99.604;0;10.401;639.54;0;639.54;480.11;99.604;49.427;10.401;0.7507;0.0935;0;0.0163;624.79;14.747;0;0;5.0169;9.7297;616.71;6.8307;4.4054;0.914;1.4833;0.028;623.54;1.2496;0.9602;0.1992;0.0888;0.0013;619.22;474.74;98.491;42.838;0.6423;160.17;138.7;34.162;4.9096;1.4986;21.557;2.5094;18.146;0;1;0;0;1.5234;0.9769;1;1;0.8985;0.0646;0.989;0.9908;1;0.9665;0.9582;0.998;0.998;1;0.998;0.998;0.9643;0.8667;0.0617;1.8201;1.8148;0.0109;0.0014;0.1502;0.0116;0.041;0.0037;0;0;0.088;1.4428;0;0;0;0;0;0;0;0;0;0;0;0;0.033;0.0079;1.555;1.555;0;48.468;48.468;30.598;0.0496;1561.9;995.61;1;0.0242;0.0242;0;0;0;0;0;0;1.5308;1.4428;0;16.067;18.605;14.907;17.262;98.441;98.441;15.349;13.114;12.167;2.2352;0.9465;0.1456;0.0617;0.7927;39.289;0.7732;0
31/07/21 15:00;17.729;51.356;42.392;22.261;44.484;90;44.484;97.81;95.901;1.9085;16.7;3.2799;0;4.6287;81.773;1.098;0;1.8218;89.321;0;89.321;4.6287;1.098;81.773;1.8218;0.0518;0.9359;0;0.0204;80.976;8.3455;0;0;6.6572;1.6883;78.316;2.4983;0.0383;0.0091;2.4424;0.0086;80.814;0.162;0.0093;0.0022;0.1502;0.0003;79.007;4.5812;1.0868;72.523;0.1247;60.583;52.465;13.903;4.7995;0.6944;9.9883;0.6916;5.8831;0;1;0;0;0.9132;0.9066;1;1;0.9186;0.0733;0.9691;0.9917;1;0.9674;0.9354;0.998;0.998;1;0.998;0.998;0.8768;0.8869;0.0684;0.2542;0.2461;0.0015;0.0157;-0.004;0.0016;0.0058;0.0018;0;0;0.088;0.1242;0;0;0;0;0;0;0;0;0;0;0;0;0.0047;0.0003;0.2187;0.2187;0;20.558;20.558;3.8574;0.0493;208.95;1046.7;1;0.0065;0.0065;0;0;0;0;0;0;0.2122;0.1242;0;16.18;18.736;9.1916;10.644;97.047;97.047;2.1437;1.8444;1.0478;0.2994;0.7966;0.1396;0.3716;0.4888;60.571;0.451;0
31/07/21 16:00;7.5025;61.543;71.539;8.5193;12.537;90;12.537;40.808;40.098;0.71;16.53;3.55;0;1.7219;39.457;0.3983;0;0.0632;41.641;0;41.641;1.7219;0.3983;39.457;0.0632;0.0414;0.9491;0;0.0015;41.171;0.4696;0;0;0.417;0.0526;39.287;1.8023;0.2188;0.0506;1.5304;0.0024;41.089;0.0823;0.0034;0.0008;0.0781;0;39.299;1.4996;0.3469;37.432;0.0082;23.821;20.629;4.8905;0.0267;0.1895;2.7264;0.0128;2.8892;0;1;0;0;1.0204;0.9887;1;1;0.9894;0.1677;0.9561;0.8727;1;0.9607;0.7747;0.998;0.998;1;0.998;0.998;0.9435;0.9487;0.1297;0.1185;0.1179;0.0007;0.012;-0.0028;0.0008;0.0027;0.0005;0;0;0.088;0.0093;0;0;0;0;0;0;0;0;0;0;0;0;0.0022;0.0001;0.1019;0.1019;0;18.478;18.478;1.9476;0.0496;99.274;1026.3;1;0.0046;0.0046;0;0;0;0;0;0;0.0973;0.0093;0;16.169;18.723;1.4725;1.7051;95.476;95.476;0.9994;0.8592;0.0783;0.1401;0.781;0.1402;0.7815;0.0783;23.817;0.0746;0
31/07/21 17:00;1.0612;66.818;87.426;1.1544;1.6462;90;1.6462;0;0;0;13.85;3.71;0;0;0;0;0;0;0;0;0;0;0;0;0;1;1;1;1;0;0;0;0;0;0;0;0;0;0;0;0;0;0;0;0;0;0;0;0;0;0;0;0;0;0;0;0;0;0;0;0;0;0;0;1;1;1;1;1;1;1;1;1;1;1;1;1;1;1;1;1;1;1;0;0;0;0;0;0;0;0;0;0.0004;0.088;-0.0884;0;0;0;0;0;0;0;0;0;0;0;0;0;0;0;0;0;0;0;-13.85;0;0;0;0;0.0004;0;0;0;0;0;0;0;-0.0004;-0.0884;0;0;0;0;0;0;0;0;0;-0.7452;0;0.7452;1;1;0;0;0;0
31/07/21 18:00;0;0;90;0;0;90;0;0;0;0;11.01;3.61;0;0;0;0;0;0;0;0;0;0;0;0;0;1;1;1;1;0;0;0;0;0;0;0;0;0;0;0;0;0;0;0;0;0;0;0;0;0;0;0;0;0;0;0;0;0;0;0;0;0;0;0;1;1;1;1;1;1;1;1;1;1;1;1;1;1;1;1;1;1;1;0;0;0;0;0;0;0;0;0;0.0004;0.088;-0.0884;0;0;0;0;0;0;0;0;0;0;0;0;0;0;0;0;0;0;0;-11.01;0;0;0;0;0.0004;0;0;0;0;0;0;0;-0.0004;-0.0884;0;0;0;0;0;0;0;0;0;-0.7452;0;0.7452;1;1;0;0;0;0
31/07/21 19:00;0;0;90;0;0;90;0;0;0;0;11.17;3.39;0;0;0;0;0;0;0;0;0;0;0;0;0;1;1;1;1;0;0;0;0;0;0;0;0;0;0;0;0;0;0;0;0;0;0;0;0;0;0;0;0;0;0;0;0;0;0;0;0;0;0;0;1;1;1;1;1;1;1;1;1;1;1;1;1;1;1;1;1;1;1;0;0;0;0;0;0;0;0;0;0.0004;0.088;-0.0884;0;0;0;0;0;0;0;0;0;0;0;0;0;0;0;0;0;0;0;-11.17;0;0;0;0;0.0004;0;0;0;0;0;0;0;-0.0004;-0.0884;0;0;0;0;0;0;0;0;0;-0.7452;0;0.7452;1;1;0;0;0;0
31/07/21 20:00;0;0;90;0;0;90;0;0;0;0;11.37;3.2501;0;0;0;0;0;0;0;0;0;0;0;0;0;1;1;1;1;0;0;0;0;0;0;0;0;0;0;0;0;0;0;0;0;0;0;0;0;0;0;0;0;0;0;0;0;0;0;0;0;0;0;0;1;1;1;1;1;1;1;1;1;1;1;1;1;1;1;1;1;1;1;0;0;0;0;0;0;0;0;0;0.0004;0.088;-0.0884;0;0;0;0;0;0;0;0;0;0;0;0;0;0;0;0;0;0;0;-11.37;0;0;0;0;0.0004;0;0;0;0;0;0;0;-0.0004;-0.0884;0;0;0;0;0;0;0;0;0;-0.7452;0;0.7452;1;1;0;0;0;0
31/07/21 21:00;0;0;90;0;0;90;0;0;0;0;10.94;3.1899;0;0;0;0;0;0;0;0;0;0;0;0;0;1;1;1;1;0;0;0;0;0;0;0;0;0;0;0;0;0;0;0;0;0;0;0;0;0;0;0;0;0;0;0;0;0;0;0;0;0;0;0;1;1;1;1;1;1;1;1;1;1;1;1;1;1;1;1;1;1;1;0;0;0;0;0;0;0;0;0;0.0004;0.088;-0.0884;0;0;0;0;0;0;0;0;0;0;0;0;0;0;0;0;0;0;0;-10.94;0;0;0;0;0.0004;0;0;0;0;0;0;0;-0.0004;-0.0884;0;0;0;0;0;0;0;0;0;-0.7452;0;0.7452;1;1;0;0;0;0
31/07/21 22:00;0;0;90;0;0;90;0;0;0;0;11.12;3.1701;0;0;0;0;0;0;0;0;0;0;0;0;0;1;1;1;1;0;0;0;0;0;0;0;0;0;0;0;0;0;0;0;0;0;0;0;0;0;0;0;0;0;0;0;0;0;0;0;0;0;0;0;1;1;1;1;1;1;1;1;1;1;1;1;1;1;1;1;1;1;1;0;0;0;0;0;0;0;0;0;0.0004;0.088;-0.0884;0;0;0;0;0;0;0;0;0;0;0;0;0;0;0;0;0;0;0;-11.12;0;0;0;0;0.0004;0;0;0;0;0;0;0;-0.0004;-0.0884;0;0;0;0;0;0;0;0;0;-0.7452;0;0.7452;1;1;0;0;0;0
31/07/21 23:00;0;0;90;0;0;90;0;0;0;0;10.56;3.16;0;0;0;0;0;0;0;0;0;0;0;0;0;1;1;1;1;0;0;0;0;0;0;0;0;0;0;0;0;0;0;0;0;0;0;0;0;0;0;0;0;0;0;0;0;0;0;0;0;0;0;0;1;1;1;1;1;1;1;1;1;1;1;1;1;1;1;1;1;1;1;0;0;0;0;0;0;0;0;0;0.0004;0.088;-0.0884;0;0;0;0;0;0;0;0;0;0;0;0;0;0;0;0;0;0;0;-10.56;0;0;0;0;0.0004;0;0;0;0;0;0;0;-0.0004;-0.0884;0;0;0;0;0;0;0;0;0;-0.7452;0;0.7452;1;1;0;0;0;0
01/08/21 00:00;0;0;90;0;0;90;0;0;0;0;9.3499;3.2601;0;0;0;0;0;0;0;0;0;0;0;0;0;1;1;1;1;0;0;0;0;0;0;0;0;0;0;0;0;0;0;0;0;0;0;0;0;0;0;0;0;0;0;0;0;0;0;0;0;0;0;0;1;1;1;1;1;1;1;1;1;1;1;1;1;1;1;1;1;1;1;0;0;0;0;0;0;0;0;0;0.0004;0.088;-0.0884;0;0;0;0;0;0;0;0;0;0;0;0;0;0;0;0;0;0;0;-9.3499;0;0;0;0;0.0004;0;0;0;0;0;0;0;-0.0004;-0.0884;0;0;0;0;0;0;0;0;0;-0.7452;0;0.7452;1;1;0;0;0;0
01/08/21 01:00;0;0;90;0;0;90;0;0;0;0;11;3.77;0;0;0;0;0;0;0;0;0;0;0;0;0;1;1;1;1;0;0;0;0;0;0;0;0;0;0;0;0;0;0;0;0;0;0;0;0;0;0;0;0;0;0;0;0;0;0;0;0;0;0;0;1;1;1;1;1;1;1;1;1;1;1;1;1;1;1;1;1;1;1;0;0;0;0;0;0;0;0;0;0.0004;0.088;-0.0884;0;0;0;0;0;0;0;0;0;0;0;0;0;0;0;0;0;0;0;-11;0;0;0;0;0.0004;0;0;0;0;0;0;0;-0.0004;-0.0884;0;0;0;0;0;0;0;0;0;-0.7452;0;0.7452;1;1;0;0;0;0
01/08/21 02:00;0;0;90;0;0;90;0;0;0;0;12.31;4.27;0;0;0;0;0;0;0;0;0;0;0;0;0;1;1;1;1;0;0;0;0;0;0;0;0;0;0;0;0;0;0;0;0;0;0;0;0;0;0;0;0;0;0;0;0;0;0;0;0;0;0;0;1;1;1;1;1;1;1;1;1;1;1;1;1;1;1;1;1;1;1;0;0;0;0;0;0;0;0;0;0.0004;0.088;-0.0884;0;0;0;0;0;0;0;0;0;0;0;0;0;0;0;0;0;0;0;-12.31;0;0;0;0;0.0004;0;0;0;0;0;0;0;-0.0004;-0.0884;0;0;0;0;0;0;0;0;0;-0.7452;0;0.7452;1;1;0;0;0;0
01/08/21 03:00;0;0;90;0;0;90;0;0;0;0;10.3;4.0699;0;0;0;0;0;0;0;0;0;0;0;0;0;1;1;1;1;0;0;0;0;0;0;0;0;0;0;0;0;0;0;0;0;0;0;0;0;0;0;0;0;0;0;0;0;0;0;0;0;0;0;0;1;1;1;1;1;1;1;1;1;1;1;1;1;1;1;1;1;1;1;0;0;0;0;0;0;0;0;0;0.0004;0.088;-0.0884;0;0;0;0;0;0;0;0;0;0;0;0;0;0;0;0;0;0;0;-10.3;0;0;0;0;0.0004;0;0;0;0;0;0;0;-0.0004;-0.0884;0;0;0;0;0;0;0;0;0;-0.7452;0;0.7452;1;1;0;0;0;0
01/08/21 04:00;0;0;90;0;0;90;0;0;0;0;10.64;3.3301;0;0;0;0;0;0;0;0;0;0;0;0;0;1;1;1;1;0;0;0;0;0;0;0;0;0;0;0;0;0;0;0;0;0;0;0;0;0;0;0;0;0;0;0;0;0;0;0;0;0;0;0;1;1;1;1;1;1;1;1;1;1;1;1;1;1;1;1;1;1;1;0;0;0;0;0;0;0;0;0;0.0004;0.088;-0.0884;0;0;0;0;0;0;0;0;0;0;0;0;0;0;0;0;0;0;0;-10.64;0;0;0;0;0.0004;0;0;0;0;0;0;0;-0.0004;-0.0884;0;0;0;0;0;0;0;0;0;-0.7452;0;0.7452;1;1;0;0;0;0
01/08/21 05:00;0;0;90;0;0;90;0;0;0;0;10.82;2.2201;0;0;0;0;0;0;0;0;0;0;0;0;0;1;1;1;1;0;0;0;0;0;0;0;0;0;0;0;0;0;0;0;0;0;0;0;0;0;0;0;0;0;0;0;0;0;0;0;0;0;0;0;1;1;1;1;1;1;1;1;1;1;1;1;1;1;1;1;1;1;1;0;0;0;0;0;0;0;0;0;0.0004;0.088;-0.0884;0;0;0;0;0;0;0;0;0;0;0;0;0;0;0;0;0;0;0;-10.82;0;0;0;0;0.0004;0;0;0;0;0;0;0;-0.0004;-0.0884;0;0;0;0;0;0;0;0;0;-0.7452;0;0.7452;1;1;0;0;0;0
01/08/21 06:00;0.3094;-67.713;89.25;0.3344;0.4766;-90;-0.4766;0;0;0;10.4;1.41;0;0;0;0;0;0;0;0;0;0;0;0;0;1;1;1;1;0;0;0;0;0;0;0;0;0;0;0;0;0;0;0;0;0;0;0;0;0;0;0;0;0;0;0;0;0;0;0;0;0;0;0;1;1;1;1;1;1;1;1;1;1;1;1;1;1;1;1;1;1;1;0;0;0;0;0;0;0;0;0;0.0004;0.088;-0.0884;0;0;0;0;0;0;0;0;0;0;0;0;0;0;0;0;0;0;0;-10.4;0;0;0;0;0.0004;0;0;0;0;0;0;0;-0.0004;-0.0884;0;0;0;0;0;0;0;0;0;-0.7452;0;0.7452;1;1;0;0;0;0
01/08/21 07:00;6.2545;-62.947;74.679;7.0157;10.215;-90;-10.215;14.807;14.701;0.1064;10.1;1.95;0;0.258;14.574;0.0262;0;0.0188;14.877;0;14.877;0.258;0.0262;14.574;0.0188;0.0173;0.9809;0;0.0013;14.752;0.1244;0;0;0.1088;0.0156;14.083;0.6397;0.0461;0.0047;0.5882;0.0007;14.723;0.0295;0.0005;0.0001;0.0289;0;14.086;0.2113;0.0215;13.848;0.0025;8.7412;7.3076;2.1894;0.0046;0.0851;1.2239;0.0033;1.3044;0;1;0;0;1.0047;0.9916;1;1;0.9925;0.1697;0.9565;0.8208;1;0.9593;0.7755;0.998;0.998;1;0.998;0.998;0.9467;0.9502;0.1313;0.0423;0.0428;0.0003;0.0072;-0.0021;0.0003;0.0009;0.0002;0;0;0.088;-0.0556;0;0;0;0;0;0;0;0;0;0;0;0;0.0007;0;0.0352;0.0352;0;10.805;10.805;0.7052;0.0501;34.767;1013.5;1;0.0028;0.0028;0;0;0;0;0;0;0.0324;-0.0556;0;15.651;18.123;-24.698;-28.599;91.948;91.948;0.357;0.2971;-0.4689;0.0599;0.766;0.1678;2.1455;0;8.7406;0;0
01/08/21 08:00;16.655;-52.96;45.965;20.545;37.79;-90;-37.79;68.508;67.198;1.31;10.51;2.84;0;3.1771;59.944;0.561;0;1.1495;64.831;0;64.831;3.1771;0.561;59.944;1.1495;0.049;0.9423;0;0.0177;59.978;4.8529;0;0;3.8132;1.0397;57.997;1.8612;0.0329;0.0058;1.8102;0.0123;59.858;0.12;0.0064;0.0011;0.1123;0.0002;58.398;3.1379;0.554;54.208;0.0973;41.92;35.045;11.448;2.0094;0.4756;6.8419;0.4013;5.3082;0;1;0;0;0.9463;0.9251;1;1;0.9364;0.0956;0.9689;0.9896;1;0.9677;0.8875;0.998;0.998;1;0.998;0.998;0.8946;0.9043;0.0846;0.1845;0.1808;0.0011;0.0142;-0.0077;0.0012;0.0043;0.0012;0;0;0.088;0.0685;0;0;0;0;0;0;0;0;0;0;0;0;0.0035;0.0002;0.1628;0.1628;0;13.359;13.359;2.8489;0.0491;152.84;1065;1;0.0062;0.0062;0;0;0;0;0;0;0.1565;0.0685;0;16.59;19.211;6.984;8.0874;96.162;96.162;1.556;1.3727;0.5778;0.1833;0.7948;0.1178;0.5108;0.3714;41.913;0.3442;0
01/08/21 09:00;25.639;-41.05;42.835;36.161;53.839;-90;-53.839;112.79;110.7;2.0909;10.1;3.85;0;3.5437;87.69;0.6827;0;3.6992;95.616;0;95.616;3.5437;0.6827;87.69;3.6992;0.0371;0.9558;0;0.0387;82.78;12.836;0;0;9.3895;3.4461;79.922;2.6924;0.0302;0.0058;2.6459;0.0105;82.615;0.1656;0.0071;0.0014;0.1566;0.0005;81.451;3.5064;0.6756;75.499;0.242;72.007;60.198;21.14;9.9872;1.1459;16.483;1.528;7.6413;0;1;0;0;0.8477;0.8658;1;1;0.8929;0.0684;0.9674;0.9915;1;0.9661;0.9584;0.998;0.998;1;0.998;0.998;0.8359;0.861;0.0654;0.2721;0.266;0.0016;0.0161;-0.0106;0.0018;0.0064;0.003;0;0;0.088;0.1473;0;0;0;0;0;0;0;0;0;0;0;0;0.0052;0.0003;0.2422;0.2422;0;14.014;14.014;3.9139;0.049;225.33;1075.1;1;0.0069;0.0069;0;0;0;0;0;0;0.2353;0.1473;0;16.741;19.386;10.182;11.79;97.145;97.145;2.2948;2.0429;1.2424;0.2519;0.8004;0.1098;0.3488;0.5414;71.247;0.4795;0
01/08/21 10:00;32.497;-26.705;48.891;54.797;35.203;-90;-35.203;149.21;146.3;2.9021;10.4;4.49;0;3.5517;132.38;0.7284;0;2.183;138.85;0;138.85;3.5517;0.7284;132.38;2.183;0.0256;0.9692;0;0.0157;129.36;9.4913;0;0;7.5394;1.9519;124.99;4.1081;0.0428;0.0088;4.025;0.0314;129.1;0.2587;0.0071;0.0015;0.2497;0.0005;125.73;3.5017;0.7181;120.57;0.1992;92.401;77.247;25.174;3.4793;0.9905;14.248;0.7363;11.759;0;1;0;0;0.9306;0.9316;1;1;0.943;0.1059;0.9682;0.9879;1;0.9677;0.8636;0.998;0.998;1;0.998;0.998;0.9002;0.9108;0.0912;0.3951;0.3882;0.0023;0.0172;-0.0119;0.0027;0.0094;0.0027;0;0;0.088;0.2617;0;0;0;0;0;0;0;0;0;0;0;0;0.0076;0.0005;0.3577;0.3577;0;16.506;16.506;6.1059;0.0489;330.71;1081.7;1;0.0081;0.0081;0;0;0;0;0;0;0.3497;0.2617;0;17.026;19.715;12.454;14.421;97.746;97.746;3.3323;3.0169;2.2068;0.3155;0.8101;0.0947;0.2431;0.6622;90.66;0.615;0
01/08/21 11:00;36.381;-10.027;52.447;76.703;13.297;-90;-13.297;304.6;259.9;44.705;11.38;5.4999;0;45.936;241.86;15.157;0;0.6533;303.61;0;303.61;45.936;15.157;241.86;0.6533;0.1513;0.7988;0;0.0022;300.25;3.3542;0;0;2.8119;0.5423;289.4;10.249;0.7281;0.2402;9.2554;0.0248;299.65;0.6005;0.0919;0.0303;0.4781;0.0002;289.54;45.116;14.887;229.32;0.0859;180.72;151.09;45.956;0.203;1.7214;24.762;0.1396;26.281;0;1;0;0;0.9967;0.989;1;1;0.9884;0.1698;0.9658;0.9841;1;0.9612;0.7757;0.998;0.998;1;0.998;0.998;0.9532;0.9481;0.1315;0.864;0.878;0.0053;0.0138;0.0016;0.006;0.0213;0.0046;0;0;0.088;0.7045;0;0;0;0;0;0;0;0;0;0;0;0;0.0171;0.0021;0.8061;0.8061;0;25.526;25.526;14.146;0.0489;750.77;1073.8;1;0.0136;0.0136;0;0;0;0;0;0;0.7925;0.7045;0;17.546;20.317;15.334;17.757;98.313;98.313;7.2866;6.7983;5.9415;0.4883;0.8568;0.067;0.1176;0.8154;146.34;0.7685;0
01/08/21 12:00;36.627;7.7501;52.675;79.718;10.282;90;10.282;220;211.9;8.101;11.78;5.9701;0;8.2332;208.05;2.2022;0;0.2826;218.76;0;218.76;8.2332;2.2022;208.05;0.2826;0.0376;0.9523;0;0.0013;216.95;1.8119;0;0;1.5768;0.2352;207.95;8.5666;0.1335;0.0357;8.3866;0.0107;216.52;0.4339;0.0165;0.0044;0.4129;0.0001;208;8.0832;2.162;197.67;0.0367;130.78;109.34;32.857;0.0672;1.2665;18.219;0.051;19.418;0;1;0;0;0.9944;0.9917;1;1;0.9924;0.1679;0.9604;0.9837;1;0.9593;0.7748;0.998;0.998;1;0.998;0.998;0.9506;0.9501;0.1298;0.6226;0.6316;0.0038;0.0164;-0.0069;0.0043;0.0153;0.0034;0;0;0.088;0.4832;0;0;0;0;0;0;0;0;0;0;0;0;0.0124;0.0012;0.5816;0.5816;0;21.94;21.94;10.159;0.0489;539.82;1077.5;1;0.0105;0.0105;0;0;0;0;0;0;0.5712;0.4832;0;17.569;20.344;14.595;16.9;98.201;98.201;5.2504;4.905;4.0747;0.3453;0.8304;0.0658;0.1582;0.7761;124.8;0.7305;0
01/08/21 13:00;33.185;24.665;49.513;57.458;32.542;90;32.542;552.01;107.1;444.91;13.47;5.7201;0;527.76;38.281;77.771;0;6.9332;650.75;0;650.75;527.76;77.771;38.281;6.9332;0.811;0.0695;0;0.0107;642.67;8.0847;0;0;1.9324;6.1523;632.56;8.823;6.5566;0.9662;1.175;0.1252;641.38;1.2853;1.0555;0.1555;0.0727;0.0016;634.56;520.15;76.649;35.101;0.6541;287.71;240.52;76.78;0.7694;2.5341;36.452;2.0061;38.217;0;1;0;0;1.1789;0.9876;1;1;0.9495;0.1126;0.9862;0.9876;1;0.9676;0.8393;0.998;0.998;1;0.998;0.998;0.972;0.9169;0.0943;1.852;1.8885;0.0114;0.0007;0.1311;0.0122;0.0433;0.0064;0;0;0.088;1.5259;0;0;0;0;0;0;0;0;0;0;0;0;0.0349;0.0085;1.6401;1.6401;0;44.756;44.756;31.285;0.0495;1623.8;1010;1;0.0261;0.0261;0;0;0;0;0;0;1.6139;1.5259;0;16.654;19.285;15.495;17.943;98.407;98.407;15.618;13.831;12.868;1.7872;0.9624;0.1144;0.0616;0.8239;25.692;0.7908;0
01/08/21 14:00;26.663;39.338;43.724;38.385;51.615;90;51.615;434.1;113.3;320.8;13.51;5.23;0;516.63;42.393;98.233;0;13.164;670.42;0;670.42;516.63;98.233;42.393;13.164;0.7706;0.0829;0;0.0196;653.82;16.597;0;0;4.2843;12.313;645.65;6.8684;4.6725;0.8884;1.2718;0.0356;652.52;1.3076;1.0333;0.1965;0.0762;0.0017;648.74;510.93;97.148;36.76;0.8141;163.16;136.4;42.43;4.1682;1.7519;25.2;3.0913;22.784;0;1;0;0;1.5444;0.9752;1;1;0.8989;0.0647;0.9895;0.9909;1;0.9666;0.9581;0.998;0.998;1;0.998;0.998;0.963;0.8671;0.0618;1.908;1.9066;0.0115;0.0005;0.1371;0.0123;0.0436;0.0044;0;0;0.088;1.539;0;0;0;0;0;0;0;0;0;0;0;0;0.0351;0.0087;1.6533;1.6533;0;45.459;45.459;31.949;0.0495;1640.2;1008;1;0.0263;0.0263;0;0;0;0;0;0;1.627;1.539;0;16.296;18.87;15.169;17.565;98.407;98.407;16.09;13.943;12.979;2.1472;0.9643;0.1335;0.0599;0.8066;33.644;0.7845;0
01/08/21 15:00;17.91;51.541;41.77;22.427;45.28;90;45.28;276.81;114.9;161.91;13;3.4399;0;392.67;59.069;110.48;0;6.5626;568.78;0;568.78;392.67;110.48;59.069;6.5626;0.6904;0.1154;0;0.0115;557.76;11.025;0;0;4.9347;6.0904;550.87;5.769;3.1037;0.8733;1.7635;0.0285;556.64;1.1155;0.7853;0.221;0.1083;0.0009;551.52;388.78;109.39;52.262;0.4427;45.09;37.695;12.824;3.6866;0.5775;8.3072;0.6415;5.198;0;1;0;0;2.0548;0.9806;1;1;0.9165;0.072;0.9896;0.9921;1;0.9674;0.9395;0.998;0.998;1;0.998;0.998;0.9685;0.8848;0.0675;1.6187;1.5946;0.0096;0.0039;0.0851;0.0105;0.0371;0.0015;0;0;0.088;1.3007;0;0;0;0;0;0;0;0;0;0;0;0;0.0299;0.0063;1.4107;1.4107;0;40.156;40.156;27.156;0.0493;1373.7;1027;1;0.022;0.022;0;0;0;0;0;0;1.3887;1.3007;0;16.389;18.978;15.111;17.498;98.438;98.438;13.651;11.897;10.969;1.7542;0.9279;0.1285;0.068;0.8035;44.073;0.7948;0
01/08/21 16:00;7.6603;61.741;71.138;8.682;12.793;90;12.793;88.804;76.198;12.606;12.1;2.9301;0;30.574;69.893;13.161;0;0.1764;113.8;0;113.8;30.574;13.161;69.893;0.1764;0.2687;0.6157;0;0.0015;112.89;0.911;0;0;0.7642;0.1468;104.64;8.0324;3.7241;1.6031;2.6986;0.0066;112.67;0.2258;0.0611;0.0263;0.1383;0.0001;104.66;26.789;11.532;66.292;0.0229;42.31;35.371;10.602;0.051;0.4134;5.9466;0.0294;6.309;0;1;0;0;1.2815;0.992;1;1;0.9891;0.1677;0.9287;0.878;1;0.9609;0.7748;0.998;0.998;1;0.998;0.998;0.9194;0.9485;0.1297;0.3239;0.3114;0.0019;0.0166;-0.0088;0.0021;0.0075;0.0011;0;0;0.088;0.1893;0;0;0;0;0;0;0;0;0;0;0;0;0.006;0.0004;0.2845;0.2845;0;17.224;17.224;5.1236;0.049;265.35;1072.3;1;0.0072;0.0072;0;0;0;0;0;0;0.2773;0.1893;0;16.522;19.132;10.994;12.731;97.472;97.472;2.7313;2.3996;1.5968;0.3318;0.8028;0.1215;0.2939;0.5846;42.221;0.5626;0
01/08/21 17:00;1.2081;67.023;87.069;1.3122;1.8716;90;1.8716;0;0;0;9.6902;2.92;0;0;0;0;0;0;0;0;0;0;0;0;0;1;1;1;1;0;0;0;0;0;0;0;0;0;0;0;0;0;0;0;0;0;0;0;0;0;0;0;0;0;0;0;0;0;0;0;0;0;0;0;1;1;1;1;1;1;1;1;1;1;1;1;1;1;1;1;1;1;1;0;0;0;0;0;0;0;0;0;0.0004;0.088;-0.0884;0;0;0;0;0;0;0;0;0;0;0;0;0;0;0;0;0;0;0;-9.6902;0;0;0;0;0.0004;0;0;0;0;0;0;0;-0.0004;-0.0884;0;0;0;0;0;0;0;0;0;-0.7452;0;0.7452;1;1;0;0;0;0
01/08/21 18:00;0;0;90;0;0;90;0;0;0;0;7.0498;2.84;0;0;0;0;0;0;0;0;0;0;0;0;0;1;1;1;1;0;0;0;0;0;0;0;0;0;0;0;0;0;0;0;0;0;0;0;0;0;0;0;0;0;0;0;0;0;0;0;0;0;0;0;1;1;1;1;1;1;1;1;1;1;1;1;1;1;1;1;1;1;1;0;0;0;0;0;0;0;0;0;0.0004;0.088;-0.0884;0;0;0;0;0;0;0;0;0;0;0;0;0;0;0;0;0;0;0;-7.0498;0;0;0;0;0.0004;0;0;0;0;0;0;0;-0.0004;-0.0884;0;0;0;0;0;0;0;0;0;-0.7452;0;0.7452;1;1;0;0;0;0
01/08/21 19:00;0;0;90;0;0;90;0;0;0;0;4.6001;2.7099;0;0;0;0;0;0;0;0;0;0;0;0;0;1;1;1;1;0;0;0;0;0;0;0;0;0;0;0;0;0;0;0;0;0;0;0;0;0;0;0;0;0;0;0;0;0;0;0;0;0;0;0;1;1;1;1;1;1;1;1;1;1;1;1;1;1;1;1;1;1;1;0;0;0;0;0;0;0;0;0;0.0004;0.088;-0.0884;0;0;0;0;0;0;0;0;0;0;0;0;0;0;0;0;0;0;0;-4.6001;0;0;0;0;0.0004;0;0;0;0;0;0;0;-0.0004;-0.0884;0;0;0;0;0;0;0;0;0;-0.7452;0;0.7452;1;1;0;0;0;0
01/08/21 20:00;0;0;90;0;0;90;0;0;0;0;4.42;2.4699;0;0;0;0;0;0;0;0;0;0;0;0;0;1;1;1;1;0;0;0;0;0;0;0;0;0;0;0;0;0;0;0;0;0;0;0;0;0;0;0;0;0;0;0;0;0;0;0;0;0;0;0;1;1;1;1;1;1;1;1;1;1;1;1;1;1;1;1;1;1;1;0;0;0;0;0;0;0;0;0;0.0004;0.088;-0.0884;0;0;0;0;0;0;0;0;0;0;0;0;0;0;0;0;0;0;0;-4.42;0;0;0;0;0.0004;0;0;0;0;0;0;0;-0.0004;-0.0884;0;0;0;0;0;0;0;0;0;-0.7452;0;0.7452;1;1;0;0;0;0
01/08/21 21:00;0;0;90;0;0;90;0;0;0;0;2.9102;1.96;0;0;0;0;0;0;0;0;0;0;0;0;0;1;1;1;1;0;0;0;0;0;0;0;0;0;0;0;0;0;0;0;0;0;0;0;0;0;0;0;0;0;0;0;0;0;0;0;0;0;0;0;1;1;1;1;1;1;1;1;1;1;1;1;1;1;1;1;1;1;1;0;0;0;0;0;0;0;0;0;0.0004;0.088;-0.0884;0;0;0;0;0;0;0;0;0;0;0;0;0;0;0;0;0;0;0;-2.9102;0;0;0;0;0.0004;0;0;0;0;0;0;0;-0.0004;-0.0884;0;0;0;0;0;0;0;0;0;-0.7452;0;0.7452;1;1;0;0;0;0
01/08/21 22:00;0;0;90;0;0;90;0;0;0;0;2.0201;1.23;0;0;0;0;0;0;0;0;0;0;0;0;0;1;1;1;1;0;0;0;0;0;0;0;0;0;0;0;0;0;0;0;0;0;0;0;0;0;0;0;0;0;0;0;0;0;0;0;0;0;0;0;1;1;1;1;1;1;1;1;1;1;1;1;1;1;1;1;1;1;1;0;0;0;0;0;0;0;0;0;0.0004;0.088;-0.0884;0;0;0;0;0;0;0;0;0;0;0;0;0;0;0;0;0;0;0;-2.0201;0;0;0;0;0.0004;0;0;0;0;0;0;0;-0.0004;-0.0884;0;0;0;0;0;0;0;0;0;-0.7452;0;0.7452;1;1;0;0;0;0
01/08/21 23:00;0;0;90;0;0;90;0;0;0;0;1.6698;1.0301;0;0;0;0;0;0;0;0;0;0;0;0;0;1;1;1;1;0;0;0;0;0;0;0;0;0;0;0;0;0;0;0;0;0;0;0;0;0;0;0;0;0;0;0;0;0;0;0;0;0;0;0;1;1;1;1;1;1;1;1;1;1;1;1;1;1;1;1;1;1;1;0;0;0;0;0;0;0;0;0;0.0004;0.088;-0.0884;0;0;0;0;0;0;0;0;0;0;0;0;0;0;0;0;0;0;0;-1.6698;0;0;0;0;0.0004;0;0;0;0;0;0;0;-0.0004;-0.0884;0;0;0;0;0;0;0;0;0;-0.7452;0;0.7452;1;1;0;0;0;0
02/08/21 00:00;0;0;90;0;0;90;0;0;0;0;1.1998;1.65;0;0;0;0;0;0;0;0;0;0;0;0;0;1;1;1;1;0;0;0;0;0;0;0;0;0;0;0;0;0;0;0;0;0;0;0;0;0;0;0;0;0;0;0;0;0;0;0;0;0;0;0;1;1;1;1;1;1;1;1;1;1;1;1;1;1;1;1;1;1;1;0;0;0;0;0;0;0;0;0;0.0004;0.088;-0.0884;0;0;0;0;0;0;0;0;0;0;0;0;0;0;0;0;0;0;0;-1.1998;0;0;0;0;0.0004;0;0;0;0;0;0;0;-0.0004;-0.0884;0;0;0;0;0;0;0;0;0;-0.7452;0;0.7452;1;1;0;0;0;0
02/08/21 01:00;0;0;90;0;0;90;0;0;0;0;0.9698;2.3001;0;0;0;0;0;0;0;0;0;0;0;0;0;1;1;1;1;0;0;0;0;0;0;0;0;0;0;0;0;0;0;0;0;0;0;0;0;0;0;0;0;0;0;0;0;0;0;0;0;0;0;0;1;1;1;1;1;1;1;1;1;1;1;1;1;1;1;1;1;1;1;0;0;0;0;0;0;0;0;0;0.0004;0.088;-0.0884;0;0;0;0;0;0;0;0;0;0;0;0;0;0;0;0;0;0;0;-0.9698;0;0;0;0;0.0004;0;0;0;0;0;0;0;-0.0004;-0.0884;0;0;0;0;0;0;0;0;0;-0.7452;0;0.7452;1;1;0;0;0;0
02/08/21 02:00;0;0;90;0;0;90;0;0;0;0;0.5603;2.74;0;0;0;0;0;0;0;0;0;0;0;0;0;1;1;1;1;0;0;0;0;0;0;0;0;0;0;0;0;0;0;0;0;0;0;0;0;0;0;0;0;0;0;0;0;0;0;0;0;0;0;0;1;1;1;1;1;1;1;1;1;1;1;1;1;1;1;1;1;1;1;0;0;0;0;0;0;0;0;0;0.0004;0.088;-0.0884;0;0;0;0;0;0;0;0;0;0;0;0;0;0;0;0;0;0;0;-0.5603;0;0;0;0;0.0004;0;0;0;0;0;0;0;-0.0004;-0.0884;0;0;0;0;0;0;0;0;0;-0.7452;0;0.7452;1;1;0;0;0;0
02/08/21 03:00;0;0;90;0;0;90;0;0;0;0;-0.3597;3.0299;0;0;0;0;0;0;0;0;0;0;0;0;0;1;1;1;1;0;0;0;0;0;0;0;0;0;0;0;0;0;0;0;0;0;0;0;0;0;0;0;0;0;0;0;0;0;0;0;0;0;0;0;1;1;1;1;1;1;1;1;1;1;1;1;1;1;1;1;1;1;1;0;0;0;0;0;0;0;0;0;0.0004;0.088;-0.0884;0;0;0;0;0;0;0;0;0;0;0;0;0;0;0;0;0;0;0;0.3597;0;0;0;0;0.0004;0;0;0;0;0;0;0;-0.0004;-0.0884;0;0;0;0;0;0;0;0;0;-0.7452;0;0.7452;1;1;0;0;0;0
02/08/21 04:00;0;0;90;0;0;90;0;0;0;0;-0.2301;3.1099;0;0;0;0;0;0;0;0;0;0;0;0;0;1;1;1;1;0;0;0;0;0;0;0;0;0;0;0;0;0;0;0;0;0;0;0;0;0;0;0;0;0;0;0;0;0;0;0;0;0;0;0;1;1;1;1;1;1;1;1;1;1;1;1;1;1;1;1;1;1;1;0;0;0;0;0;0;0;0;0;0.0004;0.088;-0.0884;0;0;0;0;0;0;0;0;0;0;0;0;0;0;0;0;0;0;0;0.2301;0;0;0;0;0.0004;0;0;0;0;0;0;0;-0.0004;-0.0884;0;0;0;0;0;0;0;0;0;-0.7452;0;0.7452;1;1;0;0;0;0
02/08/21 05:00;0;0;90;0;0;90;0;0;0;0;0.2598;3.23;0;0;0;0;0;0;0;0;0;0;0;0;0;1;1;1;1;0;0;0;0;0;0;0;0;0;0;0;0;0;0;0;0;0;0;0;0;0;0;0;0;0;0;0;0;0;0;0;0;0;0;0;1;1;1;1;1;1;1;1;1;1;1;1;1;1;1;1;1;1;1;0;0;0;0;0;0;0;0;0;0.0004;0.088;-0.0884;0;0;0;0;0;0;0;0;0;0;0;0;0;0;0;0;0;0;0;-0.2598;0;0;0;0;0.0004;0;0;0;0;0;0;0;-0.0004;-0.0884;0;0;0;0;0;0;0;0;0;-0.7452;0;0.7452;1;1;0;0;0;0
02/08/21 06:00;0.4739;-67.91;88.851;0.5114;0.729;-90;-0.729;0;0;0;-0.8802;3.8299;0;0;0;0;0;0;0;0;0;0;0;0;0;1;1;1;1;0;0;0;0;0;0;0;0;0;0;0;0;0;0;0;0;0;0;0;0;0;0;0;0;0;0;0;0;0;0;0;0;0;0;0;1;1;1;1;1;1;1;1;1;1;1;1;1;1;1;1;1;1;1;0;0;0;0;0;0;0;0;0;0.0004;0.088;-0.0884;0;0;0;0;0;0;0;0;0;0;0;0;0;0;0;0;0;0;0;0.8802;0;0;0;0;0.0004;0;0;0;0;0;0;0;-0.0004;-0.0884;0;0;0;0;0;0;0;0;0;-0.7452;0;0.7452;1;1;0;0;0;0
02/08/21 07:00;6.4282;-63.138;74.245;7.198;10.493;-90;-10.493;89.293;14.701;74.592;-0.49;4.1499;0;180.91;7.2659;17.883;0;0.1195;206.17;0;206.17;180.91;17.883;7.2659;0.1195;0.8774;0.0358;0;0.0006;206.02;0.1559;0;0;0.0567;0.0992;171.42;34.186;30.841;3.0488;0.2919;0.0045;205.61;0.412;0.3618;0.0358;0.0144;0;171.42;149.7;14.799;6.9029;0.0157;4.7624;3.9814;1.2531;0.0026;0.0424;0.6106;0.0018;0.6504;0;1;0;0;2.309;0.9992;1;1;0.9922;0.1697;0.8337;0.8292;1;0.9594;0.7755;0.998;0.998;1;0.998;0.998;0.8314;0.95;0.1314;0.5868;0.4917;0.003;0.0172;-0.0301;0.0035;0.0125;0.0001;0;0;0.088;0.377;0;0;0;0;0;0;0;0;0;0;0;0;0.01;0.0008;0.4748;0.4748;0;7.7999;7.7999;8.2899;0.0484;420.02;1130.3;1;0.0098;0.0098;0;0;0;0;0;0;0.465;0.377;0;15.216;17.62;12.082;13.991;97.94;97.94;4.9482;4.0037;3.1791;0.9445;0.8246;0.1909;0.1666;0.6425;4.3608;0.6411;0
02/08/21 08:00;16.849;-53.135;45.334;20.734;38.427;-90;-38.427;267.41;44.103;223.31;2.06;4.25;0;541.58;16.517;62.037;0;4.6337;624.77;0;624.77;541.58;62.037;16.517;4.6337;0.8668;0.0339;0;0.0074;619.49;5.2805;0;0;1.0783;4.2022;611.68;6.5705;5.4072;0.6194;0.4982;0.0457;618.25;1.239;1.0832;0.1241;0.0309;0.0009;611.83;535.09;61.294;14.91;0.3849;12.829;10.725;3.3266;0.5874;0.1553;2.2336;0.1523;1.8014;0;1;0;0;2.3364;0.9915;1;1;0.9347;0.0931;0.9894;0.99;1;0.9677;0.8938;0.998;0.998;1;0.998;0.998;0.979;0.9027;0.0831;1.778;1.755;0.0106;0.002;0.0429;0.0119;0.0422;0.0004;0;0;0.088;1.4892;0;0;0;0;0;0;0;0;0;0;0;0;0.034;0.0075;1.6036;1.6036;0;32.001;32.001;29.941;0.0489;1510.9;1061.3;1;0.0264;0.0264;0;0;0;0;0;0;1.5772;1.4892;0;16.96;19.64;15.751;18.239;98.356;98.356;14.994;13.523;12.559;1.4715;0.9644;0.0981;0.0643;0.8375;11.61;0.8353;0
02/08/21 09:00;25.857;-41.2;42.616;36.344;53.656;-90;-53.656;434.2;71.602;362.59;5.7302;4.5;0;611.84;21.329;75.623;0;14.15;722.94;0;722.94;611.84;75.623;21.329;14.15;0.8463;0.0491;0;0.0196;707.48;15.454;0;0;2.2726;13.181;699.61;6.4565;5.1382;0.6351;0.6432;0.04;706.07;1.415;1.2237;0.1512;0.0381;0.0019;702.72;605.47;74.837;18.375;0.9269;142.64;119.25;35.658;2.4036;1.5443;22.215;3.1044;21.355;0;1;0;0;1.665;0.9786;1;1;0.8935;0.0685;0.9909;0.9916;1;0.9662;0.9587;0.998;0.998;1;0.998;0.998;0.9677;0.8615;0.0655;2.0574;2.055;0.0124;-0.0007;0.109;0.0135;0.048;0.004;0;0;0.088;1.7021;0;0;0;0;0;0;0;0;0;0;0;0;0.0387;0.01;1.8201;1.8201;0;40.194;40.194;34.464;0.0493;1767.6;1029.7;1;0.0299;0.0299;0;0;0;0;0;0;1.7901;1.7021;0;16.636;19.264;15.558;18.016;98.355;98.355;17.351;15.349;14.354;2.0016;0.9947;0.1154;0.0573;0.8273;17.296;0.8087;0
02/08/21 10:00;32.738;-26.811;48.654;54.948;35.052;-90;-35.052;553.1;91.098;462;9.9302;4.5;0;564.36;29.56;71.571;0;8.0252;673.52;0;673.52;564.36;71.571;29.56;8.0252;0.8379;0.0558;0;0.0119;664.67;8.8428;0;0;1.6721;7.1706;654.75;8.5981;6.7283;0.8533;0.8992;0.1174;663.35;1.3293;1.1287;0.1431;0.0558;0.0017;657.08;556.5;70.575;26.933;0.7354;279.89;233.99;74.854;0.7674;2.4561;35.331;2.3322;37.019;0;1;0;0;1.2177;0.9869;1;1;0.9434;0.1065;0.987;0.9881;1;0.9677;0.8623;0.998;0.998;1;0.998;0.998;0.9721;0.9111;0.0916;1.9168;1.9507;0.0117;0.0001;0.1178;0.0127;0.0452;0.0063;0;0;0.088;1.5956;0;0;0;0;0;0;0;0;0;0;0;0;0.0364;0.0091;1.7113;1.7113;0;42.243;42.243;32.313;0.0494;1677.2;1020.4;1;0.0277;0.0277;0;0;0;0;0;0;1.6836;1.5956;0;16.79;19.442;15.655;18.128;98.382;98.382;16.164;14.432;13.456;1.7326;0.9756;0.1072;0.0604;0.8325;20.219;0.801;0
02/08/21 11:00;36.637;-10.061;52.194;76.78;13.22;-90;-13.22;619.4;102;517.4;12.33;4.3199;0;531.49;34.95;68.394;0;1.3133;636.15;0;636.15;531.49;68.394;34.95;1.3133;0.8355;0.057;0;0.0021;634.65;1.4926;0;0;0.4024;1.0902;622.72;10.662;8.2152;1.0572;1.3393;0.0499;633.38;1.2693;1.063;0.1368;0.0691;0.0004;623.01;522.21;67.2;33.14;0.1727;358.99;300.12;95.191;0.029;3.1413;45.187;0.2881;48.299;0;1;0;0;1.027;0.9977;1;1;0.9885;0.1698;0.9832;0.9845;1;0.9612;0.7757;0.998;0.998;1;0.998;0.998;0.9789;0.9482;0.1315;1.8104;1.873;0.0113;0.0008;0.1189;0.0122;0.0432;0.008;0;0;0.088;1.5212;0;0;0;0;0;0;0;0;0;0;0;0;0.0348;0.0084;1.6353;1.6353;0;43.088;43.088;30.758;0.0494;1609.8;1015.9;1;0.0261;0.0261;0;0;0;0;0;0;1.6092;1.5212;0;16.987;19.671;15.801;18.298;98.401;98.401;15.267;13.791;12.828;1.4765;0.9626;0.0967;0.063;0.8402;21.141;0.7978;0
02/08/21 12:00;36.88;7.8012;52.419;79.745;10.255;90;10.255;625.3;104.3;521;13.46;4.35;0;529.46;35.846;69.275;0;0.7991;635.38;0;635.38;529.46;69.275;35.846;0.7991;0.8333;0.0577;0;0.0013;634.44;0.9354;0;0;0.2705;0.6649;622.23;10.939;8.3683;1.0949;1.4456;0.0301;633.17;1.2689;1.0589;0.1385;0.0712;0.0003;622.39;520.03;68.041;34.059;0.1037;365.01;305.15;97.021;0.0116;3.1776;45.708;0.1553;48.874;0;1;0;0;1.0161;0.9985;1;1;0.9925;0.1679;0.9827;0.9842;1;0.9593;0.7749;0.998;0.998;1;0.998;0.998;0.9793;0.9501;0.1298;1.8082;1.8723;0.0113;0.0008;0.1264;0.0121;0.043;0.008;0;0;0.088;1.5136;0;0;0;0;0;0;0;0;0;0;0;0;0.0347;0.0084;1.6275;1.6275;0;44.223;44.223;30.763;0.0494;1609.1;1011.4;1;0.0259;0.0259;0;0;0;0;0;0;1.6016;1.5136;0;16.926;19.6;15.741;18.228;98.408;98.408;15.249;13.725;12.764;1.5244;0.9606;0.1;0.063;0.837;21.501;0.7943;0
02/08/21 13:00;33.42;24.788;49.267;57.57;32.43;90;32.43;563.01;103.9;459.11;14.37;4.41;0;543.94;35.679;77.247;0;7.0242;663.89;0;663.89;543.94;77.247;35.679;7.0242;0.8193;0.0643;0;0.0106;655.87;8.021;0;0;1.7913;6.2297;645.71;8.8516;6.6793;0.9486;1.0957;0.128;654.56;1.3117;1.0879;0.1545;0.0678;0.0016;647.73;536.17;76.144;32.724;0.6649;293.36;245.25;78.28;0.7088;2.5796;37.107;2.0287;38.978;0;1;0;0;1.1792;0.9879;1;1;0.9498;0.1131;0.9865;0.9877;1;0.9676;0.8385;0.998;0.998;1;0.998;0.998;0.9726;0.9172;0.0947;1.8894;1.9275;0.0116;0.0003;0.1446;0.0124;0.044;0.0065;0;0;0.088;1.5494;0;0;0;0;0;0;0;0;0;0;0;0;0.0354;0.0089;1.6639;1.6639;0;46.346;46.346;31.976;0.0495;1657.1;1004.1;1;0.0265;0.0265;0;0;0;0;0;0;1.6374;1.5494;0;16.561;19.178;15.422;17.858;98.409;98.409;15.933;14.032;13.066;1.9016;0.9653;0.1193;0.0606;0.8201;23.926;0.7871;0
02/08/21 14:00;26.872;39.505;43.492;38.539;51.461;90;51.461;442.69;109.4;333.3;15.04;4.2;0;534.95;39.495;97.474;0;13.35;685.27;0;685.27;534.95;97.474;39.495;13.35;0.7806;0.0771;0;0.0195;668.81;16.46;0;0;3.9741;12.485;660.62;6.8551;4.766;0.8684;1.1845;0.0362;667.47;1.3376;1.0699;0.1949;0.071;0.0017;663.72;529.11;96.411;34.265;0.8268;165.84;138.64;43.102;3.8433;1.7567;25.269;3.1069;23.183;0;1;0;0;1.548;0.976;1;1;0.8994;0.0648;0.9897;0.9911;1;0.9666;0.958;0.998;0.998;1;0.998;0.998;0.964;0.8676;0.0619;1.9502;1.9496;0.0117;0.0001;0.1563;0.0125;0.0442;0.0044;0;0;0.088;1.561;0;0;0;0;0;0;0;0;0;0;0;0;0.0356;0.0091;1.6756;1.6756;0;47.791;47.791;32.751;0.0496;1678.1;998.53;1;0.0266;0.0266;0;0;0;0;0;0;1.649;1.561;0;16.158;18.711;15.053;17.431;98.413;98.413;16.446;14.131;13.164;2.3156;0.9664;0.1408;0.0588;0.8004;31.295;0.7789;0
02/08/21 15:00;18.092;51.731;41.136;22.593;46.115;90;46.115;279.31;116;163.3;14.57;2.6399;0;396.05;59.329;111.38;0;6.855;573.62;0;573.62;396.05;111.38;59.329;6.855;0.6904;0.1154;0;0.012;562.16;11.461;0;0;5.0903;6.3707;555.41;5.6211;2.9838;0.8391;1.7709;0.0273;561.03;1.1243;0.7921;0.2228;0.1085;0.001;556.09;392.28;110.32;52.36;0.456;45.637;38.153;13.024;3.944;0.5955;8.566;0.677;5.2175;0;1;0;0;2.0537;0.98;1;1;0.9142;0.0706;0.99;0.9925;1;0.9673;0.9435;0.998;0.998;1;0.998;0.998;0.9683;0.8825;0.0665;1.6325;1.6082;0.0097;0.0037;0.0963;0.0105;0.0372;0.0015;0;0;0.088;1.303;0;0;0;0;0;0;0;0;0;0;0;0;0.03;0.0064;1.4129;1.4129;0;41.991;41.991;27.42;0.0494;1385.5;1019.8;1;0.0219;0.0219;0;0;0;0;0;0;1.391;1.303;0;16.277;18.848;15.01;17.381;98.447;98.447;13.767;11.915;10.988;1.8515;0.9272;0.1345;0.0674;0.7982;44.612;0.7893;0
02/08/21 16:00;7.8194;61.944;70.733;8.8451;13.051;90;13.051;91.793;77.901;13.892;12.97;2.83;0;33.692;70.984;14.523;0;0.1897;119.39;0;119.39;33.692;14.523;70.984;0.1897;0.2822;0.5961;0;0.0016;118.43;0.9605;0;0;0.8026;0.1579;109.83;8.3636;3.933;1.6954;2.7281;0.0071;118.19;0.2369;0.0674;0.029;0.1404;0.0001;109.86;29.692;12.799;67.313;0.0246;43.012;35.958;10.829;0.0557;0.4172;6.0016;0.0312;6.3631;0;1;0;0;1.3006;0.992;1;1;0.9887;0.1676;0.9292;0.883;1;0.9611;0.7748;0.998;0.998;1;0.998;0.998;0.9199;0.9483;0.1296;0.3398;0.3263;0.002;0.0168;-0.0079;0.0022;0.0078;0.0011;0;0;0.088;0.2023;0;0;0;0;0;0;0;0;0;0;0;0;0.0063;0.0004;0.2976;0.2976;0;18.351;18.351;5.3804;0.049;278.27;1069.5;1;0.0073;0.0073;0;0;0;0;0;0;0.2903;0.2023;0;16.472;19.074;11.197;12.966;97.546;97.546;2.8653;2.5098;1.7061;0.3555;0.8037;0.1241;0.2805;0.5954;42.915;0.5738;0
02/08/21 17:00;1.1675;67.378;87.167;1.2648;1.8039;90;1.8039;0;0;0;10.28;3.05;0;0;0;0;0;0;0;0;0;0;0;0;0;1;1;1;1;0;0;0;0;0;0;0;0;0;0;0;0;0;0;0;0;0;0;0;0;0;0;0;0;0;0;0;0;0;0;0;0;0;0;0;1;1;1;1;1;1;1;1;1;1;1;1;1;1;1;1;1;1;1;0;0;0;0;0;0;0;0;0;0.0004;0.088;-0.0884;0;0;0;0;0;0;0;0;0;0;0;0;0;0;0;0;0;0;0;-10.28;0;0;0;0;0.0004;0;0;0;0;0;0;0;-0.0004;-0.0884;0;0;0;0;0;0;0;0;0;-0.7452;0;0.7452;1;1;0;0;0;0
02/08/21 18:00;0;0;90;0;0;90;0;0;0;0;7.9898;3.2699;0;0;0;0;0;0;0;0;0;0;0;0;0;1;1;1;1;0;0;0;0;0;0;0;0;0;0;0;0;0;0;0;0;0;0;0;0;0;0;0;0;0;0;0;0;0;0;0;0;0;0;0;1;1;1;1;1;1;1;1;1;1;1;1;1;1;1;1;1;1;1;0;0;0;0;0;0;0;0;0;0.0004;0.088;-0.0884;0;0;0;0;0;0;0;0;0;0;0;0;0;0;0;0;0;0;0;-7.9898;0;0;0;0;0.0004;0;0;0;0;0;0;0;-0.0004;-0.0884;0;0;0;0;0;0;0;0;0;-0.7452;0;0.7452;1;1;0;0;0;0
02/08/21 19:00;0;0;90;0;0;90;0;0;0;0;8.4498;3.46;0;0;0;0;0;0;0;0;0;0;0;0;0;1;1;1;1;0;0;0;0;0;0;0;0;0;0;0;0;0;0;0;0;0;0;0;0;0;0;0;0;0;0;0;0;0;0;0;0;0;0;0;1;1;1;1;1;1;1;1;1;1;1;1;1;1;1;1;1;1;1;0;0;0;0;0;0;0;0;0;0.0004;0.088;-0.0884;0;0;0;0;0;0;0;0;0;0;0;0;0;0;0;0;0;0;0;-8.4498;0;0;0;0;0.0004;0;0;0;0;0;0;0;-0.0004;-0.0884;0;0;0;0;0;0;0;0;0;-0.7452;0;0.7452;1;1;0;0;0;0
02/08/21 20:00;0;0;90;0;0;90;0;0;0;0;8.15;3.6601;0;0;0;0;0;0;0;0;0;0;0;0;0;1;1;1;1;0;0;0;0;0;0;0;0;0;0;0;0;0;0;0;0;0;0;0;0;0;0;0;0;0;0;0;0;0;0;0;0;0;0;0;1;1;1;1;1;1;1;1;1;1;1;1;1;1;1;1;1;1;1;0;0;0;0;0;0;0;0;0;0.0004;0.088;-0.0884;0;0;0;0;0;0;0;0;0;0;0;0;0;0;0;0;0;0;0;-8.15;0;0;0;0;0.0004;0;0;0;0;0;0;0;-0.0004;-0.0884;0;0;0;0;0;0;0;0;0;-0.7452;0;0.7452;1;1;0;0;0;0
02/08/21 21:00;0;0;90;0;0;90;0;0;0;0;7.3502;3.64;0;0;0;0;0;0;0;0;0;0;0;0;0;1;1;1;1;0;0;0;0;0;0;0;0;0;0;0;0;0;0;0;0;0;0;0;0;0;0;0;0;0;0;0;0;0;0;0;0;0;0;0;1;1;1;1;1;1;1;1;1;1;1;1;1;1;1;1;1;1;1;0;0;0;0;0;0;0;0;0;0.0004;0.088;-0.0884;0;0;0;0;0;0;0;0;0;0;0;0;0;0;0;0;0;0;0;-7.3502;0;0;0;0;0.0004;0;0;0;0;0;0;0;-0.0004;-0.0884;0;0;0;0;0;0;0;0;0;-0.7452;0;0.7452;1;1;0;0;0;0
02/08/21 22:00;0;0;90;0;0;90;0;0;0;0;8.1101;3.15;0;0;0;0;0;0;0;0;0;0;0;0;0;1;1;1;1;0;0;0;0;0;0;0;0;0;0;0;0;0;0;0;0;0;0;0;0;0;0;0;0;0;0;0;0;0;0;0;0;0;0;0;1;1;1;1;1;1;1;1;1;1;1;1;1;1;1;1;1;1;1;0;0;0;0;0;0;0;0;0;0.0004;0.088;-0.0884;0;0;0;0;0;0;0;0;0;0;0;0;0;0;0;0;0;0;0;-8.1101;0;0;0;0;0.0004;0;0;0;0;0;0;0;-0.0004;-0.0884;0;0;0;0;0;0;0;0;0;-0.7452;0;0.7452;1;1;0;0;0;0
02/08/21 23:00;0;0;90;0;0;90;0;0;0;0;9.5998;2.84;0;0;0;0;0;0;0;0;0;0;0;0;0;1;1;1;1;0;0;0;0;0;0;0;0;0;0;0;0;0;0;0;0;0;0;0;0;0;0;0;0;0;0;0;0;0;0;0;0;0;0;0;1;1;1;1;1;1;1;1;1;1;1;1;1;1;1;1;1;1;1;0;0;0;0;0;0;0;0;0;0.0004;0.088;-0.0884;0;0;0;0;0;0;0;0;0;0;0;0;0;0;0;0;0;0;0;-9.5998;0;0;0;0;0.0004;0;0;0;0;0;0;0;-0.0004;-0.0884;0;0;0;0;0;0;0;0;0;-0.7452;0;0.7452;1;1;0;0;0;0
03/08/21 00:00;0;0;90;0;0;90;0;0;0;0;9.2801;2.4799;0;0;0;0;0;0;0;0;0;0;0;0;0;1;1;1;1;0;0;0;0;0;0;0;0;0;0;0;0;0;0;0;0;0;0;0;0;0;0;0;0;0;0;0;0;0;0;0;0;0;0;0;1;1;1;1;1;1;1;1;1;1;1;1;1;1;1;1;1;1;1;0;0;0;0;0;0;0;0;0;0.0004;0.088;-0.0884;0;0;0;0;0;0;0;0;0;0;0;0;0;0;0;0;0;0;0;-9.2801;0;0;0;0;0.0004;0;0;0;0;0;0;0;-0.0004;-0.0884;0;0;0;0;0;0;0;0;0;-0.7452;0;0.7452;1;1;0;0;0;0
03/08/21 01:00;0;0;90;0;0;90;0;0;0;0;9.7002;1.6601;0;0;0;0;0;0;0;0;0;0;0;0;0;1;1;1;1;0;0;0;0;0;0;0;0;0;0;0;0;0;0;0;0;0;0;0;0;0;0;0;0;0;0;0;0;0;0;0;0;0;0;0;1;1;1;1;1;1;1;1;1;1;1;1;1;1;1;1;1;1;1;0;0;0;0;0;0;0;0;0;0.0004;0.088;-0.0884;0;0;0;0;0;0;0;0;0;0;0;0;0;0;0;0;0;0;0;-9.7002;0;0;0;0;0.0004;0;0;0;0;0;0;0;-0.0004;-0.0884;0;0;0;0;0;0;0;0;0;-0.7452;0;0.7452;1;1;0;0;0;0
03/08/21 02:00;0;0;90;0;0;90;0;0;0;0;8.8699;1.33;0;0;0;0;0;0;0;0;0;0;0;0;0;1;1;1;1;0;0;0;0;0;0;0;0;0;0;0;0;0;0;0;0;0;0;0;0;0;0;0;0;0;0;0;0;0;0;0;0;0;0;0;1;1;1;1;1;1;1;1;1;1;1;1;1;1;1;1;1;1;1;0;0;0;0;0;0;0;0;0;0.0004;0.088;-0.0884;0;0;0;0;0;0;0;0;0;0;0;0;0;0;0;0;0;0;0;-8.8699;0;0;0;0;0.0004;0;0;0;0;0;0;0;-0.0004;-0.0884;0;0;0;0;0;0;0;0;0;-0.7452;0;0.7452;1;1;0;0;0;0
03/08/21 03:00;0;0;90;0;0;90;0;0;0;0;8.3301;1.08;0;0;0;0;0;0;0;0;0;0;0;0;0;1;1;1;1;0;0;0;0;0;0;0;0;0;0;0;0;0;0;0;0;0;0;0;0;0;0;0;0;0;0;0;0;0;0;0;0;0;0;0;1;1;1;1;1;1;1;1;1;1;1;1;1;1;1;1;1;1;1;0;0;0;0;0;0;0;0;0;0.0004;0.088;-0.0884;0;0;0;0;0;0;0;0;0;0;0;0;0;0;0;0;0;0;0;-8.3301;0;0;0;0;0.0004;0;0;0;0;0;0;0;-0.0004;-0.0884;0;0;0;0;0;0;0;0;0;-0.7452;0;0.7452;1;1;0;0;0;0
03/08/21 04:00;0;0;90;0;0;90;0;0;0;0;8.1998;1.4301;0;0;0;0;0;0;0;0;0;0;0;0;0;1;1;1;1;0;0;0;0;0;0;0;0;0;0;0;0;0;0;0;0;0;0;0;0;0;0;0;0;0;0;0;0;0;0;0;0;0;0;0;1;1;1;1;1;1;1;1;1;1;1;1;1;1;1;1;1;1;1;0;0;0;0;0;0;0;0;0;0.0004;0.088;-0.0884;0;0;0;0;0;0;0;0;0;0;0;0;0;0;0;0;0;0;0;-8.1998;0;0;0;0;0.0004;0;0;0;0;0;0;0;-0.0004;-0.0884;0;0;0;0;0;0;0;0;0;-0.7452;0;0.7452;1;1;0;0;0;0
03/08/21 05:00;0;0;90;0;0;90;0;0;0;0;7.4001;2.03;0;0;0;0;0;0;0;0;0;0;0;0;0;1;1;1;1;0;0;0;0;0;0;0;0;0;0;0;0;0;0;0;0;0;0;0;0;0;0;0;0;0;0;0;0;0;0;0;0;0;0;0;1;1;1;1;1;1;1;1;1;1;1;1;1;1;1;1;1;1;1;0;0;0;0;0;0;0;0;0;0.0004;0.088;-0.0884;0;0;0;0;0;0;0;0;0;0;0;0;0;0;0;0;0;0;0;-7.4001;0;0;0;0;0.0004;0;0;0;0;0;0;0;-0.0004;-0.0884;0;0;0;0;0;0;0;0;0;-0.7452;0;0.7452;1;1;0;0;0;0
03/08/21 06:00;0.6431;-68.109;88.44;0.6931;0.9881;-90;-0.9881;0;0;0;6.9999;2.65;0;0;0;0;0;0;0;0;0;0;0;0;0;1;1;1;1;0;0;0;0;0;0;0;0;0;0;0;0;0;0;0;0;0;0;0;0;0;0;0;0;0;0;0;0;0;0;0;0;0;0;0;1;1;1;1;1;1;1;1;1;1;1;1;1;1;1;1;1;1;1;0;0;0;0;0;0;0;0;0;0.0004;0.088;-0.0884;0;0;0;0;0;0;0;0;0;0;0;0;0;0;0;0;0;0;0;-6.9999;0;0;0;0;0.0004;0;0;0;0;0;0;0;-0.0004;-0.0884;0;0;0;0;0;0;0;0;0;-0.7452;0;0.7452;1;1;0;0;0;0
03/08/21 07:00;6.6067;-63.33;73.797;7.385;10.779;-90;-10.779;9.0055;9.0001;0.0054;7.7797;3.8201;0;0.013;8.9204;0.0008;0;0.0127;8.9469;0;8.9469;0.013;0.0008;8.9204;0.0127;0.0015;0.9985;0;0.0014;8.8634;0.0834;0;0;0.0729;0.0106;8.4863;0.3594;0.0021;0.0001;0.3567;0.0005;8.8457;0.0177;0;0;0.0177;0;8.4887;0.0109;0.0006;8.4731;0.0017;5.3578;4.4791;1.3429;0.0034;0.0521;0.75;0.0024;0.7987;0;1;0;0;0.9935;0.9907;1;1;0.9918;0.1698;0.9594;0.8374;1;0.9596;0.7755;0.998;0.998;1;0.998;0.998;0.9485;0.9499;0.1314;0.0255;0.0258;0.0002;0.0056;-0.0014;0.0002;0.0005;0.0001;0;0;0.088;-0.0702;0;0;0;0;0;0;0;0;0;0;0;0;0.0004;0;0.0203;0.0203;0;8.2088;8.2088;0.429;0.0506;20.266;1000.5;1;0.0024;0.0024;0;0;0;0;0;0;0.0178;-0.0702;0;14.975;17.341;-51.824;-60.011;87.951;87.951;0.2147;0.171;-0.5917;0.0437;0.7627;0.2037;3.5521;0;5.3578;0;0
03/08/21 08:00;17.048;-53.313;44.68;20.927;39.1;-90;-39.1;63.605;62.602;1.0031;8.1001;4.56;0;2.4327;55.448;0.3909;0;1.1396;59.412;0;59.412;2.4327;0.3909;55.448;1.1396;0.0409;0.9525;0;0.0192;54.657;4.7546;0;0;3.7183;1.0363;52.84;1.7077;0.0234;0.0038;1.6704;0.0102;54.548;0.1093;0.0049;0.0008;0.1035;0.0002;53.246;2.4045;0.3864;49.956;0.0928;39.202;32.773;10.767;2.0891;0.4544;6.5369;0.406;4.9022;0;1;0;0;0.9341;0.92;1;1;0.9329;0.0906;0.9687;0.9904;1;0.9676;0.9007;0.998;0.998;1;0.998;0.998;0.8894;0.901;0.0814;0.1691;0.1654;0.001;0.0138;-0.0087;0.0011;0.004;0.0012;0;0;0.088;0.0555;0;0;0;0;0;0;0;0;0;0;0;0;0.0032;0.0002;0.1497;0.1497;0;10.693;10.693;2.5927;0.0491;139.58;1072.6;1;0.0062;0.0062;0;0;0;0;0;0;0.1435;0.0555;0;16.652;19.282;6.1705;7.1453;95.835;95.835;1.4259;1.2626;0.4679;0.1633;0.7947;0.1145;0.5573;0.3281;39.196;0.3031;0
03/08/21 09:00;26.08;-41.352;42.394;36.532;53.468;-90;-53.468;99.294;97.697;1.5974;8.8001;5.1099;0;2.6835;77.714;0.4488;0;3.215;84.061;0;84.061;2.6835;0.4488;77.714;3.215;0.0319;0.9627;0;0.0382;72.828;11.233;0;0;8.2381;2.9946;70.305;2.3775;0.0222;0.0037;2.3425;0.009;72.683;0.1457;0.0054;0.0009;0.139;0.0004;71.634;2.6559;0.4442;66.994;0.2109;63.471;53.062;18.593;8.6384;1.002;14.413;1.3286;6.7764;0;1;0;0;0.8466;0.8664;1;1;0.894;0.0685;0.9673;0.9917;1;0.9662;0.9589;0.998;0.998;1;0.998;0.998;0.8364;0.8621;0.0656;0.2392;0.2338;0.0014;0.0155;-0.0109;0.0016;0.0057;0.0027;0;0;0.088;0.1183;0;0;0;0;0;0;0;0;0;0;0;0;0.0046;0.0002;0.213;0.213;0;12.243;12.243;3.4427;0.049;197.72;1077.5;1;0.0067;0.0067;0;0;0;0;0;0;0.2063;0.1183;0;16.748;19.393;9.3006;10.77;96.839;96.839;2.0175;1.7967;0.9978;0.2208;0.7989;0.1094;0.396;0.4946;62.892;0.4383;0
03/08/21 10:00;32.984;-26.916;48.413;55.104;34.896;-90;-34.896;81.909;81.001;0.9078;9.0999;6.0501;0;1.1068;73.626;0.1239;0;1.1782;76.035;0;76.035;1.1068;0.1239;73.626;1.1782;0.0146;0.9838;0;0.0155;70.847;5.1879;0;0;4.1358;1.052;68.433;2.2728;0.013;0.0015;2.2408;0.0175;70.705;0.1417;0.0022;0.0002;0.139;0.0003;68.833;1.0915;0.1222;67.11;0.1085;50.805;42.473;13.765;1.8777;0.5473;7.8725;0.4003;6.5421;0;1;0;0;0.9283;0.9318;1;1;0.9438;0.1071;0.9679;0.9882;1;0.9677;0.861;0.998;0.998;1;0.998;0.998;0.9;0.9115;0.092;0.2164;0.2127;0.0013;0.0151;-0.0097;0.0014;0.0051;0.0014;0;0;0.088;0.0992;0;0;0;0;0;0;0;0;0;0;0;0;0.0041;0.0002;0.1938;0.1938;0;12.453;12.453;3.3526;0.049;180.14;1075.6;1;0.0066;0.0066;0;0;0;0;0;0;0.1872;0.0992;0;16.839;19.499;8.6193;9.9809;96.605;96.605;1.8248;1.634;0.8364;0.1909;0.7976;0.1046;0.4371;0.4583;50.3;0.4254;0
03/08/21 11:00;36.897;-10.094;51.937;76.86;13.14;-90;-13.14;213.9;206.5;7.4006;10.1;6.7501;0;7.5996;201.91;1.9673;0;0.4481;211.92;0;211.92;7.5996;1.9673;201.91;0.4481;0.0359;0.9549;0;0.0021;209.25;2.6729;0;0;2.301;0.3719;200.92;7.9097;0.1146;0.0297;7.7485;0.017;208.83;0.4185;0.0152;0.0039;0.3992;0.0002;201.02;7.4698;1.9337;191.46;0.0589;127.49;106.58;32.139;0.1623;1.2339;17.75;0.0946;18.821;0;1;0;0;0.9907;0.9874;1;1;0.9886;0.1698;0.9621;0.9849;1;0.9611;0.7756;0.998;0.998;1;0.998;0.998;0.9481;0.9483;0.1315;0.6031;0.6107;0.0037;0.0166;-0.0111;0.0042;0.0149;0.0033;0;0;0.088;0.4676;0;0;0;0;0;0;0;0;0;0;0;0;0.012;0.0011;0.5659;0.5659;0;19.902;19.902;9.8021;0.0488;521.77;1084.6;1;0.0103;0.0103;0;0;0;0;0;0;0.5556;0.4676;0;17.645;20.433;14.58;16.883;98.178;98.178;5.0862;4.7723;3.9432;0.3139;0.8291;0.0617;0.163;0.7753;122.1;0.7295;0
03/08/21 12:00;37.138;7.8563;52.158;79.769;10.231;90;10.231;522.49;178.3;344.19;11.48;7.0099;0;349.75;100.99;77.738;0;0.6646;529.14;0;529.14;349.75;77.738;100.99;0.6646;0.661;0.1921;0;0.0013;527.83;1.3121;0;0;0.7591;0.553;516.09;10.683;5.3866;1.1972;4.0743;0.0251;526.78;1.0557;0.6995;0.1555;0.2005;0.0002;516.22;343.67;76.385;95.953;0.0863;305.86;255.7;80.606;0.0321;2.7093;38.972;0.1275;41.649;0;1;0;0;1.0127;0.9975;1;1;0.9925;0.1679;0.9797;0.9846;1;0.9593;0.7749;0.998;0.998;1;0.998;0.998;0.9753;0.9502;0.1298;1.5059;1.555;0.0094;0.0044;0.0649;0.0103;0.0367;0.007;0;0;0.088;1.2771;0;0;0;0;0;0;0;0;0;0;0;0;0.0295;0.0059;1.3869;1.3869;0;36.859;36.859;25.38;0.0492;1336.5;1037.7;1;0.0218;0.0218;0;0;0;0;0;0;1.3651;1.2771;0;17.32;20.056;15.948;18.468;98.428;98.428;12.699;11.696;10.77;1.0036;0.926;0.079;0.0729;0.8481;60.57;0.8037;0
03/08/21 13:00;33.659;24.916;49.015;57.679;32.321;90;32.321;193.71;188.2;5.5084;10.23;7.19;0;6.5183;172.32;1.6658;0;2.4009;182.9;0;182.9;6.5183;1.6658;172.32;2.4009;0.0356;0.9553;0;0.0131;172.17;10.734;0;0;8.6053;2.1282;166.39;5.4379;0.0791;0.0202;5.2944;0.0442;171.83;0.3443;0.013;0.0033;0.3274;0.0005;167.18;6.4262;1.6422;158.09;0.228;119.02;99.503;31.746;3.3759;1.2483;17.956;0.7929;15.829;0;1;0;0;0.9442;0.9413;1;1;0.9501;0.1136;0.9684;0.9878;1;0.9676;0.8377;0.998;0.998;1;0.998;0.998;0.9097;0.9174;0.095;0.5205;0.5143;0.0031;0.0171;-0.0123;0.0035;0.0126;0.0034;0;0;0.088;0.3785;0;0;0;0;0;0;0;0;0;0;0;0;0.0101;0.0008;0.4759;0.4759;0;18.35;18.35;8.1197;0.0488;438.84;1084.4;1;0.0093;0.0093;0;0;0;0;0;0;0.4665;0.3785;0;17.193;19.909;13.676;15.836;98.038;98.038;4.3897;4.0131;3.1923;0.3766;0.8209;0.0858;0.187;0.7272;115.46;0.6774;0
03/08/21 14:00;27.083;39.678;43.255;38.692;51.308;90;51.308;415.5;138.3;277.2;11.09;6.7601;0;443.43;60.883;101.38;0;12.461;618.15;0;618.15;443.43;101.38;60.883;12.461;0.7173;0.1187;0;0.0202;600.4;17.752;0;0;6.1;11.652;592.56;6.638;3.8893;0.8892;1.8255;0.034;599.2;1.2008;0.8869;0.2028;0.1096;0.0016;595.64;438.65;100.28;52.848;0.7729;165.2;138.11;43.621;5.8614;1.8378;26.435;3.0788;22.412;0;1;0;0;1.4877;0.9713;1;1;0.8998;0.0649;0.9889;0.9912;1;0.9666;0.9579;0.998;0.998;1;0.998;0.998;0.9586;0.868;0.062;1.7592;1.7571;0.0106;0.002;0.0943;0.0116;0.041;0.0047;0;0;0.088;1.4397;0;0;0;0;0;0;0;0;0;0;0;0;0.033;0.0075;1.5525;1.5525;0;40.297;40.297;29.206;0.0493;1511.8;1026.9;1;0.0248;0.0248;0;0;0;0;0;0;1.5277;1.4397;0;16.596;19.218;15.391;17.822;98.406;98.406;14.836;13.092;12.142;1.7432;0.9509;0.1175;0.0641;0.8184;48.167;0.793;0
03/08/21 15:00;18.276;51.927;40.488;22.759;46.995;90;46.995;92.203;90.599;1.6038;10.91;5.44;0;3.8897;75.903;0.8458;0;2.3452;82.984;0;82.984;3.8897;0.8458;75.903;2.3452;0.0469;0.9429;0;0.0283;74.108;8.8766;0;0;6.6941;2.1825;71.651;2.3083;0.0278;0.0061;2.2658;0.0086;73.959;0.1482;0.0078;0.0017;0.1384;0.0003;72.563;3.8541;0.838;66.805;0.1538;57.56;48.12;16.337;5.3848;0.7836;11.271;0.9118;6.6701;0;1;0;0;0.9;0.893;1;1;0.9118;0.0694;0.9688;0.9928;1;0.9672;0.9473;0.998;0.998;1;0.998;0.998;0.8634;0.8801;0.0656;0.2362;0.2302;0.0014;0.0154;-0.0089;0.0016;0.0055;0.0021;0;0;0.088;0.1138;0;0;0;0;0;0;0;0;0;0;0;0;0.0044;0.0002;0.2084;0.2084;0;14.424;14.424;3.5143;0.049;194.96;1069;1;0.0066;0.0066;0;0;0;0;0;0;0.2018;0.1138;0;16.596;19.218;9.0621;10.494;96.827;96.827;1.9916;1.7576;0.9597;0.234;0.7979;0.1175;0.4006;0.4819;57.55;0.4374;0
03/08/21 16:00;7.9798;62.153;70.325;9.0087;13.31;90;13.31;109.71;80.402;29.304;10;5.0299;0;71.071;66.721;30.979;0;0.2358;169.01;0;169.01;71.071;30.979;66.721;0.2358;0.4205;0.3962;0;0.0014;168.03;0.9761;0;0;0.7798;0.1963;153.72;13.978;7.9508;3.4657;2.5522;0.0089;167.69;0.3361;0.1421;0.062;0.1319;0.0001;153.75;62.978;27.451;63.257;0.0305;40.577;33.922;10.116;0.0562;0.4003;5.7584;0.0312;6.1025;0;1;0;0;1.5405;0.9942;1;1;0.9883;0.1675;0.9166;0.8879;1;0.9612;0.7748;0.998;0.998;1;0.998;0.998;0.9095;0.9481;0.1296;0.481;0.4514;0.0027;0.0173;-0.0122;0.0031;0.011;0.0011;0;0;0.088;0.3221;0;0;0;0;0;0;0;0;0;0;0;0;0.0089;0.0007;0.4189;0.4189;0;17.501;17.501;7.5012;0.0488;385.8;1085.7;1;0.0087;0.0087;0;0;0;0;0;0;0.4101;0.3221;0;16.377;18.965;12.595;14.584;97.912;97.912;4.0561;3.5324;2.7165;0.5237;0.8159;0.1291;0.2011;0.6697;40.37;0.6531;0
03/08/21 17:00;1.3163;67.593;86.806;1.4237;2.0309;90;2.0309;0;0;0;8.6997;5.46;0;0;0;0;0;0;0;0;0;0;0;0;0;1;1;1;1;0;0;0;0;0;0;0;0;0;0;0;0;0;0;0;0;0;0;0;0;0;0;0;0;0;0;0;0;0;0;0;0;0;0;0;1;1;1;1;1;1;1;1;1;1;1;1;1;1;1;1;1;1;1;0;0;0;0;0;0;0;0;0;0.0004;0.088;-0.0884;0;0;0;0;0;0;0;0;0;0;0;0;0;0;0;0;0;0;0;-8.6997;0;0;0;0;0.0004;0;0;0;0;0;0;0;-0.0004;-0.0884;0;0;0;0;0;0;0;0;0;-0.7452;0;0.7452;1;1;0;0;0;0
03/08/21 18:00;0;0;90;0;0;90;0;0;0;0;8.3999;5.1701;0;0;0;0;0;0;0;0;0;0;0;0;0;1;1;1;1;0;0;0;0;0;0;0;0;0;0;0;0;0;0;0;0;0;0;0;0;0;0;0;0;0;0;0;0;0;0;0;0;0;0;0;1;1;1;1;1;1;1;1;1;1;1;1;1;1;1;1;1;1;1;0;0;0;0;0;0;0;0;0;0.0004;0.088;-0.0884;0;0;0;0;0;0;0;0;0;0;0;0;0;0;0;0;0;0;0;-8.3999;0;0;0;0;0.0004;0;0;0;0;0;0;0;-0.0004;-0.0884;0;0;0;0;0;0;0;0;0;-0.7452;0;0.7452;1;1;0;0;0;0
03/08/21 19:00;0;0;90;0;0;90;0;0;0;0;8.6997;5.0801;0;0;0;0;0;0;0;0;0;0;0;0;0;1;1;1;1;0;0;0;0;0;0;0;0;0;0;0;0;0;0;0;0;0;0;0;0;0;0;0;0;0;0;0;0;0;0;0;0;0;0;0;1;1;1;1;1;1;1;1;1;1;1;1;1;1;1;1;1;1;1;0;0;0;0;0;0;0;0;0;0.0004;0.088;-0.0884;0;0;0;0;0;0;0;0;0;0;0;0;0;0;0;0;0;0;0;-8.6997;0;0;0;0;0.0004;0;0;0;0;0;0;0;-0.0004;-0.0884;0;0;0;0;0;0;0;0;0;-0.7452;0;0.7452;1;1;0;0;0;0
03/08/21 20:00;0;0;90;0;0;90;0;0;0;0;8.6;5.06;0;0;0;0;0;0;0;0;0;0;0;0;0;1;1;1;1;0;0;0;0;0;0;0;0;0;0;0;0;0;0;0;0;0;0;0;0;0;0;0;0;0;0;0;0;0;0;0;0;0;0;0;1;1;1;1;1;1;1;1;1;1;1;1;1;1;1;1;1;1;1;0;0;0;0;0;0;0;0;0;0.0004;0.088;-0.0884;0;0;0;0;0;0;0;0;0;0;0;0;0;0;0;0;0;0;0;-8.6;0;0;0;0;0.0004;0;0;0;0;0;0;0;-0.0004;-0.0884;0;0;0;0;0;0;0;0;0;-0.7452;0;0.7452;1;1;0;0;0;0
03/08/21 21:00;0;0;90;0;0;90;0;0;0;0;8.3002;4.99;0;0;0;0;0;0;0;0;0;0;0;0;0;1;1;1;1;0;0;0;0;0;0;0;0;0;0;0;0;0;0;0;0;0;0;0;0;0;0;0;0;0;0;0;0;0;0;0;0;0;0;0;1;1;1;1;1;1;1;1;1;1;1;1;1;1;1;1;1;1;1;0;0;0;0;0;0;0;0;0;0.0004;0.088;-0.0884;0;0;0;0;0;0;0;0;0;0;0;0;0;0;0;0;0;0;0;-8.3002;0;0;0;0;0.0004;0;0;0;0;0;0;0;-0.0004;-0.0884;0;0;0;0;0;0;0;0;0;-0.7452;0;0.7452;1;1;0;0;0;0
03/08/21 22:00;0;0;90;0;0;90;0;0;0;0;8.0502;5.7201;0;0;0;0;0;0;0;0;0;0;0;0;0;1;1;1;1;0;0;0;0;0;0;0;0;0;0;0;0;0;0;0;0;0;0;0;0;0;0;0;0;0;0;0;0;0;0;0;0;0;0;0;1;1;1;1;1;1;1;1;1;1;1;1;1;1;1;1;1;1;1;0;0;0;0;0;0;0;0;0;0.0004;0.088;-0.0884;0;0;0;0;0;0;0;0;0;0;0;0;0;0;0;0;0;0;0;-8.0502;0;0;0;0;0.0004;0;0;0;0;0;0;0;-0.0004;-0.0884;0;0;0;0;0;0;0;0;0;-0.7452;0;0.7452;1;1;0;0;0;0
03/08/21 23:00;0;0;90;0;0;90;0;0;0;0;7.5098;5.9799;0;0;0;0;0;0;0;0;0;0;0;0;0;1;1;1;1;0;0;0;0;0;0;0;0;0;0;0;0;0;0;0;0;0;0;0;0;0;0;0;0;0;0;0;0;0;0;0;0;0;0;0;1;1;1;1;1;1;1;1;1;1;1;1;1;1;1;1;1;1;1;0;0;0;0;0;0;0;0;0;0.0004;0.088;-0.0884;0;0;0;0;0;0;0;0;0;0;0;0;0;0;0;0;0;0;0;-7.5098;0;0;0;0;0.0004;0;0;0;0;0;0;0;-0.0004;-0.0884;0;0;0;0;0;0;0;0;0;-0.7452;0;0.7452;1;1;0;0;0;0
04/08/21 00:00;0;0;90;0;0;90;0;0;0;0;7.2;5.63;0;0;0;0;0;0;0;0;0;0;0;0;0;1;1;1;1;0;0;0;0;0;0;0;0;0;0;0;0;0;0;0;0;0;0;0;0;0;0;0;0;0;0;0;0;0;0;0;0;0;0;0;1;1;1;1;1;1;1;1;1;1;1;1;1;1;1;1;1;1;1;0;0;0;0;0;0;0;0;0;0.0004;0.088;-0.0884;0;0;0;0;0;0;0;0;0;0;0;0;0;0;0;0;0;0;0;-7.2;0;0;0;0;0.0004;0;0;0;0;0;0;0;-0.0004;-0.0884;0;0;0;0;0;0;0;0;0;-0.7452;0;0.7452;1;1;0;0;0;0
04/08/21 01:00;0;0;90;0;0;90;0;0;0;0;6.9002;5.3301;0;0;0;0;0;0;0;0;0;0;0;0;0;1;1;1;1;0;0;0;0;0;0;0;0;0;0;0;0;0;0;0;0;0;0;0;0;0;0;0;0;0;0;0;0;0;0;0;0;0;0;0;1;1;1;1;1;1;1;1;1;1;1;1;1;1;1;1;1;1;1;0;0;0;0;0;0;0;0;0;0.0004;0.088;-0.0884;0;0;0;0;0;0;0;0;0;0;0;0;0;0;0;0;0;0;0;-6.9002;0;0;0;0;0.0004;0;0;0;0;0;0;0;-0.0004;-0.0884;0;0;0;0;0;0;0;0;0;-0.7452;0;0.7452;1;1;0;0;0;0
04/08/21 02:00;0;0;90;0;0;90;0;0;0;0;6.5997;5.37;0;0;0;0;0;0;0;0;0;0;0;0;0;1;1;1;1;0;0;0;0;0;0;0;0;0;0;0;0;0;0;0;0;0;0;0;0;0;0;0;0;0;0;0;0;0;0;0;0;0;0;0;1;1;1;1;1;1;1;1;1;1;1;1;1;1;1;1;1;1;1;0;0;0;0;0;0;0;0;0;0.0004;0.088;-0.0884;0;0;0;0;0;0;0;0;0;0;0;0;0;0;0;0;0;0;0;-6.5997;0;0;0;0;0.0004;0;0;0;0;0;0;0;-0.0004;-0.0884;0;0;0;0;0;0;0;0;0;-0.7452;0;0.7452;1;1;0;0;0;0
04/08/21 03:00;0;0;90;0;0;90;0;0;0;0;6.1603;5.5899;0;0;0;0;0;0;0;0;0;0;0;0;0;1;1;1;1;0;0;0;0;0;0;0;0;0;0;0;0;0;0;0;0;0;0;0;0;0;0;0;0;0;0;0;0;0;0;0;0;0;0;0;1;1;1;1;1;1;1;1;1;1;1;1;1;1;1;1;1;1;1;0;0;0;0;0;0;0;0;0;0.0004;0.088;-0.0884;0;0;0;0;0;0;0;0;0;0;0;0;0;0;0;0;0;0;0;-6.1603;0;0;0;0;0.0004;0;0;0;0;0;0;0;-0.0004;-0.0884;0;0;0;0;0;0;0;0;0;-0.7452;0;0.7452;1;1;0;0;0;0
04/08/21 04:00;0;0;90;0;0;90;0;0;0;0;5.7003;5.69;0;0;0;0;0;0;0;0;0;0;0;0;0;1;1;1;1;0;0;0;0;0;0;0;0;0;0;0;0;0;0;0;0;0;0;0;0;0;0;0;0;0;0;0;0;0;0;0;0;0;0;0;1;1;1;1;1;1;1;1;1;1;1;1;1;1;1;1;1;1;1;0;0;0;0;0;0;0;0;0;0.0004;0.088;-0.0884;0;0;0;0;0;0;0;0;0;0;0;0;0;0;0;0;0;0;0;-5.7003;0;0;0;0;0.0004;0;0;0;0;0;0;0;-0.0004;-0.0884;0;0;0;0;0;0;0;0;0;-0.7452;0;0.7452;1;1;0;0;0;0
04/08/21 05:00;0;0;90;0;0;90;0;0;0;0;5.1997;6.0599;0;0;0;0;0;0;0;0;0;0;0;0;0;1;1;1;1;0;0;0;0;0;0;0;0;0;0;0;0;0;0;0;0;0;0;0;0;0;0;0;0;0;0;0;0;0;0;0;0;0;0;0;1;1;1;1;1;1;1;1;1;1;1;1;1;1;1;1;1;1;1;0;0;0;0;0;0;0;0;0;0.0004;0.088;-0.0884;0;0;0;0;0;0;0;0;0;0;0;0;0;0;0;0;0;0;0;-5.1997;0;0;0;0;0.0004;0;0;0;0;0;0;0;-0.0004;-0.0884;0;0;0;0;0;0;0;0;0;-0.7452;0;0.7452;1;1;0;0;0;0
04/08/21 06:00;0.6271;-68.456;88.479;0.6742;0.9611;-90;-0.9611;0;0;0;4.8999;6.2101;0;0;0;0;0;0;0;0;0;0;0;0;0;1;1;1;1;0;0;0;0;0;0;0;0;0;0;0;0;0;0;0;0;0;0;0;0;0;0;0;0;0;0;0;0;0;0;0;0;0;0;0;1;1;1;1;1;1;1;1;1;1;1;1;1;1;1;1;1;1;1;0;0;0;0;0;0;0;0;0;0.0004;0.088;-0.0884;0;0;0;0;0;0;0;0;0;0;0;0;0;0;0;0;0;0;0;-4.8999;0;0;0;0;0.0004;0;0;0;0;0;0;0;-0.0004;-0.0884;0;0;0;0;0;0;0;0;0;-0.7452;0;0.7452;1;1;0;0;0;0
04/08/21 07:00;6.79;-63.525;73.337;7.5767;11.073;-90;-11.073;44.402;38.601;5.8008;5.3001;6.08;0;14.069;36.83;3.4559;0;0.0661;54.421;0;54.421;14.069;3.4559;36.83;0.0661;0.2585;0.678;0;0.0012;54.051;0.3696;0;0;0.3147;0.0549;49.771;4.1724;2.1711;0.5333;1.4655;0.0025;53.943;0.1081;0.0281;0.0069;0.073;0;49.781;11.869;2.9157;34.977;0.0087;22.174;18.537;5.5649;0.0158;0.2154;3.0984;0.0105;3.2981;0;1;0;0;1.2256;0.9932;1;1;0.9915;0.1698;0.9227;0.8454;1;0.9598;0.7755;0.998;0.998;1;0.998;0.998;0.9146;0.9497;0.1314;0.1549;0.1486;0.0009;0.0132;-0.0094;0.001;0.0036;0.0006;0;0;0.088;0.0417;0;0;0;0;0;0;0;0;0;0;0;0;0.0029;0.0001;0.1357;0.1357;0;7.7379;7.7379;2.4378;0.049;125.34;1083;1;0.006;0.006;0;0;0;0;0;0;0.1297;0.0417;0;16.483;19.087;5.0633;5.8632;95.545;95.545;1.3061;1.1448;0.3517;0.1613;0.7931;0.1235;0.6072;0.2692;22.138;0.2582;0
04/08/21 08:00;17.253;-53.492;44.003;21.125;39.812;-90;-39.812;163.19;118;45.193;6.4601;5.93;0;109.61;92.36;32.81;0;3.0269;237.8;0;237.8;109.61;32.81;92.36;3.0269;0.4609;0.4011;0;0.0127;228.67;9.1288;0;0;6.3682;2.7605;224.1;4.1151;1.0092;0.3021;2.7794;0.0244;228.22;0.4573;0.2192;0.0656;0.172;0.0005;224.81;108.38;32.442;83.04;0.2414;65.974;55.154;18.212;3.7023;0.7709;11.09;0.7093;8.1583;0;1;0;0;1.4572;0.9616;1;1;0.931;0.088;0.982;0.9908;1;0.9676;0.9081;0.998;0.998;1;0.998;0.998;0.9424;0.8991;0.0798;0.6768;0.6654;0.004;0.0162;-0.0181;0.0046;0.0165;0.0021;0;0;0.088;0.5262;0;0;0;0;0;0;0;0;0;0;0;0;0.0133;0.0013;0.6255;0.6255;0;17.36;17.36;10.9;0.0486;569.16;1099;1;0.0113;0.0113;0;0;0;0;0;0;0.6142;0.5262;0;17.382;20.128;14.622;16.933;98.192;98.192;5.7073;5.2752;4.4377;0.432;0.8375;0.0757;0.1467;0.7776;65.686;0.7513;0
04/08/21 09:00;26.308;-41.506;42.169;36.725;53.275;-90;-53.275;348.79;130.7;218.09;7.9599;5.84;0;364.72;65.763;80.922;0;11.218;522.62;0;522.62;364.72;80.922;65.763;11.218;0.6979;0.1473;0;0.0215;505.24;17.383;0;0;6.9349;10.448;498.59;5.639;2.9677;0.6585;1.9813;0.0315;504.23;1.0105;0.7294;0.1618;0.1177;0.0015;501.37;361.02;80.101;56.729;0.7367;136.75;114.32;36.755;7.2202;1.633;23.49;2.7774;17.902;0;1;0;0;1.4984;0.9667;1;1;0.8945;0.0686;0.9888;0.9918;1;0.9663;0.959;0.998;0.998;1;0.998;0.998;0.954;0.8626;0.0657;1.4873;1.4815;0.0089;0.0054;0.0385;0.01;0.0355;0.0043;0;0;0.088;1.2355;0;0;0;0;0;0;0;0;0;0;0;0;0.0286;0.0054;1.3449;1.3449;0;32.392;32.392;24.433;0.049;1273.6;1056;1;0.0215;0.0215;0;0;0;0;0;0;1.3235;1.2355;0;17.005;19.692;15.621;18.089;98.403;98.403;12.543;11.342;10.419;1.2009;0.9233;0.0957;0.0736;0.8307;53.112;0.8036;0
04/08/21 10:00;33.235;-27.022;48.169;55.264;34.736;-90;-34.736;228.11;212.2;15.909;8.5003;6.08;0;19.359;189.07;5.639;0;3.2521;217.32;0;217.32;19.359;5.639;189.07;3.2521;0.0891;0.885;0;0.015;203.87;13.446;0;0;10.544;2.9016;197.37;6.0972;0.2253;0.0656;5.7572;0.0491;203.46;0.4077;0.0387;0.0113;0.357;0.0007;198.47;19.095;5.5621;172.41;0.3007;139.29;116.45;37.511;4.7464;1.4893;21.423;1.0997;18.166;0;1;0;0;0.9527;0.9381;1;1;0.9442;0.1078;0.97;0.9883;1;0.9677;0.8597;0.998;0.998;1;0.998;0.998;0.9082;0.9119;0.0925;0.6185;0.6107;0.0037;0.0166;-0.015;0.0042;0.015;0.004;0;0;0.088;0.4705;0;0;0;0;0;0;0;0;0;0;0;0;0.0121;0.0011;0.5689;0.5689;0;18.116;18.116;9.6157;0.0487;521.38;1091.2;1;0.0104;0.0104;0;0;0;0;0;0;0.5585;0.4705;0;17.299;20.032;14.306;16.566;98.169;98.169;5.2156;4.7977;3.9677;0.4179;0.83;0.0801;0.1591;0.7607;129.01;0.7085;0
04/08/21 11:00;37.162;-10.124;51.676;76.944;13.056;-90;-13.056;383.19;266.4;116.79;9.3299;6.5399;0;119.89;224.7;39.78;0;0.7924;385.17;0;385.17;119.89;39.78;224.7;0.7924;0.3113;0.5854;0;0.0021;381.98;3.1909;0;0;2.5331;0.6578;370.2;11.014;1.7627;0.5849;8.6364;0.0301;381.21;0.764;0.2398;0.0796;0.4443;0.0003;370.37;117.89;39.116;213.09;0.1042;225.88;188.84;58.105;0.1766;2.1032;30.254;0.1692;32.181;0;1;0;0;1.0052;0.9917;1;1;0.9887;0.1699;0.9711;0.9853;1;0.961;0.7756;0.998;0.998;1;0.998;0.998;0.9611;0.9483;0.1315;1.0962;1.1203;0.0067;0.0105;0.0096;0.0077;0.0271;0.0056;0;0;0.088;0.923;0;0;0;0;0;0;0;0;0;0;0;0;0.0219;0.0033;1.0279;1.0279;0;27.425;27.425;18.095;0.0489;959.71;1071;1;0.0169;0.0169;0;0;0;0;0;0;1.011;0.923;0;17.635;20.42;15.835;18.336;98.355;98.355;9.244;8.6683;7.7836;0.5757;0.8847;0.0623;0.0957;0.842;135.85;0.7953;0
04/08/21 12:00;37.4;7.9155;51.891;79.79;10.211;90;10.211;354.1;277.5;76.604;10.33;6.8499;0;77.837;249.18;26.756;0;0.4486;354.22;0;354.22;77.837;26.756;249.18;0.4486;0.2197;0.7047;0;0.0013;351.98;2.24;0;0;1.8667;0.3733;339.63;11.643;1.1681;0.4015;10.056;0.0169;351.28;0.704;0.1557;0.0535;0.4946;0.0002;339.72;76.513;26.301;236.76;0.0582;209.47;175.11;53.442;0.0784;1.9735;28.388;0.0823;30.283;0;1;0;0;1.0003;0.9937;1;1;0.9925;0.1679;0.9669;0.985;1;0.9593;0.7749;0.998;0.998;1;0.998;0.998;0.9588;0.9502;0.1298;1.0081;1.0288;0.0062;0.0118;0.007;0.007;0.0249;0.0053;0;0;0.088;0.8401;0;0;0;0;0;0;0;0;0;0;0;0;0.0201;0.0028;0.9437;0.9437;0;26.933;26.933;16.603;0.0489;880.76;1071.5;1;0.0156;0.0156;0;0;0;0;0;0;0.9281;0.8401;0;17.605;20.386;15.672;18.148;98.344;98.344;8.5013;7.9585;7.0846;0.5428;0.8739;0.0638;0.1028;0.8334;149.44;0.7862;0
04/08/21 13:00;33.901;25.05;48.758;57.786;32.214;90;32.214;557.91;112.1;445.81;10.02;6.6701;0;526.92;41.247;79.677;0;6.8704;654.71;0;654.71;526.92;79.677;41.247;6.8704;0.8048;0.0735;0;0.0105;646.58;8.136;0;0;2.049;6.087;636.62;8.664;6.3139;0.9547;1.2679;0.1275;645.29;1.2932;1.0538;0.1594;0.0784;0.0016;638.54;519.55;78.562;37.852;0.6544;291.95;244.07;79.473;0.8005;2.4714;35.55;1.9144;37.22;0;1;0;0;1.1735;0.9876;1;1;0.9503;0.114;0.9866;0.988;1;0.9676;0.8369;0.998;0.998;1;0.998;0.998;0.9724;0.9177;0.0952;1.8633;1.8981;0.0114;0.0006;0.1092;0.0124;0.0441;0.0063;0;0;0.088;1.5549;0;0;0;0;0;0;0;0;0;0;0;0;0.0355;0.0086;1.6699;1.6699;0;41.42;41.42;31.4;0.0493;1632.1;1023.2;1;0.0269;0.0269;0;0;0;0;0;0;1.6429;1.5549;0;16.854;19.516;15.694;18.173;98.387;98.387;15.713;14.082;13.113;1.6309;0.9693;0.1038;0.0617;0.8345;27.617;0.8019;0
04/08/21 14:00;27.297;39.857;43.013;38.843;51.157;90;51.157;298.9;218.3;80.602;10.56;6.19;0;128.51;154.12;46.024;0;8.9145;337.57;0;337.57;128.51;46.024;154.12;8.9145;0.3807;0.483;0;0.0264;313.86;23.71;0;0;15.375;8.3351;307.08;6.1505;1.109;0.3972;4.6199;0.0244;313.23;0.6277;0.257;0.092;0.2775;0.0012;310.13;127.15;45.535;133.85;0.5538;159.6;133.42;44.614;14.679;2.2007;31.656;3.0508;19.178;0;1;0;0;1.1294;0.9298;1;1;0.9002;0.065;0.9804;0.9914;1;0.9666;0.9578;0.998;0.998;1;0.998;0.998;0.9097;0.8685;0.0621;0.9607;0.9507;0.0057;0.0129;0.0019;0.0065;0.0231;0.0059;0;0;0.088;0.7711;0;0;0;0;0;0;0;0;0;0;0;0;0.0186;0.0024;0.8737;0.8737;0;25.564;25.564;15.004;0.0489;812.61;1075.2;1;0.0146;0.0146;0;0;0;0;0;0;0.8591;0.7711;0;17.103;19.805;15.095;17.479;98.327;98.327;8.1017;7.3683;6.5029;0.7334;0.8654;0.0905;0.1068;0.8027;121.74;0.75;0
04/08/21 15:00;18.461;52.129;39.826;22.924;47.928;90;47.928;129.1;124.3;4.806;10.38;4.6101;0;11.656;102.61;3.4423;0;3.4077;121.11;0;121.11;11.656;3.4423;102.61;3.4077;0.0962;0.8753;0;0.0281;108.63;12.487;0;0;9.3115;3.1754;105.23;3.1778;0.0789;0.0233;3.0642;0.0114;108.41;0.2173;0.0233;0.0069;0.1866;0.0005;106.53;11.554;3.4121;90.046;0.2204;78.525;65.647;22.378;7.7914;1.092;15.708;1.3002;9.0091;0;1;0;0;0.9381;0.8969;1;1;0.9093;0.0682;0.9707;0.9932;1;0.9671;0.9507;0.998;0.998;1;0.998;0.998;0.8689;0.8776;0.0647;0.3447;0.3363;0.002;0.0169;-0.0115;0.0023;0.0082;0.0029;0;0;0.088;0.213;0;0;0;0;0;0;0;0;0;0;0;0;0.0066;0.0004;0.3085;0.3085;0;15.525;15.525;5.1452;0.0489;285.83;1079.4;1;0.0075;0.0075;0;0;0;0;0;0;0.301;0.213;0;16.833;19.492;11.621;13.457;97.563;97.563;2.9067;2.6018;1.7963;0.305;0.8055;0.1049;0.2771;0.618;78.495;0.5633;0
04/08/21 16:00;8.1412;62.367;69.913;9.1725;13.571;90;13.571;52.294;51.3;0.9943;10.7;3.38;0;2.4115;50.316;0.6573;0;0.1168;53.502;0;53.502;2.4115;0.6573;50.316;0.1168;0.0451;0.9426;0;0.0022;52.797;0.7049;0;0;0.6077;0.0972;50.443;2.2487;0.2584;0.0704;1.9156;0.0044;52.691;0.1056;0.0048;0.0013;0.0994;0;50.467;2.1483;0.5855;47.694;0.0151;30.477;25.479;7.67;0.0455;0.2962;4.2609;0.0245;4.5117;0;1;0;0;1.0231;0.9868;1;1;0.9879;0.1675;0.9573;0.8926;1;0.9614;0.7748;0.998;0.998;1;0.998;0.998;0.9428;0.9479;0.1295;0.1523;0.1529;0.0009;0.0134;-0.0066;0.001;0.0036;0.0008;0;0;0.088;0.043;0;0;0;0;0;0;0;0;0;0;0;0;0.0029;0.0001;0.1368;0.1368;0;13.182;13.182;2.4817;0.0492;129.11;1059.8;1;0.0059;0.0059;0;0;0;0;0;0;0.131;0.043;0;16.901;19.571;5.3092;6.1479;95.723;95.723;1.284;1.154;0.3625;0.1301;0.7915;0.1013;0.6164;0.2823;30.471;0.2664;0
04/08/21 17:00;1.2765;67.96;86.903;1.3771;1.9643;90;1.9643;0;0;0;9.7999;3.3401;0;0;0;0;0;0;0;0;0;0;0;0;0;1;1;1;1;0;0;0;0;0;0;0;0;0;0;0;0;0;0;0;0;0;0;0;0;0;0;0;0;0;0;0;0;0;0;0;0;0;0;0;1;1;1;1;1;1;1;1;1;1;1;1;1;1;1;1;1;1;1;0;0;0;0;0;0;0;0;0;0.0004;0.088;-0.0884;0;0;0;0;0;0;0;0;0;0;0;0;0;0;0;0;0;0;0;-9.7999;0;0;0;0;0.0004;0;0;0;0;0;0;0;-0.0004;-0.0884;0;0;0;0;0;0;0;0;0;-0.7452;0;0.7452;1;1;0;0;0;0
04/08/21 18:00;0;0;90;0;0;90;0;0;0;0;9.5001;3.72;0;0;0;0;0;0;0;0;0;0;0;0;0;1;1;1;1;0;0;0;0;0;0;0;0;0;0;0;0;0;0;0;0;0;0;0;0;0;0;0;0;0;0;0;0;0;0;0;0;0;0;0;1;1;1;1;1;1;1;1;1;1;1;1;1;1;1;1;1;1;1;0;0;0;0;0;0;0;0;0;0.0004;0.088;-0.0884;0;0;0;0;0;0;0;0;0;0;0;0;0;0;0;0;0;0;0;-9.5001;0;0;0;0;0.0004;0;0;0;0;0;0;0;-0.0004;-0.0884;0;0;0;0;0;0;0;0;0;-0.7452;0;0.7452;1;1;0;0;0;0
04/08/21 19:00;0;0;90;0;0;90;0;0;0;0;9.7999;4.12;0;0;0;0;0;0;0;0;0;0;0;0;0;1;1;1;1;0;0;0;0;0;0;0;0;0;0;0;0;0;0;0;0;0;0;0;0;0;0;0;0;0;0;0;0;0;0;0;0;0;0;0;1;1;1;1;1;1;1;1;1;1;1;1;1;1;1;1;1;1;1;0;0;0;0;0;0;0;0;0;0.0004;0.088;-0.0884;0;0;0;0;0;0;0;0;0;0;0;0;0;0;0;0;0;0;0;-9.7999;0;0;0;0;0.0004;0;0;0;0;0;0;0;-0.0004;-0.0884;0;0;0;0;0;0;0;0;0;-0.7452;0;0.7452;1;1;0;0;0;0
04/08/21 20:00;0;0;90;0;0;90;0;0;0;0;9.5001;4.5399;0;0;0;0;0;0;0;0;0;0;0;0;0;1;1;1;1;0;0;0;0;0;0;0;0;0;0;0;0;0;0;0;0;0;0;0;0;0;0;0;0;0;0;0;0;0;0;0;0;0;0;0;1;1;1;1;1;1;1;1;1;1;1;1;1;1;1;1;1;1;1;0;0;0;0;0;0;0;0;0;0.0004;0.088;-0.0884;0;0;0;0;0;0;0;0;0;0;0;0;0;0;0;0;0;0;0;-9.5001;0;0;0;0;0.0004;0;0;0;0;0;0;0;-0.0004;-0.0884;0;0;0;0;0;0;0;0;0;-0.7452;0;0.7452;1;1;0;0;0;0
04/08/21 21:00;0;0;90;0;0;90;0;0;0;0;9.3997;4.42;0;0;0;0;0;0;0;0;0;0;0;0;0;1;1;1;1;0;0;0;0;0;0;0;0;0;0;0;0;0;0;0;0;0;0;0;0;0;0;0;0;0;0;0;0;0;0;0;0;0;0;0;1;1;1;1;1;1;1;1;1;1;1;1;1;1;1;1;1;1;1;0;0;0;0;0;0;0;0;0;0.0004;0.088;-0.0884;0;0;0;0;0;0;0;0;0;0;0;0;0;0;0;0;0;0;0;-9.3997;0;0;0;0;0.0004;0;0;0;0;0;0;0;-0.0004;-0.0884;0;0;0;0;0;0;0;0;0;-0.7452;0;0.7452;1;1;0;0;0;0
04/08/21 22:00;0;0;90;0;0;90;0;0;0;0;9.3997;4.6901;0;0;0;0;0;0;0;0;0;0;0;0;0;1;1;1;1;0;0;0;0;0;0;0;0;0;0;0;0;0;0;0;0;0;0;0;0;0;0;0;0;0;0;0;0;0;0;0;0;0;0;0;1;1;1;1;1;1;1;1;1;1;1;1;1;1;1;1;1;1;1;0;0;0;0;0;0;0;0;0;0.0004;0.088;-0.0884;0;0;0;0;0;0;0;0;0;0;0;0;0;0;0;0;0;0;0;-9.3997;0;0;0;0;0.0004;0;0;0;0;0;0;0;-0.0004;-0.0884;0;0;0;0;0;0;0;0;0;-0.7452;0;0.7452;1;1;0;0;0;0
04/08/21 23:00;0;0;90;0;0;90;0;0;0;0;9.54;5.0299;0;0;0;0;0;0;0;0;0;0;0;0;0;1;1;1;1;0;0;0;0;0;0;0;0;0;0;0;0;0;0;0;0;0;0;0;0;0;0;0;0;0;0;0;0;0;0;0;0;0;0;0;1;1;1;1;1;1;1;1;1;1;1;1;1;1;1;1;1;1;1;0;0;0;0;0;0;0;0;0;0.0004;0.088;-0.0884;0;0;0;0;0;0;0;0;0;0;0;0;0;0;0;0;0;0;0;-9.54;0;0;0;0;0.0004;0;0;0;0;0;0;0;-0.0004;-0.0884;0;0;0;0;0;0;0;0;0;-0.7452;0;0.7452;1;1;0;0;0;0
05/08/21 00:00;0;0;90;0;0;90;0;0;0;0;9.5001;5.39;0;0;0;0;0;0;0;0;0;0;0;0;0;1;1;1;1;0;0;0;0;0;0;0;0;0;0;0;0;0;0;0;0;0;0;0;0;0;0;0;0;0;0;0;0;0;0;0;0;0;0;0;1;1;1;1;1;1;1;1;1;1;1;1;1;1;1;1;1;1;1;0;0;0;0;0;0;0;0;0;0.0004;0.088;-0.0884;0;0;0;0;0;0;0;0;0;0;0;0;0;0;0;0;0;0;0;-9.5001;0;0;0;0;0.0004;0;0;0;0;0;0;0;-0.0004;-0.0884;0;0;0;0;0;0;0;0;0;-0.7452;0;0.7452;1;1;0;0;0;0
05/08/21 01:00;0;0;90;0;0;90;0;0;0;0;9.3997;5.1799;0;0;0;0;0;0;0;0;0;0;0;0;0;1;1;1;1;0;0;0;0;0;0;0;0;0;0;0;0;0;0;0;0;0;0;0;0;0;0;0;0;0;0;0;0;0;0;0;0;0;0;0;1;1;1;1;1;1;1;1;1;1;1;1;1;1;1;1;1;1;1;0;0;0;0;0;0;0;0;0;0.0004;0.088;-0.0884;0;0;0;0;0;0;0;0;0;0;0;0;0;0;0;0;0;0;0;-9.3997;0;0;0;0;0.0004;0;0;0;0;0;0;0;-0.0004;-0.0884;0;0;0;0;0;0;0;0;0;-0.7452;0;0.7452;1;1;0;0;0;0
05/08/21 02:00;0;0;90;0;0;90;0;0;0;0;9.3;5.3399;0;0;0;0;0;0;0;0;0;0;0;0;0;1;1;1;1;0;0;0;0;0;0;0;0;0;0;0;0;0;0;0;0;0;0;0;0;0;0;0;0;0;0;0;0;0;0;0;0;0;0;0;1;1;1;1;1;1;1;1;1;1;1;1;1;1;1;1;1;1;1;0;0;0;0;0;0;0;0;0;0.0004;0.088;-0.0884;0;0;0;0;0;0;0;0;0;0;0;0;0;0;0;0;0;0;0;-9.3;0;0;0;0;0.0004;0;0;0;0;0;0;0;-0.0004;-0.0884;0;0;0;0;0;0;0;0;0;-0.7452;0;0.7452;1;1;0;0;0;0
05/08/21 03:00;0;0;90;0;0;90;0;0;0;0;9.0999;4.99;0;0;0;0;0;0;0;0;0;0;0;0;0;1;1;1;1;0;0;0;0;0;0;0;0;0;0;0;0;0;0;0;0;0;0;0;0;0;0;0;0;0;0;0;0;0;0;0;0;0;0;0;1;1;1;1;1;1;1;1;1;1;1;1;1;1;1;1;1;1;1;0;0;0;0;0;0;0;0;0;0.0004;0.088;-0.0884;0;0;0;0;0;0;0;0;0;0;0;0;0;0;0;0;0;0;0;-9.0999;0;0;0;0;0.0004;0;0;0;0;0;0;0;-0.0004;-0.0884;0;0;0;0;0;0;0;0;0;-0.7452;0;0.7452;1;1;0;0;0;0
05/08/21 04:00;0;0;90;0;0;90;0;0;0;0;8.8001;4.7899;0;0;0;0;0;0;0;0;0;0;0;0;0;1;1;1;1;0;0;0;0;0;0;0;0;0;0;0;0;0;0;0;0;0;0;0;0;0;0;0;0;0;0;0;0;0;0;0;0;0;0;0;1;1;1;1;1;1;1;1;1;1;1;1;1;1;1;1;1;1;1;0;0;0;0;0;0;0;0;0;0.0004;0.088;-0.0884;0;0;0;0;0;0;0;0;0;0;0;0;0;0;0;0;0;0;0;-8.8001;0;0;0;0;0.0004;0;0;0;0;0;0;0;-0.0004;-0.0884;0;0;0;0;0;0;0;0;0;-0.7452;0;0.7452;1;1;0;0;0;0
05/08/21 05:00;0;0;90;0;0;90;0;0;0;0;8.3999;4.8;0;0;0;0;0;0;0;0;0;0;0;0;0;1;1;1;1;0;0;0;0;0;0;0;0;0;0;0;0;0;0;0;0;0;0;0;0;0;0;0;0;0;0;0;0;0;0;0;0;0;0;0;1;1;1;1;1;1;1;1;1;1;1;1;1;1;1;1;1;1;1;0;0;0;0;0;0;0;0;0;0.0004;0.088;-0.0884;0;0;0;0;0;0;0;0;0;0;0;0;0;0;0;0;0;0;0;-8.3999;0;0;0;0;0.0004;0;0;0;0;0;0;0;-0.0004;-0.0884;0;0;0;0;0;0;0;0;0;-0.7452;0;0.7452;1;1;0;0;0;0
05/08/21 06:00;0.8056;-68.66;88.046;0.8649;1.2331;-90;-1.2331;0;0;0;8.1998;4.81;0;0;0;0;0;0;0;0;0;0;0;0;0;1;1;1;1;0;0;0;0;0;0;0;0;0;0;0;0;0;0;0;0;0;0;0;0;0;0;0;0;0;0;0;0;0;0;0;0;0;0;0;1;1;1;1;1;1;1;1;1;1;1;1;1;1;1;1;1;1;1;0;0;0;0;0;0;0;0;0;0.0004;0.088;-0.0884;0;0;0;0;0;0;0;0;0;0;0;0;0;0;0;0;0;0;0;-8.1998;0;0;0;0;0.0004;0;0;0;0;0;0;0;-0.0004;-0.0884;0;0;0;0;0;0;0;0;0;-0.7452;0;0.7452;1;1;0;0;0;0
05/08/21 07:00;6.978;-63.722;72.864;7.7729;11.375;-90;-11.375;25.004;24.599;0.4055;8.3999;4.8599;0;0.9834;24.296;0.1498;0;0.0393;25.468;0;25.468;0.9834;0.1498;24.296;0.0393;0.0386;0.9555;0;0.0015;25.219;0.2498;0;0;0.2172;0.0326;24.039;1.1294;0.1441;0.0219;0.9618;0.0015;25.168;0.0504;0.002;0.0003;0.0482;0;24.046;0.8373;0.1275;23.069;0.0052;14.618;12.221;3.6671;0.0115;0.1422;2.0453;0.0074;2.176;0;1;0;0;1.0186;0.9902;1;1;0.9911;0.1699;0.9551;0.8531;1;0.96;0.7755;0.998;0.998;1;0.998;0.998;0.9439;0.9495;0.1315;0.0725;0.0729;0.0004;0.0095;-0.0041;0.0005;0.0017;0.0004;0;0;0.088;-0.0285;0;0;0;0;0;0;0;0;0;0;0;0;0.0013;0.0001;0.0631;0.0631;0;9.5912;9.5912;1.1913;0.0496;60.509;1043.3;1;0.0037;0.0037;0;0;0;0;0;0;0.0595;-0.0285;0;16.38;18.968;-7.4052;-8.5751;94.182;94.182;0.6112;0.5324;-0.2407;0.0788;0.7731;0.129;1.2648;0;14.616;0;0
05/08/21 08:00;17.462;-53.673;43.302;21.328;40.567;-90;-40.567;77.005;75.5;1.5058;8.6;5.53;0;3.652;66.175;0.6911;0;1.4807;71.999;0;71.999;3.652;0.6911;66.175;1.4807;0.0507;0.9397;0;0.0206;65.954;6.0454;0;0;4.6921;1.3534;63.784;2.0376;0.0321;0.0061;1.9885;0.0109;65.822;0.1319;0.0073;0.0014;0.123;0.0003;64.319;3.6126;0.6837;59.372;0.1161;47.374;39.604;13.094;2.8291;0.5636;8.1075;0.5344;5.842;0;1;0;0;0.935;0.916;1;1;0.9291;0.086;0.969;0.9912;1;0.9676;0.9138;0.998;0.998;1;0.998;0.998;0.8859;0.8972;0.0784;0.2049;0.2003;0.0012;0.0148;-0.0097;0.0014;0.0048;0.0015;0;0;0.088;0.0878;0;0;0;0;0;0;0;0;0;0;0;0;0.0039;0.0002;0.1823;0.1823;0;11.725;11.725;3.1254;0.049;169.4;1075.9;1;0.0065;0.0065;0;0;0;0;0;0;0.1758;0.0878;0;16.727;19.369;8.0538;9.3261;96.434;96.434;1.728;1.5369;0.74;0.191;0.7969;0.1106;0.4612;0.4283;47.365;0.395;0
05/08/21 09:00;26.541;-41.66;41.941;36.922;53.078;-90;-53.078;209.1;183.1;25.997;9.78;6.08;0;43.275;140.14;13.337;0;6.6789;203.43;0;203.43;43.275;13.337;140.14;6.6789;0.2127;0.7217;0;0.0328;182.51;20.918;0;0;14.698;6.2201;177.45;4.6918;0.3464;0.1068;4.22;0.0187;182.14;0.365;0.0866;0.0267;0.2509;0.0009;180.02;42.842;13.204;120.97;0.4392;123.72;103.43;35.599;15.183;1.8873;27.148;2.5691;13.852;0;1;0;0;0.9729;0.8972;1;1;0.8951;0.0687;0.9742;0.992;1;0.9663;0.9592;0.998;0.998;1;0.998;0.998;0.8723;0.8632;0.0658;0.5789;0.5694;0.0034;0.0169;-0.0134;0.0039;0.014;0.0051;0;0;0.088;0.4294;0;0;0;0;0;0;0;0;0;0;0;0;0.0112;0.001;0.5272;0.5272;0;18.435;18.435;8.6554;0.0488;485.43;1086.1;1;0.0099;0.0099;0;0;0;0;0;0;0.5174;0.4294;0;17.127;19.832;13.947;16.15;98.123;98.123;4.8822;4.4463;3.6208;0.4359;0.8256;0.0893;0.1691;0.7416;112.94;0.6743;0
05/08/21 10:00;33.492;-27.128;47.921;55.428;34.572;-90;-34.572;215.7;204.1;11.599;10.89;6.03;0;14.087;183.14;3.9188;0;3.0471;204.19;0;204.19;14.087;3.9188;183.14;3.0471;0.069;0.9118;0;0.0149;191.34;12.855;0;0;10.138;2.7167;185.12;5.8335;0.1619;0.045;5.5798;0.0467;190.95;0.3827;0.0282;0.0078;0.346;0.0007;186.15;13.897;3.866;167.08;0.2831;132.24;110.56;35.594;4.5232;1.4162;20.372;1.0319;17.265;0;1;0;0;0.9466;0.937;1;1;0.9446;0.1085;0.9695;0.9885;1;0.9677;0.8583;0.998;0.998;1;0.998;0.998;0.9066;0.9123;0.0929;0.5811;0.5734;0.0035;0.0169;-0.0104;0.0039;0.014;0.0038;0;0;0.088;0.4316;0;0;0;0;0;0;0;0;0;0;0;0;0.0113;0.001;0.5295;0.5295;0;19.928;19.928;9.0375;0.0488;489.52;1081.6;1;0.0099;0.0099;0;0;0;0;0;0;0.5196;0.4316;0;17.135;19.842;13.968;16.174;98.135;98.135;4.9006;4.4652;3.6398;0.4354;0.8254;0.0888;0.1684;0.7427;124.8;0.6911;0
05/08/21 11:00;37.433;-10.152;51.41;77.032;12.968;-90;-12.968;311.79;266.5;45.295;11.48;5.94;0;46.48;248.35;15.328;0;0.6361;310.8;0;310.8;46.48;15.328;248.35;0.6361;0.1496;0.8011;0;0.002;307.5;3.296;0;0;2.7679;0.5281;296.41;10.471;0.6666;0.2198;9.5605;0.0242;306.89;0.615;0.093;0.0307;0.4912;0.0002;296.55;45.721;15.077;235.53;0.0836;184.98;154.64;47.012;0.1903;1.7625;25.353;0.1342;26.925;0;1;0;0;0.9968;0.9894;1;1;0.9889;0.1699;0.9659;0.9856;1;0.961;0.7756;0.998;0.998;1;0.998;0.998;0.9537;0.9484;0.1315;0.8845;0.8992;0.0054;0.0135;0.0031;0.0061;0.0218;0.0047;0;0;0.088;0.723;0;0;0;0;0;0;0;0;0;0;0;0;0.0175;0.0022;0.8248;0.8248;0;25.971;25.971;14.491;0.0489;768.91;1072.7;1;0.0139;0.0139;0;0;0;0;0;0;0.811;0.723;0;17.537;20.307;15.371;17.8;98.321;98.321;7.4591;6.9559;6.0969;0.5033;0.8589;0.0675;0.1152;0.8174;150.11;0.7703;0
05/08/21 12:00;37.667;7.9788;51.62;79.807;10.193;90;10.193;176.4;173;3.4004;11.83;5.92;0;3.455;170.91;0.7357;0;0.2227;175.33;0;175.33;3.455;0.7357;170.91;0.2227;0.0197;0.9761;0;0.0013;173.86;1.4622;0;0;1.2768;0.1853;166.55;6.9694;0.0505;0.0108;6.8997;0.0084;173.52;0.3477;0.0069;0.0015;0.3393;0.0001;166.59;3.3975;0.7234;162.4;0.0289;104.91;87.701;26.314;0.0534;1.0186;14.652;0.0398;15.618;0;1;0;0;0.9939;0.9917;1;1;0.9925;0.1679;0.9598;0.9853;1;0.9592;0.7749;0.998;0.998;1;0.998;0.998;0.9499;0.9502;0.1298;0.499;0.506;0.003;0.0172;-0.0091;0.0035;0.0123;0.0027;0;0;0.088;0.3685;0;0;0;0;0;0;0;0;0;0;0;0;0.0099;0.0008;0.4657;0.4657;0;19.969;19.969;8.1384;0.0489;432.07;1077.9;1;0.0092;0.0092;0;0;0;0;0;0;0.4565;0.3685;0;17.552;20.325;13.89;16.085;98.032;98.032;4.2078;3.9274;3.108;0.2804;0.8194;0.0666;0.1947;0.7386;102.5;0.6951;0
05/08/21 13:00;34.147;25.189;48.496;57.891;32.109;90;32.109;201.21;195;6.2044;12;5.93;0;7.3248;178.59;1.9139;0;2.4621;190.29;0;190.29;7.3248;1.9139;178.59;2.4621;0.0385;0.9514;0;0.0129;179.29;11.006;0;0;8.8262;2.1803;173.28;5.6477;0.0866;0.0226;5.4923;0.0461;178.93;0.3586;0.0146;0.0038;0.3395;0.0006;174.09;7.2235;1.8875;163.93;0.2352;123.52;103.26;32.94;3.4204;1.2903;18.56;0.8092;16.43;0;1;0;0;0.9458;0.9422;1;1;0.9506;0.1145;0.9684;0.9881;1;0.9676;0.8362;0.998;0.998;1;0.998;0.998;0.9106;0.9179;0.0955;0.5416;0.5353;0.0032;0.017;-0.0087;0.0037;0.013;0.0034;0;0;0.088;0.3948;0;0;0;0;0;0;0;0;0;0;0;0;0.0105;0.0009;0.4922;0.4922;0;20.468;20.468;8.468;0.0489;456.93;1077.2;1;0.0094;0.0094;0;0;0;0;0;0;0.4828;0.3948;0;17.092;19.792;13.708;15.874;98.082;98.082;4.567;4.1507;3.329;0.4163;0.8217;0.0911;0.1799;0.7289;119.48;0.6793;0
05/08/21 14:00;27.513;40.041;42.765;38.994;51.006;90;51.006;175.79;169.7;6.0942;12;5.52;0;9.685;136.87;2.6759;0;5.2141;154.44;0;154.44;9.685;2.6759;136.87;5.2141;0.0627;0.92;0;0.0338;135.97;18.47;0;0;13.596;4.8746;131.48;4.2209;0.0822;0.0227;4.1017;0.0144;135.7;0.2719;0.0194;0.0054;0.2465;0.0007;133.59;9.5834;2.6479;118.92;0.3244;110.65;92.506;31.848;12.902;1.6434;23.639;2.1062;12.381;0;1;0;0;0.8786;0.8804;1;1;0.9007;0.0651;0.9689;0.9915;1;0.9667;0.9576;0.998;0.998;1;0.998;0.998;0.8513;0.8689;0.0622;0.4395;0.4295;0.0026;0.0173;-0.0102;0.0029;0.0104;0.0044;0;0;0.088;0.2967;0;0;0;0;0;0;0;0;0;0;0;0;0.0084;0.0006;0.3931;0.3931;0;18.431;18.431;6.4303;0.0489;365.52;1075.5;1;0.0084;0.0084;0;0;0;0;0;0;0.3847;0.2967;0;16.819;19.476;12.696;14.702;97.87;97.87;3.7066;3.3151;2.5024;0.3915;0.8127;0.1056;0.2193;0.6751;107.95;0.6057;0
05/08/21 15:00;18.648;52.336;39.149;23.089;48.921;90;48.921;108.2;105.9;2.3032;12;4.3001;0;5.5859;87.267;1.3914;0;2.9682;97.213;0;97.213;5.5859;1.3914;87.267;2.9682;0.0575;0.9282;0;0.0305;86.284;10.928;0;0;8.159;2.7693;83.45;2.6617;0.0356;0.0089;2.608;0.0092;86.112;0.1726;0.0112;0.0028;0.1582;0.0004;84.619;5.5392;1.3798;76.342;0.1893;67.422;56.365;19.294;7.1149;0.96;13.809;1.1693;7.6545;0;1;0;0;0.8984;0.8876;1;1;0.9065;0.067;0.9691;0.9936;1;0.967;0.9537;0.998;0.998;1;0.998;0.998;0.8584;0.8748;0.0638;0.2767;0.2698;0.0016;0.0161;-0.0088;0.0018;0.0065;0.0025;0;0;0.088;0.1496;0;0;0;0;0;0;0;0;0;0;0;0;0.0052;0.0003;0.2444;0.2444;0;16.092;16.092;4.092;0.049;228.85;1068;1;0.0069;0.0069;0;0;0;0;0;0;0.2376;0.1496;0;16.614;19.238;10.166;11.772;97.194;97.194;2.3331;2.0611;1.2612;0.272;0.8;0.1166;0.3429;0.5406;67.408;0.4886;0
05/08/21 16:00;8.3037;62.587;69.497;9.3366;13.834;90;13.834;17.991;17.9;0.0909;11.43;3.8101;0;0.2206;17.632;0.0206;0;0.0417;17.915;0;17.915;0.2206;0.0206;17.632;0.0417;0.0123;0.9865;0;0.0023;17.661;0.2547;0;0;0.2199;0.0348;16.931;0.6943;0.0226;0.0021;0.668;0.0016;17.625;0.0353;0.0004;0;0.0348;0;16.94;0.1976;0.0184;16.71;0.0054;10.688;8.9348;2.6906;0.0171;0.1039;1.4944;0.009;1.5813;0;1;0;0;0.9958;0.9858;1;1;0.9875;0.1674;0.9606;0.8975;1;0.9616;0.7749;0.998;0.998;1;0.998;0.998;0.9451;0.9477;0.1294;0.051;0.0515;0.0003;0.008;-0.0023;0.0003;0.0011;0.0003;0;0;0.088;-0.0482;0;0;0;0;0;0;0;0;0;0;0;0;0.0009;0;0.0429;0.0429;0;12.276;12.276;0.8459;0.05;42.223;1015.6;1;0.003;0.003;0;0;0;0;0;0;0.0398;-0.0482;0;15.816;18.315;-17.762;-20.568;92.92;92.92;0.43;0.3616;-0.4061;0.0684;0.7677;0.159;1.7855;0;10.687;0;0
05/08/21 17:00;1.4267;68.186;86.538;1.5367;2.1924;90;2.1924;0;0;0;10.88;3.9801;0;0;0;0;0;0;0;0;0;0;0;0;0;1;1;1;1;0;0;0;0;0;0;0;0;0;0;0;0;0;0;0;0;0;0;0;0;0;0;0;0;0;0;0;0;0;0;0;0;0;0;0;1;1;1;1;1;1;1;1;1;1;1;1;1;1;1;1;1;1;1;0;0;0;0;0;0;0;0;0;0.0004;0.088;-0.0884;0;0;0;0;0;0;0;0;0;0;0;0;0;0;0;0;0;0;0;-10.88;0;0;0;0;0.0004;0;0;0;0;0;0;0;-0.0004;-0.0884;0;0;0;0;0;0;0;0;0;-0.7452;0;0.7452;1;1;0;0;0;0
05/08/21 18:00;0;0;90;0;0;90;0;0;0;0;10.5;3.9701;0;0;0;0;0;0;0;0;0;0;0;0;0;1;1;1;1;0;0;0;0;0;0;0;0;0;0;0;0;0;0;0;0;0;0;0;0;0;0;0;0;0;0;0;0;0;0;0;0;0;0;0;1;1;1;1;1;1;1;1;1;1;1;1;1;1;1;1;1;1;1;0;0;0;0;0;0;0;0;0;0.0004;0.088;-0.0884;0;0;0;0;0;0;0;0;0;0;0;0;0;0;0;0;0;0;0;-10.5;0;0;0;0;0.0004;0;0;0;0;0;0;0;-0.0004;-0.0884;0;0;0;0;0;0;0;0;0;-0.7452;0;0.7452;1;1;0;0;0;0
05/08/21 19:00;0;0;90;0;0;90;0;0;0;0;10.54;3.78;0;0;0;0;0;0;0;0;0;0;0;0;0;1;1;1;1;0;0;0;0;0;0;0;0;0;0;0;0;0;0;0;0;0;0;0;0;0;0;0;0;0;0;0;0;0;0;0;0;0;0;0;1;1;1;1;1;1;1;1;1;1;1;1;1;1;1;1;1;1;1;0;0;0;0;0;0;0;0;0;0.0004;0.088;-0.0884;0;0;0;0;0;0;0;0;0;0;0;0;0;0;0;0;0;0;0;-10.54;0;0;0;0;0.0004;0;0;0;0;0;0;0;-0.0004;-0.0884;0;0;0;0;0;0;0;0;0;-0.7452;0;0.7452;1;1;0;0;0;0
05/08/21 20:00;0;0;90;0;0;90;0;0;0;0;9.7201;3.5899;0;0;0;0;0;0;0;0;0;0;0;0;0;1;1;1;1;0;0;0;0;0;0;0;0;0;0;0;0;0;0;0;0;0;0;0;0;0;0;0;0;0;0;0;0;0;0;0;0;0;0;0;1;1;1;1;1;1;1;1;1;1;1;1;1;1;1;1;1;1;1;0;0;0;0;0;0;0;0;0;0.0004;0.088;-0.0884;0;0;0;0;0;0;0;0;0;0;0;0;0;0;0;0;0;0;0;-9.7201;0;0;0;0;0.0004;0;0;0;0;0;0;0;-0.0004;-0.0884;0;0;0;0;0;0;0;0;0;-0.7452;0;0.7452;1;1;0;0;0;0
05/08/21 21:00;0;0;90;0;0;90;0;0;0;0;9.0002;3.3499;0;0;0;0;0;0;0;0;0;0;0;0;0;1;1;1;1;0;0;0;0;0;0;0;0;0;0;0;0;0;0;0;0;0;0;0;0;0;0;0;0;0;0;0;0;0;0;0;0;0;0;0;1;1;1;1;1;1;1;1;1;1;1;1;1;1;1;1;1;1;1;0;0;0;0;0;0;0;0;0;0.0004;0.088;-0.0884;0;0;0;0;0;0;0;0;0;0;0;0;0;0;0;0;0;0;0;-9.0002;0;0;0;0;0.0004;0;0;0;0;0;0;0;-0.0004;-0.0884;0;0;0;0;0;0;0;0;0;-0.7452;0;0.7452;1;1;0;0;0;0
05/08/21 22:00;0;0;90;0;0;90;0;0;0;0;8.7403;3.1899;0;0;0;0;0;0;0;0;0;0;0;0;0;1;1;1;1;0;0;0;0;0;0;0;0;0;0;0;0;0;0;0;0;0;0;0;0;0;0;0;0;0;0;0;0;0;0;0;0;0;0;0;1;1;1;1;1;1;1;1;1;1;1;1;1;1;1;1;1;1;1;0;0;0;0;0;0;0;0;0;0.0004;0.088;-0.0884;0;0;0;0;0;0;0;0;0;0;0;0;0;0;0;0;0;0;0;-8.7403;0;0;0;0;0.0004;0;0;0;0;0;0;0;-0.0004;-0.0884;0;0;0;0;0;0;0;0;0;-0.7452;0;0.7452;1;1;0;0;0;0
05/08/21 23:00;0;0;90;0;0;90;0;0;0;0;8.7901;3.05;0;0;0;0;0;0;0;0;0;0;0;0;0;1;1;1;1;0;0;0;0;0;0;0;0;0;0;0;0;0;0;0;0;0;0;0;0;0;0;0;0;0;0;0;0;0;0;0;0;0;0;0;1;1;1;1;1;1;1;1;1;1;1;1;1;1;1;1;1;1;1;0;0;0;0;0;0;0;0;0;0.0004;0.088;-0.0884;0;0;0;0;0;0;0;0;0;0;0;0;0;0;0;0;0;0;0;-8.7901;0;0;0;0;0.0004;0;0;0;0;0;0;0;-0.0004;-0.0884;0;0;0;0;0;0;0;0;0;-0.7452;0;0.7452;1;1;0;0;0;0
06/08/21 00:00;0;0;90;0;0;90;0;0;0;0;8.6997;2.9;0;0;0;0;0;0;0;0;0;0;0;0;0;1;1;1;1;0;0;0;0;0;0;0;0;0;0;0;0;0;0;0;0;0;0;0;0;0;0;0;0;0;0;0;0;0;0;0;0;0;0;0;1;1;1;1;1;1;1;1;1;1;1;1;1;1;1;1;1;1;1;0;0;0;0;0;0;0;0;0;0.0004;0.088;-0.0884;0;0;0;0;0;0;0;0;0;0;0;0;0;0;0;0;0;0;0;-8.6997;0;0;0;0;0.0004;0;0;0;0;0;0;0;-0.0004;-0.0884;0;0;0;0;0;0;0;0;0;-0.7452;0;0.7452;1;1;0;0;0;0
06/08/21 01:00;0;0;90;0;0;90;0;0;0;0;7.8103;2.82;0;0;0;0;0;0;0;0;0;0;0;0;0;1;1;1;1;0;0;0;0;0;0;0;0;0;0;0;0;0;0;0;0;0;0;0;0;0;0;0;0;0;0;0;0;0;0;0;0;0;0;0;1;1;1;1;1;1;1;1;1;1;1;1;1;1;1;1;1;1;1;0;0;0;0;0;0;0;0;0;0.0004;0.088;-0.0884;0;0;0;0;0;0;0;0;0;0;0;0;0;0;0;0;0;0;0;-7.8103;0;0;0;0;0.0004;0;0;0;0;0;0;0;-0.0004;-0.0884;0;0;0;0;0;0;0;0;0;-0.7452;0;0.7452;1;1;0;0;0;0
06/08/21 02:00;0;0;90;0;0;90;0;0;0;0;8.6798;2.9401;0;0;0;0;0;0;0;0;0;0;0;0;0;1;1;1;1;0;0;0;0;0;0;0;0;0;0;0;0;0;0;0;0;0;0;0;0;0;0;0;0;0;0;0;0;0;0;0;0;0;0;0;1;1;1;1;1;1;1;1;1;1;1;1;1;1;1;1;1;1;1;0;0;0;0;0;0;0;0;0;0.0004;0.088;-0.0884;0;0;0;0;0;0;0;0;0;0;0;0;0;0;0;0;0;0;0;-8.6798;0;0;0;0;0.0004;0;0;0;0;0;0;0;-0.0004;-0.0884;0;0;0;0;0;0;0;0;0;-0.7452;0;0.7452;1;1;0;0;0;0
06/08/21 03:00;0;0;90;0;0;90;0;0;0;0;8.5003;3.4101;0;0;0;0;0;0;0;0;0;0;0;0;0;1;1;1;1;0;0;0;0;0;0;0;0;0;0;0;0;0;0;0;0;0;0;0;0;0;0;0;0;0;0;0;0;0;0;0;0;0;0;0;1;1;1;1;1;1;1;1;1;1;1;1;1;1;1;1;1;1;1;0;0;0;0;0;0;0;0;0;0.0004;0.088;-0.0884;0;0;0;0;0;0;0;0;0;0;0;0;0;0;0;0;0;0;0;-8.5003;0;0;0;0;0.0004;0;0;0;0;0;0;0;-0.0004;-0.0884;0;0;0;0;0;0;0;0;0;-0.7452;0;0.7452;1;1;0;0;0;0
06/08/21 04:00;0;0;90;0;0;90;0;0;0;0;8.1001;3.61;0;0;0;0;0;0;0;0;0;0;0;0;0;1;1;1;1;0;0;0;0;0;0;0;0;0;0;0;0;0;0;0;0;0;0;0;0;0;0;0;0;0;0;0;0;0;0;0;0;0;0;0;1;1;1;1;1;1;1;1;1;1;1;1;1;1;1;1;1;1;1;0;0;0;0;0;0;0;0;0;0.0004;0.088;-0.0884;0;0;0;0;0;0;0;0;0;0;0;0;0;0;0;0;0;0;0;-8.1001;0;0;0;0;0.0004;0;0;0;0;0;0;0;-0.0004;-0.0884;0;0;0;0;0;0;0;0;0;-0.7452;0;0.7452;1;1;0;0;0;0
06/08/21 05:00;0;0;90;0;0;90;0;0;0;0;7.9798;3.8901;0;0;0;0;0;0;0;0;0;0;0;0;0;1;1;1;1;0;0;0;0;0;0;0;0;0;0;0;0;0;0;0;0;0;0;0;0;0;0;0;0;0;0;0;0;0;0;0;0;0;0;0;1;1;1;1;1;1;1;1;1;1;1;1;1;1;1;1;1;1;1;0;0;0;0;0;0;0;0;0;0.0004;0.088;-0.0884;0;0;0;0;0;0;0;0;0;0;0;0;0;0;0;0;0;0;0;-7.9798;0;0;0;0;0.0004;0;0;0;0;0;0;0;-0.0004;-0.0884;0;0;0;0;0;0;0;0;0;-0.7452;0;0.7452;1;1;0;0;0;0
06/08/21 06:00;0.7979;-69.012;88.065;0.8546;1.2184;-90;-1.2184;0;0;0;8.6;4.1599;0;0;0;0;0;0;0;0;0;0;0;0;0;1;1;1;1;0;0;0;0;0;0;0;0;0;0;0;0;0;0;0;0;0;0;0;0;0;0;0;0;0;0;0;0;0;0;0;0;0;0;0;1;1;1;1;1;1;1;1;1;1;1;1;1;1;1;1;1;1;1;0;0;0;0;0;0;0;0;0;0.0004;0.088;-0.0884;0;0;0;0;0;0;0;0;0;0;0;0;0;0;0;0;0;0;0;-8.6;0;0;0;0;0.0004;0;0;0;0;0;0;0;-0.0004;-0.0884;0;0;0;0;0;0;0;0;0;-0.7452;0;0.7452;1;1;0;0;0;0
06/08/21 07:00;7.1708;-63.921;72.378;7.9736;11.686;-90;-11.686;27.993;27.399;0.5938;8.8998;3.86;0;1.44;27.018;0.2377;0;0.0464;28.742;0;28.742;1.44;0.2377;27.018;0.0464;0.0501;0.9416;0;0.0016;28.451;0.2913;0;0;0.2527;0.0385;27.095;1.2989;0.2002;0.033;1.0639;0.0018;28.394;0.0569;0.0029;0.0005;0.0535;0;27.104;1.2369;0.2041;25.648;0.0061;16.271;13.603;4.0835;0.0141;0.1582;2.2761;0.0089;2.4202;0;1;0;0;1.0268;0.9899;1;1;0.9906;0.1699;0.9543;0.8607;1;0.9602;0.7755;0.998;0.998;1;0.998;0.998;0.9427;0.9493;0.1315;0.0818;0.0821;0.0005;0.0101;-0.0044;0.0005;0.0019;0.0004;0;0;0.088;-0.0204;0;0;0;0;0;0;0;0;0;0;0;0;0.0015;0.0001;0.0715;0.0715;0;10.241;10.241;1.341;0.0495;68.402;1045.8;1;0.0039;0.0039;0;0;0;0;0;0;0.0676;-0.0204;0;16.446;19.044;-4.6853;-5.4255;94.526;94.526;0.6898;0.6033;-0.1719;0.0865;0.7751;0.1255;1.1237;0;16.268;0;0
06/08/21 08:00;17.675;-53.856;42.577;21.535;41.369;-90;-41.369;75.697;74.302;1.3942;9.0999;4.1599;0;3.3812;64.807;0.6221;0;1.5111;70.322;0;70.322;3.3812;0.6221;64.807;1.5111;0.0481;0.9431;0;0.0215;64.209;6.113;0;0;4.7291;1.3839;62.092;1.9881;0.0283;0.0052;1.9443;0.0103;64.08;0.1284;0.0068;0.0012;0.1202;0.0003;62.644;3.3461;0.6157;58.014;0.1167;46.712;39.051;12.953;2.9634;0.5643;8.1175;0.5516;5.7184;0;1;0;0;0.929;0.9131;1;1;0.927;0.0842;0.969;0.9916;1;0.9676;0.919;0.998;0.998;1;0.998;0.998;0.883;0.8952;0.0772;0.2001;0.1955;0.0012;0.0146;-0.0092;0.0013;0.0047;0.0015;0;0;0.088;0.0829;0;0;0;0;0;0;0;0;0;0;0;0;0.0038;0.0002;0.1774;0.1774;0;12.144;12.144;3.0446;0.049;165.32;1073;1;0.0064;0.0064;0;0;0;0;0;0;0.1709;0.0829;0;16.668;19.301;7.7943;9.0256;96.372;96.372;1.6877;1.4959;0.6995;0.1918;0.7964;0.1137;0.4719;0.4145;46.704;0.3815;0
06/08/21 09:00;26.78;-41.816;41.71;37.124;52.876;-90;-52.876;154.69;149;5.6977;9.54;4.89;0;9.4405;118.33;2.3473;0;4.9064;135.02;0;135.02;9.4405;2.3473;118.33;4.9064;0.0699;0.9127;0;0.0363;118.11;16.911;0;0;12.342;4.5689;114.2;3.6679;0.0743;0.0185;3.5614;0.0137;117.87;0.2362;0.0189;0.0047;0.212;0.0007;116.21;9.3474;2.3242;102.21;0.3231;97.438;81.458;28.278;12.65;1.5157;21.802;2.0079;10.668;0;1;0;0;0.8728;0.8747;1;1;0.8957;0.0688;0.9689;0.9921;1;0.9663;0.9593;0.998;0.998;1;0.998;0.998;0.8458;0.8638;0.0659;0.3843;0.3762;0.0023;0.0171;-0.0134;0.0026;0.0092;0.0041;0;0;0.088;0.2505;0;0;0;0;0;0;0;0;0;0;0;0;0.0074;0.0005;0.3464;0.3464;0;15.117;15.117;5.5774;0.0488;319.58;1084;1;0.008;0.008;0;0;0;0;0;0;0.3385;0.2505;0;16.955;19.633;12.258;14.195;97.701;97.701;3.2405;2.9215;2.1123;0.3189;0.8093;0.0984;0.2497;0.6518;95.16;0.5815;0
06/08/21 10:00;33.753;-27.234;47.669;55.597;34.403;-90;-34.403;435.9;183.3;252.59;9.8797;5.2501;0;306.14;110.09;75.94;0;6.0997;498.28;0;498.28;306.14;75.94;110.09;6.0997;0.6144;0.2332;0;0.0122;486.8;11.482;0;0;6.0477;5.4339;478.03;7.787;3.4739;0.8617;3.3562;0.0951;485.82;0.9736;0.6123;0.1519;0.2081;0.0013;479.83;302.06;74.926;100.48;0.5694;233.41;195.13;63.474;2.675;2.1122;30.383;1.7902;29.82;0;1;0;0;1.1431;0.977;1;1;0.9451;0.1092;0.984;0.9886;1;0.9677;0.8569;0.998;0.998;1;0.998;0.998;0.9594;0.9127;0.0933;1.4181;1.4337;0.0086;0.006;0.042;0.0096;0.0342;0.0055;0;0;0.088;1.1863;0;0;0;0;0;0;0;0;0;0;0;0;0.0275;0.0051;1.295;1.295;0;33.328;33.328;23.448;0.0491;1231.9;1051.2;1;0.0206;0.0206;0;0;0;0;0;0;1.2743;1.1863;0;17.173;19.886;15.733;18.218;98.406;98.406;11.959;10.921;10.004;1.038;0.9162;0.0868;0.0766;0.8366;74.929;0.8001;0
06/08/21 11:00;37.708;-10.179;51.141;77.125;12.876;-90;-12.876;305.7;265.5;40.198;10.85;5.37;0;41.235;249.21;13.458;0;0.6149;304.51;0;304.51;41.235;13.458;249.21;0.6149;0.1354;0.8204;0;0.002;301.26;3.2548;0;0;2.7443;0.5104;290.26;10.398;0.577;0.1883;9.6093;0.0234;300.66;0.6025;0.0825;0.0269;0.4929;0.0002;290.39;40.575;13.243;236.36;0.0809;181.46;151.7;46.063;0.1861;1.7324;24.92;0.1291;26.466;0;1;0;0;0.9961;0.9893;1;1;0.989;0.1699;0.9654;0.986;1;0.9609;0.7756;0.998;0.998;1;0.998;0.998;0.9532;0.9485;0.1315;0.8666;0.8807;0.0053;0.0138;0.0001;0.006;0.0214;0.0046;0;0;0.088;0.7085;0;0;0;0;0;0;0;0;0;0;0;0;0.0172;0.0021;0.8102;0.8102;0;25.032;25.032;14.181;0.0489;753.08;1075.8;1;0.0137;0.0137;0;0;0;0;0;0;0.7965;0.7085;0;17.58;20.358;15.374;17.803;98.311;98.311;7.3083;6.8322;5.9747;0.4762;0.8575;0.0652;0.1173;0.8175;150.58;0.7703;0
06/08/21 12:00;37.938;8.0464;51.345;79.82;10.18;90;10.18;228.3;219.7;8.6003;10.74;5.4101;0;8.7378;215.68;2.3478;0;0.2875;227.05;0;227.05;8.7378;2.3478;215.68;0.2875;0.0385;0.9512;0;0.0013;225.2;1.8469;0;0;1.6076;0.2392;215.88;8.8776;0.1246;0.0335;8.7088;0.0108;224.75;0.4504;0.0175;0.0047;0.4281;0.0001;215.93;8.5958;2.3096;204.93;0.0373;135.71;113.45;34.092;0.067;1.3141;18.903;0.0515;20.15;0;1;0;0;0.9945;0.9919;1;1;0.9925;0.1679;0.9605;0.9857;1;0.9592;0.7749;0.998;0.998;1;0.998;0.998;0.9508;0.9502;0.1298;0.6462;0.6557;0.0039;0.0163;-0.0087;0.0045;0.016;0.0035;0;0;0.088;0.5071;0;0;0;0;0;0;0;0;0;0;0;0;0.0129;0.0013;0.606;0.606;0;21.278;21.278;10.538;0.0488;560.37;1081.4;1;0.0108;0.0108;0;0;0;0;0;0;0.5951;0.5071;0;17.636;20.422;14.759;17.091;98.21;98.21;5.4492;5.1103;4.2767;0.339;0.8336;0.0622;0.153;0.7848;129.34;0.7388;0
06/08/21 13:00;34.395;25.334;48.228;57.994;32.006;90;32.006;198.49;192.8;5.691;11.72;5.3399;0;6.7112;176.8;1.7222;0;2.4138;187.64;0;187.64;6.7112;1.7222;176.8;2.4138;0.0358;0.9551;0;0.0129;176.81;10.83;0;0;8.6934;2.1364;170.88;5.5837;0.0783;0.0201;5.4397;0.0456;176.46;0.3536;0.0134;0.0034;0.3362;0.0006;171.67;6.6194;1.6987;162.33;0.2313;121.89;101.9;32.49;3.3489;1.2725;18.305;0.7926;16.228;0;1;0;0;0.9454;0.9423;1;1;0.9508;0.1149;0.9684;0.9883;1;0.9676;0.8355;0.998;0.998;1;0.998;0.998;0.9106;0.9182;0.0958;0.534;0.5278;0.0032;0.0171;-0.0093;0.0036;0.0128;0.0034;0;0;0.088;0.3884;0;0;0;0;0;0;0;0;0;0;0;0;0.0103;0.0009;0.4858;0.4858;0;20.069;20.069;8.3488;0.0489;450.55;1078.3;1;0.0094;0.0094;0;0;0;0;0;0;0.4764;0.3884;0;17.109;19.811;13.679;15.84;98.069;98.069;4.5035;4.097;3.2758;0.4064;0.8212;0.0902;0.1824;0.7274;118.19;0.6779;0
06/08/21 14:00;27.731;40.232;42.512;39.144;50.856;90;50.856;247.6;215.2;32.404;11.94;5.07;0;51.332;166.33;17.849;0;7.3039;242.82;0;242.82;51.332;17.849;166.33;7.3039;0.2114;0.7151;0;0.0301;219.54;23.28;0;0;16.452;6.8275;213.52;5.5804;0.428;0.1488;4.9834;0.0202;219.1;0.4391;0.1027;0.0357;0.2998;0.001;216.28;50.801;17.665;144.6;0.4552;146.27;122.28;41.628;15.52;2.1033;30.254;2.7614;16.838;0;1;0;0;0.9807;0.9041;1;1;0.9011;0.0652;0.9745;0.9916;1;0.9667;0.9575;0.998;0.998;1;0.998;0.998;0.8793;0.8693;0.0623;0.691;0.6794;0.0041;0.016;-0.0064;0.0047;0.0165;0.0056;0;0;0.088;0.5251;0;0;0;0;0;0;0;0;0;0;0;0;0.0133;0.0013;0.6241;0.6241;0;22.373;22.373;10.433;0.0489;579.83;1076.4;1;0.0111;0.0111;0;0;0;0;0;0;0.6131;0.5251;0;16.985;19.669;14.29;16.547;98.229;98.229;5.8276;5.2635;4.4282;0.5641;0.8353;0.0968;0.1433;0.7599;130.99;0.695;0
06/08/21 15:00;18.837;52.549;38.459;23.254;49.987;90;49.987;120.29;117;3.2929;11.55;3.63;0;7.9862;95.377;2.176;0;3.436;108.98;0;108.98;7.9862;2.176;95.377;3.436;0.0733;0.9067;0;0.0315;96.565;12.41;0;0;9.2008;3.2094;93.447;2.9244;0.0477;0.013;2.8538;0.0099;96.372;0.1931;0.016;0.0044;0.1724;0.0005;94.803;7.9225;2.1586;83.15;0.2163;74.475;62.261;21.412;8.3809;1.0879;15.649;1.3555;8.3558;0;1;0;0;0.9059;0.8861;1;1;0.9035;0.066;0.9697;0.994;1;0.9668;0.9562;0.998;0.998;1;0.998;0.998;0.8575;0.8718;0.0629;0.3101;0.3026;0.0018;0.0165;-0.0098;0.0021;0.0073;0.0029;0;0;0.088;0.1804;0;0;0;0;0;0;0;0;0;0;0;0;0.0059;0.0004;0.2755;0.2755;0;16.127;16.127;4.5768;0.049;256.91;1072.3;1;0.0071;0.0071;0;0;0;0;0;0;0.2684;0.1804;0;16.704;19.343;10.936;12.664;97.415;97.415;2.6154;2.3232;1.521;0.2922;0.8022;0.1117;0.3067;0.5816;74.454;0.5251;0
06/08/21 16:00;8.4671;62.811;69.078;9.5008;14.097;90;14.097;31.392;30.998;0.3942;11.4;2.81;0;0.956;30.47;0.1513;0;0.0756;31.653;0;31.653;0.956;0.1513;30.47;0.0756;0.0302;0.965;0;0.0024;31.197;0.4553;0;0;0.3923;0.063;29.875;1.2598;0.0933;0.0148;1.1488;0.0028;31.135;0.0624;0.0019;0.0003;0.0602;0;29.891;0.8607;0.1362;28.868;0.0098;18.486;15.455;4.6562;0.0316;0.1797;2.5847;0.0163;2.7329;0;1;0;0;1.0083;0.9856;1;1;0.9871;0.1673;0.9595;0.9022;1;0.9617;0.775;0.998;0.998;1;0.998;0.998;0.9438;0.9474;0.1294;0.0901;0.0907;0.0005;0.0106;-0.004;0.0006;0.0021;0.0005;0;0;0.088;-0.0133;0;0;0;0;0;0;0;0;0;0;0;0;0.0017;0.0001;0.0787;0.0787;0;12.88;12.88;1.4797;0.0495;75.804;1038.6;1;0.0041;0.0041;0;0;0;0;0;0;0.0747;-0.0133;0;16.436;19.032;-2.7861;-3.2263;94.826;94.826;0.7597;0.6639;-0.1125;0.0957;0.7765;0.126;1.0221;0;18.484;0;0
06/08/21 17:00;1.5777;68.417;86.171;1.6966;2.4211;90;2.4211;0;0;0;10.9;2.66;0;0;0;0;0;0;0;0;0;0;0;0;0;1;1;1;1;0;0;0;0;0;0;0;0;0;0;0;0;0;0;0;0;0;0;0;0;0;0;0;0;0;0;0;0;0;0;0;0;0;0;0;1;1;1;1;1;1;1;1;1;1;1;1;1;1;1;1;1;1;1;0;0;0;0;0;0;0;0;0;0.0004;0.088;-0.0884;0;0;0;0;0;0;0;0;0;0;0;0;0;0;0;0;0;0;0;-10.9;0;0;0;0;0.0004;0;0;0;0;0;0;0;-0.0004;-0.0884;0;0;0;0;0;0;0;0;0;-0.7452;0;0.7452;1;1;0;0;0;0
06/08/21 18:00;0;0;90;0;0;90;0;0;0;0;10.42;2.3701;0;0;0;0;0;0;0;0;0;0;0;0;0;1;1;1;1;0;0;0;0;0;0;0;0;0;0;0;0;0;0;0;0;0;0;0;0;0;0;0;0;0;0;0;0;0;0;0;0;0;0;0;1;1;1;1;1;1;1;1;1;1;1;1;1;1;1;1;1;1;1;0;0;0;0;0;0;0;0;0;0.0004;0.088;-0.0884;0;0;0;0;0;0;0;0;0;0;0;0;0;0;0;0;0;0;0;-10.42;0;0;0;0;0.0004;0;0;0;0;0;0;0;-0.0004;-0.0884;0;0;0;0;0;0;0;0;0;-0.7452;0;0.7452;1;1;0;0;0;0
06/08/21 19:00;0;0;90;0;0;90;0;0;0;0;10.2;2.18;0;0;0;0;0;0;0;0;0;0;0;0;0;1;1;1;1;0;0;0;0;0;0;0;0;0;0;0;0;0;0;0;0;0;0;0;0;0;0;0;0;0;0;0;0;0;0;0;0;0;0;0;1;1;1;1;1;1;1;1;1;1;1;1;1;1;1;1;1;1;1;0;0;0;0;0;0;0;0;0;0.0004;0.088;-0.0884;0;0;0;0;0;0;0;0;0;0;0;0;0;0;0;0;0;0;0;-10.2;0;0;0;0;0.0004;0;0;0;0;0;0;0;-0.0004;-0.0884;0;0;0;0;0;0;0;0;0;-0.7452;0;0.7452;1;1;0;0;0;0
06/08/21 20:00;0;0;90;0;0;90;0;0;0;0;10;2.1;0;0;0;0;0;0;0;0;0;0;0;0;0;1;1;1;1;0;0;0;0;0;0;0;0;0;0;0;0;0;0;0;0;0;0;0;0;0;0;0;0;0;0;0;0;0;0;0;0;0;0;0;1;1;1;1;1;1;1;1;1;1;1;1;1;1;1;1;1;1;1;0;0;0;0;0;0;0;0;0;0.0004;0.088;-0.0884;0;0;0;0;0;0;0;0;0;0;0;0;0;0;0;0;0;0;0;-10;0;0;0;0;0.0004;0;0;0;0;0;0;0;-0.0004;-0.0884;0;0;0;0;0;0;0;0;0;-0.7452;0;0.7452;1;1;0;0;0;0
06/08/21 21:00;0;0;90;0;0;90;0;0;0;0;9.7002;2.0701;0;0;0;0;0;0;0;0;0;0;0;0;0;1;1;1;1;0;0;0;0;0;0;0;0;0;0;0;0;0;0;0;0;0;0;0;0;0;0;0;0;0;0;0;0;0;0;0;0;0;0;0;1;1;1;1;1;1;1;1;1;1;1;1;1;1;1;1;1;1;1;0;0;0;0;0;0;0;0;0;0.0004;0.088;-0.0884;0;0;0;0;0;0;0;0;0;0;0;0;0;0;0;0;0;0;0;-9.7002;0;0;0;0;0.0004;0;0;0;0;0;0;0;-0.0004;-0.0884;0;0;0;0;0;0;0;0;0;-0.7452;0;0.7452;1;1;0;0;0;0
06/08/21 22:00;0;0;90;0;0;90;0;0;0;0;9.7301;2.0601;0;0;0;0;0;0;0;0;0;0;0;0;0;1;1;1;1;0;0;0;0;0;0;0;0;0;0;0;0;0;0;0;0;0;0;0;0;0;0;0;0;0;0;0;0;0;0;0;0;0;0;0;1;1;1;1;1;1;1;1;1;1;1;1;1;1;1;1;1;1;1;0;0;0;0;0;0;0;0;0;0.0004;0.088;-0.0884;0;0;0;0;0;0;0;0;0;0;0;0;0;0;0;0;0;0;0;-9.7301;0;0;0;0;0.0004;0;0;0;0;0;0;0;-0.0004;-0.0884;0;0;0;0;0;0;0;0;0;-0.7452;0;0.7452;1;1;0;0;0;0
06/08/21 23:00;0;0;90;0;0;90;0;0;0;0;9.7999;2.05;0;0;0;0;0;0;0;0;0;0;0;0;0;1;1;1;1;0;0;0;0;0;0;0;0;0;0;0;0;0;0;0;0;0;0;0;0;0;0;0;0;0;0;0;0;0;0;0;0;0;0;0;1;1;1;1;1;1;1;1;1;1;1;1;1;1;1;1;1;1;1;0;0;0;0;0;0;0;0;0;0.0004;0.088;-0.0884;0;0;0;0;0;0;0;0;0;0;0;0;0;0;0;0;0;0;0;-9.7999;0;0;0;0;0.0004;0;0;0;0;0;0;0;-0.0004;-0.0884;0;0;0;0;0;0;0;0;0;-0.7452;0;0.7452;1;1;0;0;0;0
07/08/21 00:00;0;0;90;0;0;90;0;0;0;0;9.6703;2.0899;0;0;0;0;0;0;0;0;0;0;0;0;0;1;1;1;1;0;0;0;0;0;0;0;0;0;0;0;0;0;0;0;0;0;0;0;0;0;0;0;0;0;0;0;0;0;0;0;0;0;0;0;1;1;1;1;1;1;1;1;1;1;1;1;1;1;1;1;1;1;1;0;0;0;0;0;0;0;0;0;0.0004;0.088;-0.0884;0;0;0;0;0;0;0;0;0;0;0;0;0;0;0;0;0;0;0;-9.6703;0;0;0;0;0.0004;0;0;0;0;0;0;0;-0.0004;-0.0884;0;0;0;0;0;0;0;0;0;-0.7452;0;0.7452;1;1;0;0;0;0
07/08/21 01:00;0;0;90;0;0;90;0;0;0;0;9.2003;2.1501;0;0;0;0;0;0;0;0;0;0;0;0;0;1;1;1;1;0;0;0;0;0;0;0;0;0;0;0;0;0;0;0;0;0;0;0;0;0;0;0;0;0;0;0;0;0;0;0;0;0;0;0;1;1;1;1;1;1;1;1;1;1;1;1;1;1;1;1;1;1;1;0;0;0;0;0;0;0;0;0;0.0004;0.088;-0.0884;0;0;0;0;0;0;0;0;0;0;0;0;0;0;0;0;0;0;0;-9.2003;0;0;0;0;0.0004;0;0;0;0;0;0;0;-0.0004;-0.0884;0;0;0;0;0;0;0;0;0;-0.7452;0;0.7452;1;1;0;0;0;0
07/08/21 02:00;0;0;90;0;0;90;0;0;0;0;8.8998;2.2201;0;0;0;0;0;0;0;0;0;0;0;0;0;1;1;1;1;0;0;0;0;0;0;0;0;0;0;0;0;0;0;0;0;0;0;0;0;0;0;0;0;0;0;0;0;0;0;0;0;0;0;0;1;1;1;1;1;1;1;1;1;1;1;1;1;1;1;1;1;1;1;0;0;0;0;0;0;0;0;0;0.0004;0.088;-0.0884;0;0;0;0;0;0;0;0;0;0;0;0;0;0;0;0;0;0;0;-8.8998;0;0;0;0;0.0004;0;0;0;0;0;0;0;-0.0004;-0.0884;0;0;0;0;0;0;0;0;0;-0.7452;0;0.7452;1;1;0;0;0;0
07/08/21 03:00;0;0;90;0;0;90;0;0;0;0;9.0201;2.2399;0;0;0;0;0;0;0;0;0;0;0;0;0;1;1;1;1;0;0;0;0;0;0;0;0;0;0;0;0;0;0;0;0;0;0;0;0;0;0;0;0;0;0;0;0;0;0;0;0;0;0;0;1;1;1;1;1;1;1;1;1;1;1;1;1;1;1;1;1;1;1;0;0;0;0;0;0;0;0;0;0.0004;0.088;-0.0884;0;0;0;0;0;0;0;0;0;0;0;0;0;0;0;0;0;0;0;-9.0201;0;0;0;0;0.0004;0;0;0;0;0;0;0;-0.0004;-0.0884;0;0;0;0;0;0;0;0;0;-0.7452;0;0.7452;1;1;0;0;0;0
07/08/21 04:00;0;0;90;0;0;90;0;0;0;0;9.3997;2.2301;0;0;0;0;0;0;0;0;0;0;0;0;0;1;1;1;1;0;0;0;0;0;0;0;0;0;0;0;0;0;0;0;0;0;0;0;0;0;0;0;0;0;0;0;0;0;0;0;0;0;0;0;1;1;1;1;1;1;1;1;1;1;1;1;1;1;1;1;1;1;1;0;0;0;0;0;0;0;0;0;0.0004;0.088;-0.0884;0;0;0;0;0;0;0;0;0;0;0;0;0;0;0;0;0;0;0;-9.3997;0;0;0;0;0.0004;0;0;0;0;0;0;0;-0.0004;-0.0884;0;0;0;0;0;0;0;0;0;-0.7452;0;0.7452;1;1;0;0;0;0
07/08/21 05:00;0;0;90;0;0;90;0;0;0;0;9.2003;2.18;0;0;0;0;0;0;0;0;0;0;0;0;0;1;1;1;1;0;0;0;0;0;0;0;0;0;0;0;0;0;0;0;0;0;0;0;0;0;0;0;0;0;0;0;0;0;0;0;0;0;0;0;1;1;1;1;1;1;1;1;1;1;1;1;1;1;1;1;1;1;1;0;0;0;0;0;0;0;0;0;0.0004;0.088;-0.0884;0;0;0;0;0;0;0;0;0;0;0;0;0;0;0;0;0;0;0;-9.2003;0;0;0;0;0.0004;0;0;0;0;0;0;0;-0.0004;-0.0884;0;0;0;0;0;0;0;0;0;-0.7452;0;0.7452;1;1;0;0;0;0
07/08/21 06:00;0.9854;-69.22;87.609;1.054;1.5029;-90;-1.5029;0;0;0;8.8001;2.7199;0;0;0;0;0;0;0;0;0;0;0;0;0;1;1;1;1;0;0;0;0;0;0;0;0;0;0;0;0;0;0;0;0;0;0;0;0;0;0;0;0;0;0;0;0;0;0;0;0;0;0;0;1;1;1;1;1;1;1;1;1;1;1;1;1;1;1;1;1;1;1;0;0;0;0;0;0;0;0;0;0.0004;0.088;-0.0884;0;0;0;0;0;0;0;0;0;0;0;0;0;0;0;0;0;0;0;-8.8001;0;0;0;0;0.0004;0;0;0;0;0;0;0;-0.0004;-0.0884;0;0;0;0;0;0;0;0;0;-0.7452;0;0.7452;1;1;0;0;0;0
07/08/21 07:00;7.3681;-64.122;71.879;8.1788;12.005;-90;-12.005;29.79;29.202;0.5881;9.0002;3.08;0;1.4262;28.783;0.2441;0;0.0521;30.506;0;30.506;1.4262;0.2441;28.783;0.0521;0.0468;0.9452;0;0.0017;30.181;0.325;0;0;0.2817;0.0433;28.771;1.3492;0.188;0.0322;1.1271;0.002;30.12;0.0604;0.0029;0.0005;0.057;0;28.781;1.2354;0.2114;27.318;0.0069;17.35;14.505;4.3561;0.0166;0.1687;2.4267;0.0102;2.5788;0;1;0;0;1.024;0.9893;1;1;0.9902;0.1699;0.9552;0.8679;1;0.9604;0.7755;0.998;0.998;1;0.998;0.998;0.9431;0.9491;0.1315;0.0868;0.0872;0.0005;0.0104;-0.0046;0.0006;0.002;0.0004;0;0;0.088;-0.0158;0;0;0;0;0;0;0;0;0;0;0;0;0.0016;0.0001;0.0762;0.0762;0;10.423;10.423;1.4229;0.0495;72.768;1047.7;1;0.0041;0.0041;0;0;0;0;0;0;0.0722;-0.0158;0;16.514;19.123;-3.4265;-3.9678;94.681;94.681;0.7321;0.6429;-0.1334;0.0892;0.7763;0.1219;1.0603;0;17.347;0;0
07/08/21 08:00;17.894;-54.041;41.825;21.747;42.224;-90;-42.224;96.696;93.5;3.1965;9.5998;3.88;0;7.7524;80.733;1.7732;0;2.0073;92.266;0;92.266;7.7524;1.7732;80.733;2.0073;0.084;0.8968;0;0.0218;84.353;7.9124;0;0;6.0704;1.842;81.678;2.5067;0.0615;0.0141;2.4186;0.0125;84.185;0.1687;0.0155;0.0035;0.1493;0.0003;82.404;7.6754;1.7556;72.094;0.1525;58.632;49.016;16.315;3.9603;0.7202;10.36;0.726;7.1198;0;1;0;0;0.9542;0.9142;1;1;0.9248;0.0824;0.9702;0.992;1;0.9675;0.9243;0.998;0.998;1;0.998;0.998;0.8852;0.893;0.076;0.2626;0.2565;0.0015;0.0159;-0.0106;0.0017;0.0062;0.0019;0;0;0.088;0.1397;0;0;0;0;0;0;0;0;0;0;0;0;0.005;0.0003;0.2346;0.2346;0;13.597;13.597;3.9976;0.0489;217.64;1077.8;1;0.0069;0.0069;0;0;0;0;0;0;0.2277;0.1397;0;16.799;19.453;10.003;11.583;97.063;97.063;2.2144;1.9781;1.1779;0.2363;0.8002;0.1067;0.3614;0.5319;58.612;0.4907;0
07/08/21 09:00;27.023;-41.973;41.475;37.33;52.67;-90;-52.67;218.01;188.3;29.71;10;4.99;0;48.994;143.81;15.262;0;6.8646;214.93;0;214.93;48.994;15.262;143.81;6.8646;0.228;0.701;0;0.0319;193.62;21.307;0;0;14.916;6.3917;188.39;4.8423;0.3788;0.118;4.3263;0.0192;193.23;0.3872;0.098;0.0305;0.2578;0.0009;191;48.517;15.113;124.31;0.4528;128;107.01;36.737;15.165;1.9235;27.669;2.6091;14.427;0;1;0;0;0.9859;0.9009;1;1;0.8963;0.0689;0.9749;0.9923;1;0.9664;0.9594;0.998;0.998;1;0.998;0.998;0.8765;0.8644;0.066;0.6117;0.6019;0.0036;0.0167;-0.0125;0.0042;0.0147;0.0052;0;0;0.088;0.4588;0;0;0;0;0;0;0;0;0;0;0;0;0.0119;0.0011;0.557;0.557;0;19.19;19.19;9.1901;0.0488;513.31;1085.1;1;0.0102;0.0102;0;0;0;0;0;0;0.5468;0.4588;0;17.125;19.831;14.106;16.334;98.168;98.168;5.1582;4.6973;3.8691;0.4609;0.8282;0.0894;0.1605;0.7501;115.4;0.6842;0
07/08/21 10:00;34.02;-27.34;47.414;55.769;34.231;-90;-34.231;294.8;243.8;50.996;10.98;5.2599;0;61.68;207.43;20.203;0;4.0852;293.4;0;293.4;61.68;20.203;207.43;4.0852;0.2102;0.7209;0;0.0139;278.46;14.941;0;0;11.305;3.6364;270.59;7.3091;0.6907;0.2262;6.3274;0.0647;277.9;0.5569;0.1234;0.0404;0.3922;0.0009;271.92;60.866;19.936;189.4;0.3832;175.09;146.38;47.228;4.9518;1.8011;25.907;1.3306;22.757;0;1;0;0;0.9953;0.9491;1;1;0.9455;0.1099;0.9737;0.9888;1;0.9677;0.8555;0.998;0.998;1;0.998;0.998;0.9223;0.9131;0.0938;0.835;0.8299;0.005;0.0144;-0.0024;0.0057;0.0202;0.0048;0;0;0.088;0.6629;0;0;0;0;0;0;0;0;0;0;0;0;0.0163;0.0019;0.764;0.764;0;24.198;24.198;13.218;0.0488;709.38;1077;1;0.013;0.013;0;0;0;0;0;0;0.7509;0.6629;0;17.207;19.925;14.931;17.29;98.293;98.293;7.0415;6.4427;5.5906;0.5988;0.8521;0.085;0.121;0.7939;140.99;0.7447;0
07/08/21 11:00;37.988;-10.203;50.867;77.22;12.78;-90;-12.78;317.69;270.5;47.19;11.61;5.3301;0;48.388;251.76;15.984;0;0.6296;316.76;0;316.76;48.388;15.984;251.76;0.6296;0.1528;0.7968;0;0.002;313.5;3.2604;0;0;2.7377;0.5226;302.24;10.627;0.6609;0.2183;9.7242;0.024;312.87;0.627;0.0968;0.032;0.498;0.0002;302.38;47.631;15.734;238.8;0.0828;188.44;157.54;47.893;0.183;1.7947;25.816;0.1318;27.428;0;1;0;0;0.9971;0.9897;1;1;0.9891;0.1699;0.966;0.9863;1;0.9609;0.7756;0.998;0.998;1;0.998;0.998;0.9542;0.9485;0.1315;0.9015;0.9168;0.0055;0.0133;0.0045;0.0063;0.0222;0.0048;0;0;0.088;0.7381;0;0;0;0;0;0;0;0;0;0;0;0;0.0179;0.0023;0.8401;0.8401;0;26.39;26.39;14.78;0.0489;784.13;1071.4;1;0.0141;0.0141;0;0;0;0;0;0;0.8261;0.7381;0;17.526;20.295;15.397;17.829;98.327;98.327;7.6022;7.0849;6.2242;0.5173;0.8606;0.068;0.1132;0.8187;152.08;0.7717;0
07/08/21 12:00;38.212;8.1183;51.064;79.831;10.169;90;10.169;196.69;192.2;4.4924;11.83;5.4199;0;4.5641;189.65;1.0659;0;0.2472;195.53;0;195.53;4.5641;1.0659;189.65;0.2472;0.0233;0.9712;0;0.0013;193.91;1.6169;0;0;1.4112;0.2057;185.78;7.7467;0.0634;0.0148;7.6591;0.0093;193.52;0.3878;0.0091;0.0021;0.3765;0.0001;185.82;4.4915;1.049;180.2;0.0321;116.96;97.78;29.346;0.0587;1.1351;16.328;0.0441;17.404;0;1;0;0;0.9941;0.9917;1;1;0.9926;0.1679;0.96;0.9861;1;0.9592;0.7749;0.998;0.998;1;0.998;0.998;0.9501;0.9502;0.1298;0.5565;0.5644;0.0034;0.0169;-0.0083;0.0039;0.0137;0.003;0;0;0.088;0.4219;0;0;0;0;0;0;0;0;0;0;0;0;0.011;0.001;0.5197;0.5197;0;20.907;20.907;9.0767;0.0489;482.15;1077.8;1;0.0097;0.0097;0;0;0;0;0;0;0.5099;0.4219;0;17.563;20.337;14.26;16.513;98.127;98.127;4.6927;4.3825;3.5583;0.3101;0.8242;0.0661;0.1756;0.7583;113.73;0.7137;0
07/08/21 13:00;34.647;25.484;47.956;58.094;31.907;90;31.907;92.203;91.198;1.0052;11.5;5.55;0;1.1841;84.197;0.1428;0;1.1145;86.638;0;86.638;1.1841;0.1428;84.197;1.1145;0.0137;0.9847;0;0.0129;81.532;5.1056;0;0;4.1197;0.9859;78.741;2.6282;0.0136;0.0016;2.5918;0.0212;81.369;0.1631;0.0024;0.0003;0.1602;0.0003;79.104;1.1681;0.1408;77.325;0.1071;56.829;47.509;15.209;1.5778;0.5905;8.4935;0.3632;7.5062;0;1;0;0;0.9396;0.9411;1;1;0.9511;0.1153;0.9677;0.9885;1;0.9676;0.8348;0.998;0.998;1;0.998;0.998;0.9089;0.9184;0.0961;0.2466;0.2433;0.0015;0.0157;-0.0086;0.0016;0.0058;0.0016;0;0;0.088;0.1261;0;0;0;0;0;0;0;0;0;0;0;0;0.0047;0.0003;0.2208;0.2208;0;15.361;15.361;3.8611;0.049;206.55;1068.8;1;0.0067;0.0067;0;0;0;0;0;0;0.2141;0.1261;0;16.837;19.497;9.6143;11.133;96.965;96.965;2.0793;1.8616;1.063;0.2177;0.7986;0.1047;0.3841;0.5112;56.247;0.4763;0
07/08/21 14:00;27.952;40.428;42.254;39.292;50.708;90;50.708;106.21;104.7;1.5078;11.27;5.38;0;2.381;85.296;0.3998;0;3.116;91.193;0;91.193;2.381;0.3998;85.296;3.116;0.0261;0.9695;0;0.0342;79.879;11.314;0;0;8.4012;2.9124;77.133;2.5864;0.0195;0.0033;2.5549;0.0087;79.72;0.1598;0.0048;0.0008;0.1538;0.0004;78.394;2.3568;0.3957;74.186;0.1945;67.69;56.589;19.59;7.8782;0.9974;14.347;1.2606;7.466;0;1;0;0;0.8586;0.8759;1;1;0.9015;0.0653;0.9676;0.9918;1;0.9667;0.9573;0.998;0.998;1;0.998;0.998;0.8458;0.8697;0.0624;0.2595;0.253;0.0015;0.0159;-0.0092;0.0017;0.0061;0.0026;0;0;0.088;0.1345;0;0;0;0;0;0;0;0;0;0;0;0;0.0049;0.0003;0.2292;0.2292;0;15.052;15.052;3.7821;0.049;214.36;1069.3;1;0.0068;0.0068;0;0;0;0;0;0;0.2225;0.1345;0;16.609;19.233;9.7425;11.282;97.049;97.049;2.1886;1.933;1.1338;0.2556;0.7992;0.1168;0.3651;0.5181;67.07;0.4635;0
07/08/21 15:00;19.027;52.767;37.753;23.419;51.143;90;51.143;121.6;118.2;3.4045;11.2;4.1401;0;8.257;95.422;2.2501;0;3.6249;109.55;0;109.55;8.257;2.2501;95.422;3.6249;0.0754;0.9041;0;0.0331;96.649;12.905;0;0;9.5157;3.3893;93.527;2.9286;0.0459;0.0125;2.8603;0.0099;96.456;0.1933;0.0165;0.0045;0.1718;0.0005;94.971;8.1945;2.2331;82.874;0.2252;75.385;63.022;21.784;9.0795;1.1328;16.294;1.4436;8.3475;0;1;0;0;0.9009;0.8822;1;1;0.9003;0.065;0.9696;0.9944;1;0.9666;0.9578;0.998;0.998;1;0.998;0.998;0.8537;0.8685;0.0621;0.3118;0.3044;0.0018;0.0166;-0.0102;0.0021;0.0074;0.003;0;0;0.088;0.1823;0;0;0;0;0;0;0;0;0;0;0;0;0.0059;0.0004;0.2774;0.2774;0;15.779;15.779;4.5794;0.049;258.36;1073.8;1;0.0072;0.0072;0;0;0;0;0;0;0.2703;0.1823;0;16.733;19.377;10.994;12.731;97.422;97.422;2.6293;2.3395;1.5371;0.2898;0.8024;0.1102;0.3052;0.5846;75.364;0.526;0
07/08/21 16:00;8.6315;63.041;68.655;9.665;14.362;90;14.362;55.498;54.4;1.0982;10.7;3.1999;0;2.6634;53.255;0.7256;0;0.1388;56.783;0;56.783;2.6634;0.7256;53.255;0.1388;0.0469;0.9403;0;0.0024;55.96;0.8231;0;0;0.7076;0.1156;53.529;2.3189;0.2481;0.0676;1.998;0.0052;55.848;0.1119;0.0053;0.0015;0.1051;0;53.559;2.41;0.6566;50.444;0.0179;32.343;27.038;8.1503;0.059;0.3143;4.5218;0.03;4.7771;0;1;0;0;1.0232;0.9855;1;1;0.9867;0.1672;0.9585;0.9067;1;0.9619;0.775;0.998;0.998;1;0.998;0.998;0.9427;0.9472;0.1293;0.1616;0.1623;0.001;0.0137;-0.0069;0.0011;0.0038;0.0008;0;0;0.088;0.0515;0;0;0;0;0;0;0;0;0;0;0;0;0.0031;0.0001;0.1456;0.1456;0;13.332;13.332;2.6319;0.0492;137.15;1061.7;1;0.0061;0.0061;0;0;0;0;0;0;0.1395;0.0515;0;16.944;19.621;5.9946;6.9416;95.816;95.816;1.3628;1.2279;0.4344;0.1349;0.7935;0.099;0.5823;0.3188;32.336;0.3008;0
07/08/21 17:00;1.5389;68.799;86.265;1.6506;2.3553;90;2.3553;0;0;0;9.9402;3.07;0;0;0;0;0;0;0;0;0;0;0;0;0;1;1;1;1;0;0;0;0;0;0;0;0;0;0;0;0;0;0;0;0;0;0;0;0;0;0;0;0;0;0;0;0;0;0;0;0;0;0;0;1;1;1;1;1;1;1;1;1;1;1;1;1;1;1;1;1;1;1;0;0;0;0;0;0;0;0;0;0.0004;0.088;-0.0884;0;0;0;0;0;0;0;0;0;0;0;0;0;0;0;0;0;0;0;-9.9402;0;0;0;0;0.0004;0;0;0;0;0;0;0;-0.0004;-0.0884;0;0;0;0;0;0;0;0;0;-0.7452;0;0.7452;1;1;0;0;0;0
07/08/21 18:00;0;0;90;0;0;90;0;0;0;0;9.2003;2.7701;0;0;0;0;0;0;0;0;0;0;0;0;0;1;1;1;1;0;0;0;0;0;0;0;0;0;0;0;0;0;0;0;0;0;0;0;0;0;0;0;0;0;0;0;0;0;0;0;0;0;0;0;1;1;1;1;1;1;1;1;1;1;1;1;1;1;1;1;1;1;1;0;0;0;0;0;0;0;0;0;0.0004;0.088;-0.0884;0;0;0;0;0;0;0;0;0;0;0;0;0;0;0;0;0;0;0;-9.2003;0;0;0;0;0.0004;0;0;0;0;0;0;0;-0.0004;-0.0884;0;0;0;0;0;0;0;0;0;-0.7452;0;0.7452;1;1;0;0;0;0
07/08/21 19:00;0;0;90;0;0;90;0;0;0;0;8.9802;2.6201;0;0;0;0;0;0;0;0;0;0;0;0;0;1;1;1;1;0;0;0;0;0;0;0;0;0;0;0;0;0;0;0;0;0;0;0;0;0;0;0;0;0;0;0;0;0;0;0;0;0;0;0;1;1;1;1;1;1;1;1;1;1;1;1;1;1;1;1;1;1;1;0;0;0;0;0;0;0;0;0;0.0004;0.088;-0.0884;0;0;0;0;0;0;0;0;0;0;0;0;0;0;0;0;0;0;0;-8.9802;0;0;0;0;0.0004;0;0;0;0;0;0;0;-0.0004;-0.0884;0;0;0;0;0;0;0;0;0;-0.7452;0;0.7452;1;1;0;0;0;0
07/08/21 20:00;0;0;90;0;0;90;0;0;0;0;8.8998;2.57;0;0;0;0;0;0;0;0;0;0;0;0;0;1;1;1;1;0;0;0;0;0;0;0;0;0;0;0;0;0;0;0;0;0;0;0;0;0;0;0;0;0;0;0;0;0;0;0;0;0;0;0;1;1;1;1;1;1;1;1;1;1;1;1;1;1;1;1;1;1;1;0;0;0;0;0;0;0;0;0;0.0004;0.088;-0.0884;0;0;0;0;0;0;0;0;0;0;0;0;0;0;0;0;0;0;0;-8.8998;0;0;0;0;0.0004;0;0;0;0;0;0;0;-0.0004;-0.0884;0;0;0;0;0;0;0;0;0;-0.7452;0;0.7452;1;1;0;0;0;0
07/08/21 21:00;0;0;90;0;0;90;0;0;0;0;6.5798;2.43;0;0;0;0;0;0;0;0;0;0;0;0;0;1;1;1;1;0;0;0;0;0;0;0;0;0;0;0;0;0;0;0;0;0;0;0;0;0;0;0;0;0;0;0;0;0;0;0;0;0;0;0;1;1;1;1;1;1;1;1;1;1;1;1;1;1;1;1;1;1;1;0;0;0;0;0;0;0;0;0;0.0004;0.088;-0.0884;0;0;0;0;0;0;0;0;0;0;0;0;0;0;0;0;0;0;0;-6.5798;0;0;0;0;0.0004;0;0;0;0;0;0;0;-0.0004;-0.0884;0;0;0;0;0;0;0;0;0;-0.7452;0;0.7452;1;1;0;0;0;0
07/08/21 22:00;0;0;90;0;0;90;0;0;0;0;4.6001;2.2399;0;0;0;0;0;0;0;0;0;0;0;0;0;1;1;1;1;0;0;0;0;0;0;0;0;0;0;0;0;0;0;0;0;0;0;0;0;0;0;0;0;0;0;0;0;0;0;0;0;0;0;0;1;1;1;1;1;1;1;1;1;1;1;1;1;1;1;1;1;1;1;0;0;0;0;0;0;0;0;0;0.0004;0.088;-0.0884;0;0;0;0;0;0;0;0;0;0;0;0;0;0;0;0;0;0;0;-4.6001;0;0;0;0;0.0004;0;0;0;0;0;0;0;-0.0004;-0.0884;0;0;0;0;0;0;0;0;0;-0.7452;0;0.7452;1;1;0;0;0;0
07/08/21 23:00;0;0;90;0;0;90;0;0;0;0;3.5598;2.04;0;0;0;0;0;0;0;0;0;0;0;0;0;1;1;1;1;0;0;0;0;0;0;0;0;0;0;0;0;0;0;0;0;0;0;0;0;0;0;0;0;0;0;0;0;0;0;0;0;0;0;0;1;1;1;1;1;1;1;1;1;1;1;1;1;1;1;1;1;1;1;0;0;0;0;0;0;0;0;0;0.0004;0.088;-0.0884;0;0;0;0;0;0;0;0;0;0;0;0;0;0;0;0;0;0;0;-3.5598;0;0;0;0;0.0004;0;0;0;0;0;0;0;-0.0004;-0.0884;0;0;0;0;0;0;0;0;0;-0.7452;0;0.7452;1;1;0;0;0;0
08/08/21 00:00;0;0;90;0;0;90;0;0;0;0;2.4702;1.89;0;0;0;0;0;0;0;0;0;0;0;0;0;1;1;1;1;0;0;0;0;0;0;0;0;0;0;0;0;0;0;0;0;0;0;0;0;0;0;0;0;0;0;0;0;0;0;0;0;0;0;0;1;1;1;1;1;1;1;1;1;1;1;1;1;1;1;1;1;1;1;0;0;0;0;0;0;0;0;0;0.0004;0.088;-0.0884;0;0;0;0;0;0;0;0;0;0;0;0;0;0;0;0;0;0;0;-2.4702;0;0;0;0;0.0004;0;0;0;0;0;0;0;-0.0004;-0.0884;0;0;0;0;0;0;0;0;0;-0.7452;0;0.7452;1;1;0;0;0;0
08/08/21 01:00;0;0;90;0;0;90;0;0;0;0;2.31;1.87;0;0;0;0;0;0;0;0;0;0;0;0;0;1;1;1;1;0;0;0;0;0;0;0;0;0;0;0;0;0;0;0;0;0;0;0;0;0;0;0;0;0;0;0;0;0;0;0;0;0;0;0;1;1;1;1;1;1;1;1;1;1;1;1;1;1;1;1;1;1;1;0;0;0;0;0;0;0;0;0;0.0004;0.088;-0.0884;0;0;0;0;0;0;0;0;0;0;0;0;0;0;0;0;0;0;0;-2.31;0;0;0;0;0.0004;0;0;0;0;0;0;0;-0.0004;-0.0884;0;0;0;0;0;0;0;0;0;-0.7452;0;0.7452;1;1;0;0;0;0
08/08/21 02:00;0;0;90;0;0;90;0;0;0;0;2.0102;1.9001;0;0;0;0;0;0;0;0;0;0;0;0;0;1;1;1;1;0;0;0;0;0;0;0;0;0;0;0;0;0;0;0;0;0;0;0;0;0;0;0;0;0;0;0;0;0;0;0;0;0;0;0;1;1;1;1;1;1;1;1;1;1;1;1;1;1;1;1;1;1;1;0;0;0;0;0;0;0;0;0;0.0004;0.088;-0.0884;0;0;0;0;0;0;0;0;0;0;0;0;0;0;0;0;0;0;0;-2.0102;0;0;0;0;0.0004;0;0;0;0;0;0;0;-0.0004;-0.0884;0;0;0;0;0;0;0;0;0;-0.7452;0;0.7452;1;1;0;0;0;0
08/08/21 03:00;0;0;90;0;0;90;0;0;0;0;1.4398;2.8799;0;0;0;0;0;0;0;0;0;0;0;0;0;1;1;1;1;0;0;0;0;0;0;0;0;0;0;0;0;0;0;0;0;0;0;0;0;0;0;0;0;0;0;0;0;0;0;0;0;0;0;0;1;1;1;1;1;1;1;1;1;1;1;1;1;1;1;1;1;1;1;0;0;0;0;0;0;0;0;0;0.0004;0.088;-0.0884;0;0;0;0;0;0;0;0;0;0;0;0;0;0;0;0;0;0;0;-1.4398;0;0;0;0;0.0004;0;0;0;0;0;0;0;-0.0004;-0.0884;0;0;0;0;0;0;0;0;0;-0.7452;0;0.7452;1;1;0;0;0;0
08/08/21 04:00;0;0;90;0;0;90;0;0;0;0;1.82;3.39;0;0;0;0;0;0;0;0;0;0;0;0;0;1;1;1;1;0;0;0;0;0;0;0;0;0;0;0;0;0;0;0;0;0;0;0;0;0;0;0;0;0;0;0;0;0;0;0;0;0;0;0;1;1;1;1;1;1;1;1;1;1;1;1;1;1;1;1;1;1;1;0;0;0;0;0;0;0;0;0;0.0004;0.088;-0.0884;0;0;0;0;0;0;0;0;0;0;0;0;0;0;0;0;0;0;0;-1.82;0;0;0;0;0.0004;0;0;0;0;0;0;0;-0.0004;-0.0884;0;0;0;0;0;0;0;0;0;-0.7452;0;0.7452;1;1;0;0;0;0
08/08/21 05:00;0;0;90;0;0;90;0;0;0;0;1.9703;3.45;0;0;0;0;0;0;0;0;0;0;0;0;0;1;1;1;1;0;0;0;0;0;0;0;0;0;0;0;0;0;0;0;0;0;0;0;0;0;0;0;0;0;0;0;0;0;0;0;0;0;0;0;1;1;1;1;1;1;1;1;1;1;1;1;1;1;1;1;1;1;1;0;0;0;0;0;0;0;0;0;0.0004;0.088;-0.0884;0;0;0;0;0;0;0;0;0;0;0;0;0;0;0;0;0;0;0;-1.9703;0;0;0;0;0.0004;0;0;0;0;0;0;0;-0.0004;-0.0884;0;0;0;0;0;0;0;0;0;-0.7452;0;0.7452;1;1;0;0;0;0
08/08/21 06:00;0.986;-69.576;87.608;1.0522;1.5003;-90;-1.5003;0;0;0;1.7403;3.62;0;0;0;0;0;0;0;0;0;0;0;0;0;1;1;1;1;0;0;0;0;0;0;0;0;0;0;0;0;0;0;0;0;0;0;0;0;0;0;0;0;0;0;0;0;0;0;0;0;0;0;0;1;1;1;1;1;1;1;1;1;1;1;1;1;1;1;1;1;1;1;0;0;0;0;0;0;0;0;0;0.0004;0.088;-0.0884;0;0;0;0;0;0;0;0;0;0;0;0;0;0;0;0;0;0;0;-1.7403;0;0;0;0;0.0004;0;0;0;0;0;0;0;-0.0004;-0.0884;0;0;0;0;0;0;0;0;0;-0.7452;0;0.7452;1;1;0;0;0;0
08/08/21 07:00;7.5701;-64.325;71.367;8.3882;12.332;-90;-12.332;75.599;33.599;42;1.6;3.7599;0;101.86;25.256;19.52;0;0.1395;146.78;0;146.78;101.86;19.52;25.256;0.1395;0.694;0.173;0;0.001;146.4;0.3745;0;0;0.2586;0.1158;129.97;16.136;12.711;2.4359;0.9833;0.0053;146.11;0.2928;0.2037;0.039;0.05;0;129.98;88.947;17.045;23.964;0.0183;15.48;12.942;3.9245;0.0161;0.1482;2.1311;0.0096;2.2631;0;1;0;0;1.9415;0.9974;1;1;0.9898;0.1699;0.8896;0.875;1;0.9606;0.7755;0.998;0.998;1;0.998;0.998;0.8855;0.9488;0.1315;0.4177;0.3762;0.0023;0.0171;-0.0231;0.0027;0.0094;0.0004;0;0;0.088;0.2628;0;0;0;0;0;0;0;0;0;0;0;0;0.0076;0.0005;0.3593;0.3593;0;7.9015;7.9015;6.3015;0.0485;320.74;1120.2;1;0.0085;0.0085;0;0;0;0;0;0;0.3508;0.2628;0;16.175;18.731;11.833;13.702;97.645;97.645;3.5226;3.0299;2.2165;0.4927;0.8135;0.1399;0.2309;0.6292;15.235;0.6224;0
08/08/21 08:00;18.117;-54.227;41.047;21.962;43.138;-90;-43.138;246.1;73.198;172.9;4.2797;4.04;0;419.33;36.858;74.165;0;5.3215;535.67;0;535.67;419.33;74.165;36.858;5.3215;0.7828;0.0787;0;0.0099;527.92;7.7526;0;0;2.8596;4.893;522.04;4.8252;3.1374;0.5549;1.1029;0.0301;526.87;1.0558;0.8387;0.1483;0.068;0.0009;522.43;415.35;73.462;32.828;0.3976;27.972;23.385;7.6503;1.9473;0.356;5.1215;0.3918;3.5302;0;1;0;0;2.1767;0.9855;1;1;0.9224;0.0805;0.9908;0.9925;1;0.9675;0.9297;0.998;0.998;1;0.998;0.998;0.9745;0.8906;0.0747;1.5245;1.505;0.0091;0.0051;0.0253;0.0103;0.0364;0.0009;0;0;0.088;1.2728;0;0;0;0;0;0;0;0;0;0;0;0;0.0293;0.0056;1.383;1.383;0;29.802;29.802;25.522;0.0489;1294.7;1068.2;1;0.0223;0.0223;0;0;0;0;0;0;1.3608;1.2728;0;17.061;19.756;15.7;18.181;98.39;98.39;12.856;11.663;10.733;1.193;0.9299;0.0928;0.0723;0.8349;26.975;0.8289;0
08/08/21 09:00;27.27;-42.131;41.237;37.54;52.46;-90;-52.46;454.71;74.801;379.91;8.8001;4.5301;0;623.5;22.692;76.481;0;14.212;736.89;0;736.89;623.5;76.481;22.692;14.212;0.8461;0.0501;0;0.0193;721.32;15.571;0;0;2.34;13.231;713.84;6.0371;4.7343;0.5807;0.6823;0.0397;719.87;1.4426;1.247;0.153;0.0407;0.002;717.04;617.52;75.748;19.629;0.939;157.47;131.65;39.602;2.3631;1.6707;24.032;3.2071;23.34;0;1;0;0;1.6206;0.9789;1;1;0.8969;0.069;0.9916;0.9924;1;0.9664;0.9594;0.998;0.998;1;0.998;0.998;0.9687;0.865;0.0661;2.0971;2.0997;0.0126;-0.001;0.1402;0.0136;0.0484;0.0042;0;0;0.088;1.7143;0;0;0;0;0;0;0;0;0;0;0;0;0.039;0.0104;1.8322;1.8322;0;44.075;44.075;35.275;0.0494;1806.5;1014.2;1;0.0299;0.0299;0;0;0;0;0;0;1.8023;1.7143;0;16.43;19.025;15.373;17.801;98.369;98.369;17.685;15.451;14.457;2.2343;0.9941;0.1263;0.0562;0.8175;18.17;0.798;0
08/08/21 10:00;34.291;-27.446;47.155;55.946;34.054;-90;-34.054;567.3;94.298;473.01;12.5;4.0699;0;570.92;31.827;71.799;0;7.7832;682.32;0;682.32;570.92;71.799;31.827;7.7832;0.8367;0.0581;0;0.0114;673.68;8.6429;0;0;1.7206;6.9224;664.14;8.1971;6.3071;0.7932;0.9715;0.1254;672.33;1.3474;1.1418;0.1436;0.0602;0.0017;666.31;563.47;70.862;29.075;0.7337;290.39;242.76;79.249;0.7482;2.442;35.127;2.1686;36.82;0;1;0;0;1.2027;0.9873;1;1;0.9459;0.1106;0.9878;0.9889;1;0.9677;0.854;0.998;0.998;1;0.998;0.998;0.9733;0.9135;0.0943;1.9418;1.9767;0.0119;-0.0001;0.1412;0.0128;0.0453;0.0062;0;0;0.088;1.5982;0;0;0;0;0;0;0;0;0;0;0;0;0.0365;0.0093;1.7137;1.7137;0;45.359;45.359;32.859;0.0495;1699.5;1008.4;1;0.0275;0.0275;0;0;0;0;0;0;1.6862;1.5982;0;16.596;19.218;15.478;17.923;98.395;98.395;16.376;14.452;13.478;1.9239;0.974;0.1175;0.0595;0.823;21.604;0.7925;0
08/08/21 11:00;38.272;-10.225;50.589;77.32;12.68;-90;-12.68;632.3;106.1;526.2;14.03;3.45;0;539.35;37.907;69.417;0;1.2337;647.91;0;647.91;539.35;69.417;37.907;1.2337;0.8324;0.0604;0;0.0019;646.48;1.431;0;0;0.4068;1.0241;635.55;9.6316;7.1922;0.9257;1.4668;0.0469;645.19;1.293;1.0787;0.1388;0.075;0.0004;635.82;531.08;68.353;35.958;0.1622;367.03;306.84;97.278;0.0271;3.2145;46.239;0.2664;49.426;0;1;0;0;1.0247;0.9978;1;1;0.9893;0.1699;0.9851;0.9866;1;0.9608;0.7756;0.998;0.998;1;0.998;0.998;0.9809;0.9486;0.1315;1.8439;1.9117;0.0115;0.0005;0.1376;0.0123;0.0437;0.0081;0;0;0.088;1.5397;0;0;0;0;0;0;0;0;0;0;0;0;0.0352;0.0087;1.6541;1.6541;0;45.482;45.482;31.452;0.0495;1642.8;1006.8;1;0.0263;0.0263;0;0;0;0;0;0;1.6277;1.5397;0;16.87;19.535;15.704;18.184;98.408;98.408;15.55;13.949;12.985;1.6009;0.9642;0.103;0.062;0.835;22.891;0.7927;0
08/08/21 12:00;38.491;8.1945;50.779;79.838;10.162;90;10.162;638.9;110.1;528.8;14.68;2.9401;0;537.22;39.503;71.408;0;0.8018;648.94;0;648.94;537.22;71.408;39.503;0.8018;0.8279;0.0621;0;0.0012;647.98;0.9608;0;0;0.2936;0.6672;636.8;9.8754;7.2817;0.9679;1.5955;0.0302;646.68;1.296;1.0744;0.1428;0.0784;0.0003;636.96;528.87;70.297;37.536;0.1041;373.05;311.87;99.127;0.0124;3.2497;46.745;0.155;49.983;0;1;0;0;1.0157;0.9985;1;1;0.9926;0.1679;0.9847;0.9864;1;0.9592;0.7749;0.998;0.998;1;0.998;0.998;0.9813;0.9502;0.1298;1.8468;1.916;0.0115;0.0004;0.1429;0.0123;0.0437;0.0082;0;0;0.088;1.5387;0;0;0;0;0;0;0;0;0;0;0;0;0.0352;0.0088;1.653;1.653;0;46.213;46.213;31.533;0.0495;1646.4;1004;1;0.0263;0.0263;0;0;0;0;0;0;1.6267;1.5387;0;16.832;19.491;15.669;18.144;98.411;98.411;15.574;13.94;12.976;1.6344;0.9636;0.1049;0.0619;0.8332;23.689;0.7906;0
08/08/21 13:00;34.902;25.64;47.678;58.191;31.809;90;31.809;593.3;104.9;488.4;15.2;2.6;0;574.72;34.796;79.171;0;7.1287;695.82;0;695.82;574.72;79.171;34.796;7.1287;0.826;0.0603;0;0.0102;687.82;7.9978;0;0;1.6943;6.3035;677.81;8.6315;6.5245;0.8988;1.0716;0.1367;686.44;1.3756;1.1494;0.1583;0.0662;0.0017;679.79;567.05;78.114;31.963;0.6869;310.62;259.68;84.551;0.6469;2.6164;37.635;1.9737;39.605;0;1;0;0;1.1728;0.9885;1;1;0.9513;0.1158;0.9874;0.9886;1;0.9676;0.8341;0.998;0.998;1;0.998;0.998;0.9741;0.9186;0.0964;1.9802;2.0203;0.0122;-0.0004;0.1693;0.0129;0.0457;0.0065;0;0;0.088;1.6122;0;0;0;0;0;0;0;0;0;0;0;0;0.0368;0.0097;1.7277;1.7277;0;48.83;48.83;33.63;0.0496;1739;993.53;1;0.0275;0.0275;0;0;0;0;0;0;1.7002;1.6122;0;16.408;19;15.311;17.73;98.409;98.409;16.7;14.57;13.596;2.1296;0.974;0.1275;0.0583;0.8142;23.229;0.7825;0
08/08/21 14:00;28.174;40.631;41.99;39.438;50.562;90;50.562;453.81;122;331.81;15.22;2.3199;0;522.33;47.077;101.41;0;13.242;684.06;0;684.06;522.33;101.41;47.077;13.242;0.7636;0.0882;0;0.0194;667.07;16.993;0;0;4.6174;12.375;659.28;6.4571;4.1957;0.8146;1.4098;0.0371;665.73;1.3341;1.0447;0.2028;0.0849;0.0017;662.47;517.09;100.39;40.965;0.828;177.27;148.2;46.292;4.3074;1.8766;26.995;3.1972;24.564;0;1;0;0;1.5074;0.9752;1;1;0.9019;0.0655;0.9903;0.992;1;0.9667;0.9571;0.998;0.998;1;0.998;0.998;0.9638;0.8702;0.0625;1.9468;1.9495;0.0117;0.0001;0.1571;0.0125;0.0442;0.0047;0;0;0.088;1.5599;0;0;0;0;0;0;0;0;0;0;0;0;0.0356;0.0091;1.6745;1.6745;0;47.907;47.907;32.688;0.0496;1677.9;997.95;1;0.0266;0.0266;0;0;0;0;0;0;1.6479;1.5599;0;16.175;18.73;15.069;17.449;98.414;98.414;16.417;14.121;13.155;2.2965;0.9661;0.1399;0.0588;0.8013;36.963;0.7783;0
08/08/21 15:00;19.218;52.991;37.032;23.582;52.412;90;52.412;308;110.6;197.4;14.93;1.54;0;478.75;48.914;120.87;0;9.6103;658.15;0;658.15;478.75;120.87;48.914;9.6103;0.7274;0.0889;0;0.0146;644.1;14.048;0;0;5.0544;8.9934;638.23;4.5768;2.4601;0.6211;1.4699;0.0257;642.81;1.2882;0.9575;0.2417;0.0877;0.0012;639.03;475.33;120.01;42.302;0.59;40.353;33.735;11.858;5.0723;0.6073;8.7361;0.7914;4.2711;0;1;0;0;2.1368;0.9787;1;1;0.8967;0.0642;0.9929;0.9949;1;0.9664;0.9582;0.998;0.998;1;0.998;0.998;0.9697;0.8648;0.0614;1.873;1.8458;0.0111;0.0011;0.1399;0.0119;0.042;0.0015;0;0;0.088;1.483;0;0;0;0;0;0;0;0;0;0;0;0;0.0339;0.0082;1.5962;1.5962;0;46.542;46.542;31.612;0.0495;1589.6;1004.1;1;0.0252;0.0252;0;0;0;0;0;0;1.571;1.483;0;16.026;18.558;14.89;17.242;98.423;98.423;15.796;13.461;12.506;2.3348;0.9544;0.1478;0.0604;0.7918;39.141;0.784;0
08/08/21 16:00;8.7967;63.276;68.229;9.8292;14.629;90;14.629;101.21;85.797;15.412;13.93;1.47;0;37.379;78.014;15.757;0;0.2625;131.41;0;131.41;37.379;15.757;78.014;0.2625;0.2844;0.5957;0;0.002;130.12;1.2877;0;0;1.0691;0.2186;122.22;7.642;3.3202;1.3996;2.9124;0.0098;129.86;0.2602;0.0748;0.0315;0.1539;0.0001;122.27;33.984;14.326;73.879;0.0339;47.52;39.727;11.995;0.0923;0.4609;6.6305;0.046;6.9991;0;1;0;0;1.2984;0.9902;1;1;0.9863;0.167;0.9412;0.911;1;0.9621;0.7751;0.998;0.998;1;0.998;0.998;0.9301;0.947;0.1292;0.374;0.3631;0.0022;0.017;-0.0067;0.0025;0.0087;0.0012;0;0;0.088;0.2351;0;0;0;0;0;0;0;0;0;0;0;0;0.007;0.0005;0.3307;0.3307;0;19.919;19.919;5.9892;0.049;309.91;1067;1;0.0076;0.0076;0;0;0;0;0;0;0.3231;0.2351;0;16.629;19.256;11.82;13.687;97.693;97.693;3.1539;2.7888;1.9823;0.3651;0.8065;0.1158;0.2557;0.6285;47.413;0.6057;0
08/08/21 17:00;1.691;69.04;85.896;1.8108;2.5844;90;2.5844;0;0;0;11.2;1.7;0;0;0;0;0;0;0;0;0;0;0;0;0;1;1;1;1;0;0;0;0;0;0;0;0;0;0;0;0;0;0;0;0;0;0;0;0;0;0;0;0;0;0;0;0;0;0;0;0;0;0;0;1;1;1;1;1;1;1;1;1;1;1;1;1;1;1;1;1;1;1;0;0;0;0;0;0;0;0;0;0.0004;0.088;-0.0884;0;0;0;0;0;0;0;0;0;0;0;0;0;0;0;0;0;0;0;-11.2;0;0;0;0;0.0004;0;0;0;0;0;0;0;-0.0004;-0.0884;0;0;0;0;0;0;0;0;0;-0.7452;0;0.7452;1;1;0;0;0;0
08/08/21 18:00;0;0;90;0;0;90;0;0;0;0;9.6902;2.2201;0;0;0;0;0;0;0;0;0;0;0;0;0;1;1;1;1;0;0;0;0;0;0;0;0;0;0;0;0;0;0;0;0;0;0;0;0;0;0;0;0;0;0;0;0;0;0;0;0;0;0;0;1;1;1;1;1;1;1;1;1;1;1;1;1;1;1;1;1;1;1;0;0;0;0;0;0;0;0;0;0.0004;0.088;-0.0884;0;0;0;0;0;0;0;0;0;0;0;0;0;0;0;0;0;0;0;-9.6902;0;0;0;0;0.0004;0;0;0;0;0;0;0;-0.0004;-0.0884;0;0;0;0;0;0;0;0;0;-0.7452;0;0.7452;1;1;0;0;0;0
08/08/21 19:00;0;0;90;0;0;90;0;0;0;0;10.08;2.67;0;0;0;0;0;0;0;0;0;0;0;0;0;1;1;1;1;0;0;0;0;0;0;0;0;0;0;0;0;0;0;0;0;0;0;0;0;0;0;0;0;0;0;0;0;0;0;0;0;0;0;0;1;1;1;1;1;1;1;1;1;1;1;1;1;1;1;1;1;1;1;0;0;0;0;0;0;0;0;0;0.0004;0.088;-0.0884;0;0;0;0;0;0;0;0;0;0;0;0;0;0;0;0;0;0;0;-10.08;0;0;0;0;0.0004;0;0;0;0;0;0;0;-0.0004;-0.0884;0;0;0;0;0;0;0;0;0;-0.7452;0;0.7452;1;1;0;0;0;0
08/08/21 20:00;0;0;90;0;0;90;0;0;0;0;8.4398;3.0299;0;0;0;0;0;0;0;0;0;0;0;0;0;1;1;1;1;0;0;0;0;0;0;0;0;0;0;0;0;0;0;0;0;0;0;0;0;0;0;0;0;0;0;0;0;0;0;0;0;0;0;0;1;1;1;1;1;1;1;1;1;1;1;1;1;1;1;1;1;1;1;0;0;0;0;0;0;0;0;0;0.0004;0.088;-0.0884;0;0;0;0;0;0;0;0;0;0;0;0;0;0;0;0;0;0;0;-8.4398;0;0;0;0;0.0004;0;0;0;0;0;0;0;-0.0004;-0.0884;0;0;0;0;0;0;0;0;0;-0.7452;0;0.7452;1;1;0;0;0;0
08/08/21 21:00;0;0;90;0;0;90;0;0;0;0;8.5801;3.3301;0;0;0;0;0;0;0;0;0;0;0;0;0;1;1;1;1;0;0;0;0;0;0;0;0;0;0;0;0;0;0;0;0;0;0;0;0;0;0;0;0;0;0;0;0;0;0;0;0;0;0;0;1;1;1;1;1;1;1;1;1;1;1;1;1;1;1;1;1;1;1;0;0;0;0;0;0;0;0;0;0.0004;0.088;-0.0884;0;0;0;0;0;0;0;0;0;0;0;0;0;0;0;0;0;0;0;-8.5801;0;0;0;0;0.0004;0;0;0;0;0;0;0;-0.0004;-0.0884;0;0;0;0;0;0;0;0;0;-0.7452;0;0.7452;1;1;0;0;0;0
08/08/21 22:00;0;0;90;0;0;90;0;0;0;0;8.83;3.63;0;0;0;0;0;0;0;0;0;0;0;0;0;1;1;1;1;0;0;0;0;0;0;0;0;0;0;0;0;0;0;0;0;0;0;0;0;0;0;0;0;0;0;0;0;0;0;0;0;0;0;0;1;1;1;1;1;1;1;1;1;1;1;1;1;1;1;1;1;1;1;0;0;0;0;0;0;0;0;0;0.0004;0.088;-0.0884;0;0;0;0;0;0;0;0;0;0;0;0;0;0;0;0;0;0;0;-8.83;0;0;0;0;0.0004;0;0;0;0;0;0;0;-0.0004;-0.0884;0;0;0;0;0;0;0;0;0;-0.7452;0;0.7452;1;1;0;0;0;0
08/08/21 23:00;0;0;90;0;0;90;0;0;0;0;9.1298;4.11;0;0;0;0;0;0;0;0;0;0;0;0;0;1;1;1;1;0;0;0;0;0;0;0;0;0;0;0;0;0;0;0;0;0;0;0;0;0;0;0;0;0;0;0;0;0;0;0;0;0;0;0;1;1;1;1;1;1;1;1;1;1;1;1;1;1;1;1;1;1;1;0;0;0;0;0;0;0;0;0;0.0004;0.088;-0.0884;0;0;0;0;0;0;0;0;0;0;0;0;0;0;0;0;0;0;0;-9.1298;0;0;0;0;0.0004;0;0;0;0;0;0;0;-0.0004;-0.0884;0;0;0;0;0;0;0;0;0;-0.7452;0;0.7452;1;1;0;0;0;0
09/08/21 00:00;0;0;90;0;0;90;0;0;0;0;8.9098;4.28;0;0;0;0;0;0;0;0;0;0;0;0;0;1;1;1;1;0;0;0;0;0;0;0;0;0;0;0;0;0;0;0;0;0;0;0;0;0;0;0;0;0;0;0;0;0;0;0;0;0;0;0;1;1;1;1;1;1;1;1;1;1;1;1;1;1;1;1;1;1;1;0;0;0;0;0;0;0;0;0;0.0004;0.088;-0.0884;0;0;0;0;0;0;0;0;0;0;0;0;0;0;0;0;0;0;0;-8.9098;0;0;0;0;0.0004;0;0;0;0;0;0;0;-0.0004;-0.0884;0;0;0;0;0;0;0;0;0;-0.7452;0;0.7452;1;1;0;0;0;0
09/08/21 01:00;0;0;90;0;0;90;0;0;0;0;9.1498;4.25;0;0;0;0;0;0;0;0;0;0;0;0;0;1;1;1;1;0;0;0;0;0;0;0;0;0;0;0;0;0;0;0;0;0;0;0;0;0;0;0;0;0;0;0;0;0;0;0;0;0;0;0;1;1;1;1;1;1;1;1;1;1;1;1;1;1;1;1;1;1;1;0;0;0;0;0;0;0;0;0;0.0004;0.088;-0.0884;0;0;0;0;0;0;0;0;0;0;0;0;0;0;0;0;0;0;0;-9.1498;0;0;0;0;0.0004;0;0;0;0;0;0;0;-0.0004;-0.0884;0;0;0;0;0;0;0;0;0;-0.7452;0;0.7452;1;1;0;0;0;0
09/08/21 02:00;0;0;90;0;0;90;0;0;0;0;7.5802;4.03;0;0;0;0;0;0;0;0;0;0;0;0;0;1;1;1;1;0;0;0;0;0;0;0;0;0;0;0;0;0;0;0;0;0;0;0;0;0;0;0;0;0;0;0;0;0;0;0;0;0;0;0;1;1;1;1;1;1;1;1;1;1;1;1;1;1;1;1;1;1;1;0;0;0;0;0;0;0;0;0;0.0004;0.088;-0.0884;0;0;0;0;0;0;0;0;0;0;0;0;0;0;0;0;0;0;0;-7.5802;0;0;0;0;0.0004;0;0;0;0;0;0;0;-0.0004;-0.0884;0;0;0;0;0;0;0;0;0;-0.7452;0;0.7452;1;1;0;0;0;0
09/08/21 03:00;0;0;90;0;0;90;0;0;0;0;6.1802;3.88;0;0;0;0;0;0;0;0;0;0;0;0;0;1;1;1;1;0;0;0;0;0;0;0;0;0;0;0;0;0;0;0;0;0;0;0;0;0;0;0;0;0;0;0;0;0;0;0;0;0;0;0;1;1;1;1;1;1;1;1;1;1;1;1;1;1;1;1;1;1;1;0;0;0;0;0;0;0;0;0;0.0004;0.088;-0.0884;0;0;0;0;0;0;0;0;0;0;0;0;0;0;0;0;0;0;0;-6.1802;0;0;0;0;0.0004;0;0;0;0;0;0;0;-0.0004;-0.0884;0;0;0;0;0;0;0;0;0;-0.7452;0;0.7452;1;1;0;0;0;0
09/08/21 04:00;0;0;90;0;0;90;0;0;0;0;5.0601;4.01;0;0;0;0;0;0;0;0;0;0;0;0;0;1;1;1;1;0;0;0;0;0;0;0;0;0;0;0;0;0;0;0;0;0;0;0;0;0;0;0;0;0;0;0;0;0;0;0;0;0;0;0;1;1;1;1;1;1;1;1;1;1;1;1;1;1;1;1;1;1;1;0;0;0;0;0;0;0;0;0;0.0004;0.088;-0.0884;0;0;0;0;0;0;0;0;0;0;0;0;0;0;0;0;0;0;0;-5.0601;0;0;0;0;0.0004;0;0;0;0;0;0;0;-0.0004;-0.0884;0;0;0;0;0;0;0;0;0;-0.7452;0;0.7452;1;1;0;0;0;0
09/08/21 05:00;0;0;90;0;0;90;0;0;0;0;4.4997;4.19;0;0;0;0;0;0;0;0;0;0;0;0;0;1;1;1;1;0;0;0;0;0;0;0;0;0;0;0;0;0;0;0;0;0;0;0;0;0;0;0;0;0;0;0;0;0;0;0;0;0;0;0;1;1;1;1;1;1;1;1;1;1;1;1;1;1;1;1;1;1;1;0;0;0;0;0;0;0;0;0;0.0004;0.088;-0.0884;0;0;0;0;0;0;0;0;0;0;0;0;0;0;0;0;0;0;0;-4.4997;0;0;0;0;0.0004;0;0;0;0;0;0;0;-0.0004;-0.0884;0;0;0;0;0;0;0;0;0;-0.7452;0;0.7452;1;1;0;0;0;0
09/08/21 06:00;1.1824;-69.789;87.131;1.26;1.797;-90;-1.797;0;0;0;4.18;4.6901;0;0;0;0;0;0;0;0;0;0;0;0;0;1;1;1;1;0;0;0;0;0;0;0;0;0;0;0;0;0;0;0;0;0;0;0;0;0;0;0;0;0;0;0;0;0;0;0;0;0;0;0;1;1;1;1;1;1;1;1;1;1;1;1;1;1;1;1;1;1;1;0;0;0;0;0;0;0;0;0;0.0004;0.088;-0.0884;0;0;0;0;0;0;0;0;0;0;0;0;0;0;0;0;0;0;0;-4.18;0;0;0;0;0.0004;0;0;0;0;0;0;0;-0.0004;-0.0884;0;0;0;0;0;0;0;0;0;-0.7452;0;0.7452;1;1;0;0;0;0
09/08/21 07:00;7.7766;-64.53;70.842;8.6019;12.667;-90;-12.667;70.793;40.703;30.09;4.6001;5.07;0;72.976;33.492;16.489;0;0.1378;123.1;0;123.1;72.976;16.489;33.492;0.1378;0.5928;0.2732;0;0.0011;122.62;0.4732;0;0;0.3588;0.1144;110.51;11.865;8.6166;1.9469;1.2963;0.0052;122.38;0.2452;0.146;0.033;0.0663;0;110.53;64.214;14.509;31.771;0.0181;20.405;17.059;5.1543;0.0236;0.1966;2.8286;0.0136;3.0017;0;1;0;0;1.7388;0.9962;1;1;0.9893;0.1699;0.903;0.8817;1;0.9608;0.7756;0.998;0.998;1;0.998;0.998;0.8978;0.9486;0.1315;0.3503;0.3219;0.0019;0.0167;-0.0175;0.0022;0.008;0.0005;0;0;0.088;0.2074;0;0;0;0;0;0;0;0;0;0;0;0;0.0064;0.0004;0.3031;0.3031;0;9.9757;9.9757;5.3756;0.0486;274.24;1105.3;1;0.0077;0.0077;0;0;0;0;0;0;0.2954;0.2074;0;16.272;18.843;11.134;12.893;97.453;97.453;2.9543;2.5563;1.7491;0.398;0.8072;0.1347;0.2732;0.592;20.224;0.582;0
09/08/21 08:00;18.345;-54.415;40.241;22.182;44.12;-90;-44.12;277.1;52.497;224.6;8.4797;5.07;0;544.72;20.923;68.243;0;6.2539;640.14;0;640.14;544.72;68.243;20.923;6.2539;0.8509;0.0425;0;0.0098;632.7;7.4392;0;0;1.6775;5.7617;626.48;4.9552;3.8194;0.4785;0.6254;0.0318;631.44;1.2654;1.0894;0.1365;0.0385;0.001;626.69;539.81;67.628;18.581;0.4593;16.686;13.949;4.8266;1.1952;0.1975;2.8406;0.2118;1.8429;0;1;0;0;2.3102;0.9884;1;1;0.9198;0.0787;0.9922;0.993;1;0.9674;0.9352;0.998;0.998;1;0.998;0.998;0.9787;0.8881;0.0734;1.8218;1.7987;0.0108;0.0016;0.0903;0.0119;0.0421;0.0005;0;0;0.088;1.486;0;0;0;0;0;0;0;0;0;0;0;0;0.0339;0.0078;1.5998;1.5998;0;39.328;39.328;30.848;0.0492;1549.5;1032.4;1;0.0258;0.0258;0;0;0;0;0;0;1.574;1.486;0;16.514;19.123;15.34;17.763;98.39;98.39;15.363;13.491;12.532;1.8722;0.9594;0.1219;0.0624;0.8157;15.448;0.813;0
09/08/21 09:00;27.523;-42.291;40.997;37.754;52.246;-90;-52.246;269.4;196.5;72.903;11.63;5.23;0;119.07;139.63;38.03;0;8.3565;305.09;0;305.09;119.07;38.03;139.63;8.3565;0.3903;0.4851;0;0.0274;283;22.093;0;0;14.314;7.7789;277.04;5.391;0.8874;0.2834;4.1968;0.0234;282.43;0.566;0.2381;0.0761;0.2506;0.0012;279.92;117.95;37.67;120.87;0.553;143.29;119.79;40.244;14.315;2.0374;29.307;2.8761;17.029;0;1;0;0;1.1325;0.9276;1;1;0.8975;0.0691;0.9809;0.9925;1;0.9664;0.9594;0.998;0.998;1;0.998;0.998;0.9081;0.8656;0.0662;0.8683;0.8596;0.0052;0.014;0.0005;0.0059;0.0208;0.0054;0;0;0.088;0.6875;0;0;0;0;0;0;0;0;0;0;0;0;0.0168;0.002;0.7888;0.7888;0;25.172;25.172;13.542;0.0489;734.57;1073.9;1;0.0134;0.0134;0;0;0;0;0;0;0.7755;0.6875;0;17.085;19.784;14.89;17.242;98.307;98.307;7.3222;6.6523;5.7975;0.6699;0.8548;0.0915;0.1167;0.7918;111.56;0.7387;0
09/08/21 10:00;34.567;-27.551;46.893;56.126;33.874;-90;-33.874;631.69;104.2;527.49;14.22;5.1601;0;635.33;28.769;87.642;0;8.5778;760.32;0;760.32;635.33;87.642;28.769;8.5778;0.8356;0.0491;0;0.0113;751.15;9.1649;0;0;1.5423;7.6226;740.75;8.8954;6.9214;0.9548;0.8787;0.1405;749.65;1.5023;1.2707;0.1753;0.0545;0.0019;743.19;627.13;86.512;26.293;0.8127;323.12;270.13;87.272;0.6645;2.7654;39.779;2.4388;41.88;0;1;0;0;1.2036;0.9879;1;1;0.9464;0.1113;0.9881;0.9891;1;0.9677;0.8526;0.998;0.998;1;0.998;0.998;0.9743;0.914;0.0947;2.1638;2.206;0.0133;-0.0015;0.2019;0.0139;0.0495;0.0068;0;0;0.088;1.7528;0;0;0;0;0;0;0;0;0;0;0;0;0.0398;0.0115;1.8708;1.8708;0;51.032;51.032;36.812;0.0497;1900.7;984.28;1;0.03;0.03;0;0;0;0;0;0;1.8408;1.7528;0;16.259;18.828;15.234;17.64;98.394;98.394;18.248;15.777;14.781;2.4707;0.9954;0.1354;0.0546;0.8101;19.501;0.7795;0
09/08/21 11:00;38.562;-10.245;50.306;77.423;12.577;-90;-12.577;482.8;225.3;257.5;15;4.8501;0;263.83;153.53;71.623;0;0.9269;489.91;0;489.91;263.83;71.623;153.53;0.9269;0.5385;0.3153;0;0.0019;487.52;2.3947;0;0;1.6253;0.7694;476.18;10.356;3.4363;0.9329;5.9518;0.0353;486.54;0.975;0.5277;0.1432;0.3038;0.0003;476.38;259.86;70.547;145.65;0.1219;282.45;236.13;73.754;0.1054;2.5511;36.697;0.197;39.143;0;1;0;0;1.0147;0.9951;1;1;0.9894;0.1699;0.9787;0.9869;1;0.9607;0.7755;0.998;0.998;1;0.998;0.998;0.972;0.9487;0.1315;1.3942;1.4365;0.0087;0.006;0.0682;0.0095;0.0336;0.0066;0;0;0.088;1.1638;0;0;0;0;0;0;0;0;0;0;0;0;0.0271;0.0051;1.2717;1.2717;0;38.456;38.456;23.457;0.0493;1234.8;1029.9;1;0.02;0.02;0;0;0;0;0;0;1.2518;1.1638;0;17.153;19.863;15.697;18.177;98.431;98.431;11.758;10.725;9.8143;1.0332;0.9104;0.0879;0.0774;0.8347;92.686;0.7904;0
09/08/21 12:00;38.774;8.2751;50.489;79.842;10.158;90;10.158;429.7;273;156.7;16.13;4.51;0;159.2;219.96;52.126;0;0.5389;431.82;0;431.82;159.2;52.126;219.96;0.5389;0.3687;0.5106;0;0.0012;429.73;2.0821;0;0;1.6337;0.4484;417.18;11.699;2.1052;0.6893;8.8846;0.0203;428.87;0.8595;0.3184;0.1043;0.4366;0.0002;417.28;156.77;51.332;209;0.07;253.2;211.68;65.393;0.0679;2.3323;33.55;0.1002;35.814;0;1;0;0;1.0049;0.9952;1;1;0.9926;0.1679;0.9727;0.9867;1;0.9592;0.7749;0.998;0.998;1;0.998;0.998;0.9661;0.9502;0.1298;1.2289;1.2611;0.0076;0.0085;0.0521;0.0084;0.0296;0.006;0;0;0.088;1.0152;0;0;0;0;0;0;0;0;0;0;0;0;0.0239;0.0041;1.121;1.121;0;36.663;36.663;20.534;0.0492;1083.4;1034.7;1;0.0178;0.0178;0;0;0;0;0;0;1.1032;1.0152;0;17.154;19.864;15.536;17.99;98.414;98.414;10.364;9.4535;8.5615;0.9101;0.8921;0.0878;0.0861;0.8261;131.9;0.7807;0
09/08/21 13:00;35.159;25.802;47.396;58.286;31.714;90;31.714;559.1;128.3;430.8;16.26;4.17;0;506.41;52.012;84.749;0;6.6787;649.85;0;649.85;506.41;84.749;52.012;6.6787;0.7793;0.0903;0;0.0103;641.43;8.4235;0;0;2.5206;5.9029;631.8;8.3452;5.6656;0.9481;1.6025;0.129;640.15;1.2829;1.0128;0.1695;0.099;0.0016;633.66;499.74;83.631;47.79;0.6453;295.03;246.65;80.215;0.956;2.5134;36.154;1.8617;37.711;0;1;0;0;1.1623;0.987;1;1;0.9515;0.1162;0.987;0.9888;1;0.9676;0.8334;0.998;0.998;1;0.998;0.998;0.9722;0.9188;0.0966;1.8494;1.8854;0.0114;0.0007;0.1499;0.0121;0.0428;0.0063;0;0;0.088;1.5058;0;0;0;0;0;0;0;0;0;0;0;0;0.0345;0.0085;1.6194;1.6194;0;47.581;47.581;31.321;0.0496;1621.2;998.84;1;0.0255;0.0255;0;0;0;0;0;0;1.5938;1.5058;0;16.466;19.068;15.312;17.731;98.424;98.424;15.596;13.656;12.699;1.9402;0.9574;0.1244;0.0614;0.8142;34.698;0.7817;0
09/08/21 14:00;28.398;40.839;41.722;39.583;50.417;90;50.417;467.21;114.1;353.11;16.6;3.37;0;554.15;41.316;99.858;0;13.56;708.89;0;708.89;554.15;99.858;41.316;13.56;0.7817;0.0774;0;0.0191;692.18;16.706;0;0;4.0355;12.671;684.37;6.4261;4.3644;0.7865;1.237;0.0383;690.8;1.3844;1.1083;0.1997;0.0746;0.0018;687.6;548.68;98.872;35.969;0.8492;180.79;151.14;47.098;3.7432;1.8789;27.027;3.2256;25.163;0;1;0;0;1.5173;0.9764;1;1;0.9023;0.0656;0.9907;0.9921;1;0.9668;0.9569;0.998;0.998;1;0.998;0.998;0.9654;0.8706;0.0626;2.0174;2.0214;0.0122;-0.0004;0.1823;0.0128;0.0454;0.0046;0;0;0.088;1.6031;0;0;0;0;0;0;0;0;0;0;0;0;0.0365;0.0097;1.7183;1.7183;0;50.604;50.604;34.004;0.0497;1741.6;986.61;1;0.0272;0.0272;0;0;0;0;0;0;1.6911;1.6031;0;16.017;18.548;14.944;17.305;98.418;98.418;17.013;14.491;13.519;2.5225;0.9714;0.1483;0.0571;0.7946;32.392;0.7726;0
09/08/21 15:00;19.41;53.221;36.295;23.745;53.834;90;53.834;300.31;121.6;178.71;16.77;2.1;0;433.42;57.628;119.12;0;9.8471;620.01;0;620.01;433.42;119.12;57.628;9.8471;0.699;0.1088;0;0.0159;604.6;15.412;0;0;6.1907;9.2211;599.02;4.3663;2.0407;0.5609;1.7379;0.0268;603.39;1.2092;0.8668;0.2382;0.1029;0.0013;600.12;430.51;118.32;49.597;0.598;47.928;40.068;13.776;6.5631;0.7764;11.168;1.0982;5.3807;0;1;0;0;2.0646;0.9751;1;1;0.8926;0.0636;0.9928;0.9953;1;0.9661;0.9571;0.998;0.998;1;0.998;0.998;0.9662;0.8606;0.0607;1.7645;1.7394;0.0105;0.0022;0.1315;0.0112;0.0396;0.0019;0;0;0.088;1.3918;0;0;0;0;0;0;0;0;0;0;0;0;0.0319;0.0073;1.5032;1.5032;0;46.444;46.444;29.674;0.0495;1498.2;1003.4;1;0.0234;0.0234;0;0;0;0;0;0;1.4798;1.3918;0;16.021;18.552;14.834;17.177;98.444;98.444;14.88;12.677;11.738;2.2033;0.9394;0.1481;0.0631;0.7888;46.811;0.7783;0
09/08/21 16:00;8.9626;63.517;67.8;9.9932;14.896;90;14.896;76.693;72.998;3.6945;15.3;2.29;0;8.9601;70.493;3.1535;0;0.2062;82.813;0;82.813;8.9601;3.1535;70.493;0.2062;0.1082;0.8537;0;0.0025;81.645;1.1677;0;0;0.996;0.1718;77.83;3.6519;0.7587;0.267;2.6184;0.0077;81.482;0.1633;0.0179;0.0063;0.139;0.0001;77.874;8.1835;2.8802;66.74;0.0266;42.907;35.87;10.81;0.089;0.4179;6.0116;0.0436;6.3405;0;1;0;0;1.0798;0.9859;1;1;0.9859;0.1669;0.9552;0.9152;1;0.9622;0.7752;0.998;0.998;1;0.998;0.998;0.9398;0.9468;0.1291;0.2357;0.2348;0.0014;0.0155;-0.005;0.0016;0.0055;0.0011;0;0;0.088;0.1156;0;0;0;0;0;0;0;0;0;0;0;0;0.0045;0.0003;0.2101;0.2101;0;19.129;19.129;3.8291;0.0492;199.6;1052.4;1;0.0065;0.0065;0;0;0;0;0;0;0.2036;0.1156;0;16.761;19.409;9.2244;10.682;96.927;96.927;1.9875;1.7715;0.9749;0.2161;0.7966;0.1087;0.4008;0.4905;42.883;0.4652;0
09/08/21 17:00;1.6524;69.432;85.99;1.7648;2.5187;90;2.5187;0;0;0;11.89;2.6101;0;0;0;0;0;0;0;0;0;0;0;0;0;1;1;1;1;0;0;0;0;0;0;0;0;0;0;0;0;0;0;0;0;0;0;0;0;0;0;0;0;0;0;0;0;0;0;0;0;0;0;0;1;1;1;1;1;1;1;1;1;1;1;1;1;1;1;1;1;1;1;0;0;0;0;0;0;0;0;0;0.0004;0.088;-0.0884;0;0;0;0;0;0;0;0;0;0;0;0;0;0;0;0;0;0;0;-11.89;0;0;0;0;0.0004;0;0;0;0;0;0;0;-0.0004;-0.0884;0;0;0;0;0;0;0;0;0;-0.7452;0;0.7452;1;1;0;0;0;0
09/08/21 18:00;0;0;90;0;0;90;0;0;0;0;8.0901;2.99;0;0;0;0;0;0;0;0;0;0;0;0;0;1;1;1;1;0;0;0;0;0;0;0;0;0;0;0;0;0;0;0;0;0;0;0;0;0;0;0;0;0;0;0;0;0;0;0;0;0;0;0;1;1;1;1;1;1;1;1;1;1;1;1;1;1;1;1;1;1;1;0;0;0;0;0;0;0;0;0;0.0004;0.088;-0.0884;0;0;0;0;0;0;0;0;0;0;0;0;0;0;0;0;0;0;0;-8.0901;0;0;0;0;0.0004;0;0;0;0;0;0;0;-0.0004;-0.0884;0;0;0;0;0;0;0;0;0;-0.7452;0;0.7452;1;1;0;0;0;0
09/08/21 19:00;0;0;90;0;0;90;0;0;0;0;6.8802;3.4101;0;0;0;0;0;0;0;0;0;0;0;0;0;1;1;1;1;0;0;0;0;0;0;0;0;0;0;0;0;0;0;0;0;0;0;0;0;0;0;0;0;0;0;0;0;0;0;0;0;0;0;0;1;1;1;1;1;1;1;1;1;1;1;1;1;1;1;1;1;1;1;0;0;0;0;0;0;0;0;0;0.0004;0.088;-0.0884;0;0;0;0;0;0;0;0;0;0;0;0;0;0;0;0;0;0;0;-6.8802;0;0;0;0;0.0004;0;0;0;0;0;0;0;-0.0004;-0.0884;0;0;0;0;0;0;0;0;0;-0.7452;0;0.7452;1;1;0;0;0;0
09/08/21 20:00;0;0;90;0;0;90;0;0;0;0;5.8;3.5001;0;0;0;0;0;0;0;0;0;0;0;0;0;1;1;1;1;0;0;0;0;0;0;0;0;0;0;0;0;0;0;0;0;0;0;0;0;0;0;0;0;0;0;0;0;0;0;0;0;0;0;0;1;1;1;1;1;1;1;1;1;1;1;1;1;1;1;1;1;1;1;0;0;0;0;0;0;0;0;0;0.0004;0.088;-0.0884;0;0;0;0;0;0;0;0;0;0;0;0;0;0;0;0;0;0;0;-5.8;0;0;0;0;0.0004;0;0;0;0;0;0;0;-0.0004;-0.0884;0;0;0;0;0;0;0;0;0;-0.7452;0;0.7452;1;1;0;0;0;0
09/08/21 21:00;0;0;90;0;0;90;0;0;0;0;5.56;3.46;0;0;0;0;0;0;0;0;0;0;0;0;0;1;1;1;1;0;0;0;0;0;0;0;0;0;0;0;0;0;0;0;0;0;0;0;0;0;0;0;0;0;0;0;0;0;0;0;0;0;0;0;1;1;1;1;1;1;1;1;1;1;1;1;1;1;1;1;1;1;1;0;0;0;0;0;0;0;0;0;0.0004;0.088;-0.0884;0;0;0;0;0;0;0;0;0;0;0;0;0;0;0;0;0;0;0;-5.56;0;0;0;0;0.0004;0;0;0;0;0;0;0;-0.0004;-0.0884;0;0;0;0;0;0;0;0;0;-0.7452;0;0.7452;1;1;0;0;0;0
09/08/21 22:00;0;0;90;0;0;90;0;0;0;0;7.4799;3.24;0;0;0;0;0;0;0;0;0;0;0;0;0;1;1;1;1;0;0;0;0;0;0;0;0;0;0;0;0;0;0;0;0;0;0;0;0;0;0;0;0;0;0;0;0;0;0;0;0;0;0;0;1;1;1;1;1;1;1;1;1;1;1;1;1;1;1;1;1;1;1;0;0;0;0;0;0;0;0;0;0.0004;0.088;-0.0884;0;0;0;0;0;0;0;0;0;0;0;0;0;0;0;0;0;0;0;-7.4799;0;0;0;0;0.0004;0;0;0;0;0;0;0;-0.0004;-0.0884;0;0;0;0;0;0;0;0;0;-0.7452;0;0.7452;1;1;0;0;0;0
09/08/21 23:00;0;0;90;0;0;90;0;0;0;0;5.5301;3.1701;0;0;0;0;0;0;0;0;0;0;0;0;0;1;1;1;1;0;0;0;0;0;0;0;0;0;0;0;0;0;0;0;0;0;0;0;0;0;0;0;0;0;0;0;0;0;0;0;0;0;0;0;1;1;1;1;1;1;1;1;1;1;1;1;1;1;1;1;1;1;1;0;0;0;0;0;0;0;0;0;0.0004;0.088;-0.0884;0;0;0;0;0;0;0;0;0;0;0;0;0;0;0;0;0;0;0;-5.5301;0;0;0;0;0.0004;0;0;0;0;0;0;0;-0.0004;-0.0884;0;0;0;0;0;0;0;0;0;-0.7452;0;0.7452;1;1;0;0;0;0
10/08/21 00:00;0;0;90;0;0;90;0;0;0;0;4.4997;3.29;0;0;0;0;0;0;0;0;0;0;0;0;0;1;1;1;1;0;0;0;0;0;0;0;0;0;0;0;0;0;0;0;0;0;0;0;0;0;0;0;0;0;0;0;0;0;0;0;0;0;0;0;1;1;1;1;1;1;1;1;1;1;1;1;1;1;1;1;1;1;1;0;0;0;0;0;0;0;0;0;0.0004;0.088;-0.0884;0;0;0;0;0;0;0;0;0;0;0;0;0;0;0;0;0;0;0;-4.4997;0;0;0;0;0.0004;0;0;0;0;0;0;0;-0.0004;-0.0884;0;0;0;0;0;0;0;0;0;-0.7452;0;0.7452;1;1;0;0;0;0
10/08/21 01:00;0;0;90;0;0;90;0;0;0;0;5.1598;3.6799;0;0;0;0;0;0;0;0;0;0;0;0;0;1;1;1;1;0;0;0;0;0;0;0;0;0;0;0;0;0;0;0;0;0;0;0;0;0;0;0;0;0;0;0;0;0;0;0;0;0;0;0;1;1;1;1;1;1;1;1;1;1;1;1;1;1;1;1;1;1;1;0;0;0;0;0;0;0;0;0;0.0004;0.088;-0.0884;0;0;0;0;0;0;0;0;0;0;0;0;0;0;0;0;0;0;0;-5.1598;0;0;0;0;0.0004;0;0;0;0;0;0;0;-0.0004;-0.0884;0;0;0;0;0;0;0;0;0;-0.7452;0;0.7452;1;1;0;0;0;0
10/08/21 02:00;0;0;90;0;0;90;0;0;0;0;4.7397;4.01;0;0;0;0;0;0;0;0;0;0;0;0;0;1;1;1;1;0;0;0;0;0;0;0;0;0;0;0;0;0;0;0;0;0;0;0;0;0;0;0;0;0;0;0;0;0;0;0;0;0;0;0;1;1;1;1;1;1;1;1;1;1;1;1;1;1;1;1;1;1;1;0;0;0;0;0;0;0;0;0;0.0004;0.088;-0.0884;0;0;0;0;0;0;0;0;0;0;0;0;0;0;0;0;0;0;0;-4.7397;0;0;0;0;0.0004;0;0;0;0;0;0;0;-0.0004;-0.0884;0;0;0;0;0;0;0;0;0;-0.7452;0;0.7452;1;1;0;0;0;0
10/08/21 03:00;0;0;90;0;0;90;0;0;0;0;3.1502;3.6501;0;0;0;0;0;0;0;0;0;0;0;0;0;1;1;1;1;0;0;0;0;0;0;0;0;0;0;0;0;0;0;0;0;0;0;0;0;0;0;0;0;0;0;0;0;0;0;0;0;0;0;0;1;1;1;1;1;1;1;1;1;1;1;1;1;1;1;1;1;1;1;0;0;0;0;0;0;0;0;0;0.0004;0.088;-0.0884;0;0;0;0;0;0;0;0;0;0;0;0;0;0;0;0;0;0;0;-3.1502;0;0;0;0;0.0004;0;0;0;0;0;0;0;-0.0004;-0.0884;0;0;0;0;0;0;0;0;0;-0.7452;0;0.7452;1;1;0;0;0;0
10/08/21 04:00;0;0;90;0;0;90;0;0;0;0;2.2302;3.4901;0;0;0;0;0;0;0;0;0;0;0;0;0;1;1;1;1;0;0;0;0;0;0;0;0;0;0;0;0;0;0;0;0;0;0;0;0;0;0;0;0;0;0;0;0;0;0;0;0;0;0;0;1;1;1;1;1;1;1;1;1;1;1;1;1;1;1;1;1;1;1;0;0;0;0;0;0;0;0;0;0.0004;0.088;-0.0884;0;0;0;0;0;0;0;0;0;0;0;0;0;0;0;0;0;0;0;-2.2302;0;0;0;0;0.0004;0;0;0;0;0;0;0;-0.0004;-0.0884;0;0;0;0;0;0;0;0;0;-0.7452;0;0.7452;1;1;0;0;0;0
10/08/21 05:00;0;0;90;0;0;90;0;0;0;0;1.6;3.4399;0;0;0;0;0;0;0;0;0;0;0;0;0;1;1;1;1;0;0;0;0;0;0;0;0;0;0;0;0;0;0;0;0;0;0;0;0;0;0;0;0;0;0;0;0;0;0;0;0;0;0;0;1;1;1;1;1;1;1;1;1;1;1;1;1;1;1;1;1;1;1;0;0;0;0;0;0;0;0;0;0.0004;0.088;-0.0884;0;0;0;0;0;0;0;0;0;0;0;0;0;0;0;0;0;0;0;-1.6;0;0;0;0;0.0004;0;0;0;0;0;0;0;-0.0004;-0.0884;0;0;0;0;0;0;0;0;0;-0.7452;0;0.7452;1;1;0;0;0;0
10/08/21 06:00;1.1911;-70.149;87.11;1.2663;1.806;-90;-1.806;0;0;0;1.0203;3.4;0;0;0;0;0;0;0;0;0;0;0;0;0;1;1;1;1;0;0;0;0;0;0;0;0;0;0;0;0;0;0;0;0;0;0;0;0;0;0;0;0;0;0;0;0;0;0;0;0;0;0;0;1;1;1;1;1;1;1;1;1;1;1;1;1;1;1;1;1;1;1;0;0;0;0;0;0;0;0;0;0.0004;0.088;-0.0884;0;0;0;0;0;0;0;0;0;0;0;0;0;0;0;0;0;0;0;-1.0203;0;0;0;0;0.0004;0;0;0;0;0;0;0;-0.0004;-0.0884;0;0;0;0;0;0;0;0;0;-0.7452;0;0.7452;1;1;0;0;0;0
10/08/21 07:00;7.9877;-64.736;70.305;8.8198;13.011;-90;-13.011;95.407;20.102;75.305;2.3798;3.3599;0;182.63;11.77;19.837;0;0.1959;214.44;0;214.44;182.63;19.837;11.77;0.1959;0.8517;0.0558;0;0.0009;214.14;0.2946;0;0;0.1319;0.1627;190.65;23.064;20.389;2.2146;0.4527;0.0075;213.72;0.4283;0.3653;0.0397;0.0233;0.0001;190.66;161.88;17.583;11.162;0.0258;7.5238;6.2899;1.9523;0.0092;0.0692;0.995;0.0051;1.055;0;1;0;0;2.2476;0.9986;1;1;0.9888;0.1699;0.8921;0.8881;1;0.961;0.7756;0.998;0.998;1;0.998;0.998;0.8891;0.9483;0.1315;0.6103;0.5475;0.0033;0.017;-0.0261;0.0039;0.0137;0.0002;0;0;0.088;0.4253;0;0;0;0;0;0;0;0;0;0;0;0;0.0111;0.0009;0.5235;0.5235;0;11.621;11.621;9.2411;0.0485;468.27;1117.9;1;0.0102;0.0102;0;0;0;0;0;0;0.5133;0.4253;0;16.131;18.679;13.106;15.176;98.057;98.057;5.1465;4.4146;3.5867;0.7319;0.8279;0.1422;0.1609;0.6969;7.1148;0.6945;0
10/08/21 08:00;18.577;-54.605;39.406;22.406;45.18;-90;-45.18;295.4;48.998;246.4;6.3199;3.47;0;597.6;17.513;69.009;0;6.9742;691.1;0;691.1;597.6;69.009;17.513;6.9742;0.8647;0.0354;0;0.0101;683.2;7.8916;0;0;1.4536;6.438;676.93;4.9041;3.899;0.4502;0.5231;0.0318;681.84;1.3664;1.1952;0.138;0.0321;0.0011;677.12;592.51;68.421;15.504;0.5034;14.402;12.04;4.2152;1.086;0.1708;2.4566;0.1891;1.5414;0;1;0;0;2.3395;0.9886;1;1;0.917;0.0769;0.9928;0.9935;1;0.9674;0.9406;0.998;0.998;1;0.998;0.998;0.9795;0.8853;0.0722;1.9668;1.9422;0.0117;0.0002;0.0995;0.0128;0.0454;0.0004;0;0;0.088;1.6103;0;0;0;0;0;0;0;0;0;0;0;0;0.0366;0.009;1.7265;1.7265;0;39.654;39.654;33.334;0.0492;1672.7;1032.2;1;0.0282;0.0282;0;0;0;0;0;0;1.6983;1.6103;0;16.508;19.116;15.397;17.829;98.367;98.367;16.586;14.56;13.58;2.0267;0.9799;0.1222;0.0591;0.8187;13.055;0.8166;0
10/08/21 09:00;27.78;-42.452;40.753;37.972;52.028;-90;-52.028;450.9;76.497;374.4;10.02;3.7401;0;608.51;24.519;74.989;0;13.878;721.9;0;721.9;608.51;74.989;24.519;13.878;0.8429;0.0532;0;0.0192;706.48;15.415;0;0;2.4983;12.917;699.3;5.7724;4.4486;0.5482;0.7366;0.039;705.07;1.413;1.217;0.15;0.044;0.0019;702.29;602.85;74.291;21.24;0.9201;159.64;133.46;41.542;2.4803;1.6086;23.139;2.9901;22.267;0;1;0;0;1.601;0.9786;1;1;0.8981;0.0692;0.9918;0.9927;1;0.9665;0.9594;0.998;0.998;1;0.998;0.998;0.9687;0.8663;0.0663;2.0545;2.0557;0.0124;-0.0007;0.1411;0.0133;0.0472;0.0041;0;0;0.088;1.6731;0;0;0;0;0;0;0;0;0;0;0;0;0.0381;0.01;1.7901;1.7901;0;44.592;44.592;34.572;0.0494;1768.7;1012.1;1;0.029;0.029;0;0;0;0;0;0;1.7611;1.6731;0;16.386;18.975;15.315;17.734;98.378;98.378;17.326;15.096;14.109;2.2291;0.987;0.1287;0.057;0.8144;19.545;0.7953;0
10/08/21 10:00;34.848;-27.657;46.627;56.309;33.691;-90;-33.691;576.7;95.702;481;13.4;4.8401;0;578.09;32.256;72.698;0;7.7487;690.8;0;690.8;578.09;72.698;32.256;7.7487;0.8368;0.0579;0;0.0112;682.2;8.5945;0;0;1.7145;6.88;672.73;8.1039;6.2082;0.7807;0.9859;0.1291;680.84;1.3644;1.1562;0.1454;0.0611;0.0017;674.94;570.73;71.772;29.495;0.7379;296.3;247.71;80.008;0.7308;2.5451;36.61;2.2058;38.425;0;1;0;0;1.1978;0.9876;1;1;0.9468;0.1121;0.9881;0.9892;1;0.9677;0.8511;0.998;0.998;1;0.998;0.998;0.9739;0.9144;0.0952;1.9659;2.0044;0.0121;-0.0003;0.1529;0.0129;0.0457;0.0064;0;0;0.088;1.6128;0;0;0;0;0;0;0;0;0;0;0;0;0.0368;0.0095;1.7284;1.7284;0;46.721;46.721;33.32;0.0495;1724.2;1002.5;1;0.0277;0.0277;0;0;0;0;0;0;1.7008;1.6128;0;16.534;19.146;15.427;17.865;98.399;98.399;16.579;14.576;13.601;2.0029;0.9755;0.1208;0.0588;0.8204;21.835;0.789;0
10/08/21 11:00;38.855;-10.263;50.02;77.529;12.471;-90;-12.471;645.21;107.2;538.01;15.47;5.22;0;551.01;37.724;70.696;0;1.2179;660.64;0;660.64;551.01;70.696;37.724;1.2179;0.834;0.0589;0;0.0018;659.24;1.4047;0;0;0.3937;1.011;648.5;9.4247;7.0133;0.8998;1.4652;0.0464;657.92;1.3185;1.102;0.1414;0.0747;0.0004;648.76;542.89;69.655;35.791;0.1601;374.71;313.26;99.312;0.0254;3.2817;47.206;0.2614;50.462;0;1;0;0;1.0239;0.9979;1;1;0.9896;0.1699;0.9857;0.9872;1;0.9607;0.7755;0.998;0.998;1;0.998;0.998;0.9816;0.9487;0.1315;1.8801;1.9507;0.0117;0.0001;0.1552;0.0125;0.0443;0.0082;0;0;0.088;1.5594;0;0;0;0;0;0;0;0;0;0;0;0;0.0357;0.0091;1.674;1.674;0;47.617;47.617;32.147;0.0496;1677.1;998.14;1;0.0266;0.0266;0;0;0;0;0;0;1.6474;1.5594;0;16.744;19.389;15.598;18.062;98.414;98.414;15.855;14.117;13.151;1.7387;0.966;0.1097;0.0609;0.8294;22.766;0.7873;0
10/08/21 12:00;39.06;8.3602;50.195;79.842;10.158;90;10.158;644.7;112.3;532.4;16.5;5.14;0;540.88;40.737;72.374;0;0.8084;654.8;0;654.8;540.88;72.374;40.737;0.8084;0.826;0.0634;0;0.0012;653.82;0.9752;0;0;0.3025;0.6727;642.92;9.5916;6.9815;0.9342;1.6455;0.0305;652.52;1.3076;1.0818;0.1447;0.0809;0.0003;643.08;532.82;71.295;38.708;0.1049;376.45;314.71;100.02;0.0127;3.2799;47.18;0.1563;50.447;0;1;0;0;1.0157;0.9985;1;1;0.9926;0.1679;0.9853;0.9871;1;0.9592;0.7749;0.998;0.998;1;0.998;0.998;0.9819;0.9502;0.1298;1.8635;1.9344;0.0117;0.0003;0.1593;0.0123;0.0438;0.0082;0;0;0.088;1.5406;0;0;0;0;0;0;0;0;0;0;0;0;0.0353;0.0089;1.6547;1.6547;0;48.392;48.392;31.892;0.0496;1663.3;994.84;1;0.0261;0.0261;0;0;0;0;0;0;1.6286;1.5406;0;16.699;19.337;15.547;18.003;98.421;98.421;15.715;13.955;12.992;1.7605;0.9624;0.112;0.0612;0.8267;24.428;0.7844;0
10/08/21 13:00;35.42;25.969;47.109;58.378;31.622;90;31.622;591;110.7;480.3;17.43;4.9201;0;564.04;38.714;80.894;0;7.0198;690.67;0;690.67;564.04;80.894;38.714;7.0198;0.8167;0.0662;0;0.0102;682.6;8.0691;0;0;1.8675;6.2015;672.8;8.4371;6.2157;0.8914;1.1933;0.1366;681.24;1.3652;1.1281;0.1618;0.0737;0.0016;674.74;556.7;79.84;35.58;0.68;310.37;259.47;84.446;0.705;2.6205;37.695;1.9437;39.611;0;1;0;0;1.1686;0.9883;1;1;0.9518;0.1166;0.9876;0.989;1;0.9675;0.8328;0.998;0.998;1;0.998;0.998;0.9741;0.919;0.0969;1.9656;2.006;0.0121;-0.0003;0.1828;0.0127;0.045;0.0065;0;0;0.088;1.5867;0;0;0;0;0;0;0;0;0;0;0;0;0.0362;0.0096;1.7015;1.7015;0;50.868;50.868;33.438;0.0497;1727.5;984.96;1;0.0268;0.0268;0;0;0;0;0;0;1.6747;1.5867;0;16.279;18.851;15.18;17.578;98.423;98.423;16.576;14.349;13.38;2.2272;0.9684;0.1344;0.0584;0.8072;25.81;0.7755;0
10/08/21 14:00;28.624;41.053;41.448;39.727;50.273;90;50.273;475.3;111.1;364.2;17.6;4.3899;0;569.83;39.08;99.223;0;13.722;721.86;0;721.86;569.83;99.223;39.08;13.722;0.7894;0.0731;0;0.019;705.23;16.621;0;0;3.8013;12.82;697.45;6.3712;4.3968;0.7656;1.1698;0.039;703.82;1.4105;1.1397;0.1984;0.0706;0.0018;700.7;564.29;98.259;34.039;0.8607;183.69;153.57;47.848;3.5059;1.8903;27.191;3.245;25.575;0;1;0;0;1.5187;0.977;1;1;0.9027;0.0657;0.9909;0.9923;1;0.9668;0.9567;0.998;0.998;1;0.998;0.998;0.9662;0.871;0.0627;2.0543;2.0592;0.0124;-0.0007;0.1982;0.0129;0.0459;0.0046;0;0;0.088;1.6234;0;0;0;0;0;0;0;0;0;0;0;0;0.037;0.0101;1.7388;1.7388;0;52.301;52.301;34.701;0.0498;1775.1;979.56;1;0.0274;0.0274;0;0;0;0;0;0;1.7114;1.6234;0;15.917;18.432;14.86;17.208;98.422;98.422;17.325;14.664;13.69;2.661;0.9735;0.1536;0.0562;0.7902;30.595;0.7685;0
10/08/21 15:00;19.603;53.456;35.542;23.908;55.476;90;55.476;305.31;120.7;184.61;17.5;2.7001;0;447.72;55.49;120.94;0;10.582;634.73;0;634.73;447.72;120.94;55.49;10.582;0.7054;0.1041;0;0.0167;618.59;16.139;0;0;6.2263;9.9126;613.22;4.1402;1.9112;0.5162;1.6817;0.0311;617.36;1.2372;0.8954;0.2419;0.0985;0.0013;614.27;444.92;120.18;47.483;0.6369;47.031;39.318;13.981;7.0243;0.7697;11.072;1.0498;4.8175;0;1;0;0;2.079;0.9746;1;1;0.8878;0.0633;0.9933;0.9957;1;0.9658;0.9535;0.998;0.998;1;0.998;0.998;0.9661;0.8557;0.0602;1.8064;1.7796;0.0107;0.0018;0.1438;0.0114;0.0403;0.0019;0;0;0.088;1.4179;0;0;0;0;0;0;0;0;0;0;0;0;0.0325;0.0077;1.5297;1.5297;0;47.911;47.911;30.411;0.0496;1532.7;998.03;1;0.0238;0.0238;0;0;0;0;0;0;1.5059;1.4179;0;15.925;18.44;14.761;17.093;98.444;98.444;15.234;12.9;11.957;2.3338;0.9428;0.1532;0.0619;0.7849;45.882;0.7748;0
10/08/21 16:00;9.1292;63.762;67.369;10.157;15.164;90;15.164;111.99;90.001;21.991;16.65;3.0299;0;53.334;79.231;22.716;0;0.312;155.59;0;155.59;53.334;22.716;79.231;0.312;0.3428;0.5112;0;0.002;154.18;1.4135;0;0;1.1536;0.2599;144.79;9.0769;4.304;1.8331;2.9281;0.0117;153.87;0.3084;0.1067;0.0454;0.1562;0.0001;144.85;48.924;20.837;74.993;0.0403;48.398;40.461;12.235;0.1066;0.4691;6.7477;0.0512;7.1102;0;1;0;0;1.3893;0.9909;1;1;0.9854;0.1668;0.941;0.9191;1;0.9624;0.7752;0.998;0.998;1;0.998;0.998;0.9306;0.9465;0.129;0.4428;0.4279;0.0026;0.0172;-0.0019;0.0029;0.0102;0.0012;0;0;0.088;0.2908;0;0;0;0;0;0;0;0;0;0;0;0;0.0082;0.0006;0.3869;0.3869;0;23.757;23.757;7.1069;0.0491;365.83;1057.7;1;0.0081;0.0081;0;0;0;0;0;0;0.3788;0.2908;0;16.432;19.028;12.35;14.301;97.898;97.898;3.7342;3.263;2.4523;0.4713;0.8107;0.1262;0.2171;0.6567;48.244;0.636;0
10/08/21 17:00;1.8053;69.683;85.618;1.925;2.7479;90;2.7479;0;0;0;11.78;3.39;0;0;0;0;0;0;0;0;0;0;0;0;0;1;1;1;1;0;0;0;0;0;0;0;0;0;0;0;0;0;0;0;0;0;0;0;0;0;0;0;0;0;0;0;0;0;0;0;0;0;0;0;1;1;1;1;1;1;1;1;1;1;1;1;1;1;1;1;1;1;1;0;0;0;0;0;0;0;0;0;0.0004;0.088;-0.0884;0;0;0;0;0;0;0;0;0;0;0;0;0;0;0;0;0;0;0;-11.78;0;0;0;0;0.0004;0;0;0;0;0;0;0;-0.0004;-0.0884;0;0;0;0;0;0;0;0;0;-0.7452;0;0.7452;1;1;0;0;0;0
10/08/21 18:00;0;0;90;0;0;90;0;0;0;0;8.12;3.6501;0;0;0;0;0;0;0;0;0;0;0;0;0;1;1;1;1;0;0;0;0;0;0;0;0;0;0;0;0;0;0;0;0;0;0;0;0;0;0;0;0;0;0;0;0;0;0;0;0;0;0;0;1;1;1;1;1;1;1;1;1;1;1;1;1;1;1;1;1;1;1;0;0;0;0;0;0;0;0;0;0.0004;0.088;-0.0884;0;0;0;0;0;0;0;0;0;0;0;0;0;0;0;0;0;0;0;-8.12;0;0;0;0;0.0004;0;0;0;0;0;0;0;-0.0004;-0.0884;0;0;0;0;0;0;0;0;0;-0.7452;0;0.7452;1;1;0;0;0;0
10/08/21 19:00;0;0;90;0;0;90;0;0;0;0;7.2399;4.0601;0;0;0;0;0;0;0;0;0;0;0;0;0;1;1;1;1;0;0;0;0;0;0;0;0;0;0;0;0;0;0;0;0;0;0;0;0;0;0;0;0;0;0;0;0;0;0;0;0;0;0;0;1;1;1;1;1;1;1;1;1;1;1;1;1;1;1;1;1;1;1;0;0;0;0;0;0;0;0;0;0.0004;0.088;-0.0884;0;0;0;0;0;0;0;0;0;0;0;0;0;0;0;0;0;0;0;-7.2399;0;0;0;0;0.0004;0;0;0;0;0;0;0;-0.0004;-0.0884;0;0;0;0;0;0;0;0;0;-0.7452;0;0.7452;1;1;0;0;0;0
10/08/21 20:00;0;0;90;0;0;90;0;0;0;0;6.8397;4.8401;0;0;0;0;0;0;0;0;0;0;0;0;0;1;1;1;1;0;0;0;0;0;0;0;0;0;0;0;0;0;0;0;0;0;0;0;0;0;0;0;0;0;0;0;0;0;0;0;0;0;0;0;1;1;1;1;1;1;1;1;1;1;1;1;1;1;1;1;1;1;1;0;0;0;0;0;0;0;0;0;0.0004;0.088;-0.0884;0;0;0;0;0;0;0;0;0;0;0;0;0;0;0;0;0;0;0;-6.8397;0;0;0;0;0.0004;0;0;0;0;0;0;0;-0.0004;-0.0884;0;0;0;0;0;0;0;0;0;-0.7452;0;0.7452;1;1;0;0;0;0
10/08/21 21:00;0;0;90;0;0;90;0;0;0;0;6.6097;5.46;0;0;0;0;0;0;0;0;0;0;0;0;0;1;1;1;1;0;0;0;0;0;0;0;0;0;0;0;0;0;0;0;0;0;0;0;0;0;0;0;0;0;0;0;0;0;0;0;0;0;0;0;1;1;1;1;1;1;1;1;1;1;1;1;1;1;1;1;1;1;1;0;0;0;0;0;0;0;0;0;0.0004;0.088;-0.0884;0;0;0;0;0;0;0;0;0;0;0;0;0;0;0;0;0;0;0;-6.6097;0;0;0;0;0.0004;0;0;0;0;0;0;0;-0.0004;-0.0884;0;0;0;0;0;0;0;0;0;-0.7452;0;0.7452;1;1;0;0;0;0
10/08/21 22:00;0;0;90;0;0;90;0;0;0;0;5.35;5.71;0;0;0;0;0;0;0;0;0;0;0;0;0;1;1;1;1;0;0;0;0;0;0;0;0;0;0;0;0;0;0;0;0;0;0;0;0;0;0;0;0;0;0;0;0;0;0;0;0;0;0;0;1;1;1;1;1;1;1;1;1;1;1;1;1;1;1;1;1;1;1;0;0;0;0;0;0;0;0;0;0.0004;0.088;-0.0884;0;0;0;0;0;0;0;0;0;0;0;0;0;0;0;0;0;0;0;-5.35;0;0;0;0;0.0004;0;0;0;0;0;0;0;-0.0004;-0.0884;0;0;0;0;0;0;0;0;0;-0.7452;0;0.7452;1;1;0;0;0;0
10/08/21 23:00;0;0;90;0;0;90;0;0;0;0;6.4103;6;0;0;0;0;0;0;0;0;0;0;0;0;0;1;1;1;1;0;0;0;0;0;0;0;0;0;0;0;0;0;0;0;0;0;0;0;0;0;0;0;0;0;0;0;0;0;0;0;0;0;0;0;1;1;1;1;1;1;1;1;1;1;1;1;1;1;1;1;1;1;1;0;0;0;0;0;0;0;0;0;0.0004;0.088;-0.0884;0;0;0;0;0;0;0;0;0;0;0;0;0;0;0;0;0;0;0;-6.4103;0;0;0;0;0.0004;0;0;0;0;0;0;0;-0.0004;-0.0884;0;0;0;0;0;0;0;0;0;-0.7452;0;0.7452;1;1;0;0;0;0
11/08/21 00:00;0;0;90;0;0;90;0;0;0;0;4.7802;6.11;0;0;0;0;0;0;0;0;0;0;0;0;0;1;1;1;1;0;0;0;0;0;0;0;0;0;0;0;0;0;0;0;0;0;0;0;0;0;0;0;0;0;0;0;0;0;0;0;0;0;0;0;1;1;1;1;1;1;1;1;1;1;1;1;1;1;1;1;1;1;1;0;0;0;0;0;0;0;0;0;0.0004;0.088;-0.0884;0;0;0;0;0;0;0;0;0;0;0;0;0;0;0;0;0;0;0;-4.7802;0;0;0;0;0.0004;0;0;0;0;0;0;0;-0.0004;-0.0884;0;0;0;0;0;0;0;0;0;-0.7452;0;0.7452;1;1;0;0;0;0
11/08/21 01:00;0;0;90;0;0;90;0;0;0;0;7.6401;6.1399;0;0;0;0;0;0;0;0;0;0;0;0;0;1;1;1;1;0;0;0;0;0;0;0;0;0;0;0;0;0;0;0;0;0;0;0;0;0;0;0;0;0;0;0;0;0;0;0;0;0;0;0;1;1;1;1;1;1;1;1;1;1;1;1;1;1;1;1;1;1;1;0;0;0;0;0;0;0;0;0;0.0004;0.088;-0.0884;0;0;0;0;0;0;0;0;0;0;0;0;0;0;0;0;0;0;0;-7.6401;0;0;0;0;0.0004;0;0;0;0;0;0;0;-0.0004;-0.0884;0;0;0;0;0;0;0;0;0;-0.7452;0;0.7452;1;1;0;0;0;0
11/08/21 02:00;0;0;90;0;0;90;0;0;0;0;9.0999;6.2001;0;0;0;0;0;0;0;0;0;0;0;0;0;1;1;1;1;0;0;0;0;0;0;0;0;0;0;0;0;0;0;0;0;0;0;0;0;0;0;0;0;0;0;0;0;0;0;0;0;0;0;0;1;1;1;1;1;1;1;1;1;1;1;1;1;1;1;1;1;1;1;0;0;0;0;0;0;0;0;0;0.0004;0.088;-0.0884;0;0;0;0;0;0;0;0;0;0;0;0;0;0;0;0;0;0;0;-9.0999;0;0;0;0;0.0004;0;0;0;0;0;0;0;-0.0004;-0.0884;0;0;0;0;0;0;0;0;0;-0.7452;0;0.7452;1;1;0;0;0;0
11/08/21 03:00;0;0;90;0;0;90;0;0;0;0;9.32;6.2299;0;0;0;0;0;0;0;0;0;0;0;0;0;1;1;1;1;0;0;0;0;0;0;0;0;0;0;0;0;0;0;0;0;0;0;0;0;0;0;0;0;0;0;0;0;0;0;0;0;0;0;0;1;1;1;1;1;1;1;1;1;1;1;1;1;1;1;1;1;1;1;0;0;0;0;0;0;0;0;0;0.0004;0.088;-0.0884;0;0;0;0;0;0;0;0;0;0;0;0;0;0;0;0;0;0;0;-9.32;0;0;0;0;0.0004;0;0;0;0;0;0;0;-0.0004;-0.0884;0;0;0;0;0;0;0;0;0;-0.7452;0;0.7452;1;1;0;0;0;0
11/08/21 04:00;0;0;90;0;0;90;0;0;0;0;9.3299;6.25;0;0;0;0;0;0;0;0;0;0;0;0;0;1;1;1;1;0;0;0;0;0;0;0;0;0;0;0;0;0;0;0;0;0;0;0;0;0;0;0;0;0;0;0;0;0;0;0;0;0;0;0;1;1;1;1;1;1;1;1;1;1;1;1;1;1;1;1;1;1;1;0;0;0;0;0;0;0;0;0;0.0004;0.088;-0.0884;0;0;0;0;0;0;0;0;0;0;0;0;0;0;0;0;0;0;0;-9.3299;0;0;0;0;0.0004;0;0;0;0;0;0;0;-0.0004;-0.0884;0;0;0;0;0;0;0;0;0;-0.7452;0;0.7452;1;1;0;0;0;0
11/08/21 05:00;0;0;90;0;0;90;0;0;0;0;9.5001;6.2999;0;0;0;0;0;0;0;0;0;0;0;0;0;1;1;1;1;0;0;0;0;0;0;0;0;0;0;0;0;0;0;0;0;0;0;0;0;0;0;0;0;0;0;0;0;0;0;0;0;0;0;0;1;1;1;1;1;1;1;1;1;1;1;1;1;1;1;1;1;1;1;0;0;0;0;0;0;0;0;0;0.0004;0.088;-0.0884;0;0;0;0;0;0;0;0;0;0;0;0;0;0;0;0;0;0;0;-9.5001;0;0;0;0;0.0004;0;0;0;0;0;0;0;-0.0004;-0.0884;0;0;0;0;0;0;0;0;0;-0.7452;0;0.7452;1;1;0;0;0;0
11/08/21 06:00;1.3961;-70.366;86.612;1.4822;2.1146;-90;-2.1146;0;0;0;9.32;6.82;0;0;0;0;0;0;0;0;0;0;0;0;0;1;1;1;1;0;0;0;0;0;0;0;0;0;0;0;0;0;0;0;0;0;0;0;0;0;0;0;0;0;0;0;0;0;0;0;0;0;0;0;1;1;1;1;1;1;1;1;1;1;1;1;1;1;1;1;1;1;1;0;0;0;0;0;0;0;0;0;0.0004;0.088;-0.0884;0;0;0;0;0;0;0;0;0;0;0;0;0;0;0;0;0;0;0;-9.32;0;0;0;0;0.0004;0;0;0;0;0;0;0;-0.0004;-0.0884;0;0;0;0;0;0;0;0;0;-0.7452;0;0.7452;1;1;0;0;0;0
11/08/21 07:00;8.2031;-64.945;69.754;9.0417;13.363;-90;-13.363;107.69;17.801;89.894;9.7401;7.19;0;218.02;9.2562;20.415;0;0.2333;247.92;0;247.92;218.02;20.415;9.2562;0.2333;0.8794;0.0383;0;0.0009;247.62;0.3022;0;0;0.1085;0.1936;221.66;25.463;22.951;2.1491;0.3538;0.0089;247.12;0.4952;0.436;0.0408;0.0183;0.0001;221.67;194.63;18.225;8.7756;0.0307;6.0833;5.0856;1.6016;0.008;0.0545;0.7834;0.0043;0.8299;0;1;0;0;2.3021;0.9988;1;1;0.9883;0.1698;0.897;0.8945;1;0.9612;0.7757;0.998;0.998;1;0.998;0.998;0.8941;0.9481;0.1315;0.7056;0.6358;0.0038;0.0164;-0.0101;0.0044;0.0155;0.0001;0;0;0.088;0.4931;0;0;0;0;0;0;0;0;0;0;0;0;0.0125;0.0012;0.5918;0.5918;0;20.551;20.551;10.811;0.0488;544.81;1086.3;1;0.0107;0.0107;0;0;0;0;0;0;0.5811;0.4931;0;15.775;18.267;13.144;15.221;98.192;98.192;5.9501;4.9911;4.1588;0.959;0.8323;0.1612;0.1399;0.6989;5.6016;0.6973;0
11/08/21 08:00;18.814;-54.797;38.541;22.634;46.332;-90;-46.332;169.4;130.8;38.607;11.57;7.2499;0;93.633;100.62;28.502;0;4.1948;226.95;0;226.95;93.633;28.502;100.62;4.1948;0.4126;0.4618;0;0.0185;214.41;12.543;0;0;8.6637;3.8797;210.22;3.7573;0.5636;0.1716;3.0051;0.017;213.98;0.4288;0.1873;0.057;0.1839;0.0006;211.4;92.882;28.274;88.769;0.2974;76.067;63.592;21.484;6.7964;1.0216;14.695;1.1762;8.9199;0;1;0;0;1.3397;0.9447;1;1;0.9139;0.0751;0.9824;0.994;1;0.9673;0.9459;0.998;0.998;1;0.998;0.998;0.9263;0.8822;0.0709;0.6459;0.6343;0.0038;0.0164;-0.0072;0.0043;0.0154;0.0027;0;0;0.088;0.4865;0;0;0;0;0;0;0;0;0;0;0;0;0.0124;0.0012;0.585;0.585;0;21.839;21.839;10.269;0.0488;542.39;1078.6;1;0.0105;0.0105;0;0;0;0;0;0;0.5745;0.4865;0;17.034;19.725;14.166;16.404;98.201;98.201;5.4468;4.9338;4.1029;0.513;0.8309;0.0942;0.1525;0.7533;75.82;0.7184;0
11/08/21 09:00;28.042;-42.613;40.507;38.193;51.807;-90;-51.807;338.69;168.9;169.79;13.58;7.77;0;274.6;99.62;74.047;0;10.342;458.61;0;458.61;274.6;74.047;99.62;10.342;0.5988;0.2398;0;0.0226;438.9;19.712;0;0;10.088;9.6242;432.5;5.5193;1.968;0.5307;2.9914;0.0291;438.02;0.8778;0.5492;0.1481;0.1791;0.0014;435.45;272.08;73.368;86.361;0.687;151.75;126.86;41.202;9.9169;1.9091;27.462;2.9442;19.454;0;1;0;0;1.3541;0.957;1;1;0.8987;0.0694;0.9874;0.9928;1;0.9665;0.9593;0.998;0.998;1;0.998;0.998;0.9431;0.8669;0.0664;1.3052;1.3009;0.0078;0.0079;0.0452;0.0087;0.0308;0.005;0;0;0.088;1.0598;0;0;0;0;0;0;0;0;0;0;0;0;0.0248;0.0043;1.1664;1.1664;0;34.831;34.831;21.252;0.0491;1117.9;1043.4;1;0.0186;0.0186;0;0;0;0;0;0;1.1478;1.0598;0;16.806;19.461;15.27;17.683;98.406;98.406;11.007;9.8364;8.9375;1.1702;0.8989;0.1063;0.0817;0.812;79.228;0.7772;0
11/08/21 10:00;35.133;-27.763;46.358;56.497;33.503;-90;-33.503;503.8;142.1;361.7;15.22;8.74;0;433.77;68.829;80.39;0;6.6963;589.68;0;589.68;433.77;80.39;68.829;6.6963;0.7356;0.1281;0;0.0114;580.12;9.5668;0;0;3.6265;5.9403;571.3;7.6596;4.5902;0.8507;2.1053;0.1134;578.96;1.1602;0.8675;0.1608;0.1304;0.0015;573.23;428.31;79.378;62.967;0.641;264.3;220.95;71.297;1.5275;2.3316;33.539;1.9374;34.344;0;1;0;0;1.1705;0.9838;1;1;0.9473;0.1129;0.9868;0.9894;1;0.9676;0.8496;0.998;0.998;1;0.998;0.998;0.9688;0.9148;0.0957;1.6782;1.7072;0.0103;0.0026;0.1109;0.0111;0.0393;0.0059;0;0;0.088;1.3771;0;0;0;0;0;0;0;0;0;0;0;0;0.0317;0.0071;1.4884;1.4884;0;43.455;43.455;28.235;0.0494;1468.6;1013.5;1;0.0233;0.0233;0;0;0;0;0;0;1.4651;1.3771;0;16.679;19.314;15.432;17.87;98.436;98.436;14.152;12.552;11.614;1.6003;0.9385;0.1131;0.0663;0.8206;46.525;0.7871;0
11/08/21 11:00;39.153;-10.279;49.731;77.639;12.361;-90;-12.361;521.2;199.9;321.31;18.5;9.43;0;328.93;122.12;78.162;0;0.9666;530.17;0;530.17;328.93;78.162;122.12;0.9666;0.6204;0.2322;0;0.0018;528.12;2.058;0;0;1.2556;0.8024;517.16;9.898;4.1282;0.981;4.752;0.0368;527.06;1.0562;0.6579;0.1563;0.2417;0.0003;517.37;324.14;77.024;115.87;0.1271;304.3;254.39;79.831;0.0787;2.7219;39.154;0.2048;41.797;0;1;0;0;1.0172;0.9961;1;1;0.9897;0.1699;0.9812;0.9874;1;0.9606;0.7755;0.998;0.998;1;0.998;0.998;0.9755;0.9488;0.1315;1.5088;1.5587;0.0094;0.0044;0.1051;0.0101;0.0357;0.0069;0;0;0.088;1.2435;0;0;0;0;0;0;0;0;0;0;0;0;0.0288;0.006;1.3523;1.3523;0;44.084;44.084;25.584;0.0495;1340.4;1008.9;1;0.0208;0.0208;0;0;0;0;0;0;1.3315;1.2435;0;16.855;19.518;15.499;17.948;98.462;98.462;12.724;11.404;10.487;1.3197;0.9175;0.1037;0.0721;0.8242;73.672;0.781;0
11/08/21 12:00;39.35;8.4499;49.897;79.84;10.16;90;10.16;641.69;115.6;526.09;19;9.45;0;534.48;43.267;73.136;0;0.805;651.68;0;651.68;534.48;73.136;43.267;0.805;0.8201;0.0676;0;0.0012;650.69;0.9913;0;0;0.3215;0.6698;639.93;9.4628;6.7598;0.925;1.7476;0.0304;649.39;1.3014;1.069;0.1463;0.0859;0.0003;640.08;526.65;72.065;41.112;0.1045;374.72;313.27;99.537;0.0135;3.2666;46.989;0.1556;50.242;0;1;0;0;1.0156;0.9985;1;1;0.9926;0.1679;0.9854;0.9873;1;0.9592;0.7749;0.998;0.998;1;0.998;0.998;0.982;0.9502;0.1298;1.8546;1.9254;0.0116;0.0003;0.1753;0.0122;0.0432;0.0081;0;0;0.088;1.5178;0;0;0;0;0;0;0;0;0;0;0;0;0.0348;0.0089;1.6313;1.6313;0;50.807;50.807;31.807;0.0497;1656.7;984.63;1;0.0255;0.0255;0;0;0;0;0;0;1.6058;1.5178;0;16.541;19.154;15.39;17.821;98.437;98.437;15.64;13.757;12.8;1.8838;0.9571;0.1204;0.0612;0.8184;25.946;0.7764;0
11/08/21 13:00;35.682;26.143;46.817;58.468;31.532;90;31.532;579.9;120.3;459.6;20.22;9.1;0;539.22;45.526;83.47;0;6.8499;675.07;0;675.07;539.22;83.47;45.526;6.8499;0.7988;0.0776;0;0.0101;666.83;8.2351;0;0;2.1862;6.0488;657.2;8.294;5.8503;0.9056;1.4039;0.1342;665.5;1.3337;1.0784;0.1669;0.0867;0.0016;659.1;532.29;82.398;41.849;0.6653;305.59;255.47;83.102;0.8206;2.5912;37.273;1.9007;39.044;0;1;0;0;1.1641;0.9878;1;1;0.952;0.1169;0.9875;0.9891;1;0.9675;0.8321;0.998;0.998;1;0.998;0.998;0.9735;0.9192;0.0971;1.9212;1.9604;0.0118;0;0.1934;0.0123;0.0436;0.0063;0;0;0.088;1.535;0;0;0;0;0;0;0;0;0;0;0;0;0.0351;0.0092;1.6487;1.6487;0;52.941;52.941;32.721;0.0498;1688.8;976.25;1;0.0257;0.0257;0;0;0;0;0;0;1.623;1.535;0;16.138;18.688;15.026;17.399;98.443;98.443;16.202;13.903;12.945;2.2981;0.9586;0.1418;0.0592;0.799;30.331;0.7673;0
11/08/21 14:00;28.852;41.273;41.169;39.869;50.131;90;50.131;463.4;125.2;338.2;20.3;8.3501;0;527.58;48.691;102.74;0;13.308;692.32;0;692.32;527.58;102.74;48.691;13.308;0.762;0.0896;0;0.0192;675.17;17.148;0;0;4.7168;12.432;667.57;6.2564;3.985;0.776;1.4572;0.0381;673.82;1.3503;1.0552;0.2055;0.0879;0.0018;670.79;522.54;101.76;42.429;0.8361;183.5;153.41;48.106;4.3245;1.9216;27.642;3.2192;25.239;0;1;0;0;1.494;0.9752;1;1;0.9031;0.0658;0.9907;0.9924;1;0.9668;0.9564;0.998;0.998;1;0.998;0.998;0.9642;0.8714;0.0628;1.9703;1.9745;0.0119;-0.0001;0.1991;0.0123;0.0438;0.0047;0;0;0.088;1.5444;0;0;0;0;0;0;0;0;0;0;0;0;0.0353;0.0093;1.6582;1.6582;0;53.552;53.552;33.252;0.0498;1702.1;974.21;1;0.0258;0.0258;0;0;0;0;0;0;1.6324;1.5444;0;15.827;18.327;14.741;17.069;98.443;98.443;16.616;13.984;13.024;2.6319;0.9598;0.1584;0.0578;0.7838;38.065;0.7611;0
11/08/21 15:00;19.798;53.696;34.771;24.069;57.475;90;57.475;292.9;135.4;157.5;20.28;7.7299;0;381.99;67.766;114.61;0;10.834;575.2;0;575.2;381.99;114.61;67.766;10.834;0.6641;0.1366;0;0.0188;557.05;18.151;0;0;8.0044;10.147;551.93;4.0024;1.4588;0.4377;2.0689;0.037;555.93;1.1141;0.764;0.2292;0.1195;0.0014;553.45;379.76;113.95;57.574;0.6486;58.3;48.739;17.113;9.7224;1.0343;14.878;1.5196;6.19;0;1;0;0;1.9638;0.9684;1;1;0.8819;0.0634;0.9928;0.9962;1;0.9653;0.946;0.998;0.998;1;0.998;0.998;0.9595;0.8496;0.0599;1.637;1.6133;0.0097;0.0037;0.1293;0.0103;0.0365;0.0026;0;0;0.088;1.2763;0;0;0;0;0;0;0;0;0;0;0;0;0.0294;0.0064;1.3854;1.3854;0;47.657;47.657;27.377;0.0496;1389.6;996.96;1;0.0211;0.0211;0;0;0;0;0;0;1.3643;1.2763;0;15.916;18.43;14.663;16.979;98.479;98.479;13.805;11.683;10.763;2.1215;0.9199;0.1537;0.0666;0.7797;57.297;0.7649;0
11/08/21 16:00;9.2964;64.012;66.934;10.321;15.433;90;15.433;73.704;71.003;2.7009;18.97;7.7201;0;6.5506;68.848;2.161;0;0.2126;77.772;0;77.772;6.5506;2.161;68.848;0.2126;0.0842;0.888;0;0.0027;76.562;1.2098;0;0;1.0326;0.1772;73.2;3.2092;0.5037;0.1662;2.5314;0.0079;76.409;0.1531;0.0131;0.0043;0.1356;0.0001;73.247;6.0338;1.9905;65.148;0.0274;41.981;35.096;10.601;0.0986;0.4081;5.8698;0.0465;6.1792;0;1;0;0;1.0552;0.9844;1;1;0.985;0.1666;0.958;0.923;1;0.9626;0.7753;0.998;0.998;1;0.998;0.998;0.9412;0.9463;0.1289;0.2213;0.2213;0.0013;0.0153;-0.002;0.0014;0.0051;0.001;0;0;0.088;0.1005;0;0;0;0;0;0;0;0;0;0;0;0;0.0041;0.0002;0.1947;0.1947;0;22.584;22.584;3.6143;0.0494;188.08;1035.3;1;0.0062;0.0062;0;0;0;0;0;0;0.1885;0.1005;0;16.544;19.158;8.5431;9.8927;96.832;96.832;1.8665;1.6421;0.8479;0.2245;0.7941;0.1203;0.4255;0.4543;41.963;0.43;0
11/08/21 17:00;1.9587;69.939;85.245;2.0851;2.9773;90;2.9773;0;0;0;17.11;7.84;0;0;0;0;0;0;0;0;0;0;0;0;0;1;1;1;1;0;0;0;0;0;0;0;0;0;0;0;0;0;0;0;0;0;0;0;0;0;0;0;0;0;0;0;0;0;0;0;0;0;0;0;1;1;1;1;1;1;1;1;1;1;1;1;1;1;1;1;1;1;1;0;0;0;0;0;0;0;0;0;0.0004;0.088;-0.0884;0;0;0;0;0;0;0;0;0;0;0;0;0;0;0;0;0;0;0;-17.11;0;0;0;0;0.0004;0;0;0;0;0;0;0;-0.0004;-0.0884;0;0;0;0;0;0;0;0;0;-0.7452;0;0.7452;1;1;0;0;0;0
11/08/21 18:00;0;0;90;0;0;90;0;0;0;0;16.5;7.6599;0;0;0;0;0;0;0;0;0;0;0;0;0;1;1;1;1;0;0;0;0;0;0;0;0;0;0;0;0;0;0;0;0;0;0;0;0;0;0;0;0;0;0;0;0;0;0;0;0;0;0;0;1;1;1;1;1;1;1;1;1;1;1;1;1;1;1;1;1;1;1;0;0;0;0;0;0;0;0;0;0.0004;0.088;-0.0884;0;0;0;0;0;0;0;0;0;0;0;0;0;0;0;0;0;0;0;-16.5;0;0;0;0;0.0004;0;0;0;0;0;0;0;-0.0004;-0.0884;0;0;0;0;0;0;0;0;0;-0.7452;0;0.7452;1;1;0;0;0;0
11/08/21 19:00;0;0;90;0;0;90;0;0;0;0;14.54;6.6899;0;0;0;0;0;0;0;0;0;0;0;0;0;1;1;1;1;0;0;0;0;0;0;0;0;0;0;0;0;0;0;0;0;0;0;0;0;0;0;0;0;0;0;0;0;0;0;0;0;0;0;0;1;1;1;1;1;1;1;1;1;1;1;1;1;1;1;1;1;1;1;0;0;0;0;0;0;0;0;0;0.0004;0.088;-0.0884;0;0;0;0;0;0;0;0;0;0;0;0;0;0;0;0;0;0;0;-14.54;0;0;0;0;0.0004;0;0;0;0;0;0;0;-0.0004;-0.0884;0;0;0;0;0;0;0;0;0;-0.7452;0;0.7452;1;1;0;0;0;0
11/08/21 20:00;0;0;90;0;0;90;0;0;0;0;11.5;6.6199;0;0;0;0;0;0;0;0;0;0;0;0;0;1;1;1;1;0;0;0;0;0;0;0;0;0;0;0;0;0;0;0;0;0;0;0;0;0;0;0;0;0;0;0;0;0;0;0;0;0;0;0;1;1;1;1;1;1;1;1;1;1;1;1;1;1;1;1;1;1;1;0;0;0;0;0;0;0;0;0;0.0004;0.088;-0.0884;0;0;0;0;0;0;0;0;0;0;0;0;0;0;0;0;0;0;0;-11.5;0;0;0;0;0.0004;0;0;0;0;0;0;0;-0.0004;-0.0884;0;0;0;0;0;0;0;0;0;-0.7452;0;0.7452;1;1;0;0;0;0
11/08/21 21:00;0;0;90;0;0;90;0;0;0;0;11.1;6.8401;0;0;0;0;0;0;0;0;0;0;0;0;0;1;1;1;1;0;0;0;0;0;0;0;0;0;0;0;0;0;0;0;0;0;0;0;0;0;0;0;0;0;0;0;0;0;0;0;0;0;0;0;1;1;1;1;1;1;1;1;1;1;1;1;1;1;1;1;1;1;1;0;0;0;0;0;0;0;0;0;0.0004;0.088;-0.0884;0;0;0;0;0;0;0;0;0;0;0;0;0;0;0;0;0;0;0;-11.1;0;0;0;0;0.0004;0;0;0;0;0;0;0;-0.0004;-0.0884;0;0;0;0;0;0;0;0;0;-0.7452;0;0.7452;1;1;0;0;0;0
11/08/21 22:00;0;0;90;0;0;90;0;0;0;0;10.42;5.52;0;0;0;0;0;0;0;0;0;0;0;0;0;1;1;1;1;0;0;0;0;0;0;0;0;0;0;0;0;0;0;0;0;0;0;0;0;0;0;0;0;0;0;0;0;0;0;0;0;0;0;0;1;1;1;1;1;1;1;1;1;1;1;1;1;1;1;1;1;1;1;0;0;0;0;0;0;0;0;0;0.0004;0.088;-0.0884;0;0;0;0;0;0;0;0;0;0;0;0;0;0;0;0;0;0;0;-10.42;0;0;0;0;0.0004;0;0;0;0;0;0;0;-0.0004;-0.0884;0;0;0;0;0;0;0;0;0;-0.7452;0;0.7452;1;1;0;0;0;0
11/08/21 23:00;0;0;90;0;0;90;0;0;0;0;10.7;3.5999;0;0;0;0;0;0;0;0;0;0;0;0;0;1;1;1;1;0;0;0;0;0;0;0;0;0;0;0;0;0;0;0;0;0;0;0;0;0;0;0;0;0;0;0;0;0;0;0;0;0;0;0;1;1;1;1;1;1;1;1;1;1;1;1;1;1;1;1;1;1;1;0;0;0;0;0;0;0;0;0;0.0004;0.088;-0.0884;0;0;0;0;0;0;0;0;0;0;0;0;0;0;0;0;0;0;0;-10.7;0;0;0;0;0.0004;0;0;0;0;0;0;0;-0.0004;-0.0884;0;0;0;0;0;0;0;0;0;-0.7452;0;0.7452;1;1;0;0;0;0
12/08/21 00:00;0;0;90;0;0;90;0;0;0;0;9.7002;2.4501;0;0;0;0;0;0;0;0;0;0;0;0;0;1;1;1;1;0;0;0;0;0;0;0;0;0;0;0;0;0;0;0;0;0;0;0;0;0;0;0;0;0;0;0;0;0;0;0;0;0;0;0;1;1;1;1;1;1;1;1;1;1;1;1;1;1;1;1;1;1;1;0;0;0;0;0;0;0;0;0;0.0004;0.088;-0.0884;0;0;0;0;0;0;0;0;0;0;0;0;0;0;0;0;0;0;0;-9.7002;0;0;0;0;0.0004;0;0;0;0;0;0;0;-0.0004;-0.0884;0;0;0;0;0;0;0;0;0;-0.7452;0;0.7452;1;1;0;0;0;0
12/08/21 01:00;0;0;90;0;0;90;0;0;0;0;9.2302;2.65;0;0;0;0;0;0;0;0;0;0;0;0;0;1;1;1;1;0;0;0;0;0;0;0;0;0;0;0;0;0;0;0;0;0;0;0;0;0;0;0;0;0;0;0;0;0;0;0;0;0;0;0;1;1;1;1;1;1;1;1;1;1;1;1;1;1;1;1;1;1;1;0;0;0;0;0;0;0;0;0;0.0004;0.088;-0.0884;0;0;0;0;0;0;0;0;0;0;0;0;0;0;0;0;0;0;0;-9.2302;0;0;0;0;0.0004;0;0;0;0;0;0;0;-0.0004;-0.0884;0;0;0;0;0;0;0;0;0;-0.7452;0;0.7452;1;1;0;0;0;0
12/08/21 02:00;0;0;90;0;0;90;0;0;0;0;9.31;4.17;0;0;0;0;0;0;0;0;0;0;0;0;0;1;1;1;1;0;0;0;0;0;0;0;0;0;0;0;0;0;0;0;0;0;0;0;0;0;0;0;0;0;0;0;0;0;0;0;0;0;0;0;1;1;1;1;1;1;1;1;1;1;1;1;1;1;1;1;1;1;1;0;0;0;0;0;0;0;0;0;0.0004;0.088;-0.0884;0;0;0;0;0;0;0;0;0;0;0;0;0;0;0;0;0;0;0;-9.31;0;0;0;0;0.0004;0;0;0;0;0;0;0;-0.0004;-0.0884;0;0;0;0;0;0;0;0;0;-0.7452;0;0.7452;1;1;0;0;0;0
12/08/21 03:00;0;0;90;0;0;90;0;0;0;0;8.3999;4.4501;0;0;0;0;0;0;0;0;0;0;0;0;0;1;1;1;1;0;0;0;0;0;0;0;0;0;0;0;0;0;0;0;0;0;0;0;0;0;0;0;0;0;0;0;0;0;0;0;0;0;0;0;1;1;1;1;1;1;1;1;1;1;1;1;1;1;1;1;1;1;1;0;0;0;0;0;0;0;0;0;0.0004;0.088;-0.0884;0;0;0;0;0;0;0;0;0;0;0;0;0;0;0;0;0;0;0;-8.3999;0;0;0;0;0.0004;0;0;0;0;0;0;0;-0.0004;-0.0884;0;0;0;0;0;0;0;0;0;-0.7452;0;0.7452;1;1;0;0;0;0
12/08/21 04:00;0;0;90;0;0;90;0;0;0;0;7.6999;3.8101;0;0;0;0;0;0;0;0;0;0;0;0;0;1;1;1;1;0;0;0;0;0;0;0;0;0;0;0;0;0;0;0;0;0;0;0;0;0;0;0;0;0;0;0;0;0;0;0;0;0;0;0;1;1;1;1;1;1;1;1;1;1;1;1;1;1;1;1;1;1;1;0;0;0;0;0;0;0;0;0;0.0004;0.088;-0.0884;0;0;0;0;0;0;0;0;0;0;0;0;0;0;0;0;0;0;0;-7.6999;0;0;0;0;0.0004;0;0;0;0;0;0;0;-0.0004;-0.0884;0;0;0;0;0;0;0;0;0;-0.7452;0;0.7452;1;1;0;0;0;0
12/08/21 05:00;0;0;90;0;0;90;0;0;0;0;7.2;3.4201;0;0;0;0;0;0;0;0;0;0;0;0;0;1;1;1;1;0;0;0;0;0;0;0;0;0;0;0;0;0;0;0;0;0;0;0;0;0;0;0;0;0;0;0;0;0;0;0;0;0;0;0;1;1;1;1;1;1;1;1;1;1;1;1;1;1;1;1;1;1;1;0;0;0;0;0;0;0;0;0;0.0004;0.088;-0.0884;0;0;0;0;0;0;0;0;0;0;0;0;0;0;0;0;0;0;0;-7.2;0;0;0;0;0.0004;0;0;0;0;0;0;0;-0.0004;-0.0884;0;0;0;0;0;0;0;0;0;-0.7452;0;0.7452;1;1;0;0;0;0
12/08/21 06:00;1.4126;-70.73;86.572;1.4964;2.1348;-90;-2.1348;0;0;0;7.4001;3.77;0;0;0;0;0;0;0;0;0;0;0;0;0;1;1;1;1;0;0;0;0;0;0;0;0;0;0;0;0;0;0;0;0;0;0;0;0;0;0;0;0;0;0;0;0;0;0;0;0;0;0;0;1;1;1;1;1;1;1;1;1;1;1;1;1;1;1;1;1;1;1;0;0;0;0;0;0;0;0;0;0.0004;0.088;-0.0884;0;0;0;0;0;0;0;0;0;0;0;0;0;0;0;0;0;0;0;-7.4001;0;0;0;0;0.0004;0;0;0;0;0;0;0;-0.0004;-0.0884;0;0;0;0;0;0;0;0;0;-0.7452;0;0.7452;1;1;0;0;0;0
12/08/21 07:00;8.4229;-65.155;69.191;9.2677;13.723;-90;-13.723;73.802;45.4;28.402;7.4001;3.6799;0;68.883;38.241;16.018;0;0.1685;123.31;0;123.31;68.883;16.018;38.241;0.1685;0.5586;0.3115;0;0.0014;122.7;0.6088;0;0;0.4689;0.1399;112.6;9.8537;6.8113;1.5839;1.452;0.0064;122.46;0.2454;0.1378;0.032;0.0755;0.0001;112.62;61.934;14.402;36.245;0.0222;23.341;19.513;5.9003;0.036;0.2252;3.24;0.0191;3.4292;0;1;0;0;1.6708;0.9951;1;1;0.9877;0.1698;0.9195;0.9009;1;0.9615;0.7758;0.998;0.998;1;0.998;0.998;0.9132;0.9478;0.1314;0.3509;0.3287;0.002;0.0168;-0.0144;0.0023;0.0081;0.0006;0;0;0.088;0.2109;0;0;0;0;0;0;0;0;0;0;0;0;0.0065;0.0004;0.3065;0.3065;0;12.89;12.89;5.4897;0.0488;280.26;1093.7;1;0.0076;0.0076;0;0;0;0;0;0;0.2989;0.2109;0;16.425;19.019;11.3;13.085;97.508;97.508;2.9595;2.5848;1.7782;0.3747;0.8065;0.1266;0.2725;0.6009;23.17;0.5893;0
12/08/21 08:00;19.056;-54.99;37.644;22.866;47.597;-90;-47.597;188.9;130.1;58.801;7.92;3.8201;0;142.61;94.198;42.636;0;4.9213;284.36;0;284.36;142.61;42.636;94.198;4.9213;0.5015;0.3486;0;0.0173;271.37;12.995;0;0;8.4346;4.5601;266.98;3.8498;0.7837;0.2343;2.814;0.0177;270.83;0.5427;0.2852;0.0853;0.1715;0.0007;268.15;141.54;42.316;82.778;0.3427;72.212;60.369;20.589;6.9836;0.9918;14.266;1.1715;8.2745;0;1;0;0;1.5054;0.9543;1;1;0.9105;0.0734;0.9858;0.9945;1;0.9671;0.9508;0.998;0.998;1;0.998;0.998;0.9389;0.8788;0.0696;0.8093;0.7958;0.0048;0.0148;-0.0115;0.0055;0.0196;0.0027;0;0;0.088;0.6415;0;0;0;0;0;0;0;0;0;0;0;0;0.0158;0.0018;0.7424;0.7424;0;20.927;20.927;13.007;0.0487;680.98;1090.2;1;0.0129;0.0129;0;0;0;0;0;0;0.7295;0.6415;0;17.251;19.976;14.907;17.261;98.264;98.264;6.8247;6.2605;5.4097;0.5642;0.8508;0.0827;0.1247;0.7927;71.838;0.764;0
12/08/21 09:00;28.309;-42.776;40.258;38.419;51.581;-90;-51.581;477.6;78.799;398.8;9.2003;4.2299;0;641.78;23.575;80.01;0;14.465;759.83;0;759.83;641.78;80.01;23.575;14.465;0.8446;0.0501;0;0.019;743.99;15.832;0;0;2.3723;13.46;736.69;5.8165;4.5062;0.5618;0.7076;0.041;742.51;1.488;1.2836;0.16;0.0424;0.002;739.91;635.99;79.288;20.453;0.9628;171.08;143.02;43.896;2.3145;1.7419;25.057;3.221;24.484;0;1;0;0;1.5909;0.9792;1;1;0.8994;0.0695;0.9922;0.993;1;0.9666;0.9592;0.998;0.998;1;0.998;0.998;0.9696;0.8676;0.0666;2.1624;2.1671;0.0131;-0.0013;0.1567;0.014;0.0496;0.0044;0;0;0.088;1.761;0;0;0;0;0;0;0;0;0;0;0;0;0.04;0.0111;1.8796;1.8796;0;45.649;45.649;36.449;0.0495;1865.9;1007.3;1;0.0307;0.0307;0;0;0;0;0;0;1.849;1.761;0;16.347;18.929;15.315;17.734;98.369;98.369;18.236;15.851;14.851;2.3846;1.0006;0.1308;0.0549;0.8144;18.706;0.7947;0
12/08/21 10:00;35.423;-27.868;46.086;56.688;33.312;-90;-33.312;649.6;107.2;542.4;10.85;4.3199;0;649.05;29.311;90.067;0;8.539;776.96;0;776.96;649.05;90.067;29.311;8.539;0.8354;0.0487;0;0.011;767.87;9.0987;0;0;1.5305;7.5682;757.58;8.7483;6.7651;0.9388;0.8972;0.1471;766.33;1.5357;1.2981;0.1801;0.0556;0.0019;760;640.98;88.948;26.828;0.8217;334.19;279.39;90.218;0.6393;2.86;41.14;2.4196;43.361;0;1;0;0;1.1961;0.9883;1;1;0.9478;0.1137;0.9886;0.9896;1;0.9676;0.8481;0.998;0.998;1;0.998;0.998;0.9751;0.9153;0.0962;2.2112;2.2568;0.0136;-0.0017;0.1853;0.0144;0.0511;0.0071;0;0;0.088;1.8144;0;0;0;0;0;0;0;0;0;0;0;0;0.0412;0.012;1.9338;1.9338;0;48.416;48.416;37.566;0.0496;1943.6;994.96;1;0.0314;0.0314;0;0;0;0;0;0;1.9024;1.8144;0;16.447;19.045;15.431;17.869;98.374;98.374;18.647;16.308;15.301;2.3391;1.0073;0.1254;0.054;0.8205;19.785;0.7893;0
12/08/21 11:00;39.456;-10.293;49.437;77.752;12.248;-90;-12.248;249.2;236.9;12.3;11.35;4.28;0;12.587;230.81;3.5205;0;0.4538;247.37;0;247.37;12.587;3.5205;230.81;0.4538;0.0509;0.9349;0;0.0018;244.65;2.7134;0;0;2.3367;0.3767;234.95;9.2161;0.1558;0.0436;8.9995;0.0173;244.16;0.4893;0.0252;0.007;0.4569;0.0002;235.04;12.406;3.4699;219.01;0.0597;148.33;124;37.385;0.1436;1.433;20.613;0.092;21.903;0;1;0;0;0.9926;0.989;1;1;0.9899;0.1699;0.9623;0.9876;1;0.9605;0.7755;0.998;0.998;1;0.998;0.998;0.9498;0.9489;0.1315;0.704;0.7138;0.0043;0.0157;-0.0055;0.0049;0.0174;0.0038;0;0;0.088;0.5582;0;0;0;0;0;0;0;0;0;0;0;0;0.014;0.0015;0.6577;0.6577;0;22.826;22.826;11.476;0.0488;610.18;1077.9;1;0.0115;0.0115;0;0;0;0;0;0;0.6462;0.5582;0;17.57;20.346;14.911;17.266;98.244;98.244;5.9368;5.5467;4.7072;0.3901;0.8395;0.0657;0.1414;0.7929;139.2;0.7463;0
12/08/21 12:00;39.644;8.5441;49.594;79.834;10.166;90;10.166;685.39;113.2;572.19;13.27;4.2901;0;581.31;36.742;77.385;0;0.8608;696.3;0;696.3;581.31;77.385;36.742;0.8608;0.8349;0.054;0;0.0012;695.31;0.9895;0;0;0.2732;0.7162;684.19;9.731;7.2495;0.9651;1.4839;0.0325;693.92;1.3906;1.1626;0.1548;0.0729;0.0003;684.36;572.9;76.265;34.912;0.1117;400.13;334.5;106.38;0.0116;3.4818;50.085;0.1666;53.555;0;1;0;0;1.0159;0.9986;1;1;0.9926;0.1679;0.986;0.9875;1;0.9592;0.7749;0.998;0.998;1;0.998;0.998;0.9826;0.9502;0.1298;1.9816;2.0583;0.0124;-0.0007;0.1602;0.0132;0.0468;0.0087;0;0;0.088;1.6535;0;0;0;0;0;0;0;0;0;0;0;0;0.0377;0.01;1.7699;1.7699;0;47.169;47.169;33.899;0.0495;1770.1;999.9;1;0.0284;0.0284;0;0;0;0;0;0;1.7415;1.6535;0;16.797;19.45;15.692;18.171;98.394;98.394;16.711;14.926;13.944;1.7855;0.9818;0.1068;0.0587;0.8344;22.033;0.7918;0
12/08/21 13:00;35.948;26.322;46.52;58.555;31.445;90;31.445;513.8;182.7;331.1;12.8;4.35;0;388.09;97.652;90.62;0;6.0363;582.4;0;582.4;388.09;90.62;97.652;6.0363;0.6664;0.178;0;0.0104;572.4;9.9971;0;0;4.6689;5.3282;563.01;8.2425;4.1434;0.9675;3.0125;0.1191;571.26;1.1448;0.7762;0.1812;0.186;0.0014;564.78;383.17;89.471;89.785;0.5877;277.01;231.58;73.736;1.7413;2.5173;36.211;1.7711;36.987;0;1;0;0;1.1335;0.9828;1;1;0.9522;0.1173;0.9856;0.9893;1;0.9675;0.8315;0.998;0.998;1;0.998;0.998;0.9667;0.9194;0.0974;1.6575;1.6884;0.0102;0.0028;0.0924;0.0111;0.0393;0.0064;0;0;0.088;1.3762;0;0;0;0;0;0;0;0;0;0;0;0;0.0317;0.0069;1.4877;1.4877;0;40.562;40.562;27.761;0.0493;1452;1024.6;1;0.0235;0.0235;0;0;0;0;0;0;1.4642;1.3762;0;16.88;19.546;15.615;18.082;98.423;98.423;13.978;12.546;11.606;1.4316;0.94;0.1024;0.0673;0.8303;65.02;0.7934;0
12/08/21 14:00;29.081;41.498;40.886;40.009;49.991;90;49.991;479.01;115.5;363.51;13;4.27;0;565.41;41.639;100.8;0;13.684;721.54;0;721.54;565.41;100.8;41.639;13.684;0.7836;0.0767;0;0.019;704.74;16.799;0;0;4.0173;12.781;697.13;6.2073;4.1772;0.7447;1.2459;0.0395;703.33;1.4095;1.1308;0.2016;0.0752;0.0018;700.38;560.11;99.858;36.301;0.8612;187.47;156.73;49.008;3.6629;1.9232;27.665;3.2532;25.925;0;1;0;0;1.5063;0.9767;1;1;0.9035;0.066;0.9912;0.9926;1;0.9668;0.9562;0.998;0.998;1;0.998;0.998;0.9662;0.8718;0.0629;2.0535;2.0593;0.0124;-0.0007;0.1631;0.0132;0.0468;0.0048;0;0;0.088;1.6555;0;0;0;0;0;0;0;0;0;0;0;0;0.0377;0.0101;1.7719;1.7719;0;47.549;47.549;34.549;0.0496;1773;999.39;1;0.0284;0.0284;0;0;0;0;0;0;1.7435;1.6555;0;16.228;18.791;15.161;17.556;98.395;98.395;17.317;14.943;13.961;2.374;0.982;0.1371;0.0567;0.8062;32.506;0.7837;0
12/08/21 15:00;19.993;53.942;34.017;24.23;60;90;60;117.79;115.2;2.5953;13.52;3.14;0;6.2918;85.907;1.5905;0;4.7117;98.501;0;98.501;6.2918;1.5905;85.907;4.7117;0.0639;0.92;0;0.0478;83.293;15.208;0;0;10.8;4.4079;80.427;2.6995;0.0213;0.0054;2.6522;0.0207;83.126;0.1666;0.0126;0.0032;0.1502;0.0006;82.447;6.258;1.582;72.304;0.2826;74.805;62.537;22.539;14.363;1.412;20.312;2.0202;7.3607;0;1;0;0;0.8362;0.8456;1;1;0.8743;0.0645;0.9675;0.9966;1;0.9646;0.9318;0.998;0.998;1;0.998;0.998;0.8165;0.8417;0.06;0.2803;0.2766;0.0017;0.0162;-0.0076;0.0019;0.0066;0.0037;0;0;0.088;0.1536;0;0;0;0;0;0;0;0;0;0;0;0;0.0053;0.0003;0.2484;0.2484;0;17.47;17.47;3.9499;0.0491;234.21;1060.8;1;0.0068;0.0068;0;0;0;0;0;0;0.2416;0.1536;0;16.667;19.3;10.306;11.934;97.257;97.257;2.364;2.0951;1.2956;0.2689;0.7996;0.1137;0.3382;0.548;74.788;0.4747;0
12/08/21 16:00;9.4641;64.267;66.498;10.484;15.703;90;15.703;112.5;92.303;20.197;13.18;2.5599;0;48.984;82.232;20.63;0;0.3359;152.18;0;152.18;48.984;20.63;82.232;0.3359;0.3219;0.5426;0;0.0022;150.63;1.5498;0;0;1.2698;0.28;142.21;8.1198;3.5881;1.5112;3.008;0.0125;150.33;0.3013;0.098;0.0413;0.1619;0.0001;142.27;45.298;19.078;77.793;0.0433;50.312;42.061;12.728;0.1253;0.4879;7.0189;0.0581;7.3815;0;1;0;0;1.3527;0.9898;1;1;0.9846;0.1665;0.946;0.9266;1;0.9628;0.7755;0.998;0.998;1;0.998;0.998;0.9345;0.946;0.1288;0.4331;0.4211;0.0025;0.0172;-0.0074;0.0029;0.0101;0.0013;0;0;0.088;0.2894;0;0;0;0;0;0;0;0;0;0;0;0;0.0082;0.0006;0.3856;0.3856;0;20.14;20.14;6.9601;0.0489;359.78;1071.9;1;0.0083;0.0083;0;0;0;0;0;0;0.3774;0.2894;0;16.745;19.39;12.565;14.55;97.858;97.858;3.6524;3.2521;2.4403;0.4003;0.8118;0.1096;0.2223;0.6681;50.172;0.6458;0
12/08/21 17:00;1.92;70.346;85.339;2.0387;2.9108;90;2.9108;0;0;0;10.26;2.6101;0;0;0;0;0;0;0;0;0;0;0;0;0;1;1;1;1;0;0;0;0;0;0;0;0;0;0;0;0;0;0;0;0;0;0;0;0;0;0;0;0;0;0;0;0;0;0;0;0;0;0;0;1;1;1;1;1;1;1;1;1;1;1;1;1;1;1;1;1;1;1;0;0;0;0;0;0;0;0;0;0.0004;0.088;-0.0884;0;0;0;0;0;0;0;0;0;0;0;0;0;0;0;0;0;0;0;-10.26;0;0;0;0;0.0004;0;0;0;0;0;0;0;-0.0004;-0.0884;0;0;0;0;0;0;0;0;0;-0.7452;0;0.7452;1;1;0;0;0;0
12/08/21 18:00;0;0;90;0;0;90;0;0;0;0;8.1799;2.59;0;0;0;0;0;0;0;0;0;0;0;0;0;1;1;1;1;0;0;0;0;0;0;0;0;0;0;0;0;0;0;0;0;0;0;0;0;0;0;0;0;0;0;0;0;0;0;0;0;0;0;0;1;1;1;1;1;1;1;1;1;1;1;1;1;1;1;1;1;1;1;0;0;0;0;0;0;0;0;0;0.0004;0.088;-0.0884;0;0;0;0;0;0;0;0;0;0;0;0;0;0;0;0;0;0;0;-8.1799;0;0;0;0;0.0004;0;0;0;0;0;0;0;-0.0004;-0.0884;0;0;0;0;0;0;0;0;0;-0.7452;0;0.7452;1;1;0;0;0;0
12/08/21 19:00;0;0;90;0;0;90;0;0;0;0;6.1703;2.4699;0;0;0;0;0;0;0;0;0;0;0;0;0;1;1;1;1;0;0;0;0;0;0;0;0;0;0;0;0;0;0;0;0;0;0;0;0;0;0;0;0;0;0;0;0;0;0;0;0;0;0;0;1;1;1;1;1;1;1;1;1;1;1;1;1;1;1;1;1;1;1;0;0;0;0;0;0;0;0;0;0.0004;0.088;-0.0884;0;0;0;0;0;0;0;0;0;0;0;0;0;0;0;0;0;0;0;-6.1703;0;0;0;0;0.0004;0;0;0;0;0;0;0;-0.0004;-0.0884;0;0;0;0;0;0;0;0;0;-0.7452;0;0.7452;1;1;0;0;0;0
12/08/21 20:00;0;0;90;0;0;90;0;0;0;0;4.7497;2.3001;0;0;0;0;0;0;0;0;0;0;0;0;0;1;1;1;1;0;0;0;0;0;0;0;0;0;0;0;0;0;0;0;0;0;0;0;0;0;0;0;0;0;0;0;0;0;0;0;0;0;0;0;1;1;1;1;1;1;1;1;1;1;1;1;1;1;1;1;1;1;1;0;0;0;0;0;0;0;0;0;0.0004;0.088;-0.0884;0;0;0;0;0;0;0;0;0;0;0;0;0;0;0;0;0;0;0;-4.7497;0;0;0;0;0.0004;0;0;0;0;0;0;0;-0.0004;-0.0884;0;0;0;0;0;0;0;0;0;-0.7452;0;0.7452;1;1;0;0;0;0
12/08/21 21:00;0;0;90;0;0;90;0;0;0;0;4.0802;2.11;0;0;0;0;0;0;0;0;0;0;0;0;0;1;1;1;1;0;0;0;0;0;0;0;0;0;0;0;0;0;0;0;0;0;0;0;0;0;0;0;0;0;0;0;0;0;0;0;0;0;0;0;1;1;1;1;1;1;1;1;1;1;1;1;1;1;1;1;1;1;1;0;0;0;0;0;0;0;0;0;0.0004;0.088;-0.0884;0;0;0;0;0;0;0;0;0;0;0;0;0;0;0;0;0;0;0;-4.0802;0;0;0;0;0.0004;0;0;0;0;0;0;0;-0.0004;-0.0884;0;0;0;0;0;0;0;0;0;-0.7452;0;0.7452;1;1;0;0;0;0
12/08/21 22:00;0;0;90;0;0;90;0;0;0;0;5.12;1.97;0;0;0;0;0;0;0;0;0;0;0;0;0;1;1;1;1;0;0;0;0;0;0;0;0;0;0;0;0;0;0;0;0;0;0;0;0;0;0;0;0;0;0;0;0;0;0;0;0;0;0;0;1;1;1;1;1;1;1;1;1;1;1;1;1;1;1;1;1;1;1;0;0;0;0;0;0;0;0;0;0.0004;0.088;-0.0884;0;0;0;0;0;0;0;0;0;0;0;0;0;0;0;0;0;0;0;-5.12;0;0;0;0;0.0004;0;0;0;0;0;0;0;-0.0004;-0.0884;0;0;0;0;0;0;0;0;0;-0.7452;0;0.7452;1;1;0;0;0;0
12/08/21 23:00;0;0;90;0;0;90;0;0;0;0;7.22;1.9299;0;0;0;0;0;0;0;0;0;0;0;0;0;1;1;1;1;0;0;0;0;0;0;0;0;0;0;0;0;0;0;0;0;0;0;0;0;0;0;0;0;0;0;0;0;0;0;0;0;0;0;0;1;1;1;1;1;1;1;1;1;1;1;1;1;1;1;1;1;1;1;0;0;0;0;0;0;0;0;0;0.0004;0.088;-0.0884;0;0;0;0;0;0;0;0;0;0;0;0;0;0;0;0;0;0;0;-7.22;0;0;0;0;0.0004;0;0;0;0;0;0;0;-0.0004;-0.0884;0;0;0;0;0;0;0;0;0;-0.7452;0;0.7452;1;1;0;0;0;0
13/08/21 00:00;0;0;90;0;0;90;0;0;0;0;7.4599;1.88;0;0;0;0;0;0;0;0;0;0;0;0;0;1;1;1;1;0;0;0;0;0;0;0;0;0;0;0;0;0;0;0;0;0;0;0;0;0;0;0;0;0;0;0;0;0;0;0;0;0;0;0;1;1;1;1;1;1;1;1;1;1;1;1;1;1;1;1;1;1;1;0;0;0;0;0;0;0;0;0;0.0004;0.088;-0.0884;0;0;0;0;0;0;0;0;0;0;0;0;0;0;0;0;0;0;0;-7.4599;0;0;0;0;0.0004;0;0;0;0;0;0;0;-0.0004;-0.0884;0;0;0;0;0;0;0;0;0;-0.7452;0;0.7452;1;1;0;0;0;0
13/08/21 01:00;0;0;90;0;0;90;0;0;0;0;6.97;1.8;0;0;0;0;0;0;0;0;0;0;0;0;0;1;1;1;1;0;0;0;0;0;0;0;0;0;0;0;0;0;0;0;0;0;0;0;0;0;0;0;0;0;0;0;0;0;0;0;0;0;0;0;1;1;1;1;1;1;1;1;1;1;1;1;1;1;1;1;1;1;1;0;0;0;0;0;0;0;0;0;0.0004;0.088;-0.0884;0;0;0;0;0;0;0;0;0;0;0;0;0;0;0;0;0;0;0;-6.97;0;0;0;0;0.0004;0;0;0;0;0;0;0;-0.0004;-0.0884;0;0;0;0;0;0;0;0;0;-0.7452;0;0.7452;1;1;0;0;0;0
13/08/21 02:00;0;0;90;0;0;90;0;0;0;0;6.9999;1.71;0;0;0;0;0;0;0;0;0;0;0;0;0;1;1;1;1;0;0;0;0;0;0;0;0;0;0;0;0;0;0;0;0;0;0;0;0;0;0;0;0;0;0;0;0;0;0;0;0;0;0;0;1;1;1;1;1;1;1;1;1;1;1;1;1;1;1;1;1;1;1;0;0;0;0;0;0;0;0;0;0.0004;0.088;-0.0884;0;0;0;0;0;0;0;0;0;0;0;0;0;0;0;0;0;0;0;-6.9999;0;0;0;0;0.0004;0;0;0;0;0;0;0;-0.0004;-0.0884;0;0;0;0;0;0;0;0;0;-0.7452;0;0.7452;1;1;0;0;0;0
13/08/21 03:00;0;0;90;0;0;90;0;0;0;0;6.5598;1.5801;0;0;0;0;0;0;0;0;0;0;0;0;0;1;1;1;1;0;0;0;0;0;0;0;0;0;0;0;0;0;0;0;0;0;0;0;0;0;0;0;0;0;0;0;0;0;0;0;0;0;0;0;1;1;1;1;1;1;1;1;1;1;1;1;1;1;1;1;1;1;1;0;0;0;0;0;0;0;0;0;0.0004;0.088;-0.0884;0;0;0;0;0;0;0;0;0;0;0;0;0;0;0;0;0;0;0;-6.5598;0;0;0;0;0.0004;0;0;0;0;0;0;0;-0.0004;-0.0884;0;0;0;0;0;0;0;0;0;-0.7452;0;0.7452;1;1;0;0;0;0
13/08/21 04:00;0;0;90;0;0;90;0;0;0;0;6.97;1.3501;0;0;0;0;0;0;0;0;0;0;0;0;0;1;1;1;1;0;0;0;0;0;0;0;0;0;0;0;0;0;0;0;0;0;0;0;0;0;0;0;0;0;0;0;0;0;0;0;0;0;0;0;1;1;1;1;1;1;1;1;1;1;1;1;1;1;1;1;1;1;1;0;0;0;0;0;0;0;0;0;0.0004;0.088;-0.0884;0;0;0;0;0;0;0;0;0;0;0;0;0;0;0;0;0;0;0;-6.97;0;0;0;0;0.0004;0;0;0;0;0;0;0;-0.0004;-0.0884;0;0;0;0;0;0;0;0;0;-0.7452;0;0.7452;1;1;0;0;0;0
13/08/21 05:00;0;0;90;0;0;90;0;0;0;0;7.1003;0.99;0;0;0;0;0;0;0;0;0;0;0;0;0;1;1;1;1;0;0;0;0;0;0;0;0;0;0;0;0;0;0;0;0;0;0;0;0;0;0;0;0;0;0;0;0;0;0;0;0;0;0;0;1;1;1;1;1;1;1;1;1;1;1;1;1;1;1;1;1;1;1;0;0;0;0;0;0;0;0;0;0.0004;0.088;-0.0884;0;0;0;0;0;0;0;0;0;0;0;0;0;0;0;0;0;0;0;-7.1003;0;0;0;0;0.0004;0;0;0;0;0;0;0;-0.0004;-0.0884;0;0;0;0;0;0;0;0;0;-0.7452;0;0.7452;1;1;0;0;0;0
13/08/21 06:00;1.626;-70.951;86.054;1.7202;2.4548;-90;-2.4548;0;0;0;7.1003;0.66;0;0;0;0;0;0;0;0;0;0;0;0;0;1;1;1;1;0;0;0;0;0;0;0;0;0;0;0;0;0;0;0;0;0;0;0;0;0;0;0;0;0;0;0;0;0;0;0;0;0;0;0;1;1;1;1;1;1;1;1;1;1;1;1;1;1;1;1;1;1;1;0;0;0;0;0;0;0;0;0;0.0004;0.088;-0.0884;0;0;0;0;0;0;0;0;0;0;0;0;0;0;0;0;0;0;0;-7.1003;0;0;0;0;0.0004;0;0;0;0;0;0;0;-0.0004;-0.0884;0;0;0;0;0;0;0;0;0;-0.7452;0;0.7452;1;1;0;0;0;0
13/08/21 07:00;8.647;-65.367;68.615;9.4976;14.092;-90;-14.092;48.192;44.601;3.5905;7.6002;0.6301;0;8.7079;43.143;1.9374;0;0.116;53.905;0;53.905;8.7079;1.9374;43.143;0.116;0.1615;0.8025;0;0.0022;53.255;0.6496;0;0;0.5532;0.0963;50.53;2.6186;0.8075;0.1797;1.6271;0.0044;53.149;0.1065;0.0174;0.0039;0.0852;0;50.553;7.8829;1.7539;40.878;0.0152;26.193;21.898;6.6001;0.0447;0.2544;3.6598;0.0231;3.8696;0;1;0;0;1.1185;0.9879;1;1;0.9872;0.1697;0.9507;0.9071;1;0.9617;0.7759;0.998;0.998;1;0.998;0.998;0.9374;0.9475;0.1314;0.1534;0.152;0.0009;0.0133;-0.0083;0.001;0.0036;0.0007;0;0;0.088;0.0436;0;0;0;0;0;0;0;0;0;0;0;0;0.0029;0.0001;0.1377;0.1377;0;10.08;10.08;2.4794;0.0491;128.24;1073.4;1;0.006;0.006;0;0;0;0;0;0;0.1316;0.0436;0;16.874;19.54;5.3499;6.195;95.634;95.634;1.2937;1.1608;0.368;0.1329;0.7928;0.1027;0.6128;0.2845;26.172;0.2707;0
13/08/21 08:00;19.301;-55.184;36.713;23.102;49.001;-90;-49.001;114.71;109.5;5.2096;9.4303;2.0799;0;12.635;89.594;3.1391;0;3.1564;108.52;0;108.52;12.635;3.1391;89.594;3.1564;0.1164;0.8547;0;0.0291;97.226;11.299;0;0;8.3687;2.9299;94.264;2.7675;0.0626;0.0155;2.6792;0.0102;97.032;0.1945;0.0253;0.0063;0.1625;0.0005;95.47;12.547;3.1173;78.384;0.2159;69.299;57.934;19.84;7.3464;0.9884;14.217;1.2061;7.8595;0;1;0;0;0.9461;0.8959;1;1;0.9066;0.0718;0.9715;0.995;1;0.9669;0.9551;0.998;0.998;1;0.998;0.998;0.8686;0.8749;0.0684;0.3089;0.3016;0.0018;0.0165;-0.012;0.0021;0.0073;0.0026;0;0;0.088;0.1817;0;0;0;0;0;0;0;0;0;0;0;0;0.0059;0.0004;0.277;0.277;0;14.039;14.039;4.6083;0.0489;256.1;1081.4;1;0.0072;0.0072;0;0;0;0;0;0;0.2697;0.1817;0;16.864;19.528;11.066;12.814;97.392;97.392;2.6046;2.3356;1.5326;0.269;0.803;0.1033;0.3083;0.5884;69.267;0.5359;0
13/08/21 09:00;28.579;-42.94;40.006;38.648;51.352;-90;-51.352;364.11;156.2;207.9;11.81;3.1001;0;332.9;85.522;81.522;0;10.937;510.88;0;510.88;332.9;81.522;85.522;10.937;0.6516;0.1888;0;0.0214;492.15;18.725;0;0;8.5503;10.175;485.72;5.4459;2.2885;0.5604;2.5659;0.0312;491.17;0.9843;0.6658;0.163;0.1539;0.0015;488.67;329.94;80.799;74.252;0.7295;156.48;130.82;42.086;8.2562;1.8665;26.849;2.9445;20.459;0;1;0;0;1.4031;0.9633;1;1;0.9;0.0697;0.9889;0.9931;1;0.9666;0.959;0.998;0.998;1;0.998;0.998;0.9508;0.8682;0.0667;1.4539;1.4519;0.0087;0.0058;0.0546;0.0097;0.0343;0.0049;0;0;0.088;1.1924;0;0;0;0;0;0;0;0;0;0;0;0;0.0277;0.0052;1.301;1.301;0;35.68;35.68;23.869;0.0491;1248.4;1042.1;1;0.0206;0.0206;0;0;0;0;0;0;1.2804;1.1924;0;16.828;19.486;15.423;17.86;98.418;98.418;12.261;10.971;10.056;1.2897;0.9157;0.1052;0.0747;0.8201;67.699;0.7891;0
13/08/21 10:00;35.718;-27.974;45.811;56.882;33.118;-90;-33.118;594.11;98.003;496.1;13.76;3.9001;0;592.33;32.656;74.576;0;7.7213;707.28;0;707.28;592.33;74.576;32.656;7.7213;0.8375;0.0571;0;0.0109;698.76;8.5267;0;0;1.6895;6.8372;689.38;7.9797;6.0787;0.7653;1.0004;0.1353;697.36;1.3975;1.1847;0.1492;0.0619;0.0018;691.57;585.07;73.662;29.904;0.747;306.94;256.6;82.836;0.6976;2.6355;37.911;2.1899;39.849;0;1;0;0;1.1905;0.9879;1;1;0.9483;0.1145;0.9886;0.9897;1;0.9676;0.8466;0.998;0.998;1;0.998;0.998;0.9747;0.9157;0.0967;2.0129;2.0546;0.0124;-0.0007;0.1656;0.0131;0.0466;0.0066;0;0;0.088;1.6472;0;0;0;0;0;0;0;0;0;0;0;0;0.0375;0.01;1.7634;1.7634;0;47.937;47.937;34.177;0.0496;1768.3;997.26;1;0.0282;0.0282;0;0;0;0;0;0;1.7352;1.6472;0;16.475;19.078;15.389;17.82;98.398;98.398;16.975;14.871;13.891;2.1036;0.9803;0.1239;0.0577;0.8183;22.01;0.7868;0
13/08/21 11:00;39.762;-10.304;49.14;77.868;12.132;-90;-12.132;314.41;276.1;38.307;14.82;4.57;0;39.182;260.76;12.685;0;0.5618;313.18;0;313.18;39.182;12.685;260.76;0.5618;0.1251;0.8344;0;0.0018;310.12;3.0643;0;0;2.5979;0.4663;298.66;10.842;0.4782;0.1548;10.188;0.0214;309.5;0.6202;0.0784;0.0254;0.5163;0.0002;298.77;38.625;12.505;247.45;0.0739;186.63;156.03;47.297;0.1566;1.7847;25.673;0.114;27.301;0;1;0;0;0.9961;0.9902;1;1;0.99;0.1699;0.965;0.9878;1;0.9605;0.7755;0.998;0.998;1;0.998;0.998;0.9536;0.949;0.1315;0.8913;0.9062;0.0055;0.0134;0.0144;0.0061;0.0217;0.0047;0;0;0.088;0.7191;0;0;0;0;0;0;0;0;0;0;0;0;0.0175;0.0022;0.8208;0.8208;0;29.463;29.463;14.643;0.049;775.93;1057.8;1;0.0136;0.0136;0;0;0;0;0;0;0.8071;0.7191;0;17.317;20.053;15.173;17.571;98.342;98.342;7.5164;6.9215;6.0647;0.5949;0.8569;0.0791;0.114;0.8069;157.21;0.7602;0
13/08/21 12:00;39.941;8.6429;49.288;79.826;10.174;90;10.174;638.29;122.9;515.39;16.05;5.0101;0;523.63;48.52;75.179;0;0.803;648.13;0;648.13;523.63;75.179;48.52;0.803;0.8079;0.0761;0;0.0012;647.1;1.0295;0;0;0.3613;0.6682;636.45;9.3501;6.4363;0.9241;1.9594;0.0303;645.8;1.2942;1.0473;0.1504;0.0963;0.0003;636.61;516.14;74.104;46.103;0.1042;372.79;311.66;98.971;0.0152;3.2534;46.798;0.1552;50.036;0;1;0;0;1.0154;0.9984;1;1;0.9926;0.1679;0.9855;0.9877;1;0.9592;0.7749;0.998;0.998;1;0.998;0.998;0.982;0.9502;0.1298;1.8445;1.9151;0.0115;0.0004;0.1523;0.0123;0.0435;0.0081;0;0;0.088;1.5293;0;0;0;0;0;0;0;0;0;0;0;0;0.035;0.0088;1.6432;1.6432;0;47.601;47.601;31.551;0.0496;1646.2;998.21;1;0.026;0.026;0;0;0;0;0;0;1.6173;1.5293;0;16.754;19.4;15.592;18.055;98.42;98.42;15.555;13.858;12.897;1.6974;0.9611;0.1091;0.0618;0.8291;29.097;0.7866;0
13/08/21 13:00;36.216;26.507;46.219;58.64;31.36;90;31.36;683.91;112.8;571.11;15.77;5.1899;0;668.81;28.758;95.763;0;7.9927;801.33;0;801.33;668.81;95.763;28.758;7.9927;0.8346;0.0459;0;0.01;792.91;8.4212;0;0;1.3691;7.0521;782.24;9.0748;7.023;1.0056;0.8875;0.1587;791.32;1.5858;1.3376;0.1915;0.0548;0.0019;784.53;660.45;94.565;26.446;0.78;358.31;299.55;95.403;0.5096;3.1411;45.184;2.2885;47.815;0;1;0;0;1.1717;0.9895;1;1;0.9524;0.1177;0.9885;0.9895;1;0.9675;0.831;0.998;0.998;1;0.998;0.998;0.9762;0.9196;0.0976;2.2805;2.3351;0.0141;-0.0019;0.2446;0.0145;0.0516;0.0076;0;0;0.088;1.831;0;0;0;0;0;0;0;0;0;0;0;0;0.0416;0.0128;1.9503;1.9503;0;54.76;54.76;38.99;0.0498;2012.9;968.88;1;0.0312;0.0312;0;0;0;0;0;0;1.919;1.831;0;16.082;18.623;15.099;17.484;98.398;98.398;19.232;16.447;15.441;2.785;1.0056;0.1448;0.0523;0.8029;19.136;0.7704;0
13/08/21 14:00;29.312;41.73;40.597;40.148;49.852;90;49.852;120.7;118.8;1.9074;15.09;5.0299;0;2.9583;97.411;0.5384;0;3.4303;104.34;0;104.34;2.9583;0.5384;97.411;3.4303;0.0284;0.9665;0;0.0329;91.774;12.564;0;0;9.3603;3.2037;88.641;2.9494;0.0214;0.0039;2.9142;0.01;91.59;0.1835;0.0059;0.0011;0.1761;0.0005;90.015;2.931;0.5334;84.96;0.2163;76.759;64.171;22.146;8.4796;1.106;15.909;1.3742;8.5353;0;1;0;0;0.8644;0.8796;1;1;0.9039;0.0661;0.9678;0.9928;1;0.9668;0.9559;0.998;0.998;1;0.998;0.998;0.8496;0.8722;0.063;0.2969;0.2894;0.0017;0.0164;-0.0059;0.0019;0.0069;0.0029;0;0;0.088;0.1647;0;0;0;0;0;0;0;0;0;0;0;0;0.0055;0.0003;0.2595;0.2595;0;19.446;19.446;4.356;0.0491;245.7;1056.3;1;0.0068;0.0068;0;0;0;0;0;0;0.2527;0.1647;0;16.437;19.034;10.43;12.078;97.361;97.361;2.5041;2.1887;1.3888;0.3154;0.7999;0.126;0.3194;0.5546;75.94;0.4978;0
13/08/21 15:00;20.189;54.193;33.721;24.39;60;90;60;335.41;103.3;232.11;15.6;3.71;0;559.4;38.395;125.58;0;13.416;736.79;0;736.79;559.4;125.58;38.395;13.416;0.7592;0.0703;0;0.0182;719.41;17.378;0;0;4.8269;12.551;714.53;3.4404;1.7935;0.4026;1.1854;0.0589;717.97;1.4388;1.1188;0.2512;0.0671;0.0017;715.6;556.49;124.92;32.316;0.8047;36.594;30.592;10.857;6.4223;0.6625;9.5291;1.0702;3.7693;0;1;0;0;2.1967;0.9764;1;1;0.8743;0.0645;0.9952;0.9968;1;0.9646;0.9318;0.998;0.998;1;0.998;0.998;0.9698;0.8417;0.06;2.0968;2.0665;0.0124;-0.0007;0.19;0.0131;0.0463;0.0016;0;0;0.088;1.6404;0;0;0;0;0;0;0;0;0;0;0;0;0.0373;0.0102;1.7563;1.7563;0;51.114;51.114;35.514;0.0497;1782.5;985.34;1;0.0279;0.0279;0;0;0;0;0;0;1.7284;1.6404;0;15.752;18.24;14.713;17.037;98.412;98.412;17.683;14.811;13.834;2.8715;0.9772;0.1624;0.0553;0.7823;33.425;0.7748;0
13/08/21 16:00;9.6323;64.528;66.058;10.647;15.974;90;15.974;118.01;94.198;23.81;14.4;2.73;0;57.747;82.52;24.382;0;0.3645;165.01;0;165.01;57.747;24.382;82.52;0.3645;0.35;0.5023;0;0.0022;163.4;1.6154;0;0;1.3115;0.3039;154.32;8.7472;4.0294;1.7013;3.003;0.0136;163.07;0.3268;0.1155;0.0488;0.1624;0.0001;154.39;53.602;22.632;78.043;0.0469;50.565;42.272;12.803;0.1336;0.4902;7.0517;0.0608;7.4083;0;1;0;0;1.3983;0.9902;1;1;0.9841;0.1663;0.9464;0.9301;1;0.9629;0.7756;0.998;0.998;1;0.998;0.998;0.9352;0.9457;0.1287;0.4696;0.4558;0.0027;0.0173;-0.005;0.0031;0.0109;0.0013;0;0;0.088;0.3195;0;0;0;0;0;0;0;0;0;0;0;0;0.0088;0.0007;0.416;0.416;0;21.959;21.959;7.5588;0.049;389.73;1067.4;1;0.0085;0.0085;0;0;0;0;0;0;0.4075;0.3195;0;16.659;19.29;12.793;14.814;97.948;97.948;3.9603;3.5081;2.694;0.4522;0.8141;0.1142;0.2056;0.6803;50.399;0.6592;0
13/08/21 17:00;2.0739;70.612;84.965;2.1985;3.1398;90;3.1398;0;0;0;11.78;2.7701;0;0;0;0;0;0;0;0;0;0;0;0;0;1;1;1;1;0;0;0;0;0;0;0;0;0;0;0;0;0;0;0;0;0;0;0;0;0;0;0;0;0;0;0;0;0;0;0;0;0;0;0;1;1;1;1;1;1;1;1;1;1;1;1;1;1;1;1;1;1;1;0;0;0;0;0;0;0;0;0;0.0004;0.088;-0.0884;0;0;0;0;0;0;0;0;0;0;0;0;0;0;0;0;0;0;0;-11.78;0;0;0;0;0.0004;0;0;0;0;0;0;0;-0.0004;-0.0884;0;0;0;0;0;0;0;0;0;-0.7452;0;0.7452;1;1;0;0;0;0
13/08/21 18:00;0;0;90;0;0;90;0;0;0;0;9.0301;2.9;0;0;0;0;0;0;0;0;0;0;0;0;0;1;1;1;1;0;0;0;0;0;0;0;0;0;0;0;0;0;0;0;0;0;0;0;0;0;0;0;0;0;0;0;0;0;0;0;0;0;0;0;1;1;1;1;1;1;1;1;1;1;1;1;1;1;1;1;1;1;1;0;0;0;0;0;0;0;0;0;0.0004;0.088;-0.0884;0;0;0;0;0;0;0;0;0;0;0;0;0;0;0;0;0;0;0;-9.0301;0;0;0;0;0.0004;0;0;0;0;0;0;0;-0.0004;-0.0884;0;0;0;0;0;0;0;0;0;-0.7452;0;0.7452;1;1;0;0;0;0
13/08/21 19:00;0;0;90;0;0;90;0;0;0;0;6.28;2.8799;0;0;0;0;0;0;0;0;0;0;0;0;0;1;1;1;1;0;0;0;0;0;0;0;0;0;0;0;0;0;0;0;0;0;0;0;0;0;0;0;0;0;0;0;0;0;0;0;0;0;0;0;1;1;1;1;1;1;1;1;1;1;1;1;1;1;1;1;1;1;1;0;0;0;0;0;0;0;0;0;0.0004;0.088;-0.0884;0;0;0;0;0;0;0;0;0;0;0;0;0;0;0;0;0;0;0;-6.28;0;0;0;0;0.0004;0;0;0;0;0;0;0;-0.0004;-0.0884;0;0;0;0;0;0;0;0;0;-0.7452;0;0.7452;1;1;0;0;0;0
13/08/21 20:00;0;0;90;0;0;90;0;0;0;0;6.0599;2.81;0;0;0;0;0;0;0;0;0;0;0;0;0;1;1;1;1;0;0;0;0;0;0;0;0;0;0;0;0;0;0;0;0;0;0;0;0;0;0;0;0;0;0;0;0;0;0;0;0;0;0;0;1;1;1;1;1;1;1;1;1;1;1;1;1;1;1;1;1;1;1;0;0;0;0;0;0;0;0;0;0.0004;0.088;-0.0884;0;0;0;0;0;0;0;0;0;0;0;0;0;0;0;0;0;0;0;-6.0599;0;0;0;0;0.0004;0;0;0;0;0;0;0;-0.0004;-0.0884;0;0;0;0;0;0;0;0;0;-0.7452;0;0.7452;1;1;0;0;0;0
13/08/21 21:00;0;0;90;0;0;90;0;0;0;0;4.4798;2.7199;0;0;0;0;0;0;0;0;0;0;0;0;0;1;1;1;1;0;0;0;0;0;0;0;0;0;0;0;0;0;0;0;0;0;0;0;0;0;0;0;0;0;0;0;0;0;0;0;0;0;0;0;1;1;1;1;1;1;1;1;1;1;1;1;1;1;1;1;1;1;1;0;0;0;0;0;0;0;0;0;0.0004;0.088;-0.0884;0;0;0;0;0;0;0;0;0;0;0;0;0;0;0;0;0;0;0;-4.4798;0;0;0;0;0.0004;0;0;0;0;0;0;0;-0.0004;-0.0884;0;0;0;0;0;0;0;0;0;-0.7452;0;0.7452;1;1;0;0;0;0
13/08/21 22:00;0;0;90;0;0;90;0;0;0;0;3.6402;2.58;0;0;0;0;0;0;0;0;0;0;0;0;0;1;1;1;1;0;0;0;0;0;0;0;0;0;0;0;0;0;0;0;0;0;0;0;0;0;0;0;0;0;0;0;0;0;0;0;0;0;0;0;1;1;1;1;1;1;1;1;1;1;1;1;1;1;1;1;1;1;1;0;0;0;0;0;0;0;0;0;0.0004;0.088;-0.0884;0;0;0;0;0;0;0;0;0;0;0;0;0;0;0;0;0;0;0;-3.6402;0;0;0;0;0.0004;0;0;0;0;0;0;0;-0.0004;-0.0884;0;0;0;0;0;0;0;0;0;-0.7452;0;0.7452;1;1;0;0;0;0
13/08/21 23:00;0;0;90;0;0;90;0;0;0;0;3.4002;2.3801;0;0;0;0;0;0;0;0;0;0;0;0;0;1;1;1;1;0;0;0;0;0;0;0;0;0;0;0;0;0;0;0;0;0;0;0;0;0;0;0;0;0;0;0;0;0;0;0;0;0;0;0;1;1;1;1;1;1;1;1;1;1;1;1;1;1;1;1;1;1;1;0;0;0;0;0;0;0;0;0;0.0004;0.088;-0.0884;0;0;0;0;0;0;0;0;0;0;0;0;0;0;0;0;0;0;0;-3.4002;0;0;0;0;0.0004;0;0;0;0;0;0;0;-0.0004;-0.0884;0;0;0;0;0;0;0;0;0;-0.7452;0;0.7452;1;1;0;0;0;0
14/08/21 00:00;0;0;90;0;0;90;0;0;0;0;2.54;2.13;0;0;0;0;0;0;0;0;0;0;0;0;0;1;1;1;1;0;0;0;0;0;0;0;0;0;0;0;0;0;0;0;0;0;0;0;0;0;0;0;0;0;0;0;0;0;0;0;0;0;0;0;1;1;1;1;1;1;1;1;1;1;1;1;1;1;1;1;1;1;1;0;0;0;0;0;0;0;0;0;0.0004;0.088;-0.0884;0;0;0;0;0;0;0;0;0;0;0;0;0;0;0;0;0;0;0;-2.54;0;0;0;0;0.0004;0;0;0;0;0;0;0;-0.0004;-0.0884;0;0;0;0;0;0;0;0;0;-0.7452;0;0.7452;1;1;0;0;0;0
14/08/21 01:00;0;0;90;0;0;90;0;0;0;0;2.3;1.81;0;0;0;0;0;0;0;0;0;0;0;0;0;1;1;1;1;0;0;0;0;0;0;0;0;0;0;0;0;0;0;0;0;0;0;0;0;0;0;0;0;0;0;0;0;0;0;0;0;0;0;0;1;1;1;1;1;1;1;1;1;1;1;1;1;1;1;1;1;1;1;0;0;0;0;0;0;0;0;0;0.0004;0.088;-0.0884;0;0;0;0;0;0;0;0;0;0;0;0;0;0;0;0;0;0;0;-2.3;0;0;0;0;0.0004;0;0;0;0;0;0;0;-0.0004;-0.0884;0;0;0;0;0;0;0;0;0;-0.7452;0;0.7452;1;1;0;0;0;0
14/08/21 02:00;0;0;90;0;0;90;0;0;0;0;1.6;1.5001;0;0;0;0;0;0;0;0;0;0;0;0;0;1;1;1;1;0;0;0;0;0;0;0;0;0;0;0;0;0;0;0;0;0;0;0;0;0;0;0;0;0;0;0;0;0;0;0;0;0;0;0;1;1;1;1;1;1;1;1;1;1;1;1;1;1;1;1;1;1;1;0;0;0;0;0;0;0;0;0;0.0004;0.088;-0.0884;0;0;0;0;0;0;0;0;0;0;0;0;0;0;0;0;0;0;0;-1.6;0;0;0;0;0.0004;0;0;0;0;0;0;0;-0.0004;-0.0884;0;0;0;0;0;0;0;0;0;-0.7452;0;0.7452;1;1;0;0;0;0
14/08/21 03:00;0;0;90;0;0;90;0;0;0;0;1.2397;1.3501;0;0;0;0;0;0;0;0;0;0;0;0;0;1;1;1;1;0;0;0;0;0;0;0;0;0;0;0;0;0;0;0;0;0;0;0;0;0;0;0;0;0;0;0;0;0;0;0;0;0;0;0;1;1;1;1;1;1;1;1;1;1;1;1;1;1;1;1;1;1;1;0;0;0;0;0;0;0;0;0;0.0004;0.088;-0.0884;0;0;0;0;0;0;0;0;0;0;0;0;0;0;0;0;0;0;0;-1.2397;0;0;0;0;0.0004;0;0;0;0;0;0;0;-0.0004;-0.0884;0;0;0;0;0;0;0;0;0;-0.7452;0;0.7452;1;1;0;0;0;0
14/08/21 04:00;0;0;90;0;0;90;0;0;0;0;0.43;1.5101;0;0;0;0;0;0;0;0;0;0;0;0;0;1;1;1;1;0;0;0;0;0;0;0;0;0;0;0;0;0;0;0;0;0;0;0;0;0;0;0;0;0;0;0;0;0;0;0;0;0;0;0;1;1;1;1;1;1;1;1;1;1;1;1;1;1;1;1;1;1;1;0;0;0;0;0;0;0;0;0;0.0004;0.088;-0.0884;0;0;0;0;0;0;0;0;0;0;0;0;0;0;0;0;0;0;0;-0.43;0;0;0;0;0.0004;0;0;0;0;0;0;0;-0.0004;-0.0884;0;0;0;0;0;0;0;0;0;-0.7452;0;0.7452;1;1;0;0;0;0
14/08/21 05:00;0;0;90;0;0;90;0;0;0;0;0.6002;1.81;0;0;0;0;0;0;0;0;0;0;0;0;0;1;1;1;1;0;0;0;0;0;0;0;0;0;0;0;0;0;0;0;0;0;0;0;0;0;0;0;0;0;0;0;0;0;0;0;0;0;0;0;1;1;1;1;1;1;1;1;1;1;1;1;1;1;1;1;1;1;1;0;0;0;0;0;0;0;0;0;0.0004;0.088;-0.0884;0;0;0;0;0;0;0;0;0;0;0;0;0;0;0;0;0;0;0;-0.6002;0;0;0;0;0.0004;0;0;0;0;0;0;0;-0.0004;-0.0884;0;0;0;0;0;0;0;0;0;-0.7452;0;0.7452;1;1;0;0;0;0
14/08/21 06:00;1.6501;-71.319;85.995;1.7418;2.4857;-90;-2.4857;0;0;0;0.68;1.8301;0;0;0;0;0;0;0;0;0;0;0;0;0;1;1;1;1;0;0;0;0;0;0;0;0;0;0;0;0;0;0;0;0;0;0;0;0;0;0;0;0;0;0;0;0;0;0;0;0;0;0;0;1;1;1;1;1;1;1;1;1;1;1;1;1;1;1;1;1;1;1;0;0;0;0;0;0;0;0;0;0.0004;0.088;-0.0884;0;0;0;0;0;0;0;0;0;0;0;0;0;0;0;0;0;0;0;-0.68;0;0;0;0;0.0004;0;0;0;0;0;0;0;-0.0004;-0.0884;0;0;0;0;0;0;0;0;0;-0.7452;0;0.7452;1;1;0;0;0;0
14/08/21 07:00;8.8753;-65.581;68.026;9.7313;14.47;-90;-14.47;74.192;50.801;23.391;0.9598;2.1;0;56.731;44.313;14.004;0;0.1883;115.24;0;115.24;56.731;14.004;44.313;0.1883;0.4923;0.3862;0;0.0016;114.49;0.7505;0;0;0.5941;0.1563;106.45;7.8089;4.9263;1.2161;1.6595;0.0071;114.26;0.229;0.1135;0.028;0.0874;0.0001;106.47;51.691;12.76;41.972;0.0247;27.059;22.621;6.7455;0.0504;0.2678;3.8527;0.0259;4.07;0;1;0;0;1.5532;0.9935;1;1;0.9866;0.1696;0.9317;0.913;1;0.962;0.776;0.998;0.998;1;0.998;0.998;0.9237;0.9472;0.1313;0.328;0.3123;0.0019;0.0166;-0.0213;0.0022;0.0078;0.0007;0;0;0.088;0.2018;0;0;0;0;0;0;0;0;0;0;0;0;0.0063;0.0004;0.2976;0.2976;0;6.1229;6.1229;5.1631;0.0485;265.67;1120.3;1;0.0078;0.0078;0;0;0;0;0;0;0.2898;0.2018;0;17.067;19.763;11.573;13.401;97.376;97.376;2.7657;2.5099;1.7019;0.2557;0.808;0.0925;0.2921;0.6154;26.916;0.6004;0
14/08/21 08:00;19.551;-55.38;35.746;23.342;50.589;-90;-50.589;259.4;87.3;172.1;4.0703;1.2701;0;417.39;43.849;81.631;0;7.577;550.45;0;550.45;417.39;81.631;43.849;7.577;0.7583;0.0934;0;0.0138;539.11;11.334;0;0;4.2898;7.0446;534.51;3.5257;1.8314;0.3582;1.3139;0.0222;538.03;1.0782;0.8348;0.1633;0.0791;0.0011;535.22;414.72;81.109;38.166;0.5092;35.45;29.636;10.015;4.0185;0.5313;7.6422;0.7142;4.1551;0;1;0;0;2.122;0.9794;1;1;0.9022;0.0703;0.9934;0.9956;1;0.9667;0.9582;0.998;0.998;1;0.998;0.998;0.971;0.8704;0.0672;1.5665;1.5466;0.0093;0.0045;0.0282;0.0105;0.0374;0.0014;0;0;0.088;1.3084;0;0;0;0;0;0;0;0;0;0;0;0;0.0301;0.0059;1.4193;1.4193;0;30.208;30.208;26.138;0.0489;1330.6;1066.7;1;0.0229;0.0229;0;0;0;0;0;0;1.3964;1.3084;0;17.038;19.73;15.707;18.188;98.388;98.388;13.211;11.969;11.034;1.2416;0.9351;0.094;0.0708;0.8352;34.442;0.8266;0
14/08/21 09:00;28.855;-43.105;39.751;38.88;51.12;-90;-51.12;487.99;80.502;407.49;7.2599;1.8301;0;649.19;24.042;81.186;0;14.535;768.95;0;768.95;649.19;81.186;24.042;14.535;0.8443;0.0502;0;0.0189;753.04;15.907;0;0;2.3879;13.519;745.86;5.6751;4.3663;0.546;0.721;0.0417;751.54;1.5061;1.2984;0.1624;0.0433;0.002;749.23;643.52;80.478;20.89;0.9716;177.76;148.61;45.084;2.2875;1.8367;26.42;3.3648;25.969;0;1;0;0;1.5757;0.9793;1;1;0.9007;0.0699;0.9924;0.9933;1;0.9666;0.9588;0.998;0.998;1;0.998;0.998;0.97;0.8689;0.0668;2.1884;2.1965;0.0132;-0.0015;0.1468;0.0143;0.0506;0.0047;0;0;0.088;1.7968;0;0;0;0;0;0;0;0;0;0;0;0;0.0408;0.0114;1.9163;1.9163;0;44.115;44.115;36.855;0.0494;1890.5;1013.7;1;0.0315;0.0315;0;0;0;0;0;0;1.8848;1.7968;0;16.468;19.069;15.441;17.88;98.357;98.357;18.455;16.16;15.153;2.2943;1.0076;0.1243;0.0546;0.8211;18.987;0.8005;0
14/08/21 10:00;36.017;-28.079;45.532;57.079;32.921;-90;-32.921;573.81;103.4;470.41;11.59;2.0799;0;560.4;38.062;73.876;0;7.3714;679.71;0;679.71;560.4;73.876;38.062;7.3714;0.8245;0.0668;0;0.0108;671.24;8.472;0;0;1.9507;6.5213;662.19;7.7044;5.6599;0.7461;1.167;0.1314;669.9;1.3425;1.1208;0.1478;0.0722;0.0017;664.28;553.62;72.982;34.872;0.7171;297.8;248.96;80.341;0.7962;2.5665;36.919;2.093;38.689;0;1;0;0;1.1846;0.9875;1;1;0.9487;0.1153;0.9885;0.9899;1;0.9676;0.8451;0.998;0.998;1;0.998;0.998;0.9742;0.9162;0.0973;1.9344;1.9745;0.0119;-0.0001;0.1338;0.0128;0.0454;0.0065;0;0;0.088;1.6027;0;0;0;0;0;0;0;0;0;0;0;0;0.0366;0.0093;1.7183;1.7183;0;44.325;44.325;32.735;0.0494;1697.4;1012.3;1;0.0277;0.0277;0;0;0;0;0;0;1.6907;1.6027;0;16.705;19.344;15.581;18.042;98.39;98.39;16.313;14.491;13.516;1.8221;0.9754;0.1117;0.0598;0.8285;25.617;0.7961;0
14/08/21 11:00;40.073;-10.313;48.839;77.987;12.013;-90;-12.013;680;112.3;567.7;13.69;2.27;0;580.41;37.639;75.904;0;1.1914;695.15;0;695.15;580.41;75.904;37.639;1.1914;0.8349;0.0559;0;0.0017;693.79;1.3578;0;0;0.3688;0.989;682.99;9.4144;6.9823;0.9131;1.4737;0.0454;692.4;1.3876;1.1608;0.1518;0.0745;0.0004;683.24;572.27;74.839;35.722;0.1567;395.34;330.5;104.78;0.0221;3.4622;49.803;0.252;53.243;0;1;0;0;1.0223;0.998;1;1;0.9902;0.1699;0.9864;0.9879;1;0.9604;0.7755;0.998;0.998;1;0.998;0.998;0.9825;0.9491;0.1315;1.9783;2.0546;0.0124;-0.0007;0.1626;0.0132;0.0467;0.0087;0;0;0.088;1.6478;0;0;0;0;0;0;0;0;0;0;0;0;0.0376;0.01;1.7641;1.7641;0;47.54;47.54;33.85;0.0496;1767;998.35;1;0.0283;0.0283;0;0;0;0;0;0;1.7358;1.6478;0;16.769;19.419;15.664;18.139;98.397;98.397;16.684;14.877;13.896;1.8066;0.9806;0.1083;0.0588;0.8329;22.684;0.7905;0
14/08/21 12:00;40.242;8.7464;48.977;79.814;10.186;90;10.186;308.61;277.2;31.408;14.79;2.49;0;31.911;264.99;10.265;0;0.3891;307.56;0;307.56;31.911;10.265;264.99;0.3891;0.1038;0.8629;0;0.0013;305.26;2.3009;0;0;1.9772;0.3238;293.42;11.224;0.3865;0.1243;10.699;0.0147;304.65;0.6105;0.0638;0.0205;0.526;0.0001;293.49;31.46;10.12;251.79;0.0505;183.12;153.09;46.259;0.0825;1.7562;25.263;0.0702;26.936;0;1;0;0;0.9966;0.9925;1;1;0.9925;0.1679;0.9632;0.9879;1;0.9592;0.7749;0.998;0.998;1;0.998;0.998;0.954;0.9502;0.1298;0.8753;0.8903;0.0054;0.0137;0.0132;0.006;0.0213;0.0046;0;0;0.088;0.7054;0;0;0;0;0;0;0;0;0;0;0;0;0.0172;0.0022;0.8068;0.8068;0;29.174;29.174;14.384;0.049;762.13;1058.6;1;0.0134;0.0134;0;0;0;0;0;0;0.7934;0.7054;0;17.334;20.073;15.155;17.549;98.336;98.336;7.3814;6.8038;5.9485;0.5775;0.8553;0.0782;0.1159;0.8059;158.92;0.7592;0
14/08/21 13:00;36.486;26.698;45.913;58.722;31.278;90;31.278;666.31;109.9;556.41;14.92;2.6399;0;651.03;30.419;90.204;0;7.7473;779.4;0;779.4;651.03;90.204;30.419;7.7473;0.8353;0.049;0;0.0099;771.13;8.2751;0;0;1.4422;6.8329;760.84;8.7452;6.7201;0.9311;0.9392;0.1548;769.58;1.5423;1.3021;0.1804;0.058;0.0018;763.06;643.01;89.093;27.98;0.7578;349.6;292.27;93.073;0.534;3.0679;44.13;2.218;46.664;0;1;0;0;1.1697;0.9894;1;1;0.9526;0.118;0.9886;0.9897;1;0.9675;0.8304;0.998;0.998;1;0.998;0.998;0.9762;0.9198;0.0978;2.2181;2.2716;0.0137;-0.0018;0.222;0.0143;0.0506;0.0075;0;0;0.088;1.7937;0;0;0;0;0;0;0;0;0;0;0;0;0.0407;0.0121;1.9124;1.9124;0;52.783;52.783;37.863;0.0498;1957.6;976.92;1;0.0307;0.0307;0;0;0;0;0;0;1.8817;1.7937;0;16.214;18.775;15.208;17.61;98.396;98.396;18.706;16.128;15.127;2.5779;1.0009;0.1378;0.0535;0.8087;20.23;0.7758;0
14/08/21 14:00;29.544;41.967;40.304;40.284;49.716;90;49.716;537.71;90.001;447.71;16.12;2.7199;0;692.43;23.66;94.749;0;15.203;826.04;0;826.04;692.43;94.749;23.66;15.203;0.8382;0.047;0;0.0184;809.58;16.461;0;0;2.2644;14.196;801.66;6.3007;4.8806;0.6678;0.7077;0.0446;807.96;1.6192;1.3849;0.1895;0.0428;0.002;805.25;686.16;93.892;20.645;0.96;204.41;170.89;52.226;2.0436;2.0489;29.473;3.591;29.478;0;1;0;0;1.5362;0.9801;1;1;0.9043;0.0662;0.9922;0.9929;1;0.9669;0.9556;0.998;0.998;1;0.998;0.998;0.9705;0.8726;0.0631;2.3508;2.3629;0.0142;-0.002;0.259;0.0146;0.0519;0.005;0;0;0.088;1.8458;0;0;0;0;0;0;0;0;0;0;0;0;0.0418;0.0131;1.9652;1.9652;0;56.121;56.121;40.001;0.0499;2038.5;964.06;1;0.0314;0.0314;0;0;0;0;0;0;1.9338;1.8458;0;15.721;18.205;14.766;17.098;98.401;98.401;19.825;16.573;15.566;3.2518;1.0072;0.164;0.0508;0.7852;18.42;0.7647;0
14/08/21 15:00;20.386;54.45;33.421;24.548;60;90;60;100.29;98.502;1.7884;15.74;2.13;0;4.2852;73.592;0.9085;0;4.0116;82.798;0;82.798;4.2852;0.9085;73.592;4.0116;0.0518;0.9373;0;0.0485;69.793;13.005;0;0;9.2519;3.7529;67.348;2.3054;0.013;0.0028;2.272;0.0176;69.653;0.1396;0.0086;0.0018;0.1287;0.0005;69.078;4.2637;0.9039;61.94;0.2406;64.104;53.591;19.317;12.304;1.2096;17.4;1.7306;6.3055;0;1;0;0;0.8256;0.8429;1;1;0.8743;0.0645;0.9669;0.997;1;0.9646;0.9318;0.998;0.998;1;0.998;0.998;0.8134;0.8417;0.06;0.2356;0.2325;0.0014;0.0155;-0.0051;0.0015;0.0055;0.0031;0;0;0.088;0.1115;0;0;0;0;0;0;0;0;0;0;0;0;0.0044;0.0002;0.2058;0.2058;0;19.059;19.059;3.3185;0.0493;196.6;1047;1;0.0064;0.0064;0;0;0;0;0;0;0.1995;0.1115;0;16.428;19.023;8.8967;10.302;96.905;96.905;1.9871;1.7359;0.9401;0.2512;0.7958;0.1264;0.4005;0.4731;64.067;0.4088;0
14/08/21 16:00;9.801;64.793;65.616;10.809;16.245;90;16.245;27.7;27.499;0.201;14.13;2.0701;0;0.4874;26.926;0.059;0;0.0885;27.561;0;27.561;0.4874;0.059;26.926;0.0885;0.0177;0.9802;0;0.0032;27.047;0.514;0;0;0.4402;0.0738;25.979;1.0144;0.0324;0.0039;0.9748;0.0033;26.993;0.0541;0.001;0.0001;0.053;0;25.999;0.454;0.055;25.458;0.0114;16.463;13.763;4.1628;0.0463;0.1602;2.3037;0.0207;2.4176;0;1;0;0;0.995;0.9813;1;1;0.9836;0.1661;0.9624;0.9334;1;0.9631;0.7757;0.998;0.998;1;0.998;0.998;0.9426;0.9455;0.1286;0.0784;0.079;0.0005;0.0099;-0.0028;0.0005;0.0018;0.0004;0;0;0.088;-0.0244;0;0;0;0;0;0;0;0;0;0;0;0;0.0014;0.0001;0.0672;0.0672;0;15.422;15.422;1.2921;0.0497;65.831;1021.3;1;0.0037;0.0037;0;0;0;0;0;0;0.0636;-0.0244;0;16.119;18.665;-5.8619;-6.788;94.526;94.526;0.6615;0.567;-0.2062;0.0945;0.7731;0.1429;1.1688;0;16.462;0;0
14/08/21 17:00;2.2281;70.882;84.59;2.358;3.3687;90;3.3687;0;0;0;11.62;2.21;0;0;0;0;0;0;0;0;0;0;0;0;0;1;1;1;1;0;0;0;0;0;0;0;0;0;0;0;0;0;0;0;0;0;0;0;0;0;0;0;0;0;0;0;0;0;0;0;0;0;0;0;1;1;1;1;1;1;1;1;1;1;1;1;1;1;1;1;1;1;1;0;0;0;0;0;0;0;0;0;0.0004;0.088;-0.0884;0;0;0;0;0;0;0;0;0;0;0;0;0;0;0;0;0;0;0;-11.62;0;0;0;0;0.0004;0;0;0;0;0;0;0;-0.0004;-0.0884;0;0;0;0;0;0;0;0;0;-0.7452;0;0.7452;1;1;0;0;0;0
14/08/21 18:00;0;0;90;0;0;90;0;0;0;0;8.4298;2.2;0;0;0;0;0;0;0;0;0;0;0;0;0;1;1;1;1;0;0;0;0;0;0;0;0;0;0;0;0;0;0;0;0;0;0;0;0;0;0;0;0;0;0;0;0;0;0;0;0;0;0;0;1;1;1;1;1;1;1;1;1;1;1;1;1;1;1;1;1;1;1;0;0;0;0;0;0;0;0;0;0.0004;0.088;-0.0884;0;0;0;0;0;0;0;0;0;0;0;0;0;0;0;0;0;0;0;-8.4298;0;0;0;0;0.0004;0;0;0;0;0;0;0;-0.0004;-0.0884;0;0;0;0;0;0;0;0;0;-0.7452;0;0.7452;1;1;0;0;0;0
14/08/21 19:00;0;0;90;0;0;90;0;0;0;0;5.3101;2.1699;0;0;0;0;0;0;0;0;0;0;0;0;0;1;1;1;1;0;0;0;0;0;0;0;0;0;0;0;0;0;0;0;0;0;0;0;0;0;0;0;0;0;0;0;0;0;0;0;0;0;0;0;1;1;1;1;1;1;1;1;1;1;1;1;1;1;1;1;1;1;1;0;0;0;0;0;0;0;0;0;0.0004;0.088;-0.0884;0;0;0;0;0;0;0;0;0;0;0;0;0;0;0;0;0;0;0;-5.3101;0;0;0;0;0.0004;0;0;0;0;0;0;0;-0.0004;-0.0884;0;0;0;0;0;0;0;0;0;-0.7452;0;0.7452;1;1;0;0;0;0
14/08/21 20:00;0;0;90;0;0;90;0;0;0;0;4.3402;2.1401;0;0;0;0;0;0;0;0;0;0;0;0;0;1;1;1;1;0;0;0;0;0;0;0;0;0;0;0;0;0;0;0;0;0;0;0;0;0;0;0;0;0;0;0;0;0;0;0;0;0;0;0;1;1;1;1;1;1;1;1;1;1;1;1;1;1;1;1;1;1;1;0;0;0;0;0;0;0;0;0;0.0004;0.088;-0.0884;0;0;0;0;0;0;0;0;0;0;0;0;0;0;0;0;0;0;0;-4.3402;0;0;0;0;0.0004;0;0;0;0;0;0;0;-0.0004;-0.0884;0;0;0;0;0;0;0;0;0;-0.7452;0;0.7452;1;1;0;0;0;0
14/08/21 21:00;0;0;90;0;0;90;0;0;0;0;3.3497;2.0601;0;0;0;0;0;0;0;0;0;0;0;0;0;1;1;1;1;0;0;0;0;0;0;0;0;0;0;0;0;0;0;0;0;0;0;0;0;0;0;0;0;0;0;0;0;0;0;0;0;0;0;0;1;1;1;1;1;1;1;1;1;1;1;1;1;1;1;1;1;1;1;0;0;0;0;0;0;0;0;0;0.0004;0.088;-0.0884;0;0;0;0;0;0;0;0;0;0;0;0;0;0;0;0;0;0;0;-3.3497;0;0;0;0;0.0004;0;0;0;0;0;0;0;-0.0004;-0.0884;0;0;0;0;0;0;0;0;0;-0.7452;0;0.7452;1;1;0;0;0;0
14/08/21 22:00;0;0;90;0;0;90;0;0;0;0;3.4201;1.8399;0;0;0;0;0;0;0;0;0;0;0;0;0;1;1;1;1;0;0;0;0;0;0;0;0;0;0;0;0;0;0;0;0;0;0;0;0;0;0;0;0;0;0;0;0;0;0;0;0;0;0;0;1;1;1;1;1;1;1;1;1;1;1;1;1;1;1;1;1;1;1;0;0;0;0;0;0;0;0;0;0.0004;0.088;-0.0884;0;0;0;0;0;0;0;0;0;0;0;0;0;0;0;0;0;0;0;-3.4201;0;0;0;0;0.0004;0;0;0;0;0;0;0;-0.0004;-0.0884;0;0;0;0;0;0;0;0;0;-0.7452;0;0.7452;1;1;0;0;0;0
14/08/21 23:00;0;0;90;0;0;90;0;0;0;0;2.6397;1.57;0;0;0;0;0;0;0;0;0;0;0;0;0;1;1;1;1;0;0;0;0;0;0;0;0;0;0;0;0;0;0;0;0;0;0;0;0;0;0;0;0;0;0;0;0;0;0;0;0;0;0;0;1;1;1;1;1;1;1;1;1;1;1;1;1;1;1;1;1;1;1;0;0;0;0;0;0;0;0;0;0.0004;0.088;-0.0884;0;0;0;0;0;0;0;0;0;0;0;0;0;0;0;0;0;0;0;-2.6397;0;0;0;0;0.0004;0;0;0;0;0;0;0;-0.0004;-0.0884;0;0;0;0;0;0;0;0;0;-0.7452;0;0.7452;1;1;0;0;0;0
15/08/21 00:00;0;0;90;0;0;90;0;0;0;0;2.1199;1.4399;0;0;0;0;0;0;0;0;0;0;0;0;0;1;1;1;1;0;0;0;0;0;0;0;0;0;0;0;0;0;0;0;0;0;0;0;0;0;0;0;0;0;0;0;0;0;0;0;0;0;0;0;1;1;1;1;1;1;1;1;1;1;1;1;1;1;1;1;1;1;1;0;0;0;0;0;0;0;0;0;0.0004;0.088;-0.0884;0;0;0;0;0;0;0;0;0;0;0;0;0;0;0;0;0;0;0;-2.1199;0;0;0;0;0.0004;0;0;0;0;0;0;0;-0.0004;-0.0884;0;0;0;0;0;0;0;0;0;-0.7452;0;0.7452;1;1;0;0;0;0
15/08/21 01:00;0;0;90;0;0;90;0;0;0;0;1.2397;1.4;0;0;0;0;0;0;0;0;0;0;0;0;0;1;1;1;1;0;0;0;0;0;0;0;0;0;0;0;0;0;0;0;0;0;0;0;0;0;0;0;0;0;0;0;0;0;0;0;0;0;0;0;1;1;1;1;1;1;1;1;1;1;1;1;1;1;1;1;1;1;1;0;0;0;0;0;0;0;0;0;0.0004;0.088;-0.0884;0;0;0;0;0;0;0;0;0;0;0;0;0;0;0;0;0;0;0;-1.2397;0;0;0;0;0.0004;0;0;0;0;0;0;0;-0.0004;-0.0884;0;0;0;0;0;0;0;0;0;-0.7452;0;0.7452;1;1;0;0;0;0
15/08/21 02:00;0;0;90;0;0;90;0;0;0;0;0.9499;1.48;0;0;0;0;0;0;0;0;0;0;0;0;0;1;1;1;1;0;0;0;0;0;0;0;0;0;0;0;0;0;0;0;0;0;0;0;0;0;0;0;0;0;0;0;0;0;0;0;0;0;0;0;1;1;1;1;1;1;1;1;1;1;1;1;1;1;1;1;1;1;1;0;0;0;0;0;0;0;0;0;0.0004;0.088;-0.0884;0;0;0;0;0;0;0;0;0;0;0;0;0;0;0;0;0;0;0;-0.9499;0;0;0;0;0.0004;0;0;0;0;0;0;0;-0.0004;-0.0884;0;0;0;0;0;0;0;0;0;-0.7452;0;0.7452;1;1;0;0;0;0
15/08/21 03:00;0;0;90;0;0;90;0;0;0;0;0.7797;1.62;0;0;0;0;0;0;0;0;0;0;0;0;0;1;1;1;1;0;0;0;0;0;0;0;0;0;0;0;0;0;0;0;0;0;0;0;0;0;0;0;0;0;0;0;0;0;0;0;0;0;0;0;1;1;1;1;1;1;1;1;1;1;1;1;1;1;1;1;1;1;1;0;0;0;0;0;0;0;0;0;0.0004;0.088;-0.0884;0;0;0;0;0;0;0;0;0;0;0;0;0;0;0;0;0;0;0;-0.7797;0;0;0;0;0.0004;0;0;0;0;0;0;0;-0.0004;-0.0884;0;0;0;0;0;0;0;0;0;-0.7452;0;0.7452;1;1;0;0;0;0
15/08/21 04:00;0;0;90;0;0;90;0;0;0;0;0.1003;1.78;0;0;0;0;0;0;0;0;0;0;0;0;0;1;1;1;1;0;0;0;0;0;0;0;0;0;0;0;0;0;0;0;0;0;0;0;0;0;0;0;0;0;0;0;0;0;0;0;0;0;0;0;1;1;1;1;1;1;1;1;1;1;1;1;1;1;1;1;1;1;1;0;0;0;0;0;0;0;0;0;0.0004;0.088;-0.0884;0;0;0;0;0;0;0;0;0;0;0;0;0;0;0;0;0;0;0;-0.1003;0;0;0;0;0.0004;0;0;0;0;0;0;0;-0.0004;-0.0884;0;0;0;0;0;0;0;0;0;-0.7452;0;0.7452;1;1;0;0;0;0
15/08/21 05:00;0;0;90;0;0;90;0;0;0;0;-0.3697;1.9199;0;0;0;0;0;0;0;0;0;0;0;0;0;1;1;1;1;0;0;0;0;0;0;0;0;0;0;0;0;0;0;0;0;0;0;0;0;0;0;0;0;0;0;0;0;0;0;0;0;0;0;0;1;1;1;1;1;1;1;1;1;1;1;1;1;1;1;1;1;1;1;0;0;0;0;0;0;0;0;0;0.0004;0.088;-0.0884;0;0;0;0;0;0;0;0;0;0;0;0;0;0;0;0;0;0;0;0.3697;0;0;0;0;0.0004;0;0;0;0;0;0;0;-0.0004;-0.0884;0;0;0;0;0;0;0;0;0;-0.7452;0;0.7452;1;1;0;0;0;0
15/08/21 06:00;1.6777;-71.688;85.928;1.7671;2.5219;-90;-2.5219;0.293;0.293;0;-0.1802;1.88;0;0;0.2929;0;0;0;0.2929;0.2929;0;0;0;0;0;1;1;1;1;0;0;0;0;0;0;0;0;0;0;0;0;0;0;0;0;0;0;0;0;0;0;0;0;0;0;0;0;0;0;0;0;0;0;0;0;1;1;1;1;1;1;1;1;1;1;1;1;1;0;0;1;0;0;0;0;0;0;0;0;0;0;0;0.0004;0.088;-0.0884;0;0;0;0;0;0;0;0;0;0;0;0;0;0;0;0;0;0;0;0.1802;0;0;0;0;0.0004;0;0;0;0;0;0;0;-0.0004;-0.0884;0;0;0;0;0;0;0;0;0;-0.7452;0;0.7452;1;1;0;0;0;0
15/08/21 07:00;9.1077;-65.796;67.424;9.9687;14.856;-90;-14.856;84.292;49.198;35.094;0.1701;2.6201;0;85.113;40.338;19.824;0;0.2254;145.5;0;145.5;85.113;19.824;40.338;0.2254;0.585;0.2788;0;0.0015;144.75;0.7526;0;0;0.5654;0.1872;134.43;10.029;6.9112;1.6097;1.4997;0.0085;144.46;0.2895;0.1702;0.0396;0.0795;0.0001;134.45;78.032;18.175;38.193;0.0296;24.747;20.688;6.2721;0.0505;0.2385;3.4313;0.0247;3.6194;0;1;0;0;1.7262;0.9948;1;1;0.986;0.1695;0.9306;0.9186;1;0.9622;0.7761;0.998;0.998;1;0.998;0.998;0.9239;0.9468;0.1313;0.4141;0.3916;0.0024;0.0172;-0.0257;0.0028;0.0099;0.0007;0;0;0.088;0.2792;0;0;0;0;0;0;0;0;0;0;0;0;0.008;0.0005;0.3759;0.3759;0;6.6789;6.6789;6.5089;0.0484;333.74;1126.4;1;0.0087;0.0087;0;0;0;0;0;0;0.3672;0.2792;0;17.073;19.77;12.682;14.685;97.686;97.686;3.492;3.1703;2.3548;0.3217;0.8155;0.0921;0.2335;0.6743;24.535;0.6626;0
15/08/21 08:00;19.805;-55.578;34.74;23.585;52.431;-90;-52.431;318.3;52.597;265.7;3.6701;2.6299;0;644.4;17.455;74.964;0;9.9382;746.75;0;746.75;644.4;74.964;17.455;9.9382;0.8629;0.0367;0;0.0133;735.7;11.051;0;0;1.7986;9.2523;730.95;3.2868;2.4493;0.2849;0.5248;0.0278;734.23;1.4714;1.2888;0.1499;0.0313;0.0014;731.23;640.66;74.529;15.101;0.6568;15.426;12.896;4.6412;1.814;0.217;3.1216;0.2828;1.5246;0;1;0;0;2.3461;0.9852;1;1;0.897;0.069;0.9955;0.9962;1;0.9664;0.9594;0.998;0.998;1;0.998;0.998;0.9788;0.8651;0.0661;2.1252;2.0984;0.0126;-0.001;0.1073;0.0139;0.0491;0.0006;0;0;0.088;1.7469;0;0;0;0;0;0;0;0;0;0;0;0;0.0396;0.0104;1.8658;1.8658;0;39.658;39.658;35.988;0.0492;1806.3;1033;1;0.0309;0.0309;0;0;0;0;0;0;1.8349;1.7469;0;16.51;19.119;15.458;17.9;98.344;98.344;17.922;15.735;14.732;2.1875;1.0026;0.1221;0.0559;0.822;13.973;0.8194;0
15/08/21 09:00;29.134;-43.271;39.494;39.116;50.884;-90;-50.884;454.2;87.3;366.9;6.3398;3.5701;0;581.55;30.985;78.148;0;13.412;704.1;0;704.1;581.55;78.148;30.985;13.412;0.826;0.0631;0;0.019;688.57;15.529;0;0;3.0569;12.472;681.89;5.3056;3.8241;0.5139;0.9289;0.0388;687.19;1.3771;1.1631;0.1563;0.0559;0.0019;685.05;576.57;77.478;26.943;0.8986;169.93;142.07;43.476;2.8996;1.7776;25.57;3.1667;24.448;0;1;0;0;1.5502;0.9779;1;1;0.9013;0.07;0.9923;0.9934;1;0.9667;0.9586;0.998;0.998;1;0.998;0.998;0.9685;0.8696;0.067;2.0038;2.0112;0.0121;-0.0004;0.1049;0.0133;0.047;0.0046;0;0;0.088;1.665;0;0;0;0;0;0;0;0;0;0;0;0;0.0379;0.0096;1.7822;1.7822;0;39.925;39.925;33.585;0.0493;1729.8;1030.3;1;0.0292;0.0292;0;0;0;0;0;0;1.753;1.665;0;16.726;19.368;15.626;18.094;98.36;98.36;16.898;15.03;14.041;1.8687;0.9886;0.1106;0.0585;0.8309;24.41;0.8089;0
15/08/21 10:00;36.32;-28.185;45.25;57.279;32.721;-90;-32.721;599.2;99.5;499.7;11.31;4.1599;0;593.96;33.688;74.774;0;7.6068;710.03;0;710.03;593.96;74.774;33.688;7.6068;0.8365;0.0582;0;0.0107;701.59;8.4331;0;0;1.71;6.7231;692.37;7.8156;5.9011;0.7429;1.0337;0.1379;700.19;1.4032;1.1879;0.1495;0.064;0.0018;694.57;586.87;73.882;30.881;0.744;310.87;259.89;82.979;0.6904;2.7279;39.239;2.1987;41.277;0;1;0;0;1.1849;0.9881;1;1;0.9492;0.1162;0.9888;0.99;1;0.9676;0.8436;0.998;0.998;1;0.998;0.998;0.9751;0.9167;0.0978;2.0207;2.0658;0.0124;-0.0007;0.149;0.0133;0.0473;0.0069;0;0;0.088;1.6725;0;0;0;0;0;0;0;0;0;0;0;0;0.0381;0.0101;1.7894;1.7894;0;45.569;45.569;34.258;0.0495;1776.7;1007.2;1;0.0289;0.0289;0;0;0;0;0;0;1.7605;1.6725;0;16.654;19.285;15.565;18.024;98.383;98.383;17.041;15.091;14.105;1.9501;0.9861;0.1144;0.0579;0.8277;22.639;0.7948;0
15/08/21 11:00;40.388;-10.319;48.534;78.109;11.891;-90;-11.891;665.09;111.2;553.89;14.7;4.74;0;566.04;39.536;72.798;0;1.1418;679.52;0;679.52;566.04;72.798;39.536;1.1418;0.833;0.0599;0;0.0017;678.19;1.3286;0;0;0.3808;0.9478;667.66;9.1663;6.7088;0.8628;1.5513;0.0435;676.83;1.3564;1.1321;0.1456;0.0783;0.0004;667.91;558.2;71.789;37.526;0.1501;386.83;323.39;102.49;0.0223;3.3897;48.76;0.2405;52.127;0;1;0;0;1.0217;0.998;1;1;0.9904;0.1699;0.9865;0.9881;1;0.9603;0.7755;0.998;0.998;1;0.998;0.998;0.9826;0.9492;0.1315;1.9338;2.0086;0.0121;-0.0003;0.161;0.0129;0.0456;0.0085;0;0;0.088;1.6072;0;0;0;0;0;0;0;0;0;0;0;0;0.0367;0.0096;1.7227;1.7227;0;47.799;47.799;33.099;0.0496;1727.3;997.31;1;0.0275;0.0275;0;0;0;0;0;0;1.6952;1.6072;0;16.752;19.399;15.629;18.099;98.406;98.406;16.308;14.528;13.554;1.7807;0.9737;0.1092;0.0597;0.8311;23.819;0.7887;0
15/08/21 12:00;40.546;8.8547;48.662;79.8;10.2;90;10.2;702.19;115.9;586.29;15.93;5.2;0;595.71;37.267;79.591;0;0.8879;713.46;0;713.46;595.71;79.591;37.267;0.8879;0.835;0.0535;0;0.0012;712.44;1.0175;0;0;0.2787;0.7388;701.42;9.5919;7.1049;0.9493;1.5043;0.0335;711.01;1.4249;1.1914;0.1592;0.074;0.0003;701.59;587.41;78.483;35.41;0.1153;409.9;342.68;108.98;0.0119;3.5666;51.304;0.1721;54.858;0;1;0;0;1.016;0.9986;1;1;0.9925;0.1679;0.9865;0.988;1;0.9592;0.7749;0.998;0.998;1;0.998;0.998;0.9831;0.9502;0.1298;2.0304;2.1101;0.0127;-0.001;0.1914;0.0133;0.0473;0.0088;0;0;0.088;1.6723;0;0;0;0;0;0;0;0;0;0;0;0;0.0381;0.0105;1.7888;1.7888;0;50.784;50.784;34.854;0.0497;1816.5;984.74;1;0.0285;0.0285;0;0;0;0;0;0;1.7603;1.6723;0;16.568;19.185;15.489;17.936;98.407;98.407;17.123;15.085;14.103;2.0378;0.9824;0.119;0.0574;0.8236;22.35;0.7815;0
15/08/21 13:00;36.759;26.895;45.603;58.802;31.198;90;31.198;202.81;197.6;5.2053;16.14;5.23;0;6.0853;182.12;1.5058;0;2.3464;192.06;0;192.06;6.0853;1.5058;182.12;2.3464;0.0317;0.9605;0;0.0122;181.39;10.668;0;0;8.5994;2.0687;175.28;5.7493;0.0617;0.0153;5.6251;0.0472;181.03;0.3628;0.0122;0.003;0.347;0.0006;176.04;6.0114;1.4875;167.55;0.23;124.43;104.02;33.035;3.1583;1.2907;18.566;0.7629;16.699;0;1;0;0;0.947;0.9445;1;1;0.9528;0.1184;0.9682;0.9898;1;0.9675;0.8299;0.998;0.998;1;0.998;0.998;0.9126;0.92;0.098;0.5466;0.5408;0.0033;0.017;-0.0005;0.0036;0.0129;0.0034;0;0;0.088;0.3925;0;0;0;0;0;0;0;0;0;0;0;0;0.0104;0.0009;0.4898;0.4898;0;24.735;24.735;8.5955;0.049;461.95;1060.2;1;0.0092;0.0092;0;0;0;0;0;0;0.4805;0.3925;0;16.851;19.513;13.505;15.639;98.112;98.112;4.6094;4.1302;3.3101;0.4791;0.8201;0.1039;0.1779;0.7181;121.05;0.6697;0
15/08/21 14:00;29.778;42.211;40.007;40.419;49.581;90;49.581;320.31;237.1;83.207;15.28;4.72;0;128.33;170.88;45.914;0;9.0103;354.14;0;354.14;128.33;45.914;170.88;9.0103;0.3624;0.508;0;0.0254;329.43;24.703;0;0;16.29;8.4126;322.44;6.335;0.8823;0.3157;5.1104;0.0266;328.77;0.6589;0.2567;0.0918;0.3092;0.0012;325.54;127.19;45.506;149.17;0.5699;174.34;145.75;48.612;14.596;2.3185;33.35;3.0954;21.072;0;1;0;0;1.1056;0.9302;1;1;0.9047;0.0663;0.9807;0.9931;1;0.9669;0.9553;0.998;0.998;1;0.998;0.998;0.9105;0.873;0.0633;1.0078;0.9982;0.006;0.0122;0.0217;0.0067;0.0238;0.0061;0;0;0.088;0.7972;0;0;0;0;0;0;0;0;0;0;0;0;0.0192;0.0026;0.8999;0.8999;0;31.103;31.103;15.822;0.0491;855.12;1052.4;1;0.0147;0.0147;0;0;0;0;0;0;0.8852;0.7972;0;16.792;19.444;14.875;17.225;98.365;98.365;8.4993;7.589;6.7228;0.9103;0.8662;0.1071;0.1019;0.791;132.86;0.7389;0
15/08/21 15:00;20.583;54.712;33.117;24.706;60;90;60;173.1;159;14.094;15.66;2.9599;0;33.578;115.67;11.38;0;6.9238;167.55;0;167.55;33.578;11.38;115.67;6.9238;0.2004;0.7317;0;0.0413;146.53;21.019;0;0;14.542;6.4773;142.51;3.7297;0.0958;0.0325;3.571;0.0304;146.24;0.2931;0.0672;0.0228;0.2023;0.0009;145.25;33.415;11.325;97.354;0.4153;101.12;84.538;30.443;19.339;1.9055;27.41;2.7423;9.9759;0;1;0;0;0.968;0.8746;1;1;0.8743;0.0645;0.9745;0.9971;1;0.9646;0.9318;0.998;0.998;1;0.998;0.998;0.8505;0.8417;0.06;0.4768;0.4705;0.0028;0.0172;-0.004;0.0032;0.0113;0.005;0;0;0.088;0.3285;0;0;0;0;0;0;0;0;0;0;0;0;0.0091;0.0007;0.4251;0.4251;0;22.649;22.649;6.9893;0.049;400.6;1061.1;1;0.0086;0.0086;0;0;0;0;0;0;0.4165;0.3285;0;16.765;19.413;12.956;15.003;97.984;97.984;4.0212;3.5848;2.7704;0.4364;0.8144;0.1085;0.2025;0.6889;100.7;0.6138;0
15/08/21 16:00;9.97;65.062;65.172;10.971;16.517;90;16.517;44.304;43.704;0.6009;14.28;2.83;0;1.4575;42.69;0.2757;0;0.1463;44.57;0;44.57;1.4575;0.2757;42.69;0.1463;0.0327;0.9611;0;0.0033;43.73;0.8398;0;0;0.7178;0.122;41.99;1.6526;0.0923;0.0175;1.5374;0.0054;43.643;0.0875;0.0029;0.0006;0.0839;0;42.024;1.3623;0.2577;40.351;0.0188;26.131;21.846;6.6112;0.0778;0.2542;3.6571;0.0343;3.8336;0;1;0;0;1.006;0.9812;1;1;0.9832;0.1659;0.9621;0.9366;1;0.9633;0.7758;0.998;0.998;1;0.998;0.998;0.9421;0.9452;0.1284;0.1268;0.1276;0.0008;0.0124;-0.0041;0.0008;0.0029;0.0006;0;0;0.088;0.0186;0;0;0;0;0;0;0;0;0;0;0;0;0.0024;0.0001;0.1116;0.1116;0;16.356;16.356;2.0761;0.0494;107.45;1038.3;1;0.005;0.005;0;0;0;0;0;0;0.1066;0.0186;0;16.542;19.155;2.7596;3.1956;95.556;95.556;1.0697;0.9409;0.157;0.1288;0.7839;0.1204;0.7329;0.1467;26.128;0.1383;0
15/08/21 17:00;2.189;71.303;84.685;2.3108;3.301;90;3.301;0;0;0;12.58;3.08;0;0;0;0;0;0;0;0;0;0;0;0;0;1;1;1;1;0;0;0;0;0;0;0;0;0;0;0;0;0;0;0;0;0;0;0;0;0;0;0;0;0;0;0;0;0;0;0;0;0;0;0;1;1;1;1;1;1;1;1;1;1;1;1;1;1;1;1;1;1;1;0;0;0;0;0;0;0;0;0;0.0004;0.088;-0.0884;0;0;0;0;0;0;0;0;0;0;0;0;0;0;0;0;0;0;0;-12.58;0;0;0;0;0.0004;0;0;0;0;0;0;0;-0.0004;-0.0884;0;0;0;0;0;0;0;0;0;-0.7452;0;0.7452;1;1;0;0;0;0
15/08/21 18:00;0;0;90;0;0;90;0;0;0;0;8.9497;3.1701;0;0;0;0;0;0;0;0;0;0;0;0;0;1;1;1;1;0;0;0;0;0;0;0;0;0;0;0;0;0;0;0;0;0;0;0;0;0;0;0;0;0;0;0;0;0;0;0;0;0;0;0;1;1;1;1;1;1;1;1;1;1;1;1;1;1;1;1;1;1;1;0;0;0;0;0;0;0;0;0;0.0004;0.088;-0.0884;0;0;0;0;0;0;0;0;0;0;0;0;0;0;0;0;0;0;0;-8.9497;0;0;0;0;0.0004;0;0;0;0;0;0;0;-0.0004;-0.0884;0;0;0;0;0;0;0;0;0;-0.7452;0;0.7452;1;1;0;0;0;0
15/08/21 19:00;0;0;90;0;0;90;0;0;0;0;9.07;3.29;0;0;0;0;0;0;0;0;0;0;0;0;0;1;1;1;1;0;0;0;0;0;0;0;0;0;0;0;0;0;0;0;0;0;0;0;0;0;0;0;0;0;0;0;0;0;0;0;0;0;0;0;1;1;1;1;1;1;1;1;1;1;1;1;1;1;1;1;1;1;1;0;0;0;0;0;0;0;0;0;0.0004;0.088;-0.0884;0;0;0;0;0;0;0;0;0;0;0;0;0;0;0;0;0;0;0;-9.07;0;0;0;0;0.0004;0;0;0;0;0;0;0;-0.0004;-0.0884;0;0;0;0;0;0;0;0;0;-0.7452;0;0.7452;1;1;0;0;0;0
15/08/21 20:00;0;0;90;0;0;90;0;0;0;0;8.1998;3.3599;0;0;0;0;0;0;0;0;0;0;0;0;0;1;1;1;1;0;0;0;0;0;0;0;0;0;0;0;0;0;0;0;0;0;0;0;0;0;0;0;0;0;0;0;0;0;0;0;0;0;0;0;1;1;1;1;1;1;1;1;1;1;1;1;1;1;1;1;1;1;1;0;0;0;0;0;0;0;0;0;0.0004;0.088;-0.0884;0;0;0;0;0;0;0;0;0;0;0;0;0;0;0;0;0;0;0;-8.1998;0;0;0;0;0.0004;0;0;0;0;0;0;0;-0.0004;-0.0884;0;0;0;0;0;0;0;0;0;-0.7452;0;0.7452;1;1;0;0;0;0
15/08/21 21:00;0;0;90;0;0;90;0;0;0;0;7.7697;3.48;0;0;0;0;0;0;0;0;0;0;0;0;0;1;1;1;1;0;0;0;0;0;0;0;0;0;0;0;0;0;0;0;0;0;0;0;0;0;0;0;0;0;0;0;0;0;0;0;0;0;0;0;1;1;1;1;1;1;1;1;1;1;1;1;1;1;1;1;1;1;1;0;0;0;0;0;0;0;0;0;0.0004;0.088;-0.0884;0;0;0;0;0;0;0;0;0;0;0;0;0;0;0;0;0;0;0;-7.7697;0;0;0;0;0.0004;0;0;0;0;0;0;0;-0.0004;-0.0884;0;0;0;0;0;0;0;0;0;-0.7452;0;0.7452;1;1;0;0;0;0
15/08/21 22:00;0;0;90;0;0;90;0;0;0;0;4.7603;3.54;0;0;0;0;0;0;0;0;0;0;0;0;0;1;1;1;1;0;0;0;0;0;0;0;0;0;0;0;0;0;0;0;0;0;0;0;0;0;0;0;0;0;0;0;0;0;0;0;0;0;0;0;1;1;1;1;1;1;1;1;1;1;1;1;1;1;1;1;1;1;1;0;0;0;0;0;0;0;0;0;0.0004;0.088;-0.0884;0;0;0;0;0;0;0;0;0;0;0;0;0;0;0;0;0;0;0;-4.7603;0;0;0;0;0.0004;0;0;0;0;0;0;0;-0.0004;-0.0884;0;0;0;0;0;0;0;0;0;-0.7452;0;0.7452;1;1;0;0;0;0
15/08/21 23:00;0;0;90;0;0;90;0;0;0;0;4.2697;3.4;0;0;0;0;0;0;0;0;0;0;0;0;0;1;1;1;1;0;0;0;0;0;0;0;0;0;0;0;0;0;0;0;0;0;0;0;0;0;0;0;0;0;0;0;0;0;0;0;0;0;0;0;1;1;1;1;1;1;1;1;1;1;1;1;1;1;1;1;1;1;1;0;0;0;0;0;0;0;0;0;0.0004;0.088;-0.0884;0;0;0;0;0;0;0;0;0;0;0;0;0;0;0;0;0;0;0;-4.2697;0;0;0;0;0.0004;0;0;0;0;0;0;0;-0.0004;-0.0884;0;0;0;0;0;0;0;0;0;-0.7452;0;0.7452;1;1;0;0;0;0
16/08/21 00:00;0;0;90;0;0;90;0;0;0;0;3.2998;3.3499;0;0;0;0;0;0;0;0;0;0;0;0;0;1;1;1;1;0;0;0;0;0;0;0;0;0;0;0;0;0;0;0;0;0;0;0;0;0;0;0;0;0;0;0;0;0;0;0;0;0;0;0;1;1;1;1;1;1;1;1;1;1;1;1;1;1;1;1;1;1;1;0;0;0;0;0;0;0;0;0;0.0004;0.088;-0.0884;0;0;0;0;0;0;0;0;0;0;0;0;0;0;0;0;0;0;0;-3.2998;0;0;0;0;0.0004;0;0;0;0;0;0;0;-0.0004;-0.0884;0;0;0;0;0;0;0;0;0;-0.7452;0;0.7452;1;1;0;0;0;0
16/08/21 01:00;0;0;90;0;0;90;0;0;0;0;2.29;3.37;0;0;0;0;0;0;0;0;0;0;0;0;0;1;1;1;1;0;0;0;0;0;0;0;0;0;0;0;0;0;0;0;0;0;0;0;0;0;0;0;0;0;0;0;0;0;0;0;0;0;0;0;1;1;1;1;1;1;1;1;1;1;1;1;1;1;1;1;1;1;1;0;0;0;0;0;0;0;0;0;0.0004;0.088;-0.0884;0;0;0;0;0;0;0;0;0;0;0;0;0;0;0;0;0;0;0;-2.29;0;0;0;0;0.0004;0;0;0;0;0;0;0;-0.0004;-0.0884;0;0;0;0;0;0;0;0;0;-0.7452;0;0.7452;1;1;0;0;0;0
16/08/21 02:00;0;0;90;0;0;90;0;0;0;0;2.1598;3.06;0;0;0;0;0;0;0;0;0;0;0;0;0;1;1;1;1;0;0;0;0;0;0;0;0;0;0;0;0;0;0;0;0;0;0;0;0;0;0;0;0;0;0;0;0;0;0;0;0;0;0;0;1;1;1;1;1;1;1;1;1;1;1;1;1;1;1;1;1;1;1;0;0;0;0;0;0;0;0;0;0.0004;0.088;-0.0884;0;0;0;0;0;0;0;0;0;0;0;0;0;0;0;0;0;0;0;-2.1598;0;0;0;0;0.0004;0;0;0;0;0;0;0;-0.0004;-0.0884;0;0;0;0;0;0;0;0;0;-0.7452;0;0.7452;1;1;0;0;0;0
16/08/21 03:00;0;0;90;0;0;90;0;0;0;0;2.2202;2.7899;0;0;0;0;0;0;0;0;0;0;0;0;0;1;1;1;1;0;0;0;0;0;0;0;0;0;0;0;0;0;0;0;0;0;0;0;0;0;0;0;0;0;0;0;0;0;0;0;0;0;0;0;1;1;1;1;1;1;1;1;1;1;1;1;1;1;1;1;1;1;1;0;0;0;0;0;0;0;0;0;0.0004;0.088;-0.0884;0;0;0;0;0;0;0;0;0;0;0;0;0;0;0;0;0;0;0;-2.2202;0;0;0;0;0.0004;0;0;0;0;0;0;0;-0.0004;-0.0884;0;0;0;0;0;0;0;0;0;-0.7452;0;0.7452;1;1;0;0;0;0
16/08/21 04:00;0;0;90;0;0;90;0;0;0;0;3.4999;2.6399;0;0;0;0;0;0;0;0;0;0;0;0;0;1;1;1;1;0;0;0;0;0;0;0;0;0;0;0;0;0;0;0;0;0;0;0;0;0;0;0;0;0;0;0;0;0;0;0;0;0;0;0;1;1;1;1;1;1;1;1;1;1;1;1;1;1;1;1;1;1;1;0;0;0;0;0;0;0;0;0;0.0004;0.088;-0.0884;0;0;0;0;0;0;0;0;0;0;0;0;0;0;0;0;0;0;0;-3.4999;0;0;0;0;0.0004;0;0;0;0;0;0;0;-0.0004;-0.0884;0;0;0;0;0;0;0;0;0;-0.7452;0;0.7452;1;1;0;0;0;0
16/08/21 05:00;0;0;90;0;0;90;0;0;0;0;1.2603;2.68;0;0;0;0;0;0;0;0;0;0;0;0;0;1;1;1;1;0;0;0;0;0;0;0;0;0;0;0;0;0;0;0;0;0;0;0;0;0;0;0;0;0;0;0;0;0;0;0;0;0;0;0;1;1;1;1;1;1;1;1;1;1;1;1;1;1;1;1;1;1;1;0;0;0;0;0;0;0;0;0;0.0004;0.088;-0.0884;0;0;0;0;0;0;0;0;0;0;0;0;0;0;0;0;0;0;0;-1.2603;0;0;0;0;0.0004;0;0;0;0;0;0;0;-0.0004;-0.0884;0;0;0;0;0;0;0;0;0;-0.7452;0;0.7452;1;1;0;0;0;0
16/08/21 06:00;1.9031;-71.914;85.38;2.002;2.8582;-90;-2.8582;0.7032;0.6983;0.0049;1.8799;3.38;0;0;0.6979;0;0;0.0001;0.698;0.698;0;0;0;0;0;1;1;1;1;0;0;0;0;0;0;0;0;0;0;0;0;0;0;0;0;0;0;0;0;0;0;0;0;0;0;0;0;0;0;0;0;0;0;0;0;1;1;1;1;1;1;1;1;1;1;1;1;1;0;0;1;0;0;0;0;0;0;0;0;0;0;0;0.0004;0.088;-0.0884;0;0;0;0;0;0;0;0;0;0;0;0;0;0;0;0;0;0;0;-1.8799;0;0;0;0;0.0004;0;0;0;0;0;0;0;-0.0004;-0.0884;0;0;0;0;0;0;0;0;0;-0.7452;0;0.7452;1;1;0;0;0;0
16/08/21 07:00;9.3443;-66.012;66.81;10.21;15.251;-90;-15.251;42.41;41.103;1.3071;5.5002;3.7401;0;3.17;40.135;0.6011;0;0.1195;44.026;0;44.026;3.17;0.6011;40.135;0.1195;0.072;0.9143;0;0.0027;43.339;0.6872;0;0;0.588;0.0993;41.48;1.7716;0.2404;0.0456;1.4811;0.0045;43.252;0.0867;0.0063;0.0012;0.0791;0;41.507;2.9233;0.5543;37.987;0.0157;24.454;20.444;6.1725;0.0551;0.2377;3.4193;0.0263;3.6019;0;1;0;0;1.0381;0.9844;1;1;0.9853;0.1693;0.959;0.924;1;0.9625;0.7763;0.998;0.998;1;0.998;0.998;0.9422;0.9465;0.1312;0.1253;0.1256;0.0008;0.0123;-0.008;0.0008;0.003;0.0006;0;0;0.088;0.0203;0;0;0;0;0;0;0;0;0;0;0;0;0.0024;0.0001;0.1136;0.1136;0;7.5363;7.5363;2.0361;0.0491;105.55;1076.2;1;0.0053;0.0053;0;0;0;0;0;0;0.1083;0.0203;0;17.048;19.741;3.0413;3.5218;95.316;95.316;1.0566;0.9579;0.1709;0.0988;0.787;0.0935;0.7448;0.1617;24.446;0.1528;0
16/08/21 08:00;20.063;-55.777;33.693;23.831;54.666;-90;-54.666;105;102;2.9974;7.2299;4.9;0;7.2696;79.969;1.6191;0;3.5419;92.4;0;92.4;7.2696;1.6191;79.969;3.5419;0.0787;0.9038;0;0.0383;80.346;12.054;0;0;8.754;3.3004;77.728;2.4573;0.0232;0.0052;2.4186;0.0103;80.185;0.1607;0.0145;0.0032;0.1424;0.0005;79.181;7.2319;1.6107;68.654;0.2307;65.573;54.819;19.252;9.6091;1.0768;15.49;1.4533;6.9577;0;1;0;0;0.88;0.8695;1;1;0.8905;0.0682;0.9694;0.9968;1;0.966;0.9571;0.998;0.998;1;0.998;0.998;0.8412;0.8585;0.0651;0.263;0.2576;0.0016;0.0159;-0.0131;0.0018;0.0063;0.0029;0;0;0.088;0.1419;0;0;0;0;0;0;0;0;0;0;0;0;0.0051;0.0003;0.2369;0.2369;0;11.028;11.028;3.798;0.0489;217.97;1086.7;1;0.007;0.007;0;0;0;0;0;0;0.2299;0.1419;0;16.939;19.615;10.145;11.748;97.047;97.047;2.2176;1.9975;1.1964;0.2201;0.8011;0.0993;0.3612;0.5395;65.555;0.4793;0
16/08/21 09:00;29.418;-43.438;39.234;39.355;50.645;-90;-50.645;164.7;159.3;5.3953;7.7598;5.86;0;8.5083;129.09;2.0671;0;4.8206;144.48;0;144.48;8.5083;2.0671;129.09;4.8206;0.0589;0.9268;0;0.0334;127.35;17.131;0;0;12.649;4.4821;123.15;3.9503;0.0547;0.0133;3.8683;0.0141;127.1;0.2547;0.017;0.0041;0.2329;0.0007;125.09;8.4366;2.0497;112.34;0.3238;103.82;86.792;29.86;11.871;1.528;21.98;1.9425;11.637;0;1;0;0;0.8773;0.8814;1;1;0.902;0.0702;0.9689;0.9936;1;0.9667;0.9583;0.998;0.998;1;0.998;0.998;0.8523;0.8702;0.0672;0.4112;0.4019;0.0024;0.0172;-0.0163;0.0028;0.0099;0.0041;0;0;0.088;0.2769;0;0;0;0;0;0;0;0;0;0;0;0;0.008;0.0006;0.3732;0.3732;0;13.763;13.763;6.003;0.0487;341.62;1092.4;1;0.0083;0.0083;0;0;0;0;0;0;0.3649;0.2769;0;17.068;19.765;12.662;14.663;97.767;97.767;3.4676;3.1472;2.3348;0.3204;0.8124;0.0924;0.2343;0.6733;101.45;0.6045;0
16/08/21 10:00;36.628;-28.29;44.965;57.482;32.518;-90;-32.518;213.2;205.3;7.9016;8.5302;6.58;0;9.3707;187.33;2.4155;0;2.674;201.79;0;201.79;9.3707;2.4155;187.33;2.674;0.0464;0.9416;0;0.0133;190.01;11.777;0;0;9.4155;2.361;183.71;5.9176;0.0915;0.0236;5.7532;0.0493;189.63;0.38;0.0187;0.0048;0.3558;0.0006;184.6;9.2604;2.3871;171.8;0.263;130.8;109.35;34.916;3.7477;1.3725;19.742;0.8841;17.367;0;1;0;0;0.9465;0.9416;1;1;0.9497;0.117;0.9688;0.9902;1;0.9676;0.8421;0.998;0.998;1;0.998;0.998;0.9104;0.9171;0.0984;0.5743;0.5677;0.0034;0.0169;-0.0153;0.0039;0.014;0.0037;0;0;0.088;0.4308;0;0;0;0;0;0;0;0;0;0;0;0;0.0113;0.001;0.5288;0.5288;0;17.481;17.481;8.9512;0.0487;484.51;1091.4;1;0.01;0.01;0;0;0;0;0;0;0.5188;0.4308;0;17.316;20.051;14.108;16.336;98.115;98.115;4.8429;4.4592;3.6331;0.3837;0.8262;0.0792;0.1706;0.7502;125.7;0.699;0
16/08/21 11:00;40.707;-10.324;48.226;78.234;11.766;-90;-11.766;279.6;260;19.601;9.6902;7.0199;0;20.022;251.47;5.979;0;0.47;277.94;0;277.94;20.022;5.979;251.47;0.47;0.072;0.9065;0;0.0017;275.18;2.7698;0;0;2.3796;0.3901;264.42;10.21;0.2337;0.0698;9.8883;0.0179;274.62;0.5504;0.04;0.012;0.4982;0.0002;264.51;19.748;5.8972;238.71;0.0618;166.24;138.97;41.939;0.1349;1.6017;23.04;0.0932;24.506;0;1;0;0;0.9941;0.99;1;1;0.9905;0.1699;0.9628;0.9883;1;0.9602;0.7755;0.998;0.998;1;0.998;0.998;0.9513;0.9492;0.1315;0.791;0.8029;0.0048;0.0147;-0.0069;0.0055;0.0196;0.0043;0;0;0.088;0.6423;0;0;0;0;0;0;0;0;0;0;0;0;0.0158;0.0018;0.7432;0.7432;0;22.591;22.591;12.901;0.0488;686.45;1082.6;1;0.0128;0.0128;0;0;0;0;0;0;0.7303;0.6423;0;17.668;20.459;15.271;17.684;98.276;98.276;6.6707;6.2672;5.417;0.4035;0.8502;0.0605;0.1274;0.8121;151.45;0.7646;0
16/08/21 12:00;40.853;8.9678;48.343;79.782;10.218;90;10.218;258.31;246.1;12.204;10.58;7.54;0;12.4;240.74;3.4948;0;0.3277;256.96;0;256.96;12.4;3.4948;240.74;0.3277;0.0483;0.9381;0;0.0013;254.88;2.0783;0;0;1.8056;0.2727;244.46;9.9136;0.1456;0.041;9.7146;0.0124;254.37;0.5098;0.0248;0.007;0.4779;0.0001;244.52;12.23;3.4468;228.74;0.0425;153.51;128.33;38.597;0.0759;1.4844;21.352;0.0589;22.76;0;1;0;0;0.9948;0.9919;1;1;0.9925;0.1679;0.961;0.9882;1;0.9593;0.7749;0.998;0.998;1;0.998;0.998;0.9513;0.9502;0.1298;0.7313;0.7424;0.0045;0.0154;-0.0066;0.0051;0.0181;0.004;0;0;0.088;0.5857;0;0;0;0;0;0;0;0;0;0;0;0;0.0146;0.0016;0.6857;0.6857;0;22.513;22.513;11.934;0.0488;634.64;1080.5;1;0.012;0.012;0;0;0;0;0;0;0.6737;0.5857;0;17.633;20.419;15.062;17.442;98.254;98.254;6.1671;5.7826;4.9395;0.3845;0.8431;0.0623;0.1367;0.8009;144.38;0.754;0
16/08/21 13:00;37.033;27.097;45.289;58.879;31.121;90;31.121;378.6;280.7;97.901;11.81;7.7201;0;114.36;228.78;39.926;0;4.3592;387.42;0;387.42;114.36;39.926;228.78;4.3592;0.2952;0.6018;0;0.0113;372.82;14.602;0;0;10.76;3.8418;363.38;8.6935;1.1388;0.3976;7.069;0.0881;372.08;0.7456;0.2287;0.0799;0.436;0.001;364.74;112.99;39.449;210.51;0.4283;220.75;184.55;58.644;3.9341;2.1792;31.348;1.3573;29.593;0;1;0;0;1.0233;0.9623;1;1;0.953;0.1187;0.9766;0.99;1;0.9675;0.8294;0.998;0.998;1;0.998;0.998;0.9379;0.9202;0.0982;1.1026;1.1063;0.0067;0.0107;0.018;0.0075;0.0266;0.0058;0;0;0.088;0.902;0;0;0;0;0;0;0;0;0;0;0;0;0.0214;0.0032;1.0065;1.0065;0;29.606;29.606;17.796;0.049;948.28;1061.4;1;0.0164;0.0164;0;0;0;0;0;0;0.99;0.902;0;17.167;19.879;15.385;17.816;98.366;98.366;9.2982;8.4879;7.6071;0.8103;0.8808;0.0871;0.0947;0.8181;151.98;0.7714;0
16/08/21 14:00;30.012;42.46;39.705;40.552;49.448;90;49.448;237.6;217.8;19.801;12.52;7.12;0;30.457;174.37;9.9346;0;6.6501;221.41;0;221.41;30.457;9.9346;174.37;6.6501;0.1376;0.8176;0;0.03;198.65;22.766;0;0;16.558;6.2081;192.74;5.5044;0.204;0.0665;5.214;0.0198;198.25;0.3973;0.0609;0.0199;0.3156;0.0009;195.32;30.192;9.8481;152.28;0.4213;145.08;121.28;41.283;14.755;2.0449;29.415;2.5725;16.705;0;1;0;0;0.9319;0.8972;1;1;0.905;0.0665;0.9722;0.9933;1;0.9669;0.955;0.998;0.998;1;0.998;0.998;0.8705;0.8733;0.0634;0.6301;0.6177;0.0037;0.0166;-0.0068;0.0042;0.015;0.0055;0;0;0.088;0.4681;0;0;0;0;0;0;0;0;0;0;0;0;0.0121;0.0011;0.5663;0.5663;0;21.942;21.942;9.4223;0.0489;526.94;1074.7;1;0.0102;0.0102;0;0;0;0;0;0;0.5561;0.4681;0;16.901;19.571;13.969;16.176;98.196;98.196;5.3139;4.7756;3.9473;0.5383;0.8283;0.1013;0.1559;0.7428;135.39;0.6756;0
16/08/21 15:00;20.781;54.979;32.809;24.863;60;90;60;107.69;105.7;1.9948;11.95;5.4801;0;4.7255;78.941;1.0546;0;4.3078;89.029;0;89.029;4.7255;1.0546;78.941;4.3078;0.0531;0.9351;0;0.0484;75.074;13.954;0;0;9.9243;4.0299;72.453;2.4715;0.0126;0.0028;2.4371;0.0189;74.924;0.1501;0.0095;0.0021;0.138;0.0006;74.309;4.7034;1.0496;66.441;0.2584;68.792;57.51;20.733;13.198;1.2975;18.665;1.8564;6.7638;0;1;0;0;0.8267;0.8433;1;1;0.8743;0.0645;0.967;0.9973;1;0.9646;0.9318;0.998;0.998;1;0.998;0.998;0.8138;0.8417;0.06;0.2534;0.25;0.0015;0.0158;-0.0087;0.0017;0.006;0.0034;0;0;0.088;0.1304;0;0;0;0;0;0;0;0;0;0;0;0;0.0048;0.0003;0.2251;0.2251;0;15.506;15.506;3.5564;0.0491;211.4;1064.9;1;0.0067;0.0067;0;0;0;0;0;0;0.2184;0.1304;0;16.71;19.349;9.6814;11.211;97.028;97.028;2.1367;1.8985;1.1;0.2382;0.7985;0.1115;0.3737;0.5148;68.723;0.445;0
16/08/21 16:00;10.139;65.337;64.726;11.133;16.79;90;16.79;32.896;32.601;0.295;11.42;3.9199;0;0.7154;31.866;0.0992;0;0.1122;32.793;0;32.793;0.7154;0.0992;31.866;0.1122;0.0218;0.9752;0;0.0034;32.149;0.6443;0;0;0.5507;0.0936;30.89;1.1949;0.0432;0.006;1.1416;0.0042;32.085;0.0643;0.0014;0.0002;0.0626;0;30.916;0.6708;0.0931;30.111;0.0144;19.526;16.323;4.9426;0.0615;0.19;2.7334;0.0266;2.8619;0;1;0;0;0.9969;0.9804;1;1;0.9827;0.1657;0.9628;0.9396;1;0.9635;0.776;0.998;0.998;1;0.998;0.998;0.942;0.9449;0.1283;0.0933;0.0939;0.0006;0.0108;-0.0041;0.0006;0.0022;0.0005;0;0;0.088;-0.0105;0;0;0;0;0;0;0;0;0;0;0;0;0.0017;0.0001;0.0817;0.0817;0;12.949;12.949;1.5293;0.0495;78.566;1039.7;1;0.0042;0.0042;0;0;0;0;0;0;0.0775;-0.0105;0;16.46;19.061;-2.1102;-2.4435;94.908;94.908;0.787;0.6889;-0.0883;0.0982;0.7772;0.1247;0.9875;0;19.524;0;0
16/08/21 17:00;2.3433;71.583;84.309;2.4697;3.5291;90;3.5291;0;0;0;10.98;3.8399;0;0;0;0;0;0;0;0;0;0;0;0;0;1;1;1;1;0;0;0;0;0;0;0;0;0;0;0;0;0;0;0;0;0;0;0;0;0;0;0;0;0;0;0;0;0;0;0;0;0;0;0;1;1;1;1;1;1;1;1;1;1;1;1;1;1;1;1;1;1;1;0;0;0;0;0;0;0;0;0;0.0004;0.088;-0.0884;0;0;0;0;0;0;0;0;0;0;0;0;0;0;0;0;0;0;0;-10.98;0;0;0;0;0.0004;0;0;0;0;0;0;0;-0.0004;-0.0884;0;0;0;0;0;0;0;0;0;-0.7452;0;0.7452;1;1;0;0;0;0
16/08/21 18:00;0;0;90;0;0;90;0;0;0;0;8.8599;4.0601;0;0;0;0;0;0;0;0;0;0;0;0;0;1;1;1;1;0;0;0;0;0;0;0;0;0;0;0;0;0;0;0;0;0;0;0;0;0;0;0;0;0;0;0;0;0;0;0;0;0;0;0;1;1;1;1;1;1;1;1;1;1;1;1;1;1;1;1;1;1;1;0;0;0;0;0;0;0;0;0;0.0004;0.088;-0.0884;0;0;0;0;0;0;0;0;0;0;0;0;0;0;0;0;0;0;0;-8.8599;0;0;0;0;0.0004;0;0;0;0;0;0;0;-0.0004;-0.0884;0;0;0;0;0;0;0;0;0;-0.7452;0;0.7452;1;1;0;0;0;0
16/08/21 19:00;0;0;90;0;0;90;0;0;0;0;8.0097;4.3199;0;0;0;0;0;0;0;0;0;0;0;0;0;1;1;1;1;0;0;0;0;0;0;0;0;0;0;0;0;0;0;0;0;0;0;0;0;0;0;0;0;0;0;0;0;0;0;0;0;0;0;0;1;1;1;1;1;1;1;1;1;1;1;1;1;1;1;1;1;1;1;0;0;0;0;0;0;0;0;0;0.0004;0.088;-0.0884;0;0;0;0;0;0;0;0;0;0;0;0;0;0;0;0;0;0;0;-8.0097;0;0;0;0;0.0004;0;0;0;0;0;0;0;-0.0004;-0.0884;0;0;0;0;0;0;0;0;0;-0.7452;0;0.7452;1;1;0;0;0;0
16/08/21 20:00;0;0;90;0;0;90;0;0;0;0;7.6002;4.56;0;0;0;0;0;0;0;0;0;0;0;0;0;1;1;1;1;0;0;0;0;0;0;0;0;0;0;0;0;0;0;0;0;0;0;0;0;0;0;0;0;0;0;0;0;0;0;0;0;0;0;0;1;1;1;1;1;1;1;1;1;1;1;1;1;1;1;1;1;1;1;0;0;0;0;0;0;0;0;0;0.0004;0.088;-0.0884;0;0;0;0;0;0;0;0;0;0;0;0;0;0;0;0;0;0;0;-7.6002;0;0;0;0;0.0004;0;0;0;0;0;0;0;-0.0004;-0.0884;0;0;0;0;0;0;0;0;0;-0.7452;0;0.7452;1;1;0;0;0;0
16/08/21 21:00;0;0;90;0;0;90;0;0;0;0;7.66;4.6299;0;0;0;0;0;0;0;0;0;0;0;0;0;1;1;1;1;0;0;0;0;0;0;0;0;0;0;0;0;0;0;0;0;0;0;0;0;0;0;0;0;0;0;0;0;0;0;0;0;0;0;0;1;1;1;1;1;1;1;1;1;1;1;1;1;1;1;1;1;1;1;0;0;0;0;0;0;0;0;0;0.0004;0.088;-0.0884;0;0;0;0;0;0;0;0;0;0;0;0;0;0;0;0;0;0;0;-7.66;0;0;0;0;0.0004;0;0;0;0;0;0;0;-0.0004;-0.0884;0;0;0;0;0;0;0;0;0;-0.7452;0;0.7452;1;1;0;0;0;0
16/08/21 22:00;0;0;90;0;0;90;0;0;0;0;5.3599;4.4799;0;0;0;0;0;0;0;0;0;0;0;0;0;1;1;1;1;0;0;0;0;0;0;0;0;0;0;0;0;0;0;0;0;0;0;0;0;0;0;0;0;0;0;0;0;0;0;0;0;0;0;0;1;1;1;1;1;1;1;1;1;1;1;1;1;1;1;1;1;1;1;0;0;0;0;0;0;0;0;0;0.0004;0.088;-0.0884;0;0;0;0;0;0;0;0;0;0;0;0;0;0;0;0;0;0;0;-5.3599;0;0;0;0;0.0004;0;0;0;0;0;0;0;-0.0004;-0.0884;0;0;0;0;0;0;0;0;0;-0.7452;0;0.7452;1;1;0;0;0;0
16/08/21 23:00;0;0;90;0;0;90;0;0;0;0;7.1302;4.4601;0;0;0;0;0;0;0;0;0;0;0;0;0;1;1;1;1;0;0;0;0;0;0;0;0;0;0;0;0;0;0;0;0;0;0;0;0;0;0;0;0;0;0;0;0;0;0;0;0;0;0;0;1;1;1;1;1;1;1;1;1;1;1;1;1;1;1;1;1;1;1;0;0;0;0;0;0;0;0;0;0.0004;0.088;-0.0884;0;0;0;0;0;0;0;0;0;0;0;0;0;0;0;0;0;0;0;-7.1302;0;0;0;0;0.0004;0;0;0;0;0;0;0;-0.0004;-0.0884;0;0;0;0;0;0;0;0;0;-0.7452;0;0.7452;1;1;0;0;0;0
17/08/21 00:00;0;0;90;0;0;90;0;0;0;0;5.0202;4.3199;0;0;0;0;0;0;0;0;0;0;0;0;0;1;1;1;1;0;0;0;0;0;0;0;0;0;0;0;0;0;0;0;0;0;0;0;0;0;0;0;0;0;0;0;0;0;0;0;0;0;0;0;1;1;1;1;1;1;1;1;1;1;1;1;1;1;1;1;1;1;1;0;0;0;0;0;0;0;0;0;0.0004;0.088;-0.0884;0;0;0;0;0;0;0;0;0;0;0;0;0;0;0;0;0;0;0;-5.0202;0;0;0;0;0.0004;0;0;0;0;0;0;0;-0.0004;-0.0884;0;0;0;0;0;0;0;0;0;-0.7452;0;0.7452;1;1;0;0;0;0
17/08/21 01:00;0;0;90;0;0;90;0;0;0;0;4.4;3.62;0;0;0;0;0;0;0;0;0;0;0;0;0;1;1;1;1;0;0;0;0;0;0;0;0;0;0;0;0;0;0;0;0;0;0;0;0;0;0;0;0;0;0;0;0;0;0;0;0;0;0;0;1;1;1;1;1;1;1;1;1;1;1;1;1;1;1;1;1;1;1;0;0;0;0;0;0;0;0;0;0.0004;0.088;-0.0884;0;0;0;0;0;0;0;0;0;0;0;0;0;0;0;0;0;0;0;-4.4;0;0;0;0;0.0004;0;0;0;0;0;0;0;-0.0004;-0.0884;0;0;0;0;0;0;0;0;0;-0.7452;0;0.7452;1;1;0;0;0;0
17/08/21 02:00;0;0;90;0;0;90;0;0;0;0;3.02;3.56;0;0;0;0;0;0;0;0;0;0;0;0;0;1;1;1;1;0;0;0;0;0;0;0;0;0;0;0;0;0;0;0;0;0;0;0;0;0;0;0;0;0;0;0;0;0;0;0;0;0;0;0;1;1;1;1;1;1;1;1;1;1;1;1;1;1;1;1;1;1;1;0;0;0;0;0;0;0;0;0;0.0004;0.088;-0.0884;0;0;0;0;0;0;0;0;0;0;0;0;0;0;0;0;0;0;0;-3.02;0;0;0;0;0.0004;0;0;0;0;0;0;0;-0.0004;-0.0884;0;0;0;0;0;0;0;0;0;-0.7452;0;0.7452;1;1;0;0;0;0
17/08/21 03:00;0;0;90;0;0;90;0;0;0;0;2.3898;3.64;0;0;0;0;0;0;0;0;0;0;0;0;0;1;1;1;1;0;0;0;0;0;0;0;0;0;0;0;0;0;0;0;0;0;0;0;0;0;0;0;0;0;0;0;0;0;0;0;0;0;0;0;1;1;1;1;1;1;1;1;1;1;1;1;1;1;1;1;1;1;1;0;0;0;0;0;0;0;0;0;0.0004;0.088;-0.0884;0;0;0;0;0;0;0;0;0;0;0;0;0;0;0;0;0;0;0;-2.3898;0;0;0;0;0.0004;0;0;0;0;0;0;0;-0.0004;-0.0884;0;0;0;0;0;0;0;0;0;-0.7452;0;0.7452;1;1;0;0;0;0
17/08/21 04:00;0;0;90;0;0;90;0;0;0;0;3.25;3.0901;0;0;0;0;0;0;0;0;0;0;0;0;0;1;1;1;1;0;0;0;0;0;0;0;0;0;0;0;0;0;0;0;0;0;0;0;0;0;0;0;0;0;0;0;0;0;0;0;0;0;0;0;1;1;1;1;1;1;1;1;1;1;1;1;1;1;1;1;1;1;1;0;0;0;0;0;0;0;0;0;0.0004;0.088;-0.0884;0;0;0;0;0;0;0;0;0;0;0;0;0;0;0;0;0;0;0;-3.25;0;0;0;0;0.0004;0;0;0;0;0;0;0;-0.0004;-0.0884;0;0;0;0;0;0;0;0;0;-0.7452;0;0.7452;1;1;0;0;0;0
17/08/21 05:00;0;0;90;0;0;90;0;0;0;0;2.3598;2.82;0;0;0;0;0;0;0;0;0;0;0;0;0;1;1;1;1;0;0;0;0;0;0;0;0;0;0;0;0;0;0;0;0;0;0;0;0;0;0;0;0;0;0;0;0;0;0;0;0;0;0;0;1;1;1;1;1;1;1;1;1;1;1;1;1;1;1;1;1;1;1;0;0;0;0;0;0;0;0;0;0.0004;0.088;-0.0884;0;0;0;0;0;0;0;0;0;0;0;0;0;0;0;0;0;0;0;-2.3598;0;0;0;0;0.0004;0;0;0;0;0;0;0;-0.0004;-0.0884;0;0;0;0;0;0;0;0;0;-0.7452;0;0.7452;1;1;0;0;0;0
17/08/21 06:00;1.9379;-72.287;85.296;2.0343;2.9045;-90;-2.9045;0.6056;0.5986;0.007;1.5302;3.08;0;0;0.5982;0;0;0.0001;0.5983;0.5983;0;0;0;0;0;1;1;1;1;0;0;0;0;0;0;0;0;0;0;0;0;0;0;0;0;0;0;0;0;0;0;0;0;0;0;0;0;0;0;0;0;0;0;0;0;1;1;1;1;1;1;1;1;1;1;1;1;1;0;0;1;0;0;0;0;0;0;0;0;0;0;0;0.0004;0.088;-0.0884;0;0;0;0;0;0;0;0;0;0;0;0;0;0;0;0;0;0;0;-1.5302;0;0;0;0;0.0004;0;0;0;0;0;0;0;-0.0004;-0.0884;0;0;0;0;0;0;0;0;0;-0.7452;0;0.7452;1;1;0;0;0;0
17/08/21 07:00;9.5848;-66.231;66.182;10.454;15.654;-90;-15.654;82.397;56.202;26.194;2.5699;3.53;0;63.529;48.662;16.056;0;0.2445;128.49;0;128.49;63.529;16.056;48.662;0.2445;0.4944;0.3806;0;0.0019;127.54;0.9482;0;0;0.745;0.2032;119.87;7.4212;4.4941;1.1358;1.7821;0.0092;127.29;0.2551;0.1271;0.0321;0.0958;0.0001;119.9;58.908;14.889;46.04;0.032;29.845;24.951;7.5612;0.0733;0.2887;4.1527;0.0341;4.368;0;1;0;0;1.5594;0.9926;1;1;0.9847;0.1691;0.9417;0.9291;1;0.9627;0.7765;0.998;0.998;1;0.998;0.998;0.9329;0.9461;0.1311;0.3657;0.3514;0.0021;0.017;-0.021;0.0025;0.0088;0.0008;0;0;0.088;0.2376;0;0;0;0;0;0;0;0;0;0;0;0;0.0071;0.0005;0.3337;0.3337;0;8.3883;8.3883;5.8184;0.0485;299.32;1115;1;0.0081;0.0081;0;0;0;0;0;0;0.3256;0.2376;0;17.163;19.874;12.219;14.149;97.561;97.561;3.0838;2.8144;2.0037;0.2694;0.8107;0.0874;0.2629;0.6497;29.684;0.6344;0
17/08/21 08:00;20.326;-55.978;32.602;24.081;57.64;-90;-57.64;242.6;116.7;125.9;5.8997;3.4901;0;305.34;65.27;76.815;0;9.0202;456.44;0;456.44;305.34;76.815;65.27;9.0202;0.669;0.1628;0;0.0198;440.32;16.12;0;0;7.7151;8.4047;436.44;3.0027;0.7795;0.1961;1.9949;0.0322;439.44;0.8806;0.6107;0.1536;0.1151;0.0012;437.9;303.95;76.465;55.445;0.582;56.075;46.879;16.516;9.4595;0.9982;14.359;1.4553;5.8976;0;1;0;0;1.8815;0.9647;1;1;0.8818;0.0682;0.9932;0.9974;1;0.9653;0.9476;0.998;0.998;1;0.998;0.998;0.9562;0.8495;0.0645;1.299;1.2816;0.0077;0.0082;0.01;0.0088;0.0312;0.0027;0;0;0.088;1.0765;0;0;0;0;0;0;0;0;0;0;0;0;0.0251;0.0042;1.1839;1.1839;0;27.209;27.209;21.31;0.0488;1100.4;1075.9;1;0.0194;0.0194;0;0;0;0;0;0;1.1645;1.0765;0;17.139;19.846;15.584;18.046;98.365;98.365;10.955;9.9836;9.0782;0.9711;0.9053;0.0886;0.0826;0.8287;55.303;0.8096;0
17/08/21 09:00;29.705;-43.607;38.972;39.597;50.403;-90;-50.403;416.69;126.2;290.49;8.7197;3.85;0;455.75;57.968;86.91;0;12.088;612.72;0;612.72;455.75;86.91;57.968;12.088;0.7438;0.1143;0;0.0197;595.84;16.877;0;0;5.6408;11.237;589.48;5.175;2.8579;0.545;1.7364;0.0357;594.65;1.1917;0.9115;0.1738;0.1047;0.0017;592.5;451.98;86.191;50.486;0.8138;168.68;141.01;44.458;5.2451;1.8335;26.374;3.0203;22.963;0;1;0;0;1.4704;0.9725;1;1;0.9027;0.0704;0.9913;0.9937;1;0.9667;0.958;0.998;0.998;1;0.998;0.998;0.9621;0.8709;0.0673;1.7438;1.748;0.0105;0.0021;0.0779;0.0116;0.0411;0.0047;0;0;0.088;1.4464;0;0;0;0;0;0;0;0;0;0;0;0;0.0331;0.0074;1.5595;1.5595;0;37.713;37.713;28.993;0.0492;1503.8;1037;1;0.0251;0.0251;0;0;0;0;0;0;1.5344;1.4464;0;16.818;19.475;15.599;18.063;98.392;98.392;14.705;13.151;12.198;1.5541;0.9535;0.1057;0.0648;0.8295;45.446;0.8036;0
17/08/21 10:00;36.939;-28.395;44.677;57.688;32.312;-90;-32.312;205.5;199.1;6.4046;9.5001;4.3701;0;7.578;182.22;1.8799;0;2.5458;194.22;0;194.22;7.578;1.8799;182.22;2.5458;0.039;0.9513;0;0.0131;182.91;11.313;0;0;9.0671;2.2456;176.8;5.7399;0.0728;0.018;5.6013;0.0477;182.54;0.3658;0.0152;0.0038;0.3463;0.0006;177.64;7.4901;1.8581;167.2;0.2518;126.2;105.5;33.659;3.5665;1.3228;19.028;0.8402;16.784;0;1;0;0;0.9451;0.9418;1;1;0.9502;0.1179;0.9686;0.9904;1;0.9676;0.8406;0.998;0.998;1;0.998;0.998;0.9103;0.9176;0.0989;0.5527;0.5464;0.0033;0.017;-0.0135;0.0038;0.0134;0.0036;0;0;0.088;0.4094;0;0;0;0;0;0;0;0;0;0;0;0;0.0108;0.0009;0.5071;0.5071;0;18.122;18.122;8.6218;0.0488;466.29;1087.4;1;0.0097;0.0097;0;0;0;0;0;0;0.4974;0.4094;0;17.252;19.977;13.928;16.128;98.088;98.088;4.6613;4.2761;3.4522;0.3852;0.8239;0.0826;0.1768;0.7406;122.09;0.69;0
17/08/21 11:00;41.03;-10.325;47.915;78.361;11.639;-90;-11.639;284.5;263.6;20.905;11.86;4.82;0;21.344;254.67;6.4176;0;0.468;282.9;0;282.9;21.344;6.4176;254.67;0.468;0.0754;0.9019;0;0.0017;280.14;2.7545;0;0;2.3661;0.3885;269.21;10.373;0.2453;0.0737;10.036;0.0178;279.58;0.5603;0.0427;0.0128;0.5046;0.0002;269.3;21.056;6.331;241.76;0.0615;169.12;141.38;42.67;0.1312;1.6288;23.429;0.0922;24.927;0;1;0;0;0.9944;0.9903;1;1;0.9907;0.1699;0.9629;0.9885;1;0.9601;0.7755;0.998;0.998;1;0.998;0.998;0.9516;0.9493;0.1315;0.8051;0.8174;0.0049;0.0146;0.0001;0.0056;0.0198;0.0043;0;0;0.088;0.6495;0;0;0;0;0;0;0;0;0;0;0;0;0.016;0.0019;0.7503;0.7503;0;25.02;25.02;13.16;0.0489;698.94;1073.5;1;0.0128;0.0128;0;0;0;0;0;0;0.7375;0.6495;0;17.526;20.295;15.172;17.568;98.293;98.293;6.7895;6.3275;5.4774;0.4619;0.8501;0.068;0.1252;0.8067;153.32;0.7596;0
17/08/21 12:00;41.164;9.0857;48.021;79.762;10.238;90;10.238;182.49;179.1;3.3954;11.88;5.13;0;3.4503;176.98;0.703;0;0.2325;181.37;0;181.37;3.4503;0.703;176.98;0.2325;0.019;0.9771;0;0.0013;179.85;1.5252;0;0;1.3318;0.1934;172.29;7.1963;0.0399;0.0081;7.1396;0.0088;179.49;0.3597;0.0069;0.0014;0.3513;0.0001;172.33;3.4036;0.6935;168.16;0.0302;108.54;90.736;27.224;0.0562;1.0539;15.161;0.0417;16.158;0;1;0;0;0.9939;0.9916;1;1;0.9925;0.1679;0.9599;0.9884;1;0.9593;0.7749;0.998;0.998;1;0.998;0.998;0.9499;0.9501;0.1298;0.5162;0.5234;0.0032;0.0171;-0.0088;0.0036;0.0127;0.0028;0;0;0.088;0.3844;0;0;0;0;0;0;0;0;0;0;0;0;0.0102;0.0009;0.4818;0.4818;0;20.299;20.299;8.4189;0.0489;447.04;1077.7;1;0.0093;0.0093;0;0;0;0;0;0;0.4724;0.3844;0;17.553;20.326;14.007;16.219;98.063;98.063;4.3529;4.0629;3.2421;0.29;0.8208;0.0666;0.1886;0.7448;106.15;0.7009;0
17/08/21 13:00;37.31;27.306;44.97;58.953;31.047;90;31.047;275.69;254.4;21.295;12.03;5.29;0;24.856;229.96;7.8115;0;3.1595;265.79;0;265.79;24.856;7.8115;229.96;3.1595;0.0935;0.8771;0;0.0119;252.23;13.558;0;0;10.775;2.7835;244.23;7.4917;0.2429;0.0763;7.1082;0.0642;251.73;0.5045;0.0497;0.0156;0.4384;0.0008;245.25;24.563;7.7195;211.64;0.3111;167.27;139.84;44.391;3.9216;1.7152;24.673;1.0157;22.466;0;1;0;0;0.9641;0.949;1;1;0.9531;0.119;0.9702;0.9902;1;0.9675;0.8289;0.998;0.998;1;0.998;0.998;0.9189;0.9203;0.0985;0.7564;0.7511;0.0045;0.0153;-0.0028;0.0051;0.0182;0.0046;0;0;0.088;0.5898;0;0;0;0;0;0;0;0;0;0;0;0;0.0147;0.0016;0.6898;0.6898;0;23.967;23.967;11.937;0.0489;641.92;1074.6;1;0.012;0.012;0;0;0;0;0;0;0.6778;0.5898;0;17.149;19.859;14.664;16.981;98.265;98.265;6.3789;5.8171;4.9741;0.5618;0.843;0.0881;0.1322;0.7798;152.68;0.7291;0
17/08/21 14:00;30.248;42.715;39.398;40.683;49.317;90;49.317;464.3;149.4;314.9;11.85;5.1601;0;483.06;65.638;107.28;0;12.931;668.9;0;668.9;483.06;107.28;65.638;12.931;0.7222;0.1175;0;0.0193;650.63;18.278;0;0;6.209;12.069;643.47;5.8501;3.1494;0.6994;1.9624;0.0389;649.32;1.3013;0.9661;0.2146;0.1189;0.0017;646.81;478.94;106.36;57.348;0.8206;193.51;161.77;50.753;5.5059;2.0865;30.013;3.3325;26.594;0;1;0;0;1.4407;0.9727;1;1;0.9054;0.0666;0.991;0.9935;1;0.9669;0.9547;0.998;0.998;1;0.998;0.998;0.962;0.8737;0.0635;1.9036;1.9107;0.0115;0.0005;0.125;0.0124;0.044;0.0053;0;0;0.088;1.553;0;0;0;0;0;0;0;0;0;0;0;0;0.0355;0.0087;1.6678;1.6678;0;43.645;43.645;31.795;0.0494;1643.4;1014.9;1;0.0267;0.0267;0;0;0;0;0;0;1.641;1.553;0;16.476;19.078;15.342;17.766;98.396;98.396;16.054;14.065;13.097;1.9891;0.9677;0.1239;0.0603;0.8158;50.899;0.7893;0
17/08/21 15:00;20.98;55.251;32.496;25.018;60;90;60;349.4;105.3;244.1;13.27;4.11;0;575.01;38.66;126.63;0;13.976;754.27;0;754.27;575.01;126.63;38.66;13.976;0.7623;0.0698;0;0.0185;736.33;17.935;0;0;4.8602;13.074;731.86;3.0028;1.4325;0.3155;1.1935;0.0613;734.86;1.4727;1.15;0.2533;0.0676;0.0018;733.11;572.42;126.06;32.538;0.8382;43.623;36.469;13.061;6.4667;0.7047;10.137;1.2505;4.3751;0;1;0;0;2.1588;0.9762;1;1;0.8743;0.0645;0.9959;0.9975;1;0.9646;0.9318;0.998;0.998;1;0.998;0.998;0.9703;0.8417;0.06;2.1466;2.1178;0.0128;-0.0011;0.1831;0.0135;0.0477;0.0017;0;0;0.088;1.6939;0;0;0;0;0;0;0;0;0;0;0;0;0.0385;0.0106;1.811;1.811;0;49.598;49.598;36.328;0.0496;1826.3;991.61;1;0.029;0.029;0;0;0;0;0;0;1.7819;1.6939;0;15.865;18.372;14.84;17.184;98.396;98.396;18.102;15.272;14.285;2.8304;0.987;0.1564;0.0545;0.7891;33.656;0.7813;0
17/08/21 16:00;10.309;65.616;64.278;11.294;17.063;90;17.063;156.2;91.797;64.402;13.41;2.6201;0;156.19;65.584;59.994;0;0.55;282.32;0;282.32;156.19;59.994;65.584;0.55;0.5532;0.2343;0;0.0019;280.7;1.6237;0;0;1.1646;0.459;265.35;14.784;8.978;3.4484;2.3371;0.0203;280.14;0.5614;0.3124;0.12;0.1288;0.0002;265.41;146.9;56.425;61.953;0.0705;40.663;33.994;10.362;0.1341;0.3916;5.6333;0.0571;5.8909;0;1;0;0;1.8074;0.9942;1;1;0.9822;0.1654;0.9472;0.9424;1;0.9636;0.7761;0.998;0.998;1;0.998;0.998;0.9399;0.9446;0.1282;0.8035;0.7706;0.0046;0.0151;0.0038;0.0052;0.0185;0.001;0;0;0.088;0.6055;0;0;0;0;0;0;0;0;0;0;0;0;0.0149;0.0017;0.7056;0.7056;0;26.398;26.398;12.988;0.0489;660.41;1068.5;1;0.0121;0.0121;0;0;0;0;0;0;0.6935;0.6055;0;16.516;19.125;14.172;16.411;98.282;98.282;6.7757;5.9506;5.1062;0.8251;0.8443;0.1218;0.1246;0.7536;40.226;0.7425;0
17/08/21 17:00;2.3035;72.013;84.406;2.4217;3.4602;90;3.4602;0;0;0;9.9003;2.6299;0;0;0;0;0;0;0;0;0;0;0;0;0;1;1;1;1;0;0;0;0;0;0;0;0;0;0;0;0;0;0;0;0;0;0;0;0;0;0;0;0;0;0;0;0;0;0;0;0;0;0;0;1;1;1;1;1;1;1;1;1;1;1;1;1;1;1;1;1;1;1;0;0;0;0;0;0;0;0;0;0.0004;0.088;-0.0884;0;0;0;0;0;0;0;0;0;0;0;0;0;0;0;0;0;0;0;-9.9003;0;0;0;0;0.0004;0;0;0;0;0;0;0;-0.0004;-0.0884;0;0;0;0;0;0;0;0;0;-0.7452;0;0.7452;1;1;0;0;0;0
17/08/21 18:00;0;0;90;0;0;90;0;0;0;0;8.7502;2.59;0;0;0;0;0;0;0;0;0;0;0;0;0;1;1;1;1;0;0;0;0;0;0;0;0;0;0;0;0;0;0;0;0;0;0;0;0;0;0;0;0;0;0;0;0;0;0;0;0;0;0;0;1;1;1;1;1;1;1;1;1;1;1;1;1;1;1;1;1;1;1;0;0;0;0;0;0;0;0;0;0.0004;0.088;-0.0884;0;0;0;0;0;0;0;0;0;0;0;0;0;0;0;0;0;0;0;-8.7502;0;0;0;0;0.0004;0;0;0;0;0;0;0;-0.0004;-0.0884;0;0;0;0;0;0;0;0;0;-0.7452;0;0.7452;1;1;0;0;0;0
17/08/21 19:00;0;0;90;0;0;90;0;0;0;0;6.6403;2.5301;0;0;0;0;0;0;0;0;0;0;0;0;0;1;1;1;1;0;0;0;0;0;0;0;0;0;0;0;0;0;0;0;0;0;0;0;0;0;0;0;0;0;0;0;0;0;0;0;0;0;0;0;1;1;1;1;1;1;1;1;1;1;1;1;1;1;1;1;1;1;1;0;0;0;0;0;0;0;0;0;0.0004;0.088;-0.0884;0;0;0;0;0;0;0;0;0;0;0;0;0;0;0;0;0;0;0;-6.6403;0;0;0;0;0.0004;0;0;0;0;0;0;0;-0.0004;-0.0884;0;0;0;0;0;0;0;0;0;-0.7452;0;0.7452;1;1;0;0;0;0
17/08/21 20:00;0;0;90;0;0;90;0;0;0;0;5.3101;2.4601;0;0;0;0;0;0;0;0;0;0;0;0;0;1;1;1;1;0;0;0;0;0;0;0;0;0;0;0;0;0;0;0;0;0;0;0;0;0;0;0;0;0;0;0;0;0;0;0;0;0;0;0;1;1;1;1;1;1;1;1;1;1;1;1;1;1;1;1;1;1;1;0;0;0;0;0;0;0;0;0;0.0004;0.088;-0.0884;0;0;0;0;0;0;0;0;0;0;0;0;0;0;0;0;0;0;0;-5.3101;0;0;0;0;0.0004;0;0;0;0;0;0;0;-0.0004;-0.0884;0;0;0;0;0;0;0;0;0;-0.7452;0;0.7452;1;1;0;0;0;0
17/08/21 21:00;0;0;90;0;0;90;0;0;0;0;3.6601;2.29;0;0;0;0;0;0;0;0;0;0;0;0;0;1;1;1;1;0;0;0;0;0;0;0;0;0;0;0;0;0;0;0;0;0;0;0;0;0;0;0;0;0;0;0;0;0;0;0;0;0;0;0;1;1;1;1;1;1;1;1;1;1;1;1;1;1;1;1;1;1;1;0;0;0;0;0;0;0;0;0;0.0004;0.088;-0.0884;0;0;0;0;0;0;0;0;0;0;0;0;0;0;0;0;0;0;0;-3.6601;0;0;0;0;0.0004;0;0;0;0;0;0;0;-0.0004;-0.0884;0;0;0;0;0;0;0;0;0;-0.7452;0;0.7452;1;1;0;0;0;0
17/08/21 22:00;0;0;90;0;0;90;0;0;0;0;3.7997;2.0099;0;0;0;0;0;0;0;0;0;0;0;0;0;1;1;1;1;0;0;0;0;0;0;0;0;0;0;0;0;0;0;0;0;0;0;0;0;0;0;0;0;0;0;0;0;0;0;0;0;0;0;0;1;1;1;1;1;1;1;1;1;1;1;1;1;1;1;1;1;1;1;0;0;0;0;0;0;0;0;0;0.0004;0.088;-0.0884;0;0;0;0;0;0;0;0;0;0;0;0;0;0;0;0;0;0;0;-3.7997;0;0;0;0;0.0004;0;0;0;0;0;0;0;-0.0004;-0.0884;0;0;0;0;0;0;0;0;0;-0.7452;0;0.7452;1;1;0;0;0;0
17/08/21 23:00;0;0;90;0;0;90;0;0;0;0;2.8903;1.6899;0;0;0;0;0;0;0;0;0;0;0;0;0;1;1;1;1;0;0;0;0;0;0;0;0;0;0;0;0;0;0;0;0;0;0;0;0;0;0;0;0;0;0;0;0;0;0;0;0;0;0;0;1;1;1;1;1;1;1;1;1;1;1;1;1;1;1;1;1;1;1;0;0;0;0;0;0;0;0;0;0.0004;0.088;-0.0884;0;0;0;0;0;0;0;0;0;0;0;0;0;0;0;0;0;0;0;-2.8903;0;0;0;0;0.0004;0;0;0;0;0;0;0;-0.0004;-0.0884;0;0;0;0;0;0;0;0;0;-0.7452;0;0.7452;1;1;0;0;0;0
18/08/21 00:00;0;0;90;0;0;90;0;0;0;0;2.32;1.57;0;0;0;0;0;0;0;0;0;0;0;0;0;1;1;1;1;0;0;0;0;0;0;0;0;0;0;0;0;0;0;0;0;0;0;0;0;0;0;0;0;0;0;0;0;0;0;0;0;0;0;0;1;1;1;1;1;1;1;1;1;1;1;1;1;1;1;1;1;1;1;0;0;0;0;0;0;0;0;0;0.0004;0.088;-0.0884;0;0;0;0;0;0;0;0;0;0;0;0;0;0;0;0;0;0;0;-2.32;0;0;0;0;0.0004;0;0;0;0;0;0;0;-0.0004;-0.0884;0;0;0;0;0;0;0;0;0;-0.7452;0;0.7452;1;1;0;0;0;0
18/08/21 01:00;0;0;90;0;0;90;0;0;0;0;2.3;1.55;0;0;0;0;0;0;0;0;0;0;0;0;0;1;1;1;1;0;0;0;0;0;0;0;0;0;0;0;0;0;0;0;0;0;0;0;0;0;0;0;0;0;0;0;0;0;0;0;0;0;0;0;1;1;1;1;1;1;1;1;1;1;1;1;1;1;1;1;1;1;1;0;0;0;0;0;0;0;0;0;0.0004;0.088;-0.0884;0;0;0;0;0;0;0;0;0;0;0;0;0;0;0;0;0;0;0;-2.3;0;0;0;0;0.0004;0;0;0;0;0;0;0;-0.0004;-0.0884;0;0;0;0;0;0;0;0;0;-0.7452;0;0.7452;1;1;0;0;0;0
18/08/21 02:00;0;0;90;0;0;90;0;0;0;0;1.0203;2.35;0;0;0;0;0;0;0;0;0;0;0;0;0;1;1;1;1;0;0;0;0;0;0;0;0;0;0;0;0;0;0;0;0;0;0;0;0;0;0;0;0;0;0;0;0;0;0;0;0;0;0;0;1;1;1;1;1;1;1;1;1;1;1;1;1;1;1;1;1;1;1;0;0;0;0;0;0;0;0;0;0.0004;0.088;-0.0884;0;0;0;0;0;0;0;0;0;0;0;0;0;0;0;0;0;0;0;-1.0203;0;0;0;0;0.0004;0;0;0;0;0;0;0;-0.0004;-0.0884;0;0;0;0;0;0;0;0;0;-0.7452;0;0.7452;1;1;0;0;0;0
18/08/21 03:00;0;0;90;0;0;90;0;0;0;0;1.37;2.6901;0;0;0;0;0;0;0;0;0;0;0;0;0;1;1;1;1;0;0;0;0;0;0;0;0;0;0;0;0;0;0;0;0;0;0;0;0;0;0;0;0;0;0;0;0;0;0;0;0;0;0;0;1;1;1;1;1;1;1;1;1;1;1;1;1;1;1;1;1;1;1;0;0;0;0;0;0;0;0;0;0.0004;0.088;-0.0884;0;0;0;0;0;0;0;0;0;0;0;0;0;0;0;0;0;0;0;-1.37;0;0;0;0;0.0004;0;0;0;0;0;0;0;-0.0004;-0.0884;0;0;0;0;0;0;0;0;0;-0.7452;0;0.7452;1;1;0;0;0;0
18/08/21 04:00;0;0;90;0;0;90;0;0;0;0;1.8001;2.7199;0;0;0;0;0;0;0;0;0;0;0;0;0;1;1;1;1;0;0;0;0;0;0;0;0;0;0;0;0;0;0;0;0;0;0;0;0;0;0;0;0;0;0;0;0;0;0;0;0;0;0;0;1;1;1;1;1;1;1;1;1;1;1;1;1;1;1;1;1;1;1;0;0;0;0;0;0;0;0;0;0.0004;0.088;-0.0884;0;0;0;0;0;0;0;0;0;0;0;0;0;0;0;0;0;0;0;-1.8001;0;0;0;0;0.0004;0;0;0;0;0;0;0;-0.0004;-0.0884;0;0;0;0;0;0;0;0;0;-0.7452;0;0.7452;1;1;0;0;0;0
18/08/21 05:00;0;0;90;0;0;90;0;0;0;0;2.78;2.89;0;0;0;0;0;0;0;0;0;0;0;0;0;1;1;1;1;0;0;0;0;0;0;0;0;0;0;0;0;0;0;0;0;0;0;0;0;0;0;0;0;0;0;0;0;0;0;0;0;0;0;0;1;1;1;1;1;1;1;1;1;1;1;1;1;1;1;1;1;1;1;0;0;0;0;0;0;0;0;0;0.0004;0.088;-0.0884;0;0;0;0;0;0;0;0;0;0;0;0;0;0;0;0;0;0;0;-2.78;0;0;0;0;0.0004;0;0;0;0;0;0;0;-0.0004;-0.0884;0;0;0;0;0;0;0;0;0;-0.7452;0;0.7452;1;1;0;0;0;0
18/08/21 06:00;2.1712;-72.516;84.728;2.2762;3.2514;-90;-3.2514;1.1916;1.1916;0;2.4403;3.08;0;0;1.1907;0;0;0.0002;1.1908;1.1908;0;0;0;0;0;1;1;1;1;0;0;0;0;0;0;0;0;0;0;0;0;0;0;0;0;0;0;0;0;0;0;0;0;0;0;0;0;0;0;0;0;0;0;0;0;1;1;1;1;1;1;1;1;1;1;1;1;1;0;0;1;0;0;0;0;0;0;0;0;0;0;0;0.0004;0.088;-0.0884;0;0;0;0;0;0;0;0;0;0;0;0;0;0;0;0;0;0;0;-2.4403;0;0;0;0;0.0004;0;0;0;0;0;0;0;-0.0004;-0.0884;0;0;0;0;0;0;0;0;0;-0.7452;0;0.7452;1;1;0;0;0;0
18/08/21 07:00;9.8293;-66.45;65.542;10.702;16.067;-90;-16.067;79.408;59.202;20.206;2.2501;3.6601;0;49.004;52.904;12.72;0;0.2481;114.88;0;114.88;49.004;12.72;52.904;0.2481;0.4266;0.4627;0;0.0022;113.82;1.0524;0;0;0.8462;0.2062;107.6;6.0008;3.2307;0.8386;1.9222;0.0093;113.6;0.2276;0.098;0.0254;0.1041;0.0001;107.64;45.676;11.856;50.031;0.0325;32.447;27.126;8.2194;0.0874;0.3144;4.5227;0.0396;4.7497;0;1;0;0;1.4467;0.9908;1;1;0.984;0.1689;0.9472;0.9339;1;0.963;0.7767;0.998;0.998;1;0.998;0.998;0.9366;0.9457;0.1309;0.3269;0.317;0.0019;0.0167;-0.02;0.0022;0.0079;0.0009;0;0;0.088;0.2049;0;0;0;0;0;0;0;0;0;0;0;0;0.0064;0.0004;0.3007;0.3007;0;7.4743;7.4743;5.2241;0.0486;269.72;1114.8;1;0.0078;0.0078;0;0;0;0;0;0;0.2929;0.2049;0;17.297;20.029;11.787;13.649;97.41;97.41;2.757;2.5358;1.728;0.2213;0.8078;0.0803;0.293;0.6268;32.322;0.6088;0
18/08/21 08:00;20.592;-56.18;31.857;24.334;60;-90;-60;182.71;144.3;38.406;2.8398;3.62;0;92.752;99.38;28.483;0;7.3083;227.92;0;227.92;92.752;28.483;99.38;7.3083;0.4069;0.4681;0;0.0321;208.67;19.253;0;0;12.451;6.8024;204.89;3.3591;0.1964;0.0603;3.0695;0.0328;208.25;0.4173;0.1855;0.057;0.1739;0.001;207.23;92.37;28.366;83.686;0.4721;87;72.732;26.253;16.616;1.634;23.504;2.3382;8.5216;0;1;0;0;1.2475;0.9155;1;1;0.8747;0.0692;0.9839;0.9979;1;0.9646;0.9351;0.998;0.998;1;0.998;0.998;0.899;0.8421;0.0646;0.6486;0.64;0.0039;0.0164;-0.0278;0.0045;0.0161;0.0045;0;0;0.088;0.509;0;0;0;0;0;0;0;0;0;0;0;0;0.0129;0.0012;0.6082;0.6082;0;12.775;12.775;9.9352;0.0485;545.87;1114.2;1;0.0112;0.0112;0;0;0;0;0;0;0.597;0.509;0;17.633;20.419;14.757;17.088;98.156;98.156;5.4701;5.1292;4.2924;0.341;0.8367;0.0623;0.153;0.7847;86.543;0.7285;0
18/08/21 09:00;29.997;-43.776;38.707;39.842;50.158;-90;-50.158;507.7;83.801;423.9;5.7102;3.29;0;661.65;25.119;83.008;0;14.594;784.37;0;784.37;661.65;83.008;25.119;14.594;0.8435;0.0506;0;0.0186;768.38;15.991;0;0;2.427;13.564;761.49;5.3501;4.0466;0.5077;0.7522;0.0437;766.84;1.5368;1.3233;0.166;0.0454;0.0021;764.83;656.28;82.334;21.894;0.9852;191.19;159.84;49.465;2.237;1.8976;27.296;3.3405;26.956;0;1;0;0;1.5449;0.9796;1;1;0.9034;0.0706;0.993;0.9939;1;0.9668;0.9576;0.998;0.998;1;0.998;0.998;0.9708;0.8716;0.0675;2.2323;2.2429;0.0135;-0.0017;0.1435;0.0146;0.0518;0.0048;0;0;0.088;1.8423;0;0;0;0;0;0;0;0;0;0;0;0;0.0417;0.0118;1.9628;1.9628;0;43.312;43.312;37.602;0.0494;1930.3;1016.9;1;0.0324;0.0324;0;0;0;0;0;0;1.9303;1.8423;0;16.536;19.148;15.521;17.973;98.348;98.348;18.825;16.552;15.537;2.2725;1.0156;0.1207;0.054;0.8253;19.644;0.8044;0
18/08/21 10:00;37.255;-28.5;44.387;57.897;32.103;-90;-32.103;604.11;103;501.11;10.54;2.9401;0;591.56;36.188;75.334;0;7.3898;710.48;0;710.48;591.56;75.334;36.188;7.3898;0.8326;0.0613;0;0.0104;702.18;8.2945;0;0;1.7823;6.5121;693.23;7.544;5.5792;0.7105;1.1134;0.1409;700.78;1.4044;1.1831;0.1507;0.0688;0.0018;695.28;584.8;74.473;33.223;0.735;315.5;263.76;85.909;0.6944;2.6581;38.235;2.0511;40.199;0;1;0;0;1.1761;0.9883;1;1;0.9507;0.1188;0.9892;0.9905;1;0.9676;0.8391;0.998;0.998;1;0.998;0.998;0.9757;0.9181;0.0995;2.022;2.0658;0.0124;-0.0007;0.1435;0.0134;0.0474;0.0067;0;0;0.088;1.6778;0;0;0;0;0;0;0;0;0;0;0;0;0.0382;0.0101;1.7948;1.7948;0;44.819;44.819;34.28;0.0494;1776.4;1010.4;1;0.0291;0.0291;0;0;0;0;0;0;1.7658;1.6778;0;16.693;19.331;15.604;18.07;98.379;98.379;17.051;15.136;14.149;1.9152;0.9875;0.1123;0.0579;0.8298;24.209;0.7976;0
18/08/21 11:00;41.356;-10.325;47.6;78.492;11.508;-90;-11.508;681.8;113.4;568.39;13.41;2.74;0;580.06;39.981;74.514;0;1.0966;695.65;0;695.65;580.06;74.514;39.981;1.0966;0.8338;0.059;0;0.0016;694.37;1.2748;0;0;0.3645;0.9103;683.96;9.0221;6.5587;0.8425;1.5791;0.0417;692.98;1.3887;1.1601;0.149;0.0792;0.0004;684.19;572.34;73.522;37.958;0.1442;396.9;331.81;103.62;0.02;3.5778;51.465;0.2321;55.023;0;1;0;0;1.0203;0.9982;1;1;0.9909;0.1699;0.987;0.9887;1;0.9601;0.7755;0.998;0.998;1;0.998;0.998;0.9832;0.9494;0.1315;1.9798;2.0606;0.0124;-0.0007;0.1614;0.0132;0.0469;0.009;0;0;0.088;1.6543;0;0;0;0;0;0;0;0;0;0;0;0;0.0377;0.0101;1.7707;1.7707;0;47.302;47.302;33.891;0.0496;1772;999.27;1;0.0284;0.0284;0;0;0;0;0;0;1.7423;1.6543;0;16.82;19.477;15.714;18.197;98.395;98.395;16.696;14.933;13.951;1.7627;0.9818;0.1056;0.0588;0.8356;24.061;0.7918;0
18/08/21 12:00;41.477;9.2085;47.695;79.739;10.261;90;10.261;686.19;116.8;569.39;14.47;2.36;0;578.64;41.312;76.378;0;0.8779;697.21;0;697.21;578.64;76.378;41.312;0.8779;0.8299;0.0605;0;0.0013;696.17;1.0426;0;0;0.312;0.7305;685.64;9.1414;6.5746;0.8678;1.6659;0.0331;694.78;1.3923;1.1573;0.1528;0.082;0.0003;685.81;570.91;75.358;39.252;0.114;400.57;334.88;106.45;0.0134;3.4884;50.18;0.1706;53.655;0;1;0;0;1.0161;0.9985;1;1;0.9924;0.1679;0.9868;0.9886;1;0.9593;0.7748;0.998;0.998;1;0.998;0.998;0.9834;0.9501;0.1298;1.9842;2.0627;0.0124;-0.0007;0.1702;0.0132;0.0467;0.0087;0;0;0.088;1.6483;0;0;0;0;0;0;0;0;0;0;0;0;0.0376;0.0101;1.7645;1.7645;0;48.477;48.477;34.007;0.0496;1774.5;994.4;1;0.0282;0.0282;0;0;0;0;0;0;1.7363;1.6483;0;16.724;19.366;15.622;18.09;98.401;98.401;16.733;14.881;13.901;1.8525;0.98;0.1107;0.0586;0.8307;24.78;0.7882;0
18/08/21 13:00;37.588;27.521;44.648;59.025;30.975;90;30.975;456.99;255.7;201.29;15.34;1.94;0;234.77;178.82;73.661;0;5.2137;492.46;0;492.46;234.77;73.661;178.82;5.2137;0.4767;0.3737;0;0.0106;479.52;12.939;0;0;8.3477;4.5915;469.97;8.5918;2.25;0.7059;5.5293;0.1066;478.56;0.959;0.4695;0.1473;0.3409;0.0012;471.54;232.05;72.807;164.6;0.5143;256.56;214.48;68.179;3.0257;2.4307;34.965;1.5701;34.37;0;1;0;0;1.0776;0.9737;1;1;0.9533;0.1193;0.982;0.9904;1;0.9675;0.8284;0.998;0.998;1;0.998;0.998;0.9543;0.9205;0.0986;1.4015;1.4192;0.0085;0.0062;0.0676;0.0094;0.0332;0.0063;0;0;0.088;1.1485;0;0;0;0;0;0;0;0;0;0;0;0;0.0267;0.005;1.2562;1.2562;0;38.493;38.493;23.153;0.0493;1220;1029.6;1;0.0197;0.0197;0;0;0;0;0;0;1.2365;1.1485;0;16.856;19.519;15.41;17.845;98.43;98.43;11.819;10.594;9.6852;1.2255;0.9084;0.1037;0.0769;0.8195;118.66;0.7781;0
18/08/21 14:00;30.485;42.976;39.087;40.813;49.187;90;49.187;483.6;135.5;348.1;15.86;1.5199;0;532.6;54.494;106.47;0;13.402;706.97;0;706.97;532.6;106.47;54.494;13.402;0.7534;0.096;0;0.019;689.32;17.643;0;0;5.1352;12.508;682.22;5.7202;3.3757;0.6748;1.629;0.0407;687.94;1.3786;1.0652;0.2129;0.0987;0.0018;685.46;528.15;105.59;47.631;0.8519;197.68;165.26;52.674;4.5303;2.0066;28.863;3.2395;26.34;0;1;0;0;1.4619;0.975;1;1;0.9058;0.0667;0.9917;0.9936;1;0.9669;0.9544;0.998;0.998;1;0.998;0.998;0.965;0.8741;0.0636;2.012;2.019;0.0122;-0.0004;0.1758;0.0128;0.0455;0.005;0;0;0.088;1.6066;0;0;0;0;0;0;0;0;0;0;0;0;0.0366;0.0097;1.7219;1.7219;0;49.733;49.733;33.873;0.0497;1739;990.16;1;0.0273;0.0273;0;0;0;0;0;0;1.6946;1.6066;0;16.094;18.637;15.017;17.389;98.414;98.414;16.967;14.521;13.548;2.4462;0.9725;0.1442;0.0573;0.7985;42.203;0.7748;0
18/08/21 15:00;21.179;55.529;32.18;25.172;60;90;60;325.8;131.7;194.1;16.07;0.9599;0;454.71;59.058;124.07;0;13.032;650.86;0;650.86;454.71;124.07;59.058;13.032;0.6986;0.1108;0;0.02;631.25;19.616;0;0;7.4246;12.191;626.77;3.2155;1.0488;0.2862;1.8233;0.0572;629.99;1.2625;0.9094;0.2481;0.1033;0.0017;628.44;452.75;123.53;49.707;0.7816;60.995;50.992;18.438;9.8766;1.0282;14.79;1.6719;5.9416;0;1;0;0;1.9978;0.9699;1;1;0.8743;0.0645;0.9949;0.9977;1;0.9646;0.9318;0.998;0.998;1;0.998;0.998;0.963;0.8417;0.06;1.8523;1.8277;0.011;0.0013;0.1425;0.0117;0.0415;0.0026;0;0;0.088;1.4629;0;0;0;0;0;0;0;0;0;0;0;0;0.0335;0.008;1.5756;1.5756;0;47.131;47.131;31.061;0.0496;1573.5;1001.3;1;0.0247;0.0247;0;0;0;0;0;0;1.5509;1.4629;0;15.996;18.524;14.852;17.198;98.43;98.43;15.621;13.287;12.337;2.3335;0.9507;0.1494;0.0609;0.7898;51.414;0.7765;0
18/08/21 16:00;10.478;65.9;63.827;11.454;17.337;90;17.337;130.39;101.3;29.091;15.03;0.6499;0;70.553;87.149;29.414;0;0.4739;187.59;0;187.59;70.553;29.414;87.149;0.4739;0.3761;0.4671;0;0.0025;185.61;1.9851;0;0;1.5895;0.3956;176.65;8.5836;3.8654;1.6115;3.0891;0.0175;185.23;0.3712;0.1411;0.0588;0.1711;0.0002;176.73;66.547;27.744;82.299;0.0607;53.715;44.906;13.641;0.1883;0.5211;7.4961;0.079;7.8289;0;1;0;0;1.4386;0.9894;1;1;0.9818;0.1652;0.9537;0.9451;1;0.9638;0.7763;0.998;0.998;1;0.998;0.998;0.9417;0.9444;0.128;0.5339;0.5207;0.0031;0.0171;-0.0025;0.0035;0.0125;0.0014;0;0;0.088;0.3774;0;0;0;0;0;0;0;0;0;0;0;0;0.0101;0.0009;0.4746;0.4746;0;23.685;23.685;8.6546;0.049;445.49;1065.3;1;0.0091;0.0091;0;0;0;0;0;0;0.4654;0.3774;0;16.717;19.358;13.295;15.396;98.075;98.075;4.5022;4.0021;3.183;0.5001;0.8192;0.1111;0.1819;0.707;53.513;0.6864;0
18/08/21 17:00;2.4579;72.301;84.03;2.5798;3.6873;90;3.6873;0;0;0;11.64;0.28;0;0;0;0;0;0;0;0;0;0;0;0;0;1;1;1;1;0;0;0;0;0;0;0;0;0;0;0;0;0;0;0;0;0;0;0;0;0;0;0;0;0;0;0;0;0;0;0;0;0;0;0;1;1;1;1;1;1;1;1;1;1;1;1;1;1;1;1;1;1;1;0;0;0;0;0;0;0;0;0;0.0004;0.088;-0.0884;0;0;0;0;0;0;0;0;0;0;0;0;0;0;0;0;0;0;0;-11.64;0;0;0;0;0.0004;0;0;0;0;0;0;0;-0.0004;-0.0884;0;0;0;0;0;0;0;0;0;-0.7452;0;0.7452;1;1;0;0;0;0
18/08/21 18:00;0;0;90;0;0;90;0;0;0;0;6.8802;0.2499;0;0;0;0;0;0;0;0;0;0;0;0;0;1;1;1;1;0;0;0;0;0;0;0;0;0;0;0;0;0;0;0;0;0;0;0;0;0;0;0;0;0;0;0;0;0;0;0;0;0;0;0;1;1;1;1;1;1;1;1;1;1;1;1;1;1;1;1;1;1;1;0;0;0;0;0;0;0;0;0;0.0004;0.088;-0.0884;0;0;0;0;0;0;0;0;0;0;0;0;0;0;0;0;0;0;0;-6.8802;0;0;0;0;0.0004;0;0;0;0;0;0;0;-0.0004;-0.0884;0;0;0;0;0;0;0;0;0;-0.7452;0;0.7452;1;1;0;0;0;0
18/08/21 19:00;0;0;90;0;0;90;0;0;0;0;5.0701;0.6301;0;0;0;0;0;0;0;0;0;0;0;0;0;1;1;1;1;0;0;0;0;0;0;0;0;0;0;0;0;0;0;0;0;0;0;0;0;0;0;0;0;0;0;0;0;0;0;0;0;0;0;0;1;1;1;1;1;1;1;1;1;1;1;1;1;1;1;1;1;1;1;0;0;0;0;0;0;0;0;0;0.0004;0.088;-0.0884;0;0;0;0;0;0;0;0;0;0;0;0;0;0;0;0;0;0;0;-5.0701;0;0;0;0;0.0004;0;0;0;0;0;0;0;-0.0004;-0.0884;0;0;0;0;0;0;0;0;0;-0.7452;0;0.7452;1;1;0;0;0;0
18/08/21 20:00;0;0;90;0;0;90;0;0;0;0;4.0397;0.99;0;0;0;0;0;0;0;0;0;0;0;0;0;1;1;1;1;0;0;0;0;0;0;0;0;0;0;0;0;0;0;0;0;0;0;0;0;0;0;0;0;0;0;0;0;0;0;0;0;0;0;0;1;1;1;1;1;1;1;1;1;1;1;1;1;1;1;1;1;1;1;0;0;0;0;0;0;0;0;0;0.0004;0.088;-0.0884;0;0;0;0;0;0;0;0;0;0;0;0;0;0;0;0;0;0;0;-4.0397;0;0;0;0;0.0004;0;0;0;0;0;0;0;-0.0004;-0.0884;0;0;0;0;0;0;0;0;0;-0.7452;0;0.7452;1;1;0;0;0;0
18/08/21 21:00;0;0;90;0;0;90;0;0;0;0;3.1203;1.33;0;0;0;0;0;0;0;0;0;0;0;0;0;1;1;1;1;0;0;0;0;0;0;0;0;0;0;0;0;0;0;0;0;0;0;0;0;0;0;0;0;0;0;0;0;0;0;0;0;0;0;0;1;1;1;1;1;1;1;1;1;1;1;1;1;1;1;1;1;1;1;0;0;0;0;0;0;0;0;0;0.0004;0.088;-0.0884;0;0;0;0;0;0;0;0;0;0;0;0;0;0;0;0;0;0;0;-3.1203;0;0;0;0;0.0004;0;0;0;0;0;0;0;-0.0004;-0.0884;0;0;0;0;0;0;0;0;0;-0.7452;0;0.7452;1;1;0;0;0;0
18/08/21 22:00;0;0;90;0;0;90;0;0;0;0;2.6497;1.72;0;0;0;0;0;0;0;0;0;0;0;0;0;1;1;1;1;0;0;0;0;0;0;0;0;0;0;0;0;0;0;0;0;0;0;0;0;0;0;0;0;0;0;0;0;0;0;0;0;0;0;0;1;1;1;1;1;1;1;1;1;1;1;1;1;1;1;1;1;1;1;0;0;0;0;0;0;0;0;0;0.0004;0.088;-0.0884;0;0;0;0;0;0;0;0;0;0;0;0;0;0;0;0;0;0;0;-2.6497;0;0;0;0;0.0004;0;0;0;0;0;0;0;-0.0004;-0.0884;0;0;0;0;0;0;0;0;0;-0.7452;0;0.7452;1;1;0;0;0;0
18/08/21 23:00;0;0;90;0;0;90;0;0;0;0;2.0301;2.12;0;0;0;0;0;0;0;0;0;0;0;0;0;1;1;1;1;0;0;0;0;0;0;0;0;0;0;0;0;0;0;0;0;0;0;0;0;0;0;0;0;0;0;0;0;0;0;0;0;0;0;0;1;1;1;1;1;1;1;1;1;1;1;1;1;1;1;1;1;1;1;0;0;0;0;0;0;0;0;0;0.0004;0.088;-0.0884;0;0;0;0;0;0;0;0;0;0;0;0;0;0;0;0;0;0;0;-2.0301;0;0;0;0;0.0004;0;0;0;0;0;0;0;-0.0004;-0.0884;0;0;0;0;0;0;0;0;0;-0.7452;0;0.7452;1;1;0;0;0;0
19/08/21 00:00;0;0;90;0;0;90;0;0;0;0;1.7901;2.4799;0;0;0;0;0;0;0;0;0;0;0;0;0;1;1;1;1;0;0;0;0;0;0;0;0;0;0;0;0;0;0;0;0;0;0;0;0;0;0;0;0;0;0;0;0;0;0;0;0;0;0;0;1;1;1;1;1;1;1;1;1;1;1;1;1;1;1;1;1;1;1;0;0;0;0;0;0;0;0;0;0.0004;0.088;-0.0884;0;0;0;0;0;0;0;0;0;0;0;0;0;0;0;0;0;0;0;-1.7901;0;0;0;0;0.0004;0;0;0;0;0;0;0;-0.0004;-0.0884;0;0;0;0;0;0;0;0;0;-0.7452;0;0.7452;1;1;0;0;0;0
19/08/21 01:00;0;0;90;0;0;90;0;0;0;0;1.6598;2.75;0;0;0;0;0;0;0;0;0;0;0;0;0;1;1;1;1;0;0;0;0;0;0;0;0;0;0;0;0;0;0;0;0;0;0;0;0;0;0;0;0;0;0;0;0;0;0;0;0;0;0;0;1;1;1;1;1;1;1;1;1;1;1;1;1;1;1;1;1;1;1;0;0;0;0;0;0;0;0;0;0.0004;0.088;-0.0884;0;0;0;0;0;0;0;0;0;0;0;0;0;0;0;0;0;0;0;-1.6598;0;0;0;0;0.0004;0;0;0;0;0;0;0;-0.0004;-0.0884;0;0;0;0;0;0;0;0;0;-0.7452;0;0.7452;1;1;0;0;0;0
19/08/21 02:00;0;0;90;0;0;90;0;0;0;0;0.9997;2.92;0;0;0;0;0;0;0;0;0;0;0;0;0;1;1;1;1;0;0;0;0;0;0;0;0;0;0;0;0;0;0;0;0;0;0;0;0;0;0;0;0;0;0;0;0;0;0;0;0;0;0;0;1;1;1;1;1;1;1;1;1;1;1;1;1;1;1;1;1;1;1;0;0;0;0;0;0;0;0;0;0.0004;0.088;-0.0884;0;0;0;0;0;0;0;0;0;0;0;0;0;0;0;0;0;0;0;-0.9997;0;0;0;0;0.0004;0;0;0;0;0;0;0;-0.0004;-0.0884;0;0;0;0;0;0;0;0;0;-0.7452;0;0.7452;1;1;0;0;0;0
19/08/21 03:00;0;0;90;0;0;90;0;0;0;0;0.7099;3.0299;0;0;0;0;0;0;0;0;0;0;0;0;0;1;1;1;1;0;0;0;0;0;0;0;0;0;0;0;0;0;0;0;0;0;0;0;0;0;0;0;0;0;0;0;0;0;0;0;0;0;0;0;1;1;1;1;1;1;1;1;1;1;1;1;1;1;1;1;1;1;1;0;0;0;0;0;0;0;0;0;0.0004;0.088;-0.0884;0;0;0;0;0;0;0;0;0;0;0;0;0;0;0;0;0;0;0;-0.7099;0;0;0;0;0.0004;0;0;0;0;0;0;0;-0.0004;-0.0884;0;0;0;0;0;0;0;0;0;-0.7452;0;0.7452;1;1;0;0;0;0
19/08/21 04:00;0;0;90;0;0;90;0;0;0;0;1.1001;3.08;0;0;0;0;0;0;0;0;0;0;0;0;0;1;1;1;1;0;0;0;0;0;0;0;0;0;0;0;0;0;0;0;0;0;0;0;0;0;0;0;0;0;0;0;0;0;0;0;0;0;0;0;1;1;1;1;1;1;1;1;1;1;1;1;1;1;1;1;1;1;1;0;0;0;0;0;0;0;0;0;0.0004;0.088;-0.0884;0;0;0;0;0;0;0;0;0;0;0;0;0;0;0;0;0;0;0;-1.1001;0;0;0;0;0.0004;0;0;0;0;0;0;0;-0.0004;-0.0884;0;0;0;0;0;0;0;0;0;-0.7452;0;0.7452;1;1;0;0;0;0
19/08/21 05:00;0;0;90;0;0;90;0;0;0;0;1.12;3.0399;0;0;0;0;0;0;0;0;0;0;0;0;0;1;1;1;1;0;0;0;0;0;0;0;0;0;0;0;0;0;0;0;0;0;0;0;0;0;0;0;0;0;0;0;0;0;0;0;0;0;0;0;1;1;1;1;1;1;1;1;1;1;1;1;1;1;1;1;1;1;1;0;0;0;0;0;0;0;0;0;0.0004;0.088;-0.0884;0;0;0;0;0;0;0;0;0;0;0;0;0;0;0;0;0;0;0;-1.12;0;0;0;0;0.0004;0;0;0;0;0;0;0;-0.0004;-0.0884;0;0;0;0;0;0;0;0;0;-0.7452;0;0.7452;1;1;0;0;0;0
19/08/21 06:00;2.2129;-72.893;84.627;2.3153;3.3074;-90;-3.3074;0.1953;0.1953;0;1.2297;2.83;0;0;0.1952;0;0;0;0.1952;0.1952;0;0;0;0;0;1;1;1;1;0;0;0;0;0;0;0;0;0;0;0;0;0;0;0;0;0;0;0;0;0;0;0;0;0;0;0;0;0;0;0;0;0;0;0;0;1;1;1;1;1;1;1;1;1;1;1;1;1;0;0;1;0;0;0;0;0;0;0;0;0;0;0;0.0004;0.088;-0.0884;0;0;0;0;0;0;0;0;0;0;0;0;0;0;0;0;0;0;0;-1.2297;0;0;0;0;0.0004;0;0;0;0;0;0;0;-0.0004;-0.0884;0;0;0;0;0;0;0;0;0;-0.7452;0;0.7452;1;1;0;0;0;0
19/08/21 07:00;10.078;-66.672;64.889;10.954;16.488;-90;-16.488;97.497;55.397;42.1;1.7303;3.31;0;102.1;44.492;24.184;0;0.3207;171.1;0;171.1;102.1;24.184;44.492;0.3207;0.5967;0.2619;0;0.0019;170.09;1.01;0;0;0.7434;0.2666;160.38;9.3688;6.2685;1.4847;1.6035;0.012;169.75;0.3402;0.2042;0.0484;0.0875;0.0001;160.42;95.631;22.651;42.057;0.0419;27.482;22.975;6.9894;0.0806;0.2649;3.8109;0.0355;3.9953;0;1;0;0;1.7549;0.9941;1;1;0.9833;0.1687;0.9448;0.9385;1;0.9633;0.7769;0.998;0.998;1;0.998;0.998;0.9374;0.9453;0.1308;0.4869;0.4666;0.0028;0.0172;-0.0259;0.0033;0.0117;0.0007;0;0;0.088;0.3491;0;0;0;0;0;0;0;0;0;0;0;0;0.0094;0.0007;0.4465;0.4465;0;9.5018;9.5018;7.7715;0.0485;398.39;1120.7;1;0.0094;0.0094;0;0;0;0;0;0;0.4371;0.3491;0;17.242;19.966;13.481;15.611;97.898;97.898;4.1064;3.765;2.9438;0.3414;0.8213;0.0831;0.2;0.7169;27.227;0.7051;0
19/08/21 08:00;20.862;-56.384;31.573;24.59;60;-90;-60;269.69;102.1;167.59;4.3501;2.11;0;400.96;49.614;86.006;0;10.788;547.36;0;547.36;400.96;86.006;49.614;10.788;0.7325;0.1104;0;0.0197;531.11;16.257;0;0;6.2158;10.041;527.51;2.5315;0.7828;0.1679;1.5324;0.0484;530.04;1.0622;0.8019;0.172;0.0868;0.0015;528.8;399.37;85.666;41.779;0.6968;46.946;39.247;14.167;8.2972;0.8382;12.057;1.2871;4.5976;0;1;0;0;2.0296;0.9703;1;1;0.8747;0.0692;0.9952;0.998;1;0.9646;0.9351;0.998;0.998;1;0.998;0.998;0.9637;0.8421;0.0646;1.5577;1.5371;0.0093;0.0047;0.0277;0.0105;0.0371;0.0022;0;0;0.088;1.2992;0;0;0;0;0;0;0;0;0;0;0;0;0.0299;0.0058;1.4099;1.4099;0;30.146;30.146;25.796;0.0489;1321.9;1066.6;1;0.0227;0.0227;0;0;0;0;0;0;1.3872;1.2992;0;17.021;19.71;15.685;18.162;98.39;98.39;13.137;11.89;10.956;1.2467;0.9335;0.0949;0.0711;0.834;43.205;0.8205;0
19/08/21 09:00;30.293;-43.946;38.439;40.09;49.91;-90;-49.91;465.39;94.896;370.5;7.2599;1.22;0;575.31;35.14;80.975;0;13.255;704.68;0;704.68;575.31;80.975;35.14;13.255;0.8164;0.0687;0;0.0188;688.99;15.686;0;0;3.371;12.315;682.61;5.0035;3.4288;0.4826;1.0519;0.0402;687.62;1.378;1.1506;0.1619;0.0635;0.0019;685.73;570.73;80.33;30.653;0.8971;180.78;151.13;47.172;3.0742;1.8304;26.33;3.1166;25.086;0;1;0;0;1.5142;0.9777;1;1;0.9041;0.0709;0.9927;0.994;1;0.9668;0.9571;0.998;0.998;1;0.998;0.998;0.9687;0.8723;0.0677;2.0055;2.0147;0.0121;-0.0004;0.112;0.0132;0.0469;0.0047;0;0;0.088;1.6615;0;0;0;0;0;0;0;0;0;0;0;0;0.0378;0.0096;1.7786;1.7786;0;40.907;40.907;33.648;0.0493;1732.7;1026.5;1;0.0291;0.0291;0;0;0;0;0;0;1.7495;1.6615;0;16.678;19.313;15.58;18.041;98.365;98.365;16.912;14.999;14.011;1.9136;0.9874;0.1131;0.0584;0.8285;27.413;0.8059;0
19/08/21 10:00;37.575;-28.604;44.093;58.108;31.892;-90;-31.892;743.6;122.7;620.9;11.45;1.5101;0;731.29;27.024;110.09;0;8.9801;877.39;0;877.39;731.29;110.09;27.024;8.9801;0.8335;0.041;0;0.0102;868.17;9.2227;0;0;1.3172;7.9055;857.63;8.7975;6.7717;1.0194;0.8323;0.1742;866.43;1.7363;1.4626;0.2202;0.0514;0.0021;860.11;723.06;108.85;24.823;0.8982;387.2;323.7;105.48;0.5078;3.2366;46.558;2.4757;49.287;0;1;0;0;1.1799;0.9895;1;1;0.9513;0.1197;0.9898;0.9907;1;0.9676;0.8376;0.998;0.998;1;0.998;0.998;0.9775;0.9186;0.1;2.497;2.5541;0.0154;-0.0019;0.2615;0.016;0.0566;0.0079;0;0;0.088;2.0148;0;0;0;0;0;0;0;0;0;0;0;0;0.0456;0.0151;2.1379;2.1379;0;54.173;54.173;42.723;0.0498;2201.4;971.17;1;0.0351;0.0351;0;0;0;0;0;0;2.1028;2.0148;0;16.101;18.645;15.174;17.572;98.359;98.359;21.057;18.029;16.991;3.0282;1.0379;0.1438;0.0493;0.8069;18.051;0.7761;0
19/08/21 11:00;41.687;-10.322;47.282;78.624;11.376;-90;-11.376;471.6;275;196.61;14.05;1.8499;0;200.55;212.07;62.04;0;0.7412;475.4;0;475.4;200.55;62.04;212.07;0.7412;0.4218;0.4477;0;0.0016;472.89;2.5115;0;0;1.8962;0.6153;460.6;11.344;2.2304;0.69;8.3951;0.0282;471.94;0.9458;0.4011;0.1241;0.4204;0.0003;460.75;197.91;61.226;201.36;0.0974;277.27;231.8;71.176;0.1004;2.5837;37.166;0.1506;39.649;0;1;0;0;1.008;0.9947;1;1;0.9911;0.1699;0.976;0.9889;1;0.96;0.7755;0.998;0.998;1;0.998;0.998;0.9689;0.9495;0.1315;1.353;1.3927;0.0084;0.0066;0.0576;0.0092;0.0328;0.0067;0;0;0.088;1.1326;0;0;0;0;0;0;0;0;0;0;0;0;0.0264;0.0049;1.2402;1.2402;0;36.71;36.71;22.66;0.0492;1196.7;1036.3;1;0.0196;0.0196;0;0;0;0;0;0;1.2206;1.1326;0;17.238;19.961;15.743;18.23;98.421;98.421;11.41;10.458;9.5512;0.9511;0.9073;0.0834;0.0795;0.8371;127.58;0.7908;0
19/08/21 12:00;41.793;9.3362;47.365;79.714;10.286;90;10.286;659.8;130.4;529.4;15.12;2.11;0;538.05;52.476;78.763;0;0.8484;670.14;0;670.14;538.05;78.763;52.476;0.8484;0.8029;0.0796;0;0.0013;669.03;1.104;0;0;0.398;0.7059;658.66;9.0367;6.0098;0.8797;2.1152;0.032;667.7;1.3381;1.0761;0.1575;0.1042;0.0003;658.82;530.96;77.726;49.859;0.1101;385.3;322.11;102.27;0.0172;3.3637;48.386;0.1648;51.733;0;1;0;0;1.0157;0.9984;1;1;0.9924;0.1679;0.9865;0.9888;1;0.9593;0.7748;0.998;0.998;1;0.998;0.998;0.9829;0.9501;0.1298;1.9072;1.9819;0.0119;-0.0001;0.1587;0.0127;0.045;0.0084;0;0;0.088;1.5847;0;0;0;0;0;0;0;0;0;0;0;0;0.0362;0.0093;1.6998;1.6998;0;47.774;47.774;32.653;0.0496;1704.1;997.43;1;0.027;0.027;0;0;0;0;0;0;1.6727;1.5847;0;16.761;19.408;15.626;18.095;98.41;98.41;16.083;14.334;13.364;1.749;0.9701;0.1087;0.0603;0.8309;31.478;0.7883;0
19/08/21 13:00;37.869;27.742;44.321;59.094;30.906;90;30.906;645.31;110.9;534.4;16.11;2.1501;0;622.84;35.924;84.185;0;7.3299;750.28;0;750.28;622.84;84.185;35.924;7.3299;0.8301;0.0577;0;0.0098;742.15;8.1242;0;0;1.6711;6.4531;732.77;7.9029;5.8503;0.7908;1.1112;0.1506;740.67;1.4843;1.2457;0.1684;0.0685;0.0018;734.86;615.74;83.226;33.073;0.7245;340.37;284.55;90.568;0.6048;2.9955;43.089;2.0952;45.48;0;1;0;0;1.1627;0.9892;1;1;0.9535;0.1196;0.9893;0.9906;1;0.9675;0.8279;0.998;0.998;1;0.998;0.998;0.9767;0.9206;0.0988;2.1352;2.1888;0.0132;-0.0014;0.2124;0.0138;0.0488;0.0073;0;0;0.088;1.7268;0;0;0;0;0;0;0;0;0;0;0;0;0.0393;0.0113;1.8442;1.8442;0;52.572;52.572;36.462;0.0498;1886;977.8;1;0.0294;0.0294;0;0;0;0;0;0;1.8148;1.7268;0;16.242;18.808;15.208;17.611;98.405;98.405;18.007;15.552;14.562;2.4545;0.9901;0.1363;0.055;0.8087;23.828;0.7754;0
19/08/21 14:00;30.722;43.242;38.772;40.94;49.06;90;49.06;554;93.799;460.2;16.7;1.88;0;702.31;25.312;96.472;0;15.278;839.37;0;839.37;702.31;96.472;25.312;15.278;0.8367;0.0484;0;0.0182;822.74;16.633;0;0;2.3763;14.257;815.37;5.7193;4.3222;0.5937;0.7566;0.0468;821.09;1.6455;1.4046;0.1929;0.0459;0.002;818.95;696.58;95.685;22.134;0.9728;215.25;179.95;55.917;2.0877;2.0936;30.115;3.5787;30.121;0;1;0;0;1.5151;0.9802;1;1;0.9061;0.0669;0.993;0.9938;1;0.9669;0.9541;0.998;0.998;1;0.998;0.998;0.9714;0.8744;0.0637;2.3888;2.4034;0.0145;-0.002;0.2746;0.0148;0.0525;0.005;0;0;0.088;1.8684;0;0;0;0;0;0;0;0;0;0;0;0;0.0423;0.0135;1.9881;1.9881;0;57.428;57.428;40.728;0.05;2073.5;958.81;1;0.0318;0.0318;0;0;0;0;0;0;1.9564;1.8684;0;15.651;18.124;14.709;17.032;98.403;98.403;20.145;16.766;15.756;3.3789;1.0099;0.1677;0.0501;0.7821;19.579;0.7617;0
19/08/21 15:00;21.378;55.811;31.86;25.326;60;90;60;377.41;87.799;289.61;15.8;1.1801;0;674.78;26.709;121.59;0;15.096;838.18;0;838.18;674.78;121.59;26.709;15.096;0.8051;0.0499;0;0.018;820.7;17.481;0;0;3.3578;14.123;816.48;2.579;1.4304;0.2577;0.8246;0.0663;819.06;1.6414;1.3496;0.2432;0.0467;0.0019;817.7;672;121.09;22.48;0.9054;38.291;32.012;11.167;4.469;0.5595;8.0481;1.2168;4.1385;0;1;0;0;2.2209;0.9791;1;1;0.8743;0.0645;0.9969;0.9979;1;0.9646;0.9318;0.998;0.998;1;0.998;0.998;0.9741;0.8417;0.06;2.3854;2.3556;0.0142;-0.002;0.2619;0.0146;0.0517;0.0014;0;0;0.088;1.84;0;0;0;0;0;0;0;0;0;0;0;0;0.0416;0.013;1.9593;1.9593;0;56.554;56.554;40.754;0.0499;2034.1;963.19;1;0.0313;0.0313;0;0;0;0;0;0;1.928;1.84;0;15.446;17.886;14.506;16.797;98.402;98.402;20.116;16.523;15.517;3.5936;1.0061;0.1786;0.05;0.7713;23.252;0.7658;0
19/08/21 16:00;10.648;66.188;63.375;11.613;17.61;90;17.61;69.406;67.903;1.5031;14.93;1.0201;0;3.6455;65.909;1.0023;0;0.2602;70.817;0;70.817;3.6455;1.0023;65.909;0.2602;0.0515;0.9344;0;0.0037;69.365;1.4515;0;0;1.2342;0.2173;66.65;2.5762;0.1904;0.0524;2.3238;0.0096;69.226;0.1387;0.0073;0.002;0.1293;0.0001;66.712;3.4478;0.9479;62.221;0.0333;40.526;33.88;10.277;0.1505;0.3947;5.6773;0.0622;5.9215;0;1;0;0;1.0203;0.9795;1;1;0.9813;0.165;0.9628;0.9477;1;0.964;0.7765;0.998;0.998;1;0.998;0.998;0.9412;0.9441;0.1278;0.2015;0.2022;0.0012;0.0148;-0.005;0.0013;0.0047;0.001;0;0;0.088;0.0859;0;0;0;0;0;0;0;0;0;0;0;0;0.0038;0.0002;0.1801;0.1801;0;18.212;18.212;3.2822;0.0492;171.55;1049.9;1;0.0062;0.0062;0;0;0;0;0;0;0.1739;0.0859;0;16.806;19.461;8.015;9.2812;96.549;96.549;1.6996;1.5189;0.7244;0.1807;0.7945;0.1063;0.4675;0.4262;40.517;0.4021;0
19/08/21 17:00;2.6123;72.593;83.654;2.7375;3.9141;90;3.9141;0;0;0;12.13;1.1001;0;0;0;0;0;0;0;0;0;0;0;0;0;1;1;1;1;0;0;0;0;0;0;0;0;0;0;0;0;0;0;0;0;0;0;0;0;0;0;0;0;0;0;0;0;0;0;0;0;0;0;0;1;1;1;1;1;1;1;1;1;1;1;1;1;1;1;1;1;1;1;0;0;0;0;0;0;0;0;0;0.0004;0.088;-0.0884;0;0;0;0;0;0;0;0;0;0;0;0;0;0;0;0;0;0;0;-12.13;0;0;0;0;0.0004;0;0;0;0;0;0;0;-0.0004;-0.0884;0;0;0;0;0;0;0;0;0;-0.7452;0;0.7452;1;1;0;0;0;0
19/08/21 18:00;0;0;90;0;0;90;0;0;0;0;8.85;1.14;0;0;0;0;0;0;0;0;0;0;0;0;0;1;1;1;1;0;0;0;0;0;0;0;0;0;0;0;0;0;0;0;0;0;0;0;0;0;0;0;0;0;0;0;0;0;0;0;0;0;0;0;1;1;1;1;1;1;1;1;1;1;1;1;1;1;1;1;1;1;1;0;0;0;0;0;0;0;0;0;0.0004;0.088;-0.0884;0;0;0;0;0;0;0;0;0;0;0;0;0;0;0;0;0;0;0;-8.85;0;0;0;0;0.0004;0;0;0;0;0;0;0;-0.0004;-0.0884;0;0;0;0;0;0;0;0;0;-0.7452;0;0.7452;1;1;0;0;0;0
19/08/21 19:00;0;0;90;0;0;90;0;0;0;0;6.4501;1.17;0;0;0;0;0;0;0;0;0;0;0;0;0;1;1;1;1;0;0;0;0;0;0;0;0;0;0;0;0;0;0;0;0;0;0;0;0;0;0;0;0;0;0;0;0;0;0;0;0;0;0;0;1;1;1;1;1;1;1;1;1;1;1;1;1;1;1;1;1;1;1;0;0;0;0;0;0;0;0;0;0.0004;0.088;-0.0884;0;0;0;0;0;0;0;0;0;0;0;0;0;0;0;0;0;0;0;-6.4501;0;0;0;0;0.0004;0;0;0;0;0;0;0;-0.0004;-0.0884;0;0;0;0;0;0;0;0;0;-0.7452;0;0.7452;1;1;0;0;0;0
19/08/21 20:00;0;0;90;0;0;90;0;0;0;0;6.0001;1.2799;0;0;0;0;0;0;0;0;0;0;0;0;0;1;1;1;1;0;0;0;0;0;0;0;0;0;0;0;0;0;0;0;0;0;0;0;0;0;0;0;0;0;0;0;0;0;0;0;0;0;0;0;1;1;1;1;1;1;1;1;1;1;1;1;1;1;1;1;1;1;1;0;0;0;0;0;0;0;0;0;0.0004;0.088;-0.0884;0;0;0;0;0;0;0;0;0;0;0;0;0;0;0;0;0;0;0;-6.0001;0;0;0;0;0.0004;0;0;0;0;0;0;0;-0.0004;-0.0884;0;0;0;0;0;0;0;0;0;-0.7452;0;0.7452;1;1;0;0;0;0
19/08/21 21:00;0;0;90;0;0;90;0;0;0;0;5.34;1.4499;0;0;0;0;0;0;0;0;0;0;0;0;0;1;1;1;1;0;0;0;0;0;0;0;0;0;0;0;0;0;0;0;0;0;0;0;0;0;0;0;0;0;0;0;0;0;0;0;0;0;0;0;1;1;1;1;1;1;1;1;1;1;1;1;1;1;1;1;1;1;1;0;0;0;0;0;0;0;0;0;0.0004;0.088;-0.0884;0;0;0;0;0;0;0;0;0;0;0;0;0;0;0;0;0;0;0;-5.34;0;0;0;0;0.0004;0;0;0;0;0;0;0;-0.0004;-0.0884;0;0;0;0;0;0;0;0;0;-0.7452;0;0.7452;1;1;0;0;0;0
19/08/21 22:00;0;0;90;0;0;90;0;0;0;0;3.94;1.54;0;0;0;0;0;0;0;0;0;0;0;0;0;1;1;1;1;0;0;0;0;0;0;0;0;0;0;0;0;0;0;0;0;0;0;0;0;0;0;0;0;0;0;0;0;0;0;0;0;0;0;0;1;1;1;1;1;1;1;1;1;1;1;1;1;1;1;1;1;1;1;0;0;0;0;0;0;0;0;0;0.0004;0.088;-0.0884;0;0;0;0;0;0;0;0;0;0;0;0;0;0;0;0;0;0;0;-3.94;0;0;0;0;0.0004;0;0;0;0;0;0;0;-0.0004;-0.0884;0;0;0;0;0;0;0;0;0;-0.7452;0;0.7452;1;1;0;0;0;0
19/08/21 23:00;0;0;90;0;0;90;0;0;0;0;3.1502;1.72;0;0;0;0;0;0;0;0;0;0;0;0;0;1;1;1;1;0;0;0;0;0;0;0;0;0;0;0;0;0;0;0;0;0;0;0;0;0;0;0;0;0;0;0;0;0;0;0;0;0;0;0;1;1;1;1;1;1;1;1;1;1;1;1;1;1;1;1;1;1;1;0;0;0;0;0;0;0;0;0;0.0004;0.088;-0.0884;0;0;0;0;0;0;0;0;0;0;0;0;0;0;0;0;0;0;0;-3.1502;0;0;0;0;0.0004;0;0;0;0;0;0;0;-0.0004;-0.0884;0;0;0;0;0;0;0;0;0;-0.7452;0;0.7452;1;1;0;0;0;0
20/08/21 00:00;0;0;90;0;0;90;0;0;0;0;3.9899;1.9101;0;0;0;0;0;0;0;0;0;0;0;0;0;1;1;1;1;0;0;0;0;0;0;0;0;0;0;0;0;0;0;0;0;0;0;0;0;0;0;0;0;0;0;0;0;0;0;0;0;0;0;0;1;1;1;1;1;1;1;1;1;1;1;1;1;1;1;1;1;1;1;0;0;0;0;0;0;0;0;0;0.0004;0.088;-0.0884;0;0;0;0;0;0;0;0;0;0;0;0;0;0;0;0;0;0;0;-3.9899;0;0;0;0;0.0004;0;0;0;0;0;0;0;-0.0004;-0.0884;0;0;0;0;0;0;0;0;0;-0.7452;0;0.7452;1;1;0;0;0;0
20/08/21 01:00;0;0;90;0;0;90;0;0;0;0;1.9098;2.11;0;0;0;0;0;0;0;0;0;0;0;0;0;1;1;1;1;0;0;0;0;0;0;0;0;0;0;0;0;0;0;0;0;0;0;0;0;0;0;0;0;0;0;0;0;0;0;0;0;0;0;0;1;1;1;1;1;1;1;1;1;1;1;1;1;1;1;1;1;1;1;0;0;0;0;0;0;0;0;0;0.0004;0.088;-0.0884;0;0;0;0;0;0;0;0;0;0;0;0;0;0;0;0;0;0;0;-1.9098;0;0;0;0;0.0004;0;0;0;0;0;0;0;-0.0004;-0.0884;0;0;0;0;0;0;0;0;0;-0.7452;0;0.7452;1;1;0;0;0;0
20/08/21 02:00;0;0;90;0;0;90;0;0;0;0;1.59;2.3001;0;0;0;0;0;0;0;0;0;0;0;0;0;1;1;1;1;0;0;0;0;0;0;0;0;0;0;0;0;0;0;0;0;0;0;0;0;0;0;0;0;0;0;0;0;0;0;0;0;0;0;0;1;1;1;1;1;1;1;1;1;1;1;1;1;1;1;1;1;1;1;0;0;0;0;0;0;0;0;0;0.0004;0.088;-0.0884;0;0;0;0;0;0;0;0;0;0;0;0;0;0;0;0;0;0;0;-1.59;0;0;0;0;0.0004;0;0;0;0;0;0;0;-0.0004;-0.0884;0;0;0;0;0;0;0;0;0;-0.7452;0;0.7452;1;1;0;0;0;0
20/08/21 03:00;0;0;90;0;0;90;0;0;0;0;1.8001;2.5499;0;0;0;0;0;0;0;0;0;0;0;0;0;1;1;1;1;0;0;0;0;0;0;0;0;0;0;0;0;0;0;0;0;0;0;0;0;0;0;0;0;0;0;0;0;0;0;0;0;0;0;0;1;1;1;1;1;1;1;1;1;1;1;1;1;1;1;1;1;1;1;0;0;0;0;0;0;0;0;0;0.0004;0.088;-0.0884;0;0;0;0;0;0;0;0;0;0;0;0;0;0;0;0;0;0;0;-1.8001;0;0;0;0;0.0004;0;0;0;0;0;0;0;-0.0004;-0.0884;0;0;0;0;0;0;0;0;0;-0.7452;0;0.7452;1;1;0;0;0;0
20/08/21 04:00;0;0;90;0;0;90;0;0;0;0;0.8601;2.82;0;0;0;0;0;0;0;0;0;0;0;0;0;1;1;1;1;0;0;0;0;0;0;0;0;0;0;0;0;0;0;0;0;0;0;0;0;0;0;0;0;0;0;0;0;0;0;0;0;0;0;0;1;1;1;1;1;1;1;1;1;1;1;1;1;1;1;1;1;1;1;0;0;0;0;0;0;0;0;0;0.0004;0.088;-0.0884;0;0;0;0;0;0;0;0;0;0;0;0;0;0;0;0;0;0;0;-0.8601;0;0;0;0;0.0004;0;0;0;0;0;0;0;-0.0004;-0.0884;0;0;0;0;0;0;0;0;0;-0.7452;0;0.7452;1;1;0;0;0;0
20/08/21 05:00;0;0;90;0;0;90;0;0;0;0;0.42;2.99;0;0;0;0;0;0;0;0;0;0;0;0;0;1;1;1;1;0;0;0;0;0;0;0;0;0;0;0;0;0;0;0;0;0;0;0;0;0;0;0;0;0;0;0;0;0;0;0;0;0;0;0;1;1;1;1;1;1;1;1;1;1;1;1;1;1;1;1;1;1;1;0;0;0;0;0;0;0;0;0;0.0004;0.088;-0.0884;0;0;0;0;0;0;0;0;0;0;0;0;0;0;0;0;0;0;0;-0.42;0;0;0;0;0.0004;0;0;0;0;0;0;0;-0.0004;-0.0884;0;0;0;0;0;0;0;0;0;-0.7452;0;0.7452;1;1;0;0;0;0
20/08/21 06:00;2.4536;-73.124;84.04;2.5638;3.6644;-90;-3.6644;2.5004;2.5004;0;0.3801;3.1001;0;0;2.4979;0;0;0.0004;2.4983;2.4983;0;0;0;0;0;1;1;1;1;0;0;0;0;0;0;0;0;0;0;0;0;0;0;0;0;0;0;0;0;0;0;0;0;0;0;0;0;0;0;0;0;0;0;0;0;1;1;1;1;1;1;1;1;1;1;1;1;1;0;0;1;0;0;0;0;0;0;0;0;0;0;0;0.0004;0.088;-0.0884;0;0;0;0;0;0;0;0;0;0;0;0;0;0;0;0;0;0;0;-0.3801;0;0;0;0;0.0004;0;0;0;0;0;0;0;-0.0004;-0.0884;0;0;0;0;0;0;0;0;0;-0.7452;0;0.7452;1;1;0;0;0;0
20/08/21 07:00;10.33;-66.894;64.222;11.209;16.919;-90;-16.919;143.6;24.2;119.4;1.6798;3.86;0;289.58;11.886;29.226;0;0.4972;331.19;0;331.19;289.58;29.226;11.886;0.4972;0.8744;0.0374;0;0.0015;330.57;0.6209;0;0;0.2074;0.4135;311.24;18.66;16.547;1.67;0.4248;0.0186;329.9;0.6611;0.5792;0.0585;0.0234;0.0002;311.25;272.45;27.498;11.231;0.0649;7.9304;6.6298;2.1022;0.0237;0.0709;1.0203;0.0101;1.0676;0;1;0;0;2.3063;0.9981;1;1;0.9826;0.1684;0.9434;0.9427;1;0.9635;0.7772;0.998;0.998;1;0.998;0.998;0.9398;0.9448;0.1306;0.9425;0.8926;0.0054;0.0136;-0.0258;0.0063;0.0223;0.0002;0;0;0.088;0.7477;0;0;0;0;0;0;0;0;0;0;0;0;0.018;0.0022;0.8504;0.8504;0;16.776;16.776;15.096;0.0485;764.8;1112;1;0.0147;0.0147;0;0;0;0;0;0;0.8357;0.7477;0;16.968;19.649;14.919;17.276;98.269;98.269;7.9485;7.1718;6.3056;0.7766;0.8663;0.0977;0.109;0.7933;7.2863;0.7915;0
20/08/21 08:00;21.135;-56.589;31.289;24.849;60;-90;-60;336.09;56.801;279.29;6.1497;3.21;0;661.93;17.924;77.979;0;13.444;771.27;0;771.27;661.93;77.979;17.924;13.444;0.8582;0.0407;0;0.0174;756.51;14.759;0;0;2.2456;12.513;753.07;1.9356;1.1824;0.1393;0.5536;0.0603;755;1.513;1.3239;0.156;0.0314;0.0019;753.67;659.42;77.683;15.094;0.8684;24.217;20.246;7.5916;3;0.3307;4.7574;0.6057;2.0882;0;1;0;0;2.2948;0.9809;1;1;0.8747;0.0692;0.9974;0.9982;1;0.9646;0.9351;0.998;0.998;1;0.998;0.998;0.9764;0.8421;0.0646;2.195;2.1659;0.013;-0.0013;0.1388;0.0141;0.05;0.0008;0;0;0.088;1.7797;0;0;0;0;0;0;0;0;0;0;0;0;0.0403;0.0111;1.8989;1.8989;0;43.337;43.337;37.187;0.0494;1865.3;1018;1;0.0312;0.0312;0;0;0;0;0;0;1.8677;1.7797;0;16.269;18.84;15.248;17.657;98.355;98.355;18.511;16.014;15.009;2.4965;1.0055;0.1349;0.0543;0.8108;15.609;0.8071;0
20/08/21 09:00;30.592;-44.118;38.169;40.341;49.659;-90;-49.659;493.6;84.899;408.7;10.41;3.95;0;631.36;27.932;78.764;0;13.926;751.99;0;751.99;631.36;78.764;27.932;13.926;0.8396;0.0557;0;0.0185;736.39;15.596;0;0;2.6601;12.936;729.92;4.9991;3.6633;0.457;0.8359;0.0429;734.92;1.4728;1.2627;0.1575;0.0505;0.002;733.25;626.44;78.15;24.386;0.9452;190.06;158.89;48.746;2.4022;1.9254;27.697;3.3288;27.22;0;1;0;0;1.5235;0.9793;1;1;0.9048;0.0711;0.9932;0.9942;1;0.9669;0.9566;0.998;0.998;1;0.998;0.998;0.9707;0.873;0.0679;2.1401;2.1534;0.013;-0.0013;0.1627;0.0139;0.0491;0.0048;0;0;0.088;1.7424;0;0;0;0;0;0;0;0;0;0;0;0;0.0396;0.0109;1.8606;1.8606;0;46.551;46.551;36.141;0.0495;1854.2;1003.5;1;0.0302;0.0302;0;0;0;0;0;0;1.8304;1.7424;0;16.35;18.933;15.311;17.73;98.376;98.376;18.048;15.691;14.694;2.3567;0.9969;0.1306;0.0552;0.8142;21.736;0.7923;0
20/08/21 10:00;37.898;-28.709;43.796;58.321;31.679;-90;-31.679;615.5;104.3;511.19;14.98;3.9899;0;600.69;36.456;76.278;0;7.3363;720.76;0;720.76;600.69;76.278;36.456;7.3363;0.8334;0.0608;0;0.0102;712.55;8.2099;0;0;1.758;6.4519;703.71;7.4201;5.4583;0.6931;1.1239;0.1447;711.13;1.4251;1.2014;0.1526;0.0694;0.0018;705.74;594.03;75.432;33.504;0.738;322.66;269.74;87.813;0.6682;2.7185;39.104;2.0295;41.154;0;1;0;0;1.171;0.9886;1;1;0.9518;0.1206;0.9896;0.9909;1;0.9675;0.8361;0.998;0.998;1;0.998;0.998;0.9763;0.919;0.1006;2.0512;2.0975;0.0126;-0.0009;0.1838;0.0133;0.0472;0.0067;0;0;0.088;1.6697;0;0;0;0;0;0;0;0;0;0;0;0;0.038;0.0104;1.7862;1.7862;0;49.922;49.922;34.943;0.0497;1806.3;988.89;1;0.0285;0.0285;0;0;0;0;0;0;1.7577;1.6697;0;16.376;18.963;15.308;17.726;98.403;98.403;17.298;15.064;14.081;2.2346;0.9826;0.1292;0.0568;0.814;24.314;0.7822;0
20/08/21 11:00;42.021;-10.316;46.961;78.759;11.241;-90;-11.241;682.21;116.2;566;16.66;3.79;0;577.07;42.316;74.915;0;1.047;695.35;0;695.35;577.07;74.915;42.316;1.047;0.8299;0.0624;0;0.0015;694.11;1.24;0;0;0.3709;0.8692;683.88;8.8477;6.3098;0.8191;1.679;0.0398;692.72;1.3882;1.1541;0.1498;0.0839;0.0004;684.09;569.61;73.946;40.182;0.1376;397.42;332.24;103.73;0.0194;3.5842;51.557;0.2193;55.122;0;1;0;0;1.0193;0.9982;1;1;0.9912;0.1698;0.9872;0.989;1;0.9599;0.7755;0.998;0.998;1;0.998;0.998;0.9835;0.9496;0.1314;1.9789;2.0605;0.0124;-0.0007;0.186;0.013;0.0462;0.0089;0;0;0.088;1.6317;0;0;0;0;0;0;0;0;0;0;0;0;0.0373;0.0101;1.7474;1.7474;0;50.641;50.641;33.98;0.0497;1773.5;985.29;1;0.0277;0.0277;0;0;0;0;0;0;1.7197;1.6317;0;16.605;19.229;15.506;17.955;98.414;98.414;16.688;14.736;13.76;1.9526;0.9758;0.117;0.0585;0.8245;25.447;0.7812;0
20/08/21 12:00;42.112;9.4689;47.031;79.685;10.315;90;10.315;547.5;233.7;313.79;17.6;3.6601;0;318.95;150.69;83.125;0;0.7078;553.47;0;553.47;318.95;83.125;150.69;0.7078;0.5763;0.2735;0;0.0013;551.74;1.7371;0;0;1.1482;0.589;540.12;10.511;3.5004;0.9123;6.0714;0.0267;550.63;1.1035;0.6379;0.1663;0.2991;0.0002;540.26;314.81;82.047;143.18;0.0919;321;268.36;84.163;0.0494;2.8726;41.321;0.1355;44.144;0;1;0;0;1.0109;0.9969;1;1;0.9924;0.1679;0.9809;0.989;1;0.9593;0.7748;0.998;0.998;1;0.998;0.998;0.9759;0.9501;0.1298;1.5751;1.6285;0.0098;0.0035;0.111;0.0105;0.0373;0.0072;0;0;0.088;1.3027;0;0;0;0;0;0;0;0;0;0;0;0;0.0301;0.0065;1.4125;1.4125;0;44.32;44.32;26.72;0.0495;1400.3;1008.7;1;0.0217;0.0217;0;0;0;0;0;0;1.3907;1.3027;0;16.864;19.528;15.554;18.011;98.46;98.46;13.283;11.912;10.986;1.3717;0.9255;0.1033;0.0697;0.8271;90.402;0.7833;0
20/08/21 13:00;38.151;27.969;43.991;59.161;30.839;90;30.839;561.5;174;387.5;18.16;3.4299;0;451.31;85.846;95.067;0;6.351;638.57;0;638.57;451.31;95.067;85.846;6.351;0.7067;0.1444;0;0.0099;629;9.569;0;0;3.9795;5.5895;619.93;7.8142;4.1521;0.8746;2.6563;0.1311;627.75;1.258;0.9026;0.1901;0.1637;0.0015;621.77;446.25;94.002;79.046;0.6289;301.86;252.36;80.276;1.4316;2.7177;39.093;1.8419;40.379;0;1;0;0;1.1373;0.985;1;1;0.9536;0.1199;0.9876;0.9908;1;0.9675;0.8275;0.998;0.998;1;0.998;0.998;0.9708;0.9208;0.099;1.8173;1.8572;0.0112;0.001;0.1567;0.0118;0.0419;0.0067;0;0;0.088;1.4731;0;0;0;0;0;0;0;0;0;0;0;0;0.0338;0.0083;1.5859;1.5859;0;48.929;48.929;30.769;0.0496;1597.3;992.89;1;0.0248;0.0248;0;0;0;0;0;0;1.5611;1.4731;0;16.411;19.003;15.244;17.652;98.438;98.438;15.326;13.374;12.423;1.9516;0.9511;0.1273;0.0621;0.8106;56.913;0.7751;0
20/08/21 14:00;30.961;43.515;38.453;41.066;48.934;90;48.934;195.7;189;6.6957;17.86;3.13;0;10.193;155.06;2.8003;0;5.3711;173.42;0;173.42;10.193;2.8003;155.06;5.3711;0.0588;0.9251;0;0.031;153.91;19.514;0;0;14.503;5.0113;148.87;4.7281;0.0608;0.0167;4.634;0.0166;153.6;0.3078;0.0204;0.0056;0.2811;0.0007;151;10.111;2.778;135.64;0.3426;122.99;102.82;35.104;12.654;1.7361;24.974;2.1318;14.056;0;1;0;0;0.8862;0.8875;1;1;0.9065;0.067;0.9692;0.994;1;0.967;0.9538;0.998;0.998;1;0.998;0.998;0.8584;0.8748;0.0638;0.4935;0.482;0.0029;0.0172;0.0003;0.0032;0.0115;0.0045;0;0;0.088;0.3358;0;0;0;0;0;0;0;0;0;0;0;0;0.0092;0.0008;0.4324;0.4324;0;25.174;25.174;7.3139;0.0491;410.86;1052.4;1;0.0086;0.0086;0;0;0;0;0;0;0.4238;0.3358;0;16.476;19.079;12.797;14.818;98.02;98.02;4.1621;3.6465;2.8321;0.5156;0.8143;0.1239;0.1957;0.6805;119.79;0.6142;0
20/08/21 15:00;21.578;56.099;31.536;25.477;60;90;60;78.002;77.003;0.9985;16.38;1.9901;0;2.314;57.635;0.3623;0;3.1201;63.432;0;63.432;2.314;0.3623;57.635;3.1201;0.0365;0.9578;0;0.0492;53.267;10.165;0;0;7.2458;2.9188;51.362;1.7982;0.0045;0.0007;1.7794;0.0137;53.16;0.1065;0.0046;0.0007;0.1008;0.0004;52.718;2.3049;0.3609;48.509;0.1871;50.232;41.994;15.14;9.6363;0.9473;13.627;1.3553;4.9383;0;1;0;0;0.8132;0.8398;1;1;0.8743;0.0645;0.9662;0.9981;1;0.9646;0.9318;0.998;0.998;1;0.998;0.998;0.8097;0.8417;0.06;0.1805;0.1781;0.0011;0.0142;-0.004;0.0012;0.0041;0.0024;0;0;0.088;0.0617;0;0;0;0;0;0;0;0;0;0;0;0;0.0033;0.0002;0.1556;0.1556;0;18.918;18.918;2.5386;0.0494;150.15;1036.5;1;0.0059;0.0059;0;0;0;0;0;0;0.1497;0.0617;0;16.212;18.774;6.4304;7.4462;96.209;96.209;1.5224;1.3124;0.5206;0.2099;0.7919;0.1379;0.5202;0.3419;50.175;0.2946;0
20/08/21 16:00;10.818;66.481;62.922;11.772;17.885;90;17.885;18.597;18.499;0.0979;15.25;2.34;0;0.2375;18.045;0.0175;0;0.0719;18.372;0;18.372;0.2375;0.0175;18.045;0.0719;0.0129;0.9861;0;0.0039;17.965;0.4068;0;0;0.3468;0.0601;17.281;0.6482;0.0118;0.0009;0.6329;0.0026;17.929;0.0359;0.0005;0;0.0354;0;17.299;0.2252;0.0166;17.03;0.0092;11.106;9.2848;2.8178;0.0435;0.1082;1.5567;0.0177;1.6214;0;1;0;0;0.9879;0.9779;1;1;0.9808;0.1647;0.9638;0.9501;1;0.9642;0.7767;0.998;0.998;1;0.998;0.998;0.9406;0.9437;0.1277;0.0523;0.0526;0.0003;0.0081;-0.0017;0.0003;0.0011;0.0003;0;0;0.088;-0.0478;0;0;0;0;0;0;0;0;0;0;0;0;0.0009;0;0.0432;0.0432;0;16.115;16.115;0.8658;0.0501;43.255;999.65;1;0.003;0.003;0;0;0;0;0;0;0.0402;-0.0478;0;15.552;18.009;-17.177;-19.891;93.068;93.068;0.4409;0.3646;-0.4027;0.0763;0.7674;0.173;1.7404;0;11.106;0;0
20/08/21 17:00;2.5714;73.036;83.753;2.6882;3.8432;90;3.8432;0;0;0;14.53;2.82;0;0;0;0;0;0;0;0;0;0;0;0;0;1;1;1;1;0;0;0;0;0;0;0;0;0;0;0;0;0;0;0;0;0;0;0;0;0;0;0;0;0;0;0;0;0;0;0;0;0;0;0;1;1;1;1;1;1;1;1;1;1;1;1;1;1;1;1;1;1;1;0;0;0;0;0;0;0;0;0;0.0004;0.088;-0.0884;0;0;0;0;0;0;0;0;0;0;0;0;0;0;0;0;0;0;0;-14.53;0;0;0;0;0.0004;0;0;0;0;0;0;0;-0.0004;-0.0884;0;0;0;0;0;0;0;0;0;-0.7452;0;0.7452;1;1;0;0;0;0
20/08/21 18:00;0;0;90;0;0;90;0;0;0;0;13;2.6901;0;0;0;0;0;0;0;0;0;0;0;0;0;1;1;1;1;0;0;0;0;0;0;0;0;0;0;0;0;0;0;0;0;0;0;0;0;0;0;0;0;0;0;0;0;0;0;0;0;0;0;0;1;1;1;1;1;1;1;1;1;1;1;1;1;1;1;1;1;1;1;0;0;0;0;0;0;0;0;0;0.0004;0.088;-0.0884;0;0;0;0;0;0;0;0;0;0;0;0;0;0;0;0;0;0;0;-13;0;0;0;0;0.0004;0;0;0;0;0;0;0;-0.0004;-0.0884;0;0;0;0;0;0;0;0;0;-0.7452;0;0.7452;1;1;0;0;0;0
20/08/21 19:00;0;0;90;0;0;90;0;0;0;0;11.58;2.1;0;0;0;0;0;0;0;0;0;0;0;0;0;1;1;1;1;0;0;0;0;0;0;0;0;0;0;0;0;0;0;0;0;0;0;0;0;0;0;0;0;0;0;0;0;0;0;0;0;0;0;0;1;1;1;1;1;1;1;1;1;1;1;1;1;1;1;1;1;1;1;0;0;0;0;0;0;0;0;0;0.0004;0.088;-0.0884;0;0;0;0;0;0;0;0;0;0;0;0;0;0;0;0;0;0;0;-11.58;0;0;0;0;0.0004;0;0;0;0;0;0;0;-0.0004;-0.0884;0;0;0;0;0;0;0;0;0;-0.7452;0;0.7452;1;1;0;0;0;0
20/08/21 20:00;0;0;90;0;0;90;0;0;0;0;11.7;1.8;0;0;0;0;0;0;0;0;0;0;0;0;0;1;1;1;1;0;0;0;0;0;0;0;0;0;0;0;0;0;0;0;0;0;0;0;0;0;0;0;0;0;0;0;0;0;0;0;0;0;0;0;1;1;1;1;1;1;1;1;1;1;1;1;1;1;1;1;1;1;1;0;0;0;0;0;0;0;0;0;0.0004;0.088;-0.0884;0;0;0;0;0;0;0;0;0;0;0;0;0;0;0;0;0;0;0;-11.7;0;0;0;0;0.0004;0;0;0;0;0;0;0;-0.0004;-0.0884;0;0;0;0;0;0;0;0;0;-0.7452;0;0.7452;1;1;0;0;0;0
20/08/21 21:00;0;0;90;0;0;90;0;0;0;0;11.58;1.1199;0;0;0;0;0;0;0;0;0;0;0;0;0;1;1;1;1;0;0;0;0;0;0;0;0;0;0;0;0;0;0;0;0;0;0;0;0;0;0;0;0;0;0;0;0;0;0;0;0;0;0;0;1;1;1;1;1;1;1;1;1;1;1;1;1;1;1;1;1;1;1;0;0;0;0;0;0;0;0;0;0.0004;0.088;-0.0884;0;0;0;0;0;0;0;0;0;0;0;0;0;0;0;0;0;0;0;-11.58;0;0;0;0;0.0004;0;0;0;0;0;0;0;-0.0004;-0.0884;0;0;0;0;0;0;0;0;0;-0.7452;0;0.7452;1;1;0;0;0;0
20/08/21 22:00;0;0;90;0;0;90;0;0;0;0;10.89;1.63;0;0;0;0;0;0;0;0;0;0;0;0;0;1;1;1;1;0;0;0;0;0;0;0;0;0;0;0;0;0;0;0;0;0;0;0;0;0;0;0;0;0;0;0;0;0;0;0;0;0;0;0;1;1;1;1;1;1;1;1;1;1;1;1;1;1;1;1;1;1;1;0;0;0;0;0;0;0;0;0;0.0004;0.088;-0.0884;0;0;0;0;0;0;0;0;0;0;0;0;0;0;0;0;0;0;0;-10.89;0;0;0;0;0.0004;0;0;0;0;0;0;0;-0.0004;-0.0884;0;0;0;0;0;0;0;0;0;-0.7452;0;0.7452;1;1;0;0;0;0
20/08/21 23:00;0;0;90;0;0;90;0;0;0;0;11.4;2.3899;0;0;0;0;0;0;0;0;0;0;0;0;0;1;1;1;1;0;0;0;0;0;0;0;0;0;0;0;0;0;0;0;0;0;0;0;0;0;0;0;0;0;0;0;0;0;0;0;0;0;0;0;1;1;1;1;1;1;1;1;1;1;1;1;1;1;1;1;1;1;1;0;0;0;0;0;0;0;0;0;0.0004;0.088;-0.0884;0;0;0;0;0;0;0;0;0;0;0;0;0;0;0;0;0;0;0;-11.4;0;0;0;0;0.0004;0;0;0;0;0;0;0;-0.0004;-0.0884;0;0;0;0;0;0;0;0;0;-0.7452;0;0.7452;1;1;0;0;0;0
21/08/21 00:00;0;0;90;0;0;90;0;0;0;0;10.56;2.59;0;0;0;0;0;0;0;0;0;0;0;0;0;1;1;1;1;0;0;0;0;0;0;0;0;0;0;0;0;0;0;0;0;0;0;0;0;0;0;0;0;0;0;0;0;0;0;0;0;0;0;0;1;1;1;1;1;1;1;1;1;1;1;1;1;1;1;1;1;1;1;0;0;0;0;0;0;0;0;0;0.0004;0.088;-0.0884;0;0;0;0;0;0;0;0;0;0;0;0;0;0;0;0;0;0;0;-10.56;0;0;0;0;0.0004;0;0;0;0;0;0;0;-0.0004;-0.0884;0;0;0;0;0;0;0;0;0;-0.7452;0;0.7452;1;1;0;0;0;0
21/08/21 01:00;0;0;90;0;0;90;0;0;0;0;11.36;2.5401;0;0;0;0;0;0;0;0;0;0;0;0;0;1;1;1;1;0;0;0;0;0;0;0;0;0;0;0;0;0;0;0;0;0;0;0;0;0;0;0;0;0;0;0;0;0;0;0;0;0;0;0;1;1;1;1;1;1;1;1;1;1;1;1;1;1;1;1;1;1;1;0;0;0;0;0;0;0;0;0;0.0004;0.088;-0.0884;0;0;0;0;0;0;0;0;0;0;0;0;0;0;0;0;0;0;0;-11.36;0;0;0;0;0.0004;0;0;0;0;0;0;0;-0.0004;-0.0884;0;0;0;0;0;0;0;0;0;-0.7452;0;0.7452;1;1;0;0;0;0
21/08/21 02:00;0;0;90;0;0;90;0;0;0;0;11.53;2.59;0;0;0;0;0;0;0;0;0;0;0;0;0;1;1;1;1;0;0;0;0;0;0;0;0;0;0;0;0;0;0;0;0;0;0;0;0;0;0;0;0;0;0;0;0;0;0;0;0;0;0;0;1;1;1;1;1;1;1;1;1;1;1;1;1;1;1;1;1;1;1;0;0;0;0;0;0;0;0;0;0.0004;0.088;-0.0884;0;0;0;0;0;0;0;0;0;0;0;0;0;0;0;0;0;0;0;-11.53;0;0;0;0;0.0004;0;0;0;0;0;0;0;-0.0004;-0.0884;0;0;0;0;0;0;0;0;0;-0.7452;0;0.7452;1;1;0;0;0;0
21/08/21 03:00;0;0;90;0;0;90;0;0;0;0;11.93;2.99;0;0;0;0;0;0;0;0;0;0;0;0;0;1;1;1;1;0;0;0;0;0;0;0;0;0;0;0;0;0;0;0;0;0;0;0;0;0;0;0;0;0;0;0;0;0;0;0;0;0;0;0;1;1;1;1;1;1;1;1;1;1;1;1;1;1;1;1;1;1;1;0;0;0;0;0;0;0;0;0;0.0004;0.088;-0.0884;0;0;0;0;0;0;0;0;0;0;0;0;0;0;0;0;0;0;0;-11.93;0;0;0;0;0.0004;0;0;0;0;0;0;0;-0.0004;-0.0884;0;0;0;0;0;0;0;0;0;-0.7452;0;0.7452;1;1;0;0;0;0
21/08/21 04:00;0;0;90;0;0;90;0;0;0;0;11.3;3.56;0;0;0;0;0;0;0;0;0;0;0;0;0;1;1;1;1;0;0;0;0;0;0;0;0;0;0;0;0;0;0;0;0;0;0;0;0;0;0;0;0;0;0;0;0;0;0;0;0;0;0;0;1;1;1;1;1;1;1;1;1;1;1;1;1;1;1;1;1;1;1;0;0;0;0;0;0;0;0;0;0.0004;0.088;-0.0884;0;0;0;0;0;0;0;0;0;0;0;0;0;0;0;0;0;0;0;-11.3;0;0;0;0;0.0004;0;0;0;0;0;0;0;-0.0004;-0.0884;0;0;0;0;0;0;0;0;0;-0.7452;0;0.7452;1;1;0;0;0;0
21/08/21 05:00;0;0;90;0;0;90;0;0;0;0;11.28;3.72;0;0;0;0;0;0;0;0;0;0;0;0;0;1;1;1;1;0;0;0;0;0;0;0;0;0;0;0;0;0;0;0;0;0;0;0;0;0;0;0;0;0;0;0;0;0;0;0;0;0;0;0;1;1;1;1;1;1;1;1;1;1;1;1;1;1;1;1;1;1;1;0;0;0;0;0;0;0;0;0;0.0004;0.088;-0.0884;0;0;0;0;0;0;0;0;0;0;0;0;0;0;0;0;0;0;0;-11.28;0;0;0;0;0.0004;0;0;0;0;0;0;0;-0.0004;-0.0884;0;0;0;0;0;0;0;0;0;-0.7452;0;0.7452;1;1;0;0;0;0
21/08/21 06:00;2.502;-73.504;83.923;2.6092;3.7296;-90;-3.7296;0.5079;0.4988;0.0091;9.31;4.25;0;0.022;0.4982;0.0002;0;0.0001;0.5205;0.5205;0;0.022;0;0;0;1;1;1;1;0;0;0;0;0;0;0;0;0;0;0;0;0;0;0;0;0;0;0;0;0;0;0;0;0;0;0;0;0;0;0;0;0;0;0;0;1;1;1;1;1;1;1;1;1;1;1;0;1;0;0;1;0;0;0;0;0;0;0;0;0;0;0;0.0004;0.088;-0.0884;0;0;0;0;0;0;0;0;0;0;0;0;0;0;0;0;0;0;0;-9.31;0;0;0;0;0.0004;0;0;0;0;0;0;0;-0.0004;-0.0884;0;0;0;0;0;0;0;0;0;-0.7452;0;0.7452;1;1;0;0;0;0
21/08/21 07:00;10.585;-67.118;63.543;11.466;17.358;-90;-17.358;135.8;31.297;104.51;9.99;4.97;0;253.46;17.578;32.279;0;0.4948;303.81;0;303.81;253.46;32.279;17.578;0.4948;0.8343;0.0595;0;0.0016;303.08;0.7319;0;0;0.3202;0.4116;286.64;15.833;13.476;1.7162;0.623;0.0185;302.47;0.6062;0.5069;0.0646;0.0345;0.0002;286.66;239.48;30.498;16.601;0.0645;11.372;9.507;2.9663;0.0383;0.1051;1.5123;0.016;1.5791;0;1;0;0;2.2371;0.9976;1;1;0.9818;0.1681;0.9477;0.9467;1;0.9638;0.7775;0.998;0.998;1;0.998;0.998;0.9435;0.9444;0.1304;0.8646;0.8232;0.005;0.0145;-0.003;0.0056;0.02;0.0003;0;0;0.088;0.6616;0;0;0;0;0;0;0;0;0;0;0;0;0.0161;0.0019;0.7627;0.7627;0;23.984;23.984;13.994;0.0488;705.73;1080.8;1;0.0131;0.0131;0;0;0;0;0;0;0.7496;0.6616;0;16.589;19.21;14.391;16.664;98.286;98.286;7.2915;6.4321;5.5798;0.8594;0.8523;0.1179;0.1169;0.7652;10.795;0.7624;0
21/08/21 08:00;21.413;-56.795;31.003;25.111;60;-90;-60;223.3;144.6;78.7;12.28;5.1899;0;184.77;90.975;54.705;0;8.932;339.38;0;339.38;184.77;54.705;90.975;8.932;0.5444;0.2944;0;0.0263;319.67;19.711;0;0;11.398;8.3137;315.8;3.2378;0.2992;0.0886;2.8099;0.04;319.03;0.6393;0.3695;0.1094;0.1592;0.0012;318.05;184.1;54.507;76.608;0.577;82.966;69.359;24.997;15.211;1.5195;21.857;2.2574;8.1648;0;1;0;0;1.5199;0.9419;1;1;0.8747;0.0692;0.9899;0.9984;1;0.9646;0.9351;0.998;0.998;1;0.998;0.998;0.9305;0.8421;0.0646;0.9659;0.9538;0.0057;0.0128;0.0093;0.0065;0.023;0.004;0;0;0.088;0.769;0;0;0;0;0;0;0;0;0;0;0;0;0.0185;0.0024;0.8715;0.8715;0;27.735;27.735;15.455;0.0489;816.77;1067;1;0.0145;0.0145;0;0;0;0;0;0;0.857;0.769;0;16.968;19.649;14.973;17.338;98.339;98.339;8.1452;7.3492;6.4851;0.796;0.8642;0.0977;0.1061;0.7962;79.223;0.7596;0
21/08/21 09:00;30.895;-44.29;37.897;40.594;49.406;-90;-49.406;501.61;85.098;416.51;14.24;5.4901;0;640.1;27.649;79.299;0;14.017;761.07;0;761.07;640.1;79.299;27.649;14.017;0.8411;0.0547;0;0.0184;745.44;15.631;0;0;2.6136;13.017;739.02;4.9308;3.6123;0.4475;0.8271;0.0438;743.95;1.4909;1.2802;0.1586;0.0501;0.002;742.37;635.21;78.692;24.158;0.9542;194.4;162.52;49.96;2.336;1.955;28.122;3.3492;27.741;0;1;0;0;1.5173;0.9795;1;1;0.9055;0.0713;0.9934;0.9943;1;0.9669;0.9561;0.998;0.998;1;0.998;0.998;0.971;0.8737;0.0681;2.1659;2.1803;0.0131;-0.0014;0.199;0.0138;0.0489;0.0048;0;0;0.088;1.7337;0;0;0;0;0;0;0;0;0;0;0;0;0.0394;0.0112;1.8514;1.8514;0;50.964;50.964;36.724;0.0497;1879.4;985.09;1;0.0297;0.0297;0;0;0;0;0;0;1.8217;1.7337;0;16.075;18.614;15.053;17.431;98.397;98.397;18.266;15.613;14.621;2.6526;0.9924;0.1452;0.0543;0.8004;21.461;0.7789;0
21/08/21 10:00;38.226;-28.814;43.497;58.537;31.463;-90;-31.463;668.9;110.4;558.5;16.72;5.31;0;654.77;33.273;87.328;0;7.8674;783.23;0;783.23;654.77;87.328;33.273;7.8674;0.836;0.0525;0;0.01;774.74;8.4991;0;0;1.5873;6.9118;765.39;7.7982;5.8353;0.7783;1.0268;0.1578;773.19;1.5495;1.3095;0.1747;0.0634;0.0019;767.56;647.62;86.375;30.596;0.7959;350.66;293.16;95.438;0.596;2.9458;42.374;2.1684;44.724;0;1;0;0;1.1709;0.9891;1;1;0.9523;0.1215;0.9899;0.9911;1;0.9675;0.8346;0.998;0.998;1;0.998;0.998;0.9772;0.9195;0.1012;2.229;2.2809;0.0137;-0.0018;0.24;0.0142;0.0504;0.0072;0;0;0.088;1.7861;0;0;0;0;0;0;0;0;0;0;0;0;0.0406;0.0122;1.9044;1.9044;0;54.875;54.875;38.154;0.0498;1966.4;968.5;1;0.0304;0.0304;0;0;0;0;0;0;1.8741;1.7861;0;16.067;18.606;15.069;17.449;98.405;98.405;18.798;16.06;15.062;2.7372;0.9982;0.1456;0.0531;0.8013;22.157;0.7701;0
21/08/21 11:00;42.358;-10.308;46.637;78.896;11.104;-90;-11.104;409.89;303.6;106.29;17.48;5.0199;0;108.32;265.29;36.485;0;0.6139;410.71;0;410.71;108.32;36.485;265.29;0.6139;0.2637;0.6474;0;0.0015;407.93;2.7872;0;0;2.2776;0.5096;394.98;12.13;1.1639;0.392;10.55;0.0234;407.11;0.8159;0.2166;0.073;0.526;0.0002;395.1;106.94;36.02;251.94;0.0807;242.16;202.44;61.624;0.1147;2.2934;32.989;0.1207;35.168;0;1;0;0;1.002;0.9932;1;1;0.9914;0.1698;0.9702;0.9892;1;0.9598;0.7755;0.998;0.998;1;0.998;0.998;0.9617;0.9497;0.1314;1.1689;1.1965;0.0072;0.0094;0.0507;0.0079;0.028;0.0059;0;0;0.088;0.9562;0;0;0;0;0;0;0;0;0;0;0;0;0.0226;0.0037;1.0611;1.0611;0;36.932;36.932;19.452;0.0492;1027.8;1032.4;1;0.0169;0.0169;0;0;0;0;0;0;1.0442;0.9562;0;17.072;19.769;15.385;17.816;98.411;98.411;9.8571;8.9484;8.0642;0.9087;0.8843;0.0922;0.0897;0.8181;159.48;0.7717;0
21/08/21 12:00;42.434;9.6067;46.694;79.655;10.345;90;10.345;543.39;242.1;301.3;18.76;4.75;0;306.28;159.98;82.144;0;0.7067;549.1;0;549.1;306.28;82.144;159.98;0.7067;0.5578;0.2926;0;0.0013;547.29;1.813;0;0;1.2249;0.588;535.54;10.655;3.3011;0.8854;6.4422;0.0267;546.2;1.0946;0.6126;0.1643;0.3175;0.0002;535.68;302.36;81.095;151.99;0.0917;318.71;266.44;83.463;0.053;2.8588;41.123;0.1352;43.928;0;1;0;0;1.0105;0.9967;1;1;0.9923;0.1679;0.9805;0.9892;1;0.9593;0.7748;0.998;0.998;1;0.998;0.998;0.9753;0.9501;0.1298;1.5627;1.615;0.0097;0.0037;0.1156;0.0104;0.0369;0.0072;0;0;0.088;1.286;0;0;0;0;0;0;0;0;0;0;0;0;0.0297;0.0064;1.3954;1.3954;0;45.275;45.275;26.515;0.0495;1388.8;1004.8;1;0.0214;0.0214;0;0;0;0;0;0;1.374;1.286;0;16.792;19.445;15.476;17.921;98.469;98.469;13.178;11.767;10.845;1.4111;0.9223;0.1071;0.07;0.8229;95.978;0.7793;0
21/08/21 13:00;38.434;28.202;43.656;59.226;30.774;90;30.774;637.61;118.4;519.21;19.07;4.35;0;604.3;41.344;86.037;0;7.1824;738.87;0;738.87;604.3;86.037;41.344;7.1824;0.8179;0.0657;0;0.0097;730.64;8.2294;0;0;1.9102;6.3192;721.53;7.6453;5.4418;0.7748;1.2798;0.149;729.17;1.4613;1.2086;0.1721;0.0789;0.0017;723.58;597.65;85.09;38.076;0.7125;337.28;281.97;89.726;0.6855;2.9753;42.798;2.0536;45.088;0;1;0;0;1.1588;0.9889;1;1;0.9538;0.1202;0.9895;0.991;1;0.9675;0.8271;0.998;0.998;1;0.998;0.998;0.9765;0.9209;0.0992;2.1028;2.156;0.013;-0.0013;0.2285;0.0134;0.0476;0.0072;0;0;0.088;1.6819;0;0;0;0;0;0;0;0;0;0;0;0;0.0383;0.011;1.7982;1.7982;0;55.047;55.047;35.977;0.0499;1858.4;967.64;1;0.0283;0.0283;0;0;0;0;0;0;1.7699;1.6819;0;16.082;18.623;15.042;17.418;98.424;98.424;17.733;15.165;14.184;2.568;0.9811;0.1448;0.0553;0.7999;27.398;0.7666;0
21/08/21 14:00;31.2;43.793;38.13;41.189;48.811;90;48.811;506;127.8;378.21;19.45;3.7599;0;574.31;48.141;105.91;0;13.822;742.18;0;742.18;574.31;105.91;48.141;13.822;0.7738;0.0835;0;0.0186;724.79;17.38;0;0;4.4862;12.894;717.93;5.4128;3.319;0.6121;1.4386;0.0431;723.35;1.4496;1.1486;0.2118;0.0873;0.0019;721.32;569.84;105.08;42.129;0.883;206;172.22;54.15;3.8974;2.0857;30.002;3.3895;28.191;0;1;0;0;1.4667;0.9766;1;1;0.9068;0.0671;0.9925;0.9942;1;0.967;0.9534;0.998;0.998;1;0.998;0.998;0.9673;0.8751;0.0639;2.1122;2.1239;0.0128;-0.0011;0.2268;0.0132;0.0468;0.0051;0;0;0.088;1.6561;0;0;0;0;0;0;0;0;0;0;0;0;0.0377;0.0107;1.7719;1.7719;0;55.254;55.254;35.805;0.0499;1831.8;967.33;1;0.0278;0.0278;0;0;0;0;0;0;1.7441;1.6561;0;15.776;18.269;14.745;17.074;98.429;98.429;17.812;14.943;13.966;2.8693;0.9769;0.1611;0.0548;0.7841;37.145;0.761;0
21/08/21 15:00;21.778;56.392;31.208;25.628;60;90;60;215.9;182;33.899;19.02;2.21;0;78.147;127.18;28.655;0;8.6359;242.61;0;242.61;78.147;28.655;127.18;8.6359;0.3221;0.5598;0;0.0356;218.55;24.067;0;0;15.988;8.0789;213.96;4.1499;0.1359;0.0498;3.9263;0.0379;218.11;0.4371;0.1563;0.0573;0.2224;0.0011;217.03;77.855;28.548;107.04;0.5179;113.22;94.654;34.101;21.263;2.1072;30.311;3.0694;11.155;0;1;0;0;1.1237;0.9008;1;1;0.8743;0.0645;0.981;0.9983;1;0.9646;0.9318;0.998;0.998;1;0.998;0.998;0.8819;0.8417;0.06;0.6905;0.6816;0.0041;0.016;0.0111;0.0046;0.0161;0.0055;0;0;0.088;0.5113;0;0;0;0;0;0;0;0;0;0;0;0;0.013;0.0014;0.6099;0.6099;0;29.537;29.537;10.517;0.0492;582.01;1047.9;1;0.0106;0.0106;0;0;0;0;0;0;0.5993;0.5113;0;16.611;19.235;13.926;16.126;98.269;98.269;5.8227;5.1431;4.312;0.6796;0.8312;0.1167;0.1427;0.7405;110.71;0.6772;0
21/08/21 16:00;10.988;66.777;62.466;11.93;18.16;90;18.16;134.01;105.4;28.607;18.5;1.9101;0;69.381;91.245;28.678;0;0.534;189.84;0;189.84;69.381;28.678;91.245;0.534;0.3655;0.4835;0;0.0028;187.59;2.2451;0;0;1.7989;0.4462;179.35;7.8657;3.2993;1.3638;3.183;0.0195;187.22;0.3752;0.1388;0.0574;0.1789;0.0002;179.44;65.943;27.257;86.084;0.0681;56.42;47.167;14.352;0.2321;0.5481;7.8838;0.093;8.1998;0;1;0;0;1.4166;0.9882;1;1;0.9803;0.1644;0.958;0.9524;1;0.9643;0.7769;0.998;0.998;1;0.998;0.998;0.9448;0.9434;0.1275;0.5403;0.5292;0.0032;0.0171;0.0044;0.0035;0.0125;0.0014;0;0;0.088;0.379;0;0;0;0;0;0;0;0;0;0;0;0;0.0101;0.0009;0.4761;0.4761;0;27.312;27.312;8.8126;0.0491;452.94;1051;1;0.009;0.009;0;0;0;0;0;0;0.467;0.379;0;16.571;19.189;13.194;15.278;98.107;98.107;4.5561;4.0146;3.1965;0.5415;0.8181;0.1188;0.1796;0.7016;56.222;0.6804;0
21/08/21 17:00;2.7256;73.337;83.377;2.8449;4.0687;90;4.0687;0;0;0;14.98;1.57;0;0;0;0;0;0;0;0;0;0;0;0;0;1;1;1;1;0;0;0;0;0;0;0;0;0;0;0;0;0;0;0;0;0;0;0;0;0;0;0;0;0;0;0;0;0;0;0;0;0;0;0;1;1;1;1;1;1;1;1;1;1;1;1;1;1;1;1;1;1;1;0;0;0;0;0;0;0;0;0;0.0004;0.088;-0.0884;0;0;0;0;0;0;0;0;0;0;0;0;0;0;0;0;0;0;0;-14.98;0;0;0;0;0.0004;0;0;0;0;0;0;0;-0.0004;-0.0884;0;0;0;0;0;0;0;0;0;-0.7452;0;0.7452;1;1;0;0;0;0
21/08/21 18:00;0;0;90;0;0;90;0;0;0;0;9.7501;1.1801;0;0;0;0;0;0;0;0;0;0;0;0;0;1;1;1;1;0;0;0;0;0;0;0;0;0;0;0;0;0;0;0;0;0;0;0;0;0;0;0;0;0;0;0;0;0;0;0;0;0;0;0;1;1;1;1;1;1;1;1;1;1;1;1;1;1;1;1;1;1;1;0;0;0;0;0;0;0;0;0;0.0004;0.088;-0.0884;0;0;0;0;0;0;0;0;0;0;0;0;0;0;0;0;0;0;0;-9.7501;0;0;0;0;0.0004;0;0;0;0;0;0;0;-0.0004;-0.0884;0;0;0;0;0;0;0;0;0;-0.7452;0;0.7452;1;1;0;0;0;0
21/08/21 19:00;0;0;90;0;0;90;0;0;0;0;8.0802;0.7999;0;0;0;0;0;0;0;0;0;0;0;0;0;1;1;1;1;0;0;0;0;0;0;0;0;0;0;0;0;0;0;0;0;0;0;0;0;0;0;0;0;0;0;0;0;0;0;0;0;0;0;0;1;1;1;1;1;1;1;1;1;1;1;1;1;1;1;1;1;1;1;0;0;0;0;0;0;0;0;0;0.0004;0.088;-0.0884;0;0;0;0;0;0;0;0;0;0;0;0;0;0;0;0;0;0;0;-8.0802;0;0;0;0;0.0004;0;0;0;0;0;0;0;-0.0004;-0.0884;0;0;0;0;0;0;0;0;0;-0.7452;0;0.7452;1;1;0;0;0;0
21/08/21 20:00;0;0;90;0;0;90;0;0;0;0;7.7099;0.4601;0;0;0;0;0;0;0;0;0;0;0;0;0;1;1;1;1;0;0;0;0;0;0;0;0;0;0;0;0;0;0;0;0;0;0;0;0;0;0;0;0;0;0;0;0;0;0;0;0;0;0;0;1;1;1;1;1;1;1;1;1;1;1;1;1;1;1;1;1;1;1;0;0;0;0;0;0;0;0;0;0.0004;0.088;-0.0884;0;0;0;0;0;0;0;0;0;0;0;0;0;0;0;0;0;0;0;-7.7099;0;0;0;0;0.0004;0;0;0;0;0;0;0;-0.0004;-0.0884;0;0;0;0;0;0;0;0;0;-0.7452;0;0.7452;1;1;0;0;0;0
21/08/21 21:00;0;0;90;0;0;90;0;0;0;0;7.1202;0.5;0;0;0;0;0;0;0;0;0;0;0;0;0;1;1;1;1;0;0;0;0;0;0;0;0;0;0;0;0;0;0;0;0;0;0;0;0;0;0;0;0;0;0;0;0;0;0;0;0;0;0;0;1;1;1;1;1;1;1;1;1;1;1;1;1;1;1;1;1;1;1;0;0;0;0;0;0;0;0;0;0.0004;0.088;-0.0884;0;0;0;0;0;0;0;0;0;0;0;0;0;0;0;0;0;0;0;-7.1202;0;0;0;0;0.0004;0;0;0;0;0;0;0;-0.0004;-0.0884;0;0;0;0;0;0;0;0;0;-0.7452;0;0.7452;1;1;0;0;0;0
21/08/21 22:00;0;0;90;0;0;90;0;0;0;0;6.52;1.0301;0;0;0;0;0;0;0;0;0;0;0;0;0;1;1;1;1;0;0;0;0;0;0;0;0;0;0;0;0;0;0;0;0;0;0;0;0;0;0;0;0;0;0;0;0;0;0;0;0;0;0;0;1;1;1;1;1;1;1;1;1;1;1;1;1;1;1;1;1;1;1;0;0;0;0;0;0;0;0;0;0.0004;0.088;-0.0884;0;0;0;0;0;0;0;0;0;0;0;0;0;0;0;0;0;0;0;-6.52;0;0;0;0;0.0004;0;0;0;0;0;0;0;-0.0004;-0.0884;0;0;0;0;0;0;0;0;0;-0.7452;0;0.7452;1;1;0;0;0;0
21/08/21 23:00;0;0;90;0;0;90;0;0;0;0;5.0202;1.5801;0;0;0;0;0;0;0;0;0;0;0;0;0;1;1;1;1;0;0;0;0;0;0;0;0;0;0;0;0;0;0;0;0;0;0;0;0;0;0;0;0;0;0;0;0;0;0;0;0;0;0;0;1;1;1;1;1;1;1;1;1;1;1;1;1;1;1;1;1;1;1;0;0;0;0;0;0;0;0;0;0.0004;0.088;-0.0884;0;0;0;0;0;0;0;0;0;0;0;0;0;0;0;0;0;0;0;-5.0202;0;0;0;0;0.0004;0;0;0;0;0;0;0;-0.0004;-0.0884;0;0;0;0;0;0;0;0;0;-0.7452;0;0.7452;1;1;0;0;0;0
22/08/21 00:00;0;0;90;0;0;90;0;0;0;0;4.5203;2.1;0;0;0;0;0;0;0;0;0;0;0;0;0;1;1;1;1;0;0;0;0;0;0;0;0;0;0;0;0;0;0;0;0;0;0;0;0;0;0;0;0;0;0;0;0;0;0;0;0;0;0;0;1;1;1;1;1;1;1;1;1;1;1;1;1;1;1;1;1;1;1;0;0;0;0;0;0;0;0;0;0.0004;0.088;-0.0884;0;0;0;0;0;0;0;0;0;0;0;0;0;0;0;0;0;0;0;-4.5203;0;0;0;0;0.0004;0;0;0;0;0;0;0;-0.0004;-0.0884;0;0;0;0;0;0;0;0;0;-0.7452;0;0.7452;1;1;0;0;0;0
22/08/21 01:00;0;0;90;0;0;90;0;0;0;0;4.5403;2.49;0;0;0;0;0;0;0;0;0;0;0;0;0;1;1;1;1;0;0;0;0;0;0;0;0;0;0;0;0;0;0;0;0;0;0;0;0;0;0;0;0;0;0;0;0;0;0;0;0;0;0;0;1;1;1;1;1;1;1;1;1;1;1;1;1;1;1;1;1;1;1;0;0;0;0;0;0;0;0;0;0.0004;0.088;-0.0884;0;0;0;0;0;0;0;0;0;0;0;0;0;0;0;0;0;0;0;-4.5403;0;0;0;0;0.0004;0;0;0;0;0;0;0;-0.0004;-0.0884;0;0;0;0;0;0;0;0;0;-0.7452;0;0.7452;1;1;0;0;0;0
22/08/21 02:00;0;0;90;0;0;90;0;0;0;0;4.1201;2.8799;0;0;0;0;0;0;0;0;0;0;0;0;0;1;1;1;1;0;0;0;0;0;0;0;0;0;0;0;0;0;0;0;0;0;0;0;0;0;0;0;0;0;0;0;0;0;0;0;0;0;0;0;1;1;1;1;1;1;1;1;1;1;1;1;1;1;1;1;1;1;1;0;0;0;0;0;0;0;0;0;0.0004;0.088;-0.0884;0;0;0;0;0;0;0;0;0;0;0;0;0;0;0;0;0;0;0;-4.1201;0;0;0;0;0.0004;0;0;0;0;0;0;0;-0.0004;-0.0884;0;0;0;0;0;0;0;0;0;-0.7452;0;0.7452;1;1;0;0;0;0
22/08/21 03:00;0;0;90;0;0;90;0;0;0;0;3.6701;3.21;0;0;0;0;0;0;0;0;0;0;0;0;0;1;1;1;1;0;0;0;0;0;0;0;0;0;0;0;0;0;0;0;0;0;0;0;0;0;0;0;0;0;0;0;0;0;0;0;0;0;0;0;1;1;1;1;1;1;1;1;1;1;1;1;1;1;1;1;1;1;1;0;0;0;0;0;0;0;0;0;0.0004;0.088;-0.0884;0;0;0;0;0;0;0;0;0;0;0;0;0;0;0;0;0;0;0;-3.6701;0;0;0;0;0.0004;0;0;0;0;0;0;0;-0.0004;-0.0884;0;0;0;0;0;0;0;0;0;-0.7452;0;0.7452;1;1;0;0;0;0
22/08/21 04:00;0;0;90;0;0;90;0;0;0;0;2.8697;3.4101;0;0;0;0;0;0;0;0;0;0;0;0;0;1;1;1;1;0;0;0;0;0;0;0;0;0;0;0;0;0;0;0;0;0;0;0;0;0;0;0;0;0;0;0;0;0;0;0;0;0;0;0;1;1;1;1;1;1;1;1;1;1;1;1;1;1;1;1;1;1;1;0;0;0;0;0;0;0;0;0;0.0004;0.088;-0.0884;0;0;0;0;0;0;0;0;0;0;0;0;0;0;0;0;0;0;0;-2.8697;0;0;0;0;0.0004;0;0;0;0;0;0;0;-0.0004;-0.0884;0;0;0;0;0;0;0;0;0;-0.7452;0;0.7452;1;1;0;0;0;0
22/08/21 05:00;0;0;90;0;0;90;0;0;0;0;2.3997;3.64;0;0;0;0;0;0;0;0;0;0;0;0;0;1;1;1;1;0;0;0;0;0;0;0;0;0;0;0;0;0;0;0;0;0;0;0;0;0;0;0;0;0;0;0;0;0;0;0;0;0;0;0;1;1;1;1;1;1;1;1;1;1;1;1;1;1;1;1;1;1;1;0;0;0;0;0;0;0;0;0;0.0004;0.088;-0.0884;0;0;0;0;0;0;0;0;0;0;0;0;0;0;0;0;0;0;0;-2.3997;0;0;0;0;0.0004;0;0;0;0;0;0;0;-0.0004;-0.0884;0;0;0;0;0;0;0;0;0;-0.7452;0;0.7452;1;1;0;0;0;0
22/08/21 06:00;2.5534;-73.885;83.797;2.6577;3.7993;-90;-3.7993;4.0046;3.9977;0.0069;2.4502;4.4799;0;0.0168;3.9928;0.0011;0;0.0007;4.0114;4.0114;0;0.0168;0;0;0;1;1;1;1;0;0;0;0;0;0;0;0;0;0;0;0;0;0;0;0;0;0;0;0;0;0;0;0;0;0;0;0;0;0;0;0;0;0;0;0;1;1;1;1;1;1;1;1;1;1;1;0;1;0;0;1;0;0;0;0;0;0;0;0;0;0;0;0.0004;0.088;-0.0884;0;0;0;0;0;0;0;0;0;0;0;0;0;0;0;0;0;0;0;-2.4502;0;0;0;0;0.0004;0;0;0;0;0;0;0;-0.0004;-0.0884;0;0;0;0;0;0;0;0;0;-0.7452;0;0.7452;1;1;0;0;0;0
22/08/21 07:00;10.845;-67.344;62.851;11.727;17.807;-90;-17.807;144.69;29.003;115.69;4.1002;4.75;0;280.58;15.302;32.316;0;0.5546;328.75;0;328.75;280.58;32.316;15.302;0.5546;0.8535;0.0482;0;0.0017;328;0.7526;0;0;0.291;0.4616;311.31;16.037;13.88;1.5986;0.5376;0.0206;327.35;0.656;0.5612;0.0646;0.03;0.0002;311.32;266.14;30.653;14.444;0.0722;10.047;8.3992;2.6408;0.0365;0.0917;1.3197;0.0148;1.375;0;1;0;0;2.2721;0.9977;1;1;0.981;0.1677;0.951;0.9504;1;0.9641;0.7779;0.998;0.998;1;0.998;0.998;0.9469;0.9439;0.1302;0.9356;0.8934;0.0054;0.0136;-0.0182;0.0062;0.0222;0.0003;0;0;0.088;0.7414;0;0;0;0;0;0;0;0;0;0;0;0;0.0178;0.0022;0.8439;0.8439;0;19.23;19.23;15.13;0.0486;765.65;1102.2;1;0.0145;0.0145;0;0;0;0;0;0;0.8294;0.7414;0;16.962;19.642;14.902;17.256;98.282;98.282;7.8901;7.1165;6.2521;0.7736;0.8644;0.098;0.1096;0.7924;9.4148;0.79;0
22/08/21 08:00;21.694;-57.003;30.716;25.376;60;-90;-60;335.8;61.597;274.2;8.5402;4.7899;0;637.74;20.592;79.403;0;13.432;751.17;0;751.17;637.74;79.403;20.592;13.432;0.849;0.0453;0;0.0179;736.08;15.082;0;0;2.5799;12.502;732.88;1.7375;0.9259;0.1153;0.636;0.0602;734.61;1.4722;1.2755;0.1588;0.036;0.0019;733.89;635.54;79.129;17.34;0.8676;32.03;26.777;9.3678;3.446;0.4472;6.4335;1.0156;3.4347;0;1;0;0;2.2369;0.9799;1;1;0.8747;0.0692;0.9976;0.9985;1;0.9646;0.9351;0.998;0.998;1;0.998;0.998;0.9756;0.8421;0.0646;2.1378;2.1126;0.0127;-0.001;0.1463;0.0137;0.0485;0.0011;0;0;0.088;1.7236;0;0;0;0;0;0;0;0;0;0;0;0;0.0391;0.0106;1.8416;1.8416;0;44.775;44.775;36.234;0.0494;1819.7;1012;1;0.03;0.03;0;0;0;0;0;0;1.8116;1.7236;0;16.201;18.76;15.163;17.558;98.37;98.37;18.028;15.531;14.535;2.4973;0.9953;0.1385;0.0552;0.8063;17.932;0.8011;0
22/08/21 09:00;31.202;-44.464;37.622;40.849;49.151;-90;-49.151;501.39;87.2;414.19;13.46;5.61;0;633.25;29.037;79.64;0;13.876;755.81;0;755.81;633.25;79.64;29.037;13.876;0.8379;0.0568;0;0.0184;740.2;15.606;0;0;2.7242;12.882;733.9;4.8214;3.4721;0.4367;0.8684;0.0442;738.72;1.4804;1.2665;0.1593;0.0526;0.002;737.19;628.52;79.045;25.392;0.9474;196.26;164.08;51.079;2.4094;1.9356;27.843;3.286;27.369;0;1;0;0;1.5074;0.9794;1;1;0.9062;0.0716;0.9935;0.9945;1;0.9669;0.9555;0.998;0.998;1;0.998;0.998;0.971;0.8745;0.0683;2.151;2.1649;0.013;-0.0013;0.1894;0.0137;0.0488;0.0048;0;0;0.088;1.7285;0;0;0;0;0;0;0;0;0;0;0;0;0.0393;0.0111;1.8461;1.8461;0;49.898;49.898;36.438;0.0496;1865.7;989.51;1;0.0297;0.0297;0;0;0;0;0;0;1.8165;1.7285;0;16.141;18.691;15.112;17.499;98.393;98.393;18.139;15.569;14.576;2.5706;0.9923;0.1417;0.0547;0.8036;22.482;0.782;0
22/08/21 10:00;38.556;-28.918;43.195;58.755;31.245;-90;-31.245;508.7;193.8;314.9;17.7;6.2199;0;368.33;111.89;85.568;0;5.9026;571.69;0;571.69;368.33;85.568;111.89;5.9026;0.6443;0.206;0;0.0103;561.23;10.459;0;0;5.2792;5.1802;552.56;7.5422;3.2176;0.7475;3.4567;0.1204;560.11;1.1225;0.7367;0.1711;0.2132;0.0014;554.3;364.37;84.649;102.94;0.6006;276.22;230.92;73.492;1.9516;2.5263;36.339;1.7366;36.914;0;1;0;0;1.1238;0.9817;1;1;0.9528;0.1224;0.9865;0.9912;1;0.9675;0.8331;0.998;0.998;1;0.998;0.998;0.9665;0.92;0.1017;1.627;1.6587;0.01;0.0031;0.1173;0.0107;0.0379;0.0064;0;0;0.088;1.3258;0;0;0;0;0;0;0;0;0;0;0;0;0.0306;0.0067;1.436;1.436;0;45.049;45.049;27.349;0.0495;1426.7;1006.5;1;0.0222;0.0222;0;0;0;0;0;0;1.4138;1.3258;0;16.598;19.22;15.325;17.746;98.457;98.457;13.721;12.11;11.181;1.6107;0.929;0.1174;0.0677;0.8149;74.393;0.7779;0
22/08/21 11:00;42.699;-10.298;46.31;79.036;10.964;-90;-10.964;713.09;117.4;595.69;18.95;6.5;0;606.77;39.98;78.485;0;1.0414;726.27;0;726.27;606.77;78.485;39.98;1.0414;0.8355;0.0565;0;0.0014;725.07;1.2006;0;0;0.336;0.8645;714.76;8.8654;6.4037;0.8283;1.5937;0.0396;723.62;1.4501;1.2135;0.157;0.0793;0.0004;714.97;599.15;77.499;37.971;0.1368;415.61;347.45;108.49;0.0167;3.747;53.9;0.2158;57.63;0;1;0;0;1.0185;0.9983;1;1;0.9916;0.1698;0.9877;0.9894;1;0.9597;0.7755;0.998;0.998;1;0.998;0.998;0.9841;0.9497;0.1314;2.0669;2.1536;0.013;-0.0013;0.2246;0.0134;0.0476;0.0091;0;0;0.088;1.6815;0;0;0;0;0;0;0;0;0;0;0;0;0.0383;0.011;1.7978;1.7978;0;54.576;54.576;35.627;0.0498;1855.2;969.06;1;0.0284;0.0284;0;0;0;0;0;0;1.7695;1.6815;0;16.357;18.941;15.299;17.715;98.423;98.423;17.431;15.161;14.18;2.2694;0.9813;0.1302;0.0563;0.8135;24.025;0.7707;0
22/08/21 12:00;42.758;9.7494;46.354;79.622;10.378;90;10.378;732.8;120.9;611.9;20.52;6.56;0;622.08;39.16;82.771;0;0.9591;744.97;0;744.97;622.08;82.771;39.16;0.9591;0.835;0.0539;0;0.0013;743.87;1.0995;0;0;0.3014;0.798;733.31;9.0694;6.5814;0.8757;1.5761;0.0362;742.38;1.4877;1.2442;0.1655;0.0777;0.0003;733.5;614.25;81.729;37.204;0.1245;427.61;357.48;113.7;0.0133;3.7204;53.516;0.1875;57.223;0;1;0;0;1.0166;0.9985;1;1;0.9923;0.1679;0.9878;0.9894;1;0.9594;0.7748;0.998;0.998;1;0.998;0.998;0.9844;0.9501;0.1298;2.1201;2.2058;0.0133;-0.0015;0.2503;0.0136;0.0483;0.009;0;0;0.088;1.7059;0;0;0;0;0;0;0;0;0;0;0;0;0.0389;0.0115;1.8225;1.8225;0;57.147;57.147;36.627;0.0499;1901;958.71;1;0.0286;0.0286;0;0;0;0;0;0;1.7939;1.7059;0;16.166;18.72;15.131;17.522;98.429;98.429;17.879;15.37;14.386;2.5097;0.9835;0.1404;0.055;0.8046;23.496;0.7636;0
22/08/21 13:00;38.72;28.441;43.318;59.288;30.712;90;30.712;540.89;203.2;337.7;21.2;6.33;0;392.79;112.73;95.336;0;6.0689;606.92;0;606.92;392.79;95.336;112.73;6.0689;0.6472;0.1957;0;0.01;596.39;10.53;0;0;5.1917;5.3379;587.28;7.9163;3.4596;0.8397;3.4905;0.1265;595.2;1.1928;0.7856;0.1907;0.2151;0.0015;589.06;388.54;94.305;103.83;0.6031;294.05;245.83;78.161;1.8528;2.6797;38.547;1.7729;39.374;0;1;0;0;1.1221;0.9827;1;1;0.9539;0.1205;0.9867;0.9912;1;0.9675;0.8266;0.998;0.998;1;0.998;0.998;0.9676;0.9211;0.0994;1.7272;1.7625;0.0106;0.0019;0.1582;0.0111;0.0395;0.0066;0;0;0.088;1.3843;0;0;0;0;0;0;0;0;0;0;0;0;0.0318;0.0075;1.4952;1.4952;0;50.389;50.389;29.189;0.0497;1515.7;986.46;1;0.0229;0.0229;0;0;0;0;0;0;1.4723;1.3843;0;16.279;18.851;15.072;17.453;98.466;98.466;14.566;12.609;11.674;1.9568;0.9356;0.1343;0.0642;0.8014;74.671;0.7651;0
22/08/21 14:00;31.44;44.077;37.802;41.311;48.689;90;48.689;504.89;132.8;372.09;21.4;5.28;0;563.65;51.479;107.22;0;13.727;736.08;0;736.08;563.65;107.22;51.479;13.727;0.7657;0.0886;0;0.0186;718.5;17.584;0;0;4.7798;12.804;711.73;5.3304;3.1498;0.5992;1.5381;0.0432;717.06;1.437;1.1273;0.2144;0.0934;0.0018;715.12;559.37;106.41;45.067;0.8784;207.29;173.29;54.598;4.1314;2.1051;30.281;3.3877;28.255;0;1;0;0;1.4579;0.9761;1;1;0.9071;0.0673;0.9926;0.9944;1;0.967;0.9531;0.998;0.998;1;0.998;0.998;0.9669;0.8755;0.064;2.0948;2.1067;0.0127;-0.001;0.2378;0.013;0.0461;0.0051;0;0;0.088;1.6301;0;0;0;0;0;0;0;0;0;0;0;0;0.0371;0.0105;1.7453;1.7453;0;56.945;56.945;35.545;0.0499;1817.3;960.36;1;0.0272;0.0272;0;0;0;0;0;0;1.7181;1.6301;0;15.668;18.143;14.634;16.945;98.441;98.441;17.666;14.718;13.747;2.9478;0.9715;0.1669;0.055;0.7781;39.673;0.7549;0
22/08/21 15:00;21.978;56.689;30.877;25.777;60;90;60;370.4;104.8;265.59;21.33;3.9099;0;609.08;36.924;127.44;0;14.816;788.26;0;788.26;609.08;127.44;36.924;14.816;0.7727;0.0656;0;0.0188;769.75;18.502;0;0;4.642;13.86;765.87;2.3437;0.9417;0.197;1.14;0.065;768.21;1.5395;1.2182;0.2549;0.0646;0.0019;767.29;606.92;126.98;31.078;0.8886;51.113;42.731;15.479;6.1767;0.7233;10.405;1.4142;4.9515;0;1;0;0;2.1281;0.9765;1;1;0.8743;0.0645;0.9969;0.9985;1;0.9646;0.9318;0.998;0.998;1;0.998;0.998;0.9716;0.8417;0.06;2.2433;2.2161;0.0133;-0.0016;0.2716;0.0135;0.048;0.0017;0;0;0.088;1.7028;0;0;0;0;0;0;0;0;0;0;0;0;0.0386;0.0116;1.8192;1.8192;0;59.66;59.66;38.329;0.05;1914.1;950.45;1;0.0284;0.0284;0;0;0;0;0;0;1.7908;1.7028;0;15.251;17.66;14.275;16.53;98.439;98.439;18.918;15.342;14.36;3.5764;0.9817;0.189;0.0519;0.7591;32.145;0.7516;0
22/08/21 16:00;11.158;67.079;62.009;12.088;18.435;90;18.435;136;106.8;29.203;19.87;4.33;0;70.826;92.324;29.204;0;0.5583;192.91;0;192.91;70.826;29.204;92.324;0.5583;0.3671;0.4815;0;0.0029;190.58;2.3333;0;0;1.8667;0.4667;182.43;7.7659;3.216;1.3261;3.2035;0.0204;190.2;0.3812;0.1417;0.0584;0.1809;0.0002;182.53;67.468;27.82;87.073;0.0711;57.157;47.783;14.471;0.2476;0.5604;8.0616;0.0986;8.3745;0;1;0;0;1.4185;0.9879;1;1;0.9798;0.1641;0.9592;0.9545;1;0.9645;0.7771;0.998;0.998;1;0.998;0.998;0.9457;0.9431;0.1273;0.549;0.5384;0.0032;0.017;0.0075;0.0036;0.0127;0.0015;0;0;0.088;0.3848;0;0;0;0;0;0;0;0;0;0;0;0;0.0102;0.0009;0.4818;0.4818;0;28.844;28.844;8.9742;0.0492;460.85;1045.5;1;0.009;0.009;0;0;0;0;0;0;0.4728;0.3848;0;16.504;19.111;13.18;15.263;98.129;98.129;4.6299;4.0631;3.245;0.5668;0.8181;0.1224;0.1767;0.7009;56.955;0.6796;0
22/08/21 17:00;2.6836;73.788;83.48;2.7946;3.9963;90;3.9963;0;0;0;16.93;5.9701;0;0;0;0;0;0;0;0;0;0;0;0;0;1;1;1;1;0;0;0;0;0;0;0;0;0;0;0;0;0;0;0;0;0;0;0;0;0;0;0;0;0;0;0;0;0;0;0;0;0;0;0;1;1;1;1;1;1;1;1;1;1;1;1;1;1;1;1;1;1;1;0;0;0;0;0;0;0;0;0;0.0004;0.088;-0.0884;0;0;0;0;0;0;0;0;0;0;0;0;0;0;0;0;0;0;0;-16.93;0;0;0;0;0.0004;0;0;0;0;0;0;0;-0.0004;-0.0884;0;0;0;0;0;0;0;0;0;-0.7452;0;0.7452;1;1;0;0;0;0
22/08/21 18:00;0;0;90;0;0;90;0;0;0;0;15.7;6.96;0;0;0;0;0;0;0;0;0;0;0;0;0;1;1;1;1;0;0;0;0;0;0;0;0;0;0;0;0;0;0;0;0;0;0;0;0;0;0;0;0;0;0;0;0;0;0;0;0;0;0;0;1;1;1;1;1;1;1;1;1;1;1;1;1;1;1;1;1;1;1;0;0;0;0;0;0;0;0;0;0.0004;0.088;-0.0884;0;0;0;0;0;0;0;0;0;0;0;0;0;0;0;0;0;0;0;-15.7;0;0;0;0;0.0004;0;0;0;0;0;0;0;-0.0004;-0.0884;0;0;0;0;0;0;0;0;0;-0.7452;0;0.7452;1;1;0;0;0;0
22/08/21 19:00;0;0;90;0;0;90;0;0;0;0;13.34;6.5399;0;0;0;0;0;0;0;0;0;0;0;0;0;1;1;1;1;0;0;0;0;0;0;0;0;0;0;0;0;0;0;0;0;0;0;0;0;0;0;0;0;0;0;0;0;0;0;0;0;0;0;0;1;1;1;1;1;1;1;1;1;1;1;1;1;1;1;1;1;1;1;0;0;0;0;0;0;0;0;0;0.0004;0.088;-0.0884;0;0;0;0;0;0;0;0;0;0;0;0;0;0;0;0;0;0;0;-13.34;0;0;0;0;0.0004;0;0;0;0;0;0;0;-0.0004;-0.0884;0;0;0;0;0;0;0;0;0;-0.7452;0;0.7452;1;1;0;0;0;0
22/08/21 20:00;0;0;90;0;0;90;0;0;0;0;13.1;5.0001;0;0;0;0;0;0;0;0;0;0;0;0;0;1;1;1;1;0;0;0;0;0;0;0;0;0;0;0;0;0;0;0;0;0;0;0;0;0;0;0;0;0;0;0;0;0;0;0;0;0;0;0;1;1;1;1;1;1;1;1;1;1;1;1;1;1;1;1;1;1;1;0;0;0;0;0;0;0;0;0;0.0004;0.088;-0.0884;0;0;0;0;0;0;0;0;0;0;0;0;0;0;0;0;0;0;0;-13.1;0;0;0;0;0.0004;0;0;0;0;0;0;0;-0.0004;-0.0884;0;0;0;0;0;0;0;0;0;-0.7452;0;0.7452;1;1;0;0;0;0
22/08/21 21:00;0;0;90;0;0;90;0;0;0;0;12.3;4.42;0;0;0;0;0;0;0;0;0;0;0;0;0;1;1;1;1;0;0;0;0;0;0;0;0;0;0;0;0;0;0;0;0;0;0;0;0;0;0;0;0;0;0;0;0;0;0;0;0;0;0;0;1;1;1;1;1;1;1;1;1;1;1;1;1;1;1;1;1;1;1;0;0;0;0;0;0;0;0;0;0.0004;0.088;-0.0884;0;0;0;0;0;0;0;0;0;0;0;0;0;0;0;0;0;0;0;-12.3;0;0;0;0;0.0004;0;0;0;0;0;0;0;-0.0004;-0.0884;0;0;0;0;0;0;0;0;0;-0.7452;0;0.7452;1;1;0;0;0;0
22/08/21 22:00;0;0;90;0;0;90;0;0;0;0;11.4;4.9301;0;0;0;0;0;0;0;0;0;0;0;0;0;1;1;1;1;0;0;0;0;0;0;0;0;0;0;0;0;0;0;0;0;0;0;0;0;0;0;0;0;0;0;0;0;0;0;0;0;0;0;0;1;1;1;1;1;1;1;1;1;1;1;1;1;1;1;1;1;1;1;0;0;0;0;0;0;0;0;0;0.0004;0.088;-0.0884;0;0;0;0;0;0;0;0;0;0;0;0;0;0;0;0;0;0;0;-11.4;0;0;0;0;0.0004;0;0;0;0;0;0;0;-0.0004;-0.0884;0;0;0;0;0;0;0;0;0;-0.7452;0;0.7452;1;1;0;0;0;0
22/08/21 23:00;0;0;90;0;0;90;0;0;0;0;11.53;5.5601;0;0;0;0;0;0;0;0;0;0;0;0;0;1;1;1;1;0;0;0;0;0;0;0;0;0;0;0;0;0;0;0;0;0;0;0;0;0;0;0;0;0;0;0;0;0;0;0;0;0;0;0;1;1;1;1;1;1;1;1;1;1;1;1;1;1;1;1;1;1;1;0;0;0;0;0;0;0;0;0;0.0004;0.088;-0.0884;0;0;0;0;0;0;0;0;0;0;0;0;0;0;0;0;0;0;0;-11.53;0;0;0;0;0.0004;0;0;0;0;0;0;0;-0.0004;-0.0884;0;0;0;0;0;0;0;0;0;-0.7452;0;0.7452;1;1;0;0;0;0
23/08/21 00:00;0;0;90;0;0;90;0;0;0;0;10.93;5.79;0;0;0;0;0;0;0;0;0;0;0;0;0;1;1;1;1;0;0;0;0;0;0;0;0;0;0;0;0;0;0;0;0;0;0;0;0;0;0;0;0;0;0;0;0;0;0;0;0;0;0;0;1;1;1;1;1;1;1;1;1;1;1;1;1;1;1;1;1;1;1;0;0;0;0;0;0;0;0;0;0.0004;0.088;-0.0884;0;0;0;0;0;0;0;0;0;0;0;0;0;0;0;0;0;0;0;-10.93;0;0;0;0;0.0004;0;0;0;0;0;0;0;-0.0004;-0.0884;0;0;0;0;0;0;0;0;0;-0.7452;0;0.7452;1;1;0;0;0;0
23/08/21 01:00;0;0;90;0;0;90;0;0;0;0;11.38;5.8199;0;0;0;0;0;0;0;0;0;0;0;0;0;1;1;1;1;0;0;0;0;0;0;0;0;0;0;0;0;0;0;0;0;0;0;0;0;0;0;0;0;0;0;0;0;0;0;0;0;0;0;0;1;1;1;1;1;1;1;1;1;1;1;1;1;1;1;1;1;1;1;0;0;0;0;0;0;0;0;0;0.0004;0.088;-0.0884;0;0;0;0;0;0;0;0;0;0;0;0;0;0;0;0;0;0;0;-11.38;0;0;0;0;0.0004;0;0;0;0;0;0;0;-0.0004;-0.0884;0;0;0;0;0;0;0;0;0;-0.7452;0;0.7452;1;1;0;0;0;0
23/08/21 02:00;0;0;90;0;0;90;0;0;0;0;11.63;4.65;0;0;0;0;0;0;0;0;0;0;0;0;0;1;1;1;1;0;0;0;0;0;0;0;0;0;0;0;0;0;0;0;0;0;0;0;0;0;0;0;0;0;0;0;0;0;0;0;0;0;0;0;1;1;1;1;1;1;1;1;1;1;1;1;1;1;1;1;1;1;1;0;0;0;0;0;0;0;0;0;0.0004;0.088;-0.0884;0;0;0;0;0;0;0;0;0;0;0;0;0;0;0;0;0;0;0;-11.63;0;0;0;0;0.0004;0;0;0;0;0;0;0;-0.0004;-0.0884;0;0;0;0;0;0;0;0;0;-0.7452;0;0.7452;1;1;0;0;0;0
23/08/21 03:00;0;0;90;0;0;90;0;0;0;0;11.3;3.4201;0;0;0;0;0;0;0;0;0;0;0;0;0;1;1;1;1;0;0;0;0;0;0;0;0;0;0;0;0;0;0;0;0;0;0;0;0;0;0;0;0;0;0;0;0;0;0;0;0;0;0;0;1;1;1;1;1;1;1;1;1;1;1;1;1;1;1;1;1;1;1;0;0;0;0;0;0;0;0;0;0.0004;0.088;-0.0884;0;0;0;0;0;0;0;0;0;0;0;0;0;0;0;0;0;0;0;-11.3;0;0;0;0;0.0004;0;0;0;0;0;0;0;-0.0004;-0.0884;0;0;0;0;0;0;0;0;0;-0.7452;0;0.7452;1;1;0;0;0;0
23/08/21 04:00;0;0;90;0;0;90;0;0;0;0;11.28;2.7099;0;0;0;0;0;0;0;0;0;0;0;0;0;1;1;1;1;0;0;0;0;0;0;0;0;0;0;0;0;0;0;0;0;0;0;0;0;0;0;0;0;0;0;0;0;0;0;0;0;0;0;0;1;1;1;1;1;1;1;1;1;1;1;1;1;1;1;1;1;1;1;0;0;0;0;0;0;0;0;0;0.0004;0.088;-0.0884;0;0;0;0;0;0;0;0;0;0;0;0;0;0;0;0;0;0;0;-11.28;0;0;0;0;0.0004;0;0;0;0;0;0;0;-0.0004;-0.0884;0;0;0;0;0;0;0;0;0;-0.7452;0;0.7452;1;1;0;0;0;0
23/08/21 05:00;0;0;90;0;0;90;0;0;0;0;9.6802;2.3899;0;0;0;0;0;0;0;0;0;0;0;0;0;1;1;1;1;0;0;0;0;0;0;0;0;0;0;0;0;0;0;0;0;0;0;0;0;0;0;0;0;0;0;0;0;0;0;0;0;0;0;0;1;1;1;1;1;1;1;1;1;1;1;1;1;1;1;1;1;1;1;0;0;0;0;0;0;0;0;0;0.0004;0.088;-0.0884;0;0;0;0;0;0;0;0;0;0;0;0;0;0;0;0;0;0;0;-9.6802;0;0;0;0;0.0004;0;0;0;0;0;0;0;-0.0004;-0.0884;0;0;0;0;0;0;0;0;0;-0.7452;0;0.7452;1;1;0;0;0;0
23/08/21 06:00;2.8045;-74.121;83.185;2.9155;4.1705;-90;-4.1705;0.293;0.293;0;10.83;3.0399;0;0;0.2926;0;0;0.0001;0.2927;0.2927;0;0;0;0;0;1;1;1;1;0;0;0;0;0;0;0;0;0;0;0;0;0;0;0;0;0;0;0;0;0;0;0;0;0;0;0;0;0;0;0;0;0;0;0;0;1;1;1;1;1;1;1;1;1;1;1;1;1;0;0;1;0;0;0;0;0;0;0;0;0;0;0;0.0004;0.088;-0.0884;0;0;0;0;0;0;0;0;0;0;0;0;0;0;0;0;0;0;0;-10.83;0;0;0;0;0.0004;0;0;0;0;0;0;0;-0.0004;-0.0884;0;0;0;0;0;0;0;0;0;-0.7452;0;0.7452;1;1;0;0;0;0
23/08/21 07:00;11.107;-67.57;62.146;11.991;18.266;-90;-18.266;65.402;60.998;4.4036;12.26;4.0799;0;10.68;58.446;2.5255;0;0.2636;71.916;0;71.916;10.68;2.5255;58.446;0.2636;0.1485;0.8164;0;0.0037;70.536;1.3795;0;0;1.1599;0.2195;67.742;2.6528;0.4917;0.1163;2.0351;0.0098;70.395;0.1411;0.0214;0.0051;0.1146;0.0001;67.803;10.167;2.4042;55.137;0.0343;36.056;30.143;9.1592;0.1517;0.3513;5.053;0.0604;5.2525;0;1;0;0;1.0996;0.9808;1;1;0.9802;0.1673;0.9623;0.9539;1;0.9644;0.7782;0.998;0.998;1;0.998;0.998;0.942;0.9434;0.13;0.2047;0.2041;0.0012;0.0149;-0.007;0.0014;0.0048;0.0009;0;0;0.088;0.0895;0;0;0;0;0;0;0;0;0;0;0;0;0.0039;0.0002;0.1838;0.1838;0;15.588;15.588;3.3279;0.0491;173.12;1061.8;1;0.0064;0.0064;0;0;0;0;0;0;0.1775;0.0895;0;16.891;19.559;8.2198;9.5183;96.537;96.537;1.726;1.5502;0.7544;0.1758;0.7958;0.1018;0.4611;0.4371;36.029;0.4152;0
23/08/21 08:00;21.978;-57.212;30.428;25.644;60;-90;-60;197.3;154.9;42.402;14.16;4.1499;0;97.695;106.34;30.198;0;7.892;242.13;0;242.13;97.695;30.198;106.34;7.892;0.4035;0.4718;0;0.0326;221.46;20.669;0;0;13.323;7.3457;217.53;3.4842;0.1254;0.0388;3.2846;0.0354;221.02;0.4429;0.1954;0.0604;0.186;0.0011;220.13;97.374;30.099;89.549;0.5098;95.641;79.956;28.8;17.78;1.7685;25.44;2.5964;9.4276;0;1;0;0;1.2272;0.9146;1;1;0.8747;0.0692;0.9842;0.9987;1;0.9646;0.9351;0.998;0.998;1;0.998;0.998;0.8984;0.8421;0.0646;0.6891;0.6808;0.0041;0.016;-0.0005;0.0046;0.0164;0.0047;0;0;0.088;0.5219;0;0;0;0;0;0;0;0;0;0;0;0;0.0132;0.0014;0.6208;0.6208;0;24.809;24.809;10.649;0.049;581.53;1067.5;1;0.0109;0.0109;0;0;0;0;0;0;0.6099;0.5219;0;16.942;19.619;14.243;16.493;98.242;98.242;5.8111;5.2352;4.401;0.5759;0.8342;0.0991;0.1435;0.7574;92.606;0.7021;0
23/08/21 09:00;31.513;-44.639;37.345;41.107;48.893;-90;-48.893;189.9;181.8;8.0983;14.63;4.5399;0;12.317;148.92;3.1995;0;5.2036;169.64;0;169.64;12.317;3.1995;148.92;5.2036;0.0726;0.9085;0;0.0307;150.94;18.695;0;0;13.865;4.8296;146.09;4.5522;0.0655;0.017;4.4528;0.0169;150.64;0.3019;0.0246;0.0064;0.2701;0.0007;148.15;12.227;3.1761;130.33;0.3564;118.84;99.353;33.892;12.117;1.6723;24.055;2.0554;13.61;0;1;0;0;0.8933;0.8898;1;1;0.9069;0.0719;0.9698;0.9947;1;0.967;0.9548;0.998;0.998;1;0.998;0.998;0.8612;0.8752;0.0685;0.4828;0.472;0.0028;0.0172;-0.0055;0.0032;0.0114;0.0044;0;0;0.088;0.3319;0;0;0;0;0;0;0;0;0;0;0;0;0.0091;0.0007;0.4286;0.4286;0;21.788;21.788;7.1581;0.049;402.19;1065.5;1;0.0087;0.0087;0;0;0;0;0;0;0.4199;0.3319;0;16.693;19.331;12.929;14.971;97.981;97.981;4.0713;3.614;2.799;0.4573;0.8151;0.1123;0.2002;0.6875;115.01;0.6215;0
23/08/21 10:00;38.891;-29.023;42.891;58.975;31.025;-90;-31.025;414.8;267.2;147.6;15.54;4.4601;0;172.24;204.53;54.744;0;4.7472;436.26;0;436.26;172.24;54.744;204.53;4.7472;0.3948;0.4797;0;0.0109;422.55;13.704;0;0;9.5427;4.1618;413.34;8.3666;1.474;0.4685;6.3257;0.0984;421.71;0.8451;0.3445;0.1095;0.39;0.0012;414.79;170.42;54.166;188.27;0.4858;237.15;198.26;63.006;3.4799;2.2922;32.973;1.4523;31.785;0;1;0;0;1.0517;0.9686;1;1;0.9533;0.1233;0.9802;0.9914;1;0.9675;0.8316;0.998;0.998;1;0.998;0.998;0.9475;0.9205;0.1023;1.2416;1.2528;0.0075;0.0086;0.0482;0.0083;0.0295;0.0059;0;0;0.088;1.0111;0;0;0;0;0;0;0;0;0;0;0;0;0.0238;0.004;1.1169;1.1169;0;35.873;35.873;20.333;0.0492;1076.2;1037.8;1;0.0178;0.0178;0;0;0;0;0;0;1.0991;1.0111;0;16.918;19.59;15.316;17.735;98.409;98.409;10.47;9.419;8.5271;1.0512;0.892;0.1004;0.0852;0.8144;135.78;0.7708;0
23/08/21 11:00;43.043;-10.285;45.98;79.177;10.823;-90;-10.823;336.41;295.8;40.607;15.18;5.1099;0;41.342;280.14;13.381;0;0.4787;335.34;0;335.34;41.342;13.381;280.14;0.4787;0.1233;0.8368;0;0.0014;332.64;2.7015;0;0;2.304;0.3975;320.2;11.779;0.4284;0.1386;11.194;0.0182;331.98;0.6653;0.0827;0.0268;0.5557;0.0002;320.29;40.831;13.215;266.09;0.0629;199.57;166.84;50.53;0.11;1.9078;27.443;0.0903;29.241;0;1;0;0;0.9968;0.9919;1;1;0.9918;0.1698;0.9645;0.9896;1;0.9596;0.7755;0.998;0.998;1;0.998;0.998;0.9548;0.9498;0.1314;0.9544;0.9713;0.0059;0.0126;0.0204;0.0065;0.0232;0.005;0;0;0.088;0.7743;0;0;0;0;0;0;0;0;0;0;0;0;0.0186;0.0025;0.8767;0.8767;0;30.89;30.89;15.71;0.0491;832.39;1053.2;1;0.0144;0.0144;0;0;0;0;0;0;0.8623;0.7743;0;17.275;20.004;15.258;17.668;98.36;98.36;8.0482;7.3933;6.5299;0.655;0.8634;0.0814;0.1073;0.8113;168.28;0.7645;0
23/08/21 12:00;43.085;9.8973;46.011;79.587;10.413;90;10.413;251.29;242.4;8.8963;14.34;6.6999;0;9.0453;238.06;2.3972;0;0.3311;249.84;0;249.84;9.0453;2.3972;238.06;0.3311;0.0362;0.9542;0;0.0013;247.72;2.1185;0;0;1.8429;0.2755;237.51;9.7072;0.0939;0.0249;9.5759;0.0125;247.22;0.4954;0.0181;0.0048;0.4724;0.0001;237.58;8.9333;2.3675;226.17;0.043;149.41;124.91;37.537;0.0807;1.4471;20.816;0.0603;22.182;0;1;0;0;0.9942;0.9915;1;1;0.9923;0.1679;0.9607;0.9896;1;0.9594;0.7748;0.998;0.998;1;0.998;0.998;0.9507;0.95;0.1298;0.711;0.7214;0.0043;0.0156;0.0025;0.0049;0.0174;0.0038;0;0;0.088;0.558;0;0;0;0;0;0;0;0;0;0;0;0;0.014;0.0015;0.6574;0.6574;0;25.971;25.971;11.631;0.049;616.86;1065.7;1;0.0114;0.0114;0;0;0;0;0;0;0.646;0.558;0;17.387;20.134;14.758;17.089;98.264;98.264;5.9961;5.5438;4.7055;0.4522;0.8383;0.0754;0.1398;0.7848;142.85;0.7387;0
23/08/21 13:00;39.006;28.686;42.977;59.348;30.652;90;30.652;145.4;143.2;2.1927;12.4;7.6401;0;2.5488;132.85;0.4331;0;1.6252;137.46;0;137.46;2.5488;0.4331;132.85;1.6252;0.0185;0.9783;0;0.0118;129.93;7.5285;0;0;6.0995;1.429;125.5;4.1745;0.0219;0.0037;4.1149;0.034;129.67;0.2599;0.0051;0.0009;0.2535;0.0004;126.01;2.5217;0.4285;122.38;0.1618;89.304;74.658;23.836;2.1674;0.9117;13.115;0.5169;11.859;0;1;0;0;0.9454;0.9452;1;1;0.9541;0.1207;0.9678;0.9914;1;0.9675;0.8263;0.998;0.998;1;0.998;0.998;0.913;0.9212;0.0995;0.3912;0.3868;0.0023;0.0172;-0.009;0.0026;0.0093;0.0024;0;0;0.088;0.258;0;0;0;0;0;0;0;0;0;0;0;0;0.0075;0.0005;0.3539;0.3539;0;18.541;18.541;6.141;0.0489;329.68;1073.5;1;0.0079;0.0079;0;0;0;0;0;0;0.346;0.258;0;17.012;19.7;12.4;14.359;97.757;97.757;3.299;2.9844;2.1754;0.3146;0.8091;0.0954;0.2452;0.6594;87.962;0.6154;0
23/08/21 14:00;31.68;44.366;37.471;41.431;48.569;90;48.569;15.901;15.898;0.0031;9.79;7.6499;0;0.0047;13.209;0.0001;0;0.4303;13.644;0;13.644;0.0047;0.0001;13.209;0.4303;0.0003;0.9996;0;0.0315;12.021;1.6234;0;0;1.2221;0.4013;11.601;0.396;0;0;0.3946;0.0014;11.997;0.024;0;0;0.024;0.0001;11.774;0.0047;0.0001;11.568;0.0276;10.169;8.5014;2.9056;1.0503;0.1436;2.0657;0.1735;1.159;0;1;0;0;0.8581;0.881;1;1;0.9075;0.0674;0.967;0.9946;1;0.967;0.9527;0.998;0.998;1;0.998;0.998;0.8502;0.8758;0.0641;0.0388;0.0378;0.0002;0.0068;-0.0019;0.0002;0.0008;0.0003;0;0;0.088;-0.06;0;0;0;0;0;0;0;0;0;0;0;0;0.0007;0;0.0307;0.0307;0;10.373;10.373;0.5831;0.0503;30.473;1006.9;1;0.0027;0.0027;0;0;0;0;0;0;0.028;-0.06;0;14.861;17.208;-29.07;-33.663;91.172;91.172;0.3275;0.2588;-0.5062;0.0687;0.765;0.2098;2.336;0;10.168;0;0
23/08/21 15:00;22.178;56.991;30.542;25.925;60;90;60;33.209;33;0.2085;8.8998;6.73;0;0.4757;24.74;0.0311;0;1.3284;26.575;0;26.575;0.4757;0.0311;24.74;1.3284;0.0179;0.9809;0;0.05;22.222;4.353;0;0;3.1103;1.2427;21.407;0.7703;0.0006;0;0.7638;0.0058;22.178;0.0444;0.001;0.0001;0.0433;0.0002;21.989;0.4741;0.031;20.823;0.0797;21.552;18.018;6.4947;4.1364;0.4067;5.8495;0.5818;2.1198;0;1;0;0;0.8002;0.8362;1;1;0.8743;0.0645;0.9653;0.9986;1;0.9646;0.9318;0.998;0.998;1;0.998;0.998;0.8055;0.8417;0.06;0.0756;0.0746;0.0004;0.0096;-0.0041;0.0005;0.0017;0.001;0;0;0.088;-0.0277;0;0;0;0;0;0;0;0;0;0;0;0;0.0014;0.0001;0.064;0.064;0;9.9631;9.9631;1.0632;0.0497;61.685;1037.4;1;0.0037;0.0037;0;0;0;0;0;0;0.0603;-0.0277;0;15.912;18.426;-6.8817;-7.9689;94.265;94.265;0.6378;0.5397;-0.2334;0.0981;0.7731;0.1539;1.2121;0;21.538;0;0
23/08/21 16:00;11.328;67.384;61.55;12.244;18.71;90;18.71;9.904;9.7982;0.1058;8.5003;5.2401;0;0.2567;9.5355;0.0096;0;0.0419;9.8436;0;9.8436;0.2567;0.0096;9.5355;0.0419;0.0261;0.973;0;0.0043;9.6109;0.2327;0;0;0.1976;0.035;9.2495;0.3422;0.0111;0.0004;0.3291;0.0015;9.5917;0.0192;0.0005;0;0.0187;0;9.26;0.245;0.0091;8.99;0.0053;5.8901;4.9241;1.4972;0.0269;0.0575;0.8266;0.0105;0.8571;0;1;0;0;0.9939;0.9764;1;1;0.9793;0.1638;0.9643;0.9565;1;0.9647;0.7773;0.998;0.998;1;0.998;0.998;0.9397;0.9428;0.1271;0.028;0.0281;0.0002;0.0058;-0.0015;0.0002;0.0006;0.0001;0;0;0.088;-0.0682;0;0;0;0;0;0;0;0;0;0;0;0;0.0005;0;0.0223;0.0223;0;8.9671;8.9671;0.4669;0.0505;22.284;1001.4;1;0.0025;0.0025;0;0;0;0;0;0;0.0198;-0.0682;0;14.98;17.347;-45.768;-52.998;88.825;88.825;0.2362;0.1882;-0.575;0.0481;0.7631;0.2034;3.2303;0;5.8895;0;0
23/08/21 17:00;2.8376;74.096;83.104;2.9503;4.2206;90;4.2206;0;0;0;8.0901;4.3801;0;0;0;0;0;0;0;0;0;0;0;0;0;1;1;1;1;0;0;0;0;0;0;0;0;0;0;0;0;0;0;0;0;0;0;0;0;0;0;0;0;0;0;0;0;0;0;0;0;0;0;0;1;1;1;1;1;1;1;1;1;1;1;1;1;1;1;1;1;1;1;0;0;0;0;0;0;0;0;0;0.0004;0.088;-0.0884;0;0;0;0;0;0;0;0;0;0;0;0;0;0;0;0;0;0;0;-8.0901;0;0;0;0;0.0004;0;0;0;0;0;0;0;-0.0004;-0.0884;0;0;0;0;0;0;0;0;0;-0.7452;0;0.7452;1;1;0;0;0;0
23/08/21 18:00;0;0;90;0;0;90;0;0;0;0;8.0502;3.7301;0;0;0;0;0;0;0;0;0;0;0;0;0;1;1;1;1;0;0;0;0;0;0;0;0;0;0;0;0;0;0;0;0;0;0;0;0;0;0;0;0;0;0;0;0;0;0;0;0;0;0;0;1;1;1;1;1;1;1;1;1;1;1;1;1;1;1;1;1;1;1;0;0;0;0;0;0;0;0;0;0.0004;0.088;-0.0884;0;0;0;0;0;0;0;0;0;0;0;0;0;0;0;0;0;0;0;-8.0502;0;0;0;0;0.0004;0;0;0;0;0;0;0;-0.0004;-0.0884;0;0;0;0;0;0;0;0;0;-0.7452;0;0.7452;1;1;0;0;0;0
23/08/21 19:00;0;0;90;0;0;90;0;0;0;0;8.0403;3.14;0;0;0;0;0;0;0;0;0;0;0;0;0;1;1;1;1;0;0;0;0;0;0;0;0;0;0;0;0;0;0;0;0;0;0;0;0;0;0;0;0;0;0;0;0;0;0;0;0;0;0;0;1;1;1;1;1;1;1;1;1;1;1;1;1;1;1;1;1;1;1;0;0;0;0;0;0;0;0;0;0.0004;0.088;-0.0884;0;0;0;0;0;0;0;0;0;0;0;0;0;0;0;0;0;0;0;-8.0403;0;0;0;0;0.0004;0;0;0;0;0;0;0;-0.0004;-0.0884;0;0;0;0;0;0;0;0;0;-0.7452;0;0.7452;1;1;0;0;0;0
23/08/21 20:00;0;0;90;0;0;90;0;0;0;0;8.0901;2.65;0;0;0;0;0;0;0;0;0;0;0;0;0;1;1;1;1;0;0;0;0;0;0;0;0;0;0;0;0;0;0;0;0;0;0;0;0;0;0;0;0;0;0;0;0;0;0;0;0;0;0;0;1;1;1;1;1;1;1;1;1;1;1;1;1;1;1;1;1;1;1;0;0;0;0;0;0;0;0;0;0.0004;0.088;-0.0884;0;0;0;0;0;0;0;0;0;0;0;0;0;0;0;0;0;0;0;-8.0901;0;0;0;0;0.0004;0;0;0;0;0;0;0;-0.0004;-0.0884;0;0;0;0;0;0;0;0;0;-0.7452;0;0.7452;1;1;0;0;0;0
23/08/21 21:00;0;0;90;0;0;90;0;0;0;0;7.9997;2.52;0;0;0;0;0;0;0;0;0;0;0;0;0;1;1;1;1;0;0;0;0;0;0;0;0;0;0;0;0;0;0;0;0;0;0;0;0;0;0;0;0;0;0;0;0;0;0;0;0;0;0;0;1;1;1;1;1;1;1;1;1;1;1;1;1;1;1;1;1;1;1;0;0;0;0;0;0;0;0;0;0.0004;0.088;-0.0884;0;0;0;0;0;0;0;0;0;0;0;0;0;0;0;0;0;0;0;-7.9997;0;0;0;0;0.0004;0;0;0;0;0;0;0;-0.0004;-0.0884;0;0;0;0;0;0;0;0;0;-0.7452;0;0.7452;1;1;0;0;0;0
23/08/21 22:00;0;0;90;0;0;90;0;0;0;0;7.6401;2.7899;0;0;0;0;0;0;0;0;0;0;0;0;0;1;1;1;1;0;0;0;0;0;0;0;0;0;0;0;0;0;0;0;0;0;0;0;0;0;0;0;0;0;0;0;0;0;0;0;0;0;0;0;1;1;1;1;1;1;1;1;1;1;1;1;1;1;1;1;1;1;1;0;0;0;0;0;0;0;0;0;0.0004;0.088;-0.0884;0;0;0;0;0;0;0;0;0;0;0;0;0;0;0;0;0;0;0;-7.6401;0;0;0;0;0.0004;0;0;0;0;0;0;0;-0.0004;-0.0884;0;0;0;0;0;0;0;0;0;-0.7452;0;0.7452;1;1;0;0;0;0
23/08/21 23:00;0;0;90;0;0;90;0;0;0;0;7.6002;3.0101;0;0;0;0;0;0;0;0;0;0;0;0;0;1;1;1;1;0;0;0;0;0;0;0;0;0;0;0;0;0;0;0;0;0;0;0;0;0;0;0;0;0;0;0;0;0;0;0;0;0;0;0;1;1;1;1;1;1;1;1;1;1;1;1;1;1;1;1;1;1;1;0;0;0;0;0;0;0;0;0;0.0004;0.088;-0.0884;0;0;0;0;0;0;0;0;0;0;0;0;0;0;0;0;0;0;0;-7.6002;0;0;0;0;0.0004;0;0;0;0;0;0;0;-0.0004;-0.0884;0;0;0;0;0;0;0;0;0;-0.7452;0;0.7452;1;1;0;0;0;0
24/08/21 00:00;0;0;90;0;0;90;0;0;0;0;7.4998;3.2699;0;0;0;0;0;0;0;0;0;0;0;0;0;1;1;1;1;0;0;0;0;0;0;0;0;0;0;0;0;0;0;0;0;0;0;0;0;0;0;0;0;0;0;0;0;0;0;0;0;0;0;0;1;1;1;1;1;1;1;1;1;1;1;1;1;1;1;1;1;1;1;0;0;0;0;0;0;0;0;0;0.0004;0.088;-0.0884;0;0;0;0;0;0;0;0;0;0;0;0;0;0;0;0;0;0;0;-7.4998;0;0;0;0;0.0004;0;0;0;0;0;0;0;-0.0004;-0.0884;0;0;0;0;0;0;0;0;0;-0.7452;0;0.7452;1;1;0;0;0;0
24/08/21 01:00;0;0;90;0;0;90;0;0;0;0;7.4998;3.7499;0;0;0;0;0;0;0;0;0;0;0;0;0;1;1;1;1;0;0;0;0;0;0;0;0;0;0;0;0;0;0;0;0;0;0;0;0;0;0;0;0;0;0;0;0;0;0;0;0;0;0;0;1;1;1;1;1;1;1;1;1;1;1;1;1;1;1;1;1;1;1;0;0;0;0;0;0;0;0;0;0.0004;0.088;-0.0884;0;0;0;0;0;0;0;0;0;0;0;0;0;0;0;0;0;0;0;-7.4998;0;0;0;0;0.0004;0;0;0;0;0;0;0;-0.0004;-0.0884;0;0;0;0;0;0;0;0;0;-0.7452;0;0.7452;1;1;0;0;0;0
24/08/21 02:00;0;0;90;0;0;90;0;0;0;0;7.6002;4.01;0;0;0;0;0;0;0;0;0;0;0;0;0;1;1;1;1;0;0;0;0;0;0;0;0;0;0;0;0;0;0;0;0;0;0;0;0;0;0;0;0;0;0;0;0;0;0;0;0;0;0;0;1;1;1;1;1;1;1;1;1;1;1;1;1;1;1;1;1;1;1;0;0;0;0;0;0;0;0;0;0.0004;0.088;-0.0884;0;0;0;0;0;0;0;0;0;0;0;0;0;0;0;0;0;0;0;-7.6002;0;0;0;0;0.0004;0;0;0;0;0;0;0;-0.0004;-0.0884;0;0;0;0;0;0;0;0;0;-0.7452;0;0.7452;1;1;0;0;0;0
24/08/21 03:00;0;0;90;0;0;90;0;0;0;0;7.6002;4.12;0;0;0;0;0;0;0;0;0;0;0;0;0;1;1;1;1;0;0;0;0;0;0;0;0;0;0;0;0;0;0;0;0;0;0;0;0;0;0;0;0;0;0;0;0;0;0;0;0;0;0;0;1;1;1;1;1;1;1;1;1;1;1;1;1;1;1;1;1;1;1;0;0;0;0;0;0;0;0;0;0.0004;0.088;-0.0884;0;0;0;0;0;0;0;0;0;0;0;0;0;0;0;0;0;0;0;-7.6002;0;0;0;0;0.0004;0;0;0;0;0;0;0;-0.0004;-0.0884;0;0;0;0;0;0;0;0;0;-0.7452;0;0.7452;1;1;0;0;0;0
24/08/21 04:00;0;0;90;0;0;90;0;0;0;0;7.4998;4.41;0;0;0;0;0;0;0;0;0;0;0;0;0;1;1;1;1;0;0;0;0;0;0;0;0;0;0;0;0;0;0;0;0;0;0;0;0;0;0;0;0;0;0;0;0;0;0;0;0;0;0;0;1;1;1;1;1;1;1;1;1;1;1;1;1;1;1;1;1;1;1;0;0;0;0;0;0;0;0;0;0.0004;0.088;-0.0884;0;0;0;0;0;0;0;0;0;0;0;0;0;0;0;0;0;0;0;-7.4998;0;0;0;0;0.0004;0;0;0;0;0;0;0;-0.0004;-0.0884;0;0;0;0;0;0;0;0;0;-0.7452;0;0.7452;1;1;0;0;0;0
24/08/21 05:00;0;0;90;0;0;90;0;0;0;0;7.2997;4.8599;0;0;0;0;0;0;0;0;0;0;0;0;0;1;1;1;1;0;0;0;0;0;0;0;0;0;0;0;0;0;0;0;0;0;0;0;0;0;0;0;0;0;0;0;0;0;0;0;0;0;0;0;1;1;1;1;1;1;1;1;1;1;1;1;1;1;1;1;1;1;1;0;0;0;0;0;0;0;0;0;0.0004;0.088;-0.0884;0;0;0;0;0;0;0;0;0;0;0;0;0;0;0;0;0;0;0;-7.2997;0;0;0;0;0.0004;0;0;0;0;0;0;0;-0.0004;-0.0884;0;0;0;0;0;0;0;0;0;-0.7452;0;0.7452;1;1;0;0;0;0
24/08/21 06:00;2.862;-74.505;83.045;2.9698;4.2486;-90;-4.2486;0.1953;0.1953;0;7.2;5.4801;0;0;0.1951;0;0;0;0.1951;0.1951;0;0;0;0;0;1;1;1;1;0;0;0;0;0;0;0;0;0;0;0;0;0;0;0;0;0;0;0;0;0;0;0;0;0;0;0;0;0;0;0;0;0;0;0;0;1;1;1;1;1;1;1;1;1;1;1;1;1;0;0;1;0;0;0;0;0;0;0;0;0;0;0;0.0004;0.088;-0.0884;0;0;0;0;0;0;0;0;0;0;0;0;0;0;0;0;0;0;0;-7.2;0;0;0;0;0.0004;0;0;0;0;0;0;0;-0.0004;-0.0884;0;0;0;0;0;0;0;0;0;-0.7452;0;0.7452;1;1;0;0;0;0
24/08/21 07:00;11.373;-67.798;61.427;12.258;18.734;-90;-18.734;26.001;25.703;0.2972;7.22;5.8801;0;0.7208;24.994;0.0701;0;0.1102;25.895;0;25.895;0.7208;0.0701;24.994;0.1102;0.0278;0.9695;0;0.0043;25.286;0.6093;0;0;0.5175;0.0918;24.335;0.9004;0.0309;0.003;0.8624;0.0041;25.236;0.0506;0.0014;0.0001;0.049;0;24.363;0.6885;0.067;23.565;0.0143;15.441;12.909;3.9251;0.0709;0.1506;2.1669;0.0275;2.2467;0;1;0;0;0.996;0.9765;1;1;0.9793;0.1669;0.9643;0.9571;1;0.9647;0.7787;0.998;0.998;1;0.998;0.998;0.9397;0.9428;0.1297;0.0737;0.074;0.0004;0.0096;-0.0045;0.0005;0.0017;0.0004;0;0;0.088;-0.0273;0;0;0;0;0;0;0;0;0;0;0;0;0.0014;0.0001;0.0645;0.0645;0;8.4246;8.4246;1.2046;0.0495;61.46;1049.1;1;0.0037;0.0037;0;0;0;0;0;0;0.0607;-0.0273;0;16.453;19.052;-6.9562;-8.0551;94.206;94.206;0.6215;0.5437;-0.2299;0.0778;0.7736;0.1251;1.2448;0;15.439;0;0
24/08/21 08:00;22.266;-57.423;30.139;25.914;60;-90;-60;123.2;119.1;4.1014;7.6999;6.18;0;9.361;88.606;2.1966;0;4.9282;105.09;0;105.09;9.361;2.1966;88.606;4.9282;0.0891;0.89;0;0.0469;89.404;15.688;0;0;11.101;4.5871;86.453;2.7717;0.0104;0.0025;2.7368;0.0221;89.225;0.1788;0.0187;0.0044;0.155;0.0007;88.549;9.3319;2.1897;74.613;0.3183;77.482;64.775;23.334;14.814;1.4593;20.991;2.0962;7.6359;0;1;0;0;0.853;0.8507;1;1;0.8747;0.0692;0.9689;0.9989;1;0.9646;0.9351;0.998;0.998;1;0.998;0.998;0.8226;0.8421;0.0646;0.2991;0.2954;0.0018;0.0165;-0.014;0.002;0.0072;0.0039;0;0;0.088;0.1765;0;0;0;0;0;0;0;0;0;0;0;0;0.0058;0.0004;0.2718;0.2718;0;11.923;11.923;4.2227;0.0488;250.05;1086.9;1;0.0072;0.0072;0;0;0;0;0;0;0.2645;0.1765;0;17.089;19.789;11.1;12.854;97.335;97.335;2.5222;2.292;1.4888;0.2302;0.8032;0.0913;0.3184;0.5903;77.16;0.5135;0
24/08/21 09:00;31.826;-44.815;37.066;41.367;48.633;-90;-48.633;108.4;106.8;1.6007;7.9;6.73;0;2.422;88.488;0.3662;0;2.9408;94.216;0;94.216;2.422;0.3662;88.488;2.9408;0.0257;0.9704;0;0.0312;83.313;10.904;0;0;8.1751;2.7286;80.477;2.6693;0.0125;0.0019;2.6452;0.0097;83.146;0.1666;0.0048;0.0007;0.1606;0.0004;81.644;2.4047;0.3635;77.507;0.202;68.863;57.569;19.759;7.068;0.9642;13.869;1.1669;7.7653;0;1;0;0;0.8692;0.8843;1;1;0.9076;0.0722;0.9679;0.9948;1;0.967;0.9541;0.998;0.998;1;0.998;0.998;0.8542;0.8759;0.0687;0.2681;0.2614;0.0016;0.016;-0.0125;0.0018;0.0064;0.0026;0;0;0.088;0.1451;0;0;0;0;0;0;0;0;0;0;0;0;0.0051;0.0003;0.2401;0.2401;0;11.834;11.834;3.9335;0.0489;221.42;1084.6;1;0.007;0.007;0;0;0;0;0;0;0.2331;0.1451;0;16.843;19.504;10.18;11.788;97.087;97.087;2.2612;2.0252;1.2241;0.236;0.8011;0.1044;0.3543;0.5413;68.164;0.4876;0
24/08/21 10:00;39.229;-29.127;42.584;59.197;30.803;-90;-30.803;286.9;260.1;26.807;8.9098;7.4199;0;31.21;234.1;9.5817;0;3.2379;278.13;0;278.13;31.21;9.5817;234.1;3.2379;0.1122;0.8533;0;0.0116;264.5;13.634;0;0;10.799;2.8356;256.31;7.6583;0.2615;0.0803;7.2483;0.0682;263.97;0.529;0.0624;0.0192;0.4466;0.0008;257.34;30.886;9.4823;215.61;0.3333;173.46;145.01;45.996;3.885;1.7695;25.453;1.0344;23.338;0;1;0;0;0.9694;0.951;1;1;0.9539;0.1242;0.971;0.9916;1;0.9675;0.8301;0.998;0.998;1;0.998;0.998;0.9215;0.921;0.1029;0.7915;0.7873;0.0047;0.0149;-0.01;0.0054;0.0193;0.0048;0;0;0.088;0.6301;0;0;0;0;0;0;0;0;0;0;0;0;0.0156;0.0017;0.7308;0.7308;0;21.406;21.406;12.496;0.0488;672.75;1086.3;1;0.0127;0.0127;0;0;0;0;0;0;0.7181;0.6301;0;17.363;20.106;14.971;17.336;98.265;98.265;6.6752;6.1632;5.3141;0.512;0.849;0.0767;0.1272;0.7961;155.16;0.7451;0
24/08/21 11:00;43.391;-10.27;45.647;79.32;10.68;-90;-10.68;285.91;268.4;17.509;9.8298;8.02;0;17.818;261.01;5.1966;0;0.3962;284.42;0;284.42;17.818;5.1966;261.01;0.3962;0.0626;0.9191;0;0.0014;281.99;2.4283;0;0;2.0994;0.329;270.73;10.703;0.1811;0.0528;10.454;0.0151;281.43;0.564;0.0356;0.0104;0.5178;0.0001;270.8;17.601;5.1333;247.94;0.0521;169.9;142.04;42.792;0.0974;1.639;23.577;0.0736;25.119;0;1;0;0;0.9948;0.9915;1;1;0.992;0.1698;0.962;0.9898;1;0.9595;0.7755;0.998;0.998;1;0.998;0.998;0.9518;0.9499;0.1314;0.8094;0.822;0.005;0.0145;-0.0057;0.0057;0.0201;0.0044;0;0;0.088;0.659;0;0;0;0;0;0;0;0;0;0;0;0;0.0162;0.0019;0.7601;0.7601;0;23.042;23.042;13.212;0.0488;702.79;1081.5;1;0.013;0.013;0;0;0;0;0;0;0.747;0.659;0;17.659;20.449;15.312;17.731;98.284;98.284;6.8261;6.4099;5.5579;0.4162;0.8521;0.061;0.1248;0.8142;156.73;0.7666;0
24/08/21 12:00;43.414;10.05;45.664;79.549;10.451;90;10.451;341.89;301.9;39.996;10.05;8.41;0;40.671;286.39;13.336;0;0.4537;340.85;0;340.85;40.671;13.336;286.39;0.4537;0.1193;0.8416;0;0.0013;338.24;2.6079;0;0;2.2304;0.3775;325.49;12.079;0.4139;0.1357;11.513;0.0171;337.56;0.6765;0.0813;0.0267;0.5683;0.0002;325.57;40.175;13.174;272.08;0.0589;202.82;169.55;51.316;0.0984;1.9402;27.909;0.0835;29.751;0;1;0;0;0.9969;0.9923;1;1;0.9922;0.1679;0.9642;0.9898;1;0.9594;0.7748;0.998;0.998;1;0.998;0.998;0.9549;0.95;0.1298;0.97;0.9874;0.0059;0.0124;0.0033;0.0068;0.024;0.0052;0;0;0.088;0.8048;0;0;0;0;0;0;0;0;0;0;0;0;0.0193;0.0026;0.9079;0.9079;0;25.952;25.952;15.903;0.0489;844.7;1074.8;1;0.0151;0.0151;0;0;0;0;0;0;0.8928;0.8048;0;17.602;20.382;15.602;18.067;98.333;98.333;8.1804;7.6566;6.7869;0.5238;0.8697;0.064;0.1063;0.8297;171.86;0.7817;0
24/08/21 13:00;39.294;28.937;42.632;59.406;30.594;90;30.594;292;268.4;23.604;10.84;8.5901;0;27.421;242.77;8.6751;0;3.2519;282.12;0;282.12;27.421;8.6751;242.77;3.2519;0.0972;0.8721;0;0.0115;268.15;13.971;0;0;11.113;2.8586;259.72;7.8934;0.2305;0.0729;7.5216;0.0683;267.61;0.5363;0.0548;0.0174;0.4633;0.0008;260.75;27.136;8.5848;223.67;0.3242;176.93;147.92;46.877;3.935;1.8057;25.974;1.0379;23.845;0;1;0;0;0.9661;0.9505;1;1;0.9542;0.121;0.9705;0.9916;1;0.9675;0.8259;0.998;0.998;1;0.998;0.998;0.9206;0.9213;0.0997;0.8029;0.7981;0.0048;0.0148;-0.0042;0.0055;0.0194;0.0048;0;0;0.088;0.6348;0;0;0;0;0;0;0;0;0;0;0;0;0.0157;0.0018;0.7355;0.7355;0;23.524;23.524;12.683;0.0488;682.07;1078.3;1;0.0127;0.0127;0;0;0;0;0;0;0.7228;0.6348;0;17.227;19.948;14.869;17.218;98.279;98.279;6.7708;6.2023;5.3535;0.5685;0.8488;0.084;0.1254;0.7907;160.67;0.7397;0
24/08/21 14:00;31.921;44.661;37.137;41.549;48.451;90;48.451;190.5;185;5.5043;11.75;8.4;0;8.2989;152.65;2.1675;0;5.132;168.25;0;168.25;8.2989;2.1675;152.65;5.132;0.0493;0.9378;0;0.0305;149.39;18.859;0;0;14.074;4.7854;144.46;4.6312;0.0432;0.0113;4.5603;0.0165;149.09;0.2988;0.0166;0.0043;0.2772;0.0007;146.5;8.2391;2.1519;133.74;0.3294;120.02;100.34;34.193;12.036;1.678;24.138;2.036;13.78;0;1;0;0;0.8832;0.8879;1;1;0.9078;0.0675;0.9689;0.9948;1;0.967;0.9524;0.998;0.998;1;0.998;0.998;0.8586;0.8761;0.0642;0.4788;0.4675;0.0028;0.0172;-0.0104;0.0032;0.0114;0.0045;0;0;0.088;0.3321;0;0;0;0;0;0;0;0;0;0;0;0;0.0092;0.0007;0.4289;0.4289;0;18.811;18.811;7.0614;0.0489;398.12;1077.3;1;0.0088;0.0088;0;0;0;0;0;0;0.4201;0.3321;0;16.845;19.506;13.044;15.105;97.955;97.955;4.038;3.617;2.8009;0.4211;0.8161;0.1043;0.2021;0.6936;117.37;0.6264;0
24/08/21 15:00;22.379;57.299;30.204;26.072;60;90;60;162;154.6;7.4027;11.87;7.86;0;16.804;114.27;5.0935;0;6.48;142.64;0;142.64;16.804;5.0935;114.27;6.48;0.1178;0.8465;0;0.0454;122.22;20.427;0;0;14.365;6.0621;118.39;3.5814;0.0194;0.0059;3.5277;0.0284;121.97;0.2444;0.0336;0.0102;0.1998;0.0008;121.1;16.751;5.0775;96.173;0.3886;100.14;83.715;30.162;19.105;1.8829;27.085;2.7089;9.8632;0;1;0;0;0.8805;0.8568;1;1;0.8743;0.0645;0.9706;0.9988;1;0.9646;0.9318;0.998;0.998;1;0.998;0.998;0.83;0.8417;0.06;0.4059;0.4007;0.0024;0.0172;-0.0106;0.0027;0.0097;0.005;0;0;0.088;0.2698;0;0;0;0;0;0;0;0;0;0;0;0;0.0078;0.0006;0.3658;0.3658;0;17.662;17.662;5.7922;0.0489;340.4;1074.7;1;0.0081;0.0081;0;0;0;0;0;0;0.3578;0.2698;0;16.947;19.625;12.496;14.471;97.792;97.792;3.4234;3.0851;2.2749;0.3383;0.8102;0.0988;0.2367;0.6645;99.476;0.5818;0
24/08/21 16:00;11.498;67.694;61.09;12.4;18.986;90;18.986;62.999;61.903;1.0958;11.3;7.1601;0;2.6577;59.972;0.6161;0;0.2742;63.52;0;63.52;2.6577;0.6161;59.972;0.2742;0.0418;0.9485;0;0.0043;62.017;1.5032;0;0;1.2739;0.2293;59.689;2.2045;0.1102;0.0256;2.0588;0.01;61.893;0.124;0.0053;0.0012;0.1174;0.0001;59.757;2.5422;0.5893;56.522;0.0348;37.094;31.01;9.4353;0.1783;0.362;5.2075;0.0683;5.3912;0;1;0;0;1.0083;0.9763;1;1;0.9788;0.1635;0.9644;0.9584;1;0.9649;0.7776;0.998;0.998;1;0.998;0.998;0.9397;0.9425;0.1269;0.1808;0.1814;0.0011;0.0143;-0.0072;0.0012;0.0043;0.0009;0;0;0.088;0.0689;0;0;0;0;0;0;0;0;0;0;0;0;0.0035;0.0002;0.1631;0.1631;0;14.233;14.233;2.9332;0.0491;153.54;1062.3;1;0.0062;0.0062;0;0;0;0;0;0;0.1569;0.0689;0;16.968;19.648;7.166;8.2981;96.185;96.185;1.5245;1.3755;0.5809;0.149;0.7946;0.0977;0.5212;0.3811;37.087;0.359;0
24/08/21 17:00;2.9914;74.408;82.729;3.1055;4.4444;90;4.4444;3.3013;3.2993;0.002;11.1;6.7699;0;0.0049;3.2943;0.0002;0;0.0008;3.3002;3.3002;0;0.0049;0;0;0;1;1;1;1;0;0;0;0;0;0;0;0;0;0;0;0;0;0;0;0;0;0;0;0;0;0;0;0;0;0;0;0;0;0;0;0;0;0;0;0;1;1;1;1;1;1;1;1;1;1;1;0;1;0;0;1;0;0;0;0;0;0;0;0;0;0;0;0.0004;0.088;-0.0884;0;0;0;0;0;0;0;0;0;0;0;0;0;0;0;0;0;0;0;-11.1;0;0;0;0;0.0004;0;0;0;0;0;0;0;-0.0004;-0.0884;0;0;0;0;0;0;0;0;0;-0.7452;0;0.7452;1;1;0;0;0;0
24/08/21 18:00;0;0;90;0;0;90;0;0;0;0;9.78;6.3701;0;0;0;0;0;0;0;0;0;0;0;0;0;1;1;1;1;0;0;0;0;0;0;0;0;0;0;0;0;0;0;0;0;0;0;0;0;0;0;0;0;0;0;0;0;0;0;0;0;0;0;0;1;1;1;1;1;1;1;1;1;1;1;1;1;1;1;1;1;1;1;0;0;0;0;0;0;0;0;0;0.0004;0.088;-0.0884;0;0;0;0;0;0;0;0;0;0;0;0;0;0;0;0;0;0;0;-9.78;0;0;0;0;0.0004;0;0;0;0;0;0;0;-0.0004;-0.0884;0;0;0;0;0;0;0;0;0;-0.7452;0;0.7452;1;1;0;0;0;0
24/08/21 19:00;0;0;90;0;0;90;0;0;0;0;8.1799;6.17;0;0;0;0;0;0;0;0;0;0;0;0;0;1;1;1;1;0;0;0;0;0;0;0;0;0;0;0;0;0;0;0;0;0;0;0;0;0;0;0;0;0;0;0;0;0;0;0;0;0;0;0;1;1;1;1;1;1;1;1;1;1;1;1;1;1;1;1;1;1;1;0;0;0;0;0;0;0;0;0;0.0004;0.088;-0.0884;0;0;0;0;0;0;0;0;0;0;0;0;0;0;0;0;0;0;0;-8.1799;0;0;0;0;0.0004;0;0;0;0;0;0;0;-0.0004;-0.0884;0;0;0;0;0;0;0;0;0;-0.7452;0;0.7452;1;1;0;0;0;0
24/08/21 20:00;0;0;90;0;0;90;0;0;0;0;7.6999;6.1;0;0;0;0;0;0;0;0;0;0;0;0;0;1;1;1;1;0;0;0;0;0;0;0;0;0;0;0;0;0;0;0;0;0;0;0;0;0;0;0;0;0;0;0;0;0;0;0;0;0;0;0;1;1;1;1;1;1;1;1;1;1;1;1;1;1;1;1;1;1;1;0;0;0;0;0;0;0;0;0;0.0004;0.088;-0.0884;0;0;0;0;0;0;0;0;0;0;0;0;0;0;0;0;0;0;0;-7.6999;0;0;0;0;0.0004;0;0;0;0;0;0;0;-0.0004;-0.0884;0;0;0;0;0;0;0;0;0;-0.7452;0;0.7452;1;1;0;0;0;0
24/08/21 21:00;0;0;90;0;0;90;0;0;0;0;6.73;6.2199;0;0;0;0;0;0;0;0;0;0;0;0;0;1;1;1;1;0;0;0;0;0;0;0;0;0;0;0;0;0;0;0;0;0;0;0;0;0;0;0;0;0;0;0;0;0;0;0;0;0;0;0;1;1;1;1;1;1;1;1;1;1;1;1;1;1;1;1;1;1;1;0;0;0;0;0;0;0;0;0;0.0004;0.088;-0.0884;0;0;0;0;0;0;0;0;0;0;0;0;0;0;0;0;0;0;0;-6.73;0;0;0;0;0.0004;0;0;0;0;0;0;0;-0.0004;-0.0884;0;0;0;0;0;0;0;0;0;-0.7452;0;0.7452;1;1;0;0;0;0
24/08/21 22:00;0;0;90;0;0;90;0;0;0;0;5.5301;6.18;0;0;0;0;0;0;0;0;0;0;0;0;0;1;1;1;1;0;0;0;0;0;0;0;0;0;0;0;0;0;0;0;0;0;0;0;0;0;0;0;0;0;0;0;0;0;0;0;0;0;0;0;1;1;1;1;1;1;1;1;1;1;1;1;1;1;1;1;1;1;1;0;0;0;0;0;0;0;0;0;0.0004;0.088;-0.0884;0;0;0;0;0;0;0;0;0;0;0;0;0;0;0;0;0;0;0;-5.5301;0;0;0;0;0.0004;0;0;0;0;0;0;0;-0.0004;-0.0884;0;0;0;0;0;0;0;0;0;-0.7452;0;0.7452;1;1;0;0;0;0
24/08/21 23:00;0;0;90;0;0;90;0;0;0;0;5.0003;5.95;0;0;0;0;0;0;0;0;0;0;0;0;0;1;1;1;1;0;0;0;0;0;0;0;0;0;0;0;0;0;0;0;0;0;0;0;0;0;0;0;0;0;0;0;0;0;0;0;0;0;0;0;1;1;1;1;1;1;1;1;1;1;1;1;1;1;1;1;1;1;1;0;0;0;0;0;0;0;0;0;0.0004;0.088;-0.0884;0;0;0;0;0;0;0;0;0;0;0;0;0;0;0;0;0;0;0;-5.0003;0;0;0;0;0.0004;0;0;0;0;0;0;0;-0.0004;-0.0884;0;0;0;0;0;0;0;0;0;-0.7452;0;0.7452;1;1;0;0;0;0
25/08/21 00:00;0;0;90;0;0;90;0;0;0;0;3.9599;5.71;0;0;0;0;0;0;0;0;0;0;0;0;0;1;1;1;1;0;0;0;0;0;0;0;0;0;0;0;0;0;0;0;0;0;0;0;0;0;0;0;0;0;0;0;0;0;0;0;0;0;0;0;1;1;1;1;1;1;1;1;1;1;1;1;1;1;1;1;1;1;1;0;0;0;0;0;0;0;0;0;0.0004;0.088;-0.0884;0;0;0;0;0;0;0;0;0;0;0;0;0;0;0;0;0;0;0;-3.9599;0;0;0;0;0.0004;0;0;0;0;0;0;0;-0.0004;-0.0884;0;0;0;0;0;0;0;0;0;-0.7452;0;0.7452;1;1;0;0;0;0
25/08/21 01:00;0;0;90;0;0;90;0;0;0;0;3.5199;5.4299;0;0;0;0;0;0;0;0;0;0;0;0;0;1;1;1;1;0;0;0;0;0;0;0;0;0;0;0;0;0;0;0;0;0;0;0;0;0;0;0;0;0;0;0;0;0;0;0;0;0;0;0;1;1;1;1;1;1;1;1;1;1;1;1;1;1;1;1;1;1;1;0;0;0;0;0;0;0;0;0;0.0004;0.088;-0.0884;0;0;0;0;0;0;0;0;0;0;0;0;0;0;0;0;0;0;0;-3.5199;0;0;0;0;0.0004;0;0;0;0;0;0;0;-0.0004;-0.0884;0;0;0;0;0;0;0;0;0;-0.7452;0;0.7452;1;1;0;0;0;0
25/08/21 02:00;0;0;90;0;0;90;0;0;0;0;3.0997;5.36;0;0;0;0;0;0;0;0;0;0;0;0;0;1;1;1;1;0;0;0;0;0;0;0;0;0;0;0;0;0;0;0;0;0;0;0;0;0;0;0;0;0;0;0;0;0;0;0;0;0;0;0;1;1;1;1;1;1;1;1;1;1;1;1;1;1;1;1;1;1;1;0;0;0;0;0;0;0;0;0;0.0004;0.088;-0.0884;0;0;0;0;0;0;0;0;0;0;0;0;0;0;0;0;0;0;0;-3.0997;0;0;0;0;0.0004;0;0;0;0;0;0;0;-0.0004;-0.0884;0;0;0;0;0;0;0;0;0;-0.7452;0;0.7452;1;1;0;0;0;0
25/08/21 03:00;0;0;90;0;0;90;0;0;0;0;2.3;5.5099;0;0;0;0;0;0;0;0;0;0;0;0;0;1;1;1;1;0;0;0;0;0;0;0;0;0;0;0;0;0;0;0;0;0;0;0;0;0;0;0;0;0;0;0;0;0;0;0;0;0;0;0;1;1;1;1;1;1;1;1;1;1;1;1;1;1;1;1;1;1;1;0;0;0;0;0;0;0;0;0;0.0004;0.088;-0.0884;0;0;0;0;0;0;0;0;0;0;0;0;0;0;0;0;0;0;0;-2.3;0;0;0;0;0.0004;0;0;0;0;0;0;0;-0.0004;-0.0884;0;0;0;0;0;0;0;0;0;-0.7452;0;0.7452;1;1;0;0;0;0
25/08/21 04:00;0;0;90;0;0;90;0;0;0;0;2.0201;5.8101;0;0;0;0;0;0;0;0;0;0;0;0;0;1;1;1;1;0;0;0;0;0;0;0;0;0;0;0;0;0;0;0;0;0;0;0;0;0;0;0;0;0;0;0;0;0;0;0;0;0;0;0;1;1;1;1;1;1;1;1;1;1;1;1;1;1;1;1;1;1;1;0;0;0;0;0;0;0;0;0;0.0004;0.088;-0.0884;0;0;0;0;0;0;0;0;0;0;0;0;0;0;0;0;0;0;0;-2.0201;0;0;0;0;0.0004;0;0;0;0;0;0;0;-0.0004;-0.0884;0;0;0;0;0;0;0;0;0;-0.7452;0;0.7452;1;1;0;0;0;0
25/08/21 05:00;0;0;90;0;0;90;0;0;0;0;1.5003;5.13;0;0;0;0;0;0;0;0;0;0;0;0;0;1;1;1;1;0;0;0;0;0;0;0;0;0;0;0;0;0;0;0;0;0;0;0;0;0;0;0;0;0;0;0;0;0;0;0;0;0;0;0;1;1;1;1;1;1;1;1;1;1;1;1;1;1;1;1;1;1;1;0;0;0;0;0;0;0;0;0;0.0004;0.088;-0.0884;0;0;0;0;0;0;0;0;0;0;0;0;0;0;0;0;0;0;0;-1.5003;0;0;0;0;0.0004;0;0;0;0;0;0;0;-0.0004;-0.0884;0;0;0;0;0;0;0;0;0;-0.7452;0;0.7452;1;1;0;0;0;0
25/08/21 06:00;2.9224;-74.89;82.897;3.0268;4.3309;-90;-4.3309;3.4967;3.4967;0;0.3203;5.6;0;0;3.4917;0;0;0.0008;3.4925;3.4925;0;0;0;0;0;1;1;1;1;0;0;0;0;0;0;0;0;0;0;0;0;0;0;0;0;0;0;0;0;0;0;0;0;0;0;0;0;0;0;0;0;0;0;0;0;1;1;1;1;1;1;1;1;1;1;1;1;1;0;0;1;0;0;0;0;0;0;0;0;0;0;0;0.0004;0.088;-0.0884;0;0;0;0;0;0;0;0;0;0;0;0;0;0;0;0;0;0;0;-0.3203;0;0;0;0;0.0004;0;0;0;0;0;0;0;-0.0004;-0.0884;0;0;0;0;0;0;0;0;0;-0.7452;0;0.7452;1;1;0;0;0;0
25/08/21 07:00;11.643;-68.028;60.696;12.527;19.211;-90;-19.211;169.6;27.998;141.6;2.2501;6.0501;0;343.42;12.969;35.549;0;0.7556;392.7;0;392.7;343.42;35.549;12.969;0.7556;0.8745;0.0349;0;0.0019;391.79;0.91;0;0;0.2801;0.6299;375.4;15.604;13.713;1.4195;0.4434;0.0277;391;0.7836;0.6868;0.0711;0.0254;0.0003;375.42;329.02;34.059;12.22;0.0977;8.7936;7.3514;2.3489;0.0404;0.0784;1.1279;0.0152;1.1659;0;1;0;0;2.3154;0.9977;1;1;0.9784;0.1664;0.9601;0.96;1;0.965;0.7791;0.998;0.998;1;0.998;0.998;0.956;0.9423;0.1294;1.1176;1.0764;0.0065;0.0111;-0.0171;0.0075;0.0267;0.0002;0;0;0.088;0.9116;0;0;0;0;0;0;0;0;0;0;0;0;0.0215;0.003;1.0168;1.0168;0;20.493;20.493;18.243;0.0486;922.38;1102.4;1;0.0172;0.0172;0;0;0;0;0;0;0.9996;0.9116;0;17.11;19.813;15.34;17.764;98.311;98.311;9.4247;8.575;7.6881;0.8497;0.887;0.0902;0.0941;0.8157;8.028;0.814;0
25/08/21 08:00;22.557;-57.635;29.85;26.186;60;-90;-60;368.79;60.699;308.09;5.58;6.64;0;696.62;18.242;82.248;0;14.752;811.86;0;811.86;696.62;82.248;18.242;14.752;0.8581;0.0406;0;0.0182;795.85;16.016;0;0;2.2855;13.731;792.82;1.431;0.7168;0.0846;0.5634;0.0661;794.25;1.5917;1.3932;0.1645;0.0319;0.002;794.23;694.51;81.999;15.361;0.9529;40.785;34.096;11.453;3.0535;0.5136;7.3884;1.4053;4.8485;0;1;0;0;2.2014;0.9803;1;1;0.8747;0.0692;0.9982;0.999;1;0.9646;0.9351;0.998;0.998;1;0.998;0.998;0.9765;0.8421;0.0646;2.3105;2.2872;0.0138;-0.0018;0.1581;0.0148;0.0526;0.0013;0;0;0.088;1.8729;0;0;0;0;0;0;0;0;0;0;0;0;0.0423;0.0123;1.9938;1.9938;0;44.774;44.774;39.194;0.0494;1971.1;1011.5;1;0.0329;0.0329;0;0;0;0;0;0;1.9609;1.8729;0;16.228;18.792;15.244;17.652;98.349;98.349;19.485;16.814;15.794;2.6708;1.0197;0.1371;0.0523;0.8106;15.886;0.8051;0
25/08/21 09:00;32.143;-44.992;36.784;41.629;48.371;-90;-48.371;539.9;89.003;450.89;8.6;6.82;0;678.74;27.23;84.721;0;14.499;805.19;0;805.19;678.74;84.721;27.23;14.499;0.843;0.0518;0;0.018;789.25;15.945;0;0;2.4961;13.449;782.99;4.6755;3.3897;0.4231;0.8138;0.0489;787.67;1.5785;1.3575;0.1694;0.0495;0.0021;786.53;674;84.128;23.871;0.9995;214.85;179.61;55.421;2.1381;2.1185;30.473;3.5353;30.454;0;1;0;0;1.4914;0.9802;1;1;0.9083;0.0725;0.9941;0.995;1;0.967;0.9533;0.998;0.998;1;0.998;0.998;0.9724;0.8766;0.0689;2.2915;2.3114;0.0139;-0.0019;0.1813;0.0148;0.0526;0.0053;0;0;0.088;1.8699;0;0;0;0;0;0;0;0;0;0;0;0;0.0424;0.0125;1.9905;1.9905;0;47.392;47.392;38.792;0.0495;1991.3;999.57;1;0.0326;0.0326;0;0;0;0;0;0;1.9579;1.8699;0;16.335;18.916;15.345;17.769;98.361;98.361;19.325;16.786;15.769;2.5388;1.0172;0.1314;0.0526;0.816;20.923;0.7935;0
25/08/21 10:00;39.571;-29.232;42.274;59.42;30.58;-90;-30.58;662.69;109.3;553.39;11.4;6.66;0;642.79;35.779;82.29;0;7.3734;768.24;0;768.24;642.79;82.29;35.779;7.3734;0.8367;0.0562;0;0.0096;760.15;8.0817;0;0;1.6314;6.4503;751.42;7.2112;5.2697;0.6746;1.1091;0.1579;758.63;1.5203;1.2856;0.1646;0.0683;0.0018;753.52;636.24;81.451;32.97;0.7633;350.41;292.94;93.2;0.5807;3.0837;44.358;2.101;46.861;0;1;0;0;1.1593;0.9895;1;1;0.9544;0.1252;0.9905;0.9918;1;0.9675;0.8286;0.998;0.998;1;0.998;0.998;0.9781;0.9215;0.1035;2.1863;2.2447;0.0135;-0.0017;0.1864;0.0143;0.0508;0.0077;0;0;0.088;1.8018;0;0;0;0;0;0;0;0;0;0;0;0;0.0409;0.0118;1.9209;1.9209;0;48.669;48.669;37.269;0.0496;1933;993.79;1;0.0312;0.0312;0;0;0;0;0;0;1.8898;1.8018;0;16.523;19.133;15.498;17.946;98.377;98.377;18.438;16.2;15.195;2.2381;1.005;0.1214;0.0545;0.8241;23.677;0.79;0
25/08/21 11:00;43.741;-10.252;45.311;79.465;10.535;-90;-10.535;727.9;119.8;608.1;12.74;6.42;0;618.52;40.836;79.967;0;0.9816;740.31;0;740.31;618.52;79.967;40.836;0.9816;0.8355;0.0565;0;0.0013;739.17;1.136;0;0;0.321;0.815;729.05;8.6413;6.1671;0.7973;1.6395;0.0373;737.69;1.4783;1.237;0.1599;0.081;0.0003;729.24;611.12;79.009;38.794;0.1289;424.63;354.99;112.9;0.0147;3.6948;53.149;0.1932;56.829;0;1;0;0;1.017;0.9985;1;1;0.9921;0.1697;0.9883;0.99;1;0.9595;0.7755;0.998;0.998;1;0.998;0.998;0.9848;0.95;0.1314;2.1069;2.1929;0.0132;-0.0015;0.184;0.014;0.0496;0.0092;0;0;0.088;1.7548;0;0;0;0;0;0;0;0;0;0;0;0;0.0399;0.0113;1.8731;1.8731;0;48.908;48.908;36.168;0.0496;1887.4;992.43;1;0.0302;0.0302;0;0;0;0;0;0;1.8428;1.7548;0;16.719;19.36;15.664;18.138;98.386;98.386;17.767;15.796;14.799;1.9714;0.9971;0.111;0.0561;0.8329;24.511;0.7904;0
25/08/21 12:00;43.746;10.208;45.314;79.51;10.49;90;10.49;743.29;122.4;620.89;13.63;6.4699;0;631.44;40.057;83.402;0;0.9939;755.9;0;755.9;631.44;83.402;40.057;0.9939;0.8354;0.0543;0;0.0013;754.75;1.1409;0;0;0.3139;0.827;744.47;8.7757;6.2972;0.8317;1.6092;0.0375;753.25;1.5095;1.2629;0.1668;0.0795;0.0003;744.66;623.88;82.404;38.054;0.129;433.63;362.52;115.3;0.0142;3.7727;54.269;0.1953;58.027;0;1;0;0;1.017;0.9985;1;1;0.9922;0.1679;0.9883;0.99;1;0.9594;0.7748;0.998;0.998;1;0.998;0.998;0.9849;0.95;0.1298;2.1512;2.2392;0.0135;-0.0016;0.2015;0.0142;0.0503;0.0093;0;0;0.088;1.7812;0;0;0;0;0;0;0;0;0;0;0;0;0.0405;0.0118;1.8998;1.8998;0;50.614;50.614;36.984;0.0497;1928.1;985.34;1;0.0306;0.0306;0;0;0;0;0;0;1.8692;1.7812;0;16.608;19.232;15.571;18.031;98.389;98.389;18.141;16.021;15.021;2.1201;1.0003;0.1169;0.0551;0.828;24.041;0.7858;0
25/08/21 13:00;39.583;29.194;42.283;59.461;30.539;90;30.539;438.59;288.7;149.89;13.3;6.6199;0;174.03;221.52;58.833;0;4.8671;459.25;0;459.25;174.03;58.833;221.52;4.8671;0.3789;0.493;0;0.0106;444.86;14.388;0;0;10.111;4.2773;435.09;8.8783;1.4277;0.4826;6.8653;0.1027;443.97;0.8897;0.3481;0.1177;0.4228;0.0012;436.58;172.25;58.232;204.12;0.486;251.57;210.31;66.741;3.5686;2.4298;34.952;1.4825;33.813;0;1;0;0;1.0471;0.9687;1;1;0.9544;0.1212;0.98;0.9918;1;0.9675;0.8255;0.998;0.998;1;0.998;0.998;0.9474;0.9215;0.0998;1.307;1.3191;0.0079;0.0076;0.0451;0.0088;0.0312;0.0063;0;0;0.088;1.0756;0;0;0;0;0;0;0;0;0;0;0;0;0.0252;0.0044;1.1825;1.1825;0;34.675;34.675;21.376;0.0491;1133;1043.7;1;0.0188;0.0188;0;0;0;0;0;0;1.1636;1.0756;0;17.014;19.702;15.477;17.922;98.407;98.407;11.022;9.972;9.0711;1.05;0.901;0.0953;0.0817;0.823;146.55;0.7786;0
25/08/21 14:00;32.162;44.961;36.798;41.665;48.335;90;48.335;223.1;212;11.107;13.2;6.59;0;16.708;173.72;4.965;0;5.9832;201.37;0;201.37;16.708;4.965;173.72;5.9832;0.083;0.8924;0;0.0297;179.84;21.538;0;0;15.96;5.5783;174.16;5.3168;0.0836;0.0248;5.189;0.0194;179.48;0.3597;0.0334;0.0099;0.3155;0.0008;176.5;16.591;4.9302;152.25;0.3847;138.93;116.15;39.488;13.583;1.9258;27.702;2.3428;16.044;0;1;0;0;0.9026;0.893;1;1;0.9081;0.0677;0.9704;0.995;1;0.967;0.952;0.998;0.998;1;0.998;0.998;0.8649;0.8764;0.0643;0.5731;0.5605;0.0034;0.0169;-0.0066;0.0038;0.0136;0.0051;0;0;0.088;0.4147;0;0;0;0;0;0;0;0;0;0;0;0;0.0109;0.001;0.5123;0.5123;0;21.72;21.72;8.5195;0.0489;477.88;1072.1;1;0.0096;0.0096;0;0;0;0;0;0;0.5027;0.4147;0;16.812;19.467;13.609;15.759;98.126;98.126;4.833;4.3205;3.4974;0.5125;0.8231;0.106;0.1703;0.7237;133.42;0.6561;0
25/08/21 15:00;22.579;57.61;29.863;26.217;60;90;60;289.8;181.1;108.7;13.88;5.8901;0;245.51;107.13;86.401;0;11.592;450.63;0;450.63;245.51;86.401;107.13;11.592;0.5448;0.2635;0;0.0257;426.32;24.313;0;0;13.469;10.844;421.77;3.7001;0.2527;0.0889;3.3075;0.0509;425.47;0.8526;0.491;0.1728;0.1873;0.0015;424.62;244.76;86.139;90.171;0.6952;104.04;86.973;31.268;17.914;1.8349;26.395;2.8539;10.316;0;1;0;0;1.555;0.946;1;1;0.8743;0.0645;0.9913;0.999;1;0.9646;0.9318;0.998;0.998;1;0.998;0.998;0.9359;0.8417;0.06;1.2825;1.2677;0.0076;0.0084;0.0431;0.0085;0.03;0.0048;0;0;0.088;1.031;0;0;0;0;0;0;0;0;0;0;0;0;0.0242;0.0041;1.1372;1.1372;0;34.603;34.603;20.723;0.0491;1089.4;1043.9;1;0.0182;0.0182;0;0;0;0;0;0;1.119;1.031;0;16.675;19.309;15.118;17.507;98.403;98.403;10.815;9.5899;8.6946;1.2253;0.8953;0.1133;0.0828;0.8039;93.268;0.7702;0
25/08/21 16:00;11.667;68.007;60.629;12.555;19.262;90;19.262;98.493;93.3;5.1932;13.44;4.8;0;12.595;88.951;4.3357;0;0.4411;106.32;0;106.32;12.595;4.3357;88.951;0.4411;0.1185;0.8408;0;0.0041;104.02;2.3047;0;0;1.9356;0.3691;100.09;3.725;0.4997;0.172;3.0373;0.016;103.81;0.208;0.0252;0.0087;0.174;0.0001;100.19;12.07;4.155;83.804;0.0559;55.11;46.072;14.031;0.2781;0.5379;7.7374;0.1051;7.9971;0;1;0;0;1.0795;0.9783;1;1;0.9782;0.1632;0.9641;0.9602;1;0.965;0.7778;0.998;0.998;1;0.998;0.998;0.9413;0.9421;0.1267;0.3026;0.3021;0.0018;0.0165;-0.0073;0.002;0.0072;0.0014;0;0;0.088;0.1792;0;0;0;0;0;0;0;0;0;0;0;0;0.0058;0.0004;0.2742;0.2742;0;18.348;18.348;4.9077;0.049;257.32;1065.7;1;0.007;0.007;0;0;0;0;0;0;0.2672;0.1792;0;17.044;19.736;11.137;12.896;97.43;97.43;2.5518;2.3127;1.5111;0.2391;0.8015;0.0937;0.3141;0.5922;55.076;0.5616;0
25/08/21 17:00;2.9479;74.871;82.835;3.0536;4.3694;90;4.3694;0.3907;0.3907;0;12.12;4.89;0;0;0.3901;0;0;0.0001;0.3902;0.3902;0;0;0;0;0;1;1;1;1;0;0;0;0;0;0;0;0;0;0;0;0;0;0;0;0;0;0;0;0;0;0;0;0;0;0;0;0;0;0;0;0;0;0;0;0;1;1;1;1;1;1;1;1;1;1;1;1;1;0;0;1;0;0;0;0;0;0;0;0;0;0;0;0.0004;0.088;-0.0884;0;0;0;0;0;0;0;0;0;0;0;0;0;0;0;0;0;0;0;-12.12;0;0;0;0;0.0004;0;0;0;0;0;0;0;-0.0004;-0.0884;0;0;0;0;0;0;0;0;0;-0.7452;0;0.7452;1;1;0;0;0;0
25/08/21 18:00;0;0;90;0;0;90;0;0;0;0;10.92;5.3;0;0;0;0;0;0;0;0;0;0;0;0;0;1;1;1;1;0;0;0;0;0;0;0;0;0;0;0;0;0;0;0;0;0;0;0;0;0;0;0;0;0;0;0;0;0;0;0;0;0;0;0;1;1;1;1;1;1;1;1;1;1;1;1;1;1;1;1;1;1;1;0;0;0;0;0;0;0;0;0;0.0004;0.088;-0.0884;0;0;0;0;0;0;0;0;0;0;0;0;0;0;0;0;0;0;0;-10.92;0;0;0;0;0.0004;0;0;0;0;0;0;0;-0.0004;-0.0884;0;0;0;0;0;0;0;0;0;-0.7452;0;0.7452;1;1;0;0;0;0
25/08/21 19:00;0;0;90;0;0;90;0;0;0;0;8.7602;5.1701;0;0;0;0;0;0;0;0;0;0;0;0;0;1;1;1;1;0;0;0;0;0;0;0;0;0;0;0;0;0;0;0;0;0;0;0;0;0;0;0;0;0;0;0;0;0;0;0;0;0;0;0;1;1;1;1;1;1;1;1;1;1;1;1;1;1;1;1;1;1;1;0;0;0;0;0;0;0;0;0;0.0004;0.088;-0.0884;0;0;0;0;0;0;0;0;0;0;0;0;0;0;0;0;0;0;0;-8.7602;0;0;0;0;0.0004;0;0;0;0;0;0;0;-0.0004;-0.0884;0;0;0;0;0;0;0;0;0;-0.7452;0;0.7452;1;1;0;0;0;0
25/08/21 20:00;0;0;90;0;0;90;0;0;0;0;7.9698;4.43;0;0;0;0;0;0;0;0;0;0;0;0;0;1;1;1;1;0;0;0;0;0;0;0;0;0;0;0;0;0;0;0;0;0;0;0;0;0;0;0;0;0;0;0;0;0;0;0;0;0;0;0;1;1;1;1;1;1;1;1;1;1;1;1;1;1;1;1;1;1;1;0;0;0;0;0;0;0;0;0;0.0004;0.088;-0.0884;0;0;0;0;0;0;0;0;0;0;0;0;0;0;0;0;0;0;0;-7.9698;0;0;0;0;0.0004;0;0;0;0;0;0;0;-0.0004;-0.0884;0;0;0;0;0;0;0;0;0;-0.7452;0;0.7452;1;1;0;0;0;0
25/08/21 21:00;0;0;90;0;0;90;0;0;0;0;4.1899;3.93;0;0;0;0;0;0;0;0;0;0;0;0;0;1;1;1;1;0;0;0;0;0;0;0;0;0;0;0;0;0;0;0;0;0;0;0;0;0;0;0;0;0;0;0;0;0;0;0;0;0;0;0;1;1;1;1;1;1;1;1;1;1;1;1;1;1;1;1;1;1;1;0;0;0;0;0;0;0;0;0;0.0004;0.088;-0.0884;0;0;0;0;0;0;0;0;0;0;0;0;0;0;0;0;0;0;0;-4.1899;0;0;0;0;0.0004;0;0;0;0;0;0;0;-0.0004;-0.0884;0;0;0;0;0;0;0;0;0;-0.7452;0;0.7452;1;1;0;0;0;0
25/08/21 22:00;0;0;90;0;0;90;0;0;0;0;3.71;3.5801;0;0;0;0;0;0;0;0;0;0;0;0;0;1;1;1;1;0;0;0;0;0;0;0;0;0;0;0;0;0;0;0;0;0;0;0;0;0;0;0;0;0;0;0;0;0;0;0;0;0;0;0;1;1;1;1;1;1;1;1;1;1;1;1;1;1;1;1;1;1;1;0;0;0;0;0;0;0;0;0;0.0004;0.088;-0.0884;0;0;0;0;0;0;0;0;0;0;0;0;0;0;0;0;0;0;0;-3.71;0;0;0;0;0.0004;0;0;0;0;0;0;0;-0.0004;-0.0884;0;0;0;0;0;0;0;0;0;-0.7452;0;0.7452;1;1;0;0;0;0
25/08/21 23:00;0;0;90;0;0;90;0;0;0;0;3.8801;3.39;0;0;0;0;0;0;0;0;0;0;0;0;0;1;1;1;1;0;0;0;0;0;0;0;0;0;0;0;0;0;0;0;0;0;0;0;0;0;0;0;0;0;0;0;0;0;0;0;0;0;0;0;1;1;1;1;1;1;1;1;1;1;1;1;1;1;1;1;1;1;1;0;0;0;0;0;0;0;0;0;0.0004;0.088;-0.0884;0;0;0;0;0;0;0;0;0;0;0;0;0;0;0;0;0;0;0;-3.8801;0;0;0;0;0.0004;0;0;0;0;0;0;0;-0.0004;-0.0884;0;0;0;0;0;0;0;0;0;-0.7452;0;0.7452;1;1;0;0;0;0
26/08/21 00:00;0;0;90;0;0;90;0;0;0;0;2.77;3.1999;0;0;0;0;0;0;0;0;0;0;0;0;0;1;1;1;1;0;0;0;0;0;0;0;0;0;0;0;0;0;0;0;0;0;0;0;0;0;0;0;0;0;0;0;0;0;0;0;0;0;0;0;1;1;1;1;1;1;1;1;1;1;1;1;1;1;1;1;1;1;1;0;0;0;0;0;0;0;0;0;0.0004;0.088;-0.0884;0;0;0;0;0;0;0;0;0;0;0;0;0;0;0;0;0;0;0;-2.77;0;0;0;0;0.0004;0;0;0;0;0;0;0;-0.0004;-0.0884;0;0;0;0;0;0;0;0;0;-0.7452;0;0.7452;1;1;0;0;0;0
26/08/21 01:00;0;0;90;0;0;90;0;0;0;0;1.8599;3.0299;0;0;0;0;0;0;0;0;0;0;0;0;0;1;1;1;1;0;0;0;0;0;0;0;0;0;0;0;0;0;0;0;0;0;0;0;0;0;0;0;0;0;0;0;0;0;0;0;0;0;0;0;1;1;1;1;1;1;1;1;1;1;1;1;1;1;1;1;1;1;1;0;0;0;0;0;0;0;0;0;0.0004;0.088;-0.0884;0;0;0;0;0;0;0;0;0;0;0;0;0;0;0;0;0;0;0;-1.8599;0;0;0;0;0.0004;0;0;0;0;0;0;0;-0.0004;-0.0884;0;0;0;0;0;0;0;0;0;-0.7452;0;0.7452;1;1;0;0;0;0
26/08/21 02:00;0;0;90;0;0;90;0;0;0;0;0.7598;2.89;0;0;0;0;0;0;0;0;0;0;0;0;0;1;1;1;1;0;0;0;0;0;0;0;0;0;0;0;0;0;0;0;0;0;0;0;0;0;0;0;0;0;0;0;0;0;0;0;0;0;0;0;1;1;1;1;1;1;1;1;1;1;1;1;1;1;1;1;1;1;1;0;0;0;0;0;0;0;0;0;0.0004;0.088;-0.0884;0;0;0;0;0;0;0;0;0;0;0;0;0;0;0;0;0;0;0;-0.7598;0;0;0;0;0.0004;0;0;0;0;0;0;0;-0.0004;-0.0884;0;0;0;0;0;0;0;0;0;-0.7452;0;0.7452;1;1;0;0;0;0
26/08/21 03:00;0;0;90;0;0;90;0;0;0;0;0.7797;2.7199;0;0;0;0;0;0;0;0;0;0;0;0;0;1;1;1;1;0;0;0;0;0;0;0;0;0;0;0;0;0;0;0;0;0;0;0;0;0;0;0;0;0;0;0;0;0;0;0;0;0;0;0;1;1;1;1;1;1;1;1;1;1;1;1;1;1;1;1;1;1;1;0;0;0;0;0;0;0;0;0;0.0004;0.088;-0.0884;0;0;0;0;0;0;0;0;0;0;0;0;0;0;0;0;0;0;0;-0.7797;0;0;0;0;0.0004;0;0;0;0;0;0;0;-0.0004;-0.0884;0;0;0;0;0;0;0;0;0;-0.7452;0;0.7452;1;1;0;0;0;0
26/08/21 04:00;0;0;90;0;0;90;0;0;0;0;-0.1397;2.4699;0;0;0;0;0;0;0;0;0;0;0;0;0;1;1;1;1;0;0;0;0;0;0;0;0;0;0;0;0;0;0;0;0;0;0;0;0;0;0;0;0;0;0;0;0;0;0;0;0;0;0;0;1;1;1;1;1;1;1;1;1;1;1;1;1;1;1;1;1;1;1;0;0;0;0;0;0;0;0;0;0.0004;0.088;-0.0884;0;0;0;0;0;0;0;0;0;0;0;0;0;0;0;0;0;0;0;0.1397;0;0;0;0;0.0004;0;0;0;0;0;0;0;-0.0004;-0.0884;0;0;0;0;0;0;0;0;0;-0.7452;0;0.7452;1;1;0;0;0;0
26/08/21 05:00;0;0;90;0;0;90;0;0;0;0;-0.5997;2.5;0;0;0;0;0;0;0;0;0;0;0;0;0;1;1;1;1;0;0;0;0;0;0;0;0;0;0;0;0;0;0;0;0;0;0;0;0;0;0;0;0;0;0;0;0;0;0;0;0;0;0;0;1;1;1;1;1;1;1;1;1;1;1;1;1;1;1;1;1;1;1;0;0;0;0;0;0;0;0;0;0.0004;0.088;-0.0884;0;0;0;0;0;0;0;0;0;0;0;0;0;0;0;0;0;0;0;0.5997;0;0;0;0;0.0004;0;0;0;0;0;0;0;-0.0004;-0.0884;0;0;0;0;0;0;0;0;0;-0.7452;0;0.7452;1;1;0;0;0;0
26/08/21 06:00;3.1831;-75.13;82.261;3.2931;4.7153;-90;-4.7153;8.0092;8.0025;0.0067;-0.5997;2.3701;0;0.0163;7.9882;0.0018;0;0.0022;8.0084;0;8.0084;0.0163;0.0018;7.9882;0.0022;0.002;0.9977;0;0.0003;7.9896;0.0188;0;0;0.017;0.0018;7.6179;0.3557;0.0067;0.0007;0.3482;0.0001;7.9736;0.016;0;0;0.0159;0;7.618;0.0096;0.001;7.607;0.0003;4.7423;3.9646;1.1824;0;0.0464;0.6668;0.0001;0.7131;0;1;0;0;0.9999;0.9976;1;1;0.9979;0.1672;0.9554;0.5883;1;0.9562;0.777;0.998;0.998;1;0.998;0.998;0.9512;0.9523;0.1296;0.0228;0.0231;0.0001;0.0052;-0.0019;0.0001;0.0005;0.0001;0;0;0.088;-0.0719;0;0;0;0;0;0;0;0;0;0;0;0;0.0004;0;0.0185;0.0185;0;-0.2158;-0.2158;0.384;0.0504;17.907;1032.9;1;0.0024;0.0024;0;0;0;0;0;0;0.0161;-0.0719;0;15.262;17.673;-59.362;-68.74;86.814;86.814;0.1922;0.156;-0.6067;0.0362;0.7627;0.1885;3.9681;0;4.7423;0;0
26/08/21 07:00;11.915;-68.258;59.951;12.799;19.699;-90;-19.699;161.2;33.699;127.5;2.1298;1.7501;0;309.23;17.647;37.64;0;0.7547;365.27;0;365.27;309.23;37.64;17.647;0.7547;0.8466;0.0504;0;0.0021;364.24;1.0271;0;0;0.3975;0.6296;349.99;13.524;11.499;1.3997;0.5976;0.0275;363.51;0.7285;0.6185;0.0753;0.0345;0.0003;350.01;297.11;36.165;16.617;0.0974;11.649;9.7386;3.0694;0.0599;0.107;1.5396;0.0221;1.5868;0;1;0;0;2.2659;0.9972;1;1;0.9775;0.1658;0.9628;0.9627;1;0.9653;0.7797;0.998;0.998;1;0.998;0.998;0.9582;0.9417;0.129;1.0395;1.0045;0.006;0.0121;-0.0208;0.007;0.025;0.0003;0;0;0.088;0.8477;0;0;0;0;0;0;0;0;0;0;0;0;0.0201;0.0027;0.9519;0.9519;0;19.126;19.126;16.996;0.0486;860.79;1105.9;1;0.0162;0.0162;0;0;0;0;0;0;0.9357;0.8477;0;17.221;19.941;15.335;17.758;98.296;98.296;8.7664;8.0276;7.1487;0.7388;0.8789;0.0843;0.1003;0.8155;10.948;0.8129;0
26/08/21 08:00;22.851;-57.848;29.56;26.461;60;-90;-60;365.9;61.803;304.1;6.3903;1.57;0;681.16;19.282;80.85;0;14.636;795.93;0;795.93;681.16;80.85;19.282;14.636;0.8558;0.0426;0;0.0184;779.89;16.039;0;0;2.4157;13.623;776.89;1.4377;0.6941;0.0824;0.5955;0.0656;778.33;1.5598;1.3623;0.1617;0.0337;0.002;778.31;679.11;80.606;16.237;0.9454;44.329;37.059;12.717;3.2272;0.5349;7.6936;1.412;5.0013;0;1;0;0;2.1753;0.9798;1;1;0.8747;0.0692;0.9982;0.999;1;0.9646;0.9351;0.998;0.998;1;0.998;0.998;0.9761;0.8421;0.0646;2.2652;2.2422;0.0135;-0.0017;0.1553;0.0145;0.0515;0.0014;0;0;0.088;1.8342;0;0;0;0;0;0;0;0;0;0;0;0;0.0415;0.0118;1.9544;1.9544;0;44.798;44.798;38.408;0.0494;1932.1;1011.5;1;0.0322;0.0322;0;0;0;0;0;0;1.9222;1.8342;0;16.226;18.789;15.228;17.634;98.354;98.354;19.102;16.482;15.468;2.6207;1.0134;0.1372;0.0531;0.8098;16.791;0.8039;0
26/08/21 09:00;32.464;-45.17;36.501;41.893;48.107;-90;-48.107;537.9;88.697;449.21;9.0002;0.9501;0;672.72;27.799;82.905;0;14.298;797.73;0;797.73;672.72;82.905;27.799;14.298;0.8433;0.0528;0;0.0179;781.94;15.786;0;0;2.5281;13.257;775.85;4.5285;3.2482;0.4003;0.8307;0.0493;780.38;1.5639;1.3454;0.1658;0.0505;0.0021;779.34;668.13;82.339;24.39;0.9889;215.83;180.44;55.8;2.1417;2.1198;30.493;3.4943;30.471;0;1;0;0;1.483;0.9802;1;1;0.9091;0.0728;0.9942;0.9952;1;0.9671;0.9525;0.998;0.998;1;0.998;0.998;0.9726;0.8774;0.0692;2.2703;2.2908;0.0138;-0.0018;0.1801;0.0147;0.0521;0.0053;0;0;0.088;1.8521;0;0;0;0;0;0;0;0;0;0;0;0;0.042;0.0123;1.9724;1.9724;0;47.44;47.44;38.44;0.0495;1973.6;999.41;1;0.0323;0.0323;0;0;0;0;0;0;1.9401;1.8521;0;16.338;18.919;15.342;17.766;98.364;98.364;19.145;16.634;15.619;2.5119;1.0143;0.1312;0.053;0.8158;21.305;0.7931;0
26/08/21 10:00;39.915;-29.336;41.962;59.645;30.355;-90;-30.355;660.99;108.8;552.19;11.29;0.83;0;639.92;36.299;80.922;0;7.2492;764.39;0;764.39;639.92;80.922;36.299;7.2492;0.8372;0.057;0;0.0095;756.42;7.9707;0;0;1.6358;6.3348;747.84;7.0624;5.1295;0.6487;1.1265;0.1577;754.91;1.5128;1.2798;0.1618;0.0693;0.0018;749.91;633.51;80.112;33.468;0.7548;350.24;292.8;93.125;0.5743;3.0837;44.358;2.0618;46.868;0;1;0;0;1.1564;0.9896;1;1;0.9549;0.1261;0.9906;0.992;1;0.9674;0.8271;0.998;0.998;1;0.998;0.998;0.9784;0.922;0.1041;2.1754;2.2344;0.0135;-0.0016;0.1832;0.0143;0.0506;0.0077;0;0;0.088;1.7952;0;0;0;0;0;0;0;0;0;0;0;0;0.0408;0.0117;1.9143;1.9143;0;48.373;48.373;37.083;0.0496;1923.9;995.02;1;0.0311;0.0311;0;0;0;0;0;0;1.8832;1.7952;0;16.548;19.163;15.519;17.971;98.377;98.377;18.345;16.143;15.139;2.202;1.0042;0.12;0.0547;0.8252;23.984;0.7909;0
26/08/21 11:00;44.095;-10.232;44.972;79.611;10.389;-90;-10.389;725.2;119.9;605.3;13.14;1.09;0;615.39;41.771;79.082;0;0.9511;737.19;0;737.19;615.39;79.082;41.771;0.9511;0.8348;0.058;0;0.0013;736.08;1.1104;0;0;0.3208;0.7897;726.11;8.5044;6.0143;0.7729;1.6811;0.0362;734.61;1.4722;1.2308;0.1582;0.0829;0.0003;726.29;608.14;78.151;39.686;0.1249;423.21;353.8;112.5;0.0143;3.6835;52.986;0.1859;56.655;0;1;0;0;1.0165;0.9985;1;1;0.9923;0.1697;0.9884;0.9902;1;0.9594;0.7755;0.998;0.998;1;0.998;0.998;0.985;0.9501;0.1313;2.098;2.1841;0.0132;-0.0014;0.1854;0.0139;0.0493;0.0092;0;0;0.088;1.7456;0;0;0;0;0;0;0;0;0;0;0;0;0.0397;0.0112;1.8636;1.8636;0;49.17;49.17;36.03;0.0496;1879.9;991.36;1;0.03;0.03;0;0;0;0;0;0;1.8336;1.7456;0;16.705;19.344;15.647;18.119;98.388;98.388;17.693;15.716;14.721;1.9763;0.9954;0.1117;0.0563;0.832;25.063;0.7896;0
26/08/21 12:00;44.08;10.372;44.962;79.468;10.532;90;10.532;746.5;122.9;623.59;14.41;1.2601;0;634.28;40.395;83.571;0;1.006;759.25;0;759.25;634.28;83.571;40.395;1.006;0.8354;0.0545;0;0.0013;758.1;1.1558;0;0;0.3187;0.8371;747.91;8.6708;6.1949;0.8162;1.6217;0.038;756.58;1.5162;1.2686;0.1671;0.0802;0.0003;748.11;626.82;82.588;38.374;0.1306;435.47;364.05;115.79;0.0145;3.7886;54.498;0.198;58.272;0;1;0;0;1.0171;0.9985;1;1;0.9921;0.1679;0.9885;0.9902;1;0.9595;0.7748;0.998;0.998;1;0.998;0.998;0.9851;0.95;0.1298;2.1608;2.2495;0.0135;-0.0017;0.2103;0.0142;0.0503;0.0093;0;0;0.088;1.7826;0;0;0;0;0;0;0;0;0;0;0;0;0.0405;0.0119;1.9011;1.9011;0;51.594;51.594;37.184;0.0497;1937.3;981.32;1;0.0306;0.0306;0;0;0;0;0;0;1.8706;1.7826;0;16.546;19.16;15.514;17.965;98.393;98.393;18.222;16.032;15.033;2.1897;0.9998;0.1202;0.0549;0.825;24.246;0.7829;0
26/08/21 13:00;39.874;29.457;41.932;59.514;30.486;90;30.486;696.51;114.7;581.81;15.32;1.31;0;675.14;34.506;90.084;0;7.703;807.43;0;807.43;675.14;90.084;34.506;7.703;0.8362;0.0523;0;0.0095;799.1;8.3383;0;0;1.5706;6.7677;790.14;7.3534;5.4;0.7205;1.0697;0.1632;797.5;1.5982;1.3503;0.1802;0.0659;0.0019;792.34;668.39;89.184;31.8;0.7702;368.28;307.89;97.942;0.5543;3.2381;46.579;2.1916;49.263;0;1;0;0;1.1593;0.9897;1;1;0.9545;0.1214;0.9908;0.992;1;0.9675;0.8252;0.998;0.998;1;0.998;0.998;0.9786;0.9216;0.1;2.2979;2.3602;0.0142;-0.002;0.2466;0.0147;0.0522;0.0079;0;0;0.088;1.8519;0;0;0;0;0;0;0;0;0;0;0;0;0.042;0.013;1.9715;1.9715;0;54.701;54.701;39.381;0.0498;2034.4;969.07;1;0.0316;0.0316;0;0;0;0;0;0;1.9399;1.8519;0;16.135;18.684;15.156;17.55;98.395;98.395;19.378;16.626;15.617;2.7524;1.009;0.142;0.0521;0.8059;22.82;0.7725;0
26/08/21 14:00;32.404;45.268;36.456;41.779;48.221;90;48.221;615.11;101.5;513.6;15;1.23;0;770.87;24.119;108.89;0;16.423;920.31;0;920.31;770.87;108.89;24.119;16.423;0.8376;0.0441;0;0.0178;902.79;17.517;0;0;2.2082;15.309;895.99;4.9993;3.7022;0.523;0.7204;0.0537;900.99;1.8056;1.5417;0.2178;0.0438;0.0022;899.96;765.63;108.15;21.146;1.0577;243.69;203.72;62.779;1.8744;2.3724;34.126;3.97;34.624;0;1;0;0;1.4962;0.981;1;1;0.9084;0.0678;0.9945;0.9952;1;0.9671;0.9517;0.998;0.998;1;0.998;0.998;0.9736;0.8768;0.0644;2.6191;2.6432;0.0159;-0.0015;0.3241;0.0161;0.0572;0.0057;0;0;0.088;2.0402;0;0;0;0;0;0;0;0;0;0;0;0;0.0461;0.0162;2.1634;2.1634;0;59.841;59.841;44.841;0.05;2279.2;949.19;1;0.0352;0.0352;0;0;0;0;0;0;2.1282;2.0402;0;15.534;17.988;14.649;16.963;98.371;98.371;22.087;18.244;17.205;3.843;1.0392;0.174;0.0471;0.779;18.503;0.7579;0
26/08/21 15:00;22.779;57.927;29.518;26.362;60;90;60;367.7;123;244.7;14.82;1.0499;0;549.97;48.769;130.3;0;14.708;743.75;0;743.75;549.97;130.3;48.769;14.708;0.7395;0.0853;0;0.0198;723.86;19.891;0;0;6.1312;13.759;720.15;2.2624;0.5596;0.1326;1.5056;0.0646;722.41;1.4477;1.0999;0.2606;0.0853;0.0019;721.98;548.31;129.91;41.047;0.8821;66.014;55.188;19.867;8.157;0.9539;13.722;1.836;6.519;0;1;0;0;2.0227;0.9733;1;1;0.8743;0.0645;0.9969;0.999;1;0.9646;0.9318;0.998;0.998;1;0.998;0.998;0.9683;0.8417;0.06;2.1166;2.0931;0.0126;-0.0009;0.1885;0.0133;0.047;0.0024;0;0;0.088;1.6657;0;0;0;0;0;0;0;0;0;0;0;0;0.0379;0.0104;1.7821;1.7821;0;50.597;50.597;35.777;0.0497;1805;987.29;1;0.0284;0.0284;0;0;0;0;0;0;1.7537;1.6657;0;15.833;18.334;14.799;17.137;98.406;98.406;17.85;15.028;14.047;2.8216;0.9817;0.1581;0.055;0.7869;42.457;0.7762;0
26/08/21 16:00;11.837;68.325;60.166;12.709;19.538;90;19.538;157.39;111;46.389;14.42;1.15;0;112.51;89.623;45.405;0;0.725;248.26;0;248.26;112.51;45.405;89.623;0.725;0.4532;0.3639;0;0.0029;245.66;2.6042;0;0;1.9972;0.607;236.1;9.0679;4.2733;1.7246;3.0439;0.0261;245.16;0.4913;0.225;0.0908;0.1753;0.0002;236.21;108.01;43.589;84.407;0.0917;55.881;46.717;14.143;0.2946;0.5517;7.9355;0.1117;8.1925;0;1;0;0;1.5773;0.9895;1;1;0.9777;0.1628;0.963;0.9619;1;0.9652;0.7781;0.998;0.998;1;0.998;0.998;0.951;0.9418;0.1264;0.7065;0.6917;0.0042;0.0159;0.0024;0.0047;0.0166;0.0015;0;0;0.088;0.5326;0;0;0;0;0;0;0;0;0;0;0;0;0.0134;0.0014;0.6317;0.6317;0;25.982;25.982;11.562;0.049;592.47;1066.1;1;0.0111;0.0111;0;0;0;0;0;0;0.6206;0.5326;0;16.813;19.469;14.176;16.416;98.25;98.25;5.9582;5.3268;4.4915;0.6314;0.8353;0.106;0.1402;0.7538;55.562;0.7362;0
26/08/21 17:00;3.1013;75.19;82.46;3.2077;4.5919;90;4.5919;0;0;0;12.07;1.46;0;0;0;0;0;0;0;0;0;0;0;0;0;1;1;1;1;0;0;0;0;0;0;0;0;0;0;0;0;0;0;0;0;0;0;0;0;0;0;0;0;0;0;0;0;0;0;0;0;0;0;0;1;1;1;1;1;1;1;1;1;1;1;1;1;1;1;1;1;1;1;0;0;0;0;0;0;0;0;0;0.0004;0.088;-0.0884;0;0;0;0;0;0;0;0;0;0;0;0;0;0;0;0;0;0;0;-12.07;0;0;0;0;0.0004;0;0;0;0;0;0;0;-0.0004;-0.0884;0;0;0;0;0;0;0;0;0;-0.7452;0;0.7452;1;1;0;0;0;0
26/08/21 18:00;0;0;90;0;0;90;0;0;0;0;7.19;1.65;0;0;0;0;0;0;0;0;0;0;0;0;0;1;1;1;1;0;0;0;0;0;0;0;0;0;0;0;0;0;0;0;0;0;0;0;0;0;0;0;0;0;0;0;0;0;0;0;0;0;0;0;1;1;1;1;1;1;1;1;1;1;1;1;1;1;1;1;1;1;1;0;0;0;0;0;0;0;0;0;0.0004;0.088;-0.0884;0;0;0;0;0;0;0;0;0;0;0;0;0;0;0;0;0;0;0;-7.19;0;0;0;0;0.0004;0;0;0;0;0;0;0;-0.0004;-0.0884;0;0;0;0;0;0;0;0;0;-0.7452;0;0.7452;1;1;0;0;0;0
26/08/21 19:00;0;0;90;0;0;90;0;0;0;0;6.49;1.72;0;0;0;0;0;0;0;0;0;0;0;0;0;1;1;1;1;0;0;0;0;0;0;0;0;0;0;0;0;0;0;0;0;0;0;0;0;0;0;0;0;0;0;0;0;0;0;0;0;0;0;0;1;1;1;1;1;1;1;1;1;1;1;1;1;1;1;1;1;1;1;0;0;0;0;0;0;0;0;0;0.0004;0.088;-0.0884;0;0;0;0;0;0;0;0;0;0;0;0;0;0;0;0;0;0;0;-6.49;0;0;0;0;0.0004;0;0;0;0;0;0;0;-0.0004;-0.0884;0;0;0;0;0;0;0;0;0;-0.7452;0;0.7452;1;1;0;0;0;0
26/08/21 20:00;0;0;90;0;0;90;0;0;0;0;5.2702;1.6701;0;0;0;0;0;0;0;0;0;0;0;0;0;1;1;1;1;0;0;0;0;0;0;0;0;0;0;0;0;0;0;0;0;0;0;0;0;0;0;0;0;0;0;0;0;0;0;0;0;0;0;0;1;1;1;1;1;1;1;1;1;1;1;1;1;1;1;1;1;1;1;0;0;0;0;0;0;0;0;0;0.0004;0.088;-0.0884;0;0;0;0;0;0;0;0;0;0;0;0;0;0;0;0;0;0;0;-5.2702;0;0;0;0;0.0004;0;0;0;0;0;0;0;-0.0004;-0.0884;0;0;0;0;0;0;0;0;0;-0.7452;0;0.7452;1;1;0;0;0;0
26/08/21 21:00;0;0;90;0;0;90;0;0;0;0;3.8303;1.5199;0;0;0;0;0;0;0;0;0;0;0;0;0;1;1;1;1;0;0;0;0;0;0;0;0;0;0;0;0;0;0;0;0;0;0;0;0;0;0;0;0;0;0;0;0;0;0;0;0;0;0;0;1;1;1;1;1;1;1;1;1;1;1;1;1;1;1;1;1;1;1;0;0;0;0;0;0;0;0;0;0.0004;0.088;-0.0884;0;0;0;0;0;0;0;0;0;0;0;0;0;0;0;0;0;0;0;-3.8303;0;0;0;0;0.0004;0;0;0;0;0;0;0;-0.0004;-0.0884;0;0;0;0;0;0;0;0;0;-0.7452;0;0.7452;1;1;0;0;0;0
26/08/21 22:00;0;0;90;0;0;90;0;0;0;0;3.47;1.3;0;0;0;0;0;0;0;0;0;0;0;0;0;1;1;1;1;0;0;0;0;0;0;0;0;0;0;0;0;0;0;0;0;0;0;0;0;0;0;0;0;0;0;0;0;0;0;0;0;0;0;0;1;1;1;1;1;1;1;1;1;1;1;1;1;1;1;1;1;1;1;0;0;0;0;0;0;0;0;0;0.0004;0.088;-0.0884;0;0;0;0;0;0;0;0;0;0;0;0;0;0;0;0;0;0;0;-3.47;0;0;0;0;0.0004;0;0;0;0;0;0;0;-0.0004;-0.0884;0;0;0;0;0;0;0;0;0;-0.7452;0;0.7452;1;1;0;0;0;0
26/08/21 23:00;0;0;90;0;0;90;0;0;0;0;3.0598;1.08;0;0;0;0;0;0;0;0;0;0;0;0;0;1;1;1;1;0;0;0;0;0;0;0;0;0;0;0;0;0;0;0;0;0;0;0;0;0;0;0;0;0;0;0;0;0;0;0;0;0;0;0;1;1;1;1;1;1;1;1;1;1;1;1;1;1;1;1;1;1;1;0;0;0;0;0;0;0;0;0;0.0004;0.088;-0.0884;0;0;0;0;0;0;0;0;0;0;0;0;0;0;0;0;0;0;0;-3.0598;0;0;0;0;0.0004;0;0;0;0;0;0;0;-0.0004;-0.0884;0;0;0;0;0;0;0;0;0;-0.7452;0;0.7452;1;1;0;0;0;0
27/08/21 00:00;0;0;90;0;0;90;0;0;0;0;2.06;0.9401;0;0;0;0;0;0;0;0;0;0;0;0;0;1;1;1;1;0;0;0;0;0;0;0;0;0;0;0;0;0;0;0;0;0;0;0;0;0;0;0;0;0;0;0;0;0;0;0;0;0;0;0;1;1;1;1;1;1;1;1;1;1;1;1;1;1;1;1;1;1;1;0;0;0;0;0;0;0;0;0;0.0004;0.088;-0.0884;0;0;0;0;0;0;0;0;0;0;0;0;0;0;0;0;0;0;0;-2.06;0;0;0;0;0.0004;0;0;0;0;0;0;0;-0.0004;-0.0884;0;0;0;0;0;0;0;0;0;-0.7452;0;0.7452;1;1;0;0;0;0
27/08/21 01:00;0;0;90;0;0;90;0;0;0;0;1.9802;0.76;0;0;0;0;0;0;0;0;0;0;0;0;0;1;1;1;1;0;0;0;0;0;0;0;0;0;0;0;0;0;0;0;0;0;0;0;0;0;0;0;0;0;0;0;0;0;0;0;0;0;0;0;1;1;1;1;1;1;1;1;1;1;1;1;1;1;1;1;1;1;1;0;0;0;0;0;0;0;0;0;0.0004;0.088;-0.0884;0;0;0;0;0;0;0;0;0;0;0;0;0;0;0;0;0;0;0;-1.9802;0;0;0;0;0.0004;0;0;0;0;0;0;0;-0.0004;-0.0884;0;0;0;0;0;0;0;0;0;-0.7452;0;0.7452;1;1;0;0;0;0
27/08/21 02:00;0;0;90;0;0;90;0;0;0;0;1.1998;0.59;0;0;0;0;0;0;0;0;0;0;0;0;0;1;1;1;1;0;0;0;0;0;0;0;0;0;0;0;0;0;0;0;0;0;0;0;0;0;0;0;0;0;0;0;0;0;0;0;0;0;0;0;1;1;1;1;1;1;1;1;1;1;1;1;1;1;1;1;1;1;1;0;0;0;0;0;0;0;0;0;0.0004;0.088;-0.0884;0;0;0;0;0;0;0;0;0;0;0;0;0;0;0;0;0;0;0;-1.1998;0;0;0;0;0.0004;0;0;0;0;0;0;0;-0.0004;-0.0884;0;0;0;0;0;0;0;0;0;-0.7452;0;0.7452;1;1;0;0;0;0
27/08/21 03:00;0;0;90;0;0;90;0;0;0;0;2.2601;0.42;0;0;0;0;0;0;0;0;0;0;0;0;0;1;1;1;1;0;0;0;0;0;0;0;0;0;0;0;0;0;0;0;0;0;0;0;0;0;0;0;0;0;0;0;0;0;0;0;0;0;0;0;1;1;1;1;1;1;1;1;1;1;1;1;1;1;1;1;1;1;1;0;0;0;0;0;0;0;0;0;0.0004;0.088;-0.0884;0;0;0;0;0;0;0;0;0;0;0;0;0;0;0;0;0;0;0;-2.2601;0;0;0;0;0.0004;0;0;0;0;0;0;0;-0.0004;-0.0884;0;0;0;0;0;0;0;0;0;-0.7452;0;0.7452;1;1;0;0;0;0
27/08/21 04:00;0;0;90;0;0;90;0;0;0;0;0.9997;0.2301;0;0;0;0;0;0;0;0;0;0;0;0;0;1;1;1;1;0;0;0;0;0;0;0;0;0;0;0;0;0;0;0;0;0;0;0;0;0;0;0;0;0;0;0;0;0;0;0;0;0;0;0;1;1;1;1;1;1;1;1;1;1;1;1;1;1;1;1;1;1;1;0;0;0;0;0;0;0;0;0;0.0004;0.088;-0.0884;0;0;0;0;0;0;0;0;0;0;0;0;0;0;0;0;0;0;0;-0.9997;0;0;0;0;0.0004;0;0;0;0;0;0;0;-0.0004;-0.0884;0;0;0;0;0;0;0;0;0;-0.7452;0;0.7452;1;1;0;0;0;0
27/08/21 05:00;0;0;90;0;0;90;0;0;0;0;0.1003;0.18;0;0;0;0;0;0;0;0;0;0;0;0;0;1;1;1;1;0;0;0;0;0;0;0;0;0;0;0;0;0;0;0;0;0;0;0;0;0;0;0;0;0;0;0;0;0;0;0;0;0;0;0;1;1;1;1;1;1;1;1;1;1;1;1;1;1;1;1;1;1;1;0;0;0;0;0;0;0;0;0;0.0004;0.088;-0.0884;0;0;0;0;0;0;0;0;0;0;0;0;0;0;0;0;0;0;0;-0.1003;0;0;0;0;0.0004;0;0;0;0;0;0;0;-0.0004;-0.0884;0;0;0;0;0;0;0;0;0;-0.7452;0;0.7452;1;1;0;0;0;0
27/08/21 06:00;3.249;-75.517;82.099;3.3554;4.8053;-90;-4.8053;12.795;12.795;0;0.43;0.2499;0;0;12.773;0;0;0.0036;12.776;0;12.776;0;0;12.773;0.0036;0;1;0;0.0003;12.745;0.031;0;0;0.028;0.003;12.163;0.5563;0;0;0.5561;0.0001;12.72;0.0255;0;0;0.0255;0;12.164;0;0;12.163;0.0005;7.5835;6.3398;1.8909;0.0001;0.0741;1.0662;0.0002;1.1403;0;1;0;0;0.9985;0.9976;1;1;0.9978;0.1672;0.9563;1;1;0.9563;0.7769;0.998;1;1;0.998;0.998;0.952;0.9523;0.1297;0.0364;0.0369;0.0002;0.0067;-0.0031;0.0002;0.0008;0.0002;0;0;0.088;-0.0597;0;0;0;0;0;0;0;0;0;0;0;0;0.0007;0;0.0312;0.0312;0;1.0364;1.0364;0.6064;0.0499;29.664;1050.3;1;0.0028;0.0028;0;0;0;0;0;0;0.0283;-0.0597;0;16.114;18.659;-30.855;-35.729;90.972;90.972;0.3066;0.2627;-0.5031;0.0439;0.7658;0.1431;2.4976;0;7.5835;0;0
27/08/21 07:00;12.191;-68.49;59.193;13.073;20.197;-90;-20.197;157.8;41.003;116.8;2.4303;0.4899;0;283.27;23.357;41;0;0.7763;348.4;0;348.4;283.27;41;23.357;0.7763;0.8131;0.0693;0;0.0022;347.2;1.1964;0;0;0.5481;0.6483;334.66;11.848;9.6402;1.3953;0.7848;0.028;346.51;0.6944;0.5665;0.082;0.0456;0.0003;334.69;273.06;39.523;21.978;0.0997;15.18;12.691;3.9674;0.0866;0.1421;2.0447;0.0311;2.1003;0;1;0;0;2.2079;0.9966;1;1;0.9765;0.1648;0.9658;0.9659;1;0.9655;0.7806;0.998;0.998;1;0.998;0.998;0.9606;0.941;0.1284;0.9915;0.9617;0.0058;0.0127;-0.0214;0.0068;0.0239;0.0004;0;0;0.088;0.8081;0;0;0;0;0;0;0;0;0;0;0;0;0.0193;0.0025;0.9117;0.9117;0;18.68;18.68;16.25;0.0486;824.06;1106.4;1;0.0156;0.0156;0;0;0;0;0;0;0.8961;0.8081;0;17.292;20.024;15.327;17.748;98.289;98.289;8.3616;7.6886;6.8149;0.673;0.8737;0.0805;0.1045;0.815;14.525;0.8115;0
27/08/21 08:00;23.148;-58.063;29.27;26.738;60;-90;-60;414.9;68.502;346.39;5.8299;1.73;0;768.67;17.629;99.849;0;16.596;902.74;0;902.74;768.67;99.849;17.629;16.596;0.8515;0.0379;0;0.0184;885.09;17.656;0;0;2.2087;15.447;881.82;1.4953;0.7756;0.1007;0.5445;0.0744;883.32;1.7702;1.5373;0.1997;0.0308;0.0023;883.34;766.35;99.549;14.845;1.072;50.386;42.123;14.776;2.9515;0.5405;7.7744;1.5174;5.3634;0;1;0;0;2.1758;0.9804;1;1;0.8747;0.0692;0.9983;0.999;1;0.9646;0.9351;0.998;0.998;1;0.998;0.998;0.9768;0.8421;0.0646;2.5691;2.5429;0.0153;-0.0019;0.2189;0.0162;0.0574;0.0013;0;0;0.088;2.0501;0;0;0;0;0;0;0;0;0;0;0;0;0.0462;0.0151;2.1745;2.1745;0;49.593;49.593;43.763;0.0496;2194.1;991.03;1;0.0364;0.0364;0;0;0;0;0;0;2.1381;2.0501;0;15.917;18.431;15.006;17.377;98.326;98.326;21.666;18.337;17.288;3.3284;1.0491;0.1536;0.0484;0.798;15.352;0.7928;0
27/08/21 09:00;32.787;-45.35;36.215;42.159;47.841;-90;-47.841;539.6;89.502;450.1;9.8598;2.9301;0;670.6;28.449;82.623;0;14.194;795.87;0;795.87;670.6;82.623;28.449;14.194;0.8426;0.0536;0;0.0178;780.15;15.723;0;0;2.5664;13.157;774.18;4.4113;3.1262;0.3852;0.85;0.05;778.59;1.5603;1.3412;0.1652;0.0518;0.0021;777.65;666.14;82.072;24.981;0.9852;218.25;182.46;56.543;2.1501;2.1349;30.709;3.4765;30.694;0;1;0;0;1.4749;0.9802;1;1;0.9098;0.0731;0.9943;0.9953;1;0.9671;0.9517;0.998;0.998;1;0.998;0.998;0.9727;0.8781;0.0694;2.265;2.2864;0.0138;-0.0018;0.1863;0.0146;0.0518;0.0053;0;0;0.088;1.8424;0;0;0;0;0;0;0;0;0;0;0;0;0.0418;0.0123;1.9624;1.9624;0;48.242;48.242;38.382;0.0496;1970.1;996.1;1;0.032;0.032;0;0;0;0;0;0;1.9304;1.8424;0;16.293;18.867;15.297;17.713;98.369;98.369;19.101;16.549;15.537;2.5518;1.0121;0.1336;0.053;0.8134;21.747;0.7906;0
27/08/21 10:00;40.263;-29.441;41.647;59.871;30.129;-90;-30.129;667.01;109.8;557.21;11.81;3.48;0;644.25;36.582;81.587;0;7.209;769.63;0;769.63;644.25;81.587;36.582;7.209;0.8371;0.0569;0;0.0094;761.71;7.9219;0;0;1.6291;6.2928;753.2;6.981;5.0459;0.639;1.1367;0.1594;760.18;1.5234;1.2885;0.1632;0.0699;0.0018;755.25;637.91;80.785;33.746;0.7549;354.1;296.02;94.12;0.564;3.1185;44.859;2.0462;47.413;0;1;0;0;1.1538;0.9897;1;1;0.9555;0.1271;0.9908;0.9922;1;0.9674;0.8257;0.998;0.998;1;0.998;0.998;0.9787;0.9225;0.1047;2.1903;2.2507;0.0136;-0.0017;0.191;0.0143;0.0508;0.0078;0;0;0.088;1.8029;0;0;0;0;0;0;0;0;0;0;0;0;0.041;0.0119;1.9221;1.9221;0;49.183;49.183;37.373;0.0496;1938.3;991.64;1;0.0312;0.0312;0;0;0;0;0;0;1.8909;1.8029;0;16.503;19.11;15.48;17.925;98.379;98.379;18.471;16.209;15.204;2.2622;1.0049;0.1225;0.0544;0.8231;24.132;0.7887;0
27/08/21 11:00;44.452;-10.209;44.631;79.759;10.241;-90;-10.241;735.3;121.1;614.2;12.91;3.8;0;624.15;41.592;80.454;0;0.9371;747.13;0;747.13;624.15;80.454;41.592;0.9371;0.8354;0.0569;0;0.0013;746.04;1.0899;0;0;0.3118;0.7781;736.09;8.4594;5.9755;0.7703;1.6779;0.0356;744.55;1.4921;1.2483;0.1609;0.0826;0.0003;736.27;616.92;79.523;39.52;0.1231;429.22;358.83;114.1;0.0134;3.7358;53.737;0.182;57.46;0;1;0;0;1.0161;0.9985;1;1;0.9925;0.1697;0.9886;0.9904;1;0.9593;0.7755;0.998;0.998;1;0.998;0.998;0.9852;0.9502;0.1313;2.1263;2.2142;0.0133;-0.0015;0.19;0.0141;0.05;0.0093;0;0;0.088;1.7688;0;0;0;0;0;0;0;0;0;0;0;0;0.0402;0.0115;1.8873;1.8873;0;49.442;49.442;36.533;0.0496;1906;990.19;1;0.0305;0.0305;0;0;0;0;0;0;1.8568;1.7688;0;16.692;19.329;15.644;18.116;98.386;98.386;17.931;15.916;14.917;2.0155;0.999;0.1124;0.0557;0.8319;24.947;0.7894;0
27/08/21 12:00;44.416;10.54;44.606;79.425;10.575;90;10.575;445.29;320;125.29;13.53;4.09;0;127.46;274.94;43.442;0;0.6051;446.44;0;446.44;127.46;43.442;274.94;0.6051;0.2855;0.6172;0;0.0014;443.76;2.6875;0;0;2.184;0.5035;430.18;12.686;1.2184;0.4153;11.03;0.0228;442.87;0.8875;0.2549;0.0869;0.5455;0.0002;430.3;125.98;42.94;261.18;0.0786;262.92;219.8;67.469;0.0989;2.4519;35.269;0.1143;37.622;0;1;0;0;1.0026;0.994;1;1;0.9921;0.1679;0.9714;0.9904;1;0.9595;0.7748;0.998;0.998;1;0.998;0.998;0.9636;0.95;0.1298;1.2705;1.3018;0.0078;0.0079;0.0445;0.0087;0.0308;0.0064;0;0;0.088;1.06;0;0;0;0;0;0;0;0;0;0;0;0;0.0248;0.0043;1.1666;1.1666;0;34.665;34.665;21.135;0.0491;1118;1043.4;1;0.0186;0.0186;0;0;0;0;0;0;1.148;1.06;0;17.267;19.994;15.689;18.167;98.406;98.406;10.715;9.8377;8.9388;0.877;0.8989;0.0818;0.0839;0.8343;165.05;0.7877;0
27/08/21 13:00;40.165;29.727;41.577;59.566;30.434;90;30.434;227.6;221.1;6.5004;13.5;4.28;0;7.5392;204.32;1.9265;0;2.5089;216.29;0;216.29;7.5392;1.9265;204.32;2.5089;0.0349;0.9562;0;0.0116;204.81;11.479;0;0;9.2751;2.2037;197.94;6.4627;0.0587;0.015;6.3356;0.0533;204.4;0.4096;0.0151;0.0039;0.3901;0.0006;198.75;7.4654;1.9076;188.32;0.2512;139.35;116.5;36.886;3.2522;1.4343;20.632;0.806;18.814;0;1;0;0;0.9503;0.9469;1;1;0.9546;0.1216;0.9684;0.9922;1;0.9675;0.8249;0.998;0.998;1;0.998;0.998;0.9152;0.9217;0.1001;0.6156;0.61;0.0037;0.0166;-0.004;0.0042;0.0147;0.0038;0;0;0.088;0.4599;0;0;0;0;0;0;0;0;0;0;0;0;0.0119;0.0011;0.5579;0.5579;0;23.184;23.184;9.6844;0.0489;521.08;1070.7;1;0.0101;0.0101;0;0;0;0;0;0;0.5479;0.4599;0;17.045;19.738;14.049;16.269;98.195;98.195;5.191;4.7051;3.8781;0.4859;0.827;0.0936;0.1593;0.7471;135.07;0.6973;0
27/08/21 14:00;32.645;45.579;36.111;41.892;48.108;90;48.108;220.19;210.3;9.8926;13.7;4.1;0;14.815;172.97;4.3055;0;5.8532;197.94;0;197.94;14.815;4.3055;172.97;5.8532;0.0748;0.9034;0;0.0296;176.7;21.238;0;0;15.782;5.4555;171.08;5.2731;0.0682;0.0198;5.1658;0.0193;176.35;0.3534;0.0296;0.0086;0.3144;0.0008;173.37;14.718;4.2771;151.7;0.3776;137.47;114.93;39.055;13.306;1.8979;27.301;2.2936;15.893;0;1;0;0;0.8989;0.8927;1;1;0.9088;0.0679;0.9701;0.9954;1;0.9671;0.9513;0.998;0.998;1;0.998;0.998;0.8643;0.8771;0.0645;0.5633;0.5507;0.0033;0.017;-0.0058;0.0038;0.0133;0.005;0;0;0.088;0.4049;0;0;0;0;0;0;0;0;0;0;0;0;0.0107;0.0009;0.5024;0.5024;0;22.073;22.073;8.3725;0.0489;469.54;1070;1;0.0095;0.0095;0;0;0;0;0;0;0.4929;0.4049;0;16.772;19.422;13.518;15.654;98.114;98.114;4.7505;4.2369;3.4149;0.5136;0.822;0.1081;0.173;0.7188;132.55;0.6516;0
27/08/21 15:00;22.979;58.248;29.171;26.505;60;90;60;61.69;61.098;0.5923;12.9;3.21;0;1.3247;45.772;0.1545;0;2.4676;49.719;0;49.719;1.3247;0.1545;45.772;2.4676;0.0266;0.9702;0;0.0496;41.656;8.0628;0;0;5.7543;2.3085;40.147;1.4254;0.0013;0.0002;1.4131;0.0108;41.572;0.0833;0.0026;0.0003;0.08;0.0003;41.223;1.3207;0.1541;38.524;0.148;39.902;33.358;12.027;7.6528;0.7523;10.822;1.0764;3.9218;0;1;0;0;0.8059;0.8378;1;1;0.8743;0.0645;0.9657;0.999;1;0.9646;0.9318;0.998;0.998;1;0.998;0.998;0.8075;0.8417;0.06;0.1415;0.1396;0.0008;0.0129;-0.0052;0.0009;0.0033;0.0019;0;0;0.088;0.029;0;0;0;0;0;0;0;0;0;0;0;0;0.0026;0.0001;0.1223;0.1223;0;14.883;14.883;1.9837;0.0494;117.17;1043.3;1;0.0053;0.0053;0;0;0;0;0;0;0.117;0.029;0;16.248;18.815;3.8492;4.4573;95.672;95.672;1.1932;1.031;0.2442;0.1623;0.7867;0.136;0.6593;0.2047;39.847;0.176;0
27/08/21 16:00;12.006;68.646;59.702;12.863;19.815;90;19.815;121.7;108;13.699;12.8;2.43;0;33.225;99.659;12.859;0;0.5764;146.32;0;146.32;33.225;12.859;99.659;0.5764;0.2271;0.685;0;0.0039;143.56;2.7564;0;0;2.2736;0.4828;138.22;5.0521;1.2002;0.4645;3.3668;0.0207;143.28;0.2871;0.0665;0.0257;0.1948;0.0002;138.35;31.958;12.369;93.824;0.0727;61.956;51.795;15.803;0.344;0.6049;8.7008;0.1264;8.9616;0;1;0;0;1.2023;0.9812;1;1;0.9772;0.1624;0.9647;0.9638;1;0.9654;0.7784;0.998;0.998;1;0.998;0.998;0.9447;0.9414;0.1262;0.4164;0.4133;0.0025;0.0172;-0.0081;0.0028;0.01;0.0016;0;0;0.088;0.2824;0;0;0;0;0;0;0;0;0;0;0;0;0.008;0.0006;0.3786;0.3786;0;19.563;19.563;6.7634;0.0489;352.86;1073.1;1;0.0082;0.0082;0;0;0;0;0;0;0.3704;0.2824;0;17.1;19.801;12.756;14.771;97.835;97.835;3.5117;3.1931;2.3819;0.3185;0.8112;0.0907;0.231;0.6783;61.863;0.6494;0
27/08/21 17:00;3.2546;75.513;82.086;3.3613;4.8138;90;4.8138;0.0977;0;0.0977;11.67;2.5;0;0.2369;0;0;0;0;0.2369;0.2369;0;0.2369;0;0;0;1;1;1;1;0;0;0;0;0;0;0;0;0;0;0;0;0;0;0;0;0;0;0;0;0;0;0;0;0;0;0;0;0;0;0;0;0;0;0;0;1;1;1;1;1;1;1;1;1;1;1;0;1;1;0;1;1;0;0;0;0;0;0;0;0;0;0;0.0004;0.088;-0.0884;0;0;0;0;0;0;0;0;0;0;0;0;0;0;0;0;0;0;0;-11.67;0;0;0;0;0.0004;0;0;0;0;0;0;0;-0.0004;-0.0884;0;0;0;0;0;0;0;0;0;-0.7452;0;0.7452;1;1;0;0;0;0
27/08/21 18:00;0;0;90;0;0;90;0;0;0;0;9.4602;2.34;0;0;0;0;0;0;0;0;0;0;0;0;0;1;1;1;1;0;0;0;0;0;0;0;0;0;0;0;0;0;0;0;0;0;0;0;0;0;0;0;0;0;0;0;0;0;0;0;0;0;0;0;1;1;1;1;1;1;1;1;1;1;1;1;1;1;1;1;1;1;1;0;0;0;0;0;0;0;0;0;0.0004;0.088;-0.0884;0;0;0;0;0;0;0;0;0;0;0;0;0;0;0;0;0;0;0;-9.4602;0;0;0;0;0.0004;0;0;0;0;0;0;0;-0.0004;-0.0884;0;0;0;0;0;0;0;0;0;-0.7452;0;0.7452;1;1;0;0;0;0
27/08/21 19:00;0;0;90;0;0;90;0;0;0;0;7.8202;2.1699;0;0;0;0;0;0;0;0;0;0;0;0;0;1;1;1;1;0;0;0;0;0;0;0;0;0;0;0;0;0;0;0;0;0;0;0;0;0;0;0;0;0;0;0;0;0;0;0;0;0;0;0;1;1;1;1;1;1;1;1;1;1;1;1;1;1;1;1;1;1;1;0;0;0;0;0;0;0;0;0;0.0004;0.088;-0.0884;0;0;0;0;0;0;0;0;0;0;0;0;0;0;0;0;0;0;0;-7.8202;0;0;0;0;0.0004;0;0;0;0;0;0;0;-0.0004;-0.0884;0;0;0;0;0;0;0;0;0;-0.7452;0;0.7452;1;1;0;0;0;0
27/08/21 20:00;0;0;90;0;0;90;0;0;0;0;5.2702;2.0601;0;0;0;0;0;0;0;0;0;0;0;0;0;1;1;1;1;0;0;0;0;0;0;0;0;0;0;0;0;0;0;0;0;0;0;0;0;0;0;0;0;0;0;0;0;0;0;0;0;0;0;0;1;1;1;1;1;1;1;1;1;1;1;1;1;1;1;1;1;1;1;0;0;0;0;0;0;0;0;0;0.0004;0.088;-0.0884;0;0;0;0;0;0;0;0;0;0;0;0;0;0;0;0;0;0;0;-5.2702;0;0;0;0;0.0004;0;0;0;0;0;0;0;-0.0004;-0.0884;0;0;0;0;0;0;0;0;0;-0.7452;0;0.7452;1;1;0;0;0;0
27/08/21 21:00;0;0;90;0;0;90;0;0;0;0;4.7397;2.03;0;0;0;0;0;0;0;0;0;0;0;0;0;1;1;1;1;0;0;0;0;0;0;0;0;0;0;0;0;0;0;0;0;0;0;0;0;0;0;0;0;0;0;0;0;0;0;0;0;0;0;0;1;1;1;1;1;1;1;1;1;1;1;1;1;1;1;1;1;1;1;0;0;0;0;0;0;0;0;0;0.0004;0.088;-0.0884;0;0;0;0;0;0;0;0;0;0;0;0;0;0;0;0;0;0;0;-4.7397;0;0;0;0;0.0004;0;0;0;0;0;0;0;-0.0004;-0.0884;0;0;0;0;0;0;0;0;0;-0.7452;0;0.7452;1;1;0;0;0;0
27/08/21 22:00;0;0;90;0;0;90;0;0;0;0;3.47;2.0099;0;0;0;0;0;0;0;0;0;0;0;0;0;1;1;1;1;0;0;0;0;0;0;0;0;0;0;0;0;0;0;0;0;0;0;0;0;0;0;0;0;0;0;0;0;0;0;0;0;0;0;0;1;1;1;1;1;1;1;1;1;1;1;1;1;1;1;1;1;1;1;0;0;0;0;0;0;0;0;0;0.0004;0.088;-0.0884;0;0;0;0;0;0;0;0;0;0;0;0;0;0;0;0;0;0;0;-3.47;0;0;0;0;0.0004;0;0;0;0;0;0;0;-0.0004;-0.0884;0;0;0;0;0;0;0;0;0;-0.7452;0;0.7452;1;1;0;0;0;0
27/08/21 23:00;0;0;90;0;0;90;0;0;0;0;2.6703;1.9101;0;0;0;0;0;0;0;0;0;0;0;0;0;1;1;1;1;0;0;0;0;0;0;0;0;0;0;0;0;0;0;0;0;0;0;0;0;0;0;0;0;0;0;0;0;0;0;0;0;0;0;0;1;1;1;1;1;1;1;1;1;1;1;1;1;1;1;1;1;1;1;0;0;0;0;0;0;0;0;0;0.0004;0.088;-0.0884;0;0;0;0;0;0;0;0;0;0;0;0;0;0;0;0;0;0;0;-2.6703;0;0;0;0;0.0004;0;0;0;0;0;0;0;-0.0004;-0.0884;0;0;0;0;0;0;0;0;0;-0.7452;0;0.7452;1;1;0;0;0;0
28/08/21 00:00;0;0;90;0;0;90;0;0;0;0;1.8799;1.7501;0;0;0;0;0;0;0;0;0;0;0;0;0;1;1;1;1;0;0;0;0;0;0;0;0;0;0;0;0;0;0;0;0;0;0;0;0;0;0;0;0;0;0;0;0;0;0;0;0;0;0;0;1;1;1;1;1;1;1;1;1;1;1;1;1;1;1;1;1;1;1;0;0;0;0;0;0;0;0;0;0.0004;0.088;-0.0884;0;0;0;0;0;0;0;0;0;0;0;0;0;0;0;0;0;0;0;-1.8799;0;0;0;0;0.0004;0;0;0;0;0;0;0;-0.0004;-0.0884;0;0;0;0;0;0;0;0;0;-0.7452;0;0.7452;1;1;0;0;0;0
28/08/21 01:00;0;0;90;0;0;90;0;0;0;0;1.0702;1.6701;0;0;0;0;0;0;0;0;0;0;0;0;0;1;1;1;1;0;0;0;0;0;0;0;0;0;0;0;0;0;0;0;0;0;0;0;0;0;0;0;0;0;0;0;0;0;0;0;0;0;0;0;1;1;1;1;1;1;1;1;1;1;1;1;1;1;1;1;1;1;1;0;0;0;0;0;0;0;0;0;0.0004;0.088;-0.0884;0;0;0;0;0;0;0;0;0;0;0;0;0;0;0;0;0;0;0;-1.0702;0;0;0;0;0.0004;0;0;0;0;0;0;0;-0.0004;-0.0884;0;0;0;0;0;0;0;0;0;-0.7452;0;0.7452;1;1;0;0;0;0
28/08/21 02:00;0;0;90;0;0;90;0;0;0;0;0.9898;1.6099;0;0;0;0;0;0;0;0;0;0;0;0;0;1;1;1;1;0;0;0;0;0;0;0;0;0;0;0;0;0;0;0;0;0;0;0;0;0;0;0;0;0;0;0;0;0;0;0;0;0;0;0;1;1;1;1;1;1;1;1;1;1;1;1;1;1;1;1;1;1;1;0;0;0;0;0;0;0;0;0;0.0004;0.088;-0.0884;0;0;0;0;0;0;0;0;0;0;0;0;0;0;0;0;0;0;0;-0.9898;0;0;0;0;0.0004;0;0;0;0;0;0;0;-0.0004;-0.0884;0;0;0;0;0;0;0;0;0;-0.7452;0;0.7452;1;1;0;0;0;0
28/08/21 03:00;0;0;90;0;0;90;0;0;0;0;0.7598;1.55;0;0;0;0;0;0;0;0;0;0;0;0;0;1;1;1;1;0;0;0;0;0;0;0;0;0;0;0;0;0;0;0;0;0;0;0;0;0;0;0;0;0;0;0;0;0;0;0;0;0;0;0;1;1;1;1;1;1;1;1;1;1;1;1;1;1;1;1;1;1;1;0;0;0;0;0;0;0;0;0;0.0004;0.088;-0.0884;0;0;0;0;0;0;0;0;0;0;0;0;0;0;0;0;0;0;0;-0.7598;0;0;0;0;0.0004;0;0;0;0;0;0;0;-0.0004;-0.0884;0;0;0;0;0;0;0;0;0;-0.7452;0;0.7452;1;1;0;0;0;0
28/08/21 04:00;0;0;90;0;0;90;0;0;0;0;0.0398;1.38;0;0;0;0;0;0;0;0;0;0;0;0;0;1;1;1;1;0;0;0;0;0;0;0;0;0;0;0;0;0;0;0;0;0;0;0;0;0;0;0;0;0;0;0;0;0;0;0;0;0;0;0;1;1;1;1;1;1;1;1;1;1;1;1;1;1;1;1;1;1;1;0;0;0;0;0;0;0;0;0;0.0004;0.088;-0.0884;0;0;0;0;0;0;0;0;0;0;0;0;0;0;0;0;0;0;0;-0.0398;0;0;0;0;0.0004;0;0;0;0;0;0;0;-0.0004;-0.0884;0;0;0;0;0;0;0;0;0;-0.7452;0;0.7452;1;1;0;0;0;0
28/08/21 05:00;0;0;90;0;0;90;0;0;0;0;-0.1397;1.2799;0;0;0;0;0;0;0;0;0;0;0;0;0;1;1;1;1;0;0;0;0;0;0;0;0;0;0;0;0;0;0;0;0;0;0;0;0;0;0;0;0;0;0;0;0;0;0;0;0;0;0;0;1;1;1;1;1;1;1;1;1;1;1;1;1;1;1;1;1;1;1;0;0;0;0;0;0;0;0;0;0.0004;0.088;-0.0884;0;0;0;0;0;0;0;0;0;0;0;0;0;0;0;0;0;0;0;0.1397;0;0;0;0;0.0004;0;0;0;0;0;0;0;-0.0004;-0.0884;0;0;0;0;0;0;0;0;0;-0.7452;0;0.7452;1;1;0;0;0;0
28/08/21 06:00;3.3175;-75.906;81.932;3.4202;4.899;-90;-4.899;11.506;11.302;0.2041;-0.6602;1.0499;0;0.495;11.251;0.072;0;0.0034;11.822;0;11.822;0.495;0.072;11.251;0.0034;0.0419;0.952;0;0.0003;11.794;0.0283;0;0;0.0255;0.0028;11.056;0.7141;0.1961;0.0285;0.4894;0.0001;11.77;0.0236;0.001;0.0001;0.0225;0;11.056;0.2979;0.0434;10.714;0.0004;6.6822;5.5864;1.6664;0.0001;0.0653;0.9393;0.0002;1.0045;0;1;0;0;1.0275;0.9976;1;1;0.9977;0.1673;0.9393;0.6031;1;0.9563;0.7769;0.998;0.998;1;0.998;0.998;0.9352;0.9522;0.1297;0.0336;0.0335;0.0002;0.0064;-0.0029;0.0002;0.0007;0.0002;0;0;0.088;-0.0626;0;0;0;0;0;0;0;0;0;0;0;0;0.0006;0;0.0281;0.0281;0;-0.1083;-0.1083;0.5519;0.0499;26.736;1050.9;1;0.0027;0.0027;0;0;0;0;0;0;0.0254;-0.0626;0;15.705;18.186;-35.009;-40.539;90.289;90.289;0.2837;0.2369;-0.5282;0.0468;0.7651;0.1649;2.6967;0;6.6811;0;0
28/08/21 07:00;12.47;-68.724;58.421;13.35;20.706;-90;-20.706;165.91;39;126.91;2.2701;0.7001;0;307.79;21.214;41.421;0;0.8573;371.28;0;371.28;307.79;41.421;21.214;0.8573;0.829;0.0594;0;0.0023;370.04;1.2354;0;0;0.5181;0.7174;357.71;11.593;9.5665;1.2874;0.7091;0.0304;369.3;0.7401;0.6156;0.0828;0.0414;0.0003;357.74;297.6;40.051;19.945;0.1092;13.931;11.647;3.6612;0.0862;0.1296;1.8638;0.0301;1.9072;0;1;0;0;2.2379;0.9967;1;1;0.9756;0.1632;0.9686;0.9689;1;0.9657;0.7821;0.998;0.998;1;0.998;0.998;0.9635;0.9402;0.1274;1.0566;1.0273;0.0062;0.0118;-0.0193;0.0072;0.0255;0.0004;0;0;0.088;0.8676;0;0;0;0;0;0;0;0;0;0;0;0;0.0206;0.0028;0.9722;0.9722;0;19.646;19.646;17.376;0.0486;880.27;1104.4;1;0.0165;0.0165;0;0;0;0;0;0;0.9556;0.8676;0;17.302;20.036;15.442;17.882;98.301;98.301;8.9106;8.1984;7.317;0.7123;0.8814;0.0799;0.0989;0.8212;13.226;0.8181;0
28/08/21 08:00;23.448;-58.28;28.98;27.017;60;-90;-60;375.1;63.699;311.4;8.0602;0.5401;0;684.6;19.917;81.655;0;15.004;801.18;0;801.18;684.6;81.655;19.917;15.004;0.8545;0.0436;0;0.0187;784.72;16.461;0;0;2.4953;13.966;781.7;1.4479;0.6839;0.0816;0.6152;0.0673;783.15;1.5694;1.3692;0.1633;0.0348;0.0021;783.13;682.55;81.41;16.772;0.9692;51.494;43.049;15.339;3.3336;0.5575;8.0193;1.4311;5.2432;0;1;0;0;2.1359;0.9795;1;1;0.8747;0.0692;0.9982;0.999;1;0.9646;0.9351;0.998;0.998;1;0.998;0.998;0.9757;0.8421;0.0646;2.2801;2.2567;0.0136;-0.0017;0.172;0.0145;0.0515;0.0014;0;0;0.088;1.832;0;0;0;0;0;0;0;0;0;0;0;0;0.0414;0.012;1.9519;1.9519;0;46.768;46.768;38.708;0.0495;1945.6;1003.3;1;0.032;0.032;0;0;0;0;0;0;1.92;1.832;0;16.099;18.643;15.11;17.497;98.363;98.363;19.228;16.461;15.449;2.7673;1.0116;0.1439;0.0526;0.8035;17.345;0.7975;0
28/08/21 09:00;33.113;-45.531;35.927;42.426;47.574;-90;-47.574;539.51;90.799;448.71;10.63;1.2701;0;665.11;29.5;82.366;0;14.043;791.02;0;791.02;665.11;82.366;29.5;14.043;0.8408;0.055;0;0.0178;775.36;15.651;0;0;2.6396;13.012;769.52;4.2909;2.9888;0.3701;0.8813;0.0507;773.81;1.5507;1.3302;0.1647;0.0537;0.0021;772.93;660.79;81.831;25.926;0.9782;220.08;183.98;57.786;2.1866;2.1038;30.262;3.4073;30.18;0;1;0;0;1.4662;0.9802;1;1;0.9105;0.0734;0.9945;0.9955;1;0.9671;0.9507;0.998;0.998;1;0.998;0.998;0.9728;0.8788;0.0697;2.2512;2.272;0.0137;-0.0018;0.1896;0.0145;0.0514;0.0052;0;0;0.088;1.8262;0;0;0;0;0;0;0;0;0;0;0;0;0.0414;0.0121;1.9458;1.9458;0;48.799;48.799;38.169;0.0496;1957.9;993.84;1;0.0317;0.0317;0;0;0;0;0;0;1.9142;1.8262;0;16.255;18.823;15.255;17.665;98.373;98.373;18.984;16.409;15.4;2.5752;1.009;0.1356;0.0532;0.8112;22.493;0.7886;0
28/08/21 10:00;40.614;-29.546;41.33;60.099;29.901;-90;-29.901;665.5;110.3;555.2;12.35;1.17;0;640.45;37.532;80.858;0;7.0869;765.93;0;765.93;640.45;80.858;37.532;7.0869;0.8362;0.0583;0;0.0093;758.1;7.8308;0;0;1.6513;6.1795;749.74;6.8429;4.8977;0.6183;1.1677;0.1592;756.58;1.5162;1.2809;0.1617;0.0718;0.0018;751.71;634.27;80.078;34.641;0.7464;354.06;295.99;94.941;0.5636;3.0642;44.078;1.9668;46.578;0;1;0;0;1.1509;0.9898;1;1;0.956;0.128;0.991;0.9923;1;0.9674;0.8243;0.998;0.998;1;0.998;0.998;0.9789;0.923;0.1053;2.1798;2.239;0.0135;-0.0016;0.1931;0.0142;0.0505;0.0076;0;0;0.088;1.7904;0;0;0;0;0;0;0;0;0;0;0;0;0.0407;0.0118;1.9093;1.9093;0;49.563;49.563;37.213;0.0496;1928.3;990.12;1;0.0309;0.0309;0;0;0;0;0;0;1.8784;1.7904;0;16.472;19.074;15.446;17.887;98.382;98.382;18.382;16.101;15.099;2.281;1.0026;0.1241;0.0545;0.8214;24.72;0.7874;0
28/08/21 11:00;44.811;-10.184;44.287;79.909;10.091;-90;-10.091;731.81;121.6;610.21;13.8;1.49;0;619.8;42.82;79.676;0;0.9057;743.2;0;743.2;619.8;79.676;42.82;0.9057;0.834;0.0588;0;0.0012;742.13;1.0653;0;0;0.3133;0.7521;732.33;8.3225;5.8095;0.7468;1.7317;0.0344;740.65;1.4843;1.2396;0.1594;0.085;0.0003;732.5;612.75;78.77;40.69;0.1189;427.33;357.25;113.58;0.0131;3.7206;53.519;0.1746;57.227;0;1;0;0;1.0156;0.9986;1;1;0.9927;0.1696;0.9888;0.9906;1;0.9592;0.7755;0.998;0.998;1;0.998;0.998;0.9854;0.9503;0.1313;2.1151;2.2029;0.0133;-0.0015;0.1948;0.014;0.0496;0.0092;0;0;0.088;1.7542;0;0;0;0;0;0;0;0;0;0;0;0;0.0399;0.0114;1.8723;1.8723;0;50.168;50.168;36.368;0.0497;1896.5;987.21;1;0.0301;0.0301;0;0;0;0;0;0;1.8422;1.7542;0;16.647;19.277;15.597;18.061;98.391;98.391;17.837;15.789;14.793;2.0474;0.9961;0.1148;0.0558;0.8294;25.674;0.7869;0
28/08/21 12:00;44.754;10.714;44.247;79.38;10.62;90;10.62;735.79;124.3;611.49;14.97;1.7501;0;622.15;43.487;81.837;0;1.0083;748.48;0;748.48;622.15;81.837;43.487;1.0083;0.8312;0.0594;0;0.0013;747.3;1.1869;0;0;0.3479;0.839;737.44;8.3636;5.8171;0.7652;1.7433;0.038;745.8;1.4946;1.2443;0.1637;0.0863;0.0003;737.64;615.09;80.909;41.309;0.1309;429.19;358.8;114.08;0.0161;3.7362;53.743;0.1992;57.464;0;1;0;0;1.0172;0.9984;1;1;0.992;0.1679;0.9888;0.9906;1;0.9595;0.7748;0.998;0.998;1;0.998;0.998;0.9852;0.9499;0.1298;2.1301;2.2181;0.0134;-0.0016;0.2077;0.014;0.0496;0.0092;0;0;0.088;1.7562;0;0;0;0;0;0;0;0;0;0;0;0;0.04;0.0116;1.8742;1.8742;0;51.636;51.636;36.666;0.0497;1910.2;981.17;1;0.03;0.03;0;0;0;0;0;0;1.8442;1.7562;0;16.546;19.16;15.504;17.953;98.397;98.397;17.964;15.805;14.81;2.1582;0.9955;0.1201;0.0554;0.8244;26.108;0.7824;0
28/08/21 13:00;40.457;30.002;41.219;59.615;30.385;90;30.385;679.61;119.1;560.51;15.47;1.5801;0;649.75;39.533;88.861;0;7.4679;785.61;0;785.61;649.75;88.861;39.533;7.4679;0.8271;0.0598;0;0.0095;777.27;8.3479;0;0;1.79;6.558;768.73;6.9858;4.9265;0.6738;1.2262;0.1593;775.71;1.5545;1.2995;0.1777;0.0755;0.0018;770.85;643.53;88.009;36.441;0.7488;360.23;301.15;95.782;0.6275;3.174;45.657;2.1256;48.204;0;1;0;0;1.156;0.9894;1;1;0.9547;0.1218;0.991;0.9924;1;0.9674;0.8245;0.998;0.998;1;0.998;0.998;0.9785;0.9218;0.1003;2.2358;2.2969;0.0138;-0.0018;0.2324;0.0144;0.051;0.0077;0;0;0.088;1.8072;0;0;0;0;0;0;0;0;0;0;0;0;0.041;0.0124;1.926;1.926;0;53.755;53.755;38.285;0.0498;1979.6;972.91;1;0.0309;0.0309;0;0;0;0;0;0;1.8952;1.8072;0;16.2;18.759;15.2;17.602;98.398;98.398;18.855;16.242;15.24;2.6124;1.0024;0.1386;0.0532;0.8083;26.126;0.7746;0
28/08/21 14:00;32.887;45.896;35.763;42.003;47.997;90;47.997;545.8;122.3;423.49;15.83;1.2799;0;632.87;42.757;106.21;0;14.446;796.28;0;796.28;632.87;106.21;42.757;14.446;0.7948;0.0718;0;0.0181;778.93;17.35;0;0;3.8883;13.462;772.8;4.5752;2.7831;0.4671;1.2769;0.0481;777.37;1.5579;1.2657;0.2124;0.0777;0.002;776.41;628.82;105.53;37.514;0.9333;224.05;187.31;58.281;3.2663;2.245;32.294;3.6093;31.273;0;1;0;0;1.4589;0.9782;1;1;0.9091;0.0681;0.9941;0.9956;1;0.9671;0.9509;0.998;0.998;1;0.998;0.998;0.9705;0.8774;0.0646;2.2662;2.2861;0.0138;-0.0018;0.2361;0.0143;0.0506;0.0055;0;0;0.088;1.796;0;0;0;0;0;0;0;0;0;0;0;0;0.0408;0.0123;1.9146;1.9146;0;54.336;54.336;38.506;0.0498;1971.6;971.12;1;0.0306;0.0306;0;0;0;0;0;0;1.884;1.796;0;15.889;18.399;14.904;17.259;98.401;98.401;19.111;16.146;15.146;2.9645;1.0003;0.1551;0.0523;0.7925;32.731;0.7692;0
28/08/21 15:00;23.179;58.573;28.82;26.646;60;90;60;359.5;138.6;220.9;15.74;1.1101;0;491.7;60.483;129.01;0;14.38;695.57;0;695.57;491.7;129.01;60.483;14.38;0.7069;0.1076;0;0.0207;674.51;21.056;0;0;7.6039;13.452;670.62;2.5471;0.4885;0.1282;1.8673;0.0631;673.16;1.349;0.9834;0.258;0.1058;0.0019;672.82;490.23;128.62;50.906;0.8624;76.829;64.229;22.782;10.115;1.1727;16.869;2.2079;7.9266;0;1;0;0;1.9348;0.9697;1;1;0.8743;0.0645;0.9962;0.999;1;0.9646;0.9318;0.998;0.998;1;0.998;0.998;0.9641;0.8417;0.06;1.9795;1.9588;0.0118;0.0001;0.1656;0.0125;0.0442;0.0029;0;0;0.088;1.5624;0;0;0;0;0;0;0;0;0;0;0;0;0.0356;0.0092;1.6769;1.6769;0;49.019;49.019;33.279;0.0496;1687.4;993.76;1;0.0265;0.0265;0;0;0;0;0;0;1.6504;1.5624;0;15.931;18.448;14.843;17.188;98.418;98.418;16.694;14.142;13.176;2.552;0.9658;0.1529;0.0579;0.7893;52.655;0.7752;0
28/08/21 16:00;12.175;68.971;59.236;13.015;20.092;90;20.092;152.99;115.1;37.896;15.2;1.49;0;91.91;96.656;37.373;0;0.7448;226.68;0;226.68;91.91;37.373;96.656;0.7448;0.4055;0.4297;0;0.0033;223.8;2.8804;0;0;2.2561;0.6243;215.66;7.6996;3.144;1.2784;3.2506;0.0266;223.35;0.4476;0.1838;0.0747;0.1888;0.0002;215.78;88.582;36.019;90.96;0.0937;60.339;50.443;15.426;0.3507;0.5878;8.4547;0.127;8.6918;0;1;0;0;1.4816;0.9873;1;1;0.9767;0.1619;0.9655;0.9657;1;0.9655;0.7788;0.998;0.998;1;0.998;0.998;0.9514;0.9411;0.1258;0.6451;0.6343;0.0038;0.0164;0.0017;0.0043;0.0152;0.0015;0;0;0.088;0.4796;0;0;0;0;0;0;0;0;0;0;0;0;0.0122;0.0012;0.5778;0.5778;0;25.766;25.766;10.566;0.049;543.14;1063.9;1;0.0103;0.0103;0;0;0;0;0;0;0.5676;0.4796;0;16.844;19.505;13.979;16.188;98.222;98.222;5.4404;4.8729;4.0441;0.5675;0.8288;0.1043;0.1523;0.7434;60.078;0.7232;0
28/08/21 17:00;3.2095;75.986;82.196;3.3077;4.7364;90;4.7364;0;0;0;11.83;2.27;0;0;0;0;0;0;0;0;0;0;0;0;0;1;1;1;1;0;0;0;0;0;0;0;0;0;0;0;0;0;0;0;0;0;0;0;0;0;0;0;0;0;0;0;0;0;0;0;0;0;0;0;1;1;1;1;1;1;1;1;1;1;1;1;1;1;1;1;1;1;1;0;0;0;0;0;0;0;0;0;0.0004;0.088;-0.0884;0;0;0;0;0;0;0;0;0;0;0;0;0;0;0;0;0;0;0;-11.83;0;0;0;0;0.0004;0;0;0;0;0;0;0;-0.0004;-0.0884;0;0;0;0;0;0;0;0;0;-0.7452;0;0.7452;1;1;0;0;0;0
28/08/21 18:00;0;0;90;0;0;90;0;0;0;0;6.5299;2.91;0;0;0;0;0;0;0;0;0;0;0;0;0;1;1;1;1;0;0;0;0;0;0;0;0;0;0;0;0;0;0;0;0;0;0;0;0;0;0;0;0;0;0;0;0;0;0;0;0;0;0;0;1;1;1;1;1;1;1;1;1;1;1;1;1;1;1;1;1;1;1;0;0;0;0;0;0;0;0;0;0.0004;0.088;-0.0884;0;0;0;0;0;0;0;0;0;0;0;0;0;0;0;0;0;0;0;-6.5299;0;0;0;0;0.0004;0;0;0;0;0;0;0;-0.0004;-0.0884;0;0;0;0;0;0;0;0;0;-0.7452;0;0.7452;1;1;0;0;0;0
28/08/21 19:00;0;0;90;0;0;90;0;0;0;0;5.2901;3.3301;0;0;0;0;0;0;0;0;0;0;0;0;0;1;1;1;1;0;0;0;0;0;0;0;0;0;0;0;0;0;0;0;0;0;0;0;0;0;0;0;0;0;0;0;0;0;0;0;0;0;0;0;1;1;1;1;1;1;1;1;1;1;1;1;1;1;1;1;1;1;1;0;0;0;0;0;0;0;0;0;0.0004;0.088;-0.0884;0;0;0;0;0;0;0;0;0;0;0;0;0;0;0;0;0;0;0;-5.2901;0;0;0;0;0.0004;0;0;0;0;0;0;0;-0.0004;-0.0884;0;0;0;0;0;0;0;0;0;-0.7452;0;0.7452;1;1;0;0;0;0
28/08/21 20:00;0;0;90;0;0;90;0;0;0;0;5.3699;3.37;0;0;0;0;0;0;0;0;0;0;0;0;0;1;1;1;1;0;0;0;0;0;0;0;0;0;0;0;0;0;0;0;0;0;0;0;0;0;0;0;0;0;0;0;0;0;0;0;0;0;0;0;1;1;1;1;1;1;1;1;1;1;1;1;1;1;1;1;1;1;1;0;0;0;0;0;0;0;0;0;0.0004;0.088;-0.0884;0;0;0;0;0;0;0;0;0;0;0;0;0;0;0;0;0;0;0;-5.3699;0;0;0;0;0.0004;0;0;0;0;0;0;0;-0.0004;-0.0884;0;0;0;0;0;0;0;0;0;-0.7452;0;0.7452;1;1;0;0;0;0
28/08/21 21:00;0;0;90;0;0;90;0;0;0;0;4.65;3.08;0;0;0;0;0;0;0;0;0;0;0;0;0;1;1;1;1;0;0;0;0;0;0;0;0;0;0;0;0;0;0;0;0;0;0;0;0;0;0;0;0;0;0;0;0;0;0;0;0;0;0;0;1;1;1;1;1;1;1;1;1;1;1;1;1;1;1;1;1;1;1;0;0;0;0;0;0;0;0;0;0.0004;0.088;-0.0884;0;0;0;0;0;0;0;0;0;0;0;0;0;0;0;0;0;0;0;-4.65;0;0;0;0;0.0004;0;0;0;0;0;0;0;-0.0004;-0.0884;0;0;0;0;0;0;0;0;0;-0.7452;0;0.7452;1;1;0;0;0;0
28/08/21 22:00;0;0;90;0;0;90;0;0;0;0;5.2602;2.6901;0;0;0;0;0;0;0;0;0;0;0;0;0;1;1;1;1;0;0;0;0;0;0;0;0;0;0;0;0;0;0;0;0;0;0;0;0;0;0;0;0;0;0;0;0;0;0;0;0;0;0;0;1;1;1;1;1;1;1;1;1;1;1;1;1;1;1;1;1;1;1;0;0;0;0;0;0;0;0;0;0.0004;0.088;-0.0884;0;0;0;0;0;0;0;0;0;0;0;0;0;0;0;0;0;0;0;-5.2602;0;0;0;0;0.0004;0;0;0;0;0;0;0;-0.0004;-0.0884;0;0;0;0;0;0;0;0;0;-0.7452;0;0.7452;1;1;0;0;0;0
28/08/21 23:00;0;0;90;0;0;90;0;0;0;0;4.5602;2.5401;0;0;0;0;0;0;0;0;0;0;0;0;0;1;1;1;1;0;0;0;0;0;0;0;0;0;0;0;0;0;0;0;0;0;0;0;0;0;0;0;0;0;0;0;0;0;0;0;0;0;0;0;1;1;1;1;1;1;1;1;1;1;1;1;1;1;1;1;1;1;1;0;0;0;0;0;0;0;0;0;0.0004;0.088;-0.0884;0;0;0;0;0;0;0;0;0;0;0;0;0;0;0;0;0;0;0;-4.5602;0;0;0;0;0.0004;0;0;0;0;0;0;0;-0.0004;-0.0884;0;0;0;0;0;0;0;0;0;-0.7452;0;0.7452;1;1;0;0;0;0
29/08/21 00:00;0;0;90;0;0;90;0;0;0;0;6.98;2.49;0;0;0;0;0;0;0;0;0;0;0;0;0;1;1;1;1;0;0;0;0;0;0;0;0;0;0;0;0;0;0;0;0;0;0;0;0;0;0;0;0;0;0;0;0;0;0;0;0;0;0;0;1;1;1;1;1;1;1;1;1;1;1;1;1;1;1;1;1;1;1;0;0;0;0;0;0;0;0;0;0.0004;0.088;-0.0884;0;0;0;0;0;0;0;0;0;0;0;0;0;0;0;0;0;0;0;-6.98;0;0;0;0;0.0004;0;0;0;0;0;0;0;-0.0004;-0.0884;0;0;0;0;0;0;0;0;0;-0.7452;0;0.7452;1;1;0;0;0;0
29/08/21 01:00;0;0;90;0;0;90;0;0;0;0;6.97;2.2301;0;0;0;0;0;0;0;0;0;0;0;0;0;1;1;1;1;0;0;0;0;0;0;0;0;0;0;0;0;0;0;0;0;0;0;0;0;0;0;0;0;0;0;0;0;0;0;0;0;0;0;0;1;1;1;1;1;1;1;1;1;1;1;1;1;1;1;1;1;1;1;0;0;0;0;0;0;0;0;0;0.0004;0.088;-0.0884;0;0;0;0;0;0;0;0;0;0;0;0;0;0;0;0;0;0;0;-6.97;0;0;0;0;0.0004;0;0;0;0;0;0;0;-0.0004;-0.0884;0;0;0;0;0;0;0;0;0;-0.7452;0;0.7452;1;1;0;0;0;0
29/08/21 02:00;0;0;90;0;0;90;0;0;0;0;6.6403;2.1599;0;0;0;0;0;0;0;0;0;0;0;0;0;1;1;1;1;0;0;0;0;0;0;0;0;0;0;0;0;0;0;0;0;0;0;0;0;0;0;0;0;0;0;0;0;0;0;0;0;0;0;0;1;1;1;1;1;1;1;1;1;1;1;1;1;1;1;1;1;1;1;0;0;0;0;0;0;0;0;0;0.0004;0.088;-0.0884;0;0;0;0;0;0;0;0;0;0;0;0;0;0;0;0;0;0;0;-6.6403;0;0;0;0;0.0004;0;0;0;0;0;0;0;-0.0004;-0.0884;0;0;0;0;0;0;0;0;0;-0.7452;0;0.7452;1;1;0;0;0;0
29/08/21 03:00;0;0;90;0;0;90;0;0;0;0;6.4003;4.0799;0;0;0;0;0;0;0;0;0;0;0;0;0;1;1;1;1;0;0;0;0;0;0;0;0;0;0;0;0;0;0;0;0;0;0;0;0;0;0;0;0;0;0;0;0;0;0;0;0;0;0;0;1;1;1;1;1;1;1;1;1;1;1;1;1;1;1;1;1;1;1;0;0;0;0;0;0;0;0;0;0.0004;0.088;-0.0884;0;0;0;0;0;0;0;0;0;0;0;0;0;0;0;0;0;0;0;-6.4003;0;0;0;0;0.0004;0;0;0;0;0;0;0;-0.0004;-0.0884;0;0;0;0;0;0;0;0;0;-0.7452;0;0.7452;1;1;0;0;0;0
29/08/21 04:00;0;0;90;0;0;90;0;0;0;0;7.43;5.54;0;0;0;0;0;0;0;0;0;0;0;0;0;1;1;1;1;0;0;0;0;0;0;0;0;0;0;0;0;0;0;0;0;0;0;0;0;0;0;0;0;0;0;0;0;0;0;0;0;0;0;0;1;1;1;1;1;1;1;1;1;1;1;1;1;1;1;1;1;1;1;0;0;0;0;0;0;0;0;0;0.0004;0.088;-0.0884;0;0;0;0;0;0;0;0;0;0;0;0;0;0;0;0;0;0;0;-7.43;0;0;0;0;0.0004;0;0;0;0;0;0;0;-0.0004;-0.0884;0;0;0;0;0;0;0;0;0;-0.7452;0;0.7452;1;1;0;0;0;0
29/08/21 05:00;0;0;90;0;0;90;0;0;0;0;8.0602;5.21;0;0;0;0;0;0;0;0;0;0;0;0;0;1;1;1;1;0;0;0;0;0;0;0;0;0;0;0;0;0;0;0;0;0;0;0;0;0;0;0;0;0;0;0;0;0;0;0;0;0;0;0;1;1;1;1;1;1;1;1;1;1;1;1;1;1;1;1;1;1;1;0;0;0;0;0;0;0;0;0;0.0004;0.088;-0.0884;0;0;0;0;0;0;0;0;0;0;0;0;0;0;0;0;0;0;0;-8.0602;0;0;0;0;0.0004;0;0;0;0;0;0;0;-0.0004;-0.0884;0;0;0;0;0;0;0;0;0;-0.7452;0;0.7452;1;1;0;0;0;0
29/08/21 06:00;3.5869;-76.15;81.273;3.694;5.2956;-90;-5.2956;2.8911;2.8911;0;8.2703;5.2699;0;0;2.885;0;0;0.001;2.8859;2.8859;0;0;0;0;0;1;1;1;1;0;0;0;0;0;0;0;0;0;0;0;0;0;0;0;0;0;0;0;0;0;0;0;0;0;0;0;0;0;0;0;0;0;0;0;0;1;1;1;1;1;1;1;1;1;1;1;1;1;0;0;1;0;0;0;0;0;0;0;0;0;0;0;0.0004;0.088;-0.0884;0;0;0;0;0;0;0;0;0;0;0;0;0;0;0;0;0;0;0;-8.2703;0;0;0;0;0.0004;0;0;0;0;0;0;0;-0.0004;-0.0884;0;0;0;0;0;0;0;0;0;-0.7452;0;0.7452;1;1;0;0;0;0
29/08/21 07:00;12.751;-68.958;57.636;13.629;21.225;-90;-21.225;9.0055;9.0001;0.0054;9.5699;5.76;0;0.013;8.6947;0.0004;0;0.0489;8.7569;0;8.7569;0.013;0.0004;8.6947;0.0489;0.0015;0.9985;0;0.0056;8.495;0.2619;0;0;0.2209;0.041;8.1868;0.2912;0.0004;0;0.2891;0.0017;8.478;0.017;0;0;0.0169;0;8.2;0.0126;0.0004;8.1676;0.0062;5.4351;4.5438;1.3909;0.0386;0.0533;0.7668;0.0132;0.7815;0;1;0;0;0.9724;0.9701;1;1;0.9746;0.1615;0.9656;0.9716;1;0.9658;0.7838;0.998;0.998;1;0.998;0.998;0.9349;0.9394;0.1263;0.0249;0.025;0.0002;0.0055;-0.0012;0.0001;0.0005;0.0001;0;0;0.088;-0.071;0;0;0;0;0;0;0;0;0;0;0;0;0.0004;0;0.0194;0.0194;0;9.9847;9.9847;0.4148;0.0507;19.607;990.83;1;0.0024;0.0024;0;0;0;0;0;0;0.017;-0.071;0;14.66;16.976;-53.563;-62.025;87.594;87.594;0.2102;0.1638;-0.5986;0.0463;0.7624;0.2205;3.6278;0;5.4351;0;0
29/08/21 08:00;23.751;-58.498;28.69;27.298;60;-90;-60;19.906;19.903;0.0029;8.1001;4.9201;0;0.0064;14.927;0.0002;0;0.7962;15.73;0;15.73;0.0064;0.0002;14.927;0.7962;0.0004;0.9996;0;0.0506;13.119;2.6112;0;0;1.8701;0.7411;12.628;0.4646;0;0;0.461;0.0036;13.092;0.0262;0;0;0.0261;0.0001;12.979;0.0064;0.0002;12.57;0.0514;12.999;10.867;3.9159;2.4957;0.2454;3.5302;0.3512;1.28;0;1;0;0;0.7902;0.834;1;1;0.8747;0.0692;0.9645;0.999;1;0.9646;0.9351;0.998;0.998;1;0.998;0.998;0.8028;0.8421;0.0646;0.0448;0.0442;0.0003;0.0074;-0.0025;0.0003;0.001;0.0006;0;0;0.088;-0.0544;0;0;0;0;0;0;0;0;0;0;0;0;0.0008;0;0.0365;0.0365;0;8.7329;8.7329;0.6328;0.0501;35.792;1018.9;1;0.0029;0.0029;0;0;0;0;0;0;0.0336;-0.0544;0;15.32;17.74;-22.858;-26.47;92.098;92.098;0.3775;0.3075;-0.4589;0.07;0.7664;0.1854;2.0302;0;12.999;0;0
29/08/21 09:00;33.443;-45.713;35.637;42.695;47.305;-90;-47.305;125.8;123.8;2.0035;9.7999;4.91;0;2.9545;103.59;0.4943;0;3.2397;110.28;0;110.28;2.9545;0.4943;103.59;3.2397;0.0268;0.9687;0;0.0294;98.087;12.194;0;0;9.1933;3.0008;94.769;3.1212;0.0128;0.0021;3.0943;0.012;97.891;0.1962;0.0059;0.001;0.1888;0.0005;96.036;2.9359;0.4912;91.116;0.2265;79.705;66.634;22.756;7.5179;1.0803;15.54;1.2669;9.1021;0;1;0;0;0.8766;0.8894;1;1;0.9113;0.0738;0.9681;0.9957;1;0.9672;0.9498;0.998;0.998;1;0.998;0.998;0.8593;0.8796;0.0699;0.3139;0.3059;0.0018;0.0166;-0.0117;0.0021;0.0074;0.0029;0;0;0.088;0.1852;0;0;0;0;0;0;0;0;0;0;0;0;0.006;0.0004;0.2804;0.2804;0;14.434;14.434;4.6343;0.0489;259.68;1079.9;1;0.0072;0.0072;0;0;0;0;0;0;0.2732;0.1852;0;16.803;19.458;11.097;12.85;97.421;97.421;2.6467;2.3649;1.5618;0.2818;0.8031;0.1065;0.3034;0.5901;78.782;0.5338;0
29/08/21 10:00;40.968;-29.651;41.011;60.328;29.672;-90;-29.672;28.696;28.596;0.0998;9.0999;5.62;0;0.1149;26.719;0.0037;0;0.301;27.138;0;27.138;0.1149;0.0037;26.719;0.301;0.0042;0.9956;0;0.0111;25.715;1.4235;0;0;1.1613;0.2622;24.823;0.8401;0.0009;0;0.8323;0.0069;25.663;0.0514;0.0002;0;0.0511;0.0001;24.919;0.1138;0.0037;24.674;0.0319;17.625;14.734;4.6576;0.3895;0.1805;2.5962;0.0957;2.3872;0;1;0;0;0.9457;0.9475;1;1;0.9565;0.129;0.9673;0.9925;1;0.9674;0.8228;0.998;0.998;1;0.998;0.998;0.9147;0.9235;0.1059;0.0772;0.0765;0.0005;0.0098;-0.0041;0.0005;0.0017;0.0005;0;0;0.088;-0.0255;0;0;0;0;0;0;0;0;0;0;0;0;0.0014;0.0001;0.0662;0.0662;0;10.33;10.33;1.2303;0.0496;63.564;1041.6;1;0.0037;0.0037;0;0;0;0;0;0;0.0625;-0.0255;0;16.122;18.668;-6.2186;-7.201;94.337;94.337;0.6513;0.5584;-0.2154;0.093;0.7737;0.1427;1.1879;0;17.571;0;0
29/08/21 11:00;45.173;-10.156;43.941;80.059;9.9409;-90;-9.9409;233.01;227.1;5.9114;10.14;5.23;0;6.0015;223.99;1.4311;0;0.2799;231.71;0;231.71;6.0015;1.4311;223.99;0.2799;0.0259;0.9679;0;0.0012;229.88;1.8304;0;0;1.598;0.2324;220.26;9.1593;0.055;0.0131;9.0805;0.0106;229.42;0.4598;0.012;0.0029;0.4448;0.0001;220.31;5.9344;1.4151;212.87;0.0367;138.52;115.8;34.754;0.0635;1.344;19.334;0.0491;20.614;0;1;0;0;0.9944;0.9921;1;1;0.9929;0.1696;0.9601;0.9908;1;0.9591;0.7755;0.998;0.998;1;0.998;0.998;0.9506;0.9503;0.1313;0.6594;0.669;0.004;0.0161;-0.0098;0.0046;0.0164;0.0036;0;0;0.088;0.5206;0;0;0;0;0;0;0;0;0;0;0;0;0.0132;0.0013;0.6196;0.6196;0;20.886;20.886;10.746;0.0488;571.8;1083.6;1;0.0111;0.0111;0;0;0;0;0;0;0.6086;0.5206;0;17.671;20.462;14.845;17.191;98.214;98.214;5.5609;5.2253;4.3899;0.3356;0.8354;0.0604;0.1502;0.7894;134.25;0.743;0
29/08/21 12:00;45.094;10.893;43.886;79.333;10.667;90;10.667;783.49;129.3;654.19;12.68;4.3099;0;665.7;40.01;90.506;0;1.0832;797.3;0;797.3;665.7;90.506;40.01;1.0832;0.8349;0.0515;0;0.0014;796.07;1.2238;0;0;0.3225;0.9013;785.93;8.5546;6.0839;0.8271;1.6027;0.0409;794.48;1.5921;1.3314;0.181;0.0794;0.0004;786.14;658.28;89.497;38.006;0.1406;456.89;381.96;121.51;0.0151;3.973;57.151;0.2145;61.109;0;1;0;0;1.0176;0.9985;1;1;0.9919;0.1679;0.9892;0.9908;1;0.9595;0.7748;0.998;0.998;1;0.998;0.998;0.9857;0.9499;0.1298;2.269;2.3637;0.0142;-0.002;0.2221;0.0149;0.0529;0.0098;0;0;0.088;1.8758;0;0;0;0;0;0;0;0;0;0;0;0;0.0426;0.0131;1.9962;1.9962;0;51.756;51.756;39.076;0.0497;2035.8;980.54;1;0.0323;0.0323;0;0;0;0;0;0;1.9638;1.8758;0;16.544;19.158;15.547;18.003;98.38;98.38;19.135;16.834;15.819;2.3012;1.0149;0.1203;0.053;0.8267;24.024;0.7846;0
29/08/21 13:00;40.75;30.284;40.858;59.662;30.338;90;30.338;397.1;306.7;90.398;14.7;3.0201;0;104.74;256.24;36.65;0;4.3503;401.98;0;401.98;104.74;36.65;256.24;4.3503;0.2606;0.6483;0;0.0108;386.58;15.393;0;0;11.573;3.8194;376.73;9.085;0.7721;0.2702;7.9496;0.0931;385.81;0.7732;0.2095;0.0733;0.4893;0.0011;378.07;103.76;36.306;236.22;0.4368;233.3;195.04;61.81;4.0344;2.3059;33.169;1.3481;31.44;0;1;0;0;1.0123;0.9617;1;1;0.9548;0.122;0.9765;0.9926;1;0.9674;0.8242;0.998;0.998;1;0.998;0.998;0.9372;0.9219;0.1004;1.144;1.1481;0.0069;0.0101;0.0334;0.0077;0.0273;0.006;0;0;0.088;0.9268;0;0;0;0;0;0;0;0;0;0;0;0;0.022;0.0034;1.0314;1.0314;0;33.2;33.2;18.5;0.0491;985.19;1046.9;1;0.0166;0.0166;0;0;0;0;0;0;1.0148;0.9268;0;16.955;19.634;15.235;17.642;98.389;98.389;9.6475;8.6982;7.8159;0.9493;0.8823;0.0984;0.0915;0.8101;169.28;0.763;0
29/08/21 14:00;33.129;46.218;35.411;42.112;47.888;90;47.888;587.19;102.2;484.99;14.46;2.2399;0;723.24;28.951;100.72;0;15.475;868.39;0;868.39;723.24;100.72;28.951;15.475;0.8329;0.0512;0;0.0178;851.35;17.043;0;0;2.6241;14.419;845.27;4.3709;3.0321;0.4223;0.8645;0.0521;849.64;1.7027;1.4465;0.2014;0.0527;0.0021;849.05;718.76;100.1;25.41;1.0014;236.59;197.79;61.232;2.1958;2.3096;33.222;3.7786;33.336;0;1;0;0;1.4789;0.9804;1;1;0.9094;0.0682;0.9949;0.9958;1;0.9671;0.9506;0.998;0.998;1;0.998;0.998;0.9734;0.8777;0.0647;2.4714;2.4957;0.015;-0.002;0.2779;0.0154;0.0547;0.0056;0;0;0.088;1.9491;0;0;0;0;0;0;0;0;0;0;0;0;0.0441;0.0145;2.0704;2.0704;0;56.653;56.653;42.193;0.0499;2152.6;961.81;1;0.0334;0.0334;0;0;0;0;0;0;2.0371;1.9491;0;15.755;18.244;14.831;17.174;98.388;98.388;20.841;17.46;16.437;3.3811;1.0236;0.1622;0.0491;0.7887;22.139;0.7667;0
29/08/21 15:00;23.378;58.903;28.467;26.787;60;90;60;174.5;165.4;9.1019;14.8;1.78;0;20.165;121.93;6.2596;0;6.9801;155.34;0;155.34;20.165;6.2596;121.93;6.9801;0.1298;0.8299;0;0.0449;133.48;21.859;0;0;15.329;6.5299;129.39;3.8209;0.0198;0.0061;3.7644;0.0306;133.21;0.267;0.0403;0.0125;0.2132;0.0009;132.3;20.105;6.2409;102.62;0.4186;107.23;89.648;32.272;20.386;2.0135;28.963;2.9071;10.59;0;1;0;0;0.8902;0.8593;1;1;0.8743;0.0645;0.9713;0.999;1;0.9646;0.9318;0.998;0.998;1;0.998;0.998;0.833;0.8417;0.06;0.4421;0.4365;0.0026;0.0173;-0.0061;0.003;0.0105;0.0053;0;0;0.088;0.2986;0;0;0;0;0;0;0;0;0;0;0;0;0.0085;0.0006;0.3948;0.3948;0;21.144;21.144;6.3435;0.049;371.2;1063.7;1;0.0083;0.0083;0;0;0;0;0;0;0.3866;0.2986;0;16.796;19.45;12.701;14.707;97.904;97.904;3.7281;3.3297;2.5178;0.3984;0.8119;0.1069;0.2178;0.6754;106.15;0.5926;0
29/08/21 16:00;12.344;69.299;58.77;13.167;20.369;90;20.369;33.502;33.2;0.302;13.29;1.78;0;0.7324;32.128;0.0847;0;0.1676;33.113;0;33.113;0.7324;0.0847;32.128;0.1676;0.0221;0.9753;0;0.0051;32.206;0.9072;0;0;0.7666;0.1406;31.031;1.1098;0.0237;0.0027;1.0774;0.0059;32.141;0.0644;0.0015;0.0002;0.0627;0.0001;31.075;0.7072;0.0818;30.221;0.021;19.999;16.719;5.1047;0.1226;0.1957;2.8157;0.0437;2.8888;0;1;0;0;0.9884;0.9726;1;1;0.9761;0.161;0.9655;0.9676;1;0.9656;0.7796;0.998;0.998;1;0.998;0.998;0.9371;0.9407;0.1253;0.0942;0.0945;0.0006;0.0108;-0.0035;0.0006;0.0022;0.0005;0;0;0.088;-0.0105;0;0;0;0;0;0;0;0;0;0;0;0;0.0017;0.0001;0.0816;0.0816;0;14.829;14.829;1.5386;0.0496;79.129;1031.8;1;0.0041;0.0041;0;0;0;0;0;0;0.0775;-0.0105;0;16.292;18.866;-2.0895;-2.4196;94.963;94.963;0.7947;0.6885;-0.0883;0.1062;0.7768;0.1336;0.9775;0;19.997;0;0
29/08/21 17:00;3.3622;76.316;81.823;3.4602;4.9569;90;4.9569;1.3088;1.1972;0.1117;12.18;1.9101;0;0.2708;1.1932;0.0041;0;0.0004;1.4685;1.4685;0;0.2708;0;0;0;1;1;1;1;0;0;0;0;0;0;0;0;0;0;0;0;0;0;0;0;0;0;0;0;0;0;0;0;0;0;0;0;0;0;0;0;0;0;0;0;1;1;1;1;1;1;1;1;1;1;1;0;1;0;0;1;0;0;0;0;0;0;0;0;0;0;0;0.0004;0.088;-0.0884;0;0;0;0;0;0;0;0;0;0;0;0;0;0;0;0;0;0;0;-12.18;0;0;0;0;0.0004;0;0;0;0;0;0;0;-0.0004;-0.0884;0;0;0;0;0;0;0;0;0;-0.7452;0;0.7452;1;1;0;0;0;0
29/08/21 18:00;0;0;90;0;0;90;0;0;0;0;9.78;1.8399;0;0;0;0;0;0;0;0;0;0;0;0;0;1;1;1;1;0;0;0;0;0;0;0;0;0;0;0;0;0;0;0;0;0;0;0;0;0;0;0;0;0;0;0;0;0;0;0;0;0;0;0;1;1;1;1;1;1;1;1;1;1;1;1;1;1;1;1;1;1;1;0;0;0;0;0;0;0;0;0;0.0004;0.088;-0.0884;0;0;0;0;0;0;0;0;0;0;0;0;0;0;0;0;0;0;0;-9.78;0;0;0;0;0.0004;0;0;0;0;0;0;0;-0.0004;-0.0884;0;0;0;0;0;0;0;0;0;-0.7452;0;0.7452;1;1;0;0;0;0
29/08/21 19:00;0;0;90;0;0;90;0;0;0;0;7.7099;1.78;0;0;0;0;0;0;0;0;0;0;0;0;0;1;1;1;1;0;0;0;0;0;0;0;0;0;0;0;0;0;0;0;0;0;0;0;0;0;0;0;0;0;0;0;0;0;0;0;0;0;0;0;1;1;1;1;1;1;1;1;1;1;1;1;1;1;1;1;1;1;1;0;0;0;0;0;0;0;0;0;0.0004;0.088;-0.0884;0;0;0;0;0;0;0;0;0;0;0;0;0;0;0;0;0;0;0;-7.7099;0;0;0;0;0.0004;0;0;0;0;0;0;0;-0.0004;-0.0884;0;0;0;0;0;0;0;0;0;-0.7452;0;0.7452;1;1;0;0;0;0
29/08/21 20:00;0;0;90;0;0;90;0;0;0;0;6.2899;1.8301;0;0;0;0;0;0;0;0;0;0;0;0;0;1;1;1;1;0;0;0;0;0;0;0;0;0;0;0;0;0;0;0;0;0;0;0;0;0;0;0;0;0;0;0;0;0;0;0;0;0;0;0;1;1;1;1;1;1;1;1;1;1;1;1;1;1;1;1;1;1;1;0;0;0;0;0;0;0;0;0;0.0004;0.088;-0.0884;0;0;0;0;0;0;0;0;0;0;0;0;0;0;0;0;0;0;0;-6.2899;0;0;0;0;0.0004;0;0;0;0;0;0;0;-0.0004;-0.0884;0;0;0;0;0;0;0;0;0;-0.7452;0;0.7452;1;1;0;0;0;0
29/08/21 21:00;0;0;90;0;0;90;0;0;0;0;4.7297;1.94;0;0;0;0;0;0;0;0;0;0;0;0;0;1;1;1;1;0;0;0;0;0;0;0;0;0;0;0;0;0;0;0;0;0;0;0;0;0;0;0;0;0;0;0;0;0;0;0;0;0;0;0;1;1;1;1;1;1;1;1;1;1;1;1;1;1;1;1;1;1;1;0;0;0;0;0;0;0;0;0;0.0004;0.088;-0.0884;0;0;0;0;0;0;0;0;0;0;0;0;0;0;0;0;0;0;0;-4.7297;0;0;0;0;0.0004;0;0;0;0;0;0;0;-0.0004;-0.0884;0;0;0;0;0;0;0;0;0;-0.7452;0;0.7452;1;1;0;0;0;0
29/08/21 22:00;0;0;90;0;0;90;0;0;0;0;4.3302;1.9001;0;0;0;0;0;0;0;0;0;0;0;0;0;1;1;1;1;0;0;0;0;0;0;0;0;0;0;0;0;0;0;0;0;0;0;0;0;0;0;0;0;0;0;0;0;0;0;0;0;0;0;0;1;1;1;1;1;1;1;1;1;1;1;1;1;1;1;1;1;1;1;0;0;0;0;0;0;0;0;0;0.0004;0.088;-0.0884;0;0;0;0;0;0;0;0;0;0;0;0;0;0;0;0;0;0;0;-4.3302;0;0;0;0;0.0004;0;0;0;0;0;0;0;-0.0004;-0.0884;0;0;0;0;0;0;0;0;0;-0.7452;0;0.7452;1;1;0;0;0;0
29/08/21 23:00;0;0;90;0;0;90;0;0;0;0;3.6003;1.6899;0;0;0;0;0;0;0;0;0;0;0;0;0;1;1;1;1;0;0;0;0;0;0;0;0;0;0;0;0;0;0;0;0;0;0;0;0;0;0;0;0;0;0;0;0;0;0;0;0;0;0;0;1;1;1;1;1;1;1;1;1;1;1;1;1;1;1;1;1;1;1;0;0;0;0;0;0;0;0;0;0.0004;0.088;-0.0884;0;0;0;0;0;0;0;0;0;0;0;0;0;0;0;0;0;0;0;-3.6003;0;0;0;0;0.0004;0;0;0;0;0;0;0;-0.0004;-0.0884;0;0;0;0;0;0;0;0;0;-0.7452;0;0.7452;1;1;0;0;0;0
30/08/21 00:00;0;0;90;0;0;90;0;0;0;0;2.8298;1.41;0;0;0;0;0;0;0;0;0;0;0;0;0;1;1;1;1;0;0;0;0;0;0;0;0;0;0;0;0;0;0;0;0;0;0;0;0;0;0;0;0;0;0;0;0;0;0;0;0;0;0;0;1;1;1;1;1;1;1;1;1;1;1;1;1;1;1;1;1;1;1;0;0;0;0;0;0;0;0;0;0.0004;0.088;-0.0884;0;0;0;0;0;0;0;0;0;0;0;0;0;0;0;0;0;0;0;-2.8298;0;0;0;0;0.0004;0;0;0;0;0;0;0;-0.0004;-0.0884;0;0;0;0;0;0;0;0;0;-0.7452;0;0.7452;1;1;0;0;0;0
30/08/21 01:00;0;0;90;0;0;90;0;0;0;0;3.2998;0.7801;0;0;0;0;0;0;0;0;0;0;0;0;0;1;1;1;1;0;0;0;0;0;0;0;0;0;0;0;0;0;0;0;0;0;0;0;0;0;0;0;0;0;0;0;0;0;0;0;0;0;0;0;1;1;1;1;1;1;1;1;1;1;1;1;1;1;1;1;1;1;1;0;0;0;0;0;0;0;0;0;0.0004;0.088;-0.0884;0;0;0;0;0;0;0;0;0;0;0;0;0;0;0;0;0;0;0;-3.2998;0;0;0;0;0.0004;0;0;0;0;0;0;0;-0.0004;-0.0884;0;0;0;0;0;0;0;0;0;-0.7452;0;0.7452;1;1;0;0;0;0
30/08/21 02:00;0;0;90;0;0;90;0;0;0;0;2.76;0.2301;0;0;0;0;0;0;0;0;0;0;0;0;0;1;1;1;1;0;0;0;0;0;0;0;0;0;0;0;0;0;0;0;0;0;0;0;0;0;0;0;0;0;0;0;0;0;0;0;0;0;0;0;1;1;1;1;1;1;1;1;1;1;1;1;1;1;1;1;1;1;1;0;0;0;0;0;0;0;0;0;0.0004;0.088;-0.0884;0;0;0;0;0;0;0;0;0;0;0;0;0;0;0;0;0;0;0;-2.76;0;0;0;0;0.0004;0;0;0;0;0;0;0;-0.0004;-0.0884;0;0;0;0;0;0;0;0;0;-0.7452;0;0.7452;1;1;0;0;0;0
30/08/21 03:00;0;0;90;0;0;90;0;0;0;0;1.5801;0.58;0;0;0;0;0;0;0;0;0;0;0;0;0;1;1;1;1;0;0;0;0;0;0;0;0;0;0;0;0;0;0;0;0;0;0;0;0;0;0;0;0;0;0;0;0;0;0;0;0;0;0;0;1;1;1;1;1;1;1;1;1;1;1;1;1;1;1;1;1;1;1;0;0;0;0;0;0;0;0;0;0.0004;0.088;-0.0884;0;0;0;0;0;0;0;0;0;0;0;0;0;0;0;0;0;0;0;-1.5801;0;0;0;0;0.0004;0;0;0;0;0;0;0;-0.0004;-0.0884;0;0;0;0;0;0;0;0;0;-0.7452;0;0.7452;1;1;0;0;0;0
30/08/21 04:00;0;0;90;0;0;90;0;0;0;0;1.0403;1.4301;0;0;0;0;0;0;0;0;0;0;0;0;0;1;1;1;1;0;0;0;0;0;0;0;0;0;0;0;0;0;0;0;0;0;0;0;0;0;0;0;0;0;0;0;0;0;0;0;0;0;0;0;1;1;1;1;1;1;1;1;1;1;1;1;1;1;1;1;1;1;1;0;0;0;0;0;0;0;0;0;0.0004;0.088;-0.0884;0;0;0;0;0;0;0;0;0;0;0;0;0;0;0;0;0;0;0;-1.0403;0;0;0;0;0.0004;0;0;0;0;0;0;0;-0.0004;-0.0884;0;0;0;0;0;0;0;0;0;-0.7452;0;0.7452;1;1;0;0;0;0
30/08/21 05:00;0;0;90;0;0;90;0;0;0;0;1.3999;2.13;0;0;0;0;0;0;0;0;0;0;0;0;0;1;1;1;1;0;0;0;0;0;0;0;0;0;0;0;0;0;0;0;0;0;0;0;0;0;0;0;0;0;0;0;0;0;0;0;0;0;0;0;1;1;1;1;1;1;1;1;1;1;1;1;1;1;1;1;1;1;1;0;0;0;0;0;0;0;0;0;0.0004;0.088;-0.0884;0;0;0;0;0;0;0;0;0;0;0;0;0;0;0;0;0;0;0;-1.3999;0;0;0;0;0.0004;0;0;0;0;0;0;0;-0.0004;-0.0884;0;0;0;0;0;0;0;0;0;-0.7452;0;0.7452;1;1;0;0;0;0
30/08/21 06:00;3.6604;-76.541;81.093;3.7635;5.3964;-90;-5.3964;12.209;12;0.209;1.0502;2.6901;0;0.5069;11.944;0.0709;0;0.0043;12.526;0;12.526;0.5069;0.0709;11.944;0.0043;0.0405;0.9539;0;0.0003;12.491;0.0351;0;0;0.0315;0.0036;11.741;0.7252;0.183;0.0256;0.5165;0.0002;12.466;0.025;0.001;0.0001;0.0238;0;11.742;0.3229;0.0452;11.373;0.0006;7.0983;5.9342;1.7706;0.0002;0.0693;0.9974;0.0003;1.0666;0;1;0;0;1.026;0.9972;1;1;0.9974;0.1676;0.9418;0.6383;1;0.9566;0.7767;0.998;0.998;1;0.998;0.998;0.9373;0.9521;0.1299;0.0356;0.0356;0.0002;0.0066;-0.0029;0.0002;0.0008;0.0002;0;0;0.088;-0.0609;0;0;0;0;0;0;0;0;0;0;0;0;0.0006;0;0.0298;0.0298;0;1.6363;1.6363;0.586;0.0499;28.531;1045.9;1;0.0028;0.0028;0;0;0;0;0;0;0.0271;-0.0609;0;15.741;18.228;-32.14;-37.218;90.727;90.727;0.3006;0.2516;-0.5138;0.049;0.7654;0.163;2.5461;0;7.0972;0;0
30/08/21 07:00;13.035;-69.194;56.836;13.911;21.755;-90;-21.755;105.51;84.5;21.007;2.31;2.6901;0;50.947;75.841;14.207;0;0.6012;141.6;0;141.6;50.947;14.207;75.841;0.6012;0.3598;0.5399;0;0.0042;139.09;2.5102;0;0;2.005;0.5051;134.6;4.2106;1.3143;0.3665;2.5092;0.0206;138.81;0.2782;0.1019;0.0284;0.1477;0.0002;134.72;49.531;13.812;71.179;0.0753;47.671;39.853;12.166;0.3685;0.4717;6.785;0.1237;6.8882;0;1;0;0;1.3421;0.9823;1;1;0.9736;0.1598;0.9697;0.9742;1;0.9659;0.7855;0.998;0.998;1;0.998;0.998;0.9506;0.9385;0.1252;0.403;0.399;0.0024;0.0172;-0.0231;0.0028;0.01;0.0013;0;0;0.088;0.2832;0;0;0;0;0;0;0;0;0;0;0;0;0.0081;0.0006;0.3799;0.3799;0;8.8387;8.8387;6.5287;0.0485;340.06;1117;1;0.0086;0.0086;0;0;0;0;0;0;0.3712;0.2832;0;17.727;20.528;13.217;15.305;97.724;97.724;3.3983;3.2034;2.3884;0.1949;0.815;0.0573;0.2398;0.7028;47.539;0.6785;0
30/08/21 08:00;24.056;-58.717;28.4;27.58;60;-90;-60;200.09;168.1;31.991;3.6801;2.4601;0;69.035;118.71;21.191;0;8.0037;216.94;0;216.94;69.035;21.191;118.71;8.0037;0.3182;0.5841;0;0.0369;194.62;22.322;0;0;14.873;7.4497;190.44;3.7908;0.0676;0.0207;3.6666;0.0359;194.23;0.3892;0.1381;0.0424;0.2077;0.0011;193.39;68.83;21.128;99.964;0.517;108.17;90.429;32.449;19.848;1.9913;28.643;2.9526;10.786;0;1;0;0;1.0842;0.8971;1;1;0.8747;0.0692;0.9805;0.999;1;0.9646;0.9351;0.998;0.998;1;0.998;0.998;0.8778;0.8421;0.0646;0.6174;0.6107;0.0037;0.0166;-0.0262;0.0043;0.0153;0.0055;0;0;0.088;0.4793;0;0;0;0;0;0;0;0;0;0;0;0;0.0123;0.0011;0.578;0.578;0;12.921;12.921;9.2408;0.0485;520.28;1111;1;0.0107;0.0107;0;0;0;0;0;0;0.5673;0.4793;0;17.607;20.388;14.599;16.905;98.141;98.141;5.2066;4.8747;4.0419;0.3319;0.8327;0.0638;0.1599;0.7763;103.38;0.7065;0
30/08/21 09:00;33.775;-45.896;35.345;42.965;47.035;-90;-47.035;354.9;234.4;120.5;5.6797;2.05;0;176.81;165.28;55.491;0;9.0415;406.62;0;406.62;176.81;55.491;165.28;9.0415;0.4348;0.4287;0;0.0222;383.7;22.917;0;0;14.546;8.3713;377;5.9358;0.7345;0.2305;4.9366;0.0343;382.94;0.7674;0.3536;0.111;0.3015;0.0013;379.93;175.72;55.149;145.5;0.6346;188.38;157.49;52.039;11.76;2.2763;32.743;2.9284;23.259;0;1;0;0;1.1457;0.9436;1;1;0.912;0.0741;0.9845;0.9958;1;0.9672;0.9488;0.998;0.998;1;0.998;0.998;0.9272;0.8803;0.0702;1.1572;1.1526;0.0069;0.01;-0.0038;0.008;0.0283;0.0061;0;0;0.088;0.9651;0;0;0;0;0;0;0;0;0;0;0;0;0.0228;0.0034;1.0708;1.0708;0;24.054;24.054;18.374;0.0487;986.25;1085.8;1;0.0178;0.0178;0;0;0;0;0;0;1.0531;0.9651;0;17.402;20.151;15.683;18.161;98.34;98.34;9.7589;9.0306;8.1386;0.7283;0.892;0.0746;0.0914;0.834;125.37;0.7865;0
30/08/21 10:00;41.325;-29.756;40.689;60.558;29.442;-90;-29.442;460.61;271.2;189.41;7.5603;1.9999;0;217.5;199.52;66.491;0;4.7589;488.27;0;488.27;217.5;66.491;199.52;4.7589;0.4454;0.4184;0;0.0097;475.56;12.705;0;0;8.565;4.1404;466.21;8.3994;1.5819;0.4836;6.2237;0.1102;474.61;0.9511;0.435;0.133;0.3819;0.0012;467.61;215.48;65.874;184.35;0.507;261.79;218.86;69.622;2.8318;2.4603;35.39;1.3995;35.018;0;1;0;0;1.0601;0.974;1;1;0.9571;0.13;0.9823;0.9927;1;0.9673;0.8214;0.998;0.998;1;0.998;0.998;0.9548;0.924;0.1065;1.3896;1.4088;0.0085;0.0064;0.0266;0.0096;0.0339;0.0065;0;0;0.088;1.1763;0;0;0;0;0;0;0;0;0;0;0;0;0.0273;0.0049;1.285;1.285;0;30.376;30.376;22.815;0.0489;1209.3;1062.6;1;0.0207;0.0207;0;0;0;0;0;0;1.2643;1.1763;0;17.39;20.137;15.919;18.434;98.39;98.39;11.718;10.836;9.9197;0.8822;0.9165;0.0753;0.0782;0.8465;131;0.8029;0
30/08/21 11:00;45.538;-10.126;43.592;80.211;9.7893;-90;-9.7893;501.1;301.6;199.5;10.14;2.05;0;202.45;237.11;63.68;0;0.5837;503.82;0;503.82;202.45;63.68;237.11;0.5837;0.4018;0.4718;0;0.0012;501.69;2.1335;0;0;1.6487;0.4847;488.64;12.044;1.8155;0.5711;9.6356;0.0222;500.68;1.0034;0.4049;0.1274;0.4709;0.0002;488.75;200.23;62.981;225.35;0.0766;295.12;246.72;76.391;0.0634;2.7062;38.927;0.1064;41.57;0;1;0;0;1.0054;0.9958;1;1;0.993;0.1696;0.9759;0.991;1;0.959;0.7755;0.998;0.998;1;0.998;0.998;0.9699;0.9504;0.1312;1.4338;1.4763;0.0089;0.0055;0.0474;0.0099;0.0351;0.0071;0;0;0.088;1.2197;0;0;0;0;0;0;0;0;0;0;0;0;0.0283;0.0054;1.3288;1.3288;0;34.122;34.122;23.981;0.0491;1268.1;1047.8;1;0.0211;0.0211;0;0;0;0;0;0;1.3077;1.2197;0;17.428;20.182;15.997;18.525;98.412;98.412;12.092;11.206;10.286;0.8857;0.9201;0.0732;0.0761;0.8507;142.06;0.8041;0
30/08/21 12:00;45.436;11.077;43.522;79.284;10.716;90;10.716;642.3;194.8;447.5;13.12;2.1501;0;455.44;102.82;92.692;0;0.896;651.85;0;651.85;455.44;92.692;102.82;0.896;0.6987;0.1591;0;0.0014;650.27;1.5806;0;0;0.835;0.7456;639.92;9.0422;4.0656;0.8274;4.1154;0.0338;648.97;1.3005;0.9109;0.1854;0.204;0.0003;640.1;450.46;91.679;97.668;0.1163;375.42;313.85;99.166;0.039;3.3104;47.619;0.1764;50.89;0;1;0;0;1.0149;0.9976;1;1;0.9919;0.1679;0.9861;0.9911;1;0.9596;0.7748;0.998;0.998;1;0.998;0.998;0.9817;0.9499;0.1298;1.8551;1.9268;0.0116;0.0003;0.1337;0.0125;0.0442;0.0084;0;0;0.088;1.5569;0;0;0;0;0;0;0;0;0;0;0;0;0.0356;0.0089;1.6716;1.6716;0;44.769;44.769;31.649;0.0495;1655.6;1009.7;1;0.0267;0.0267;0;0;0;0;0;0;1.6449;1.5569;0;16.945;19.622;15.782;18.276;98.401;98.401;15.644;14.097;13.129;1.5476;0.9675;0.0989;0.0618;0.8392;61.747;0.7957;0
30/08/21 13:00;41.044;30.572;40.494;59.707;30.293;90;30.293;361;303.8;57.198;14.43;2.27;0;66.243;264.71;22.813;0;3.9433;357.71;0;357.71;66.243;22.813;264.71;3.9433;0.1852;0.751;0;0.011;342.32;15.389;0;0;11.928;3.4613;332.7;8.9367;0.4742;0.1633;8.2144;0.0847;341.63;0.6846;0.1325;0.0456;0.5056;0.001;333.93;65.636;22.604;244.06;0.3964;215.18;179.89;56.974;4.1461;2.1567;31.024;1.2361;29.034;0;1;0;0;0.9909;0.957;1;1;0.9549;0.1222;0.9738;0.9928;1;0.9674;0.824;0.998;0.998;1;0.998;0.998;0.9301;0.922;0.1005;1.018;1.0175;0.0061;0.0119;0.0208;0.0069;0.0243;0.0057;0;0;0.088;0.8165;0;0;0;0;0;0;0;0;0;0;0;0;0.0196;0.0027;0.9196;0.9196;0;30.747;30.747;16.317;0.049;871.95;1054.6;1;0.015;0.015;0;0;0;0;0;0;0.9045;0.8165;0;16.987;19.671;15.084;17.467;98.364;98.364;8.585;7.7548;6.8859;0.8301;0.869;0.0967;0.1012;0.8021;174.82;0.7532;0
30/08/21 14:00;33.371;46.546;35.056;42.219;47.781;90;47.781;325.19;263.4;61.796;14.64;2.33;0;91.962;201.78;32.778;0;8.534;335.06;0;335.06;91.962;32.778;201.78;8.534;0.2745;0.6277;0;0.0255;308.88;26.181;0;0;18.23;7.9507;301.71;6.5514;0.3665;0.1306;6.0253;0.029;308.26;0.6178;0.1839;0.0656;0.3671;0.0012;304.76;91.412;32.582;177.16;0.5531;186.78;156.15;52.26;15.161;2.4413;35.118;3.0515;22.398;0;1;0;0;1.0303;0.9219;1;1;0.9097;0.0683;0.9787;0.996;1;0.9671;0.9502;0.998;0.998;1;0.998;0.998;0.9005;0.878;0.0648;0.9535;0.9423;0.0057;0.013;0.0149;0.0064;0.0226;0.0064;0;0;0.088;0.7508;0;0;0;0;0;0;0;0;0;0;0;0;0.0182;0.0024;0.8529;0.8529;0;29.431;29.431;14.791;0.049;806.23;1057.8;1;0.0141;0.0141;0;0;0;0;0;0;0.8388;0.7508;0;16.82;19.477;14.807;17.146;98.35;98.35;8.0414;7.1923;6.3315;0.8491;0.8608;0.1056;0.107;0.7874;154.14;0.7301;0
30/08/21 15:00;23.578;59.237;28.111;26.926;60;90;60;224.8;193.8;31.006;14.62;1.33;0;68.374;136.96;24.658;0;8.9922;238.99;0;238.99;68.374;24.658;136.96;8.9922;0.2861;0.6107;0;0.0376;213.36;25.631;0;0;17.219;8.4122;208.57;4.358;0.0663;0.0239;4.2284;0.0395;212.93;0.4267;0.1367;0.0493;0.2395;0.0012;211.93;68.171;24.585;115.28;0.5393;123.25;103.04;37.023;22.9;2.2841;32.856;3.3616;12.241;0;1;0;0;1.0631;0.8928;1;1;0.8743;0.0645;0.9795;0.999;1;0.9646;0.9318;0.998;0.998;1;0.998;0.998;0.8727;0.8417;0.06;0.6801;0.6722;0.004;0.0161;-0.0004;0.0046;0.0162;0.0061;0;0;0.088;0.5125;0;0;0;0;0;0;0;0;0;0;0;0;0.013;0.0013;0.6112;0.6112;0;24.834;24.834;10.214;0.049;573.52;1065.7;1;0.0108;0.0108;0;0;0;0;0;0;0.6005;0.5125;0;16.9;19.57;14.169;16.408;98.239;98.239;5.7357;5.1545;4.3216;0.5812;0.8329;0.1013;0.1452;0.7535;119.23;0.6831;0
30/08/21 16:00;12.513;69.631;58.302;13.318;20.647;90;20.647;99.998;95.602;4.3957;14.51;1.06;0;10.661;91.134;3.5016;0;0.5138;105.81;0;105.81;10.661;3.5016;91.134;0.5138;0.1008;0.8662;0;0.0049;103.16;2.6538;0;0;2.2223;0.4316;99.451;3.4995;0.3267;0.1073;3.0474;0.018;102.95;0.2063;0.0213;0.007;0.1778;0.0002;99.579;10.313;3.3873;85.687;0.0641;56.83;47.51;14.522;0.3656;0.5563;8.0028;0.1286;8.1935;0;1;0;0;1.0581;0.9749;1;1;0.9756;0.1601;0.966;0.9693;1;0.9657;0.7804;0.998;0.998;1;0.998;0.998;0.9399;0.9402;0.1247;0.3011;0.3009;0.0018;0.0165;-0.0061;0.002;0.0072;0.0015;0;0;0.088;0.177;0;0;0;0;0;0;0;0;0;0;0;0;0.0058;0.0004;0.272;0.272;0;19.391;19.391;4.8812;0.0491;256.3;1061.1;1;0.007;0.007;0;0;0;0;0;0;0.265;0.177;0;16.984;19.667;11.052;12.798;97.432;97.432;2.5395;2.2934;1.4924;0.246;0.801;0.0969;0.3154;0.5877;56.802;0.5562;0
30/08/21 17:00;3.3158;76.795;81.936;3.4057;4.878;90;4.878;3.3013;3.1996;0.1018;12.59;1.2899;0;0.2469;3.1896;0.0102;0;0.001;3.4476;3.4476;0;0.2469;0;0;0;1;1;1;1;0;0;0;0;0;0;0;0;0;0;0;0;0;0;0;0;0;0;0;0;0;0;0;0;0;0;0;0;0;0;0;0;0;0;0;0;1;1;1;1;1;1;1;1;1;1;1;0;1;0;0;1;0;0;0;0;0;0;0;0;0;0;0;0.0004;0.088;-0.0884;0;0;0;0;0;0;0;0;0;0;0;0;0;0;0;0;0;0;0;-12.59;0;0;0;0;0.0004;0;0;0;0;0;0;0;-0.0004;-0.0884;0;0;0;0;0;0;0;0;0;-0.7452;0;0.7452;1;1;0;0;0;0
30/08/21 18:00;0;0;90;0;0;90;0;0;0;0;8.6299;1.9299;0;0;0;0;0;0;0;0;0;0;0;0;0;1;1;1;1;0;0;0;0;0;0;0;0;0;0;0;0;0;0;0;0;0;0;0;0;0;0;0;0;0;0;0;0;0;0;0;0;0;0;0;1;1;1;1;1;1;1;1;1;1;1;1;1;1;1;1;1;1;1;0;0;0;0;0;0;0;0;0;0.0004;0.088;-0.0884;0;0;0;0;0;0;0;0;0;0;0;0;0;0;0;0;0;0;0;-8.6299;0;0;0;0;0.0004;0;0;0;0;0;0;0;-0.0004;-0.0884;0;0;0;0;0;0;0;0;0;-0.7452;0;0.7452;1;1;0;0;0;0
30/08/21 19:00;0;0;90;0;0;90;0;0;0;0;7.3702;2.5;0;0;0;0;0;0;0;0;0;0;0;0;0;1;1;1;1;0;0;0;0;0;0;0;0;0;0;0;0;0;0;0;0;0;0;0;0;0;0;0;0;0;0;0;0;0;0;0;0;0;0;0;1;1;1;1;1;1;1;1;1;1;1;1;1;1;1;1;1;1;1;0;0;0;0;0;0;0;0;0;0.0004;0.088;-0.0884;0;0;0;0;0;0;0;0;0;0;0;0;0;0;0;0;0;0;0;-7.3702;0;0;0;0;0.0004;0;0;0;0;0;0;0;-0.0004;-0.0884;0;0;0;0;0;0;0;0;0;-0.7452;0;0.7452;1;1;0;0;0;0
30/08/21 20:00;0;0;90;0;0;90;0;0;0;0;5.9303;2.84;0;0;0;0;0;0;0;0;0;0;0;0;0;1;1;1;1;0;0;0;0;0;0;0;0;0;0;0;0;0;0;0;0;0;0;0;0;0;0;0;0;0;0;0;0;0;0;0;0;0;0;0;1;1;1;1;1;1;1;1;1;1;1;1;1;1;1;1;1;1;1;0;0;0;0;0;0;0;0;0;0.0004;0.088;-0.0884;0;0;0;0;0;0;0;0;0;0;0;0;0;0;0;0;0;0;0;-5.9303;0;0;0;0;0.0004;0;0;0;0;0;0;0;-0.0004;-0.0884;0;0;0;0;0;0;0;0;0;-0.7452;0;0.7452;1;1;0;0;0;0
30/08/21 21:00;0;0;90;0;0;90;0;0;0;0;4.6998;3.0299;0;0;0;0;0;0;0;0;0;0;0;0;0;1;1;1;1;0;0;0;0;0;0;0;0;0;0;0;0;0;0;0;0;0;0;0;0;0;0;0;0;0;0;0;0;0;0;0;0;0;0;0;1;1;1;1;1;1;1;1;1;1;1;1;1;1;1;1;1;1;1;0;0;0;0;0;0;0;0;0;0.0004;0.088;-0.0884;0;0;0;0;0;0;0;0;0;0;0;0;0;0;0;0;0;0;0;-4.6998;0;0;0;0;0.0004;0;0;0;0;0;0;0;-0.0004;-0.0884;0;0;0;0;0;0;0;0;0;-0.7452;0;0.7452;1;1;0;0;0;0
30/08/21 22:00;0;0;90;0;0;90;0;0;0;0;3.6102;3.1099;0;0;0;0;0;0;0;0;0;0;0;0;0;1;1;1;1;0;0;0;0;0;0;0;0;0;0;0;0;0;0;0;0;0;0;0;0;0;0;0;0;0;0;0;0;0;0;0;0;0;0;0;1;1;1;1;1;1;1;1;1;1;1;1;1;1;1;1;1;1;1;0;0;0;0;0;0;0;0;0;0.0004;0.088;-0.0884;0;0;0;0;0;0;0;0;0;0;0;0;0;0;0;0;0;0;0;-3.6102;0;0;0;0;0.0004;0;0;0;0;0;0;0;-0.0004;-0.0884;0;0;0;0;0;0;0;0;0;-0.7452;0;0.7452;1;1;0;0;0;0
30/08/21 23:00;0;0;90;0;0;90;0;0;0;0;3.3198;3.1701;0;0;0;0;0;0;0;0;0;0;0;0;0;1;1;1;1;0;0;0;0;0;0;0;0;0;0;0;0;0;0;0;0;0;0;0;0;0;0;0;0;0;0;0;0;0;0;0;0;0;0;0;1;1;1;1;1;1;1;1;1;1;1;1;1;1;1;1;1;1;1;0;0;0;0;0;0;0;0;0;0.0004;0.088;-0.0884;0;0;0;0;0;0;0;0;0;0;0;0;0;0;0;0;0;0;0;-3.3198;0;0;0;0;0.0004;0;0;0;0;0;0;0;-0.0004;-0.0884;0;0;0;0;0;0;0;0;0;-0.7452;0;0.7452;1;1;0;0;0;0
31/08/21 00:00;0;0;90;0;0;90;0;0;0;0;3.8801;3.1899;0;0;0;0;0;0;0;0;0;0;0;0;0;1;1;1;1;0;0;0;0;0;0;0;0;0;0;0;0;0;0;0;0;0;0;0;0;0;0;0;0;0;0;0;0;0;0;0;0;0;0;0;1;1;1;1;1;1;1;1;1;1;1;1;1;1;1;1;1;1;1;0;0;0;0;0;0;0;0;0;0.0004;0.088;-0.0884;0;0;0;0;0;0;0;0;0;0;0;0;0;0;0;0;0;0;0;-3.8801;0;0;0;0;0.0004;0;0;0;0;0;0;0;-0.0004;-0.0884;0;0;0;0;0;0;0;0;0;-0.7452;0;0.7452;1;1;0;0;0;0
31/08/21 01:00;0;0;90;0;0;90;0;0;0;0;2.78;3.1801;0;0;0;0;0;0;0;0;0;0;0;0;0;1;1;1;1;0;0;0;0;0;0;0;0;0;0;0;0;0;0;0;0;0;0;0;0;0;0;0;0;0;0;0;0;0;0;0;0;0;0;0;1;1;1;1;1;1;1;1;1;1;1;1;1;1;1;1;1;1;1;0;0;0;0;0;0;0;0;0;0.0004;0.088;-0.0884;0;0;0;0;0;0;0;0;0;0;0;0;0;0;0;0;0;0;0;-2.78;0;0;0;0;0.0004;0;0;0;0;0;0;0;-0.0004;-0.0884;0;0;0;0;0;0;0;0;0;-0.7452;0;0.7452;1;1;0;0;0;0
31/08/21 02:00;0;0;90;0;0;90;0;0;0;0;2.4602;3.1899;0;0;0;0;0;0;0;0;0;0;0;0;0;1;1;1;1;0;0;0;0;0;0;0;0;0;0;0;0;0;0;0;0;0;0;0;0;0;0;0;0;0;0;0;0;0;0;0;0;0;0;0;1;1;1;1;1;1;1;1;1;1;1;1;1;1;1;1;1;1;1;0;0;0;0;0;0;0;0;0;0.0004;0.088;-0.0884;0;0;0;0;0;0;0;0;0;0;0;0;0;0;0;0;0;0;0;-2.4602;0;0;0;0;0.0004;0;0;0;0;0;0;0;-0.0004;-0.0884;0;0;0;0;0;0;0;0;0;-0.7452;0;0.7452;1;1;0;0;0;0
31/08/21 03:00;0;0;90;0;0;90;0;0;0;0;2.0401;3.24;0;0;0;0;0;0;0;0;0;0;0;0;0;1;1;1;1;0;0;0;0;0;0;0;0;0;0;0;0;0;0;0;0;0;0;0;0;0;0;0;0;0;0;0;0;0;0;0;0;0;0;0;1;1;1;1;1;1;1;1;1;1;1;1;1;1;1;1;1;1;1;0;0;0;0;0;0;0;0;0;0.0004;0.088;-0.0884;0;0;0;0;0;0;0;0;0;0;0;0;0;0;0;0;0;0;0;-2.0401;0;0;0;0;0.0004;0;0;0;0;0;0;0;-0.0004;-0.0884;0;0;0;0;0;0;0;0;0;-0.7452;0;0.7452;1;1;0;0;0;0
31/08/21 04:00;0;0;90;0;0;90;0;0;0;0;1.3002;3.2799;0;0;0;0;0;0;0;0;0;0;0;0;0;1;1;1;1;0;0;0;0;0;0;0;0;0;0;0;0;0;0;0;0;0;0;0;0;0;0;0;0;0;0;0;0;0;0;0;0;0;0;0;1;1;1;1;1;1;1;1;1;1;1;1;1;1;1;1;1;1;1;0;0;0;0;0;0;0;0;0;0.0004;0.088;-0.0884;0;0;0;0;0;0;0;0;0;0;0;0;0;0;0;0;0;0;0;-1.3002;0;0;0;0;0.0004;0;0;0;0;0;0;0;-0.0004;-0.0884;0;0;0;0;0;0;0;0;0;-0.7452;0;0.7452;1;1;0;0;0;0
31/08/21 05:00;0;0;90;0;0;90;0;0;0;0;1.1001;3.2699;0;0;0;0;0;0;0;0;0;0;0;0;0;1;1;1;1;0;0;0;0;0;0;0;0;0;0;0;0;0;0;0;0;0;0;0;0;0;0;0;0;0;0;0;0;0;0;0;0;0;0;0;1;1;1;1;1;1;1;1;1;1;1;1;1;1;1;1;1;1;1;0;0;0;0;0;0;0;0;0;0.0004;0.088;-0.0884;0;0;0;0;0;0;0;0;0;0;0;0;0;0;0;0;0;0;0;-1.1001;0;0;0;0;0.0004;0;0;0;0;0;0;0;-0.0004;-0.0884;0;0;0;0;0;0;0;0;0;-0.7452;0;0.7452;1;1;0;0;0;0
31/08/21 06:00;3.7361;-76.934;80.907;3.8351;5.5004;-90;-5.5004;23.109;20.302;2.8076;0.6999;3.9701;0;6.8091;19.606;1.5784;0;0.0085;28.002;0;28.002;6.8091;1.5784;19.606;0.0085;0.2432;0.7005;0;0.0003;27.942;0.0603;0;0;0.0532;0.0071;24.072;3.8139;2.4086;0.5583;0.8467;0.0003;27.886;0.0559;0.0136;0.0032;0.0391;0;24.072;4.387;1.0169;18.667;0.0011;11.668;9.7545;2.913;0.0003;0.1138;1.6374;0.0006;1.7508;0;1;0;0;1.2117;0.9978;1;1;0.9973;0.1676;0.8632;0.6456;1;0.9566;0.7766;0.998;0.998;1;0.998;0.998;0.8596;0.9521;0.1299;0.0797;0.0722;0.0004;0.0095;-0.006;0.0005;0.0017;0.0003;0;0;0.088;-0.0275;0;0;0;0;0;0;0;0;0;0;0;0;0.0014;0.0001;0.0644;0.0644;0;1.8853;1.8853;1.1854;0.0492;59.736;1077.8;1;0.0039;0.0039;0;0;0;0;0;0;0.0605;-0.0275;0;15.193;17.593;-6.4855;-7.5101;93.999;93.999;0.672;0.5429;-0.2318;0.1291;0.7747;0.1921;1.1528;0;11.651;0;0
31/08/21 07:00;13.322;-69.431;56.024;14.194;22.296;-90;-22.296;210.09;34.703;175.39;4.0297;3.9899;0;425.37;14.489;47.662;0;1.2566;488.78;0;488.78;425.37;47.662;14.489;1.2566;0.8703;0.0322;0;0.0026;487.32;1.4567;0;0;0.3985;1.0582;474.73;11.618;9.9811;1.1184;0.4769;0.0421;486.35;0.9746;0.8507;0.0953;0.0282;0.0004;474.76;414.54;46.448;13.585;0.1559;10.064;8.4132;2.1656;0.0772;0.1257;1.8084;0.0336;1.8569;0;1;0;0;2.3265;0.997;1;1;0.9725;0.1579;0.9761;0.9765;1;0.9661;0.7874;0.998;0.998;1;0.998;0.998;0.9713;0.9376;0.1241;1.391;1.362;0.0082;0.007;0.0105;0.0094;0.0332;0.0003;0;0;0.088;1.1534;0;0;0;0;0;0;0;0;0;0;0;0;0.0267;0.0047;1.262;1.262;0;27.199;27.199;23.169;0.0488;1170.8;1077.8;1;0.0206;0.0206;0;0;0;0;0;0;1.2414;1.1534;0;17.061;19.756;15.593;18.056;98.369;98.369;11.731;10.642;9.7267;1.0884;0.9157;0.0928;0.0781;0.8292;9.108;0.8269;0
31/08/21 08:00;24.365;-58.938;28.11;27.865;60;-90;-60;368.09;76.697;291.39;8.2703;3.4901;0;623.02;27.294;86.175;0;14.724;751.22;0;751.22;623.02;86.175;27.294;14.724;0.8294;0.0559;0;0.0196;734.09;17.124;0;0;3.4195;13.704;731.03;1.5963;0.6037;0.0835;0.843;0.066;732.62;1.4682;1.246;0.1723;0.0477;0.002;732.91;621.17;85.919;22.984;0.9511;64.481;53.906;18.499;4.5668;0.7697;11.071;1.8861;7.274;0;1;0;0;2.0408;0.9772;1;1;0.8747;0.0692;0.9978;0.999;1;0.9646;0.9351;0.998;0.998;1;0.998;0.998;0.9731;0.8421;0.0646;2.1379;2.1191;0.0128;-0.0011;0.1439;0.0137;0.0487;0.0019;0;0;0.088;1.731;0;0;0;0;0;0;0;0;0;0;0;0;0.0393;0.0106;1.8492;1.8492;0;44.402;44.402;36.132;0.0494;1824.7;1013.4;1;0.0302;0.0302;0;0;0;0;0;0;1.819;1.731;0;16.266;18.835;15.226;17.632;98.367;98.367;18.029;15.594;14.597;2.435;0.9967;0.1351;0.0553;0.8097;23.768;0.8008;0
31/08/21 09:00;34.109;-46.081;35.051;43.236;46.764;-90;-46.764;547.5;95.103;452.39;12.34;3.9001;0;660.42;32.034;83.328;0;13.796;789.58;0;789.58;660.42;83.328;32.034;13.796;0.8364;0.058;0;0.0175;774.01;15.564;0;0;2.7957;12.769;768.49;3.9724;2.6302;0.3319;0.9567;0.0537;772.46;1.548;1.3208;0.1667;0.0585;0.0021;771.97;656.47;82.829;28.223;0.972;228.55;191.07;59.592;2.2373;2.2099;31.788;3.4808;31.761;0;1;0;0;1.4422;0.9803;1;1;0.9127;0.0745;0.9949;0.996;1;0.9672;0.9477;0.998;0.998;1;0.998;0.998;0.9733;0.881;0.0705;2.2471;2.2723;0.0137;-0.0018;0.2036;0.0144;0.0511;0.0055;0;0;0.088;1.8134;0;0;0;0;0;0;0;0;0;0;0;0;0.0411;0.0121;1.9327;1.9327;0;50.512;50.512;38.172;0.0497;1958.6;986.74;1;0.0313;0.0313;0;0;0;0;0;0;1.9014;1.8134;0;16.174;18.73;15.176;17.574;98.382;98.382;18.95;16.298;15.293;2.6514;1.0057;0.1399;0.0531;0.807;24.237;0.7834;0
31/08/21 10:00;41.684;-29.862;40.366;60.789;29.211;-90;-29.211;344.1;291.6;52.5;15.37;4.0799;0;60.15;257.02;19.622;0;3.5009;340.29;0;340.29;60.15;19.622;257.02;3.5009;0.1768;0.7656;0;0.0103;326.36;13.938;0;0;10.896;3.0426;317.03;8.6755;0.4261;0.139;8.028;0.0823;325.7;0.6527;0.1203;0.0392;0.4923;0.0009;318.11;59.604;19.444;237.61;0.3751;205.39;171.71;54.27;3.5489;2.0393;29.335;1.0775;27.826;0;1;0;0;0.9889;0.959;1;1;0.9576;0.1309;0.9734;0.9929;1;0.9673;0.82;0.998;0.998;1;0.998;0.998;0.9316;0.9245;0.1071;0.9685;0.9689;0.0058;0.0126;0.0204;0.0065;0.0231;0.0053;0;0;0.088;0.7716;0;0;0;0;0;0;0;0;0;0;0;0;0.0186;0.0025;0.8739;0.8739;0;30.926;30.926;15.556;0.0491;830.12;1052.8;1;0.0143;0.0143;0;0;0;0;0;0;0.8596;0.7716;0;16.971;19.652;14.983;17.351;98.36;98.36;8.1671;7.3701;6.5071;0.797;0.863;0.0976;0.1057;0.7968;168.49;0.7484;0
31/08/21 11:00;45.906;-10.093;43.241;80.363;9.6367;-90;-9.6367;559.9;265.2;294.7;16.7;4.12;0;298.92;182.94;82.12;0;0.6321;564.61;0;564.61;298.92;82.12;182.94;0.6321;0.5294;0.3251;0;0.0011;562.85;1.7641;0;0;1.2392;0.5249;550.9;10.815;2.6193;0.7196;7.4523;0.024;561.72;1.1257;0.5978;0.1642;0.3634;0.0002;551.02;295.7;81.236;173.88;0.0829;328.88;274.95;85.922;0.0461;2.9627;42.618;0.1159;45.534;0;1;0;0;1.0084;0.9969;1;1;0.9932;0.1695;0.9807;0.9912;1;0.9589;0.7755;0.998;0.998;1;0.998;0.998;0.9757;0.9505;0.1312;1.6068;1.6619;0.01;0.0031;0.111;0.0108;0.0382;0.0075;0;0;0.088;1.3335;0;0;0;0;0;0;0;0;0;0;0;0;0.0308;0.0067;1.4439;1.4439;0;43.943;43.943;27.243;0.0495;1428.9;1010.5;1;0.0224;0.0224;0;0;0;0;0;0;1.4215;1.3335;0;16.899;19.568;15.607;18.072;98.45;98.45;13.551;12.177;11.246;1.3741;0.9309;0.1014;0.0687;0.8299;109.56;0.7855;0
31/08/21 12:00;45.779;11.267;43.156;79.234;10.766;90;10.766;422.71;331.1;91.608;17.08;4.27;0;93.25;296.98;32.053;0;0.5952;422.87;0;422.87;93.25;32.053;296.98;0.5952;0.2205;0.7037;0;0.0014;419.95;2.9258;0;0;2.4305;0.4952;406.12;12.99;0.8125;0.2793;11.876;0.0225;419.11;0.8399;0.1865;0.0641;0.5891;0.0002;406.23;92.251;31.709;282.08;0.0773;250.05;209.04;63.83;0.1143;2.3549;33.875;0.1129;36.115;0;1;0;0;1.0004;0.9931;1;1;0.9918;0.1679;0.969;0.9913;1;0.9596;0.7748;0.998;0.998;1;0.998;0.998;0.9604;0.9498;0.1298;1.2035;1.2301;0.0074;0.0089;0.0527;0.0081;0.0288;0.0061;0;0;0.088;0.9857;0;0;0;0;0;0;0;0;0;0;0;0;0.0232;0.0039;1.091;1.091;0;37.079;37.079;19.999;0.0492;1056.8;1032.4;1;0.0173;0.0173;0;0;0;0;0;0;1.0737;0.9857;0;17.048;19.741;15.403;17.836;98.414;98.414;10.149;9.2004;8.3123;0.9486;0.888;0.0935;0.0875;0.819;178.36;0.7727;0
31/08/21 13:00;41.339;30.865;40.127;59.751;30.249;90;30.249;757.71;125;632.71;18.1;4.5201;0;732.44;33.469;103.12;0;8.2534;877.28;0;877.28;732.44;103.12;33.469;8.2534;0.8349;0.0476;0;0.0094;868.54;8.7476;0;0;1.5047;7.243;859.78;7.0197;5.0868;0.7162;1.0389;0.1778;866.8;1.7371;1.4649;0.2062;0.0639;0.002;862.12;725.89;102.2;30.862;0.8306;401.06;335.28;106.63;0.5236;3.5231;50.678;2.3414;53.677;0;1;0;0;1.1578;0.99;1;1;0.955;0.1224;0.9919;0.993;1;0.9674;0.8237;0.998;0.998;1;0.998;0.998;0.98;0.9221;0.1006;2.4967;2.5681;0.0155;-0.0018;0.3275;0.0156;0.0553;0.0083;0;0;0.088;1.9665;0;0;0;0;0;0;0;0;0;0;0;0;0.0445;0.0153;2.0879;2.0879;0;61.177;61.177;43.077;0.0501;2213.4;943.29;1;0.0333;0.0333;0;0;0;0;0;0;2.0545;1.9665;0;15.726;18.211;14.813;17.153;98.404;98.404;21.055;17.607;16.584;3.4476;1.0231;0.1637;0.0486;0.7877;22.098;0.755;0
31/08/21 14:00;33.613;46.878;34.698;42.325;47.675;90;47.675;541.3;137.7;403.6;19.06;4.5499;0;599.41;52.718;110.93;0;14.146;777.2;0;777.2;599.41;110.93;52.718;14.146;0.7712;0.086;0;0.0182;759.28;17.925;0;0;4.7475;13.178;753.46;4.3051;2.2636;0.4189;1.5741;0.0485;757.76;1.5186;1.1988;0.2219;0.0959;0.0019;757.15;595.95;110.29;46.301;0.9182;227.07;189.83;58.682;3.9337;2.3408;33.672;3.6971;32.079;0;1;0;0;1.4358;0.9769;1;1;0.9099;0.0685;0.9943;0.9962;1;0.9671;0.9498;0.998;0.998;1;0.998;0.998;0.9694;0.8783;0.0649;2.2119;2.2337;0.0135;-0.0016;0.2496;0.0138;0.049;0.0056;0;0;0.088;1.7354;0;0;0;0;0;0;0;0;0;0;0;0;0.0394;0.0118;1.8526;1.8526;0;56.677;56.677;37.617;0.0499;1926.8;961.53;1;0.0293;0.0293;0;0;0;0;0;0;1.8234;1.7354;0;15.751;18.24;14.755;17.085;98.421;98.421;18.653;15.623;14.635;3.0294;0.9888;0.1624;0.053;0.7846;40.232;0.7599;0
31/08/21 15:00;23.777;59.575;27.752;27.064;60;90;60;356;153.3;202.7;18.9;3.31;0;444.93;71.97;125.87;0;14.24;657;0;657;444.93;125.87;71.97;14.24;0.6772;0.1312;0;0.0217;634.63;22.369;0;0;9.0479;13.322;630.53;2.8305;0.4256;0.1204;2.2219;0.0625;633.36;1.2693;0.8899;0.2517;0.1258;0.0018;632.94;443.61;125.49;60.574;0.854;88.496;73.982;26.568;12.036;1.3546;19.485;2.4105;8.8041;0;1;0;0;1.8455;0.966;1;1;0.8743;0.0645;0.9955;0.999;1;0.9646;0.9318;0.998;0.998;1;0.998;0.998;0.9597;0.8417;0.06;1.8698;1.8499;0.0111;0.001;0.1647;0.0117;0.0415;0.0033;0;0;0.088;1.4623;0;0;0;0;0;0;0;0;0;0;0;0;0.0335;0.0082;1.5748;1.5748;0;50.227;50.227;31.327;0.0497;1593.2;988.41;1;0.0245;0.0245;0;0;0;0;0;0;1.5503;1.4623;0;15.839;18.341;14.707;17.031;98.445;98.445;15.768;13.28;12.332;2.4878;0.9486;0.1578;0.0602;0.7821;62.654;0.7651;0
31/08/21 16:00;12.681;69.967;57.833;13.468;20.925;90;20.925;206.3;95.702;110.6;17.9;2.97;0;268.24;57.855;87.005;0;1.0885;414.19;0;414.19;268.24;87.005;57.855;1.0885;0.6476;0.1423;0;0.0026;411.84;2.3566;0;0;1.4414;0.9152;398.74;12.27;7.7797;2.5233;1.9292;0.0378;411.01;0.8237;0.5365;0.174;0.1128;0.0003;398.83;259.93;84.308;54.371;0.1351;36.828;30.788;9.5193;0.244;0.3539;5.091;0.0845;5.2009;0;1;0;0;2.0077;0.9943;1;1;0.9751;0.1592;0.9701;0.9709;1;0.9657;0.7812;0.998;0.998;1;0.998;0.998;0.9627;0.9398;0.1241;1.1788;1.1513;0.0069;0.01;0.0514;0.0076;0.0269;0.0009;0;0;0.088;0.9182;0;0;0;0;0;0;0;0;0;0;0;0;0.0217;0.0034;1.0225;1.0225;0;37.546;37.546;19.646;0.0493;991.28;1031.5;1;0.0163;0.0163;0;0;0;0;0;0;1.0062;0.9182;0;16.312;18.889;14.649;16.963;98.409;98.409;9.9406;8.6226;7.7433;1.318;0.8793;0.1326;0.0885;0.779;36.11;0.7719;0
31/08/21 17:00;3.468;77.131;81.564;3.5571;5.0972;90;5.0972;0;0;0;14.78;3.4399;0;0;0;0;0;0;0;0;0;0;0;0;0;1;1;1;1;0;0;0;0;0;0;0;0;0;0;0;0;0;0;0;0;0;0;0;0;0;0;0;0;0;0;0;0;0;0;0;0;0;0;0;1;1;1;1;1;1;1;1;1;1;1;1;1;1;1;1;1;1;1;0;0;0;0;0;0;0;0;0;0.0004;0.088;-0.0884;0;0;0;0;0;0;0;0;0;0;0;0;0;0;0;0;0;0;0;-14.78;0;0;0;0;0.0004;0;0;0;0;0;0;0;-0.0004;-0.0884;0;0;0;0;0;0;0;0;0;-0.7452;0;0.7452;1;1;0;0;0;0
31/08/21 18:00;0;0;90;0;0;90;0;0;0;0;10.83;3.54;0;0;0;0;0;0;0;0;0;0;0;0;0;1;1;1;1;0;0;0;0;0;0;0;0;0;0;0;0;0;0;0;0;0;0;0;0;0;0;0;0;0;0;0;0;0;0;0;0;0;0;0;1;1;1;1;1;1;1;1;1;1;1;1;1;1;1;1;1;1;1;0;0;0;0;0;0;0;0;0;0.0004;0.088;-0.0884;0;0;0;0;0;0;0;0;0;0;0;0;0;0;0;0;0;0;0;-10.83;0;0;0;0;0.0004;0;0;0;0;0;0;0;-0.0004;-0.0884;0;0;0;0;0;0;0;0;0;-0.7452;0;0.7452;1;1;0;0;0;0
31/08/21 19:00;0;0;90;0;0;90;0;0;0;0;9.2003;3.5701;0;0;0;0;0;0;0;0;0;0;0;0;0;1;1;1;1;0;0;0;0;0;0;0;0;0;0;0;0;0;0;0;0;0;0;0;0;0;0;0;0;0;0;0;0;0;0;0;0;0;0;0;1;1;1;1;1;1;1;1;1;1;1;1;1;1;1;1;1;1;1;0;0;0;0;0;0;0;0;0;0.0004;0.088;-0.0884;0;0;0;0;0;0;0;0;0;0;0;0;0;0;0;0;0;0;0;-9.2003;0;0;0;0;0.0004;0;0;0;0;0;0;0;-0.0004;-0.0884;0;0;0;0;0;0;0;0;0;-0.7452;0;0.7452;1;1;0;0;0;0
31/08/21 20:00;0;0;90;0;0;90;0;0;0;0;10.53;3.5999;0;0;0;0;0;0;0;0;0;0;0;0;0;1;1;1;1;0;0;0;0;0;0;0;0;0;0;0;0;0;0;0;0;0;0;0;0;0;0;0;0;0;0;0;0;0;0;0;0;0;0;0;1;1;1;1;1;1;1;1;1;1;1;1;1;1;1;1;1;1;1;0;0;0;0;0;0;0;0;0;0.0004;0.088;-0.0884;0;0;0;0;0;0;0;0;0;0;0;0;0;0;0;0;0;0;0;-10.53;0;0;0;0;0.0004;0;0;0;0;0;0;0;-0.0004;-0.0884;0;0;0;0;0;0;0;0;0;-0.7452;0;0.7452;1;1;0;0;0;0
31/08/21 21:00;0;0;90;0;0;90;0;0;0;0;10.8;3.64;0;0;0;0;0;0;0;0;0;0;0;0;0;1;1;1;1;0;0;0;0;0;0;0;0;0;0;0;0;0;0;0;0;0;0;0;0;0;0;0;0;0;0;0;0;0;0;0;0;0;0;0;1;1;1;1;1;1;1;1;1;1;1;1;1;1;1;1;1;1;1;0;0;0;0;0;0;0;0;0;0.0004;0.088;-0.0884;0;0;0;0;0;0;0;0;0;0;0;0;0;0;0;0;0;0;0;-10.8;0;0;0;0;0.0004;0;0;0;0;0;0;0;-0.0004;-0.0884;0;0;0;0;0;0;0;0;0;-0.7452;0;0.7452;1;1;0;0;0;0
31/08/21 22:00;0;0;90;0;0;90;0;0;0;0;7.5703;3.7;0;0;0;0;0;0;0;0;0;0;0;0;0;1;1;1;1;0;0;0;0;0;0;0;0;0;0;0;0;0;0;0;0;0;0;0;0;0;0;0;0;0;0;0;0;0;0;0;0;0;0;0;1;1;1;1;1;1;1;1;1;1;1;1;1;1;1;1;1;1;1;0;0;0;0;0;0;0;0;0;0.0004;0.088;-0.0884;0;0;0;0;0;0;0;0;0;0;0;0;0;0;0;0;0;0;0;-7.5703;0;0;0;0;0.0004;0;0;0;0;0;0;0;-0.0004;-0.0884;0;0;0;0;0;0;0;0;0;-0.7452;0;0.7452;1;1;0;0;0;0
31/08/21 23:00;0;0;90;0;0;90;0;0;0;0;7.3901;3.7599;0;0;0;0;0;0;0;0;0;0;0;0;0;1;1;1;1;0;0;0;0;0;0;0;0;0;0;0;0;0;0;0;0;0;0;0;0;0;0;0;0;0;0;0;0;0;0;0;0;0;0;0;1;1;1;1;1;1;1;1;1;1;1;1;1;1;1;1;1;1;1;0;0;0;0;0;0;0;0;0;0.0004;0.088;-0.0884;0;0;0;0;0;0;0;0;0;0;0;0;0;0;0;0;0;0;0;-7.3901;0;0;0;0;0.0004;0;0;0;0;0;0;0;-0.0004;-0.0884;0;0;0;0;0;0;0;0;0;-0.7452;0;0.7452;1;1;0;0;0;0
01/09/21 00:00;0;0;90;0;0;90;0;0;0;0;7.2;3.7301;0;0;0;0;0;0;0;0;0;0;0;0;0;1;1;1;1;0;0;0;0;0;0;0;0;0;0;0;0;0;0;0;0;0;0;0;0;0;0;0;0;0;0;0;0;0;0;0;0;0;0;0;1;1;1;1;1;1;1;1;1;1;1;1;1;1;1;1;1;1;1;0;0;0;0;0;0;0;0;0;0.0004;0.088;-0.0884;0;0;0;0;0;0;0;0;0;0;0;0;0;0;0;0;0;0;0;-7.2;0;0;0;0;0.0004;0;0;0;0;0;0;0;-0.0004;-0.0884;0;0;0;0;0;0;0;0;0;-0.7452;0;0.7452;1;1;0;0;0;0
01/09/21 01:00;0;0;90;0;0;90;0;0;0;0;6.7998;3.61;0;0;0;0;0;0;0;0;0;0;0;0;0;1;1;1;1;0;0;0;0;0;0;0;0;0;0;0;0;0;0;0;0;0;0;0;0;0;0;0;0;0;0;0;0;0;0;0;0;0;0;0;1;1;1;1;1;1;1;1;1;1;1;1;1;1;1;1;1;1;1;0;0;0;0;0;0;0;0;0;0.0004;0.088;-0.0884;0;0;0;0;0;0;0;0;0;0;0;0;0;0;0;0;0;0;0;-6.7998;0;0;0;0;0.0004;0;0;0;0;0;0;0;-0.0004;-0.0884;0;0;0;0;0;0;0;0;0;-0.7452;0;0.7452;1;1;0;0;0;0
01/09/21 02:00;0;0;90;0;0;90;0;0;0;0;7.1003;3.4101;0;0;0;0;0;0;0;0;0;0;0;0;0;1;1;1;1;0;0;0;0;0;0;0;0;0;0;0;0;0;0;0;0;0;0;0;0;0;0;0;0;0;0;0;0;0;0;0;0;0;0;0;1;1;1;1;1;1;1;1;1;1;1;1;1;1;1;1;1;1;1;0;0;0;0;0;0;0;0;0;0.0004;0.088;-0.0884;0;0;0;0;0;0;0;0;0;0;0;0;0;0;0;0;0;0;0;-7.1003;0;0;0;0;0.0004;0;0;0;0;0;0;0;-0.0004;-0.0884;0;0;0;0;0;0;0;0;0;-0.7452;0;0.7452;1;1;0;0;0;0
01/09/21 03:00;0;0;90;0;0;90;0;0;0;0;6.2002;3.1999;0;0;0;0;0;0;0;0;0;0;0;0;0;1;1;1;1;0;0;0;0;0;0;0;0;0;0;0;0;0;0;0;0;0;0;0;0;0;0;0;0;0;0;0;0;0;0;0;0;0;0;0;1;1;1;1;1;1;1;1;1;1;1;1;1;1;1;1;1;1;1;0;0;0;0;0;0;0;0;0;0.0004;0.088;-0.0884;0;0;0;0;0;0;0;0;0;0;0;0;0;0;0;0;0;0;0;-6.2002;0;0;0;0;0.0004;0;0;0;0;0;0;0;-0.0004;-0.0884;0;0;0;0;0;0;0;0;0;-0.7452;0;0.7452;1;1;0;0;0;0
01/09/21 04:00;0;0;90;0;0;90;0;0;0;0;5.6697;3.13;0;0;0;0;0;0;0;0;0;0;0;0;0;1;1;1;1;0;0;0;0;0;0;0;0;0;0;0;0;0;0;0;0;0;0;0;0;0;0;0;0;0;0;0;0;0;0;0;0;0;0;0;1;1;1;1;1;1;1;1;1;1;1;1;1;1;1;1;1;1;1;0;0;0;0;0;0;0;0;0;0.0004;0.088;-0.0884;0;0;0;0;0;0;0;0;0;0;0;0;0;0;0;0;0;0;0;-5.6697;0;0;0;0;0.0004;0;0;0;0;0;0;0;-0.0004;-0.0884;0;0;0;0;0;0;0;0;0;-0.7452;0;0.7452;1;1;0;0;0;0
01/09/21 05:00;0;0;90;0;0;90;0;0;0;0;5.0701;3.22;0;0;0;0;0;0;0;0;0;0;0;0;0;1;1;1;1;0;0;0;0;0;0;0;0;0;0;0;0;0;0;0;0;0;0;0;0;0;0;0;0;0;0;0;0;0;0;0;0;0;0;0;1;1;1;1;1;1;1;1;1;1;1;1;1;1;1;1;1;1;1;0;0;0;0;0;0;0;0;0;0.0004;0.088;-0.0884;0;0;0;0;0;0;0;0;0;0;0;0;0;0;0;0;0;0;0;-5.0701;0;0;0;0;0.0004;0;0;0;0;0;0;0;-0.0004;-0.0884;0;0;0;0;0;0;0;0;0;-0.7452;0;0.7452;1;1;0;0;0;0
01/09/21 06:00;4.0133;-77.18;80.227;4.1156;5.9083;-90;-5.9083;22.191;20.102;2.089;4.3202;4.0601;0;5.0663;19.604;1.0821;0;0.0112;25.764;0;25.764;5.0663;1.0821;19.604;0.0112;0.1966;0.7614;0;0.0004;25.695;0.069;0;0;0.0597;0.0093;22.781;2.8624;1.6642;0.3554;0.8423;0.0004;25.643;0.0514;0.0101;0.0022;0.0391;0;22.782;3.392;0.7245;18.663;0.0015;11.669;9.4755;3.3396;0.0005;0.1305;1.8773;0.0009;2.0072;0;1;0;0;1.161;0.9973;1;1;0.997;0.1679;0.8884;0.6709;1;0.9568;0.7765;0.998;0.998;1;0.998;0.998;0.8842;0.952;0.1301;0.0733;0.0689;0.0004;0.0093;-0.0049;0.0004;0.0016;0.0003;0;0;0.088;-0.0312;0;0;0;0;0;0;0;0;0;0;0;0;0.0013;0;0.0604;0.0604;0;5.4463;5.4463;1.1261;0.0494;57.049;1059.3;1;0.0037;0.0037;0;0;0;0;0;0;0.0568;-0.0312;0;15.5;17.949;-8.0111;-9.2767;93.932;93.932;0.6183;0.5096;-0.2634;0.1087;0.773;0.1758;1.2502;0;11.657;0;0
01/09/21 07:00;13.612;-69.669;55.197;14.479;22.849;-90;-22.849;194.29;36.798;157.49;7.4799;4.34;0;381.96;17.761;44.413;0;1.4484;445.59;0;445.59;381.96;44.413;17.761;1.4484;0.8572;0.0431;0;0.0033;443.86;1.7306;0;0;0.508;1.2225;433.24;9.726;8.1493;0.9476;0.5817;0.0475;442.97;0.8877;0.7639;0.0888;0.0345;0.0005;433.29;373.05;43.376;16.637;0.1779;12.06;9.7926;3.1074;0.1034;0.1639;2.3579;0.0476;2.4184;0;1;0;0;2.2934;0.9961;1;1;0.9714;0.1559;0.978;0.9786;1;0.9662;0.7894;0.998;0.998;1;0.998;0.998;0.9723;0.9367;0.1229;1.2681;1.2444;0.0075;0.0087;0.0161;0.0085;0.0301;0.0004;0;0;0.088;1.0383;0;0;0;0;0;0;0;0;0;0;0;0;0.0242;0.004;1.1449;1.1449;0;28.659;28.659;21.179;0.0489;1069.7;1070.3;1;0.0187;0.0187;0;0;0;0;0;0;1.1263;1.0383;0;16.979;19.662;15.397;17.83;98.369;98.369;10.694;9.6554;8.7558;1.0386;0.8996;0.0971;0.0841;0.8188;11.199;0.8155;0
01/09/21 08:00;24.675;-59.16;27.821;28.15;60;-90;-60;394.31;67.597;326.71;12.15;3.7599;0;692.13;21.195;83.336;0;18.73;815.39;0;815.39;692.13;83.336;21.195;18.73;0.8488;0.049;0;0.023;795.3;20.088;0;0;2.6553;17.433;792.23;1.4823;0.6638;0.0799;0.6546;0.084;793.71;1.5906;1.3843;0.1667;0.0371;0.0026;794.58;690.08;83.09;17.847;1.2098;66.327;53.858;21.095;3.548;0.8349;12.009;2.3509;9.2959;0;1;0;0;2.0679;0.9754;1;1;0.8747;0.0692;0.9981;0.999;1;0.9646;0.9351;0.998;0.998;1;0.998;0.998;0.9716;0.8421;0.0646;2.3205;2.2974;0.0138;-0.0018;0.2141;0.0145;0.0514;0.0021;0;0;0.088;1.8299;0;0;0;0;0;0;0;0;0;0;0;0;0.0414;0.0124;1.9495;1.9495;0;51.532;51.532;39.382;0.0497;1982.4;983.4;1;0.0315;0.0315;0;0;0;0;0;0;1.9179;1.8299;0;15.799;18.294;14.83;17.173;98.383;98.383;19.569;16.44;15.432;3.1293;1.0079;0.1599;0.0515;0.7886;18.457;0.78;0
01/09/21 09:00;34.447;-46.267;34.756;43.509;46.491;-90;-46.491;561.8;94.198;467.6;15.73;3.47;0;679.19;30.639;84.109;0;16.627;810.56;0;810.56;679.19;84.109;30.639;16.627;0.8379;0.0583;0;0.0205;792.53;18.033;0;0;2.6513;15.382;787.05;3.8895;2.5876;0.3204;0.915;0.0664;790.94;1.5851;1.3584;0.1682;0.056;0.0025;791.1;675.24;83.62;27.017;1.1761;235.44;191.18;70.426;2.098;2.5709;36.981;4.044;37.454;0;1;0;0;1.4428;0.9778;1;1;0.9135;0.0749;0.9951;0.9962;1;0.9672;0.9466;0.998;0.998;1;0.998;0.998;0.971;0.8818;0.0707;2.3068;2.3375;0.0141;-0.0019;0.2466;0.0146;0.0516;0.0062;0;0;0.088;1.8327;0;0;0;0;0;0;0;0;0;0;0;0;0.0416;0.0128;1.952;1.952;0;54.966;54.966;39.236;0.0499;2015.7;968.39;1;0.0313;0.0313;0;0;0;0;0;0;1.9207;1.8327;0;15.913;18.427;14.941;17.301;98.398;98.398;19.453;16.461;15.455;2.9922;1.0058;0.1538;0.0517;0.7945;23.122;0.7682;0
01/09/21 10:00;42.047;-29.967;40.04;61.02;28.98;-90;-28.98;685.39;113.8;571.59;19.21;3.24;0;653.4;38.975;82.561;0;8.1527;783.09;0;783.09;653.4;82.561;38.975;8.1527;0.8344;0.0602;0;0.0104;774.38;8.7089;0;0;1.6314;7.0775;766.35;6.4875;4.5047;0.5692;1.2191;0.1946;772.83;1.5488;1.3068;0.1651;0.0747;0.0022;768.51;647.59;81.826;36.05;0.8785;367.36;298.29;112.76;0.5254;3.6456;52.441;2.1652;55.561;0;1;0;0;1.1425;0.9889;1;1;0.9581;0.1319;0.9916;0.9931;1;0.9673;0.8187;0.998;0.998;1;0.998;0.998;0.9786;0.9249;0.1078;2.2286;2.3038;0.0139;-0.0018;0.2641;0.0142;0.0503;0.0088;0;0;0.088;1.7833;0;0;0;0;0;0;0;0;0;0;0;0;0.0405;0.0125;1.9014;1.9014;0;57.494;57.494;38.285;0.05;1985.8;957.53;1;0.0301;0.0301;0;0;0;0;0;0;1.8713;1.7833;0;16.045;18.579;15.048;17.426;98.417;98.417;18.794;16.035;15.039;2.7592;0.9959;0.1468;0.053;0.8002;25.511;0.762;0
01/09/21 11:00;46.276;-10.058;42.888;80.517;9.4833;-90;-9.4833;746.3;125.5;620.8;20.62;3.0901;0;629.4;45.023;81.28;0;0.9689;756.67;0;756.67;629.4;81.28;45.023;0.9689;0.8318;0.0608;0;0.0013;755.57;1.1016;0;0;0.2969;0.8047;746.1;7.9563;5.3855;0.6955;1.8386;0.0368;754.06;1.5111;1.2588;0.1626;0.0895;0.0003;746.28;622.75;80.422;42.798;0.1271;436.33;354.3;130.92;0.0109;4.4862;64.533;0.1789;69.008;0;1;0;0;1.0139;0.9985;1;1;0.9934;0.1695;0.9894;0.9914;1;0.9588;0.7756;0.998;0.998;1;0.998;0.998;0.986;0.9506;0.1312;2.1534;2.2644;0.0136;-0.0017;0.263;0.0139;0.0494;0.0108;0;0;0.088;1.7462;0;0;0;0;0;0;0;0;0;0;0;0;0.0398;0.012;1.8636;1.8636;0;57.908;57.908;37.288;0.05;1950.8;955.28;1;0.0293;0.0293;0;0;0;0;0;0;1.8342;1.7462;0;16.274;18.845;15.25;17.659;98.426;98.426;18.16;15.716;14.726;2.4443;0.9895;0.1346;0.0545;0.8109;26.955;0.7622;0
01/09/21 12:00;46.124;11.462;42.787;79.183;10.817;90;10.817;744.7;129.8;614.9;21.82;2.91;0;626.02;47.043;83.824;0;1.257;758.15;0;758.15;626.02;83.824;47.043;1.257;0.8257;0.0637;0;0.0017;756.71;1.434;0;0;0.3881;1.0459;747.24;7.9592;5.3198;0.7123;1.8797;0.0474;755.2;1.5134;1.252;0.1676;0.0933;0.0004;747.48;619.45;82.944;44.682;0.1632;434.24;352.6;132.3;0.0187;4.3348;62.355;0.2417;66.671;0;1;0;0;1.0181;0.9981;1;1;0.9918;0.1679;0.9895;0.9915;1;0.9596;0.7748;0.998;0.998;1;0.998;0.998;0.9856;0.9498;0.1298;2.1576;2.2635;0.0136;-0.0017;0.2735;0.0138;0.0491;0.0103;0;0;0.088;1.7361;0;0;0;0;0;0;0;0;0;0;0;0;0.0396;0.012;1.8532;1.8532;0;59.205;59.205;37.385;0.05;1950.4;950.16;1;0.029;0.029;0;0;0;0;0;0;1.8241;1.7361;0;16.152;18.704;15.132;17.523;98.433;98.433;18.195;15.628;14.641;2.5675;0.987;0.1411;0.0542;0.8046;28.258;0.758;0
01/09/21 13:00;41.634;31.165;39.758;59.793;30.207;90;30.207;672.11;134;538.11;22.73;2.6901;0;622.66;49.672;93.387;0;8.6702;774.39;0;774.39;622.66;93.387;49.672;8.6702;0.8041;0.0753;0;0.0112;764.56;9.8354;0;0;2.2282;7.6072;756.48;6.5481;4.1902;0.6284;1.5422;0.1873;763.03;1.5291;1.2453;0.1868;0.0949;0.0021;758.86;617.23;92.572;45.807;0.8736;357.81;290.54;109.02;0.7725;3.6204;52.078;2.3841;54.926;0;1;0;0;1.1522;0.9873;1;1;0.9551;0.1226;0.9914;0.9933;1;0.9674;0.8234;0.998;0.998;1;0.998;0.998;0.9769;0.9222;0.1008;2.2039;2.2755;0.0137;-0.0018;0.2866;0.0138;0.0491;0.0086;0;0;0.088;1.7368;0;0;0;0;0;0;0;0;0;0;0;0;0.0395;0.0122;1.8537;1.8537;0;60.62;60.62;37.89;0.0501;1961.8;944.94;1;0.029;0.029;0;0;0;0;0;0;1.8248;1.7368;0;15.818;18.317;14.82;17.161;98.438;98.438;18.585;15.633;14.647;2.9526;0.9863;0.1589;0.0531;0.7881;32.786;0.7503;0
01/09/21 14:00;33.855;47.216;34.338;42.429;47.571;90;47.571;546.7;137;409.7;22.8;2.43;0;607.26;51.98;111.05;0;16.896;787.18;0;787.18;607.26;111.05;51.98;16.896;0.7714;0.0875;0;0.0215;766.77;20.403;0;0;4.6662;15.737;761.07;4.1718;2.1654;0.396;1.552;0.0585;765.24;1.5335;1.2145;0.2221;0.0946;0.0023;765.16;603.88;110.43;45.667;1.0984;229.52;186.37;69.54;3.8501;2.566;36.912;4.0896;35.627;0;1;0;0;1.4399;0.9741;1;1;0.9102;0.0686;0.9945;0.9964;1;0.9671;0.9495;0.998;0.998;1;0.998;0.998;0.9668;0.8786;0.065;2.2402;2.2631;0.0136;-0.0017;0.2876;0.0137;0.0487;0.0061;0;0;0.088;1.727;0;0;0;0;0;0;0;0;0;0;0;0;0.0393;0.0121;1.8437;1.8437;0;60.929;60.929;38.129;0.0501;1952.4;944.31;1;0.0287;0.0287;0;0;0;0;0;0;1.815;1.727;0;15.477;17.922;14.497;16.787;98.441;98.441;18.892;15.548;14.564;3.344;0.9846;0.177;0.0521;0.7709;39.628;0.7447;0
01/09/21 15:00;23.975;59.918;27.39;27.2;60;90;60;366.1;147.9;218.2;22.4;1.9999;0;476.78;66.631;129.05;0;17.39;689.85;0;689.85;476.78;129.05;66.631;17.39;0.6911;0.1218;0;0.0252;665.21;24.645;0;0;8.3768;16.268;661.17;2.7055;0.4502;0.1218;2.0571;0.0763;663.88;1.3304;0.9536;0.2581;0.1165;0.0022;664.01;475.38;128.67;56.081;1.043;86.69;70.392;29.27;11.144;1.4037;20.191;2.8423;10.451;0;1;0;0;1.8843;0.9643;1;1;0.8743;0.0645;0.9959;0.9991;1;0.9646;0.9318;0.998;0.998;1;0.998;0.998;0.9584;0.8417;0.06;1.9633;1.9402;0.0117;0.0002;0.2086;0.012;0.0427;0.0034;0;0;0.088;1.5053;0;0;0;0;0;0;0;0;0;0;0;0;0.0344;0.009;1.6182;1.6182;0;55.384;55.384;32.984;0.0499;1673.6;966.88;1;0.0249;0.0249;0;0;0;0;0;0;1.5933;1.5053;0;15.501;17.949;14.419;16.697;98.46;98.46;16.556;13.647;12.694;2.9099;0.9523;0.1758;0.0575;0.7667;58.007;0.7503;0
01/09/21 16:00;12.849;70.306;57.362;13.618;21.204;90;21.204;185.31;113.1;72.202;21.23;2.2;0;175.11;82.891;66.229;0;1.1918;325.42;0;325.42;175.11;66.229;82.891;1.1918;0.5381;0.2584;0;0.0037;322.31;3.1127;0;0;2.1095;1.0032;312.24;9.4199;4.8052;1.8174;2.7564;0.041;321.66;0.6446;0.3502;0.1325;0.1616;0.0004;312.39;169.95;64.279;77.864;0.1472;52.298;42.466;15.422;0.3669;0.579;8.3288;0.1437;8.541;0;1;0;0;1.7561;0.9904;1;1;0.9746;0.1582;0.9707;0.9725;1;0.9658;0.7821;0.998;0.998;1;0.998;0.998;0.9595;0.9393;0.1235;0.9261;0.9105;0.0055;0.0134;0.0379;0.006;0.0212;0.0015;0;0;0.088;0.7046;0;0;0;0;0;0;0;0;0;0;0;0;0.0171;0.0023;0.8057;0.8057;0;36.626;36.626;15.396;0.0493;782.81;1029.2;1;0.0131;0.0131;0;0;0;0;0;0;0.7926;0.7046;0;16.36;18.945;14.308;16.569;98.38;98.38;7.8101;6.7945;5.9423;1.0156;0.8522;0.13;0.1091;0.7608;51.81;0.7465;0
01/09/21 17:00;3.62;77.47;81.192;3.7081;5.3161;90;5.3161;0;0;0;18.24;2.6299;0;0;0;0;0;0;0;0;0;0;0;0;0;1;1;1;1;0;0;0;0;0;0;0;0;0;0;0;0;0;0;0;0;0;0;0;0;0;0;0;0;0;0;0;0;0;0;0;0;0;0;0;1;1;1;1;1;1;1;1;1;1;1;1;1;1;1;1;1;1;1;0;0;0;0;0;0;0;0;0;0.0004;0.088;-0.0884;0;0;0;0;0;0;0;0;0;0;0;0;0;0;0;0;0;0;0;-18.24;0;0;0;0;0.0004;0;0;0;0;0;0;0;-0.0004;-0.0884;0;0;0;0;0;0;0;0;0;-0.7452;0;0.7452;1;1;0;0;0;0
01/09/21 18:00;0;0;90;0;0;90;0;0;0;0;12.36;3.0299;0;0;0;0;0;0;0;0;0;0;0;0;0;1;1;1;1;0;0;0;0;0;0;0;0;0;0;0;0;0;0;0;0;0;0;0;0;0;0;0;0;0;0;0;0;0;0;0;0;0;0;0;1;1;1;1;1;1;1;1;1;1;1;1;1;1;1;1;1;1;1;0;0;0;0;0;0;0;0;0;0.0004;0.088;-0.0884;0;0;0;0;0;0;0;0;0;0;0;0;0;0;0;0;0;0;0;-12.36;0;0;0;0;0.0004;0;0;0;0;0;0;0;-0.0004;-0.0884;0;0;0;0;0;0;0;0;0;-0.7452;0;0.7452;1;1;0;0;0;0
01/09/21 19:00;0;0;90;0;0;90;0;0;0;0;10.88;3.3401;0;0;0;0;0;0;0;0;0;0;0;0;0;1;1;1;1;0;0;0;0;0;0;0;0;0;0;0;0;0;0;0;0;0;0;0;0;0;0;0;0;0;0;0;0;0;0;0;0;0;0;0;1;1;1;1;1;1;1;1;1;1;1;1;1;1;1;1;1;1;1;0;0;0;0;0;0;0;0;0;0.0004;0.088;-0.0884;0;0;0;0;0;0;0;0;0;0;0;0;0;0;0;0;0;0;0;-10.88;0;0;0;0;0.0004;0;0;0;0;0;0;0;-0.0004;-0.0884;0;0;0;0;0;0;0;0;0;-0.7452;0;0.7452;1;1;0;0;0;0
01/09/21 20:00;0;0;90;0;0;90;0;0;0;0;9.8598;3.55;0;0;0;0;0;0;0;0;0;0;0;0;0;1;1;1;1;0;0;0;0;0;0;0;0;0;0;0;0;0;0;0;0;0;0;0;0;0;0;0;0;0;0;0;0;0;0;0;0;0;0;0;1;1;1;1;1;1;1;1;1;1;1;1;1;1;1;1;1;1;1;0;0;0;0;0;0;0;0;0;0.0004;0.088;-0.0884;0;0;0;0;0;0;0;0;0;0;0;0;0;0;0;0;0;0;0;-9.8598;0;0;0;0;0.0004;0;0;0;0;0;0;0;-0.0004;-0.0884;0;0;0;0;0;0;0;0;0;-0.7452;0;0.7452;1;1;0;0;0;0
01/09/21 21:00;0;0;90;0;0;90;0;0;0;0;8.4099;3.69;0;0;0;0;0;0;0;0;0;0;0;0;0;1;1;1;1;0;0;0;0;0;0;0;0;0;0;0;0;0;0;0;0;0;0;0;0;0;0;0;0;0;0;0;0;0;0;0;0;0;0;0;1;1;1;1;1;1;1;1;1;1;1;1;1;1;1;1;1;1;1;0;0;0;0;0;0;0;0;0;0.0004;0.088;-0.0884;0;0;0;0;0;0;0;0;0;0;0;0;0;0;0;0;0;0;0;-8.4099;0;0;0;0;0.0004;0;0;0;0;0;0;0;-0.0004;-0.0884;0;0;0;0;0;0;0;0;0;-0.7452;0;0.7452;1;1;0;0;0;0
01/09/21 22:00;0;0;90;0;0;90;0;0;0;0;6.5399;3.86;0;0;0;0;0;0;0;0;0;0;0;0;0;1;1;1;1;0;0;0;0;0;0;0;0;0;0;0;0;0;0;0;0;0;0;0;0;0;0;0;0;0;0;0;0;0;0;0;0;0;0;0;1;1;1;1;1;1;1;1;1;1;1;1;1;1;1;1;1;1;1;0;0;0;0;0;0;0;0;0;0.0004;0.088;-0.0884;0;0;0;0;0;0;0;0;0;0;0;0;0;0;0;0;0;0;0;-6.5399;0;0;0;0;0.0004;0;0;0;0;0;0;0;-0.0004;-0.0884;0;0;0;0;0;0;0;0;0;-0.7452;0;0.7452;1;1;0;0;0;0
01/09/21 23:00;0;0;90;0;0;90;0;0;0;0;7.5198;4.1499;0;0;0;0;0;0;0;0;0;0;0;0;0;1;1;1;1;0;0;0;0;0;0;0;0;0;0;0;0;0;0;0;0;0;0;0;0;0;0;0;0;0;0;0;0;0;0;0;0;0;0;0;1;1;1;1;1;1;1;1;1;1;1;1;1;1;1;1;1;1;1;0;0;0;0;0;0;0;0;0;0.0004;0.088;-0.0884;0;0;0;0;0;0;0;0;0;0;0;0;0;0;0;0;0;0;0;-7.5198;0;0;0;0;0.0004;0;0;0;0;0;0;0;-0.0004;-0.0884;0;0;0;0;0;0;0;0;0;-0.7452;0;0.7452;1;1;0;0;0;0
02/09/21 00:00;0;0;90;0;0;90;0;0;0;0;7.7903;4.3999;0;0;0;0;0;0;0;0;0;0;0;0;0;1;1;1;1;0;0;0;0;0;0;0;0;0;0;0;0;0;0;0;0;0;0;0;0;0;0;0;0;0;0;0;0;0;0;0;0;0;0;0;1;1;1;1;1;1;1;1;1;1;1;1;1;1;1;1;1;1;1;0;0;0;0;0;0;0;0;0;0.0004;0.088;-0.0884;0;0;0;0;0;0;0;0;0;0;0;0;0;0;0;0;0;0;0;-7.7903;0;0;0;0;0.0004;0;0;0;0;0;0;0;-0.0004;-0.0884;0;0;0;0;0;0;0;0;0;-0.7452;0;0.7452;1;1;0;0;0;0
02/09/21 01:00;0;0;90;0;0;90;0;0;0;0;6.73;4.5499;0;0;0;0;0;0;0;0;0;0;0;0;0;1;1;1;1;0;0;0;0;0;0;0;0;0;0;0;0;0;0;0;0;0;0;0;0;0;0;0;0;0;0;0;0;0;0;0;0;0;0;0;1;1;1;1;1;1;1;1;1;1;1;1;1;1;1;1;1;1;1;0;0;0;0;0;0;0;0;0;0.0004;0.088;-0.0884;0;0;0;0;0;0;0;0;0;0;0;0;0;0;0;0;0;0;0;-6.73;0;0;0;0;0.0004;0;0;0;0;0;0;0;-0.0004;-0.0884;0;0;0;0;0;0;0;0;0;-0.7452;0;0.7452;1;1;0;0;0;0
02/09/21 02:00;0;0;90;0;0;90;0;0;0;0;6.6097;4.5399;0;0;0;0;0;0;0;0;0;0;0;0;0;1;1;1;1;0;0;0;0;0;0;0;0;0;0;0;0;0;0;0;0;0;0;0;0;0;0;0;0;0;0;0;0;0;0;0;0;0;0;0;1;1;1;1;1;1;1;1;1;1;1;1;1;1;1;1;1;1;1;0;0;0;0;0;0;0;0;0;0.0004;0.088;-0.0884;0;0;0;0;0;0;0;0;0;0;0;0;0;0;0;0;0;0;0;-6.6097;0;0;0;0;0.0004;0;0;0;0;0;0;0;-0.0004;-0.0884;0;0;0;0;0;0;0;0;0;-0.7452;0;0.7452;1;1;0;0;0;0
02/09/21 03:00;0;0;90;0;0;90;0;0;0;0;6.0001;4.5;0;0;0;0;0;0;0;0;0;0;0;0;0;1;1;1;1;0;0;0;0;0;0;0;0;0;0;0;0;0;0;0;0;0;0;0;0;0;0;0;0;0;0;0;0;0;0;0;0;0;0;0;1;1;1;1;1;1;1;1;1;1;1;1;1;1;1;1;1;1;1;0;0;0;0;0;0;0;0;0;0.0004;0.088;-0.0884;0;0;0;0;0;0;0;0;0;0;0;0;0;0;0;0;0;0;0;-6.0001;0;0;0;0;0.0004;0;0;0;0;0;0;0;-0.0004;-0.0884;0;0;0;0;0;0;0;0;0;-0.7452;0;0.7452;1;1;0;0;0;0
02/09/21 04:00;0;0;90;0;0;90;0;0;0;0;6.9301;4.6199;0;0;0;0;0;0;0;0;0;0;0;0;0;1;1;1;1;0;0;0;0;0;0;0;0;0;0;0;0;0;0;0;0;0;0;0;0;0;0;0;0;0;0;0;0;0;0;0;0;0;0;0;1;1;1;1;1;1;1;1;1;1;1;1;1;1;1;1;1;1;1;0;0;0;0;0;0;0;0;0;0.0004;0.088;-0.0884;0;0;0;0;0;0;0;0;0;0;0;0;0;0;0;0;0;0;0;-6.9301;0;0;0;0;0.0004;0;0;0;0;0;0;0;-0.0004;-0.0884;0;0;0;0;0;0;0;0;0;-0.7452;0;0.7452;1;1;0;0;0;0
02/09/21 05:00;0;0;90;0;0;90;0;0;0;0;6.7599;4.82;0;0;0;0;0;0;0;0;0;0;0;0;0;1;1;1;1;0;0;0;0;0;0;0;0;0;0;0;0;0;0;0;0;0;0;0;0;0;0;0;0;0;0;0;0;0;0;0;0;0;0;0;1;1;1;1;1;1;1;1;1;1;1;1;1;1;1;1;1;1;1;0;0;0;0;0;0;0;0;0;0.0004;0.088;-0.0884;0;0;0;0;0;0;0;0;0;0;0;0;0;0;0;0;0;0;0;-6.7599;0;0;0;0;0.0004;0;0;0;0;0;0;0;-0.0004;-0.0884;0;0;0;0;0;0;0;0;0;-0.7452;0;0.7452;1;1;0;0;0;0
02/09/21 06:00;4.0934;-77.575;80.031;4.1913;6.0186;-90;-6.0186;23.793;21.2;2.5934;7.1103;5.3201;0;6.2897;20.57;1.3883;0;0.0125;28.261;0;28.261;6.2897;1.3883;20.57;0.0125;0.2226;0.7283;0;0.0004;28.186;0.0748;0;0;0.0645;0.0104;24.778;3.3521;2.0226;0.4464;0.8826;0.0005;28.13;0.0564;0.0126;0.0028;0.041;0;24.779;4.2546;0.9391;19.582;0.0016;12.249;9.9463;3.5062;0.0006;0.1369;1.97;0.001;2.1063;0;1;0;0;1.1878;0.9974;1;1;0.9969;0.1679;0.8808;0.6778;1;0.9569;0.7765;0.998;0.998;1;0.998;0.998;0.8767;0.952;0.1301;0.0804;0.0748;0.0005;0.0096;-0.0045;0.0005;0.0017;0.0003;0;0;0.088;-0.0265;0;0;0;0;0;0;0;0;0;0;0;0;0.0014;0.0001;0.0653;0.0653;0;8.3363;8.3363;1.2261;0.0495;62.157;1050.2;1;0.0038;0.0038;0;0;0;0;0;0;0.0615;-0.0265;0;15.264;17.675;-6.1924;-7.1707;94.235;94.235;0.6783;0.5505;-0.2233;0.1277;0.7739;0.1883;1.1409;0;12.234;0;0
02/09/21 07:00;13.903;-69.909;54.355;14.766;23.414;-90;-23.414;195.4;40.098;155.31;12.09;5.4999;0;376.66;19.977;46.717;0;1.5286;444.89;0;444.89;376.66;46.717;19.977;1.5286;0.8467;0.0483;0;0.0034;443;1.8876;0;0;0.5943;1.2933;433.2;8.9169;7.3103;0.9067;0.651;0.0489;442.11;0.886;0.7533;0.0934;0.0388;0.0005;433.25;368.6;45.717;18.693;0.1858;13.491;10.955;3.5168;0.1269;0.1815;2.6102;0.0564;2.6647;0;1;0;0;2.2767;0.9958;1;1;0.9703;0.1539;0.9798;0.9806;1;0.9663;0.7916;0.998;0.998;1;0.998;0.998;0.9737;0.9357;0.1216;1.2661;1.2448;0.0075;0.0087;0.0368;0.0083;0.0296;0.0005;0;0;0.088;1.0196;0;0;0;0;0;0;0;0;0;0;0;0;0.0238;0.004;1.1256;1.1256;0;33.349;33.349;21.259;0.0491;1071.3;1050.7;1;0.0181;0.0181;0;0;0;0;0;0;1.1076;1.0196;0;16.719;19.361;15.144;17.536;98.393;98.393;10.677;9.4927;8.598;1.1846;0.8947;0.1109;0.0838;0.8053;12.636;0.8017;0
02/09/21 08:00;24.988;-59.384;27.532;28.438;60;-90;-60;396.2;69.5;326.7;16.53;5.4801;0;685.8;22.163;83.86;0;18.82;810.64;0;810.64;685.8;83.86;22.163;18.82;0.846;0.0506;0;0.0232;790.35;20.294;0;0;2.7766;17.517;787.27;1.4994;0.6509;0.0796;0.6845;0.0844;788.77;1.5807;1.3716;0.1677;0.0388;0.0026;789.65;683.78;83.613;18.663;1.2157;70.156;56.967;22.742;3.7099;0.8523;12.261;2.3799;9.403;0;1;0;0;2.046;0.975;1;1;0.8747;0.0692;0.9981;0.999;1;0.9646;0.9351;0.998;0.998;1;0.998;0.998;0.9712;0.8421;0.0646;2.307;2.2838;0.0138;-0.0018;0.2479;0.0142;0.0502;0.0021;0;0;0.088;1.7864;0;0;0;0;0;0;0;0;0;0;0;0;0.0405;0.0123;1.9047;1.9047;0;55.804;55.804;39.274;0.0499;1971.7;966.03;1;0.0303;0.0303;0;0;0;0;0;0;1.8744;1.7864;0;15.526;17.979;14.562;16.862;98.408;98.408;19.455;16.063;15.065;3.3929;0.9978;0.1744;0.0513;0.7743;19.3;0.7657;0
02/09/21 09:00;34.786;-46.455;34.458;43.782;46.218;-90;-46.218;574.3;94.797;479.5;19.2;6.5499;0;693;30.099;85.583;0;16.808;825.49;0;825.49;693;85.583;30.099;16.808;0.8395;0.0568;0;0.0204;807.37;18.125;0;0;2.5823;15.543;801.95;3.7989;2.5199;0.3112;0.8989;0.0689;805.75;1.6147;1.386;0.1712;0.055;0.0025;806.04;689.1;85.101;26.563;1.1938;241.92;196.44;72.438;2.0197;2.6278;37.8;4.0883;38.408;0;1;0;0;1.4374;0.978;1;1;0.9142;0.0753;0.9953;0.9964;1;0.9673;0.9454;0.998;0.998;1;0.998;0.998;0.9715;0.8825;0.071;2.3493;2.3819;0.0143;-0.002;0.2884;0.0146;0.0517;0.0063;0;0;0.088;1.8347;0;0;0;0;0;0;0;0;0;0;0;0;0.0416;0.0133;1.9537;1.9537;0;59.321;59.321;40.121;0.05;2054.5;950.92;1;0.0309;0.0309;0;0;0;0;0;0;1.9227;1.8347;0;15.639;18.109;14.687;17.007;98.416;98.416;19.812;16.475;15.472;3.3363;1.0031;0.1684;0.0506;0.781;22.656;0.7551;0
02/09/21 10:00;42.411;-30.074;39.712;61.252;28.748;-90;-28.748;695.1;114.7;580.4;20.67;6.9201;0;661.99;38.79;83.675;0;8.1391;792.6;0;792.6;661.99;83.675;38.79;8.1391;0.8352;0.0592;0;0.0103;783.94;8.6608;0;0;1.603;7.0578;775.96;6.4102;4.4372;0.5609;1.215;0.1972;782.37;1.5679;1.324;0.1673;0.0744;0.0022;778.12;656.23;82.947;35.898;0.882;373.16;303.01;114.5;0.5086;3.7041;53.282;2.1563;56.478;0;1;0;0;1.1403;0.9891;1;1;0.9587;0.1329;0.9918;0.9933;1;0.9673;0.8173;0.998;0.998;1;0.998;0.998;0.979;0.9254;0.1084;2.2557;2.333;0.0141;-0.0019;0.2842;0.0143;0.0506;0.0088;0;0;0.088;1.7914;0;0;0;0;0;0;0;0;0;0;0;0;0.0407;0.0128;1.9095;1.9095;0;59.498;59.498;38.828;0.05;2011.1;949.51;1;0.0301;0.0301;0;0;0;0;0;0;1.8794;1.7914;0;15.92;18.435;14.935;17.295;98.424;98.424;19.022;16.103;15.107;2.9191;0.9959;0.1535;0.0524;0.7942;25.351;0.7561;0
02/09/21 11:00;46.648;-10.021;42.532;80.671;9.3291;-90;-9.3291;757.71;125.9;631.81;21.83;6.8;0;640.28;44.301;82.396;0;0.9521;767.92;0;767.92;640.28;82.396;44.301;0.9521;0.8338;0.0589;0;0.0012;766.85;1.0751;0;0;0.2843;0.7908;757.43;7.8831;5.3457;0.6879;1.8134;0.0361;765.31;1.5337;1.2806;0.1648;0.088;0.0003;757.61;633.65;81.543;42.115;0.1249;443.11;359.81;132.96;0.01;4.5556;65.531;0.1743;70.076;0;1;0;0;1.0135;0.9986;1;1;0.9936;0.1694;0.9897;0.9916;1;0.9587;0.7756;0.998;0.998;1;0.998;0.998;0.9863;0.9507;0.1311;2.1854;2.2988;0.0138;-0.0018;0.2821;0.014;0.0498;0.0109;0;0;0.088;1.7601;0;0;0;0;0;0;0;0;0;0;0;0;0.0401;0.0124;1.8775;1.8775;0;59.74;59.74;37.91;0.0501;1980.6;947.96;1;0.0295;0.0295;0;0;0;0;0;0;1.8481;1.7601;0;16.156;18.709;15.146;17.538;98.431;98.431;18.43;15.834;14.843;2.5966;0.9905;0.1409;0.0537;0.8054;26.513;0.757;0
02/09/21 12:00;46.471;11.662;42.416;79.131;10.869;90;10.869;754.31;129.4;624.91;22.55;6.6199;0;636.32;46.088;84.41;0;1.2856;768.11;0;768.11;636.32;84.41;46.088;1.2856;0.8284;0.0617;0;0.0017;766.65;1.453;0;0;0.3833;1.0697;757.26;7.8569;5.2695;0.699;1.8399;0.0485;765.12;1.5333;1.2726;0.1688;0.0914;0.0004;757.51;629.78;83.542;43.773;0.1669;439.77;357.1;134;0.0187;4.3887;63.13;0.2477;67.5;0;1;0;0;1.0183;0.9981;1;1;0.9917;0.1679;0.9897;0.9917;1;0.9597;0.7748;0.998;0.998;1;0.998;0.998;0.9859;0.9498;0.1298;2.186;2.2937;0.0138;-0.0018;0.2876;0.014;0.0495;0.0104;0;0;0.088;1.7508;0;0;0;0;0;0;0;0;0;0;0;0;0.0399;0.0124;1.868;1.868;0;60.475;60.475;37.925;0.0501;1976.5;945.11;1;0.0292;0.0292;0;0;0;0;0;0;1.8388;1.7508;0;16.07;18.609;15.062;17.441;98.436;98.436;18.435;15.753;14.765;2.6813;0.9886;0.1454;0.0536;0.8009;27.688;0.7545;0
02/09/21 13:00;41.929;31.47;39.386;59.833;30.167;90;30.167;685.51;129.6;555.91;23.08;6.2299;0;642.99;46.115;92.689;0;8.8201;790.62;0;790.62;642.99;92.689;46.115;8.8201;0.8133;0.0695;0;0.0112;780.82;9.8015;0;0;2.0642;7.7372;772.84;6.4142;4.1875;0.6036;1.432;0.1911;779.25;1.5616;1.286;0.1854;0.0881;0.0022;775.26;637.52;91.9;42.531;0.8896;364.62;296.07;111.1;0.714;3.6847;53.002;2.4221;55.973;0;1;0;0;1.1533;0.9876;1;1;0.9552;0.1228;0.9918;0.9935;1;0.9674;0.8232;0.998;0.998;1;0.998;0.998;0.9775;0.9223;0.1009;2.25;2.3242;0.014;-0.0019;0.3027;0.0141;0.0499;0.0087;0;0;0.088;1.7665;0;0;0;0;0;0;0;0;0;0;0;0;0.0402;0.0127;1.8839;1.8839;0;61.827;61.827;38.747;0.0501;2003.7;940.21;1;0.0294;0.0294;0;0;0;0;0;0;1.8545;1.7665;0;15.746;18.233;14.764;17.097;98.438;98.438;18.975;15.887;14.897;3.0874;0.9903;0.1627;0.0522;0.7851;30.43;0.7476;0
02/09/21 14:00;34.097;47.559;33.974;42.531;47.469;90;47.469;553.4;135.3;418.1;23.6;5.29;0;618.49;50.532;110.95;0;17.034;797;0;797;618.49;110.95;50.532;17.034;0.776;0.0848;0;0.0214;776.62;20.385;0;0;4.522;15.863;771.05;4.0146;2.0743;0.3721;1.5087;0.0595;775.07;1.5532;1.237;0.2219;0.092;0.0023;775.16;615.18;110.35;44.41;1.1091;232.29;188.62;70.372;3.7152;2.5856;37.192;4.1122;36.063;0;1;0;0;1.4402;0.9744;1;1;0.9105;0.0687;0.9948;0.9966;1;0.9671;0.9491;0.998;0.998;1;0.998;0.998;0.9674;0.8788;0.0651;2.2682;2.2923;0.0138;-0.0018;0.3023;0.0138;0.0491;0.0061;0;0;0.088;1.7401;0;0;0;0;0;0;0;0;0;0;0;0;0.0396;0.0124;1.857;1.857;0;62.271;62.271;38.671;0.0502;1977.6;939;1;0.0289;0.0289;0;0;0;0;0;0;1.8281;1.7401;0;15.396;17.829;14.427;16.706;98.444;98.444;19.128;15.66;14.675;3.4677;0.9858;0.1813;0.0515;0.7672;38.487;0.7413;0
02/09/21 15:00;24.173;60.264;27.027;27.336;60;90;60;368.79;149.1;219.7;23.3;3.6799;0;477.91;67.233;129.33;0;17.518;691.99;0;691.99;477.91;129.33;67.233;17.518;0.6906;0.1225;0;0.0253;667.15;24.84;0;0;8.4524;16.388;663.1;2.7183;0.4453;0.1205;2.0757;0.0769;665.82;1.3343;0.9558;0.2587;0.1176;0.0023;665.97;476.51;128.95;56.587;1.0506;88.527;71.884;30.026;11.245;1.4158;20.366;2.8657;10.537;0;1;0;0;1.8764;0.9641;1;1;0.8743;0.0645;0.9959;0.9991;1;0.9646;0.9318;0.998;0.998;1;0.998;0.998;0.9582;0.8417;0.06;1.9694;1.9462;0.0117;0.0002;0.2164;0.012;0.0426;0.0034;0;0;0.088;1.5035;0;0;0;0;0;0;0;0;0;0;0;0;0.0344;0.0091;1.6164;1.6164;0;56.408;56.408;33.108;0.0499;1679.1;962.64;1;0.0248;0.0248;0;0;0;0;0;0;1.5915;1.5035;0;15.435;17.873;14.358;16.626;98.465;98.465;16.608;13.631;12.68;2.9769;0.9513;0.1792;0.0573;0.7635;58.531;0.747;0
02/09/21 16:00;13.016;70.648;56.891;13.767;21.483;90;21.483;163.7;122;41.703;22.13;3.48;0;101.14;101.55;40.719;0;1.0804;244.49;0;244.49;101.14;40.719;101.55;1.0804;0.4137;0.4198;0;0.0044;240.94;3.5497;0;0;2.6392;0.9105;233.38;7.0877;2.626;1.0572;3.3677;0.0368;240.46;0.4819;0.2023;0.0814;0.1978;0.0003;233.56;98.314;39.58;95.348;0.1328;63.853;51.848;18.795;0.4714;0.7107;10.223;0.1821;10.462;0;1;0;0;1.4936;0.9855;1;1;0.974;0.1573;0.9705;0.974;1;0.9659;0.783;0.998;0.998;1;0.998;0.998;0.9545;0.9389;0.1229;0.6958;0.6887;0.0041;0.016;0.0214;0.0045;0.0161;0.0018;0;0;0.088;0.512;0;0;0;0;0;0;0;0;0;0;0;0;0.0129;0.0014;0.6104;0.6104;0;33.633;33.633;11.503;0.0493;590.51;1033.8;1;0.0104;0.0104;0;0;0;0;0;0;0.6;0.512;0;16.499;19.105;13.839;16.025;98.293;98.293;5.8679;5.148;4.318;0.7199;0.83;0.1227;0.1414;0.7359;63.566;0.7135;0
02/09/21 17:00;3.5719;77.958;81.309;3.6521;5.2349;90;5.2349;1.1916;1.1916;0;19.07;4.18;0;0;1.1891;0;0;0.0005;1.1896;1.1896;0;0;0;0;0;1;1;1;1;0;0;0;0;0;0;0;0;0;0;0;0;0;0;0;0;0;0;0;0;0;0;0;0;0;0;0;0;0;0;0;0;0;0;0;0;1;1;1;1;1;1;1;1;1;1;1;1;1;0;0;1;0;0;0;0;0;0;0;0;0;0;0;0.0004;0.088;-0.0884;0;0;0;0;0;0;0;0;0;0;0;0;0;0;0;0;0;0;0;-19.07;0;0;0;0;0.0004;0;0;0;0;0;0;0;-0.0004;-0.0884;0;0;0;0;0;0;0;0;0;-0.7452;0;0.7452;1;1;0;0;0;0
02/09/21 18:00;0;0;90;0;0;90;0;0;0;0;16.62;5.0801;0;0;0;0;0;0;0;0;0;0;0;0;0;1;1;1;1;0;0;0;0;0;0;0;0;0;0;0;0;0;0;0;0;0;0;0;0;0;0;0;0;0;0;0;0;0;0;0;0;0;0;0;1;1;1;1;1;1;1;1;1;1;1;1;1;1;1;1;1;1;1;0;0;0;0;0;0;0;0;0;0.0004;0.088;-0.0884;0;0;0;0;0;0;0;0;0;0;0;0;0;0;0;0;0;0;0;-16.62;0;0;0;0;0.0004;0;0;0;0;0;0;0;-0.0004;-0.0884;0;0;0;0;0;0;0;0;0;-0.7452;0;0.7452;1;1;0;0;0;0
02/09/21 19:00;0;0;90;0;0;90;0;0;0;0;16.54;6.1499;0;0;0;0;0;0;0;0;0;0;0;0;0;1;1;1;1;0;0;0;0;0;0;0;0;0;0;0;0;0;0;0;0;0;0;0;0;0;0;0;0;0;0;0;0;0;0;0;0;0;0;0;1;1;1;1;1;1;1;1;1;1;1;1;1;1;1;1;1;1;1;0;0;0;0;0;0;0;0;0;0.0004;0.088;-0.0884;0;0;0;0;0;0;0;0;0;0;0;0;0;0;0;0;0;0;0;-16.54;0;0;0;0;0.0004;0;0;0;0;0;0;0;-0.0004;-0.0884;0;0;0;0;0;0;0;0;0;-0.7452;0;0.7452;1;1;0;0;0;0
02/09/21 20:00;0;0;90;0;0;90;0;0;0;0;16.67;6.89;0;0;0;0;0;0;0;0;0;0;0;0;0;1;1;1;1;0;0;0;0;0;0;0;0;0;0;0;0;0;0;0;0;0;0;0;0;0;0;0;0;0;0;0;0;0;0;0;0;0;0;0;1;1;1;1;1;1;1;1;1;1;1;1;1;1;1;1;1;1;1;0;0;0;0;0;0;0;0;0;0.0004;0.088;-0.0884;0;0;0;0;0;0;0;0;0;0;0;0;0;0;0;0;0;0;0;-16.67;0;0;0;0;0.0004;0;0;0;0;0;0;0;-0.0004;-0.0884;0;0;0;0;0;0;0;0;0;-0.7452;0;0.7452;1;1;0;0;0;0
02/09/21 21:00;0;0;90;0;0;90;0;0;0;0;17.17;7.0801;0;0;0;0;0;0;0;0;0;0;0;0;0;1;1;1;1;0;0;0;0;0;0;0;0;0;0;0;0;0;0;0;0;0;0;0;0;0;0;0;0;0;0;0;0;0;0;0;0;0;0;0;1;1;1;1;1;1;1;1;1;1;1;1;1;1;1;1;1;1;1;0;0;0;0;0;0;0;0;0;0.0004;0.088;-0.0884;0;0;0;0;0;0;0;0;0;0;0;0;0;0;0;0;0;0;0;-17.17;0;0;0;0;0.0004;0;0;0;0;0;0;0;-0.0004;-0.0884;0;0;0;0;0;0;0;0;0;-0.7452;0;0.7452;1;1;0;0;0;0
02/09/21 22:00;0;0;90;0;0;90;0;0;0;0;16.33;7.14;0;0;0;0;0;0;0;0;0;0;0;0;0;1;1;1;1;0;0;0;0;0;0;0;0;0;0;0;0;0;0;0;0;0;0;0;0;0;0;0;0;0;0;0;0;0;0;0;0;0;0;0;1;1;1;1;1;1;1;1;1;1;1;1;1;1;1;1;1;1;1;0;0;0;0;0;0;0;0;0;0.0004;0.088;-0.0884;0;0;0;0;0;0;0;0;0;0;0;0;0;0;0;0;0;0;0;-16.33;0;0;0;0;0.0004;0;0;0;0;0;0;0;-0.0004;-0.0884;0;0;0;0;0;0;0;0;0;-0.7452;0;0.7452;1;1;0;0;0;0
02/09/21 23:00;0;0;90;0;0;90;0;0;0;0;16.09;7.4701;0;0;0;0;0;0;0;0;0;0;0;0;0;1;1;1;1;0;0;0;0;0;0;0;0;0;0;0;0;0;0;0;0;0;0;0;0;0;0;0;0;0;0;0;0;0;0;0;0;0;0;0;1;1;1;1;1;1;1;1;1;1;1;1;1;1;1;1;1;1;1;0;0;0;0;0;0;0;0;0;0.0004;0.088;-0.0884;0;0;0;0;0;0;0;0;0;0;0;0;0;0;0;0;0;0;0;-16.09;0;0;0;0;0.0004;0;0;0;0;0;0;0;-0.0004;-0.0884;0;0;0;0;0;0;0;0;0;-0.7452;0;0.7452;1;1;0;0;0;0
03/09/21 00:00;0;0;90;0;0;90;0;0;0;0;15.77;7.4001;0;0;0;0;0;0;0;0;0;0;0;0;0;1;1;1;1;0;0;0;0;0;0;0;0;0;0;0;0;0;0;0;0;0;0;0;0;0;0;0;0;0;0;0;0;0;0;0;0;0;0;0;1;1;1;1;1;1;1;1;1;1;1;1;1;1;1;1;1;1;1;0;0;0;0;0;0;0;0;0;0.0004;0.088;-0.0884;0;0;0;0;0;0;0;0;0;0;0;0;0;0;0;0;0;0;0;-15.77;0;0;0;0;0.0004;0;0;0;0;0;0;0;-0.0004;-0.0884;0;0;0;0;0;0;0;0;0;-0.7452;0;0.7452;1;1;0;0;0;0
03/09/21 01:00;0;0;90;0;0;90;0;0;0;0;15.61;7.3;0;0;0;0;0;0;0;0;0;0;0;0;0;1;1;1;1;0;0;0;0;0;0;0;0;0;0;0;0;0;0;0;0;0;0;0;0;0;0;0;0;0;0;0;0;0;0;0;0;0;0;0;1;1;1;1;1;1;1;1;1;1;1;1;1;1;1;1;1;1;1;0;0;0;0;0;0;0;0;0;0.0004;0.088;-0.0884;0;0;0;0;0;0;0;0;0;0;0;0;0;0;0;0;0;0;0;-15.61;0;0;0;0;0.0004;0;0;0;0;0;0;0;-0.0004;-0.0884;0;0;0;0;0;0;0;0;0;-0.7452;0;0.7452;1;1;0;0;0;0
03/09/21 02:00;0;0;90;0;0;90;0;0;0;0;15.4;7.27;0;0;0;0;0;0;0;0;0;0;0;0;0;1;1;1;1;0;0;0;0;0;0;0;0;0;0;0;0;0;0;0;0;0;0;0;0;0;0;0;0;0;0;0;0;0;0;0;0;0;0;0;1;1;1;1;1;1;1;1;1;1;1;1;1;1;1;1;1;1;1;0;0;0;0;0;0;0;0;0;0.0004;0.088;-0.0884;0;0;0;0;0;0;0;0;0;0;0;0;0;0;0;0;0;0;0;-15.4;0;0;0;0;0.0004;0;0;0;0;0;0;0;-0.0004;-0.0884;0;0;0;0;0;0;0;0;0;-0.7452;0;0.7452;1;1;0;0;0;0
03/09/21 03:00;0;0;90;0;0;90;0;0;0;0;15.1;7.3399;0;0;0;0;0;0;0;0;0;0;0;0;0;1;1;1;1;0;0;0;0;0;0;0;0;0;0;0;0;0;0;0;0;0;0;0;0;0;0;0;0;0;0;0;0;0;0;0;0;0;0;0;1;1;1;1;1;1;1;1;1;1;1;1;1;1;1;1;1;1;1;0;0;0;0;0;0;0;0;0;0.0004;0.088;-0.0884;0;0;0;0;0;0;0;0;0;0;0;0;0;0;0;0;0;0;0;-15.1;0;0;0;0;0.0004;0;0;0;0;0;0;0;-0.0004;-0.0884;0;0;0;0;0;0;0;0;0;-0.7452;0;0.7452;1;1;0;0;0;0
03/09/21 04:00;0;0;90;0;0;90;0;0;0;0;15.43;7.2;0;0;0;0;0;0;0;0;0;0;0;0;0;1;1;1;1;0;0;0;0;0;0;0;0;0;0;0;0;0;0;0;0;0;0;0;0;0;0;0;0;0;0;0;0;0;0;0;0;0;0;0;1;1;1;1;1;1;1;1;1;1;1;1;1;1;1;1;1;1;1;0;0;0;0;0;0;0;0;0;0.0004;0.088;-0.0884;0;0;0;0;0;0;0;0;0;0;0;0;0;0;0;0;0;0;0;-15.43;0;0;0;0;0.0004;0;0;0;0;0;0;0;-0.0004;-0.0884;0;0;0;0;0;0;0;0;0;-0.7452;0;0.7452;1;1;0;0;0;0
03/09/21 05:00;0;0;90;0;0;90;0;0;0;0;15.34;7.2599;0;0;0;0;0;0;0;0;0;0;0;0;0;1;1;1;1;0;0;0;0;0;0;0;0;0;0;0;0;0;0;0;0;0;0;0;0;0;0;0;0;0;0;0;0;0;0;0;0;0;0;0;1;1;1;1;1;1;1;1;1;1;1;1;1;1;1;1;1;1;1;0;0;0;0;0;0;0;0;0;0.0004;0.088;-0.0884;0;0;0;0;0;0;0;0;0;0;0;0;0;0;0;0;0;0;0;-15.34;0;0;0;0;0.0004;0;0;0;0;0;0;0;-0.0004;-0.0884;0;0;0;0;0;0;0;0;0;-0.7452;0;0.7452;1;1;0;0;0;0
03/09/21 06:00;4.1754;-77.971;79.829;4.2688;6.1317;-90;-6.1317;21.508;20.402;1.106;15.2;8;0;2.6823;20.114;0.5583;0;0.0117;23.366;0;23.366;2.6823;0.5583;20.114;0.0117;0.1148;0.8613;0;0.0005;23.291;0.0747;0;0;0.065;0.0097;21.364;1.8811;0.8433;0.1755;0.8618;0.0004;23.245;0.0466;0.0054;0.0011;0.0401;0;21.365;1.8336;0.3817;19.147;0.0015;11.971;9.7202;3.4253;0.0007;0.1339;1.9264;0.001;2.0596;0;1;0;0;1.0864;0.9968;1;1;0.9968;0.168;0.9191;0.685;1;0.9569;0.7764;0.998;0.998;1;0.998;0.998;0.9143;0.9519;0.1302;0.0665;0.065;0.0004;0.009;-0.0021;0.0004;0.0014;0.0003;0;0;0.088;-0.037;0;0;0;0;0;0;0;0;0;0;0;0;0.0012;0;0.0543;0.0543;0;16.266;16.266;1.0666;0.0499;53.843;1008.7;1;0.0033;0.0033;0;0;0;0;0;0;0.051;-0.037;0;15.359;17.786;-10.46;-12.113;93.925;93.925;0.5608;0.458;-0.3119;0.1028;0.7699;0.1833;1.373;0;11.964;0;0
03/09/21 07:00;14.197;-70.149;53.499;15.055;23.991;-90;-23.991;145.81;86.702;59.105;15.5;8.24;0;143.35;68.106;37.643;0;1.1967;250.29;0;250.29;143.35;37.643;68.106;1.1967;0.5727;0.2769;0;0.0048;247.17;3.1218;0;0;2.1067;1.0151;241.23;5.4454;2.5342;0.6655;2.2083;0.0374;246.67;0.4943;0.2867;0.0753;0.132;0.0004;241.4;140.52;36.903;63.659;0.1439;43.583;35.389;12.696;0.4708;0.5034;7.2415;0.1678;7.2741;0;1;0;0;1.7166;0.9875;1;1;0.9691;0.1518;0.9779;0.9823;1;0.9665;0.7939;0.998;0.998;1;0.998;0.998;0.9638;0.9347;0.1202;0.7123;0.7052;0.0042;0.0158;0.0059;0.0048;0.0169;0.0013;0;0;0.088;0.5421;0;0;0;0;0;0;0;0;0;0;0;0;0.0136;0.0014;0.6413;0.6413;0;27.325;27.325;11.824;0.049;604.12;1061.5;1;0.0111;0.0111;0;0;0;0;0;0;0.6301;0.5421;0;16.931;19.605;14.313;16.574;98.263;98.263;6.007;5.408;4.572;0.5989;0.8361;0.0997;0.1392;0.7611;43.217;0.745;0
03/09/21 08:00;25.303;-59.609;27.244;28.726;60;-90;-60;209.9;177.1;32.798;17.17;8.9901;0;68.223;125.25;21;0;9.9702;224.45;0;224.45;68.223;21;125.25;9.9702;0.304;0.6025;0;0.0444;199.48;24.972;0;0;15.692;9.2801;195.08;3.9972;0.0641;0.0197;3.8687;0.0447;199.08;0.399;0.1364;0.042;0.2191;0.0014;198.66;68.023;20.938;105.47;0.644;115.36;93.672;39.68;20.943;2.2178;31.902;3.5839;13.178;0;1;0;0;1.0693;0.8887;1;1;0.8747;0.0692;0.9799;0.9991;1;0.9646;0.9351;0.998;0.998;1;0.998;0.998;0.8692;0.8421;0.0646;0.6388;0.6323;0.0038;0.0164;0.004;0.0043;0.0151;0.0058;0;0;0.088;0.4715;0;0;0;0;0;0;0;0;0;0;0;0;0.0122;0.0012;0.5695;0.5695;0;26.744;26.744;9.574;0.0491;539.43;1055.8;1;0.0101;0.0101;0;0;0;0;0;0;0.5595;0.4715;0;16.768;19.417;13.881;16.073;98.231;98.231;5.3867;4.8031;3.976;0.5837;0.8271;0.1084;0.1535;0.7381;109.08;0.6671;0
03/09/21 09:00;35.128;-46.645;34.159;44.056;45.944;-90;-45.944;570.51;96.3;474.21;18.95;9.3101;0;681.95;31.656;84.784;0;16.511;814.91;0;814.91;681.95;84.784;31.656;16.511;0.8369;0.0591;0;0.0203;796.95;17.953;0;0;2.6924;15.261;791.69;3.669;2.3605;0.2935;0.9454;0.0696;795.36;1.5939;1.3639;0.1696;0.0579;0.0025;795.68;678.23;84.321;27.96;1.1775;242.34;196.78;73.536;2.0807;2.5728;37.009;3.9864;37.502;0;1;0;0;1.4284;0.978;1;1;0.9149;0.0757;0.9954;0.9965;1;0.9673;0.9442;0.998;0.998;1;0.998;0.998;0.9715;0.8833;0.0713;2.3192;2.3506;0.0142;-0.0019;0.2781;0.0144;0.0511;0.0062;0;0;0.088;1.8158;0;0;0;0;0;0;0;0;0;0;0;0;0.0412;0.013;1.9344;1.9344;0;58.532;58.532;39.583;0.05;2027.6;954.07;1;0.0306;0.0306;0;0;0;0;0;0;1.9038;1.8158;0;15.686;18.164;14.724;17.05;98.416;98.416;19.558;16.313;15.313;3.2443;1.0006;0.1659;0.0512;0.783;23.767;0.7572;0
03/09/21 10:00;42.779;-30.181;39.382;61.485;28.515;-90;-28.515;681.8;117.8;564;20.24;9.34;0;641.86;42.393;82.702;0;7.8574;774.81;0;774.81;641.86;82.702;42.393;7.8574;0.8284;0.0649;0;0.0101;766.28;8.5352;0;0;1.7293;6.8059;758.51;6.2399;4.1787;0.5384;1.3297;0.1931;764.75;1.5326;1.2837;0.1654;0.0813;0.0021;760.62;636.4;81.998;39.252;0.8562;367.04;298.03;111.27;0.5401;3.734;53.711;2.1166;56.905;0;1;0;0;1.1364;0.989;1;1;0.9592;0.1338;0.9918;0.9935;1;0.9672;0.816;0.998;0.998;1;0.998;0.998;0.979;0.9259;0.109;2.2051;2.2838;0.0138;-0.0018;0.2673;0.014;0.0498;0.009;0;0;0.088;1.7619;0;0;0;0;0;0;0;0;0;0;0;0;0.0401;0.0123;1.8795;1.8795;0;58.154;58.154;37.914;0.05;1968.5;954.79;1;0.0296;0.0296;0;0;0;0;0;0;1.8499;1.7619;0;16.029;18.561;15.026;17.4;98.424;98.424;18.596;15.85;14.858;2.7456;0.992;0.1477;0.0533;0.799;27.662;0.7596;0
03/09/21 11:00;47.022;-9.9814;42.175;80.826;9.1744;-90;-9.1744;741.2;131;610.2;21.34;9.2399;0;618.11;49.515;82.215;0;0.9008;750.74;0;750.74;618.11;82.215;49.515;0.9008;0.8233;0.0672;0;0.0012;749.68;1.0573;0;0;0.3091;0.7482;740.42;7.7668;5.0316;0.6693;2.0317;0.0342;748.19;1.4994;1.2362;0.1644;0.0984;0.0003;740.58;611.84;81.381;47.076;0.1181;433.64;352.12;130.06;0.0105;4.4622;64.186;0.1632;68.638;0;1;0;0;1.0129;0.9986;1;1;0.9938;0.1694;0.9896;0.9918;1;0.9586;0.7756;0.998;0.998;1;0.998;0.998;0.9862;0.9507;0.1311;2.1366;2.2474;0.0135;-0.0017;0.2648;0.0138;0.0489;0.0107;0;0;0.088;1.7291;0;0;0;0;0;0;0;0;0;0;0;0;0.0394;0.0119;1.8461;1.8461;0;58.358;58.358;37.018;0.05;1936.2;953.45;1;0.029;0.029;0;0;0;0;0;0;1.8171;1.7291;0;16.249;18.816;15.22;17.624;98.431;98.431;18.018;15.568;14.582;2.4494;0.9864;0.1359;0.0547;0.8093;29.623;0.7606;0
03/09/21 12:00;46.819;11.867;42.043;79.077;10.923;90;10.923;754.09;131.5;622.59;22.02;8.8599;0;634.08;47.659;84.946;0;1.2979;767.98;0;767.98;634.08;84.946;47.659;1.2979;0.8256;0.0637;0;0.0017;766.5;1.4796;0;0;0.3997;1.08;757.22;7.7476;5.1127;0.6849;1.9009;0.049;764.97;1.533;1.2682;0.1699;0.0945;0.0004;757.48;627.7;84.092;45.264;0.1685;439.62;356.97;131.5;0.0197;4.547;65.407;0.2591;69.934;0;1;0;0;1.0184;0.9981;1;1;0.9916;0.1679;0.9899;0.9919;1;0.9597;0.7748;0.998;0.998;1;0.998;0.998;0.986;0.9497;0.1298;2.1856;2.2982;0.0138;-0.0018;0.2836;0.014;0.0497;0.0108;0;0;0.088;1.7582;0;0;0;0;0;0;0;0;0;0;0;0;0.04;0.0124;1.8756;1.8756;0;59.925;59.925;37.906;0.0501;1980.1;947.22;1;0.0294;0.0294;0;0;0;0;0;0;1.8462;1.7582;0;16.138;18.688;15.128;17.518;98.432;98.432;18.432;15.817;14.827;2.6142;0.9901;0.1418;0.0537;0.8044;28.636;0.7562;0
03/09/21 13:00;42.225;31.782;39.012;59.871;30.129;90;30.129;352.89;306.2;46.69;22.15;8.2999;0;53.983;270.78;18.272;0;4.5292;347.57;0;347.57;53.983;18.272;270.78;4.5292;0.1553;0.7921;0;0.013;331.5;16.069;0;0;12.096;3.9723;321.87;8.9637;0.3398;0.115;8.4105;0.0984;330.84;0.663;0.108;0.0365;0.5174;0.0011;323.25;53.535;18.12;249.76;0.4573;211.48;171.72;64.14;4.1624;2.4;34.523;1.3736;32.76;0;1;0;0;0.9849;0.9538;1;1;0.9553;0.1229;0.9729;0.9937;1;0.9674;0.8229;0.998;0.998;1;0.998;0.998;0.9261;0.9224;0.101;0.9891;0.994;0.006;0.0123;0.0463;0.0065;0.0231;0.0061;0;0;0.088;0.7706;0;0;0;0;0;0;0;0;0;0;0;0;0.0186;0.0026;0.8725;0.8725;0;38.036;38.036;15.886;0.0494;852.98;1022.9;1;0.0139;0.0139;0;0;0;0;0;0;0.8586;0.7706;0;16.588;19.208;14.65;16.964;98.404;98.404;8.3416;7.3577;6.4982;0.9839;0.8595;0.1179;0.103;0.779;178.63;0.7251;0
03/09/21 14:00;34.338;47.907;33.608;42.632;47.368;90;47.368;240.71;228;12.703;20.32;7.54;0;18.756;188.01;5.6317;0;7.3794;219.78;0;219.78;18.756;5.6317;188.01;7.3794;0.0853;0.889;0;0.0336;196.14;23.644;0;0;16.773;6.8711;190.03;5.7157;0.0589;0.0177;5.6131;0.026;195.74;0.3923;0.0375;0.0113;0.3425;0.001;192.79;18.659;5.6028;165.29;0.4812;149.57;121.45;48.56;13.708;2.1892;31.491;2.7585;19.973;0;1;0;0;0.9131;0.8924;1;1;0.9108;0.0689;0.9708;0.9969;1;0.9672;0.9487;0.998;0.998;1;0.998;0.998;0.8646;0.8791;0.0652;0.6255;0.6147;0.0037;0.0166;0.0103;0.0041;0.0145;0.0057;0;0;0.088;0.4493;0;0;0;0;0;0;0;0;0;0;0;0;0.0117;0.0011;0.547;0.547;0;29.671;29.671;9.3511;0.0492;524.39;1043;1;0.0097;0.0097;0;0;0;0;0;0;0.5373;0.4493;0;16.445;19.043;13.508;15.642;98.23;98.23;5.2747;4.6126;3.7888;0.6622;0.8238;0.1255;0.1562;0.7183;143.06;0.6487;0
03/09/21 15:00;24.371;60.614;26.661;27.47;60;90;60;467.99;78.4;389.59;20.71;6.4;0;843.75;17.56;119.09;0;22.23;1002.6;0;1002.6;843.75;119.09;17.56;22.23;0.8415;0.0397;0;0.0222;979.63;23.003;0;0;2.2076;20.796;976.14;1.5246;0.7754;0.1094;0.5421;0.0976;977.67;1.9593;1.6875;0.2382;0.0307;0.0029;978.56;841.29;118.74;14.78;1.3332;64.808;52.624;20.568;2.9413;0.7844;11.284;2.4176;9.1269;0;1;0;0;2.1424;0.9771;1;1;0.8743;0.0645;0.9984;0.9991;1;0.9646;0.9318;0.998;0.998;1;0.998;0.998;0.9736;0.8417;0.06;2.8534;2.8223;0.017;-0.0004;0.4489;0.0165;0.0585;0.0018;0;0;0.088;2.0909;0;0;0;0;0;0;0;0;0;0;0;0;0.0471;0.0184;2.2145;2.2145;0;69.972;69.972;49.262;0.0505;2435.8;909.17;1;0.0356;0.0356;0;0;0;0;0;0;2.1789;2.0909;0;14.595;16.901;13.781;15.958;98.393;98.393;24.063;18.675;17.633;5.3878;1.0423;0.2239;0.0433;0.7328;15.287;0.7267;0
03/09/21 16:00;13.183;70.993;56.418;13.915;21.763;90;21.763;162;123.6;38.401;20.1;5.4901;0;93.132;104.29;37.494;0;1.0969;236.01;0;236.01;93.132;37.494;104.29;1.0969;0.3946;0.4465;0;0.0046;232.32;3.6926;0;0;2.7671;0.9255;225.16;6.6951;2.288;0.9211;3.449;0.037;231.85;0.4646;0.1863;0.075;0.203;0.0003;225.35;90.658;36.498;97.867;0.1341;65.637;53.297;19.164;0.5074;0.7422;10.676;0.1961;10.91;0;1;0;0;1.4568;0.9844;1;1;0.9735;0.1563;0.9711;0.9754;1;0.966;0.7839;0.998;0.998;1;0.998;0.998;0.954;0.9384;0.1223;0.6717;0.6661;0.004;0.0162;0.0148;0.0044;0.0157;0.0019;0;0;0.088;0.4969;0;0;0;0;0;0;0;0;0;0;0;0;0.0126;0.0013;0.5952;0.5952;0;31.178;31.178;11.078;0.0492;570.46;1043.4;1;0.0103;0.0103;0;0;0;0;0;0;0.5849;0.4969;0;16.666;19.299;13.913;16.111;98.268;98.268;5.6642;5.0197;4.1906;0.6445;0.8291;0.1138;0.1464;0.7398;65.373;0.7156;0
03/09/21 17:00;3.7234;78.302;80.938;3.8021;5.4525;90;5.4525;1.6018;1.6018;0;18.4;5.8801;0;0;1.5982;0;0;0.0007;1.5989;1.5989;0;0;0;0;0;1;1;1;1;0;0;0;0;0;0;0;0;0;0;0;0;0;0;0;0;0;0;0;0;0;0;0;0;0;0;0;0;0;0;0;0;0;0;0;0;1;1;1;1;1;1;1;1;1;1;1;1;1;0;0;1;0;0;0;0;0;0;0;0;0;0;0;0.0004;0.088;-0.0884;0;0;0;0;0;0;0;0;0;0;0;0;0;0;0;0;0;0;0;-18.4;0;0;0;0;0.0004;0;0;0;0;0;0;0;-0.0004;-0.0884;0;0;0;0;0;0;0;0;0;-0.7452;0;0.7452;1;1;0;0;0;0
03/09/21 18:00;0;0;90;0;0;90;0;0;0;0;17.4;6.4401;0;0;0;0;0;0;0;0;0;0;0;0;0;1;1;1;1;0;0;0;0;0;0;0;0;0;0;0;0;0;0;0;0;0;0;0;0;0;0;0;0;0;0;0;0;0;0;0;0;0;0;0;1;1;1;1;1;1;1;1;1;1;1;1;1;1;1;1;1;1;1;0;0;0;0;0;0;0;0;0;0.0004;0.088;-0.0884;0;0;0;0;0;0;0;0;0;0;0;0;0;0;0;0;0;0;0;-17.4;0;0;0;0;0.0004;0;0;0;0;0;0;0;-0.0004;-0.0884;0;0;0;0;0;0;0;0;0;-0.7452;0;0.7452;1;1;0;0;0;0
03/09/21 19:00;0;0;90;0;0;90;0;0;0;0;17.3;6.72;0;0;0;0;0;0;0;0;0;0;0;0;0;1;1;1;1;0;0;0;0;0;0;0;0;0;0;0;0;0;0;0;0;0;0;0;0;0;0;0;0;0;0;0;0;0;0;0;0;0;0;0;1;1;1;1;1;1;1;1;1;1;1;1;1;1;1;1;1;1;1;0;0;0;0;0;0;0;0;0;0.0004;0.088;-0.0884;0;0;0;0;0;0;0;0;0;0;0;0;0;0;0;0;0;0;0;-17.3;0;0;0;0;0.0004;0;0;0;0;0;0;0;-0.0004;-0.0884;0;0;0;0;0;0;0;0;0;-0.7452;0;0.7452;1;1;0;0;0;0
03/09/21 20:00;0;0;90;0;0;90;0;0;0;0;17.4;7.0001;0;0;0;0;0;0;0;0;0;0;0;0;0;1;1;1;1;0;0;0;0;0;0;0;0;0;0;0;0;0;0;0;0;0;0;0;0;0;0;0;0;0;0;0;0;0;0;0;0;0;0;0;1;1;1;1;1;1;1;1;1;1;1;1;1;1;1;1;1;1;1;0;0;0;0;0;0;0;0;0;0.0004;0.088;-0.0884;0;0;0;0;0;0;0;0;0;0;0;0;0;0;0;0;0;0;0;-17.4;0;0;0;0;0.0004;0;0;0;0;0;0;0;-0.0004;-0.0884;0;0;0;0;0;0;0;0;0;-0.7452;0;0.7452;1;1;0;0;0;0
03/09/21 21:00;0;0;90;0;0;90;0;0;0;0;17.34;7.0999;0;0;0;0;0;0;0;0;0;0;0;0;0;1;1;1;1;0;0;0;0;0;0;0;0;0;0;0;0;0;0;0;0;0;0;0;0;0;0;0;0;0;0;0;0;0;0;0;0;0;0;0;1;1;1;1;1;1;1;1;1;1;1;1;1;1;1;1;1;1;1;0;0;0;0;0;0;0;0;0;0.0004;0.088;-0.0884;0;0;0;0;0;0;0;0;0;0;0;0;0;0;0;0;0;0;0;-17.34;0;0;0;0;0.0004;0;0;0;0;0;0;0;-0.0004;-0.0884;0;0;0;0;0;0;0;0;0;-0.7452;0;0.7452;1;1;0;0;0;0
03/09/21 22:00;0;0;90;0;0;90;0;0;0;0;17.1;7.0801;0;0;0;0;0;0;0;0;0;0;0;0;0;1;1;1;1;0;0;0;0;0;0;0;0;0;0;0;0;0;0;0;0;0;0;0;0;0;0;0;0;0;0;0;0;0;0;0;0;0;0;0;1;1;1;1;1;1;1;1;1;1;1;1;1;1;1;1;1;1;1;0;0;0;0;0;0;0;0;0;0.0004;0.088;-0.0884;0;0;0;0;0;0;0;0;0;0;0;0;0;0;0;0;0;0;0;-17.1;0;0;0;0;0.0004;0;0;0;0;0;0;0;-0.0004;-0.0884;0;0;0;0;0;0;0;0;0;-0.7452;0;0.7452;1;1;0;0;0;0
03/09/21 23:00;0;0;90;0;0;90;0;0;0;0;15.5;6.97;0;0;0;0;0;0;0;0;0;0;0;0;0;1;1;1;1;0;0;0;0;0;0;0;0;0;0;0;0;0;0;0;0;0;0;0;0;0;0;0;0;0;0;0;0;0;0;0;0;0;0;0;1;1;1;1;1;1;1;1;1;1;1;1;1;1;1;1;1;1;1;0;0;0;0;0;0;0;0;0;0.0004;0.088;-0.0884;0;0;0;0;0;0;0;0;0;0;0;0;0;0;0;0;0;0;0;-15.5;0;0;0;0;0.0004;0;0;0;0;0;0;0;-0.0004;-0.0884;0;0;0;0;0;0;0;0;0;-0.7452;0;0.7452;1;1;0;0;0;0
04/09/21 00:00;0;0;90;0;0;90;0;0;0;0;14.94;6.6701;0;0;0;0;0;0;0;0;0;0;0;0;0;1;1;1;1;0;0;0;0;0;0;0;0;0;0;0;0;0;0;0;0;0;0;0;0;0;0;0;0;0;0;0;0;0;0;0;0;0;0;0;1;1;1;1;1;1;1;1;1;1;1;1;1;1;1;1;1;1;1;0;0;0;0;0;0;0;0;0;0.0004;0.088;-0.0884;0;0;0;0;0;0;0;0;0;0;0;0;0;0;0;0;0;0;0;-14.94;0;0;0;0;0.0004;0;0;0;0;0;0;0;-0.0004;-0.0884;0;0;0;0;0;0;0;0;0;-0.7452;0;0.7452;1;1;0;0;0;0
04/09/21 01:00;0;0;90;0;0;90;0;0;0;0;14.25;6.6801;0;0;0;0;0;0;0;0;0;0;0;0;0;1;1;1;1;0;0;0;0;0;0;0;0;0;0;0;0;0;0;0;0;0;0;0;0;0;0;0;0;0;0;0;0;0;0;0;0;0;0;0;1;1;1;1;1;1;1;1;1;1;1;1;1;1;1;1;1;1;1;0;0;0;0;0;0;0;0;0;0.0004;0.088;-0.0884;0;0;0;0;0;0;0;0;0;0;0;0;0;0;0;0;0;0;0;-14.25;0;0;0;0;0.0004;0;0;0;0;0;0;0;-0.0004;-0.0884;0;0;0;0;0;0;0;0;0;-0.7452;0;0.7452;1;1;0;0;0;0
04/09/21 02:00;0;0;90;0;0;90;0;0;0;0;13.95;6.5201;0;0;0;0;0;0;0;0;0;0;0;0;0;1;1;1;1;0;0;0;0;0;0;0;0;0;0;0;0;0;0;0;0;0;0;0;0;0;0;0;0;0;0;0;0;0;0;0;0;0;0;0;1;1;1;1;1;1;1;1;1;1;1;1;1;1;1;1;1;1;1;0;0;0;0;0;0;0;0;0;0.0004;0.088;-0.0884;0;0;0;0;0;0;0;0;0;0;0;0;0;0;0;0;0;0;0;-13.95;0;0;0;0;0.0004;0;0;0;0;0;0;0;-0.0004;-0.0884;0;0;0;0;0;0;0;0;0;-0.7452;0;0.7452;1;1;0;0;0;0
04/09/21 03:00;0;0;90;0;0;90;0;0;0;0;14.1;6.08;0;0;0;0;0;0;0;0;0;0;0;0;0;1;1;1;1;0;0;0;0;0;0;0;0;0;0;0;0;0;0;0;0;0;0;0;0;0;0;0;0;0;0;0;0;0;0;0;0;0;0;0;1;1;1;1;1;1;1;1;1;1;1;1;1;1;1;1;1;1;1;0;0;0;0;0;0;0;0;0;0.0004;0.088;-0.0884;0;0;0;0;0;0;0;0;0;0;0;0;0;0;0;0;0;0;0;-14.1;0;0;0;0;0.0004;0;0;0;0;0;0;0;-0.0004;-0.0884;0;0;0;0;0;0;0;0;0;-0.7452;0;0.7452;1;1;0;0;0;0
04/09/21 04:00;0;0;90;0;0;90;0;0;0;0;13.91;5.1701;0;0;0;0;0;0;0;0;0;0;0;0;0;1;1;1;1;0;0;0;0;0;0;0;0;0;0;0;0;0;0;0;0;0;0;0;0;0;0;0;0;0;0;0;0;0;0;0;0;0;0;0;1;1;1;1;1;1;1;1;1;1;1;1;1;1;1;1;1;1;1;0;0;0;0;0;0;0;0;0;0.0004;0.088;-0.0884;0;0;0;0;0;0;0;0;0;0;0;0;0;0;0;0;0;0;0;-13.91;0;0;0;0;0.0004;0;0;0;0;0;0;0;-0.0004;-0.0884;0;0;0;0;0;0;0;0;0;-0.7452;0;0.7452;1;1;0;0;0;0
04/09/21 05:00;0;0;90;0;0;90;0;0;0;0;13.9;4.5201;0;0;0;0;0;0;0;0;0;0;0;0;0;1;1;1;1;0;0;0;0;0;0;0;0;0;0;0;0;0;0;0;0;0;0;0;0;0;0;0;0;0;0;0;0;0;0;0;0;0;0;0;1;1;1;1;1;1;1;1;1;1;1;1;1;1;1;1;1;1;1;0;0;0;0;0;0;0;0;0;0.0004;0.088;-0.0884;0;0;0;0;0;0;0;0;0;0;0;0;0;0;0;0;0;0;0;-13.9;0;0;0;0;0.0004;0;0;0;0;0;0;0;-0.0004;-0.0884;0;0;0;0;0;0;0;0;0;-0.7452;0;0.7452;1;1;0;0;0;0
04/09/21 06:00;4.4594;-78.22;79.13;4.555;6.5499;-90;-6.5499;0;0;0;13.87;3.9899;0;0;0;0;0;0;0;0;0;0;0;0;0;1;1;1;1;0;0;0;0;0;0;0;0;0;0;0;0;0;0;0;0;0;0;0;0;0;0;0;0;0;0;0;0;0;0;0;0;0;0;0;1;1;1;1;1;1;1;1;1;1;1;1;1;1;1;1;1;1;1;0;0;0;0;0;0;0;0;0;0.0004;0.088;-0.0884;0;0;0;0;0;0;0;0;0;0;0;0;0;0;0;0;0;0;0;-13.87;0;0;0;0;0.0004;0;0;0;0;0;0;0;-0.0004;-0.0884;0;0;0;0;0;0;0;0;0;-0.7452;0;0.7452;1;1;0;0;0;0
04/09/21 07:00;14.493;-70.391;52.629;15.345;24.581;-90;-24.581;15.706;15.599;0.1071;13.7;3.9199;0;0.2597;14.887;0.012;0;0.1352;15.294;0;15.294;0.2597;0.012;14.887;0.1352;0.017;0.9822;0;0.0088;14.7;0.5938;0;0;0.4788;0.115;14.182;0.4889;0.0042;0.0002;0.4804;0.0041;14.671;0.0294;0.0005;0;0.0288;0;14.22;0.255;0.0118;13.899;0.0161;9.4797;7.6975;2.8125;0.1122;0.1068;1.5364;0.0378;1.531;0;1;0;0;0.9738;0.9612;1;1;0.9678;0.1495;0.9667;0.9838;1;0.9666;0.7964;0.998;0.998;1;0.998;0.998;0.9273;0.9336;0.1189;0.0435;0.0438;0.0003;0.0073;-0.0016;0.0003;0.0009;0.0003;0;0;0.088;-0.0552;0;0;0;0;0;0;0;0;0;0;0;0;0.0008;0;0.0356;0.0356;0;14.412;14.412;0.7122;0.0502;35.65;997.96;1;0.0028;0.0028;0;0;0;0;0;0;0.0328;-0.0552;0;15.371;17.8;-23.863;-27.633;92.108;92.108;0.3671;0.3;-0.4658;0.067;0.7658;0.1826;2.0863;0;9.4791;0;0
04/09/21 08:00;25.621;-59.837;26.957;29.016;60;-90;-60;21;20.9;0.0992;13.6;4.1;0;0.2046;15.673;0.0073;0;0.9975;16.882;0;16.882;0.2046;0.0073;15.673;0.9975;0.0121;0.9874;0;0.0591;13.99;2.892;0;0;1.9635;0.9284;13.473;0.4887;0.0002;0;0.4841;0.0045;13.962;0.028;0.0004;0;0.0274;0.0001;13.896;0.204;0.0073;13.198;0.0644;13.664;11.095;4.7203;2.6204;0.2705;3.8905;0.4227;1.5406;0;1;0;0;0.8039;0.8287;1;1;0.8747;0.0692;0.965;0.9991;1;0.9646;0.9351;0.998;0.998;1;0.998;0.998;0.7981;0.8421;0.0646;0.048;0.0475;0.0003;0.0077;-0.0018;0.0003;0.001;0.0006;0;0;0.088;-0.0523;0;0;0;0;0;0;0;0;0;0;0;0;0.0008;0;0.0386;0.0386;0;14.277;14.277;0.6772;0.0503;38.701;997.69;1;0.0029;0.0029;0;0;0;0;0;0;0.0357;-0.0523;0;15.113;17.501;-20.459;-23.691;92.541;92.541;0.4052;0.3256;-0.4408;0.0796;0.7664;0.1963;1.8916;0;13.648;0;0
04/09/21 09:00;35.472;-46.836;33.857;44.331;45.669;-90;-45.669;30.708;30.599;0.1095;13.7;4.3099;0;0.1567;25.987;0.0061;0;0.8787;27.029;0;27.029;0.1567;0.0061;25.987;0.8787;0.0058;0.994;0;0.0325;24.026;3.0029;0;0;2.1911;0.8118;23.197;0.7805;0.0005;0;0.7762;0.0038;23.978;0.0481;0.0003;0;0.0476;0.0001;23.528;0.1559;0.0061;22.972;0.0629;19.508;15.84;6.3174;1.67;0.2789;4.0121;0.3311;2.621;0;1;0;0;0.8802;0.8889;1;1;0.9157;0.0761;0.9674;0.9967;1;0.9673;0.943;0.998;0.998;1;0.998;0.998;0.8582;0.884;0.0716;0.0769;0.0754;0.0005;0.0097;-0.0028;0.0005;0.0017;0.0007;0;0;0.088;-0.0278;0;0;0;0;0;0;0;0;0;0;0;0;0.0014;0.0001;0.0637;0.0637;0;14.855;14.855;1.1553;0.0498;62.547;1019.1;1;0.0036;0.0036;0;0;0;0;0;0;0.0602;-0.0278;0;15.584;18.046;-6.8059;-7.881;94.383;94.383;0.6487;0.5375;-0.2348;0.1111;0.7723;0.1713;1.1906;0;19.461;0;0
04/09/21 10:00;43.148;-30.288;39.05;61.718;28.282;-90;-28.282;74.31;73.796;0.5131;13.86;4.2;0;0.5827;69.353;0.0467;0;0.8427;70.825;0;70.825;0.5827;0.0467;69.353;0.8427;0.0082;0.9911;0;0.0119;67.304;3.5214;0;0;2.7923;0.7292;64.966;2.2036;0.0037;0.0003;2.1786;0.021;67.169;0.1346;0.0012;0.0001;0.1331;0.0002;65.217;0.5779;0.0463;64.249;0.0923;45.481;36.931;13.727;0.8558;0.5179;7.45;0.2518;7.1121;0;1;0;0;0.9531;0.9503;1;1;0.9597;0.1348;0.9672;0.9937;1;0.9672;0.8146;0.998;0.998;1;0.998;0.998;0.9173;0.9264;0.1096;0.2016;0.2015;0.0012;0.0148;-0.0059;0.0013;0.0048;0.0013;0;0;0.088;0.0857;0;0;0;0;0;0;0;0;0;0;0;0;0.0038;0.0002;0.1799;0.1799;0;17.057;17.057;3.197;0.0492;170.74;1053.7;1;0.0063;0.0063;0;0;0;0;0;0;0.1737;0.0857;0;16.785;19.437;7.9916;9.254;96.524;96.524;1.6998;1.5172;0.7223;0.1826;0.7949;0.1074;0.4676;0.425;45.185;0.3939;0
04/09/21 11:00;47.399;-9.9395;41.815;80.981;9.0192;-90;-9.0192;34.791;34.703;0.0877;13.1;4.3801;0;0.0888;34.486;0.0031;0;0.0409;34.619;0;34.619;0.0888;0.0031;34.486;0.0409;0.0026;0.9973;0;0.0012;34.375;0.2432;0;0;0.2092;0.0339;32.886;1.4207;0.0007;0;1.4185;0.0015;34.307;0.0688;0.0002;0;0.0686;0;32.892;0.0879;0.0031;32.79;0.0054;20.678;16.79;5.9383;0.0067;0.2303;3.3126;0.0064;3.5363;0;1;0;0;0.995;0.993;1;1;0.9939;0.1693;0.9586;0.9921;1;0.9585;0.7756;0.998;0.998;1;0.998;0.998;0.9499;0.9508;0.1311;0.0985;0.1007;0.0006;0.0111;-0.0038;0.0006;0.0023;0.0006;0;0;0.088;-0.005;0;0;0;0;0;0;0;0;0;0;0;0;0.0019;0.0001;0.0873;0.0873;0;14.729;14.729;1.6291;0.0495;84.405;1034.7;1;0.0043;0.0043;0;0;0;0;0;0;0.083;-0.005;0;16.67;19.303;-0.945;-1.0942;95.098;95.098;0.8308;0.7365;-0.0417;0.0944;0.7782;0.1136;0.9367;0;20.625;0;0
04/09/21 12:00;47.168;12.078;41.667;79.022;10.978;90;10.978;119.81;118.6;1.2083;12.75;5.14;0;1.2308;117.37;0.1478;0;0.2083;118.96;0;118.96;1.2308;0.1478;117.37;0.2083;0.0103;0.9884;0;0.0018;117.79;1.1658;0;0;0.9925;0.1733;112.86;4.6957;0.0097;0.0012;4.677;0.0079;117.55;0.2356;0.0025;0.0003;0.2328;0.0001;112.9;1.2187;0.1463;111.47;0.027;71.319;57.911;20.631;0.0486;0.7862;11.31;0.0374;12.048;0;1;0;0;0.9929;0.9902;1;1;0.9915;0.1679;0.9601;0.9921;1;0.9597;0.7748;0.998;0.998;1;0.998;0.998;0.9487;0.9497;0.1298;0.3385;0.3457;0.0021;0.0169;-0.0084;0.0023;0.0083;0.0021;0;0;0.088;0.2197;0;0;0;0;0;0;0;0;0;0;0;0;0.0067;0.0004;0.3152;0.3152;0;18.277;18.277;5.527;0.049;294.43;1070.5;1;0.0075;0.0075;0;0;0;0;0;0;0.3077;0.2197;0;17.508;20.274;12.203;14.131;97.62;97.62;2.8549;2.6579;1.8525;0.197;0.8054;0.069;0.2821;0.6489;70.531;0.6058;0
04/09/21 13:00;42.521;32.099;38.635;59.909;30.091;90;30.091;146.39;144.3;2.0915;12.3;5.37;0;2.4173;134.27;0.3832;0;1.8743;138.94;0;138.94;2.4173;0.3832;134.27;1.8743;0.0174;0.9798;0;0.0135;131.31;7.6298;0;0;5.9862;1.6436;126.82;4.229;0.0147;0.0023;4.1712;0.0408;131.05;0.2626;0.0048;0.0008;0.2566;0.0005;127.39;2.3978;0.3801;123.85;0.1894;89.827;72.939;27.412;2.055;1.0271;14.775;0.5712;13.747;0;1;0;0;0.9491;0.9451;1;1;0.9554;0.1231;0.9677;0.9939;1;0.9674;0.8227;0.998;0.998;1;0.998;0.998;0.9128;0.9224;0.1011;0.3954;0.3941;0.0024;0.0172;-0.0093;0.0027;0.0095;0.0027;0;0;0.088;0.2646;0;0;0;0;0;0;0;0;0;0;0;0;0.0077;0.0006;0.3606;0.3606;0;18.505;18.505;6.205;0.0489;335.78;1073.9;1;0.008;0.008;0;0;0;0;0;0;0.3526;0.2646;0;17.15;19.859;12.583;14.571;97.777;97.777;3.3346;3.041;2.2313;0.2936;0.8097;0.0881;0.2428;0.6691;88.553;0.6198;0
04/09/21 14:00;34.579;48.26;33.24;42.732;47.268;90;47.268;114.2;112.8;1.4024;11.84;5.0001;0;2.0667;94.495;0.305;0;3.4872;100.35;0;100.35;2.0667;0.305;94.495;3.4872;0.0206;0.9764;0;0.0347;88.703;11.651;0;0;8.4042;3.2465;85.685;2.8404;0.006;0.0009;2.821;0.0124;88.526;0.1774;0.0041;0.0006;0.1722;0.0005;87.007;2.0565;0.3035;83.098;0.2277;72.469;58.844;23.688;6.8393;1.0631;15.293;1.3218;9.5168;0;1;0;0;0.8788;0.8839;1;1;0.9111;0.069;0.9679;0.9971;1;0.9672;0.9483;0.998;0.998;1;0.998;0.998;0.8538;0.8794;0.0653;0.2856;0.2796;0.0017;0.0163;-0.0091;0.0019;0.0067;0.0028;0;0;0.088;0.1586;0;0;0;0;0;0;0;0;0;0;0;0;0.0054;0.0003;0.2536;0.2536;0;16.04;16.04;4.2002;0.049;237.15;1069.2;1;0.0069;0.0069;0;0;0;0;0;0;0.2466;0.1586;0;16.697;19.334;10.445;12.096;97.265;97.265;2.4085;2.1384;1.3378;0.2701;0.8006;0.1122;0.3324;0.5554;71.832;0.4986;0
04/09/21 15:00;24.568;60.968;26.293;27.603;60;90;60;28.599;28.397;0.2017;11.9;4.35;0;0.4349;21.29;0.0221;0;1.3584;23.105;0;23.105;0.4349;0.0221;21.29;1.3584;0.0188;0.9802;0;0.0588;19.158;3.9474;0;0;2.6765;1.2708;18.456;0.6637;0.0004;0;0.6573;0.006;19.12;0.0383;0.0009;0;0.0372;0.0002;19.03;0.4336;0.022;17.919;0.0815;18.559;15.07;6.4125;3.5596;0.3673;5.2835;0.5739;2.0911;0;1;0;0;0.8079;0.8292;1;1;0.8743;0.0645;0.9653;0.9991;1;0.9646;0.9318;0.998;0.998;1;0.998;0.998;0.7988;0.8417;0.06;0.0658;0.065;0.0004;0.009;-0.0029;0.0004;0.0015;0.0009;0;0;0.088;-0.0368;0;0;0;0;0;0;0;0;0;0;0;0;0.0012;0;0.0545;0.0545;0;12.821;12.821;0.9211;0.0499;53.55;1018.5;1;0.0033;0.0033;0;0;0;0;0;0;0.0512;-0.0368;0;15.598;18.062;-10.526;-12.188;93.871;93.871;0.5545;0.4599;-0.3104;0.0946;0.7703;0.1706;1.3891;0;18.534;0;0
04/09/21 16:00;13.35;71.341;55.944;14.062;22.044;90;22.044;44.793;44.302;0.4907;11.6;3.0901;0;1.1901;42.615;0.1695;0;0.3111;44.286;0;44.286;1.1901;0.1695;42.615;0.3111;0.0269;0.9693;0;0.007;42.869;1.417;0;0;1.1543;0.2628;41.336;1.4476;0.0277;0.0039;1.4057;0.0104;42.783;0.0857;0.0024;0.0003;0.0829;0.0001;41.418;1.1601;0.1653;39.973;0.0378;26.756;21.726;7.8704;0.2172;0.2994;4.307;0.0817;4.3893;0;1;0;0;0.9887;0.968;1;1;0.9729;0.1553;0.9662;0.9767;1;0.966;0.7848;0.998;0.998;1;0.998;0.998;0.9334;0.938;0.1216;0.126;0.1271;0.0008;0.0124;-0.0053;0.0008;0.003;0.0008;0;0;0.088;0.0192;0;0;0;0;0;0;0;0;0;0;0;0;0.0024;0.0001;0.1122;0.1122;0;13.64;13.64;2.0395;0.0493;106.96;1049.4;1;0.0051;0.0051;0;0;0;0;0;0;0.1072;0.0192;0;16.747;19.393;2.8608;3.3128;95.487;95.487;1.0629;0.9465;0.1617;0.1163;0.7848;0.1095;0.7384;0.1521;26.753;0.1418;0
04/09/21 17:00;3.8747;78.649;80.567;3.9517;5.6699;90;5.6699;8.2045;8.202;0.0025;11.3;2.2499;0;0.0062;8.1817;0.0006;0;0.0038;8.1922;0;8.1922;0.0062;0.0006;8.1817;0.0038;0.0008;0.9992;0;0.0005;8.1656;0.0266;0;0;0.0235;0.0032;7.7943;0.355;0.0021;0.0002;0.3526;0.0001;8.1493;0.0163;0;0;0.0163;0;7.7946;0.0041;0.0004;7.7894;0.0005;4.8633;3.949;1.3907;0.0002;0.0545;0.7833;0.0003;0.8376;0;1;0;0;0.9985;0.9967;1;1;0.9971;0.1667;0.9564;0.6585;1;0.9567;0.7763;0.998;0.998;1;0.998;0.998;0.9514;0.952;0.1292;0.0233;0.0239;0.0001;0.0053;-0.0011;0.0001;0.0005;0.0001;0;0;0.088;-0.0721;0;0;0;0;0;0;0;0;0;0;0;0;0.0004;0;0.0183;0.0183;0;11.696;11.696;0.3959;0.0508;18.661;980.67;1;0.0024;0.0024;0;0;0;0;0;0;0.0159;-0.0721;0;14.761;17.093;-58.133;-67.317;87.041;87.041;0.1966;0.1543;-0.6078;0.0423;0.7621;0.2151;3.8762;0;4.8633;0;0
04/09/21 18:00;0;0;90;0;0;90;0;0;0;0;10.71;2.1599;0;0;0;0;0;0;0;0;0;0;0;0;0;1;1;1;1;0;0;0;0;0;0;0;0;0;0;0;0;0;0;0;0;0;0;0;0;0;0;0;0;0;0;0;0;0;0;0;0;0;0;0;1;1;1;1;1;1;1;1;1;1;1;1;1;1;1;1;1;1;1;0;0;0;0;0;0;0;0;0;0.0004;0.088;-0.0884;0;0;0;0;0;0;0;0;0;0;0;0;0;0;0;0;0;0;0;-10.71;0;0;0;0;0.0004;0;0;0;0;0;0;0;-0.0004;-0.0884;0;0;0;0;0;0;0;0;0;-0.7452;0;0.7452;1;1;0;0;0;0
04/09/21 19:00;0;0;90;0;0;90;0;0;0;0;10.53;2.33;0;0;0;0;0;0;0;0;0;0;0;0;0;1;1;1;1;0;0;0;0;0;0;0;0;0;0;0;0;0;0;0;0;0;0;0;0;0;0;0;0;0;0;0;0;0;0;0;0;0;0;0;1;1;1;1;1;1;1;1;1;1;1;1;1;1;1;1;1;1;1;0;0;0;0;0;0;0;0;0;0.0004;0.088;-0.0884;0;0;0;0;0;0;0;0;0;0;0;0;0;0;0;0;0;0;0;-10.53;0;0;0;0;0.0004;0;0;0;0;0;0;0;-0.0004;-0.0884;0;0;0;0;0;0;0;0;0;-0.7452;0;0.7452;1;1;0;0;0;0
04/09/21 20:00;0;0;90;0;0;90;0;0;0;0;9.2202;2.5;0;0;0;0;0;0;0;0;0;0;0;0;0;1;1;1;1;0;0;0;0;0;0;0;0;0;0;0;0;0;0;0;0;0;0;0;0;0;0;0;0;0;0;0;0;0;0;0;0;0;0;0;1;1;1;1;1;1;1;1;1;1;1;1;1;1;1;1;1;1;1;0;0;0;0;0;0;0;0;0;0.0004;0.088;-0.0884;0;0;0;0;0;0;0;0;0;0;0;0;0;0;0;0;0;0;0;-9.2202;0;0;0;0;0.0004;0;0;0;0;0;0;0;-0.0004;-0.0884;0;0;0;0;0;0;0;0;0;-0.7452;0;0.7452;1;1;0;0;0;0
04/09/21 21:00;0;0;90;0;0;90;0;0;0;0;9.5998;2.66;0;0;0;0;0;0;0;0;0;0;0;0;0;1;1;1;1;0;0;0;0;0;0;0;0;0;0;0;0;0;0;0;0;0;0;0;0;0;0;0;0;0;0;0;0;0;0;0;0;0;0;0;1;1;1;1;1;1;1;1;1;1;1;1;1;1;1;1;1;1;1;0;0;0;0;0;0;0;0;0;0.0004;0.088;-0.0884;0;0;0;0;0;0;0;0;0;0;0;0;0;0;0;0;0;0;0;-9.5998;0;0;0;0;0.0004;0;0;0;0;0;0;0;-0.0004;-0.0884;0;0;0;0;0;0;0;0;0;-0.7452;0;0.7452;1;1;0;0;0;0
04/09/21 22:00;0;0;90;0;0;90;0;0;0;0;8.8001;2.91;0;0;0;0;0;0;0;0;0;0;0;0;0;1;1;1;1;0;0;0;0;0;0;0;0;0;0;0;0;0;0;0;0;0;0;0;0;0;0;0;0;0;0;0;0;0;0;0;0;0;0;0;1;1;1;1;1;1;1;1;1;1;1;1;1;1;1;1;1;1;1;0;0;0;0;0;0;0;0;0;0.0004;0.088;-0.0884;0;0;0;0;0;0;0;0;0;0;0;0;0;0;0;0;0;0;0;-8.8001;0;0;0;0;0.0004;0;0;0;0;0;0;0;-0.0004;-0.0884;0;0;0;0;0;0;0;0;0;-0.7452;0;0.7452;1;1;0;0;0;0
04/09/21 23:00;0;0;90;0;0;90;0;0;0;0;8.6599;3.3;0;0;0;0;0;0;0;0;0;0;0;0;0;1;1;1;1;0;0;0;0;0;0;0;0;0;0;0;0;0;0;0;0;0;0;0;0;0;0;0;0;0;0;0;0;0;0;0;0;0;0;0;1;1;1;1;1;1;1;1;1;1;1;1;1;1;1;1;1;1;1;0;0;0;0;0;0;0;0;0;0.0004;0.088;-0.0884;0;0;0;0;0;0;0;0;0;0;0;0;0;0;0;0;0;0;0;-8.6599;0;0;0;0;0.0004;0;0;0;0;0;0;0;-0.0004;-0.0884;0;0;0;0;0;0;0;0;0;-0.7452;0;0.7452;1;1;0;0;0;0
05/09/21 00:00;0;0;90;0;0;90;0;0;0;0;7.8003;3.8;0;0;0;0;0;0;0;0;0;0;0;0;0;1;1;1;1;0;0;0;0;0;0;0;0;0;0;0;0;0;0;0;0;0;0;0;0;0;0;0;0;0;0;0;0;0;0;0;0;0;0;0;1;1;1;1;1;1;1;1;1;1;1;1;1;1;1;1;1;1;1;0;0;0;0;0;0;0;0;0;0.0004;0.088;-0.0884;0;0;0;0;0;0;0;0;0;0;0;0;0;0;0;0;0;0;0;-7.8003;0;0;0;0;0.0004;0;0;0;0;0;0;0;-0.0004;-0.0884;0;0;0;0;0;0;0;0;0;-0.7452;0;0.7452;1;1;0;0;0;0
05/09/21 01:00;0;0;90;0;0;90;0;0;0;0;7.1003;3.79;0;0;0;0;0;0;0;0;0;0;0;0;0;1;1;1;1;0;0;0;0;0;0;0;0;0;0;0;0;0;0;0;0;0;0;0;0;0;0;0;0;0;0;0;0;0;0;0;0;0;0;0;1;1;1;1;1;1;1;1;1;1;1;1;1;1;1;1;1;1;1;0;0;0;0;0;0;0;0;0;0.0004;0.088;-0.0884;0;0;0;0;0;0;0;0;0;0;0;0;0;0;0;0;0;0;0;-7.1003;0;0;0;0;0.0004;0;0;0;0;0;0;0;-0.0004;-0.0884;0;0;0;0;0;0;0;0;0;-0.7452;0;0.7452;1;1;0;0;0;0
05/09/21 02:00;0;0;90;0;0;90;0;0;0;0;7.1302;4.3701;0;0;0;0;0;0;0;0;0;0;0;0;0;1;1;1;1;0;0;0;0;0;0;0;0;0;0;0;0;0;0;0;0;0;0;0;0;0;0;0;0;0;0;0;0;0;0;0;0;0;0;0;1;1;1;1;1;1;1;1;1;1;1;1;1;1;1;1;1;1;1;0;0;0;0;0;0;0;0;0;0.0004;0.088;-0.0884;0;0;0;0;0;0;0;0;0;0;0;0;0;0;0;0;0;0;0;-7.1302;0;0;0;0;0.0004;0;0;0;0;0;0;0;-0.0004;-0.0884;0;0;0;0;0;0;0;0;0;-0.7452;0;0.7452;1;1;0;0;0;0
05/09/21 03:00;0;0;90;0;0;90;0;0;0;0;7.1003;4.9;0;0;0;0;0;0;0;0;0;0;0;0;0;1;1;1;1;0;0;0;0;0;0;0;0;0;0;0;0;0;0;0;0;0;0;0;0;0;0;0;0;0;0;0;0;0;0;0;0;0;0;0;1;1;1;1;1;1;1;1;1;1;1;1;1;1;1;1;1;1;1;0;0;0;0;0;0;0;0;0;0.0004;0.088;-0.0884;0;0;0;0;0;0;0;0;0;0;0;0;0;0;0;0;0;0;0;-7.1003;0;0;0;0;0.0004;0;0;0;0;0;0;0;-0.0004;-0.0884;0;0;0;0;0;0;0;0;0;-0.7452;0;0.7452;1;1;0;0;0;0
05/09/21 04:00;0;0;90;0;0;90;0;0;0;0;7.1003;5.45;0;0;0;0;0;0;0;0;0;0;0;0;0;1;1;1;1;0;0;0;0;0;0;0;0;0;0;0;0;0;0;0;0;0;0;0;0;0;0;0;0;0;0;0;0;0;0;0;0;0;0;0;1;1;1;1;1;1;1;1;1;1;1;1;1;1;1;1;1;1;1;0;0;0;0;0;0;0;0;0;0.0004;0.088;-0.0884;0;0;0;0;0;0;0;0;0;0;0;0;0;0;0;0;0;0;0;-7.1003;0;0;0;0;0.0004;0;0;0;0;0;0;0;-0.0004;-0.0884;0;0;0;0;0;0;0;0;0;-0.7452;0;0.7452;1;1;0;0;0;0
05/09/21 05:00;0;0;90;0;0;90;0;0;0;0;7.2;5.9899;0;0;0;0;0;0;0;0;0;0;0;0;0;1;1;1;1;0;0;0;0;0;0;0;0;0;0;0;0;0;0;0;0;0;0;0;0;0;0;0;0;0;0;0;0;0;0;0;0;0;0;0;1;1;1;1;1;1;1;1;1;1;1;1;1;1;1;1;1;1;1;0;0;0;0;0;0;0;0;0;0.0004;0.088;-0.0884;0;0;0;0;0;0;0;0;0;0;0;0;0;0;0;0;0;0;0;-7.2;0;0;0;0;0.0004;0;0;0;0;0;0;0;-0.0004;-0.0884;0;0;0;0;0;0;0;0;0;-0.7452;0;0.7452;1;1;0;0;0;0
05/09/21 06:00;4.5452;-78.618;78.919;4.636;6.6685;-90;-6.6685;1.9925;1.9925;0;7.1003;6.2999;0;0;1.9858;0;0;0.0013;1.9871;1.9871;0;0;0;0;0;1;1;1;1;0;0;0;0;0;0;0;0;0;0;0;0;0;0;0;0;0;0;0;0;0;0;0;0;0;0;0;0;0;0;0;0;0;0;0;0;1;1;1;1;1;1;1;1;1;1;1;1;1;0;0;1;0;0;0;0;0;0;0;0;0;0;0;0.0004;0.088;-0.0884;0;0;0;0;0;0;0;0;0;0;0;0;0;0;0;0;0;0;0;-7.1003;0;0;0;0;0.0004;0;0;0;0;0;0;0;-0.0004;-0.0884;0;0;0;0;0;0;0;0;0;-0.7452;0;0.7452;1;1;0;0;0;0
05/09/21 07:00;14.792;-70.635;51.743;15.636;25.184;-90;-25.184;39.909;39.399;0.5097;7.0398;6.3799;0;1.2363;37.471;0.1416;0;0.3604;39.21;0;39.21;1.2363;0.1416;37.471;0.3604;0.0315;0.9649;0;0.0092;37.649;1.5603;0;0;1.2529;0.3073;36.34;1.2343;0.0183;0.0021;1.2032;0.0106;37.574;0.0753;0.0025;0.0003;0.0724;0.0001;36.441;1.2155;0.1392;34.943;0.0423;23.947;19.445;7.1203;0.3077;0.2704;3.8894;0.1011;3.8521;0;1;0;0;0.9825;0.9602;1;1;0.9666;0.1472;0.9672;0.9852;1;0.9667;0.799;0.998;0.998;1;0.998;0.998;0.9268;0.9325;0.1174;0.1116;0.1121;0.0007;0.0117;-0.0066;0.0007;0.0026;0.0007;0;0;0.088;0.0072;0;0;0;0;0;0;0;0;0;0;0;0;0.0021;0.0001;0.1;0.1;0;8.8287;8.8287;1.7889;0.0492;93.92;1064.8;1;0.0048;0.0048;0;0;0;0;0;0;0.0952;0.0072;0;16.854;19.517;1.2086;1.3995;95.165;95.165;0.941;0.8434;0.0605;0.0977;0.7829;0.1038;0.832;0.0643;23.944;0.0598;0
05/09/21 08:00;25.94;-60.065;26.671;29.306;60;-90;-60;130.71;127.6;3.1085;7.44;6.4401;0;6.3502;95.193;1.3746;0;6.2085;109.13;0;109.13;6.3502;1.3746;95.193;6.2085;0.0582;0.9292;0;0.0569;91.422;17.705;0;0;11.926;5.7788;88.264;2.9752;0.0058;0.0013;2.9402;0.0278;91.239;0.1828;0.0127;0.0027;0.1665;0.0009;90.831;6.3317;1.3706;80.16;0.401;83.509;67.809;28.907;15.916;1.6428;23.63;2.5675;9.3571;0;1;0;0;0.8349;0.8378;1;1;0.8747;0.0692;0.9674;0.9991;1;0.9646;0.9351;0.998;0.998;1;0.998;0.998;0.8088;0.8421;0.0646;0.3106;0.3072;0.0019;0.0166;-0.0147;0.0021;0.0075;0.0044;0;0;0.088;0.1876;0;0;0;0;0;0;0;0;0;0;0;0;0.0061;0.0004;0.283;0.283;0;11.75;11.75;4.3096;0.0488;259.96;1088.5;1;0.0073;0.0073;0;0;0;0;0;0;0.2756;0.1876;0;17.134;19.841;11.361;13.156;97.407;97.407;2.619;2.3863;1.5823;0.2328;0.804;0.0889;0.307;0.6041;82.897;0.5199;0
05/09/21 09:00;35.818;-47.028;33.554;44.606;45.394;-90;-45.394;252.19;231.9;20.291;7.4998;6.64;0;28.896;192.3;8.4972;0;7.1339;236.82;0;236.82;28.896;8.4972;192.3;7.1339;0.122;0.8421;0;0.0301;214.16;22.659;0;0;16.071;6.5879;207.84;5.8919;0.0898;0.0264;5.7439;0.0318;213.74;0.4283;0.0578;0.017;0.3524;0.0011;210.43;28.748;8.4538;170.13;0.5132;154.55;125.5;49.713;12.102;2.1583;31.047;2.5833;21.103;0;1;0;0;0.9391;0.9043;1;1;0.9164;0.0765;0.9724;0.9969;1;0.9673;0.9417;0.998;0.998;1;0.998;0.998;0.8776;0.8847;0.0719;0.674;0.6642;0.004;0.0162;-0.0174;0.0046;0.0164;0.0059;0;0;0.088;0.5209;0;0;0;0;0;0;0;0;0;0;0;0;0.0132;0.0013;0.62;0.62;0;17.618;17.618;10.118;0.0487;566.45;1094.6;1;0.0112;0.0112;0;0;0;0;0;0;0.6089;0.5209;0;17.301;20.034;14.533;16.829;98.196;98.196;5.6837;5.2289;4.3925;0.4548;0.8364;0.08;0.1472;0.7728;143.64;0.7037;0
05/09/21 10:00;43.52;-30.396;38.717;61.951;28.049;-90;-28.049;172.71;169.8;2.9079;8.3002;6.9901;0;3.295;159.32;0.6029;0;1.9271;165.15;0;165.15;3.295;0.6029;159.32;1.9271;0.02;0.9764;0;0.0117;157.15;7.996;0;0;6.3305;1.6655;151.75;5.0849;0.0202;0.0037;5.0123;0.0487;156.84;0.3143;0.0066;0.0012;0.306;0.0005;152.32;3.2682;0.598;147.68;0.2123;105.49;85.655;31.992;1.9101;1.1864;17.066;0.5663;16.342;0;1;0;0;0.9563;0.9516;1;1;0.9603;0.1357;0.9676;0.9939;1;0.9672;0.8133;0.998;0.998;1;0.998;0.998;0.9189;0.9269;0.1102;0.47;0.47;0.0028;0.0172;-0.0157;0.0033;0.0116;0.0032;0;0;0.088;0.3405;0;0;0;0;0;0;0;0;0;0;0;0;0.0093;0.0007;0.4375;0.4375;0;15.695;15.695;7.3952;0.0487;400.67;1092;1;0.009;0.009;0;0;0;0;0;0;0.4285;0.3405;0;17.507;20.272;13.625;15.778;97.941;97.941;3.9636;3.6898;2.8717;0.2738;0.8181;0.0691;0.2064;0.7245;103.65;0.6725;0
05/09/21 11:00;47.778;-9.8954;41.454;81.136;8.8637;-90;-8.8637;218.49;214.1;4.3949;9.2003;7.1799;0;4.4481;211.88;0.9543;0;0.2479;217.53;0;217.53;4.4481;0.9543;211.88;0.2479;0.0204;0.9752;0;0.0011;216.08;1.455;0;0;1.249;0.2059;206.86;8.787;0.0343;0.0074;8.7359;0.0094;215.65;0.4322;0.0089;0.0019;0.4213;0.0001;206.9;4.4048;0.9451;201.48;0.0325;129.8;105.4;37.257;0.0382;1.4466;20.808;0.0382;22.216;0;1;0;0;0.9956;0.9933;1;1;0.9941;0.1693;0.9593;0.9923;1;0.9584;0.7757;0.998;0.998;1;0.998;0.998;0.9509;0.9509;0.131;0.6191;0.6336;0.0038;0.0164;-0.0129;0.0044;0.0155;0.0039;0;0;0.088;0.4901;0;0;0;0;0;0;0;0;0;0;0;0;0.0125;0.0012;0.5887;0.5887;0;19.284;19.284;10.084;0.0487;541.17;1087.9;1;0.0107;0.0107;0;0;0;0;0;0;0.5781;0.4901;0;17.884;20.709;14.887;17.238;98.188;98.188;5.2208;4.9649;4.1328;0.2559;0.8321;0.049;0.1594;0.7916;126.68;0.7387;0
05/09/21 12:00;47.518;12.294;41.29;78.967;11.033;90;11.033;564.71;294.1;270.6;11.88;7.59;0;275.7;212.04;81.59;0;0.9916;570.32;0;570.32;275.7;81.59;212.04;0.9916;0.4834;0.3735;0;0.0017;567.69;2.6334;0;0;1.8083;0.8251;555.35;11.203;2.1018;0.622;8.4417;0.0374;566.56;1.1354;0.5514;0.1632;0.4205;0.0003;555.54;273.05;80.805;201.37;0.1287;331.53;269.2;97.844;0.0896;3.5199;50.632;0.1928;54.063;0;1;0;0;1.0099;0.9954;1;1;0.9915;0.1679;0.9802;0.9924;1;0.9598;0.7748;0.998;0.998;1;0.998;0.998;0.9737;0.9497;0.1298;1.6231;1.6909;0.0102;0.0027;0.0845;0.0112;0.0396;0.0091;0;0;0.088;1.3832;0;0;0;0;0;0;0;0;0;0;0;0;0.0319;0.0069;1.4948;1.4948;0;39.235;39.235;27.355;0.0493;1452.7;1029;1;0.0237;0.0237;0;0;0;0;0;0;1.4712;1.3832;0;17.32;20.056;16.026;18.557;98.416;98.416;13.688;12.606;11.664;1.0816;0.9418;0.079;0.0688;0.8522;127.44;0.7991;0
05/09/21 13:00;42.817;32.423;38.256;59.944;30.056;90;30.056;445.6;316.8;128.8;12.92;8.1101;0;148.81;253.94;51.475;0;5.692;459.92;0;459.92;148.81;51.475;253.94;5.692;0.3236;0.5645;0;0.0124;443.63;16.291;0;0;11.3;4.9905;433.56;9.1872;0.871;0.3013;7.8906;0.1243;442.75;0.8873;0.2976;0.1029;0.4853;0.0014;435.22;147.65;51.071;234.27;0.5759;258.62;210;78.786;3.8712;2.8329;40.751;1.6653;39.712;0;1;0;0;1.0321;0.9646;1;1;0.9555;0.1233;0.9792;0.9941;1;0.9674;0.8225;0.998;0.998;1;0.998;0.998;0.9427;0.9225;0.1012;1.3089;1.3268;0.008;0.0075;0.0432;0.0089;0.0315;0.0074;0;0;0.088;1.0836;0;0;0;0;0;0;0;0;0;0;0;0;0.0254;0.0044;1.1906;1.1906;0;34.212;34.212;21.292;0.0491;1139.1;1045.3;1;0.019;0.019;0;0;0;0;0;0;1.1716;1.0836;0;17.106;19.808;15.569;18.029;98.405;98.405;11.038;10.041;9.1383;0.9976;0.9022;0.0904;0.0817;0.8279;167.44;0.7764;0
05/09/21 14:00;34.82;48.617;32.869;42.83;47.17;90;47.17;163;160.1;2.8977;14.05;8.2801;0;4.2624;133.96;0.8869;0;4.9578;144.07;0;144.07;4.2624;0.8869;133.96;4.9578;0.0296;0.9643;0;0.0344;127.58;16.493;0;0;11.878;4.615;123.29;4.0309;0.0115;0.0024;3.9992;0.0178;127.32;0.2552;0.0085;0.0018;0.2442;0.0007;125.15;4.2423;0.8827;117.84;0.3243;103.13;83.739;33.76;9.6263;1.5027;21.616;1.8633;13.493;0;1;0;0;0.8839;0.8855;1;1;0.9113;0.0691;0.9683;0.9973;1;0.9672;0.948;0.998;0.998;1;0.998;0.998;0.8558;0.8797;0.0654;0.41;0.4014;0.0024;0.0172;-0.0071;0.0027;0.0097;0.004;0;0;0.088;0.2682;0;0;0;0;0;0;0;0;0;0;0;0;0.0078;0.0006;0.3642;0.3642;0;20.092;20.092;6.042;0.049;341.55;1066.3;1;0.008;0.008;0;0;0;0;0;0;0.3562;0.2682;0;16.704;19.343;12.302;14.245;97.81;97.81;3.4577;3.0712;2.2618;0.3865;0.8094;0.1118;0.2341;0.6541;101.74;0.5881;0
05/09/21 15:00;24.765;61.326;25.922;27.736;60;90;60;386.61;143.8;242.81;13.19;7.68;0;521.32;61.459;132.81;0;18.364;733.95;0;733.95;521.32;132.81;61.459;18.364;0.7103;0.1088;0;0.025;709.04;24.906;0;0;7.7266;17.18;705.06;2.5626;0.4658;0.1187;1.8974;0.0806;707.63;1.4181;1.0426;0.2656;0.1075;0.0024;708.05;519.81;132.42;51.728;1.1014;89.778;72.899;30.027;10.279;1.3903;19.998;2.9891;11.109;0;1;0;0;1.8984;0.9661;1;1;0.8743;0.0645;0.9964;0.9991;1;0.9646;0.9318;0.998;0.998;1;0.998;0.998;0.9606;0.8417;0.06;2.0888;2.0659;0.0124;-0.0007;0.168;0.0132;0.0468;0.0035;0;0;0.088;1.6583;0;0;0;0;0;0;0;0;0;0;0;0;0.0377;0.0101;1.7748;1.7748;0;48.149;48.149;34.959;0.0496;1779.7;997.24;1;0.0285;0.0285;0;0;0;0;0;0;1.7463;1.6583;0;15.979;18.503;14.93;17.289;98.396;98.396;17.615;14.967;13.985;2.6477;0.9821;0.1503;0.0558;0.7939;53.505;0.7781;0
05/09/21 16:00;13.516;71.692;55.469;14.209;22.325;90;22.325;201.3;114;87.303;12.68;5.93;0;211.73;79.313;76.64;0;1.4334;369.12;0;369.12;211.73;76.64;79.313;1.4334;0.5736;0.2188;0;0.0039;365.72;3.4047;0;0;2.1924;1.2123;355.98;9.0039;4.6605;1.6869;2.6092;0.0473;364.98;0.7314;0.4235;0.1533;0.1542;0.0004;356.14;206.65;74.8;74.357;0.1734;50.449;40.965;14.56;0.4235;0.5837;8.3957;0.1632;8.5559;0;1;0;0;1.8336;0.9908;1;1;0.9724;0.1543;0.9753;0.9779;1;0.9661;0.7858;0.998;0.998;1;0.998;0.998;0.9644;0.9375;0.121;1.0505;1.0358;0.0062;0.0117;0.0188;0.007;0.0248;0.0015;0;0;0.088;0.8394;0;0;0;0;0;0;0;0;0;0;0;0;0.02;0.0028;0.9429;0.9429;0;30.123;30.123;17.443;0.049;889.46;1060;1;0.0155;0.0155;0;0;0;0;0;0;0.9274;0.8394;0;16.879;19.546;15.027;17.401;98.36;98.36;8.8589;7.9513;7.0787;0.9076;0.8725;0.1025;0.0985;0.7991;49.866;0.7857;0
05/09/21 17:00;3.825;79.145;80.689;3.8945;5.5867;90;5.5867;7.3059;7.297;0.009;10.83;4.99;0;0.0217;7.2789;0.0018;0;0.0033;7.3057;0;7.3057;0.0217;0.0018;7.2789;0.0033;0.003;0.9968;0;0.0005;7.2826;0.0231;0;0;0.0204;0.0027;6.9458;0.3222;0.0075;0.0006;0.314;0.0001;7.268;0.0146;0;0;0.0145;0;6.946;0.0142;0.0012;6.93;0.0004;4.3262;3.5129;1.2371;0.0001;0.0484;0.6969;0.0003;0.7452;0;1;0;0;1;0.9968;1;1;0.9972;0.1667;0.9557;0.6539;1;0.9567;0.7763;0.998;0.998;1;0.998;0.998;0.9507;0.9521;0.1292;0.0208;0.0213;0.0001;0.005;-0.001;0.0001;0.0004;0.0001;0;0;0.088;-0.0743;0;0;0;0;0;0;0;0;0;0;0;0;0.0003;0;0.0161;0.0161;0;11.184;11.184;0.3538;0.0509;16.443;977.03;1;0.0023;0.0023;0;0;0;0;0;0;0.0137;-0.0743;0;14.531;16.827;-67.16;-77.769;85.578;85.578;0.1753;0.1355;-0.6262;0.0399;0.7617;0.2273;4.3439;0;4.3262;0;0
05/09/21 18:00;0;0;90;0;0;90;0;0;0;0;9.9501;4.6299;0;0;0;0;0;0;0;0;0;0;0;0;0;1;1;1;1;0;0;0;0;0;0;0;0;0;0;0;0;0;0;0;0;0;0;0;0;0;0;0;0;0;0;0;0;0;0;0;0;0;0;0;1;1;1;1;1;1;1;1;1;1;1;1;1;1;1;1;1;1;1;0;0;0;0;0;0;0;0;0;0.0004;0.088;-0.0884;0;0;0;0;0;0;0;0;0;0;0;0;0;0;0;0;0;0;0;-9.9501;0;0;0;0;0.0004;0;0;0;0;0;0;0;-0.0004;-0.0884;0;0;0;0;0;0;0;0;0;-0.7452;0;0.7452;1;1;0;0;0;0
05/09/21 19:00;0;0;90;0;0;90;0;0;0;0;9.09;4.3099;0;0;0;0;0;0;0;0;0;0;0;0;0;1;1;1;1;0;0;0;0;0;0;0;0;0;0;0;0;0;0;0;0;0;0;0;0;0;0;0;0;0;0;0;0;0;0;0;0;0;0;0;1;1;1;1;1;1;1;1;1;1;1;1;1;1;1;1;1;1;1;0;0;0;0;0;0;0;0;0;0.0004;0.088;-0.0884;0;0;0;0;0;0;0;0;0;0;0;0;0;0;0;0;0;0;0;-9.09;0;0;0;0;0.0004;0;0;0;0;0;0;0;-0.0004;-0.0884;0;0;0;0;0;0;0;0;0;-0.7452;0;0.7452;1;1;0;0;0;0
05/09/21 20:00;0;0;90;0;0;90;0;0;0;0;8.4099;4.34;0;0;0;0;0;0;0;0;0;0;0;0;0;1;1;1;1;0;0;0;0;0;0;0;0;0;0;0;0;0;0;0;0;0;0;0;0;0;0;0;0;0;0;0;0;0;0;0;0;0;0;0;1;1;1;1;1;1;1;1;1;1;1;1;1;1;1;1;1;1;1;0;0;0;0;0;0;0;0;0;0.0004;0.088;-0.0884;0;0;0;0;0;0;0;0;0;0;0;0;0;0;0;0;0;0;0;-8.4099;0;0;0;0;0.0004;0;0;0;0;0;0;0;-0.0004;-0.0884;0;0;0;0;0;0;0;0;0;-0.7452;0;0.7452;1;1;0;0;0;0
05/09/21 21:00;0;0;90;0;0;90;0;0;0;0;7.5902;4.44;0;0;0;0;0;0;0;0;0;0;0;0;0;1;1;1;1;0;0;0;0;0;0;0;0;0;0;0;0;0;0;0;0;0;0;0;0;0;0;0;0;0;0;0;0;0;0;0;0;0;0;0;1;1;1;1;1;1;1;1;1;1;1;1;1;1;1;1;1;1;1;0;0;0;0;0;0;0;0;0;0.0004;0.088;-0.0884;0;0;0;0;0;0;0;0;0;0;0;0;0;0;0;0;0;0;0;-7.5902;0;0;0;0;0.0004;0;0;0;0;0;0;0;-0.0004;-0.0884;0;0;0;0;0;0;0;0;0;-0.7452;0;0.7452;1;1;0;0;0;0
05/09/21 22:00;0;0;90;0;0;90;0;0;0;0;7.5497;4.11;0;0;0;0;0;0;0;0;0;0;0;0;0;1;1;1;1;0;0;0;0;0;0;0;0;0;0;0;0;0;0;0;0;0;0;0;0;0;0;0;0;0;0;0;0;0;0;0;0;0;0;0;1;1;1;1;1;1;1;1;1;1;1;1;1;1;1;1;1;1;1;0;0;0;0;0;0;0;0;0;0.0004;0.088;-0.0884;0;0;0;0;0;0;0;0;0;0;0;0;0;0;0;0;0;0;0;-7.5497;0;0;0;0;0.0004;0;0;0;0;0;0;0;-0.0004;-0.0884;0;0;0;0;0;0;0;0;0;-0.7452;0;0.7452;1;1;0;0;0;0
05/09/21 23:00;0;0;90;0;0;90;0;0;0;0;7.1302;3.79;0;0;0;0;0;0;0;0;0;0;0;0;0;1;1;1;1;0;0;0;0;0;0;0;0;0;0;0;0;0;0;0;0;0;0;0;0;0;0;0;0;0;0;0;0;0;0;0;0;0;0;0;1;1;1;1;1;1;1;1;1;1;1;1;1;1;1;1;1;1;1;0;0;0;0;0;0;0;0;0;0.0004;0.088;-0.0884;0;0;0;0;0;0;0;0;0;0;0;0;0;0;0;0;0;0;0;-7.1302;0;0;0;0;0.0004;0;0;0;0;0;0;0;-0.0004;-0.0884;0;0;0;0;0;0;0;0;0;-0.7452;0;0.7452;1;1;0;0;0;0
06/09/21 00:00;0;0;90;0;0;90;0;0;0;0;6.9999;3.93;0;0;0;0;0;0;0;0;0;0;0;0;0;1;1;1;1;0;0;0;0;0;0;0;0;0;0;0;0;0;0;0;0;0;0;0;0;0;0;0;0;0;0;0;0;0;0;0;0;0;0;0;1;1;1;1;1;1;1;1;1;1;1;1;1;1;1;1;1;1;1;0;0;0;0;0;0;0;0;0;0.0004;0.088;-0.0884;0;0;0;0;0;0;0;0;0;0;0;0;0;0;0;0;0;0;0;-6.9999;0;0;0;0;0.0004;0;0;0;0;0;0;0;-0.0004;-0.0884;0;0;0;0;0;0;0;0;0;-0.7452;0;0.7452;1;1;0;0;0;0
06/09/21 01:00;0;0;90;0;0;90;0;0;0;0;6.27;4.18;0;0;0;0;0;0;0;0;0;0;0;0;0;1;1;1;1;0;0;0;0;0;0;0;0;0;0;0;0;0;0;0;0;0;0;0;0;0;0;0;0;0;0;0;0;0;0;0;0;0;0;0;1;1;1;1;1;1;1;1;1;1;1;1;1;1;1;1;1;1;1;0;0;0;0;0;0;0;0;0;0.0004;0.088;-0.0884;0;0;0;0;0;0;0;0;0;0;0;0;0;0;0;0;0;0;0;-6.27;0;0;0;0;0.0004;0;0;0;0;0;0;0;-0.0004;-0.0884;0;0;0;0;0;0;0;0;0;-0.7452;0;0.7452;1;1;0;0;0;0
06/09/21 02:00;0;0;90;0;0;90;0;0;0;0;6.0998;4.3899;0;0;0;0;0;0;0;0;0;0;0;0;0;1;1;1;1;0;0;0;0;0;0;0;0;0;0;0;0;0;0;0;0;0;0;0;0;0;0;0;0;0;0;0;0;0;0;0;0;0;0;0;1;1;1;1;1;1;1;1;1;1;1;1;1;1;1;1;1;1;1;0;0;0;0;0;0;0;0;0;0.0004;0.088;-0.0884;0;0;0;0;0;0;0;0;0;0;0;0;0;0;0;0;0;0;0;-6.0998;0;0;0;0;0.0004;0;0;0;0;0;0;0;-0.0004;-0.0884;0;0;0;0;0;0;0;0;0;-0.7452;0;0.7452;1;1;0;0;0;0
06/09/21 03:00;0;0;90;0;0;90;0;0;0;0;5.5002;4.6101;0;0;0;0;0;0;0;0;0;0;0;0;0;1;1;1;1;0;0;0;0;0;0;0;0;0;0;0;0;0;0;0;0;0;0;0;0;0;0;0;0;0;0;0;0;0;0;0;0;0;0;0;1;1;1;1;1;1;1;1;1;1;1;1;1;1;1;1;1;1;1;0;0;0;0;0;0;0;0;0;0.0004;0.088;-0.0884;0;0;0;0;0;0;0;0;0;0;0;0;0;0;0;0;0;0;0;-5.5002;0;0;0;0;0.0004;0;0;0;0;0;0;0;-0.0004;-0.0884;0;0;0;0;0;0;0;0;0;-0.7452;0;0.7452;1;1;0;0;0;0
06/09/21 04:00;0;0;90;0;0;90;0;0;0;0;4.9199;4.5499;0;0;0;0;0;0;0;0;0;0;0;0;0;1;1;1;1;0;0;0;0;0;0;0;0;0;0;0;0;0;0;0;0;0;0;0;0;0;0;0;0;0;0;0;0;0;0;0;0;0;0;0;1;1;1;1;1;1;1;1;1;1;1;1;1;1;1;1;1;1;1;0;0;0;0;0;0;0;0;0;0.0004;0.088;-0.0884;0;0;0;0;0;0;0;0;0;0;0;0;0;0;0;0;0;0;0;-4.9199;0;0;0;0;0.0004;0;0;0;0;0;0;0;-0.0004;-0.0884;0;0;0;0;0;0;0;0;0;-0.7452;0;0.7452;1;1;0;0;0;0
06/09/21 05:00;0;0;90;0;0;90;0;0;0;0;4.3801;4.1;0;0;0;0;0;0;0;0;0;0;0;0;0;1;1;1;1;0;0;0;0;0;0;0;0;0;0;0;0;0;0;0;0;0;0;0;0;0;0;0;0;0;0;0;0;0;0;0;0;0;0;0;1;1;1;1;1;1;1;1;1;1;1;1;1;1;1;1;1;1;1;0;0;0;0;0;0;0;0;0;0.0004;0.088;-0.0884;0;0;0;0;0;0;0;0;0;0;0;0;0;0;0;0;0;0;0;-4.3801;0;0;0;0;0.0004;0;0;0;0;0;0;0;-0.0004;-0.0884;0;0;0;0;0;0;0;0;0;-0.7452;0;0.7452;1;1;0;0;0;0
06/09/21 06:00;4.6325;-79.017;78.704;4.7186;6.7896;-90;-6.7896;16.292;15.998;0.2941;5.1;3.5999;0;0.7132;15.899;0.1048;0;0.0109;16.727;0;16.727;0.7132;0.1048;15.899;0.0109;0.0426;0.9511;0;0.0006;16.658;0.0695;0;0;0.0605;0.009;15.722;0.9025;0.1977;0.029;0.6753;0.0004;16.625;0.0333;0.0014;0.0002;0.0317;0;15.723;0.514;0.0755;15.131;0.0014;9.4686;7.6885;2.71;0.0009;0.1059;1.5235;0.0012;1.6285;0;1;0;0;1.0267;0.9958;1;1;0.9962;0.1684;0.9457;0.7222;1;0.9573;0.7762;0.998;0.998;1;0.998;0.998;0.9399;0.9517;0.1304;0.0476;0.048;0.0003;0.0077;-0.0033;0.0003;0.0011;0.0003;0;0;0.088;-0.0503;0;0;0;0;0;0;0;0;0;0;0;0;0.0009;0;0.0408;0.0408;0;5.8826;5.8826;0.7826;0.0498;39.192;1040.5;1;0.0031;0.0031;0;0;0;0;0;0;0.0377;-0.0503;0;16.109;18.654;-19.86;-22.998;92.513;92.513;0.4015;0.3439;-0.424;0.0576;0.7679;0.1434;1.9127;0;9.467;0;0
06/09/21 07:00;15.092;-70.879;50.842;15.929;25.801;-90;-25.801;50.204;49.497;0.707;6.7001;4.0699;0;1.7146;46.935;0.2418;0;0.4754;49.367;0;49.367;1.7146;0.2418;46.935;0.4754;0.0347;0.9604;0;0.0096;47.329;2.038;0;0;1.6314;0.4066;45.694;1.5403;0.0234;0.0033;1.5;0.0136;47.234;0.0947;0.0034;0.0005;0.0906;0.0001;45.829;1.6878;0.238;43.713;0.0551;30.107;24.447;8.9721;0.4198;0.3408;4.9018;0.1347;4.8228;0;1;0;0;0.9833;0.9587;1;1;0.9652;0.1448;0.9674;0.9863;1;0.9668;0.8019;0.998;0.998;1;0.998;0.998;0.9256;0.9314;0.1159;0.1405;0.1409;0.0008;0.0129;-0.0083;0.0009;0.0034;0.0009;0;0;0.088;0.0337;0;0;0;0;0;0;0;0;0;0;0;0;0.0027;0.0001;0.1274;0.1274;0;8.9429;8.9429;2.2428;0.0491;118.63;1074;1;0.0057;0.0057;0;0;0;0;0;0;0.1217;0.0337;0;17.054;19.748;4.5103;5.2228;95.516;95.516;1.1848;1.0745;0.2842;0.1104;0.7903;0.0931;0.667;0.2398;30.103;0.2232;0
06/09/21 08:00;26.261;-60.296;26.387;29.598;60;-90;-60;510.91;84.3;426.61;8.9902;4.59;0;863.73;18.01;122.06;0;24.268;1028.1;0;1028.1;863.73;122.06;18.01;24.268;0.8401;0.0411;0;0.0236;1003.2;24.845;0;0;2.2564;22.588;999.65;1.5618;0.7856;0.111;0.5563;0.1088;1001.2;2.0064;1.7275;0.2441;0.0315;0.0034;1003;861.21;121.7;15.166;1.5676;98.108;79.664;30.642;3.0171;1.1264;16.202;3.36;14.311;0;1;0;0;2.0122;0.9758;1;1;0.8747;0.0692;0.9984;0.9991;1;0.9646;0.9351;0.998;0.998;1;0.998;0.998;0.9724;0.8421;0.0646;2.9258;2.9022;0.0175;0.0004;0.3461;0.0178;0.063;0.0027;0;0;0.088;2.2559;0;0;0;0;0;0;0;0;0;0;0;0;0.0508;0.0193;2.3846;2.3846;0;58.987;58.987;49.997;0.05;2502.2;953.02;1;0.0407;0.0407;0;0;0;0;0;0;2.3439;2.2559;0;15.327;17.749;14.5;16.791;98.293;98.293;24.673;20.11;19.024;4.5637;1.0853;0.185;0.044;0.771;15.684;0.7621;0
06/09/21 09:00;36.166;-47.223;33.249;44.882;45.118;-90;-45.118;470.3;187;283.3;10.12;4.82;0;401.47;102.69;94.358;0;13.151;611.67;0;611.67;401.47;94.358;102.69;13.151;0.6563;0.1894;0;0.0215;591.02;20.645;0;0;8.5066;12.139;585.26;4.5813;1.1766;0.2765;3.0678;0.0603;589.84;1.182;0.8029;0.1887;0.1884;0.002;588.89;399.49;93.892;90.931;0.9501;222.95;181.04;68.433;6.3312;2.6036;37.451;3.6298;33.724;0;1;0;0;1.3006;0.9662;1;1;0.9172;0.077;0.9922;0.9971;1;0.9674;0.9403;0.998;0.998;1;0.998;0.998;0.9568;0.8855;0.0722;1.7408;1.7599;0.0106;0.002;0.086;0.0116;0.0412;0.0067;0;0;0.088;1.448;0;0;0;0;0;0;0;0;0;0;0;0;0.0332;0.0075;1.561;1.561;0;38.935;38.935;28.816;0.0492;1513.1;1031.6;1;0.025;0.025;0;0;0;0;0;0;1.536;1.448;0;16.864;19.528;15.643;18.114;98.398;98.398;14.68;13.164;12.211;1.5158;0.953;0.1033;0.0649;0.8318;76.513;0.7954;0
06/09/21 10:00;43.893;-30.505;38.381;62.184;27.816;-90;-27.816;826.29;136.3;690;11.38;4.8;0;780.14;33.627;113.75;0;9.0706;936.59;0;936.59;780.14;113.75;33.627;9.0706;0.833;0.0456;0;0.0097;927.45;9.1491;0;0;1.3184;7.8307;919;6.5892;4.6231;0.6741;1.0595;0.2326;925.59;1.8549;1.5603;0.2275;0.0646;0.0025;921.42;773.96;112.85;31.184;1.0049;445.68;361.89;134.99;0.3937;4.5249;65.088;2.4188;69.219;0;1;0;0;1.1335;0.9902;1;1;0.9608;0.1367;0.9929;0.9941;1;0.9671;0.8121;0.998;0.998;1;0.998;0.998;0.9812;0.9274;0.1108;2.6655;2.7666;0.0167;-0.0008;0.3134;0.0171;0.0605;0.0109;0;0;0.088;2.1562;0;0;0;0;0;0;0;0;0;0;0;0;0.0487;0.0176;2.2826;2.2826;0;57.276;57.276;45.896;0.0499;2382.3;958.14;1;0.0383;0.0383;0;0;0;0;0;0;2.2442;2.1562;0;16.104;18.648;15.213;17.616;98.321;98.321;22.478;19.249;18.184;3.229;1.0654;0.1437;0.0474;0.809;21.842;0.7689;0
06/09/21 11:00;48.158;-9.849;41.09;81.292;8.7079;-90;-8.7079;526.5;315.6;210.89;13.21;4.59;0;213.35;247.9;67.038;0;0.5766;528.87;0;528.87;213.35;67.038;247.9;0.5766;0.4034;0.4698;0;0.0011;526.97;1.8981;0;0;1.4191;0.479;513.54;12.372;1.6017;0.5033;10.245;0.0218;525.92;1.0539;0.4267;0.1341;0.493;0.0002;513.64;211.33;66.401;235.74;0.0755;310.27;251.94;91.24;0.0417;3.3129;47.655;0.0951;50.927;0;1;0;0;1.0045;0.9964;1;1;0.9943;0.1692;0.9765;0.9925;1;0.9584;0.7757;0.998;0.998;1;0.998;0.998;0.971;0.951;0.131;1.5051;1.565;0.0094;0.0043;0.0744;0.0103;0.0367;0.0085;0;0;0.088;1.2762;0;0;0;0;0;0;0;0;0;0;0;0;0.0295;0.006;1.3858;1.3858;0;38.499;38.499;25.289;0.0492;1344.6;1030.7;1;0.0217;0.0217;0;0;0;0;0;0;1.3642;1.2762;0;17.316;20.051;15.945;18.464;98.437;98.437;12.693;11.687;10.762;1.0058;0.9248;0.0792;0.0729;0.8479;148.16;0.7943;0
06/09/21 12:00;47.87;12.515;40.91;78.91;11.09;90;11.09;732.7;151.7;581.01;14.34;4.5399;0;592.06;62.957;89.825;0;1.2998;746.14;0;746.14;592.06;89.825;62.957;1.2998;0.7935;0.0861;0;0.0017;744.52;1.623;0;0;0.5415;1.0815;735.43;7.6005;4.3825;0.6649;2.504;0.0491;743.03;1.489;1.1841;0.1796;0.1248;0.0004;735.69;586.5;88.98;59.786;0.1687;427.22;346.9;127.67;0.0274;4.4268;63.678;0.2606;68.078;0;1;0;0;1.0183;0.9978;1;1;0.9914;0.1679;0.9898;0.9926;1;0.9598;0.7748;0.998;0.998;1;0.998;0.998;0.9856;0.9496;0.1298;2.1235;2.2324;0.0134;-0.0016;0.203;0.0141;0.0501;0.0109;0;0;0.088;1.772;0;0;0;0;0;0;0;0;0;0;0;0;0.0403;0.0117;1.8904;1.8904;0;50.884;50.884;36.543;0.0497;1921.4;983.82;1;0.0304;0.0304;0;0;0;0;0;0;1.86;1.772;0;16.741;19.386;15.693;18.172;98.392;98.392;17.907;15.942;14.943;1.9658;0.9985;0.1098;0.0558;0.8345;37.844;0.7843;0
06/09/21 13:00;43.114;32.752;37.875;59.979;30.021;90;30.021;716;126.8;589.2;15.14;4.67;0;680.5;42.653;93.642;0;9.1255;825.92;0;825.92;680.5;93.642;42.653;9.1255;0.8239;0.0627;0;0.011;816.02;9.894;0;0;1.8946;7.9994;808.51;5.8843;3.8317;0.5273;1.3256;0.1998;814.39;1.632;1.361;0.1873;0.0815;0.0023;810.96;675.3;92.927;39.352;0.9241;380.77;309.18;117.06;0.6497;3.7737;54.283;2.4489;57.407;0;1;0;0;1.1535;0.988;1;1;0.9556;0.1234;0.9928;0.9944;1;0.9674;0.8223;0.998;0.998;1;0.998;0.998;0.9789;0.9226;0.1013;2.3505;2.4289;0.0146;-0.002;0.2603;0.0151;0.0535;0.0092;0;0;0.088;1.9009;0;0;0;0;0;0;0;0;0;0;0;0;0.0431;0.0138;2.0214;2.0214;0;55.46;55.46;40.32;0.0499;2093.1;965.73;1;0.0325;0.0325;0;0;0;0;0;0;1.9889;1.9009;0;16.173;18.728;15.209;17.611;98.391;98.391;19.822;17.047;16.03;2.7752;1.0164;0.14;0.0513;0.8087;28.117;0.7708;0
06/09/21 14:00;35.06;48.979;32.496;42.927;47.073;90;47.073;583.4;126.5;456.9;15.47;4.6999;0;670.86;43.599;109.58;0;17.676;841.71;0;841.71;670.86;109.58;43.599;17.676;0.797;0.0728;0;0.021;821.4;20.306;0;0;3.8544;16.452;816.45;3.3096;1.6711;0.273;1.3015;0.0641;819.76;1.6428;1.3417;0.2192;0.0795;0.0024;820.67;667.85;109.08;38.364;1.1579;244.4;198.45;74;3.1148;2.6713;38.426;4.2185;37.982;0;1;0;0;1.4428;0.9759;1;1;0.9116;0.0693;0.996;0.9975;1;0.9672;0.9476;0.998;0.998;1;0.998;0.998;0.97;0.8799;0.0655;2.3954;2.425;0.0146;-0.002;0.2664;0.015;0.0533;0.0065;0;0;0.088;1.8942;0;0;0;0;0;0;0;0;0;0;0;0;0.0429;0.0137;2.0146;2.0146;0;56.211;56.211;40.741;0.0499;2091.2;963.36;1;0.0323;0.0323;0;0;0;0;0;0;1.9822;1.8942;0;15.816;18.314;14.871;17.22;98.394;98.394;20.201;16.989;15.974;3.2118;1.0149;0.159;0.0502;0.7908;33.081;0.7646;0
06/09/21 15:00;24.961;61.687;25.55;27.867;60;90;60;396.4;138.4;258;15.3;4.1499;0;551.58;56.732;134.17;0;18.829;761.31;0;761.31;551.58;134.17;56.732;18.829;0.7245;0.0993;0;0.0247;736.56;24.747;0;0;7.1322;17.614;732.65;2.4381;0.4858;0.1182;1.7515;0.0826;735.09;1.4731;1.1032;0.2683;0.0992;0.0024;735.56;549.99;133.79;47.749;1.1293;88.777;72.087;29.636;9.4892;1.3345;19.196;2.9082;11.041;0;1;0;0;1.9206;0.9675;1;1;0.8743;0.0645;0.9967;0.9991;1;0.9646;0.9318;0.998;0.998;1;0.998;0.998;0.9624;0.8417;0.06;2.1666;2.143;0.0129;-0.0012;0.2016;0.0135;0.0479;0.0033;0;0;0.088;1.6985;0;0;0;0;0;0;0;0;0;0;0;0;0.0386;0.0109;1.8155;1.8155;0;51.731;51.731;36.431;0.0497;1848.1;982.33;1;0.0289;0.0289;0;0;0;0;0;0;1.7865;1.6985;0;15.758;18.247;14.743;17.072;98.405;98.405;18.271;15.31;14.324;2.9613;0.9862;0.1621;0.054;0.7839;49.389;0.7694;0
06/09/21 16:00;13.683;72.046;54.993;14.355;22.607;90;22.607;188.39;123.1;65.291;14.63;2.76;0;158.35;94.138;61.123;0;1.3752;314.98;0;314.98;158.35;61.123;94.138;1.3752;0.5027;0.3032;0;0.0044;311.16;3.8196;0;0;2.6552;1.1644;302.83;7.7091;3.3011;1.2742;3.0889;0.0449;310.54;0.6223;0.3167;0.1222;0.183;0.0004;303.03;154.73;59.726;88.211;0.1655;59.721;48.493;17.671;0.5258;0.6642;9.5547;0.1926;9.693;0;1;0;0;1.672;0.9879;1;1;0.9718;0.1533;0.9752;0.9791;1;0.9662;0.7867;0.998;0.998;1;0.998;0.998;0.9614;0.937;0.1203;0.8964;0.8861;0.0053;0.0137;0.0141;0.006;0.0212;0.0017;0;0;0.088;0.7034;0;0;0;0;0;0;0;0;0;0;0;0;0.0171;0.0022;0.8048;0.8048;0;29.476;29.476;14.846;0.049;759.96;1059.1;1;0.0134;0.0134;0;0;0;0;0;0;0.7914;0.7034;0;16.885;19.552;14.757;17.089;98.335;98.335;7.5596;6.7873;5.9322;0.7723;0.8551;0.1022;0.1131;0.7847;59.278;0.7673;0
06/09/21 17:00;3.9758;79.497;80.319;4.0433;5.8031;90;5.8031;4.5906;4.4965;0.0941;12.51;2.9599;0;0.2283;4.4804;0.011;0;0.0022;4.722;4.722;0;0.2283;0;0;0;1;1;1;1;0;0;0;0;0;0;0;0;0;0;0;0;0;0;0;0;0;0;0;0;0;0;0;0;0;0;0;0;0;0;0;0;0;0;0;0;1;1;1;1;1;1;1;1;1;1;1;0;1;0;0;1;0;0;0;0;0;0;0;0;0;0;0;0.0004;0.088;-0.0884;0;0;0;0;0;0;0;0;0;0;0;0;0;0;0;0;0;0;0;-12.51;0;0;0;0;0.0004;0;0;0;0;0;0;0;-0.0004;-0.0884;0;0;0;0;0;0;0;0;0;-0.7452;0;0.7452;1;1;0;0;0;0
06/09/21 18:00;0;0;90;0;0;90;0;0;0;0;8.7702;3.0399;0;0;0;0;0;0;0;0;0;0;0;0;0;1;1;1;1;0;0;0;0;0;0;0;0;0;0;0;0;0;0;0;0;0;0;0;0;0;0;0;0;0;0;0;0;0;0;0;0;0;0;0;1;1;1;1;1;1;1;1;1;1;1;1;1;1;1;1;1;1;1;0;0;0;0;0;0;0;0;0;0.0004;0.088;-0.0884;0;0;0;0;0;0;0;0;0;0;0;0;0;0;0;0;0;0;0;-8.7702;0;0;0;0;0.0004;0;0;0;0;0;0;0;-0.0004;-0.0884;0;0;0;0;0;0;0;0;0;-0.7452;0;0.7452;1;1;0;0;0;0
06/09/21 19:00;0;0;90;0;0;90;0;0;0;0;7.0797;3.08;0;0;0;0;0;0;0;0;0;0;0;0;0;1;1;1;1;0;0;0;0;0;0;0;0;0;0;0;0;0;0;0;0;0;0;0;0;0;0;0;0;0;0;0;0;0;0;0;0;0;0;0;1;1;1;1;1;1;1;1;1;1;1;1;1;1;1;1;1;1;1;0;0;0;0;0;0;0;0;0;0.0004;0.088;-0.0884;0;0;0;0;0;0;0;0;0;0;0;0;0;0;0;0;0;0;0;-7.0797;0;0;0;0;0.0004;0;0;0;0;0;0;0;-0.0004;-0.0884;0;0;0;0;0;0;0;0;0;-0.7452;0;0.7452;1;1;0;0;0;0
06/09/21 20:00;0;0;90;0;0;90;0;0;0;0;5.9403;3.0901;0;0;0;0;0;0;0;0;0;0;0;0;0;1;1;1;1;0;0;0;0;0;0;0;0;0;0;0;0;0;0;0;0;0;0;0;0;0;0;0;0;0;0;0;0;0;0;0;0;0;0;0;1;1;1;1;1;1;1;1;1;1;1;1;1;1;1;1;1;1;1;0;0;0;0;0;0;0;0;0;0.0004;0.088;-0.0884;0;0;0;0;0;0;0;0;0;0;0;0;0;0;0;0;0;0;0;-5.9403;0;0;0;0;0.0004;0;0;0;0;0;0;0;-0.0004;-0.0884;0;0;0;0;0;0;0;0;0;-0.7452;0;0.7452;1;1;0;0;0;0
06/09/21 21:00;0;0;90;0;0;90;0;0;0;0;5.9097;3.06;0;0;0;0;0;0;0;0;0;0;0;0;0;1;1;1;1;0;0;0;0;0;0;0;0;0;0;0;0;0;0;0;0;0;0;0;0;0;0;0;0;0;0;0;0;0;0;0;0;0;0;0;1;1;1;1;1;1;1;1;1;1;1;1;1;1;1;1;1;1;1;0;0;0;0;0;0;0;0;0;0.0004;0.088;-0.0884;0;0;0;0;0;0;0;0;0;0;0;0;0;0;0;0;0;0;0;-5.9097;0;0;0;0;0.0004;0;0;0;0;0;0;0;-0.0004;-0.0884;0;0;0;0;0;0;0;0;0;-0.7452;0;0.7452;1;1;0;0;0;0
06/09/21 22:00;0;0;90;0;0;90;0;0;0;0;5.12;2.98;0;0;0;0;0;0;0;0;0;0;0;0;0;1;1;1;1;0;0;0;0;0;0;0;0;0;0;0;0;0;0;0;0;0;0;0;0;0;0;0;0;0;0;0;0;0;0;0;0;0;0;0;1;1;1;1;1;1;1;1;1;1;1;1;1;1;1;1;1;1;1;0;0;0;0;0;0;0;0;0;0.0004;0.088;-0.0884;0;0;0;0;0;0;0;0;0;0;0;0;0;0;0;0;0;0;0;-5.12;0;0;0;0;0.0004;0;0;0;0;0;0;0;-0.0004;-0.0884;0;0;0;0;0;0;0;0;0;-0.7452;0;0.7452;1;1;0;0;0;0
06/09/21 23:00;0;0;90;0;0;90;0;0;0;0;4.1201;2.91;0;0;0;0;0;0;0;0;0;0;0;0;0;1;1;1;1;0;0;0;0;0;0;0;0;0;0;0;0;0;0;0;0;0;0;0;0;0;0;0;0;0;0;0;0;0;0;0;0;0;0;0;1;1;1;1;1;1;1;1;1;1;1;1;1;1;1;1;1;1;1;0;0;0;0;0;0;0;0;0;0.0004;0.088;-0.0884;0;0;0;0;0;0;0;0;0;0;0;0;0;0;0;0;0;0;0;-4.1201;0;0;0;0;0.0004;0;0;0;0;0;0;0;-0.0004;-0.0884;0;0;0;0;0;0;0;0;0;-0.7452;0;0.7452;1;1;0;0;0;0
07/09/21 00:00;0;0;90;0;0;90;0;0;0;0;4.4499;2.8601;0;0;0;0;0;0;0;0;0;0;0;0;0;1;1;1;1;0;0;0;0;0;0;0;0;0;0;0;0;0;0;0;0;0;0;0;0;0;0;0;0;0;0;0;0;0;0;0;0;0;0;0;1;1;1;1;1;1;1;1;1;1;1;1;1;1;1;1;1;1;1;0;0;0;0;0;0;0;0;0;0.0004;0.088;-0.0884;0;0;0;0;0;0;0;0;0;0;0;0;0;0;0;0;0;0;0;-4.4499;0;0;0;0;0.0004;0;0;0;0;0;0;0;-0.0004;-0.0884;0;0;0;0;0;0;0;0;0;-0.7452;0;0.7452;1;1;0;0;0;0
07/09/21 01:00;0;0;90;0;0;90;0;0;0;0;3.2899;2.82;0;0;0;0;0;0;0;0;0;0;0;0;0;1;1;1;1;0;0;0;0;0;0;0;0;0;0;0;0;0;0;0;0;0;0;0;0;0;0;0;0;0;0;0;0;0;0;0;0;0;0;0;1;1;1;1;1;1;1;1;1;1;1;1;1;1;1;1;1;1;1;0;0;0;0;0;0;0;0;0;0.0004;0.088;-0.0884;0;0;0;0;0;0;0;0;0;0;0;0;0;0;0;0;0;0;0;-3.2899;0;0;0;0;0.0004;0;0;0;0;0;0;0;-0.0004;-0.0884;0;0;0;0;0;0;0;0;0;-0.7452;0;0.7452;1;1;0;0;0;0
07/09/21 02:00;0;0;90;0;0;90;0;0;0;0;2.7201;2.7701;0;0;0;0;0;0;0;0;0;0;0;0;0;1;1;1;1;0;0;0;0;0;0;0;0;0;0;0;0;0;0;0;0;0;0;0;0;0;0;0;0;0;0;0;0;0;0;0;0;0;0;0;1;1;1;1;1;1;1;1;1;1;1;1;1;1;1;1;1;1;1;0;0;0;0;0;0;0;0;0;0.0004;0.088;-0.0884;0;0;0;0;0;0;0;0;0;0;0;0;0;0;0;0;0;0;0;-2.7201;0;0;0;0;0.0004;0;0;0;0;0;0;0;-0.0004;-0.0884;0;0;0;0;0;0;0;0;0;-0.7452;0;0.7452;1;1;0;0;0;0
07/09/21 03:00;0;0;90;0;0;90;0;0;0;0;1.9603;2.65;0;0;0;0;0;0;0;0;0;0;0;0;0;1;1;1;1;0;0;0;0;0;0;0;0;0;0;0;0;0;0;0;0;0;0;0;0;0;0;0;0;0;0;0;0;0;0;0;0;0;0;0;1;1;1;1;1;1;1;1;1;1;1;1;1;1;1;1;1;1;1;0;0;0;0;0;0;0;0;0;0.0004;0.088;-0.0884;0;0;0;0;0;0;0;0;0;0;0;0;0;0;0;0;0;0;0;-1.9603;0;0;0;0;0.0004;0;0;0;0;0;0;0;-0.0004;-0.0884;0;0;0;0;0;0;0;0;0;-0.7452;0;0.7452;1;1;0;0;0;0
07/09/21 04:00;0;0;90;0;0;90;0;0;0;0;2.4403;2.49;0;0;0;0;0;0;0;0;0;0;0;0;0;1;1;1;1;0;0;0;0;0;0;0;0;0;0;0;0;0;0;0;0;0;0;0;0;0;0;0;0;0;0;0;0;0;0;0;0;0;0;0;1;1;1;1;1;1;1;1;1;1;1;1;1;1;1;1;1;1;1;0;0;0;0;0;0;0;0;0;0.0004;0.088;-0.0884;0;0;0;0;0;0;0;0;0;0;0;0;0;0;0;0;0;0;0;-2.4403;0;0;0;0;0.0004;0;0;0;0;0;0;0;-0.0004;-0.0884;0;0;0;0;0;0;0;0;0;-0.7452;0;0.7452;1;1;0;0;0;0
07/09/21 05:00;0;0;90;0;0;90;0;0;0;0;2.4702;2.3199;0;0;0;0;0;0;0;0;0;0;0;0;0;1;1;1;1;0;0;0;0;0;0;0;0;0;0;0;0;0;0;0;0;0;0;0;0;0;0;0;0;0;0;0;0;0;0;0;0;0;0;0;1;1;1;1;1;1;1;1;1;1;1;1;1;1;1;1;1;1;1;0;0;0;0;0;0;0;0;0;0.0004;0.088;-0.0884;0;0;0;0;0;0;0;0;0;0;0;0;0;0;0;0;0;0;0;-2.4702;0;0;0;0;0.0004;0;0;0;0;0;0;0;-0.0004;-0.0884;0;0;0;0;0;0;0;0;0;-0.7452;0;0.7452;1;1;0;0;0;0
07/09/21 06:00;4.9222;-79.269;77.989;5.0094;7.2169;-90;-7.2169;44.695;27.1;17.595;2.3;2.66;0;42.673;22.889;9.9914;0;0.0336;75.587;0;75.587;42.673;9.9914;22.889;0.0336;0.5646;0.3033;0;0.0004;75.463;0.1242;0;0;0.0962;0.028;60.857;14.455;10.929;2.5588;0.9666;0.0013;75.312;0.1509;0.0853;0.02;0.0456;0;60.859;31.659;7.4126;21.781;0.0044;13.746;11.162;3.9535;0.0017;0.1525;2.1942;0.0021;2.345;0;1;0;0;1.6912;0.9984;1;1;0.9958;0.1686;0.8081;0.7434;1;0.9575;0.7761;0.998;0.998;1;0.998;0.998;0.8051;0.9516;0.1306;0.2151;0.1785;0.0011;0.0142;-0.0128;0.0012;0.0044;0.0004;0;0;0.088;0.0717;0;0;0;0;0;0;0;0;0;0;0;0;0.0035;0.0002;0.1664;0.1664;0;5.2675;5.2675;2.9674;0.0488;150.94;1102.3;1;0.0067;0.0067;0;0;0;0;0;0;0.1597;0.0717;0;14.546;16.843;6.2701;7.2607;95.996;95.996;1.8141;1.4031;0.6048;0.411;0.7983;0.2265;0.44;0.3334;13.64;0.3263;0
07/09/21 07:00;15.393;-71.125;49.926;16.223;26.432;-90;-26.432;248.4;41.003;207.4;6.4103;2.98;0;503;16.352;57.599;0;2.4668;579.42;0;579.42;503;57.599;16.352;2.4668;0.8681;0.0325;0;0.0043;576.71;2.7066;0;0;0.5908;2.1158;567.87;7.6881;6.3701;0.7294;0.5201;0.0684;575.56;1.1534;1.006;0.1152;0.0315;0.0007;567.94;495.63;56.754;15.209;0.282;11.661;9.4686;2.835;0.1598;0.1734;2.4943;0.0709;2.5079;0;1;0;0;2.3326;0.9953;1;1;0.9639;0.1423;0.9866;0.9873;1;0.9669;0.8049;0.998;0.998;1;0.998;0.998;0.9801;0.9301;0.1143;1.649;1.6299;0.0098;0.0035;0.0529;0.0109;0.0388;0.0005;0;0;0.088;1.364;0;0;0;0;0;0;0;0;0;0;0;0;0.0313;0.0065;1.4757;1.4757;0;34.266;34.266;27.856;0.0491;1403.7;1051.3;1;0.0237;0.0237;0;0;0;0;0;0;1.452;1.364;0;16.83;19.488;15.556;18.013;98.394;98.394;13.906;12.445;11.503;1.4613;0.942;0.1051;0.0677;0.8272;10.528;0.8245;0
07/09/21 08:00;26.583;-60.528;26.104;29.89;60;-90;-60;438.1;72.2;365.9;9.2202;5.39;0;734.26;21.327;87.821;0;20.81;864.21;0;864.21;734.26;87.821;21.327;20.81;0.8496;0.0488;0;0.0241;842.17;22.041;0;0;2.672;19.369;839;1.4918;0.6607;0.079;0.6587;0.0933;840.49;1.6843;1.4685;0.1756;0.0373;0.0029;841.94;732.13;87.566;17.959;1.3442;90.938;73.842;28.792;3.5708;1.069;15.377;2.9486;12.875;0;1;0;0;1.9726;0.9745;1;1;0.8747;0.0692;0.9982;0.9991;1;0.9646;0.9351;0.998;0.998;1;0.998;0.998;0.9708;0.8421;0.0646;2.4595;2.4397;0.0147;-0.002;0.2216;0.0154;0.0547;0.0026;0;0;0.088;1.9526;0;0;0;0;0;0;0;0;0;0;0;0;0.0441;0.0139;2.0746;2.0746;0;50.904;50.904;41.683;0.0497;2104.8;985.64;1;0.0339;0.0339;0;0;0;0;0;0;2.0406;1.9526;0;15.863;18.368;14.93;17.289;98.364;98.364;20.741;17.495;16.467;3.2461;1.0283;0.1565;0.0496;0.7939;18.572;0.7835;0
07/09/21 09:00;36.516;-47.419;32.943;45.158;44.842;-90;-44.842;604.5;99.6;504.9;10.75;6.34;0;712.07;31.575;88.356;0;16.708;848.71;0;848.71;712.07;88.356;31.575;16.708;0.839;0.0569;0;0.0197;830.71;18.007;0;0;2.5922;15.414;825.82;3.2249;1.9596;0.2431;0.9434;0.0788;829.04;1.6614;1.4241;0.1767;0.058;0.0026;830;708.69;87.936;27.981;1.2125;262.6;213.23;79.081;1.9091;2.8046;40.344;4.1813;41.239;0;1;0;0;1.404;0.9788;1;1;0.9179;0.0774;0.9961;0.9972;1;0.9674;0.939;0.998;0.998;1;0.998;0.998;0.973;0.8862;0.0726;2.4154;2.4555;0.0148;-0.002;0.2309;0.0155;0.0549;0.0069;0;0;0.088;1.9543;0;0;0;0;0;0;0;0;0;0;0;0;0.0442;0.0141;2.0762;2.0762;0;51.81;51.81;41.06;0.0497;2116.5;980.95;1;0.0339;0.0339;0;0;0;0;0;0;2.0423;1.9543;0;16.165;18.719;15.216;17.62;98.369;98.369;20.369;17.509;16.481;2.8602;1.0278;0.1404;0.0505;0.8091;23.466;0.7813;0
07/09/21 10:00;44.269;-30.614;38.044;62.417;27.583;-90;-27.583;756.11;124.8;631.31;12.07;6.65;0;712.27;38.788;94.402;0;8.1643;853.62;0;853.62;712.27;94.402;38.788;8.1643;0.8344;0.055;0;0.0096;845.08;8.541;0;0;1.5005;7.0405;837.33;6.0576;4.0806;0.5408;1.224;0.2122;843.39;1.6902;1.4245;0.1888;0.0746;0.0022;839.43;706.76;93.672;35.989;0.9094;409.16;332.24;126.44;0.4405;3.996;57.48;2.1027;61.036;0;1;0;0;1.129;0.99;1;1;0.9613;0.1377;0.9928;0.9943;1;0.9671;0.8108;0.998;0.998;1;0.998;0.998;0.9809;0.9278;0.1114;2.4293;2.5168;0.0152;-0.0019;0.2542;0.0157;0.0558;0.0098;0;0;0.088;1.986;0;0;0;0;0;0;0;0;0;0;0;0;0.045;0.0147;2.1084;2.1084;0;53.769;53.769;41.699;0.0498;2168.3;972.37;1;0.0344;0.0344;0;0;0;0;0;0;2.074;1.986;0;16.321;18.9;15.374;17.803;98.37;98.37;20.487;17.78;16.748;2.7067;1.032;0.1321;0.0504;0.8175;25.157;0.7783;0
07/09/21 11:00;48.541;-9.8006;40.725;81.448;8.5521;-90;-8.5521;726.61;152.9;573.71;13.48;6.9201;0;580.16;65.762;87.748;0;0.7675;734.44;0;734.44;580.16;87.748;65.762;0.7675;0.7899;0.0906;0;0.001;733.43;1.0031;0;0;0.3654;0.6377;724.34;7.6248;4.2316;0.64;2.7241;0.0291;731.97;1.4669;1.1603;0.1755;0.1308;0.0003;724.47;574.77;86.932;62.542;0.1005;425.73;345.69;127.51;0.0104;4.3919;63.176;0.1331;67.557;0;1;0;0;1.0108;0.9986;1;1;0.9944;0.1692;0.9896;0.9927;1;0.9583;0.7757;0.998;0.998;1;0.998;0.998;0.9863;0.951;0.131;2.0901;2.1993;0.0132;-0.0015;0.1887;0.014;0.0496;0.0109;0;0;0.088;1.7548;0;0;0;0;0;0;0;0;0;0;0;0;0.04;0.0114;1.873;1.873;0;49.431;49.431;35.95;0.0496;1892.3;989.82;1;0.0302;0.0302;0;0;0;0;0;0;1.8428;1.7548;0;16.852;19.514;15.789;18.283;98.388;98.388;17.626;15.795;14.799;1.8311;0.9967;0.1039;0.0565;0.8396;39.29;0.7888;0
07/09/21 12:00;48.223;12.742;40.529;78.853;11.147;90;11.147;558.59;306.9;251.69;13.61;7.0199;0;256.53;227.94;78.263;0;1.0011;563.74;0;563.74;256.53;78.263;227.94;1.0011;0.4551;0.4061;0;0.0018;560.93;2.8106;0;0;1.9776;0.833;548.31;11.499;1.8418;0.5619;9.0574;0.0378;559.81;1.1219;0.5131;0.1565;0.4519;0.0003;548.5;254.18;77.544;216.46;0.13;328.15;266.46;96.719;0.1001;3.4931;50.247;0.195;53.64;0;1;0;0;1.0092;0.995;1;1;0.9913;0.1679;0.9795;0.9928;1;0.9598;0.7748;0.998;0.998;1;0.998;0.998;0.9726;0.9496;0.1298;1.6044;1.6699;0.0101;0.003;0.0919;0.011;0.0389;0.0089;0;0;0.088;1.3571;0;0;0;0;0;0;0;0;0;0;0;0;0.0313;0.0068;1.4682;1.4682;0;40.651;40.651;27.041;0.0493;1434.9;1023.2;1;0.0231;0.0231;0;0;0;0;0;0;1.4451;1.3571;0;17.209;19.928;15.907;18.42;98.429;98.429;13.53;12.381;11.445;1.1485;0.9366;0.0849;0.0692;0.8459;137.04;0.793;0
07/09/21 13:00;43.41;33.086;37.492;60.012;29.988;90;29.988;771.5;127.3;644.2;14.87;6.95;0;743.77;36.237;102.13;0;9.8115;891.95;0;891.95;743.77;102.13;36.237;9.8115;0.8339;0.0516;0;0.011;881.74;10.206;0;0;1.6068;8.5994;874.07;5.9157;4.0217;0.5523;1.1264;0.2153;879.98;1.7635;1.4875;0.2043;0.0693;0.0024;876.69;738.26;101.38;33.435;0.9944;409.47;332.49;125.91;0.5504;4.0469;58.212;2.6264;61.709;0;1;0;0;1.1561;0.9886;1;1;0.9557;0.1235;0.9933;0.9946;1;0.9674;0.822;0.998;0.998;1;0.998;0.998;0.9799;0.9227;0.1014;2.5384;2.6249;0.0158;-0.0016;0.3099;0.0161;0.0571;0.0097;0;0;0.088;2.0328;0;0;0;0;0;0;0;0;0;0;0;0;0.046;0.0159;2.1559;2.1559;0;58.569;58.569;43.699;0.05;2261.5;953.31;1;0.0351;0.0351;0;0;0;0;0;0;2.1208;2.0328;0;15.972;18.495;15.06;17.439;98.37;98.37;21.407;18.181;17.142;3.2259;1.0384;0.1507;0.0485;0.8008;23.882;0.7635;0
07/09/21 14:00;35.3;49.346;32.121;43.023;46.977;90;46.977;658.8;108.7;550.1;15.01;6.72;0;806.26;26.906;112.43;0;19.884;965.49;0;965.49;806.26;112.43;26.906;19.884;0.8351;0.0485;0;0.0206;944.61;20.876;0;0;2.3716;18.504;939.76;2.9632;1.8318;0.2554;0.8032;0.0727;942.72;1.8892;1.6125;0.2249;0.0491;0.0028;944.38;802.82;111.95;23.682;1.3044;270.27;219.46;81.457;1.911;2.8789;41.412;4.6205;42.38;0;1;0;0;1.4655;0.9784;1;1;0.9119;0.0694;0.9969;0.9977;1;0.9672;0.9472;0.998;0.998;1;0.998;0.998;0.9734;0.8802;0.0656;2.7477;2.7849;0.0168;-0.0007;0.364;0.0168;0.0597;0.0068;0;0;0.088;2.1303;0;0;0;0;0;0;0;0;0;0;0;0;0.0481;0.0179;2.2556;2.2556;0;62.13;62.13;47.12;0.0501;2399.5;940.01;1;0.0373;0.0373;0;0;0;0;0;0;2.2183;2.1303;0;15.438;17.876;14.58;16.884;98.348;98.348;23.172;19.021;17.965;4.1502;1.0564;0.1791;0.0456;0.7753;20.397;0.7512;0
07/09/21 15:00;25.156;62.051;25.176;27.997;60;90;60;199.1;185.8;13.294;14.63;6.03;0;28.303;136.12;9.1708;0;9.4571;183.05;0;183.05;28.303;9.1708;136.12;9.4571;0.1546;0.7953;0;0.0517;157.09;25.96;0;0;17.113;8.8472;152.5;4.2765;0.0246;0.008;4.2024;0.0415;156.78;0.3142;0.0566;0.0183;0.238;0.0012;156.25;28.222;9.1445;114.57;0.5672;120.73;98.032;41.648;22.759;2.3679;34.061;3.7451;13.67;0;1;0;0;0.9194;0.8582;1;1;0.8743;0.0645;0.9727;0.9991;1;0.9646;0.9318;0.998;0.998;1;0.998;0.998;0.8331;0.8417;0.06;0.521;0.5153;0.0031;0.0171;-0.0054;0.0035;0.0124;0.0063;0;0;0.088;0.3703;0;0;0;0;0;0;0;0;0;0;0;0;0.01;0.0008;0.4673;0.4673;0;22.101;22.101;7.4712;0.049;438.5;1065.8;1;0.0091;0.0091;0;0;0;0;0;0;0.4583;0.3703;0;16.87;19.535;13.366;15.478;98.061;98.061;4.3932;3.9411;3.1225;0.4522;0.8185;0.1029;0.1863;0.7108;118.5;0.6238;0
07/09/21 16:00;13.848;72.403;54.515;14.5;22.89;90;22.89;92.203;89.901;2.3022;13.77;3.8101;0;5.5834;85.746;1.5547;0;0.6898;93.573;0;93.573;5.5834;1.5547;85.746;0.6898;0.0597;0.9237;0;0.0074;90.521;3.0521;0;0;2.4673;0.5848;87.371;2.9695;0.1103;0.0307;2.8063;0.0222;90.34;0.181;0.0112;0.0031;0.1666;0.0002;87.552;5.4619;1.5208;80.305;0.0826;54.091;43.922;15.957;0.5008;0.6063;8.722;0.1811;8.8276;0;1;0;0;1.0149;0.9674;1;1;0.9712;0.1522;0.9671;0.9802;1;0.9662;0.7878;0.998;0.998;1;0.998;0.998;0.9337;0.9366;0.1197;0.2663;0.268;0.0016;0.0161;-0.0068;0.0018;0.0064;0.0016;0;0;0.088;0.147;0;0;0;0;0;0;0;0;0;0;0;0;0.0051;0.0003;0.2418;0.2418;0;18.059;18.059;4.2892;0.0491;227.82;1061.5;1;0.0068;0.0068;0;0;0;0;0;0;0.235;0.147;0;17.077;19.775;10.384;12.025;97.199;97.199;2.2458;2.0393;1.2401;0.2064;0.7992;0.0919;0.3559;0.5522;54.077;0.5162;0
07/09/21 17:00;4.1264;79.85;79.949;4.1918;6.0194;90;6.0194;3.9069;3.8979;0.009;12.33;3.0901;0;0.0219;3.8868;0.0009;0;0.002;3.9116;3.9116;0;0.0219;0;0;0;1;1;1;1;0;0;0;0;0;0;0;0;0;0;0;0;0;0;0;0;0;0;0;0;0;0;0;0;0;0;0;0;0;0;0;0;0;0;0;0;1;1;1;1;1;1;1;1;1;1;1;0;1;0;0;1;0;0;0;0;0;0;0;0;0;0;0;0.0004;0.088;-0.0884;0;0;0;0;0;0;0;0;0;0;0;0;0;0;0;0;0;0;0;-12.33;0;0;0;0;0.0004;0;0;0;0;0;0;0;-0.0004;-0.0884;0;0;0;0;0;0;0;0;0;-0.7452;0;0.7452;1;1;0;0;0;0
07/09/21 18:00;0;0;90;0;0;90;0;0;0;0;11.1;2.9599;0;0;0;0;0;0;0;0;0;0;0;0;0;1;1;1;1;0;0;0;0;0;0;0;0;0;0;0;0;0;0;0;0;0;0;0;0;0;0;0;0;0;0;0;0;0;0;0;0;0;0;0;1;1;1;1;1;1;1;1;1;1;1;1;1;1;1;1;1;1;1;0;0;0;0;0;0;0;0;0;0.0004;0.088;-0.0884;0;0;0;0;0;0;0;0;0;0;0;0;0;0;0;0;0;0;0;-11.1;0;0;0;0;0.0004;0;0;0;0;0;0;0;-0.0004;-0.0884;0;0;0;0;0;0;0;0;0;-0.7452;0;0.7452;1;1;0;0;0;0
07/09/21 19:00;0;0;90;0;0;90;0;0;0;0;11.1;2.92;0;0;0;0;0;0;0;0;0;0;0;0;0;1;1;1;1;0;0;0;0;0;0;0;0;0;0;0;0;0;0;0;0;0;0;0;0;0;0;0;0;0;0;0;0;0;0;0;0;0;0;0;1;1;1;1;1;1;1;1;1;1;1;1;1;1;1;1;1;1;1;0;0;0;0;0;0;0;0;0;0.0004;0.088;-0.0884;0;0;0;0;0;0;0;0;0;0;0;0;0;0;0;0;0;0;0;-11.1;0;0;0;0;0.0004;0;0;0;0;0;0;0;-0.0004;-0.0884;0;0;0;0;0;0;0;0;0;-0.7452;0;0.7452;1;1;0;0;0;0
07/09/21 20:00;0;0;90;0;0;90;0;0;0;0;9.4502;2.97;0;0;0;0;0;0;0;0;0;0;0;0;0;1;1;1;1;0;0;0;0;0;0;0;0;0;0;0;0;0;0;0;0;0;0;0;0;0;0;0;0;0;0;0;0;0;0;0;0;0;0;0;1;1;1;1;1;1;1;1;1;1;1;1;1;1;1;1;1;1;1;0;0;0;0;0;0;0;0;0;0.0004;0.088;-0.0884;0;0;0;0;0;0;0;0;0;0;0;0;0;0;0;0;0;0;0;-9.4502;0;0;0;0;0.0004;0;0;0;0;0;0;0;-0.0004;-0.0884;0;0;0;0;0;0;0;0;0;-0.7452;0;0.7452;1;1;0;0;0;0
07/09/21 21:00;0;0;90;0;0;90;0;0;0;0;7.8501;3.0101;0;0;0;0;0;0;0;0;0;0;0;0;0;1;1;1;1;0;0;0;0;0;0;0;0;0;0;0;0;0;0;0;0;0;0;0;0;0;0;0;0;0;0;0;0;0;0;0;0;0;0;0;1;1;1;1;1;1;1;1;1;1;1;1;1;1;1;1;1;1;1;0;0;0;0;0;0;0;0;0;0.0004;0.088;-0.0884;0;0;0;0;0;0;0;0;0;0;0;0;0;0;0;0;0;0;0;-7.8501;0;0;0;0;0.0004;0;0;0;0;0;0;0;-0.0004;-0.0884;0;0;0;0;0;0;0;0;0;-0.7452;0;0.7452;1;1;0;0;0;0
07/09/21 22:00;0;0;90;0;0;90;0;0;0;0;6.7699;2.9499;0;0;0;0;0;0;0;0;0;0;0;0;0;1;1;1;1;0;0;0;0;0;0;0;0;0;0;0;0;0;0;0;0;0;0;0;0;0;0;0;0;0;0;0;0;0;0;0;0;0;0;0;1;1;1;1;1;1;1;1;1;1;1;1;1;1;1;1;1;1;1;0;0;0;0;0;0;0;0;0;0.0004;0.088;-0.0884;0;0;0;0;0;0;0;0;0;0;0;0;0;0;0;0;0;0;0;-6.7699;0;0;0;0;0.0004;0;0;0;0;0;0;0;-0.0004;-0.0884;0;0;0;0;0;0;0;0;0;-0.7452;0;0.7452;1;1;0;0;0;0
07/09/21 23:00;0;0;90;0;0;90;0;0;0;0;5.1399;2.82;0;0;0;0;0;0;0;0;0;0;0;0;0;1;1;1;1;0;0;0;0;0;0;0;0;0;0;0;0;0;0;0;0;0;0;0;0;0;0;0;0;0;0;0;0;0;0;0;0;0;0;0;1;1;1;1;1;1;1;1;1;1;1;1;1;1;1;1;1;1;1;0;0;0;0;0;0;0;0;0;0.0004;0.088;-0.0884;0;0;0;0;0;0;0;0;0;0;0;0;0;0;0;0;0;0;0;-5.1399;0;0;0;0;0.0004;0;0;0;0;0;0;0;-0.0004;-0.0884;0;0;0;0;0;0;0;0;0;-0.7452;0;0.7452;1;1;0;0;0;0
08/09/21 00:00;0;0;90;0;0;90;0;0;0;0;3.5498;2.5599;0;0;0;0;0;0;0;0;0;0;0;0;0;1;1;1;1;0;0;0;0;0;0;0;0;0;0;0;0;0;0;0;0;0;0;0;0;0;0;0;0;0;0;0;0;0;0;0;0;0;0;0;1;1;1;1;1;1;1;1;1;1;1;1;1;1;1;1;1;1;1;0;0;0;0;0;0;0;0;0;0.0004;0.088;-0.0884;0;0;0;0;0;0;0;0;0;0;0;0;0;0;0;0;0;0;0;-3.5498;0;0;0;0;0.0004;0;0;0;0;0;0;0;-0.0004;-0.0884;0;0;0;0;0;0;0;0;0;-0.7452;0;0.7452;1;1;0;0;0;0
08/09/21 01:00;0;0;90;0;0;90;0;0;0;0;2.99;2.1;0;0;0;0;0;0;0;0;0;0;0;0;0;1;1;1;1;0;0;0;0;0;0;0;0;0;0;0;0;0;0;0;0;0;0;0;0;0;0;0;0;0;0;0;0;0;0;0;0;0;0;0;1;1;1;1;1;1;1;1;1;1;1;1;1;1;1;1;1;1;1;0;0;0;0;0;0;0;0;0;0.0004;0.088;-0.0884;0;0;0;0;0;0;0;0;0;0;0;0;0;0;0;0;0;0;0;-2.99;0;0;0;0;0.0004;0;0;0;0;0;0;0;-0.0004;-0.0884;0;0;0;0;0;0;0;0;0;-0.7452;0;0.7452;1;1;0;0;0;0
08/09/21 02:00;0;0;90;0;0;90;0;0;0;0;3.5099;2.1501;0;0;0;0;0;0;0;0;0;0;0;0;0;1;1;1;1;0;0;0;0;0;0;0;0;0;0;0;0;0;0;0;0;0;0;0;0;0;0;0;0;0;0;0;0;0;0;0;0;0;0;0;1;1;1;1;1;1;1;1;1;1;1;1;1;1;1;1;1;1;1;0;0;0;0;0;0;0;0;0;0.0004;0.088;-0.0884;0;0;0;0;0;0;0;0;0;0;0;0;0;0;0;0;0;0;0;-3.5099;0;0;0;0;0.0004;0;0;0;0;0;0;0;-0.0004;-0.0884;0;0;0;0;0;0;0;0;0;-0.7452;0;0.7452;1;1;0;0;0;0
08/09/21 03:00;0;0;90;0;0;90;0;0;0;0;4.3402;1.63;0;0;0;0;0;0;0;0;0;0;0;0;0;1;1;1;1;0;0;0;0;0;0;0;0;0;0;0;0;0;0;0;0;0;0;0;0;0;0;0;0;0;0;0;0;0;0;0;0;0;0;0;1;1;1;1;1;1;1;1;1;1;1;1;1;1;1;1;1;1;1;0;0;0;0;0;0;0;0;0;0.0004;0.088;-0.0884;0;0;0;0;0;0;0;0;0;0;0;0;0;0;0;0;0;0;0;-4.3402;0;0;0;0;0.0004;0;0;0;0;0;0;0;-0.0004;-0.0884;0;0;0;0;0;0;0;0;0;-0.7452;0;0.7452;1;1;0;0;0;0
08/09/21 04:00;0;0;90;0;0;90;0;0;0;0;3.72;1.23;0;0;0;0;0;0;0;0;0;0;0;0;0;1;1;1;1;0;0;0;0;0;0;0;0;0;0;0;0;0;0;0;0;0;0;0;0;0;0;0;0;0;0;0;0;0;0;0;0;0;0;0;1;1;1;1;1;1;1;1;1;1;1;1;1;1;1;1;1;1;1;0;0;0;0;0;0;0;0;0;0.0004;0.088;-0.0884;0;0;0;0;0;0;0;0;0;0;0;0;0;0;0;0;0;0;0;-3.72;0;0;0;0;0.0004;0;0;0;0;0;0;0;-0.0004;-0.0884;0;0;0;0;0;0;0;0;0;-0.7452;0;0.7452;1;1;0;0;0;0
08/09/21 05:00;0;0;90;0;0;90;0;0;0;0;2.31;1.14;0;0;0;0;0;0;0;0;0;0;0;0;0;1;1;1;1;0;0;0;0;0;0;0;0;0;0;0;0;0;0;0;0;0;0;0;0;0;0;0;0;0;0;0;0;0;0;0;0;0;0;0;1;1;1;1;1;1;1;1;1;1;1;1;1;1;1;1;1;1;1;0;0;0;0;0;0;0;0;0;0.0004;0.088;-0.0884;0;0;0;0;0;0;0;0;0;0;0;0;0;0;0;0;0;0;0;-2.31;0;0;0;0;0.0004;0;0;0;0;0;0;0;-0.0004;-0.0884;0;0;0;0;0;0;0;0;0;-0.7452;0;0.7452;1;1;0;0;0;0
08/09/21 06:00;5.0126;-79.67;77.766;5.0948;7.3426;-90;-7.3426;52.294;23.003;29.292;1.8998;1.25;0;71.04;17.218;13.857;0;0.0407;102.16;0;102.16;71.04;13.857;17.218;0.0407;0.6954;0.1689;0;0.0004;102.05;0.1083;0;0;0.0745;0.0339;79.903;21.941;17.751;3.4624;0.7258;0.0015;101.84;0.2041;0.1421;0.0277;0.0343;0;79.905;53.147;10.367;16.384;0.0053;10.434;8.4726;3.0168;0.0014;0.1148;1.6508;0.0017;1.7641;0;1;0;0;1.9535;0.9989;1;1;0.9957;0.1686;0.7846;0.7496;1;0.9576;0.776;0.998;0.998;1;0.998;0.998;0.7822;0.9515;0.1306;0.2907;0.2319;0.0014;0.0155;-0.0162;0.0016;0.0057;0.0003;0;0;0.088;0.1236;0;0;0;0;0;0;0;0;0;0;0;0;0.0046;0.0002;0.2187;0.2187;0;5.7858;5.7858;3.886;0.0486;196.83;1111;1;0.0071;0.0071;0;0;0;0;0;0;0.2116;0.1236;0;14.145;16.38;7.9926;9.2552;96.746;96.746;2.4517;1.8441;1.042;0.6076;0.8021;0.2478;0.3272;0.425;10.263;0.4199;0
08/09/21 07:00;15.697;-71.372;48.993;16.518;27.077;-90;-27.077;218.71;51.4;167.31;5.4902;0.9501;0;405.77;26.322;57.118;0;2.2774;491.49;0;491.49;405.77;57.118;26.322;2.2774;0.8256;0.0582;0;0.0046;488.54;2.9477;0;0;0.9885;1.9592;481.06;6.5045;4.9179;0.6923;0.8335;0.0609;487.57;0.9771;0.8115;0.1142;0.0507;0.0006;481.15;400.04;56.312;24.449;0.2566;17.952;14.577;5.5234;0.2795;0.1938;2.7877;0.0855;2.7021;0;1;0;0;2.2472;0.994;1;1;0.9624;0.1397;0.9867;0.9879;1;0.967;0.8082;0.998;0.998;1;0.998;0.998;0.9788;0.9289;0.1127;1.3987;1.3822;0.0083;0.0067;0.0194;0.0094;0.0335;0.0005;0;0;0.088;1.1639;0;0;0;0;0;0;0;0;0;0;0;0;0.027;0.0048;1.2725;1.2725;0;29.002;29.002;23.512;0.0489;1188.8;1070.5;1;0.0206;0.0206;0;0;0;0;0;0;1.2519;1.1639;0;17.109;19.812;15.648;18.121;98.379;98.379;11.796;10.731;9.8154;1.0644;0.916;0.0902;0.0777;0.8321;17.017;0.8286;0
08/09/21 08:00;26.908;-60.761;25.821;30.182;59.818;-90;-59.818;425.31;76.298;349.01;9.8099;0.4701;0;694.2;24.571;86.716;0;20.091;825.58;0;825.58;694.2;86.716;24.571;20.091;0.8409;0.0541;0;0.0243;803.81;21.767;0;0;3.0648;18.702;800.66;1.5418;0.6179;0.0772;0.7582;0.0884;802.2;1.6076;1.3884;0.1734;0.043;0.0028;803.79;692.19;86.465;20.705;1.2973;93.546;75.959;28.978;4.0683;1.167;16.786;3.1307;13.885;0;1;0;0;1.9411;0.9736;1;1;0.8753;0.0691;0.9981;0.9991;1;0.9647;0.9362;0.998;0.998;1;0.998;0.998;0.9698;0.8427;0.0646;2.3495;2.3333;0.0141;-0.0019;0.2008;0.0148;0.0526;0.0029;0;0;0.088;1.8743;0;0;0;0;0;0;0;0;0;0;0;0;0.0424;0.0128;1.9948;1.9948;0;49.546;49.546;39.736;0.0496;2012.4;991.27;1;0.0325;0.0325;0;0;0;0;0;0;1.9623;1.8743;0;15.966;18.489;15.002;17.372;98.369;98.369;19.814;16.822;15.806;2.9915;1.0165;0.151;0.0513;0.7977;21.351;0.7858;0
08/09/21 09:00;36.867;-47.617;32.635;45.434;44.566;-90;-44.566;597.8;100.9;496.9;11.99;1.8;0;697.46;33.377;86.905;0;16.331;834.07;0;834.07;697.46;86.905;33.377;16.331;0.8362;0.0596;0;0.0196;816.3;17.774;0;0;2.7156;15.058;811.57;3.0942;1.7939;0.2235;0.9974;0.0793;814.67;1.6326;1.3949;0.1738;0.0613;0.0025;815.68;694.27;86.508;29.602;1.1905;261.73;212.53;78.935;1.9753;2.7927;40.172;4.1029;40.989;0;1;0;0;1.3952;0.9787;1;1;0.9186;0.0779;0.9962;0.9974;1;0.9674;0.9375;0.998;0.998;1;0.998;0.998;0.973;0.8869;0.0729;2.3737;2.4142;0.0145;-0.002;0.2319;0.0152;0.0539;0.0069;0;0;0.088;1.9158;0;0;0;0;0;0;0;0;0;0;0;0;0.0434;0.0136;2.0368;2.0368;0;52.361;52.361;40.37;0.0497;2081;978.77;1;0.0331;0.0331;0;0;0;0;0;0;2.0038;1.9158;0;16.137;18.686;15.178;17.575;98.376;98.376;20.018;17.177;16.156;2.8409;1.0211;0.1419;0.051;0.8071;24.743;0.779;0
08/09/21 10:00;44.647;-30.725;37.705;62.649;27.351;-90;-27.351;715.01;120.8;594.21;13.35;2.3199;0;668.99;42.596;85.206;0;7.5933;804.39;0;804.39;668.99;85.206;42.596;7.5933;0.8317;0.0624;0;0.0094;796.22;8.1664;0;0;1.6256;6.5408;788.91;5.7178;3.7003;0.4713;1.3463;0.2;794.63;1.5924;1.338;0.1704;0.0819;0.0021;790.86;663.95;84.565;39.542;0.8503;388.02;315.07;119.83;0.4694;3.7983;54.637;1.9536;57.966;0;1;0;0;1.125;0.9898;1;1;0.9618;0.1386;0.9928;0.9945;1;0.9671;0.8096;0.998;0.998;1;0.998;0.998;0.9808;0.9283;0.112;2.2892;2.3722;0.0143;-0.002;0.23;0.0149;0.0529;0.0093;0;0;0.088;1.8767;0;0;0;0;0;0;0;0;0;0;0;0;0.0426;0.0132;1.997;1.997;0;52.602;52.602;39.252;0.0498;2043.6;977.22;1;0.0323;0.0323;0;0;0;0;0;0;1.9647;1.8767;0;16.405;18.997;15.417;17.852;98.383;98.383;19.305;16.841;15.826;2.4644;1.0145;0.1277;0.0525;0.8198;27.585;0.7801;0
08/09/21 11:00;48.925;-9.75;40.358;81.604;8.3964;-90;-8.3964;800.2;131.7;668.49;14.86;2.59;0;675.74;44.927;87.47;0;0.8148;808.95;0;808.95;675.74;87.47;44.927;0.8148;0.8353;0.0565;0;0.001;808.03;0.9192;0;0;0.2421;0.677;799.11;7.2995;4.784;0.6193;1.8654;0.0308;806.41;1.6161;1.3515;0.1749;0.0894;0.0003;799.25;669.6;86.676;42.73;0.1067;468.71;380.6;143.18;0.0067;4.6534;66.937;0.1356;71.584;0;1;0;0;1.0109;0.9989;1;1;0.9946;0.1691;0.9909;0.9929;1;0.9582;0.7758;0.998;0.998;1;0.998;0.998;0.9878;0.9511;0.1309;2.3022;2.4208;0.0146;-0.002;0.2527;0.0151;0.0535;0.0113;0;0;0.088;1.8983;0;0;0;0;0;0;0;0;0;0;0;0;0.0431;0.0137;2.0188;2.0188;0;54.687;54.687;39.827;0.0498;2084.9;968.32;1;0.0325;0.0325;0;0;0;0;0;0;1.9863;1.8983;0;16.491;19.096;15.507;17.956;98.389;98.389;19.415;17.025;16.009;2.3896;1.0164;0.1231;0.0524;0.8246;26.833;0.7765;0
08/09/21 12:00;48.576;12.974;40.146;78.795;11.205;90;11.205;794.49;132.4;662.09;15.84;2.76;0;674.96;45.344;88.303;0;1.4386;810.04;0;810.04;674.96;88.303;45.344;1.4386;0.8332;0.0578;0;0.0018;808.45;1.5939;0;0;0.3968;1.1971;799.67;7.1635;4.695;0.6142;1.8;0.0543;806.83;1.6169;1.3499;0.1766;0.0899;0.0005;799.96;668.91;87.512;43.058;0.1868;462.81;375.8;138.49;0.0206;4.7834;68.807;0.2906;73.57;0;1;0;0;1.0196;0.998;1;1;0.9912;0.1679;0.9911;0.993;1;0.9599;0.7747;0.998;0.998;1;0.998;0.998;0.9872;0.9496;0.1298;2.3053;2.4266;0.0146;-0.002;0.2623;0.0151;0.0534;0.0116;0;0;0.088;1.8944;0;0;0;0;0;0;0;0;0;0;0;0;0.043;0.0137;2.0148;2.0148;0;55.729;55.729;39.889;0.0499;2089.9;964.07;1;0.0324;0.0324;0;0;0;0;0;0;1.9824;1.8944;0;16.436;19.032;15.454;17.895;98.394;98.394;19.441;16.991;15.976;2.45;1.0151;0.126;0.0522;0.8218;27.266;0.7726;0
08/09/21 13:00;43.707;33.427;37.108;60.044;29.956;90;29.956;723.19;128.9;594.29;16.42;2.91;0;685.92;43.635;94.809;0;9.1779;833.54;0;833.54;685.92;94.809;43.635;9.1779;0.8229;0.0634;0;0.011;823.57;9.9742;0;0;1.9315;8.0428;816.31;5.6046;3.5549;0.4914;1.3566;0.2018;821.92;1.6471;1.3718;0.1896;0.0834;0.0023;818.78;680.99;94.128;40.263;0.931;384.85;312.5;118.3;0.6596;3.8152;54.88;2.4618;58.036;0;1;0;0;1.1526;0.988;1;1;0.9557;0.1237;0.9932;0.9948;1;0.9674;0.8218;0.998;0.998;1;0.998;0.998;0.9793;0.9227;0.1014;2.3722;2.4525;0.0148;-0.002;0.2779;0.0151;0.0537;0.0092;0;0;0.088;1.9061;0;0;0;0;0;0;0;0;0;0;0;0;0.0432;0.014;2.0266;2.0266;0;57.187;57.187;40.767;0.0499;2113.6;958.83;1;0.0325;0.0325;0;0;0;0;0;0;1.9941;1.9061;0;16.066;18.604;15.111;17.498;98.397;98.397;20.005;17.09;16.074;2.9145;1.0161;0.1457;0.0508;0.8035;28.751;0.7658;0
08/09/21 14:00;35.539;49.718;31.744;43.117;46.883;90;46.883;587.5;130.6;456.91;16.8;3.1001;0;668.48;45.904;111.29;0;17.665;843.34;0;843.34;668.48;111.29;45.904;17.665;0.7927;0.0754;0;0.0209;822.87;20.471;0;0;4.0343;16.437;818.19;3.0354;1.3716;0.2283;1.3703;0.0652;821.22;1.6457;1.337;0.2226;0.0837;0.0025;822.55;665.78;110.83;40.416;1.1606;247.79;201.21;74.266;3.2337;2.7629;39.743;4.3613;39.272;0;1;0;0;1.4355;0.9757;1;1;0.9121;0.0695;0.9963;0.9979;1;0.9672;0.9468;0.998;0.998;1;0.998;0.998;0.9702;0.8804;0.0657;2.4001;2.433;0.0147;-0.002;0.2801;0.015;0.0531;0.0066;0;0;0.088;1.8888;0;0;0;0;0;0;0;0;0;0;0;0;0.0428;0.0138;2.0089;2.0089;0;57.677;57.677;40.877;0.05;2098.2;957.46;1;0.0321;0.0321;0;0;0;0;0;0;1.9768;1.8888;0;15.741;18.227;14.8;17.137;98.401;98.401;20.24;16.941;15.928;3.2988;1.013;0.163;0.05;0.787;34.768;0.7601;0
08/09/21 15:00;25.351;62.419;24.801;28.126;60;90;60;403.41;139.3;264.11;17.03;2.7099;0;559.95;56.726;134.98;0;19.162;770.81;0;770.81;559.95;134.98;56.726;19.162;0.7264;0.0985;0;0.0249;745.76;25.058;0;0;7.1315;17.926;741.83;2.4295;0.4787;0.1154;1.7513;0.0841;744.26;1.4915;1.1199;0.27;0.0992;0.0025;744.96;558.35;134.59;47.744;1.1492;92.028;74.727;30.137;9.4883;1.3987;20.12;3.1224;12.03;0;1;0;0;1.9107;0.9675;1;1;0.8743;0.0645;0.9967;0.9991;1;0.9646;0.9318;0.998;0.998;1;0.998;0.998;0.9624;0.8417;0.06;2.1937;2.1717;0.0131;-0.0014;0.2218;0.0136;0.0481;0.0034;0;0;0.088;1.7062;0;0;0;0;0;0;0;0;0;0;0;0;0.0388;0.0112;1.8231;1.8231;0;53.985;53.985;36.955;0.0498;1873.7;973.03;1;0.0289;0.0289;0;0;0;0;0;0;1.7942;1.7062;0;15.629;18.098;14.627;16.937;98.414;98.414;18.5;15.375;14.389;3.125;0.986;0.1689;0.0533;0.7778;49.384;0.7629;0
08/09/21 16:00;14.013;72.762;54.036;14.645;23.174;90;23.174;190.7;126.5;64.197;16.1;1.88;0;155.69;97.551;60.264;0;1.4618;314.97;0;314.97;155.69;60.264;97.551;1.4618;0.4943;0.3144;0;0.0046;310.87;4.1039;0;0;2.8631;1.2408;302.97;7.2775;2.9172;1.1292;3.1845;0.0466;310.25;0.6217;0.3114;0.1205;0.1894;0.0004;303.18;152.47;59.015;91.314;0.174;62.055;50.388;18.392;0.5957;0.6914;9.9456;0.2127;10.041;0;1;0;0;1.6517;0.987;1;1;0.9706;0.1512;0.9765;0.9812;1;0.9663;0.7888;0.998;0.998;1;0.998;0.998;0.9619;0.9361;0.119;0.8964;0.8873;0.0053;0.0137;0.0189;0.0059;0.0211;0.0018;0;0;0.088;0.7001;0;0;0;0;0;0;0;0;0;0;0;0;0.017;0.0022;0.8014;0.8014;0;30.971;30.971;14.871;0.0491;761.39;1052.6;1;0.0133;0.0133;0;0;0;0;0;0;0.7881;0.7001;0;16.813;19.47;14.689;17.009;98.343;98.343;7.5593;6.7585;5.9044;0.8008;0.8541;0.1059;0.113;0.7811;61.618;0.763;0
08/09/21 17:00;4.0754;80.353;80.075;4.1337;5.9347;90;5.9347;6.8957;6.8957;0;13.65;1.6099;0;0;6.8772;0;0;0.0035;6.8807;6.8807;0;0;0;0;0;1;1;1;1;0;0;0;0;0;0;0;0;0;0;0;0;0;0;0;0;0;0;0;0;0;0;0;0;0;0;0;0;0;0;0;0;0;0;0;0;1;1;1;1;1;1;1;1;1;1;1;1;1;0;0;1;0;0;0;0;0;0;0;0;0;0;0;0.0004;0.088;-0.0884;0;0;0;0;0;0;0;0;0;0;0;0;0;0;0;0;0;0;0;-13.65;0;0;0;0;0.0004;0;0;0;0;0;0;0;-0.0004;-0.0884;0;0;0;0;0;0;0;0;0;-0.7452;0;0.7452;1;1;0;0;0;0
08/09/21 18:00;0;0;90;0;0;90;0;0;0;0;9.52;1.06;0;0;0;0;0;0;0;0;0;0;0;0;0;1;1;1;1;0;0;0;0;0;0;0;0;0;0;0;0;0;0;0;0;0;0;0;0;0;0;0;0;0;0;0;0;0;0;0;0;0;0;0;1;1;1;1;1;1;1;1;1;1;1;1;1;1;1;1;1;1;1;0;0;0;0;0;0;0;0;0;0.0004;0.088;-0.0884;0;0;0;0;0;0;0;0;0;0;0;0;0;0;0;0;0;0;0;-9.52;0;0;0;0;0.0004;0;0;0;0;0;0;0;-0.0004;-0.0884;0;0;0;0;0;0;0;0;0;-0.7452;0;0.7452;1;1;0;0;0;0
08/09/21 19:00;0;0;90;0;0;90;0;0;0;0;6.1902;0.7101;0;0;0;0;0;0;0;0;0;0;0;0;0;1;1;1;1;0;0;0;0;0;0;0;0;0;0;0;0;0;0;0;0;0;0;0;0;0;0;0;0;0;0;0;0;0;0;0;0;0;0;0;1;1;1;1;1;1;1;1;1;1;1;1;1;1;1;1;1;1;1;0;0;0;0;0;0;0;0;0;0.0004;0.088;-0.0884;0;0;0;0;0;0;0;0;0;0;0;0;0;0;0;0;0;0;0;-6.1902;0;0;0;0;0.0004;0;0;0;0;0;0;0;-0.0004;-0.0884;0;0;0;0;0;0;0;0;0;-0.7452;0;0.7452;1;1;0;0;0;0
08/09/21 20:00;0;0;90;0;0;90;0;0;0;0;5.5999;0.85;0;0;0;0;0;0;0;0;0;0;0;0;0;1;1;1;1;0;0;0;0;0;0;0;0;0;0;0;0;0;0;0;0;0;0;0;0;0;0;0;0;0;0;0;0;0;0;0;0;0;0;0;1;1;1;1;1;1;1;1;1;1;1;1;1;1;1;1;1;1;1;0;0;0;0;0;0;0;0;0;0.0004;0.088;-0.0884;0;0;0;0;0;0;0;0;0;0;0;0;0;0;0;0;0;0;0;-5.5999;0;0;0;0;0.0004;0;0;0;0;0;0;0;-0.0004;-0.0884;0;0;0;0;0;0;0;0;0;-0.7452;0;0.7452;1;1;0;0;0;0
08/09/21 21:00;0;0;90;0;0;90;0;0;0;0;4.62;1.32;0;0;0;0;0;0;0;0;0;0;0;0;0;1;1;1;1;0;0;0;0;0;0;0;0;0;0;0;0;0;0;0;0;0;0;0;0;0;0;0;0;0;0;0;0;0;0;0;0;0;0;0;1;1;1;1;1;1;1;1;1;1;1;1;1;1;1;1;1;1;1;0;0;0;0;0;0;0;0;0;0.0004;0.088;-0.0884;0;0;0;0;0;0;0;0;0;0;0;0;0;0;0;0;0;0;0;-4.62;0;0;0;0;0.0004;0;0;0;0;0;0;0;-0.0004;-0.0884;0;0;0;0;0;0;0;0;0;-0.7452;0;0.7452;1;1;0;0;0;0
08/09/21 22:00;0;0;90;0;0;90;0;0;0;0;3.6402;1.8499;0;0;0;0;0;0;0;0;0;0;0;0;0;1;1;1;1;0;0;0;0;0;0;0;0;0;0;0;0;0;0;0;0;0;0;0;0;0;0;0;0;0;0;0;0;0;0;0;0;0;0;0;1;1;1;1;1;1;1;1;1;1;1;1;1;1;1;1;1;1;1;0;0;0;0;0;0;0;0;0;0.0004;0.088;-0.0884;0;0;0;0;0;0;0;0;0;0;0;0;0;0;0;0;0;0;0;-3.6402;0;0;0;0;0.0004;0;0;0;0;0;0;0;-0.0004;-0.0884;0;0;0;0;0;0;0;0;0;-0.7452;0;0.7452;1;1;0;0;0;0
08/09/21 23:00;0;0;90;0;0;90;0;0;0;0;3.4301;2.19;0;0;0;0;0;0;0;0;0;0;0;0;0;1;1;1;1;0;0;0;0;0;0;0;0;0;0;0;0;0;0;0;0;0;0;0;0;0;0;0;0;0;0;0;0;0;0;0;0;0;0;0;1;1;1;1;1;1;1;1;1;1;1;1;1;1;1;1;1;1;1;0;0;0;0;0;0;0;0;0;0.0004;0.088;-0.0884;0;0;0;0;0;0;0;0;0;0;0;0;0;0;0;0;0;0;0;-3.4301;0;0;0;0;0.0004;0;0;0;0;0;0;0;-0.0004;-0.0884;0;0;0;0;0;0;0;0;0;-0.7452;0;0.7452;1;1;0;0;0;0
09/09/21 00:00;0;0;90;0;0;90;0;0;0;0;3.01;2.44;0;0;0;0;0;0;0;0;0;0;0;0;0;1;1;1;1;0;0;0;0;0;0;0;0;0;0;0;0;0;0;0;0;0;0;0;0;0;0;0;0;0;0;0;0;0;0;0;0;0;0;0;1;1;1;1;1;1;1;1;1;1;1;1;1;1;1;1;1;1;1;0;0;0;0;0;0;0;0;0;0.0004;0.088;-0.0884;0;0;0;0;0;0;0;0;0;0;0;0;0;0;0;0;0;0;0;-3.01;0;0;0;0;0.0004;0;0;0;0;0;0;0;-0.0004;-0.0884;0;0;0;0;0;0;0;0;0;-0.7452;0;0.7452;1;1;0;0;0;0
09/09/21 01:00;0;0;90;0;0;90;0;0;0;0;2.5899;2.67;0;0;0;0;0;0;0;0;0;0;0;0;0;1;1;1;1;0;0;0;0;0;0;0;0;0;0;0;0;0;0;0;0;0;0;0;0;0;0;0;0;0;0;0;0;0;0;0;0;0;0;0;1;1;1;1;1;1;1;1;1;1;1;1;1;1;1;1;1;1;1;0;0;0;0;0;0;0;0;0;0.0004;0.088;-0.0884;0;0;0;0;0;0;0;0;0;0;0;0;0;0;0;0;0;0;0;-2.5899;0;0;0;0;0.0004;0;0;0;0;0;0;0;-0.0004;-0.0884;0;0;0;0;0;0;0;0;0;-0.7452;0;0.7452;1;1;0;0;0;0
09/09/21 02:00;0;0;90;0;0;90;0;0;0;0;2.7201;2.7801;0;0;0;0;0;0;0;0;0;0;0;0;0;1;1;1;1;0;0;0;0;0;0;0;0;0;0;0;0;0;0;0;0;0;0;0;0;0;0;0;0;0;0;0;0;0;0;0;0;0;0;0;1;1;1;1;1;1;1;1;1;1;1;1;1;1;1;1;1;1;1;0;0;0;0;0;0;0;0;0;0.0004;0.088;-0.0884;0;0;0;0;0;0;0;0;0;0;0;0;0;0;0;0;0;0;0;-2.7201;0;0;0;0;0.0004;0;0;0;0;0;0;0;-0.0004;-0.0884;0;0;0;0;0;0;0;0;0;-0.7452;0;0.7452;1;1;0;0;0;0
09/09/21 03:00;0;0;90;0;0;90;0;0;0;0;2.06;2.82;0;0;0;0;0;0;0;0;0;0;0;0;0;1;1;1;1;0;0;0;0;0;0;0;0;0;0;0;0;0;0;0;0;0;0;0;0;0;0;0;0;0;0;0;0;0;0;0;0;0;0;0;1;1;1;1;1;1;1;1;1;1;1;1;1;1;1;1;1;1;1;0;0;0;0;0;0;0;0;0;0.0004;0.088;-0.0884;0;0;0;0;0;0;0;0;0;0;0;0;0;0;0;0;0;0;0;-2.06;0;0;0;0;0.0004;0;0;0;0;0;0;0;-0.0004;-0.0884;0;0;0;0;0;0;0;0;0;-0.7452;0;0.7452;1;1;0;0;0;0
09/09/21 04:00;0;0;90;0;0;90;0;0;0;0;2.3;2.75;0;0;0;0;0;0;0;0;0;0;0;0;0;1;1;1;1;0;0;0;0;0;0;0;0;0;0;0;0;0;0;0;0;0;0;0;0;0;0;0;0;0;0;0;0;0;0;0;0;0;0;0;1;1;1;1;1;1;1;1;1;1;1;1;1;1;1;1;1;1;1;0;0;0;0;0;0;0;0;0;0.0004;0.088;-0.0884;0;0;0;0;0;0;0;0;0;0;0;0;0;0;0;0;0;0;0;-2.3;0;0;0;0;0.0004;0;0;0;0;0;0;0;-0.0004;-0.0884;0;0;0;0;0;0;0;0;0;-0.7452;0;0.7452;1;1;0;0;0;0
09/09/21 05:00;0;0;90;0;0;90;0;0;0;0;2.0899;2.6299;0;0;0;0;0;0;0;0;0;0;0;0;0;1;1;1;1;0;0;0;0;0;0;0;0;0;0;0;0;0;0;0;0;0;0;0;0;0;0;0;0;0;0;0;0;0;0;0;0;0;0;0;1;1;1;1;1;1;1;1;1;1;1;1;1;1;1;1;1;1;1;0;0;0;0;0;0;0;0;0;0.0004;0.088;-0.0884;0;0;0;0;0;0;0;0;0;0;0;0;0;0;0;0;0;0;0;-2.0899;0;0;0;0;0.0004;0;0;0;0;0;0;0;-0.0004;-0.0884;0;0;0;0;0;0;0;0;0;-0.7452;0;0.7452;1;1;0;0;0;0
09/09/21 06:00;5.1042;-80.072;77.539;5.1814;7.4704;-90;-7.4704;31.099;28.197;2.9016;2.3598;2.92;0;7.0373;27.4;1.6517;0;0.0251;36.114;0;36.114;7.0373;1.6517;27.4;0.0251;0.1949;0.7594;0;0.0007;35.971;0.1427;0;0;0.1219;0.0208;32.627;3.2716;1.7151;0.4026;1.153;0.0009;35.899;0.0719;0.0141;0.0033;0.0546;0;32.63;5.3081;1.2458;26.07;0.0033;16.353;13.278;4.6853;0.0024;0.1826;2.6272;0.0028;2.8075;0;1;0;0;1.1612;0.996;1;1;0.9956;0.1687;0.9089;0.7558;1;0.9576;0.776;0.998;0.998;1;0.998;0.998;0.9035;0.9515;0.1306;0.1028;0.0986;0.0006;0.011;-0.0075;0.0007;0.0023;0.0005;0;0;0.088;-0.0035;0;0;0;0;0;0;0;0;0;0;0;0;0.0019;0.0001;0.0891;0.0891;0;3.9619;3.9619;1.602;0.0491;82.369;1081.7;1;0.0046;0.0046;0;0;0;0;0;0;0.0845;-0.0035;0;16.303;18.878;-0.6459;-0.748;94.807;94.807;0.8667;0.7514;-0.0298;0.1154;0.7811;0.1331;0.9012;0;16.335;0;0
09/09/21 07:00;16.002;-71.621;48.043;16.814;27.739;-90;-27.739;205.7;69.001;136.7;3.4201;2.7199;0;331.53;41.153;61.453;0;2.2457;436.38;0;436.38;331.53;61.453;41.153;2.2457;0.7597;0.0995;0;0.0051;432.84;3.5443;0;0;1.6063;1.938;426.07;5.9002;3.8344;0.7107;1.2973;0.0578;431.97;0.8657;0.6631;0.1229;0.0791;0.0006;426.22;327.04;60.619;38.171;0.2492;27.512;22.339;8.3835;0.475;0.3053;4.3919;0.1422;4.2222;0;1;0;0;2.1215;0.9919;1;1;0.961;0.137;0.9863;0.9884;1;0.9671;0.8116;0.998;0.998;1;0.998;0.998;0.9764;0.9275;0.111;1.2419;1.2282;0.0074;0.0089;-0.0036;0.0085;0.0302;0.0008;0;0;0.088;1.0408;0;0;0;0;0;0;0;0;0;0;0;0;0.0243;0.0039;1.1478;1.1478;0;24.174;24.174;20.754;0.0487;1054.1;1088.9;1;0.019;0.019;0;0;0;0;0;0;1.1288;1.0408;0;17.381;20.126;15.76;18.25;98.344;98.344;10.473;9.6796;8.7772;0.7936;0.9024;0.0758;0.0862;0.8381;26.718;0.8318;0
09/09/21 08:00;27.233;-60.997;25.538;30.475;59.525;-90;-59.525;359.1;135.1;224;6.2999;2.58;0;441.68;64.905;96.562;0;16.813;619.95;0;619.95;441.68;96.562;64.905;16.813;0.7124;0.1318;0;0.0271;596.26;23.692;0;0;8.0382;15.654;592.52;2.5458;0.3888;0.085;2.0002;0.0718;595.07;1.1925;0.8834;0.1931;0.1137;0.0023;596.08;440.4;96.284;54.753;1.0851;108.34;87.973;34.472;10.551;1.6718;24.048;3.558;15.17;0;1;0;0;1.7264;0.9618;1;1;0.8762;0.069;0.9957;0.9991;1;0.9648;0.9379;0.998;0.998;1;0.998;0.998;0.9558;0.8436;0.0645;1.7643;1.7536;0.0106;0.002;0.0637;0.0117;0.0416;0.0044;0;0;0.088;1.4649;0;0;0;0;0;0;0;0;0;0;0;0;0.0335;0.0074;1.5786;1.5786;0;35.387;35.387;29.087;0.0491;1508.5;1046.5;1;0.0256;0.0256;0;0;0;0;0;0;1.5529;1.4649;0;16.825;19.484;15.615;18.081;98.378;98.378;14.879;13.312;12.354;1.5668;0.9581;0.1053;0.0644;0.8303;56.205;0.8069;0
09/09/21 09:00;37.22;-47.817;32.325;45.71;44.29;-90;-44.29;633.51;104.5;529;10.64;3.86;0;739.03;31.59;94.55;0;17.103;882.27;0;882.27;739.03;94.55;31.59;17.103;0.8376;0.0552;0;0.0194;863.96;18.309;0;0;2.547;15.762;859.21;3.0231;1.7673;0.2261;0.9442;0.0855;862.23;1.7279;1.4781;0.1891;0.0581;0.0027;863.64;735.78;94.134;28.041;1.2526;278.03;225.76;82.94;1.8305;3.0083;43.273;4.4295;44.45;0;1;0;0;1.3927;0.9792;1;1;0.9194;0.0784;0.9965;0.9976;1;0.9674;0.9361;0.998;0.998;1;0.998;0.998;0.9739;0.8876;0.0732;2.5109;2.5576;0.0154;-0.0018;0.255;0.016;0.0568;0.0074;0;0;0.088;2.0245;0;0;0;0;0;0;0;0;0;0;0;0;0.0458;0.0152;2.1479;2.1479;0;53.415;53.415;42.775;0.0498;2204.6;974.31;1;0.0354;0.0354;0;0;0;0;0;0;2.1125;2.0245;0;16.087;18.629;15.163;17.559;98.353;98.353;21.174;18.114;17.073;3.0607;1.0405;0.1445;0.0491;0.8063;23.359;0.7778;0
09/09/21 10:00;45.026;-30.836;37.364;62.882;27.118;-90;-27.118;744.4;122.8;621.6;14.81;4.28;0;698.38;40.537;89.776;0;7.7742;836.46;0;836.46;698.38;89.776;40.537;7.7742;0.8349;0.0578;0;0.0093;828.25;8.2154;0;0;1.526;6.6894;820.9;5.6933;3.7239;0.4787;1.2832;0.2075;826.59;1.6565;1.3968;0.1796;0.078;0.0022;822.94;693.26;89.118;37.65;0.8752;404.34;328.33;123.38;0.4337;4.0512;58.274;2.0362;61.892;0;1;0;0;1.1237;0.9902;1;1;0.9624;0.1395;0.9931;0.9947;1;0.967;0.8084;0.998;0.998;1;0.998;0.998;0.9814;0.9288;0.1126;2.3805;2.4712;0.0149;-0.002;0.2673;0.0153;0.0544;0.0098;0;0;0.088;1.9323;0;0;0;0;0;0;0;0;0;0;0;0;0.0438;0.0142;2.0534;2.0534;0;55.758;55.758;40.948;0.0499;2129.2;964.4;1;0.0331;0.0331;0;0;0;0;0;0;2.0203;1.9323;0;16.222;18.785;15.265;17.677;98.388;98.388;20.075;17.317;16.296;2.7582;1.0213;0.1374;0.0509;0.8117;26.213;0.7715;0
09/09/21 11:00;49.311;-9.6974;39.989;81.759;8.2408;-90;-8.2408;785.8;132.6;653.2;16.96;4.6299;0;660.01;47.762;85.472;0;0.7708;794.02;0;794.02;660.01;85.472;47.762;0.7708;0.8312;0.0611;0;0.001;793.13;0.8901;0;0;0.2496;0.6405;784.41;7.1342;4.5306;0.5867;1.9877;0.0292;791.54;1.5863;1.32;0.1709;0.095;0.0003;784.54;654.16;84.715;45.43;0.1009;460.43;373.87;140.6;0.0066;4.5745;65.802;0.1267;70.37;0;1;0;0;1.0105;0.9989;1;1;0.9948;0.169;0.991;0.9931;1;0.9581;0.7758;0.998;0.998;1;0.998;0.998;0.9879;0.9512;0.1309;2.2597;2.3764;0.0143;-0.002;0.2602;0.0147;0.0522;0.0111;0;0;0.088;1.8511;0;0;0;0;0;0;0;0;0;0;0;0;0.0421;0.0132;1.9706;1.9706;0;56.101;56.101;39.141;0.0499;2047;962.66;1;0.0315;0.0315;0;0;0;0;0;0;1.9391;1.8511;0;16.399;18.99;15.405;17.838;98.401;98.401;19.056;16.618;15.61;2.4385;1.0078;0.128;0.0529;0.8192;28.518;0.7713;0
09/09/21 12:00;48.931;13.211;39.761;78.737;11.263;90;11.263;703.79;188.4;515.39;18.03;4.8599;0;525.51;92.13;97.25;0;1.2876;716.18;0;716.18;525.51;97.25;92.13;1.2876;0.7338;0.1304;0;0.0018;714.29;1.8847;0;0;0.8133;1.0714;704.97;7.8942;3.5374;0.6546;3.6536;0.0486;712.86;1.4286;1.051;0.1945;0.1826;0.0004;705.23;520.92;96.401;87.481;0.1672;410.65;333.45;122.49;0.0423;4.271;61.437;0.2589;65.666;0;1;0;0;1.0176;0.9974;1;1;0.9912;0.1679;0.9889;0.9933;1;0.9599;0.7747;0.998;0.998;1;0.998;0.998;0.9844;0.9495;0.1298;2.0382;2.1408;0.0129;-0.0012;0.2122;0.0134;0.0476;0.0104;0;0;0.088;1.6799;0;0;0;0;0;0;0;0;0;0;0;0;0.0383;0.0108;1.7963;1.7963;0;53.128;53.128;35.098;0.0498;1843.1;974.63;1;0.0284;0.0284;0;0;0;0;0;0;1.7679;1.6799;0;16.574;19.192;15.5;17.948;98.417;98.417;17.188;15.148;14.167;2.0398;0.9819;0.1187;0.0571;0.8242;55.407;0.7745;0
09/09/21 13:00;44.003;33.773;36.721;60.076;29.924;90;29.924;658;177.7;480.3;18.93;5.05;0;554.19;80.938;104.98;0;8.3336;748.43;0;748.43;554.19;104.98;80.938;8.3336;0.7405;0.1193;0;0.0111;737.55;10.879;0;0;3.5767;7.3018;730.11;5.9679;2.7471;0.5204;2.5168;0.1836;736.08;1.4751;1.1084;0.21;0.1547;0.0021;732.37;550.33;104.25;74.69;0.8461;354.15;287.57;108.72;1.2169;3.5596;51.203;2.2592;53.545;0;1;0;0;1.1374;0.9855;1;1;0.9558;0.1238;0.9919;0.995;1;0.9674;0.8217;0.998;0.998;1;0.998;0.998;0.9755;0.9228;0.1015;2.13;2.1979;0.0132;-0.0015;0.2352;0.0137;0.0484;0.0086;0;0;0.088;1.7129;0;0;0;0;0;0;0;0;0;0;0;0;0.039;0.0114;1.8299;1.8299;0;55.343;55.343;36.413;0.0499;1894;966.12;1;0.0289;0.0289;0;0;0;0;0;0;1.8009;1.7129;0;16.156;18.708;15.124;17.513;98.42;98.42;17.962;15.431;14.446;2.531;0.9859;0.1409;0.0549;0.8042;53.319;0.765;0
09/09/21 14:00;35.777;50.093;31.364;43.211;46.789;90;46.789;602.7;123.2;479.5;19.29;5.05;0;700.32;40.747;109.29;0;18.054;868.41;0;868.41;700.32;109.29;40.747;18.054;0.8064;0.0677;0;0.0208;848.04;20.367;0;0;3.5706;16.796;843.58;2.7656;1.282;0.2001;1.2163;0.0672;846.35;1.6961;1.4006;0.2186;0.0744;0.0025;848.01;697.64;108.87;35.885;1.1879;252.98;205.42;75.72;2.8513;2.7979;40.246;4.4255;40.193;0;1;0;0;1.4409;0.9765;1;1;0.9124;0.0697;0.9967;0.9982;1;0.9672;0.9464;0.998;0.998;1;0.998;0.998;0.9714;0.8807;0.0658;2.4714;2.5068;0.0151;-0.002;0.3235;0.0152;0.0539;0.0066;0;0;0.088;1.9162;0;0;0;0;0;0;0;0;0;0;0;0;0.0434;0.0146;2.0365;2.0365;0;61.57;61.57;42.28;0.0501;2161.7;942.06;1;0.0323;0.0323;0;0;0;0;0;0;2.0042;1.9162;0;15.496;17.944;14.58;16.884;98.412;98.412;20.842;17.174;16.159;3.6679;1.0148;0.176;0.0487;0.7753;30.834;0.7493;0
09/09/21 15:00;25.546;62.791;24.423;28.255;60;90;60;387;158.6;228.4;19.45;4.0501;0;482.25;72.297;131.35;0;18.382;704.27;0;704.27;482.25;131.35;72.297;18.382;0.6847;0.1288;0;0.0261;677.99;26.286;0;0;9.089;17.197;673.8;2.8293;0.406;0.1106;2.232;0.0807;676.63;1.356;0.9645;0.2627;0.1264;0.0024;677.16;480.88;130.97;60.849;1.1025;101.78;82.649;33.81;12.091;1.6197;23.299;3.3615;12.827;0;1;0;0;1.8198;0.9627;1;1;0.8743;0.0645;0.9958;0.9992;1;0.9646;0.9318;0.998;0.998;1;0.998;0.998;0.9567;0.8417;0.06;2.0043;1.9841;0.0119;-0.0001;0.1961;0.0124;0.0441;0.004;0;0;0.088;1.5567;0;0;0;0;0;0;0;0;0;0;0;0;0.0355;0.0094;1.6708;1.6708;0;52.996;52.996;33.546;0.0498;1710.5;976.76;1;0.0261;0.0261;0;0;0;0;0;0;1.6447;1.5567;0;15.677;18.153;14.606;16.913;98.438;98.438;16.903;14.09;13.128;2.8125;0.9622;0.1664;0.0569;0.7767;62.939;0.7579;0
09/09/21 16:00;14.178;73.123;53.555;14.789;23.46;90;23.46;178.6;131.4;47.202;18.79;3.5001;0;114.48;107.99;45.48;0;1.4025;269.36;0;269.36;114.48;45.48;107.99;1.4025;0.425;0.4061;0;0.0052;264.93;4.4245;0;0;3.2325;1.192;258;6.4057;2.0361;0.8089;3.5166;0.0442;264.4;0.5299;0.229;0.091;0.2095;0.0004;258.24;112.21;44.58;101.04;0.166;68.647;55.742;20.34;0.689;0.7672;11.036;0.243;11.114;0;1;0;0;1.5081;0.9836;1;1;0.9701;0.1501;0.9758;0.9822;1;0.9664;0.7899;0.998;0.998;1;0.998;0.998;0.9578;0.9356;0.1183;0.7666;0.7609;0.0046;0.0152;0.0176;0.0051;0.018;0.002;0;0;0.088;0.5828;0;0;0;0;0;0;0;0;0;0;0;0;0.0145;0.0016;0.6824;0.6824;0;31.474;31.474;12.684;0.0492;652.31;1046.1;1;0.0115;0.0115;0;0;0;0;0;0;0.6708;0.5828;0;16.74;19.385;14.298;16.557;98.308;98.308;6.4645;5.7545;4.915;0.7101;0.8395;0.1098;0.1299;0.7603;68.324;0.7377;0
09/09/21 17:00;4.2256;80.711;79.706;4.2815;6.1503;90;6.1503;13.596;13.497;0.0995;15.66;3.93;0;0.2413;13.444;0.0327;0;0.0074;13.726;0;13.726;0.2413;0.0327;13.444;0.0074;0.0176;0.98;0;0.0005;13.676;0.0501;0;0;0.0439;0.0062;12.987;0.6611;0.0748;0.0102;0.5758;0.0003;13.648;0.0274;0.0005;0.0001;0.0268;0;12.988;0.166;0.0225;12.798;0.001;7.9977;6.4942;2.2879;0.0005;0.0895;1.2876;0.0007;1.3767;0;1;0;0;1.0095;0.9964;1;1;0.9967;0.1669;0.9516;0.6893;1;0.9569;0.776;0.998;0.998;1;0.998;0.998;0.9462;0.9519;0.1293;0.0391;0.0397;0.0002;0.007;-0.0012;0.0002;0.0008;0.0002;0;0;0.088;-0.0589;0;0;0;0;0;0;0;0;0;0;0;0;0.0007;0;0.0318;0.0318;0;16.314;16.314;0.6543;0.0504;32.244;985.3;1;0.0027;0.0027;0;0;0;0;0;0;0.0291;-0.0589;0;15.295;17.711;-28.365;-32.846;91.537;91.537;0.3294;0.2679;-0.4969;0.0615;0.7648;0.1867;2.3216;0;7.9972;0;0
09/09/21 18:00;0;0;90;0;0;90;0;0;0;0;11.83;4.1301;0;0;0;0;0;0;0;0;0;0;0;0;0;1;1;1;1;0;0;0;0;0;0;0;0;0;0;0;0;0;0;0;0;0;0;0;0;0;0;0;0;0;0;0;0;0;0;0;0;0;0;0;1;1;1;1;1;1;1;1;1;1;1;1;1;1;1;1;1;1;1;0;0;0;0;0;0;0;0;0;0.0004;0.088;-0.0884;0;0;0;0;0;0;0;0;0;0;0;0;0;0;0;0;0;0;0;-11.83;0;0;0;0;0.0004;0;0;0;0;0;0;0;-0.0004;-0.0884;0;0;0;0;0;0;0;0;0;-0.7452;0;0.7452;1;1;0;0;0;0
09/09/21 19:00;0;0;90;0;0;90;0;0;0;0;9.7999;4.26;0;0;0;0;0;0;0;0;0;0;0;0;0;1;1;1;1;0;0;0;0;0;0;0;0;0;0;0;0;0;0;0;0;0;0;0;0;0;0;0;0;0;0;0;0;0;0;0;0;0;0;0;1;1;1;1;1;1;1;1;1;1;1;1;1;1;1;1;1;1;1;0;0;0;0;0;0;0;0;0;0.0004;0.088;-0.0884;0;0;0;0;0;0;0;0;0;0;0;0;0;0;0;0;0;0;0;-9.7999;0;0;0;0;0.0004;0;0;0;0;0;0;0;-0.0004;-0.0884;0;0;0;0;0;0;0;0;0;-0.7452;0;0.7452;1;1;0;0;0;0
09/09/21 20:00;0;0;90;0;0;90;0;0;0;0;10.04;4.3701;0;0;0;0;0;0;0;0;0;0;0;0;0;1;1;1;1;0;0;0;0;0;0;0;0;0;0;0;0;0;0;0;0;0;0;0;0;0;0;0;0;0;0;0;0;0;0;0;0;0;0;0;1;1;1;1;1;1;1;1;1;1;1;1;1;1;1;1;1;1;1;0;0;0;0;0;0;0;0;0;0.0004;0.088;-0.0884;0;0;0;0;0;0;0;0;0;0;0;0;0;0;0;0;0;0;0;-10.04;0;0;0;0;0.0004;0;0;0;0;0;0;0;-0.0004;-0.0884;0;0;0;0;0;0;0;0;0;-0.7452;0;0.7452;1;1;0;0;0;0
09/09/21 21:00;0;0;90;0;0;90;0;0;0;0;11.08;4.5499;0;0;0;0;0;0;0;0;0;0;0;0;0;1;1;1;1;0;0;0;0;0;0;0;0;0;0;0;0;0;0;0;0;0;0;0;0;0;0;0;0;0;0;0;0;0;0;0;0;0;0;0;1;1;1;1;1;1;1;1;1;1;1;1;1;1;1;1;1;1;1;0;0;0;0;0;0;0;0;0;0.0004;0.088;-0.0884;0;0;0;0;0;0;0;0;0;0;0;0;0;0;0;0;0;0;0;-11.08;0;0;0;0;0.0004;0;0;0;0;0;0;0;-0.0004;-0.0884;0;0;0;0;0;0;0;0;0;-0.7452;0;0.7452;1;1;0;0;0;0
09/09/21 22:00;0;0;90;0;0;90;0;0;0;0;10.6;4.5;0;0;0;0;0;0;0;0;0;0;0;0;0;1;1;1;1;0;0;0;0;0;0;0;0;0;0;0;0;0;0;0;0;0;0;0;0;0;0;0;0;0;0;0;0;0;0;0;0;0;0;0;1;1;1;1;1;1;1;1;1;1;1;1;1;1;1;1;1;1;1;0;0;0;0;0;0;0;0;0;0.0004;0.088;-0.0884;0;0;0;0;0;0;0;0;0;0;0;0;0;0;0;0;0;0;0;-10.6;0;0;0;0;0.0004;0;0;0;0;0;0;0;-0.0004;-0.0884;0;0;0;0;0;0;0;0;0;-0.7452;0;0.7452;1;1;0;0;0;0
09/09/21 23:00;0;0;90;0;0;90;0;0;0;0;11.04;4.1;0;0;0;0;0;0;0;0;0;0;0;0;0;1;1;1;1;0;0;0;0;0;0;0;0;0;0;0;0;0;0;0;0;0;0;0;0;0;0;0;0;0;0;0;0;0;0;0;0;0;0;0;1;1;1;1;1;1;1;1;1;1;1;1;1;1;1;1;1;1;1;0;0;0;0;0;0;0;0;0;0.0004;0.088;-0.0884;0;0;0;0;0;0;0;0;0;0;0;0;0;0;0;0;0;0;0;-11.04;0;0;0;0;0.0004;0;0;0;0;0;0;0;-0.0004;-0.0884;0;0;0;0;0;0;0;0;0;-0.7452;0;0.7452;1;1;0;0;0;0
10/09/21 00:00;0;0;90;0;0;90;0;0;0;0;12.84;3.9899;0;0;0;0;0;0;0;0;0;0;0;0;0;1;1;1;1;0;0;0;0;0;0;0;0;0;0;0;0;0;0;0;0;0;0;0;0;0;0;0;0;0;0;0;0;0;0;0;0;0;0;0;1;1;1;1;1;1;1;1;1;1;1;1;1;1;1;1;1;1;1;0;0;0;0;0;0;0;0;0;0.0004;0.088;-0.0884;0;0;0;0;0;0;0;0;0;0;0;0;0;0;0;0;0;0;0;-12.84;0;0;0;0;0.0004;0;0;0;0;0;0;0;-0.0004;-0.0884;0;0;0;0;0;0;0;0;0;-0.7452;0;0.7452;1;1;0;0;0;0
10/09/21 01:00;0;0;90;0;0;90;0;0;0;0;12.8;3.6699;0;0;0;0;0;0;0;0;0;0;0;0;0;1;1;1;1;0;0;0;0;0;0;0;0;0;0;0;0;0;0;0;0;0;0;0;0;0;0;0;0;0;0;0;0;0;0;0;0;0;0;0;1;1;1;1;1;1;1;1;1;1;1;1;1;1;1;1;1;1;1;0;0;0;0;0;0;0;0;0;0.0004;0.088;-0.0884;0;0;0;0;0;0;0;0;0;0;0;0;0;0;0;0;0;0;0;-12.8;0;0;0;0;0.0004;0;0;0;0;0;0;0;-0.0004;-0.0884;0;0;0;0;0;0;0;0;0;-0.7452;0;0.7452;1;1;0;0;0;0
10/09/21 02:00;0;0;90;0;0;90;0;0;0;0;10.53;3.3401;0;0;0;0;0;0;0;0;0;0;0;0;0;1;1;1;1;0;0;0;0;0;0;0;0;0;0;0;0;0;0;0;0;0;0;0;0;0;0;0;0;0;0;0;0;0;0;0;0;0;0;0;1;1;1;1;1;1;1;1;1;1;1;1;1;1;1;1;1;1;1;0;0;0;0;0;0;0;0;0;0.0004;0.088;-0.0884;0;0;0;0;0;0;0;0;0;0;0;0;0;0;0;0;0;0;0;-10.53;0;0;0;0;0.0004;0;0;0;0;0;0;0;-0.0004;-0.0884;0;0;0;0;0;0;0;0;0;-0.7452;0;0.7452;1;1;0;0;0;0
10/09/21 03:00;0;0;90;0;0;90;0;0;0;0;8.36;2.75;0;0;0;0;0;0;0;0;0;0;0;0;0;1;1;1;1;0;0;0;0;0;0;0;0;0;0;0;0;0;0;0;0;0;0;0;0;0;0;0;0;0;0;0;0;0;0;0;0;0;0;0;1;1;1;1;1;1;1;1;1;1;1;1;1;1;1;1;1;1;1;0;0;0;0;0;0;0;0;0;0.0004;0.088;-0.0884;0;0;0;0;0;0;0;0;0;0;0;0;0;0;0;0;0;0;0;-8.36;0;0;0;0;0.0004;0;0;0;0;0;0;0;-0.0004;-0.0884;0;0;0;0;0;0;0;0;0;-0.7452;0;0.7452;1;1;0;0;0;0
10/09/21 04:00;0;0;90;0;0;90;0;0;0;0;7.0598;2.34;0;0;0;0;0;0;0;0;0;0;0;0;0;1;1;1;1;0;0;0;0;0;0;0;0;0;0;0;0;0;0;0;0;0;0;0;0;0;0;0;0;0;0;0;0;0;0;0;0;0;0;0;1;1;1;1;1;1;1;1;1;1;1;1;1;1;1;1;1;1;1;0;0;0;0;0;0;0;0;0;0.0004;0.088;-0.0884;0;0;0;0;0;0;0;0;0;0;0;0;0;0;0;0;0;0;0;-7.0598;0;0;0;0;0.0004;0;0;0;0;0;0;0;-0.0004;-0.0884;0;0;0;0;0;0;0;0;0;-0.7452;0;0.7452;1;1;0;0;0;0
10/09/21 05:00;0;0;90;0;0;90;0;0;0;0;6.8098;2.11;0;0;0;0;0;0;0;0;0;0;0;0;0;1;1;1;1;0;0;0;0;0;0;0;0;0;0;0;0;0;0;0;0;0;0;0;0;0;0;0;0;0;0;0;0;0;0;0;0;0;0;0;1;1;1;1;1;1;1;1;1;1;1;1;1;1;1;1;1;1;1;0;0;0;0;0;0;0;0;0;0.0004;0.088;-0.0884;0;0;0;0;0;0;0;0;0;0;0;0;0;0;0;0;0;0;0;-6.8098;0;0;0;0;0.0004;0;0;0;0;0;0;0;-0.0004;-0.0884;0;0;0;0;0;0;0;0;0;-0.7452;0;0.7452;1;1;0;0;0;0
10/09/21 06:00;5.1969;-80.474;77.31;5.2691;7.5999;-90;-7.5999;54.306;28.197;26.109;7.44;2.44;0;63.321;22.084;14.59;0;0.0453;100.04;0;100.04;63.321;14.59;22.084;0.0453;0.633;0.2212;0;0.0005;99.902;0.1387;0;0;0.101;0.0377;80.256;19.446;15.049;3.4674;0.9276;0.0017;99.702;0.1998;0.1266;0.0292;0.044;0;80.258;48.145;11.093;21.012;0.0059;13.327;10.821;3.8433;0.0021;0.1472;2.1178;0.0024;2.263;0;1;0;0;1.8422;0.9986;1;1;0.9954;0.1688;0.805;0.7619;1;0.9577;0.776;0.998;0.998;1;0.998;0.998;0.8022;0.9514;0.1307;0.2847;0.2339;0.0014;0.0155;-0.0116;0.0016;0.0057;0.0004;0;0;0.088;0.1212;0;0;0;0;0;0;0;0;0;0;0;0;0.0046;0.0002;0.2161;0.2161;0;11.361;11.361;3.9213;0.0489;198.77;1087.1;1;0.0069;0.0069;0;0;0;0;0;0;0.2092;0.1212;0;14.272;16.527;8.0071;9.2721;96.829;96.829;2.401;1.8222;1.0223;0.5788;0.7999;0.2411;0.3332;0.4258;13.169;0.4191;0
10/09/21 07:00;16.308;-71.87;47.077;17.111;28.416;-90;-28.416;202.59;77.901;124.69;11.81;1.9001;0;302.41;49.147;62.095;0;2.3189;415.98;0;415.98;302.41;62.095;49.147;2.3189;0.727;0.1237;0;0.0056;411.97;4.0014;0;0;1.9937;2.0076;405.54;5.61;3.327;0.6831;1.5425;0.0573;411.15;0.8239;0.6048;0.1242;0.0943;0.0006;405.72;298.48;61.288;45.516;0.2533;32.785;26.621;9.9826;0.6169;0.3677;5.2887;0.1806;5.0394;0;1;0;0;2.0533;0.9904;1;1;0.9594;0.1342;0.9864;0.989;1;0.9672;0.8154;0.998;0.998;1;0.998;0.998;0.9749;0.9261;0.1092;1.1838;1.1714;0.0071;0.0098;0.0278;0.0079;0.028;0.001;0;0;0.088;0.9587;0;0;0;0;0;0;0;0;0;0;0;0;0.0225;0.0036;1.0639;1.0639;0;31.692;31.692;19.882;0.049;1007.3;1056.2;1;0.0172;0.0172;0;0;0;0;0;0;1.0467;0.9587;0;16.901;19.571;15.229;17.635;98.379;98.379;9.9834;8.9722;8.0847;1.0112;0.8875;0.1013;0.0889;0.8098;32.049;0.8022;0
10/09/21 08:00;27.56;-61.234;25.253;30.769;59.231;-90;-59.231;411.91;92.702;319.2;14.32;1.49;0;623.97;34.287;92.529;0;19.113;769.89;0;769.89;623.97;92.529;34.287;19.113;0.8105;0.0694;0;0.0248;747.88;22.014;0;0;4.216;17.798;744.63;1.7582;0.5432;0.0805;1.0552;0.0793;746.38;1.4958;1.2479;0.1851;0.0601;0.0026;747.75;622.17;92.263;28.956;1.2331;102.15;82.946;32.502;5.4787;1.2858;18.496;3.1246;14.303;0;1;0;0;1.8691;0.9714;1;1;0.877;0.0688;0.9976;0.9991;1;0.9648;0.9396;0.998;0.998;1;0.998;0.998;0.9672;0.8445;0.0645;2.1911;2.1764;0.0131;-0.0014;0.2016;0.0137;0.0487;0.0032;0;0;0.088;1.7294;0;0;0;0;0;0;0;0;0;0;0;0;0.0393;0.0112;1.847;1.847;0;51.333;51.333;37.013;0.0497;1877;984;1;0.0296;0.0296;0;0;0;0;0;0;1.8174;1.7294;0;15.853;18.357;14.844;17.189;98.398;98.398;18.477;15.576;14.585;2.9014;0.9916;0.157;0.0537;0.7893;29.59;0.7754;0
10/09/21 09:00;37.575;-48.019;32.014;45.986;44.014;-90;-44.014;452.3;224.9;227.4;17.18;1.5999;0;316.2;139.96;86.315;0;12.067;554.55;0;554.55;316.2;86.315;139.96;12.067;0.5702;0.2742;0;0.0218;532.25;22.298;0;0;11.183;11.115;526.05;5.1358;0.6987;0.1907;4.1842;0.0621;531.19;1.0645;0.6324;0.1726;0.2576;0.0019;529.53;314.87;85.952;124.34;0.8879;227.56;184.78;70.973;7.9221;2.6791;38.538;3.4791;33.295;0;1;0;0;1.2261;0.9598;1;1;0.9201;0.0789;0.9903;0.9978;1;0.9674;0.9346;0.998;0.998;1;0.998;0.998;0.9486;0.8884;0.0736;1.5782;1.5922;0.0096;0.0039;0.1021;0.0103;0.0367;0.0068;0;0;0.088;1.2776;0;0;0;0;0;0;0;0;0;0;0;0;0.0295;0.0062;1.387;1.387;0;43.182;43.182;26.002;0.0494;1369.3;1012.9;1;0.0214;0.0214;0;0;0;0;0;0;1.3656;1.2776;0;16.528;19.139;15.224;17.629;98.459;98.459;13.309;11.697;10.774;1.6123;0.9224;0.1211;0.0693;0.8096;103.24;0.7695;0
10/09/21 10:00;45.407;-30.949;37.022;63.114;26.886;-90;-26.886;402.2;320.1;82.1;16.81;2.58;0;92.05;276.96;30.625;0;4.1301;403.76;0;403.76;92.05;30.625;276.96;4.1301;0.228;0.6962;0;0.0102;389.93;13.834;0;0;10.284;3.5499;379.63;9.5228;0.4724;0.1572;8.7815;0.1117;389.15;0.7799;0.1841;0.0612;0.5334;0.0012;380.8;91.393;30.406;257.36;0.4674;237.91;193.19;71.549;2.8635;2.6211;37.704;1.1747;37.462;0;1;0;0;1.0039;0.9657;1;1;0.9629;0.1405;0.9755;0.9949;1;0.967;0.8072;0.998;0.998;1;0.998;0.998;0.9402;0.9292;0.1132;1.1491;1.165;0.007;0.0098;0.0434;0.0077;0.0274;0.0068;0;0;0.088;0.9327;0;0;0;0;0;0;0;0;0;0;0;0;0.0221;0.0035;1.0372;1.0372;0;35.487;35.487;18.677;0.0492;999.91;1037.3;1;0.0166;0.0166;0;0;0;0;0;0;1.0207;0.9327;0;16.976;19.657;15.264;17.675;98.402;98.402;9.6903;8.7473;7.8654;0.9431;0.8819;0.0973;0.091;0.8117;178.83;0.7586;0
10/09/21 11:00;49.698;-9.6428;39.619;81.914;8.0856;-90;-8.0856;846.71;139.7;707.01;17.87;3.8901;0;714.11;43.627;96.815;0;0.7996;855.35;0;855.35;714.11;96.815;43.627;0.7996;0.8349;0.0519;0;0.0009;854.47;0.8855;0;0;0.221;0.6645;845.51;7.2413;4.7477;0.6437;1.8197;0.0302;852.76;1.7089;1.4282;0.1936;0.0868;0.0003;845.65;707.93;95.977;41.5;0.1046;496.18;402.9;151.6;0.0056;4.9239;70.828;0.13;75.746;0;1;0;0;1.0102;0.999;1;1;0.9949;0.169;0.9915;0.9933;1;0.958;0.7758;0.998;0.998;1;0.998;0.998;0.9885;0.9512;0.1308;2.4343;2.5613;0.0154;-0.0018;0.3177;0.0156;0.0554;0.0117;0;0;0.088;1.9662;0;0;0;0;0;0;0;0;0;0;0;0;0.0446;0.0152;2.0876;2.0876;0;60.199;60.199;42.329;0.0501;2205.9;946.38;1;0.0334;0.0334;0;0;0;0;0;0;2.0542;1.9662;0;16.128;18.675;15.19;17.589;98.401;98.401;20.528;17.605;16.581;2.9236;1.0236;0.1424;0.0499;0.8077;26.04;0.7606;0
10/09/21 12:00;49.286;13.453;39.375;78.679;11.321;90;11.321;798.59;134.6;663.99;20;4.2101;0;677.17;46.87;89.004;0;1.4762;814.52;0;814.52;677.17;89.004;46.87;1.4762;0.8314;0.0594;0;0.0018;812.87;1.6457;0;0;0.4173;1.2284;804.35;6.8972;4.4056;0.579;1.8569;0.0557;811.25;1.6257;1.3543;0.178;0.0929;0.0005;804.65;671.41;88.246;44.503;0.1916;465.09;377.66;139.17;0.0221;4.8073;69.15;0.2995;73.936;0;1;0;0;1.0199;0.998;1;1;0.9911;0.1679;0.9915;0.9935;1;0.9599;0.7747;0.998;0.998;1;0.998;0.998;0.9875;0.9495;0.1298;2.3181;2.4407;0.0147;-0.002;0.3037;0.0149;0.0527;0.0114;0;0;0.088;1.8693;0;0;0;0;0;0;0;0;0;0;0;0;0.0425;0.0139;1.9888;1.9888;0;60.272;60.272;40.272;0.0501;2102.4;945.98;1;0.0315;0.0315;0;0;0;0;0;0;1.9573;1.8693;0;16.135;18.684;15.165;17.561;98.415;98.415;19.548;16.772;15.764;2.7763;1.0079;0.142;0.0516;0.8064;28.192;0.7582;0
10/09/21 13:00;44.299;34.125;36.333;60.106;29.894;90;29.894;724.79;133.3;591.49;20.73;3.96;0;682.27;46.433;96.38;0;9.1614;834.25;0;834.25;682.27;96.38;46.433;9.1614;0.8178;0.0666;0;0.011;824.17;10.075;0;0;2.0486;8.0259;817.19;5.3297;3.2274;0.4559;1.4441;0.2023;822.52;1.6483;1.3645;0.1928;0.0888;0.0023;819.65;677.68;95.732;42.851;0.9309;386.15;313.55;118.68;0.6968;3.8316;55.117;2.4576;58.252;0;1;0;0;1.151;0.9879;1;1;0.9559;0.1239;0.9935;0.9953;1;0.9674;0.8215;0.998;0.998;1;0.998;0.998;0.9796;0.9229;0.1016;2.3742;2.4555;0.0148;-0.002;0.3181;0.0149;0.0527;0.0091;0;0;0.088;1.8719;0;0;0;0;0;0;0;0;0;0;0;0;0.0425;0.0141;1.9914;1.9914;0;61.693;61.693;40.963;0.0501;2116.4;940.93;1;0.0315;0.0315;0;0;0;0;0;0;1.9599;1.8719;0;15.773;18.265;14.827;17.169;98.42;98.42;20.022;16.793;15.786;3.2285;1.0074;0.1613;0.0503;0.7884;30.582;0.7513;0
10/09/21 14:00;36.015;50.473;30.984;43.303;46.697;90;46.697;592;134.3;457.69;21.13;3.3599;0;667.33;47.987;112.81;0;17.667;845.8;0;845.8;667.33;112.81;47.987;17.667;0.789;0.0776;0;0.0209;825.17;20.627;0;0;4.193;16.434;820.77;2.7535;1.0732;0.1814;1.4324;0.0664;823.52;1.6503;1.3347;0.2256;0.0876;0.0025;825.14;664.92;112.41;42.274;1.1641;251.25;204.02;75.406;3.3342;2.7984;40.254;4.3748;39.718;0;1;0;0;1.4287;0.9756;1;1;0.9126;0.0698;0.9967;0.9984;1;0.9672;0.946;0.998;0.998;1;0.998;0.998;0.9704;0.8809;0.0659;2.4071;2.4414;0.0147;-0.002;0.3216;0.0147;0.0523;0.0066;0;0;0.088;1.8582;0;0;0;0;0;0;0;0;0;0;0;0;0.0421;0.0139;1.9774;1.9774;0;62.292;62.292;41.162;0.0502;2105.6;939.11;1;0.0312;0.0312;0;0;0;0;0;0;1.9462;1.8582;0;15.449;17.889;14.518;16.811;98.424;98.424;20.299;16.675;15.67;3.6237;1.0049;0.1785;0.0495;0.772;36.281;0.7454;0
10/09/21 15:00;25.739;63.165;24.045;28.382;60;90;60;372.8;174.7;198.1;21.12;2.2;0;416.57;86.789;124.03;0;17.708;645.1;0;645.1;416.57;124.03;86.789;17.708;0.6457;0.162;0;0.0274;617.63;27.477;0;0;10.911;16.566;613.18;3.2052;0.3453;0.1028;2.6794;0.0777;616.39;1.2353;0.8331;0.2481;0.1518;0.0023;616.77;415.4;123.68;73.047;1.062;110.82;89.989;37.189;14.514;1.8267;26.277;3.5892;13.59;0;1;0;0;1.7304;0.9574;1;1;0.8743;0.0645;0.9948;0.9992;1;0.9646;0.9318;0.998;0.998;1;0.998;0.998;0.9505;0.8417;0.06;1.8359;1.8173;0.0109;0.0014;0.171;0.0114;0.0406;0.0045;0;0;0.088;1.4252;0;0;0;0;0;0;0;0;0;0;0;0;0.0327;0.008;1.5368;1.5368;0;51.623;51.623;30.503;0.0497;1564.9;982.04;1;0.0237;0.0237;0;0;0;0;0;0;1.5132;1.4252;0;15.742;18.229;14.598;16.905;98.461;98.461;15.482;12.96;12.019;2.5222;0.9416;0.1629;0.0608;0.7763;75.555;0.7533;0
10/09/21 16:00;14.343;73.487;53.074;14.933;23.746;90;23.746;100.9;97.896;2.9997;20.05;1.41;0;7.2752;92.912;2.128;0;0.8115;103.13;0;103.13;7.2752;2.128;92.912;0.8115;0.0705;0.9088;0;0.0079;99.6;3.5264;0;0;2.8358;0.6905;96.199;3.2021;0.123;0.036;3.018;0.0252;99.401;0.1992;0.0146;0.0043;0.1802;0.0002;96.415;7.1377;2.0877;86.878;0.0955;58.896;47.824;17.425;0.619;0.6617;9.5179;0.2157;9.5606;0;1;0;0;1.0221;0.9658;1;1;0.9695;0.149;0.9678;0.9831;1;0.9664;0.791;0.998;0.998;1;0.998;0.998;0.9328;0.9351;0.1176;0.2935;0.2949;0.0018;0.0165;-0.0002;0.0019;0.0069;0.0017;0;0;0.088;0.1658;0;0;0;0;0;0;0;0;0;0;0;0;0.0055;0.0004;0.2605;0.2605;0;24.795;24.795;4.7448;0.0493;251.17;1037.2;1;0.0067;0.0067;0;0;0;0;0;0;0.2538;0.1658;0;16.692;19.329;10.626;12.305;97.442;97.442;2.475;2.1969;1.3986;0.2782;0.7983;0.1124;0.3225;0.5651;58.877;0.5285;0
10/09/21 17:00;4.1737;81.217;79.833;4.223;6.0649;90;6.0649;10.998;10.903;0.0953;16.96;1.06;0;0.231;10.862;0.0256;0;0.0058;11.124;0;11.124;0.231;0.0256;10.862;0.0058;0.0208;0.9769;0;0.0005;11.085;0.0395;0;0;0.0347;0.0049;10.516;0.5467;0.0727;0.0081;0.4657;0.0002;11.062;0.0222;0.0005;0.0001;0.0217;0;10.516;0.1579;0.0175;10.34;0.0008;6.4606;5.246;1.8481;0.0003;0.0723;1.0402;0.0005;1.1122;0;1;0;0;1.0115;0.9964;1;1;0.9968;0.1669;0.9506;0.6848;1;0.9569;0.7761;0.998;0.998;1;0.998;0.998;0.9453;0.9519;0.1293;0.0317;0.0322;0.0002;0.0062;-0.0008;0.0002;0.0007;0.0002;0;0;0.088;-0.0655;0;0;0;0;0;0;0;0;0;0;0;0;0.0005;0;0.025;0.025;0;17.493;17.493;0.5326;0.0506;25.796;969.93;1;0.0025;0.0025;0;0;0;0;0;0;0.0225;-0.0655;0;14.862;17.21;-38.9;-45.046;89.981;89.981;0.267;0.211;-0.5523;0.056;0.7633;0.2097;2.8588;0;6.4601;0;0
10/09/21 18:00;0;0;90;0;0;90;0;0;0;0;12.05;1.25;0;0;0;0;0;0;0;0;0;0;0;0;0;1;1;1;1;0;0;0;0;0;0;0;0;0;0;0;0;0;0;0;0;0;0;0;0;0;0;0;0;0;0;0;0;0;0;0;0;0;0;0;1;1;1;1;1;1;1;1;1;1;1;1;1;1;1;1;1;1;1;0;0;0;0;0;0;0;0;0;0.0004;0.088;-0.0884;0;0;0;0;0;0;0;0;0;0;0;0;0;0;0;0;0;0;0;-12.05;0;0;0;0;0.0004;0;0;0;0;0;0;0;-0.0004;-0.0884;0;0;0;0;0;0;0;0;0;-0.7452;0;0.7452;1;1;0;0;0;0
10/09/21 19:00;0;0;90;0;0;90;0;0;0;0;9.6397;1.6799;0;0;0;0;0;0;0;0;0;0;0;0;0;1;1;1;1;0;0;0;0;0;0;0;0;0;0;0;0;0;0;0;0;0;0;0;0;0;0;0;0;0;0;0;0;0;0;0;0;0;0;0;1;1;1;1;1;1;1;1;1;1;1;1;1;1;1;1;1;1;1;0;0;0;0;0;0;0;0;0;0.0004;0.088;-0.0884;0;0;0;0;0;0;0;0;0;0;0;0;0;0;0;0;0;0;0;-9.6397;0;0;0;0;0.0004;0;0;0;0;0;0;0;-0.0004;-0.0884;0;0;0;0;0;0;0;0;0;-0.7452;0;0.7452;1;1;0;0;0;0
10/09/21 20:00;0;0;90;0;0;90;0;0;0;0;8.7901;2.1;0;0;0;0;0;0;0;0;0;0;0;0;0;1;1;1;1;0;0;0;0;0;0;0;0;0;0;0;0;0;0;0;0;0;0;0;0;0;0;0;0;0;0;0;0;0;0;0;0;0;0;0;1;1;1;1;1;1;1;1;1;1;1;1;1;1;1;1;1;1;1;0;0;0;0;0;0;0;0;0;0.0004;0.088;-0.0884;0;0;0;0;0;0;0;0;0;0;0;0;0;0;0;0;0;0;0;-8.7901;0;0;0;0;0.0004;0;0;0;0;0;0;0;-0.0004;-0.0884;0;0;0;0;0;0;0;0;0;-0.7452;0;0.7452;1;1;0;0;0;0
10/09/21 21:00;0;0;90;0;0;90;0;0;0;0;8.9603;2.5401;0;0;0;0;0;0;0;0;0;0;0;0;0;1;1;1;1;0;0;0;0;0;0;0;0;0;0;0;0;0;0;0;0;0;0;0;0;0;0;0;0;0;0;0;0;0;0;0;0;0;0;0;1;1;1;1;1;1;1;1;1;1;1;1;1;1;1;1;1;1;1;0;0;0;0;0;0;0;0;0;0.0004;0.088;-0.0884;0;0;0;0;0;0;0;0;0;0;0;0;0;0;0;0;0;0;0;-8.9603;0;0;0;0;0.0004;0;0;0;0;0;0;0;-0.0004;-0.0884;0;0;0;0;0;0;0;0;0;-0.7452;0;0.7452;1;1;0;0;0;0
10/09/21 22:00;0;0;90;0;0;90;0;0;0;0;8.1001;2.9;0;0;0;0;0;0;0;0;0;0;0;0;0;1;1;1;1;0;0;0;0;0;0;0;0;0;0;0;0;0;0;0;0;0;0;0;0;0;0;0;0;0;0;0;0;0;0;0;0;0;0;0;1;1;1;1;1;1;1;1;1;1;1;1;1;1;1;1;1;1;1;0;0;0;0;0;0;0;0;0;0.0004;0.088;-0.0884;0;0;0;0;0;0;0;0;0;0;0;0;0;0;0;0;0;0;0;-8.1001;0;0;0;0;0.0004;0;0;0;0;0;0;0;-0.0004;-0.0884;0;0;0;0;0;0;0;0;0;-0.7452;0;0.7452;1;1;0;0;0;0
10/09/21 23:00;0;0;90;0;0;90;0;0;0;0;8.3999;3.1999;0;0;0;0;0;0;0;0;0;0;0;0;0;1;1;1;1;0;0;0;0;0;0;0;0;0;0;0;0;0;0;0;0;0;0;0;0;0;0;0;0;0;0;0;0;0;0;0;0;0;0;0;1;1;1;1;1;1;1;1;1;1;1;1;1;1;1;1;1;1;1;0;0;0;0;0;0;0;0;0;0.0004;0.088;-0.0884;0;0;0;0;0;0;0;0;0;0;0;0;0;0;0;0;0;0;0;-8.3999;0;0;0;0;0.0004;0;0;0;0;0;0;0;-0.0004;-0.0884;0;0;0;0;0;0;0;0;0;-0.7452;0;0.7452;1;1;0;0;0;0
11/09/21 00:00;0;0;90;0;0;90;0;0;0;0;6.2899;3.4399;0;0;0;0;0;0;0;0;0;0;0;0;0;1;1;1;1;0;0;0;0;0;0;0;0;0;0;0;0;0;0;0;0;0;0;0;0;0;0;0;0;0;0;0;0;0;0;0;0;0;0;0;1;1;1;1;1;1;1;1;1;1;1;1;1;1;1;1;1;1;1;0;0;0;0;0;0;0;0;0;0.0004;0.088;-0.0884;0;0;0;0;0;0;0;0;0;0;0;0;0;0;0;0;0;0;0;-6.2899;0;0;0;0;0.0004;0;0;0;0;0;0;0;-0.0004;-0.0884;0;0;0;0;0;0;0;0;0;-0.7452;0;0.7452;1;1;0;0;0;0
11/09/21 01:00;0;0;90;0;0;90;0;0;0;0;6.4302;3.62;0;0;0;0;0;0;0;0;0;0;0;0;0;1;1;1;1;0;0;0;0;0;0;0;0;0;0;0;0;0;0;0;0;0;0;0;0;0;0;0;0;0;0;0;0;0;0;0;0;0;0;0;1;1;1;1;1;1;1;1;1;1;1;1;1;1;1;1;1;1;1;0;0;0;0;0;0;0;0;0;0.0004;0.088;-0.0884;0;0;0;0;0;0;0;0;0;0;0;0;0;0;0;0;0;0;0;-6.4302;0;0;0;0;0.0004;0;0;0;0;0;0;0;-0.0004;-0.0884;0;0;0;0;0;0;0;0;0;-0.7452;0;0.7452;1;1;0;0;0;0
11/09/21 02:00;0;0;90;0;0;90;0;0;0;0;6.8603;3.69;0;0;0;0;0;0;0;0;0;0;0;0;0;1;1;1;1;0;0;0;0;0;0;0;0;0;0;0;0;0;0;0;0;0;0;0;0;0;0;0;0;0;0;0;0;0;0;0;0;0;0;0;1;1;1;1;1;1;1;1;1;1;1;1;1;1;1;1;1;1;1;0;0;0;0;0;0;0;0;0;0.0004;0.088;-0.0884;0;0;0;0;0;0;0;0;0;0;0;0;0;0;0;0;0;0;0;-6.8603;0;0;0;0;0.0004;0;0;0;0;0;0;0;-0.0004;-0.0884;0;0;0;0;0;0;0;0;0;-0.7452;0;0.7452;1;1;0;0;0;0
11/09/21 03:00;0;0;90;0;0;90;0;0;0;0;7.8801;3.78;0;0;0;0;0;0;0;0;0;0;0;0;0;1;1;1;1;0;0;0;0;0;0;0;0;0;0;0;0;0;0;0;0;0;0;0;0;0;0;0;0;0;0;0;0;0;0;0;0;0;0;0;1;1;1;1;1;1;1;1;1;1;1;1;1;1;1;1;1;1;1;0;0;0;0;0;0;0;0;0;0.0004;0.088;-0.0884;0;0;0;0;0;0;0;0;0;0;0;0;0;0;0;0;0;0;0;-7.8801;0;0;0;0;0.0004;0;0;0;0;0;0;0;-0.0004;-0.0884;0;0;0;0;0;0;0;0;0;-0.7452;0;0.7452;1;1;0;0;0;0
11/09/21 04:00;0;0;90;0;0;90;0;0;0;0;6.1198;3.9999;0;0;0;0;0;0;0;0;0;0;0;0;0;1;1;1;1;0;0;0;0;0;0;0;0;0;0;0;0;0;0;0;0;0;0;0;0;0;0;0;0;0;0;0;0;0;0;0;0;0;0;0;1;1;1;1;1;1;1;1;1;1;1;1;1;1;1;1;1;1;1;0;0;0;0;0;0;0;0;0;0.0004;0.088;-0.0884;0;0;0;0;0;0;0;0;0;0;0;0;0;0;0;0;0;0;0;-6.1198;0;0;0;0;0.0004;0;0;0;0;0;0;0;-0.0004;-0.0884;0;0;0;0;0;0;0;0;0;-0.7452;0;0.7452;1;1;0;0;0;0
11/09/21 05:00;0;0;90;0;0;90;0;0;0;0;9.5001;4.5201;0;0;0;0;0;0;0;0;0;0;0;0;0;1;1;1;1;0;0;0;0;0;0;0;0;0;0;0;0;0;0;0;0;0;0;0;0;0;0;0;0;0;0;0;0;0;0;0;0;0;0;0;1;1;1;1;1;1;1;1;1;1;1;1;1;1;1;1;1;1;1;0;0;0;0;0;0;0;0;0;0.0004;0.088;-0.0884;0;0;0;0;0;0;0;0;0;0;0;0;0;0;0;0;0;0;0;-9.5001;0;0;0;0;0.0004;0;0;0;0;0;0;0;-0.0004;-0.0884;0;0;0;0;0;0;0;0;0;-0.7452;0;0.7452;1;1;0;0;0;0
11/09/21 06:00;5.4924;-80.731;76.577;5.5646;8.0373;-90;-8.0373;56.494;28.098;28.396;9.3997;5.6501;0;68.869;21.823;14.955;0;0.0527;105.7;0;105.7;68.869;14.955;21.823;0.0527;0.6515;0.207;0;0.0005;105.55;0.1533;0;0;0.1094;0.0438;86.03;19.307;15.112;3.2817;0.9109;0.002;105.34;0.2111;0.1377;0.0299;0.0434;0;86.033;53.62;11.644;20.76;0.0069;13.194;10.714;3.6912;0.0026;0.1532;2.2038;0.003;2.3544;0;1;0;0;1.871;0.9986;1;1;0.995;0.1689;0.8167;0.7801;1;0.958;0.7758;0.998;0.998;1;0.998;0.998;0.8139;0.9513;0.1308;0.3008;0.2506;0.0015;0.0158;-0.0104;0.0017;0.006;0.0004;0;0;0.088;0.1354;0;0;0;0;0;0;0;0;0;0;0;0;0.0049;0.0003;0.2303;0.2303;0;13.608;13.608;4.2083;0.0489;213.22;1080.2;1;0.0069;0.0069;0;0;0;0;0;0;0.2234;0.1354;0;14.399;16.673;8.4671;9.8047;97.012;97.012;2.5368;1.9423;1.1422;0.5945;0.8002;0.2343;0.3154;0.4502;13.025;0.4433;0
11/09/21 07:00;16.615;-72.121;46.092;17.409;29.111;-90;-29.111;256.7;43.098;213.61;11.26;5.8001;0;518.06;18.064;57.76;0;3.0805;596.96;0;596.96;518.06;57.76;18.064;3.0805;0.8678;0.0354;0;0.0052;593.52;3.4375;0;0;0.7616;2.6759;585.69;6.6414;5.4017;0.6022;0.5646;0.0729;592.34;1.187;1.0361;0.1155;0.0346;0.0008;585.76;511.62;57.042;16.703;0.3309;12.998;10.554;4.1043;0.2472;0.1364;1.9619;0.0706;1.8511;0;1;0;0;2.3255;0.9942;1;1;0.9578;0.1313;0.9888;0.9896;1;0.9673;0.8194;0.998;0.998;1;0.998;0.998;0.9811;0.9247;0.1074;1.6989;1.6799;0.0101;0.0029;0.0893;0.011;0.0392;0.0003;0;0;0.088;1.377;0;0;0;0;0;0;0;0;0;0;0;0;0.0315;0.0069;1.4886;1.4886;0;40.125;40.125;28.865;0.0493;1447.6;1028.3;1;0.0235;0.0235;0;0;0;0;0;0;1.465;1.377;0;16.477;19.081;15.243;17.651;98.418;98.418;14.327;12.553;11.613;1.7738;0.9407;0.1238;0.0657;0.8105;11.834;0.8085;0
11/09/21 08:00;27.888;-61.473;24.967;31.062;58.938;-90;-58.938;468.5;77.302;391.2;14.42;5.71;0;758.17;22.344;92.688;0;21.543;894.75;0;894.75;758.17;92.688;22.344;21.543;0.8474;0.049;0;0.0241;871.96;22.791;0;0;2.7277;20.063;868.71;1.5058;0.6525;0.0798;0.6867;0.0868;870.21;1.7439;1.5163;0.1854;0.0392;0.003;872.14;756.01;92.423;18.89;1.3896;109.13;88.61;33.387;3.5099;1.308;18.816;3.4351;16.614;0;1;0;0;1.9098;0.9745;1;1;0.8779;0.0687;0.9983;0.9991;1;0.9649;0.9412;0.998;0.998;1;0.998;0.998;0.9709;0.8454;0.0645;2.5464;2.533;0.0153;-0.0019;0.2926;0.0156;0.0553;0.0031;0;0;0.088;1.9718;0;0;0;0;0;0;0;0;0;0;0;0;0.0445;0.0149;2.0935;2.0935;0;57.824;57.824;43.404;0.05;2186;957.71;1;0.0337;0.0337;0;0;0;0;0;0;2.0598;1.9718;0;15.461;17.904;14.562;16.863;98.389;98.389;21.474;17.655;16.628;3.819;1.0265;0.1778;0.0478;0.7744;19.217;0.7624;0
11/09/21 09:00;37.93;-48.223;31.702;46.261;43.739;-90;-43.739;643.61;106.2;537.41;18.66;6.18;0;743.82;32.312;95.06;0;16.967;888.16;0;888.16;743.82;95.06;32.312;16.967;0.8375;0.0555;0;0.0191;869.98;18.178;0;0;2.558;15.62;865.48;2.7568;1.5079;0.1927;0.9662;0.0899;868.24;1.74;1.4876;0.1901;0.0595;0.0027;869.72;740.82;94.678;28.728;1.2544;285.67;231.96;87.345;1.7934;2.9472;42.394;4.2343;43.548;0;1;0;0;1.38;0.9795;1;1;0.9208;0.0794;0.9968;0.998;1;0.9675;0.9331;0.998;0.998;1;0.998;0.998;0.9745;0.8891;0.0739;2.5276;2.5732;0.0155;-0.0018;0.3363;0.0156;0.0552;0.007;0;0;0.088;1.9645;0;0;0;0;0;0;0;0;0;0;0;0;0.0445;0.0154;2.0857;2.0857;0;62.054;62.054;43.394;0.0501;2218.5;940.15;1;0.0332;0.0332;0;0;0;0;0;0;2.0525;1.9645;0;15.518;17.969;14.616;16.925;98.407;98.407;21.316;17.589;16.567;3.7269;1.0222;0.1748;0.048;0.7772;23.775;0.7504;0
11/09/21 10:00;45.789;-31.063;36.678;63.345;26.655;-90;-26.655;769.41;127;642.41;21.7;7.1799;0;718.8;40.525;94.212;0;7.7681;861.31;0;861.31;718.8;94.212;40.525;7.7681;0.8345;0.0561;0;0.009;853.15;8.1537;0;0;1.4841;6.6696;845.94;5.5093;3.545;0.4646;1.287;0.2127;851.45;1.7063;1.4376;0.1884;0.0781;0.0022;847.96;713.82;93.559;37.676;0.8836;419.16;340.36;127.8;0.4083;4.203;60.459;2.0238;64.253;0;1;0;0;1.1194;0.9905;1;1;0.9634;0.1414;0.9935;0.9951;1;0.967;0.806;0.998;0.998;1;0.998;0.998;0.9822;0.9297;0.1138;2.4512;2.5472;0.0153;-0.0019;0.3527;0.0153;0.0541;0.0098;0;0;0.088;1.9229;0;0;0;0;0;0;0;0;0;0;0;0;0.0436;0.0151;2.0431;2.0431;0;64.189;64.189;42.489;0.0502;2194.4;931.06;1;0.0322;0.0322;0;0;0;0;0;0;2.0109;1.9229;0;15.675;18.151;14.752;17.083;98.422;98.422;20.671;17.23;16.216;3.4415;1.0139;0.1665;0.0491;0.7845;26.129;0.7453;0
11/09/21 11:00;50.087;-9.5863;39.247;82.069;7.9307;-90;-7.9307;829.2;136.8;692.41;23.04;8.0599;0;699.09;45.229;92.233;0;0.7534;837.31;0;837.31;699.09;92.233;45.229;0.7534;0.8349;0.0549;0;0.0009;836.46;0.8481;0;0;0.2219;0.6262;827.78;7.0086;4.4962;0.5932;1.8908;0.0285;834.79;1.6729;1.3982;0.1845;0.09;0.0003;827.9;693.2;91.455;43.027;0.0985;486.06;394.68;148.47;0.0053;4.8259;69.418;0.1209;74.239;0;1;0;0;1.0098;0.999;1;1;0.9951;0.1689;0.9916;0.9936;1;0.9579;0.7759;0.998;0.998;1;0.998;0.998;0.9886;0.9513;0.1308;2.3829;2.5077;0.0151;-0.002;0.3514;0.015;0.0532;0.0113;0;0;0.088;1.8867;0;0;0;0;0;0;0;0;0;0;0;0;0.0429;0.0146;2.0062;2.0062;0;64.633;64.633;41.593;0.0502;2159.8;928.9;1;0.0315;0.0315;0;0;0;0;0;0;1.9747;1.8867;0;15.833;18.334;14.89;17.242;98.43;98.43;20.095;16.919;15.911;3.1766;1.0077;0.1581;0.0501;0.7918;26.988;0.7455;0
11/09/21 12:00;49.642;13.7;38.987;78.62;11.38;90;11.38;822.19;135.3;686.89;24.49;8.47;0;700.67;44.637;92.03;0;1.5356;838.87;0;838.87;700.67;92.03;44.637;1.5356;0.8353;0.055;0;0.0018;837.19;1.6787;0;0;0.4009;1.2778;828.71;6.8023;4.3998;0.5779;1.7666;0.058;835.52;1.6744;1.4013;0.1841;0.0885;0.0005;829.03;694.87;91.268;42.381;0.1993;478.72;388.72;143.28;0.0215;4.946;71.146;0.3123;76.071;0;1;0;0;1.0203;0.998;1;1;0.991;0.1679;0.9919;0.9937;1;0.96;0.7747;0.998;0.998;1;0.998;0.998;0.9879;0.9495;0.1298;2.3874;2.5144;0.0151;-0.0019;0.3665;0.0149;0.053;0.0115;0;0;0.088;1.8788;0;0;0;0;0;0;0;0;0;0;0;0;0.0427;0.0147;1.998;1.998;0;66.183;66.183;41.693;0.0503;2165.2;922.77;1;0.0312;0.0312;0;0;0;0;0;0;1.9668;1.8788;0;15.739;18.225;14.799;17.137;98.437;98.437;20.133;16.849;15.844;3.2837;1.0054;0.1631;0.0499;0.787;26.853;0.74;0
11/09/21 13:00;44.595;34.482;35.943;60.135;29.865;90;29.865;741.81;129.2;612.61;24.72;8.1299;0;706.42;42.766;96.164;0;9.3584;854.7;0;854.7;706.42;96.164;42.766;9.3584;0.8265;0.061;0;0.0109;844.62;10.081;0;0;1.8839;8.1973;837.78;5.1513;3.181;0.433;1.3302;0.2071;842.93;1.6892;1.4128;0.1923;0.0818;0.0023;840.29;701.82;95.538;39.47;0.9517;394.86;320.63;121.37;0.6398;3.9127;56.283;2.5069;59.556;0;1;0;0;1.1522;0.9882;1;1;0.9559;0.1241;0.9939;0.9955;1;0.9674;0.8213;0.998;0.998;1;0.998;0.998;0.9802;0.9229;0.1017;2.4324;2.5169;0.0152;-0.0019;0.3733;0.0149;0.0529;0.009;0;0;0.088;1.877;0;0;0;0;0;0;0;0;0;0;0;0;0.0426;0.0147;1.9962;1.9962;0;66.894;66.894;42.174;0.0503;2168.5;920.55;1;0.0311;0.0311;0;0;0;0;0;0;1.965;1.877;0;15.433;17.871;14.512;16.804;98.44;98.44;20.513;16.834;15.829;3.6789;1.0047;0.1793;0.049;0.7717;28.161;0.7354;0
11/09/21 14:00;36.252;50.857;30.601;43.395;46.605;90;46.605;606.9;126.8;480.1;25;7.3;0;698.82;42.72;110.85;0;18.045;870.43;0;870.43;698.82;110.85;42.72;18.045;0.8028;0.0698;0;0.0207;849.93;20.506;0;0;3.7222;16.783;845.76;2.465;0.9679;0.1535;1.2752;0.0684;848.23;1.6999;1.3976;0.2217;0.078;0.0025;850.2;696.45;110.47;37.645;1.1907;256.32;208.13;76.825;2.9488;2.8319;40.736;4.4364;40.619;0;1;0;0;1.4342;0.9764;1;1;0.9129;0.0699;0.9971;0.9986;1;0.9672;0.9457;0.998;0.998;1;0.998;0.998;0.9717;0.8812;0.066;2.4772;2.5141;0.0151;-0.0019;0.3794;0.0149;0.0527;0.0065;0;0;0.088;1.8714;0;0;0;0;0;0;0;0;0;0;0;0;0.0424;0.0147;1.9903;1.9903;0;67.6;67.6;42.6;0.0504;2167.3;918.35;1;0.031;0.031;0;0;0;0;0;0;1.9594;1.8714;0;15.11;17.497;14.207;16.451;98.443;98.443;20.89;16.785;15.781;4.1055;1.0034;0.1965;0.048;0.7554;32.271;0.7299;0
11/09/21 15:00;25.932;63.542;23.665;28.509;60;90;60;421.01;133.8;287.21;24.54;6.18;0;601.54;51.595;136.15;0;19.998;809.28;0;809.28;601.54;136.15;51.595;19.998;0.7433;0.0885;0;0.0247;784.09;25.195;0;0;6.4864;18.708;780.24;2.2824;0.4907;0.1111;1.5929;0.0878;782.52;1.5682;1.2031;0.2723;0.0902;0.0026;783.55;599.85;135.76;43.425;1.1994;94.457;76.699;30.309;8.6307;1.4041;20.198;3.3078;12.971;0;1;0;0;1.9222;0.9689;1;1;0.8743;0.0645;0.9971;0.9992;1;0.9646;0.9318;0.998;0.998;1;0.998;0.998;0.9641;0.8417;0.06;2.3032;2.2822;0.0137;-0.0018;0.313;0.0137;0.0486;0.0033;0;0;0.088;1.7238;0;0;0;0;0;0;0;0;0;0;0;0;0.0391;0.0123;1.8403;1.8403;0;63.718;63.718;39.178;0.0502;1970.5;933.9;1;0.0285;0.0285;0;0;0;0;0;0;1.8118;1.7238;0;15.026;17.4;14.075;16.298;98.452;98.452;19.423;15.519;14.537;3.9037;0.9823;0.201;0.0506;0.7484;44.917;0.7347;0
11/09/21 16:00;14.507;73.853;52.59;15.076;24.034;90;24.034;206.4;126.1;80.302;23.26;5.4199;0;194.75;92.027;72.525;0;1.7;361.01;0;361.01;194.75;72.525;92.027;1.7;0.5395;0.2596;0;0.0047;356.69;4.3121;0;0;2.8637;1.4485;348.65;7.332;3.1317;1.1662;2.9819;0.0522;355.98;0.7134;0.3895;0.1451;0.1783;0.0005;348.88;191.23;71.214;86.003;0.1988;58.952;47.869;17.149;0.6403;0.6827;9.8198;0.2284;9.8622;0;1;0;0;1.749;0.9881;1;1;0.9689;0.1479;0.9794;0.9839;1;0.9665;0.7921;0.998;0.998;1;0.998;0.998;0.9658;0.9345;0.117;1.0274;1.0178;0.0061;0.0119;0.0564;0.0066;0.0234;0.0017;0;0;0.088;0.7879;0;0;0;0;0;0;0;0;0;0;0;0;0.0189;0.0028;0.89;0.89;0;40.494;40.494;17.234;0.0494;876.16;1015.8;1;0.0141;0.0141;0;0;0;0;0;0;0.8759;0.7879;0;16.29;18.864;14.422;16.7;98.417;98.417;8.6641;7.5053;6.6443;1.1588;0.861;0.1338;0.0994;0.7669;58.412;0.7516;0
11/09/21 17:00;4.3235;81.578;79.465;4.3704;6.2801;90;6.2801;15.491;15.399;0.0917;19.8;5.38;0;0.2225;15.339;0.0336;0;0.0088;15.604;0;15.604;0.2225;0.0336;15.339;0.0088;0.0143;0.9836;0;0.0006;15.545;0.0591;0;0;0.0518;0.0074;14.78;0.7335;0.0671;0.0101;0.6559;0.0003;15.514;0.0311;0.0004;0.0001;0.0306;0;14.781;0.1549;0.0234;14.601;0.0011;9.1267;7.4109;2.611;0.0006;0.1021;1.4693;0.0009;1.5708;0;1;0;0;1.0073;0.9962;1;1;0.9966;0.167;0.9527;0.6976;1;0.957;0.776;0.998;0.998;1;0.998;0.998;0.9472;0.9519;0.1293;0.0444;0.0452;0.0003;0.0075;-0.0007;0.0003;0.0009;0.0002;0;0;0.088;-0.0548;0;0;0;0;0;0;0;0;0;0;0;0;0.0008;0;0.036;0.036;0;20.545;20.545;0.7453;0.0504;36.983;972.9;1;0.0028;0.0028;0;0;0;0;0;0;0.0332;-0.0548;0;15.237;17.644;-23.196;-26.86;92.342;92.342;0.3745;0.3034;-0.4619;0.0711;0.7654;0.1898;2.0437;0;9.1262;0;0
11/09/21 18:00;0;0;90;0;0;90;0;0;0;0;15.91;5.4999;0;0;0;0;0;0;0;0;0;0;0;0;0;1;1;1;1;0;0;0;0;0;0;0;0;0;0;0;0;0;0;0;0;0;0;0;0;0;0;0;0;0;0;0;0;0;0;0;0;0;0;0;1;1;1;1;1;1;1;1;1;1;1;1;1;1;1;1;1;1;1;0;0;0;0;0;0;0;0;0;0.0004;0.088;-0.0884;0;0;0;0;0;0;0;0;0;0;0;0;0;0;0;0;0;0;0;-15.91;0;0;0;0;0.0004;0;0;0;0;0;0;0;-0.0004;-0.0884;0;0;0;0;0;0;0;0;0;-0.7452;0;0.7452;1;1;0;0;0;0
11/09/21 19:00;0;0;90;0;0;90;0;0;0;0;16.27;5.61;0;0;0;0;0;0;0;0;0;0;0;0;0;1;1;1;1;0;0;0;0;0;0;0;0;0;0;0;0;0;0;0;0;0;0;0;0;0;0;0;0;0;0;0;0;0;0;0;0;0;0;0;1;1;1;1;1;1;1;1;1;1;1;1;1;1;1;1;1;1;1;0;0;0;0;0;0;0;0;0;0.0004;0.088;-0.0884;0;0;0;0;0;0;0;0;0;0;0;0;0;0;0;0;0;0;0;-16.27;0;0;0;0;0.0004;0;0;0;0;0;0;0;-0.0004;-0.0884;0;0;0;0;0;0;0;0;0;-0.7452;0;0.7452;1;1;0;0;0;0
11/09/21 20:00;0;0;90;0;0;90;0;0;0;0;14.44;5.92;0;0;0;0;0;0;0;0;0;0;0;0;0;1;1;1;1;0;0;0;0;0;0;0;0;0;0;0;0;0;0;0;0;0;0;0;0;0;0;0;0;0;0;0;0;0;0;0;0;0;0;0;1;1;1;1;1;1;1;1;1;1;1;1;1;1;1;1;1;1;1;0;0;0;0;0;0;0;0;0;0.0004;0.088;-0.0884;0;0;0;0;0;0;0;0;0;0;0;0;0;0;0;0;0;0;0;-14.44;0;0;0;0;0.0004;0;0;0;0;0;0;0;-0.0004;-0.0884;0;0;0;0;0;0;0;0;0;-0.7452;0;0.7452;1;1;0;0;0;0
11/09/21 21:00;0;0;90;0;0;90;0;0;0;0;13.94;5.86;0;0;0;0;0;0;0;0;0;0;0;0;0;1;1;1;1;0;0;0;0;0;0;0;0;0;0;0;0;0;0;0;0;0;0;0;0;0;0;0;0;0;0;0;0;0;0;0;0;0;0;0;1;1;1;1;1;1;1;1;1;1;1;1;1;1;1;1;1;1;1;0;0;0;0;0;0;0;0;0;0.0004;0.088;-0.0884;0;0;0;0;0;0;0;0;0;0;0;0;0;0;0;0;0;0;0;-13.94;0;0;0;0;0.0004;0;0;0;0;0;0;0;-0.0004;-0.0884;0;0;0;0;0;0;0;0;0;-0.7452;0;0.7452;1;1;0;0;0;0
11/09/21 22:00;0;0;90;0;0;90;0;0;0;0;12.01;5.07;0;0;0;0;0;0;0;0;0;0;0;0;0;1;1;1;1;0;0;0;0;0;0;0;0;0;0;0;0;0;0;0;0;0;0;0;0;0;0;0;0;0;0;0;0;0;0;0;0;0;0;0;1;1;1;1;1;1;1;1;1;1;1;1;1;1;1;1;1;1;1;0;0;0;0;0;0;0;0;0;0.0004;0.088;-0.0884;0;0;0;0;0;0;0;0;0;0;0;0;0;0;0;0;0;0;0;-12.01;0;0;0;0;0.0004;0;0;0;0;0;0;0;-0.0004;-0.0884;0;0;0;0;0;0;0;0;0;-0.7452;0;0.7452;1;1;0;0;0;0
11/09/21 23:00;0;0;90;0;0;90;0;0;0;0;12.09;3.88;0;0;0;0;0;0;0;0;0;0;0;0;0;1;1;1;1;0;0;0;0;0;0;0;0;0;0;0;0;0;0;0;0;0;0;0;0;0;0;0;0;0;0;0;0;0;0;0;0;0;0;0;1;1;1;1;1;1;1;1;1;1;1;1;1;1;1;1;1;1;1;0;0;0;0;0;0;0;0;0;0.0004;0.088;-0.0884;0;0;0;0;0;0;0;0;0;0;0;0;0;0;0;0;0;0;0;-12.09;0;0;0;0;0.0004;0;0;0;0;0;0;0;-0.0004;-0.0884;0;0;0;0;0;0;0;0;0;-0.7452;0;0.7452;1;1;0;0;0;0
12/09/21 00:00;0;0;90;0;0;90;0;0;0;0;14.58;3.1701;0;0;0;0;0;0;0;0;0;0;0;0;0;1;1;1;1;0;0;0;0;0;0;0;0;0;0;0;0;0;0;0;0;0;0;0;0;0;0;0;0;0;0;0;0;0;0;0;0;0;0;0;1;1;1;1;1;1;1;1;1;1;1;1;1;1;1;1;1;1;1;0;0;0;0;0;0;0;0;0;0.0004;0.088;-0.0884;0;0;0;0;0;0;0;0;0;0;0;0;0;0;0;0;0;0;0;-14.58;0;0;0;0;0.0004;0;0;0;0;0;0;0;-0.0004;-0.0884;0;0;0;0;0;0;0;0;0;-0.7452;0;0.7452;1;1;0;0;0;0
12/09/21 01:00;0;0;90;0;0;90;0;0;0;0;11.4;2.6;0;0;0;0;0;0;0;0;0;0;0;0;0;1;1;1;1;0;0;0;0;0;0;0;0;0;0;0;0;0;0;0;0;0;0;0;0;0;0;0;0;0;0;0;0;0;0;0;0;0;0;0;1;1;1;1;1;1;1;1;1;1;1;1;1;1;1;1;1;1;1;0;0;0;0;0;0;0;0;0;0.0004;0.088;-0.0884;0;0;0;0;0;0;0;0;0;0;0;0;0;0;0;0;0;0;0;-11.4;0;0;0;0;0.0004;0;0;0;0;0;0;0;-0.0004;-0.0884;0;0;0;0;0;0;0;0;0;-0.7452;0;0.7452;1;1;0;0;0;0
12/09/21 02:00;0;0;90;0;0;90;0;0;0;0;11.39;2.0701;0;0;0;0;0;0;0;0;0;0;0;0;0;1;1;1;1;0;0;0;0;0;0;0;0;0;0;0;0;0;0;0;0;0;0;0;0;0;0;0;0;0;0;0;0;0;0;0;0;0;0;0;1;1;1;1;1;1;1;1;1;1;1;1;1;1;1;1;1;1;1;0;0;0;0;0;0;0;0;0;0.0004;0.088;-0.0884;0;0;0;0;0;0;0;0;0;0;0;0;0;0;0;0;0;0;0;-11.39;0;0;0;0;0.0004;0;0;0;0;0;0;0;-0.0004;-0.0884;0;0;0;0;0;0;0;0;0;-0.7452;0;0.7452;1;1;0;0;0;0
12/09/21 03:00;0;0;90;0;0;90;0;0;0;0;8.1599;1.71;0;0;0;0;0;0;0;0;0;0;0;0;0;1;1;1;1;0;0;0;0;0;0;0;0;0;0;0;0;0;0;0;0;0;0;0;0;0;0;0;0;0;0;0;0;0;0;0;0;0;0;0;1;1;1;1;1;1;1;1;1;1;1;1;1;1;1;1;1;1;1;0;0;0;0;0;0;0;0;0;0.0004;0.088;-0.0884;0;0;0;0;0;0;0;0;0;0;0;0;0;0;0;0;0;0;0;-8.1599;0;0;0;0;0.0004;0;0;0;0;0;0;0;-0.0004;-0.0884;0;0;0;0;0;0;0;0;0;-0.7452;0;0.7452;1;1;0;0;0;0
12/09/21 04:00;0;0;90;0;0;90;0;0;0;0;9.9302;1.56;0;0;0;0;0;0;0;0;0;0;0;0;0;1;1;1;1;0;0;0;0;0;0;0;0;0;0;0;0;0;0;0;0;0;0;0;0;0;0;0;0;0;0;0;0;0;0;0;0;0;0;0;1;1;1;1;1;1;1;1;1;1;1;1;1;1;1;1;1;1;1;0;0;0;0;0;0;0;0;0;0.0004;0.088;-0.0884;0;0;0;0;0;0;0;0;0;0;0;0;0;0;0;0;0;0;0;-9.9302;0;0;0;0;0.0004;0;0;0;0;0;0;0;-0.0004;-0.0884;0;0;0;0;0;0;0;0;0;-0.7452;0;0.7452;1;1;0;0;0;0
12/09/21 05:00;0;0;90;0;0;90;0;0;0;0;10.08;1.49;0;0;0;0;0;0;0;0;0;0;0;0;0;1;1;1;1;0;0;0;0;0;0;0;0;0;0;0;0;0;0;0;0;0;0;0;0;0;0;0;0;0;0;0;0;0;0;0;0;0;0;0;1;1;1;1;1;1;1;1;1;1;1;1;1;1;1;1;1;1;1;0;0;0;0;0;0;0;0;0;0.0004;0.088;-0.0884;0;0;0;0;0;0;0;0;0;0;0;0;0;0;0;0;0;0;0;-10.08;0;0;0;0;0.0004;0;0;0;0;0;0;0;-0.0004;-0.0884;0;0;0;0;0;0;0;0;0;-0.7452;0;0.7452;1;1;0;0;0;0
12/09/21 06:00;5.5871;-81.135;76.342;5.6543;8.1704;-90;-8.1704;40.495;33.898;6.597;9.9501;2.0099;0;16;32.037;4.1186;0;0.039;52.194;0;52.194;16;4.1186;32.037;0.039;0.3065;0.6145;0;0.0007;51.996;0.1975;0;0;0.1651;0.0324;46.253;5.6397;3.4225;0.881;1.3346;0.0015;51.892;0.104;0.032;0.0082;0.0637;0;46.257;12.545;3.2293;30.473;0.0051;19.166;15.563;5.4982;0.0041;0.2137;3.0741;0.0044;3.2837;0;1;0;0;1.2889;0.9962;1;1;0.9948;0.169;0.8913;0.7857;1;0.958;0.7758;0.998;0.998;1;0.998;0.998;0.8862;0.9512;0.1309;0.1485;0.1385;0.0008;0.0128;-0.0065;0.0009;0.0033;0.0006;0;0;0.088;0.0304;0;0;0;0;0;0;0;0;0;0;0;0;0.0026;0.0001;0.1238;0.1238;0;12.226;12.226;2.2761;0.0492;116.8;1060.4;1;0.0055;0.0055;0;0;0;0;0;0;0.1184;0.0304;0;15.68;18.157;3.844;4.4513;95.57;95.57;1.2527;1.0444;0.2561;0.2082;0.7884;0.1662;0.6294;0.2044;19.126;0.1958;0
12/09/21 07:00;16.924;-72.374;45.089;17.707;29.824;-90;-29.824;158.8;114.4;44.397;11.2;3.1999;0;107.67;94.779;31.285;0;1.9979;235.74;0;235.74;107.67;31.285;94.779;1.9979;0.4568;0.4105;0;0.0085;229.84;5.8943;0;0;4.1529;1.7415;225.02;4.3627;1.0597;0.3079;2.95;0.0451;229.38;0.4597;0.2153;0.0626;0.1813;0.0005;225.41;106.4;30.915;87.495;0.2108;62.674;50.891;19.011;1.4065;0.7223;10.39;0.3941;9.7059;0;1;0;0;1.4845;0.975;1;1;0.9562;0.1284;0.981;0.9901;1;0.9674;0.8238;0.998;0.998;1;0.998;0.998;0.9545;0.9231;0.1055;0.6709;0.6657;0.004;0.0162;-0.0067;0.0046;0.0162;0.0019;0;0;0.088;0.5162;0;0;0;0;0;0;0;0;0;0;0;0;0.013;0.0013;0.6152;0.6152;0;22.189;22.189;10.989;0.0488;569.81;1079.7;1;0.011;0.011;0;0;0;0;0;0;0.6042;0.5162;0;17.245;19.969;14.471;16.757;98.218;98.218;5.6577;5.1881;4.3535;0.4696;0.8346;0.083;0.1475;0.7695;62.393;0.7449;0
12/09/21 08:00;28.218;-61.714;24.68;31.356;58.644;-90;-58.644;249.81;201.3;48.507;12.1;4.91;0;93.22;141.42;29.343;0;11.383;275.36;0;275.36;93.22;29.343;141.42;11.383;0.3385;0.5549;0;0.0413;247.62;27.742;0;0;17.14;10.603;242.64;4.4895;0.0793;0.025;4.3407;0.0446;247.13;0.4952;0.1864;0.0587;0.2486;0.0016;246.66;92.954;29.259;119.69;0.7342;134.7;109.38;45.471;21.791;2.4726;35.567;4.0211;16.248;0;1;0;0;1.1023;0.8993;1;1;0.8788;0.0685;0.9818;0.9991;1;0.965;0.9428;0.998;0.998;1;0.998;0.998;0.8811;0.8463;0.0645;0.7837;0.7769;0.0047;0.015;-0.0029;0.0053;0.0189;0.0066;0;0;0.088;0.6121;0;0;0;0;0;0;0;0;0;0;0;0;0.0152;0.0017;0.7124;0.7124;0;23.96;23.96;11.86;0.0489;663.16;1074.3;1;0.0123;0.0123;0;0;0;0;0;0;0.7001;0.6121;0;17.096;19.797;14.689;17.01;98.276;98.276;6.6087;6.0078;5.1621;0.6009;0.8457;0.0909;0.128;0.7811;121.21;0.7122;0
12/09/21 09:00;38.287;-48.43;31.387;46.536;43.464;-90;-43.464;315.19;268;47.19;12.2;6.0599;0;65.018;218.24;20.792;0;8.2102;312.26;0;312.26;65.018;20.792;218.24;8.2102;0.2082;0.7252;0;0.0263;287.58;24.673;0;0;17.119;7.5542;280.28;6.7306;0.1199;0.0383;6.5276;0.0448;287.01;0.5752;0.13;0.0416;0.4022;0.0013;283.12;64.768;20.712;194.19;0.6099;187.26;152.05;59.502;11.826;2.4781;35.646;2.8409;26.298;0;1;0;0;0.9907;0.921;1;1;0.9216;0.0799;0.9765;0.9982;1;0.9675;0.9316;0.998;0.998;1;0.998;0.998;0.8976;0.8898;0.0743;0.8887;0.8814;0.0053;0.0138;0.0028;0.006;0.0213;0.0066;0;0;0.088;0.7047;0;0;0;0;0;0;0;0;0;0;0;0;0.0172;0.0021;0.8062;0.8062;0;25.907;25.907;13.707;0.0489;752.77;1071;1;0.0136;0.0136;0;0;0;0;0;0;0.7927;0.7047;0;17.062;19.757;14.912;17.268;98.317;98.317;7.4942;6.7992;5.9426;0.695;0.8565;0.0927;0.1143;0.793;160.18;0.7305;0
12/09/21 10:00;46.172;-31.178;36.332;63.576;26.424;-90;-26.424;400.79;324;76.788;12.92;7.14;0;85.747;282.91;28.472;0;3.978;401.11;0;401.11;85.747;28.472;282.91;3.978;0.2138;0.7152;0;0.0099;387.48;13.629;0;0;10.218;3.4118;377.05;9.6504;0.4056;0.1347;8.9999;0.1103;386.7;0.775;0.1715;0.0569;0.5454;0.0011;378.18;85.17;28.28;263.15;0.4548;237.57;192.91;71.318;2.7524;2.6188;37.67;1.1252;37.537;0;1;0;0;1.0008;0.966;1;1;0.9639;0.1423;0.975;0.9953;1;0.9669;0.8049;0.998;0.998;1;0.998;0.998;0.94;0.9301;0.1143;1.1415;1.1575;0.007;0.01;0.0263;0.0078;0.0277;0.0069;0;0;0.088;0.9412;0;0;0;0;0;0;0;0;0;0;0;0;0.0223;0.0035;1.0462;1.0462;0;31.409;31.409;18.489;0.049;992.38;1054.2;1;0.0169;0.0169;0;0;0;0;0;0;1.0292;0.9412;0;17.235;19.958;15.506;17.956;98.38;98.38;9.6266;8.8225;7.9375;0.8041;0.885;0.0835;0.0919;0.8245;182.15;0.7704;0
12/09/21 11:00;50.477;-9.5281;38.874;82.224;7.7765;-90;-7.7765;315.09;298;17.092;13.42;7.86;0;17.251;291.77;4.9274;0;0.2753;314.22;0;314.22;17.251;4.9274;291.77;0.2753;0.0549;0.9294;0;0.0009;312.61;1.6148;0;0;1.386;0.2288;299.61;12.373;0.1072;0.0306;12.225;0.0104;311.98;0.6252;0.0345;0.0099;0.5808;0.0001;299.65;17.109;4.8869;277.58;0.036;186.92;151.78;53.795;0.0305;2.0724;29.81;0.0374;31.852;0;1;0;0;0.9972;0.9949;1;1;0.9952;0.1688;0.9603;0.9938;1;0.9578;0.7759;0.998;0.998;1;0.998;0.998;0.9535;0.9514;0.1307;0.8943;0.917;0.0055;0.0133;0.0101;0.0062;0.022;0.0055;0;0;0.088;0.7325;0;0;0;0;0;0;0;0;0;0;0;0;0.0178;0.0023;0.8343;0.8343;0;28.093;28.093;14.673;0.049;784.49;1063.5;1;0.0139;0.0139;0;0;0;0;0;0;0.8205;0.7325;0;17.546;20.317;15.403;17.837;98.337;98.337;7.5414;7.036;6.1769;0.5054;0.8591;0.067;0.1139;0.8191;174.05;0.7648;0
12/09/21 12:00;49.998;13.953;38.598;78.561;11.439;90;11.439;275.81;267.1;8.7065;13.41;8.08;0;8.883;262.23;2.29;0;0.5205;273.92;0;273.92;8.883;2.29;262.23;0.5205;0.0324;0.9592;0;0.0019;271.11;2.8089;0;0;2.3758;0.4331;260.11;10.455;0.0538;0.0139;10.368;0.0196;270.57;0.5422;0.0178;0.0046;0.5197;0.0002;260.21;8.8115;2.2716;248.96;0.0676;164.15;133.29;47.281;0.1267;1.8237;26.234;0.0976;27.931;0;1;0;0;0.9932;0.9897;1;1;0.9909;0.1679;0.9614;0.9939;1;0.96;0.7747;0.998;0.998;1;0.998;0.998;0.9496;0.9494;0.1298;0.7796;0.797;0.0048;0.0148;0.0032;0.0054;0.0192;0.0048;0;0;0.088;0.627;0;0;0;0;0;0;0;0;0;0;0;0;0.0155;0.0018;0.7275;0.7275;0;26.141;26.141;12.73;0.0489;681.26;1067.8;1;0.0124;0.0124;0;0;0;0;0;0;0.715;0.627;0;17.549;20.321;15.126;17.516;98.293;98.293;6.5741;6.1347;5.2878;0.4394;0.8469;0.0668;0.1288;0.8043;157.78;0.7505;0
12/09/21 13:00;44.89;34.844;35.552;60.164;29.836;90;29.836;192.71;189.3;3.4076;12.89;7.6;0;3.9283;176.12;0.779;0;2.4266;183.26;0;183.26;3.9283;0.779;176.12;2.4266;0.0214;0.9743;0;0.0132;173.39;9.8718;0;0;7.7465;2.1252;167.49;5.5532;0.0168;0.0033;5.4793;0.0538;173.04;0.3468;0.0079;0.0016;0.3368;0.0006;168.23;3.9037;0.7741;162.56;0.247;118.11;95.903;35.756;2.6172;1.3635;19.614;0.7467;18.36;0;1;0;0;0.951;0.9461;1;1;0.956;0.1242;0.9679;0.9957;1;0.9674;0.8211;0.998;0.998;1;0.998;0.998;0.9139;0.923;0.1018;0.5215;0.5206;0.0031;0.0171;-0.0073;0.0036;0.0126;0.0036;0;0;0.088;0.3797;0;0;0;0;0;0;0;0;0;0;0;0;0.0102;0.0009;0.4769;0.4769;0;21.081;21.081;8.1916;0.0489;444.29;1073.4;1;0.0092;0.0092;0;0;0;0;0;0;0.4677;0.3797;0;17.196;19.912;13.69;15.852;98.063;98.063;4.3982;4.0217;3.2017;0.3765;0.82;0.0856;0.1864;0.7279;115.95;0.6739;0
12/09/21 14:00;36.488;51.245;30.217;43.485;46.515;90;46.515;307.81;272.8;35.003;11.8;6.73;0;50.865;220.25;17.252;0;9.1186;297.48;0;297.48;50.865;17.252;220.25;9.1186;0.171;0.771;0;0.0307;269.87;27.616;0;0;19.136;8.4798;262.64;6.6882;0.059;0.02;6.5742;0.0349;269.33;0.5397;0.1017;0.0345;0.4022;0.0013;265.91;50.704;17.198;194.14;0.6026;185.16;150.35;59.58;15.08;2.6221;37.719;3.2738;25.261;0;1;0;0;0.9665;0.9072;1;1;0.9131;0.07;0.9752;0.9988;1;0.9672;0.9453;0.998;0.998;1;0.998;0.998;0.8829;0.8814;0.0661;0.8466;0.8363;0.005;0.0143;-0.0011;0.0057;0.0203;0.007;0;0;0.088;0.6657;0;0;0;0;0;0;0;0;0;0;0;0;0.0164;0.0019;0.7667;0.7667;0;24.637;24.637;12.837;0.0489;713.93;1073.9;1;0.013;0.013;0;0;0;0;0;0;0.7537;0.6657;0;17.031;19.722;14.787;17.123;98.298;98.298;7.1396;6.4658;5.6137;0.6737;0.8521;0.0944;0.1194;0.7863;166.23;0.7181;0
12/09/21 15:00;26.125;63.922;23.284;28.635;60;90;60;188.8;179.9;8.8998;12.3;5.5601;0;18.566;132.91;5.6082;0;8.9681;166.05;0;166.05;18.566;5.6082;132.91;8.9681;0.1118;0.8544;0;0.054;140.95;25.099;0;0;16.709;8.3897;136.51;4.1621;0.0149;0.0045;4.1033;0.0394;140.67;0.2819;0.0371;0.0112;0.2324;0.0012;140.16;18.514;5.5925;111.87;0.5379;117.38;95.31;40.467;22.222;2.3099;33.227;3.646;13.315;0;1;0;0;0.8795;0.8488;1;1;0.8743;0.0645;0.9704;0.9992;1;0.9646;0.9318;0.998;0.998;1;0.998;0.998;0.8221;0.8417;0.06;0.4726;0.4675;0.0028;0.0172;-0.0101;0.0032;0.0114;0.0062;0;0;0.088;0.3303;0;0;0;0;0;0;0;0;0;0;0;0;0.0092;0.0007;0.427;0.427;0;18.977;18.977;6.677;0.0489;397.39;1074.5;1;0.0087;0.0087;0;0;0;0;0;0;0.4183;0.3303;0;16.992;19.677;13.143;15.22;97.957;97.957;3.9853;3.601;2.7853;0.3843;0.8157;0.0964;0.2047;0.6989;115.71;0.6078;0
12/09/21 16:00;14.67;74.221;52.105;15.219;24.323;90;24.323;203.9;129.6;74.302;12.5;3.3401;0;180.2;96.984;68.179;0;1.7194;347.09;0;347.09;180.2;68.179;96.984;1.7194;0.5192;0.2844;0;0.005;342.54;4.5434;0;0;3.0764;1.467;334.87;6.9926;2.761;1.0446;3.1349;0.0521;341.86;0.6851;0.3604;0.1364;0.1878;0.0005;335.11;177.08;66.998;90.585;0.1999;62.163;50.476;18.138;0.7041;0.7182;10.331;0.2471;10.345;0;1;0;0;1.7022;0.9869;1;1;0.9683;0.1468;0.9795;0.9846;1;0.9666;0.7933;0.998;0.998;1;0.998;0.998;0.9648;0.934;0.1162;0.9878;0.9795;0.0059;0.0125;0.0136;0.0066;0.0235;0.0019;0;0;0.088;0.7912;0;0;0;0;0;0;0;0;0;0;0;0;0.0189;0.0026;0.894;0.894;0;28.898;28.898;16.398;0.049;840.33;1063.8;1;0.0148;0.0148;0;0;0;0;0;0;0.8792;0.7912;0;17.02;19.709;15.063;17.443;98.347;98.347;8.3301;7.539;6.6723;0.791;0.8667;0.095;0.104;0.801;61.661;0.7835;0
12/09/21 17:00;4.4733;81.942;79.096;4.5177;6.4954;90;6.4954;7.2083;7.0975;0.1108;11.3;2.8699;0;0.2687;7.0672;0.0181;0;0.0044;7.3585;0;7.3585;0.2687;0.0181;7.0672;0.0044;0.0365;0.961;0;0.0006;7.3296;0.0288;0;0;0.0252;0.0037;6.9304;0.3846;0.0778;0.0052;0.3013;0.0002;7.315;0.0147;0.0005;0;0.0141;0;6.9308;0.1904;0.0128;6.7266;0.0006;4.2068;3.4159;1.2037;0.0003;0.0471;0.6771;0.0005;0.7238;0;1;0;0;1.0208;0.9961;1;1;0.9964;0.1671;0.9474;0.7098;1;0.9571;0.7759;0.998;0.998;1;0.998;0.998;0.9418;0.9518;0.1294;0.0209;0.0212;0.0001;0.005;-0.0009;0.0001;0.0004;0.0001;0;0;0.088;-0.0743;0;0;0;0;0;0;0;0;0;0;0;0;0.0003;0;0.016;0.016;0;11.653;11.653;0.3532;0.051;16.378;974.82;1;0.0023;0.0023;0;0;0;0;0;0;0.0137;-0.0743;0;14.338;16.603;-66.764;-77.311;85.517;85.517;0.1766;0.1346;-0.627;0.042;0.7616;0.2376;4.3126;0;4.2062;0;0
12/09/21 18:00;0;0;90;0;0;90;0;0;0;0;7.8103;2.84;0;0;0;0;0;0;0;0;0;0;0;0;0;1;1;1;1;0;0;0;0;0;0;0;0;0;0;0;0;0;0;0;0;0;0;0;0;0;0;0;0;0;0;0;0;0;0;0;0;0;0;0;1;1;1;1;1;1;1;1;1;1;1;1;1;1;1;1;1;1;1;0;0;0;0;0;0;0;0;0;0.0004;0.088;-0.0884;0;0;0;0;0;0;0;0;0;0;0;0;0;0;0;0;0;0;0;-7.8103;0;0;0;0;0.0004;0;0;0;0;0;0;0;-0.0004;-0.0884;0;0;0;0;0;0;0;0;0;-0.7452;0;0.7452;1;1;0;0;0;0
12/09/21 19:00;0;0;90;0;0;90;0;0;0;0;6.6403;2.76;0;0;0;0;0;0;0;0;0;0;0;0;0;1;1;1;1;0;0;0;0;0;0;0;0;0;0;0;0;0;0;0;0;0;0;0;0;0;0;0;0;0;0;0;0;0;0;0;0;0;0;0;1;1;1;1;1;1;1;1;1;1;1;1;1;1;1;1;1;1;1;0;0;0;0;0;0;0;0;0;0.0004;0.088;-0.0884;0;0;0;0;0;0;0;0;0;0;0;0;0;0;0;0;0;0;0;-6.6403;0;0;0;0;0.0004;0;0;0;0;0;0;0;-0.0004;-0.0884;0;0;0;0;0;0;0;0;0;-0.7452;0;0.7452;1;1;0;0;0;0
12/09/21 20:00;0;0;90;0;0;90;0;0;0;0;7.3901;2.6299;0;0;0;0;0;0;0;0;0;0;0;0;0;1;1;1;1;0;0;0;0;0;0;0;0;0;0;0;0;0;0;0;0;0;0;0;0;0;0;0;0;0;0;0;0;0;0;0;0;0;0;0;1;1;1;1;1;1;1;1;1;1;1;1;1;1;1;1;1;1;1;0;0;0;0;0;0;0;0;0;0.0004;0.088;-0.0884;0;0;0;0;0;0;0;0;0;0;0;0;0;0;0;0;0;0;0;-7.3901;0;0;0;0;0.0004;0;0;0;0;0;0;0;-0.0004;-0.0884;0;0;0;0;0;0;0;0;0;-0.7452;0;0.7452;1;1;0;0;0;0
12/09/21 21:00;0;0;90;0;0;90;0;0;0;0;6.8703;2.4601;0;0;0;0;0;0;0;0;0;0;0;0;0;1;1;1;1;0;0;0;0;0;0;0;0;0;0;0;0;0;0;0;0;0;0;0;0;0;0;0;0;0;0;0;0;0;0;0;0;0;0;0;1;1;1;1;1;1;1;1;1;1;1;1;1;1;1;1;1;1;1;0;0;0;0;0;0;0;0;0;0.0004;0.088;-0.0884;0;0;0;0;0;0;0;0;0;0;0;0;0;0;0;0;0;0;0;-6.8703;0;0;0;0;0.0004;0;0;0;0;0;0;0;-0.0004;-0.0884;0;0;0;0;0;0;0;0;0;-0.7452;0;0.7452;1;1;0;0;0;0
12/09/21 22:00;0;0;90;0;0;90;0;0;0;0;6.8902;2.2499;0;0;0;0;0;0;0;0;0;0;0;0;0;1;1;1;1;0;0;0;0;0;0;0;0;0;0;0;0;0;0;0;0;0;0;0;0;0;0;0;0;0;0;0;0;0;0;0;0;0;0;0;1;1;1;1;1;1;1;1;1;1;1;1;1;1;1;1;1;1;1;0;0;0;0;0;0;0;0;0;0.0004;0.088;-0.0884;0;0;0;0;0;0;0;0;0;0;0;0;0;0;0;0;0;0;0;-6.8902;0;0;0;0;0.0004;0;0;0;0;0;0;0;-0.0004;-0.0884;0;0;0;0;0;0;0;0;0;-0.7452;0;0.7452;1;1;0;0;0;0
12/09/21 23:00;0;0;90;0;0;90;0;0;0;0;3.6402;2.1;0;0;0;0;0;0;0;0;0;0;0;0;0;1;1;1;1;0;0;0;0;0;0;0;0;0;0;0;0;0;0;0;0;0;0;0;0;0;0;0;0;0;0;0;0;0;0;0;0;0;0;0;1;1;1;1;1;1;1;1;1;1;1;1;1;1;1;1;1;1;1;0;0;0;0;0;0;0;0;0;0.0004;0.088;-0.0884;0;0;0;0;0;0;0;0;0;0;0;0;0;0;0;0;0;0;0;-3.6402;0;0;0;0;0.0004;0;0;0;0;0;0;0;-0.0004;-0.0884;0;0;0;0;0;0;0;0;0;-0.7452;0;0.7452;1;1;0;0;0;0
13/09/21 00:00;0;0;90;0;0;90;0;0;0;0;3.4102;1.96;0;0;0;0;0;0;0;0;0;0;0;0;0;1;1;1;1;0;0;0;0;0;0;0;0;0;0;0;0;0;0;0;0;0;0;0;0;0;0;0;0;0;0;0;0;0;0;0;0;0;0;0;1;1;1;1;1;1;1;1;1;1;1;1;1;1;1;1;1;1;1;0;0;0;0;0;0;0;0;0;0.0004;0.088;-0.0884;0;0;0;0;0;0;0;0;0;0;0;0;0;0;0;0;0;0;0;-3.4102;0;0;0;0;0.0004;0;0;0;0;0;0;0;-0.0004;-0.0884;0;0;0;0;0;0;0;0;0;-0.7452;0;0.7452;1;1;0;0;0;0
13/09/21 01:00;0;0;90;0;0;90;0;0;0;0;3.93;1.86;0;0;0;0;0;0;0;0;0;0;0;0;0;1;1;1;1;0;0;0;0;0;0;0;0;0;0;0;0;0;0;0;0;0;0;0;0;0;0;0;0;0;0;0;0;0;0;0;0;0;0;0;1;1;1;1;1;1;1;1;1;1;1;1;1;1;1;1;1;1;1;0;0;0;0;0;0;0;0;0;0.0004;0.088;-0.0884;0;0;0;0;0;0;0;0;0;0;0;0;0;0;0;0;0;0;0;-3.93;0;0;0;0;0.0004;0;0;0;0;0;0;0;-0.0004;-0.0884;0;0;0;0;0;0;0;0;0;-0.7452;0;0.7452;1;1;0;0;0;0
13/09/21 02:00;0;0;90;0;0;90;0;0;0;0;6.0001;1.73;0;0;0;0;0;0;0;0;0;0;0;0;0;1;1;1;1;0;0;0;0;0;0;0;0;0;0;0;0;0;0;0;0;0;0;0;0;0;0;0;0;0;0;0;0;0;0;0;0;0;0;0;1;1;1;1;1;1;1;1;1;1;1;1;1;1;1;1;1;1;1;0;0;0;0;0;0;0;0;0;0.0004;0.088;-0.0884;0;0;0;0;0;0;0;0;0;0;0;0;0;0;0;0;0;0;0;-6.0001;0;0;0;0;0.0004;0;0;0;0;0;0;0;-0.0004;-0.0884;0;0;0;0;0;0;0;0;0;-0.7452;0;0.7452;1;1;0;0;0;0
13/09/21 03:00;0;0;90;0;0;90;0;0;0;0;6.4003;1.64;0;0;0;0;0;0;0;0;0;0;0;0;0;1;1;1;1;0;0;0;0;0;0;0;0;0;0;0;0;0;0;0;0;0;0;0;0;0;0;0;0;0;0;0;0;0;0;0;0;0;0;0;1;1;1;1;1;1;1;1;1;1;1;1;1;1;1;1;1;1;1;0;0;0;0;0;0;0;0;0;0.0004;0.088;-0.0884;0;0;0;0;0;0;0;0;0;0;0;0;0;0;0;0;0;0;0;-6.4003;0;0;0;0;0.0004;0;0;0;0;0;0;0;-0.0004;-0.0884;0;0;0;0;0;0;0;0;0;-0.7452;0;0.7452;1;1;0;0;0;0
13/09/21 04:00;0;0;90;0;0;90;0;0;0;0;6.0001;1.72;0;0;0;0;0;0;0;0;0;0;0;0;0;1;1;1;1;0;0;0;0;0;0;0;0;0;0;0;0;0;0;0;0;0;0;0;0;0;0;0;0;0;0;0;0;0;0;0;0;0;0;0;1;1;1;1;1;1;1;1;1;1;1;1;1;1;1;1;1;1;1;0;0;0;0;0;0;0;0;0;0.0004;0.088;-0.0884;0;0;0;0;0;0;0;0;0;0;0;0;0;0;0;0;0;0;0;-6.0001;0;0;0;0;0.0004;0;0;0;0;0;0;0;-0.0004;-0.0884;0;0;0;0;0;0;0;0;0;-0.7452;0;0.7452;1;1;0;0;0;0
13/09/21 05:00;0;0;90;0;0;90;0;0;0;0;6.2999;1.89;0;0;0;0;0;0;0;0;0;0;0;0;0;1;1;1;1;0;0;0;0;0;0;0;0;0;0;0;0;0;0;0;0;0;0;0;0;0;0;0;0;0;0;0;0;0;0;0;0;0;0;0;1;1;1;1;1;1;1;1;1;1;1;1;1;1;1;1;1;1;1;0;0;0;0;0;0;0;0;0;0.0004;0.088;-0.0884;0;0;0;0;0;0;0;0;0;0;0;0;0;0;0;0;0;0;0;-6.2999;0;0;0;0;0.0004;0;0;0;0;0;0;0;-0.0004;-0.0884;0;0;0;0;0;0;0;0;0;-0.7452;0;0.7452;1;1;0;0;0;0
13/09/21 06:00;5.6826;-81.54;76.105;5.7447;8.3049;-90;-8.3049;15.803;15.599;0.2048;6.51;2.4699;0;0.4966;15.493;0.0578;0;0.0157;16.063;0;16.063;0.4966;0.0578;15.493;0.0157;0.0309;0.9655;0;0.001;15.968;0.0951;0;0;0.082;0.0131;15.176;0.7604;0.1035;0.0121;0.6442;0.0006;15.936;0.0319;0.001;0.0001;0.0308;0;15.178;0.3921;0.0456;14.736;0.0021;9.2529;7.5134;2.6515;0.0021;0.1034;1.4869;0.0022;1.5881;0;1;0;0;1.0164;0.9941;1;1;0.9947;0.1691;0.9523;0.7911;1;0.9581;0.7758;0.998;0.998;1;0.998;0.998;0.9448;0.9511;0.1309;0.0457;0.0464;0.0003;0.0076;-0.0029;0.0003;0.001;0.0003;0;0;0.088;-0.0519;0;0;0;0;0;0;0;0;0;0;0;0;0.0008;0;0.0391;0.0391;0;7.2667;7.2667;0.7567;0.0499;37.82;1032.7;1;0.003;0.003;0;0;0;0;0;0;0.0361;-0.0519;0;16.066;18.604;-21.362;-24.737;92.356;92.356;0.3855;0.3294;-0.4379;0.0562;0.7673;0.1457;1.9903;0;9.2518;0;0
13/09/21 07:00;17.233;-72.627;44.067;18.005;30.555;-90;-30.555;58.701;57.898;0.803;7.2997;3.21;0;1.9476;53.771;0.2812;0;0.7744;56.774;0;56.774;1.9476;0.2812;53.771;0.7744;0.0343;0.9607;0;0.0136;53.648;3.126;0;0;2.4487;0.6774;51.836;1.7042;0.018;0.0026;1.667;0.0166;53.54;0.1073;0.0039;0.0006;0.1026;0.0002;52.074;1.9257;0.2781;49.552;0.0802;35.581;28.892;10.801;0.8677;0.4141;5.9562;0.2379;5.5025;0;1;0;0;0.9672;0.9449;1;1;0.9545;0.1253;0.9682;0.9907;1;0.9675;0.8284;0.998;0.998;1;0.998;0.998;0.913;0.9216;0.1036;0.1616;0.1609;0.001;0.0136;-0.0089;0.0011;0.0039;0.0011;0;0;0.088;0.0517;0;0;0;0;0;0;0;0;0;0;0;0;0.0031;0.0001;0.146;0.146;0;9.8419;9.8419;2.5422;0.049;135.72;1075.4;1;0.0062;0.0062;0;0;0;0;0;0;0.1397;0.0517;0;16.988;19.671;6.0194;6.9703;95.726;95.726;1.3626;1.2309;0.4361;0.1317;0.7947;0.0967;0.5832;0.3201;35.577;0.2968;0
13/09/21 08:00;28.548;-61.957;24.392;31.649;58.351;-90;-58.351;198.1;183;15.099;8.0403;3.4299;0;28.774;136.26;8.1422;0;8.9445;182.12;0;182.12;28.774;8.1422;136.26;8.9445;0.158;0.7973;0;0.0491;157.39;24.727;0;0;16.394;8.3323;152.83;4.242;0.0242;0.0068;4.1769;0.0341;157.08;0.3148;0.0575;0.0163;0.2397;0.0012;156.37;28.693;8.1191;115.45;0.5769;120.62;97.941;41.104;20.624;2.2611;32.525;3.5334;14.162;0;1;0;0;0.9193;0.8642;1;1;0.8797;0.0684;0.973;0.9992;1;0.9651;0.9442;0.998;0.998;1;0.998;0.998;0.8392;0.8473;0.0645;0.5183;0.5125;0.0031;0.0171;-0.0175;0.0036;0.0127;0.0061;0;0;0.088;0.3789;0;0;0;0;0;0;0;0;0;0;0;0;0.0102;0.0008;0.4764;0.4764;0;15.486;15.486;7.446;0.0487;435.88;1092.9;1;0.0094;0.0094;0;0;0;0;0;0;0.4669;0.3789;0;17.284;20.015;13.749;15.921;98.021;98.021;4.3708;4.0171;3.1955;0.3537;0.8216;0.0809;0.188;0.7311;116.39;0.6449;0
13/09/21 09:00;38.644;-48.639;31.072;46.81;43.19;-90;-43.19;245.39;232.2;13.194;8.8998;3.32;0;18.097;197.61;4.9722;0;6.3155;227;0;227;18.097;4.9722;197.61;6.3155;0.0797;0.8984;0;0.0278;205.83;21.166;0;0;15.358;5.8076;199.43;5.9863;0.03;0.0083;5.9126;0.0355;205.42;0.4117;0.0362;0.0099;0.3645;0.001;201.71;18.03;4.954;175.98;0.4714;152.05;123.46;48.548;10.478;2.0538;29.542;2.2745;21.119;0;1;0;0;0.925;0.9068;1;1;0.9223;0.0804;0.9709;0.9983;1;0.9675;0.93;0.998;0.998;1;0.998;0.998;0.8786;0.8905;0.0746;0.646;0.6363;0.0038;0.0164;-0.0145;0.0044;0.0157;0.0056;0;0;0.088;0.4923;0;0;0;0;0;0;0;0;0;0;0;0;0.0126;0.0012;0.5911;0.5911;0;18.619;18.619;9.7196;0.0487;542.65;1089.2;1;0.0107;0.0107;0;0;0;0;0;0;0.5803;0.4923;0;17.206;19.924;14.332;16.596;98.187;98.187;5.4479;4.9845;4.152;0.4635;0.8325;0.0851;0.1528;0.7621;144.69;0.6945;0
13/09/21 10:00;46.557;-31.295;35.986;63.805;26.195;-90;-26.195;605.4;226.4;379;9.9103;3.3;0;422.38;131.93;97.321;0;5.9067;657.54;0;657.54;422.38;97.321;131.93;5.9067;0.6424;0.2096;0;0.009;647.78;9.7592;0;0;4.6986;5.0605;639.76;6.7228;1.9125;0.4407;4.204;0.1657;646.48;1.2956;0.8448;0.1946;0.2545;0.0017;641.32;419.62;96.686;122.77;0.6787;337.91;274.38;102.53;1.2458;3.4808;50.07;1.5647;52.305;0;1;0;0;1.0861;0.9852;1;1;0.9644;0.1433;0.9896;0.9955;1;0.9669;0.8037;0.998;0.998;1;0.998;0.998;0.973;0.9306;0.1149;1.8713;1.9352;0.0117;0.0003;0.1116;0.0127;0.045;0.0089;0;0;0.088;1.5845;0;0;0;0;0;0;0;0;0;0;0;0;0.0362;0.0089;1.7;1.7;0;41.465;41.465;31.555;0.0493;1662.6;1022.5;1;0.0275;0.0275;0;0;0;0;0;0;1.6725;1.5845;0;17.084;19.783;15.923;18.439;98.382;98.382;15.781;14.336;13.362;1.4448;0.9741;0.0916;0.0617;0.8467;84.822;0.8011;0
13/09/21 11:00;50.868;-9.4681;38.5;82.377;7.6229;-90;-7.6229;595.49;300.2;295.29;11.5;3.4201;0;297.92;214.8;85.199;0;0.4999;598.43;0;598.43;297.92;85.199;214.8;0.4999;0.4978;0.3598;0;0.0008;597.02;1.4031;0;0;0.9875;0.4156;584.49;11.335;1.7861;0.5108;9.0196;0.0189;595.83;1.194;0.5958;0.1704;0.4276;0.0002;584.57;295.54;84.517;204.37;0.0653;350.64;284.72;104.9;0.0206;3.6256;52.153;0.074;55.758;0;1;0;0;1.0049;0.9977;1;1;0.9954;0.1688;0.981;0.994;1;0.9577;0.776;0.998;0.998;1;0.998;0.998;0.9767;0.9514;0.1307;1.7031;1.7769;0.0107;0.0018;0.0955;0.0117;0.0414;0.0093;0;0;0.088;1.4526;0;0;0;0;0;0;0;0;0;0;0;0;0.0334;0.0076;1.5656;1.5656;0;40.31;40.31;28.811;0.0493;1526.7;1025.5;1;0.025;0.025;0;0;0;0;0;0;1.5406;1.4526;0;17.288;20.019;16.04;18.574;98.404;98.404;14.362;13.203;12.25;1.1593;0.9528;0.0807;0.0663;0.8529;128.1;0.8007;0
13/09/21 12:00;50.355;14.211;38.207;78.502;11.498;90;11.498;523;347.4;175.6;12.63;3.69;0;179.2;285.96;59.741;0;0.9971;525.89;0;525.89;179.2;59.741;285.96;0.9971;0.3407;0.5457;0;0.0019;522.45;3.4429;0;0;2.6132;0.8297;508.68;12.724;1.0437;0.348;11.295;0.0376;521.41;1.0449;0.3584;0.1195;0.5667;0.0003;508.88;177.8;59.273;271.48;0.1294;308.19;250.25;90.322;0.1409;3.3171;47.716;0.1948;50.892;0;1;0;0;1.0055;0.9935;1;1;0.9909;0.1679;0.9756;0.9942;1;0.9601;0.7747;0.998;0.998;1;0.998;0.998;0.9673;0.9494;0.1298;1.4967;1.5515;0.0093;0.0045;0.0691;0.0103;0.0365;0.0086;0;0;0.088;1.2684;0;0;0;0;0;0;0;0;0;0;0;0;0.0294;0.0059;1.378;1.378;0;37.663;37.663;25.033;0.0492;1332.8;1033.9;1;0.0216;0.0216;0;0;0;0;0;0;1.3564;1.2684;0;17.314;20.05;15.937;18.455;98.432;98.432;12.621;11.621;10.696;1.0009;0.9243;0.0793;0.0732;0.8475;172.09;0.7936;0
13/09/21 13:00;45.185;35.212;35.159;60.192;29.808;90;29.808;565.51;280.5;285.01;13.33;3.96;0;328.46;184.18;95.972;0;7.1078;615.72;0;615.72;328.46;95.972;184.18;7.1078;0.5335;0.3107;0;0.0115;601.41;14.313;0;0;8.0886;6.2242;592.6;7.6057;1.3288;0.3883;5.7307;0.1579;600.21;1.2028;0.6569;0.1919;0.3522;0.0018;594.59;326.48;95.391;170.01;0.7239;315.37;256.08;96.424;2.7291;3.3024;47.504;1.9917;48.077;0;1;0;0;1.0888;0.9768;1;1;0.9561;0.1243;0.9873;0.9959;1;0.9674;0.8209;0.998;0.998;1;0.998;0.998;0.9624;0.9231;0.1018;1.7523;1.7963;0.0108;0.0016;0.111;0.0117;0.0415;0.0084;0;0;0.088;1.4571;0;0;0;0;0;0;0;0;0;0;0;0;0.0335;0.0078;1.57;1.57;0;42.594;42.594;29.264;0.0494;1543.8;1017;1;0.0249;0.0249;0;0;0;0;0;0;1.5451;1.4571;0;16.85;19.512;15.638;18.108;98.413;98.413;14.777;13.24;12.288;1.537;0.9522;0.104;0.0644;0.8316;121.23;0.7861;0
13/09/21 14:00;36.724;51.638;29.832;43.575;46.425;90;46.425;67.199;66.699;0.5;9.78;4.0601;0;0.7254;56.303;0.0598;0;1.9835;59.071;0;59.071;0.7254;0.0598;56.303;1.9835;0.0123;0.9867;0;0.0336;52.349;6.7223;0;0;4.878;1.8443;50.555;1.689;0.0007;0.0001;1.6806;0.0077;52.244;0.1047;0.0015;0.0001;0.1028;0.0003;51.305;0.7232;0.0596;49.641;0.1313;42.678;34.655;13.881;3.8293;0.6177;8.886;0.75;5.6745;0;1;0;0;0.879;0.8862;1;1;0.9134;0.0702;0.9677;0.999;1;0.9673;0.9449;0.998;0.998;1;0.998;0.998;0.8558;0.8817;0.0662;0.1681;0.1646;0.001;0.0137;-0.0077;0.0011;0.0039;0.0016;0;0;0.088;0.0535;0;0;0;0;0;0;0;0;0;0;0;0;0.0032;0.0002;0.1476;0.1476;0;12.265;12.265;2.4852;0.0492;138.71;1064;1;0.0061;0.0061;0;0;0;0;0;0;0.1415;0.0535;0;16.51;19.118;5.9803;6.925;95.846;95.846;1.4177;1.2446;0.4508;0.1731;0.7938;0.1221;0.5599;0.318;42.459;0.2858;0
13/09/21 15:00;26.316;64.305;22.902;28.76;60;90;60;218.49;200.6;17.892;10.39;3.85;0;37.176;145.97;12.431;0;10.378;205.95;0;205.95;37.176;12.431;145.97;10.378;0.1805;0.7591;0;0.0504;177.89;28.06;0;0;18.351;9.7091;172.94;4.5911;0.0294;0.0098;4.5064;0.0456;177.54;0.3558;0.0744;0.0249;0.2552;0.0013;176.99;37.073;12.396;122.85;0.6225;130.59;106.04;45.019;24.405;2.5496;36.674;4.0493;14.819;0;1;0;0;0.9426;0.8638;1;1;0.8743;0.0645;0.9741;0.9992;1;0.9646;0.9318;0.998;0.998;1;0.998;0.998;0.8397;0.8417;0.06;0.5861;0.5798;0.0035;0.0168;-0.0128;0.004;0.0142;0.0069;0;0;0.088;0.4368;0;0;0;0;0;0;0;0;0;0;0;0;0.0114;0.001;0.5348;0.5348;0;18.83;18.83;8.4402;0.0488;493.59;1083.4;1;0.01;0.01;0;0;0;0;0;0;0.5248;0.4368;0;17.158;19.869;14.015;16.229;98.139;98.139;4.9428;4.5098;3.6837;0.4331;0.826;0.0876;0.1671;0.7453;127.07;0.6576;0
13/09/21 16:00;14.834;74.591;51.618;15.361;24.614;90;24.614;198.71;133.8;64.909;11.9;2.5599;0;157.42;103.79;60.794;0;1.7153;323.72;0;323.72;157.42;60.794;103.79;1.7153;0.4863;0.3259;0;0.0053;318.9;4.8212;0;0;3.3558;1.4654;311.67;6.5889;2.3018;0.8889;3.3469;0.0513;318.26;0.6378;0.3148;0.1216;0.2009;0.0005;311.94;154.81;59.783;96.887;0.1982;66.541;54.031;19.487;0.786;0.7662;11.022;0.2713;11.002;0;1;0;0;1.6291;0.9851;1;1;0.9677;0.1457;0.9793;0.9853;1;0.9666;0.7944;0.998;0.998;1;0.998;0.998;0.9628;0.9335;0.1155;0.9213;0.9146;0.0055;0.0133;0.007;0.0062;0.0221;0.002;0;0;0.088;0.7364;0;0;0;0;0;0;0;0;0;0;0;0;0.0178;0.0023;0.8384;0.8384;0;27.147;27.147;15.247;0.0489;783.7;1069.8;1;0.014;0.014;0;0;0;0;0;0;0.8244;0.7364;0;17.114;19.817;15.031;17.406;98.329;98.329;7.7693;7.0703;6.21;0.699;0.8602;0.09;0.1107;0.7993;66.1;0.7794;0
13/09/21 17:00;4.4204;82.452;79.227;4.4589;6.4093;90;6.4093;20.492;20.202;0.2897;10.35;2.59;0;0.7026;20.083;0.1361;0;0.0122;20.934;0;20.934;0.7026;0.1361;20.083;0.0122;0.0336;0.9599;0;0.0006;20.854;0.0802;0;0;0.07;0.0101;19.708;1.1042;0.2065;0.04;0.8573;0.0005;20.812;0.0417;0.0014;0.0003;0.04;0;19.709;0.4947;0.0958;19.116;0.0016;11.953;9.7056;3.42;0.0009;0.1337;1.9238;0.0012;2.0567;0;1;0;0;1.0216;0.9962;1;1;0.9965;0.167;0.9469;0.7055;1;0.9571;0.7759;0.998;0.998;1;0.998;0.998;0.9414;0.9518;0.1293;0.0596;0.0602;0.0004;0.0086;-0.003;0.0004;0.0013;0.0003;0;0;0.088;-0.0403;0;0;0;0;0;0;0;0;0;0;0;0;0.0011;0;0.051;0.051;0;11.331;11.331;0.9813;0.0498;49.702;1026.7;1;0.0033;0.0033;0;0;0;0;0;0;0.0477;-0.0403;0;16.107;18.652;-12.707;-14.714;93.568;93.568;0.5024;0.4303;-0.3395;0.0721;0.7698;0.1435;1.5322;0;11.951;0;0
13/09/21 18:00;0;0;90;0;0;90;0;0;0;0;8.1001;2.57;0;0;0;0;0;0;0;0;0;0;0;0;0;1;1;1;1;0;0;0;0;0;0;0;0;0;0;0;0;0;0;0;0;0;0;0;0;0;0;0;0;0;0;0;0;0;0;0;0;0;0;0;1;1;1;1;1;1;1;1;1;1;1;1;1;1;1;1;1;1;1;0;0;0;0;0;0;0;0;0;0.0004;0.088;-0.0884;0;0;0;0;0;0;0;0;0;0;0;0;0;0;0;0;0;0;0;-8.1001;0;0;0;0;0.0004;0;0;0;0;0;0;0;-0.0004;-0.0884;0;0;0;0;0;0;0;0;0;-0.7452;0;0.7452;1;1;0;0;0;0
13/09/21 19:00;0;0;90;0;0;90;0;0;0;0;7.7498;2.5;0;0;0;0;0;0;0;0;0;0;0;0;0;1;1;1;1;0;0;0;0;0;0;0;0;0;0;0;0;0;0;0;0;0;0;0;0;0;0;0;0;0;0;0;0;0;0;0;0;0;0;0;1;1;1;1;1;1;1;1;1;1;1;1;1;1;1;1;1;1;1;0;0;0;0;0;0;0;0;0;0.0004;0.088;-0.0884;0;0;0;0;0;0;0;0;0;0;0;0;0;0;0;0;0;0;0;-7.7498;0;0;0;0;0.0004;0;0;0;0;0;0;0;-0.0004;-0.0884;0;0;0;0;0;0;0;0;0;-0.7452;0;0.7452;1;1;0;0;0;0
13/09/21 20:00;0;0;90;0;0;90;0;0;0;0;8.1001;2.3899;0;0;0;0;0;0;0;0;0;0;0;0;0;1;1;1;1;0;0;0;0;0;0;0;0;0;0;0;0;0;0;0;0;0;0;0;0;0;0;0;0;0;0;0;0;0;0;0;0;0;0;0;1;1;1;1;1;1;1;1;1;1;1;1;1;1;1;1;1;1;1;0;0;0;0;0;0;0;0;0;0.0004;0.088;-0.0884;0;0;0;0;0;0;0;0;0;0;0;0;0;0;0;0;0;0;0;-8.1001;0;0;0;0;0.0004;0;0;0;0;0;0;0;-0.0004;-0.0884;0;0;0;0;0;0;0;0;0;-0.7452;0;0.7452;1;1;0;0;0;0
13/09/21 21:00;0;0;90;0;0;90;0;0;0;0;5.7302;2.27;0;0;0;0;0;0;0;0;0;0;0;0;0;1;1;1;1;0;0;0;0;0;0;0;0;0;0;0;0;0;0;0;0;0;0;0;0;0;0;0;0;0;0;0;0;0;0;0;0;0;0;0;1;1;1;1;1;1;1;1;1;1;1;1;1;1;1;1;1;1;1;0;0;0;0;0;0;0;0;0;0.0004;0.088;-0.0884;0;0;0;0;0;0;0;0;0;0;0;0;0;0;0;0;0;0;0;-5.7302;0;0;0;0;0.0004;0;0;0;0;0;0;0;-0.0004;-0.0884;0;0;0;0;0;0;0;0;0;-0.7452;0;0.7452;1;1;0;0;0;0
13/09/21 22:00;0;0;90;0;0;90;0;0;0;0;4.5097;2.29;0;0;0;0;0;0;0;0;0;0;0;0;0;1;1;1;1;0;0;0;0;0;0;0;0;0;0;0;0;0;0;0;0;0;0;0;0;0;0;0;0;0;0;0;0;0;0;0;0;0;0;0;1;1;1;1;1;1;1;1;1;1;1;1;1;1;1;1;1;1;1;0;0;0;0;0;0;0;0;0;0.0004;0.088;-0.0884;0;0;0;0;0;0;0;0;0;0;0;0;0;0;0;0;0;0;0;-4.5097;0;0;0;0;0.0004;0;0;0;0;0;0;0;-0.0004;-0.0884;0;0;0;0;0;0;0;0;0;-0.7452;0;0.7452;1;1;0;0;0;0
13/09/21 23:00;0;0;90;0;0;90;0;0;0;0;3.2998;2.35;0;0;0;0;0;0;0;0;0;0;0;0;0;1;1;1;1;0;0;0;0;0;0;0;0;0;0;0;0;0;0;0;0;0;0;0;0;0;0;0;0;0;0;0;0;0;0;0;0;0;0;0;1;1;1;1;1;1;1;1;1;1;1;1;1;1;1;1;1;1;1;0;0;0;0;0;0;0;0;0;0.0004;0.088;-0.0884;0;0;0;0;0;0;0;0;0;0;0;0;0;0;0;0;0;0;0;-3.2998;0;0;0;0;0.0004;0;0;0;0;0;0;0;-0.0004;-0.0884;0;0;0;0;0;0;0;0;0;-0.7452;0;0.7452;1;1;0;0;0;0
14/09/21 00:00;0;0;90;0;0;90;0;0;0;0;2.7002;2.3199;0;0;0;0;0;0;0;0;0;0;0;0;0;1;1;1;1;0;0;0;0;0;0;0;0;0;0;0;0;0;0;0;0;0;0;0;0;0;0;0;0;0;0;0;0;0;0;0;0;0;0;0;1;1;1;1;1;1;1;1;1;1;1;1;1;1;1;1;1;1;1;0;0;0;0;0;0;0;0;0;0.0004;0.088;-0.0884;0;0;0;0;0;0;0;0;0;0;0;0;0;0;0;0;0;0;0;-2.7002;0;0;0;0;0.0004;0;0;0;0;0;0;0;-0.0004;-0.0884;0;0;0;0;0;0;0;0;0;-0.7452;0;0.7452;1;1;0;0;0;0
14/09/21 01:00;0;0;90;0;0;90;0;0;0;0;1.6997;2.2;0;0;0;0;0;0;0;0;0;0;0;0;0;1;1;1;1;0;0;0;0;0;0;0;0;0;0;0;0;0;0;0;0;0;0;0;0;0;0;0;0;0;0;0;0;0;0;0;0;0;0;0;1;1;1;1;1;1;1;1;1;1;1;1;1;1;1;1;1;1;1;0;0;0;0;0;0;0;0;0;0.0004;0.088;-0.0884;0;0;0;0;0;0;0;0;0;0;0;0;0;0;0;0;0;0;0;-1.6997;0;0;0;0;0.0004;0;0;0;0;0;0;0;-0.0004;-0.0884;0;0;0;0;0;0;0;0;0;-0.7452;0;0.7452;1;1;0;0;0;0
14/09/21 02:00;0;0;90;0;0;90;0;0;0;0;1.38;2.03;0;0;0;0;0;0;0;0;0;0;0;0;0;1;1;1;1;0;0;0;0;0;0;0;0;0;0;0;0;0;0;0;0;0;0;0;0;0;0;0;0;0;0;0;0;0;0;0;0;0;0;0;1;1;1;1;1;1;1;1;1;1;1;1;1;1;1;1;1;1;1;0;0;0;0;0;0;0;0;0;0.0004;0.088;-0.0884;0;0;0;0;0;0;0;0;0;0;0;0;0;0;0;0;0;0;0;-1.38;0;0;0;0;0.0004;0;0;0;0;0;0;0;-0.0004;-0.0884;0;0;0;0;0;0;0;0;0;-0.7452;0;0.7452;1;1;0;0;0;0
14/09/21 03:00;0;0;90;0;0;90;0;0;0;0;0.8003;1.86;0;0;0;0;0;0;0;0;0;0;0;0;0;1;1;1;1;0;0;0;0;0;0;0;0;0;0;0;0;0;0;0;0;0;0;0;0;0;0;0;0;0;0;0;0;0;0;0;0;0;0;0;1;1;1;1;1;1;1;1;1;1;1;1;1;1;1;1;1;1;1;0;0;0;0;0;0;0;0;0;0.0004;0.088;-0.0884;0;0;0;0;0;0;0;0;0;0;0;0;0;0;0;0;0;0;0;-0.8003;0;0;0;0;0.0004;0;0;0;0;0;0;0;-0.0004;-0.0884;0;0;0;0;0;0;0;0;0;-0.7452;0;0.7452;1;1;0;0;0;0
14/09/21 04:00;0;0;90;0;0;90;0;0;0;0;0.1801;1.8399;0;0;0;0;0;0;0;0;0;0;0;0;0;1;1;1;1;0;0;0;0;0;0;0;0;0;0;0;0;0;0;0;0;0;0;0;0;0;0;0;0;0;0;0;0;0;0;0;0;0;0;0;1;1;1;1;1;1;1;1;1;1;1;1;1;1;1;1;1;1;1;0;0;0;0;0;0;0;0;0;0.0004;0.088;-0.0884;0;0;0;0;0;0;0;0;0;0;0;0;0;0;0;0;0;0;0;-0.1801;0;0;0;0;0.0004;0;0;0;0;0;0;0;-0.0004;-0.0884;0;0;0;0;0;0;0;0;0;-0.7452;0;0.7452;1;1;0;0;0;0
14/09/21 05:00;0;0;90;0;0;90;0;0;0;0;0.2997;1.79;0;0;0;0;0;0;0;0;0;0;0;0;0;1;1;1;1;0;0;0;0;0;0;0;0;0;0;0;0;0;0;0;0;0;0;0;0;0;0;0;0;0;0;0;0;0;0;0;0;0;0;0;1;1;1;1;1;1;1;1;1;1;1;1;1;1;1;1;1;1;1;0;0;0;0;0;0;0;0;0;0.0004;0.088;-0.0884;0;0;0;0;0;0;0;0;0;0;0;0;0;0;0;0;0;0;0;-0.2997;0;0;0;0;0.0004;0;0;0;0;0;0;0;-0.0004;-0.0884;0;0;0;0;0;0;0;0;0;-0.7452;0;0.7452;1;1;0;0;0;0
14/09/21 06:00;5.9811;-81.799;75.362;6.0425;8.7488;-90;-8.7488;61.104;33;28.104;0.19;1.7501;0;68.16;26.273;15.942;0;0.0675;110.44;0;110.44;68.16;15.942;26.273;0.0675;0.6172;0.2385;0;0.0006;110.24;0.2077;0;0;0.1516;0.0561;92.732;17.282;13.125;3.0698;1.0851;0.0026;110.01;0.2205;0.1363;0.0319;0.0522;0;92.737;54.899;12.84;24.984;0.0088;15.874;12.889;4.5796;0.0045;0.1754;2.5229;0.0044;2.6938;0;1;0;0;1.8074;0.9981;1;1;0.9942;0.1692;0.8429;0.8071;1;0.9584;0.7757;0.998;0.998;1;0.998;0.998;0.8396;0.9509;0.131;0.3143;0.2704;0.0016;0.0161;-0.0198;0.0019;0.0068;0.0005;0;0;0.088;0.1621;0;0;0;0;0;0;0;0;0;0;0;0;0.0054;0.0003;0.2576;0.2576;0;4.6887;4.6887;4.4987;0.0485;229.67;1121.4;1;0.0075;0.0075;0;0;0;0;0;0;0.2501;0.1621;0;15.41;17.844;9.6967;11.229;97.092;97.092;2.6506;2.172;1.3667;0.4786;0.8053;0.1806;0.3038;0.5156;15.704;0.507;0
14/09/21 07:00;17.543;-72.882;43.025;18.304;31.307;-90;-31.307;252;56.103;195.89;3.7798;0.7901;0;475.1;27.052;65.305;0;3.4858;570.94;0;570.94;475.1;65.305;27.052;3.4858;0.8321;0.0535;0;0.0061;566.6;4.3405;0;0;1.2804;3.0601;559.89;5.5735;4.1033;0.564;0.8355;0.0707;565.47;1.1332;0.9502;0.1306;0.0515;0.0009;560.02;470.04;64.611;24.884;0.3541;19.086;15.497;5.9787;0.4756;0.2107;3.0311;0.1274;2.7662;0;1;0;0;2.2657;0.9924;1;1;0.9527;0.1221;0.9901;0.9913;1;0.9675;0.8335;0.998;0.998;1;0.998;0.998;0.9807;0.9199;0.1016;1.6248;1.6083;0.0097;0.0037;0.0348;0.0109;0.0387;0.0006;0;0;0.088;1.3605;0;0;0;0;0;0;0;0;0;0;0;0;0.0312;0.0063;1.4724;1.4724;0;31.176;31.176;27.396;0.0489;1384.4;1063.6;1;0.0239;0.0239;0;0;0;0;0;0;1.4485;1.3605;0;17.041;19.733;15.747;18.234;98.38;98.38;13.703;12.417;11.474;1.2857;0.9433;0.0938;0.0688;0.8373;17.994;0.834;0
14/09/21 08:00;28.878;-62.202;24.102;31.943;58.057;-90;-58.057;490.59;81.001;409.59;7.9798;1.32;0;774.17;23.139;95.894;0;21.948;915.15;0;915.15;774.17;95.894;23.139;21.948;0.8459;0.0493;0;0.024;891.94;23.212;0;0;2.7639;20.448;888.64;1.5127;0.6432;0.0797;0.7085;0.0814;890.16;1.7839;1.5483;0.1918;0.0408;0.003;892.3;771.98;95.623;19.626;1.4157;123.04;99.905;37.342;3.4453;1.4611;21.017;3.657;19.033;0;1;0;0;1.8654;0.9746;1;1;0.8806;0.0683;0.9983;0.9992;1;0.9652;0.9457;0.998;0.998;1;0.998;0.998;0.971;0.8482;0.0645;2.6044;2.595;0.0156;-0.0017;0.2471;0.0163;0.0579;0.0036;0;0;0.088;2.0692;0;0;0;0;0;0;0;0;0;0;0;0;0.0467;0.0156;2.1939;2.1939;0;52.175;52.175;44.195;0.0497;2238.5;980.07;1;0.0366;0.0366;0;0;0;0;0;0;2.1572;2.0692;0;15.841;18.344;14.941;17.301;98.33;98.33;21.964;18.501;17.45;3.4625;1.0511;0.1576;0.0479;0.7945;19.7;0.7811;0
14/09/21 09:00;39.003;-48.85;30.755;47.084;42.916;-90;-42.916;647.4;106.6;540.8;10.56;2.43;0;738.44;33.737;92.37;0;16.461;881.01;0;881.01;738.44;92.37;33.737;16.461;0.8382;0.057;0;0.0187;863.28;17.726;0;0;2.5978;15.128;859.23;2.3303;1.0891;0.1362;1.0097;0.0952;861.56;1.7266;1.4769;0.1847;0.0623;0.0027;863.5;735.87;92.049;30.067;1.2348;292.21;237.27;88.603;1.754;3.0575;43.982;4.2767;45.285;0;1;0;0;1.3608;0.9799;1;1;0.923;0.081;0.9973;0.9985;1;0.9675;0.9284;0.998;0.998;1;0.998;0.998;0.9753;0.8912;0.075;2.5073;2.5586;0.0154;-0.0018;0.2543;0.016;0.0569;0.0075;0;0;0.088;2.026;0;0;0;0;0;0;0;0;0;0;0;0;0.0458;0.0152;2.1494;2.1494;0;53.333;53.333;42.773;0.0498;2205.4;974.61;1;0.0354;0.0354;0;0;0;0;0;0;2.114;2.026;0;16.121;18.668;15.196;17.596;98.352;98.352;21.144;18.126;17.085;3.0182;1.0409;0.1427;0.0492;0.808;24.642;0.7789;0
14/09/21 10:00;46.943;-31.413;35.638;64.034;25.966;-90;-25.966;772.59;127.5;645.1;12.14;3.0299;0;717.53;42.126;92.467;0;7.4092;859.53;0;859.53;717.53;92.467;42.126;7.4092;0.8348;0.0576;0;0.0086;851.71;7.8205;0;0;1.4794;6.3411;844.95;5.058;3.1031;0.3999;1.3446;0.2104;850.01;1.7034;1.4351;0.1849;0.0813;0.0021;846.86;712.99;91.882;39.221;0.8556;422.93;343.42;128.8;0.3871;4.2494;61.126;1.916;64.988;0;1;0;0;1.1125;0.9909;1;1;0.9649;0.1442;0.994;0.9957;1;0.9669;0.8026;0.998;0.998;1;0.998;0.998;0.983;0.931;0.1155;2.4462;2.5454;0.0153;-0.0019;0.2612;0.0159;0.0564;0.0104;0;0;0.088;2.0048;0;0;0;0;0;0;0;0;0;0;0;0;0.0454;0.015;2.1276;2.1276;0;54.234;54.234;42.094;0.0498;2192.6;970.37;1;0.0348;0.0348;0;0;0;0;0;0;2.0928;2.0048;0;16.357;18.941;15.413;17.848;98.364;98.364;20.629;17.943;16.907;2.686;1.0356;0.1302;0.0502;0.8196;27.046;0.7782;0
14/09/21 11:00;51.261;-9.4064;38.124;82.53;7.4701;-90;-7.4701;836.3;137.8;698.49;13.5;3.4;0;704.47;46.468;91.916;0;0.6743;843.53;0;843.53;704.47;91.916;46.468;0.6743;0.8351;0.0559;0;0.0008;842.76;0.7672;0;0;0.2067;0.5605;834.5;6.5806;4.0689;0.5309;1.9554;0.0254;841.08;1.6855;1.4089;0.1838;0.0925;0.0002;834.6;698.99;91.201;44.213;0.0881;490.57;398.34;147.55;0.0042;5.0203;72.215;0.105;77.231;0;1;0;0;1.0087;0.9991;1;1;0.9956;0.1687;0.9922;0.9942;1;0.9576;0.776;0.998;0.998;1;0.998;0.998;0.9893;0.9515;0.1306;2.4006;2.5325;0.0153;-0.0019;0.2678;0.0158;0.0559;0.0122;0;0;0.088;1.9854;0;0;0;0;0;0;0;0;0;0;0;0;0.045;0.0149;2.1076;2.1076;0;55.103;55.103;41.603;0.0499;2180.7;966.48;1;0.0342;0.0342;0;0;0;0;0;0;2.0734;1.9854;0;16.51;19.119;15.553;18.01;98.376;98.376;20.245;17.774;16.743;2.471;1.0308;0.1221;0.0509;0.827;27.703;0.7772;0
14/09/21 12:00;50.712;14.474;37.816;78.443;11.557;90;11.557;795.51;144;651.51;15.16;3.62;0;664.99;53.928;91.374;0;1.5321;811.82;0;811.82;664.99;91.374;53.928;1.5321;0.8191;0.0683;0;0.0019;810.05;1.7719;0;0;0.497;1.2749;802.01;6.4182;3.7212;0.5113;2.1279;0.0578;808.43;1.6201;1.33;0.1827;0.1069;0.0005;802.32;659.94;90.68;51.196;0.1989;463.15;376.08;138.55;0.0274;4.7901;68.903;0.3133;73.666;0;1;0;0;1.0205;0.9978;1;1;0.9908;0.1679;0.9921;0.9944;1;0.9601;0.7747;0.998;0.998;1;0.998;0.998;0.9879;0.9493;0.1298;2.3104;2.4335;0.0147;-0.002;0.258;0.0151;0.0537;0.0116;0;0;0.088;1.9048;0;0;0;0;0;0;0;0;0;0;0;0;0.0433;0.0138;2.0254;2.0254;0;55.146;55.146;39.986;0.0499;2095.8;966.41;1;0.0326;0.0326;0;0;0;0;0;0;1.9928;1.9048;0;16.486;19.09;15.504;17.953;98.39;98.39;19.484;17.08;16.063;2.4035;1.0172;0.1234;0.0522;0.8244;32.458;0.7752;0
14/09/21 13:00;45.48;35.585;34.766;60.22;29.78;90;29.78;466;334.6;131.4;15.28;3.7499;0;151.39;269.97;52.469;0;5.8465;479.68;0;479.68;151.39;52.469;269.97;5.8465;0.3156;0.575;0;0.0122;462.72;16.958;0;0;11.839;5.119;452.49;9.3095;0.5777;0.2002;8.4015;0.1301;461.8;0.9254;0.3028;0.1049;0.5163;0.0015;454.19;150.51;52.164;249.22;0.5959;270.97;220.02;82.467;3.9864;2.9689;42.707;1.7066;41.69;0;1;0;0;1.0294;0.9646;1;1;0.9561;0.1244;0.9798;0.9962;1;0.9674;0.8208;0.998;0.998;1;0.998;0.998;0.9433;0.9231;0.1019;1.3651;1.385;0.0083;0.0067;0.0614;0.0092;0.0325;0.0077;0;0;0.088;1.1209;0;0;0;0;0;0;0;0;0;0;0;0;0.0262;0.0048;1.2282;1.2282;0;37.559;37.559;22.279;0.0492;1189.8;1032.3;1;0.0193;0.0193;0;0;0;0;0;0;1.2089;1.1209;0;16.92;19.593;15.441;17.881;98.425;98.425;11.512;10.358;9.4527;1.1543;0.9052;0.1003;0.0786;0.8211;177.67;0.7698;0
14/09/21 14:00;36.959;52.033;29.445;43.664;46.336;90;46.336;590.39;150.7;439.69;15.88;3.7499;0;636.85;58.579;117.89;0;17.363;830.68;0;830.68;636.85;117.89;58.579;17.363;0.7667;0.0914;0;0.0209;809.47;21.204;0;0;5.0611;16.143;805.27;2.5822;0.6464;0.1197;1.7485;0.0676;807.85;1.6189;1.2737;0.2358;0.107;0.0024;809.63;634.93;117.53;51.663;1.1507;255.56;207.51;77.035;3.9617;2.8614;41.161;4.3616;40.06;0;1;0;0;1.407;0.9745;1;1;0.9136;0.0703;0.9968;0.999;1;0.9673;0.9445;0.998;0.998;1;0.998;0.998;0.9694;0.8819;0.0663;2.364;2.3989;0.0144;-0.002;0.2623;0.0149;0.0527;0.0069;0;0;0.088;1.8737;0;0;0;0;0;0;0;0;0;0;0;0;0.0425;0.0135;1.9937;1.9937;0;56.059;56.059;40.179;0.0499;2068.5;963.85;1;0.032;0.032;0;0;0;0;0;0;1.9617;1.8737;0;15.86;18.365;14.905;17.26;98.397;98.397;19.936;16.813;15.801;3.1232;1.0117;0.1567;0.0507;0.7926;44.14;0.7642;0
14/09/21 15:00;26.507;64.69;22.52;28.885;60;90;60;426.91;139.4;287.51;15.4;3.48;0;595.08;54.808;137.27;0;20.278;807.43;0;807.43;595.08;137.27;54.808;20.278;0.737;0.093;0;0.0251;781.57;25.861;0;0;6.8904;18.97;777.66;2.3496;0.462;0.1066;1.6921;0.089;780.01;1.5631;1.1902;0.2745;0.0958;0.0026;781.03;593.43;136.89;46.13;1.2162;101.06;82.062;32.803;9.168;1.4736;21.197;3.3763;13.503;0;1;0;0;1.8913;0.968;1;1;0.8743;0.0645;0.997;0.9992;1;0.9646;0.9318;0.998;0.998;1;0.998;0.998;0.9631;0.8417;0.06;2.2979;2.2771;0.0137;-0.0018;0.2336;0.0142;0.0504;0.0036;0;0;0.088;1.7919;0;0;0;0;0;0;0;0;0;0;0;0;0.0406;0.0122;1.9104;1.9104;0;54.142;54.142;38.742;0.0498;1964.7;972.38;1;0.0306;0.0306;0;0;0;0;0;0;1.8799;1.7919;0;15.635;18.105;14.665;16.981;98.401;98.401;19.378;16.111;15.111;3.2673;0.9998;0.1686;0.0516;0.7798;47.714;0.7648;0
14/09/21 16:00;14.997;74.962;51.129;15.503;24.907;90;24.907;210.6;131;79.606;14.6;2.3999;0;193.07;96.526;72.184;0;1.8608;363.64;0;363.64;193.07;72.184;96.526;1.8608;0.5309;0.2706;0;0.0051;358.86;4.7725;0;0;3.1806;1.5918;351.28;6.8682;2.699;1.0091;3.1053;0.0548;358.15;0.7177;0.3861;0.1444;0.1867;0.0005;351.53;189.98;71.03;90.053;0.2136;62.115;50.438;18.536;0.7624;0.6947;9.9927;0.2532;9.925;0;1;0;0;1.7267;0.9869;1;1;0.967;0.1446;0.9808;0.986;1;0.9667;0.7957;0.998;0.998;1;0.998;0.998;0.966;0.9329;0.1148;1.0349;1.0258;0.0062;0.0118;0.0249;0.0069;0.0244;0.0018;0;0;0.088;0.8242;0;0;0;0;0;0;0;0;0;0;0;0;0.0197;0.0028;0.9273;0.9273;0;31.839;31.839;17.239;0.0491;881.16;1052.3;1;0.0151;0.0151;0;0;0;0;0;0;0.9122;0.8242;0;16.851;19.513;14.977;17.342;98.369;98.369;8.7273;7.8199;6.9503;0.9074;0.8697;0.104;0.0997;0.7964;61.579;0.7803;0
14/09/21 17:00;4.57;82.818;78.858;4.606;6.6246;90;6.6246;19.398;19.197;0.2005;12.37;2.6901;0;0.4863;19.098;0.0865;0;0.0123;19.683;0;19.683;0.4863;0.0865;19.098;0.0123;0.0247;0.9709;0;0.0006;19.602;0.0805;0;0;0.0702;0.0102;18.588;0.975;0.1372;0.0244;0.8129;0.0005;19.563;0.0392;0.001;0.0002;0.0381;0;18.59;0.3482;0.062;18.176;0.0016;11.37;9.2323;3.2536;0.001;0.1272;1.8298;0.0013;1.956;0;1;0;0;1.0147;0.9959;1;1;0.9963;0.1671;0.9502;0.7174;1;0.9572;0.7759;0.998;0.998;1;0.998;0.998;0.9444;0.9518;0.1294;0.056;0.0569;0.0003;0.0084;-0.0024;0.0004;0.0013;0.0003;0;0;0.088;-0.0436;0;0;0;0;0;0;0;0;0;0;0;0;0.001;0;0.0475;0.0475;0;13.298;13.298;0.9279;0.0499;46.832;1015.3;1;0.0032;0.0032;0;0;0;0;0;0;0.0444;-0.0436;0;15.963;18.485;-14.639;-16.951;93.368;93.368;0.4724;0.401;-0.3677;0.0714;0.7687;0.1511;1.6273;0;11.369;0;0
14/09/21 18:00;0;0;90;0;0;90;0;0;0;0;8.8699;2.81;0;0;0;0;0;0;0;0;0;0;0;0;0;1;1;1;1;0;0;0;0;0;0;0;0;0;0;0;0;0;0;0;0;0;0;0;0;0;0;0;0;0;0;0;0;0;0;0;0;0;0;0;1;1;1;1;1;1;1;1;1;1;1;1;1;1;1;1;1;1;1;0;0;0;0;0;0;0;0;0;0.0004;0.088;-0.0884;0;0;0;0;0;0;0;0;0;0;0;0;0;0;0;0;0;0;0;-8.8699;0;0;0;0;0.0004;0;0;0;0;0;0;0;-0.0004;-0.0884;0;0;0;0;0;0;0;0;0;-0.7452;0;0.7452;1;1;0;0;0;0
14/09/21 19:00;0;0;90;0;0;90;0;0;0;0;5.79;2.8501;0;0;0;0;0;0;0;0;0;0;0;0;0;1;1;1;1;0;0;0;0;0;0;0;0;0;0;0;0;0;0;0;0;0;0;0;0;0;0;0;0;0;0;0;0;0;0;0;0;0;0;0;1;1;1;1;1;1;1;1;1;1;1;1;1;1;1;1;1;1;1;0;0;0;0;0;0;0;0;0;0.0004;0.088;-0.0884;0;0;0;0;0;0;0;0;0;0;0;0;0;0;0;0;0;0;0;-5.79;0;0;0;0;0.0004;0;0;0;0;0;0;0;-0.0004;-0.0884;0;0;0;0;0;0;0;0;0;-0.7452;0;0.7452;1;1;0;0;0;0
14/09/21 20:00;0;0;90;0;0;90;0;0;0;0;3;2.7999;0;0;0;0;0;0;0;0;0;0;0;0;0;1;1;1;1;0;0;0;0;0;0;0;0;0;0;0;0;0;0;0;0;0;0;0;0;0;0;0;0;0;0;0;0;0;0;0;0;0;0;0;1;1;1;1;1;1;1;1;1;1;1;1;1;1;1;1;1;1;1;0;0;0;0;0;0;0;0;0;0.0004;0.088;-0.0884;0;0;0;0;0;0;0;0;0;0;0;0;0;0;0;0;0;0;0;-3;0;0;0;0;0.0004;0;0;0;0;0;0;0;-0.0004;-0.0884;0;0;0;0;0;0;0;0;0;-0.7452;0;0.7452;1;1;0;0;0;0
14/09/21 21:00;0;0;90;0;0;90;0;0;0;0;2.6397;2.6399;0;0;0;0;0;0;0;0;0;0;0;0;0;1;1;1;1;0;0;0;0;0;0;0;0;0;0;0;0;0;0;0;0;0;0;0;0;0;0;0;0;0;0;0;0;0;0;0;0;0;0;0;1;1;1;1;1;1;1;1;1;1;1;1;1;1;1;1;1;1;1;0;0;0;0;0;0;0;0;0;0.0004;0.088;-0.0884;0;0;0;0;0;0;0;0;0;0;0;0;0;0;0;0;0;0;0;-2.6397;0;0;0;0;0.0004;0;0;0;0;0;0;0;-0.0004;-0.0884;0;0;0;0;0;0;0;0;0;-0.7452;0;0.7452;1;1;0;0;0;0
14/09/21 22:00;0;0;90;0;0;90;0;0;0;0;1.9497;2.3801;0;0;0;0;0;0;0;0;0;0;0;0;0;1;1;1;1;0;0;0;0;0;0;0;0;0;0;0;0;0;0;0;0;0;0;0;0;0;0;0;0;0;0;0;0;0;0;0;0;0;0;0;1;1;1;1;1;1;1;1;1;1;1;1;1;1;1;1;1;1;1;0;0;0;0;0;0;0;0;0;0.0004;0.088;-0.0884;0;0;0;0;0;0;0;0;0;0;0;0;0;0;0;0;0;0;0;-1.9497;0;0;0;0;0.0004;0;0;0;0;0;0;0;-0.0004;-0.0884;0;0;0;0;0;0;0;0;0;-0.7452;0;0.7452;1;1;0;0;0;0
14/09/21 23:00;0;0;90;0;0;90;0;0;0;0;1.61;2.1;0;0;0;0;0;0;0;0;0;0;0;0;0;1;1;1;1;0;0;0;0;0;0;0;0;0;0;0;0;0;0;0;0;0;0;0;0;0;0;0;0;0;0;0;0;0;0;0;0;0;0;0;1;1;1;1;1;1;1;1;1;1;1;1;1;1;1;1;1;1;1;0;0;0;0;0;0;0;0;0;0.0004;0.088;-0.0884;0;0;0;0;0;0;0;0;0;0;0;0;0;0;0;0;0;0;0;-1.61;0;0;0;0;0.0004;0;0;0;0;0;0;0;-0.0004;-0.0884;0;0;0;0;0;0;0;0;0;-0.7452;0;0.7452;1;1;0;0;0;0
15/09/21 00:00;0;0;90;0;0;90;0;0;0;0;1.0901;1.9101;0;0;0;0;0;0;0;0;0;0;0;0;0;1;1;1;1;0;0;0;0;0;0;0;0;0;0;0;0;0;0;0;0;0;0;0;0;0;0;0;0;0;0;0;0;0;0;0;0;0;0;0;1;1;1;1;1;1;1;1;1;1;1;1;1;1;1;1;1;1;1;0;0;0;0;0;0;0;0;0;0.0004;0.088;-0.0884;0;0;0;0;0;0;0;0;0;0;0;0;0;0;0;0;0;0;0;-1.0901;0;0;0;0;0.0004;0;0;0;0;0;0;0;-0.0004;-0.0884;0;0;0;0;0;0;0;0;0;-0.7452;0;0.7452;1;1;0;0;0;0
15/09/21 01:00;0;0;90;0;0;90;0;0;0;0;0.6002;2.0601;0;0;0;0;0;0;0;0;0;0;0;0;0;1;1;1;1;0;0;0;0;0;0;0;0;0;0;0;0;0;0;0;0;0;0;0;0;0;0;0;0;0;0;0;0;0;0;0;0;0;0;0;1;1;1;1;1;1;1;1;1;1;1;1;1;1;1;1;1;1;1;0;0;0;0;0;0;0;0;0;0.0004;0.088;-0.0884;0;0;0;0;0;0;0;0;0;0;0;0;0;0;0;0;0;0;0;-0.6002;0;0;0;0;0.0004;0;0;0;0;0;0;0;-0.0004;-0.0884;0;0;0;0;0;0;0;0;0;-0.7452;0;0.7452;1;1;0;0;0;0
15/09/21 02:00;0;0;90;0;0;90;0;0;0;0;0.3901;2.35;0;0;0;0;0;0;0;0;0;0;0;0;0;1;1;1;1;0;0;0;0;0;0;0;0;0;0;0;0;0;0;0;0;0;0;0;0;0;0;0;0;0;0;0;0;0;0;0;0;0;0;0;1;1;1;1;1;1;1;1;1;1;1;1;1;1;1;1;1;1;1;0;0;0;0;0;0;0;0;0;0.0004;0.088;-0.0884;0;0;0;0;0;0;0;0;0;0;0;0;0;0;0;0;0;0;0;-0.3901;0;0;0;0;0.0004;0;0;0;0;0;0;0;-0.0004;-0.0884;0;0;0;0;0;0;0;0;0;-0.7452;0;0.7452;1;1;0;0;0;0
15/09/21 03:00;0;0;90;0;0;90;0;0;0;0;-0.0898;2.5599;0;0;0;0;0;0;0;0;0;0;0;0;0;1;1;1;1;0;0;0;0;0;0;0;0;0;0;0;0;0;0;0;0;0;0;0;0;0;0;0;0;0;0;0;0;0;0;0;0;0;0;0;1;1;1;1;1;1;1;1;1;1;1;1;1;1;1;1;1;1;1;0;0;0;0;0;0;0;0;0;0.0004;0.088;-0.0884;0;0;0;0;0;0;0;0;0;0;0;0;0;0;0;0;0;0;0;0.0898;0;0;0;0;0.0004;0;0;0;0;0;0;0;-0.0004;-0.0884;0;0;0;0;0;0;0;0;0;-0.7452;0;0.7452;1;1;0;0;0;0
15/09/21 04:00;0;0;90;0;0;90;0;0;0;0;-0.3597;2.7099;0;0;0;0;0;0;0;0;0;0;0;0;0;1;1;1;1;0;0;0;0;0;0;0;0;0;0;0;0;0;0;0;0;0;0;0;0;0;0;0;0;0;0;0;0;0;0;0;0;0;0;0;1;1;1;1;1;1;1;1;1;1;1;1;1;1;1;1;1;1;1;0;0;0;0;0;0;0;0;0;0.0004;0.088;-0.0884;0;0;0;0;0;0;0;0;0;0;0;0;0;0;0;0;0;0;0;0.3597;0;0;0;0;0.0004;0;0;0;0;0;0;0;-0.0004;-0.0884;0;0;0;0;0;0;0;0;0;-0.7452;0;0.7452;1;1;0;0;0;0
15/09/21 05:00;0;0;90;0;0;90;0;0;0;0;-0.4402;2.83;0;0;0;0;0;0;0;0;0;0;0;0;0;1;1;1;1;0;0;0;0;0;0;0;0;0;0;0;0;0;0;0;0;0;0;0;0;0;0;0;0;0;0;0;0;0;0;0;0;0;0;0;1;1;1;1;1;1;1;1;1;1;1;1;1;1;1;1;1;1;1;0;0;0;0;0;0;0;0;0;0.0004;0.088;-0.0884;0;0;0;0;0;0;0;0;0;0;0;0;0;0;0;0;0;0;0;0.4402;0;0;0;0;0.0004;0;0;0;0;0;0;0;-0.0004;-0.0884;0;0;0;0;0;0;0;0;0;-0.7452;0;0.7452;1;1;0;0;0;0
15/09/21 06:00;6.0779;-82.205;75.12;6.1341;8.8859;-90;-8.8859;78.803;19.098;59.705;0.1302;3.5999;0;144.8;11.082;19.278;0;0.0899;175.25;0;175.25;144.8;19.278;11.082;0.0899;0.8263;0.0637;0;0.0005;175.11;0.1402;0;0;0.0656;0.0746;143.51;31.254;27.176;3.6181;0.4567;0.0034;174.76;0.3502;0.2896;0.0386;0.022;0;143.51;117.34;15.621;10.537;0.0118;6.9572;5.6492;1.8993;0.002;0.0839;1.2067;0.0021;1.2885;0;1;0;0;2.2239;0.9992;1;1;0.9941;0.1693;0.8212;0.8119;1;0.9585;0.7757;0.998;0.998;1;0.998;0.998;0.8189;0.9509;0.131;0.4988;0.413;0.0025;0.0172;-0.0265;0.0029;0.0104;0.0002;0;0;0.088;0.3003;0;0;0;0;0;0;0;0;0;0;0;0;0.0084;0.0006;0.3972;0.3972;0;7.0767;7.0767;6.9465;0.0484;352.37;1127.3;1;0.0089;0.0089;0;0;0;0;0;0;0.3883;0.3003;0;14.978;17.344;11.323;13.111;97.752;97.752;4.206;3.3498;2.5324;0.8562;0.8174;0.2036;0.1943;0.6021;6.6257;0.599;0
15/09/21 07:00;17.854;-73.139;41.962;18.602;32.081;-90;-32.081;280.79;46.696;234.09;3.6501;3.2501;0;567.74;18.824;63.826;0;4.0733;654.47;0;654.47;567.74;63.826;18.824;4.0733;0.8675;0.035;0;0.0062;649.95;4.5153;0;0;0.9261;3.5892;642.93;5.7199;4.5512;0.5116;0.5792;0.0778;648.65;1.2999;1.1355;0.1277;0.0358;0.001;643.03;562.06;63.187;17.282;0.4054;13.867;11.26;4.4303;0.3604;0.1484;2.1353;0.0944;1.9233;0;1;0;0;2.3308;0.9931;1;1;0.9508;0.1189;0.9912;0.992;1;0.9676;0.8389;0.998;0.998;1;0.998;0.998;0.9824;0.9181;0.0995;1.8626;1.844;0.0111;0.0011;0.0657;0.0124;0.0438;0.0004;0;0;0.088;1.5507;0;0;0;0;0;0;0;0;0;0;0;0;0.0353;0.0082;1.6661;1.6661;0;35.199;35.199;31.549;0.0491;1588;1049.1;1;0.0273;0.0273;0;0;0;0;0;0;1.6387;1.5507;0;16.822;19.479;15.657;18.131;98.359;98.359;15.707;14.05;13.077;1.6572;0.9727;0.1055;0.0619;0.8326;12.591;0.8305;0
15/09/21 08:00;29.209;-62.449;23.811;32.236;57.764;-90;-57.764;465.39;82.298;383.09;7.42;1.8301;0;718.21;26.536;89.402;0;20.629;854.78;0;854.78;718.21;89.402;26.536;20.629;0.8402;0.0552;0;0.0241;832.41;22.368;0;0;3.1464;19.221;829.2;1.5488;0.5895;0.0734;0.8115;0.0745;830.74;1.6648;1.4364;0.1788;0.0468;0.0028;832.89;716.18;89.15;22.531;1.3309;121.93;99.009;36.273;3.8796;1.5259;21.949;3.6992;19.596;0;1;0;0;1.8367;0.9738;1;1;0.8814;0.0683;0.9981;0.9992;1;0.9652;0.947;0.998;0.998;1;0.998;0.998;0.9701;0.8491;0.0645;2.4326;2.4269;0.0146;-0.002;0.2;0.0155;0.055;0.0038;0;0;0.088;1.9598;0;0;0;0;0;0;0;0;0;0;0;0;0.0443;0.0138;2.082;2.082;0;48.537;48.537;41.117;0.0496;2092.5;995;1;0.0343;0.0343;0;0;0;0;0;0;2.0478;1.9598;0;16.095;18.638;15.15;17.544;98.354;98.354;20.515;17.558;16.527;2.9566;1.0311;0.1441;0.0503;0.8056;22.516;0.7904;0
15/09/21 09:00;39.362;-49.063;30.437;47.357;42.643;-90;-42.643;652.3;107.4;544.9;11.4;0.59;0;740.77;34.096;92.595;0;16.385;883.84;0;883.84;740.77;92.595;34.096;16.385;0.8381;0.0571;0;0.0185;866.19;17.651;0;0;2.6011;15.05;862.27;2.1928;0.955;0.1194;1.0209;0.0975;864.46;1.7324;1.4815;0.1852;0.063;0.0027;866.53;738.33;92.291;30.411;1.2352;295.92;240.29;89.79;1.7342;3.0898;44.445;4.2644;45.801;0;1;0;0;1.355;0.98;1;1;0.9237;0.0815;0.9975;0.9987;1;0.9675;0.9268;0.998;0.998;1;0.998;0.998;0.9756;0.8919;0.0754;2.5153;2.5682;0.0155;-0.0018;0.2647;0.016;0.0568;0.0075;0;0;0.088;2.0251;0;0;0;0;0;0;0;0;0;0;0;0;0.0458;0.0153;2.1484;2.1484;0;54.36;54.36;42.96;0.0498;2213.7;970.49;1;0.0353;0.0353;0;0;0;0;0;0;2.1131;2.0251;0;16.062;18.6;15.14;17.532;98.356;98.356;21.212;18.118;17.078;3.0943;1.04;0.1459;0.049;0.8051;24.845;0.7759;0
15/09/21 10:00;47.33;-31.533;35.288;64.261;25.739;-90;-25.739;193.8;190.3;3.5039;13.45;0.19;0;3.8899;180.22;0.7431;0;1.8267;186.68;0;186.68;3.8899;0.7431;180.22;1.8267;0.0208;0.9752;0;0.0098;178.88;7.8021;0;0;6.2404;1.5617;172.69;5.8339;0.016;0.0031;5.7624;0.0525;178.52;0.3578;0.0078;0.0015;0.348;0.0005;173.21;3.8661;0.7386;167.87;0.212;117.82;95.669;35.116;1.5982;1.3303;19.136;0.5243;18.868;0;1;0;0;0.9633;0.9582;1;1;0.9654;0.1451;0.9673;0.9959;1;0.9668;0.8016;0.998;0.998;1;0.998;0.998;0.925;0.9315;0.116;0.5313;0.5339;0.0032;0.0171;-0.0059;0.0036;0.0129;0.0035;0;0;0.088;0.3909;0;0;0;0;0;0;0;0;0;0;0;0;0.0104;0.0009;0.4882;0.4882;0;21.9;21.9;8.4495;0.0489;455.8;1071.1;1;0.0093;0.0093;0;0;0;0;0;0;0.4789;0.3909;0;17.281;20.011;13.836;16.022;98.088;98.088;4.4804;4.1172;3.2963;0.3632;0.8209;0.0811;0.1832;0.7357;115.55;0.6833;0
15/09/21 11:00;51.654;-9.3432;37.747;82.682;7.3182;-90;-7.3182;312.3;297.2;15.097;13.55;0.5599;0;15.221;291.79;4.2575;0;0.2417;311.51;0;311.51;15.221;4.2575;291.79;0.2417;0.0489;0.9375;0;0.0008;310.05;1.4558;0;0;1.2549;0.2009;297.01;12.422;0.0846;0.0237;12.305;0.0091;309.43;0.6201;0.0304;0.0085;0.5811;0.0001;297.04;15.106;4.2253;277.65;0.0316;185.24;150.41;53.206;0.0233;2.06;29.632;0.0306;31.669;0;1;0;0;0.9975;0.9953;1;1;0.9957;0.1686;0.9599;0.9944;1;0.9576;0.776;0.998;0.998;1;0.998;0.998;0.9535;0.9515;0.1306;0.8865;0.9092;0.0055;0.0134;0.01;0.0062;0.0219;0.0054;0;0;0.088;0.7252;0;0;0;0;0;0;0;0;0;0;0;0;0.0176;0.0022;0.827;0.827;0;28.096;28.096;14.546;0.049;777.76;1063.3;1;0.0138;0.0138;0;0;0;0;0;0;0.8132;0.7252;0;17.543;20.314;15.384;17.815;98.335;98.335;7.4762;6.9742;6.116;0.502;0.8582;0.0671;0.1148;0.8181;173.91;0.7637;0
15/09/21 12:00;51.069;14.742;37.423;78.385;11.615;90;11.615;948.09;156.4;791.69;14.85;0.99;0;808.24;38.514;119.94;0;1.8444;968.55;0;968.55;808.24;119.94;38.514;1.8444;0.8345;0.0417;0;0.0019;966.65;1.8928;0;0;0.358;1.5348;958.15;6.5691;4.3376;0.6437;1.5182;0.0696;964.72;1.9333;1.6165;0.2399;0.0763;0.0006;958.52;802.29;119.06;36.561;0.2394;551.53;447.84;167.66;0.0201;5.5295;79.54;0.372;85.049;0;1;0;0;1.0216;0.998;1;1;0.9907;0.1679;0.9932;0.9946;1;0.9601;0.7747;0.998;0.998;1;0.998;0.998;0.9893;0.9493;0.1298;2.7564;2.9017;0.0175;0.0004;0.3871;0.0175;0.062;0.013;0;0;0.088;2.208;0;0;0;0;0;0;0;0;0;0;0;0;0.0499;0.0192;2.3351;2.3351;0;62.924;62.924;48.074;0.0502;2495.6;935.68;1;0.0391;0.0391;0;0;0;0;0;0;2.296;2.208;0;15.931;18.448;15.064;17.444;98.326;98.326;23.245;19.692;18.621;3.5527;1.0717;0.1528;0.0461;0.8011;23.185;0.7547;0
15/09/21 13:00;45.773;35.963;34.371;60.247;29.753;90;29.753;270.81;261.2;9.606;15.28;1.3401;0;11.065;241.57;2.977;0;3.3915;259;0;259;11.065;2.977;241.57;3.3915;0.0427;0.9458;0;0.0131;245.46;13.547;0;0;10.578;2.9692;237.32;7.6448;0.0397;0.0107;7.5188;0.0756;244.97;0.4909;0.0221;0.006;0.462;0.0008;238.36;11.003;2.9603;223.01;0.3459;165.38;134.29;50.069;3.5553;1.9021;27.361;1.0388;25.708;0;1;0;0;0.9564;0.9477;1;1;0.9562;0.1245;0.9688;0.9964;1;0.9674;0.8206;0.998;0.998;1;0.998;0.998;0.9163;0.9232;0.102;0.7371;0.7368;0.0044;0.0155;0.005;0.005;0.0177;0.005;0;0;0.088;0.5688;0;0;0;0;0;0;0;0;0;0;0;0;0.0142;0.0016;0.6684;0.6684;0;26.911;26.911;11.63;0.049;629.5;1061.7;1;0.0115;0.0115;0;0;0;0;0;0;0.6568;0.5688;0;17.052;19.746;14.513;16.806;98.276;98.276;6.2161;5.6364;4.7972;0.5796;0.8393;0.0932;0.135;0.7717;158.95;0.7152;0
15/09/21 14:00;37.193;52.433;29.057;43.752;46.248;90;46.248;704.11;116.2;587.9;15.58;1.5801;0;850.14;27.729;120.63;0;20.633;1019.1;0;1019.1;850.14;120.63;27.729;20.633;0.8342;0.0475;0;0.0202;997.56;21.569;0;0;2.3891;19.18;993.68;1.8811;0.8516;0.1208;0.8277;0.0811;995.56;1.9951;1.7003;0.2413;0.0507;0.0029;998.65;847.59;120.26;24.461;1.3694;293.89;238.64;87.803;1.8661;3.1669;45.555;4.9711;46.856;0;1;0;0;1.4474;0.9788;1;1;0.9138;0.0704;0.9981;0.999;1;0.9673;0.9441;0.998;0.998;1;0.998;0.998;0.975;0.8822;0.0664;2.9004;2.9485;0.0178;0.001;0.421;0.0176;0.0623;0.0074;0;0;0.088;2.2242;0;0;0;0;0;0;0;0;0;0;0;0;0.0502;0.0199;2.3514;2.3514;0;65.546;65.546;49.966;0.0503;2540.2;925.71;1;0.0392;0.0392;0;0;0;0;0;0;2.3122;2.2242;0;15.247;17.655;14.422;16.7;98.331;98.331;24.459;19.83;18.757;4.629;1.073;0.1893;0.0439;0.7669;20.876;0.742;0
15/09/21 15:00;26.697;65.077;22.136;29.009;60;90;60;191.79;183;8.7888;14.66;1.7;0;18.12;135.27;5.448;0;9.1101;167.95;0;167.95;18.12;5.448;135.27;9.1101;0.1079;0.8597;0;0.0542;142.42;25.528;0;0;17.006;8.5225;137.9;4.2341;0.0138;0.0042;4.1762;0.04;142.13;0.2848;0.0362;0.0109;0.2365;0.0012;141.61;18.07;5.433;113.85;0.5464;119.52;97.052;41.216;22.617;2.3508;33.815;3.7078;13.549;0;1;0;0;0.8757;0.848;1;1;0.8743;0.0645;0.9702;0.9992;1;0.9646;0.9318;0.998;0.998;1;0.998;0.998;0.8211;0.8417;0.06;0.478;0.4729;0.0028;0.0172;-0.0061;0.0032;0.0114;0.0062;0;0;0.088;0.3315;0;0;0;0;0;0;0;0;0;0;0;0;0.0092;0.0007;0.4281;0.4281;0;21.418;21.418;6.7583;0.049;402.06;1064.9;1;0.0086;0.0086;0;0;0;0;0;0;0.4195;0.3315;0;16.846;19.507;13.043;15.104;97.982;97.982;4.0308;3.6106;2.7957;0.4201;0.815;0.1042;0.2022;0.6936;117.76;0.6027;0
15/09/21 16:00;15.159;75.335;50.639;15.645;25.202;90;25.202;222.6;126.7;95.897;14.98;1.4399;0;232.58;88.006;83.177;0;2.0129;405.77;0;405.77;232.58;83.177;88.006;2.0129;0.5732;0.2218;0;0.005;401.09;4.6794;0;0;2.9551;1.7242;393.18;7.1116;3.1146;1.1139;2.8246;0.0585;400.29;0.8022;0.4652;0.1664;0.1701;0.0006;393.42;229;81.896;82.056;0.2296;56.88;46.187;17.015;0.7247;0.6352;9.1367;0.2379;9.0471;0;1;0;0;1.8229;0.9885;1;1;0.9664;0.1434;0.9822;0.9866;1;0.9667;0.797;0.998;0.998;1;0.998;0.998;0.969;0.9324;0.114;1.1548;1.1439;0.0069;0.0101;0.0378;0.0076;0.027;0.0017;0;0;0.088;0.9231;0;0;0;0;0;0;0;0;0;0;0;0;0.0218;0.0034;1.0276;1.0276;0;34.301;34.301;19.321;0.0491;983.87;1044.5;1;0.0165;0.0165;0;0;0;0;0;0;1.0111;0.9231;0;16.735;19.378;15.032;17.407;98.392;98.392;9.7386;8.666;7.7845;1.0726;0.8815;0.1101;0.0905;0.7993;56.242;0.7861;0
15/09/21 17:00;4.7196;83.185;78.489;4.753;6.8401;90;6.8401;19.105;18.798;0.3065;12.94;1.7501;0;0.7435;18.68;0.1254;0;0.0129;19.562;0;19.562;0.7435;0.1254;18.68;0.0129;0.038;0.9556;0;0.0007;19.479;0.0831;0;0;0.0723;0.0108;18.411;1.0285;0.2013;0.0339;0.7929;0.0005;19.44;0.039;0.0015;0.0003;0.0372;0;18.412;0.5407;0.0912;17.777;0.0017;11.126;9.0341;3.1844;0.0011;0.1244;1.7901;0.0014;1.9134;0;1;0;0;1.0239;0.9958;1;1;0.9961;0.1672;0.9471;0.7288;1;0.9573;0.7758;0.998;0.998;1;0.998;0.998;0.9412;0.9517;0.1294;0.0557;0.0563;0.0003;0.0083;-0.0023;0.0003;0.0012;0.0003;0;0;0.088;-0.0442;0;0;0;0;0;0;0;0;0;0;0;0;0.001;0;0.0469;0.0469;0;13.86;13.86;0.9197;0.05;46.34;1012.4;1;0.0031;0.0031;0;0;0;0;0;0;0.0438;-0.0442;0;15.848;18.352;-14.935;-17.294;93.333;93.333;0.4695;0.3956;-0.3728;0.0738;0.7685;0.1573;1.6369;0;11.124;0;0
15/09/21 18:00;0;0;90;0;0;90;0;0;0;0;7.7498;1.87;0;0;0;0;0;0;0;0;0;0;0;0;0;1;1;1;1;0;0;0;0;0;0;0;0;0;0;0;0;0;0;0;0;0;0;0;0;0;0;0;0;0;0;0;0;0;0;0;0;0;0;0;1;1;1;1;1;1;1;1;1;1;1;1;1;1;1;1;1;1;1;0;0;0;0;0;0;0;0;0;0.0004;0.088;-0.0884;0;0;0;0;0;0;0;0;0;0;0;0;0;0;0;0;0;0;0;-7.7498;0;0;0;0;0.0004;0;0;0;0;0;0;0;-0.0004;-0.0884;0;0;0;0;0;0;0;0;0;-0.7452;0;0.7452;1;1;0;0;0;0
15/09/21 19:00;0;0;90;0;0;90;0;0;0;0;5.2602;1.9001;0;0;0;0;0;0;0;0;0;0;0;0;0;1;1;1;1;0;0;0;0;0;0;0;0;0;0;0;0;0;0;0;0;0;0;0;0;0;0;0;0;0;0;0;0;0;0;0;0;0;0;0;1;1;1;1;1;1;1;1;1;1;1;1;1;1;1;1;1;1;1;0;0;0;0;0;0;0;0;0;0.0004;0.088;-0.0884;0;0;0;0;0;0;0;0;0;0;0;0;0;0;0;0;0;0;0;-5.2602;0;0;0;0;0.0004;0;0;0;0;0;0;0;-0.0004;-0.0884;0;0;0;0;0;0;0;0;0;-0.7452;0;0.7452;1;1;0;0;0;0
15/09/21 20:00;0;0;90;0;0;90;0;0;0;0;3.69;1.8399;0;0;0;0;0;0;0;0;0;0;0;0;0;1;1;1;1;0;0;0;0;0;0;0;0;0;0;0;0;0;0;0;0;0;0;0;0;0;0;0;0;0;0;0;0;0;0;0;0;0;0;0;1;1;1;1;1;1;1;1;1;1;1;1;1;1;1;1;1;1;1;0;0;0;0;0;0;0;0;0;0.0004;0.088;-0.0884;0;0;0;0;0;0;0;0;0;0;0;0;0;0;0;0;0;0;0;-3.69;0;0;0;0;0.0004;0;0;0;0;0;0;0;-0.0004;-0.0884;0;0;0;0;0;0;0;0;0;-0.7452;0;0.7452;1;1;0;0;0;0
15/09/21 21:00;0;0;90;0;0;90;0;0;0;0;3;1.6899;0;0;0;0;0;0;0;0;0;0;0;0;0;1;1;1;1;0;0;0;0;0;0;0;0;0;0;0;0;0;0;0;0;0;0;0;0;0;0;0;0;0;0;0;0;0;0;0;0;0;0;0;1;1;1;1;1;1;1;1;1;1;1;1;1;1;1;1;1;1;1;0;0;0;0;0;0;0;0;0;0.0004;0.088;-0.0884;0;0;0;0;0;0;0;0;0;0;0;0;0;0;0;0;0;0;0;-3;0;0;0;0;0.0004;0;0;0;0;0;0;0;-0.0004;-0.0884;0;0;0;0;0;0;0;0;0;-0.7452;0;0.7452;1;1;0;0;0;0
15/09/21 22:00;0;0;90;0;0;90;0;0;0;0;2.1697;1.65;0;0;0;0;0;0;0;0;0;0;0;0;0;1;1;1;1;0;0;0;0;0;0;0;0;0;0;0;0;0;0;0;0;0;0;0;0;0;0;0;0;0;0;0;0;0;0;0;0;0;0;0;1;1;1;1;1;1;1;1;1;1;1;1;1;1;1;1;1;1;1;0;0;0;0;0;0;0;0;0;0.0004;0.088;-0.0884;0;0;0;0;0;0;0;0;0;0;0;0;0;0;0;0;0;0;0;-2.1697;0;0;0;0;0.0004;0;0;0;0;0;0;0;-0.0004;-0.0884;0;0;0;0;0;0;0;0;0;-0.7452;0;0.7452;1;1;0;0;0;0
15/09/21 23:00;0;0;90;0;0;90;0;0;0;0;1.6;2.04;0;0;0;0;0;0;0;0;0;0;0;0;0;1;1;1;1;0;0;0;0;0;0;0;0;0;0;0;0;0;0;0;0;0;0;0;0;0;0;0;0;0;0;0;0;0;0;0;0;0;0;0;1;1;1;1;1;1;1;1;1;1;1;1;1;1;1;1;1;1;1;0;0;0;0;0;0;0;0;0;0.0004;0.088;-0.0884;0;0;0;0;0;0;0;0;0;0;0;0;0;0;0;0;0;0;0;-1.6;0;0;0;0;0.0004;0;0;0;0;0;0;0;-0.0004;-0.0884;0;0;0;0;0;0;0;0;0;-0.7452;0;0.7452;1;1;0;0;0;0
16/09/21 00:00;0;0;90;0;0;90;0;0;0;0;1.7702;2.6201;0;0;0;0;0;0;0;0;0;0;0;0;0;1;1;1;1;0;0;0;0;0;0;0;0;0;0;0;0;0;0;0;0;0;0;0;0;0;0;0;0;0;0;0;0;0;0;0;0;0;0;0;1;1;1;1;1;1;1;1;1;1;1;1;1;1;1;1;1;1;1;0;0;0;0;0;0;0;0;0;0.0004;0.088;-0.0884;0;0;0;0;0;0;0;0;0;0;0;0;0;0;0;0;0;0;0;-1.7702;0;0;0;0;0.0004;0;0;0;0;0;0;0;-0.0004;-0.0884;0;0;0;0;0;0;0;0;0;-0.7452;0;0.7452;1;1;0;0;0;0
16/09/21 01:00;0;0;90;0;0;90;0;0;0;0;0.6301;3.0101;0;0;0;0;0;0;0;0;0;0;0;0;0;1;1;1;1;0;0;0;0;0;0;0;0;0;0;0;0;0;0;0;0;0;0;0;0;0;0;0;0;0;0;0;0;0;0;0;0;0;0;0;1;1;1;1;1;1;1;1;1;1;1;1;1;1;1;1;1;1;1;0;0;0;0;0;0;0;0;0;0.0004;0.088;-0.0884;0;0;0;0;0;0;0;0;0;0;0;0;0;0;0;0;0;0;0;-0.6301;0;0;0;0;0.0004;0;0;0;0;0;0;0;-0.0004;-0.0884;0;0;0;0;0;0;0;0;0;-0.7452;0;0.7452;1;1;0;0;0;0
16/09/21 02:00;0;0;90;0;0;90;0;0;0;0;1.4298;3.3401;0;0;0;0;0;0;0;0;0;0;0;0;0;1;1;1;1;0;0;0;0;0;0;0;0;0;0;0;0;0;0;0;0;0;0;0;0;0;0;0;0;0;0;0;0;0;0;0;0;0;0;0;1;1;1;1;1;1;1;1;1;1;1;1;1;1;1;1;1;1;1;0;0;0;0;0;0;0;0;0;0.0004;0.088;-0.0884;0;0;0;0;0;0;0;0;0;0;0;0;0;0;0;0;0;0;0;-1.4298;0;0;0;0;0.0004;0;0;0;0;0;0;0;-0.0004;-0.0884;0;0;0;0;0;0;0;0;0;-0.7452;0;0.7452;1;1;0;0;0;0
16/09/21 03:00;0;0;90;0;0;90;0;0;0;0;0.2399;3.9199;0;0;0;0;0;0;0;0;0;0;0;0;0;1;1;1;1;0;0;0;0;0;0;0;0;0;0;0;0;0;0;0;0;0;0;0;0;0;0;0;0;0;0;0;0;0;0;0;0;0;0;0;1;1;1;1;1;1;1;1;1;1;1;1;1;1;1;1;1;1;1;0;0;0;0;0;0;0;0;0;0.0004;0.088;-0.0884;0;0;0;0;0;0;0;0;0;0;0;0;0;0;0;0;0;0;0;-0.2399;0;0;0;0;0.0004;0;0;0;0;0;0;0;-0.0004;-0.0884;0;0;0;0;0;0;0;0;0;-0.7452;0;0.7452;1;1;0;0;0;0
16/09/21 04:00;0;0;90;0;0;90;0;0;0;0;0.4799;4.18;0;0;0;0;0;0;0;0;0;0;0;0;0;1;1;1;1;0;0;0;0;0;0;0;0;0;0;0;0;0;0;0;0;0;0;0;0;0;0;0;0;0;0;0;0;0;0;0;0;0;0;0;1;1;1;1;1;1;1;1;1;1;1;1;1;1;1;1;1;1;1;0;0;0;0;0;0;0;0;0;0.0004;0.088;-0.0884;0;0;0;0;0;0;0;0;0;0;0;0;0;0;0;0;0;0;0;-0.4799;0;0;0;0;0.0004;0;0;0;0;0;0;0;-0.0004;-0.0884;0;0;0;0;0;0;0;0;0;-0.7452;0;0.7452;1;1;0;0;0;0
16/09/21 05:00;0;0;90;0;0;90;0;0;0;0;-0.2899;4.2299;0;0;0;0;0;0;0;0;0;0;0;0;0;1;1;1;1;0;0;0;0;0;0;0;0;0;0;0;0;0;0;0;0;0;0;0;0;0;0;0;0;0;0;0;0;0;0;0;0;0;0;0;1;1;1;1;1;1;1;1;1;1;1;1;1;1;1;1;1;1;1;0;0;0;0;0;0;0;0;0;0.0004;0.088;-0.0884;0;0;0;0;0;0;0;0;0;0;0;0;0;0;0;0;0;0;0;0.2899;0;0;0;0;0.0004;0;0;0;0;0;0;0;-0.0004;-0.0884;0;0;0;0;0;0;0;0;0;-0.7452;0;0.7452;1;1;0;0;0;0
16/09/21 06:00;6.175;-82.613;74.878;6.2263;9.024;-90;-9.024;79.994;19.803;60.191;0.0797;4.42;0;145.98;11.556;19.826;0;0.0941;177.46;0;177.46;145.98;19.826;11.556;0.0941;0.8226;0.0657;0;0.0005;177.31;0.1483;0;0;0.0702;0.0781;146.16;30.791;26.687;3.6245;0.4753;0.0036;176.95;0.3546;0.292;0.0397;0.023;0;146.17;119;16.162;10.988;0.0123;7.2464;5.8841;2.1353;0.0023;0.0772;1.1101;0.0021;1.185;0;1;0;0;2.2184;0.9992;1;1;0.9939;0.1693;0.826;0.8168;1;0.9585;0.7756;0.998;0.998;1;0.998;0.998;0.8237;0.9508;0.1311;0.505;0.4204;0.0025;0.0172;-0.0269;0.003;0.0106;0.0002;0;0;0.088;0.3075;0;0;0;0;0;0;0;0;0;0;0;0;0.0085;0.0006;0.4045;0.4045;0;7.1541;7.1541;7.0744;0.0484;358.75;1127.6;1;0.009;0.009;0;0;0;0;0;0;0.3955;0.3075;0;15.063;17.443;11.451;13.26;97.772;97.772;4.259;3.4114;2.5933;0.8476;0.8181;0.199;0.1921;0.6089;6.9115;0.6061;0
16/09/21 07:00;18.166;-73.397;40.877;18.901;32.878;-90;-32.878;263.6;57.4;206.2;4.3501;4.6101;0;500.09;27.039;67.924;0;4.011;599.07;0;599.07;500.09;67.924;27.039;4.011;0.8348;0.0518;0;0.0067;594.14;4.9305;0;0;1.3829;3.5476;587.85;5.0944;3.6921;0.5015;0.8291;0.0718;592.95;1.1883;1.0002;0.1358;0.0513;0.0009;588.03;495.4;67.287;24.776;0.3906;19.339;15.704;5.5933;0.5628;0.249;3.5818;0.177;3.268;0;1;0;0;2.2726;0.9918;1;1;0.9489;0.1155;0.9914;0.9926;1;0.9676;0.8448;0.998;0.998;1;0.998;0.998;0.9813;0.9163;0.0974;1.7049;1.6896;0.0102;0.0028;0.0482;0.0114;0.0404;0.0007;0;0;0.088;1.4235;0;0;0;0;0;0;0;0;0;0;0;0;0.0326;0.007;1.5364;1.5364;0;33.156;33.156;28.806;0.049;1454.8;1056.1;1;0.025;0.025;0;0;0;0;0;0;1.5115;1.4235;0;16.948;19.625;15.702;18.182;98.375;98.375;14.378;12.957;12.004;1.4206;0.9527;0.0988;0.0663;0.8349;18.192;0.8312;0
16/09/21 08:00;29.541;-62.699;23.519;32.528;57.472;-90;-57.472;498.7;82.298;416.4;9.3997;4.1301;0;774.39;23.852;95.357;0;21.902;915.51;0;915.51;774.39;95.357;23.852;21.902;0.8459;0.05;0;0.0239;892.29;23.215;0;0;2.8075;20.408;888.99;1.5107;0.6278;0.0773;0.7285;0.0771;890.51;1.7846;1.5488;0.1907;0.0421;0.003;892.85;772.22;95.089;20.274;1.4135;130.99;106.36;39.189;3.4259;1.5765;22.678;3.8544;20.828;0;1;0;0;1.8358;0.9746;1;1;0.8823;0.0682;0.9983;0.9992;1;0.9653;0.9483;0.998;0.998;1;0.998;0.998;0.971;0.85;0.0645;2.6055;2.5999;0.0157;-0.0017;0.2614;0.0163;0.0577;0.0039;0;0;0.088;2.0603;0;0;0;0;0;0;0;0;0;0;0;0;0.0465;0.0157;2.1846;2.1846;0;53.666;53.666;44.267;0.0498;2242.8;974.05;1;0.0363;0.0363;0;0;0;0;0;0;2.1483;2.0603;0;15.768;18.259;14.871;17.22;98.339;98.339;21.972;18.423;17.375;3.5492;1.0481;0.1615;0.0477;0.7908;20.171;0.7764;0
16/09/21 09:00;39.721;-49.28;30.118;47.629;42.371;-90;-42.371;667.2;110.1;557.1;13.9;3.2501;0;754.07;34.162;95.844;0;16.557;900.63;0;900.63;754.07;95.844;34.162;16.557;0.8373;0.0563;0;0.0184;882.85;17.78;0;0;2.5818;15.198;879.03;2.0619;0.8316;0.1057;1.0232;0.1014;881.09;1.7657;1.5081;0.1917;0.0632;0.0027;883.31;751.73;95.547;30.494;1.2544;304.02;246.86;93.427;1.7;3.0924;44.483;4.2819;45.875;0;1;0;0;1.3499;0.9803;1;1;0.9244;0.0821;0.9977;0.9989;1;0.9675;0.9252;0.998;0.998;1;0.998;0.998;0.976;0.8926;0.0758;2.5631;2.6163;0.0158;-0.0017;0.3019;0.0161;0.0571;0.0074;0;0;0.088;2.0345;0;0;0;0;0;0;0;0;0;0;0;0;0.046;0.0159;2.1578;2.1578;0;57.82;57.82;43.92;0.05;2255.3;956.77;1;0.0353;0.0353;0;0;0;0;0;0;2.1225;2.0345;0;15.832;18.333;14.927;17.286;98.366;98.366;21.615;18.197;17.158;3.4182;1.0394;0.1581;0.0481;0.7938;24.834;0.7655;0
16/09/21 10:00;47.718;-31.656;34.938;64.487;25.513;-90;-25.513;802.21;132.4;669.81;15.5;2.66;0;742.18;41.828;97.983;0;7.4312;889.42;0;889.42;742.18;97.983;41.828;7.4312;0.8345;0.0554;0;0.0084;881.64;7.7747;0;0;1.428;6.3467;875.04;4.8459;2.9066;0.3837;1.3397;0.2159;879.88;1.7633;1.4844;0.196;0.0808;0.0022;876.99;737.79;97.403;38.979;0.8665;440.3;357.52;132.39;0.3613;4.5313;65.181;1.95;69.351;0;1;0;0;1.1087;0.9913;1;1;0.9659;0.1459;0.9945;0.9961;1;0.9668;0.8005;0.998;0.998;1;0.998;0.998;0.9838;0.9319;0.1166;2.5312;2.6397;0.0159;-0.0016;0.3183;0.0161;0.0573;0.0108;0;0;0.088;2.0374;0;0;0;0;0;0;0;0;0;0;0;0;0.0461;0.0161;2.1605;2.1605;0;59.273;59.273;43.772;0.05;2273.5;950.3;1;0.0352;0.0352;0;0;0;0;0;0;2.1254;2.0374;0;16.052;18.588;15.137;17.528;98.371;98.371;21.346;18.22;17.181;3.126;1.0388;0.1464;0.0487;0.8049;26.781;0.763;0
16/09/21 11:00;52.048;-9.2785;37.369;82.833;7.1673;-90;-7.1673;709.5;212.3;497.2;15.93;2.2301;0;501.12;113.1;99.53;0;0.5267;714.27;0;714.27;501.12;99.53;113.1;0.5267;0.7016;0.1591;0;0.0007;713.37;0.9081;0;0;0.4702;0.4379;703.93;8.004;2.6736;0.531;4.7795;0.0198;711.94;1.4267;1.0022;0.1991;0.2253;0.0002;704.01;497.44;98.799;107.63;0.0688;416.9;338.52;124.71;0.0083;4.3111;62.013;0.0777;66.316;0;1;0;0;1.0067;0.9987;1;1;0.9958;0.1686;0.9888;0.9947;1;0.9575;0.7761;0.998;0.998;1;0.998;0.998;0.9855;0.9516;0.1305;2.0328;2.1384;0.0129;-0.0012;0.1949;0.0135;0.048;0.0106;0;0;0.088;1.6934;0;0;0;0;0;0;0;0;0;0;0;0;0.0386;0.0108;1.8103;1.8103;0;50.912;50.912;34.982;0.0497;1840.2;983.73;1;0.0289;0.0289;0;0;0;0;0;0;1.7814;1.6934;0;16.747;19.393;15.666;18.141;98.405;98.405;17.143;15.266;14.281;1.8762;0.9856;0.1094;0.0575;0.8331;67.391;0.7822;0
16/09/21 12:00;51.427;15.014;37.029;78.327;11.673;90;11.673;879.7;145.1;734.6;16.49;1.9101;0;750.12;44.061;102.7;0;1.7285;898.61;0;898.61;750.12;102.7;44.061;1.7285;0.8348;0.051;0;0.0019;896.76;1.8514;0;0;0.413;1.4384;888.78;6.1812;3.8534;0.5276;1.7351;0.0652;894.96;1.7935;1.5002;0.2054;0.0873;0.0006;889.13;744.76;101.97;41.825;0.2243;511.79;415.58;155.5;0.0234;5.1367;73.89;0.3491;79.004;0;1;0;0;1.0215;0.9979;1;1;0.9906;0.1679;0.9931;0.9949;1;0.9602;0.7747;0.998;0.998;1;0.998;0.998;0.9891;0.9493;0.1298;2.5574;2.6919;0.0162;-0.0013;0.3413;0.0163;0.058;0.0122;0;0;0.088;2.0621;0;0;0;0;0;0;0;0;0;0;0;0;0.0467;0.0167;2.1857;2.1857;0;61.014;61.014;44.523;0.0501;2317.4;943.19;1;0.0356;0.0356;0;0;0;0;0;0;2.1501;2.0621;0;16.073;18.612;15.164;17.559;98.369;98.369;21.567;18.433;17.39;3.134;1.0427;0.1453;0.0483;0.8063;26.528;0.7596;0
16/09/21 13:00;46.067;36.347;33.975;60.274;29.726;90;29.726;341.8;312.1;29.694;16.64;1.5901;0;34.194;282.7;10.932;0;4.2731;332.1;0;332.1;34.194;10.932;282.7;4.2731;0.103;0.8641;0;0.0129;316;16.102;0;0;12.361;3.7404;306.32;9.047;0.1147;0.0367;8.8002;0.0955;315.36;0.632;0.0684;0.0219;0.5407;0.0011;307.61;34.011;10.874;261;0.4361;206.65;167.8;62.622;4.1477;2.3538;33.859;1.2954;32.065;0;1;0;0;0.9716;0.9515;1;1;0.9563;0.1247;0.9713;0.9966;1;0.9674;0.8204;0.998;0.998;1;0.998;0.998;0.9224;0.9232;0.1021;0.9451;0.9479;0.0057;0.0129;0.0226;0.0063;0.0225;0.0062;0;0;0.088;0.7493;0;0;0;0;0;0;0;0;0;0;0;0;0.0181;0.0024;0.8512;0.8512;0;31.683;31.683;15.044;0.0491;811.82;1048.5;1;0.0139;0.0139;0;0;0;0;0;0;0.8373;0.7493;0;16.937;19.612;14.908;17.264;98.363;98.363;7.9703;7.1781;6.3185;0.7922;0.8596;0.0994;0.1079;0.7928;185.98;0.7365;0
16/09/21 14:00;37.426;52.836;28.668;43.84;46.16;90;46.16;572.79;174.9;397.89;17.04;1.24;0;574.46;76.527;121.96;0;16.725;789.67;0;789.67;574.46;121.96;76.527;16.725;0.7275;0.1181;0;0.0212;767.55;22.12;0;0;6.5753;15.545;762.98;3.0388;0.5677;0.1205;2.2843;0.0663;766.02;1.5351;1.1489;0.2439;0.1399;0.0024;767.28;572.74;121.6;67.528;1.1116;254.19;206.41;77.056;5.1065;2.8939;41.628;4.3034;39.415;0;1;0;0;1.3786;0.972;1;1;0.9141;0.0706;0.996;0.999;1;0.9673;0.9437;0.998;0.998;1;0.998;0.998;0.9662;0.8824;0.0665;2.2473;2.2786;0.0137;-0.0018;0.2414;0.0142;0.0503;0.007;0;0;0.088;1.7828;0;0;0;0;0;0;0;0;0;0;0;0;0.0405;0.0122;1.9011;1.9011;0;55.081;55.081;38.041;0.0499;1964.5;967.7;1;0.0303;0.0303;0;0;0;0;0;0;1.8708;1.7828;0;15.908;18.421;14.918;17.275;98.407;98.407;18.952;16.032;15.034;2.9203;0.9975;0.1541;0.0526;0.7933;57.568;0.7632;0
16/09/21 15:00;26.887;65.467;21.752;29.133;60;90;60;195.7;186.3;9.3964;16.02;0.85;0;19.299;137.58;5.8651;0;9.2956;172.04;0;172.04;19.299;5.8651;137.58;9.2956;0.1122;0.8537;0;0.054;146.05;25.993;0;0;17.297;8.6961;141.45;4.3073;0.0145;0.0044;4.2476;0.0408;145.76;0.2921;0.0386;0.0117;0.2406;0.0012;145.23;19.246;5.849;115.8;0.5575;121.7;98.823;41.97;23.004;2.3919;34.407;3.7746;13.795;0;1;0;0;0.8791;0.8489;1;1;0.8743;0.0645;0.9704;0.9992;1;0.9646;0.9318;0.998;0.998;1;0.998;0.998;0.8222;0.8417;0.06;0.4896;0.4844;0.0029;0.0172;-0.0036;0.0033;0.0116;0.0063;0;0;0.088;0.3398;0;0;0;0;0;0;0;0;0;0;0;0;0.0094;0.0008;0.4365;0.4365;0;22.96;22.96;6.9397;0.0491;412;1059.5;1;0.0087;0.0087;0;0;0;0;0;0;0.4278;0.3398;0;16.766;19.415;13.053;15.115;98.013;98.013;4.129;3.6813;2.866;0.4478;0.8153;0.1084;0.1974;0.6941;119.78;0.6037;0
16/09/21 16:00;15.321;75.71;50.146;15.786;25.498;90;25.498;111.41;107.6;3.8038;16.91;0.27;0;9.2252;101.27;2.7714;0;1.0309;114.3;0;114.3;9.2252;2.7714;101.27;1.0309;0.0807;0.895;0;0.009;109.95;4.3494;0;0;3.4651;0.8843;106.31;3.4267;0.1186;0.0356;3.2429;0.0295;109.73;0.2199;0.0185;0.0055;0.1956;0.0003;106.59;9.0882;2.7303;94.371;0.1168;64.861;52.667;19.31;0.8689;0.7331;10.545;0.2821;10.409;0;1;0;0;1.026;0.9619;1;1;0.9658;0.1422;0.9688;0.9871;1;0.9668;0.7983;0.998;0.998;1;0.998;0.998;0.93;0.9318;0.1133;0.3253;0.3261;0.002;0.0168;-0.0034;0.0022;0.0077;0.0019;0;0;0.088;0.1972;0;0;0;0;0;0;0;0;0;0;0;0;0.0062;0.0004;0.2923;0.2923;0;22.137;22.137;5.2262;0.0492;277.82;1052.2;1;0.0071;0.0071;0;0;0;0;0;0;0.2852;0.1972;0;16.899;19.569;11.403;13.204;97.579;97.579;2.7433;2.4651;1.6633;0.2781;0.8018;0.1014;0.2923;0.6063;64.837;0.5672;0
16/09/21 17:00;4.6661;83.699;78.621;4.6943;6.754;90;6.754;12.404;12.299;0.1051;14.56;0.5501;0;0.2548;12.245;0.0284;0;0.0082;12.536;0;12.536;0.2548;0.0284;12.245;0.0082;0.0203;0.9774;0;0.0007;12.483;0.0533;0;0;0.0465;0.0068;11.86;0.5984;0.07;0.0078;0.5203;0.0003;12.458;0.025;0.0005;0.0001;0.0244;0;11.861;0.1843;0.0206;11.654;0.0011;7.2915;5.9207;2.0867;0.0007;0.0816;1.1733;0.0009;1.2542;0;1;0;0;1.0106;0.9958;1;1;0.9962;0.1672;0.952;0.7248;1;0.9573;0.7758;0.998;0.998;1;0.998;0.998;0.946;0.9517;0.1294;0.0357;0.0363;0.0002;0.0066;-0.0013;0.0002;0.0008;0.0002;0;0;0.088;-0.0617;0;0;0;0;0;0;0;0;0;0;0;0;0.0006;0;0.0289;0.0289;0;15.158;15.158;0.598;0.0504;29.283;986.04;1;0.0026;0.0026;0;0;0;0;0;0;0.0263;-0.0617;0;15.22;17.624;-32.548;-37.69;90.915;90.915;0.3009;0.2435;-0.5207;0.0574;0.7642;0.1907;2.54;0;7.291;0;0
16/09/21 18:00;0;0;90;0;0;90;0;0;0;0;9.1099;1.0201;0;0;0;0;0;0;0;0;0;0;0;0;0;1;1;1;1;0;0;0;0;0;0;0;0;0;0;0;0;0;0;0;0;0;0;0;0;0;0;0;0;0;0;0;0;0;0;0;0;0;0;0;1;1;1;1;1;1;1;1;1;1;1;1;1;1;1;1;1;1;1;0;0;0;0;0;0;0;0;0;0.0004;0.088;-0.0884;0;0;0;0;0;0;0;0;0;0;0;0;0;0;0;0;0;0;0;-9.1099;0;0;0;0;0.0004;0;0;0;0;0;0;0;-0.0004;-0.0884;0;0;0;0;0;0;0;0;0;-0.7452;0;0.7452;1;1;0;0;0;0
16/09/21 19:00;0;0;90;0;0;90;0;0;0;0;6.4003;1.3599;0;0;0;0;0;0;0;0;0;0;0;0;0;1;1;1;1;0;0;0;0;0;0;0;0;0;0;0;0;0;0;0;0;0;0;0;0;0;0;0;0;0;0;0;0;0;0;0;0;0;0;0;1;1;1;1;1;1;1;1;1;1;1;1;1;1;1;1;1;1;1;0;0;0;0;0;0;0;0;0;0.0004;0.088;-0.0884;0;0;0;0;0;0;0;0;0;0;0;0;0;0;0;0;0;0;0;-6.4003;0;0;0;0;0.0004;0;0;0;0;0;0;0;-0.0004;-0.0884;0;0;0;0;0;0;0;0;0;-0.7452;0;0.7452;1;1;0;0;0;0
16/09/21 20:00;0;0;90;0;0;90;0;0;0;0;5.4397;1.73;0;0;0;0;0;0;0;0;0;0;0;0;0;1;1;1;1;0;0;0;0;0;0;0;0;0;0;0;0;0;0;0;0;0;0;0;0;0;0;0;0;0;0;0;0;0;0;0;0;0;0;0;1;1;1;1;1;1;1;1;1;1;1;1;1;1;1;1;1;1;1;0;0;0;0;0;0;0;0;0;0.0004;0.088;-0.0884;0;0;0;0;0;0;0;0;0;0;0;0;0;0;0;0;0;0;0;-5.4397;0;0;0;0;0.0004;0;0;0;0;0;0;0;-0.0004;-0.0884;0;0;0;0;0;0;0;0;0;-0.7452;0;0.7452;1;1;0;0;0;0
16/09/21 21:00;0;0;90;0;0;90;0;0;0;0;4.6001;2.1699;0;0;0;0;0;0;0;0;0;0;0;0;0;1;1;1;1;0;0;0;0;0;0;0;0;0;0;0;0;0;0;0;0;0;0;0;0;0;0;0;0;0;0;0;0;0;0;0;0;0;0;0;1;1;1;1;1;1;1;1;1;1;1;1;1;1;1;1;1;1;1;0;0;0;0;0;0;0;0;0;0.0004;0.088;-0.0884;0;0;0;0;0;0;0;0;0;0;0;0;0;0;0;0;0;0;0;-4.6001;0;0;0;0;0.0004;0;0;0;0;0;0;0;-0.0004;-0.0884;0;0;0;0;0;0;0;0;0;-0.7452;0;0.7452;1;1;0;0;0;0
16/09/21 22:00;0;0;90;0;0;90;0;0;0;0;3.7399;2.6201;0;0;0;0;0;0;0;0;0;0;0;0;0;1;1;1;1;0;0;0;0;0;0;0;0;0;0;0;0;0;0;0;0;0;0;0;0;0;0;0;0;0;0;0;0;0;0;0;0;0;0;0;1;1;1;1;1;1;1;1;1;1;1;1;1;1;1;1;1;1;1;0;0;0;0;0;0;0;0;0;0.0004;0.088;-0.0884;0;0;0;0;0;0;0;0;0;0;0;0;0;0;0;0;0;0;0;-3.7399;0;0;0;0;0.0004;0;0;0;0;0;0;0;-0.0004;-0.0884;0;0;0;0;0;0;0;0;0;-0.7452;0;0.7452;1;1;0;0;0;0
16/09/21 23:00;0;0;90;0;0;90;0;0;0;0;3.0898;2.98;0;0;0;0;0;0;0;0;0;0;0;0;0;1;1;1;1;0;0;0;0;0;0;0;0;0;0;0;0;0;0;0;0;0;0;0;0;0;0;0;0;0;0;0;0;0;0;0;0;0;0;0;1;1;1;1;1;1;1;1;1;1;1;1;1;1;1;1;1;1;1;0;0;0;0;0;0;0;0;0;0.0004;0.088;-0.0884;0;0;0;0;0;0;0;0;0;0;0;0;0;0;0;0;0;0;0;-3.0898;0;0;0;0;0.0004;0;0;0;0;0;0;0;-0.0004;-0.0884;0;0;0;0;0;0;0;0;0;-0.7452;0;0.7452;1;1;0;0;0;0
17/09/21 00:00;0;0;90;0;0;90;0;0;0;0;3;3.1701;0;0;0;0;0;0;0;0;0;0;0;0;0;1;1;1;1;0;0;0;0;0;0;0;0;0;0;0;0;0;0;0;0;0;0;0;0;0;0;0;0;0;0;0;0;0;0;0;0;0;0;0;1;1;1;1;1;1;1;1;1;1;1;1;1;1;1;1;1;1;1;0;0;0;0;0;0;0;0;0;0.0004;0.088;-0.0884;0;0;0;0;0;0;0;0;0;0;0;0;0;0;0;0;0;0;0;-3;0;0;0;0;0.0004;0;0;0;0;0;0;0;-0.0004;-0.0884;0;0;0;0;0;0;0;0;0;-0.7452;0;0.7452;1;1;0;0;0;0
17/09/21 01:00;0;0;90;0;0;90;0;0;0;0;2.0002;3.29;0;0;0;0;0;0;0;0;0;0;0;0;0;1;1;1;1;0;0;0;0;0;0;0;0;0;0;0;0;0;0;0;0;0;0;0;0;0;0;0;0;0;0;0;0;0;0;0;0;0;0;0;1;1;1;1;1;1;1;1;1;1;1;1;1;1;1;1;1;1;1;0;0;0;0;0;0;0;0;0;0.0004;0.088;-0.0884;0;0;0;0;0;0;0;0;0;0;0;0;0;0;0;0;0;0;0;-2.0002;0;0;0;0;0.0004;0;0;0;0;0;0;0;-0.0004;-0.0884;0;0;0;0;0;0;0;0;0;-0.7452;0;0.7452;1;1;0;0;0;0
17/09/21 02:00;0;0;90;0;0;90;0;0;0;0;1.6299;3.45;0;0;0;0;0;0;0;0;0;0;0;0;0;1;1;1;1;0;0;0;0;0;0;0;0;0;0;0;0;0;0;0;0;0;0;0;0;0;0;0;0;0;0;0;0;0;0;0;0;0;0;0;1;1;1;1;1;1;1;1;1;1;1;1;1;1;1;1;1;1;1;0;0;0;0;0;0;0;0;0;0.0004;0.088;-0.0884;0;0;0;0;0;0;0;0;0;0;0;0;0;0;0;0;0;0;0;-1.6299;0;0;0;0;0.0004;0;0;0;0;0;0;0;-0.0004;-0.0884;0;0;0;0;0;0;0;0;0;-0.7452;0;0.7452;1;1;0;0;0;0
17/09/21 03:00;0;0;90;0;0;90;0;0;0;0;1.0303;3.6601;0;0;0;0;0;0;0;0;0;0;0;0;0;1;1;1;1;0;0;0;0;0;0;0;0;0;0;0;0;0;0;0;0;0;0;0;0;0;0;0;0;0;0;0;0;0;0;0;0;0;0;0;1;1;1;1;1;1;1;1;1;1;1;1;1;1;1;1;1;1;1;0;0;0;0;0;0;0;0;0;0.0004;0.088;-0.0884;0;0;0;0;0;0;0;0;0;0;0;0;0;0;0;0;0;0;0;-1.0303;0;0;0;0;0.0004;0;0;0;0;0;0;0;-0.0004;-0.0884;0;0;0;0;0;0;0;0;0;-0.7452;0;0.7452;1;1;0;0;0;0
17/09/21 04:00;0;0;90;0;0;90;0;0;0;0;0.9997;3.9899;0;0;0;0;0;0;0;0;0;0;0;0;0;1;1;1;1;0;0;0;0;0;0;0;0;0;0;0;0;0;0;0;0;0;0;0;0;0;0;0;0;0;0;0;0;0;0;0;0;0;0;0;1;1;1;1;1;1;1;1;1;1;1;1;1;1;1;1;1;1;1;0;0;0;0;0;0;0;0;0;0.0004;0.088;-0.0884;0;0;0;0;0;0;0;0;0;0;0;0;0;0;0;0;0;0;0;-0.9997;0;0;0;0;0.0004;0;0;0;0;0;0;0;-0.0004;-0.0884;0;0;0;0;0;0;0;0;0;-0.7452;0;0.7452;1;1;0;0;0;0
17/09/21 05:00;0.1615;-87.37;89.608;0.1616;0.2304;-90;-0.2304;0;0;0;0.8701;4.41;0;0;0;0;0;0;0;0;0;0;0;0;0;1;1;1;1;0;0;0;0;0;0;0;0;0;0;0;0;0;0;0;0;0;0;0;0;0;0;0;0;0;0;0;0;0;0;0;0;0;0;0;1;1;1;1;1;1;1;1;1;1;1;1;1;1;1;1;1;1;1;0;0;0;0;0;0;0;0;0;0.0004;0.088;-0.0884;0;0;0;0;0;0;0;0;0;0;0;0;0;0;0;0;0;0;0;-0.8701;0;0;0;0;0.0004;0;0;0;0;0;0;0;-0.0004;-0.0884;0;0;0;0;0;0;0;0;0;-0.7452;0;0.7452;1;1;0;0;0;0
17/09/21 06:00;6.4753;-82.874;74.127;6.5252;9.4732;-90;-9.4732;96.306;15.898;80.408;2.1398;5.31;0;195.01;7.4891;20.269;0;0.1248;222.89;0;222.89;195.01;20.269;7.4891;0.1248;0.8749;0.0342;0;0.0006;222.74;0.1529;0;0;0.0493;0.1036;185.76;36.539;32.817;3.411;0.3059;0.0047;222.3;0.4455;0.39;0.0405;0.0149;0;185.76;161.8;16.818;7.119;0.0164;4.9185;3.9938;1.4855;0.0018;0.05;0.7199;0.0016;0.7681;0;1;0;0;2.3144;0.9993;1;1;0.9934;0.1695;0.8356;0.8314;1;0.9588;0.7756;0.998;0.998;1;0.998;0.998;0.8334;0.9506;0.1312;0.6343;0.5329;0.0032;0.0171;-0.0263;0.0038;0.0134;0.0001;0;0;0.088;0.412;0;0;0;0;0;0;0;0;0;0;0;0;0.0108;0.0009;0.51;0.51;0;11.142;11.142;9.0022;0.0485;455.75;1119;1;0.01;0.01;0;0;0;0;0;0;0.5;0.412;0;15.12;17.508;12.213;14.142;98.031;98.031;5.3495;4.3009;3.4741;1.0486;0.8268;0.196;0.1546;0.6494;4.4836;0.6479;0
17/09/21 07:00;18.477;-73.656;39.768;19.199;33.699;-90;-33.699;280.2;51.599;228.61;6.26;5.1601;0;554.43;22.127;66.555;0;4.4731;647.59;0;647.59;554.43;66.555;22.127;4.4731;0.8562;0.0411;0;0.0069;642.44;5.1484;0;0;1.1766;3.9718;636.22;4.9335;3.7344;0.4483;0.6763;0.0745;641.15;1.2849;1.1089;0.1331;0.0419;0.001;636.38;549.59;65.973;20.233;0.4259;16.234;13.182;4.6529;0.5016;0.2137;3.0733;0.1616;2.7854;0;1;0;0;2.3111;0.992;1;1;0.9468;0.1121;0.9923;0.9933;1;0.9677;0.8512;0.998;0.998;1;0.998;0.998;0.9824;0.9144;0.0952;1.843;1.8269;0.011;0.0013;0.0802;0.0121;0.0431;0.0006;0;0;0.088;1.5214;0;0;0;0;0;0;0;0;0;0;0;0;0.0347;0.008;1.636;1.636;0;37.54;37.54;31.28;0.0492;1573.5;1039.7;1;0.0266;0.0266;0;0;0;0;0;0;1.6094;1.5214;0;16.694;19.331;15.524;17.977;98.375;98.375;15.542;13.797;12.83;1.7456;0.9664;0.1123;0.0622;0.8255;14.979;0.8226;0
17/09/21 08:00;29.873;-62.95;23.225;32.82;57.18;-90;-57.18;487.9;81.599;406.3;11.23;6.0401;0;749.63;25.074;90.55;0;21.228;886.48;0;886.48;749.63;90.55;25.074;21.228;0.8456;0.0522;0;0.0239;863.77;22.712;0;0;2.9296;19.782;860.53;1.5105;0.6002;0.0725;0.765;0.0729;862.04;1.7275;1.4993;0.1811;0.0443;0.0029;864.24;747.53;90.296;21.335;1.3707;131.78;107.01;39.691;3.5366;1.5748;22.653;3.7073;20.691;0;1;0;0;1.8169;0.9744;1;1;0.8832;0.0681;0.9982;0.9992;1;0.9654;0.9495;0.998;0.998;1;0.998;0.998;0.9707;0.8509;0.0646;2.5229;2.518;0.0152;-0.0019;0.2572;0.0157;0.0558;0.0038;0;0;0.088;1.99;0;0;0;0;0;0;0;0;0;0;0;0;0.0449;0.0148;2.1125;2.1125;0;54.095;54.095;42.865;0.0498;2172.4;972.43;1;0.0345;0.0345;0;0;0;0;0;0;2.078;1.99;0;15.747;18.234;14.834;17.177;98.368;98.368;21.276;17.815;16.782;3.4607;1.0328;0.1627;0.0485;0.7888;21.135;0.774;0
17/09/21 09:00;40.081;-49.499;29.797;47.899;42.101;-90;-42.101;661.7;108.9;552.8;16.08;6.2999;0;745.04;34.808;92.908;0;16.22;888.98;0;888.98;745.04;92.908;34.808;16.22;0.8381;0.0574;0;0.0182;871.49;17.486;0;0;2.6061;14.88;867.75;2.0059;0.7653;0.0954;1.043;0.1022;869.75;1.743;1.4901;0.1858;0.0644;0.0027;871.95;742.79;92.627;31.095;1.2351;303.16;246.17;93.218;1.6943;3.0799;44.304;4.2044;45.689;0;1;0;0;1.3435;0.9803;1;1;0.9251;0.0826;0.9977;0.999;1;0.9675;0.9236;0.998;0.998;1;0.998;0.998;0.9761;0.8933;0.0761;2.53;2.5835;0.0156;-0.0018;0.3138;0.0158;0.056;0.0073;0;0;0.088;1.994;0;0;0;0;0;0;0;0;0;0;0;0;0.0451;0.0155;2.1161;2.1161;0;59.496;59.496;43.416;0.05;2227.1;950.16;1;0.0341;0.0341;0;0;0;0;0;0;2.082;1.994;0;15.73;18.215;14.822;17.164;98.388;98.388;21.336;17.846;16.816;3.4899;1.0297;0.1636;0.0483;0.7882;25.244;0.7598;0
17/09/21 10:00;48.106;-31.78;34.586;64.712;25.288;-90;-25.288;779.2;128.3;650.89;17.49;6.2901;0;719.88;43.401;91.485;0;7.0935;861.86;0;861.86;719.88;91.485;43.401;7.0935;0.8353;0.0586;0;0.0082;854.34;7.5129;0;0;1.4608;6.0521;848.02;4.6119;2.6715;0.3395;1.3925;0.2084;852.64;1.7087;1.4398;0.183;0.0839;0.0021;849.82;715.77;90.962;40.464;0.831;428.46;347.91;131.44;0.3633;4.241;61.005;1.7987;64.882;0;1;0;0;1.1061;0.9913;1;1;0.9663;0.1468;0.9946;0.9963;1;0.9667;0.7995;0.998;0.998;1;0.998;0.998;0.9839;0.9323;0.1171;2.4528;2.5536;0.0154;-0.0019;0.3143;0.0156;0.0553;0.0101;0;0;0.088;1.9638;0;0;0;0;0;0;0;0;0;0;0;0;0.0445;0.0151;2.0852;2.0852;0;59.935;59.935;42.445;0.0501;2200.1;947.78;1;0.0334;0.0334;0;0;0;0;0;0;2.0518;1.9638;0;15.987;18.513;15.057;17.436;98.4;98.4;20.685;17.585;16.561;3.0998;1.0235;0.1499;0.0495;0.8007;27.75;0.7604;0
17/09/21 11:00;52.443;-9.2124;36.99;82.982;7.0176;-90;-7.0176;831.8;138.7;693.1;18.82;6.18;0;698.33;49.106;90.084;0;0.592;838.12;0;838.12;698.33;90.084;49.106;0.592;0.8332;0.0593;0;0.0007;837.43;0.6895;0;0;0.1972;0.4922;829.62;6.1339;3.5715;0.4607;2.0794;0.0223;835.75;1.6749;1.3967;0.1802;0.0978;0.0002;829.71;693.37;89.444;46.731;0.0773;488.27;396.48;146.81;0.0034;4.9996;71.917;0.0876;76.913;0;1;0;0;1.0076;0.9992;1;1;0.996;0.1685;0.9927;0.9949;1;0.9574;0.7761;0.998;0.998;1;0.998;0.998;0.9899;0.9516;0.1305;2.3852;2.5179;0.0152;-0.0019;0.3139;0.0153;0.0544;0.0119;0;0;0.088;1.93;0;0;0;0;0;0;0;0;0;0;0;0;0.0438;0.0147;2.0507;2.0507;0;60.359;60.359;41.539;0.0501;2168.5;945.65;1;0.0327;0.0327;0;0;0;0;0;0;2.018;1.93;0;16.168;18.722;15.217;17.62;98.407;98.407;20.115;17.293;16.276;2.8214;1.0176;0.1403;0.0506;0.8091;29.252;0.7603;0
17/09/21 12:00;51.785;15.292;36.635;78.269;11.731;90;11.731;856.81;141.2;715.61;19.76;5.9799;0;730.87;45.895;96.845;0;1.7002;875.31;0;875.31;730.87;96.845;45.895;1.7002;0.835;0.0544;0;0.0019;873.46;1.8486;0;0;0.4338;1.4148;865.79;5.9311;3.5862;0.4752;1.8055;0.0642;871.72;1.7469;1.4617;0.1937;0.0909;0.0006;866.13;725.82;96.176;43.565;0.2207;498.45;404.74;151.42;0.0248;5.0047;71.99;0.344;76.97;0;1;0;0;1.0216;0.9979;1;1;0.9905;0.1679;0.9932;0.9951;1;0.9602;0.7747;0.998;0.998;1;0.998;0.998;0.9891;0.9492;0.1298;2.4911;2.6223;0.0158;-0.0016;0.3535;0.0158;0.056;0.0118;0;0;0.088;1.9885;0;0;0;0;0;0;0;0;0;0;0;0;0.0451;0.0159;2.1101;2.1101;0;63.21;63.21;43.45;0.0502;2257.8;934.6;1;0.0336;0.0336;0;0;0;0;0;0;2.0765;1.9885;0;15.93;18.446;15.011;17.383;98.406;98.406;21.007;17.795;16.769;3.2127;1.0258;0.1529;0.0488;0.7982;27.637;0.7519;0
17/09/21 13:00;46.359;36.735;33.579;60.3;29.7;90;29.7;254.2;247.3;6.9043;19.19;5.8901;0;7.9485;229.43;2.0027;0;3.1724;242.55;0;242.55;7.9485;2.0027;229.43;3.1724;0.0328;0.959;0;0.0131;229.76;12.795;0;0;10.018;2.7766;222.05;7.2452;0.0248;0.0063;7.1431;0.071;229.3;0.4595;0.0159;0.004;0.4388;0.0008;223.03;7.9078;1.9924;211.83;0.324;155.47;126.24;47.051;3.3557;1.7901;25.751;0.9724;24.185;0;1;0;0;0.9542;0.9473;1;1;0.9563;0.1248;0.9684;0.9969;1;0.9674;0.8203;0.998;0.998;1;0.998;0.998;0.9155;0.9233;0.1021;0.6903;0.6897;0.0042;0.0159;0.0126;0.0046;0.0163;0.0047;0;0;0.088;0.5182;0;0;0;0;0;0;0;0;0;0;0;0;0.0131;0.0014;0.6169;0.6169;0;30.107;30.107;10.917;0.0492;589.3;1046.8;1;0.0106;0.0106;0;0;0;0;0;0;0.6062;0.5182;0;16.805;19.46;14.118;16.348;98.274;98.274;5.8213;5.202;4.3701;0.6193;0.8319;0.1064;0.1429;0.7507;150.91;0.6954;0
17/09/21 14:00;37.658;53.243;28.279;43.927;46.073;90;46.073;161;158.4;2.6011;18.54;5.6;0;3.7495;133.73;0.7168;0;4.6844;142.88;0;142.88;3.7495;0.7168;133.73;4.6844;0.0262;0.9687;0;0.0328;127.06;15.811;0;0;11.458;4.3532;122.8;4.0147;0.0037;0.0007;3.9916;0.0187;126.81;0.2541;0.0075;0.0014;0.2445;0.0007;124.54;3.7383;0.7146;118.03;0.3118;101.78;82.645;33.154;8.8591;1.4521;20.889;1.745;13.482;0;1;0;0;0.8874;0.8893;1;1;0.9143;0.0707;0.9683;0.999;1;0.9673;0.9433;0.998;0.998;1;0.998;0.998;0.8595;0.8826;0.0666;0.4066;0.3982;0.0024;0.0172;-0.0006;0.0027;0.0094;0.0038;0;0;0.088;0.2595;0;0;0;0;0;0;0;0;0;0;0;0;0.0076;0.0006;0.3552;0.3552;0;24.581;24.581;6.0408;0.0492;339.04;1047.6;1;0.0077;0.0077;0;0;0;0;0;0;0.3475;0.2595;0;16.427;19.022;12.001;13.897;97.833;97.833;3.429;2.9953;2.1883;0.4337;0.807;0.1265;0.2354;0.6382;100.51;0.5752;0
17/09/21 15:00;27.075;65.86;21.368;29.256;60;90;60;104.8;103.3;1.5052;17.85;4.3199;0;3.0796;77.285;0.5153;0;4.9781;85.858;0;85.858;3.0796;0.5153;77.285;4.9781;0.0359;0.9581;0;0.058;71.484;14.373;0;0;9.7161;4.6571;68.931;2.4105;0.0023;0.0004;2.386;0.0219;71.341;0.143;0.0062;0.001;0.1351;0.0006;71.014;3.0711;0.5139;65.047;0.2986;67.563;54.862;23.366;12.922;1.3333;19.179;2.0834;7.591;0;1;0;0;0.8192;0.8326;1;1;0.8743;0.0645;0.9662;0.9993;1;0.9646;0.9318;0.998;0.998;1;0.998;0.998;0.8029;0.8417;0.06;0.2443;0.2416;0.0015;0.0157;-0.0033;0.0016;0.0057;0.0034;0;0;0.088;0.118;0;0;0;0;0;0;0;0;0;0;0;0;0.0046;0.0003;0.2123;0.2123;0;21.252;21.252;3.4019;0.0494;204.35;1038.9;1;0.0063;0.0063;0;0;0;0;0;0;0.206;0.118;0;16.339;18.921;9.0791;10.513;97.017;97.017;2.0606;1.7903;0.9948;0.2702;0.7955;0.1312;0.3861;0.4828;67.281;0.4136;0
17/09/21 16:00;15.483;76.086;49.651;15.928;25.797;90;25.797;39.304;38.901;0.403;17.13;4.1599;0;0.9773;36.921;0.105;0;0.3721;38.376;0;38.376;0.9773;0.105;36.921;0.3721;0.0255;0.9718;0;0.0097;36.769;1.6067;0;0;1.2871;0.3196;35.492;1.2036;0.0122;0.0013;1.1796;0.0105;36.695;0.0735;0.002;0.0002;0.0713;0.0001;35.598;0.9632;0.1035;34.383;0.0419;23.682;19.23;7.0573;0.3301;0.2681;3.8559;0.106;3.7939;0;1;0;0;0.9764;0.9581;1;1;0.9651;0.141;0.9672;0.9875;1;0.9668;0.7996;0.998;0.998;1;0.998;0.998;0.9249;0.9313;0.1125;0.1092;0.1096;0.0007;0.0116;-0.0025;0.0007;0.0025;0.0007;0;0;0.088;0.0015;0;0;0;0;0;0;0;0;0;0;0;0;0.002;0.0001;0.0939;0.0939;0;18.893;18.893;1.7625;0.0497;92.026;1020.1;1;0.0044;0.0044;0;0;0;0;0;0;0.0895;0.0015;0;16.165;18.718;0.2612;0.3024;95.357;95.357;0.921;0.7917;0.0128;0.1294;0.7789;0.1404;0.8457;0.0139;23.68;0.0129;0
17/09/21 17:00;4.8157;84.069;78.252;4.8415;6.97;90;6.97;3.5944;3.5944;0;16.43;4.6901;0;0;3.5811;0;0;0.0025;3.5836;3.5836;0;0;0;0;0;1;1;1;1;0;0;0;0;0;0;0;0;0;0;0;0;0;0;0;0;0;0;0;0;0;0;0;0;0;0;0;0;0;0;0;0;0;0;0;0;1;1;1;1;1;1;1;1;1;1;1;1;1;0;0;1;0;0;0;0;0;0;0;0;0;0;0;0.0004;0.088;-0.0884;0;0;0;0;0;0;0;0;0;0;0;0;0;0;0;0;0;0;0;-16.43;0;0;0;0;0.0004;0;0;0;0;0;0;0;-0.0004;-0.0884;0;0;0;0;0;0;0;0;0;-0.7452;0;0.7452;1;1;0;0;0;0
17/09/21 18:00;0;0;90;0;0;90;0;0;0;0;15.7;5.54;0;0;0;0;0;0;0;0;0;0;0;0;0;1;1;1;1;0;0;0;0;0;0;0;0;0;0;0;0;0;0;0;0;0;0;0;0;0;0;0;0;0;0;0;0;0;0;0;0;0;0;0;1;1;1;1;1;1;1;1;1;1;1;1;1;1;1;1;1;1;1;0;0;0;0;0;0;0;0;0;0.0004;0.088;-0.0884;0;0;0;0;0;0;0;0;0;0;0;0;0;0;0;0;0;0;0;-15.7;0;0;0;0;0.0004;0;0;0;0;0;0;0;-0.0004;-0.0884;0;0;0;0;0;0;0;0;0;-0.7452;0;0.7452;1;1;0;0;0;0
17/09/21 19:00;0;0;90;0;0;90;0;0;0;0;15.22;5.62;0;0;0;0;0;0;0;0;0;0;0;0;0;1;1;1;1;0;0;0;0;0;0;0;0;0;0;0;0;0;0;0;0;0;0;0;0;0;0;0;0;0;0;0;0;0;0;0;0;0;0;0;1;1;1;1;1;1;1;1;1;1;1;1;1;1;1;1;1;1;1;0;0;0;0;0;0;0;0;0;0.0004;0.088;-0.0884;0;0;0;0;0;0;0;0;0;0;0;0;0;0;0;0;0;0;0;-15.22;0;0;0;0;0.0004;0;0;0;0;0;0;0;-0.0004;-0.0884;0;0;0;0;0;0;0;0;0;-0.7452;0;0.7452;1;1;0;0;0;0
17/09/21 20:00;0;0;90;0;0;90;0;0;0;0;14.5;4.98;0;0;0;0;0;0;0;0;0;0;0;0;0;1;1;1;1;0;0;0;0;0;0;0;0;0;0;0;0;0;0;0;0;0;0;0;0;0;0;0;0;0;0;0;0;0;0;0;0;0;0;0;1;1;1;1;1;1;1;1;1;1;1;1;1;1;1;1;1;1;1;0;0;0;0;0;0;0;0;0;0.0004;0.088;-0.0884;0;0;0;0;0;0;0;0;0;0;0;0;0;0;0;0;0;0;0;-14.5;0;0;0;0;0.0004;0;0;0;0;0;0;0;-0.0004;-0.0884;0;0;0;0;0;0;0;0;0;-0.7452;0;0.7452;1;1;0;0;0;0
17/09/21 21:00;0;0;90;0;0;90;0;0;0;0;14.3;5.28;0;0;0;0;0;0;0;0;0;0;0;0;0;1;1;1;1;0;0;0;0;0;0;0;0;0;0;0;0;0;0;0;0;0;0;0;0;0;0;0;0;0;0;0;0;0;0;0;0;0;0;0;1;1;1;1;1;1;1;1;1;1;1;1;1;1;1;1;1;1;1;0;0;0;0;0;0;0;0;0;0.0004;0.088;-0.0884;0;0;0;0;0;0;0;0;0;0;0;0;0;0;0;0;0;0;0;-14.3;0;0;0;0;0.0004;0;0;0;0;0;0;0;-0.0004;-0.0884;0;0;0;0;0;0;0;0;0;-0.7452;0;0.7452;1;1;0;0;0;0
17/09/21 22:00;0;0;90;0;0;90;0;0;0;0;14.28;5.69;0;0;0;0;0;0;0;0;0;0;0;0;0;1;1;1;1;0;0;0;0;0;0;0;0;0;0;0;0;0;0;0;0;0;0;0;0;0;0;0;0;0;0;0;0;0;0;0;0;0;0;0;1;1;1;1;1;1;1;1;1;1;1;1;1;1;1;1;1;1;1;0;0;0;0;0;0;0;0;0;0.0004;0.088;-0.0884;0;0;0;0;0;0;0;0;0;0;0;0;0;0;0;0;0;0;0;-14.28;0;0;0;0;0.0004;0;0;0;0;0;0;0;-0.0004;-0.0884;0;0;0;0;0;0;0;0;0;-0.7452;0;0.7452;1;1;0;0;0;0
17/09/21 23:00;0;0;90;0;0;90;0;0;0;0;13.64;5.78;0;0;0;0;0;0;0;0;0;0;0;0;0;1;1;1;1;0;0;0;0;0;0;0;0;0;0;0;0;0;0;0;0;0;0;0;0;0;0;0;0;0;0;0;0;0;0;0;0;0;0;0;1;1;1;1;1;1;1;1;1;1;1;1;1;1;1;1;1;1;1;0;0;0;0;0;0;0;0;0;0.0004;0.088;-0.0884;0;0;0;0;0;0;0;0;0;0;0;0;0;0;0;0;0;0;0;-13.64;0;0;0;0;0.0004;0;0;0;0;0;0;0;-0.0004;-0.0884;0;0;0;0;0;0;0;0;0;-0.7452;0;0.7452;1;1;0;0;0;0
18/09/21 00:00;0;0;90;0;0;90;0;0;0;0;13.7;5.45;0;0;0;0;0;0;0;0;0;0;0;0;0;1;1;1;1;0;0;0;0;0;0;0;0;0;0;0;0;0;0;0;0;0;0;0;0;0;0;0;0;0;0;0;0;0;0;0;0;0;0;0;1;1;1;1;1;1;1;1;1;1;1;1;1;1;1;1;1;1;1;0;0;0;0;0;0;0;0;0;0.0004;0.088;-0.0884;0;0;0;0;0;0;0;0;0;0;0;0;0;0;0;0;0;0;0;-13.7;0;0;0;0;0.0004;0;0;0;0;0;0;0;-0.0004;-0.0884;0;0;0;0;0;0;0;0;0;-0.7452;0;0.7452;1;1;0;0;0;0
18/09/21 01:00;0;0;90;0;0;90;0;0;0;0;13;5.4901;0;0;0;0;0;0;0;0;0;0;0;0;0;1;1;1;1;0;0;0;0;0;0;0;0;0;0;0;0;0;0;0;0;0;0;0;0;0;0;0;0;0;0;0;0;0;0;0;0;0;0;0;1;1;1;1;1;1;1;1;1;1;1;1;1;1;1;1;1;1;1;0;0;0;0;0;0;0;0;0;0.0004;0.088;-0.0884;0;0;0;0;0;0;0;0;0;0;0;0;0;0;0;0;0;0;0;-13;0;0;0;0;0.0004;0;0;0;0;0;0;0;-0.0004;-0.0884;0;0;0;0;0;0;0;0;0;-0.7452;0;0.7452;1;1;0;0;0;0
18/09/21 02:00;0;0;90;0;0;90;0;0;0;0;12.8;5.54;0;0;0;0;0;0;0;0;0;0;0;0;0;1;1;1;1;0;0;0;0;0;0;0;0;0;0;0;0;0;0;0;0;0;0;0;0;0;0;0;0;0;0;0;0;0;0;0;0;0;0;0;1;1;1;1;1;1;1;1;1;1;1;1;1;1;1;1;1;1;1;0;0;0;0;0;0;0;0;0;0.0004;0.088;-0.0884;0;0;0;0;0;0;0;0;0;0;0;0;0;0;0;0;0;0;0;-12.8;0;0;0;0;0.0004;0;0;0;0;0;0;0;-0.0004;-0.0884;0;0;0;0;0;0;0;0;0;-0.7452;0;0.7452;1;1;0;0;0;0
18/09/21 03:00;0;0;90;0;0;90;0;0;0;0;12.84;5.68;0;0;0;0;0;0;0;0;0;0;0;0;0;1;1;1;1;0;0;0;0;0;0;0;0;0;0;0;0;0;0;0;0;0;0;0;0;0;0;0;0;0;0;0;0;0;0;0;0;0;0;0;1;1;1;1;1;1;1;1;1;1;1;1;1;1;1;1;1;1;1;0;0;0;0;0;0;0;0;0;0.0004;0.088;-0.0884;0;0;0;0;0;0;0;0;0;0;0;0;0;0;0;0;0;0;0;-12.84;0;0;0;0;0.0004;0;0;0;0;0;0;0;-0.0004;-0.0884;0;0;0;0;0;0;0;0;0;-0.7452;0;0.7452;1;1;0;0;0;0
18/09/21 04:00;0;0;90;0;0;90;0;0;0;0;12.86;6.2199;0;0;0;0;0;0;0;0;0;0;0;0;0;1;1;1;1;0;0;0;0;0;0;0;0;0;0;0;0;0;0;0;0;0;0;0;0;0;0;0;0;0;0;0;0;0;0;0;0;0;0;0;1;1;1;1;1;1;1;1;1;1;1;1;1;1;1;1;1;1;1;0;0;0;0;0;0;0;0;0;0.0004;0.088;-0.0884;0;0;0;0;0;0;0;0;0;0;0;0;0;0;0;0;0;0;0;-12.86;0;0;0;0;0.0004;0;0;0;0;0;0;0;-0.0004;-0.0884;0;0;0;0;0;0;0;0;0;-0.7452;0;0.7452;1;1;0;0;0;0
18/09/21 05:00;0.4597;-87.633;88.885;0.4601;0.6558;-90;-0.6558;0;0;0;13.19;5.6699;0;0;0;0;0;0;0;0;0;0;0;0;0;1;1;1;1;0;0;0;0;0;0;0;0;0;0;0;0;0;0;0;0;0;0;0;0;0;0;0;0;0;0;0;0;0;0;0;0;0;0;0;1;1;1;1;1;1;1;1;1;1;1;1;1;1;1;1;1;1;1;0;0;0;0;0;0;0;0;0;0.0004;0.088;-0.0884;0;0;0;0;0;0;0;0;0;0;0;0;0;0;0;0;0;0;0;-13.19;0;0;0;0;0.0004;0;0;0;0;0;0;0;-0.0004;-0.0884;0;0;0;0;0;0;0;0;0;-0.7452;0;0.7452;1;1;0;0;0;0
18/09/21 06:00;6.7759;-83.137;73.372;6.8244;9.9251;-90;-9.9251;15.491;15.299;0.1915;13.34;5.0901;0;0.4644;15.167;0.0444;0;0.022;15.698;0;15.698;0.4644;0.0444;15.167;0.022;0.0296;0.9676;0;0.0014;15.571;0.1262;0;0;0.1079;0.0183;14.846;0.6947;0.0719;0.0069;0.615;0.0008;15.54;0.0311;0.0009;0.0001;0.0301;0;14.849;0.3916;0.0374;14.414;0.0029;9.0909;7.3818;2.6095;0.0043;0.1014;1.4588;0.0037;1.556;0;1;0;0;1.0133;0.992;1;1;0.9929;0.1696;0.9553;0.8448;1;0.9591;0.7755;0.998;0.998;1;0.998;0.998;0.9457;0.9503;0.1313;0.0447;0.0454;0.0003;0.0075;-0.0018;0.0003;0.001;0.0002;0;0;0.088;-0.0537;0;0;0;0;0;0;0;0;0;0;0;0;0.0008;0;0.0371;0.0371;0;14.084;14.084;0.7446;0.0502;37.062;1001.4;1;0.0029;0.0029;0;0;0;0;0;0;0.0343;-0.0537;0;15.624;18.092;-22.621;-26.195;92.311;92.311;0.3767;0.313;-0.4532;0.0637;0.7662;0.1692;2.0337;0;9.0898;0;0
18/09/21 07:00;18.789;-73.917;38.634;19.498;34.548;-90;-34.548;148.99;127.2;21.792;13.5;5.15;0;52.852;110.2;15.381;0;2.496;180.93;0;180.93;52.852;15.381;110.2;2.496;0.2921;0.6229;0;0.0138;172.61;8.3187;0;0;6.0936;2.2251;168.45;3.8106;0.321;0.0934;3.3578;0.0384;172.26;0.3452;0.1057;0.0308;0.2082;0.0005;169.12;52.425;15.257;100.54;0.232;75.223;61.081;23.237;2.7154;0.9064;13.038;0.6692;11.229;0;1;0;0;1.2144;0.954;1;1;0.9447;0.1086;0.9779;0.9939;1;0.9677;0.8581;0.998;0.998;1;0.998;0.998;0.9311;0.9123;0.093;0.5149;0.51;0.0031;0.0171;-0.006;0.0035;0.0123;0.0024;0;0;0.088;0.3697;0;0;0;0;0;0;0;0;0;0;0;0;0.0099;0.0008;0.4668;0.4668;0;21.743;21.743;8.243;0.0489;435.76;1071.3;1;0.0091;0.0091;0;0;0;0;0;0;0.4577;0.3697;0;17.049;19.742;13.502;15.635;98.048;98.048;4.3423;3.9367;3.1177;0.4056;0.819;0.0934;0.1886;0.718;75.085;0.6812;0
18/09/21 08:00;30.205;-63.203;22.931;33.111;56.889;-90;-56.889;115.51;113.6;1.906;13.79;5.85;0;3.4892;87.584;0.5806;0;4.979;96.633;0;96.633;3.4892;0.5806;87.584;4.979;0.0361;0.9579;0;0.0515;81.835;14.798;0;0;10.158;4.64;78.982;2.689;0.0028;0.0005;2.6691;0.0167;81.671;0.1637;0.007;0.0012;0.1549;0.0007;81.02;3.4794;0.579;74.602;0.3217;74.135;60.198;25.277;12.115;1.3524;19.454;2.0372;8.6916;0;1;0;0;0.8366;0.8469;1;1;0.884;0.0681;0.9671;0.9992;1;0.9655;0.9506;0.998;0.998;1;0.998;0.998;0.8173;0.8518;0.0646;0.275;0.2708;0.0016;0.0161;-0.0072;0.0018;0.0065;0.0036;0;0;0.088;0.1481;0;0;0;0;0;0;0;0;0;0;0;0;0.0052;0.0003;0.2429;0.2429;0;17.67;17.67;3.8803;0.0491;229.3;1059.3;1;0.0068;0.0068;0;0;0;0;0;0;0.2361;0.1481;0;16.609;19.233;10.129;11.73;97.217;97.217;2.3192;2.0483;1.2492;0.2709;0.7991;0.1168;0.3446;0.5386;73.582;0.4681;0
18/09/21 09:00;40.441;-49.72;29.475;48.168;41.832;-90;-41.832;224.1;216.9;7.2009;14.39;6;0;9.6642;187.71;2.3813;0;5.4265;205.18;0;205.18;9.6642;2.3813;187.71;5.4265;0.0471;0.9413;0;0.0264;186.28;18.897;0;0;13.922;4.9752;180.24;5.6744;0.0098;0.0024;5.6269;0.0352;185.91;0.3726;0.0193;0.0048;0.3476;0.0009;182.18;9.635;2.3741;167.81;0.4153;139.85;113.56;44.485;8.9173;1.8531;26.657;1.9421;19.592;0;1;0;0;0.9156;0.9079;1;1;0.9258;0.0832;0.9695;0.999;1;0.9676;0.9219;0.998;0.998;1;0.998;0.998;0.8784;0.894;0.0765;0.5839;0.5746;0.0035;0.0168;-0.0037;0.0039;0.0139;0.0049;0;0;0.088;0.4255;0;0;0;0;0;0;0;0;0;0;0;0;0.0112;0.001;0.5231;0.5231;0;23.215;23.215;8.8253;0.049;490.2;1067.2;1;0.0097;0.0097;0;0;0;0;0;0;0.5135;0.4255;0;16.848;19.51;13.703;15.867;98.152;98.152;4.9243;4.4117;3.5881;0.5126;0.8236;0.1041;0.1673;0.7286;135.81;0.6641;0
18/09/21 10:00;48.495;-31.906;34.234;64.935;25.065;-90;-25.065;819.4;135.2;684.2;15;6.0599;0;755.33;42.099;100.48;0;7.3305;905.24;0;905.24;755.33;100.48;42.099;7.3305;0.8344;0.0546;0;0.0081;897.6;7.6449;0;0;1.397;6.2479;891.23;4.5706;2.6476;0.3522;1.3531;0.2177;895.8;1.7952;1.5107;0.201;0.0814;0.0022;893.08;751.17;99.932;39.267;0.8627;450.96;366.18;138.31;0.3417;4.463;64.198;1.853;68.319;0;1;0;0;1.1048;0.9916;1;1;0.9668;0.1477;0.9949;0.9965;1;0.9667;0.7985;0.998;0.998;1;0.998;0.998;0.9845;0.9327;0.1177;2.5762;2.6838;0.0162;-0.0013;0.3266;0.0164;0.0581;0.0106;0;0;0.088;2.0697;0;0;0;0;0;0;0;0;0;0;0;0;0.0468;0.0166;2.1937;2.1937;0;59.594;59.594;44.594;0.05;2311.4;949.09;1;0.036;0.036;0;0;0;0;0;0;2.1577;2.0697;0;16.013;18.543;15.108;17.495;98.361;98.361;21.726;18.5;17.454;3.226;1.0454;0.1485;0.0481;0.8034;26.882;0.7629;0
18/09/21 11:00;52.839;-9.1451;36.611;83.131;6.8692;-90;-6.8692;955.2;157.6;797.61;16.16;6.57;0;803.37;41.22;117.07;0;0.6514;962.31;0;962.31;803.37;117.07;41.22;0.6514;0.8348;0.0435;0;0.0007;961.61;0.7016;0;0;0.1599;0.5417;953.41;6.2769;3.9306;0.5728;1.749;0.0245;959.69;1.9232;1.6067;0.2341;0.0821;0.0002;953.51;797.83;116.26;39.229;0.085;560.72;455.31;168.73;0.0026;5.7327;82.463;0.095;88.193;0;1;0;0;1.0074;0.9993;1;1;0.9961;0.1684;0.9935;0.9951;1;0.9573;0.7762;0.998;0.998;1;0.998;0.998;0.9907;0.9517;0.1304;2.7387;2.8932;0.0174;0.0003;0.3976;0.0173;0.0615;0.0134;0;0;0.088;2.1904;0;0;0;0;0;0;0;0;0;0;0;0;0.0496;0.0191;2.3169;2.3169;0;64.04;64.04;47.88;0.0502;2488.1;931.2;1;0.0385;0.0385;0;0;0;0;0;0;2.2784;2.1904;0;15.91;18.423;15.041;17.417;98.337;98.337;23.096;19.539;18.472;3.5568;1.0671;0.154;0.0462;0.7998;24.548;0.7516;0
18/09/21 12:00;52.142;15.575;36.24;78.211;11.789;90;11.789;817.31;145.7;671.61;16.74;7.4801;0;686.08;53.796;93.295;0;1.6377;834.81;0;834.81;686.08;93.295;53.796;1.6377;0.8218;0.0664;0;0.002;832.94;1.8754;0;0;0.5127;1.3628;825.45;5.8205;3.2082;0.4363;2.1142;0.0618;831.27;1.6659;1.3722;0.1866;0.1066;0.0005;825.78;681.5;92.673;51.063;0.2125;475.56;386.15;144.37;0.0294;4.7816;68.782;0.3317;73.534;0;1;0;0;1.0214;0.9978;1;1;0.9905;0.1679;0.993;0.9953;1;0.9602;0.7747;0.998;0.998;1;0.998;0.998;0.9888;0.9492;0.1298;2.3758;2.5004;0.0151;-0.002;0.2904;0.0154;0.0545;0.0115;0;0;0.088;1.936;0;0;0;0;0;0;0;0;0;0;0;0;0.0439;0.0145;2.057;2.057;0;57.99;57.99;41.25;0.05;2153.7;955.13;1;0.033;0.033;0;0;0;0;0;0;2.024;1.936;0;16.282;18.855;15.325;17.746;98.397;98.397;20.035;17.347;16.327;2.6884;1.0203;0.1342;0.0509;0.8149;32.401;0.7676;0
18/09/21 13:00;46.651;37.128;33.182;60.327;29.674;90;29.674;627.39;248.1;379.3;15.59;8.1101;0;436.54;142.72;109.75;0;7.8162;696.83;0;696.83;436.54;109.75;142.72;7.8162;0.6265;0.216;0;0.0112;683.77;13.063;0;0;6.2231;6.8401;676.21;6.1989;1.2621;0.3173;4.4442;0.1752;682.4;1.3675;0.8731;0.2195;0.273;0.002;678.36;434.41;109.21;131.78;0.7989;344.37;279.63;105.46;2.0825;3.5369;50.877;2.1513;52.331;0;1;0;0;1.1107;0.9813;1;1;0.9564;0.1249;0.9909;0.9971;1;0.9674;0.8201;0.998;0.998;1;0.998;0.998;0.9704;0.9233;0.1022;1.9831;2.0427;0.0123;-0.0006;0.1735;0.013;0.0461;0.0088;0;0;0.088;1.6268;0;0;0;0;0;0;0;0;0;0;0;0;0.0371;0.0099;1.7426;1.7426;0;49.149;49.149;33.559;0.0496;1757.4;991.54;1;0.0277;0.0277;0;0;0;0;0;0;1.7148;1.6268;0;16.525;19.135;15.427;17.864;98.408;98.408;16.724;14.695;13.719;2.0287;0.976;0.1213;0.0584;0.8203;93.86;0.7778;0
18/09/21 14:00;37.889;53.652;27.888;44.013;45.987;90;45.987;666.7;115.1;551.6;16.57;8.16;0;793.86;32.981;109.64;0;19.328;955.81;0;955.81;793.86;109.64;32.981;19.328;0.8306;0.0547;0;0.0202;935.03;20.778;0;0;2.8182;17.959;931.23;1.9311;0.7632;0.1054;0.9845;0.078;933.16;1.8701;1.5877;0.2193;0.0603;0.0027;935.88;791.51;109.31;29.118;1.2884;281.84;228.85;85.441;2.1753;2.9817;42.89;4.6452;43.696;0;1;0;0;1.4337;0.9783;1;1;0.9146;0.0708;0.9979;0.999;1;0.9673;0.9429;0.998;0.998;1;0.998;0.998;0.9743;0.8829;0.0667;2.7202;2.7635;0.0166;-0.0008;0.373;0.0166;0.059;0.007;0;0;0.088;2.1026;0;0;0;0;0;0;0;0;0;0;0;0;0.0475;0.0176;2.2271;2.2271;0;63.308;63.308;46.738;0.0502;2381;935.37;1;0.0365;0.0365;0;0;0;0;0;0;2.1906;2.1026;0;15.397;17.829;14.536;16.833;98.362;98.362;22.939;18.781;17.732;4.1582;1.0497;0.1813;0.0458;0.773;24.77;0.7478;0
18/09/21 15:00;27.263;66.254;20.983;29.379;60;90;60;300.5;228.7;71.8;16.36;7.29;0;146.35;151.71;53.841;0;14.274;366.18;0;366.18;146.35;53.841;151.71;14.274;0.3997;0.4533;0;0.039;333.75;32.426;0;0;19.073;13.353;328.19;4.8913;0.1059;0.0389;4.6838;0.0627;333.08;0.6675;0.2927;0.1077;0.2653;0.0018;332.86;145.95;53.694;127.69;0.8561;148.16;120.3;50.453;25.367;2.7819;40.017;4.6696;17.431;0;1;0;0;1.2185;0.9114;1;1;0.8743;0.0645;0.9853;0.9993;1;0.9646;0.9318;0.998;0.998;1;0.998;0.998;0.8963;0.8417;0.06;1.0421;1.0325;0.0062;0.0117;0.0275;0.0069;0.0245;0.0073;0;0;0.088;0.8228;0;0;0;0;0;0;0;0;0;0;0;0;0.0197;0.0028;0.9258;0.9258;0;32.481;32.481;16.121;0.0491;884.54;1046.7;1;0.015;0.015;0;0;0;0;0;0;0.9108;0.8228;0;16.708;19.347;14.848;17.194;98.377;98.377;8.7882;7.8077;6.9388;0.9805;0.8689;0.1116;0.0989;0.7896;132.08;0.7298;0
18/09/21 16:00;15.645;76.464;49.154;16.069;26.099;90;26.099;243.6;119.9;123.7;15.9;4.9201;0;300;75.328;98.29;0;2.3596;475.97;0;475.97;300;98.29;75.328;2.3596;0.6303;0.1632;0;0.005;471.27;4.705;0;0;2.6753;2.0297;462.99;7.3312;3.6641;1.2005;2.4011;0.0655;470.32;0.9425;0.6;0.1966;0.1453;0.0007;463.23;295.73;96.893;70.106;0.2637;49.207;39.956;14.215;0.7019;0.5872;8.4462;0.2369;8.3315;0;1;0;0;1.9539;0.9901;1;1;0.9645;0.1398;0.9844;0.9878;1;0.9669;0.801;0.998;0.998;1;0.998;0.998;0.9727;0.9307;0.1118;1.3546;1.3423;0.0081;0.0073;0.0652;0.0088;0.0313;0.0015;0;0;0.088;1.0835;0;0;0;0;0;0;0;0;0;0;0;0;0.0252;0.0046;1.1903;1.1903;0;38.715;38.715;22.815;0.0493;1156;1029.6;1;0.0187;0.0187;0;0;0;0;0;0;1.1715;1.0835;0;16.525;19.135;15.043;17.419;98.426;98.426;11.423;10.038;9.1375;1.3857;0.9001;0.1213;0.0788;0.7999;48.402;0.7894;0
18/09/21 17:00;4.9654;84.439;77.882;4.9888;7.1865;90;7.1865;17.19;17.003;0.1879;14.37;3.6501;0;0.4557;16.909;0.066;0;0.0128;17.443;0;17.443;0.4557;0.066;16.909;0.0128;0.0261;0.9701;0;0.0007;17.362;0.0816;0;0;0.071;0.0107;16.48;0.8468;0.1153;0.0167;0.7143;0.0005;17.327;0.0347;0.0009;0.0001;0.0337;0;16.482;0.3395;0.0491;16.09;0.0017;10.076;8.1821;2.8847;0.0012;0.1127;1.6208;0.0015;1.7323;0;1;0;0;1.0147;0.9953;1;1;0.9958;0.1673;0.9511;0.7464;1;0.9575;0.7756;0.998;0.998;1;0.998;0.998;0.9448;0.9516;0.1295;0.0496;0.0504;0.0003;0.0079;-0.0018;0.0003;0.0011;0.0003;0;0;0.088;-0.0496;0;0;0;0;0;0;0;0;0;0;0;0;0.0009;0;0.0414;0.0414;0;15.196;15.196;0.8257;0.0501;41.344;1001.4;1;0.003;0.003;0;0;0;0;0;0;0.0384;-0.0496;0;15.685;18.162;-18.773;-21.738;92.856;92.856;0.4186;0.3492;-0.4179;0.0695;0.7671;0.166;1.8323;0;10.075;0;0
18/09/21 18:00;0;0;90;0;0;90;0;0;0;0;9.5599;3.54;0;0;0;0;0;0;0;0;0;0;0;0;0;1;1;1;1;0;0;0;0;0;0;0;0;0;0;0;0;0;0;0;0;0;0;0;0;0;0;0;0;0;0;0;0;0;0;0;0;0;0;0;1;1;1;1;1;1;1;1;1;1;1;1;1;1;1;1;1;1;1;0;0;0;0;0;0;0;0;0;0.0004;0.088;-0.0884;0;0;0;0;0;0;0;0;0;0;0;0;0;0;0;0;0;0;0;-9.5599;0;0;0;0;0.0004;0;0;0;0;0;0;0;-0.0004;-0.0884;0;0;0;0;0;0;0;0;0;-0.7452;0;0.7452;1;1;0;0;0;0
18/09/21 19:00;0;0;90;0;0;90;0;0;0;0;7.6201;3.38;0;0;0;0;0;0;0;0;0;0;0;0;0;1;1;1;1;0;0;0;0;0;0;0;0;0;0;0;0;0;0;0;0;0;0;0;0;0;0;0;0;0;0;0;0;0;0;0;0;0;0;0;1;1;1;1;1;1;1;1;1;1;1;1;1;1;1;1;1;1;1;0;0;0;0;0;0;0;0;0;0.0004;0.088;-0.0884;0;0;0;0;0;0;0;0;0;0;0;0;0;0;0;0;0;0;0;-7.6201;0;0;0;0;0.0004;0;0;0;0;0;0;0;-0.0004;-0.0884;0;0;0;0;0;0;0;0;0;-0.7452;0;0.7452;1;1;0;0;0;0
18/09/21 20:00;0;0;90;0;0;90;0;0;0;0;6.26;3.06;0;0;0;0;0;0;0;0;0;0;0;0;0;1;1;1;1;0;0;0;0;0;0;0;0;0;0;0;0;0;0;0;0;0;0;0;0;0;0;0;0;0;0;0;0;0;0;0;0;0;0;0;1;1;1;1;1;1;1;1;1;1;1;1;1;1;1;1;1;1;1;0;0;0;0;0;0;0;0;0;0.0004;0.088;-0.0884;0;0;0;0;0;0;0;0;0;0;0;0;0;0;0;0;0;0;0;-6.26;0;0;0;0;0.0004;0;0;0;0;0;0;0;-0.0004;-0.0884;0;0;0;0;0;0;0;0;0;-0.7452;0;0.7452;1;1;0;0;0;0
18/09/21 21:00;0;0;90;0;0;90;0;0;0;0;5.0003;2.82;0;0;0;0;0;0;0;0;0;0;0;0;0;1;1;1;1;0;0;0;0;0;0;0;0;0;0;0;0;0;0;0;0;0;0;0;0;0;0;0;0;0;0;0;0;0;0;0;0;0;0;0;1;1;1;1;1;1;1;1;1;1;1;1;1;1;1;1;1;1;1;0;0;0;0;0;0;0;0;0;0.0004;0.088;-0.0884;0;0;0;0;0;0;0;0;0;0;0;0;0;0;0;0;0;0;0;-5.0003;0;0;0;0;0.0004;0;0;0;0;0;0;0;-0.0004;-0.0884;0;0;0;0;0;0;0;0;0;-0.7452;0;0.7452;1;1;0;0;0;0
18/09/21 22:00;0;0;90;0;0;90;0;0;0;0;5.3899;2.5499;0;0;0;0;0;0;0;0;0;0;0;0;0;1;1;1;1;0;0;0;0;0;0;0;0;0;0;0;0;0;0;0;0;0;0;0;0;0;0;0;0;0;0;0;0;0;0;0;0;0;0;0;1;1;1;1;1;1;1;1;1;1;1;1;1;1;1;1;1;1;1;0;0;0;0;0;0;0;0;0;0.0004;0.088;-0.0884;0;0;0;0;0;0;0;0;0;0;0;0;0;0;0;0;0;0;0;-5.3899;0;0;0;0;0.0004;0;0;0;0;0;0;0;-0.0004;-0.0884;0;0;0;0;0;0;0;0;0;-0.7452;0;0.7452;1;1;0;0;0;0
18/09/21 23:00;0;0;90;0;0;90;0;0;0;0;5.56;2.1501;0;0;0;0;0;0;0;0;0;0;0;0;0;1;1;1;1;0;0;0;0;0;0;0;0;0;0;0;0;0;0;0;0;0;0;0;0;0;0;0;0;0;0;0;0;0;0;0;0;0;0;0;1;1;1;1;1;1;1;1;1;1;1;1;1;1;1;1;1;1;1;0;0;0;0;0;0;0;0;0;0.0004;0.088;-0.0884;0;0;0;0;0;0;0;0;0;0;0;0;0;0;0;0;0;0;0;-5.56;0;0;0;0;0.0004;0;0;0;0;0;0;0;-0.0004;-0.0884;0;0;0;0;0;0;0;0;0;-0.7452;0;0.7452;1;1;0;0;0;0
19/09/21 00:00;0;0;90;0;0;90;0;0;0;0;3.8203;1.41;0;0;0;0;0;0;0;0;0;0;0;0;0;1;1;1;1;0;0;0;0;0;0;0;0;0;0;0;0;0;0;0;0;0;0;0;0;0;0;0;0;0;0;0;0;0;0;0;0;0;0;0;1;1;1;1;1;1;1;1;1;1;1;1;1;1;1;1;1;1;1;0;0;0;0;0;0;0;0;0;0.0004;0.088;-0.0884;0;0;0;0;0;0;0;0;0;0;0;0;0;0;0;0;0;0;0;-3.8203;0;0;0;0;0.0004;0;0;0;0;0;0;0;-0.0004;-0.0884;0;0;0;0;0;0;0;0;0;-0.7452;0;0.7452;1;1;0;0;0;0
19/09/21 01:00;0;0;90;0;0;90;0;0;0;0;2.7301;0.74;0;0;0;0;0;0;0;0;0;0;0;0;0;1;1;1;1;0;0;0;0;0;0;0;0;0;0;0;0;0;0;0;0;0;0;0;0;0;0;0;0;0;0;0;0;0;0;0;0;0;0;0;1;1;1;1;1;1;1;1;1;1;1;1;1;1;1;1;1;1;1;0;0;0;0;0;0;0;0;0;0.0004;0.088;-0.0884;0;0;0;0;0;0;0;0;0;0;0;0;0;0;0;0;0;0;0;-2.7301;0;0;0;0;0.0004;0;0;0;0;0;0;0;-0.0004;-0.0884;0;0;0;0;0;0;0;0;0;-0.7452;0;0.7452;1;1;0;0;0;0
19/09/21 02:00;0;0;90;0;0;90;0;0;0;0;2.6497;0.9401;0;0;0;0;0;0;0;0;0;0;0;0;0;1;1;1;1;0;0;0;0;0;0;0;0;0;0;0;0;0;0;0;0;0;0;0;0;0;0;0;0;0;0;0;0;0;0;0;0;0;0;0;1;1;1;1;1;1;1;1;1;1;1;1;1;1;1;1;1;1;1;0;0;0;0;0;0;0;0;0;0.0004;0.088;-0.0884;0;0;0;0;0;0;0;0;0;0;0;0;0;0;0;0;0;0;0;-2.6497;0;0;0;0;0.0004;0;0;0;0;0;0;0;-0.0004;-0.0884;0;0;0;0;0;0;0;0;0;-0.7452;0;0.7452;1;1;0;0;0;0
19/09/21 03:00;0;0;90;0;0;90;0;0;0;0;2.0002;1.49;0;0;0;0;0;0;0;0;0;0;0;0;0;1;1;1;1;0;0;0;0;0;0;0;0;0;0;0;0;0;0;0;0;0;0;0;0;0;0;0;0;0;0;0;0;0;0;0;0;0;0;0;1;1;1;1;1;1;1;1;1;1;1;1;1;1;1;1;1;1;1;0;0;0;0;0;0;0;0;0;0.0004;0.088;-0.0884;0;0;0;0;0;0;0;0;0;0;0;0;0;0;0;0;0;0;0;-2.0002;0;0;0;0;0.0004;0;0;0;0;0;0;0;-0.0004;-0.0884;0;0;0;0;0;0;0;0;0;-0.7452;0;0.7452;1;1;0;0;0;0
19/09/21 04:00;0;0;90;0;0;90;0;0;0;0;1.5302;2.19;0;0;0;0;0;0;0;0;0;0;0;0;0;1;1;1;1;0;0;0;0;0;0;0;0;0;0;0;0;0;0;0;0;0;0;0;0;0;0;0;0;0;0;0;0;0;0;0;0;0;0;0;1;1;1;1;1;1;1;1;1;1;1;1;1;1;1;1;1;1;1;0;0;0;0;0;0;0;0;0;0.0004;0.088;-0.0884;0;0;0;0;0;0;0;0;0;0;0;0;0;0;0;0;0;0;0;-1.5302;0;0;0;0;0.0004;0;0;0;0;0;0;0;-0.0004;-0.0884;0;0;0;0;0;0;0;0;0;-0.7452;0;0.7452;1;1;0;0;0;0
19/09/21 05:00;0.554;-88.041;88.656;0.5543;0.7901;-90;-0.7901;0;0;0;1.12;2.5401;0;0;0;0;0;0;0;0;0;0;0;0;0;1;1;1;1;0;0;0;0;0;0;0;0;0;0;0;0;0;0;0;0;0;0;0;0;0;0;0;0;0;0;0;0;0;0;0;0;0;0;0;1;1;1;1;1;1;1;1;1;1;1;1;1;1;1;1;1;1;1;0;0;0;0;0;0;0;0;0;0.0004;0.088;-0.0884;0;0;0;0;0;0;0;0;0;0;0;0;0;0;0;0;0;0;0;-1.12;0;0;0;0;0.0004;0;0;0;0;0;0;0;-0.0004;-0.0884;0;0;0;0;0;0;0;0;0;-0.7452;0;0.7452;1;1;0;0;0;0
19/09/21 06:00;7.0768;-83.4;72.615;7.1235;10.38;-90;-10.38;95.602;17.003;78.6;1.9397;3.5801;0;190.63;8.9398;19.375;0;0.1486;219.09;0;219.09;190.63;19.375;8.9398;0.1486;0.8701;0.0415;0;0.0007;218.9;0.192;0;0;0.0685;0.1234;188.14;30.324;27.194;2.7641;0.3598;0.0057;218.46;0.4378;0.3813;0.0388;0.0177;0.0001;188.14;163.05;16.573;8.4937;0.0195;5.7882;4.7;1.7348;0.003;0.0598;0.8606;0.0024;0.9174;0;1;0;0;2.2917;0.9991;1;1;0.9923;0.1697;0.8612;0.8571;1;0.9594;0.7755;0.998;0.998;1;0.998;0.998;0.8587;0.9501;0.1313;0.6235;0.54;0.0033;0.017;-0.0268;0.0038;0.0136;0.0002;0;0;0.088;0.419;0;0;0;0;0;0;0;0;0;0;0;0;0.0109;0.0009;0.5171;0.5171;0;11.056;11.056;9.1159;0.0485;461.82;1119.8;1;0.0101;0.0101;0;0;0;0;0;0;0.507;0.419;0;15.598;18.062;12.638;14.635;98.043;98.043;5.2582;4.3611;3.5337;0.897;0.8275;0.1706;0.1574;0.672;5.3639;0.6701;0
19/09/21 07:00;19.101;-74.179;37.474;19.795;35.425;-90;-35.425;275.01;63.998;211.01;5.2802;3.6799;0;511.76;30.494;73.712;0;4.8366;620.8;0;620.8;511.76;73.712;30.494;4.8366;0.8244;0.0569;0;0.0078;614.72;6.0828;0;0;1.7539;4.3289;609.34;4.1541;2.7617;0.3978;0.9265;0.0681;613.49;1.2294;1.0235;0.1474;0.0575;0.001;609.53;507.97;73.167;27.756;0.4385;22.102;17.947;7.023;0.82;0.2551;3.6692;0.1976;3.1042;0;1;0;0;2.2574;0.9902;1;1;0.9425;0.105;0.9932;0.9946;1;0.9677;0.8656;0.998;0.998;1;0.998;0.998;0.9815;0.9102;0.0907;1.7668;1.7513;0.0105;0.0021;0.0624;0.0117;0.0416;0.0007;0;0;0.088;1.4676;0;0;0;0;0;0;0;0;0;0;0;0;0.0335;0.0074;1.5813;1.5813;0;35.185;35.185;29.905;0.0491;1508.2;1048.5;1;0.0257;0.0257;0;0;0;0;0;0;1.5556;1.4676;0;16.832;19.491;15.622;18.089;98.375;98.375;14.899;13.335;12.376;1.564;0.9588;0.105;0.0644;0.8307;20.92;0.827;0
19/09/21 08:00;30.537;-63.459;22.635;33.401;56.599;-90;-56.599;489.4;85.497;403.9;10.68;5.05;0;733.71;27.476;90.93;0;20.899;873.02;0;873.02;733.71;90.93;27.476;20.899;0.8404;0.0554;0;0.0239;850.38;22.64;0;0;3.163;19.477;847.13;1.5484;0.5725;0.071;0.8364;0.0685;848.68;1.7008;1.4674;0.1819;0.0486;0.0028;851;731.67;90.677;23.428;1.3511;138.61;112.55;41.251;3.7372;1.6899;24.308;3.8689;22.261;0;1;0;0;1.7839;0.9741;1;1;0.8849;0.0681;0.9982;0.9992;1;0.9655;0.9517;0.998;0.998;1;0.998;0.998;0.9703;0.8527;0.0646;2.4845;2.4835;0.015;-0.002;0.2426;0.0156;0.0553;0.0041;0;0;0.088;1.9718;0;0;0;0;0;0;0;0;0;0;0;0;0.0446;0.0144;2.0939;2.0939;0;52.834;52.834;42.154;0.0498;2142.2;977.44;1;0.0341;0.0341;0;0;0;0;0;0;2.0598;1.9718;0;15.849;18.353;14.925;17.282;98.37;98.37;20.952;17.658;16.628;3.2941;1.03;0.1572;0.0492;0.7936;23.008;0.7774;0
19/09/21 09:00;40.801;-49.945;29.152;48.436;41.564;-90;-41.564;662.11;110.5;551.6;14.13;5.8101;0;737.22;36.54;91.818;0;15.837;881.42;0;881.42;737.22;91.818;36.54;15.837;0.8364;0.0594;0;0.018;864.22;17.195;0;0;2.6847;14.511;860.46;2.0346;0.7409;0.0923;1.0958;0.1056;862.49;1.7284;1.4744;0.1836;0.0677;0.0027;864.71;735.01;91.542;32.691;1.2182;306.52;248.9;93.4;1.7017;3.1687;45.58;4.2524;47.047;0;1;0;0;1.3312;0.9805;1;1;0.9265;0.0838;0.9976;0.999;1;0.9676;0.9202;0.998;0.998;1;0.998;0.998;0.9762;0.8947;0.0769;2.5084;2.5653;0.0155;-0.0018;0.2895;0.0158;0.0562;0.0076;0;0;0.088;1.9996;0;0;0;0;0;0;0;0;0;0;0;0;0.0452;0.0153;2.122;2.122;0;57.097;57.097;42.967;0.0499;2211.4;959.58;1;0.0344;0.0344;0;0;0;0;0;0;2.0876;1.9996;0;15.909;18.422;14.991;17.359;98.377;98.377;21.154;17.895;16.863;3.2588;1.0326;0.1541;0.0488;0.7971;26.377;0.7674;0
19/09/21 10:00;48.884;-32.034;33.88;65.157;24.843;-90;-24.843;783.01;129.8;653.21;15.4;6.2299;0;719.82;44.744;91.337;0;6.8836;862.78;0;862.78;719.82;91.337;44.744;6.8836;0.8343;0.0598;0;0.008;855.46;7.3249;0;0;1.4638;5.8611;849.42;4.3231;2.3745;0.3013;1.4407;0.2066;853.75;1.7109;1.4396;0.1827;0.0866;0.002;851.16;716;90.853;41.753;0.8138;431.81;350.63;132.36;0.3517;4.2801;61.568;1.737;65.496;0;1;0;0;1.1019;0.9915;1;1;0.9673;0.1485;0.9949;0.9967;1;0.9666;0.7975;0.998;0.998;1;0.998;0.998;0.9845;0.9332;0.1182;2.4554;2.5586;0.0154;-0.0018;0.2956;0.0157;0.0558;0.0103;0;0;0.088;1.9853;0;0;0;0;0;0;0;0;0;0;0;0;0.045;0.0152;2.1073;2.1073;0;57.842;57.842;42.442;0.05;2204.2;956.03;1;0.034;0.034;0;0;0;0;0;0;2.0733;1.9853;0;16.14;18.69;15.205;17.607;98.386;98.386;20.707;17.771;16.742;2.9354;1.0289;0.1418;0.0497;0.8085;28.534;0.7675;0
19/09/21 11:00;53.236;-9.0767;36.23;83.278;6.7221;-90;-6.7221;857.61;141.1;716.51;16.59;6.58;0;721.47;47.991;93.588;0;0.5601;863.61;0;863.61;721.47;93.588;47.991;0.5601;0.8354;0.0562;0;0.0006;862.96;0.6456;0;0;0.1798;0.4658;855.37;5.8682;3.3697;0.4371;2.0403;0.0211;861.23;1.7259;1.4429;0.1872;0.0956;0.0002;855.45;716.65;92.964;45.675;0.073;503.61;408.93;151.44;0.0027;5.1557;74.163;0.0799;79.316;0;1;0;0;1.007;0.9993;1;1;0.9963;0.1683;0.9932;0.9953;1;0.9572;0.7762;0.998;0.998;1;0.998;0.998;0.9905;0.9517;0.1304;2.4578;2.596;0.0156;-0.0017;0.3142;0.0159;0.0563;0.0123;0;0;0.088;2.0002;0;0;0;0;0;0;0;0;0;0;0;0;0.0454;0.0156;2.1225;2.1225;0;59.383;59.383;42.793;0.05;2235.4;949.51;1;0.0342;0.0342;0;0;0;0;0;0;2.0882;2.0002;0;16.24;18.806;15.305;17.723;98.387;98.387;20.727;17.899;16.868;2.8274;1.0309;0.1364;0.0497;0.8138;28.573;0.7647;0
19/09/21 12:00;52.5;15.863;35.844;78.155;11.845;90;11.845;603.99;325;278.99;17.4;6.6701;0;285.06;238.26;86.004;0;1.2218;610.55;0;610.55;285.06;86.004;238.26;1.2218;0.4669;0.3922;0;0.002;607.24;3.3057;0;0;2.2889;1.0168;594.98;11.05;1.2671;0.3823;9.3547;0.0461;606.03;1.2145;0.5701;0.172;0.472;0.0004;595.22;283.22;85.449;226.15;0.1586;354.44;287.8;105.57;0.1312;3.7028;53.263;0.2428;56.835;0;1;0;0;1.0109;0.9946;1;1;0.9904;0.1678;0.9818;0.9955;1;0.9603;0.7747;0.998;0.998;1;0.998;0.998;0.9745;0.9492;0.1298;1.7376;1.8097;0.0109;0.0014;0.1395;0.0116;0.0412;0.0093;0;0;0.088;1.4424;0;0;0;0;0;0;0;0;0;0;0;0;0.0332;0.0079;1.5548;1.5548;0;46.885;46.885;29.485;0.0496;1554.8;999.98;1;0.0243;0.0243;0;0;0;0;0;0;1.5304;1.4424;0;16.827;19.485;15.612;18.078;98.436;98.436;14.653;13.111;12.164;1.5417;0.9471;0.1052;0.0646;0.8301;143.53;0.7793;0
19/09/21 13:00;46.942;37.526;32.784;60.353;29.647;90;29.647;363.5;325.7;37.801;18.11;6.5201;0;43.495;292.78;14.279;0;4.5207;355.08;0;355.08;43.495;14.279;292.78;4.5207;0.1225;0.8373;0;0.0127;338.37;16.704;0;0;12.748;3.9557;328.32;9.3734;0.1156;0.038;9.1183;0.1015;337.7;0.6767;0.087;0.0286;0.5601;0.0011;329.69;43.292;14.213;270.36;0.4624;219.02;177.84;66.373;4.2561;2.4853;35.75;1.3643;33.979;0;1;0;0;0.9768;0.953;1;1;0.9565;0.125;0.9722;0.9973;1;0.9674;0.82;0.998;0.998;1;0.998;0.998;0.9247;0.9234;0.1023;1.0105;1.0149;0.0061;0.012;0.0335;0.0067;0.0239;0.0064;0;0;0.088;0.8016;0;0;0;0;0;0;0;0;0;0;0;0;0.0193;0.0027;0.9042;0.9042;0;34.262;34.262;16.152;0.0492;870.12;1039.2;1;0.0146;0.0146;0;0;0;0;0;0;0.8896;0.8016;0;16.827;19.485;14.917;17.274;98.384;98.384;8.5219;7.6252;6.7599;0.8967;0.8653;0.1052;0.1015;0.7932;192.51;0.7376;0
19/09/21 14:00;38.119;54.065;27.497;44.1;45.9;90;45.9;661.3;118.8;542.51;18.53;6.2199;0;779.57;35.533;110.49;0;19.104;944.69;0;944.69;779.57;110.49;35.533;19.104;0.8252;0.0578;0;0.0202;923.92;20.776;0;0;3.028;17.748;920.09;1.9821;0.7389;0.1047;1.0607;0.0778;922.07;1.8478;1.5591;0.221;0.065;0.0027;924.7;777.27;110.17;31.38;1.2753;280.87;228.07;85.227;2.3281;2.9768;42.82;4.6079;43.468;0;1;0;0;1.4285;0.978;1;1;0.9148;0.071;0.9979;0.9991;1;0.9673;0.9425;0.998;0.998;1;0.998;0.998;0.974;0.8831;0.0668;2.6885;2.7314;0.0165;-0.0011;0.3831;0.0163;0.0579;0.0069;0;0;0.088;2.0644;0;0;0;0;0;0;0;0;0;0;0;0;0.0467;0.0172;2.1878;2.1878;0;64.764;64.764;46.234;0.0502;2353.3;929.68;1;0.0354;0.0354;0;0;0;0;0;0;2.1524;2.0644;0;15.303;17.721;14.44;16.721;98.382;98.382;22.673;18.45;17.409;4.2225;1.0407;0.1862;0.0459;0.7679;26.665;0.7427;0
19/09/21 15:00;27.451;66.65;20.599;29.502;60;90;60;429.9;155.2;274.69;18.64;5.1601;0;557.79;65.318;138.31;0;20.42;781.84;0;781.84;557.79;138.31;65.318;20.42;0.7134;0.1097;0;0.0261;754.52;27.315;0;0;8.2117;19.103;750.41;2.6005;0.3961;0.0982;2.0166;0.0896;753.01;1.509;1.1156;0.2766;0.1142;0.0026;754.2;556.28;137.93;54.976;1.2247;114.06;92.617;37.017;10.925;1.7011;24.469;3.7845;15.245;0;1;0;0;1.8187;0.9651;1;1;0.8743;0.0645;0.9965;0.9993;1;0.9646;0.9318;0.998;0.998;1;0.998;0.998;0.9598;0.8417;0.06;2.225;2.2068;0.0133;-0.0015;0.242;0.0137;0.0485;0.0041;0;0;0.088;1.7192;0;0;0;0;0;0;0;0;0;0;0;0;0.0391;0.0115;1.8362;1.8362;0;56.087;56.087;37.447;0.0499;1904.2;964.29;1;0.029;0.029;0;0;0;0;0;0;1.8072;1.7192;0;15.519;17.971;14.531;16.826;98.421;98.421;18.764;15.485;14.498;3.2791;0.9866;0.1748;0.0526;0.7727;56.864;0.755;0
19/09/21 16:00;15.806;76.842;48.654;16.21;26.403;90;26.403;206.3;143;63.308;17.95;3.24;0;153.54;112.34;59.366;0;2.0444;327.29;0;327.29;153.54;59.366;112.34;2.0444;0.4691;0.3495;0;0.0062;321.46;5.8255;0;0;4.0644;1.7611;314.65;6.167;1.8305;0.7078;3.5729;0.0559;320.82;0.6429;0.3071;0.1187;0.2165;0.0006;315;151.4;58.539;104.48;0.2268;72.749;59.072;21.48;1.0899;0.8413;12.102;0.35;11.853;0;1;0;0;1.5864;0.9822;1;1;0.9638;0.1386;0.9808;0.9881;1;0.9669;0.8024;0.998;0.998;1;0.998;0.998;0.9614;0.9301;0.111;0.9314;0.9255;0.0056;0.0132;0.0278;0.0062;0.0218;0.0022;0;0;0.088;0.7273;0;0;0;0;0;0;0;0;0;0;0;0;0.0176;0.0023;0.8288;0.8288;0;33.423;33.423;15.473;0.0492;794.76;1042.9;1;0.0135;0.0135;0;0;0;0;0;0;0.8153;0.7273;0;16.734;19.378;14.684;17.004;98.367;98.367;7.8549;6.9896;6.1334;0.8653;0.8563;0.1102;0.109;0.7808;72.319;0.7598;0
19/09/21 17:00;4.9116;84.955;78.015;4.9306;7.101;90;7.101;21.293;21;0.2925;15.87;3.3599;0;0.7094;20.867;0.1281;0;0.0155;21.72;0;21.72;0.7094;0.1281;20.867;0.0155;0.0327;0.9614;0;0.0007;21.621;0.0988;0;0;0.0859;0.0129;20.48;1.0983;0.1822;0.0329;0.8826;0.0006;21.578;0.0432;0.0014;0.0003;0.0416;0;20.482;0.5258;0.095;19.857;0.002;12.434;10.096;3.5594;0.0015;0.139;2.0001;0.0018;2.1377;0;1;0;0;1.0201;0.9955;1;1;0.9959;0.1673;0.9491;0.7426;1;0.9574;0.7757;0.998;0.998;1;0.998;0.998;0.9429;0.9516;0.1295;0.0618;0.0626;0.0004;0.0088;-0.0018;0.0004;0.0014;0.0003;0;0;0.088;-0.0392;0;0;0;0;0;0;0;0;0;0;0;0;0.0011;0;0.052;0.052;0;16.894;16.894;1.0237;0.05;51.804;1004;1;0.0032;0.0032;0;0;0;0;0;0;0.0488;-0.0392;0;15.824;18.324;-11.93;-13.815;93.799;93.799;0.5213;0.4386;-0.3307;0.0827;0.7693;0.1586;1.4758;0;12.432;0;0
19/09/21 18:00;0;0;90;0;0;90;0;0;0;0;10.66;3.5801;0;0;0;0;0;0;0;0;0;0;0;0;0;1;1;1;1;0;0;0;0;0;0;0;0;0;0;0;0;0;0;0;0;0;0;0;0;0;0;0;0;0;0;0;0;0;0;0;0;0;0;0;1;1;1;1;1;1;1;1;1;1;1;1;1;1;1;1;1;1;1;0;0;0;0;0;0;0;0;0;0.0004;0.088;-0.0884;0;0;0;0;0;0;0;0;0;0;0;0;0;0;0;0;0;0;0;-10.66;0;0;0;0;0.0004;0;0;0;0;0;0;0;-0.0004;-0.0884;0;0;0;0;0;0;0;0;0;-0.7452;0;0.7452;1;1;0;0;0;0
19/09/21 19:00;0;0;90;0;0;90;0;0;0;0;7.5603;3.8101;0;0;0;0;0;0;0;0;0;0;0;0;0;1;1;1;1;0;0;0;0;0;0;0;0;0;0;0;0;0;0;0;0;0;0;0;0;0;0;0;0;0;0;0;0;0;0;0;0;0;0;0;1;1;1;1;1;1;1;1;1;1;1;1;1;1;1;1;1;1;1;0;0;0;0;0;0;0;0;0;0.0004;0.088;-0.0884;0;0;0;0;0;0;0;0;0;0;0;0;0;0;0;0;0;0;0;-7.5603;0;0;0;0;0.0004;0;0;0;0;0;0;0;-0.0004;-0.0884;0;0;0;0;0;0;0;0;0;-0.7452;0;0.7452;1;1;0;0;0;0
19/09/21 20:00;0;0;90;0;0;90;0;0;0;0;9.7201;4.0699;0;0;0;0;0;0;0;0;0;0;0;0;0;1;1;1;1;0;0;0;0;0;0;0;0;0;0;0;0;0;0;0;0;0;0;0;0;0;0;0;0;0;0;0;0;0;0;0;0;0;0;0;1;1;1;1;1;1;1;1;1;1;1;1;1;1;1;1;1;1;1;0;0;0;0;0;0;0;0;0;0.0004;0.088;-0.0884;0;0;0;0;0;0;0;0;0;0;0;0;0;0;0;0;0;0;0;-9.7201;0;0;0;0;0.0004;0;0;0;0;0;0;0;-0.0004;-0.0884;0;0;0;0;0;0;0;0;0;-0.7452;0;0.7452;1;1;0;0;0;0
19/09/21 21:00;0;0;90;0;0;90;0;0;0;0;9.7401;4.3199;0;0;0;0;0;0;0;0;0;0;0;0;0;1;1;1;1;0;0;0;0;0;0;0;0;0;0;0;0;0;0;0;0;0;0;0;0;0;0;0;0;0;0;0;0;0;0;0;0;0;0;0;1;1;1;1;1;1;1;1;1;1;1;1;1;1;1;1;1;1;1;0;0;0;0;0;0;0;0;0;0.0004;0.088;-0.0884;0;0;0;0;0;0;0;0;0;0;0;0;0;0;0;0;0;0;0;-9.7401;0;0;0;0;0.0004;0;0;0;0;0;0;0;-0.0004;-0.0884;0;0;0;0;0;0;0;0;0;-0.7452;0;0.7452;1;1;0;0;0;0
19/09/21 22:00;0;0;90;0;0;90;0;0;0;0;10.55;4.5;0;0;0;0;0;0;0;0;0;0;0;0;0;1;1;1;1;0;0;0;0;0;0;0;0;0;0;0;0;0;0;0;0;0;0;0;0;0;0;0;0;0;0;0;0;0;0;0;0;0;0;0;1;1;1;1;1;1;1;1;1;1;1;1;1;1;1;1;1;1;1;0;0;0;0;0;0;0;0;0;0.0004;0.088;-0.0884;0;0;0;0;0;0;0;0;0;0;0;0;0;0;0;0;0;0;0;-10.55;0;0;0;0;0.0004;0;0;0;0;0;0;0;-0.0004;-0.0884;0;0;0;0;0;0;0;0;0;-0.7452;0;0.7452;1;1;0;0;0;0
19/09/21 23:00;0;0;90;0;0;90;0;0;0;0;11.79;4.43;0;0;0;0;0;0;0;0;0;0;0;0;0;1;1;1;1;0;0;0;0;0;0;0;0;0;0;0;0;0;0;0;0;0;0;0;0;0;0;0;0;0;0;0;0;0;0;0;0;0;0;0;1;1;1;1;1;1;1;1;1;1;1;1;1;1;1;1;1;1;1;0;0;0;0;0;0;0;0;0;0.0004;0.088;-0.0884;0;0;0;0;0;0;0;0;0;0;0;0;0;0;0;0;0;0;0;-11.79;0;0;0;0;0.0004;0;0;0;0;0;0;0;-0.0004;-0.0884;0;0;0;0;0;0;0;0;0;-0.7452;0;0.7452;1;1;0;0;0;0
20/09/21 00:00;0;0;90;0;0;90;0;0;0;0;10.82;4.26;0;0;0;0;0;0;0;0;0;0;0;0;0;1;1;1;1;0;0;0;0;0;0;0;0;0;0;0;0;0;0;0;0;0;0;0;0;0;0;0;0;0;0;0;0;0;0;0;0;0;0;0;1;1;1;1;1;1;1;1;1;1;1;1;1;1;1;1;1;1;1;0;0;0;0;0;0;0;0;0;0.0004;0.088;-0.0884;0;0;0;0;0;0;0;0;0;0;0;0;0;0;0;0;0;0;0;-10.82;0;0;0;0;0.0004;0;0;0;0;0;0;0;-0.0004;-0.0884;0;0;0;0;0;0;0;0;0;-0.7452;0;0.7452;1;1;0;0;0;0
20/09/21 01:00;0;0;90;0;0;90;0;0;0;0;12.04;3.8299;0;0;0;0;0;0;0;0;0;0;0;0;0;1;1;1;1;0;0;0;0;0;0;0;0;0;0;0;0;0;0;0;0;0;0;0;0;0;0;0;0;0;0;0;0;0;0;0;0;0;0;0;1;1;1;1;1;1;1;1;1;1;1;1;1;1;1;1;1;1;1;0;0;0;0;0;0;0;0;0;0.0004;0.088;-0.0884;0;0;0;0;0;0;0;0;0;0;0;0;0;0;0;0;0;0;0;-12.04;0;0;0;0;0.0004;0;0;0;0;0;0;0;-0.0004;-0.0884;0;0;0;0;0;0;0;0;0;-0.7452;0;0.7452;1;1;0;0;0;0
20/09/21 02:00;0;0;90;0;0;90;0;0;0;0;12.06;3.1701;0;0;0;0;0;0;0;0;0;0;0;0;0;1;1;1;1;0;0;0;0;0;0;0;0;0;0;0;0;0;0;0;0;0;0;0;0;0;0;0;0;0;0;0;0;0;0;0;0;0;0;0;1;1;1;1;1;1;1;1;1;1;1;1;1;1;1;1;1;1;1;0;0;0;0;0;0;0;0;0;0.0004;0.088;-0.0884;0;0;0;0;0;0;0;0;0;0;0;0;0;0;0;0;0;0;0;-12.06;0;0;0;0;0.0004;0;0;0;0;0;0;0;-0.0004;-0.0884;0;0;0;0;0;0;0;0;0;-0.7452;0;0.7452;1;1;0;0;0;0
20/09/21 03:00;0;0;90;0;0;90;0;0;0;0;11;2.7899;0;0;0;0;0;0;0;0;0;0;0;0;0;1;1;1;1;0;0;0;0;0;0;0;0;0;0;0;0;0;0;0;0;0;0;0;0;0;0;0;0;0;0;0;0;0;0;0;0;0;0;0;1;1;1;1;1;1;1;1;1;1;1;1;1;1;1;1;1;1;1;0;0;0;0;0;0;0;0;0;0.0004;0.088;-0.0884;0;0;0;0;0;0;0;0;0;0;0;0;0;0;0;0;0;0;0;-11;0;0;0;0;0.0004;0;0;0;0;0;0;0;-0.0004;-0.0884;0;0;0;0;0;0;0;0;0;-0.7452;0;0.7452;1;1;0;0;0;0
20/09/21 04:00;0;0;90;0;0;90;0;0;0;0;9.3399;2.7001;0;0;0;0;0;0;0;0;0;0;0;0;0;1;1;1;1;0;0;0;0;0;0;0;0;0;0;0;0;0;0;0;0;0;0;0;0;0;0;0;0;0;0;0;0;0;0;0;0;0;0;0;1;1;1;1;1;1;1;1;1;1;1;1;1;1;1;1;1;1;1;0;0;0;0;0;0;0;0;0;0.0004;0.088;-0.0884;0;0;0;0;0;0;0;0;0;0;0;0;0;0;0;0;0;0;0;-9.3399;0;0;0;0;0.0004;0;0;0;0;0;0;0;-0.0004;-0.0884;0;0;0;0;0;0;0;0;0;-0.7452;0;0.7452;1;1;0;0;0;0
20/09/21 05:00;0.6484;-88.449;88.427;0.6486;0.9246;-90;-0.9246;0;0;0;8.3999;3.1999;0;0;0;0;0;0;0;0;0;0;0;0;0;1;1;1;1;0;0;0;0;0;0;0;0;0;0;0;0;0;0;0;0;0;0;0;0;0;0;0;0;0;0;0;0;0;0;0;0;0;0;0;1;1;1;1;1;1;1;1;1;1;1;1;1;1;1;1;1;1;1;0;0;0;0;0;0;0;0;0;0.0004;0.088;-0.0884;0;0;0;0;0;0;0;0;0;0;0;0;0;0;0;0;0;0;0;-8.3999;0;0;0;0;0.0004;0;0;0;0;0;0;0;-0.0004;-0.0884;0;0;0;0;0;0;0;0;0;-0.7452;0;0.7452;1;1;0;0;0;0
20/09/21 06:00;7.3778;-83.664;71.854;7.4226;10.836;-90;-10.836;38.893;36.798;2.0949;8.84;4.17;0;5.0808;36.032;1.0717;0;0.0659;42.251;0;42.251;5.0808;1.0717;36.032;0.0659;0.1203;0.8544;0;0.0016;41.899;0.3517;0;0;0.297;0.0547;39.565;2.2506;0.6678;0.1409;1.4394;0.0025;41.815;0.0838;0.0102;0.0021;0.0715;0;39.576;4.4028;0.9287;34.225;0.0087;21.657;17.586;6.2251;0.0142;0.2413;3.4712;0.0111;3.6983;0;1;0;0;1.0863;0.9917;1;1;0.9918;0.1698;0.9462;0.8683;1;0.9596;0.7755;0.998;0.998;1;0.998;0.998;0.9364;0.9498;0.1314;0.1202;0.1202;0.0007;0.0121;-0.0063;0.0008;0.0028;0.0006;0;0;0.088;0.014;0;0;0;0;0;0;0;0;0;0;0;0;0.0023;0.0001;0.107;0.107;0;10.789;10.789;1.9486;0.0493;100.99;1059.9;1;0.005;0.005;0;0;0;0;0;0;0.102;0.014;0;16.74;19.385;2.1951;2.5418;95.328;95.328;1.014;0.9027;0.1184;0.1114;0.7843;0.1098;0.7734;0.1167;21.645;0.11;0
20/09/21 07:00;19.413;-74.443;36.285;20.093;36.334;-90;-36.334;140.71;126.4;14.307;10.28;4.0799;0;34.699;110.5;9.7134;0;2.599;157.51;0;157.51;34.699;9.7134;110.5;2.599;0.2203;0.718;0;0.0165;148.56;8.9478;0;0;6.6121;2.3357;144.67;3.5905;0.1632;0.0457;3.3485;0.0332;148.26;0.2971;0.0694;0.0194;0.2078;0.0005;145.44;34.467;9.6483;100.33;0.2295;76.441;62.07;23.789;3.2373;0.9408;13.533;0.765;11.236;0;1;0;0;1.1194;0.9432;1;1;0.9402;0.1013;0.9758;0.9953;1;0.9677;0.8737;0.998;0.998;1;0.998;0.998;0.9185;0.908;0.0883;0.4483;0.4432;0.0027;0.0173;-0.0122;0.003;0.0108;0.0025;0;0;0.088;0.3131;0;0;0;0;0;0;0;0;0;0;0;0;0.0087;0.0007;0.4097;0.4097;0;17.343;17.343;7.0629;0.0488;378.07;1083.8;1;0.0086;0.0086;0;0;0;0;0;0;0.4011;0.3131;0;17.19;19.906;13.136;15.211;97.893;97.893;3.7802;3.4554;2.6405;0.3248;0.8149;0.0859;0.2156;0.6985;76.351;0.6563;0
20/09/21 08:00;30.868;-63.717;22.339;33.69;56.31;-90;-56.31;206.7;193.2;13.496;12.18;6.7699;0;24.331;147.27;6.7441;0;8.7441;187.09;0;187.09;24.331;6.7441;147.27;8.7441;0.13;0.8339;0;0.0467;162.12;24.978;0;0;16.829;8.1491;157.26;4.5305;0.0187;0.0052;4.4785;0.0281;161.79;0.3242;0.0487;0.0135;0.2609;0.0012;160.72;24.264;6.7254;125.71;0.5657;127.42;103.46;42.954;19.647;2.2799;32.795;3.4588;15.428;0;1;0;0;0.9052;0.8665;1;1;0.8857;0.068;0.972;0.9992;1;0.9656;0.9527;0.998;0.998;1;0.998;0.998;0.8405;0.8535;0.0647;0.5325;0.5255;0.0032;0.0171;-0.0097;0.0036;0.0128;0.0061;0;0;0.088;0.384;0;0;0;0;0;0;0;0;0;0;0;0;0.0103;0.0009;0.4813;0.4813;0;19.868;19.868;7.6879;0.0489;447.31;1075.9;1;0.0093;0.0093;0;0;0;0;0;0;0.472;0.384;0;16.998;19.684;13.561;15.704;98.065;98.065;4.4903;4.0587;3.238;0.4316;0.8206;0.0961;0.1828;0.7211;122.93;0.6375;0
20/09/21 09:00;41.161;-50.172;28.829;48.703;41.297;-90;-41.297;120.39;118.9;1.495;12.3;7.7399;0;1.99;103.94;0.2646;0;2.8445;109.04;0;109.04;1.99;0.2646;103.94;2.8445;0.0183;0.9793;0;0.0261;98.867;10.17;0;0;7.5651;2.6046;95.529;3.1404;0.002;0.0003;3.1186;0.0195;98.669;0.1977;0.004;0.0005;0.1927;0.0005;96.538;1.984;0.2638;93.061;0.2199;75.626;61.408;24.138;4.7244;0.9905;14.248;1.0094;10.514;0;1;0;0;0.9057;0.9067;1;1;0.9272;0.0843;0.9682;0.999;1;0.9676;0.9185;0.998;0.998;1;0.998;0.998;0.8761;0.8954;0.0773;0.3103;0.3047;0.0018;0.0166;-0.0089;0.0021;0.0073;0.0026;0;0;0.088;0.1818;0;0;0;0;0;0;0;0;0;0;0;0;0.0059;0.0004;0.2769;0.2769;0;16.981;16.981;4.6811;0.049;258.93;1069.5;1;0.0071;0.0071;0;0;0;0;0;0;0.2698;0.1818;0;16.783;19.434;11.019;12.76;97.435;97.435;2.6169;2.3354;1.5333;0.2815;0.802;0.1076;0.3065;0.5859;74.857;0.5337;0
20/09/21 10:00;49.274;-32.165;33.525;65.376;24.624;-90;-24.624;152.1;150;2.0949;11.56;8.1901;0;2.3044;142.89;0.3357;0;1.3139;146.84;0;146.84;2.3044;0.3357;142.89;1.3139;0.0157;0.982;0;0.0089;141.12;5.7261;0;0;4.6084;1.1177;136.18;4.657;0.0071;0.001;4.6089;0.0398;140.84;0.2822;0.0046;0.0007;0.2766;0.0004;136.54;2.2927;0.334;133.4;0.156;92.322;74.965;27.607;1.0833;1.0256;14.753;0.364;14.695;0;1;0;0;0.9655;0.961;1;1;0.9677;0.1494;0.9669;0.9969;1;0.9666;0.7966;0.998;0.998;1;0.998;0.998;0.9274;0.9336;0.1187;0.4179;0.4202;0.0025;0.0172;-0.0103;0.0029;0.0102;0.0027;0;0;0.088;0.2898;0;0;0;0;0;0;0;0;0;0;0;0;0.0082;0.0006;0.3861;0.3861;0;18.217;18.217;6.6568;0.0489;358.24;1077.7;1;0.0083;0.0083;0;0;0;0;0;0;0.3778;0.2898;0;17.374;20.118;13.039;15.099;97.844;97.844;3.5243;3.2559;2.4436;0.2683;0.8123;0.0761;0.2305;0.6934;91.005;0.6449;0
20/09/21 11:00;53.632;-9.0072;35.849;83.423;6.5765;-90;-6.5765;134.01;132.6;1.4074;11.7;8;0;1.4168;131.99;0.1717;0;0.0838;133.67;0;133.67;1.4168;0.1717;131.99;0.0838;0.0106;0.9881;0;0.0006;133.12;0.5469;0;0;0.4772;0.0697;127.22;5.6328;0.0063;0.0008;5.6226;0.0031;132.85;0.2662;0.0028;0.0003;0.263;0;127.23;1.4076;0.1706;125.63;0.0109;79.495;64.55;22.906;0.0064;0.8791;12.646;0.0089;13.519;0;1;0;0;0.9975;0.9959;1;1;0.9964;0.1683;0.9576;0.9955;1;0.9572;0.7763;0.998;0.998;1;0.998;0.998;0.9518;0.9518;0.1303;0.3804;0.3893;0.0023;0.0172;-0.01;0.0027;0.0094;0.0023;0;0;0.088;0.2612;0;0;0;0;0;0;0;0;0;0;0;0;0.0076;0.0005;0.3572;0.3572;0;17.921;17.921;6.2213;0.0489;331.86;1076.4;1;0.008;0.008;0;0;0;0;0;0;0.3492;0.2612;0;17.66;20.45;12.914;14.954;97.759;97.759;3.208;3.0126;2.203;0.1954;0.8096;0.0609;0.2524;0.6867;78.569;0.6413;0
20/09/21 12:00;52.857;16.155;35.448;78.099;11.901;90;11.901;96.892;96.2;0.6911;9.2501;7.51;0;0.7063;95.106;0.0627;0;0.1979;96.073;0;96.073;0.7063;0.0627;95.106;0.1979;0.0074;0.992;0;0.0021;94.987;1.0855;0;0;0.9209;0.1646;91.056;3.7411;0.003;0.0003;3.7304;0.0075;94.797;0.19;0.0014;0.0001;0.1884;0.0001;91.094;0.7019;0.0624;90.266;0.0257;57.736;46.882;16.687;0.0532;0.6383;9.182;0.0376;9.7671;0;1;0;0;0.9915;0.9887;1;1;0.9903;0.1678;0.9605;0.9958;1;0.9603;0.7747;0.998;0.998;1;0.998;0.998;0.9478;0.9491;0.1298;0.2734;0.279;0.0017;0.0163;-0.0115;0.0019;0.0068;0.0017;0;0;0.088;0.1613;0;0;0;0;0;0;0;0;0;0;0;0;0.0055;0.0003;0.2564;0.2564;0;13.702;13.702;4.4518;0.0489;237.08;1081.4;1;0.0071;0.0071;0;0;0;0;0;0;0.2493;0.1613;0;17.634;20.42;11.095;12.848;97.239;97.239;2.3057;2.1621;1.3603;0.1436;0.8018;0.0623;0.3477;0.59;57.299;0.5506;0
20/09/21 13:00;47.232;37.928;32.385;60.379;29.621;90;29.621;289.7;277.8;11.9;9.1598;7.4001;0;13.688;256.55;3.8128;0;3.5966;277.65;0;277.65;13.688;3.8128;256.55;3.5966;0.0493;0.937;0;0.013;263.35;14.301;0;0;11.154;3.1467;254.7;8.1144;0.0332;0.0093;7.991;0.0809;262.82;0.5267;0.0274;0.0076;0.4908;0.0009;255.8;13.628;3.7959;236.91;0.3681;176.69;143.47;53.471;3.7177;2.0283;29.177;1.0982;27.487;0;1;0;0;0.9584;0.9485;1;1;0.9565;0.1251;0.9691;0.9976;1;0.9674;0.8198;0.998;0.998;1;0.998;0.998;0.9174;0.9235;0.1024;0.7902;0.7903;0.0048;0.0149;-0.0096;0.0055;0.0194;0.0055;0;0;0.088;0.6319;0;0;0;0;0;0;0;0;0;0;0;0;0.0156;0.0017;0.7326;0.7326;0;21.58;21.58;12.42;0.0488;675.05;1085.2;1;0.0127;0.0127;0;0;0;0;0;0;0.7199;0.6319;0;17.436;20.19;15.039;17.415;98.267;98.267;6.6635;6.1781;5.329;0.4854;0.8492;0.0728;0.1274;0.7997;168.65;0.7414;0
20/09/21 14:00;38.348;54.481;27.106;44.186;45.814;90;45.814;356.6;297.1;59.501;10.46;7.3;0;85.369;234.29;30.091;0;10.265;360.02;0;360.02;85.369;30.091;234.29;10.265;0.2371;0.6793;0;0.0285;330.57;29.447;0;0;19.911;9.5354;322.77;7.1439;0.0798;0.0281;6.9938;0.0422;329.91;0.6611;0.1707;0.0602;0.4288;0.0015;326.32;85.119;30.002;206.96;0.6862;208.78;169.53;66.849;15.223;2.8624;41.175;3.5484;28.814;0;1;0;0;1.0096;0.9182;1;1;0.915;0.0711;0.9783;0.9991;1;0.9673;0.9421;0.998;0.998;1;0.998;0.998;0.8965;0.8833;0.0668;1.0246;1.0161;0.0061;0.012;0.0044;0.007;0.0247;0.0076;0;0;0.088;0.8282;0;0;0;0;0;0;0;0;0;0;0;0;0.0199;0.0027;0.9317;0.9317;0;26.234;26.234;15.774;0.0489;868.44;1072.9;1;0.0155;0.0155;0;0;0;0;0;0;0.9162;0.8282;0;17.101;19.803;15.202;17.603;98.34;98.34;8.6405;7.8572;6.9847;0.7833;0.8726;0.0907;0.101;0.8084;175.68;0.7446;0
20/09/21 15:00;27.637;67.047;20.214;29.624;60;90;60;332.5;226.5;106;11.8;6.74;0;214.44;141.3;77.07;0;15.794;448.6;0;448.6;214.44;77.07;141.3;15.794;0.478;0.3502;0;0.0352;416.06;32.539;0;0;17.764;14.775;410.59;4.6348;0.1494;0.0537;4.3624;0.0693;415.23;0.8321;0.4289;0.1541;0.2471;0.002;415.25;213.86;76.862;118.93;0.9472;147.5;119.77;49.995;23.627;2.6791;38.538;4.6597;17.59;0;1;0;0;1.3492;0.9275;1;1;0.8743;0.0645;0.9888;0.9993;1;0.9646;0.9318;0.998;0.998;1;0.998;0.998;0.9153;0.8417;0.06;1.2767;1.2653;0.0076;0.0084;0.031;0.0085;0.0302;0.007;0;0;0.088;1.0376;0;0;0;0;0;0;0;0;0;0;0;0;0.0244;0.0041;1.144;1.144;0;31.933;31.933;20.132;0.049;1085.5;1053.9;1;0.0184;0.0184;0;0;0;0;0;0;1.1256;1.0376;0;16.852;19.514;15.284;17.699;98.39;98.39;10.766;9.6477;8.7502;1.1188;0.8974;0.1039;0.0834;0.8127;123.01;0.7636;0
20/09/21 16:00;15.967;77.222;48.152;16.351;26.71;90;26.71;91.793;90.001;1.7922;12.62;5.6599;0;4.3465;84.791;1.0467;0;0.9305;91.114;0;91.114;4.3465;1.0467;84.791;0.9305;0.0477;0.9408;0;0.0102;87.187;3.9278;0;0;3.125;0.8027;84.234;2.7785;0.0505;0.0122;2.6908;0.025;87.012;0.1744;0.0087;0.0021;0.1633;0.0003;84.5;4.2873;1.0325;78.811;0.1025;54.7;44.417;16.357;0.8565;0.6216;8.9417;0.2659;8.7068;0;1;0;0;0.9926;0.9569;1;1;0.9631;0.1373;0.9681;0.9883;1;0.967;0.8039;0.998;0.998;1;0.998;0.998;0.9245;0.9295;0.1102;0.2593;0.2597;0.0016;0.016;-0.0078;0.0017;0.0062;0.0016;0;0;0.088;0.1403;0;0;0;0;0;0;0;0;0;0;0;0;0.005;0.0003;0.2351;0.2351;0;16.752;16.752;4.1323;0.0491;220.61;1065.5;1;0.0068;0.0068;0;0;0;0;0;0;0.2283;0.1403;0;17.048;19.741;10.175;11.783;97.121;97.121;2.1867;1.9824;1.1832;0.2044;0.7992;0.0935;0.3655;0.5411;54.689;0.504;0
20/09/21 17:00;5.0615;85.326;77.645;5.0783;7.3184;90;7.3184;9.5915;9.4989;0.0926;10.79;5.31;0;0.2245;9.4529;0.0178;0;0.0074;9.7027;0;9.7027;0.2245;0.0178;9.4529;0.0074;0.0231;0.975;0;0.0008;9.6556;0.047;0;0;0.0409;0.0062;9.1777;0.4586;0.0554;0.0044;0.3986;0.0003;9.6363;0.0193;0.0004;0;0.0188;0;9.1786;0.1687;0.0134;8.9946;0.001;5.6345;4.5752;1.6132;0.0008;0.063;0.9063;0.0009;0.9685;0;1;0;0;1.0116;0.9952;1;1;0.9957;0.1673;0.9524;0.7529;1;0.9576;0.7756;0.998;0.998;1;0.998;0.998;0.9459;0.9515;0.1295;0.0276;0.0281;0.0002;0.0058;-0.0013;0.0002;0.0006;0.0001;0;0;0.088;-0.0684;0;0;0;0;0;0;0;0;0;0;0;0;0.0005;0;0.022;0.022;0;11.254;11.254;0.4641;0.0506;22.24;990.82;1;0.0025;0.0025;0;0;0;0;0;0;0.0196;-0.0684;0;15.007;17.378;-46.608;-53.971;88.784;88.784;0.2329;0.1858;-0.5771;0.047;0.763;0.202;3.2764;0;5.6341;0;0
20/09/21 18:00;0;0;90;0;0;90;0;0;0;0;9.9202;5.1099;0;0;0;0;0;0;0;0;0;0;0;0;0;1;1;1;1;0;0;0;0;0;0;0;0;0;0;0;0;0;0;0;0;0;0;0;0;0;0;0;0;0;0;0;0;0;0;0;0;0;0;0;1;1;1;1;1;1;1;1;1;1;1;1;1;1;1;1;1;1;1;0;0;0;0;0;0;0;0;0;0.0004;0.088;-0.0884;0;0;0;0;0;0;0;0;0;0;0;0;0;0;0;0;0;0;0;-9.9202;0;0;0;0;0.0004;0;0;0;0;0;0;0;-0.0004;-0.0884;0;0;0;0;0;0;0;0;0;-0.7452;0;0.7452;1;1;0;0;0;0
20/09/21 19:00;0;0;90;0;0;90;0;0;0;0;10.2;5.4901;0;0;0;0;0;0;0;0;0;0;0;0;0;1;1;1;1;0;0;0;0;0;0;0;0;0;0;0;0;0;0;0;0;0;0;0;0;0;0;0;0;0;0;0;0;0;0;0;0;0;0;0;1;1;1;1;1;1;1;1;1;1;1;1;1;1;1;1;1;1;1;0;0;0;0;0;0;0;0;0;0.0004;0.088;-0.0884;0;0;0;0;0;0;0;0;0;0;0;0;0;0;0;0;0;0;0;-10.2;0;0;0;0;0.0004;0;0;0;0;0;0;0;-0.0004;-0.0884;0;0;0;0;0;0;0;0;0;-0.7452;0;0.7452;1;1;0;0;0;0
20/09/21 20:00;0;0;90;0;0;90;0;0;0;0;9.1498;4.81;0;0;0;0;0;0;0;0;0;0;0;0;0;1;1;1;1;0;0;0;0;0;0;0;0;0;0;0;0;0;0;0;0;0;0;0;0;0;0;0;0;0;0;0;0;0;0;0;0;0;0;0;1;1;1;1;1;1;1;1;1;1;1;1;1;1;1;1;1;1;1;0;0;0;0;0;0;0;0;0;0.0004;0.088;-0.0884;0;0;0;0;0;0;0;0;0;0;0;0;0;0;0;0;0;0;0;-9.1498;0;0;0;0;0.0004;0;0;0;0;0;0;0;-0.0004;-0.0884;0;0;0;0;0;0;0;0;0;-0.7452;0;0.7452;1;1;0;0;0;0
20/09/21 21:00;0;0;90;0;0;90;0;0;0;0;7.6999;4.4699;0;0;0;0;0;0;0;0;0;0;0;0;0;1;1;1;1;0;0;0;0;0;0;0;0;0;0;0;0;0;0;0;0;0;0;0;0;0;0;0;0;0;0;0;0;0;0;0;0;0;0;0;1;1;1;1;1;1;1;1;1;1;1;1;1;1;1;1;1;1;1;0;0;0;0;0;0;0;0;0;0.0004;0.088;-0.0884;0;0;0;0;0;0;0;0;0;0;0;0;0;0;0;0;0;0;0;-7.6999;0;0;0;0;0.0004;0;0;0;0;0;0;0;-0.0004;-0.0884;0;0;0;0;0;0;0;0;0;-0.7452;0;0.7452;1;1;0;0;0;0
20/09/21 22:00;0;0;90;0;0;90;0;0;0;0;7.2299;4.7099;0;0;0;0;0;0;0;0;0;0;0;0;0;1;1;1;1;0;0;0;0;0;0;0;0;0;0;0;0;0;0;0;0;0;0;0;0;0;0;0;0;0;0;0;0;0;0;0;0;0;0;0;1;1;1;1;1;1;1;1;1;1;1;1;1;1;1;1;1;1;1;0;0;0;0;0;0;0;0;0;0.0004;0.088;-0.0884;0;0;0;0;0;0;0;0;0;0;0;0;0;0;0;0;0;0;0;-7.2299;0;0;0;0;0.0004;0;0;0;0;0;0;0;-0.0004;-0.0884;0;0;0;0;0;0;0;0;0;-0.7452;0;0.7452;1;1;0;0;0;0
20/09/21 23:00;0;0;90;0;0;90;0;0;0;0;5.3599;5.8901;0;0;0;0;0;0;0;0;0;0;0;0;0;1;1;1;1;0;0;0;0;0;0;0;0;0;0;0;0;0;0;0;0;0;0;0;0;0;0;0;0;0;0;0;0;0;0;0;0;0;0;0;1;1;1;1;1;1;1;1;1;1;1;1;1;1;1;1;1;1;1;0;0;0;0;0;0;0;0;0;0.0004;0.088;-0.0884;0;0;0;0;0;0;0;0;0;0;0;0;0;0;0;0;0;0;0;-5.3599;0;0;0;0;0.0004;0;0;0;0;0;0;0;-0.0004;-0.0884;0;0;0;0;0;0;0;0;0;-0.7452;0;0.7452;1;1;0;0;0;0
21/09/21 00:00;0;0;90;0;0;90;0;0;0;0;4.6998;6.19;0;0;0;0;0;0;0;0;0;0;0;0;0;1;1;1;1;0;0;0;0;0;0;0;0;0;0;0;0;0;0;0;0;0;0;0;0;0;0;0;0;0;0;0;0;0;0;0;0;0;0;0;1;1;1;1;1;1;1;1;1;1;1;1;1;1;1;1;1;1;1;0;0;0;0;0;0;0;0;0;0.0004;0.088;-0.0884;0;0;0;0;0;0;0;0;0;0;0;0;0;0;0;0;0;0;0;-4.6998;0;0;0;0;0.0004;0;0;0;0;0;0;0;-0.0004;-0.0884;0;0;0;0;0;0;0;0;0;-0.7452;0;0.7452;1;1;0;0;0;0
21/09/21 01:00;0;0;90;0;0;90;0;0;0;0;3.7399;6.71;0;0;0;0;0;0;0;0;0;0;0;0;0;1;1;1;1;0;0;0;0;0;0;0;0;0;0;0;0;0;0;0;0;0;0;0;0;0;0;0;0;0;0;0;0;0;0;0;0;0;0;0;1;1;1;1;1;1;1;1;1;1;1;1;1;1;1;1;1;1;1;0;0;0;0;0;0;0;0;0;0.0004;0.088;-0.0884;0;0;0;0;0;0;0;0;0;0;0;0;0;0;0;0;0;0;0;-3.7399;0;0;0;0;0.0004;0;0;0;0;0;0;0;-0.0004;-0.0884;0;0;0;0;0;0;0;0;0;-0.7452;0;0.7452;1;1;0;0;0;0
21/09/21 02:00;0;0;90;0;0;90;0;0;0;0;2.7401;6.5;0;0;0;0;0;0;0;0;0;0;0;0;0;1;1;1;1;0;0;0;0;0;0;0;0;0;0;0;0;0;0;0;0;0;0;0;0;0;0;0;0;0;0;0;0;0;0;0;0;0;0;0;1;1;1;1;1;1;1;1;1;1;1;1;1;1;1;1;1;1;1;0;0;0;0;0;0;0;0;0;0.0004;0.088;-0.0884;0;0;0;0;0;0;0;0;0;0;0;0;0;0;0;0;0;0;0;-2.7401;0;0;0;0;0.0004;0;0;0;0;0;0;0;-0.0004;-0.0884;0;0;0;0;0;0;0;0;0;-0.7452;0;0.7452;1;1;0;0;0;0
21/09/21 03:00;0;0;90;0;0;90;0;0;0;0;2.9003;6.32;0;0;0;0;0;0;0;0;0;0;0;0;0;1;1;1;1;0;0;0;0;0;0;0;0;0;0;0;0;0;0;0;0;0;0;0;0;0;0;0;0;0;0;0;0;0;0;0;0;0;0;0;1;1;1;1;1;1;1;1;1;1;1;1;1;1;1;1;1;1;1;0;0;0;0;0;0;0;0;0;0.0004;0.088;-0.0884;0;0;0;0;0;0;0;0;0;0;0;0;0;0;0;0;0;0;0;-2.9003;0;0;0;0;0.0004;0;0;0;0;0;0;0;-0.0004;-0.0884;0;0;0;0;0;0;0;0;0;-0.7452;0;0.7452;1;1;0;0;0;0
21/09/21 04:00;0;0;90;0;0;90;0;0;0;0;3;6.34;0;0;0;0;0;0;0;0;0;0;0;0;0;1;1;1;1;0;0;0;0;0;0;0;0;0;0;0;0;0;0;0;0;0;0;0;0;0;0;0;0;0;0;0;0;0;0;0;0;0;0;0;1;1;1;1;1;1;1;1;1;1;1;1;1;1;1;1;1;1;1;0;0;0;0;0;0;0;0;0;0.0004;0.088;-0.0884;0;0;0;0;0;0;0;0;0;0;0;0;0;0;0;0;0;0;0;-3;0;0;0;0;0.0004;0;0;0;0;0;0;0;-0.0004;-0.0884;0;0;0;0;0;0;0;0;0;-0.7452;0;0.7452;1;1;0;0;0;0
21/09/21 05:00;0.7428;-88.858;88.198;0.7429;1.0591;-90;-1.0591;0;0;0;3.1901;6.2999;0;0;0;0;0;0;0;0;0;0;0;0;0;1;1;1;1;0;0;0;0;0;0;0;0;0;0;0;0;0;0;0;0;0;0;0;0;0;0;0;0;0;0;0;0;0;0;0;0;0;0;0;1;1;1;1;1;1;1;1;1;1;1;1;1;1;1;1;1;1;1;0;0;0;0;0;0;0;0;0;0.0004;0.088;-0.0884;0;0;0;0;0;0;0;0;0;0;0;0;0;0;0;0;0;0;0;-3.1901;0;0;0;0;0.0004;0;0;0;0;0;0;0;-0.0004;-0.0884;0;0;0;0;0;0;0;0;0;-0.7452;0;0.7452;1;1;0;0;0;0
21/09/21 06:00;7.6787;-83.929;71.091;7.7214;11.296;-90;-11.296;42.507;39.898;2.609;3.3098;6.59;0;6.3276;38.944;1.39;0;0.0782;46.74;0;46.74;6.3276;1.39;38.944;0.0782;0.1354;0.8349;0;0.0017;46.331;0.409;0;0;0.3441;0.0649;43.756;2.4822;0.767;0.1685;1.5437;0.003;46.238;0.0927;0.0127;0.0028;0.0772;0;43.77;5.548;1.2187;36.979;0.0103;23.439;19.032;6.7414;0.018;0.261;3.7551;0.0134;3.9982;0;1;0;0;1.0996;0.9912;1;1;0.9912;0.1698;0.9463;0.8785;1;0.9599;0.7755;0.998;0.998;1;0.998;0.998;0.9362;0.9495;0.1314;0.133;0.1327;0.0008;0.0126;-0.0095;0.0009;0.0032;0.0007;0;0;0.088;0.0277;0;0;0;0;0;0;0;0;0;0;0;0;0.0026;0.0001;0.1213;0.1213;0;5.4524;5.4524;2.1426;0.049;111.57;1087.5;1;0.0057;0.0057;0;0;0;0;0;0;0.1157;0.0277;0;17.154;19.864;3.9144;4.5328;95.343;95.343;1.1218;1.0233;0.2335;0.0985;0.7898;0.0878;0.704;0.2082;23.423;0.1963;0
21/09/21 07:00;19.724;-74.708;35.064;20.389;37.279;-90;-37.279;121.8;115.3;6.5001;3.7798;6.9299;0;15.765;102.05;3.9621;0;2.3639;124.14;0;124.14;15.765;3.9621;102.05;2.3639;0.127;0.8411;0;0.019;115.65;8.4893;0;0;6.3559;2.1333;112.23;3.191;0.0629;0.0158;3.0853;0.027;115.42;0.2313;0.0315;0.0079;0.1914;0.0005;112.99;15.67;3.9383;92.421;0.2031;71.097;57.731;22.211;3.2649;0.886;12.745;0.7556;10.366;0;1;0;0;1.0193;0.9316;1;1;0.9377;0.0975;0.9724;0.996;1;0.9677;0.8826;0.998;0.998;1;0.998;0.998;0.9041;0.9056;0.0859;0.3533;0.3488;0.0021;0.017;-0.0198;0.0024;0.0087;0.0024;0;0;0.088;0.2325;0;0;0;0;0;0;0;0;0;0;0;0;0.007;0.0005;0.3286;0.3286;0;9.2349;9.2349;5.4551;0.0486;296.44;1108.3;1;0.008;0.008;0;0;0;0;0;0;0.3205;0.2325;0;17.489;20.251;12.378;14.333;97.56;97.56;2.9795;2.7708;1.9611;0.2087;0.8097;0.07;0.2718;0.6582;71.057;0.6112;0
21/09/21 08:00;31.199;-63.977;22.042;33.977;56.023;-90;-56.023;207.11;194.1;13.009;5.12;6.9901;0;23.277;148.49;6.4162;0;8.6793;186.86;0;186.86;23.277;6.4162;148.49;8.6793;0.1246;0.8411;0;0.0464;161.93;24.931;0;0;16.843;8.0888;157.05;4.5608;0.0177;0.0049;4.5109;0.0273;161.61;0.3239;0.0466;0.0128;0.2633;0.0012;160.47;23.213;6.3985;126.87;0.5621;127.96;103.9;43.143;19.454;2.2712;32.67;3.4246;15.488;0;1;0;0;0.9023;0.8666;1;1;0.8866;0.068;0.9718;0.9992;1;0.9657;0.9536;0.998;0.998;1;0.998;0.998;0.8404;0.8544;0.0648;0.5318;0.5246;0.0032;0.0171;-0.0229;0.0037;0.0131;0.0062;0;0;0.088;0.3951;0;0;0;0;0;0;0;0;0;0;0;0;0.0105;0.0009;0.4928;0.4928;0;12.752;12.752;7.632;0.0486;445.98;1105;1;0.0097;0.0097;0;0;0;0;0;0;0.4831;0.3951;0;17.427;20.18;13.971;16.179;98.028;98.028;4.4847;4.156;3.3319;0.3288;0.8241;0.0733;0.1838;0.7429;123.55;0.6569;0
21/09/21 09:00;41.521;-50.403;28.504;48.967;41.033;-90;-41.033;761.4;125.6;635.8;6.8098;7.04;0;842.86;32.437;117.48;0;17.77;1010.6;0;1010.6;842.86;117.48;32.437;17.77;0.8341;0.0497;0;0.0176;991.95;18.599;0;0;2.3388;16.261;987.93;2.0426;0.8282;0.1154;0.9738;0.1252;989.97;1.9839;1.6857;0.235;0.0602;0.003;992.69;840.35;117.13;29.064;1.3809;353.7;287.2;107.77;1.4464;3.6229;52.113;4.7594;54.29;0;1;0;0;1.3272;0.9816;1;1;0.9279;0.0849;0.9979;0.999;1;0.9676;0.9169;0.998;0.998;1;0.998;0.998;0.9776;0.896;0.0777;2.8759;2.9445;0.0177;0.0009;0.3206;0.0182;0.0647;0.0088;0;0;0.088;2.3114;0;0;0;0;0;0;0;0;0;0;0;0;0.0521;0.0198;2.4417;2.4417;0;56.104;56.104;49.294;0.0499;2535.5;963;1;0.0423;0.0423;0;0;0;0;0;0;2.3994;2.3114;0;15.966;18.489;15.114;17.502;98.266;98.266;24.253;20.591;19.492;3.6621;1.0992;0.151;0.0453;0.8037;23.309;0.7738;0
21/09/21 10:00;49.663;-32.299;33.17;65.594;24.406;-90;-24.406;772.5;134.9;637.59;8.8799;7.22;0;700.16;49.572;91.157;0;6.5577;847.44;0;847.44;700.16;91.157;49.572;6.5577;0.8262;0.0662;0;0.0077;840.3;7.1488;0;0;1.5761;5.5727;834.53;4.0851;2.0195;0.2629;1.6018;0.2009;838.62;1.6806;1.4003;0.1823;0.096;0.002;836.18;696.74;90.712;46.298;0.7821;427.46;347.1;130.89;0.3657;4.2468;61.089;1.6479;64.97;0;1;0;0;1.097;0.9916;1;1;0.9682;0.1502;0.9951;0.9971;1;0.9666;0.7956;0.998;0.998;1;0.998;0.998;0.9848;0.934;0.1193;2.4118;2.5147;0.0151;-0.0019;0.223;0.0159;0.0566;0.0105;0;0;0.088;2.0119;0;0;0;0;0;0;0;0;0;0;0;0;0.0456;0.0147;2.1352;2.1352;0;50.322;50.322;41.442;0.0497;2165.4;986.05;1;0.0353;0.0353;0;0;0;0;0;0;2.0999;2.0119;0;16.649;19.28;15.688;18.166;98.346;98.346;20.339;18.007;16.967;2.332;1.04;0.1147;0.0511;0.8342;31.532;0.7915;0
21/09/21 11:00;54.03;-8.9369;35.467;83.567;6.4326;-90;-6.4326;623.7;315.6;308.1;10.58;7.29;0;310.05;226.5;88.946;0;0.373;625.87;0;625.87;310.05;88.946;226.5;0.373;0.4954;0.3625;0;0.0006;624.77;1.1004;0;0;0.7901;0.3103;612.15;11.367;1.31;0.3758;9.6667;0.014;623.52;1.2495;0.6201;0.1779;0.4514;0.0001;612.2;308.12;88.393;215.59;0.0486;367.57;298.46;108.76;0.0098;3.8785;55.79;0.047;59.659;0;1;0;0;1.0035;0.9982;1;1;0.9965;0.1682;0.9818;0.9958;1;0.9571;0.7763;0.998;0.998;1;0.998;0.998;0.9781;0.9518;0.1303;1.7812;1.8633;0.0112;0.0009;0.1029;0.0122;0.0434;0.0099;0;0;0.088;1.525;0;0;0;0;0;0;0;0;0;0;0;0;0.035;0.0083;1.6394;1.6394;0;40.76;40.76;30.18;0.0493;1600.5;1024.3;1;0.0264;0.0264;0;0;0;0;0;0;1.613;1.525;0;17.309;20.043;16.101;18.645;98.391;98.391;15.021;13.825;12.861;1.1955;0.9645;0.0796;0.0642;0.8562;134.79;0.8026;0
21/09/21 12:00;53.215;16.452;35.051;78.044;11.956;90;11.956;819.01;153.1;665.91;12.04;7.2401;0;680.67;58.808;95.725;0;1.6879;836.89;0;836.89;680.67;95.725;58.808;1.6879;0.8133;0.0723;0;0.002;834.91;1.9785;0;0;0.5739;1.4046;827.79;5.4599;2.7105;0.3812;2.3045;0.0637;833.25;1.6698;1.3613;0.1914;0.1165;0.0006;828.13;676.6;95.152;55.814;0.219;476.43;386.86;144.59;0.0339;4.7932;68.949;0.3437;73.708;0;1;0;0;1.0218;0.9976;1;1;0.9902;0.1678;0.9934;0.996;1;0.9603;0.7747;0.998;0.998;1;0.998;0.998;0.9891;0.9491;0.1298;2.3817;2.5074;0.0151;-0.002;0.2486;0.0157;0.0558;0.0117;0;0;0.088;1.9807;0;0;0;0;0;0;0;0;0;0;0;0;0.0449;0.0146;2.103;2.103;0;53.246;53.246;41.206;0.0498;2159.1;974.02;1;0.0343;0.0343;0;0;0;0;0;0;2.0687;1.9807;0;16.605;19.228;15.64;18.11;98.37;98.37;20.085;17.735;16.704;2.3504;1.0311;0.117;0.0513;0.8316;35.436;0.7833;0
21/09/21 13:00;47.521;38.335;31.987;60.406;29.594;90;29.594;803.91;133.2;670.71;13.33;7.4199;0;771.33;41.211;102.48;0;9.963;924.99;0;924.99;771.33;102.48;41.211;9.963;0.8339;0.0553;0;0.0108;914.48;10.505;0;0;1.7893;8.7155;909.23;3.4253;1.6921;0.2248;1.2838;0.2246;912.65;1.829;1.5427;0.205;0.0788;0.0025;911.89;768.1;102.05;38.059;1.0205;428.38;347.84;131.63;0.5977;4.241;61.005;2.6591;64.648;0;1;0;0;1.1506;0.9886;1;1;0.9566;0.1252;0.9962;0.9978;1;0.9674;0.8196;0.998;0.998;1;0.998;0.998;0.983;0.9235;0.1024;2.6324;2.7312;0.0164;-0.0011;0.3244;0.0167;0.0594;0.0101;0;0;0.088;2.115;0;0;0;0;0;0;0;0;0;0;0;0;0.0478;0.0172;2.2402;2.2402;0;58.795;58.795;45.465;0.05;2352.3;952.34;1;0.0372;0.0372;0;0;0;0;0;0;2.203;2.115;0;16.003;18.532;15.109;17.496;98.341;98.341;22.2;18.892;17.836;3.3081;1.0556;0.149;0.0475;0.8034;27.087;0.7656;0
21/09/21 14:00;38.576;54.899;26.714;44.272;45.728;90;45.728;451.7;288.5;163.2;13.6;7.51;0;233.79;197.79;79.573;0;12.957;524.1;0;524.1;233.79;79.573;197.79;12.957;0.4461;0.4021;0;0.0247;495.3;28.796;0;0;16.763;12.034;488.07;6.2464;0.2153;0.0733;5.9041;0.0537;494.31;0.9906;0.4676;0.1591;0.362;0.0018;492.05;233.1;79.341;174.76;0.8674;238.36;193.55;75.148;12.769;3.0444;43.793;3.9858;34.068;0;1;0;0;1.1603;0.9451;1;1;0.9152;0.0712;0.9874;0.9991;1;0.9673;0.9417;0.998;0.998;1;0.998;0.998;0.9312;0.8836;0.0669;1.4915;1.4955;0.009;0.0052;0.0665;0.0099;0.0351;0.0079;0;0;0.088;1.2192;0;0;0;0;0;0;0;0;0;0;0;0;0.0283;0.0055;1.3281;1.3281;0;37.622;37.622;24.023;0.0492;1284.9;1033.6;1;0.0209;0.0209;0;0;0;0;0;0;1.3072;1.2192;0;16.745;19.39;15.372;17.801;98.43;98.43;12.578;11.2;10.282;1.3785;0.918;0.1096;0.073;0.8174;148.19;0.7693;0
21/09/21 15:00;27.823;67.447;19.83;29.746;60;90;60;246.41;220;26.41;13.27;7.21;0;53.227;158.13;18.457;0;11.704;241.52;0;241.52;53.227;18.457;158.13;11.704;0.2204;0.7032;0;0.0485;210.69;30.83;0;0;19.88;10.95;205.29;4.9824;0.0364;0.0126;4.882;0.0514;210.27;0.4214;0.1065;0.0369;0.2765;0.0015;209.76;53.085;18.407;133.09;0.702;143.82;116.78;49.43;26.44;2.789;40.118;4.4688;16.468;0;1;0;0;0.9802;0.8724;1;1;0.8743;0.0645;0.9763;0.9993;1;0.9646;0.9318;0.998;0.998;1;0.998;0.998;0.85;0.8417;0.06;0.6873;0.6805;0.0041;0.016;-0.0041;0.0047;0.0165;0.0074;0;0;0.088;0.5223;0;0;0;0;0;0;0;0;0;0;0;0;0.0133;0.0013;0.6212;0.6212;0;23.312;23.312;10.042;0.0489;579.97;1071.1;1;0.011;0.011;0;0;0;0;0;0;0.6103;0.5223;0;16.997;19.682;14.289;16.547;98.236;98.236;5.7965;5.2389;4.4044;0.5576;0.8345;0.0962;0.144;0.7598;137.66;0.6758;0
21/09/21 16:00;16.128;77.602;47.647;16.492;27.019;90;27.019;244.81;127.7;117.11;13.08;5.77;0;284.03;83.285;96.053;0;2.5384;465.9;0;465.9;284.03;96.053;83.285;2.5384;0.6096;0.1842;0;0.0054;460.58;5.3198;0;0;3.1267;2.1931;452.65;7.0122;3.2192;1.0887;2.6373;0.067;459.66;0.9212;0.5681;0.1921;0.1603;0.0007;452.92;280.24;94.773;77.36;0.2776;54.591;44.328;16.463;0.8764;0.6127;8.8138;0.269;8.5501;0;1;0;0;1.9031;0.9886;1;1;0.9625;0.136;0.9847;0.9886;1;0.967;0.8055;0.998;0.998;1;0.998;0.998;0.9716;0.9289;0.1093;1.3259;1.3135;0.0079;0.0077;0.0479;0.0087;0.031;0.0016;0;0;0.088;1.0724;0;0;0;0;0;0;0;0;0;0;0;0;0.025;0.0044;1.1792;1.1792;0;35.325;35.325;22.245;0.0491;1130.5;1043;1;0.0188;0.0188;0;0;0;0;0;0;1.1604;1.0724;0;16.725;19.367;15.21;17.613;98.407;98.407;11.182;9.9443;9.0438;1.2374;0.9005;0.1107;0.0805;0.8088;53.823;0.7975;0
21/09/21 17:00;5.0077;85.843;77.778;5.0208;7.2337;90;7.2337;30.005;29.501;0.5037;10.98;4.2101;0;1.2215;29.259;0.3037;0;0.0227;30.807;0;30.807;1.2215;0.3037;29.259;0.0227;0.0397;0.9505;0;0.0007;30.664;0.143;0;0;0.1241;0.0189;28.985;1.6177;0.3056;0.076;1.2352;0.0008;30.603;0.0613;0.0024;0.0006;0.0583;0;28.988;0.9134;0.2271;27.842;0.0029;17.439;14.161;4.993;0.0022;0.195;2.8049;0.0027;2.9977;0;1;0;0;1.0267;0.9954;1;1;0.9958;0.1673;0.9471;0.7493;1;0.9575;0.7756;0.998;0.998;1;0.998;0.998;0.9409;0.9516;0.1295;0.0877;0.0886;0.0005;0.0105;-0.0041;0.0006;0.002;0.0005;0;0;0.088;-0.0152;0;0;0;0;0;0;0;0;0;0;0;0;0.0016;0.0001;0.0768;0.0768;0;12.416;12.416;1.4357;0.0495;73.936;1039.2;1;0.004;0.004;0;0;0;0;0;0;0.0728;-0.0152;0;16.48;19.084;-3.2584;-3.7732;94.761;94.761;0.7394;0.648;-0.1281;0.0914;0.7761;0.1236;1.0496;0;17.436;0;0
21/09/21 18:00;0;0;90;0;0;90;0;0;0;0;9.6902;4.25;0;0;0;0;0;0;0;0;0;0;0;0;0;1;1;1;1;0;0;0;0;0;0;0;0;0;0;0;0;0;0;0;0;0;0;0;0;0;0;0;0;0;0;0;0;0;0;0;0;0;0;0;1;1;1;1;1;1;1;1;1;1;1;1;1;1;1;1;1;1;1;0;0;0;0;0;0;0;0;0;0.0004;0.088;-0.0884;0;0;0;0;0;0;0;0;0;0;0;0;0;0;0;0;0;0;0;-9.6902;0;0;0;0;0.0004;0;0;0;0;0;0;0;-0.0004;-0.0884;0;0;0;0;0;0;0;0;0;-0.7452;0;0.7452;1;1;0;0;0;0
21/09/21 19:00;0;0;90;0;0;90;0;0;0;0;8.1899;4.12;0;0;0;0;0;0;0;0;0;0;0;0;0;1;1;1;1;0;0;0;0;0;0;0;0;0;0;0;0;0;0;0;0;0;0;0;0;0;0;0;0;0;0;0;0;0;0;0;0;0;0;0;1;1;1;1;1;1;1;1;1;1;1;1;1;1;1;1;1;1;1;0;0;0;0;0;0;0;0;0;0.0004;0.088;-0.0884;0;0;0;0;0;0;0;0;0;0;0;0;0;0;0;0;0;0;0;-8.1899;0;0;0;0;0.0004;0;0;0;0;0;0;0;-0.0004;-0.0884;0;0;0;0;0;0;0;0;0;-0.7452;0;0.7452;1;1;0;0;0;0
21/09/21 20:00;0;0;90;0;0;90;0;0;0;0;8.5003;3.7401;0;0;0;0;0;0;0;0;0;0;0;0;0;1;1;1;1;0;0;0;0;0;0;0;0;0;0;0;0;0;0;0;0;0;0;0;0;0;0;0;0;0;0;0;0;0;0;0;0;0;0;0;1;1;1;1;1;1;1;1;1;1;1;1;1;1;1;1;1;1;1;0;0;0;0;0;0;0;0;0;0.0004;0.088;-0.0884;0;0;0;0;0;0;0;0;0;0;0;0;0;0;0;0;0;0;0;-8.5003;0;0;0;0;0.0004;0;0;0;0;0;0;0;-0.0004;-0.0884;0;0;0;0;0;0;0;0;0;-0.7452;0;0.7452;1;1;0;0;0;0
21/09/21 21:00;0;0;90;0;0;90;0;0;0;0;8.0702;3.47;0;0;0;0;0;0;0;0;0;0;0;0;0;1;1;1;1;0;0;0;0;0;0;0;0;0;0;0;0;0;0;0;0;0;0;0;0;0;0;0;0;0;0;0;0;0;0;0;0;0;0;0;1;1;1;1;1;1;1;1;1;1;1;1;1;1;1;1;1;1;1;0;0;0;0;0;0;0;0;0;0.0004;0.088;-0.0884;0;0;0;0;0;0;0;0;0;0;0;0;0;0;0;0;0;0;0;-8.0702;0;0;0;0;0.0004;0;0;0;0;0;0;0;-0.0004;-0.0884;0;0;0;0;0;0;0;0;0;-0.7452;0;0.7452;1;1;0;0;0;0
21/09/21 22:00;0;0;90;0;0;90;0;0;0;0;6.9002;3.39;0;0;0;0;0;0;0;0;0;0;0;0;0;1;1;1;1;0;0;0;0;0;0;0;0;0;0;0;0;0;0;0;0;0;0;0;0;0;0;0;0;0;0;0;0;0;0;0;0;0;0;0;1;1;1;1;1;1;1;1;1;1;1;1;1;1;1;1;1;1;1;0;0;0;0;0;0;0;0;0;0.0004;0.088;-0.0884;0;0;0;0;0;0;0;0;0;0;0;0;0;0;0;0;0;0;0;-6.9002;0;0;0;0;0.0004;0;0;0;0;0;0;0;-0.0004;-0.0884;0;0;0;0;0;0;0;0;0;-0.7452;0;0.7452;1;1;0;0;0;0
21/09/21 23:00;0;0;90;0;0;90;0;0;0;0;4.86;3.21;0;0;0;0;0;0;0;0;0;0;0;0;0;1;1;1;1;0;0;0;0;0;0;0;0;0;0;0;0;0;0;0;0;0;0;0;0;0;0;0;0;0;0;0;0;0;0;0;0;0;0;0;1;1;1;1;1;1;1;1;1;1;1;1;1;1;1;1;1;1;1;0;0;0;0;0;0;0;0;0;0.0004;0.088;-0.0884;0;0;0;0;0;0;0;0;0;0;0;0;0;0;0;0;0;0;0;-4.86;0;0;0;0;0.0004;0;0;0;0;0;0;0;-0.0004;-0.0884;0;0;0;0;0;0;0;0;0;-0.7452;0;0.7452;1;1;0;0;0;0
22/09/21 00:00;0;0;90;0;0;90;0;0;0;0;4.0397;3.0399;0;0;0;0;0;0;0;0;0;0;0;0;0;1;1;1;1;0;0;0;0;0;0;0;0;0;0;0;0;0;0;0;0;0;0;0;0;0;0;0;0;0;0;0;0;0;0;0;0;0;0;0;1;1;1;1;1;1;1;1;1;1;1;1;1;1;1;1;1;1;1;0;0;0;0;0;0;0;0;0;0.0004;0.088;-0.0884;0;0;0;0;0;0;0;0;0;0;0;0;0;0;0;0;0;0;0;-4.0397;0;0;0;0;0.0004;0;0;0;0;0;0;0;-0.0004;-0.0884;0;0;0;0;0;0;0;0;0;-0.7452;0;0.7452;1;1;0;0;0;0
22/09/21 01:00;0;0;90;0;0;90;0;0;0;0;2.6802;2.9301;0;0;0;0;0;0;0;0;0;0;0;0;0;1;1;1;1;0;0;0;0;0;0;0;0;0;0;0;0;0;0;0;0;0;0;0;0;0;0;0;0;0;0;0;0;0;0;0;0;0;0;0;1;1;1;1;1;1;1;1;1;1;1;1;1;1;1;1;1;1;1;0;0;0;0;0;0;0;0;0;0.0004;0.088;-0.0884;0;0;0;0;0;0;0;0;0;0;0;0;0;0;0;0;0;0;0;-2.6802;0;0;0;0;0.0004;0;0;0;0;0;0;0;-0.0004;-0.0884;0;0;0;0;0;0;0;0;0;-0.7452;0;0.7452;1;1;0;0;0;0
22/09/21 02:00;0;0;90;0;0;90;0;0;0;0;1.1998;2.82;0;0;0;0;0;0;0;0;0;0;0;0;0;1;1;1;1;0;0;0;0;0;0;0;0;0;0;0;0;0;0;0;0;0;0;0;0;0;0;0;0;0;0;0;0;0;0;0;0;0;0;0;1;1;1;1;1;1;1;1;1;1;1;1;1;1;1;1;1;1;1;0;0;0;0;0;0;0;0;0;0.0004;0.088;-0.0884;0;0;0;0;0;0;0;0;0;0;0;0;0;0;0;0;0;0;0;-1.1998;0;0;0;0;0.0004;0;0;0;0;0;0;0;-0.0004;-0.0884;0;0;0;0;0;0;0;0;0;-0.7452;0;0.7452;1;1;0;0;0;0
22/09/21 03:00;0;0;90;0;0;90;0;0;0;0;0.8003;2.6201;0;0;0;0;0;0;0;0;0;0;0;0;0;1;1;1;1;0;0;0;0;0;0;0;0;0;0;0;0;0;0;0;0;0;0;0;0;0;0;0;0;0;0;0;0;0;0;0;0;0;0;0;1;1;1;1;1;1;1;1;1;1;1;1;1;1;1;1;1;1;1;0;0;0;0;0;0;0;0;0;0.0004;0.088;-0.0884;0;0;0;0;0;0;0;0;0;0;0;0;0;0;0;0;0;0;0;-0.8003;0;0;0;0;0.0004;0;0;0;0;0;0;0;-0.0004;-0.0884;0;0;0;0;0;0;0;0;0;-0.7452;0;0.7452;1;1;0;0;0;0
22/09/21 04:00;0;0;90;0;0;90;0;0;0;0;0.67;2.42;0;0;0;0;0;0;0;0;0;0;0;0;0;1;1;1;1;0;0;0;0;0;0;0;0;0;0;0;0;0;0;0;0;0;0;0;0;0;0;0;0;0;0;0;0;0;0;0;0;0;0;0;1;1;1;1;1;1;1;1;1;1;1;1;1;1;1;1;1;1;1;0;0;0;0;0;0;0;0;0;0.0004;0.088;-0.0884;0;0;0;0;0;0;0;0;0;0;0;0;0;0;0;0;0;0;0;-0.67;0;0;0;0;0.0004;0;0;0;0;0;0;0;-0.0004;-0.0884;0;0;0;0;0;0;0;0;0;-0.7452;0;0.7452;1;1;0;0;0;0
22/09/21 05:00;1.0415;-89.124;87.473;1.0416;1.4853;-90;-1.4853;0;0;0;1.4298;2.18;0;0;0;0;0;0;0;0;0;0;0;0;0;1;1;1;1;0;0;0;0;0;0;0;0;0;0;0;0;0;0;0;0;0;0;0;0;0;0;0;0;0;0;0;0;0;0;0;0;0;0;0;1;1;1;1;1;1;1;1;1;1;1;1;1;1;1;1;1;1;1;0;0;0;0;0;0;0;0;0;0.0004;0.088;-0.0884;0;0;0;0;0;0;0;0;0;0;0;0;0;0;0;0;0;0;0;-1.4298;0;0;0;0;0.0004;0;0;0;0;0;0;0;-0.0004;-0.0884;0;0;0;0;0;0;0;0;0;-0.7452;0;0.7452;1;1;0;0;0;0
22/09/21 06:00;7.9793;-84.194;70.326;8.0199;11.758;-90;-11.758;70.598;45;25.598;4.3102;2.58;0;62.081;38.491;14.797;0;0.1407;115.51;0;115.51;62.081;14.797;38.491;0.1407;0.5375;0.3344;0;0.0012;115.03;0.4806;0;0;0.3638;0.1168;104.68;10.121;6.9459;1.6555;1.5137;0.0054;114.8;0.2301;0.1242;0.0296;0.0763;0;104.69;55.011;13.112;36.537;0.0185;23.336;18.949;6.7398;0.0206;0.2583;3.715;0.0147;3.9527;0;1;0;0;1.6362;0.9958;1;1;0.9905;0.1699;0.9118;0.8879;1;0.9602;0.7755;0.998;0.998;1;0.998;0.998;0.9062;0.9492;0.1315;0.3287;0.307;0.0018;0.0166;-0.0173;0.0021;0.0076;0.0007;0;0;0.088;0.1933;0;0;0;0;0;0;0;0;0;0;0;0;0.0061;0.0004;0.2889;0.2889;0;9.4024;9.4024;5.0921;0.0486;261.32;1105.6;1;0.0076;0.0076;0;0;0;0;0;0;0.2813;0.1933;0;16.528;19.139;11.061;12.808;97.379;97.379;2.7722;2.4365;1.6305;0.3358;0.806;0.1211;0.2907;0.5882;23.181;0.5743;0
22/09/21 07:00;20.035;-74.975;33.81;20.685;38.262;-90;-38.262;319.2;53.302;265.89;6.51;3.62;0;644.87;20.428;73.767;0;6.5138;745.58;0;745.58;644.87;73.767;20.428;6.5138;0.8649;0.0361;0;0.0087;738.35;7.2278;0;0;1.3247;5.9031;733.85;3.0231;2.1008;0.2403;0.6163;0.0657;736.87;1.4767;1.2897;0.1475;0.0382;0.0012;734.01;641.48;73.38;18.449;0.5437;15.791;12.822;5.1629;0.7161;0.1813;2.6073;0.1619;2.0725;0;1;0;0;2.3358;0.9903;1;1;0.9352;0.0938;0.9959;0.9967;1;0.9677;0.8922;0.998;0.998;1;0.998;0.998;0.9843;0.9031;0.0835;2.1218;2.1053;0.0127;-0.001;0.1305;0.0137;0.0487;0.0005;0;0;0.088;1.732;0;0;0;0;0;0;0;0;0;0;0;0;0.0393;0.0105;1.8504;1.8504;0;42.732;42.732;36.222;0.0494;1812.5;1020.9;1;0.0304;0.0304;0;0;0;0;0;0;1.82;1.732;0;16.4;18.991;15.351;17.776;98.359;98.359;17.894;15.605;14.606;2.2892;0.9981;0.1279;0.0558;0.8163;14.339;0.8142;0
22/09/21 08:00;31.53;-64.239;21.743;34.264;55.736;-90;-55.736;518.6;86.103;432.5;8.9298;4.04;0;768.2;26.372;92.997;0;21.53;909.1;0;909.1;768.2;92.997;26.372;21.53;0.845;0.0527;0;0.0237;886.07;23.034;0;0;2.9691;20.065;882.78;1.5124;0.5758;0.0697;0.8004;0.0665;884.3;1.7721;1.5364;0.186;0.0468;0.0029;886.86;766.09;92.741;22.556;1.3956;153.38;124.54;45.205;3.3981;1.8506;26.62;4.0785;25.073;0;1;0;0;1.753;0.9747;1;1;0.8874;0.068;0.9983;0.9992;1;0.9657;0.9545;0.998;0.998;1;0.998;0.998;0.9711;0.8553;0.0648;2.5872;2.5907;0.0156;-0.0017;0.253;0.0163;0.0577;0.0045;0;0;0.088;2.059;0;0;0;0;0;0;0;0;0;0;0;0;0.0465;0.0156;2.1833;2.1833;0;52.858;52.858;43.928;0.0498;2234.4;977.13;1;0.0363;0.0363;0;0;0;0;0;0;2.147;2.059;0;15.87;18.377;14.966;17.33;98.337;98.337;21.818;18.412;17.364;3.4064;1.0484;0.1561;0.0481;0.7958;21.873;0.7788;0
22/09/21 09:00;41.881;-50.637;28.178;49.23;40.77;-90;-40.77;695.1;114.6;580.5;10.92;3.9099;0;766.5;36.317;96.744;0;16.024;915.59;0;915.59;766.5;96.744;36.317;16.024;0.8372;0.0572;0;0.0175;898.34;17.248;0;0;2.5939;14.654;894.5;2.0454;0.7445;0.094;1.0908;0.116;896.54;1.7967;1.533;0.1935;0.0674;0.0027;898.81;764.22;96.456;32.565;1.2517;325.61;264.4;99.319;1.5833;3.3449;48.115;4.3142;49.876;0;1;0;0;1.3172;0.9812;1;1;0.9286;0.0855;0.9977;0.999;1;0.9676;0.9152;0.998;0.998;1;0.998;0.998;0.977;0.8967;0.0781;2.6057;2.6679;0.0161;-0.0014;0.2858;0.0166;0.0588;0.0081;0;0;0.088;2.0953;0;0;0;0;0;0;0;0;0;0;0;0;0.0473;0.0165;2.2202;2.2202;0;55.529;55.529;44.609;0.0499;2299.2;965.66;1;0.037;0.037;0;0;0;0;0;0;2.1833;2.0953;0;16.024;18.555;15.122;17.511;98.335;98.335;21.974;18.724;17.67;3.2505;1.0539;0.1479;0.048;0.8041;26.039;0.7737;0
22/09/21 10:00;50.053;-32.436;32.814;65.81;24.19;-90;-24.19;844.89;139.4;705.49;12.24;4.11;0;773.4;43.102;103.4;0;7.0478;926.95;0;926.95;773.4;103.4;43.102;7.0478;0.8344;0.0541;0;0.0076;919.61;7.3345;0;0;1.351;5.9835;913.82;3.9599;2.0699;0.2767;1.3952;0.218;917.78;1.8392;1.5468;0.2068;0.0835;0.0021;915.58;769.79;102.91;40.272;0.8442;467.44;379.56;143.15;0.3084;4.6367;66.697;1.7636;71.025;0;1;0;0;1.0971;0.9921;1;1;0.9687;0.151;0.9957;0.9973;1;0.9665;0.7947;0.998;0.998;1;0.998;0.998;0.9858;0.9343;0.1198;2.638;2.7531;0.0166;-0.0009;0.3181;0.0169;0.0601;0.0111;0;0;0.088;2.1396;0;0;0;0;0;0;0;0;0;0;0;0;0.0484;0.0174;2.2654;2.2654;0;57.901;57.901;45.661;0.05;2370.6;955.64;1;0.0379;0.0379;0;0;0;0;0;0;2.2276;2.1396;0;16.15;18.701;15.253;17.662;98.329;98.329;22.247;19.105;18.043;3.142;1.0614;0.1412;0.0477;0.8111;27.382;0.7696;0
22/09/21 11:00;54.427;-8.8658;35.085;83.71;6.2903;-90;-6.2903;787.5;174.1;613.4;13.96;4.51;0;617.11;77.333;97.12;0;0.4504;792.02;0;792.02;617.11;97.12;77.333;0.4504;0.7792;0.0982;0;0.0006;791.38;0.6349;0;0;0.2602;0.3747;783.62;6.1819;2.4697;0.3887;3.3066;0.0169;789.8;1.5828;1.2342;0.1942;0.1541;0.0002;783.68;613.41;96.537;73.612;0.0587;462.89;375.87;138.87;0.0031;4.7598;68.467;0.0596;73.224;0;1;0;0;1.0057;0.9992;1;1;0.9966;0.1681;0.9922;0.996;1;0.957;0.7764;0.998;0.998;1;0.998;0.998;0.9894;0.9519;0.1302;2.254;2.3793;0.0143;-0.002;0.2337;0.0149;0.053;0.0117;0;0;0.088;1.8775;0;0;0;0;0;0;0;0;0;0;0;0;0.0427;0.0132;1.9978;1.9978;0;52.96;52.96;39;0.0498;2048.6;975.19;1;0.0323;0.0323;0;0;0;0;0;0;1.9655;1.8775;0;16.668;19.301;15.665;18.139;98.385;98.385;19.008;16.848;15.833;2.1608;1.0142;0.1137;0.0534;0.833;46.011;0.7823;0
22/09/21 12:00;53.571;16.754;34.654;77.99;12.01;90;12.01;381.1;346.6;34.501;14.83;4.8401;0;35.273;332;11.172;0;0.7925;379.24;0;379.24;35.273;11.172;332;0.7925;0.093;0.8775;0;0.0021;375.31;3.9239;0;0;3.2644;0.6595;361.36;13.202;0.1323;0.0419;12.997;0.0299;374.56;0.7506;0.0705;0.0223;0.6575;0.0003;361.51;35.07;11.108;315.08;0.1028;226.46;183.88;65.618;0.1922;2.4918;35.844;0.1539;38.144;0;1;0;0;0.9951;0.9897;1;1;0.9902;0.1678;0.9648;0.9962;1;0.9604;0.7747;0.998;0.998;1;0.998;0.998;0.9529;0.949;0.1298;1.0793;1.1061;0.0067;0.0107;0.0297;0.0074;0.0263;0.0065;0;0;0.088;0.8904;0;0;0;0;0;0;0;0;0;0;0;0;0.0212;0.0032;0.9945;0.9945;0;32.571;32.571;17.741;0.0491;948.51;1048.4;1;0.0161;0.0161;0;0;0;0;0;0;0.9784;0.8904;0;17.328;20.065;15.514;17.965;98.382;98.382;9.1017;8.3864;7.5086;0.7153;0.8778;0.0786;0.0964;0.825;200.09;0.7705;0
22/09/21 13:00;47.809;38.746;31.588;60.433;29.568;90;29.568;313.39;296.6;16.797;14.34;4.9301;0;19.312;272.66;5.684;0;3.8771;301.54;0;301.54;19.312;5.684;272.66;3.8771;0.064;0.9171;0;0.0129;286.32;15.212;0;0;11.821;3.3912;277.12;8.6321;0.0379;0.0111;8.4955;0.0875;285.75;0.5726;0.0386;0.0114;0.5217;0.001;278.3;19.235;5.6615;251.82;0.3974;190.67;154.82;57.704;3.9267;2.1831;31.403;1.1801;29.659;0;1;0;0;0.9622;0.9496;1;1;0.9566;0.1253;0.9698;0.998;1;0.9674;0.8195;0.998;0.998;1;0.998;0.998;0.919;0.9236;0.1025;0.8581;0.8591;0.0052;0.0141;0.0089;0.0058;0.0206;0.0058;0;0;0.088;0.679;0;0;0;0;0;0;0;0;0;0;0;0;0.0166;0.002;0.7801;0.7801;0;27.917;27.917;13.576;0.049;734.33;1062.4;1;0.0131;0.0131;0;0;0;0;0;0;0.767;0.679;0;17.096;19.797;14.881;17.231;98.321;98.321;7.2369;6.5789;5.7263;0.6579;0.8526;0.0909;0.1178;0.7913;179.18;0.734;0
22/09/21 14:00;38.803;55.321;26.322;44.358;45.642;90;45.642;688.2;116.2;572;14.9;4.7799;0;818.16;32.467;111.55;0;19.67;981.84;0;981.84;818.16;111.55;32.467;19.67;0.8333;0.0531;0;0.02;960.83;21.011;0;0;2.7441;18.267;957.01;1.895;0.7424;0.1012;0.9692;0.0822;958.91;1.9217;1.6363;0.2231;0.0594;0.0028;961.74;815.78;111.22;28.694;1.3188;292.83;237.78;88.881;2.0869;3.0798;44.302;4.73;45.294;0;1;0;0;1.4267;0.9786;1;1;0.9155;0.0714;0.998;0.9991;1;0.9673;0.9413;0.998;0.998;1;0.998;0.998;0.9747;0.8838;0.067;2.7942;2.8404;0.0171;-0.0002;0.3791;0.0171;0.0607;0.0072;0;0;0.088;2.1659;0;0;0;0;0;0;0;0;0;0;0;0;0.0489;0.0185;2.292;2.292;0;62.917;62.917;48.017;0.0502;2446.4;936.86;1;0.0381;0.0381;0;0;0;0;0;0;2.2539;2.1659;0;15.425;17.862;14.577;16.88;98.339;98.339;23.564;19.328;18.265;4.2358;1.0632;0.1798;0.0451;0.7751;24.306;0.7498;0
22/09/21 15:00;28.008;67.847;19.446;29.868;60;90;60;215.1;202;13.096;14.7;4.35;0;26.296;148.39;8.3166;0;10.217;193.22;0;193.22;26.296;8.3166;148.39;10.217;0.1361;0.8209;0;0.0529;165.01;28.214;0;0;18.656;9.5581;160.03;4.6494;0.0176;0.0056;4.5813;0.0448;164.68;0.33;0.0526;0.0166;0.2595;0.0013;164.13;26.226;8.2944;124.9;0.6128;132.22;107.36;45.555;24.811;2.5896;37.25;4.1001;15.029;0;1;0;0;0.8983;0.854;1;1;0.8743;0.0645;0.9718;0.9993;1;0.9646;0.9318;0.998;0.998;1;0.998;0.998;0.8282;0.8417;0.06;0.5499;0.5442;0.0033;0.017;-0.0048;0.0037;0.0131;0.0069;0;0;0.088;0.3962;0;0;0;0;0;0;0;0;0;0;0;0;0.0106;0.0009;0.4935;0.4935;0;22.54;22.54;7.8396;0.049;463.12;1065.6;1;0.0093;0.0093;0;0;0;0;0;0;0.4842;0.3962;0;16.878;19.544;13.549;15.689;98.108;98.108;4.6374;4.1619;3.3411;0.4754;0.8209;0.1025;0.177;0.7205;129.19;0.6296;0
22/09/21 16:00;16.288;77.983;47.139;16.633;27.332;90;27.332;99.705;97.597;2.1074;14.5;2.7899;0;5.1111;91.64;1.3076;0;1.0575;99.116;0;99.116;5.1111;1.3076;91.64;1.0575;0.0516;0.9352;0;0.0107;94.697;4.4194;0;0;3.5044;0.915;91.514;2.9939;0.0564;0.0144;2.8956;0.0274;94.508;0.1894;0.0102;0.0026;0.1763;0.0003;91.819;5.0444;1.2906;85.064;0.1148;59.354;48.195;17.79;1.0036;0.6766;9.7325;0.3049;9.4055;0;1;0;0;0.9941;0.9554;1;1;0.9618;0.1347;0.9683;0.9889;1;0.9671;0.807;0.998;0.998;1;0.998;0.998;0.9233;0.9282;0.1085;0.2821;0.2822;0.0017;0.0163;-0.0062;0.0019;0.0067;0.0018;0;0;0.088;0.1594;0;0;0;0;0;0;0;0;0;0;0;0;0.0054;0.0003;0.2543;0.2543;0;18.994;18.994;4.494;0.0491;240.01;1059.4;1;0.0068;0.0068;0;0;0;0;0;0;0.2474;0.1594;0;16.952;19.629;10.629;12.308;97.309;97.309;2.3788;2.1442;1.3444;0.2345;0.7998;0.0986;0.3362;0.5652;59.341;0.5265;0
22/09/21 17:00;5.1579;86.214;77.406;5.1691;7.4523;90;7.4523;10.607;10.603;0.0039;13.9;2.3999;0;0.0093;10.558;0.0008;0;0.0085;10.577;0;10.577;0.0093;0.0008;10.558;0.0085;0.0009;0.999;0;0.0008;10.523;0.0541;0;0;0.047;0.0071;10.055;0.4471;0.0022;0.0002;0.4444;0.0003;10.502;0.021;0;0;0.021;0;10.056;0.0071;0.0006;10.046;0.0011;6.2945;5.1111;1.8023;0.0009;0.0704;1.0124;0.0011;1.0818;0;1;0;0;0.9971;0.9949;1;1;0.9955;0.1674;0.9574;0.7593;1;0.9576;0.7756;0.998;0.998;1;0.998;0.998;0.9506;0.9515;0.1295;0.0301;0.0308;0.0002;0.0061;-0.0011;0.0002;0.0006;0.0002;0;0;0.088;-0.0664;0;0;0;0;0;0;0;0;0;0;0;0;0.0005;0;0.0241;0.0241;0;14.409;14.409;0.5086;0.0506;24.592;981.34;1;0.0025;0.0025;0;0;0;0;0;0;0.0216;-0.0664;0;15.077;17.459;-41.466;-48.017;89.617;89.617;0.2538;0.2035;-0.5597;0.0503;0.7632;0.1983;3.0067;0;6.2944;0;0
22/09/21 18:00;0;0;90;0;0;90;0;0;0;0;12.47;2.2201;0;0;0;0;0;0;0;0;0;0;0;0;0;1;1;1;1;0;0;0;0;0;0;0;0;0;0;0;0;0;0;0;0;0;0;0;0;0;0;0;0;0;0;0;0;0;0;0;0;0;0;0;1;1;1;1;1;1;1;1;1;1;1;1;1;1;1;1;1;1;1;0;0;0;0;0;0;0;0;0;0.0004;0.088;-0.0884;0;0;0;0;0;0;0;0;0;0;0;0;0;0;0;0;0;0;0;-12.47;0;0;0;0;0.0004;0;0;0;0;0;0;0;-0.0004;-0.0884;0;0;0;0;0;0;0;0;0;-0.7452;0;0.7452;1;1;0;0;0;0
22/09/21 19:00;0;0;90;0;0;90;0;0;0;0;10.92;1.9001;0;0;0;0;0;0;0;0;0;0;0;0;0;1;1;1;1;0;0;0;0;0;0;0;0;0;0;0;0;0;0;0;0;0;0;0;0;0;0;0;0;0;0;0;0;0;0;0;0;0;0;0;1;1;1;1;1;1;1;1;1;1;1;1;1;1;1;1;1;1;1;0;0;0;0;0;0;0;0;0;0.0004;0.088;-0.0884;0;0;0;0;0;0;0;0;0;0;0;0;0;0;0;0;0;0;0;-10.92;0;0;0;0;0.0004;0;0;0;0;0;0;0;-0.0004;-0.0884;0;0;0;0;0;0;0;0;0;-0.7452;0;0.7452;1;1;0;0;0;0
22/09/21 20:00;0;0;90;0;0;90;0;0;0;0;7.4799;1.5801;0;0;0;0;0;0;0;0;0;0;0;0;0;1;1;1;1;0;0;0;0;0;0;0;0;0;0;0;0;0;0;0;0;0;0;0;0;0;0;0;0;0;0;0;0;0;0;0;0;0;0;0;1;1;1;1;1;1;1;1;1;1;1;1;1;1;1;1;1;1;1;0;0;0;0;0;0;0;0;0;0.0004;0.088;-0.0884;0;0;0;0;0;0;0;0;0;0;0;0;0;0;0;0;0;0;0;-7.4799;0;0;0;0;0.0004;0;0;0;0;0;0;0;-0.0004;-0.0884;0;0;0;0;0;0;0;0;0;-0.7452;0;0.7452;1;1;0;0;0;0
22/09/21 21:00;0;0;90;0;0;90;0;0;0;0;6.1902;1.38;0;0;0;0;0;0;0;0;0;0;0;0;0;1;1;1;1;0;0;0;0;0;0;0;0;0;0;0;0;0;0;0;0;0;0;0;0;0;0;0;0;0;0;0;0;0;0;0;0;0;0;0;1;1;1;1;1;1;1;1;1;1;1;1;1;1;1;1;1;1;1;0;0;0;0;0;0;0;0;0;0.0004;0.088;-0.0884;0;0;0;0;0;0;0;0;0;0;0;0;0;0;0;0;0;0;0;-6.1902;0;0;0;0;0.0004;0;0;0;0;0;0;0;-0.0004;-0.0884;0;0;0;0;0;0;0;0;0;-0.7452;0;0.7452;1;1;0;0;0;0
22/09/21 22:00;0;0;90;0;0;90;0;0;0;0;5.0501;1.3699;0;0;0;0;0;0;0;0;0;0;0;0;0;1;1;1;1;0;0;0;0;0;0;0;0;0;0;0;0;0;0;0;0;0;0;0;0;0;0;0;0;0;0;0;0;0;0;0;0;0;0;0;1;1;1;1;1;1;1;1;1;1;1;1;1;1;1;1;1;1;1;0;0;0;0;0;0;0;0;0;0.0004;0.088;-0.0884;0;0;0;0;0;0;0;0;0;0;0;0;0;0;0;0;0;0;0;-5.0501;0;0;0;0;0.0004;0;0;0;0;0;0;0;-0.0004;-0.0884;0;0;0;0;0;0;0;0;0;-0.7452;0;0.7452;1;1;0;0;0;0
22/09/21 23:00;0;0;90;0;0;90;0;0;0;0;4.7098;1.38;0;0;0;0;0;0;0;0;0;0;0;0;0;1;1;1;1;0;0;0;0;0;0;0;0;0;0;0;0;0;0;0;0;0;0;0;0;0;0;0;0;0;0;0;0;0;0;0;0;0;0;0;1;1;1;1;1;1;1;1;1;1;1;1;1;1;1;1;1;1;1;0;0;0;0;0;0;0;0;0;0.0004;0.088;-0.0884;0;0;0;0;0;0;0;0;0;0;0;0;0;0;0;0;0;0;0;-4.7098;0;0;0;0;0.0004;0;0;0;0;0;0;0;-0.0004;-0.0884;0;0;0;0;0;0;0;0;0;-0.7452;0;0.7452;1;1;0;0;0;0
23/09/21 00:00;0;0;90;0;0;90;0;0;0;0;4.4499;1.33;0;0;0;0;0;0;0;0;0;0;0;0;0;1;1;1;1;0;0;0;0;0;0;0;0;0;0;0;0;0;0;0;0;0;0;0;0;0;0;0;0;0;0;0;0;0;0;0;0;0;0;0;1;1;1;1;1;1;1;1;1;1;1;1;1;1;1;1;1;1;1;0;0;0;0;0;0;0;0;0;0.0004;0.088;-0.0884;0;0;0;0;0;0;0;0;0;0;0;0;0;0;0;0;0;0;0;-4.4499;0;0;0;0;0.0004;0;0;0;0;0;0;0;-0.0004;-0.0884;0;0;0;0;0;0;0;0;0;-0.7452;0;0.7452;1;1;0;0;0;0
23/09/21 01:00;0;0;90;0;0;90;0;0;0;0;3.7399;1.3599;0;0;0;0;0;0;0;0;0;0;0;0;0;1;1;1;1;0;0;0;0;0;0;0;0;0;0;0;0;0;0;0;0;0;0;0;0;0;0;0;0;0;0;0;0;0;0;0;0;0;0;0;1;1;1;1;1;1;1;1;1;1;1;1;1;1;1;1;1;1;1;0;0;0;0;0;0;0;0;0;0.0004;0.088;-0.0884;0;0;0;0;0;0;0;0;0;0;0;0;0;0;0;0;0;0;0;-3.7399;0;0;0;0;0.0004;0;0;0;0;0;0;0;-0.0004;-0.0884;0;0;0;0;0;0;0;0;0;-0.7452;0;0.7452;1;1;0;0;0;0
23/09/21 02:00;0;0;90;0;0;90;0;0;0;0;3.0299;1.4;0;0;0;0;0;0;0;0;0;0;0;0;0;1;1;1;1;0;0;0;0;0;0;0;0;0;0;0;0;0;0;0;0;0;0;0;0;0;0;0;0;0;0;0;0;0;0;0;0;0;0;0;1;1;1;1;1;1;1;1;1;1;1;1;1;1;1;1;1;1;1;0;0;0;0;0;0;0;0;0;0.0004;0.088;-0.0884;0;0;0;0;0;0;0;0;0;0;0;0;0;0;0;0;0;0;0;-3.0299;0;0;0;0;0.0004;0;0;0;0;0;0;0;-0.0004;-0.0884;0;0;0;0;0;0;0;0;0;-0.7452;0;0.7452;1;1;0;0;0;0
23/09/21 03:00;0;0;90;0;0;90;0;0;0;0;4.3801;1.49;0;0;0;0;0;0;0;0;0;0;0;0;0;1;1;1;1;0;0;0;0;0;0;0;0;0;0;0;0;0;0;0;0;0;0;0;0;0;0;0;0;0;0;0;0;0;0;0;0;0;0;0;1;1;1;1;1;1;1;1;1;1;1;1;1;1;1;1;1;1;1;0;0;0;0;0;0;0;0;0;0.0004;0.088;-0.0884;0;0;0;0;0;0;0;0;0;0;0;0;0;0;0;0;0;0;0;-4.3801;0;0;0;0;0.0004;0;0;0;0;0;0;0;-0.0004;-0.0884;0;0;0;0;0;0;0;0;0;-0.7452;0;0.7452;1;1;0;0;0;0
23/09/21 04:00;0;0;90;0;0;90;0;0;0;0;3.46;1.62;0;0;0;0;0;0;0;0;0;0;0;0;0;1;1;1;1;0;0;0;0;0;0;0;0;0;0;0;0;0;0;0;0;0;0;0;0;0;0;0;0;0;0;0;0;0;0;0;0;0;0;0;1;1;1;1;1;1;1;1;1;1;1;1;1;1;1;1;1;1;1;0;0;0;0;0;0;0;0;0;0.0004;0.088;-0.0884;0;0;0;0;0;0;0;0;0;0;0;0;0;0;0;0;0;0;0;-3.46;0;0;0;0;0.0004;0;0;0;0;0;0;0;-0.0004;-0.0884;0;0;0;0;0;0;0;0;0;-0.7452;0;0.7452;1;1;0;0;0;0
23/09/21 05:00;1.1356;-89.533;87.245;1.1356;1.6195;-90;-1.6195;0;0;0;1.7303;1.8201;0;0;0;0;0;0;0;0;0;0;0;0;0;1;1;1;1;0;0;0;0;0;0;0;0;0;0;0;0;0;0;0;0;0;0;0;0;0;0;0;0;0;0;0;0;0;0;0;0;0;0;0;1;1;1;1;1;1;1;1;1;1;1;1;1;1;1;1;1;1;1;0;0;0;0;0;0;0;0;0;0.0004;0.088;-0.0884;0;0;0;0;0;0;0;0;0;0;0;0;0;0;0;0;0;0;0;-1.7303;0;0;0;0;0.0004;0;0;0;0;0;0;0;-0.0004;-0.0884;0;0;0;0;0;0;0;0;0;-0.7452;0;0.7452;1;1;0;0;0;0
23/09/21 06:00;8.2796;-84.461;69.558;8.3179;12.222;-90;-12.222;79.193;41.302;37.891;2.9801;2.2399;0;91.897;32.939;19.368;0;0.1705;144.37;0;144.37;91.897;19.368;32.939;0.1705;0.6365;0.2293;0;0.0012;143.9;0.4738;0;0;0.3323;0.1415;130.86;12.752;9.4659;1.995;1.2849;0.0065;143.61;0.2878;0.1838;0.0387;0.0652;0.0001;130.87;82.247;17.334;31.256;0.0224;20.088;16.312;5.8211;0.0204;0.2212;3.1824;0.014;3.3833;0;1;0;0;1.8231;0.9967;1;1;0.9899;0.1699;0.9112;0.8968;1;0.9605;0.7755;0.998;0.998;1;0.998;0.998;0.9064;0.9489;0.1315;0.4109;0.3808;0.0023;0.0171;-0.0215;0.0027;0.0095;0.0006;0;0;0.088;0.2654;0;0;0;0;0;0;0;0;0;0;0;0;0.0077;0.0005;0.3619;0.3619;0;9.3317;9.3317;6.3517;0.0485;324.77;1114.3;1;0.0084;0.0084;0;0;0;0;0;0;0.3534;0.2654;0;16.563;19.179;12.149;14.069;97.671;97.671;3.465;3.0517;2.2385;0.4132;0.8132;0.1193;0.2347;0.646;19.863;0.6356;0
23/09/21 07:00;20.346;-75.243;32.518;20.98;39.288;-90;-39.288;206.4;138.5;67.902;4.9498;2.0099;0;164.68;105.22;48.206;0;4.4319;322.54;0;322.54;164.68;48.206;105.22;4.4319;0.5106;0.34;0;0.0137;311.4;11.142;0;0;7.1081;4.0335;307.03;3.7405;0.4123;0.1207;3.1688;0.0387;310.77;0.6228;0.3294;0.0964;0.1962;0.0008;307.93;163.94;47.989;94.745;0.359;74.926;60.84;23.67;4.0304;0.955;13.737;0.8944;10.661;0;1;0;0;1.5627;0.9655;1;1;0.9324;0.0899;0.988;0.9975;1;0.9676;0.9026;0.998;0.998;1;0.998;0.998;0.9519;0.9005;0.081;0.9179;0.9085;0.0055;0.0134;-0.0164;0.0063;0.0225;0.0026;0;0;0.088;0.7516;0;0;0;0;0;0;0;0;0;0;0;0;0.0181;0.0022;0.8542;0.8542;0;19.881;19.881;14.932;0.0486;777.6;1098.6;1;0.0146;0.0146;0;0;0;0;0;0;0.8396;0.7516;0;17.501;20.266;15.399;17.832;98.289;98.289;7.7409;7.204;6.3386;0.5369;0.8653;0.0694;0.1118;0.8188;74.496;0.7935;0
23/09/21 08:00;31.86;-64.504;21.444;34.549;55.451;-90;-55.451;358.6;210;148.59;7.6401;2.0601;0;262.02;130.51;76.602;0;14.747;483.88;0;483.88;262.02;76.602;130.51;14.747;0.5415;0.3002;0;0.0305;455.55;28.328;0;0;14.585;13.743;450.39;4.2521;0.1937;0.0566;3.957;0.0448;454.64;0.9111;0.524;0.1532;0.2318;0.002;454.59;261.3;76.392;111.74;0.957;161;130.73;51.861;16.492;2.4962;35.907;4.201;21.911;0;1;0;0;1.3494;0.9415;1;1;0.8882;0.0681;0.9906;0.9993;1;0.9658;0.9553;0.998;0.998;1;0.998;0.998;0.9308;0.8562;0.0649;1.3771;1.3725;0.0083;0.0069;0.0225;0.0093;0.0331;0.0066;0;0;0.088;1.1461;0;0;0;0;0;0;0;0;0;0;0;0;0.0267;0.0047;1.2543;1.2543;0;29.672;29.672;22.032;0.0489;1177.8;1065;1;0.0203;0.0203;0;0;0;0;0;0;1.2341;1.1461;0;17.129;19.835;15.651;18.123;98.385;98.385;11.613;10.578;9.6649;1.0353;0.9129;0.0891;0.0786;0.8322;107.91;0.7884;0
23/09/21 09:00;42.24;-50.874;27.851;49.491;40.509;-90;-40.509;727.8;120.1;607.7;10.44;2.81;0;799.29;35.487;104.93;0;16.573;956.28;0;956.28;799.29;104.93;35.487;16.573;0.8358;0.0544;0;0.0173;938.62;17.656;0;0;2.5109;15.145;934.69;2.0579;0.7674;0.1007;1.0665;0.1233;936.75;1.8772;1.5986;0.2099;0.066;0.0029;939.11;796.92;104.62;31.844;1.3013;341.86;277.59;105.52;1.5137;3.4213;49.215;4.425;51.122;0;1;0;0;1.3139;0.9815;1;1;0.9292;0.0861;0.9978;0.999;1;0.9676;0.9135;0.998;0.998;1;0.998;0.998;0.9774;0.8973;0.0785;2.7215;2.7855;0.0168;-0.0007;0.3138;0.0172;0.061;0.0082;0;0;0.088;2.1753;0;0;0;0;0;0;0;0;0;0;0;0;0.0491;0.0179;2.3022;2.3022;0;57.114;57.114;46.674;0.0499;2399.8;959.31;1;0.0388;0.0388;0;0;0;0;0;0;2.2633;2.1753;0;15.908;18.421;15.032;17.406;98.313;98.313;22.951;19.414;18.345;3.5363;1.0696;0.1541;0.0466;0.7993;25.387;0.7697;0
23/09/21 10:00;50.443;-32.575;32.457;66.024;23.976;-90;-23.976;810.2;133.5;676.7;14.55;3.2699;0;740.6;45.352;94.232;0;6.6413;886.83;0;886.83;740.6;94.232;45.352;6.6413;0.8351;0.0586;0;0.0075;879.79;7.0345;0;0;1.4015;5.633;874.3;3.7386;1.8278;0.2326;1.4707;0.2074;878.03;1.7596;1.4812;0.1885;0.0879;0.002;875.99;737.29;93.811;42.392;0.7988;449.04;364.62;135.75;0.3143;4.5702;65.74;1.6979;69.996;0;1;0;0;1.0946;0.9921;1;1;0.9691;0.1518;0.9957;0.9975;1;0.9665;0.7938;0.998;0.998;1;0.998;0.998;0.9859;0.9347;0.1203;2.5238;2.638;0.0159;-0.0016;0.3084;0.0162;0.0575;0.011;0;0;0.088;2.0448;0;0;0;0;0;0;0;0;0;0;0;0;0.0463;0.0161;2.1682;2.1682;0;58.248;58.248;43.699;0.05;2272;954.3;1;0.0355;0.0355;0;0;0;0;0;0;2.1328;2.0448;0;16.156;18.708;15.236;17.643;98.365;98.365;21.284;18.285;17.244;2.9991;1.0411;0.1409;0.0489;0.8102;28.776;0.7676;0
23/09/21 11:00;54.825;-8.794;34.702;83.85;6.1498;-90;-6.1498;717.1;242;475.1;16.66;3.64;0;477.85;138.24;103.96;0;0.392;720.44;0;720.44;477.85;103.96;138.24;0.392;0.6633;0.1924;0;0.0005;719.66;0.7747;0;0;0.4486;0.3262;710.09;8.1347;1.8056;0.3928;5.9215;0.0147;718.22;1.4393;0.9557;0.2079;0.2756;0.0001;710.14;475.09;103.36;131.59;0.051;421.97;342.64;125.97;0.0048;4.38;63.005;0.0493;67.38;0;1;0;0;1.0047;0.9989;1;1;0.9968;0.168;0.9887;0.9962;1;0.9569;0.7764;0.998;0.998;1;0.998;0.998;0.9856;0.9519;0.1302;2.0503;2.158;0.013;-0.0013;0.2049;0.0136;0.0482;0.0108;0;0;0.088;1.702;0;0;0;0;0;0;0;0;0;0;0;0;0.0388;0.011;1.819;1.819;0;51.979;51.979;35.319;0.0497;1857.4;979.3;1;0.029;0.029;0;0;0;0;0;0;1.79;1.702;0;16.684;19.32;15.611;18.077;98.408;98.408;17.29;15.34;14.353;1.9508;0.9863;0.1128;0.057;0.8301;82.23;0.7791;0
23/09/21 12:00;53.928;17.06;34.256;77.937;12.063;90;12.063;548.2;368.3;179.9;18.18;3.88;0;183.96;304.66;61.597;0;1.15;551.37;0;551.37;183.96;61.597;304.66;1.15;0.3336;0.5546;0;0.0021;547.4;3.9749;0;0;3.0179;0.957;533.48;12.824;0.6473;0.2167;11.916;0.0434;546.3;1.0948;0.3679;0.1232;0.6033;0.0004;533.71;182.95;61.257;289.12;0.1492;323.02;262.29;95.331;0.1793;3.4356;49.42;0.2283;52.676;0;1;0;0;1.0058;0.9928;1;1;0.9901;0.1678;0.9765;0.9965;1;0.9604;0.7747;0.998;0.998;1;0.998;0.998;0.9675;0.949;0.1298;1.5692;1.626;0.0098;0.0035;0.1123;0.0105;0.0372;0.0087;0;0;0.088;1.2978;0;0;0;0;0;0;0;0;0;0;0;0;0.03;0.0065;1.4074;1.4074;0;44.578;44.578;26.398;0.0495;1397.4;1007.1;1;0.0216;0.0216;0;0;0;0;0;0;1.3858;1.2978;0;16.867;19.532;15.554;18.011;98.463;98.463;13.233;11.869;10.945;1.3639;0.9245;0.1031;0.0699;0.8271;183.64;0.7751;0
23/09/21 13:00;48.096;39.162;31.189;60.46;29.54;90;29.54;446.31;353.7;92.61;18.27;3.9701;0;106.45;300.47;37.173;0;5.5116;449.6;0;449.6;106.45;37.173;300.47;5.5116;0.2368;0.6806;0;0.0123;431.77;17.828;0;0;13.008;4.8201;421.17;9.7362;0.1839;0.0642;9.3634;0.1247;430.91;0.8635;0.2129;0.0743;0.5749;0.0014;422.8;106.05;37.034;277.52;0.5653;263.44;213.92;79.987;4.3137;2.9273;42.109;1.6272;40.722;0;1;0;0;1.0074;0.9603;1;1;0.9567;0.1254;0.9774;0.9983;1;0.9674;0.8193;0.998;0.998;1;0.998;0.998;0.9368;0.9236;0.1026;1.2795;1.294;0.0078;0.008;0.0644;0.0085;0.0301;0.0075;0;0;0.088;1.0333;0;0;0;0;0;0;0;0;0;0;0;0;0.0243;0.0042;1.1392;1.1392;0;39.04;39.04;20.77;0.0493;1111.6;1024.8;1;0.0179;0.0179;0;0;0;0;0;0;1.1213;1.0333;0;16.743;19.388;15.186;17.585;98.428;98.428;10.79;9.6068;8.7137;1.1836;0.8931;0.1097;0.0828;0.8075;197.42;0.7546;0
23/09/21 14:00;39.029;55.745;25.929;44.443;45.557;90;45.557;449.8;294.5;155.3;19.69;3.88;0;221.8;204.99;76.222;0;12.811;515.81;0;515.81;221.8;76.222;204.99;12.811;0.43;0.4222;0;0.0248;486.64;29.173;0;0;17.278;11.895;479.23;6.4397;0.1982;0.0681;6.1193;0.054;485.67;0.9733;0.4436;0.1524;0.3754;0.0018;483.2;221.15;76.002;181.21;0.8601;239.73;194.66;75.664;13.063;3.0709;44.174;3.9763;34.182;0;1;0;0;1.1468;0.9434;1;1;0.9157;0.0715;0.9867;0.9991;1;0.9673;0.9409;0.998;0.998;1;0.998;0.998;0.9291;0.884;0.0671;1.468;1.471;0.0089;0.0055;0.0957;0.0095;0.0338;0.0078;0;0;0.088;1.1695;0;0;0;0;0;0;0;0;0;0;0;0;0.0272;0.0054;1.2772;1.2772;0;43.392;43.392;23.702;0.0495;1264.5;1010.1;1;0.0197;0.0197;0;0;0;0;0;0;1.2575;1.1695;0;16.362;18.947;14.982;17.349;98.457;98.457;12.38;10.771;9.8624;1.6088;0.9083;0.13;0.0734;0.7967;153.34;0.7487;0
23/09/21 15:00;28.193;68.249;19.063;29.99;60;90;60;508.51;100.9;407.61;20.04;3.4299;0;815.46;27.697;127.97;0;24.154;995.28;0;995.28;815.46;127.97;27.697;24.154;0.8193;0.0521;0;0.0243;969.2;26.078;0;0;3.482;22.596;965.68;1.5811;0.5359;0.0841;0.8551;0.106;967.26;1.9384;1.6309;0.2559;0.0484;0.0031;969.16;813.29;127.63;23.311;1.4487;108.6;88.18;34.63;4.6365;1.2847;18.48;3.4786;15.128;0;1;0;0;1.9573;0.9738;1;1;0.8743;0.0645;0.9984;0.9993;1;0.9646;0.9318;0.998;0.998;1;0.998;0.998;0.9703;0.8417;0.06;2.8325;2.8099;0.0169;-0.0005;0.4342;0.0165;0.0586;0.0029;0;0;0.088;2.0921;0;0;0;0;0;0;0;0;0;0;0;0;0.0472;0.0182;2.2158;2.2158;0;68.724;68.724;48.684;0.0504;2423.8;914.2;1;0.0357;0.0357;0;0;0;0;0;0;2.1801;2.0921;0;14.711;17.036;13.89;16.084;98.387;98.387;23.887;18.686;17.643;5.2005;1.0434;0.2177;0.0437;0.7386;24.112;0.7285;0
23/09/21 16:00;16.449;78.365;46.628;16.775;27.649;90;27.649;242.7;134.5;108.2;19.47;2.2201;0;262.4;91.214;91.593;0;2.6328;447.84;0;447.84;262.4;91.593;91.214;2.6328;0.5859;0.2096;0;0.0059;442.01;5.8344;0;0;3.5529;2.2815;434.38;6.7447;2.818;0.9836;2.876;0.0671;441.12;0.884;0.5248;0.1832;0.1753;0.0007;434.71;259.06;90.426;84.609;0.2835;59.899;48.638;17.597;1.0403;0.7078;10.181;0.3285;9.8487;0;1;0;0;1.8453;0.987;1;1;0.961;0.1334;0.9847;0.9892;1;0.9671;0.8087;0.998;0.998;1;0.998;0.998;0.9699;0.9276;0.1077;1.2745;1.2641;0.0076;0.0084;0.0715;0.0082;0.0292;0.0018;0;0;0.088;1.0044;0;0;0;0;0;0;0;0;0;0;0;0;0.0235;0.0041;1.1098;1.1098;0;40.922;40.922;21.451;0.0494;1088.8;1019.2;1;0.0174;0.0174;0;0;0;0;0;0;1.0924;1.0044;0;16.374;18.961;14.82;17.161;98.433;98.433;10.748;9.3587;8.47;1.3896;0.8887;0.1293;0.0827;0.788;59.184;0.7748;0
23/09/21 17:00;5.3084;86.586;77.034;5.3178;7.6718;90;7.6718;28.501;27.998;0.5031;18.77;2.33;0;1.2201;27.761;0.2713;0;0.0242;29.277;0;29.277;1.2201;0.2713;27.761;0.0242;0.0417;0.9491;0;0.0008;29.127;0.1498;0;0;0.1296;0.0202;27.559;1.5096;0.2813;0.0626;1.1648;0.0009;29.069;0.0583;0.0024;0.0005;0.0553;0;27.562;0.9363;0.2082;26.412;0.0031;16.56;13.447;4.743;0.0027;0.1851;2.6624;0.0031;2.8448;0;1;0;0;1.0272;0.9949;1;1;0.9953;0.1674;0.9481;0.7689;1;0.9578;0.7755;0.998;0.998;1;0.998;0.998;0.9413;0.9514;0.1296;0.0833;0.0842;0.0005;0.0102;-0.0015;0.0005;0.0019;0.0005;0;0;0.088;-0.0211;0;0;0;0;0;0;0;0;0;0;0;0;0.0015;0.0001;0.0706;0.0706;0;20.145;20.145;1.3749;0.0499;70.331;1003.4;1;0.0037;0.0037;0;0;0;0;0;0;0.0669;-0.0211;0;15.927;18.444;-4.7645;-5.5172;94.79;94.79;0.7026;0.5951;-0.178;0.1075;0.7731;0.1531;1.1003;0;16.557;0;0
23/09/21 18:00;0;0;90;0;0;90;0;0;0;0;13.35;2.59;0;0;0;0;0;0;0;0;0;0;0;0;0;1;1;1;1;0;0;0;0;0;0;0;0;0;0;0;0;0;0;0;0;0;0;0;0;0;0;0;0;0;0;0;0;0;0;0;0;0;0;0;1;1;1;1;1;1;1;1;1;1;1;1;1;1;1;1;1;1;1;0;0;0;0;0;0;0;0;0;0.0004;0.088;-0.0884;0;0;0;0;0;0;0;0;0;0;0;0;0;0;0;0;0;0;0;-13.35;0;0;0;0;0.0004;0;0;0;0;0;0;0;-0.0004;-0.0884;0;0;0;0;0;0;0;0;0;-0.7452;0;0.7452;1;1;0;0;0;0
23/09/21 19:00;0;0;90;0;0;90;0;0;0;0;9.6703;2.92;0;0;0;0;0;0;0;0;0;0;0;0;0;1;1;1;1;0;0;0;0;0;0;0;0;0;0;0;0;0;0;0;0;0;0;0;0;0;0;0;0;0;0;0;0;0;0;0;0;0;0;0;1;1;1;1;1;1;1;1;1;1;1;1;1;1;1;1;1;1;1;0;0;0;0;0;0;0;0;0;0.0004;0.088;-0.0884;0;0;0;0;0;0;0;0;0;0;0;0;0;0;0;0;0;0;0;-9.6703;0;0;0;0;0.0004;0;0;0;0;0;0;0;-0.0004;-0.0884;0;0;0;0;0;0;0;0;0;-0.7452;0;0.7452;1;1;0;0;0;0
23/09/21 20:00;0;0;90;0;0;90;0;0;0;0;9.3;3.1701;0;0;0;0;0;0;0;0;0;0;0;0;0;1;1;1;1;0;0;0;0;0;0;0;0;0;0;0;0;0;0;0;0;0;0;0;0;0;0;0;0;0;0;0;0;0;0;0;0;0;0;0;1;1;1;1;1;1;1;1;1;1;1;1;1;1;1;1;1;1;1;0;0;0;0;0;0;0;0;0;0.0004;0.088;-0.0884;0;0;0;0;0;0;0;0;0;0;0;0;0;0;0;0;0;0;0;-9.3;0;0;0;0;0.0004;0;0;0;0;0;0;0;-0.0004;-0.0884;0;0;0;0;0;0;0;0;0;-0.7452;0;0.7452;1;1;0;0;0;0
23/09/21 21:00;0;0;90;0;0;90;0;0;0;0;11.63;3.31;0;0;0;0;0;0;0;0;0;0;0;0;0;1;1;1;1;0;0;0;0;0;0;0;0;0;0;0;0;0;0;0;0;0;0;0;0;0;0;0;0;0;0;0;0;0;0;0;0;0;0;0;1;1;1;1;1;1;1;1;1;1;1;1;1;1;1;1;1;1;1;0;0;0;0;0;0;0;0;0;0.0004;0.088;-0.0884;0;0;0;0;0;0;0;0;0;0;0;0;0;0;0;0;0;0;0;-11.63;0;0;0;0;0.0004;0;0;0;0;0;0;0;-0.0004;-0.0884;0;0;0;0;0;0;0;0;0;-0.7452;0;0.7452;1;1;0;0;0;0
23/09/21 22:00;0;0;90;0;0;90;0;0;0;0;11.1;3.4;0;0;0;0;0;0;0;0;0;0;0;0;0;1;1;1;1;0;0;0;0;0;0;0;0;0;0;0;0;0;0;0;0;0;0;0;0;0;0;0;0;0;0;0;0;0;0;0;0;0;0;0;1;1;1;1;1;1;1;1;1;1;1;1;1;1;1;1;1;1;1;0;0;0;0;0;0;0;0;0;0.0004;0.088;-0.0884;0;0;0;0;0;0;0;0;0;0;0;0;0;0;0;0;0;0;0;-11.1;0;0;0;0;0.0004;0;0;0;0;0;0;0;-0.0004;-0.0884;0;0;0;0;0;0;0;0;0;-0.7452;0;0.7452;1;1;0;0;0;0
23/09/21 23:00;0;0;90;0;0;90;0;0;0;0;9.7999;3.5001;0;0;0;0;0;0;0;0;0;0;0;0;0;1;1;1;1;0;0;0;0;0;0;0;0;0;0;0;0;0;0;0;0;0;0;0;0;0;0;0;0;0;0;0;0;0;0;0;0;0;0;0;1;1;1;1;1;1;1;1;1;1;1;1;1;1;1;1;1;1;1;0;0;0;0;0;0;0;0;0;0.0004;0.088;-0.0884;0;0;0;0;0;0;0;0;0;0;0;0;0;0;0;0;0;0;0;-9.7999;0;0;0;0;0.0004;0;0;0;0;0;0;0;-0.0004;-0.0884;0;0;0;0;0;0;0;0;0;-0.7452;0;0.7452;1;1;0;0;0;0
24/09/21 00:00;0;0;90;0;0;90;0;0;0;0;9.1598;3.5999;0;0;0;0;0;0;0;0;0;0;0;0;0;1;1;1;1;0;0;0;0;0;0;0;0;0;0;0;0;0;0;0;0;0;0;0;0;0;0;0;0;0;0;0;0;0;0;0;0;0;0;0;1;1;1;1;1;1;1;1;1;1;1;1;1;1;1;1;1;1;1;0;0;0;0;0;0;0;0;0;0.0004;0.088;-0.0884;0;0;0;0;0;0;0;0;0;0;0;0;0;0;0;0;0;0;0;-9.1598;0;0;0;0;0.0004;0;0;0;0;0;0;0;-0.0004;-0.0884;0;0;0;0;0;0;0;0;0;-0.7452;0;0.7452;1;1;0;0;0;0
24/09/21 01:00;0;0;90;0;0;90;0;0;0;0;7.5497;3.72;0;0;0;0;0;0;0;0;0;0;0;0;0;1;1;1;1;0;0;0;0;0;0;0;0;0;0;0;0;0;0;0;0;0;0;0;0;0;0;0;0;0;0;0;0;0;0;0;0;0;0;0;1;1;1;1;1;1;1;1;1;1;1;1;1;1;1;1;1;1;1;0;0;0;0;0;0;0;0;0;0.0004;0.088;-0.0884;0;0;0;0;0;0;0;0;0;0;0;0;0;0;0;0;0;0;0;-7.5497;0;0;0;0;0.0004;0;0;0;0;0;0;0;-0.0004;-0.0884;0;0;0;0;0;0;0;0;0;-0.7452;0;0.7452;1;1;0;0;0;0
24/09/21 02:00;0;0;90;0;0;90;0;0;0;0;6.98;3.8201;0;0;0;0;0;0;0;0;0;0;0;0;0;1;1;1;1;0;0;0;0;0;0;0;0;0;0;0;0;0;0;0;0;0;0;0;0;0;0;0;0;0;0;0;0;0;0;0;0;0;0;0;1;1;1;1;1;1;1;1;1;1;1;1;1;1;1;1;1;1;1;0;0;0;0;0;0;0;0;0;0.0004;0.088;-0.0884;0;0;0;0;0;0;0;0;0;0;0;0;0;0;0;0;0;0;0;-6.98;0;0;0;0;0.0004;0;0;0;0;0;0;0;-0.0004;-0.0884;0;0;0;0;0;0;0;0;0;-0.7452;0;0.7452;1;1;0;0;0;0
24/09/21 03:00;0;0;90;0;0;90;0;0;0;0;6.52;3.88;0;0;0;0;0;0;0;0;0;0;0;0;0;1;1;1;1;0;0;0;0;0;0;0;0;0;0;0;0;0;0;0;0;0;0;0;0;0;0;0;0;0;0;0;0;0;0;0;0;0;0;0;1;1;1;1;1;1;1;1;1;1;1;1;1;1;1;1;1;1;1;0;0;0;0;0;0;0;0;0;0.0004;0.088;-0.0884;0;0;0;0;0;0;0;0;0;0;0;0;0;0;0;0;0;0;0;-6.52;0;0;0;0;0.0004;0;0;0;0;0;0;0;-0.0004;-0.0884;0;0;0;0;0;0;0;0;0;-0.7452;0;0.7452;1;1;0;0;0;0
24/09/21 04:00;0;0;90;0;0;90;0;0;0;0;8.0097;3.9001;0;0;0;0;0;0;0;0;0;0;0;0;0;1;1;1;1;0;0;0;0;0;0;0;0;0;0;0;0;0;0;0;0;0;0;0;0;0;0;0;0;0;0;0;0;0;0;0;0;0;0;0;1;1;1;1;1;1;1;1;1;1;1;1;1;1;1;1;1;1;1;0;0;0;0;0;0;0;0;0;0.0004;0.088;-0.0884;0;0;0;0;0;0;0;0;0;0;0;0;0;0;0;0;0;0;0;-8.0097;0;0;0;0;0.0004;0;0;0;0;0;0;0;-0.0004;-0.0884;0;0;0;0;0;0;0;0;0;-0.7452;0;0.7452;1;1;0;0;0;0
24/09/21 05:00;1.2293;-89.944;87.018;1.2293;1.7531;-90;-1.7531;0;0;0;8.4903;4.18;0;0;0;0;0;0;0;0;0;0;0;0;0;1;1;1;1;0;0;0;0;0;0;0;0;0;0;0;0;0;0;0;0;0;0;0;0;0;0;0;0;0;0;0;0;0;0;0;0;0;0;0;1;1;1;1;1;1;1;1;1;1;1;1;1;1;1;1;1;1;1;0;0;0;0;0;0;0;0;0;0.0004;0.088;-0.0884;0;0;0;0;0;0;0;0;0;0;0;0;0;0;0;0;0;0;0;-8.4903;0;0;0;0;0.0004;0;0;0;0;0;0;0;-0.0004;-0.0884;0;0;0;0;0;0;0;0;0;-0.7452;0;0.7452;1;1;0;0;0;0
24/09/21 06:00;8.5794;-84.728;68.789;8.6153;12.688;-90;-12.688;109.61;20.9;88.708;9.1099;5.3201;0;215.14;11.629;22.137;0;0.2543;249.16;0;249.16;215.14;22.137;11.629;0.2543;0.8635;0.0477;0;0.001;248.83;0.336;0;0;0.1249;0.2111;225.44;22.894;20.341;2.093;0.4499;0.0097;248.33;0.4977;0.4303;0.0443;0.023;0.0001;225.44;194.37;19.999;11.031;0.0334;7.5022;6.0917;2.2427;0.0083;0.0782;1.1249;0.0054;1.1948;0;1;0;0;2.2732;0.9987;1;1;0.9893;0.1699;0.9078;0.9053;1;0.9608;0.7756;0.998;0.998;1;0.998;0.998;0.9048;0.9486;0.1315;0.7091;0.6473;0.0039;0.0163;-0.0113;0.0045;0.0158;0.0002;0;0;0.088;0.5049;0;0;0;0;0;0;0;0;0;0;0;0;0.0128;0.0013;0.6038;0.6038;0;20.1;20.1;10.99;0.0487;554.62;1088.7;1;0.0109;0.0109;0;0;0;0;0;0;0.5929;0.5049;0;16.013;18.543;13.391;15.506;98.196;98.196;5.9799;5.092;4.258;0.8879;0.834;0.1485;0.1395;0.7121;7.0228;0.7097;0
24/09/21 07:00;20.655;-75.513;31.184;21.274;40.363;-90;-40.363;319;58.098;260.9;12.6;5.36;0;632.76;23.381;76.539;0;7.2138;739.89;0;739.89;632.76;76.539;23.381;7.2138;0.8552;0.0413;0;0.0097;731.66;8.2355;0;0;1.6455;6.59;728.21;1.9812;1.0918;0.1321;0.7029;0.0545;730.2;1.4633;1.2655;0.1531;0.0435;0.0012;728.43;630.4;76.254;20.989;0.5681;18.139;14.729;5.9447;0.9841;0.2178;3.1327;0.2135;2.3664;0;1;0;0;2.3194;0.9889;1;1;0.9296;0.0865;0.9973;0.9983;1;0.9676;0.9125;0.998;0.998;1;0.998;0.998;0.9842;0.8977;0.0787;2.1057;2.0904;0.0126;-0.0009;0.1742;0.0133;0.0473;0.0005;0;0;0.088;1.678;0;0;0;0;0;0;0;0;0;0;0;0;0.0381;0.0104;1.7948;1.7948;0;48.721;48.721;36.121;0.0496;1802.7;995.63;1;0.0288;0.0288;0;0;0;0;0;0;1.766;1.678;0;16.03;18.562;14.986;17.354;98.395;98.395;17.757;15.136;14.151;2.6214;0.9851;0.1476;0.0555;0.7969;16.706;0.7944;0
24/09/21 08:00;32.19;-64.772;21.144;34.832;55.168;-90;-55.168;524.6;88.298;436.3;14.58;6.03;0;763.87;27.643;92.985;0;21.371;905.87;0;905.87;763.87;92.985;27.643;21.371;0.8432;0.0541;0;0.0236;882.89;22.982;0;0;3.0663;19.916;879.6;1.5258;0.5568;0.0678;0.8373;0.0639;881.12;1.7658;1.5277;0.186;0.0492;0.0029;883.83;761.79;92.731;23.69;1.3885;160.63;130.43;46.765;3.4352;1.9675;28.302;4.2369;26.834;0;1;0;0;1.7268;0.9746;1;1;0.8891;0.0681;0.9983;0.9993;1;0.9659;0.956;0.998;0.998;1;0.998;0.998;0.971;0.857;0.065;2.578;2.5854;0.0156;-0.0018;0.3053;0.0159;0.0563;0.0047;0;0;0.088;2.0062;0;0;0;0;0;0;0;0;0;0;0;0;0.0453;0.0155;2.1286;2.1286;0;58.555;58.555;43.975;0.05;2230.2;954.46;1;0.0345;0.0345;0;0;0;0;0;0;2.0942;2.0062;0;15.528;17.981;14.634;16.946;98.379;98.379;21.741;17.951;16.918;3.7897;1.033;0.1743;0.0475;0.7782;22.784;0.7604;0
24/09/21 09:00;42.598;-51.114;27.524;49.75;40.25;-90;-40.25;696.29;114.9;581.39;18.63;7.3399;0;761.75;37.395;94.969;0;15.662;909.78;0;909.78;761.75;94.969;37.395;15.662;0.8373;0.0583;0;0.0172;892.85;16.924;0;0;2.621;14.303;889.01;2.0569;0.7227;0.0901;1.1244;0.1196;891.07;1.7857;1.5235;0.1899;0.0695;0.0027;893.2;759.51;94.689;33.58;1.2361;329.05;267.19;101.61;1.5599;3.2966;47.42;4.1945;49.157;0;1;0;0;1.3066;0.9814;1;1;0.9299;0.0867;0.9977;0.999;1;0.9676;0.9118;0.998;0.998;1;0.998;0.998;0.9772;0.898;0.0789;2.5892;2.6505;0.016;-0.0015;0.3576;0.0159;0.0566;0.0077;0;0;0.088;2.0141;0;0;0;0;0;0;0;0;0;0;0;0;0.0456;0.0163;2.1364;2.1364;0;63.247;63.247;44.617;0.0502;2284.1;935.37;1;0.0343;0.0343;0;0;0;0;0;0;2.1021;2.0141;0;15.518;17.969;14.629;16.94;98.395;98.395;21.835;18.017;16.986;3.8178;1.0313;0.1749;0.0472;0.7779;26.694;0.7487;0
24/09/21 10:00;50.832;-32.718;32.099;66.235;23.765;-90;-23.765;817.41;134.6;682.8;20.4;8.23;0;746.06;45.527;95.126;0;6.5844;893.3;0;893.3;746.06;95.126;45.527;6.5844;0.8352;0.0583;0;0.0074;886.33;6.9666;0;0;1.387;5.5796;880.97;3.5872;1.6856;0.2149;1.479;0.2076;884.56;1.7727;1.4921;0.1903;0.0883;0.002;882.65;742.89;94.721;42.572;0.7952;453.57;368.3;137.08;0.3057;4.6186;66.437;1.6791;70.75;0;1;0;0;1.0928;0.9922;1;1;0.9695;0.1526;0.9959;0.9977;1;0.9664;0.793;0.998;0.998;1;0.998;0.998;0.9862;0.9351;0.1208;2.5423;2.6584;0.016;-0.0015;0.3722;0.0159;0.0564;0.0108;0;0;0.088;2.0049;0;0;0;0;0;0;0;0;0;0;0;0;0.0454;0.0163;2.1268;2.1268;0;64.665;64.665;44.265;0.0502;2289;929.16;1;0.0339;0.0339;0;0;0;0;0;0;2.0929;2.0049;0;15.733;18.218;14.831;17.174;98.405;98.405;21.439;17.936;16.908;3.5035;1.0282;0.1634;0.048;0.7886;28.852;0.747;0
24/09/21 11:00;55.222;-8.7218;34.319;83.989;6.0113;-90;-6.0113;871.5;144.2;727.3;21.8;8.66;0;731.32;50.288;94.292;0;0.4553;876.35;0;876.35;731.32;94.292;50.288;0.4553;0.8345;0.0579;0;0.0005;875.82;0.5361;0;0;0.1573;0.3788;868.96;5.1101;2.5999;0.3352;2.1579;0.0171;874.07;1.7516;1.4626;0.1886;0.1003;0.0002;869.01;727.25;93.769;47.873;0.0592;512.23;415.93;156.71;0.0016;5.0692;72.919;0.0554;77.987;0;1;0;0;1.0056;0.9994;1;1;0.9969;0.1679;0.9942;0.9964;1;0.9569;0.7765;0.998;0.998;1;0.998;0.998;0.9916;0.952;0.1301;2.494;2.6324;0.0159;-0.0016;0.3766;0.0157;0.0556;0.0118;0;0;0.088;1.9764;0;0;0;0;0;0;0;0;0;0;0;0;0.0448;0.016;2.0976;2.0976;0;65.491;65.491;43.691;0.0503;2266;925.67;1;0.0332;0.0332;0;0;0;0;0;0;2.0644;1.9764;0;15.816;18.315;14.903;17.257;98.419;98.419;21.032;17.689;16.667;3.3434;1.0217;0.159;0.0486;0.7925;29.907;0.746;0
24/09/21 12:00;54.284;17.371;33.859;77.885;12.115;90;12.115;865.4;145;720.4;22.93;8.6701;0;736.81;49.95;96.639;0;1.8311;885.23;0;885.23;736.81;96.639;49.95;1.8311;0.8323;0.0585;0;0.0021;883.21;2.0222;0;0;0.4984;1.5238;876.69;4.7601;2.4215;0.3176;1.9519;0.0691;881.45;1.7664;1.4736;0.1933;0.0989;0.0006;877.06;732.92;96.128;47.401;0.2376;503.03;408.46;152.8;0.0303;5.0517;72.666;0.3751;77.688;0;1;0;0;1.0229;0.9977;1;1;0.99;0.1678;0.9946;0.9967;1;0.9604;0.7747;0.998;0.998;1;0.998;0.998;0.9903;0.949;0.1297;2.5193;2.6549;0.016;-0.0015;0.3949;0.0157;0.0557;0.0117;0;0;0.088;1.9801;0;0;0;0;0;0;0;0;0;0;0;0;0.0449;0.0163;2.1012;2.1012;0;67.066;67.066;44.137;0.0503;2285;919.59;1;0.0331;0.0331;0;0;0;0;0;0;2.0681;1.9801;0;15.685;18.163;14.781;17.116;98.424;98.424;21.246;17.72;16.698;3.5258;1.0214;0.166;0.0481;0.786;30.113;0.7405;0
24/09/21 13:00;48.382;39.581;30.79;60.487;29.513;90;29.513;436.31;354.2;82.102;23.6;8.5901;0;94.344;304.51;32.828;0;5.3782;437.06;0;437.06;94.344;32.828;304.51;5.3782;0.2159;0.709;0;0.0123;419.19;17.866;0;0;13.163;4.7029;408.55;9.8027;0.141;0.0491;9.4907;0.1219;418.35;0.8384;0.1887;0.0657;0.5827;0.0014;410.14;94.014;32.713;281.27;0.5521;258.53;209.92;78.454;4.3576;2.8834;41.477;1.5933;40.003;0;1;0;0;1.0017;0.9591;1;1;0.9568;0.1256;0.9766;0.9985;1;0.9674;0.8192;0.998;0.998;1;0.998;0.998;0.9348;0.9237;0.1027;1.2438;1.2565;0.0076;0.0085;0.0842;0.0081;0.0287;0.0072;0;0;0.088;0.9802;0;0;0;0;0;0;0;0;0;0;0;0;0.0231;0.004;1.085;1.085;0;43.831;43.831;20.232;0.0495;1080;1004.7;1;0.0168;0.0168;0;0;0;0;0;0;1.0682;0.9802;0;16.405;18.996;14.82;17.161;98.451;98.451;10.489;9.1502;8.2663;1.3392;0.8839;0.1277;0.0843;0.7881;200.04;0.7358;0
24/09/21 14:00;39.254;56.171;25.537;44.529;45.471;90;45.471;667.3;127.6;539.7;23.35;8.41;0;769.61;40.549;113.98;0;18.938;943.07;0;943.07;769.61;113.98;40.549;18.938;0.8161;0.0631;0;0.0201;922.08;20.989;0;0;3.4085;17.581;918.17;2.069;0.6775;0.1003;1.2105;0.0806;920.24;1.8442;1.5392;0.228;0.0743;0.0027;922.77;767.39;113.65;35.856;1.2734;287.4;233.37;87.436;2.5715;3.0435;43.78;4.6026;44.252;0;1;0;0;1.4133;0.9777;1;1;0.9159;0.0716;0.9978;0.9991;1;0.9673;0.9405;0.998;0.998;1;0.998;0.998;0.9736;0.8843;0.0672;2.6839;2.7278;0.0164;-0.0011;0.4313;0.016;0.0566;0.007;0;0;0.088;2.017;0;0;0;0;0;0;0;0;0;0;0;0;0.0456;0.0172;2.1388;2.1388;0;69.674;69.674;46.324;0.0505;2350.8;909.84;1;0.0338;0.0338;0;0;0;0;0;0;2.105;2.017;0;14.987;17.354;14.133;16.366;98.419;98.419;22.634;18.037;17.01;4.5966;1.0272;0.2031;0.0454;0.7515;30.309;0.7263;0
24/09/21 15:00;28.377;68.652;18.68;30.112;59.888;90;59.888;468.79;136;332.79;22.3;7.54;0;663.34;49.602;139.4;0;22.192;874.53;0;874.53;663.34;139.4;49.602;22.192;0.7585;0.0821;0;0.0254;847.55;26.981;0;0;6.2189;20.762;843.71;2.1437;0.4271;0.0898;1.5305;0.0963;845.86;1.6951;1.3267;0.2788;0.0868;0.0029;847.59;661.58;139.03;41.766;1.3306;116.49;94.589;36.743;8.2427;1.6169;23.258;3.8739;16.632;0;1;0;0;1.8655;0.9691;1;1;0.8746;0.0644;0.9975;0.9994;1;0.9646;0.9325;0.998;0.998;1;0.998;0.998;0.9648;0.842;0.06;2.4888;2.4716;0.0149;-0.002;0.347;0.0148;0.0524;0.0038;0;0;0.088;1.8651;0;0;0;0;0;0;0;0;0;0;0;0;0.0422;0.0143;1.9842;1.9842;0;64.695;64.695;42.395;0.0502;2132.8;930.32;1;0.0311;0.0311;0;0;0;0;0;0;1.9531;1.8651;0;14.993;17.361;14.093;16.319;98.432;98.432;20.989;16.733;15.729;4.2557;1.0045;0.2028;0.0479;0.7494;43.125;0.7348;0
24/09/21 16:00;16.609;78.747;46.113;16.916;27.969;90;27.969;239.4;139.2;100.2;21.84;6.01;0;243.01;97.327;86.912;0;2.6563;429.9;0;429.9;243.01;86.912;97.327;2.6563;0.5653;0.2326;0;0.0062;423.74;6.1668;0;0;3.8614;2.3054;416.32;6.5727;2.5368;0.9073;3.0623;0.0664;422.89;0.8475;0.486;0.1738;0.1869;0.0007;416.66;239.99;85.831;90.216;0.2838;63.948;51.926;19.317;1.1555;0.7241;10.415;0.3434;9.9838;0;1;0;0;1.7958;0.9857;1;1;0.9603;0.1321;0.9845;0.9895;1;0.9672;0.8104;0.998;0.998;1;0.998;0.998;0.9684;0.9269;0.1068;1.2235;1.213;0.0073;0.0092;0.0753;0.0078;0.0278;0.0018;0;0;0.088;0.953;0;0;0;0;0;0;0;0;0;0;0;0;0.0224;0.0038;1.0575;1.0575;0;42.43;42.43;20.59;0.0495;1044.9;1012.1;1;0.0165;0.0165;0;0;0;0;0;0;1.041;0.953;0;16.255;18.823;14.648;16.962;98.439;98.439;10.318;8.9181;8.0367;1.3996;0.8813;0.1357;0.0854;0.7789;63.282;0.7651;0
24/09/21 17:00;5.255;87.103;77.166;5.2617;7.5889;90;7.5889;32.408;31.803;0.6047;19.6;4.9399;0;1.4666;31.51;0.374;0;0.027;33.378;0;33.378;1.4666;0.374;31.51;0.027;0.0439;0.9449;0;0.0008;33.211;0.167;0;0;0.1445;0.0225;31.389;1.7553;0.3431;0.0875;1.3236;0.001;33.145;0.0664;0.0029;0.0007;0.0627;0;31.393;1.1206;0.2858;29.979;0.0035;18.794;15.26;5.3824;0.003;0.2101;3.0217;0.0034;3.2288;0;1;0;0;1.0299;0.995;1;1;0.9954;0.1674;0.947;0.7656;1;0.9577;0.7755;0.998;0.998;1;0.998;0.998;0.9404;0.9514;0.1296;0.095;0.0959;0.0006;0.0109;-0.0014;0.0006;0.0021;0.0005;0;0;0.088;-0.0112;0;0;0;0;0;0;0;0;0;0;0;0;0.0017;0.0001;0.0807;0.0807;0;21.164;21.164;1.5644;0.0498;80.354;1004.8;1;0.0039;0.0039;0;0;0;0;0;0;0.0768;-0.0112;0;15.984;18.509;-2.2164;-2.5666;95.128;95.128;0.8011;0.6809;-0.0944;0.1202;0.7753;0.15;0.9678;0;18.79;0;0
24/09/21 18:00;0;0;90;0;0;90;0;0;0;0;16.34;4.7099;0;0;0;0;0;0;0;0;0;0;0;0;0;1;1;1;1;0;0;0;0;0;0;0;0;0;0;0;0;0;0;0;0;0;0;0;0;0;0;0;0;0;0;0;0;0;0;0;0;0;0;0;1;1;1;1;1;1;1;1;1;1;1;1;1;1;1;1;1;1;1;0;0;0;0;0;0;0;0;0;0.0004;0.088;-0.0884;0;0;0;0;0;0;0;0;0;0;0;0;0;0;0;0;0;0;0;-16.34;0;0;0;0;0.0004;0;0;0;0;0;0;0;-0.0004;-0.0884;0;0;0;0;0;0;0;0;0;-0.7452;0;0.7452;1;1;0;0;0;0
24/09/21 19:00;0;0;90;0;0;90;0;0;0;0;12.13;4.75;0;0;0;0;0;0;0;0;0;0;0;0;0;1;1;1;1;0;0;0;0;0;0;0;0;0;0;0;0;0;0;0;0;0;0;0;0;0;0;0;0;0;0;0;0;0;0;0;0;0;0;0;1;1;1;1;1;1;1;1;1;1;1;1;1;1;1;1;1;1;1;0;0;0;0;0;0;0;0;0;0.0004;0.088;-0.0884;0;0;0;0;0;0;0;0;0;0;0;0;0;0;0;0;0;0;0;-12.13;0;0;0;0;0.0004;0;0;0;0;0;0;0;-0.0004;-0.0884;0;0;0;0;0;0;0;0;0;-0.7452;0;0.7452;1;1;0;0;0;0
24/09/21 20:00;0;0;90;0;0;90;0;0;0;0;9.4901;4.2;0;0;0;0;0;0;0;0;0;0;0;0;0;1;1;1;1;0;0;0;0;0;0;0;0;0;0;0;0;0;0;0;0;0;0;0;0;0;0;0;0;0;0;0;0;0;0;0;0;0;0;0;1;1;1;1;1;1;1;1;1;1;1;1;1;1;1;1;1;1;1;0;0;0;0;0;0;0;0;0;0.0004;0.088;-0.0884;0;0;0;0;0;0;0;0;0;0;0;0;0;0;0;0;0;0;0;-9.4901;0;0;0;0;0.0004;0;0;0;0;0;0;0;-0.0004;-0.0884;0;0;0;0;0;0;0;0;0;-0.7452;0;0.7452;1;1;0;0;0;0
24/09/21 21:00;0;0;90;0;0;90;0;0;0;0;13.26;3.87;0;0;0;0;0;0;0;0;0;0;0;0;0;1;1;1;1;0;0;0;0;0;0;0;0;0;0;0;0;0;0;0;0;0;0;0;0;0;0;0;0;0;0;0;0;0;0;0;0;0;0;0;1;1;1;1;1;1;1;1;1;1;1;1;1;1;1;1;1;1;1;0;0;0;0;0;0;0;0;0;0.0004;0.088;-0.0884;0;0;0;0;0;0;0;0;0;0;0;0;0;0;0;0;0;0;0;-13.26;0;0;0;0;0.0004;0;0;0;0;0;0;0;-0.0004;-0.0884;0;0;0;0;0;0;0;0;0;-0.7452;0;0.7452;1;1;0;0;0;0
24/09/21 22:00;0;0;90;0;0;90;0;0;0;0;12.96;3.6699;0;0;0;0;0;0;0;0;0;0;0;0;0;1;1;1;1;0;0;0;0;0;0;0;0;0;0;0;0;0;0;0;0;0;0;0;0;0;0;0;0;0;0;0;0;0;0;0;0;0;0;0;1;1;1;1;1;1;1;1;1;1;1;1;1;1;1;1;1;1;1;0;0;0;0;0;0;0;0;0;0.0004;0.088;-0.0884;0;0;0;0;0;0;0;0;0;0;0;0;0;0;0;0;0;0;0;-12.96;0;0;0;0;0.0004;0;0;0;0;0;0;0;-0.0004;-0.0884;0;0;0;0;0;0;0;0;0;-0.7452;0;0.7452;1;1;0;0;0;0
24/09/21 23:00;0;0;90;0;0;90;0;0;0;0;11.42;3.5801;0;0;0;0;0;0;0;0;0;0;0;0;0;1;1;1;1;0;0;0;0;0;0;0;0;0;0;0;0;0;0;0;0;0;0;0;0;0;0;0;0;0;0;0;0;0;0;0;0;0;0;0;1;1;1;1;1;1;1;1;1;1;1;1;1;1;1;1;1;1;1;0;0;0;0;0;0;0;0;0;0.0004;0.088;-0.0884;0;0;0;0;0;0;0;0;0;0;0;0;0;0;0;0;0;0;0;-11.42;0;0;0;0;0.0004;0;0;0;0;0;0;0;-0.0004;-0.0884;0;0;0;0;0;0;0;0;0;-0.7452;0;0.7452;1;1;0;0;0;0
25/09/21 00:00;0;0;90;0;0;90;0;0;0;0;10.29;3.53;0;0;0;0;0;0;0;0;0;0;0;0;0;1;1;1;1;0;0;0;0;0;0;0;0;0;0;0;0;0;0;0;0;0;0;0;0;0;0;0;0;0;0;0;0;0;0;0;0;0;0;0;1;1;1;1;1;1;1;1;1;1;1;1;1;1;1;1;1;1;1;0;0;0;0;0;0;0;0;0;0.0004;0.088;-0.0884;0;0;0;0;0;0;0;0;0;0;0;0;0;0;0;0;0;0;0;-10.29;0;0;0;0;0.0004;0;0;0;0;0;0;0;-0.0004;-0.0884;0;0;0;0;0;0;0;0;0;-0.7452;0;0.7452;1;1;0;0;0;0
25/09/21 01:00;0;0;90;0;0;90;0;0;0;0;8.8699;3.56;0;0;0;0;0;0;0;0;0;0;0;0;0;1;1;1;1;0;0;0;0;0;0;0;0;0;0;0;0;0;0;0;0;0;0;0;0;0;0;0;0;0;0;0;0;0;0;0;0;0;0;0;1;1;1;1;1;1;1;1;1;1;1;1;1;1;1;1;1;1;1;0;0;0;0;0;0;0;0;0;0.0004;0.088;-0.0884;0;0;0;0;0;0;0;0;0;0;0;0;0;0;0;0;0;0;0;-8.8699;0;0;0;0;0.0004;0;0;0;0;0;0;0;-0.0004;-0.0884;0;0;0;0;0;0;0;0;0;-0.7452;0;0.7452;1;1;0;0;0;0
25/09/21 02:00;0;0;90;0;0;90;0;0;0;0;6.5;3.4299;0;0;0;0;0;0;0;0;0;0;0;0;0;1;1;1;1;0;0;0;0;0;0;0;0;0;0;0;0;0;0;0;0;0;0;0;0;0;0;0;0;0;0;0;0;0;0;0;0;0;0;0;1;1;1;1;1;1;1;1;1;1;1;1;1;1;1;1;1;1;1;0;0;0;0;0;0;0;0;0;0.0004;0.088;-0.0884;0;0;0;0;0;0;0;0;0;0;0;0;0;0;0;0;0;0;0;-6.5;0;0;0;0;0.0004;0;0;0;0;0;0;0;-0.0004;-0.0884;0;0;0;0;0;0;0;0;0;-0.7452;0;0.7452;1;1;0;0;0;0
25/09/21 03:00;0;0;90;0;0;90;0;0;0;0;6.03;3.24;0;0;0;0;0;0;0;0;0;0;0;0;0;1;1;1;1;0;0;0;0;0;0;0;0;0;0;0;0;0;0;0;0;0;0;0;0;0;0;0;0;0;0;0;0;0;0;0;0;0;0;0;1;1;1;1;1;1;1;1;1;1;1;1;1;1;1;1;1;1;1;0;0;0;0;0;0;0;0;0;0.0004;0.088;-0.0884;0;0;0;0;0;0;0;0;0;0;0;0;0;0;0;0;0;0;0;-6.03;0;0;0;0;0.0004;0;0;0;0;0;0;0;-0.0004;-0.0884;0;0;0;0;0;0;0;0;0;-0.7452;0;0.7452;1;1;0;0;0;0
25/09/21 04:00;0;0;90;0;0;90;0;0;0;0;5.3699;3.0901;0;0;0;0;0;0;0;0;0;0;0;0;0;1;1;1;1;0;0;0;0;0;0;0;0;0;0;0;0;0;0;0;0;0;0;0;0;0;0;0;0;0;0;0;0;0;0;0;0;0;0;0;1;1;1;1;1;1;1;1;1;1;1;1;1;1;1;1;1;1;1;0;0;0;0;0;0;0;0;0;0.0004;0.088;-0.0884;0;0;0;0;0;0;0;0;0;0;0;0;0;0;0;0;0;0;0;-5.3699;0;0;0;0;0.0004;0;0;0;0;0;0;0;-0.0004;-0.0884;0;0;0;0;0;0;0;0;0;-0.7452;0;0.7452;1;1;0;0;0;0
25/09/21 05:00;1.5269;-90.211;86.295;1.5269;2.1784;-90;-2.1784;0;0;0;4.4997;3.3499;0;0;0;0;0;0;0;0;0;0;0;0;0;1;1;1;1;0;0;0;0;0;0;0;0;0;0;0;0;0;0;0;0;0;0;0;0;0;0;0;0;0;0;0;0;0;0;0;0;0;0;0;1;1;1;1;1;1;1;1;1;1;1;1;1;1;1;1;1;1;1;0;0;0;0;0;0;0;0;0;0.0004;0.088;-0.0884;0;0;0;0;0;0;0;0;0;0;0;0;0;0;0;0;0;0;0;-4.4997;0;0;0;0;0.0004;0;0;0;0;0;0;0;-0.0004;-0.0884;0;0;0;0;0;0;0;0;0;-0.7452;0;0.7452;1;1;0;0;0;0
25/09/21 06:00;8.8786;-84.996;68.018;8.912;13.157;-90;-13.157;120.8;19.903;100.9;5.5102;4.4799;0;244.71;10.217;23.162;0;0.3012;278.39;0;278.39;244.71;23.162;10.217;0.3012;0.879;0.0378;0;0.0011;278.02;0.3668;0;0;0.1167;0.2501;253.82;23.642;21.229;2.0094;0.392;0.0115;277.47;0.556;0.4894;0.0463;0.0202;0.0001;253.83;222.99;21.106;9.6878;0.0396;6.7199;5.4566;2.0291;0.0083;0.0688;0.9895;0.0053;1.0499;0;1;0;0;2.3045;0.9987;1;1;0.9886;0.1698;0.9148;0.9131;1;0.9611;0.7756;0.998;0.998;1;0.998;0.998;0.9118;0.9482;0.1315;0.7923;0.7282;0.0044;0.0156;-0.0185;0.0051;0.018;0.0002;0;0;0.088;0.5871;0;0;0;0;0;0;0;0;0;0;0;0;0.0145;0.0015;0.6874;0.6874;0;17.85;17.85;12.34;0.0486;623.96;1101.6;1;0.0122;0.0122;0;0;0;0;0;0;0.6751;0.5871;0;16.315;18.893;13.936;16.138;98.221;98.221;6.6813;5.7965;4.9513;0.8848;0.8452;0.1324;0.1265;0.7411;6.1787;0.7391;0
25/09/21 07:00;20.964;-75.785;29.805;21.566;41.493;-90;-41.493;333.59;56.302;277.29;7.8302;4.91;0;672.51;21.228;77.678;0;7.9535;779.37;0;779.37;672.51;77.678;21.228;7.9535;0.8629;0.0374;0;0.0102;770.52;8.842;0;0;1.5558;7.2862;767.52;1.4609;0.691;0.0798;0.6367;0.0534;768.98;1.541;1.345;0.1554;0.0393;0.0013;767.73;670.47;77.443;18.996;0.6126;16.83;13.666;5.5643;0.9826;0.2034;2.9262;0.2088;2.147;0;1;0;0;2.3363;0.9887;1;1;0.9267;0.0839;0.9981;0.999;1;0.9676;0.9198;0.998;0.998;1;0.998;0.998;0.9848;0.8949;0.077;2.218;2.2024;0.0133;-0.0015;0.1605;0.0142;0.0504;0.0005;0;0;0.088;1.7937;0;0;0;0;0;0;0;0;0;0;0;0;0.0406;0.0114;1.913;1.913;0;45.807;45.807;37.977;0.0495;1898.5;1007.6;1;0.0313;0.0313;0;0;0;0;0;0;1.8817;1.7937;0;16.22;18.782;15.208;17.611;98.364;98.364;18.705;16.133;15.127;2.5721;1.0061;0.1375;0.0538;0.8087;15.314;0.8064;0
25/09/21 08:00;32.518;-65.042;20.843;35.114;54.886;-90;-54.886;550.41;90.799;459.61;9.8498;4.8501;0;799.04;26.635;99.064;0;22.212;946.95;0;946.95;799.04;99.064;26.635;22.212;0.8438;0.0516;0;0.0235;923.32;23.631;0;0;2.9326;20.699;919.95;1.5169;0.5741;0.0712;0.8061;0.0655;921.47;1.8466;1.5981;0.1981;0.0474;0.003;924.33;796.86;98.794;22.848;1.445;169.98;138.03;49.742;3.2513;2.0406;29.354;4.3746;28.143;0;1;0;0;1.7204;0.975;1;1;0.8899;0.0681;0.9984;0.9993;1;0.9659;0.9566;0.998;0.998;1;0.998;0.998;0.9715;0.8579;0.0651;2.6949;2.7034;0.0163;-0.0012;0.2915;0.0168;0.0595;0.0049;0;0;0.088;2.1251;0;0;0;0;0;0;0;0;0;0;0;0;0.0479;0.0169;2.2508;2.2508;0;55.736;55.736;45.886;0.0499;2331.2;965.5;1;0.0377;0.0377;0;0;0;0;0;0;2.2131;2.1251;0;15.706;18.188;14.829;17.172;98.324;98.324;22.727;18.981;17.921;3.7457;1.0602;0.1648;0.0467;0.7885;21.886;0.7707;0
25/09/21 09:00;42.955;-51.358;27.195;50.006;39.994;-90;-39.994;689.2;116.5;572.7;11.54;4.8501;0;747.53;39.415;93.808;0;15.313;896.07;0;896.07;747.53;93.808;39.415;15.313;0.8342;0.0611;0;0.0171;879.36;16.712;0;0;2.7367;13.976;875.5;2.0947;0.7008;0.0879;1.1858;0.1201;877.6;1.7587;1.4951;0.1876;0.0734;0.0027;879.61;745.34;93.533;35.419;1.2149;327.44;265.88;101.15;1.6083;3.2815;47.203;4.1109;48.876;0;1;0;0;1.3002;0.9813;1;1;0.9306;0.0874;0.9976;0.9991;1;0.9676;0.91;0.998;0.998;1;0.998;0.998;0.977;0.8986;0.0793;2.5501;2.6112;0.0157;-0.0017;0.2767;0.0162;0.0576;0.008;0;0;0.088;2.0525;0;0;0;0;0;0;0;0;0;0;0;0;0.0464;0.0158;2.1764;2.1764;0;55.19;55.19;43.649;0.0499;2250.5;967.07;1;0.0359;0.0359;0;0;0;0;0;0;2.1405;2.0525;0;16.05;18.585;15.136;17.527;98.349;98.349;21.506;18.354;17.309;3.1517;1.0451;0.1466;0.0486;0.8048;28.075;0.7743;0
25/09/21 10:00;51.221;-32.864;31.741;66.444;23.556;-90;-23.556;960.69;158.5;802.19;12.43;5.06;0;875.11;37.17;130.6;0;7.6049;1050.5;0;1050.5;875.11;130.6;37.17;7.6049;0.8331;0.0426;0;0.0072;1042.9;7.555;0;0;1.1165;6.4385;1037.3;3.5137;1.7943;0.2678;1.2097;0.2419;1040.8;2.0859;1.7502;0.2612;0.0721;0.0023;1039.3;871.57;130.07;34.772;0.9221;532.79;432.62;161.03;0.2424;5.4168;77.918;1.9317;83.092;0;1;0;0;1.0935;0.9928;1;1;0.97;0.1534;0.9966;0.9979;1;0.9664;0.7922;0.998;0.998;1;0.998;0.998;0.9875;0.9355;0.1213;2.9896;3.1295;0.0188;0.0036;0.4348;0.0187;0.0663;0.0126;0;0;0.088;2.368;0;0;0;0;0;0;0;0;0;0;0;0;0.0534;0.0223;2.4988;2.4988;0;64.551;64.551;52.121;0.0502;2693.8;927.61;1;0.0428;0.0428;0;0;0;0;0;0;2.456;2.368;0;15.718;18.202;14.896;17.249;98.286;98.286;25.212;21.073;19.969;4.139;1.1032;0.1642;0.0438;0.7921;23.529;0.7504;0
25/09/21 11:00;55.62;-8.6493;33.936;84.125;5.8748;-90;-5.8748;1050;173.2;876.81;13.13;5.38;0;881.44;38.038;135.77;0;0.5239;1055.8;0;1055.8;881.44;135.77;38.038;0.5239;0.8349;0.0365;0;0.0005;1055.2;0.5507;0;0;0.1147;0.436;1048.1;5.0433;2.9363;0.4523;1.6351;0.0196;1053.1;2.1104;1.7629;0.2715;0.0758;0.0002;1048.1;876.74;135.05;36.212;0.0682;617.12;501.1;189.08;0.0011;6.0892;87.591;0.0624;93.679;0;1;0;0;1.0055;0.9995;1;1;0.997;0.1679;0.9952;0.9967;1;0.9568;0.7765;0.998;0.998;1;0.998;0.998;0.9927;0.952;0.1301;3.0046;3.1742;0.0191;0.0044;0.4557;0.0189;0.0669;0.0141;0;0;0.088;2.3872;0;0;0;0;0;0;0;0;0;0;0;0;0.0539;0.0229;2.5183;2.5183;0;65.847;65.847;52.717;0.0503;2732.2;921.73;1;0.0431;0.0431;0;0;0;0;0;0;2.4752;2.3872;0;15.762;18.252;14.941;17.302;98.287;98.287;25.338;21.237;20.132;4.1011;1.1059;0.1619;0.0436;0.7945;22.617;0.748;0
25/09/21 12:00;54.639;17.686;33.461;77.834;12.166;90;12.166;851.71;149.8;701.91;14.84;5.52;0;718.03;54.546;96.81;0;1.8172;871.21;0;871.21;718.03;96.81;54.546;1.8172;0.8242;0.0647;0;0.0021;869.15;2.0603;0;0;0.5481;1.5122;862.72;4.6871;2.1932;0.2957;2.1296;0.0686;867.41;1.7383;1.4361;0.1936;0.108;0.0006;863.09;714.4;96.321;51.761;0.2358;495.1;402.02;150.34;0.0335;4.9756;71.571;0.3727;76.513;0;1;0;0;1.0229;0.9976;1;1;0.99;0.1678;0.9946;0.9969;1;0.9605;0.7747;0.998;0.998;1;0.998;0.998;0.9903;0.9489;0.1297;2.4794;2.6127;0.0157;-0.0017;0.3027;0.0161;0.057;0.0119;0;0;0.088;2.0262;0;0;0;0;0;0;0;0;0;0;0;0;0.0459;0.0158;2.1492;2.1492;0;57.95;57.95;43.11;0.05;2249.9;955.26;1;0.035;0.035;0;0;0;0;0;0;2.1142;2.0262;0;16.301;18.877;15.368;17.796;98.371;98.371;20.909;18.125;17.087;2.7843;1.0374;0.1332;0.0496;0.8172;32.888;0.7699;0
25/09/21 13:00;48.666;40.005;30.391;60.515;29.485;90;29.485;824.91;136;688.91;15.16;5.52;0;791.41;41.538;105.21;0;10.15;948.31;0;948.31;791.41;105.21;41.538;10.15;0.8345;0.0545;0;0.0107;937.64;10.667;0;0;1.7929;8.874;933.11;2.6569;0.9989;0.1328;1.2948;0.2304;935.76;1.8753;1.5828;0.2104;0.0795;0.0026;935.81;788.83;104.87;38.371;1.0426;439.89;357.19;135.15;0.5948;4.355;62.645;2.7057;66.405;0;1;0;0;1.1496;0.9888;1;1;0.9568;0.1257;0.9972;0.9987;1;0.9674;0.819;0.998;0.998;1;0.998;0.998;0.984;0.9238;0.1027;2.6988;2.8029;0.0169;-0.0005;0.3643;0.017;0.0601;0.0103;0;0;0.088;2.1428;0;0;0;0;0;0;0;0;0;0;0;0;0.0484;0.018;2.2684;2.2684;0;61.939;61.939;46.779;0.0501;2413.1;940.03;1;0.0376;0.0376;0;0;0;0;0;0;2.2308;2.1428;0;15.806;18.304;14.931;17.29;98.344;98.344;22.759;19.13;18.071;3.6298;1.059;0.1595;0.0465;0.794;27.282;0.7566;0
25/09/21 14:00;39.478;56.599;25.145;44.615;45.385;90;45.385;676.89;125.2;551.69;14.77;5.45;0;785.5;38.693;113.54;0;19.141;956.88;0;956.88;785.5;113.54;38.693;19.141;0.8209;0.0604;0;0.02;935.87;21.011;0;0;3.2435;17.767;931.98;2.0167;0.6809;0.0984;1.1552;0.0822;934;1.8717;1.571;0.2271;0.0709;0.0027;936.62;783.25;113.22;34.224;1.289;291.45;236.66;88.66;2.4381;3.0759;44.245;4.6428;44.883;0;1;0;0;1.4136;0.978;1;1;0.9162;0.0718;0.9978;0.9991;1;0.9673;0.94;0.998;0.998;1;0.998;0.998;0.974;0.8845;0.0673;2.7232;2.7684;0.0167;-0.0008;0.3553;0.0168;0.0595;0.0073;0;0;0.088;2.1229;0;0;0;0;0;0;0;0;0;0;0;0;0.0479;0.0177;2.248;2.248;0;61.475;61.475;46.705;0.0501;2385.3;942.46;1;0.0371;0.0371;0;0;0;0;0;0;2.2109;2.1229;0;15.524;17.977;14.66;16.976;98.348;98.348;22.965;18.958;17.903;4.0072;1.0553;0.1745;0.046;0.7796;28.899;0.7535;0
25/09/21 15:00;28.56;69.057;18.298;30.234;59.766;90;59.766;480;129.2;350.8;14.74;5.2;0;696.68;44.816;138.2;0;22.639;902.33;0;902.33;696.68;138.2;44.816;22.639;0.7721;0.0748;0;0.0251;875.55;26.784;0;0;5.6023;21.182;871.79;2.0056;0.4394;0.0872;1.382;0.097;873.79;1.7511;1.3934;0.2764;0.0784;0.0029;875.63;694.85;137.83;37.753;1.357;116.75;94.798;36.803;7.3939;1.5654;22.518;3.8387;16.69;0;1;0;0;1.8798;0.9703;1;1;0.875;0.0644;0.9977;0.9994;1;0.9647;0.9333;0.998;0.998;1;0.998;0.998;0.9662;0.8424;0.0599;2.568;2.5504;0.0154;-0.0019;0.299;0.0157;0.0556;0.0038;0;0;0.088;1.9811;0;0;0;0;0;0;0;0;0;0;0;0;0.0448;0.0151;2.1029;2.1029;0;58.316;58.316;43.576;0.05;2200.6;955.62;1;0.0339;0.0339;0;0;0;0;0;0;2.0691;1.9811;0;15.4;17.833;14.508;16.8;98.388;98.388;21.656;17.734;16.706;3.9215;1.0279;0.1811;0.0475;0.7715;38.908;0.7573;0
25/09/21 16:00;16.769;79.129;45.595;17.058;28.293;90;28.293;254.81;131.4;123.41;14.15;3.85;0;299.3;84.763;100.05;0;2.8918;487.01;0;487.01;299.3;100.05;84.763;2.8918;0.6146;0.18;0;0.0059;481.07;5.9392;0;0;3.4254;2.5138;473.32;6.7804;3.0339;1.0142;2.6614;0.0709;480.1;0.9621;0.5986;0.2001;0.1627;0.0008;473.63;295.66;98.84;78.514;0.3064;56.037;45.502;16.983;1.0477;0.6331;9.1072;0.308;8.6926;0;1;0;0;1.9113;0.9878;1;1;0.9596;0.1307;0.9859;0.9898;1;0.9672;0.8121;0.998;0.998;1;0.998;0.998;0.9719;0.9263;0.106;1.386;1.3733;0.0083;0.0069;0.0604;0.0091;0.0322;0.0016;0;0;0.088;1.1168;0;0;0;0;0;0;0;0;0;0;0;0;0.026;0.0047;1.2242;1.2242;0;37.447;37.447;23.297;0.0492;1182.6;1035.2;1;0.0193;0.0193;0;0;0;0;0;0;1.2048;1.1168;0;16.61;19.234;15.154;17.548;98.421;98.421;11.688;10.323;9.4184;1.3646;0.9051;0.1168;0.0774;0.8058;55.23;0.7947;0
25/09/21 17:00;5.406;87.475;76.792;5.4112;7.8101;90;7.8101;38.405;37.597;0.8084;12.32;3.0399;0;1.9607;37.187;0.5743;0;0.0338;39.755;0;39.755;1.9607;0.5743;37.187;0.0338;0.0493;0.9362;0;0.0009;39.548;0.2069;0;0;0.1788;0.0282;37.342;2.1278;0.4404;0.129;1.5572;0.0013;39.469;0.0791;0.0039;0.0011;0.074;0;37.346;1.5164;0.4442;35.377;0.0044;22.189;18.018;6.3562;0.004;0.248;3.5669;0.0044;3.8109;0;1;0;0;1.0352;0.9948;1;1;0.9952;0.1675;0.9461;0.775;1;0.9578;0.7754;0.998;0.998;1;0.998;0.998;0.9393;0.9513;0.1296;0.1131;0.114;0.0007;0.0118;-0.0045;0.0007;0.0026;0.0006;0;0;0.088;0.0072;0;0;0;0;0;0;0;0;0;0;0;0;0.0021;0.0001;0.0998;0.0998;0;14.166;14.166;1.8458;0.0494;95.754;1042.7;1;0.0047;0.0047;0;0;0;0;0;0;0.0952;0.0072;0;16.595;19.216;1.1911;1.3793;95.32;95.32;0.9541;0.842;0.0604;0.1122;0.7815;0.1176;0.8191;0.0633;22.184;0.0594;0
25/09/21 18:00;0;0;90;0;0;90;0;0;0;0;9.4197;3.15;0;0;0;0;0;0;0;0;0;0;0;0;0;1;1;1;1;0;0;0;0;0;0;0;0;0;0;0;0;0;0;0;0;0;0;0;0;0;0;0;0;0;0;0;0;0;0;0;0;0;0;0;1;1;1;1;1;1;1;1;1;1;1;1;1;1;1;1;1;1;1;0;0;0;0;0;0;0;0;0;0.0004;0.088;-0.0884;0;0;0;0;0;0;0;0;0;0;0;0;0;0;0;0;0;0;0;-9.4197;0;0;0;0;0.0004;0;0;0;0;0;0;0;-0.0004;-0.0884;0;0;0;0;0;0;0;0;0;-0.7452;0;0.7452;1;1;0;0;0;0
25/09/21 19:00;0;0;90;0;0;90;0;0;0;0;8.0403;3.3;0;0;0;0;0;0;0;0;0;0;0;0;0;1;1;1;1;0;0;0;0;0;0;0;0;0;0;0;0;0;0;0;0;0;0;0;0;0;0;0;0;0;0;0;0;0;0;0;0;0;0;0;1;1;1;1;1;1;1;1;1;1;1;1;1;1;1;1;1;1;1;0;0;0;0;0;0;0;0;0;0.0004;0.088;-0.0884;0;0;0;0;0;0;0;0;0;0;0;0;0;0;0;0;0;0;0;-8.0403;0;0;0;0;0.0004;0;0;0;0;0;0;0;-0.0004;-0.0884;0;0;0;0;0;0;0;0;0;-0.7452;0;0.7452;1;1;0;0;0;0
25/09/21 20:00;0;0;90;0;0;90;0;0;0;0;5.0302;3.3599;0;0;0;0;0;0;0;0;0;0;0;0;0;1;1;1;1;0;0;0;0;0;0;0;0;0;0;0;0;0;0;0;0;0;0;0;0;0;0;0;0;0;0;0;0;0;0;0;0;0;0;0;1;1;1;1;1;1;1;1;1;1;1;1;1;1;1;1;1;1;1;0;0;0;0;0;0;0;0;0;0.0004;0.088;-0.0884;0;0;0;0;0;0;0;0;0;0;0;0;0;0;0;0;0;0;0;-5.0302;0;0;0;0;0.0004;0;0;0;0;0;0;0;-0.0004;-0.0884;0;0;0;0;0;0;0;0;0;-0.7452;0;0.7452;1;1;0;0;0;0
25/09/21 21:00;0;0;90;0;0;90;0;0;0;0;4.1401;3.31;0;0;0;0;0;0;0;0;0;0;0;0;0;1;1;1;1;0;0;0;0;0;0;0;0;0;0;0;0;0;0;0;0;0;0;0;0;0;0;0;0;0;0;0;0;0;0;0;0;0;0;0;1;1;1;1;1;1;1;1;1;1;1;1;1;1;1;1;1;1;1;0;0;0;0;0;0;0;0;0;0.0004;0.088;-0.0884;0;0;0;0;0;0;0;0;0;0;0;0;0;0;0;0;0;0;0;-4.1401;0;0;0;0;0.0004;0;0;0;0;0;0;0;-0.0004;-0.0884;0;0;0;0;0;0;0;0;0;-0.7452;0;0.7452;1;1;0;0;0;0
25/09/21 22:00;0;0;90;0;0;90;0;0;0;0;2.3598;3.05;0;0;0;0;0;0;0;0;0;0;0;0;0;1;1;1;1;0;0;0;0;0;0;0;0;0;0;0;0;0;0;0;0;0;0;0;0;0;0;0;0;0;0;0;0;0;0;0;0;0;0;0;1;1;1;1;1;1;1;1;1;1;1;1;1;1;1;1;1;1;1;0;0;0;0;0;0;0;0;0;0.0004;0.088;-0.0884;0;0;0;0;0;0;0;0;0;0;0;0;0;0;0;0;0;0;0;-2.3598;0;0;0;0;0.0004;0;0;0;0;0;0;0;-0.0004;-0.0884;0;0;0;0;0;0;0;0;0;-0.7452;0;0.7452;1;1;0;0;0;0
25/09/21 23:00;0;0;90;0;0;90;0;0;0;0;1.1001;2.7199;0;0;0;0;0;0;0;0;0;0;0;0;0;1;1;1;1;0;0;0;0;0;0;0;0;0;0;0;0;0;0;0;0;0;0;0;0;0;0;0;0;0;0;0;0;0;0;0;0;0;0;0;1;1;1;1;1;1;1;1;1;1;1;1;1;1;1;1;1;1;1;0;0;0;0;0;0;0;0;0;0.0004;0.088;-0.0884;0;0;0;0;0;0;0;0;0;0;0;0;0;0;0;0;0;0;0;-1.1001;0;0;0;0;0.0004;0;0;0;0;0;0;0;-0.0004;-0.0884;0;0;0;0;0;0;0;0;0;-0.7452;0;0.7452;1;1;0;0;0;0
26/09/21 00:00;0;0;90;0;0;90;0;0;0;0;0.8003;2.5301;0;0;0;0;0;0;0;0;0;0;0;0;0;1;1;1;1;0;0;0;0;0;0;0;0;0;0;0;0;0;0;0;0;0;0;0;0;0;0;0;0;0;0;0;0;0;0;0;0;0;0;0;1;1;1;1;1;1;1;1;1;1;1;1;1;1;1;1;1;1;1;0;0;0;0;0;0;0;0;0;0.0004;0.088;-0.0884;0;0;0;0;0;0;0;0;0;0;0;0;0;0;0;0;0;0;0;-0.8003;0;0;0;0;0.0004;0;0;0;0;0;0;0;-0.0004;-0.0884;0;0;0;0;0;0;0;0;0;-0.7452;0;0.7452;1;1;0;0;0;0
26/09/21 01:00;0;0;90;0;0;90;0;0;0;0;0.2;2.6101;0;0;0;0;0;0;0;0;0;0;0;0;0;1;1;1;1;0;0;0;0;0;0;0;0;0;0;0;0;0;0;0;0;0;0;0;0;0;0;0;0;0;0;0;0;0;0;0;0;0;0;0;1;1;1;1;1;1;1;1;1;1;1;1;1;1;1;1;1;1;1;0;0;0;0;0;0;0;0;0;0.0004;0.088;-0.0884;0;0;0;0;0;0;0;0;0;0;0;0;0;0;0;0;0;0;0;-0.2;0;0;0;0;0.0004;0;0;0;0;0;0;0;-0.0004;-0.0884;0;0;0;0;0;0;0;0;0;-0.7452;0;0.7452;1;1;0;0;0;0
26/09/21 02:00;0;0;90;0;0;90;0;0;0;0;-0.0001;2.8799;0;0;0;0;0;0;0;0;0;0;0;0;0;1;1;1;1;0;0;0;0;0;0;0;0;0;0;0;0;0;0;0;0;0;0;0;0;0;0;0;0;0;0;0;0;0;0;0;0;0;0;0;1;1;1;1;1;1;1;1;1;1;1;1;1;1;1;1;1;1;1;0;0;0;0;0;0;0;0;0;0.0004;0.088;-0.0884;0;0;0;0;0;0;0;0;0;0;0;0;0;0;0;0;0;0;0;0.0001;0;0;0;0;0.0004;0;0;0;0;0;0;0;-0.0004;-0.0884;0;0;0;0;0;0;0;0;0;-0.7452;0;0.7452;1;1;0;0;0;0
26/09/21 03:00;0;0;90;0;0;90;0;0;0;0;-0.5;3.2501;0;0;0;0;0;0;0;0;0;0;0;0;0;1;1;1;1;0;0;0;0;0;0;0;0;0;0;0;0;0;0;0;0;0;0;0;0;0;0;0;0;0;0;0;0;0;0;0;0;0;0;0;1;1;1;1;1;1;1;1;1;1;1;1;1;1;1;1;1;1;1;0;0;0;0;0;0;0;0;0;0.0004;0.088;-0.0884;0;0;0;0;0;0;0;0;0;0;0;0;0;0;0;0;0;0;0;0.5;0;0;0;0;0.0004;0;0;0;0;0;0;0;-0.0004;-0.0884;0;0;0;0;0;0;0;0;0;-0.7452;0;0.7452;1;1;0;0;0;0
26/09/21 04:00;0;0;90;0;0;90;0;0;0;0;-0.5;3.6699;0;0;0;0;0;0;0;0;0;0;0;0;0;1;1;1;1;0;0;0;0;0;0;0;0;0;0;0;0;0;0;0;0;0;0;0;0;0;0;0;0;0;0;0;0;0;0;0;0;0;0;0;1;1;1;1;1;1;1;1;1;1;1;1;1;1;1;1;1;1;1;0;0;0;0;0;0;0;0;0;0.0004;0.088;-0.0884;0;0;0;0;0;0;0;0;0;0;0;0;0;0;0;0;0;0;0;0.5;0;0;0;0;0.0004;0;0;0;0;0;0;0;-0.0004;-0.0884;0;0;0;0;0;0;0;0;0;-0.7452;0;0.7452;1;1;0;0;0;0
26/09/21 05:00;1.6194;-90.622;86.07;1.6195;2.3107;-90;-2.3107;0;0;0;-0.74;4.04;0;0;0;0;0;0;0;0;0;0;0;0;0;1;1;1;1;0;0;0;0;0;0;0;0;0;0;0;0;0;0;0;0;0;0;0;0;0;0;0;0;0;0;0;0;0;0;0;0;0;0;0;1;1;1;1;1;1;1;1;1;1;1;1;1;1;1;1;1;1;1;0;0;0;0;0;0;0;0;0;0.0004;0.088;-0.0884;0;0;0;0;0;0;0;0;0;0;0;0;0;0;0;0;0;0;0;0.74;0;0;0;0;0.0004;0;0;0;0;0;0;0;-0.0004;-0.0884;0;0;0;0;0;0;0;0;0;-0.7452;0;0.7452;1;1;0;0;0;0
26/09/21 06:00;9.1769;-85.266;67.245;9.2078;13.627;-90;-13.627;142.7;23.601;119.1;1.1998;4.8;0;288.85;10.522;31.357;0;0.3816;331.11;0;331.11;288.85;31.357;10.522;0.3816;0.8724;0.0329;0;0.0012;330.67;0.4443;0;0;0.1275;0.3168;304.1;25.901;22.99;2.4958;0.4002;0.0145;330;0.6613;0.5777;0.0627;0.0208;0.0001;304.11;265.28;28.799;9.9731;0.0502;7.0197;5.7;2.1349;0.0097;0.0709;1.0203;0.0059;1.0815;0;1;0;0;2.3203;0.9987;1;1;0.9879;0.1698;0.9215;0.9202;1;0.9614;0.7757;0.998;0.998;1;0.998;0.998;0.9184;0.9479;0.1314;0.9423;0.8721;0.0053;0.0139;-0.0278;0.0062;0.0219;0.0002;0;0;0.088;0.7304;0;0;0;0;0;0;0;0;0;0;0;0;0.0176;0.0021;0.8329;0.8329;0;15.942;15.942;14.742;0.0485;747.21;1114.6;1;0.0145;0.0145;0;0;0;0;0;0;0.8184;0.7304;0;16.622;19.248;14.576;16.879;98.26;98.26;7.9466;7.0238;6.1594;0.9229;0.8643;0.1161;0.1088;0.7751;6.3728;0.7733;0
26/09/21 07:00;21.272;-76.058;28.372;21.858;42.689;-90;-42.689;344.59;56.901;287.69;6.2899;6.0599;0;697.73;20.648;80.278;0;8.6735;807.33;0;807.33;697.73;80.278;20.648;8.6735;0.8642;0.0363;0;0.0107;797.78;9.5449;0;0;1.5776;7.9674;794.76;1.4305;0.6824;0.0785;0.6182;0.0514;796.19;1.5956;1.3955;0.1606;0.0381;0.0014;794.97;695.65;80.038;18.414;0.6533;16.623;13.498;5.5299;1.0537;0.2041;2.9364;0.2192;2.0868;0;1;0;0;2.3429;0.9882;1;1;0.9236;0.0814;0.9982;0.999;1;0.9675;0.9271;0.998;0.998;1;0.998;0.998;0.9844;0.8918;0.0753;2.2976;2.2804;0.0137;-0.0018;0.1644;0.0147;0.0522;0.0005;0;0;0.088;1.8616;0;0;0;0;0;0;0;0;0;0;0;0;0.0421;0.0122;1.9823;1.9823;0;45.606;45.606;39.316;0.0495;1966.1;1008.2;1;0.0326;0.0326;0;0;0;0;0;0;1.9496;1.8616;0;16.225;18.788;15.237;17.645;98.354;98.354;19.376;16.717;15.699;2.6592;1.0173;0.1372;0.0525;0.8103;15.051;0.8081;0
26/09/21 08:00;32.845;-65.314;20.541;35.394;54.606;-90;-54.606;558.01;92.103;465.9;10.19;5.77;0;804.4;26.896;100.21;0;22.307;953.82;0;953.82;804.4;100.21;26.896;22.307;0.8434;0.0516;0;0.0234;930.09;23.726;0;0;2.9396;20.786;926.71;1.5188;0.5696;0.071;0.8133;0.065;928.23;1.8602;1.6088;0.2004;0.0479;0.003;931.05;802.22;99.937;23.095;1.4532;174.81;141.95;51.529;3.2247;2.0666;29.727;4.3394;28.569;0;1;0;0;1.7093;0.9751;1;1;0.8907;0.0682;0.9984;0.9993;1;0.966;0.9572;0.998;0.998;1;0.998;0.998;0.9716;0.8587;0.0651;2.7145;2.7234;0.0164;-0.0011;0.3005;0.0169;0.0598;0.005;0;0;0.088;2.1348;0;0;0;0;0;0;0;0;0;0;0;0;0.0481;0.0171;2.2607;2.2607;0;56.44;56.44;46.25;0.0499;2348.3;962.69;1;0.0379;0.0379;0;0;0;0;0;0;2.2228;2.1348;0;15.662;18.136;14.79;17.126;98.323;98.323;22.892;19.065;18.003;3.8267;1.0618;0.1672;0.0464;0.7865;22.034;0.7685;0
26/09/21 09:00;43.311;-51.606;26.866;50.261;39.739;-90;-39.739;734.4;121.2;613.2;12.93;4.9499;0;797.44;36.9;103.36;0;16.119;953.82;0;953.82;797.44;103.36;36.9;16.119;0.8361;0.0556;0;0.0169;936.59;17.233;0;0;2.5371;14.696;932.64;2.0764;0.7385;0.0957;1.1106;0.1316;934.72;1.8732;1.5949;0.2067;0.0687;0.0028;936.95;795.11;103.06;33.184;1.2884;349.31;283.64;107.91;1.4736;3.4853;50.134;4.3158;52.146;0;1;0;0;1.2988;0.9819;1;1;0.9312;0.0883;0.9978;0.9991;1;0.9676;0.9073;0.998;0.998;1;0.998;0.998;0.9778;0.8993;0.0799;2.7145;2.7811;0.0167;-0.0007;0.3381;0.017;0.0602;0.0083;0;0;0.088;2.1491;0;0;0;0;0;0;0;0;0;0;0;0;0.0485;0.0178;2.2751;2.2751;0;59.597;59.597;46.666;0.05;2395.9;949.58;1;0.038;0.038;0;0;0;0;0;0;2.2371;2.1491;0;15.761;18.251;14.889;17.241;98.332;98.332;22.892;19.186;18.124;3.7058;1.0622;0.1619;0.0464;0.7917;26.227;0.7617;0
26/09/21 10:00;51.61;-33.014;31.382;66.651;23.349;-90;-23.349;851.4;140.5;710.89;14.45;4.28;0;774.3;45.094;101.82;0;6.6237;927.84;0;927.84;774.3;101.82;45.094;6.6237;0.8345;0.0557;0;0.0071;920.9;6.9382;0;0;1.3354;5.6028;915.77;3.2958;1.4255;0.1875;1.4703;0.2126;919.06;1.8418;1.5486;0.2036;0.0875;0.002;917.45;771.33;101.43;42.201;0.8063;473.41;384.41;142.98;0.2844;4.8242;69.395;1.6805;73.935;0;1;0;0;1.0898;0.9925;1;1;0.9704;0.1541;0.9964;0.9982;1;0.9663;0.7913;0.998;0.998;1;0.998;0.998;0.987;0.9358;0.1217;2.6406;2.7639;0.0166;-0.0008;0.3431;0.0168;0.0597;0.0115;0;0;0.088;2.126;0;0;0;0;0;0;0;0;0;0;0;0;0.0481;0.0176;2.2513;2.2513;0;60.298;60.298;45.848;0.0501;2379.4;946.18;1;0.0373;0.0373;0;0;0;0;0;0;2.214;2.126;0;16.034;18.567;15.141;17.533;98.343;98.343;22.268;18.986;17.929;3.2824;1.0567;0.1474;0.0475;0.8051;28.511;0.7625;0
26/09/21 11:00;56.017;-8.5766;33.552;84.26;5.7404;-90;-5.7404;968;159.7;808.3;16.14;3.8399;0;812.37;45.387;114.77;0;0.4612;972.99;0;972.99;812.37;114.77;45.387;0.4612;0.8349;0.0471;0;0.0005;972.48;0.5157;0;0;0.1319;0.3838;965.68;4.8525;2.5244;0.3567;1.9542;0.0173;970.53;1.945;1.6247;0.2295;0.0905;0.0002;965.73;808.22;114.19;43.21;0.06;569.07;462.08;174.23;0.0012;5.6239;80.897;0.0533;86.52;0;1;0;0;1.0052;0.9995;1;1;0.9971;0.1678;0.995;0.9969;1;0.9567;0.7766;0.998;0.998;1;0.998;0.998;0.9925;0.952;0.13;2.7691;2.9251;0.0176;0.0007;0.4084;0.0175;0.062;0.0131;0;0;0.088;2.2093;0;0;0;0;0;0;0;0;0;0;0;0;0.05;0.0196;2.3362;2.3362;0;64.661;64.661;48.521;0.0502;2516.3;928.43;1;0.0389;0.0389;0;0;0;0;0;0;2.2973;2.2093;0;15.866;18.372;15.004;17.374;98.333;98.333;23.352;19.701;18.631;3.6504;1.0705;0.1563;0.0458;0.7978;26.981;0.7511;0
26/09/21 12:00;54.994;18.005;33.064;77.785;12.215;90;12.215;985.89;162.7;823.19;15.79;3.5099;0;842.26;42.264;122.73;0;2.1205;1009.4;0;1009.4;842.26;122.73;42.264;2.1205;0.8344;0.044;0;0.0021;1007.2;2.1922;0;0;0.4275;1.7647;1000.7;4.4524;2.3773;0.3464;1.6487;0.08;1005.2;2.0144;1.6845;0.2455;0.0837;0.0007;1001.2;838.2;122.14;40.104;0.2751;572.69;465.03;174.12;0.0265;5.7404;82.574;0.4362;88.288;0;1;0;0;1.0238;0.9978;1;1;0.9899;0.1678;0.9956;0.9972;1;0.9605;0.7747;0.998;0.998;1;0.998;0.998;0.9914;0.9489;0.1297;2.8726;3.0298;0.0182;0.0021;0.4387;0.018;0.0638;0.0133;0;0;0.088;2.2749;0;0;0;0;0;0;0;0;0;0;0;0;0.0514;0.0209;2.4033;2.4033;0;66.134;66.134;50.344;0.0503;2607.7;921.59;1;0.0404;0.0404;0;0;0;0;0;0;2.3629;2.2749;0;15.733;18.219;14.893;17.246;98.32;98.32;24.225;20.267;19.185;3.9579;1.0826;0.1634;0.0447;0.7919;25.487;0.7462;0
26/09/21 13:00;48.95;40.432;29.992;60.544;29.456;90;29.456;806.8;138.8;668;16.43;3.1801;0;767.17;45.467;103.58;0;9.908;926.13;0;926.13;767.17;103.58;45.467;9.908;0.8284;0.0598;0;0.0107;915.51;10.621;0;0;1.9594;8.6615;911.13;2.5432;0.7932;0.1071;1.4175;0.2254;913.67;1.831;1.5343;0.2072;0.087;0.0025;913.77;764.84;103.27;42.003;1.0186;430.77;349.79;132.33;0.6486;4.2705;61.43;2.6433;65.051;0;1;0;0;1.1479;0.9885;1;1;0.9569;0.1258;0.9972;0.999;1;0.9674;0.8188;0.998;0.998;1;0.998;0.998;0.9838;0.9238;0.1028;2.6357;2.7374;0.0165;-0.001;0.3578;0.0165;0.0587;0.0101;0;0;0.088;2.0901;0;0;0;0;0;0;0;0;0;0;0;0;0.0473;0.0173;2.2143;2.2143;0;62.114;62.114;45.684;0.0501;2357.3;939.36;1;0.0363;0.0363;0;0;0;0;0;0;2.1781;2.0901;0;15.799;18.295;14.913;17.269;98.363;98.363;22.227;18.674;17.626;3.5533;1.0478;0.1599;0.0471;0.793;29.856;0.7555;0
26/09/21 14:00;39.701;57.029;24.753;44.701;45.299;90;45.299;695.49;120.2;575.29;16.6;2.84;0;817.86;34.739;112.9;0;19.596;985.1;0;985.1;817.86;112.9;34.739;19.596;0.8302;0.0552;0;0.0199;964;21.091;0;0;2.904;18.187;960.16;1.9163;0.6979;0.0963;1.0371;0.0849;962.08;1.928;1.6357;0.2258;0.0637;0.0028;964.89;815.53;112.58;30.734;1.3216;298.73;242.57;90.83;2.1753;3.1346;45.09;4.7318;46.049;0;1;0;0;1.4164;0.9786;1;1;0.9164;0.0719;0.998;0.9991;1;0.9674;0.9396;0.998;0.998;1;0.998;0.998;0.9747;0.8847;0.0674;2.8035;2.851;0.0172;-0.0001;0.4003;0.017;0.0604;0.0073;0;0;0.088;2.1558;0;0;0;0;0;0;0;0;0;0;0;0;0.0487;0.0187;2.2815;2.2815;0;64.851;64.851;48.251;0.0503;2455;929.3;1;0.0376;0.0376;0;0;0;0;0;0;2.2438;2.1558;0;15.304;17.722;14.461;16.746;98.35;98.35;23.642;19.24;18.18;4.4023;1.0596;0.1862;0.0448;0.769;25.924;0.7435;0
26/09/21 15:00;28.742;69.462;17.915;30.356;59.644;90;59.644;481;131.7;349.3;16.6;2.5301;0;691.16;46.308;138.86;0;22.602;898.94;0;898.94;691.16;138.86;46.308;22.602;0.7689;0.0767;0;0.0251;872.02;26.921;0;0;5.7716;21.149;868.24;2.0354;0.4268;0.0858;1.4272;0.0956;870.27;1.744;1.3823;0.2777;0.0811;0.0029;872.09;689.35;138.5;39.028;1.3544;119.06;96.676;37.731;7.5841;1.5864;22.819;3.8542;16.822;0;1;0;0;1.8689;0.9701;1;1;0.8754;0.0643;0.9977;0.9994;1;0.9647;0.9341;0.998;0.998;1;0.998;0.998;0.9658;0.8428;0.0599;2.5583;2.5408;0.0153;-0.0019;0.3139;0.0155;0.055;0.0038;0;0;0.088;1.9587;0;0;0;0;0;0;0;0;0;0;0;0;0.0443;0.015;2.08;2.08;0;60.06;60.06;43.461;0.0501;2192.4;948.71;1;0.0333;0.0333;0;0;0;0;0;0;2.0467;1.9587;0;15.29;17.705;14.398;16.673;98.4;98.4;21.575;17.541;16.518;4.0337;1.0228;0.187;0.0474;0.7656;40.145;0.7513;0
26/09/21 16:00;16.929;79.512;45.073;17.2;28.621;90;28.621;255.9;133.3;122.6;16.17;1.54;0;297.35;86.497;99.857;0;2.9706;486.68;0;486.68;297.35;99.857;86.497;2.9706;0.611;0.1838;0;0.0061;480.53;6.1467;0;0;3.5604;2.5863;472.88;6.687;2.9236;0.9818;2.7103;0.0713;479.57;0.9611;0.5947;0.1997;0.1659;0.0008;473.22;293.83;98.675;80.06;0.3121;57.284;46.515;16.857;1.1129;0.6827;9.8203;0.3418;9.3901;0;1;0;0;1.9018;0.9874;1;1;0.9588;0.1293;0.9861;0.9901;1;0.9673;0.814;0.998;0.998;1;0.998;0.998;0.9717;0.9256;0.1051;1.385;1.3736;0.0083;0.0069;0.0704;0.009;0.032;0.0017;0;0;0.088;1.1078;0;0;0;0;0;0;0;0;0;0;0;0;0.0258;0.0048;1.2148;1.2148;0;39.484;39.484;23.315;0.0493;1183.1;1026.8;1;0.0191;0.0191;0;0;0;0;0;0;1.1958;1.1078;0;16.494;19.1;15.041;17.417;98.431;98.431;11.68;10.245;9.3419;1.4355;0.9028;0.1229;0.0773;0.7998;56.482;0.7879;0
26/09/21 17:00;5.5574;87.846;76.416;5.5613;8.0325;90;8.0325;39.694;38.901;0.7937;13.79;1.64;0;1.9249;38.477;0.5672;0;0.037;41.006;0;41.006;1.9249;0.5672;38.477;0.037;0.0469;0.9392;0;0.0009;40.782;0.2245;0;0;0.1937;0.0308;38.555;2.1448;0.4151;0.1223;1.606;0.0014;40.7;0.0816;0.0038;0.0011;0.0766;0;38.56;1.506;0.4438;36.601;0.0048;22.969;18.651;6.5808;0.0046;0.2566;3.6915;0.005;3.9436;0;1;0;0;1.033;0.9945;1;1;0.995;0.1675;0.9473;0.7839;1;0.958;0.7754;0.998;0.998;1;0.998;0.998;0.9402;0.9512;0.1296;0.1167;0.1177;0.0007;0.012;-0.004;0.0008;0.0027;0.0006;0;0;0.088;0.01;0;0;0;0;0;0;0;0;0;0;0;0;0.0022;0.0001;0.1027;0.1027;0;15.697;15.697;1.9074;0.0495;98.978;1037.4;1;0.0047;0.0047;0;0;0;0;0;0;0.098;0.01;0;16.547;19.161;1.6065;1.8603;95.411;95.411;0.9841;0.8659;0.0841;0.1182;0.7819;0.1201;0.7944;0.0854;22.964;0.08;0
26/09/21 18:00;0;0;90;0;0;90;0;0;0;0;10.13;2.18;0;0;0;0;0;0;0;0;0;0;0;0;0;1;1;1;1;0;0;0;0;0;0;0;0;0;0;0;0;0;0;0;0;0;0;0;0;0;0;0;0;0;0;0;0;0;0;0;0;0;0;0;1;1;1;1;1;1;1;1;1;1;1;1;1;1;1;1;1;1;1;0;0;0;0;0;0;0;0;0;0.0004;0.088;-0.0884;0;0;0;0;0;0;0;0;0;0;0;0;0;0;0;0;0;0;0;-10.13;0;0;0;0;0.0004;0;0;0;0;0;0;0;-0.0004;-0.0884;0;0;0;0;0;0;0;0;0;-0.7452;0;0.7452;1;1;0;0;0;0
26/09/21 19:00;0;0;90;0;0;90;0;0;0;0;7.2;2.8501;0;0;0;0;0;0;0;0;0;0;0;0;0;1;1;1;1;0;0;0;0;0;0;0;0;0;0;0;0;0;0;0;0;0;0;0;0;0;0;0;0;0;0;0;0;0;0;0;0;0;0;0;1;1;1;1;1;1;1;1;1;1;1;1;1;1;1;1;1;1;1;0;0;0;0;0;0;0;0;0;0.0004;0.088;-0.0884;0;0;0;0;0;0;0;0;0;0;0;0;0;0;0;0;0;0;0;-7.2;0;0;0;0;0.0004;0;0;0;0;0;0;0;-0.0004;-0.0884;0;0;0;0;0;0;0;0;0;-0.7452;0;0.7452;1;1;0;0;0;0
26/09/21 20:00;0;0;90;0;0;90;0;0;0;0;9.9701;3.8101;0;0;0;0;0;0;0;0;0;0;0;0;0;1;1;1;1;0;0;0;0;0;0;0;0;0;0;0;0;0;0;0;0;0;0;0;0;0;0;0;0;0;0;0;0;0;0;0;0;0;0;0;1;1;1;1;1;1;1;1;1;1;1;1;1;1;1;1;1;1;1;0;0;0;0;0;0;0;0;0;0.0004;0.088;-0.0884;0;0;0;0;0;0;0;0;0;0;0;0;0;0;0;0;0;0;0;-9.9701;0;0;0;0;0.0004;0;0;0;0;0;0;0;-0.0004;-0.0884;0;0;0;0;0;0;0;0;0;-0.7452;0;0.7452;1;1;0;0;0;0
26/09/21 21:00;0;0;90;0;0;90;0;0;0;0;10.58;4.7799;0;0;0;0;0;0;0;0;0;0;0;0;0;1;1;1;1;0;0;0;0;0;0;0;0;0;0;0;0;0;0;0;0;0;0;0;0;0;0;0;0;0;0;0;0;0;0;0;0;0;0;0;1;1;1;1;1;1;1;1;1;1;1;1;1;1;1;1;1;1;1;0;0;0;0;0;0;0;0;0;0.0004;0.088;-0.0884;0;0;0;0;0;0;0;0;0;0;0;0;0;0;0;0;0;0;0;-10.58;0;0;0;0;0.0004;0;0;0;0;0;0;0;-0.0004;-0.0884;0;0;0;0;0;0;0;0;0;-0.7452;0;0.7452;1;1;0;0;0;0
26/09/21 22:00;0;0;90;0;0;90;0;0;0;0;9.9801;5.22;0;0;0;0;0;0;0;0;0;0;0;0;0;1;1;1;1;0;0;0;0;0;0;0;0;0;0;0;0;0;0;0;0;0;0;0;0;0;0;0;0;0;0;0;0;0;0;0;0;0;0;0;1;1;1;1;1;1;1;1;1;1;1;1;1;1;1;1;1;1;1;0;0;0;0;0;0;0;0;0;0.0004;0.088;-0.0884;0;0;0;0;0;0;0;0;0;0;0;0;0;0;0;0;0;0;0;-9.9801;0;0;0;0;0.0004;0;0;0;0;0;0;0;-0.0004;-0.0884;0;0;0;0;0;0;0;0;0;-0.7452;0;0.7452;1;1;0;0;0;0
26/09/21 23:00;0;0;90;0;0;90;0;0;0;0;8.2397;5.15;0;0;0;0;0;0;0;0;0;0;0;0;0;1;1;1;1;0;0;0;0;0;0;0;0;0;0;0;0;0;0;0;0;0;0;0;0;0;0;0;0;0;0;0;0;0;0;0;0;0;0;0;1;1;1;1;1;1;1;1;1;1;1;1;1;1;1;1;1;1;1;0;0;0;0;0;0;0;0;0;0.0004;0.088;-0.0884;0;0;0;0;0;0;0;0;0;0;0;0;0;0;0;0;0;0;0;-8.2397;0;0;0;0;0.0004;0;0;0;0;0;0;0;-0.0004;-0.0884;0;0;0;0;0;0;0;0;0;-0.7452;0;0.7452;1;1;0;0;0;0
27/09/21 00:00;0;0;90;0;0;90;0;0;0;0;7.66;4.7799;0;0;0;0;0;0;0;0;0;0;0;0;0;1;1;1;1;0;0;0;0;0;0;0;0;0;0;0;0;0;0;0;0;0;0;0;0;0;0;0;0;0;0;0;0;0;0;0;0;0;0;0;1;1;1;1;1;1;1;1;1;1;1;1;1;1;1;1;1;1;1;0;0;0;0;0;0;0;0;0;0.0004;0.088;-0.0884;0;0;0;0;0;0;0;0;0;0;0;0;0;0;0;0;0;0;0;-7.66;0;0;0;0;0.0004;0;0;0;0;0;0;0;-0.0004;-0.0884;0;0;0;0;0;0;0;0;0;-0.7452;0;0.7452;1;1;0;0;0;0
27/09/21 01:00;0;0;90;0;0;90;0;0;0;0;7.89;4.4501;0;0;0;0;0;0;0;0;0;0;0;0;0;1;1;1;1;0;0;0;0;0;0;0;0;0;0;0;0;0;0;0;0;0;0;0;0;0;0;0;0;0;0;0;0;0;0;0;0;0;0;0;1;1;1;1;1;1;1;1;1;1;1;1;1;1;1;1;1;1;1;0;0;0;0;0;0;0;0;0;0.0004;0.088;-0.0884;0;0;0;0;0;0;0;0;0;0;0;0;0;0;0;0;0;0;0;-7.89;0;0;0;0;0.0004;0;0;0;0;0;0;0;-0.0004;-0.0884;0;0;0;0;0;0;0;0;0;-0.7452;0;0.7452;1;1;0;0;0;0
27/09/21 02:00;0;0;90;0;0;90;0;0;0;0;7.67;4.41;0;0;0;0;0;0;0;0;0;0;0;0;0;1;1;1;1;0;0;0;0;0;0;0;0;0;0;0;0;0;0;0;0;0;0;0;0;0;0;0;0;0;0;0;0;0;0;0;0;0;0;0;1;1;1;1;1;1;1;1;1;1;1;1;1;1;1;1;1;1;1;0;0;0;0;0;0;0;0;0;0.0004;0.088;-0.0884;0;0;0;0;0;0;0;0;0;0;0;0;0;0;0;0;0;0;0;-7.67;0;0;0;0;0.0004;0;0;0;0;0;0;0;-0.0004;-0.0884;0;0;0;0;0;0;0;0;0;-0.7452;0;0.7452;1;1;0;0;0;0
27/09/21 03:00;0;0;90;0;0;90;0;0;0;0;6.3298;4.64;0;0;0;0;0;0;0;0;0;0;0;0;0;1;1;1;1;0;0;0;0;0;0;0;0;0;0;0;0;0;0;0;0;0;0;0;0;0;0;0;0;0;0;0;0;0;0;0;0;0;0;0;1;1;1;1;1;1;1;1;1;1;1;1;1;1;1;1;1;1;1;0;0;0;0;0;0;0;0;0;0.0004;0.088;-0.0884;0;0;0;0;0;0;0;0;0;0;0;0;0;0;0;0;0;0;0;-6.3298;0;0;0;0;0.0004;0;0;0;0;0;0;0;-0.0004;-0.0884;0;0;0;0;0;0;0;0;0;-0.7452;0;0.7452;1;1;0;0;0;0
27/09/21 04:00;0;0;90;0;0;90;0;0;0;0;6.8198;4.57;0;0;0;0;0;0;0;0;0;0;0;0;0;1;1;1;1;0;0;0;0;0;0;0;0;0;0;0;0;0;0;0;0;0;0;0;0;0;0;0;0;0;0;0;0;0;0;0;0;0;0;0;1;1;1;1;1;1;1;1;1;1;1;1;1;1;1;1;1;1;1;0;0;0;0;0;0;0;0;0;0.0004;0.088;-0.0884;0;0;0;0;0;0;0;0;0;0;0;0;0;0;0;0;0;0;0;-6.8198;0;0;0;0;0.0004;0;0;0;0;0;0;0;-0.0004;-0.0884;0;0;0;0;0;0;0;0;0;-0.7452;0;0.7452;1;1;0;0;0;0
27/09/21 05:00;1.7111;-91.033;85.847;1.7114;2.4422;-90;-2.4422;0;0;0;6.74;4.56;0;0;0;0;0;0;0;0;0;0;0;0;0;1;1;1;1;0;0;0;0;0;0;0;0;0;0;0;0;0;0;0;0;0;0;0;0;0;0;0;0;0;0;0;0;0;0;0;0;0;0;0;1;1;1;1;1;1;1;1;1;1;1;1;1;1;1;1;1;1;1;0;0;0;0;0;0;0;0;0;0.0004;0.088;-0.0884;0;0;0;0;0;0;0;0;0;0;0;0;0;0;0;0;0;0;0;-6.74;0;0;0;0;0.0004;0;0;0;0;0;0;0;-0.0004;-0.0884;0;0;0;0;0;0;0;0;0;-0.7452;0;0.7452;1;1;0;0;0;0
27/09/21 06:00;9.4742;-85.535;66.471;9.5025;14.1;-90;-14.1;131.1;21.599;109.5;8.2298;5.4199;0;265.56;10.898;25.548;0;0.3752;302.38;0;302.38;265.56;25.548;10.898;0.3752;0.8782;0.0373;0;0.0012;301.93;0.4514;0;0;0.1399;0.3116;279.64;21.687;19.396;1.866;0.4109;0.0142;301.33;0.6039;0.5311;0.0511;0.0215;0.0001;279.65;245.64;23.631;10.326;0.0493;7.1993;5.8458;2.1782;0.0114;0.0736;1.0583;0.0067;1.1205;0;1;0;0;2.3066;0.9985;1;1;0.9872;0.1697;0.928;0.9268;1;0.9617;0.7759;0.998;0.998;1;0.998;0.998;0.9248;0.9475;0.1314;0.8606;0.8022;0.0048;0.0147;-0.0089;0.0055;0.0197;0.0002;0;0;0.088;0.6476;0;0;0;0;0;0;0;0;0;0;0;0;0.0158;0.0018;0.7486;0.7486;0;21.86;21.86;13.63;0.0487;687.7;1088.5;1;0.013;0.013;0;0;0;0;0;0;0.7356;0.6476;0;16.358;18.942;14.152;16.387;98.269;98.269;7.2572;6.3126;5.4612;0.9446;0.8514;0.1302;0.1173;0.7525;6.6112;0.7506;0
27/09/21 07:00;21.578;-76.332;26.88;22.147;43.96;-90;-43.96;347.89;57.799;290.09;11.31;5.8801;0;703.56;20.959;81.066;0;9.2596;814.84;0;814.84;703.56;81.066;20.959;9.2596;0.8634;0.0371;0;0.0114;804.64;10.2;0;0;1.6715;8.5282;801.63;1.4016;0.6519;0.0751;0.6266;0.0479;803.03;1.6093;1.4071;0.1621;0.0386;0.0015;801.87;701.5;80.829;18.622;0.682;17.037;13.834;5.6899;1.1831;0.2145;3.0851;0.2409;2.1165;0;1;0;0;2.3422;0.9875;1;1;0.9202;0.079;0.9983;0.9991;1;0.9674;0.9343;0.998;0.998;1;0.998;0.998;0.9838;0.8885;0.0736;2.319;2.3004;0.0139;-0.0018;0.2112;0.0145;0.0516;0.0005;0;0;0.088;1.8368;0;0;0;0;0;0;0;0;0;0;0;0;0.0415;0.0125;1.9565;1.9565;0;51.147;51.147;39.836;0.0497;1985.6;985.36;1;0.0317;0.0317;0;0;0;0;0;0;1.9248;1.8368;0;15.866;18.373;14.896;17.249;98.38;98.38;19.556;16.5;15.49;3.0566;1.0093;0.1563;0.0516;0.7921;15.452;0.7899;0
27/09/21 08:00;33.171;-65.589;20.238;35.671;54.329;-90;-54.329;566.89;93.5;473.39;13.51;5.23;0;811.81;27.062;101.71;0;22.45;963.03;0;963.03;811.81;101.71;27.062;22.45;0.843;0.0514;0;0.0233;939.18;23.854;0;0;2.9359;20.918;935.78;1.5197;0.5664;0.071;0.8177;0.0647;937.3;1.8784;1.6236;0.2034;0.0483;0.0031;940.14;809.62;101.44;23.26;1.4647;179.99;146.15;53.374;3.187;2.0984;30.185;4.3641;29.097;0;1;0;0;1.6988;0.9752;1;1;0.8915;0.0683;0.9984;0.9993;1;0.966;0.9577;0.998;0.998;1;0.998;0.998;0.9717;0.8595;0.0652;2.7407;2.7503;0.0166;-0.0009;0.3421;0.0167;0.0594;0.005;0;0;0.088;2.121;0;0;0;0;0;0;0;0;0;0;0;0;0.0478;0.0175;2.2462;2.2462;0;60.363;60.363;46.853;0.0501;2371.2;947.28;1;0.0372;0.0372;0;0;0;0;0;0;2.209;2.121;0;15.412;17.847;14.553;16.852;98.344;98.344;23.113;18.942;17.886;4.1705;1.0558;0.1804;0.0457;0.7739;22.103;0.7561;0
27/09/21 09:00;43.667;-51.857;26.537;50.513;39.487;-90;-39.487;593.7;192.2;401.49;15.51;4.42;0;520.23;97.678;106.17;0;12.873;736.95;0;736.95;520.23;106.17;97.678;12.873;0.7059;0.15;0;0.0175;718.58;18.375;0;0;6.6504;11.725;713.52;3.623;0.4759;0.0971;2.9408;0.1092;717.14;1.4372;1.0405;0.2123;0.1821;0.0023;717.2;518.71;105.86;87.905;1.0365;295.7;240.11;90.947;3.8093;3.1428;45.207;3.6825;44.541;0;1;0;0;1.2413;0.9751;1;1;0.9319;0.0892;0.9949;0.9991;1;0.9676;0.9047;0.998;0.998;1;0.998;0.998;0.9682;0.8999;0.0805;2.0973;2.1425;0.0129;-0.0012;0.1957;0.0135;0.048;0.0078;0;0;0.088;1.6992;0;0;0;0;0;0;0;0;0;0;0;0;0.0387;0.0108;1.8162;1.8162;0;50.969;50.969;35.459;0.0497;1845.2;984.28;1;0.029;0.029;0;0;0;0;0;0;1.7872;1.6992;0;16.285;18.858;15.236;17.643;98.403;98.403;17.687;15.316;14.33;2.3705;0.9867;0.134;0.0558;0.8102;69.276;0.7746;0
27/09/21 10:00;51.997;-33.167;31.023;66.855;23.145;-90;-23.145;893.3;147.4;745.9;15.29;3.8299;0;811.19;43.288;111.25;0;6.8304;972.56;0;972.56;811.19;111.25;43.288;6.8304;0.8341;0.0515;0;0.007;965.52;7.0366;0;0;1.264;5.7725;960.45;3.14;1.3234;0.1815;1.4139;0.2211;963.59;1.931;1.6224;0.2225;0.084;0.0021;962.18;808.24;110.85;40.526;0.8346;497.05;403.61;150.09;0.2647;5.0651;72.86;1.7281;77.66;0;1;0;0;1.0887;0.9928;1;1;0.9708;0.1549;0.9967;0.9984;1;0.9663;0.7906;0.998;0.998;1;0.998;0.998;0.9876;0.9362;0.1222;2.7678;2.8988;0.0175;0.0004;0.3927;0.0174;0.0618;0.0119;0;0;0.088;2.2013;0;0;0;0;0;0;0;0;0;0;0;0;0.0498;0.0192;2.3282;2.3282;0;63.503;63.503;48.213;0.0502;2493.6;933.66;1;0.0389;0.0389;0;0;0;0;0;0;2.2893;2.2013;0;15.819;18.318;14.957;17.319;98.331;98.331;23.341;19.634;18.564;3.7076;1.0699;0.1588;0.0458;0.7953;27.339;0.7531;0
27/09/21 11:00;56.414;-8.5039;33.168;84.392;5.6082;-90;-5.6082;332.69;316.9;15.795;15.6;3.62;0;15.871;311.75;4.4264;0;0.1513;332.19;0;332.19;15.871;4.4264;311.75;0.1513;0.0478;0.9389;0;0.0005;331.2;0.999;0;0;0.8731;0.1259;317.02;13.509;0.0458;0.0128;13.445;0.0057;330.53;0.6624;0.0317;0.0089;0.6217;0.0001;317.04;15.794;4.4048;296.81;0.0197;197.16;160.1;56.631;0.0062;2.1914;31.523;0.0121;33.708;0;1;0;0;0.9985;0.997;1;1;0.9972;0.1677;0.9591;0.9971;1;0.9567;0.7766;0.998;0.998;1;0.998;0.998;0.9543;0.9521;0.13;0.9454;0.9702;0.0058;0.0126;0.0213;0.0065;0.0231;0.0057;0;0;0.088;0.7717;0;0;0;0;0;0;0;0;0;0;0;0;0.0186;0.0025;0.874;0.874;0;31.159;31.159;15.559;0.0491;831.13;1051.6;1;0.0143;0.0143;0;0;0;0;0;0;0.8597;0.7717;0;17.386;20.132;15.351;17.776;98.362;98.362;7.9727;7.3707;6.5078;0.602;0.8628;0.0755;0.1082;0.8163;185.29;0.7621;0
27/09/21 12:00;55.347;18.328;32.667;77.737;12.263;90;12.263;429.1;373.1;55.996;16.17;3.63;0;57.303;350.44;19.055;0;0.9301;427.73;0;427.73;57.303;19.055;350.44;0.9301;0.134;0.8215;0;0.0022;423.38;4.3425;0;0;3.5685;0.7741;408.64;13.891;0.1485;0.0494;13.659;0.0351;422.54;0.8468;0.1146;0.0381;0.6937;0.0003;408.83;57.04;18.968;332.52;0.1207;254.64;206.77;74.04;0.219;2.7856;40.069;0.1834;42.636;0;1;0;0;0.9968;0.9898;1;1;0.9898;0.1678;0.9671;0.9974;1;0.9605;0.7747;0.998;0.998;1;0.998;0.998;0.9554;0.9489;0.1297;1.2173;1.2499;0.0075;0.0086;0.0499;0.0083;0.0294;0.0072;0;0;0.088;1.0057;0;0;0;0;0;0;0;0;0;0;0;0;0.0237;0.004;1.1113;1.1113;0;36.279;36.279;20.11;0.0492;1073.2;1035.5;1;0.0176;0.0176;0;0;0;0;0;0;1.0937;1.0057;0;17.169;19.881;15.537;17.991;98.412;98.412;10.265;9.3718;8.4808;0.8936;0.891;0.087;0.0868;0.8262;211.35;0.772;0
27/09/21 13:00;49.232;40.863;29.594;60.573;29.427;90;29.427;855.69;141.2;714.49;17.24;3.48;0;820.33;40.728;112.13;0;10.488;983.68;0;983.68;820.33;112.13;40.728;10.488;0.8339;0.0521;0;0.0107;972.76;10.92;0;0;1.7524;9.1673;968.35;2.4603;0.8369;0.1144;1.27;0.239;970.81;1.9455;1.6407;0.2243;0.078;0.0026;971.15;817.85;111.79;37.628;1.0791;456.3;370.52;140.19;0.5794;4.5153;64.951;2.7931;68.887;0;1;0;0;1.1496;0.9889;1;1;0.957;0.1259;0.9975;0.999;1;0.9673;0.8186;0.998;0.998;1;0.998;0.998;0.9844;0.9239;0.1029;2.7995;2.9086;0.0175;0.0005;0.4197;0.0173;0.0613;0.0105;0;0;0.088;2.1867;0;0;0;0;0;0;0;0;0;0;0;0;0.0494;0.0194;2.313;2.313;0;65.947;65.947;48.707;0.0503;2504.1;923.68;1;0.0383;0.0383;0;0;0;0;0;0;2.2747;2.1867;0;15.538;17.992;14.689;17.01;98.346;98.346;23.608;19.506;18.441;4.1027;1.0648;0.1738;0.0451;0.7811;26.74;0.7443;0
27/09/21 14:00;39.922;57.461;24.362;44.787;45.213;90;45.213;317.91;288.3;29.604;17.86;3.1099;0;42.022;237.39;13.841;0;8.9251;302.18;0;302.18;42.022;13.841;237.39;8.9251;0.1391;0.8151;0;0.0295;274.11;28.072;0;0;19.79;8.282;266.39;7.1736;0.0353;0.0116;7.0876;0.039;273.56;0.5482;0.084;0.0277;0.4352;0.0013;269.6;41.903;13.802;210.08;0.6028;193.45;157.08;62.066;14.736;2.6851;38.624;3.2102;26.573;0;1;0;0;0.9505;0.9071;1;1;0.9166;0.0721;0.9738;0.9992;1;0.9674;0.9392;0.998;0.998;1;0.998;0.998;0.8815;0.8849;0.0675;0.86;0.8487;0.0051;0.0142;0.018;0.0057;0.0201;0.007;0;0;0.088;0.6597;0;0;0;0;0;0;0;0;0;0;0;0;0.0162;0.002;0.7603;0.7603;0;30.948;30.948;13.088;0.0491;725.55;1047.9;1;0.0126;0.0126;0;0;0;0;0;0;0.7477;0.6597;0;16.627;19.253;14.426;16.705;98.336;98.336;7.2523;6.412;5.5632;0.8404;0.8488;0.1159;0.117;0.7671;177.02;0.7001;0
27/09/21 15:00;28.924;69.867;17.533;30.479;59.521;90;59.521;278.6;237;41.6;17.47;2.51;0;82.016;167.34;29.466;0;13.043;291.87;0;291.87;82.016;29.466;167.34;13.043;0.281;0.618;0;0.0447;258.87;33;0;0;20.795;12.205;253.07;5.2764;0.0496;0.0178;5.1546;0.0545;258.35;0.5177;0.164;0.0589;0.2931;0.0017;257.87;81.803;29.389;141.1;0.7814;155.67;126.4;53.044;27.19;2.9558;42.518;4.7939;18.284;0;1;0;0;1.0476;0.8869;1;1;0.8757;0.0642;0.9796;0.9994;1;0.9648;0.9349;0.998;0.998;1;0.998;0.998;0.8671;0.8432;0.0599;0.8306;0.8229;0.005;0.0145;0.0144;0.0055;0.0196;0.0077;0;0;0.088;0.6382;0;0;0;0;0;0;0;0;0;0;0;0;0.0158;0.0019;0.7386;0.7386;0;29.897;29.897;12.427;0.0491;702.7;1051.1;1;0.0124;0.0124;0;0;0;0;0;0;0.7262;0.6382;0;16.722;19.363;14.449;16.732;98.323;98.323;7.0048;6.2286;5.382;0.7763;0.8465;0.1108;0.1209;0.7683;144.87;0.6928;0
27/09/21 16:00;17.089;79.894;44.548;17.342;28.953;90;28.953;192.1;155.6;36.501;17.94;1.62;0;88.525;132.59;34.368;0;2.2809;257.77;0;257.77;88.525;34.368;132.59;2.2809;0.3434;0.5232;0;0.0088;250.22;7.5484;0;0;5.5593;1.9891;244.35;5.3704;0.8432;0.3274;4.1462;0.0536;249.72;0.5004;0.177;0.0687;0.2541;0.0006;244.86;87.504;33.972;122.63;0.2376;87.023;70.662;26.284;1.7753;0.9987;14.366;0.5111;13.59;0;1;0;0;1.3418;0.9707;1;1;0.9581;0.1279;0.9785;0.9905;1;0.9673;0.8159;0.998;0.998;1;0.998;0.998;0.9479;0.9249;0.1042;0.7336;0.7293;0.0044;0.0156;0.0129;0.0049;0.0173;0.0026;0;0;0.088;0.557;0;0;0;0;0;0;0;0;0;0;0;0;0.0139;0.0015;0.6563;0.6563;0;29.942;29.942;12.002;0.0491;624.37;1051.1;1;0.0112;0.0112;0;0;0;0;0;0;0.645;0.557;0;16.823;19.481;14.279;16.535;98.288;98.288;6.1864;5.5343;4.6974;0.6521;0.8369;0.1054;0.1353;0.7593;86.774;0.7289;0
27/09/21 17:00;5.5049;88.361;76.546;5.5071;7.952;90;7.952;22.094;21.798;0.2953;15.3;1.3599;0;0.7162;21.645;0.1193;0;0.0202;22.5;0;22.5;0.7162;0.1193;21.645;0.0202;0.0318;0.9629;0;0.0009;22.376;0.124;0;0;0.1072;0.0168;21.244;1.088;0.1566;0.0261;0.9045;0.0008;22.332;0.0448;0.0014;0.0002;0.0431;0;21.246;0.5581;0.093;20.59;0.0026;12.918;10.489;3.7005;0.0025;0.1444;2.0764;0.0027;2.2183;0;1;0;0;1.0184;0.9945;1;1;0.995;0.1675;0.9513;0.7809;1;0.9579;0.7754;0.998;0.998;1;0.998;0.998;0.9441;0.9513;0.1296;0.064;0.0649;0.0004;0.009;-0.002;0.0004;0.0014;0.0003;0;0;0.088;-0.0371;0;0;0;0;0;0;0;0;0;0;0;0;0.0012;0;0.0542;0.0542;0;16.361;16.361;1.0608;0.0499;53.799;1008;1;0.0033;0.0033;0;0;0;0;0;0;0.0509;-0.0371;0;15.927;18.443;-10.885;-12.605;93.924;93.924;0.54;0.4573;-0.3126;0.0827;0.7699;0.1531;1.4257;0;12.916;0;0
27/09/21 18:00;0;0;90;0;0;90;0;0;0;0;11.92;1.24;0;0;0;0;0;0;0;0;0;0;0;0;0;1;1;1;1;0;0;0;0;0;0;0;0;0;0;0;0;0;0;0;0;0;0;0;0;0;0;0;0;0;0;0;0;0;0;0;0;0;0;0;1;1;1;1;1;1;1;1;1;1;1;1;1;1;1;1;1;1;1;0;0;0;0;0;0;0;0;0;0.0004;0.088;-0.0884;0;0;0;0;0;0;0;0;0;0;0;0;0;0;0;0;0;0;0;-11.92;0;0;0;0;0.0004;0;0;0;0;0;0;0;-0.0004;-0.0884;0;0;0;0;0;0;0;0;0;-0.7452;0;0.7452;1;1;0;0;0;0
27/09/21 19:00;0;0;90;0;0;90;0;0;0;0;9.32;1.63;0;0;0;0;0;0;0;0;0;0;0;0;0;1;1;1;1;0;0;0;0;0;0;0;0;0;0;0;0;0;0;0;0;0;0;0;0;0;0;0;0;0;0;0;0;0;0;0;0;0;0;0;1;1;1;1;1;1;1;1;1;1;1;1;1;1;1;1;1;1;1;0;0;0;0;0;0;0;0;0;0.0004;0.088;-0.0884;0;0;0;0;0;0;0;0;0;0;0;0;0;0;0;0;0;0;0;-9.32;0;0;0;0;0.0004;0;0;0;0;0;0;0;-0.0004;-0.0884;0;0;0;0;0;0;0;0;0;-0.7452;0;0.7452;1;1;0;0;0;0
27/09/21 20:00;0;0;90;0;0;90;0;0;0;0;7.6999;2.0799;0;0;0;0;0;0;0;0;0;0;0;0;0;1;1;1;1;0;0;0;0;0;0;0;0;0;0;0;0;0;0;0;0;0;0;0;0;0;0;0;0;0;0;0;0;0;0;0;0;0;0;0;1;1;1;1;1;1;1;1;1;1;1;1;1;1;1;1;1;1;1;0;0;0;0;0;0;0;0;0;0.0004;0.088;-0.0884;0;0;0;0;0;0;0;0;0;0;0;0;0;0;0;0;0;0;0;-7.6999;0;0;0;0;0.0004;0;0;0;0;0;0;0;-0.0004;-0.0884;0;0;0;0;0;0;0;0;0;-0.7452;0;0.7452;1;1;0;0;0;0
27/09/21 21:00;0;0;90;0;0;90;0;0;0;0;7.7199;2.4501;0;0;0;0;0;0;0;0;0;0;0;0;0;1;1;1;1;0;0;0;0;0;0;0;0;0;0;0;0;0;0;0;0;0;0;0;0;0;0;0;0;0;0;0;0;0;0;0;0;0;0;0;1;1;1;1;1;1;1;1;1;1;1;1;1;1;1;1;1;1;1;0;0;0;0;0;0;0;0;0;0.0004;0.088;-0.0884;0;0;0;0;0;0;0;0;0;0;0;0;0;0;0;0;0;0;0;-7.7199;0;0;0;0;0.0004;0;0;0;0;0;0;0;-0.0004;-0.0884;0;0;0;0;0;0;0;0;0;-0.7452;0;0.7452;1;1;0;0;0;0
27/09/21 22:00;0;0;90;0;0;90;0;0;0;0;7.8501;2.7001;0;0;0;0;0;0;0;0;0;0;0;0;0;1;1;1;1;0;0;0;0;0;0;0;0;0;0;0;0;0;0;0;0;0;0;0;0;0;0;0;0;0;0;0;0;0;0;0;0;0;0;0;1;1;1;1;1;1;1;1;1;1;1;1;1;1;1;1;1;1;1;0;0;0;0;0;0;0;0;0;0.0004;0.088;-0.0884;0;0;0;0;0;0;0;0;0;0;0;0;0;0;0;0;0;0;0;-7.8501;0;0;0;0;0.0004;0;0;0;0;0;0;0;-0.0004;-0.0884;0;0;0;0;0;0;0;0;0;-0.7452;0;0.7452;1;1;0;0;0;0
27/09/21 23:00;0;0;90;0;0;90;0;0;0;0;6.5299;2.91;0;0;0;0;0;0;0;0;0;0;0;0;0;1;1;1;1;0;0;0;0;0;0;0;0;0;0;0;0;0;0;0;0;0;0;0;0;0;0;0;0;0;0;0;0;0;0;0;0;0;0;0;1;1;1;1;1;1;1;1;1;1;1;1;1;1;1;1;1;1;1;0;0;0;0;0;0;0;0;0;0.0004;0.088;-0.0884;0;0;0;0;0;0;0;0;0;0;0;0;0;0;0;0;0;0;0;-6.5299;0;0;0;0;0.0004;0;0;0;0;0;0;0;-0.0004;-0.0884;0;0;0;0;0;0;0;0;0;-0.7452;0;0.7452;1;1;0;0;0;0
28/09/21 00:00;0;0;90;0;0;90;0;0;0;0;4.8002;3.1001;0;0;0;0;0;0;0;0;0;0;0;0;0;1;1;1;1;0;0;0;0;0;0;0;0;0;0;0;0;0;0;0;0;0;0;0;0;0;0;0;0;0;0;0;0;0;0;0;0;0;0;0;1;1;1;1;1;1;1;1;1;1;1;1;1;1;1;1;1;1;1;0;0;0;0;0;0;0;0;0;0.0004;0.088;-0.0884;0;0;0;0;0;0;0;0;0;0;0;0;0;0;0;0;0;0;0;-4.8002;0;0;0;0;0.0004;0;0;0;0;0;0;0;-0.0004;-0.0884;0;0;0;0;0;0;0;0;0;-0.7452;0;0.7452;1;1;0;0;0;0
28/09/21 01:00;0;0;90;0;0;90;0;0;0;0;5.3599;3.21;0;0;0;0;0;0;0;0;0;0;0;0;0;1;1;1;1;0;0;0;0;0;0;0;0;0;0;0;0;0;0;0;0;0;0;0;0;0;0;0;0;0;0;0;0;0;0;0;0;0;0;0;1;1;1;1;1;1;1;1;1;1;1;1;1;1;1;1;1;1;1;0;0;0;0;0;0;0;0;0;0.0004;0.088;-0.0884;0;0;0;0;0;0;0;0;0;0;0;0;0;0;0;0;0;0;0;-5.3599;0;0;0;0;0.0004;0;0;0;0;0;0;0;-0.0004;-0.0884;0;0;0;0;0;0;0;0;0;-0.7452;0;0.7452;1;1;0;0;0;0
28/09/21 02:00;0;0;90;0;0;90;0;0;0;0;4.9903;3.2601;0;0;0;0;0;0;0;0;0;0;0;0;0;1;1;1;1;0;0;0;0;0;0;0;0;0;0;0;0;0;0;0;0;0;0;0;0;0;0;0;0;0;0;0;0;0;0;0;0;0;0;0;1;1;1;1;1;1;1;1;1;1;1;1;1;1;1;1;1;1;1;0;0;0;0;0;0;0;0;0;0.0004;0.088;-0.0884;0;0;0;0;0;0;0;0;0;0;0;0;0;0;0;0;0;0;0;-4.9903;0;0;0;0;0.0004;0;0;0;0;0;0;0;-0.0004;-0.0884;0;0;0;0;0;0;0;0;0;-0.7452;0;0.7452;1;1;0;0;0;0
28/09/21 03:00;0;0;90;0;0;90;0;0;0;0;4.9498;3.37;0;0;0;0;0;0;0;0;0;0;0;0;0;1;1;1;1;0;0;0;0;0;0;0;0;0;0;0;0;0;0;0;0;0;0;0;0;0;0;0;0;0;0;0;0;0;0;0;0;0;0;0;1;1;1;1;1;1;1;1;1;1;1;1;1;1;1;1;1;1;1;0;0;0;0;0;0;0;0;0;0.0004;0.088;-0.0884;0;0;0;0;0;0;0;0;0;0;0;0;0;0;0;0;0;0;0;-4.9498;0;0;0;0;0.0004;0;0;0;0;0;0;0;-0.0004;-0.0884;0;0;0;0;0;0;0;0;0;-0.7452;0;0.7452;1;1;0;0;0;0
28/09/21 04:00;0;0;90;0;0;90;0;0;0;0;4.9099;3.6699;0;0;0;0;0;0;0;0;0;0;0;0;0;1;1;1;1;0;0;0;0;0;0;0;0;0;0;0;0;0;0;0;0;0;0;0;0;0;0;0;0;0;0;0;0;0;0;0;0;0;0;0;1;1;1;1;1;1;1;1;1;1;1;1;1;1;1;1;1;1;1;0;0;0;0;0;0;0;0;0;0.0004;0.088;-0.0884;0;0;0;0;0;0;0;0;0;0;0;0;0;0;0;0;0;0;0;-4.9099;0;0;0;0;0.0004;0;0;0;0;0;0;0;-0.0004;-0.0884;0;0;0;0;0;0;0;0;0;-0.7452;0;0.7452;1;1;0;0;0;0
28/09/21 05:00;1.8019;-91.445;85.626;1.8025;2.5725;-90;-2.5725;0;0;0;4.18;4.35;0;0;0;0;0;0;0;0;0;0;0;0;0;1;1;1;1;0;0;0;0;0;0;0;0;0;0;0;0;0;0;0;0;0;0;0;0;0;0;0;0;0;0;0;0;0;0;0;0;0;0;0;1;1;1;1;1;1;1;1;1;1;1;1;1;1;1;1;1;1;1;0;0;0;0;0;0;0;0;0;0.0004;0.088;-0.0884;0;0;0;0;0;0;0;0;0;0;0;0;0;0;0;0;0;0;0;-4.18;0;0;0;0;0.0004;0;0;0;0;0;0;0;-0.0004;-0.0884;0;0;0;0;0;0;0;0;0;-0.7452;0;0.7452;1;1;0;0;0;0
28/09/21 06:00;9.7704;-85.806;65.696;9.7962;14.575;-90;-14.575;150.9;24.898;126.01;6.1802;5.36;0;305.6;11.169;32.854;0;0.4613;350.09;0;350.09;305.6;32.854;11.169;0.4613;0.8729;0.0332;0;0.0013;349.55;0.5347;0;0;0.1516;0.3831;325.72;23.129;20.491;2.203;0.4174;0.0175;348.85;0.6991;0.6112;0.0657;0.022;0.0002;325.73;284.5;30.586;10.578;0.0606;7.4703;6.0659;1.7587;0.0132;0.109;1.5683;0.0102;1.6642;0;1;0;0;2.3199;0.9985;1;1;0.9864;0.1695;0.9337;0.9328;1;0.962;0.776;0.998;0.998;1;0.998;0.998;0.9304;0.9471;0.1313;0.9963;0.9351;0.0056;0.0131;-0.0098;0.0065;0.023;0.0003;0;0;0.088;0.7727;0;0;0;0;0;0;0;0;0;0;0;0;0.0185;0.0024;0.8755;0.8755;0;22.043;22.043;15.863;0.0487;801.53;1092.3;1;0.0149;0.0149;0;0;0;0;0;0;0.8607;0.7727;0;16.525;19.136;14.584;16.888;98.303;98.303;8.4021;7.3833;6.5159;1.0188;0.8674;0.1213;0.1032;0.7755;6.7866;0.7729;0
28/09/21 07:00;21.884;-76.608;25.317;22.435;45.322;-90;-45.322;333.1;65.801;267.3;11.86;5.6699;0;648.28;26.588;83.863;0;9.3946;768.13;0;768.13;648.28;83.863;26.588;9.3946;0.844;0.0468;0;0.0122;757.24;10.891;0;0;2.2169;8.6745;754.25;1.4753;0.5658;0.0732;0.7942;0.0422;755.72;1.5145;1.2966;0.1677;0.0487;0.0014;754.58;646.42;83.622;23.528;0.6765;21.326;17.317;7.0892;1.6664;0.2827;4.066;0.3319;2.6823;0;1;0;0;2.306;0.9858;1;1;0.9166;0.0767;0.998;0.9991;1;0.9673;0.9413;0.998;0.998;1;0.998;0.998;0.9819;0.8849;0.072;2.186;2.1671;0.0131;-0.0013;0.1849;0.0138;0.0489;0.0007;0;0;0.088;1.7386;0;0;0;0;0;0;0;0;0;0;0;0;0.0394;0.0111;1.8566;1.8566;0;49.288;49.288;37.428;0.0496;1869.4;993.13;1;0.0299;0.0299;0;0;0;0;0;0;1.8266;1.7386;0;15.971;18.494;14.957;17.32;98.387;98.387;18.435;15.657;14.662;2.7786;0.9946;0.1507;0.054;0.7953;19.847;0.7922;0
28/09/21 08:00;33.495;-65.867;19.935;35.947;54.053;-90;-54.053;474.69;138.1;336.59;16.39;6.26;0;573.37;60.61;105.14;0;18.623;757.74;0;757.74;573.37;105.14;60.61;18.623;0.7567;0.1046;0;0.0246;733.86;23.877;0;0;6.5272;17.35;730.04;2.3493;0.394;0.0723;1.8299;0.0532;732.39;1.4677;1.1467;0.2103;0.1082;0.0025;734.23;571.83;104.85;52.145;1.2169;169.27;137.45;50.716;7.0036;2.2002;31.649;4.1901;26.845;0;1;0;0;1.5963;0.9685;1;1;0.8923;0.0683;0.9968;0.9993;1;0.9661;0.9582;0.998;0.998;1;0.998;0.998;0.9635;0.8603;0.0653;2.1565;2.1641;0.013;-0.0013;0.2112;0.0136;0.0482;0.0054;0;0;0.088;1.7071;0;0;0;0;0;0;0;0;0;0;0;0;0.0388;0.0111;1.8241;1.8241;0;52.721;52.721;36.331;0.0498;1865.7;977.69;1;0.029;0.029;0;0;0;0;0;0;1.7951;1.7071;0;15.907;18.42;14.887;17.238;98.409;98.409;18.186;15.383;14.396;2.8031;0.9869;0.1541;0.0543;0.7916;49.358;0.7676;0
28/09/21 09:00;44.02;-52.112;26.207;50.762;39.238;-90;-39.238;768.71;126.8;641.91;18.68;6.11;0;828.77;36.355;110.81;0;16.466;992.4;0;992.4;828.77;110.81;36.355;16.466;0.8351;0.0532;0;0.0166;974.97;17.433;0;0;2.4512;14.982;970.93;2.0887;0.7487;0.1001;1.095;0.1449;973.02;1.9499;1.6575;0.2216;0.0678;0.003;975.46;826.37;110.49;32.741;1.3356;367.95;298.77;112.57;1.3903;3.7316;53.677;4.5335;56.019;0;1;0;0;1.291;0.9824;1;1;0.9326;0.0901;0.9979;0.9991;1;0.9676;0.9021;0.998;0.998;1;0.998;0.998;0.9784;0.9006;0.0811;2.8243;2.8984;0.0175;0.0004;0.4355;0.0171;0.0607;0.0086;0;0;0.088;2.1649;0;0;0;0;0;0;0;0;0;0;0;0;0.0489;0.0193;2.2905;2.2905;0;67.582;67.582;48.902;0.0504;2497;917.3;1;0.0376;0.0376;0;0;0;0;0;0;2.2529;2.1649;0;15.251;17.661;14.415;16.692;98.359;98.359;23.818;19.316;18.257;4.5016;1.059;0.189;0.0445;0.7665;25.729;0.7367;0
28/09/21 10:00;52.384;-33.324;30.664;67.056;22.944;-90;-22.944;844.3;139.1;705.21;19.72;5.3201;0;765.79;46.445;98.536;0;6.3454;917.12;0;917.12;765.79;98.536;46.445;6.3454;0.835;0.0576;0;0.0069;910.42;6.6954;0;0;1.3373;5.3581;905.64;2.9558;1.0888;0.1401;1.5198;0.2071;908.6;1.8208;1.5316;0.1971;0.0902;0.002;907.2;763.17;98.199;43.498;0.7782;470.61;382.14;144.92;0.275;4.614;66.371;1.5524;70.71;0;1;0;0;1.0862;0.9927;1;1;0.9712;0.1556;0.9967;0.9986;1;0.9662;0.7898;0.998;0.998;1;0.998;0.998;0.9875;0.9365;0.1226;2.61;2.7285;0.0164;-0.0011;0.3875;0.0163;0.0577;0.0107;0;0;0.088;2.0541;0;0;0;0;0;0;0;0;0;0;0;0;0.0465;0.0171;2.1772;2.1772;0;65.246;65.246;45.526;0.0503;2348.7;927;1;0.0351;0.0351;0;0;0;0;0;0;2.1421;2.0541;0;15.687;18.166;14.8;17.139;98.388;98.388;22.011;18.361;17.323;3.6499;1.038;0.1658;0.0472;0.787;29.3;0.7466;0
28/09/21 11:00;56.811;-8.4313;32.785;84.522;5.4784;-90;-5.4784;1014.8;167.4;847.4;20.55;4.4799;0;851.29;43.096;124.78;0;0.4404;1019.6;0;1019.6;851.29;124.78;43.096;0.4404;0.8349;0.0427;0;0.0004;1019.1;0.4828;0;0;0.1163;0.3665;1012.6;4.4741;2.2641;0.3319;1.8616;0.0165;1017.1;2.0382;1.7026;0.2496;0.086;0.0001;1012.7;847.32;124.2;41.032;0.0572;596.73;484.55;182.74;0.0008;5.8943;84.787;0.0479;90.68;0;1;0;0;1.0047;0.9995;1;1;0.9973;0.1676;0.9956;0.9973;1;0.9566;0.7767;0.998;0.998;1;0.998;0.998;0.9931;0.9521;0.1299;2.9017;3.0671;0.0185;0.0026;0.5062;0.0178;0.0631;0.0133;0;0;0.088;2.2463;0;0;0;0;0;0;0;0;0;0;0;0;0.0508;0.0215;2.3734;2.3734;0;71.727;71.727;51.178;0.0505;2641.6;898.48;1;0.0391;0.0391;0;0;0;0;0;0;2.3343;2.2463;0;15.382;17.812;14.558;16.858;98.353;98.353;24.47;20.015;18.943;4.4552;1.0719;0.1821;0.0438;0.7741;25.61;0.7288;0
28/09/21 12:00;55.7;18.656;32.27;77.691;12.309;90;12.309;575.61;372.3;203.3;20.98;3.7599;0;208.09;301.66;68.717;0;1.2571;579.72;0;579.72;208.09;68.717;301.66;1.2571;0.3589;0.5225;0;0.0022;575.58;4.1375;0;0;3.0913;1.0462;561.98;12.448;0.4909;0.1621;11.748;0.0474;574.43;1.1512;0.4162;0.1374;0.5971;0.0004;562.24;207.18;68.418;286.22;0.1631;338.83;275.13;100.2;0.1913;3.5906;51.65;0.2526;55.049;0;1;0;0;1.0071;0.9929;1;1;0.9898;0.1678;0.9783;0.9976;1;0.9606;0.7747;0.998;0.998;1;0.998;0.998;0.9694;0.9488;0.1297;1.6498;1.7121;0.0103;0.0025;0.1445;0.0109;0.0386;0.0089;0;0;0.088;1.3479;0;0;0;0;0;0;0;0;0;0;0;0;0.0311;0.0071;1.4582;1.4582;0;48.882;48.882;27.902;0.0496;1471.2;991.14;1;0.0223;0.0223;0;0;0;0;0;0;1.4359;1.3479;0;16.621;19.247;15.364;17.791;98.47;98.47;13.913;12.297;11.367;1.6163;0.9303;0.1162;0.0669;0.817;181.96;0.7659;0
28/09/21 13:00;49.513;41.298;29.196;60.603;29.397;90;29.397;808.6;141.8;666.8;21.85;3.3401;0;765.34;47.44;104.56;0;9.8911;927.23;0;927.23;765.34;104.56;47.44;9.8911;0.8254;0.0618;0;0.0107;916.55;10.682;0;0;2.0379;8.6442;912.14;2.581;0.7703;0.1052;1.4796;0.2259;914.72;1.8331;1.5307;0.2091;0.0908;0.0025;914.77;763.04;104.24;43.832;1.0184;432.11;350.87;132.72;0.672;4.2863;61.657;2.6383;65.272;0;1;0;0;1.1467;0.9885;1;1;0.957;0.1261;0.9972;0.999;1;0.9673;0.8185;0.998;0.998;1;0.998;0.998;0.9837;0.9239;0.103;2.6388;2.7407;0.0165;-0.001;0.4146;0.0162;0.0574;0.0099;0;0;0.088;2.0412;0;0;0;0;0;0;0;0;0;0;0;0;0.0462;0.0173;2.1638;2.1638;0;67.799;67.799;45.949;0.0504;2359.5;917.04;1;0.0346;0.0346;0;0;0;0;0;0;2.1292;2.0412;0;15.42;17.856;14.547;16.845;98.403;98.403;22.254;18.247;17.214;4.0064;1.0335;0.18;0.0464;0.7735;31.14;0.7368;0
28/09/21 14:00;40.143;57.895;23.971;44.874;45.126;90;45.126;456.99;303.8;153.19;22.82;3.14;0;217.12;213.97;74.972;0;12.783;518.84;0;518.84;217.12;74.972;213.97;12.783;0.4185;0.437;0;0.0246;489.2;29.647;0;0;17.787;11.86;481.53;6.6862;0.1794;0.062;6.3884;0.0564;488.22;0.9784;0.4342;0.1499;0.3924;0.0018;485.56;216.51;74.76;189.4;0.8647;245.66;199.48;77.216;13.196;3.1552;45.387;4.0318;35.346;0;1;0;0;1.1353;0.9429;1;1;0.9169;0.0722;0.9863;0.9992;1;0.9674;0.9388;0.998;0.998;1;0.998;0.998;0.9281;0.8852;0.0676;1.4766;1.4801;0.0089;0.0054;0.1139;0.0095;0.0336;0.0079;0;0;0.088;1.1612;0;0;0;0;0;0;0;0;0;0;0;0;0.027;0.0054;1.2686;1.2686;0;46.701;46.701;23.881;0.0496;1272.5;996.91;1;0.0194;0.0194;0;0;0;0;0;0;1.2492;1.1612;0;16.157;18.709;14.789;17.125;98.473;98.473;12.452;10.698;9.7926;1.7542;0.9055;0.1409;0.0727;0.7864;159.42;0.7381;0
28/09/21 15:00;29.106;70.273;17.152;30.601;59.399;90;59.399;141.9;139.4;2.5012;20.89;2.8799;0;4.9134;104.78;1.0318;0;6.6181;117.35;0;117.35;4.9134;1.0318;104.78;6.6181;0.0419;0.9493;0;0.0564;98.171;19.176;0;0;12.982;6.1935;94.719;3.2565;0.0029;0.0006;3.2257;0.0273;97.975;0.1963;0.0098;0.0021;0.1836;0.0008;97.465;4.9007;1.0291;88.392;0.3964;91.166;74.027;31.458;16.9;1.7689;25.445;2.7465;10.314;0;1;0;0;0.827;0.8366;1;1;0.8761;0.0641;0.9668;0.9994;1;0.9648;0.9356;0.998;0.998;1;0.998;0.998;0.8072;0.8436;0.0599;0.334;0.3298;0.002;0.0168;0.0007;0.0022;0.0077;0.0045;0;0;0.088;0.1944;0;0;0;0;0;0;0;0;0;0;0;0;0.0062;0.0004;0.2893;0.2893;0;25.566;25.566;4.6756;0.0494;279.87;1033.7;1;0.0069;0.0069;0;0;0;0;0;0;0.2824;0.1944;0;16.291;18.864;10.949;12.679;97.629;97.629;2.8163;2.4397;1.6397;0.3767;0.8;0.1337;0.284;0.5822;90.579;0.5009;0
28/09/21 16:00;17.248;80.277;44.018;17.484;29.29;90;29.29;36.608;36.3;0.3082;19.08;2.0601;0;0.7474;33.953;0.067;0;0.4446;35.212;0;35.212;0.7474;0.067;33.953;0.4446;0.0212;0.9769;0;0.0126;33.374;1.8385;0;0;1.4501;0.3884;32.23;1.0773;0.0069;0.0006;1.0596;0.0102;33.307;0.0667;0.0015;0.0001;0.065;0.0001;32.365;0.739;0.0663;31.379;0.0459;22.273;18.085;6.7264;0.4732;0.2569;3.6952;0.1348;3.4789;0;1;0;0;0.9619;0.9478;1;1;0.9573;0.1265;0.9677;0.9908;1;0.9673;0.8178;0.998;0.998;1;0.998;0.998;0.9153;0.9242;0.1033;0.1002;0.1;0.0006;0.0111;-0.0016;0.0006;0.0022;0.0006;0;0;0.088;-0.0075;0;0;0;0;0;0;0;0;0;0;0;0;0.0018;0.0001;0.0845;0.0845;0;20.685;20.685;1.6051;0.0498;83.84;1008.2;1;0.004;0.004;0;0;0;0;0;0;0.0805;-0.0075;0;15.862;18.368;-1.4116;-1.6345;95.212;95.212;0.8451;0.7128;-0.0634;0.1323;0.7762;0.1565;0.9185;0;22.271;0;0
28/09/21 17:00;5.657;88.732;76.168;5.6584;8.1766;90;8.1766;18.792;18.599;0.1935;18.65;2.41;0;0.4693;18.478;0.0649;0;0.0181;19.03;0;19.03;0.4693;0.0649;18.478;0.0181;0.0247;0.9719;0;0.001;18.919;0.1109;0;0;0.0958;0.0151;17.999;0.8825;0.0985;0.0136;0.7696;0.0007;18.881;0.0378;0.0009;0.0001;0.0368;0;18.001;0.3699;0.0511;17.575;0.0024;11.032;8.9581;3.161;0.0024;0.1233;1.7731;0.0025;1.8939;0;1;0;0;1.0126;0.9942;1;1;0.9948;0.1676;0.9533;0.7896;1;0.958;0.7753;0.998;0.998;1;0.998;0.998;0.9458;0.9512;0.1297;0.0542;0.0551;0.0003;0.0083;-0.0011;0.0003;0.0012;0.0003;0;0;0.088;-0.0462;0;0;0;0;0;0;0;0;0;0;0;0;0.001;0;0.0448;0.0448;0;19.554;19.554;0.9036;0.0502;45.374;986.46;1;0.003;0.003;0;0;0;0;0;0;0.0418;-0.0462;0;15.542;17.998;-16.054;-18.59;93.314;93.314;0.4567;0.3775;-0.3899;0.0793;0.7674;0.1735;1.6801;0;11.031;0;0
28/09/21 18:00;0;0;90;0;0;90;0;0;0;0;15.02;2.89;0;0;0;0;0;0;0;0;0;0;0;0;0;1;1;1;1;0;0;0;0;0;0;0;0;0;0;0;0;0;0;0;0;0;0;0;0;0;0;0;0;0;0;0;0;0;0;0;0;0;0;0;1;1;1;1;1;1;1;1;1;1;1;1;1;1;1;1;1;1;1;0;0;0;0;0;0;0;0;0;0.0004;0.088;-0.0884;0;0;0;0;0;0;0;0;0;0;0;0;0;0;0;0;0;0;0;-15.02;0;0;0;0;0.0004;0;0;0;0;0;0;0;-0.0004;-0.0884;0;0;0;0;0;0;0;0;0;-0.7452;0;0.7452;1;1;0;0;0;0
28/09/21 19:00;0;0;90;0;0;90;0;0;0;0;13.53;3.4201;0;0;0;0;0;0;0;0;0;0;0;0;0;1;1;1;1;0;0;0;0;0;0;0;0;0;0;0;0;0;0;0;0;0;0;0;0;0;0;0;0;0;0;0;0;0;0;0;0;0;0;0;1;1;1;1;1;1;1;1;1;1;1;1;1;1;1;1;1;1;1;0;0;0;0;0;0;0;0;0;0.0004;0.088;-0.0884;0;0;0;0;0;0;0;0;0;0;0;0;0;0;0;0;0;0;0;-13.53;0;0;0;0;0.0004;0;0;0;0;0;0;0;-0.0004;-0.0884;0;0;0;0;0;0;0;0;0;-0.7452;0;0.7452;1;1;0;0;0;0
28/09/21 20:00;0;0;90;0;0;90;0;0;0;0;13.31;3.6601;0;0;0;0;0;0;0;0;0;0;0;0;0;1;1;1;1;0;0;0;0;0;0;0;0;0;0;0;0;0;0;0;0;0;0;0;0;0;0;0;0;0;0;0;0;0;0;0;0;0;0;0;1;1;1;1;1;1;1;1;1;1;1;1;1;1;1;1;1;1;1;0;0;0;0;0;0;0;0;0;0.0004;0.088;-0.0884;0;0;0;0;0;0;0;0;0;0;0;0;0;0;0;0;0;0;0;-13.31;0;0;0;0;0.0004;0;0;0;0;0;0;0;-0.0004;-0.0884;0;0;0;0;0;0;0;0;0;-0.7452;0;0.7452;1;1;0;0;0;0
28/09/21 21:00;0;0;90;0;0;90;0;0;0;0;13.77;3.9899;0;0;0;0;0;0;0;0;0;0;0;0;0;1;1;1;1;0;0;0;0;0;0;0;0;0;0;0;0;0;0;0;0;0;0;0;0;0;0;0;0;0;0;0;0;0;0;0;0;0;0;0;1;1;1;1;1;1;1;1;1;1;1;1;1;1;1;1;1;1;1;0;0;0;0;0;0;0;0;0;0.0004;0.088;-0.0884;0;0;0;0;0;0;0;0;0;0;0;0;0;0;0;0;0;0;0;-13.77;0;0;0;0;0.0004;0;0;0;0;0;0;0;-0.0004;-0.0884;0;0;0;0;0;0;0;0;0;-0.7452;0;0.7452;1;1;0;0;0;0
28/09/21 22:00;0;0;90;0;0;90;0;0;0;0;13.22;3.9701;0;0;0;0;0;0;0;0;0;0;0;0;0;1;1;1;1;0;0;0;0;0;0;0;0;0;0;0;0;0;0;0;0;0;0;0;0;0;0;0;0;0;0;0;0;0;0;0;0;0;0;0;1;1;1;1;1;1;1;1;1;1;1;1;1;1;1;1;1;1;1;0;0;0;0;0;0;0;0;0;0.0004;0.088;-0.0884;0;0;0;0;0;0;0;0;0;0;0;0;0;0;0;0;0;0;0;-13.22;0;0;0;0;0.0004;0;0;0;0;0;0;0;-0.0004;-0.0884;0;0;0;0;0;0;0;0;0;-0.7452;0;0.7452;1;1;0;0;0;0
28/09/21 23:00;0;0;90;0;0;90;0;0;0;0;14.02;4.0699;0;0;0;0;0;0;0;0;0;0;0;0;0;1;1;1;1;0;0;0;0;0;0;0;0;0;0;0;0;0;0;0;0;0;0;0;0;0;0;0;0;0;0;0;0;0;0;0;0;0;0;0;1;1;1;1;1;1;1;1;1;1;1;1;1;1;1;1;1;1;1;0;0;0;0;0;0;0;0;0;0.0004;0.088;-0.0884;0;0;0;0;0;0;0;0;0;0;0;0;0;0;0;0;0;0;0;-14.02;0;0;0;0;0.0004;0;0;0;0;0;0;0;-0.0004;-0.0884;0;0;0;0;0;0;0;0;0;-0.7452;0;0.7452;1;1;0;0;0;0
29/09/21 00:00;0;0;90;0;0;90;0;0;0;0;14.64;4.1499;0;0;0;0;0;0;0;0;0;0;0;0;0;1;1;1;1;0;0;0;0;0;0;0;0;0;0;0;0;0;0;0;0;0;0;0;0;0;0;0;0;0;0;0;0;0;0;0;0;0;0;0;1;1;1;1;1;1;1;1;1;1;1;1;1;1;1;1;1;1;1;0;0;0;0;0;0;0;0;0;0.0004;0.088;-0.0884;0;0;0;0;0;0;0;0;0;0;0;0;0;0;0;0;0;0;0;-14.64;0;0;0;0;0.0004;0;0;0;0;0;0;0;-0.0004;-0.0884;0;0;0;0;0;0;0;0;0;-0.7452;0;0.7452;1;1;0;0;0;0
29/09/21 01:00;0;0;90;0;0;90;0;0;0;0;13.24;4.27;0;0;0;0;0;0;0;0;0;0;0;0;0;1;1;1;1;0;0;0;0;0;0;0;0;0;0;0;0;0;0;0;0;0;0;0;0;0;0;0;0;0;0;0;0;0;0;0;0;0;0;0;1;1;1;1;1;1;1;1;1;1;1;1;1;1;1;1;1;1;1;0;0;0;0;0;0;0;0;0;0.0004;0.088;-0.0884;0;0;0;0;0;0;0;0;0;0;0;0;0;0;0;0;0;0;0;-13.24;0;0;0;0;0.0004;0;0;0;0;0;0;0;-0.0004;-0.0884;0;0;0;0;0;0;0;0;0;-0.7452;0;0.7452;1;1;0;0;0;0
29/09/21 02:00;0;0;90;0;0;90;0;0;0;0;13.37;4.33;0;0;0;0;0;0;0;0;0;0;0;0;0;1;1;1;1;0;0;0;0;0;0;0;0;0;0;0;0;0;0;0;0;0;0;0;0;0;0;0;0;0;0;0;0;0;0;0;0;0;0;0;1;1;1;1;1;1;1;1;1;1;1;1;1;1;1;1;1;1;1;0;0;0;0;0;0;0;0;0;0.0004;0.088;-0.0884;0;0;0;0;0;0;0;0;0;0;0;0;0;0;0;0;0;0;0;-13.37;0;0;0;0;0.0004;0;0;0;0;0;0;0;-0.0004;-0.0884;0;0;0;0;0;0;0;0;0;-0.7452;0;0.7452;1;1;0;0;0;0
29/09/21 03:00;0;0;90;0;0;90;0;0;0;0;13.61;4.4601;0;0;0;0;0;0;0;0;0;0;0;0;0;1;1;1;1;0;0;0;0;0;0;0;0;0;0;0;0;0;0;0;0;0;0;0;0;0;0;0;0;0;0;0;0;0;0;0;0;0;0;0;1;1;1;1;1;1;1;1;1;1;1;1;1;1;1;1;1;1;1;0;0;0;0;0;0;0;0;0;0.0004;0.088;-0.0884;0;0;0;0;0;0;0;0;0;0;0;0;0;0;0;0;0;0;0;-13.61;0;0;0;0;0.0004;0;0;0;0;0;0;0;-0.0004;-0.0884;0;0;0;0;0;0;0;0;0;-0.7452;0;0.7452;1;1;0;0;0;0
29/09/21 04:00;0;0;90;0;0;90;0;0;0;0;13.8;4.65;0;0;0;0;0;0;0;0;0;0;0;0;0;1;1;1;1;0;0;0;0;0;0;0;0;0;0;0;0;0;0;0;0;0;0;0;0;0;0;0;0;0;0;0;0;0;0;0;0;0;0;0;1;1;1;1;1;1;1;1;1;1;1;1;1;1;1;1;1;1;1;0;0;0;0;0;0;0;0;0;0.0004;0.088;-0.0884;0;0;0;0;0;0;0;0;0;0;0;0;0;0;0;0;0;0;0;-13.8;0;0;0;0;0.0004;0;0;0;0;0;0;0;-0.0004;-0.0884;0;0;0;0;0;0;0;0;0;-0.7452;0;0.7452;1;1;0;0;0;0
29/09/21 05:00;2.096;-91.714;84.911;2.097;2.9943;-90;-2.9943;0;0;0;13.7;4.67;0;0;0;0;0;0;0;0;0;0;0;0;0;1;1;1;1;0;0;0;0;0;0;0;0;0;0;0;0;0;0;0;0;0;0;0;0;0;0;0;0;0;0;0;0;0;0;0;0;0;0;0;1;1;1;1;1;1;1;1;1;1;1;1;1;1;1;1;1;1;1;0;0;0;0;0;0;0;0;0;0.0004;0.088;-0.0884;0;0;0;0;0;0;0;0;0;0;0;0;0;0;0;0;0;0;0;-13.7;0;0;0;0;0.0004;0;0;0;0;0;0;0;-0.0004;-0.0884;0;0;0;0;0;0;0;0;0;-0.7452;0;0.7452;1;1;0;0;0;0
29/09/21 06:00;10.065;-86.078;64.921;10.089;15.052;-90;-15.052;6.6027;6.4989;0.1038;14;5.0001;0;0.2518;6.3846;0.0069;0;0.0215;6.6648;6.6648;0;0.2518;0;0;0;1;1;1;1;0;0;0;0;0;0;0;0;0;0;0;0;0;0;0;0;0;0;0;0;0;0;0;0;0;0;0;0;0;0;0;0;0;0;0;0;1;1;1;1;1;1;1;1;1;1;1;0;1;0;0;1;0;0;0;0;0;0;0;0;0;0;0;0.0004;0.088;-0.0884;0;0;0;0;0;0;0;0;0;0;0;0;0;0;0;0;0;0;0;-14;0;0;0;0;0.0004;0;0;0;0;0;0;0;-0.0004;-0.0884;0;0;0;0;0;0;0;0;0;-0.7452;0;0.7452;1;1;0;0;0;0
29/09/21 07:00;22.187;-76.886;23.67;22.722;46.796;-90;-46.796;12.893;12.893;0;14.16;4.98;0;0;10.86;0;0;0.3863;11.246;0;11.246;0;0;10.86;0.3863;0;1;0;0.0344;9.9397;1.3062;0;0;0.9487;0.3576;9.594;0.3258;0;0;0.3243;0.0015;9.9198;0.0199;0;0;0.0198;0.0001;9.7418;0;0;9.5668;0.0272;8.2188;6.6737;2.6715;0.7592;0.1205;1.733;0.1478;1.0943;0;1;0;0;0.8723;0.8838;1;1;0.9126;0.0744;0.9672;1;1;0.9672;0.9478;0.998;1;1;0.998;0.998;0.8531;0.8809;0.0704;0.032;0.0313;0.0002;0.0062;-0.0011;0.0002;0.0006;0.0003;0;0;0.088;-0.066;0;0;0;0;0;0;0;0;0;0;0;0;0.0005;0;0.0245;0.0245;0;14.646;14.646;0.4859;0.0506;25.003;978.92;1;0.0025;0.0025;0;0;0;0;0;0;0.022;-0.066;0;14.382;16.654;-38.801;-44.93;89.747;89.747;0.2699;0.2064;-0.5569;0.0635;0.7633;0.2352;2.828;0;8.2188;0;0
29/09/21 08:00;33.818;-66.147;19.632;36.221;53.779;-90;-53.779;80.092;79.298;0.7941;14.4;5.0101;0;1.344;63.011;0.1402;0;3.1127;67.608;0;67.608;1.344;0.1402;63.011;3.1127;0.0199;0.978;0;0.046;57.973;9.6358;0;0;6.736;2.8998;55.946;1.9107;0.0009;0.0001;1.9009;0.0088;57.857;0.1159;0.0027;0.0003;0.1126;0.0004;57.201;1.3404;0.1399;54.262;0.2037;51.431;41.762;17.271;7.1485;0.8738;12.57;1.2548;6.295;0;1;0;0;0.8441;0.8575;1;1;0.8931;0.0684;0.967;0.9993;1;0.9662;0.9585;0.998;0.998;1;0.998;0.998;0.8275;0.8611;0.0655;0.1924;0.1888;0.0011;0.0145;-0.0054;0.0013;0.0044;0.0023;0;0;0.088;0.0729;0;0;0;0;0;0;0;0;0;0;0;0;0.0036;0.0002;0.167;0.167;0;17.158;17.158;2.7582;0.0493;159.4;1047.4;1;0.0061;0.0061;0;0;0;0;0;0;0.1609;0.0729;0;16.318;18.896;7.1216;8.2467;96.349;96.349;1.6226;1.408;0.6145;0.2146;0.7935;0.1323;0.489;0.3787;51.163;0.3324;0
29/09/21 09:00;44.372;-52.371;25.876;51.009;38.991;-90;-38.991;84.8;84.101;0.6991;14.58;5.22;0;0.8994;74.679;0.0792;0;1.7945;77.452;0;77.452;0.8994;0.0792;74.679;1.7945;0.0116;0.9874;0;0.0232;70.835;6.6175;0;0;4.9863;1.6312;68.426;2.2673;0.0008;0.0001;2.2501;0.0164;70.693;0.1417;0.0018;0.0002;0.1394;0.0003;69.048;0.8968;0.079;67.303;0.1466;53.101;43.118;16.761;2.7869;0.6732;9.6833;0.6222;7.5696;0;1;0;0;0.9134;0.9146;1;1;0.9332;0.091;0.9679;0.9991;1;0.9676;0.8996;0.998;0.998;1;0.998;0.998;0.8835;0.9012;0.0817;0.2204;0.2169;0.0013;0.0152;-0.0056;0.0014;0.0051;0.0017;0;0;0.088;0.0991;0;0;0;0;0;0;0;0;0;0;0;0;0.0041;0.0002;0.1934;0.1934;0;17.948;17.948;3.3678;0.0492;183.85;1052.1;1;0.0063;0.0063;0;0;0;0;0;0;0.1871;0.0991;0;16.503;19.11;8.455;9.7907;96.726;96.726;1.8589;1.6313;0.8357;0.2276;0.7955;0.1224;0.428;0.4496;52.742;0.4111;0
29/09/21 10:00;52.77;-33.485;30.305;67.255;22.745;-90;-22.745;114.49;113.4;1.0897;14.78;5.54;0;1.1816;108.88;0.1232;0;0.8458;111.03;0;111.03;1.1816;0.1232;108.88;0.8458;0.0106;0.9882;0;0.0076;107.23;3.8053;0;0;3.0917;0.7136;103.42;3.5987;0.0014;0.0001;3.5693;0.0278;107.01;0.2145;0.0024;0.0002;0.2116;0.0003;103.64;1.1778;0.1228;102.01;0.1041;69.282;56.257;20.535;0.6215;0.7691;11.063;0.2262;11.21;0;1;0;0;0.9698;0.9657;1;1;0.9716;0.1563;0.9664;0.9988;1;0.9662;0.7891;0.998;0.998;1;0.998;0.998;0.9314;0.9369;0.1231;0.316;0.3187;0.0019;0.0167;-0.006;0.0021;0.0076;0.002;0;0;0.088;0.1926;0;0;0;0;0;0;0;0;0;0;0;0;0.0061;0.0004;0.2877;0.2877;0;19.855;19.855;5.0758;0.0491;271.33;1060.5;1;0.0071;0.0071;0;0;0;0;0;0;0.2806;0.1926;0;17.125;19.83;11.464;13.276;97.529;97.529;2.6648;2.4266;1.6245;0.2382;0.8021;0.0894;0.301;0.6096;68.614;0.5673;0
29/09/21 11:00;57.207;-8.3591;32.402;84.649;5.3509;-90;-5.3509;241.19;236.6;4.5904;14.7;5.87;0;4.6104;235.14;0.9503;0;0.0999;240.8;0;240.8;4.6104;0.9503;235.14;0.0999;0.0191;0.9769;0;0.0004;240.11;0.6944;0;0;0.6113;0.0831;229.44;10.19;0.0112;0.0023;10.173;0.0037;239.63;0.4802;0.0092;0.0019;0.4691;0;229.45;4.59;0.9461;223.89;0.013;142.97;116.09;40.944;0.0034;1.5967;22.969;0.0069;24.562;0;1;0;0;0.9984;0.9971;1;1;0.9974;0.1676;0.9575;0.9976;1;0.9565;0.7767;0.998;0.998;1;0.998;0.998;0.9528;0.9521;0.1299;0.6853;0.7025;0.0042;0.0158;0.0024;0.0048;0.0169;0.0042;0;0;0.088;0.54;0;0;0;0;0;0;0;0;0;0;0;0;0.0136;0.0014;0.6392;0.6392;0;25.938;25.938;11.238;0.049;600.42;1064.5;1;0.0111;0.0111;0;0;0;0;0;0;0.628;0.54;0;17.539;20.31;14.819;17.16;98.257;98.257;5.7793;5.3902;4.5541;0.3891;0.8361;0.0673;0.1447;0.788;139.71;0.7355;0
29/09/21 12:00;56.052;18.987;31.874;77.646;12.354;90;12.354;576;375.1;200.9;16.69;5.71;0;205.66;305;68.103;0;1.2671;580.03;0;580.03;205.66;68.103;305;1.2671;0.3546;0.528;0;0.0022;575.83;4.1992;0;0;3.1446;1.0545;562.18;12.499;0.4376;0.1449;11.868;0.0478;574.68;1.1517;0.4113;0.1362;0.6037;0.0004;562.44;204.81;67.822;289.38;0.1644;339.1;275.35;100.25;0.196;3.5956;51.721;0.2549;55.121;0;1;0;0;1.007;0.9928;1;1;0.9897;0.1678;0.9783;0.9979;1;0.9606;0.7747;0.998;0.998;1;0.998;0.998;0.9692;0.9488;0.1297;1.6507;1.7128;0.0103;0.0025;0.1177;0.0111;0.0393;0.0091;0;0;0.088;1.373;0;0;0;0;0;0;0;0;0;0;0;0;0.0316;0.0071;1.4841;1.4841;0;44.501;44.501;27.811;0.0495;1471.8;1008.4;1;0.0231;0.0231;0;0;0;0;0;0;1.461;1.373;0;16.908;19.579;15.642;18.113;98.443;98.443;13.921;12.516;11.579;1.4051;0.937;0.1009;0.0673;0.8318;184;0.7797;0
29/09/21 13:00;49.793;41.736;28.798;60.634;29.366;90;29.366;267.1;260.1;6.9989;17.05;4.96;0;8.0309;241.75;2.003;0;3.2605;255.05;0;255.05;8.0309;2.003;241.75;3.2605;0.0315;0.9607;0;0.0128;241.83;13.217;0;0;10.368;2.8491;233.72;7.6258;0.008;0.002;7.5412;0.0746;241.35;0.4837;0.0161;0.004;0.4628;0.0008;234.72;8.0068;1.997;223.38;0.336;163.28;132.58;49.35;3.4;1.8763;26.989;0.9944;25.466;0;1;0;0;0.9549;0.9482;1;1;0.9571;0.1262;0.9684;0.999;1;0.9673;0.8183;0.998;0.998;1;0.998;0.998;0.9164;0.924;0.103;0.7258;0.7256;0.0044;0.0156;0.0091;0.0049;0.0173;0.0049;0;0;0.088;0.5547;0;0;0;0;0;0;0;0;0;0;0;0;0.0139;0.0015;0.654;0.654;0;28.521;28.521;11.471;0.0491;619.99;1054.8;1;0.0112;0.0112;0;0;0;0;0;0;0.6427;0.5547;0;16.944;19.62;14.372;16.643;98.28;98.28;6.1211;5.515;4.6781;0.6061;0.837;0.099;0.1367;0.7643;158.65;0.7081;0
29/09/21 14:00;40.362;58.331;23.581;44.961;45.039;90;45.039;212.6;208;4.5953;16.2;4.2;0;6.5032;176.57;1.5296;0;5.9252;190.52;0;190.52;6.5032;1.5296;176.57;5.9252;0.0341;0.9578;0;0.0311;170.39;20.133;0;0;14.637;5.4965;164.75;5.3049;0.0053;0.0012;5.272;0.0264;170.05;0.3408;0.013;0.0031;0.3239;0.0009;166.95;6.4849;1.5253;156.33;0.4014;133.83;108.67;43.127;10.816;1.8857;27.125;2.2048;18.194;0;1;0;0;0.8962;0.8943;1;1;0.9171;0.0723;0.9688;0.9992;1;0.9674;0.9383;0.998;0.998;1;0.998;0.998;0.8647;0.8854;0.0677;0.5422;0.532;0.0032;0.0171;-0.0014;0.0036;0.0127;0.005;0;0;0.088;0.3835;0;0;0;0;0;0;0;0;0;0;0;0;0.0103;0.0009;0.4806;0.4806;0;24.281;24.281;8.0803;0.049;453.57;1059.7;1;0.0091;0.0091;0;0;0;0;0;0;0.4715;0.3835;0;16.67;19.304;13.301;15.402;98.098;98.098;4.5726;4.0533;3.2341;0.5193;0.8192;0.1136;0.1792;0.7073;131.45;0.6392;0
29/09/21 15:00;29.286;70.68;16.772;30.724;59.276;90;59.276;201.5;193.5;8.001;16.6;2.9599;0;15.66;144.43;4.5366;0;9.3625;173.99;0;173.99;15.66;4.5366;144.43;9.3625;0.09;0.8839;0;0.0538;147.38;26.603;0;0;17.84;8.7625;142.6;4.4934;0.0091;0.0026;4.4436;0.0381;147.09;0.2948;0.0313;0.0091;0.2532;0.0012;146.42;15.62;4.5249;121.89;0.5607;126.7;102.88;43.524;23.122;2.4474;35.205;3.8268;14.53;0;1;0;0;0.8635;0.8471;1;1;0.8765;0.0641;0.9695;0.9994;1;0.9648;0.9364;0.998;0.998;1;0.998;0.998;0.8196;0.844;0.0599;0.4952;0.4894;0.0029;0.0172;-0.0025;0.0033;0.0117;0.0064;0;0;0.088;0.3434;0;0;0;0;0;0;0;0;0;0;0;0;0.0094;0.0008;0.4401;0.4401;0;23.599;23.599;6.9991;0.0491;416.28;1057.2;1;0.0087;0.0087;0;0;0;0;0;0;0.4314;0.3434;0;16.714;19.355;13.042;15.102;98.025;98.025;4.1757;3.7113;2.8959;0.4644;0.8154;0.1112;0.1953;0.6935;124.67;0.6023;0
29/09/21 16:00;17.408;80.659;43.483;17.627;29.632;90;29.632;50.809;50.302;0.5073;15.76;2.59;0;1.2304;46.954;0.1515;0;0.6313;48.968;0;48.968;1.2304;0.1515;46.954;0.6313;0.0251;0.9718;0;0.0129;46.372;2.5952;0;0;2.0428;0.5523;44.791;1.4889;0.011;0.0013;1.4624;0.0142;46.28;0.0927;0.0025;0.0003;0.0898;0.0002;44.983;1.217;0.1499;43.359;0.0646;30.873;25.069;9.3365;0.6814;0.3569;5.1339;0.192;4.8094;0;1;0;0;0.9637;0.947;1;1;0.9565;0.1251;0.9678;0.9911;1;0.9674;0.8199;0.998;0.998;1;0.998;0.998;0.9147;0.9234;0.1023;0.1394;0.139;0.0008;0.0128;-0.0036;0.0009;0.0032;0.0009;0;0;0.088;0.028;0;0;0;0;0;0;0;0;0;0;0;0;0.0026;0.0001;0.1212;0.1212;0;17.976;17.976;2.2158;0.0495;117.19;1034.2;1;0.0052;0.0052;0;0;0;0;0;0;0.116;0.028;0;16.354;18.938;3.7796;4.3767;95.724;95.724;1.1752;1.022;0.2362;0.1532;0.7858;0.1304;0.6687;0.201;30.87;0.1864;0
29/09/21 17:00;5.8097;89.101;75.789;5.8104;8.4026;90;8.4026;31.392;30.898;0.4939;14.9;3.64;0;1.1979;30.623;0.2678;0;0.032;32.12;0;32.12;1.1979;0.2678;30.623;0.032;0.0373;0.9544;0;0.001;31.928;0.1927;0;0;0.166;0.0266;30.296;1.5678;0.2414;0.054;1.2712;0.0012;31.864;0.0639;0.0024;0.0005;0.0609;0;30.3;0.9541;0.2133;29.124;0.0042;18.293;14.854;5.2427;0.0044;0.2043;2.9392;0.0046;3.1391;0;1;0;0;1.0232;0.994;1;1;0.9946;0.1676;0.9508;0.798;1;0.9582;0.7753;0.998;0.998;1;0.998;0.998;0.9432;0.9511;0.1297;0.0914;0.0926;0.0006;0.0107;-0.0029;0.0006;0.0021;0.0005;0;0;0.088;-0.0127;0;0;0;0;0;0;0;0;0;0;0;0;0.0017;0.0001;0.0793;0.0793;0;16.405;16.405;1.5047;0.0497;77.456;1023.8;1;0.004;0.004;0;0;0;0;0;0;0.0753;-0.0127;0;16.314;18.891;-2.6141;-3.0271;94.949;94.949;0.7709;0.6687;-0.1072;0.1022;0.7759;0.1325;1.0065;0;18.29;0;0
29/09/21 18:00;0;0;90;0;0;90;0;0;0;0;14.42;4.34;0;0;0;0;0;0;0;0;0;0;0;0;0;1;1;1;1;0;0;0;0;0;0;0;0;0;0;0;0;0;0;0;0;0;0;0;0;0;0;0;0;0;0;0;0;0;0;0;0;0;0;0;1;1;1;1;1;1;1;1;1;1;1;1;1;1;1;1;1;1;1;0;0;0;0;0;0;0;0;0;0.0004;0.088;-0.0884;0;0;0;0;0;0;0;0;0;0;0;0;0;0;0;0;0;0;0;-14.42;0;0;0;0;0.0004;0;0;0;0;0;0;0;-0.0004;-0.0884;0;0;0;0;0;0;0;0;0;-0.7452;0;0.7452;1;1;0;0;0;0
29/09/21 19:00;0;0;90;0;0;90;0;0;0;0;13.78;4.6101;0;0;0;0;0;0;0;0;0;0;0;0;0;1;1;1;1;0;0;0;0;0;0;0;0;0;0;0;0;0;0;0;0;0;0;0;0;0;0;0;0;0;0;0;0;0;0;0;0;0;0;0;1;1;1;1;1;1;1;1;1;1;1;1;1;1;1;1;1;1;1;0;0;0;0;0;0;0;0;0;0.0004;0.088;-0.0884;0;0;0;0;0;0;0;0;0;0;0;0;0;0;0;0;0;0;0;-13.78;0;0;0;0;0.0004;0;0;0;0;0;0;0;-0.0004;-0.0884;0;0;0;0;0;0;0;0;0;-0.7452;0;0.7452;1;1;0;0;0;0
29/09/21 20:00;0;0;90;0;0;90;0;0;0;0;12.84;4.6001;0;0;0;0;0;0;0;0;0;0;0;0;0;1;1;1;1;0;0;0;0;0;0;0;0;0;0;0;0;0;0;0;0;0;0;0;0;0;0;0;0;0;0;0;0;0;0;0;0;0;0;0;1;1;1;1;1;1;1;1;1;1;1;1;1;1;1;1;1;1;1;0;0;0;0;0;0;0;0;0;0.0004;0.088;-0.0884;0;0;0;0;0;0;0;0;0;0;0;0;0;0;0;0;0;0;0;-12.84;0;0;0;0;0.0004;0;0;0;0;0;0;0;-0.0004;-0.0884;0;0;0;0;0;0;0;0;0;-0.7452;0;0.7452;1;1;0;0;0;0
29/09/21 21:00;0;0;90;0;0;90;0;0;0;0;12.31;4.8401;0;0;0;0;0;0;0;0;0;0;0;0;0;1;1;1;1;0;0;0;0;0;0;0;0;0;0;0;0;0;0;0;0;0;0;0;0;0;0;0;0;0;0;0;0;0;0;0;0;0;0;0;1;1;1;1;1;1;1;1;1;1;1;1;1;1;1;1;1;1;1;0;0;0;0;0;0;0;0;0;0.0004;0.088;-0.0884;0;0;0;0;0;0;0;0;0;0;0;0;0;0;0;0;0;0;0;-12.31;0;0;0;0;0.0004;0;0;0;0;0;0;0;-0.0004;-0.0884;0;0;0;0;0;0;0;0;0;-0.7452;0;0.7452;1;1;0;0;0;0
29/09/21 22:00;0;0;90;0;0;90;0;0;0;0;12.13;4.5499;0;0;0;0;0;0;0;0;0;0;0;0;0;1;1;1;1;0;0;0;0;0;0;0;0;0;0;0;0;0;0;0;0;0;0;0;0;0;0;0;0;0;0;0;0;0;0;0;0;0;0;0;1;1;1;1;1;1;1;1;1;1;1;1;1;1;1;1;1;1;1;0;0;0;0;0;0;0;0;0;0.0004;0.088;-0.0884;0;0;0;0;0;0;0;0;0;0;0;0;0;0;0;0;0;0;0;-12.13;0;0;0;0;0.0004;0;0;0;0;0;0;0;-0.0004;-0.0884;0;0;0;0;0;0;0;0;0;-0.7452;0;0.7452;1;1;0;0;0;0
29/09/21 23:00;0;0;90;0;0;90;0;0;0;0;12.9;4.72;0;0;0;0;0;0;0;0;0;0;0;0;0;1;1;1;1;0;0;0;0;0;0;0;0;0;0;0;0;0;0;0;0;0;0;0;0;0;0;0;0;0;0;0;0;0;0;0;0;0;0;0;1;1;1;1;1;1;1;1;1;1;1;1;1;1;1;1;1;1;1;0;0;0;0;0;0;0;0;0;0.0004;0.088;-0.0884;0;0;0;0;0;0;0;0;0;0;0;0;0;0;0;0;0;0;0;-12.9;0;0;0;0;0.0004;0;0;0;0;0;0;0;-0.0004;-0.0884;0;0;0;0;0;0;0;0;0;-0.7452;0;0.7452;1;1;0;0;0;0
30/09/21 00:00;0;0;90;0;0;90;0;0;0;0;13.2;5.2401;0;0;0;0;0;0;0;0;0;0;0;0;0;1;1;1;1;0;0;0;0;0;0;0;0;0;0;0;0;0;0;0;0;0;0;0;0;0;0;0;0;0;0;0;0;0;0;0;0;0;0;0;1;1;1;1;1;1;1;1;1;1;1;1;1;1;1;1;1;1;1;0;0;0;0;0;0;0;0;0;0.0004;0.088;-0.0884;0;0;0;0;0;0;0;0;0;0;0;0;0;0;0;0;0;0;0;-13.2;0;0;0;0;0.0004;0;0;0;0;0;0;0;-0.0004;-0.0884;0;0;0;0;0;0;0;0;0;-0.7452;0;0.7452;1;1;0;0;0;0
30/09/21 01:00;0;0;90;0;0;90;0;0;0;0;12.6;5.87;0;0;0;0;0;0;0;0;0;0;0;0;0;1;1;1;1;0;0;0;0;0;0;0;0;0;0;0;0;0;0;0;0;0;0;0;0;0;0;0;0;0;0;0;0;0;0;0;0;0;0;0;1;1;1;1;1;1;1;1;1;1;1;1;1;1;1;1;1;1;1;0;0;0;0;0;0;0;0;0;0.0004;0.088;-0.0884;0;0;0;0;0;0;0;0;0;0;0;0;0;0;0;0;0;0;0;-12.6;0;0;0;0;0.0004;0;0;0;0;0;0;0;-0.0004;-0.0884;0;0;0;0;0;0;0;0;0;-0.7452;0;0.7452;1;1;0;0;0;0
30/09/21 02:00;0;0;90;0;0;90;0;0;0;0;12.22;6.08;0;0;0;0;0;0;0;0;0;0;0;0;0;1;1;1;1;0;0;0;0;0;0;0;0;0;0;0;0;0;0;0;0;0;0;0;0;0;0;0;0;0;0;0;0;0;0;0;0;0;0;0;1;1;1;1;1;1;1;1;1;1;1;1;1;1;1;1;1;1;1;0;0;0;0;0;0;0;0;0;0.0004;0.088;-0.0884;0;0;0;0;0;0;0;0;0;0;0;0;0;0;0;0;0;0;0;-12.22;0;0;0;0;0.0004;0;0;0;0;0;0;0;-0.0004;-0.0884;0;0;0;0;0;0;0;0;0;-0.7452;0;0.7452;1;1;0;0;0;0
30/09/21 03:00;0;0;90;0;0;90;0;0;0;0;12.2;5.63;0;0;0;0;0;0;0;0;0;0;0;0;0;1;1;1;1;0;0;0;0;0;0;0;0;0;0;0;0;0;0;0;0;0;0;0;0;0;0;0;0;0;0;0;0;0;0;0;0;0;0;0;1;1;1;1;1;1;1;1;1;1;1;1;1;1;1;1;1;1;1;0;0;0;0;0;0;0;0;0;0.0004;0.088;-0.0884;0;0;0;0;0;0;0;0;0;0;0;0;0;0;0;0;0;0;0;-12.2;0;0;0;0;0.0004;0;0;0;0;0;0;0;-0.0004;-0.0884;0;0;0;0;0;0;0;0;0;-0.7452;0;0.7452;1;1;0;0;0;0
30/09/21 04:00;0;0;90;0;0;90;0;0;0;0;12.2;5.0999;0;0;0;0;0;0;0;0;0;0;0;0;0;1;1;1;1;0;0;0;0;0;0;0;0;0;0;0;0;0;0;0;0;0;0;0;0;0;0;0;0;0;0;0;0;0;0;0;0;0;0;0;1;1;1;1;1;1;1;1;1;1;1;1;1;1;1;1;1;1;1;0;0;0;0;0;0;0;0;0;0.0004;0.088;-0.0884;0;0;0;0;0;0;0;0;0;0;0;0;0;0;0;0;0;0;0;-12.2;0;0;0;0;0.0004;0;0;0;0;0;0;0;-0.0004;-0.0884;0;0;0;0;0;0;0;0;0;-0.7452;0;0.7452;1;1;0;0;0;0
30/09/21 05:00;2.1846;-92.126;84.696;2.1861;3.1221;-90;-3.1221;0;0;0;12.2;4.8501;0;0;0;0;0;0;0;0;0;0;0;0;0;1;1;1;1;0;0;0;0;0;0;0;0;0;0;0;0;0;0;0;0;0;0;0;0;0;0;0;0;0;0;0;0;0;0;0;0;0;0;0;1;1;1;1;1;1;1;1;1;1;1;1;1;1;1;1;1;1;1;0;0;0;0;0;0;0;0;0;0.0004;0.088;-0.0884;0;0;0;0;0;0;0;0;0;0;0;0;0;0;0;0;0;0;0;-12.2;0;0;0;0;0.0004;0;0;0;0;0;0;0;-0.0004;-0.0884;0;0;0;0;0;0;0;0;0;-0.7452;0;0.7452;1;1;0;0;0;0
30/09/21 06:00;10.359;-86.35;64.145;10.379;15.53;-90;-15.53;53.798;51.4;2.3987;12.4;5.0999;0;5.8176;49.969;1.2171;0;0.1866;57.19;0;57.19;5.8176;1.2171;49.969;0.1866;0.1017;0.877;0;0.0033;56.28;0.9098;0;0;0.7548;0.155;53.928;2.2399;0.3297;0.069;1.8342;0.007;56.167;0.1126;0.0116;0.0024;0.0984;0.0001;53.967;5.4762;1.1457;47.281;0.0245;30.481;24.751;8.8251;0.0732;0.3389;4.8756;0.0393;5.1413;0;1;0;0;1.063;0.9841;1;1;0.9849;0.1692;0.9601;0.9432;1;0.9627;0.7764;0.998;0.998;1;0.998;0.998;0.943;0.9462;0.1311;0.1628;0.1642;0.001;0.0137;-0.006;0.0011;0.0039;0.0009;0;0;0.088;0.0523;0;0;0;0;0;0;0;0;0;0;0;0;0.0031;0.0002;0.1464;0.1464;0;15.055;15.055;2.6551;0.0492;138.78;1054.5;1;0.006;0.006;0;0;0;0;0;0;0.1403;0.0523;0;16.91;19.582;6.0464;7.0016;95.885;95.885;1.3726;1.2342;0.4413;0.1384;0.7929;0.1008;0.5777;0.3215;30.467;0.3022;0
30/09/21 07:00;22.489;-77.166;21.921;23.006;48.414;-90;-48.414;144.6;136.2;8.3966;13;5.3399;0;20.364;111.48;5.3071;0;4.619;141.77;0;141.77;20.364;5.3071;111.48;4.619;0.1436;0.8189;0;0.0326;127.25;14.517;0;0;10.232;4.2846;123.63;3.3669;0.0154;0.004;3.332;0.0155;127;0.2545;0.0407;0.0106;0.2025;0.0007;125.3;20.308;5.2924;97.713;0.3182;85.744;69.624;28.036;8.7665;1.3012;18.717;1.6718;11.252;0;1;0;0;0.9805;0.8976;1;1;0.9082;0.0724;0.9735;0.9992;1;0.967;0.9535;0.998;0.998;1;0.998;0.998;0.8721;0.8765;0.0689;0.4035;0.396;0.0024;0.0172;-0.0085;0.0027;0.0096;0.0035;0;0;0.088;0.265;0;0;0;0;0;0;0;0;0;0;0;0;0.0077;0.0006;0.361;0.361;0;19.053;19.053;6.0532;0.049;337.12;1070.8;1;0.008;0.008;0;0;0;0;0;0;0.353;0.265;0;16.825;19.483;12.351;14.303;97.787;97.787;3.4025;3.0442;2.2347;0.3583;0.8095;0.1053;0.2379;0.6568;85.692;0.5977;0
30/09/21 08:00;34.138;-66.43;19.327;36.492;53.508;-90;-53.508;367.09;234.3;132.79;15.04;5.3399;0;223.29;154.47;68.233;0;14.134;460.12;0;460.12;223.29;68.233;154.47;14.134;0.4853;0.3664;0;0.0307;430.56;29.558;0;0;16.392;13.166;424.81;4.8906;0.1488;0.0455;4.6566;0.0398;429.7;0.8611;0.4466;0.1365;0.2761;0.0019;429.1;222.69;68.051;133.14;0.9267;178.82;145.2;57.446;17.217;2.7108;38.994;4.284;24.488;0;1;0;0;1.2534;0.9358;1;1;0.8939;0.0685;0.9886;0.9993;1;0.9662;0.9588;0.998;0.998;1;0.998;0.998;0.9233;0.8619;0.0656;1.3095;1.3058;0.0079;0.0078;0.0505;0.0087;0.0308;0.007;0;0;0.088;1.0575;0;0;0;0;0;0;0;0;0;0;0;0;0.0248;0.0043;1.164;1.164;0;35.935;35.935;20.895;0.0492;1121.4;1038;1;0.0185;0.0185;0;0;0;0;0;0;1.1455;1.0575;0;16.717;19.358;15.188;17.587;98.413;98.413;11.043;9.8163;8.9184;1.2266;0.8979;0.1111;0.0813;0.8076;125.06;0.7594;0
30/09/21 09:00;44.723;-52.634;25.545;51.253;38.747;-90;-38.747;395.91;315.4;80.505;15.54;5.06;0;103.22;257.19;33.863;0;8.2776;402.55;0;402.55;103.22;33.863;257.19;8.2776;0.2564;0.6595;0;0.0206;378.03;24.523;0;0;17.007;7.5167;369.32;7.9513;0.0909;0.0298;7.7524;0.0782;377.28;0.7561;0.2064;0.0677;0.4804;0.0015;372.04;102.93;33.766;231.95;0.6812;231.94;188.33;72.454;9.3939;2.8088;40.403;2.7137;33.818;0;1;0;0;1.0168;0.9391;1;1;0.9339;0.0919;0.9789;0.9991;1;0.9677;0.8971;0.998;0.998;1;0.998;0.998;0.9175;0.9019;0.0823;1.1456;1.1454;0.0069;0.0101;0.0353;0.0077;0.0271;0.0073;0;0;0.088;0.9212;0;0;0;0;0;0;0;0;0;0;0;0;0.0219;0.0034;1.0257;1.0257;0;33.687;33.687;18.146;0.0491;982.28;1044.2;1;0.0165;0.0165;0;0;0;0;0;0;1.0092;0.9212;0;16.837;19.496;15.121;17.51;98.392;98.392;9.6613;8.6496;7.7684;1.0117;0.8812;0.1047;0.0912;0.8041;181.27;0.7479;0
30/09/21 10:00;53.155;-33.651;29.945;67.451;22.549;-90;-22.549;417.1;357;60.106;17.12;4.7701;0;65.082;324.48;21.25;0;3.0293;413.84;0;413.84;65.082;21.25;324.48;3.0293;0.1573;0.7914;0;0.0073;402.2;11.64;0;0;9.0864;2.5537;390.55;10.845;0.0672;0.0219;10.656;0.1005;401.39;0.8044;0.1302;0.0425;0.6308;0.001;391.35;64.884;21.185;304.1;0.3742;248.56;201.83;73.67;1.7954;2.7311;39.285;0.8034;40.221;0;1;0;0;0.9922;0.9719;1;1;0.972;0.157;0.973;0.999;1;0.9661;0.7883;0.998;0.998;1;0.998;0.998;0.9437;0.9372;0.1235;1.1777;1.1984;0.0072;0.0094;0.0482;0.0079;0.0281;0.0071;0;0;0.088;0.9591;0;0;0;0;0;0;0;0;0;0;0;0;0.0227;0.0037;1.0641;1.0641;0;36.345;36.345;19.225;0.0492;1028.8;1034.3;1;0.0169;0.0169;0;0;0;0;0;0;1.0471;0.9591;0;16.99;19.675;15.315;17.734;98.409;98.409;9.9321;8.9734;8.0885;0.9587;0.8849;0.0965;0.0891;0.8144;204.25;0.7603;0
30/09/21 11:00;57.603;-8.2874;32.018;84.774;5.2259;-90;-5.2259;351.99;332.2;19.796;17.94;4.51;0;19.878;325.82;5.7242;0;0.139;351.56;0;351.56;19.878;5.7242;325.82;0.139;0.0565;0.9272;0;0.0004;350.63;0.9317;0;0;0.816;0.1157;335.75;14.179;0.044;0.0127;14.117;0.0052;349.93;0.7013;0.0398;0.0114;0.65;0;335.76;19.795;5.7001;310.24;0.018;208.54;169.34;59.863;0.004;2.3202;33.375;0.0092;35.692;0;1;0;0;0.9988;0.9973;1;1;0.9975;0.1675;0.9595;0.9978;1;0.9565;0.7768;0.998;0.998;1;0.998;0.998;0.955;0.9522;0.1298;1.0005;1.0275;0.0062;0.0118;0.0346;0.0068;0.0242;0.006;0;0;0.088;0.8128;0;0;0;0;0;0;0;0;0;0;0;0;0.0195;0.0028;0.9156;0.9156;0;34.457;34.457;16.517;0.0492;881.26;1038.9;1;0.0148;0.0148;0;0;0;0;0;0;0.9008;0.8128;0;17.209;19.927;15.277;17.69;98.386;98.386;8.4375;7.721;6.8542;0.7165;0.8667;0.0849;0.1027;0.8124;193.55;0.7585;0
30/09/21 12:00;56.404;19.323;31.478;77.603;12.397;90;12.397;287.1;279.5;7.5984;17.49;4.25;0;7.7798;274.4;1.9107;0;0.636;284.73;0;284.73;7.7798;1.9107;274.4;0.636;0.0273;0.966;0;0.0022;281.35;3.375;0;0;2.8458;0.5293;270.08;10.712;0.0148;0.0036;10.67;0.024;280.79;0.5627;0.0156;0.0038;0.5431;0.0002;270.2;7.7495;1.9033;260.34;0.0825;171.05;138.89;49.345;0.1784;1.8985;27.309;0.1252;29.029;0;1;0;0;0.9917;0.9881;1;1;0.9896;0.1678;0.9619;0.9981;1;0.9606;0.7747;0.998;0.998;1;0.998;0.998;0.9485;0.9488;0.1297;0.8103;0.8278;0.005;0.0144;0.017;0.0055;0.0196;0.005;0;0;0.088;0.643;0;0;0;0;0;0;0;0;0;0;0;0;0.0158;0.0019;0.7434;0.7434;0;30.755;30.755;13.265;0.0491;708.4;1049.5;1;0.0124;0.0124;0;0;0;0;0;0;0.731;0.643;0;17.254;19.98;14.923;17.281;98.328;98.328;6.8334;6.2696;5.4226;0.5638;0.847;0.0825;0.1239;0.7935;165.56;0.7404;0
30/09/21 13:00;50.071;42.177;28.402;60.665;29.335;90;29.335;516.1;360.5;155.6;18.8;3.9001;0;178.49;287.28;61.415;0;6.2869;533.47;0;533.47;178.49;61.415;287.28;6.2869;0.3346;0.5503;0;0.0118;515.68;17.792;0;0;12.299;5.4928;505.31;9.3421;0.1748;0.0601;8.9631;0.1442;514.65;1.0314;0.357;0.1228;0.55;0.0016;507.12;177.96;61.232;265.47;0.6484;299.2;242.95;90.977;4.0258;3.2592;46.883;1.8174;46.116;0;1;0;0;1.0337;0.9666;1;1;0.9572;0.1263;0.9818;0.999;1;0.9673;0.8181;0.998;0.998;1;0.998;0.998;0.9472;0.9241;0.1031;1.5182;1.5448;0.0093;0.0046;0.1026;0.01;0.0355;0.0082;0;0;0.088;1.2316;0;0;0;0;0;0;0;0;0;0;0;0;0.0286;0.0059;1.3403;1.3403;0;43.794;43.794;24.994;0.0495;1327.9;1009.3;1;0.0206;0.0206;0;0;0;0;0;0;1.3196;1.2316;0;16.601;19.224;15.256;17.666;98.461;98.461;12.803;11.303;10.386;1.5008;0.9161;0.1172;0.0715;0.8112;188.49;0.7612;0
30/09/21 14:00;40.581;58.767;23.192;45.048;44.952;90;44.952;782.69;129.1;653.59;19.41;3.4201;0;923.54;29.17;134.15;0;21.734;1108.6;0;1108.6;923.54;134.15;29.17;21.734;0.8331;0.0459;0;0.0196;1086;22.57;0;0;2.4112;20.158;1082;1.8143;0.7383;0.1072;0.871;0.0977;1083.8;2.172;1.8471;0.2683;0.0535;0.0032;1087.4;920.95;133.77;25.834;1.4747;336.26;273.04;101.02;1.7802;3.5639;51.265;5.3844;53.049;0;1;0;0;1.4164;0.9796;1;1;0.9173;0.0725;0.9983;0.9992;1;0.9674;0.9379;0.998;0.998;1;0.998;0.998;0.976;0.8856;0.0679;3.155;3.2139;0.0194;0.0051;0.5587;0.0184;0.0653;0.008;0;0;0.088;2.3339;0;0;0;0;0;0;0;0;0;0;0;0;0.0526;0.0235;2.4629;2.4629;0;74.214;74.214;54.804;0.0506;2771;888.81;1;0.041;0.041;0;0;0;0;0;0;2.4219;2.3339;0;14.68;16.999;13.912;16.109;98.337;98.337;26.606;20.77;19.682;5.8366;1.0876;0.2194;0.0409;0.7398;21.699;0.715;0
30/09/21 15:00;29.466;71.086;16.392;30.847;59.153;90;59.153;236;218.8;17.195;19.36;2.6399;0;33.534;161.26;10.917;0;10.924;216.64;0;216.64;33.534;10.917;161.26;10.924;0.1548;0.7948;0;0.0504;186.55;30.084;0;0;19.86;10.225;181.15;5.0278;0.0189;0.0062;4.9588;0.0439;186.18;0.3731;0.0671;0.0218;0.2828;0.0014;185.47;33.448;10.889;136.16;0.6541;143.56;116.57;49.21;25.626;2.7425;39.45;4.3168;16.567;0;1;0;0;0.918;0.8611;1;1;0.8768;0.064;0.973;0.9994;1;0.9649;0.9371;0.998;0.998;1;0.998;0.998;0.8362;0.8443;0.0599;0.6165;0.6097;0.0037;0.0166;0.0072;0.0041;0.0145;0.0072;0;0;0.088;0.4461;0;0;0;0;0;0;0;0;0;0;0;0;0.0116;0.0011;0.5438;0.5438;0;28.267;28.267;8.9075;0.0492;519.39;1046.9;1;0.0097;0.0097;0;0;0;0;0;0;0.5341;0.4461;0;16.586;19.206;13.606;15.756;98.219;98.219;5.1993;4.5857;3.7618;0.6137;0.8238;0.118;0.1584;0.7235;139;0.6367;0
30/09/21 16:00;17.568;81.04;42.944;17.771;29.98;90;29.98;289.31;117.2;172.11;19.34;1.7401;0;417.41;63.719;118.63;0;3.6773;603.43;0;603.43;417.41;118.63;63.719;3.6773;0.6917;0.1117;0;0.0061;597.39;6.047;0;0;2.8241;3.2229;589.53;6.6655;3.5852;1.0189;1.9807;0.0807;596.19;1.1948;0.8348;0.2373;0.1218;0.0009;589.82;412.99;117.37;58.792;0.3728;43.075;34.977;12.588;0.9635;0.5273;7.5851;0.2963;7.149;0;1;0;0;2.0858;0.99;1;1;0.9557;0.1236;0.9888;0.9914;1;0.9674;0.822;0.998;0.998;1;0.998;0.998;0.977;0.9227;0.1014;1.7173;1.7027;0.0103;0.0026;0.142;0.0108;0.0384;0.0013;0;0;0.088;1.3489;0;0;0;0;0;0;0;0;0;0;0;0;0.031;0.0071;1.4593;1.4593;0;48.597;48.597;29.257;0.0496;1467;994.74;1;0.0224;0.0224;0;0;0;0;0;0;1.4369;1.3489;0;15.98;18.505;14.771;17.105;98.465;98.465;14.482;12.306;11.375;2.176;0.931;0.1502;0.0643;0.7855;41.992;0.7781;0
30/09/21 17:00;5.7583;89.614;75.917;5.7585;8.3253;90;8.3253;44.695;43.704;0.9916;17.28;2.21;0;2.405;43.159;0.7667;0;0.0447;46.375;0;46.375;2.405;0.7667;43.159;0.0447;0.0519;0.9316;0;0.001;46.108;0.2677;0;0;0.2304;0.0372;43.572;2.4435;0.4914;0.1567;1.7937;0.0017;46.015;0.0922;0.0048;0.0015;0.0859;0;43.578;1.9088;0.6085;41.049;0.0058;25.78;20.933;7.3882;0.006;0.288;4.1421;0.0063;4.424;0;1;0;0;1.0376;0.9942;1;1;0.9947;0.1676;0.9469;0.7953;1;0.9581;0.7753;0.998;0.998;1;0.998;0.998;0.9396;0.9511;0.1297;0.132;0.133;0.0008;0.0126;-0.0027;0.0009;0.003;0.0007;0;0;0.088;0.0222;0;0;0;0;0;0;0;0;0;0;0;0;0.0024;0.0001;0.1151;0.1151;0;19.439;19.439;2.1589;0.0495;112.14;1026.6;1;0.005;0.005;0;0;0;0;0;0;0.1102;0.0222;0;16.403;18.995;3.158;3.6569;95.693;95.693;1.113;0.9708;0.1869;0.1422;0.7839;0.1277;0.7043;0.1679;25.773;0.1574;0
30/09/21 18:00;0;0;90;0;0;90;0;0;0;0;13.67;2.58;0;0;0;0;0;0;0;0;0;0;0;0;0;1;1;1;1;0;0;0;0;0;0;0;0;0;0;0;0;0;0;0;0;0;0;0;0;0;0;0;0;0;0;0;0;0;0;0;0;0;0;0;1;1;1;1;1;1;1;1;1;1;1;1;1;1;1;1;1;1;1;0;0;0;0;0;0;0;0;0;0.0004;0.088;-0.0884;0;0;0;0;0;0;0;0;0;0;0;0;0;0;0;0;0;0;0;-13.67;0;0;0;0;0.0004;0;0;0;0;0;0;0;-0.0004;-0.0884;0;0;0;0;0;0;0;0;0;-0.7452;0;0.7452;1;1;0;0;0;0
30/09/21 19:00;0;0;90;0;0;90;0;0;0;0;14.02;2.76;0;0;0;0;0;0;0;0;0;0;0;0;0;1;1;1;1;0;0;0;0;0;0;0;0;0;0;0;0;0;0;0;0;0;0;0;0;0;0;0;0;0;0;0;0;0;0;0;0;0;0;0;1;1;1;1;1;1;1;1;1;1;1;1;1;1;1;1;1;1;1;0;0;0;0;0;0;0;0;0;0.0004;0.088;-0.0884;0;0;0;0;0;0;0;0;0;0;0;0;0;0;0;0;0;0;0;-14.02;0;0;0;0;0.0004;0;0;0;0;0;0;0;-0.0004;-0.0884;0;0;0;0;0;0;0;0;0;-0.7452;0;0.7452;1;1;0;0;0;0
30/09/21 20:00;0;0;90;0;0;90;0;0;0;0;12.11;2.8699;0;0;0;0;0;0;0;0;0;0;0;0;0;1;1;1;1;0;0;0;0;0;0;0;0;0;0;0;0;0;0;0;0;0;0;0;0;0;0;0;0;0;0;0;0;0;0;0;0;0;0;0;1;1;1;1;1;1;1;1;1;1;1;1;1;1;1;1;1;1;1;0;0;0;0;0;0;0;0;0;0.0004;0.088;-0.0884;0;0;0;0;0;0;0;0;0;0;0;0;0;0;0;0;0;0;0;-12.11;0;0;0;0;0.0004;0;0;0;0;0;0;0;-0.0004;-0.0884;0;0;0;0;0;0;0;0;0;-0.7452;0;0.7452;1;1;0;0;0;0
30/09/21 21:00;0;0;90;0;0;90;0;0;0;0;11.69;3.0201;0;0;0;0;0;0;0;0;0;0;0;0;0;1;1;1;1;0;0;0;0;0;0;0;0;0;0;0;0;0;0;0;0;0;0;0;0;0;0;0;0;0;0;0;0;0;0;0;0;0;0;0;1;1;1;1;1;1;1;1;1;1;1;1;1;1;1;1;1;1;1;0;0;0;0;0;0;0;0;0;0.0004;0.088;-0.0884;0;0;0;0;0;0;0;0;0;0;0;0;0;0;0;0;0;0;0;-11.69;0;0;0;0;0.0004;0;0;0;0;0;0;0;-0.0004;-0.0884;0;0;0;0;0;0;0;0;0;-0.7452;0;0.7452;1;1;0;0;0;0
30/09/21 22:00;0;0;90;0;0;90;0;0;0;0;10.64;3.21;0;0;0;0;0;0;0;0;0;0;0;0;0;1;1;1;1;0;0;0;0;0;0;0;0;0;0;0;0;0;0;0;0;0;0;0;0;0;0;0;0;0;0;0;0;0;0;0;0;0;0;0;1;1;1;1;1;1;1;1;1;1;1;1;1;1;1;1;1;1;1;0;0;0;0;0;0;0;0;0;0.0004;0.088;-0.0884;0;0;0;0;0;0;0;0;0;0;0;0;0;0;0;0;0;0;0;-10.64;0;0;0;0;0.0004;0;0;0;0;0;0;0;-0.0004;-0.0884;0;0;0;0;0;0;0;0;0;-0.7452;0;0.7452;1;1;0;0;0;0
30/09/21 23:00;0;0;90;0;0;90;0;0;0;0;11.27;3.06;0;0;0;0;0;0;0;0;0;0;0;0;0;1;1;1;1;0;0;0;0;0;0;0;0;0;0;0;0;0;0;0;0;0;0;0;0;0;0;0;0;0;0;0;0;0;0;0;0;0;0;0;1;1;1;1;1;1;1;1;1;1;1;1;1;1;1;1;1;1;1;0;0;0;0;0;0;0;0;0;0.0004;0.088;-0.0884;0;0;0;0;0;0;0;0;0;0;0;0;0;0;0;0;0;0;0;-11.27;0;0;0;0;0.0004;0;0;0;0;0;0;0;-0.0004;-0.0884;0;0;0;0;0;0;0;0;0;-0.7452;0;0.7452;1;1;0;0;0;0
01/10/21 00:00;0;0;90;0;0;90;0;0;0;0;11.1;2.84;0;0;0;0;0;0;0;0;0;0;0;0;0;1;1;1;1;0;0;0;0;0;0;0;0;0;0;0;0;0;0;0;0;0;0;0;0;0;0;0;0;0;0;0;0;0;0;0;0;0;0;0;1;1;1;1;1;1;1;1;1;1;1;1;1;1;1;1;1;1;1;0;0;0;0;0;0;0;0;0;0.0004;0.088;-0.0884;0;0;0;0;0;0;0;0;0;0;0;0;0;0;0;0;0;0;0;-11.1;0;0;0;0;0.0004;0;0;0;0;0;0;0;-0.0004;-0.0884;0;0;0;0;0;0;0;0;0;-0.7452;0;0.7452;1;1;0;0;0;0
01/10/21 01:00;0;0;90;0;0;90;0;0;0;0;10.96;2.6299;0;0;0;0;0;0;0;0;0;0;0;0;0;1;1;1;1;0;0;0;0;0;0;0;0;0;0;0;0;0;0;0;0;0;0;0;0;0;0;0;0;0;0;0;0;0;0;0;0;0;0;0;1;1;1;1;1;1;1;1;1;1;1;1;1;1;1;1;1;1;1;0;0;0;0;0;0;0;0;0;0.0004;0.088;-0.0884;0;0;0;0;0;0;0;0;0;0;0;0;0;0;0;0;0;0;0;-10.96;0;0;0;0;0.0004;0;0;0;0;0;0;0;-0.0004;-0.0884;0;0;0;0;0;0;0;0;0;-0.7452;0;0.7452;1;1;0;0;0;0
01/10/21 02:00;0;0;90;0;0;90;0;0;0;0;11.5;2.3899;0;0;0;0;0;0;0;0;0;0;0;0;0;1;1;1;1;0;0;0;0;0;0;0;0;0;0;0;0;0;0;0;0;0;0;0;0;0;0;0;0;0;0;0;0;0;0;0;0;0;0;0;1;1;1;1;1;1;1;1;1;1;1;1;1;1;1;1;1;1;1;0;0;0;0;0;0;0;0;0;0.0004;0.088;-0.0884;0;0;0;0;0;0;0;0;0;0;0;0;0;0;0;0;0;0;0;-11.5;0;0;0;0;0.0004;0;0;0;0;0;0;0;-0.0004;-0.0884;0;0;0;0;0;0;0;0;0;-0.7452;0;0.7452;1;1;0;0;0;0
01/10/21 03:00;0;0;90;0;0;90;0;0;0;0;10.42;2.0799;0;0;0;0;0;0;0;0;0;0;0;0;0;1;1;1;1;0;0;0;0;0;0;0;0;0;0;0;0;0;0;0;0;0;0;0;0;0;0;0;0;0;0;0;0;0;0;0;0;0;0;0;1;1;1;1;1;1;1;1;1;1;1;1;1;1;1;1;1;1;1;0;0;0;0;0;0;0;0;0;0.0004;0.088;-0.0884;0;0;0;0;0;0;0;0;0;0;0;0;0;0;0;0;0;0;0;-10.42;0;0;0;0;0.0004;0;0;0;0;0;0;0;-0.0004;-0.0884;0;0;0;0;0;0;0;0;0;-0.7452;0;0.7452;1;1;0;0;0;0
01/10/21 04:00;0;0;90;0;0;90;0;0;0;0;10.02;1.64;0;0;0;0;0;0;0;0;0;0;0;0;0;1;1;1;1;0;0;0;0;0;0;0;0;0;0;0;0;0;0;0;0;0;0;0;0;0;0;0;0;0;0;0;0;0;0;0;0;0;0;0;1;1;1;1;1;1;1;1;1;1;1;1;1;1;1;1;1;1;1;0;0;0;0;0;0;0;0;0;0.0004;0.088;-0.0884;0;0;0;0;0;0;0;0;0;0;0;0;0;0;0;0;0;0;0;-10.02;0;0;0;0;0.0004;0;0;0;0;0;0;0;-0.0004;-0.0884;0;0;0;0;0;0;0;0;0;-0.7452;0;0.7452;1;1;0;0;0;0
01/10/21 05:00;2.2718;-92.539;84.483;2.274;3.2482;-90;-3.2482;0.5079;0.4988;0.0091;9.5001;1;0;0.022;0.4983;0.0002;0;0.0001;0.5206;0.5206;0;0.022;0;0;0;1;1;1;1;0;0;0;0;0;0;0;0;0;0;0;0;0;0;0;0;0;0;0;0;0;0;0;0;0;0;0;0;0;0;0;0;0;0;0;0;1;1;1;1;1;1;1;1;1;1;1;0;1;0;0;1;0;0;0;0;0;0;0;0;0;0;0;0.0004;0.088;-0.0884;0;0;0;0;0;0;0;0;0;0;0;0;0;0;0;0;0;0;0;-9.5001;0;0;0;0;0.0004;0;0;0;0;0;0;0;-0.0004;-0.0884;0;0;0;0;0;0;0;0;0;-0.7452;0;0.7452;1;1;0;0;0;0
01/10/21 06:00;10.651;-86.623;63.369;10.669;16.011;-90;-16.011;140.1;28.703;111.4;10.52;0.67;0;270.17;15.737;30.693;0;0.5435;317.15;0;317.15;270.17;30.693;15.737;0.5435;0.8519;0.0513;0;0.0017;316.44;0.7019;0;0;0.2502;0.4516;299.81;16.315;14.118;1.6038;0.573;0.0205;316.13;0.3164;0.2702;0.0307;0.0155;0.0001;299.83;255.79;29.058;14.898;0.0712;10.22;8.2273;2.8191;0.0258;0.1342;1.9298;0.0173;2.0382;0;1;0;0;2.2637;0.9978;1;1;0.9841;0.1689;0.9484;0.9477;1;0.963;0.7767;0.999;0.999;1;0.999;0.999;0.9453;0.9467;0.1311;0.9026;0.8617;0.0052;0.014;0.0005;0.0059;0.0209;0.0004;0;0;0.088;0.6944;0;0;0;0;0;0;0;0;0;0;0;0;0.0168;0.002;0.7959;0.7959;0;25.167;25.167;14.647;0.0489;738.75;1077.4;1;0.0135;0.0135;0;0;0;0;0;0;0.7824;0.6944;0;16.584;19.204;14.469;16.755;98.304;98.304;7.6115;6.7123;5.8564;0.8992;0.856;0.1181;0.1125;0.7694;9.6125;0.7659;0
01/10/21 07:00;22.79;-77.447;20.044;23.289;50.223;-90;-50.223;358.5;63.799;294.7;13.27;1.22;0;714.73;23.197;86.113;0;12.913;836.95;0;836.95;714.73;86.113;23.197;12.913;0.854;0.0431;0;0.0154;822.71;14.247;0;0;2.2456;12.002;820.6;1.2878;0.4943;0.0596;0.6954;0.0385;821.88;0.8227;0.7147;0.0861;0.021;0.0009;820.99;713.52;85.967;20.235;0.8719;19.771;15.916;6.9801;2.075;0.2919;4.1994;0.3971;2.4163;0;1;0;0;2.3346;0.983;1;1;0.9032;0.0706;0.9984;0.9993;1;0.9668;0.9577;0.999;0.999;1;0.999;0.999;0.9805;0.8723;0.0675;2.3819;2.3573;0.0142;-0.002;0.2417;0.0147;0.0522;0.0007;0;0;0.088;1.8608;0;0;0;0;0;0;0;0;0;0;0;0;0.0421;0.0131;1.9807;1.9807;0;54.149;54.149;40.879;0.0498;2035.5;973.06;1;0.0319;0.0319;0;0;0;0;0;0;1.9488;1.8608;0;15.638;18.108;14.691;17.012;98.389;98.389;20.087;16.703;15.692;3.3838;1.0111;0.1685;0.0503;0.7812;18.153;0.7783;0
01/10/21 08:00;34.457;-66.716;19.022;36.761;53.239;-90;-53.239;561.8;94.697;467.1;15.11;2.11;0;780.48;29.979;95.556;0;22.558;928.58;0;928.58;780.48;95.556;29.979;22.558;0.8405;0.0566;0;0.0243;904.41;24.168;0;0;3.1582;21.009;901.96;1.5424;0.5123;0.0627;0.904;0.0633;903.5;0.9044;0.7805;0.0956;0.0268;0.0015;906.45;779.19;95.398;25.89;1.4832;189.05;152.18;58.264;3.288;2.2665;32.603;4.4909;31.582;0;1;0;0;1.6529;0.974;1;1;0.8947;0.0686;0.9983;0.9993;1;0.9663;0.9591;0.999;0.999;1;0.999;0.999;0.9713;0.8636;0.0658;2.6427;2.6587;0.016;-0.0015;0.3301;0.0162;0.0574;0.0054;0;0;0.088;2.049;0;0;0;0;0;0;0;0;0;0;0;0;0.0463;0.0164;2.1725;2.1725;0;60.266;60.266;45.156;0.0501;2292.6;947.58;1;0.0354;0.0354;0;0;0;0;0;0;2.137;2.049;0;15.46;17.902;14.582;16.885;98.37;98.37;22.286;18.321;17.28;3.9652;1.0408;0.1779;0.0467;0.7754;24.202;0.7555;0
01/10/21 09:00;45.072;-52.901;25.213;51.494;38.506;-90;-38.506;356.99;308.6;48.398;17.04;3.0201;0;61.847;261.29;19.72;0;7.7631;350.62;0;350.62;61.847;19.72;261.29;7.7631;0.1764;0.7674;0;0.0221;326.47;24.154;0;0;17.112;7.0424;318.1;8.0341;0.0538;0.0172;7.8873;0.0759;326.14;0.3265;0.0618;0.0197;0.2442;0.0007;320.66;61.731;19.683;236.05;0.644;214.15;172.39;69.597;9.3414;2.6988;38.821;2.5515;32.178;0;1;0;0;0.9821;0.9311;1;1;0.9345;0.0928;0.9754;0.9991;1;0.9677;0.8946;0.999;0.999;1;0.999;0.999;0.9073;0.9034;0.083;0.9978;0.9952;0.006;0.0122;0.0272;0.0066;0.0236;0.007;0;0;0.088;0.7884;0;0;0;0;0;0;0;0;0;0;0;0;0.019;0.0026;0.8909;0.8909;0;32.671;32.671;15.631;0.0491;852.46;1045;1;0.0145;0.0145;0;0;0;0;0;0;0.8764;0.7884;0;16.79;19.442;14.858;17.205;98.374;98.374;8.4149;7.5127;6.6485;0.9021;0.8643;0.1072;0.1027;0.7901;183.78;0.7296;0
01/10/21 10:00;53.539;-33.821;29.585;67.643;22.357;-90;-22.357;771.5;171;600.5;17.67;3.61;0;649.3;74.688;100.99;0;5.7991;830.78;0;830.78;649.3;100.99;74.688;5.7991;0.7816;0.0969;0;0.007;823.83;6.9476;0;0;2.0629;4.8847;819.59;3.4195;0.6629;0.1031;2.4595;0.194;823.01;0.8238;0.6493;0.101;0.0726;0.0009;821.02;647.99;100.78;70.093;0.7195;433.01;348.58;136.24;0.4019;4.5473;65.411;1.4293;69.556;0;1;0;0;1.0768;0.9916;1;1;0.9724;0.1577;0.9958;0.999;1;0.9661;0.7876;0.999;0.999;1;0.999;0.999;0.9865;0.9385;0.1241;2.3643;2.48;0.0149;-0.002;0.294;0.0152;0.0539;0.0109;0;0;0.088;1.9147;0;0;0;0;0;0;0;0;0;0;0;0;0.0435;0.0143;2.0352;2.0352;0;58.65;58.65;40.98;0.05;2136.5;952.62;1;0.0325;0.0325;0;0;0;0;0;0;2.0027;1.9147;0;16.188;18.746;15.23;17.636;98.402;98.402;19.939;17.163;16.147;2.7752;1.0164;0.1392;0.051;0.8098;46.967;0.7648;0
01/10/21 11:00;57.998;-8.2164;31.635;84.896;5.1035;-90;-5.1035;852.51;165.1;687.41;18.45;3.88;0;690.14;67.071;98.287;0;0.338;855.84;0;855.84;690.14;98.287;67.071;0.338;0.8064;0.0788;0;0.0004;855.4;0.4432;0;0;0.1618;0.2814;850.05;4.4954;1.3739;0.1957;2.9132;0.0126;854.54;0.8554;0.6901;0.0983;0.0669;0.0001;850.08;688.08;97.993;63.929;0.0439;501.65;403.83;156.48;0.0008;5.3256;76.607;0.0319;81.932;0;1;0;0;1.0039;0.9995;1;1;0.9976;0.1674;0.9947;0.998;1;0.9564;0.7768;0.999;0.999;1;0.999;0.999;0.9932;0.9532;0.1299;2.4357;2.5856;0.0156;-0.0018;0.3284;0.0157;0.0557;0.0126;0;0;0.088;1.9775;0;0;0;0;0;0;0;0;0;0;0;0;0.0449;0.0155;2.099;2.099;0;61.034;61.034;42.585;0.0501;2226.1;942.91;1;0.0335;0.0335;0;0;0;0;0;0;2.0655;1.9775;0;16.207;18.767;15.268;17.68;98.402;98.402;20.54;17.701;16.676;2.8387;1.025;0.1382;0.0499;0.8119;39.837;0.7609;0
01/10/21 12:00;56.754;19.662;31.083;77.561;12.439;90;12.439;389.5;357.2;32.297;18.53;3.93;0;33.074;343.04;10.333;0;0.9143;387.36;0;387.36;33.074;10.333;343.04;0.9143;0.0854;0.8879;0;0.0024;383.02;4.3384;0;0;3.5776;0.7609;369.19;13.449;0.0552;0.0172;13.342;0.0345;382.64;0.383;0.0331;0.0103;0.3395;0.0002;369.37;32.985;10.306;325.78;0.1187;231.58;186.42;69.598;0.2259;2.6447;38.043;0.1785;40.461;0;1;0;0;0.9945;0.9888;1;1;0.9896;0.1678;0.9649;0.9983;1;0.9607;0.7747;0.999;0.999;1;0.999;0.999;0.9531;0.9497;0.1298;1.1024;1.133;0.0068;0.0103;0.0472;0.0075;0.0265;0.0068;0;0;0.088;0.8992;0;0;0;0;0;0;0;0;0;0;0;0;0.0214;0.0033;1.0031;1.0031;0;36.716;36.716;18.185;0.0493;972.48;1031.5;1;0.016;0.016;0;0;0;0;0;0;0.9872;0.8992;0;17.112;19.816;15.339;17.762;98.407;98.407;9.2966;8.4595;7.5827;0.8371;0.8769;0.09;0.0943;0.8156;207;0.7598;0
01/10/21 13:00;50.348;42.621;28.006;60.698;29.302;90;29.302;589.5;329.2;260.3;19.68;3.87;0;298.49;231.93;93.357;0;7.5424;631.32;0;631.32;298.49;93.357;231.93;7.5424;0.4728;0.3793;0;0.0119;614.82;16.5;0;0;9.9118;6.5886;606.41;7.7971;0.2885;0.0902;7.2449;0.1735;614.21;0.6148;0.2985;0.0934;0.222;0.001;608.5;297.9;93.174;214.56;0.7793;333.08;268.13;105.37;3.2382;3.651;52.519;2.0928;52.931;0;1;0;0;1.071;0.9739;1;1;0.9573;0.1265;0.9873;0.999;1;0.9673;0.8179;0.999;0.999;1;0.999;0.999;0.9605;0.9251;0.1033;1.7967;1.8462;0.0111;0.0011;0.1615;0.0117;0.0415;0.009;0;0;0.088;1.4562;0;0;0;0;0;0;0;0;0;0;0;0;0.0334;0.0082;1.5685;1.5685;0;49.801;49.801;30.121;0.0497;1586.9;988.43;1;0.0244;0.0244;0;0;0;0;0;0;1.5442;1.4562;0;16.418;19.011;15.242;17.649;98.446;98.446;15.152;13.228;12.28;1.924;0.9476;0.127;0.0625;0.8105;152.14;0.763;0
01/10/21 14:00;40.798;59.205;22.803;45.136;44.864;90;44.864;748.51;123.5;625.01;19.52;3.7;0;881.8;31.684;121.92;0;21.797;1057.2;0;1057.2;881.8;121.92;31.684;21.797;0.8341;0.0506;0;0.0206;1034.4;22.825;0;0;2.6116;20.214;1031.5;1.8359;0.6939;0.0959;0.9471;0.099;1033.3;1.0344;0.8818;0.1219;0.0291;0.0016;1036.8;880.22;121.7;28.096;1.4828;323.15;260.13;100.8;1.9202;3.5552;51.141;5.3412;52.776;0;1;0;0;1.4124;0.9784;1;1;0.9176;0.0726;0.9982;0.9992;1;0.9674;0.9374;0.999;0.999;1;0.999;0.999;0.9757;0.8868;0.068;3.0087;3.0689;0.0185;0.0026;0.5056;0.0178;0.0631;0.008;0;0;0.088;2.2536;0;0;0;0;0;0;0;0;0;0;0;0;0.0508;0.0215;2.3809;2.3809;0;71.651;71.651;52.13;0.0505;2646.1;899.78;1;0.0393;0.0393;0;0;0;0;0;0;2.3416;2.2536;0;14.881;17.232;14.086;16.311;98.349;98.349;25.373;20.078;19.004;5.2947;1.0736;0.2087;0.0423;0.749;23.551;0.7228;0
01/10/21 15:00;29.646;71.493;16.014;30.971;59.029;90;59.029;226.99;213.2;13.79;18.62;3.22;0;26.798;158.17;8.4494;0;11.018;204.43;0;204.43;26.798;8.4494;158.17;11.018;0.1311;0.8276;0;0.0539;174.7;29.732;0;0;19.419;10.313;169.59;4.9289;0.0148;0.0047;4.8657;0.0438;174.52;0.1747;0.0268;0.0084;0.1387;0.0007;173.94;26.756;8.4362;133.74;0.6603;139.81;112.55;49.661;24.947;2.7126;39.02;4.3491;16.786;0;1;0;0;0.9006;0.8546;1;1;0.8772;0.064;0.9718;0.9994;1;0.9649;0.9378;0.999;0.999;1;0.999;0.999;0.8296;0.8456;0.0599;0.5818;0.5758;0.0035;0.0168;0.004;0.0039;0.0137;0.0071;0;0;0.088;0.4174;0;0;0;0;0;0;0;0;0;0;0;0;0.011;0.001;0.5148;0.5148;0;26.955;26.955;8.3347;0.0491;490.32;1049.9;1;0.0094;0.0094;0;0;0;0;0;0;0.5054;0.4174;0;16.639;19.268;13.491;15.622;98.172;98.172;4.9063;4.3411;3.5197;0.5652;0.8215;0.1152;0.1674;0.7174;136.14;0.6277;0
01/10/21 16:00;17.727;81.422;42.399;17.915;30.333;90;30.333;87.202;85.797;1.4059;17.46;2.0601;0;3.4096;79.654;0.7028;0;1.1937;84.96;0;84.96;3.4096;0.7028;79.654;1.1937;0.0401;0.9516;0;0.0141;80.316;4.6447;0;0;3.5967;1.048;77.702;2.5334;0.0282;0.0058;2.4738;0.0256;80.235;0.0803;0.0034;0.0007;0.0761;0.0001;78.061;3.378;0.6963;73.508;0.12;52.63;42.367;16.556;1.2533;0.6312;9.0791;0.3588;8.4569;0;1;0;0;0.9743;0.9453;1;1;0.9548;0.1221;0.9684;0.9917;1;0.9674;0.8242;0.999;0.999;1;0.999;0.999;0.9146;0.9228;0.1005;0.2418;0.2415;0.0015;0.0157;-0.0033;0.0016;0.0057;0.0016;0;0;0.088;0.1196;0;0;0;0;0;0;0;0;0;0;0;0;0.0046;0.0003;0.214;0.214;0;21.29;21.29;3.8298;0.0493;205.15;1043.2;1;0.0064;0.0064;0;0;0;0;0;0;0.2076;0.1196;0;16.645;19.275;9.3037;10.773;97.015;97.015;2.039;1.8048;1.0088;0.2343;0.796;0.1149;0.3904;0.4947;52.622;0.4581;0
01/10/21 17:00;5.912;89.982;75.534;5.912;8.554;90;8.554;22.699;22.497;0.2025;15.49;1.81;0;0.4912;22.339;0.0785;0;0.0253;22.934;0;22.934;0.4912;0.0785;22.339;0.0253;0.0214;0.9752;0;0.0011;22.789;0.1457;0;0;0.1247;0.021;21.727;1.039;0.0964;0.0154;0.9262;0.001;22.766;0.0228;0.0005;0.0001;0.0222;0;21.73;0.3943;0.063;21.266;0.0033;13.348;10.745;3.9683;0.0035;0.1546;2.2243;0.0037;2.3755;0;1;0;0;1.0104;0.9936;1;1;0.9944;0.1677;0.9544;0.8035;1;0.9583;0.7752;0.999;0.999;1;0.999;0.999;0.9473;0.952;0.1298;0.0653;0.0666;0.0004;0.0091;-0.002;0.0004;0.0015;0.0004;0;0;0.088;-0.0357;0;0;0;0;0;0;0;0;0;0;0;0;0.0012;0;0.0557;0.0557;0;16.574;16.574;1.0847;0.0499;55.233;1008.1;1;0.0033;0.0033;0;0;0;0;0;0;0.0523;-0.0357;0;16.043;18.578;-10.272;-11.894;94.017;94.017;0.5504;0.4696;-0.3006;0.0809;0.7702;0.1469;1.3993;0;13.347;0;0
01/10/21 18:00;0;0;90;0;0;90;0;0;0;0;14;1.9199;0;0;0;0;0;0;0;0;0;0;0;0;0;1;1;1;1;0;0;0;0;0;0;0;0;0;0;0;0;0;0;0;0;0;0;0;0;0;0;0;0;0;0;0;0;0;0;0;0;0;0;0;1;1;1;1;1;1;1;1;1;1;1;1;1;1;1;1;1;1;1;0;0;0;0;0;0;0;0;0;0.0004;0.088;-0.0884;0;0;0;0;0;0;0;0;0;0;0;0;0;0;0;0;0;0;0;-14;0;0;0;0;0.0004;0;0;0;0;0;0;0;-0.0004;-0.0884;0;0;0;0;0;0;0;0;0;-0.7452;0;0.7452;1;1;0;0;0;0
01/10/21 19:00;0;0;90;0;0;90;0;0;0;0;13.7;2.05;0;0;0;0;0;0;0;0;0;0;0;0;0;1;1;1;1;0;0;0;0;0;0;0;0;0;0;0;0;0;0;0;0;0;0;0;0;0;0;0;0;0;0;0;0;0;0;0;0;0;0;0;1;1;1;1;1;1;1;1;1;1;1;1;1;1;1;1;1;1;1;0;0;0;0;0;0;0;0;0;0.0004;0.088;-0.0884;0;0;0;0;0;0;0;0;0;0;0;0;0;0;0;0;0;0;0;-13.7;0;0;0;0;0.0004;0;0;0;0;0;0;0;-0.0004;-0.0884;0;0;0;0;0;0;0;0;0;-0.7452;0;0.7452;1;1;0;0;0;0
01/10/21 20:00;0;0;90;0;0;90;0;0;0;0;13.71;2.1501;0;0;0;0;0;0;0;0;0;0;0;0;0;1;1;1;1;0;0;0;0;0;0;0;0;0;0;0;0;0;0;0;0;0;0;0;0;0;0;0;0;0;0;0;0;0;0;0;0;0;0;0;1;1;1;1;1;1;1;1;1;1;1;1;1;1;1;1;1;1;1;0;0;0;0;0;0;0;0;0;0.0004;0.088;-0.0884;0;0;0;0;0;0;0;0;0;0;0;0;0;0;0;0;0;0;0;-13.71;0;0;0;0;0.0004;0;0;0;0;0;0;0;-0.0004;-0.0884;0;0;0;0;0;0;0;0;0;-0.7452;0;0.7452;1;1;0;0;0;0
01/10/21 21:00;0;0;90;0;0;90;0;0;0;0;13.53;2.12;0;0;0;0;0;0;0;0;0;0;0;0;0;1;1;1;1;0;0;0;0;0;0;0;0;0;0;0;0;0;0;0;0;0;0;0;0;0;0;0;0;0;0;0;0;0;0;0;0;0;0;0;1;1;1;1;1;1;1;1;1;1;1;1;1;1;1;1;1;1;1;0;0;0;0;0;0;0;0;0;0.0004;0.088;-0.0884;0;0;0;0;0;0;0;0;0;0;0;0;0;0;0;0;0;0;0;-13.53;0;0;0;0;0.0004;0;0;0;0;0;0;0;-0.0004;-0.0884;0;0;0;0;0;0;0;0;0;-0.7452;0;0.7452;1;1;0;0;0;0
01/10/21 22:00;0;0;90;0;0;90;0;0;0;0;13.43;1.9299;0;0;0;0;0;0;0;0;0;0;0;0;0;1;1;1;1;0;0;0;0;0;0;0;0;0;0;0;0;0;0;0;0;0;0;0;0;0;0;0;0;0;0;0;0;0;0;0;0;0;0;0;1;1;1;1;1;1;1;1;1;1;1;1;1;1;1;1;1;1;1;0;0;0;0;0;0;0;0;0;0.0004;0.088;-0.0884;0;0;0;0;0;0;0;0;0;0;0;0;0;0;0;0;0;0;0;-13.43;0;0;0;0;0.0004;0;0;0;0;0;0;0;-0.0004;-0.0884;0;0;0;0;0;0;0;0;0;-0.7452;0;0.7452;1;1;0;0;0;0
01/10/21 23:00;0;0;90;0;0;90;0;0;0;0;13.1;1.8201;0;0;0;0;0;0;0;0;0;0;0;0;0;1;1;1;1;0;0;0;0;0;0;0;0;0;0;0;0;0;0;0;0;0;0;0;0;0;0;0;0;0;0;0;0;0;0;0;0;0;0;0;1;1;1;1;1;1;1;1;1;1;1;1;1;1;1;1;1;1;1;0;0;0;0;0;0;0;0;0;0.0004;0.088;-0.0884;0;0;0;0;0;0;0;0;0;0;0;0;0;0;0;0;0;0;0;-13.1;0;0;0;0;0.0004;0;0;0;0;0;0;0;-0.0004;-0.0884;0;0;0;0;0;0;0;0;0;-0.7452;0;0.7452;1;1;0;0;0;0
02/10/21 00:00;0;0;90;0;0;90;0;0;0;0;13.1;1.7401;0;0;0;0;0;0;0;0;0;0;0;0;0;1;1;1;1;0;0;0;0;0;0;0;0;0;0;0;0;0;0;0;0;0;0;0;0;0;0;0;0;0;0;0;0;0;0;0;0;0;0;0;1;1;1;1;1;1;1;1;1;1;1;1;1;1;1;1;1;1;1;0;0;0;0;0;0;0;0;0;0.0004;0.088;-0.0884;0;0;0;0;0;0;0;0;0;0;0;0;0;0;0;0;0;0;0;-13.1;0;0;0;0;0.0004;0;0;0;0;0;0;0;-0.0004;-0.0884;0;0;0;0;0;0;0;0;0;-0.7452;0;0.7452;1;1;0;0;0;0
02/10/21 01:00;0;0;90;0;0;90;0;0;0;0;12.98;1.7;0;0;0;0;0;0;0;0;0;0;0;0;0;1;1;1;1;0;0;0;0;0;0;0;0;0;0;0;0;0;0;0;0;0;0;0;0;0;0;0;0;0;0;0;0;0;0;0;0;0;0;0;1;1;1;1;1;1;1;1;1;1;1;1;1;1;1;1;1;1;1;0;0;0;0;0;0;0;0;0;0.0004;0.088;-0.0884;0;0;0;0;0;0;0;0;0;0;0;0;0;0;0;0;0;0;0;-12.98;0;0;0;0;0.0004;0;0;0;0;0;0;0;-0.0004;-0.0884;0;0;0;0;0;0;0;0;0;-0.7452;0;0.7452;1;1;0;0;0;0
02/10/21 02:00;0;0;90;0;0;90;0;0;0;0;12.9;1.5999;0;0;0;0;0;0;0;0;0;0;0;0;0;1;1;1;1;0;0;0;0;0;0;0;0;0;0;0;0;0;0;0;0;0;0;0;0;0;0;0;0;0;0;0;0;0;0;0;0;0;0;0;1;1;1;1;1;1;1;1;1;1;1;1;1;1;1;1;1;1;1;0;0;0;0;0;0;0;0;0;0.0004;0.088;-0.0884;0;0;0;0;0;0;0;0;0;0;0;0;0;0;0;0;0;0;0;-12.9;0;0;0;0;0.0004;0;0;0;0;0;0;0;-0.0004;-0.0884;0;0;0;0;0;0;0;0;0;-0.7452;0;0.7452;1;1;0;0;0;0
02/10/21 03:00;0;0;90;0;0;90;0;0;0;0;12.89;1.46;0;0;0;0;0;0;0;0;0;0;0;0;0;1;1;1;1;0;0;0;0;0;0;0;0;0;0;0;0;0;0;0;0;0;0;0;0;0;0;0;0;0;0;0;0;0;0;0;0;0;0;0;1;1;1;1;1;1;1;1;1;1;1;1;1;1;1;1;1;1;1;0;0;0;0;0;0;0;0;0;0.0004;0.088;-0.0884;0;0;0;0;0;0;0;0;0;0;0;0;0;0;0;0;0;0;0;-12.89;0;0;0;0;0.0004;0;0;0;0;0;0;0;-0.0004;-0.0884;0;0;0;0;0;0;0;0;0;-0.7452;0;0.7452;1;1;0;0;0;0
02/10/21 04:00;0;0;90;0;0;90;0;0;0;0;12.8;1.3501;0;0;0;0;0;0;0;0;0;0;0;0;0;1;1;1;1;0;0;0;0;0;0;0;0;0;0;0;0;0;0;0;0;0;0;0;0;0;0;0;0;0;0;0;0;0;0;0;0;0;0;0;1;1;1;1;1;1;1;1;1;1;1;1;1;1;1;1;1;1;1;0;0;0;0;0;0;0;0;0;0.0004;0.088;-0.0884;0;0;0;0;0;0;0;0;0;0;0;0;0;0;0;0;0;0;0;-12.8;0;0;0;0;0.0004;0;0;0;0;0;0;0;-0.0004;-0.0884;0;0;0;0;0;0;0;0;0;-0.7452;0;0.7452;1;1;0;0;0;0
02/10/21 05:00;2.3576;-92.952;84.274;2.3607;3.3727;-90;-3.3727;0.9963;0.9963;0;12.7;1.2899;0;0;0.9954;0;0;0.0002;0.9956;0.9956;0;0;0;0;0;1;1;1;1;0;0;0;0;0;0;0;0;0;0;0;0;0;0;0;0;0;0;0;0;0;0;0;0;0;0;0;0;0;0;0;0;0;0;0;0;1;1;1;1;1;1;1;1;1;1;1;1;1;0;0;1;0;0;0;0;0;0;0;0;0;0;0;0.0004;0.088;-0.0884;0;0;0;0;0;0;0;0;0;0;0;0;0;0;0;0;0;0;0;-12.7;0;0;0;0;0.0004;0;0;0;0;0;0;0;-0.0004;-0.0884;0;0;0;0;0;0;0;0;0;-0.7452;0;0.7452;1;1;0;0;0;0
02/10/21 06:00;10.941;-86.897;62.593;10.957;16.493;-90;-16.493;54.209;52.297;1.9111;12.9;1.54;0;4.6349;50.845;0.9337;0;0.223;56.636;0;56.636;4.6349;0.9337;50.845;0.223;0.0818;0.9017;0;0.0039;55.601;1.0353;0;0;0.8499;0.1854;53.434;2.111;0.2235;0.045;1.8341;0.0084;55.545;0.0556;0.0046;0.0009;0.05;0;53.482;4.4068;0.8877;48.11;0.0292;31.126;25.057;9.3643;0.0922;0.3589;5.1621;0.0483;5.4288;0;1;0;0;1.0448;0.9817;1;1;0.9833;0.1687;0.962;0.9517;1;0.9633;0.7769;0.999;0.999;1;0.999;0.999;0.9435;0.9462;0.1309;0.1612;0.1634;0.001;0.0137;-0.0057;0.0011;0.0038;0.0009;0;0;0.088;0.0513;0;0;0;0;0;0;0;0;0;0;0;0;0.0031;0.0002;0.1453;0.1453;0;15.532;15.532;2.6322;0.0493;138.08;1052.1;1;0.006;0.006;0;0;0;0;0;0;0.1393;0.0513;0;16.949;19.626;5.9827;6.9279;95.877;95.877;1.3593;1.225;0.4324;0.1342;0.7926;0.0987;0.5831;0.3181;31.115;0.2978;0
02/10/21 07:00;23.088;-77.729;18;23.569;52.307;-90;-52.307;191.4;161.3;30.097;14.3;1.7;0;72.993;122.67;21.951;0;7.4373;225.05;0;225.05;72.993;21.951;122.67;7.4373;0.3243;0.5781;0;0.033;205.53;19.52;0;0;12.597;6.9235;201.56;3.771;0.0453;0.0136;3.6912;0.0208;205.33;0.2055;0.073;0.022;0.1101;0.0005;203.9;72.875;21.915;106.27;0.4925;98.262;79.101;33.957;12.628;1.649;23.721;2.3477;12.742;0;1;0;0;1.1758;0.9133;1;1;0.8973;0.0691;0.9816;0.9994;1;0.9664;0.9594;0.999;0.999;1;0.999;0.999;0.8956;0.8663;0.0662;0.6405;0.6309;0.0038;0.0165;-0.0019;0.0043;0.0152;0.0044;0;0;0.088;0.4769;0;0;0;0;0;0;0;0;0;0;0;0;0.0122;0.0012;0.5752;0.5752;0;24.168;24.168;9.8678;0.049;538.84;1067.5;1;0.0103;0.0103;0;0;0;0;0;0;0.5649;0.4769;0;16.889;19.558;14.004;16.216;98.214;98.214;5.4013;4.8509;4.0221;0.5504;0.8288;0.1019;0.1534;0.7447;98.07;0.6902;0
02/10/21 08:00;34.774;-67.004;18.717;37.027;52.973;-90;-52.973;308.2;249.2;58.995;14.81;2.1;0;97.968;184.54;31.295;0;12.26;326.06;0;326.06;97.968;31.295;184.54;12.26;0.3005;0.6036;0;0.0376;295.34;30.718;0;0;19.3;11.418;289.37;5.679;0.0633;0.0202;5.5612;0.0343;295.05;0.2953;0.098;0.0313;0.1652;0.0008;293.63;97.807;31.243;159.51;0.8077;173.37;139.56;58.817;19.856;2.8231;40.61;4.2563;23.576;0;1;0;0;1.058;0.9058;1;1;0.8954;0.0687;0.9808;0.9994;1;0.9663;0.9592;0.999;0.999;1;0.999;0.999;0.8875;0.8644;0.0659;0.9279;0.9214;0.0055;0.0132;0.0131;0.0062;0.0221;0.0074;0;0;0.088;0.7319;0;0;0;0;0;0;0;0;0;0;0;0;0.0178;0.0023;0.8337;0.8337;0;28.995;28.995;14.185;0.049;787.63;1058.5;1;0.0138;0.0138;0;0;0;0;0;0;0.8199;0.7319;0;16.896;19.565;14.833;17.176;98.345;98.345;7.8255;7.0306;6.1721;0.7948;0.8585;0.1016;0.1097;0.7887;148.56;0.7215;0
02/10/21 09:00;45.418;-53.173;24.881;51.732;38.268;-90;-38.268;785.19;129.5;655.69;16.1;2.4699;0;835.14;37.793;111.01;0;16.872;1000.8;0;1000.8;835.14;111.01;37.793;16.872;0.8345;0.0546;0;0.0169;983.08;17.742;0;0;2.4514;15.29;979.97;2.1239;0.717;0.0953;1.1413;0.1702;982.1;0.9831;0.8351;0.111;0.0353;0.0016;984.5;833.59;110.81;34.165;1.4095;381.17;306.84;122.41;1.3267;3.9047;56.168;4.5276;58.746;0;1;0;0;1.2746;0.9823;1;1;0.9351;0.0937;0.9978;0.9991;1;0.9677;0.8922;0.999;0.999;1;0.999;0.999;0.9792;0.904;0.0835;2.8483;2.9292;0.0176;0.0007;0.4165;0.0175;0.0619;0.0091;0;0;0.088;2.2095;0;0;0;0;0;0;0;0;0;0;0;0;0.0499;0.0196;2.3364;2.3364;0;65.368;65.368;49.269;0.0503;2522.4;926.24;1;0.0389;0.0389;0;0;0;0;0;0;2.2975;2.2095;0;15.426;17.863;14.588;16.893;98.336;98.336;24.02;19.703;18.633;4.3167;1.0701;0.1797;0.0445;0.7757;26.53;0.7445;0
02/10/21 10:00;53.921;-33.996;29.225;67.833;22.167;-90;-22.167;314.8;300.6;14.198;16.2;2.7701;0;15.332;285.77;4.169;0;2.3268;307.6;0;307.6;15.332;4.169;285.77;2.3268;0.0498;0.9366;0;0.0076;297.86;9.7443;0;0;7.786;1.9583;288.03;9.5255;0.0155;0.0042;9.4275;0.0784;297.56;0.2979;0.0153;0.0042;0.278;0.0004;288.64;15.301;4.1606;268.28;0.2896;189.58;152.61;57.967;1.4864;2.1853;31.434;0.6089;32.133;0;1;0;0;0.9771;0.9683;1;1;0.9728;0.1583;0.968;0.999;1;0.9661;0.787;0.999;0.999;1;0.999;0.999;0.9364;0.9388;0.1245;0.8754;0.8888;0.0054;0.0137;0.0169;0.006;0.0212;0.0057;0;0;0.088;0.6995;0;0;0;0;0;0;0;0;0;0;0;0;0.0171;0.0022;0.8008;0.8008;0;30.336;30.336;14.136;0.0491;760.62;1052.8;1;0.0133;0.0133;0;0;0;0;0;0;0.7875;0.6995;0;17.202;19.92;15.027;17.401;98.343;98.343;7.3824;6.753;5.899;0.6294;0.854;0.0853;0.1157;0.7991;179.52;0.7423;0
02/10/21 11:00;58.392;-8.1464;31.253;85.016;4.9838;-90;-4.9838;855.6;166.5;689.1;17.52;3.23;0;691.71;67.878;98.865;0;0.3235;858.78;0;858.78;691.71;98.865;67.878;0.3235;0.8055;0.0794;0;0.0004;858.35;0.4271;0;0;0.1578;0.2693;853.13;4.3617;1.2225;0.1747;2.9524;0.0121;857.49;0.8584;0.6917;0.0989;0.0677;0.0001;853.16;689.8;98.591;64.7;0.042;503.52;405.34;157.06;0.0006;5.3461;76.902;0.0293;82.248;0;1;0;0;1.0037;0.9995;1;1;0.9977;0.1673;0.9949;0.9982;1;0.9564;0.7769;0.999;0.999;1;0.999;0.999;0.9934;0.9532;0.1299;2.444;2.595;0.0156;-0.0017;0.322;0.0158;0.0561;0.0127;0;0;0.088;1.9917;0;0;0;0;0;0;0;0;0;0;0;0;0.0452;0.0156;2.1137;2.1137;0;60.231;60.231;42.711;0.0501;2234.2;946.07;1;0.034;0.034;0;0;0;0;0;0;2.0797;1.9917;0;16.264;18.833;15.326;17.747;98.393;98.393;20.611;17.825;16.797;2.7855;1.0285;0.1352;0.0499;0.8149;40.31;0.7637;0
02/10/21 12:00;57.102;20.005;30.688;77.522;12.478;90;12.478;1082.2;178.6;903.6;19.1;3.86;0;925.46;37.632;143.92;0;2.5562;1109.6;0;1109.6;925.46;143.92;37.632;2.5562;0.8341;0.0362;0;0.0023;1107;2.522;0;0;0.3946;2.1274;1102.8;3.0962;1.3302;0.2069;1.4626;0.0965;1105.9;1.107;0.9255;0.1439;0.0372;0.0004;1103.4;923.2;143.57;35.737;0.3319;628.06;505.59;198.18;0.0257;6.522;93.816;0.5226;100.31;0;1;0;0;1.0253;0.9977;1;1;0.9895;0.1677;0.9972;0.9986;1;0.9607;0.7747;0.999;0.999;1;0.999;0.999;0.9939;0.9497;0.1298;3.1577;3.3447;0.0201;0.0078;0.5903;0.0191;0.0677;0.0145;0;0;0.088;2.4146;0;0;0;0;0;0;0;0;0;0;0;0;0.0545;0.0253;2.5453;2.5453;0;74.995;74.995;55.895;0.0507;2879.3;884.01;1;0.0428;0.0428;0;0;0;0;0;0;2.5026;2.4146;0;15.159;17.553;14.38;16.652;98.32;98.32;26.63;21.465;20.362;5.1643;1.1028;0.1939;0.0414;0.7647;22.711;0.7191;0
02/10/21 13:00;50.623;43.067;27.611;60.732;29.268;90;29.268;864.09;142.5;721.6;20.04;4.42;0;827.19;42.358;111.48;0;11.031;992.07;0;992.07;827.19;111.48;42.358;11.031;0.8338;0.0538;0;0.0111;980.62;11.441;0;0;1.8069;9.6343;977.17;2.4721;0.7881;0.1062;1.3234;0.2543;979.64;0.9806;0.8272;0.1115;0.0406;0.0014;980.06;825.58;111.27;39.187;1.1408;461.48;371.5;147.02;0.5915;4.7381;68.156;2.891;72.303;0;1;0;0;1.1481;0.9885;1;1;0.9573;0.1266;0.9975;0.999;1;0.9673;0.8177;0.999;0.999;1;0.999;0.999;0.985;0.9251;0.1034;2.8233;2.9406;0.0177;0.0009;0.4603;0.0172;0.0611;0.0108;0;0;0.088;2.1778;0;0;0;0;0;0;0;0;0;0;0;0;0.0492;0.0198;2.3035;2.3035;0;69.328;69.328;49.288;0.0504;2533;909.39;1;0.0377;0.0377;0;0;0;0;0;0;2.2658;2.1778;0;15.343;17.767;14.506;16.797;98.363;98.363;23.81;19.426;18.366;4.3839;1.0601;0.1841;0.0445;0.7714;27.78;0.7336;0
02/10/21 14:00;41.014;59.644;22.416;45.225;44.775;90;44.775;719.91;122.9;597.01;18.61;4.8501;0;841;35.189;115.15;0;20.886;1012.2;0;1012.2;841;115.15;35.189;20.886;0.8308;0.0554;0;0.0206;989.96;22.258;0;0;2.8921;19.366;987.09;1.8873;0.6505;0.0891;1.0519;0.0958;988.97;0.99;0.841;0.1151;0.0323;0.0015;992.23;839.51;114.94;31.213;1.4231;312.57;251.62;97.62;2.1173;3.4483;49.602;5.1418;50.933;0;1;0;0;1.406;0.978;1;1;0.9178;0.0728;0.9981;0.9992;1;0.9674;0.9369;0.999;0.999;1;0.999;0.999;0.9752;0.887;0.0681;2.8807;2.9382;0.0177;0.0009;0.4496;0.0173;0.0613;0.0079;0;0;0.088;2.1883;0;0;0;0;0;0;0;0;0;0;0;0;0.0494;0.0198;2.3144;2.3144;0;68.359;68.359;49.749;0.0504;2532.2;913.98;1;0.0381;0.0381;0;0;0;0;0;0;2.2763;2.1883;0;15.109;17.496;14.286;16.542;98.355;98.355;24.293;19.517;18.454;4.7758;1.0632;0.1966;0.0438;0.7596;26.135;0.7328;0
02/10/21 15:00;29.825;71.9;15.636;31.095;58.905;90;58.905;316.4;249;67.399;19.74;4.6901;0;130.5;170.1;47.768;0;15.299;363.67;0;363.67;130.5;47.768;170.1;15.299;0.3589;0.5098;0;0.0421;328.52;35.142;0;0;20.82;14.322;322.81;5.386;0.0704;0.0258;5.2298;0.06;328.19;0.3285;0.1305;0.0478;0.1493;0.001;327.95;130.3;47.694;143.9;0.9167;165.12;132.92;57.943;26.629;3.0654;44.094;5.14;20.531;0;1;0;0;1.1494;0.9034;1;1;0.8776;0.0639;0.9836;0.9995;1;0.9649;0.9385;0.999;0.999;1;0.999;0.999;0.8877;0.846;0.0599;1.035;1.0266;0.0062;0.0118;0.0389;0.0068;0.0241;0.0079;0;0;0.088;0.8061;0;0;0;0;0;0;0;0;0;0;0;0;0.0194;0.0028;0.9087;0.9087;0;35.641;35.641;15.9;0.0493;879.85;1032.8;1;0.0146;0.0146;0;0;0;0;0;0;0.8941;0.8061;0;16.512;19.12;14.648;16.962;98.394;98.394;8.728;7.6634;6.7982;1.0646;0.8652;0.122;0.0991;0.7789;146.19;0.7141;0
02/10/21 16:00;17.887;81.802;41.85;18.06;30.691;90;30.691;163.31;149;14.312;18.25;3.24;0;34.712;133.84;12.311;0;2.2875;183.15;0;183.15;34.712;12.311;133.84;2.2875;0.1895;0.7433;0;0.0125;174.98;8.1693;0;0;6.1575;2.0118;170.24;4.5708;0.2763;0.098;4.1488;0.0478;174.81;0.175;0.0347;0.0123;0.1277;0.0003;170.86;34.401;12.201;123.41;0.2277;88.736;71.433;27.968;2.1935;1.0659;15.332;0.6213;14.205;0;1;0;0;1.1215;0.9554;1;1;0.954;0.1205;0.9739;0.992;1;0.9675;0.8265;0.999;0.999;1;0.999;0.999;0.9295;0.922;0.0995;0.5212;0.5195;0.0031;0.0171;0.003;0.0035;0.0123;0.0028;0;0;0.088;0.37;0;0;0;0;0;0;0;0;0;0;0;0;0.0099;0.0009;0.4669;0.4669;0;26.613;26.613;8.3636;0.0491;443.98;1051.7;1;0.0089;0.0089;0;0;0;0;0;0;0.458;0.37;0;16.846;19.507;13.349;15.458;98.09;98.09;4.3956;3.9376;3.1202;0.4581;0.8173;0.1042;0.1859;0.7099;88.641;0.668;0
02/10/21 17:00;5.8617;90.492;75.659;5.8619;8.4794;90;8.4794;20.707;20.501;0.2053;17.08;2.3999;0;0.4979;20.359;0.0731;0;0.0226;20.953;0;20.953;0.4979;0.0731;20.359;0.0226;0.0238;0.9728;0;0.0011;20.822;0.1309;0;0;0.112;0.0188;19.842;0.9595;0.0991;0.0145;0.8451;0.0009;20.801;0.0208;0.0005;0.0001;0.0202;0;19.845;0.3983;0.0585;19.382;0.0029;12.163;9.7914;3.6158;0.0031;0.1409;2.027;0.0032;2.1648;0;1;0;0;1.0119;0.9938;1;1;0.9945;0.1676;0.9539;0.8008;1;0.9582;0.7752;0.999;0.999;1;0.999;0.999;0.947;0.952;0.1298;0.0596;0.0608;0.0004;0.0087;-0.0015;0.0004;0.0013;0.0003;0;0;0.088;-0.041;0;0;0;0;0;0;0;0;0;0;0;0;0.0011;0;0.0502;0.0502;0;18.073;18.073;0.9933;0.0501;50.3;997.42;1;0.0032;0.0032;0;0;0;0;0;0;0.047;-0.041;0;15.822;18.322;-12.926;-14.968;93.707;93.707;0.5029;0.4231;-0.3456;0.0798;0.7687;0.1587;1.5287;0;12.162;0;0
02/10/21 18:00;0;0;90;0;0;90;0;0;0;0;16.24;2.4601;0;0;0;0;0;0;0;0;0;0;0;0;0;1;1;1;1;0;0;0;0;0;0;0;0;0;0;0;0;0;0;0;0;0;0;0;0;0;0;0;0;0;0;0;0;0;0;0;0;0;0;0;1;1;1;1;1;1;1;1;1;1;1;1;1;1;1;1;1;1;1;0;0;0;0;0;0;0;0;0;0.0004;0.088;-0.0884;0;0;0;0;0;0;0;0;0;0;0;0;0;0;0;0;0;0;0;-16.24;0;0;0;0;0.0004;0;0;0;0;0;0;0;-0.0004;-0.0884;0;0;0;0;0;0;0;0;0;-0.7452;0;0.7452;1;1;0;0;0;0
02/10/21 19:00;0;0;90;0;0;90;0;0;0;0;15.65;2.4799;0;0;0;0;0;0;0;0;0;0;0;0;0;1;1;1;1;0;0;0;0;0;0;0;0;0;0;0;0;0;0;0;0;0;0;0;0;0;0;0;0;0;0;0;0;0;0;0;0;0;0;0;1;1;1;1;1;1;1;1;1;1;1;1;1;1;1;1;1;1;1;0;0;0;0;0;0;0;0;0;0.0004;0.088;-0.0884;0;0;0;0;0;0;0;0;0;0;0;0;0;0;0;0;0;0;0;-15.65;0;0;0;0;0.0004;0;0;0;0;0;0;0;-0.0004;-0.0884;0;0;0;0;0;0;0;0;0;-0.7452;0;0.7452;1;1;0;0;0;0
02/10/21 20:00;0;0;90;0;0;90;0;0;0;0;13.9;2.4601;0;0;0;0;0;0;0;0;0;0;0;0;0;1;1;1;1;0;0;0;0;0;0;0;0;0;0;0;0;0;0;0;0;0;0;0;0;0;0;0;0;0;0;0;0;0;0;0;0;0;0;0;1;1;1;1;1;1;1;1;1;1;1;1;1;1;1;1;1;1;1;0;0;0;0;0;0;0;0;0;0.0004;0.088;-0.0884;0;0;0;0;0;0;0;0;0;0;0;0;0;0;0;0;0;0;0;-13.9;0;0;0;0;0.0004;0;0;0;0;0;0;0;-0.0004;-0.0884;0;0;0;0;0;0;0;0;0;-0.7452;0;0.7452;1;1;0;0;0;0
02/10/21 21:00;0;0;90;0;0;90;0;0;0;0;11.44;2.44;0;0;0;0;0;0;0;0;0;0;0;0;0;1;1;1;1;0;0;0;0;0;0;0;0;0;0;0;0;0;0;0;0;0;0;0;0;0;0;0;0;0;0;0;0;0;0;0;0;0;0;0;1;1;1;1;1;1;1;1;1;1;1;1;1;1;1;1;1;1;1;0;0;0;0;0;0;0;0;0;0.0004;0.088;-0.0884;0;0;0;0;0;0;0;0;0;0;0;0;0;0;0;0;0;0;0;-11.44;0;0;0;0;0.0004;0;0;0;0;0;0;0;-0.0004;-0.0884;0;0;0;0;0;0;0;0;0;-0.7452;0;0.7452;1;1;0;0;0;0
02/10/21 22:00;0;0;90;0;0;90;0;0;0;0;12.93;2.4601;0;0;0;0;0;0;0;0;0;0;0;0;0;1;1;1;1;0;0;0;0;0;0;0;0;0;0;0;0;0;0;0;0;0;0;0;0;0;0;0;0;0;0;0;0;0;0;0;0;0;0;0;1;1;1;1;1;1;1;1;1;1;1;1;1;1;1;1;1;1;1;0;0;0;0;0;0;0;0;0;0.0004;0.088;-0.0884;0;0;0;0;0;0;0;0;0;0;0;0;0;0;0;0;0;0;0;-12.93;0;0;0;0;0.0004;0;0;0;0;0;0;0;-0.0004;-0.0884;0;0;0;0;0;0;0;0;0;-0.7452;0;0.7452;1;1;0;0;0;0
02/10/21 23:00;0;0;90;0;0;90;0;0;0;0;12.02;2.3999;0;0;0;0;0;0;0;0;0;0;0;0;0;1;1;1;1;0;0;0;0;0;0;0;0;0;0;0;0;0;0;0;0;0;0;0;0;0;0;0;0;0;0;0;0;0;0;0;0;0;0;0;1;1;1;1;1;1;1;1;1;1;1;1;1;1;1;1;1;1;1;0;0;0;0;0;0;0;0;0;0.0004;0.088;-0.0884;0;0;0;0;0;0;0;0;0;0;0;0;0;0;0;0;0;0;0;-12.02;0;0;0;0;0.0004;0;0;0;0;0;0;0;-0.0004;-0.0884;0;0;0;0;0;0;0;0;0;-0.7452;0;0.7452;1;1;0;0;0;0
03/10/21 00:00;0;0;90;0;0;90;0;0;0;0;11.88;2.35;0;0;0;0;0;0;0;0;0;0;0;0;0;1;1;1;1;0;0;0;0;0;0;0;0;0;0;0;0;0;0;0;0;0;0;0;0;0;0;0;0;0;0;0;0;0;0;0;0;0;0;0;1;1;1;1;1;1;1;1;1;1;1;1;1;1;1;1;1;1;1;0;0;0;0;0;0;0;0;0;0.0004;0.088;-0.0884;0;0;0;0;0;0;0;0;0;0;0;0;0;0;0;0;0;0;0;-11.88;0;0;0;0;0.0004;0;0;0;0;0;0;0;-0.0004;-0.0884;0;0;0;0;0;0;0;0;0;-0.7452;0;0.7452;1;1;0;0;0;0
03/10/21 01:00;0;0;90;0;0;90;0;0;0;0;9.0201;2.27;0;0;0;0;0;0;0;0;0;0;0;0;0;1;1;1;1;0;0;0;0;0;0;0;0;0;0;0;0;0;0;0;0;0;0;0;0;0;0;0;0;0;0;0;0;0;0;0;0;0;0;0;1;1;1;1;1;1;1;1;1;1;1;1;1;1;1;1;1;1;1;0;0;0;0;0;0;0;0;0;0.0004;0.088;-0.0884;0;0;0;0;0;0;0;0;0;0;0;0;0;0;0;0;0;0;0;-9.0201;0;0;0;0;0.0004;0;0;0;0;0;0;0;-0.0004;-0.0884;0;0;0;0;0;0;0;0;0;-0.7452;0;0.7452;1;1;0;0;0;0
03/10/21 02:00;0;0;90;0;0;90;0;0;0;0;10.9;2.12;0;0;0;0;0;0;0;0;0;0;0;0;0;1;1;1;1;0;0;0;0;0;0;0;0;0;0;0;0;0;0;0;0;0;0;0;0;0;0;0;0;0;0;0;0;0;0;0;0;0;0;0;1;1;1;1;1;1;1;1;1;1;1;1;1;1;1;1;1;1;1;0;0;0;0;0;0;0;0;0;0.0004;0.088;-0.0884;0;0;0;0;0;0;0;0;0;0;0;0;0;0;0;0;0;0;0;-10.9;0;0;0;0;0.0004;0;0;0;0;0;0;0;-0.0004;-0.0884;0;0;0;0;0;0;0;0;0;-0.7452;0;0.7452;1;1;0;0;0;0
03/10/21 03:00;0;0;90;0;0;90;0;0;0;0;11.35;1.8301;0;0;0;0;0;0;0;0;0;0;0;0;0;1;1;1;1;0;0;0;0;0;0;0;0;0;0;0;0;0;0;0;0;0;0;0;0;0;0;0;0;0;0;0;0;0;0;0;0;0;0;0;1;1;1;1;1;1;1;1;1;1;1;1;1;1;1;1;1;1;1;0;0;0;0;0;0;0;0;0;0.0004;0.088;-0.0884;0;0;0;0;0;0;0;0;0;0;0;0;0;0;0;0;0;0;0;-11.35;0;0;0;0;0.0004;0;0;0;0;0;0;0;-0.0004;-0.0884;0;0;0;0;0;0;0;0;0;-0.7452;0;0.7452;1;1;0;0;0;0
03/10/21 04:00;0;0;90;0;0;90;0;0;0;0;11.4;1.46;0;0;0;0;0;0;0;0;0;0;0;0;0;1;1;1;1;0;0;0;0;0;0;0;0;0;0;0;0;0;0;0;0;0;0;0;0;0;0;0;0;0;0;0;0;0;0;0;0;0;0;0;1;1;1;1;1;1;1;1;1;1;1;1;1;1;1;1;1;1;1;0;0;0;0;0;0;0;0;0;0.0004;0.088;-0.0884;0;0;0;0;0;0;0;0;0;0;0;0;0;0;0;0;0;0;0;-11.4;0;0;0;0;0.0004;0;0;0;0;0;0;0;-0.0004;-0.0884;0;0;0;0;0;0;0;0;0;-0.7452;0;0.7452;1;1;0;0;0;0
03/10/21 05:00;2.646;-93.222;83.572;2.6502;3.7885;-90;-3.7885;2.3051;2.3017;0.0034;11.4;1.4499;0;0.0082;2.299;0.0003;0;0.0005;2.3081;2.3081;0;0.0082;0;0;0;1;1;1;1;0;0;0;0;0;0;0;0;0;0;0;0;0;0;0;0;0;0;0;0;0;0;0;0;0;0;0;0;0;0;0;0;0;0;0;0;1;1;1;1;1;1;1;1;1;1;1;0;1;0;0;1;0;0;0;0;0;0;0;0;0;0;0;0.0004;0.088;-0.0884;0;0;0;0;0;0;0;0;0;0;0;0;0;0;0;0;0;0;0;-11.4;0;0;0;0;0.0004;0;0;0;0;0;0;0;-0.0004;-0.0884;0;0;0;0;0;0;0;0;0;-0.7452;0;0.7452;1;1;0;0;0;0
03/10/21 06:00;11.229;-87.172;61.817;11.243;16.976;-90;-16.976;42.605;41.801;0.8041;11.5;1.5999;0;1.9501;40.767;0.3059;0;0.1857;43.208;0;43.208;1.9501;0.3059;40.767;0.1857;0.0451;0.9478;0;0.0043;42.339;0.8698;0;0;0.7154;0.1544;40.732;1.5645;0.087;0.0136;1.4569;0.007;42.296;0.0423;0.002;0.0003;0.0401;0;40.773;1.8612;0.2919;38.554;0.0243;25;20.125;7.5279;0.0818;0.2883;4.1473;0.0417;4.3538;0;1;0;0;1.0142;0.9799;1;1;0.9825;0.1684;0.963;0.9554;1;0.9636;0.7773;0.999;0.999;1;0.999;0.999;0.9427;0.9457;0.1307;0.123;0.125;0.0008;0.0123;-0.0053;0.0008;0.0029;0.0007;0;0;0.088;0.0173;0;0;0;0;0;0;0;0;0;0;0;0;0.0023;0.0001;0.1103;0.1103;0;13.51;13.51;2.0099;0.0493;105.11;1049.3;1;0.005;0.005;0;0;0;0;0;0;0.1053;0.0173;0;16.867;19.531;2.6425;3.0599;95.457;95.457;1.037;0.9301;0.1457;0.1069;0.7844;0.1031;0.7564;0.1405;24.996;0.1311;0
03/10/21 07:00;23.384;-78.013;15.725;23.848;54.835;-90;-54.835;108.5;106.3;2.1972;11.59;2.05;0;5.3288;83.42;1.0428;0;4.6009;94.393;0;94.393;5.3288;1.0428;83.42;4.6009;0.0565;0.9325;0;0.0487;80.933;13.46;0;0;9.1727;4.2874;78.308;2.5438;0.0029;0.0006;2.5268;0.0135;80.852;0.0809;0.0053;0.001;0.0742;0.0003;80.126;5.3205;1.0412;71.647;0.2997;68.522;55.16;23.939;10.133;1.2194;17.541;1.818;8.6269;0;1;0;0;0.87;0.8574;1;1;0.89;0.0681;0.9685;0.9995;1;0.9659;0.9568;0.999;0.999;1;0.999;0.999;0.8296;0.8589;0.0651;0.2686;0.2644;0.0016;0.016;-0.0092;0.0018;0.0064;0.0032;0;0;0.088;0.1443;0;0;0;0;0;0;0;0;0;0;0;0;0.0051;0.0003;0.2392;0.2392;0;15.43;15.43;3.8403;0.049;223.87;1068.4;1;0.0068;0.0068;0;0;0;0;0;0;0.2323;0.1443;0;16.743;19.388;10.105;11.701;97.146;97.146;2.2654;2.017;1.2173;0.2485;0.7997;0.1097;0.353;0.5373;68.509;0.4717;0
03/10/21 08:00;35.089;-67.296;18.411;37.29;52.71;-90;-52.71;309.7;251.3;58.404;12.98;3.1001;0;96.4;186.79;30.792;0;12.207;326.19;0;326.19;96.4;30.792;186.79;12.207;0.2955;0.6101;0;0.0374;295.43;30.762;0;0;19.396;11.366;289.4;5.7406;0.0612;0.0196;5.6257;0.0341;295.14;0.2954;0.0964;0.0308;0.1674;0.0008;293.64;96.243;30.742;161.61;0.8057;174.83;140.74;59.303;19.751;2.8301;40.71;4.2396;23.788;0;1;0;0;1.0533;0.9057;1;1;0.8962;0.0689;0.9805;0.9994;1;0.9664;0.9594;0.999;0.999;1;0.999;0.999;0.8872;0.8652;0.066;0.9283;0.9217;0.0056;0.0132;0.007;0.0063;0.0222;0.0075;0;0;0.088;0.7376;0;0;0;0;0;0;0;0;0;0;0;0;0.0179;0.0023;0.8396;0.8396;0;27.145;27.145;14.164;0.0489;787.26;1066.5;1;0.014;0.014;0;0;0;0;0;0;0.8256;0.7376;0;17.009;19.696;14.943;17.303;98.334;98.334;7.8286;7.0805;6.2205;0.7481;0.86;0.0956;0.1099;0.7946;149.96;0.7267;0
03/10/21 09:00;45.763;-53.448;24.549;51.967;38.033;-90;-38.033;538.2;273.5;264.7;15.01;3.69;0;336.05;178.47;93.735;0;11.428;619.69;0;619.69;336.05;93.735;178.47;11.428;0.5423;0.3064;0;0.0184;597.88;21.813;0;0;11.466;10.347;591.4;5.8752;0.2847;0.0794;5.3922;0.1189;597.28;0.5979;0.3361;0.0937;0.167;0.0011;594.75;335.43;93.562;161.45;0.9614;287.22;231.21;92.679;6.1172;3.2463;46.697;3.3432;43.826;0;1;0;0;1.1514;0.9648;1;1;0.9358;0.0946;0.9902;0.9992;1;0.9677;0.8899;0.999;0.999;1;0.999;0.999;0.9544;0.9046;0.0841;1.7636;1.7951;0.0108;0.0016;0.1216;0.0116;0.0412;0.0082;0;0;0.088;1.4465;0;0;0;0;0;0;0;0;0;0;0;0;0.0332;0.0078;1.5591;1.5591;0;44.254;44.254;29.245;0.0494;1542.9;1010.5;1;0.0246;0.0246;0;0;0;0;0;0;1.5345;1.4465;0;16.626;19.252;15.425;17.862;98.423;98.423;14.873;13.148;12.199;1.7242;0.9494;0.1159;0.0638;0.8202;125.04;0.7764;0
03/10/21 10:00;54.301;-34.176;28.866;68.019;21.981;-90;-21.981;468.4;371.6;96.803;16.78;4.27;0;104.39;326.9;34.902;0;3.4048;469.6;0;469.6;104.39;34.902;326.9;3.4048;0.2223;0.7034;0;0.0073;457.95;11.65;0;0;8.7866;2.8635;446.44;11.058;0.104;0.0348;10.803;0.1156;457.49;0.458;0.1044;0.0349;0.3181;0.0005;447.31;104.18;34.833;307;0.4252;277.17;223.12;85.303;1.6492;3.1248;44.95;0.8737;46.425;0;1;0;0;1.0026;0.9752;1;1;0.9731;0.159;0.9758;0.999;1;0.966;0.7863;0.999;0.999;1;0.999;0.999;0.9507;0.9391;0.1249;1.3364;1.3698;0.0082;0.0069;0.0668;0.009;0.032;0.008;0;0;0.088;1.1014;0;0;0;0;0;0;0;0;0;0;0;0;0.0258;0.0047;1.2084;1.2084;0;38.784;38.784;22.004;0.0493;1176.7;1027;1;0.019;0.019;0;0;0;0;0;0;1.1894;1.1014;0;17.004;19.69;15.499;17.947;98.431;98.431;11.27;10.191;9.2885;1.0799;0.902;0.0958;0.08;0.8241;205.16;0.769;0
03/10/21 11:00;58.785;-8.0775;30.871;85.133;4.8668;-90;-4.8668;957.2;157.9;799.3;17.47;4.58;0;802.19;49.981;108.22;0;0.3451;960.73;0;960.73;802.19;108.22;49.981;0.3451;0.835;0.0524;0;0.0004;960.33;0.3993;0;0;0.1119;0.2874;955.78;3.5956;1.2387;0.1671;2.1769;0.0129;959.37;0.9603;0.8022;0.1082;0.0499;0.0001;955.81;800.15;107.94;47.642;0.0448;563.26;453.42;175.94;0.0004;5.9639;85.788;0.0302;91.751;0;1;0;0;1.0037;0.9996;1;1;0.9978;0.1673;0.9963;0.9985;1;0.9563;0.7769;0.999;0.999;1;0.999;0.999;0.9948;0.9532;0.1298;2.7342;2.9065;0.0175;0.0005;0.415;0.0173;0.0614;0.0139;0;0;0.088;2.1858;0;0;0;0;0;0;0;0;0;0;0;0;0.0495;0.0193;2.3121;2.3121;0;65.528;65.528;48.058;0.0503;2500.2;924.77;1;0.0383;0.0383;0;0;0;0;0;0;2.2738;2.1858;0;15.903;18.415;15.034;17.409;98.345;98.345;23.058;19.498;18.433;3.5593;1.0649;0.1544;0.0462;0.7995;29.677;0.7494;0
03/10/21 12:00;57.45;20.351;30.295;77.485;12.515;90;12.515;340.9;325;15.897;18.3;4.43;0;16.284;316.71;4.5876;0;0.8101;338.4;0;338.4;16.284;4.5876;316.71;0.8101;0.0481;0.9383;0;0.0024;334.38;4.0116;0;0;3.3375;0.6742;321.69;12.357;0.0197;0.0055;12.302;0.0306;334.05;0.3344;0.0163;0.0046;0.3134;0.0001;321.85;16.248;4.5775;300.76;0.1052;202.97;163.39;60.837;0.2133;2.3296;33.511;0.1583;35.627;0;1;0;0;0.9927;0.9881;1;1;0.9895;0.1677;0.963;0.9988;1;0.9607;0.7747;0.999;0.999;1;0.999;0.999;0.9506;0.9496;0.1298;0.963;0.988;0.006;0.0123;0.0321;0.0066;0.0233;0.006;0;0;0.088;0.778;0;0;0;0;0;0;0;0;0;0;0;0;0.0187;0.0026;0.8803;0.8803;0;34.126;34.126;15.826;0.0492;847.04;1039.2;1;0.0143;0.0143;0;0;0;0;0;0;0.866;0.778;0;17.19;19.905;15.193;17.593;98.381;98.381;8.1215;7.4236;6.5613;0.6979;0.8623;0.0859;0.1062;0.8079;191.16;0.7521;0
03/10/21 13:00;50.897;43.517;27.218;60.767;29.233;90;29.233;409.89;357.6;52.292;18.45;4.03;0;59.924;318.34;20.177;0;5.2204;403.67;0;403.67;59.924;20.177;318.34;5.2204;0.1485;0.8016;0;0.0129;385.55;18.112;0;0;13.554;4.5587;375.02;10.144;0.0563;0.019;9.9481;0.1206;385.17;0.3856;0.0599;0.0202;0.3048;0.0007;376.56;59.808;20.138;294.54;0.5404;245.76;197.84;77.177;4.4073;2.862;41.169;1.5358;39.624;0;1;0;0;0.9848;0.9551;1;1;0.9574;0.1268;0.9737;0.9991;1;0.9673;0.8175;0.999;0.999;1;0.999;0.999;0.929;0.9252;0.1035;1.1488;1.1598;0.007;0.0099;0.0491;0.0077;0.0272;0.0074;0;0;0.088;0.9219;0;0;0;0;0;0;0;0;0;0;0;0;0.0219;0.0035;1.0262;1.0262;0;36.924;36.924;18.474;0.0493;995.43;1031;1;0.0163;0.0163;0;0;0;0;0;0;1.0099;0.9219;0;16.8;19.453;15.092;17.476;98.41;98.41;9.688;8.6545;7.7748;1.0335;0.8797;0.1067;0.0908;0.8025;208.73;0.7456;0
03/10/21 14:00;41.229;60.084;22.03;45.314;44.686;90;44.686;401.3;320.5;80.802;19.06;3.5701;0;113.65;249.62;40.382;0;11.598;415.25;0;415.25;113.65;40.382;249.62;11.598;0.2737;0.6291;0;0.0279;384.04;31.209;0;0;20.456;10.752;376.02;7.633;0.0864;0.0307;7.4622;0.0537;383.66;0.384;0.1136;0.0404;0.2292;0.0008;379.89;113.45;40.311;221.47;0.7915;231.55;186.4;76.283;14.882;3.162;45.484;3.8662;33.764;0;1;0;0;1.0348;0.9248;1;1;0.9181;0.0729;0.9801;0.9992;1;0.9674;0.9365;0.999;0.999;1;0.999;0.999;0.9055;0.8872;0.0682;1.1818;1.178;0.0071;0.0097;0.0527;0.0078;0.0275;0.0081;0;0;0.088;0.9349;0;0;0;0;0;0;0;0;0;0;0;0;0.0222;0.0036;1.0394;1.0394;0;37.594;37.594;18.534;0.0493;1010.9;1028.2;1;0.0165;0.0165;0;0;0;0;0;0;1.0229;0.9349;0;16.54;19.153;14.877;17.228;98.415;98.415;9.966;8.7653;7.8842;1.2007;0.881;0.1205;0.0884;0.7911;185.24;0.7312;0
03/10/21 15:00;30.003;72.306;15.26;31.22;58.78;90;58.78;428.3;204.3;223.99;19.78;3.48;0;432.15;104.33;129.01;0;20.63;686.13;0;686.13;432.15;129.01;104.33;20.63;0.6298;0.1821;0;0.0301;654.08;32.044;0;0;12.732;19.313;649.85;3.5815;0.2276;0.0679;3.206;0.0799;653.43;0.6541;0.4322;0.129;0.0916;0.0013;654.56;431.49;128.81;88.304;1.236;150.16;120.88;50.777;16.214;2.3921;34.409;4.7109;20.588;0;1;0;0;1.602;0.9533;1;1;0.878;0.0639;0.9945;0.9995;1;0.965;0.9393;0.999;0.999;1;0.999;0.999;0.9471;0.8464;0.0599;1.9527;1.9417;0.0117;0.0002;0.1858;0.0122;0.0433;0.0059;0;0;0.088;1.5251;0;0;0;0;0;0;0;0;0;0;0;0;0.0349;0.009;1.6387;1.6387;0;52.114;52.114;32.334;0.0498;1672.4;979.82;1;0.0255;0.0255;0;0;0;0;0;0;1.6131;1.5251;0;15.782;18.275;14.688;17.009;98.441;98.441;16.467;13.819;12.862;2.6478;0.9575;0.1608;0.0581;0.7811;89.543;0.7528;0
03/10/21 16:00;18.047;82.182;41.294;18.205;31.056;90;31.056;102.79;100.8;1.9943;19.19;1.9901;0;4.8368;93.132;1.1499;0;1.4734;100.59;0;100.59;4.8368;1.1499;93.132;1.4734;0.0481;0.9405;0;0.0146;94.929;5.664;0;0;4.3659;1.2981;91.876;2.9572;0.0369;0.0088;2.8815;0.03;94.834;0.0949;0.0048;0.0011;0.0888;0.0002;92.322;4.795;1.14;85.796;0.1452;61.851;49.79;19.515;1.5899;0.7456;10.725;0.4456;9.8808;0;1;0;0;0.9786;0.9437;1;1;0.9531;0.119;0.9688;0.9924;1;0.9675;0.8289;0.999;0.999;1;0.999;0.999;0.9134;0.9212;0.0985;0.2863;0.2856;0.0017;0.0163;-0.0013;0.0019;0.0067;0.0019;0;0;0.088;0.1581;0;0;0;0;0;0;0;0;0;0;0;0;0.0054;0.0003;0.2527;0.2527;0;23.719;23.719;4.5297;0.0493;243.04;1039.8;1;0.0066;0.0066;0;0;0;0;0;0;0.2461;0.1581;0;16.601;19.223;10.384;12.025;97.375;97.375;2.4142;2.1311;1.3331;0.2831;0.7981;0.1173;0.3306;0.5522;61.839;0.5114;0
03/10/21 17:00;6.0164;90.857;75.274;6.0171;8.7109;90;8.7109;2.5981;2.5981;0;17.86;1;0;0;2.5831;0;0;0.003;2.5861;2.5861;0;0;0;0;0;1;1;1;1;0;0;0;0;0;0;0;0;0;0;0;0;0;0;0;0;0;0;0;0;0;0;0;0;0;0;0;0;0;0;0;0;0;0;0;0;1;1;1;1;1;1;1;1;1;1;1;1;1;0;0;1;0;0;0;0;0;0;0;0;0;0;0;0.0004;0.088;-0.0884;0;0;0;0;0;0;0;0;0;0;0;0;0;0;0;0;0;0;0;-17.86;0;0;0;0;0.0004;0;0;0;0;0;0;0;-0.0004;-0.0884;0;0;0;0;0;0;0;0;0;-0.7452;0;0.7452;1;1;0;0;0;0
03/10/21 18:00;0;0;90;0;0;90;0;0;0;0;16.6;1.4;0;0;0;0;0;0;0;0;0;0;0;0;0;1;1;1;1;0;0;0;0;0;0;0;0;0;0;0;0;0;0;0;0;0;0;0;0;0;0;0;0;0;0;0;0;0;0;0;0;0;0;0;1;1;1;1;1;1;1;1;1;1;1;1;1;1;1;1;1;1;1;0;0;0;0;0;0;0;0;0;0.0004;0.088;-0.0884;0;0;0;0;0;0;0;0;0;0;0;0;0;0;0;0;0;0;0;-16.6;0;0;0;0;0.0004;0;0;0;0;0;0;0;-0.0004;-0.0884;0;0;0;0;0;0;0;0;0;-0.7452;0;0.7452;1;1;0;0;0;0
03/10/21 19:00;0;0;90;0;0;90;0;0;0;0;15.87;2.1501;0;0;0;0;0;0;0;0;0;0;0;0;0;1;1;1;1;0;0;0;0;0;0;0;0;0;0;0;0;0;0;0;0;0;0;0;0;0;0;0;0;0;0;0;0;0;0;0;0;0;0;0;1;1;1;1;1;1;1;1;1;1;1;1;1;1;1;1;1;1;1;0;0;0;0;0;0;0;0;0;0.0004;0.088;-0.0884;0;0;0;0;0;0;0;0;0;0;0;0;0;0;0;0;0;0;0;-15.87;0;0;0;0;0.0004;0;0;0;0;0;0;0;-0.0004;-0.0884;0;0;0;0;0;0;0;0;0;-0.7452;0;0.7452;1;1;0;0;0;0
03/10/21 20:00;0;0;90;0;0;90;0;0;0;0;15.07;2.6101;0;0;0;0;0;0;0;0;0;0;0;0;0;1;1;1;1;0;0;0;0;0;0;0;0;0;0;0;0;0;0;0;0;0;0;0;0;0;0;0;0;0;0;0;0;0;0;0;0;0;0;0;1;1;1;1;1;1;1;1;1;1;1;1;1;1;1;1;1;1;1;0;0;0;0;0;0;0;0;0;0.0004;0.088;-0.0884;0;0;0;0;0;0;0;0;0;0;0;0;0;0;0;0;0;0;0;-15.07;0;0;0;0;0.0004;0;0;0;0;0;0;0;-0.0004;-0.0884;0;0;0;0;0;0;0;0;0;-0.7452;0;0.7452;1;1;0;0;0;0
03/10/21 21:00;0;0;90;0;0;90;0;0;0;0;14.4;2.9401;0;0;0;0;0;0;0;0;0;0;0;0;0;1;1;1;1;0;0;0;0;0;0;0;0;0;0;0;0;0;0;0;0;0;0;0;0;0;0;0;0;0;0;0;0;0;0;0;0;0;0;0;1;1;1;1;1;1;1;1;1;1;1;1;1;1;1;1;1;1;1;0;0;0;0;0;0;0;0;0;0.0004;0.088;-0.0884;0;0;0;0;0;0;0;0;0;0;0;0;0;0;0;0;0;0;0;-14.4;0;0;0;0;0.0004;0;0;0;0;0;0;0;-0.0004;-0.0884;0;0;0;0;0;0;0;0;0;-0.7452;0;0.7452;1;1;0;0;0;0
03/10/21 22:00;0;0;90;0;0;90;0;0;0;0;14.06;3.0201;0;0;0;0;0;0;0;0;0;0;0;0;0;1;1;1;1;0;0;0;0;0;0;0;0;0;0;0;0;0;0;0;0;0;0;0;0;0;0;0;0;0;0;0;0;0;0;0;0;0;0;0;1;1;1;1;1;1;1;1;1;1;1;1;1;1;1;1;1;1;1;0;0;0;0;0;0;0;0;0;0.0004;0.088;-0.0884;0;0;0;0;0;0;0;0;0;0;0;0;0;0;0;0;0;0;0;-14.06;0;0;0;0;0.0004;0;0;0;0;0;0;0;-0.0004;-0.0884;0;0;0;0;0;0;0;0;0;-0.7452;0;0.7452;1;1;0;0;0;0
03/10/21 23:00;0;0;90;0;0;90;0;0;0;0;14.1;2.84;0;0;0;0;0;0;0;0;0;0;0;0;0;1;1;1;1;0;0;0;0;0;0;0;0;0;0;0;0;0;0;0;0;0;0;0;0;0;0;0;0;0;0;0;0;0;0;0;0;0;0;0;1;1;1;1;1;1;1;1;1;1;1;1;1;1;1;1;1;1;1;0;0;0;0;0;0;0;0;0;0.0004;0.088;-0.0884;0;0;0;0;0;0;0;0;0;0;0;0;0;0;0;0;0;0;0;-14.1;0;0;0;0;0.0004;0;0;0;0;0;0;0;-0.0004;-0.0884;0;0;0;0;0;0;0;0;0;-0.7452;0;0.7452;1;1;0;0;0;0
04/10/21 00:00;0;0;90;0;0;90;0;0;0;0;13.7;2.4699;0;0;0;0;0;0;0;0;0;0;0;0;0;1;1;1;1;0;0;0;0;0;0;0;0;0;0;0;0;0;0;0;0;0;0;0;0;0;0;0;0;0;0;0;0;0;0;0;0;0;0;0;1;1;1;1;1;1;1;1;1;1;1;1;1;1;1;1;1;1;1;0;0;0;0;0;0;0;0;0;0.0004;0.088;-0.0884;0;0;0;0;0;0;0;0;0;0;0;0;0;0;0;0;0;0;0;-13.7;0;0;0;0;0.0004;0;0;0;0;0;0;0;-0.0004;-0.0884;0;0;0;0;0;0;0;0;0;-0.7452;0;0.7452;1;1;0;0;0;0
04/10/21 01:00;0;0;90;0;0;90;0;0;0;0;14;2.13;0;0;0;0;0;0;0;0;0;0;0;0;0;1;1;1;1;0;0;0;0;0;0;0;0;0;0;0;0;0;0;0;0;0;0;0;0;0;0;0;0;0;0;0;0;0;0;0;0;0;0;0;1;1;1;1;1;1;1;1;1;1;1;1;1;1;1;1;1;1;1;0;0;0;0;0;0;0;0;0;0.0004;0.088;-0.0884;0;0;0;0;0;0;0;0;0;0;0;0;0;0;0;0;0;0;0;-14;0;0;0;0;0.0004;0;0;0;0;0;0;0;-0.0004;-0.0884;0;0;0;0;0;0;0;0;0;-0.7452;0;0.7452;1;1;0;0;0;0
04/10/21 02:00;0;0;90;0;0;90;0;0;0;0;13.92;1.3599;0;0;0;0;0;0;0;0;0;0;0;0;0;1;1;1;1;0;0;0;0;0;0;0;0;0;0;0;0;0;0;0;0;0;0;0;0;0;0;0;0;0;0;0;0;0;0;0;0;0;0;0;1;1;1;1;1;1;1;1;1;1;1;1;1;1;1;1;1;1;1;0;0;0;0;0;0;0;0;0;0.0004;0.088;-0.0884;0;0;0;0;0;0;0;0;0;0;0;0;0;0;0;0;0;0;0;-13.92;0;0;0;0;0.0004;0;0;0;0;0;0;0;-0.0004;-0.0884;0;0;0;0;0;0;0;0;0;-0.7452;0;0.7452;1;1;0;0;0;0
04/10/21 03:00;0;0;90;0;0;90;0;0;0;0;13.55;1.4;0;0;0;0;0;0;0;0;0;0;0;0;0;1;1;1;1;0;0;0;0;0;0;0;0;0;0;0;0;0;0;0;0;0;0;0;0;0;0;0;0;0;0;0;0;0;0;0;0;0;0;0;1;1;1;1;1;1;1;1;1;1;1;1;1;1;1;1;1;1;1;0;0;0;0;0;0;0;0;0;0.0004;0.088;-0.0884;0;0;0;0;0;0;0;0;0;0;0;0;0;0;0;0;0;0;0;-13.55;0;0;0;0;0.0004;0;0;0;0;0;0;0;-0.0004;-0.0884;0;0;0;0;0;0;0;0;0;-0.7452;0;0.7452;1;1;0;0;0;0
04/10/21 04:00;0;0;90;0;0;90;0;0;0;0;13.31;3.1001;0;0;0;0;0;0;0;0;0;0;0;0;0;1;1;1;1;0;0;0;0;0;0;0;0;0;0;0;0;0;0;0;0;0;0;0;0;0;0;0;0;0;0;0;0;0;0;0;0;0;0;0;1;1;1;1;1;1;1;1;1;1;1;1;1;1;1;1;1;1;1;0;0;0;0;0;0;0;0;0;0.0004;0.088;-0.0884;0;0;0;0;0;0;0;0;0;0;0;0;0;0;0;0;0;0;0;-13.31;0;0;0;0;0.0004;0;0;0;0;0;0;0;-0.0004;-0.0884;0;0;0;0;0;0;0;0;0;-0.7452;0;0.7452;1;1;0;0;0;0
04/10/21 05:00;2.7285;-93.636;83.37;2.734;3.909;-90;-3.909;1.6995;1.6995;0;11.67;5.0101;0;0;1.6975;0;0;0.0004;1.6979;1.6979;0;0;0;0;0;1;1;1;1;0;0;0;0;0;0;0;0;0;0;0;0;0;0;0;0;0;0;0;0;0;0;0;0;0;0;0;0;0;0;0;0;0;0;0;0;1;1;1;1;1;1;1;1;1;1;1;1;1;0;0;1;0;0;0;0;0;0;0;0;0;0;0;0.0004;0.088;-0.0884;0;0;0;0;0;0;0;0;0;0;0;0;0;0;0;0;0;0;0;-11.67;0;0;0;0;0.0004;0;0;0;0;0;0;0;-0.0004;-0.0884;0;0;0;0;0;0;0;0;0;-0.7452;0;0.7452;1;1;0;0;0;0
04/10/21 06:00;11.516;-87.448;61.042;11.527;17.462;-90;-17.462;57.608;55.597;2.0108;10.86;6.1399;0;4.8767;53.916;0.9918;0;0.2655;60.05;0;60.05;4.8767;0.9918;53.916;0.2655;0.0812;0.9023;0;0.0044;58.837;1.213;0;0;0.9921;0.2209;56.617;2.1612;0.2015;0.041;1.9088;0.0099;58.778;0.0588;0.0049;0.001;0.0529;0;56.676;4.6703;0.9498;50.962;0.0346;33.136;26.674;9.9887;0.1195;0.3821;5.4967;0.0592;5.7593;0;1;0;0;1.0424;0.9798;1;1;0.9816;0.168;0.9632;0.9586;1;0.9639;0.7776;0.999;0.999;1;0.999;0.999;0.9428;0.9452;0.1305;0.1709;0.1732;0.001;0.014;-0.0072;0.0012;0.0041;0.001;0;0;0.088;0.0614;0;0;0;0;0;0;0;0;0;0;0;0;0.0033;0.0002;0.1556;0.1556;0;13.643;13.643;2.7826;0.0491;146.42;1062.6;1;0.0062;0.0062;0;0;0;0;0;0;0.1494;0.0614;0;17.12;19.825;6.7577;7.8253;96.033;96.033;1.4412;1.3121;0.5179;0.1292;0.7942;0.0896;0.551;0.3593;33.124;0.3363;0
04/10/21 07:00;23.678;-78.299;13.099;24.124;58.281;-90;-58.281;401.81;66.3;335.51;11.5;6.2101;0;813.7;19.721;98.1;0;19.055;950.58;0;950.58;813.7;98.1;19.721;19.055;0.856;0.0408;0;0.02;930.46;20.12;0;0;2.3688;17.752;928.44;1.0893;0.3678;0.0443;0.605;0.0722;929.53;0.9305;0.8137;0.0981;0.0174;0.0013;929.18;812.52;97.957;16.73;1.2302;18.675;15.033;6.1193;2.9768;0.3726;5.3602;0.7488;2.756;0;1;0;0;2.3658;0.9788;1;1;0.8799;0.0684;0.9988;0.9995;1;0.9651;0.9446;0.999;0.999;1;0.999;0.999;0.9767;0.8483;0.0646;2.7053;2.6692;0.0161;-0.0014;0.3085;0.0164;0.0582;0.0009;0;0;0.088;2.0826;0;0;0;0;0;0;0;0;0;0;0;0;0.0469;0.0165;2.207;2.207;0;57.891;57.891;46.391;0.05;2304;957.89;1;0.0365;0.0365;0;0;0;0;0;0;2.1706;2.0826;0;15.342;17.766;14.477;16.764;98.347;98.347;22.814;18.612;17.562;4.2016;1.0498;0.1842;0.046;0.7698;16.833;0.7666;0
04/10/21 08:00;35.401;-67.59;18.105;37.551;52.449;-90;-52.449;639.6;105.5;534.1;12.84;5.92;0;876.35;27.737;116.55;0;24.979;1045.6;0;1045.6;876.35;116.55;27.737;24.979;0.8381;0.0504;0;0.0239;1019.5;26.114;0;0;2.8594;23.255;1017;1.5251;0.5475;0.0728;0.8349;0.0699;1018.5;1.0195;0.8763;0.1165;0.0249;0.0017;1022.3;874.92;116.36;24.018;1.6521;219.95;177.06;65.618;2.8883;2.7173;39.087;5.3223;38.916;0;1;0;0;1.6348;0.975;1;1;0.8969;0.069;0.9985;0.9994;1;0.9664;0.9594;0.999;0.999;1;0.999;0.999;0.9726;0.8659;0.0661;2.9757;3.0031;0.0181;0.0017;0.4108;0.018;0.0639;0.0064;0;0;0.088;2.2834;0;0;0;0;0;0;0;0;0;0;0;0;0.0514;0.0206;2.4122;2.4122;0;63.909;63.909;51.069;0.0502;2587.2;932.35;1;0.0409;0.0409;0;0;0;0;0;0;2.3714;2.2834;0;15.245;17.653;14.43;16.71;98.306;98.306;25.095;20.343;19.256;4.7522;1.0867;0.1894;0.0433;0.7673;22.207;0.7464;0
04/10/21 09:00;46.105;-53.728;24.217;52.199;37.801;-90;-37.801;714.5;130.4;584.1;13.67;6.01;0;739.23;47.63;97.684;0;14.994;899.54;0;899.54;739.23;97.684;47.63;14.994;0.8218;0.0696;0;0.0167;882.94;16.593;0;0;3.0312;13.562;879.76;2.2999;0.6177;0.0816;1.4397;0.1608;882.06;0.8829;0.7392;0.0977;0.0446;0.0014;883.81;737.87;97.505;43.114;1.2699;351.2;282.72;112.83;1.6017;3.6195;52.065;4.044;54.083;0;1;0;0;1.259;0.9816;1;1;0.9364;0.0955;0.9974;0.9992;1;0.9677;0.8876;0.999;0.999;1;0.999;0.999;0.978;0.9052;0.0847;2.56;2.6329;0.0159;-0.0016;0.3019;0.0162;0.0575;0.0087;0;0;0.088;2.0484;0;0;0;0;0;0;0;0;0;0;0;0;0.0463;0.016;2.172;2.172;0;57.619;57.619;43.949;0.05;2268.9;957.28;1;0.0356;0.0356;0;0;0;0;0;0;2.1364;2.0484;0;15.955;18.476;15.047;17.424;98.36;98.36;21.589;18.316;17.274;3.2724;1.0424;0.1516;0.0483;0.8001;33.306;0.7669;0
04/10/21 10:00;54.68;-34.361;28.506;68.203;21.797;-90;-21.797;884.51;145.9;738.61;15.04;6.3099;0;795.49;47.683;103.87;0;6.324;953.37;0;953.37;795.49;103.87;47.683;6.324;0.8344;0.0566;0;0.0066;946.79;6.5792;0;0;1.2645;5.3146;943.16;2.6793;0.7825;0.1022;1.5785;0.2161;945.84;0.9468;0.7955;0.1039;0.0464;0.001;944.7;793.91;103.67;44.794;0.7922;495.94;399.23;156.14;0.2348;5.1868;74.611;1.5432;79.563;0;1;0;0;1.0778;0.9931;1;1;0.9735;0.1596;0.9972;0.999;1;0.966;0.7857;0.999;0.999;1;0.999;0.999;0.9893;0.9394;0.1253;2.7132;2.8523;0.0172;-0.0001;0.3747;0.0172;0.0611;0.0122;0;0;0.088;2.1758;0;0;0;0;0;0;0;0;0;0;0;0;0.0492;0.0186;2.3022;2.3022;0;62.339;62.339;47.299;0.0501;2454.1;938.09;1;0.0383;0.0383;0;0;0;0;0;0;2.2638;2.1758;0;15.957;18.478;15.081;17.464;98.334;98.334;22.881;19.415;18.349;3.4662;1.0655;0.1515;0.0466;0.8019;29.896;0.7576;0
04/10/21 11:00;59.177;-8.0099;30.49;85.247;4.7527;-90;-4.7527;431.4;380.9;50.505;15.07;6.71;0;50.679;363.91;16.415;0;0.1483;431.15;0;431.15;50.679;16.415;363.91;0.1483;0.1175;0.8444;0;0.0003;430.25;0.909;0;0;0.7855;0.1235;413.85;15.965;0.067;0.0217;15.871;0.0055;429.82;0.4302;0.0507;0.0164;0.3631;0;413.86;50.562;16.377;346.89;0.0192;255.39;205.59;76.372;0.0018;2.9252;42.078;0.0072;45.002;0;1;0;0;0.9994;0.9979;1;1;0.9978;0.1672;0.9629;0.9987;1;0.9563;0.777;0.999;0.999;1;0.999;0.999;0.9599;0.9532;0.1298;1.227;1.2684;0.0076;0.0084;0.0468;0.0084;0.0299;0.0076;0;0;0.088;1.0254;0;0;0;0;0;0;0;0;0;0;0;0;0.0241;0.0041;1.1314;1.1314;0;35.42;35.42;20.35;0.0492;1088.7;1039.2;1;0.018;0.018;0;0;0;0;0;0;1.1134;1.0254;0;17.341;20.08;15.716;18.199;98.409;98.409;10.348;9.5415;8.6475;0.8062;0.894;0.0779;0.0864;0.8357;216.05;0.7788;0
04/10/21 12:00;57.797;20.7;29.902;77.449;12.551;90;12.551;448.81;387.3;61.504;15.98;7.4001;0;63.01;362.36;21.061;0;1.0725;447.51;0;447.51;63.01;21.061;362.36;1.0725;0.1408;0.8121;0;0.0024;442.78;4.7293;0;0;3.8367;0.8926;428.14;14.193;0.065;0.0217;14.066;0.0405;442.33;0.4428;0.063;0.0211;0.3585;0.0002;428.35;62.882;21.018;344.1;0.1392;266.3;214.37;80.383;0.2466;3.0177;43.408;0.2112;46.18;0;1;0;0;0.9971;0.9894;1;1;0.9894;0.1677;0.9679;0.999;1;0.9607;0.7747;0.999;0.999;1;0.999;0.999;0.9567;0.9496;0.1298;1.2736;1.3125;0.0079;0.0077;0.056;0.0087;0.0308;0.0078;0;0;0.088;1.058;0;0;0;0;0;0;0;0;0;0;0;0;0.0248;0.0044;1.1644;1.1644;0;37.058;37.058;21.077;0.0492;1127;1033.2;1;0.0184;0.0184;0;0;0;0;0;0;1.146;1.058;0;17.194;19.91;15.623;18.091;98.419;98.419;10.74;9.8197;8.9223;0.9205;0.8973;0.0857;0.0835;0.8307;218.74;0.7745;0
04/10/21 13:00;51.17;43.969;26.825;60.803;29.197;90;29.197;760.79;190.2;570.6;17.3;8.2701;0;653.64;82.844;116.54;0;9.6661;862.69;0;862.69;653.64;116.54;82.844;9.6661;0.7577;0.1072;0;0.0112;850.73;11.96;0;0;3.5202;8.4394;846.36;3.5262;0.605;0.1079;2.5894;0.2239;849.88;0.8507;0.6536;0.1165;0.0793;0.0012;848.91;652.38;116.32;76.655;1.0015;410.63;330.55;130.63;1.1441;4.2682;61.396;2.5571;64.52;0;1;0;0;1.1339;0.9861;1;1;0.9575;0.1269;0.9959;0.9991;1;0.9673;0.8173;0.999;0.999;1;0.999;0.999;0.9811;0.9253;0.1036;2.4552;2.5518;0.0154;-0.0019;0.3115;0.0156;0.0553;0.0102;0;0;0.088;1.9647;0;0;0;0;0;0;0;0;0;0;0;0;0.0445;0.0151;2.0861;2.0861;0;59.652;59.652;42.352;0.05;2198.5;948.88;1;0.0334;0.0334;0;0;0;0;0;0;2.0527;1.9647;0;15.979;18.503;15.049;17.426;98.399;98.399;20.705;17.592;16.569;3.1122;1.0238;0.1503;0.0494;0.8002;54.305;0.7598;0
04/10/21 14:00;41.443;60.524;21.645;45.404;44.596;90;44.596;546.6;267.1;279.5;17.04;8.49;0;392.5;158.14;115.67;0;15.738;682.05;0;682.05;392.5;115.67;158.14;15.738;0.5755;0.2549;0;0.0231;654.55;27.508;0;0;12.921;14.587;648.71;5.1809;0.2932;0.0864;4.7277;0.0736;653.89;0.6545;0.3925;0.1157;0.1452;0.0012;653.16;391.82;115.47;140.35;1.0758;270.61;217.84;86.799;9.365;3.3265;47.851;4.4505;41.813;0;1;0;0;1.2478;0.9597;1;1;0.9183;0.0731;0.9921;0.9993;1;0.9674;0.936;0.999;0.999;1;0.999;0.999;0.9511;0.8875;0.0684;1.9411;1.9646;0.0118;0;0.1677;0.0125;0.0443;0.0083;0;0;0.088;1.5607;0;0;0;0;0;0;0;0;0;0;0;0;0.0357;0.0092;1.6751;1.6751;0;49.241;49.241;32.201;0.0496;1689.9;991.25;1;0.0264;0.0264;0;0;0;0;0;0;1.6487;1.5607;0;16.229;18.793;15.12;17.509;98.421;98.421;16.369;14.126;13.161;2.2428;0.9652;0.137;0.059;0.804;117.26;0.7639;0
04/10/21 15:00;30.181;72.712;14.886;31.345;58.655;90;58.655;155.69;152.7;2.9885;16.21;7.2599;0;5.745;115.56;1.2743;0;7.4702;130.05;0;130.05;5.745;1.2743;115.56;7.4702;0.0442;0.946;0;0.0574;109;21.052;0;0;14.058;6.9936;105.31;3.5814;0.003;0.0007;3.5492;0.0286;108.89;0.109;0.0057;0.0013;0.1015;0.0005;108.35;5.7363;1.2724;97.855;0.4475;99.809;80.347;35.607;17.819;1.9271;27.72;3.0337;11.828;0;1;0;0;0.8353;0.8381;1;1;0.8783;0.0638;0.9671;0.9995;1;0.965;0.94;0.999;0.999;1;0.999;0.999;0.8098;0.8468;0.0599;0.3701;0.3655;0.0022;0.0171;-0.0048;0.0025;0.0087;0.0051;0;0;0.088;0.2318;0;0;0;0;0;0;0;0;0;0;0;0;0.007;0.0005;0.3273;0.3273;0;21.385;21.385;5.1745;0.0491;310.24;1055;1;0.0075;0.0075;0;0;0;0;0;0;0.3198;0.2318;0;16.63;19.258;11.779;13.64;97.716;97.716;3.1213;2.7602;1.9551;0.3611;0.8052;0.1157;0.258;0.6264;99.038;0.5402;0
04/10/21 16:00;18.206;82.56;40.733;18.351;31.428;90;31.428;205;165.1;39.895;12.11;5.21;0;96.756;138.73;37.337;0;3.0074;275.83;0;275.83;96.756;37.337;138.73;3.0074;0.3508;0.5138;0;0.0109;266.54;9.2814;0;0;6.6271;2.6543;260.95;5.3234;0.7069;0.2728;4.2843;0.0595;266.28;0.2665;0.0968;0.0373;0.1321;0.0004;261.64;95.952;37.027;127.68;0.2932;92.627;74.565;29.31;2.4678;1.1167;16.063;0.6844;14.712;0;1;0;0;1.3455;0.9664;1;1;0.9522;0.1174;0.98;0.9927;1;0.9675;0.8314;0.999;0.999;1;0.999;0.999;0.9461;0.9204;0.0975;0.785;0.7807;0.0047;0.015;-0.0004;0.0053;0.0189;0.003;0;0;0.088;0.6169;0;0;0;0;0;0;0;0;0;0;0;0;0.0152;0.0017;0.7173;0.7173;0;24.868;24.868;12.758;0.0489;668.13;1073.5;1;0.0123;0.0123;0;0;0;0;0;0;0.7049;0.6169;0;17.184;19.898;14.78;17.114;98.279;98.279;6.6198;6.0488;5.2026;0.571;0.8462;0.0863;0.1278;0.7859;92.357;0.7531;0
04/10/21 17:00;6.1718;91.221;74.886;6.1732;8.9444;90;8.9444;12.697;12.697;0;12.8;4.3001;0;0;12.62;0;0;0.0154;12.636;0;12.636;0;0;12.62;0.0154;0;1;0;0.0012;12.547;0.0887;0;0;0.0759;0.0129;12.014;0.5207;0;0;0.5202;0.0006;12.534;0.0125;0;0;0.0125;0;12.016;0;0;12.012;0.002;7.5465;6.0749;2.2443;0.0024;0.0874;1.2572;0.0024;1.3422;0;1;0;0;0.9951;0.993;1;1;0.994;0.1677;0.9585;1;1;0.9585;0.7751;0.999;1;1;0.999;0.999;0.9508;0.9518;0.1299;0.036;0.0369;0.0002;0.0067;-0.0015;0.0002;0.0008;0.0002;0;0;0.088;-0.061;0;0;0;0;0;0;0;0;0;0;0;0;0.0006;0;0.0296;0.0296;0;13.405;13.405;0.6048;0.0503;29.781;994.41;1;0.0027;0.0027;0;0;0;0;0;0;0.027;-0.061;0;15.487;17.934;-31.923;-36.966;91.027;91.027;0.3033;0.2497;-0.5148;0.0535;0.7645;0.1765;2.521;0;7.5465;0;0
04/10/21 18:00;0;0;90;0;0;90;0;0;0;0;10.88;4.7601;0;0;0;0;0;0;0;0;0;0;0;0;0;1;1;1;1;0;0;0;0;0;0;0;0;0;0;0;0;0;0;0;0;0;0;0;0;0;0;0;0;0;0;0;0;0;0;0;0;0;0;0;1;1;1;1;1;1;1;1;1;1;1;1;1;1;1;1;1;1;1;0;0;0;0;0;0;0;0;0;0.0004;0.088;-0.0884;0;0;0;0;0;0;0;0;0;0;0;0;0;0;0;0;0;0;0;-10.88;0;0;0;0;0.0004;0;0;0;0;0;0;0;-0.0004;-0.0884;0;0;0;0;0;0;0;0;0;-0.7452;0;0.7452;1;1;0;0;0;0
04/10/21 19:00;0;0;90;0;0;90;0;0;0;0;9.2003;4.2;0;0;0;0;0;0;0;0;0;0;0;0;0;1;1;1;1;0;0;0;0;0;0;0;0;0;0;0;0;0;0;0;0;0;0;0;0;0;0;0;0;0;0;0;0;0;0;0;0;0;0;0;1;1;1;1;1;1;1;1;1;1;1;1;1;1;1;1;1;1;1;0;0;0;0;0;0;0;0;0;0.0004;0.088;-0.0884;0;0;0;0;0;0;0;0;0;0;0;0;0;0;0;0;0;0;0;-9.2003;0;0;0;0;0.0004;0;0;0;0;0;0;0;-0.0004;-0.0884;0;0;0;0;0;0;0;0;0;-0.7452;0;0.7452;1;1;0;0;0;0
04/10/21 20:00;0;0;90;0;0;90;0;0;0;0;9.3997;3.3499;0;0;0;0;0;0;0;0;0;0;0;0;0;1;1;1;1;0;0;0;0;0;0;0;0;0;0;0;0;0;0;0;0;0;0;0;0;0;0;0;0;0;0;0;0;0;0;0;0;0;0;0;1;1;1;1;1;1;1;1;1;1;1;1;1;1;1;1;1;1;1;0;0;0;0;0;0;0;0;0;0.0004;0.088;-0.0884;0;0;0;0;0;0;0;0;0;0;0;0;0;0;0;0;0;0;0;-9.3997;0;0;0;0;0.0004;0;0;0;0;0;0;0;-0.0004;-0.0884;0;0;0;0;0;0;0;0;0;-0.7452;0;0.7452;1;1;0;0;0;0
04/10/21 21:00;0;0;90;0;0;90;0;0;0;0;9.1199;3.16;0;0;0;0;0;0;0;0;0;0;0;0;0;1;1;1;1;0;0;0;0;0;0;0;0;0;0;0;0;0;0;0;0;0;0;0;0;0;0;0;0;0;0;0;0;0;0;0;0;0;0;0;1;1;1;1;1;1;1;1;1;1;1;1;1;1;1;1;1;1;1;0;0;0;0;0;0;0;0;0;0.0004;0.088;-0.0884;0;0;0;0;0;0;0;0;0;0;0;0;0;0;0;0;0;0;0;-9.1199;0;0;0;0;0.0004;0;0;0;0;0;0;0;-0.0004;-0.0884;0;0;0;0;0;0;0;0;0;-0.7452;0;0.7452;1;1;0;0;0;0
04/10/21 22:00;0;0;90;0;0;90;0;0;0;0;9.0002;3.2799;0;0;0;0;0;0;0;0;0;0;0;0;0;1;1;1;1;0;0;0;0;0;0;0;0;0;0;0;0;0;0;0;0;0;0;0;0;0;0;0;0;0;0;0;0;0;0;0;0;0;0;0;1;1;1;1;1;1;1;1;1;1;1;1;1;1;1;1;1;1;1;0;0;0;0;0;0;0;0;0;0.0004;0.088;-0.0884;0;0;0;0;0;0;0;0;0;0;0;0;0;0;0;0;0;0;0;-9.0002;0;0;0;0;0.0004;0;0;0;0;0;0;0;-0.0004;-0.0884;0;0;0;0;0;0;0;0;0;-0.7452;0;0.7452;1;1;0;0;0;0
04/10/21 23:00;0;0;90;0;0;90;0;0;0;0;7.2997;4.18;0;0;0;0;0;0;0;0;0;0;0;0;0;1;1;1;1;0;0;0;0;0;0;0;0;0;0;0;0;0;0;0;0;0;0;0;0;0;0;0;0;0;0;0;0;0;0;0;0;0;0;0;1;1;1;1;1;1;1;1;1;1;1;1;1;1;1;1;1;1;1;0;0;0;0;0;0;0;0;0;0.0004;0.088;-0.0884;0;0;0;0;0;0;0;0;0;0;0;0;0;0;0;0;0;0;0;-7.2997;0;0;0;0;0.0004;0;0;0;0;0;0;0;-0.0004;-0.0884;0;0;0;0;0;0;0;0;0;-0.7452;0;0.7452;1;1;0;0;0;0
05/10/21 00:00;0;0;90;0;0;90;0;0;0;0;8.6997;4.33;0;0;0;0;0;0;0;0;0;0;0;0;0;1;1;1;1;0;0;0;0;0;0;0;0;0;0;0;0;0;0;0;0;0;0;0;0;0;0;0;0;0;0;0;0;0;0;0;0;0;0;0;1;1;1;1;1;1;1;1;1;1;1;1;1;1;1;1;1;1;1;0;0;0;0;0;0;0;0;0;0.0004;0.088;-0.0884;0;0;0;0;0;0;0;0;0;0;0;0;0;0;0;0;0;0;0;-8.6997;0;0;0;0;0.0004;0;0;0;0;0;0;0;-0.0004;-0.0884;0;0;0;0;0;0;0;0;0;-0.7452;0;0.7452;1;1;0;0;0;0
05/10/21 01:00;0;0;90;0;0;90;0;0;0;0;9.0301;4.01;0;0;0;0;0;0;0;0;0;0;0;0;0;1;1;1;1;0;0;0;0;0;0;0;0;0;0;0;0;0;0;0;0;0;0;0;0;0;0;0;0;0;0;0;0;0;0;0;0;0;0;0;1;1;1;1;1;1;1;1;1;1;1;1;1;1;1;1;1;1;1;0;0;0;0;0;0;0;0;0;0.0004;0.088;-0.0884;0;0;0;0;0;0;0;0;0;0;0;0;0;0;0;0;0;0;0;-9.0301;0;0;0;0;0.0004;0;0;0;0;0;0;0;-0.0004;-0.0884;0;0;0;0;0;0;0;0;0;-0.7452;0;0.7452;1;1;0;0;0;0
05/10/21 02:00;0;0;90;0;0;90;0;0;0;0;8.7702;4.25;0;0;0;0;0;0;0;0;0;0;0;0;0;1;1;1;1;0;0;0;0;0;0;0;0;0;0;0;0;0;0;0;0;0;0;0;0;0;0;0;0;0;0;0;0;0;0;0;0;0;0;0;1;1;1;1;1;1;1;1;1;1;1;1;1;1;1;1;1;1;1;0;0;0;0;0;0;0;0;0;0.0004;0.088;-0.0884;0;0;0;0;0;0;0;0;0;0;0;0;0;0;0;0;0;0;0;-8.7702;0;0;0;0;0.0004;0;0;0;0;0;0;0;-0.0004;-0.0884;0;0;0;0;0;0;0;0;0;-0.7452;0;0.7452;1;1;0;0;0;0
05/10/21 03:00;0;0;90;0;0;90;0;0;0;0;8.9703;5.1799;0;0;0;0;0;0;0;0;0;0;0;0;0;1;1;1;1;0;0;0;0;0;0;0;0;0;0;0;0;0;0;0;0;0;0;0;0;0;0;0;0;0;0;0;0;0;0;0;0;0;0;0;1;1;1;1;1;1;1;1;1;1;1;1;1;1;1;1;1;1;1;0;0;0;0;0;0;0;0;0;0.0004;0.088;-0.0884;0;0;0;0;0;0;0;0;0;0;0;0;0;0;0;0;0;0;0;-8.9703;0;0;0;0;0.0004;0;0;0;0;0;0;0;-0.0004;-0.0884;0;0;0;0;0;0;0;0;0;-0.7452;0;0.7452;1;1;0;0;0;0
05/10/21 04:00;0;0;90;0;0;90;0;0;0;0;8.7303;5.7499;0;0;0;0;0;0;0;0;0;0;0;0;0;1;1;1;1;0;0;0;0;0;0;0;0;0;0;0;0;0;0;0;0;0;0;0;0;0;0;0;0;0;0;0;0;0;0;0;0;0;0;0;1;1;1;1;1;1;1;1;1;1;1;1;1;1;1;1;1;1;1;0;0;0;0;0;0;0;0;0;0.0004;0.088;-0.0884;0;0;0;0;0;0;0;0;0;0;0;0;0;0;0;0;0;0;0;-8.7303;0;0;0;0;0.0004;0;0;0;0;0;0;0;-0.0004;-0.0884;0;0;0;0;0;0;0;0;0;-0.7452;0;0.7452;1;1;0;0;0;0
05/10/21 05:00;2.8091;-94.049;83.174;2.8161;4.0273;-90;-4.0273;2.5981;2.5981;0;9.5001;6.09;0;0;2.5949;0;0;0.0006;2.5955;2.5955;0;0;0;0;0;1;1;1;1;0;0;0;0;0;0;0;0;0;0;0;0;0;0;0;0;0;0;0;0;0;0;0;0;0;0;0;0;0;0;0;0;0;0;0;0;1;1;1;1;1;1;1;1;1;1;1;1;1;0;0;1;0;0;0;0;0;0;0;0;0;0;0;0.0004;0.088;-0.0884;0;0;0;0;0;0;0;0;0;0;0;0;0;0;0;0;0;0;0;-9.5001;0;0;0;0;0.0004;0;0;0;0;0;0;0;-0.0004;-0.0884;0;0;0;0;0;0;0;0;0;-0.7452;0;0.7452;1;1;0;0;0;0
05/10/21 06:00;11.8;-87.724;60.267;11.809;17.948;-90;-17.948;69.895;65.402;4.4927;9.31;6.96;0;10.896;62.787;2.5434;0;0.3401;76.567;0;76.567;10.896;2.5434;62.787;0.3401;0.1423;0.8245;0;0.0044;75.074;1.4931;0;0;1.21;0.2831;72.268;2.7305;0.4182;0.0976;2.202;0.0126;74.999;0.0751;0.0109;0.0025;0.0616;0.0001;72.342;10.467;2.4432;59.314;0.0443;38.68;31.137;11.675;0.1533;0.446;6.4157;0.0739;6.7084;0;1;0;0;1.0955;0.9805;1;1;0.9807;0.1676;0.9636;0.9616;1;0.9642;0.778;0.999;0.999;1;0.999;0.999;0.9439;0.9447;0.1303;0.2179;0.2198;0.0013;0.0152;-0.0097;0.0015;0.0053;0.0012;0;0;0.088;0.1059;0;0;0;0;0;0;0;0;0;0;0;0;0.0043;0.0002;0.2006;0.2006;0;12.85;12.85;3.5395;0.049;186.41;1076;1;0.0066;0.0066;0;0;0;0;0;0;0.1939;0.1059;0;17.311;20.045;9.1437;10.588;96.694;96.694;1.8376;1.6915;0.8935;0.1461;0.798;0.0795;0.4343;0.4862;38.653;0.4575;0
05/10/21 07:00;23.969;-78.587;11.814;24.397;60;-90;-60;348.59;87.5;261.1;10.05;7.8099;0;629.09;34.842;98.891;0;17.43;780.25;0;780.25;629.09;98.891;34.842;17.43;0.8063;0.067;0;0.0223;759.66;20.588;0;0;4.3651;16.223;757.45;1.4522;0.2565;0.0403;1.0772;0.0782;758.9;0.7597;0.6291;0.0989;0.0305;0.0012;758.64;628.2;98.752;29.369;1.127;33.789;27.2;11.9;5.8293;0.6492;9.3385;1.1862;4.1584;0;1;0;0;2.2383;0.9736;1;1;0.8747;0.0692;0.9981;0.9996;1;0.9646;0.9351;0.999;0.999;1;0.999;0.999;0.9708;0.8429;0.0647;2.2205;2.1892;0.0132;-0.0014;0.1734;0.014;0.0498;0.0016;0;0;0.088;1.7686;0;0;0;0;0;0;0;0;0;0;0;0;0.0401;0.0113;1.8873;1.8873;0;47.584;47.584;37.534;0.0496;1887.4;999.95;1;0.0307;0.0307;0;0;0;0;0;0;1.8566;1.7686;0;15.984;18.509;14.979;17.345;98.376;98.376;18.726;15.916;14.915;2.8102;1.0006;0.1501;0.0534;0.7965;30.341;0.7894;0
05/10/21 08:00;35.71;-67.886;17.798;37.808;52.192;-90;-52.192;488.5;164.2;324.31;11.22;8.02;0;529.03;78.725;108.62;0;18.904;735.27;0;735.27;529.03;108.62;78.725;18.904;0.7195;0.1328;0;0.0257;709.62;25.655;0;0;8.0581;17.597;706.09;2.8129;0.3249;0.0667;2.3682;0.053;708.91;0.7096;0.529;0.1086;0.0707;0.0013;710.66;528.17;108.44;68.228;1.2529;192.12;154.66;59.777;8.0449;2.5725;37.004;4.5644;31.531;0;1;0;0;1.5052;0.9651;1;1;0.8976;0.0692;0.996;0.9994;1;0.9665;0.9594;0.999;0.999;1;0.999;0.999;0.9603;0.8667;0.0663;2.0925;2.1074;0.0127;-0.001;0.1564;0.0136;0.0481;0.0065;0;0;0.088;1.7043;0;0;0;0;0;0;0;0;0;0;0;0;0.0388;0.0105;1.8218;1.8218;0;46.173;46.173;34.953;0.0495;1813.3;1004.7;1;0.0295;0.0295;0;0;0;0;0;0;1.7923;1.7043;0;16.373;18.959;15.317;17.736;98.381;98.381;17.647;15.363;14.372;2.2832;0.9909;0.1294;0.0562;0.8145;62.861;0.7849;0
05/10/21 09:00;46.445;-54.013;23.884;52.428;37.572;-90;-37.572;710.59;135.5;575.09;12.58;8;0;725.59;51.109;99.014;0;14.739;890.45;0;890.45;725.59;99.014;51.109;14.739;0.8149;0.0739;0;0.0166;873.91;16.54;0;0;3.2222;13.318;870.65;2.388;0.598;0.0816;1.5457;0.1627;873.04;0.8739;0.7256;0.099;0.0479;0.0014;874.63;724.26;98.833;46.294;1.2567;350.9;282.48;112.74;1.6831;3.6213;52.091;3.9796;54.029;0;1;0;0;1.2531;0.9814;1;1;0.937;0.0964;0.9973;0.9992;1;0.9677;0.8854;0.999;0.999;1;0.999;0.999;0.9778;0.9058;0.0853;2.5341;2.6067;0.0157;-0.0017;0.284;0.0162;0.0573;0.0088;0;0;0.088;2.041;0;0;0;0;0;0;0;0;0;0;0;0;0.0462;0.0157;2.1646;2.1646;0;56.017;56.017;43.437;0.0499;2246.3;963.61;1;0.0356;0.0356;0;0;0;0;0;0;2.129;2.041;0;16.063;18.601;15.146;17.539;98.357;98.357;21.371;18.254;17.212;3.1166;1.0421;0.1458;0.0488;0.8054;35.672;0.7716;0
05/10/21 10:00;55.057;-34.551;28.147;68.382;21.618;-90;-21.618;717;238.7;478.3;13.11;8.0301;0;514.49;132.23;109.34;0;5.0431;761.1;0;761.1;514.49;109.34;132.23;5.0431;0.676;0.1804;0;0.0066;753.4;7.6954;0;0;3.4603;4.2351;747.49;5.1643;0.4997;0.1062;4.3849;0.1735;752.65;0.7534;0.5145;0.1093;0.1288;0.0008;748.73;513.47;109.13;124.25;0.6337;406.82;327.49;127.42;0.6288;4.3261;62.23;1.2395;65.927;0;1;0;0;1.0615;0.9899;1;1;0.9738;0.1602;0.9931;0.999;1;0.9659;0.7851;0.999;0.999;1;0.999;0.999;0.9821;0.9397;0.1257;2.166;2.2668;0.0137;-0.0017;0.2008;0.0144;0.051;0.0107;0;0;0.088;1.8058;0;0;0;0;0;0;0;0;0;0;0;0;0.0411;0.0121;1.9249;1.9249;0;50.231;50.231;37.122;0.0497;1951.1;986.56;1;0.0311;0.0311;0;0;0;0;0;0;1.8938;1.8058;0;16.712;19.352;15.678;18.155;98.384;98.384;18.266;16.233;15.228;2.0336;1.0045;0.1113;0.055;0.8337;82.824;0.7856;0
05/10/21 11:00;59.568;-7.9438;30.109;85.359;4.6414;-90;-4.6414;1000.5;165.1;835.4;14.25;8.09;0;838.15;48.273;117.13;0;0.3281;1003.9;0;1003.9;838.15;117.13;48.273;0.3281;0.8349;0.0484;0;0.0003;1003.5;0.3737;0;0;0.1004;0.2733;999.34;3.1701;0.9212;0.1287;2.1079;0.0122;1002.5;1.0035;0.8382;0.1171;0.0482;0.0001;999.36;836.39;116.89;46.016;0.0426;588.85;474.02;183.97;0.0002;6.2328;89.656;0.0261;95.889;0;1;0;0;1.0034;0.9996;1;1;0.9979;0.1671;0.9968;0.9989;1;0.9562;0.777;0.999;0.999;1;0.999;0.999;0.9955;0.9533;0.1297;2.857;3.0388;0.0183;0.0022;0.4216;0.0182;0.0645;0.0145;0;0;0.088;2.2975;0;0;0;0;0;0;0;0;0;0;0;0;0.0519;0.021;2.4266;2.4266;0;64.455;64.455;50.206;0.0502;2614.2;928.26;1;0.0411;0.0411;0;0;0;0;0;0;2.3855;2.2975;0;15.973;18.496;15.123;17.512;98.306;98.306;24.093;20.464;19.375;3.6292;1.0887;0.1506;0.0452;0.8042;28.655;0.7538;0
05/10/21 12:00;58.142;21.053;29.511;77.416;12.584;90;12.584;1153.1;190.3;962.81;15.03;8.1201;0;986.51;32.463;161.32;0;2.7702;1183.1;0;1183.1;986.51;161.32;32.463;2.7702;0.8339;0.0298;0;0.0023;1180.4;2.6508;0;0;0.3453;2.3056;1176.7;2.5328;1.0046;0.1643;1.2593;0.1046;1179.2;1.1804;0.9865;0.1613;0.0321;0.0005;1177.3;984.52;160.99;30.826;0.3596;668.89;538.46;211.15;0.023;6.9398;99.826;0.5683;106.74;0;1;0;0;1.026;0.9978;1;1;0.9894;0.1677;0.9979;0.999;1;0.9608;0.7747;0.999;0.999;1;0.999;0.999;0.9946;0.9496;0.1298;3.3669;3.5682;0.0215;0.0135;0.6241;0.0204;0.0722;0.0155;0;0;0.088;2.5795;0;0;0;0;0;0;0;0;0;0;0;0;0.0582;0.0286;2.7143;2.7143;0;74.663;74.663;59.632;0.0507;3069.6;884.24;1;0.0467;0.0467;0;0;0;0;0;0;2.6675;2.5795;0;15.16;17.555;14.408;16.684;98.279;98.279;28.393;22.89;21.754;5.5037;1.1362;0.1938;0.04;0.7661;19.598;0.7206;0
05/10/21 13:00;51.441;44.423;26.434;60.84;29.16;90;29.16;320.31;305.6;14.712;14.34;8.0301;0;16.847;282.3;4.8053;0;4.0594;308.01;0;308.01;16.847;4.8053;282.3;4.0594;0.0547;0.9297;0;0.0132;292.5;15.515;0;0;11.971;3.5436;283.27;8.9396;0.0154;0.0044;8.8256;0.0943;292.21;0.2925;0.0168;0.0048;0.2703;0.0005;284.48;16.815;4.7961;261.23;0.421;195.03;157;61.117;3.8741;2.304;33.143;1.2115;31.573;0;1;0;0;0.9616;0.9496;1;1;0.9576;0.1271;0.9694;0.9991;1;0.9673;0.8171;0.999;0.999;1;0.999;0.999;0.9197;0.9254;0.1037;0.8766;0.8803;0.0053;0.0138;0.0101;0.006;0.0211;0.0061;0;0;0.088;0.6975;0;0;0;0;0;0;0;0;0;0;0;0;0.017;0.0021;0.7988;0.7988;0;28.219;28.219;13.879;0.049;752.54;1061.5;1;0.0133;0.0133;0;0;0;0;0;0;0.7855;0.6975;0;17.137;19.845;14.963;17.327;98.329;98.329;7.3923;6.7365;5.8818;0.6558;0.8547;0.0887;0.1156;0.7957;185.01;0.7364;0
05/10/21 14:00;41.655;60.965;21.262;45.495;44.505;90;44.505;158.99;156.6;2.3919;14.12;7.69;0;3.3539;133.79;0.5767;0;4.56;142.28;0;142.28;3.3539;0.5767;133.79;4.56;0.0236;0.9724;0;0.032;127.16;15.125;0;0;10.899;4.2259;123;4.0244;0.0025;0.0004;4;0.0215;127.03;0.1272;0.0034;0.0006;0.1229;0.0003;124.65;3.348;0.5757;118.77;0.3122;100.31;80.751;33.667;7.8654;1.4217;20.451;1.6487;14.007;0;1;0;0;0.8949;0.8937;1;1;0.9185;0.0733;0.9683;0.9993;1;0.9674;0.9355;0.999;0.999;1;0.999;0.999;0.8645;0.8877;0.0685;0.4049;0.3976;0.0024;0.0172;-0.007;0.0027;0.0096;0.0038;0;0;0.088;0.2648;0;0;0;0;0;0;0;0;0;0;0;0;0.0077;0.0006;0.3607;0.3607;0;20.149;20.149;6.0284;0.049;338.42;1065.9;1;0.0079;0.0079;0;0;0;0;0;0;0.3528;0.2648;0;16.753;19.4;12.298;14.24;97.8;97.8;3.4148;3.0421;2.233;0.3727;0.809;0.1091;0.2369;0.6539;99.121;0.5904;0
05/10/21 15:00;30.358;73.117;14.512;31.471;58.529;90;58.529;212.11;203.1;9.0096;13.73;6.98;0;17.258;152.55;5.0615;0;10.137;185.01;0;185.01;17.258;5.0615;152.55;10.137;0.0933;0.8794;0;0.0548;157.02;27.991;0;0;18.5;9.4911;152.13;4.7321;0.0086;0.0025;4.6826;0.0383;156.86;0.157;0.0173;0.0051;0.1341;0.0006;156.19;17.232;5.0539;129.24;0.6073;133.04;107.1;47.176;23.343;2.5608;36.836;4.0643;16.053;0;1;0;0;0.8722;0.8487;1;1;0.8787;0.0637;0.9698;0.9995;1;0.965;0.9406;0.999;0.999;1;0.999;0.999;0.8223;0.8472;0.0599;0.5265;0.5207;0.0031;0.0171;-0.0072;0.0036;0.0126;0.0068;0;0;0.088;0.3764;0;0;0;0;0;0;0;0;0;0;0;0;0.0101;0.0009;0.4736;0.4736;0;21.177;21.177;7.4474;0.049;442.86;1069.4;1;0.0092;0.0092;0;0;0;0;0;0;0.4644;0.3764;0;16.915;19.587;13.444;15.568;98.065;98.065;4.4402;3.9938;3.1744;0.4465;0.8194;0.1005;0.1845;0.7149;130.55;0.6222;0
05/10/21 16:00;18.366;82.938;40.165;18.497;31.807;90;31.807;112.7;110.3;2.3923;13.5;5.0999;0;5.8021;101.46;1.4824;0;1.6923;110.43;0;110.43;5.8021;1.4824;101.46;1.6923;0.0525;0.934;0;0.0153;104;6.4359;0;0;4.9395;1.4964;100.68;3.2109;0.0405;0.0103;3.1276;0.0325;103.89;0.104;0.0058;0.0015;0.0965;0.0002;101.2;5.7558;1.4706;93.292;0.1632;67.743;54.533;21.44;1.8808;0.8214;11.815;0.5162;10.756;0;1;0;0;0.9799;0.9417;1;1;0.9513;0.1158;0.9691;0.993;1;0.9676;0.834;0.999;0.999;1;0.999;0.999;0.9117;0.9195;0.0965;0.3143;0.3132;0.0019;0.0167;-0.0075;0.0021;0.0075;0.0022;0;0;0.088;0.1888;0;0;0;0;0;0;0;0;0;0;0;0;0.006;0.0004;0.2839;0.2839;0;18.437;18.437;4.937;0.049;266.48;1065.5;1;0.0071;0.0071;0;0;0;0;0;0;0.2768;0.1888;0;16.989;19.673;11.297;13.082;97.492;97.492;2.6504;2.3944;1.5922;0.256;0.8022;0.0966;0.3027;0.6007;67.728;0.5562;0
05/10/21 17:00;6.1234;91.727;75.007;6.1262;8.874;90;8.874;47;45.998;1.0022;13;3.3301;0;2.4305;45.409;0.7649;0;0.0563;48.661;0;48.661;2.4305;0.7649;45.409;0.0563;0.0499;0.9343;0;0.0012;48.345;0.3162;0;0;0.2694;0.0468;45.828;2.4688;0.4511;0.142;1.8736;0.0021;48.296;0.0483;0.0024;0.0008;0.0451;0;45.836;1.9769;0.6222;43.221;0.0073;27.155;21.86;8.0765;0.0082;0.3144;4.5232;0.0083;4.8294;0;1;0;0;1.0353;0.9935;1;1;0.9941;0.1677;0.9489;0.8142;1;0.9585;0.7751;0.999;0.999;1;0.999;0.999;0.9418;0.9518;0.1299;0.1385;0.1402;0.0008;0.0129;-0.005;0.0009;0.0033;0.0008;0;0;0.088;0.0304;0;0;0;0;0;0;0;0;0;0;0;0;0.0026;0.0001;0.1237;0.1237;0;15.261;15.261;2.2613;0.0493;118.22;1046.7;1;0.0054;0.0054;0;0;0;0;0;0;0.1184;0.0304;0;16.803;19.458;4.1251;4.7768;95.667;95.667;1.1679;1.0435;0.2562;0.1244;0.7873;0.1065;0.6742;0.2194;27.149;0.2051;0
05/10/21 18:00;0.005;96.024;89.995;0;0;90;0;0;0;0;11.9;3.1701;0;0;0;0;0;0;0;0;0;0;0;0;0;1;1;1;1;0;0;0;0;0;0;0;0;0;0;0;0;0;0;0;0;0;0;0;0;0;0;0;0;0;0;0;0;0;0;0;0;0;0;0;1;1;1;1;1;1;1;1;1;1;1;1;1;1;1;1;1;1;1;0;0;0;0;0;0;0;0;0;0.0004;0.088;-0.0884;0;0;0;0;0;0;0;0;0;0;0;0;0;0;0;0;0;0;0;-11.9;0;0;0;0;0.0004;0;0;0;0;0;0;0;-0.0004;-0.0884;0;0;0;0;0;0;0;0;0;-0.7452;0;0.7452;1;1;0;0;0;0
05/10/21 19:00;0;0;90;0;0;90;0;0;0;0;8.3999;3.0901;0;0;0;0;0;0;0;0;0;0;0;0;0;1;1;1;1;0;0;0;0;0;0;0;0;0;0;0;0;0;0;0;0;0;0;0;0;0;0;0;0;0;0;0;0;0;0;0;0;0;0;0;1;1;1;1;1;1;1;1;1;1;1;1;1;1;1;1;1;1;1;0;0;0;0;0;0;0;0;0;0.0004;0.088;-0.0884;0;0;0;0;0;0;0;0;0;0;0;0;0;0;0;0;0;0;0;-8.3999;0;0;0;0;0.0004;0;0;0;0;0;0;0;-0.0004;-0.0884;0;0;0;0;0;0;0;0;0;-0.7452;0;0.7452;1;1;0;0;0;0
05/10/21 20:00;0;0;90;0;0;90;0;0;0;0;5.9197;2.9599;0;0;0;0;0;0;0;0;0;0;0;0;0;1;1;1;1;0;0;0;0;0;0;0;0;0;0;0;0;0;0;0;0;0;0;0;0;0;0;0;0;0;0;0;0;0;0;0;0;0;0;0;1;1;1;1;1;1;1;1;1;1;1;1;1;1;1;1;1;1;1;0;0;0;0;0;0;0;0;0;0.0004;0.088;-0.0884;0;0;0;0;0;0;0;0;0;0;0;0;0;0;0;0;0;0;0;-5.9197;0;0;0;0;0.0004;0;0;0;0;0;0;0;-0.0004;-0.0884;0;0;0;0;0;0;0;0;0;-0.7452;0;0.7452;1;1;0;0;0;0
05/10/21 21:00;0;0;90;0;0;90;0;0;0;0;5.4098;2.75;0;0;0;0;0;0;0;0;0;0;0;0;0;1;1;1;1;0;0;0;0;0;0;0;0;0;0;0;0;0;0;0;0;0;0;0;0;0;0;0;0;0;0;0;0;0;0;0;0;0;0;0;1;1;1;1;1;1;1;1;1;1;1;1;1;1;1;1;1;1;1;0;0;0;0;0;0;0;0;0;0.0004;0.088;-0.0884;0;0;0;0;0;0;0;0;0;0;0;0;0;0;0;0;0;0;0;-5.4098;0;0;0;0;0.0004;0;0;0;0;0;0;0;-0.0004;-0.0884;0;0;0;0;0;0;0;0;0;-0.7452;0;0.7452;1;1;0;0;0;0
05/10/21 22:00;0;0;90;0;0;90;0;0;0;0;4.9398;2.5599;0;0;0;0;0;0;0;0;0;0;0;0;0;1;1;1;1;0;0;0;0;0;0;0;0;0;0;0;0;0;0;0;0;0;0;0;0;0;0;0;0;0;0;0;0;0;0;0;0;0;0;0;1;1;1;1;1;1;1;1;1;1;1;1;1;1;1;1;1;1;1;0;0;0;0;0;0;0;0;0;0.0004;0.088;-0.0884;0;0;0;0;0;0;0;0;0;0;0;0;0;0;0;0;0;0;0;-4.9398;0;0;0;0;0.0004;0;0;0;0;0;0;0;-0.0004;-0.0884;0;0;0;0;0;0;0;0;0;-0.7452;0;0.7452;1;1;0;0;0;0
05/10/21 23:00;0;0;90;0;0;90;0;0;0;0;4.5802;2.4601;0;0;0;0;0;0;0;0;0;0;0;0;0;1;1;1;1;0;0;0;0;0;0;0;0;0;0;0;0;0;0;0;0;0;0;0;0;0;0;0;0;0;0;0;0;0;0;0;0;0;0;0;1;1;1;1;1;1;1;1;1;1;1;1;1;1;1;1;1;1;1;0;0;0;0;0;0;0;0;0;0.0004;0.088;-0.0884;0;0;0;0;0;0;0;0;0;0;0;0;0;0;0;0;0;0;0;-4.5802;0;0;0;0;0.0004;0;0;0;0;0;0;0;-0.0004;-0.0884;0;0;0;0;0;0;0;0;0;-0.7452;0;0.7452;1;1;0;0;0;0
06/10/21 00:00;0;0;90;0;0;90;0;0;0;0;3.5598;2.21;0;0;0;0;0;0;0;0;0;0;0;0;0;1;1;1;1;0;0;0;0;0;0;0;0;0;0;0;0;0;0;0;0;0;0;0;0;0;0;0;0;0;0;0;0;0;0;0;0;0;0;0;1;1;1;1;1;1;1;1;1;1;1;1;1;1;1;1;1;1;1;0;0;0;0;0;0;0;0;0;0.0004;0.088;-0.0884;0;0;0;0;0;0;0;0;0;0;0;0;0;0;0;0;0;0;0;-3.5598;0;0;0;0;0.0004;0;0;0;0;0;0;0;-0.0004;-0.0884;0;0;0;0;0;0;0;0;0;-0.7452;0;0.7452;1;1;0;0;0;0
06/10/21 01:00;0;0;90;0;0;90;0;0;0;0;3.1901;1.8499;0;0;0;0;0;0;0;0;0;0;0;0;0;1;1;1;1;0;0;0;0;0;0;0;0;0;0;0;0;0;0;0;0;0;0;0;0;0;0;0;0;0;0;0;0;0;0;0;0;0;0;0;1;1;1;1;1;1;1;1;1;1;1;1;1;1;1;1;1;1;1;0;0;0;0;0;0;0;0;0;0.0004;0.088;-0.0884;0;0;0;0;0;0;0;0;0;0;0;0;0;0;0;0;0;0;0;-3.1901;0;0;0;0;0.0004;0;0;0;0;0;0;0;-0.0004;-0.0884;0;0;0;0;0;0;0;0;0;-0.7452;0;0.7452;1;1;0;0;0;0
06/10/21 02:00;0;0;90;0;0;90;0;0;0;0;2.53;1.2899;0;0;0;0;0;0;0;0;0;0;0;0;0;1;1;1;1;0;0;0;0;0;0;0;0;0;0;0;0;0;0;0;0;0;0;0;0;0;0;0;0;0;0;0;0;0;0;0;0;0;0;0;1;1;1;1;1;1;1;1;1;1;1;1;1;1;1;1;1;1;1;0;0;0;0;0;0;0;0;0;0.0004;0.088;-0.0884;0;0;0;0;0;0;0;0;0;0;0;0;0;0;0;0;0;0;0;-2.53;0;0;0;0;0.0004;0;0;0;0;0;0;0;-0.0004;-0.0884;0;0;0;0;0;0;0;0;0;-0.7452;0;0.7452;1;1;0;0;0;0
06/10/21 03:00;0;0;90;0;0;90;0;0;0;0;1.83;0.5599;0;0;0;0;0;0;0;0;0;0;0;0;0;1;1;1;1;0;0;0;0;0;0;0;0;0;0;0;0;0;0;0;0;0;0;0;0;0;0;0;0;0;0;0;0;0;0;0;0;0;0;0;1;1;1;1;1;1;1;1;1;1;1;1;1;1;1;1;1;1;1;0;0;0;0;0;0;0;0;0;0.0004;0.088;-0.0884;0;0;0;0;0;0;0;0;0;0;0;0;0;0;0;0;0;0;0;-1.83;0;0;0;0;0.0004;0;0;0;0;0;0;0;-0.0004;-0.0884;0;0;0;0;0;0;0;0;0;-0.7452;0;0.7452;1;1;0;0;0;0
06/10/21 04:00;0;0;90;0;0;90;0;0;0;0;1.8998;0.4799;0;0;0;0;0;0;0;0;0;0;0;0;0;1;1;1;1;0;0;0;0;0;0;0;0;0;0;0;0;0;0;0;0;0;0;0;0;0;0;0;0;0;0;0;0;0;0;0;0;0;0;0;1;1;1;1;1;1;1;1;1;1;1;1;1;1;1;1;1;1;1;0;0;0;0;0;0;0;0;0;0.0004;0.088;-0.0884;0;0;0;0;0;0;0;0;0;0;0;0;0;0;0;0;0;0;0;-1.8998;0;0;0;0;0.0004;0;0;0;0;0;0;0;-0.0004;-0.0884;0;0;0;0;0;0;0;0;0;-0.7452;0;0.7452;1;1;0;0;0;0
06/10/21 05:00;3.0917;-94.32;82.484;3.1005;4.4371;-90;-4.4371;6.6027;6.5986;0.0041;1.6997;0.93;0;0.0098;6.5884;0.0009;0;0.002;6.6011;6.6011;0;0.0098;0;0;0;1;1;1;1;0;0;0;0;0;0;0;0;0;0;0;0;0;0;0;0;0;0;0;0;0;0;0;0;0;0;0;0;0;0;0;0;0;0;0;0;1;1;1;1;1;1;1;1;1;1;1;0;1;0;0;1;0;0;0;0;0;0;0;0;0;0;0;0.0004;0.088;-0.0884;0;0;0;0;0;0;0;0;0;0;0;0;0;0;0;0;0;0;0;-1.6997;0;0;0;0;0.0004;0;0;0;0;0;0;0;-0.0004;-0.0884;0;0;0;0;0;0;0;0;0;-0.7452;0;0.7452;1;1;0;0;0;0
06/10/21 06:00;12.082;-88.002;59.494;12.089;18.437;-90;-18.437;155.01;41.901;113.11;3.7299;1.6099;0;274.31;24.733;40.057;0;0.7956;339.9;0;339.9;274.31;40.057;24.733;0.7956;0.807;0.0751;0;0.0023;338.74;1.1612;0;0;0.4986;0.6626;326.42;11.984;9.6812;1.4137;0.8592;0.0294;338.4;0.3387;0.2743;0.0401;0.0242;0.0001;326.45;264.36;38.603;23.351;0.1034;15.893;12.794;4.6235;0.0665;0.1948;2.8015;0.0344;2.9298;0;1;0;0;2.1928;0.9966;1;1;0.9798;0.1672;0.9646;0.9647;1;0.9645;0.7784;0.999;0.999;1;0.999;0.999;0.9603;0.9441;0.13;0.9673;0.9396;0.0057;0.013;-0.0179;0.0066;0.0233;0.0005;0;0;0.088;0.7841;0;0;0;0;0;0;0;0;0;0;0;0;0.0188;0.0024;0.8873;0.8873;0;19.594;19.594;15.864;0.0486;805.16;1102;1;0.0152;0.0152;0;0;0;0;0;0;0.8721;0.7841;0;17.25;19.975;15.244;17.652;98.291;98.291;8.1576;7.4826;6.6126;0.675;0.87;0.0827;0.1067;0.8106;15.258;0.8056;0
06/10/21 07:00;24.258;-78.876;11.436;24.668;60;-90;-60;388.6;66.998;321.6;6.9002;1.31;0;767.24;21.557;91.264;0;19.43;899.49;0;899.49;767.24;91.264;21.557;19.43;0.853;0.0456;0;0.0216;878.71;20.786;0;0;2.7008;18.085;876.73;1.0925;0.3028;0.036;0.6665;0.0872;877.83;0.8787;0.7672;0.0913;0.0189;0.0013;877.84;766.17;91.137;18.171;1.2564;26.385;21.24;8.8642;3.6089;0.4735;6.8107;1.107;3.6753;0;1;0;0;2.3147;0.9769;1;1;0.8747;0.0692;0.9988;0.9996;1;0.9646;0.9351;0.999;0.999;1;0.999;0.999;0.9747;0.8429;0.0647;2.5599;2.5252;0.0152;-0.0019;0.225;0.016;0.0568;0.0012;0;0;0.088;2.0286;0;0;0;0;0;0;0;0;0;0;0;0;0.0457;0.0149;2.1524;2.1524;0;50.441;50.441;43.541;0.0497;2179.2;987.69;1;0.0358;0.0358;0;0;0;0;0;0;2.1166;2.0286;0;15.812;18.31;14.903;17.257;98.338;98.338;21.588;18.151;17.107;3.4365;1.0438;0.1592;0.0484;0.7925;18.773;0.788;0
06/10/21 08:00;36.017;-68.186;17.491;38.063;51.937;-90;-51.937;608.09;100.3;507.79;11.54;2.4799;0;823.63;30.002;102.48;0;23.319;979.43;0;979.43;823.63;102.48;30.002;23.319;0.8409;0.0544;0;0.0238;954.68;24.752;0;0;3.0492;21.703;952.2;1.5266;0.4971;0.0619;0.902;0.0656;953.72;0.9547;0.8236;0.1025;0.027;0.0016;956.95;822.31;102.31;26.024;1.5488;214.88;172.98;66.48;3.018;2.513;36.149;4.7501;35.644;0;1;0;0;1.6107;0.9747;1;1;0.8984;0.0693;0.9984;0.9994;1;0.9665;0.9594;0.999;0.999;1;0.999;0.999;0.9722;0.8674;0.0664;2.7874;2.8103;0.0169;-0.0005;0.3373;0.0172;0.061;0.006;0;0;0.088;2.1784;0;0;0;0;0;0;0;0;0;0;0;0;0.0491;0.0182;2.3051;2.3051;0;59.169;59.169;47.629;0.05;2422;951.72;1;0.0387;0.0387;0;0;0;0;0;0;2.2664;2.1784;0;15.552;18.009;14.697;17.019;98.32;98.32;23.506;19.439;18.371;4.067;1.0688;0.173;0.0455;0.7815;23.893;0.7605;0
06/10/21 09:00;46.782;-54.302;23.552;52.653;37.347;-90;-37.347;775.89;128;647.9;15.73;3.1001;0;814.99;40.378;104.41;0;15.908;975.69;0;975.69;814.99;104.41;40.378;15.908;0.8353;0.0577;0;0.0163;958.81;16.882;0;0;2.5219;14.36;955.7;2.1495;0.6623;0.0849;1.2218;0.1806;957.85;0.9588;0.815;0.1044;0.0379;0.0015;960.08;813.51;104.22;36.597;1.3654;381.8;307.35;121.41;1.3037;3.9874;57.357;4.3792;60.04;0;1;0;0;1.2575;0.9827;1;1;0.9375;0.0973;0.9978;0.9992;1;0.9677;0.8832;0.999;0.999;1;0.999;0.999;0.9795;0.9063;0.0858;2.7767;2.8618;0.0172;0;0.39;0.0172;0.0609;0.0093;0;0;0.088;2.173;0;0;0;0;0;0;0;0;0;0;0;0;0.0491;0.0188;2.2992;2.2992;0;63.713;63.713;47.982;0.0502;2463.3;933.35;1;0.0382;0.0382;0;0;0;0;0;0;2.261;2.173;0;15.571;18.031;14.717;17.042;98.34;98.34;23.417;19.389;18.325;4.0275;1.0639;0.172;0.0454;0.7826;28.13;0.7496;0
06/10/21 10:00;55.432;-34.747;27.788;68.559;21.441;-90;-21.441;893.81;147.5;746.31;17.77;3.32;0;801.79;48.258;104.76;0;6.1857;961;0;961;801.79;104.76;48.258;6.1857;0.8343;0.0567;0;0.0064;954.56;6.4374;0;0;1.2464;5.191;950.92;2.6865;0.7688;0.1005;1.6031;0.2142;953.61;0.9546;0.8018;0.1048;0.047;0.001;952.43;800.22;104.56;45.362;0.7796;502.05;404.15;157.97;0.2238;5.2559;75.604;1.5033;80.636;0;1;0;0;1.0752;0.9933;1;1;0.9742;0.1608;0.9972;0.999;1;0.9659;0.7845;0.999;0.999;1;0.999;0.999;0.9895;0.94;0.126;2.7349;2.8764;0.0173;0.0002;0.4114;0.0171;0.0608;0.0122;0;0;0.088;2.1637;0;0;0;0;0;0;0;0;0;0;0;0;0.0489;0.0189;2.2895;2.2895;0;65.586;65.586;47.816;0.0503;2475;925.05;1;0.0377;0.0377;0;0;0;0;0;0;2.2517;2.1637;0;15.743;18.23;14.878;17.229;98.352;98.352;23.064;19.307;18.247;3.7566;1.0604;0.1629;0.046;0.7911;30.2;0.7471;0
06/10/21 11:00;59.958;-7.8795;29.73;85.467;4.5331;-90;-4.5331;982.81;162.2;820.6;19.02;3.4;0;823.18;49.966;112.51;0;0.3074;985.96;0;985.96;823.18;112.51;49.966;0.3074;0.8349;0.051;0;0.0003;985.61;0.3563;0;0;0.1002;0.2561;981.46;3.1558;0.8445;0.1154;2.1845;0.0114;984.62;0.9856;0.8232;0.1125;0.0499;0.0001;981.49;821.51;112.28;47.631;0.0399;578.5;465.69;180.7;0.0002;6.1252;88.108;0.0231;94.233;0;1;0;0;1.0032;0.9996;1;1;0.998;0.167;0.9968;0.999;1;0.9561;0.777;0.999;0.999;1;0.999;0.999;0.9954;0.9533;0.1297;2.806;2.9846;0.018;0.0014;0.4579;0.0176;0.0622;0.0141;0;0;0.088;2.2163;0;0;0;0;0;0;0;0;0;0;0;0;0.0501;0.0203;2.343;2.343;0;68.491;68.491;49.47;0.0504;2569.1;911.98;1;0.0387;0.0387;0;0;0;0;0;0;2.3043;2.2163;0;15.703;18.183;14.854;17.2;98.348;98.348;23.663;19.759;18.69;3.9045;1.0685;0.165;0.0452;0.7898;29.656;0.7403;0
06/10/21 12:00;58.485;21.409;29.121;77.384;12.616;90;12.616;1037.7;171.2;866.5;19.41;3.24;0;887.93;43.737;130.07;0;2.5053;1064.2;0;1064.2;887.93;130.07;43.737;2.5053;0.8343;0.0435;0;0.0024;1061.7;2.5522;0;0;0.4671;2.0851;1057.8;2.8133;0.8922;0.1307;1.6958;0.0946;1060.6;1.0617;0.8879;0.1301;0.0433;0.0004;1058.3;886.15;129.81;41.531;0.3252;602.14;484.72;189.93;0.0309;6.2577;90.014;0.5141;96.241;0;1;0;0;1.0256;0.9976;1;1;0.9893;0.1677;0.9973;0.999;1;0.9608;0.7747;0.999;0.999;1;0.999;0.999;0.994;0.9496;0.1298;3.0288;3.2083;0.0193;0.005;0.5428;0.0185;0.0656;0.0141;0;0;0.088;2.3377;0;0;0;0;0;0;0;0;0;0;0;0;0.0528;0.0234;2.4668;2.4668;0;72.928;72.928;53.519;0.0506;2762.8;892.88;1;0.0412;0.0412;0;0;0;0;0;0;2.4257;2.3377;0;15.317;17.736;14.515;16.808;98.331;98.331;25.542;20.803;19.714;4.7388;1.0892;0.1855;0.0426;0.7718;26.407;0.7259;0
06/10/21 13:00;51.71;44.88;26.045;60.879;29.121;90;29.121;798.69;167.4;631.29;19.87;3.0299;0;722.63;64.816;112.42;0;10.096;909.97;0;909.97;722.63;112.42;64.816;10.096;0.7941;0.0823;0;0.0111;898.41;11.554;0;0;2.7427;8.8113;894.5;3.0123;0.6494;0.101;2.0268;0.235;897.52;0.8984;0.7226;0.1124;0.0621;0.0013;897.16;721.26;112.21;59.985;1.0482;429.34;345.62;136.65;0.8877;4.4384;63.845;2.6564;67.395;0;1;0;0;1.1393;0.9873;1;1;0.9577;0.1272;0.9966;0.9991;1;0.9673;0.8168;0.999;0.999;1;0.999;0.999;0.983;0.9255;0.1038;2.5897;2.6947;0.0162;-0.0013;0.3787;0.0161;0.0571;0.0104;0;0;0.088;2.0322;0;0;0;0;0;0;0;0;0;0;0;0;0.046;0.0167;2.1547;2.1547;0;64.82;64.82;44.95;0.0503;2320.2;928.7;1;0.0346;0.0346;0;0;0;0;0;0;2.1202;2.0322;0;15.647;18.119;14.757;17.088;98.395;98.395;21.839;18.171;17.137;3.668;1.0338;0.168;0.0473;0.7847;42.466;0.7455;0
06/10/21 14:00;41.867;61.406;20.88;45.587;44.413;90;44.413;771.5;127.3;644.2;20.6;2.9499;0;901.85;32.289;125.47;0;22.041;1081.7;0;1081.7;901.85;125.47;32.289;22.041;0.8338;0.0502;0;0.0204;1058.6;23.045;0;0;2.6226;20.422;1055.7;1.8107;0.6498;0.0904;0.9654;0.1051;1057.5;1.0586;0.9018;0.1255;0.0297;0.0016;1061.3;900.3;125.26;28.672;1.5116;336.22;270.66;103.87;1.8901;3.7577;54.052;5.5957;55.92;0;1;0;0;1.402;0.9787;1;1;0.9188;0.0734;0.9983;0.9993;1;0.9674;0.935;0.999;0.999;1;0.999;0.999;0.976;0.888;0.0686;3.0783;3.1448;0.0189;0.0039;0.5454;0.018;0.064;0.0084;0;0;0.088;2.2844;0;0;0;0;0;0;0;0;0;0;0;0;0.0515;0.0226;2.4122;2.4122;0;74.063;74.063;53.463;0.0506;2711.4;889.63;1;0.0398;0.0398;0;0;0;0;0;0;2.3724;2.2844;0;14.736;17.064;13.955;16.16;98.35;98.35;25.96;20.342;19.264;5.6176;1.0777;0.2164;0.0415;0.7421;23.902;0.7153;0
06/10/21 15:00;30.535;73.522;14.141;31.597;58.403;90;58.403;540.7;113.7;427;21.31;2.81;0;814.96;33.525;133.04;0;25.74;1007.3;0;1007.3;814.96;133.04;33.525;25.74;0.8091;0.0588;0;0.0256;979.11;28.153;0;0;4.0529;24.101;976.54;1.5872;0.3977;0.0649;1.0285;0.0961;978.13;0.9791;0.815;0.133;0.0295;0.0016;980.96;813.75;132.84;28.415;1.5419;136.38;109.79;42.901;5.0965;1.7558;25.256;4.4113;21.915;0;1;0;0;1.8629;0.972;1;1;0.8791;0.0637;0.9984;0.9995;1;0.9651;0.9413;0.999;0.999;1;0.999;0.999;0.9695;0.8476;0.0599;2.8666;2.8572;0.0172;0;0.461;0.0167;0.0591;0.004;0;0;0.088;2.109;0;0;0;0;0;0;0;0;0;0;0;0;0.0476;0.0188;2.2329;2.2329;0;70.618;70.618;49.308;0.0505;2465;905.86;1;0.036;0.036;0;0;0;0;0;0;2.197;2.109;0;14.649;16.963;13.836;16.021;98.39;98.39;24.174;18.831;17.785;5.3437;1.0453;0.221;0.0432;0.7357;28.648;0.7222;0
06/10/21 16:00;18.526;83.314;39.591;18.644;32.192;90;32.192;244.4;163.4;80.999;19.88;2.03;0;196.45;122.79;73.689;0;3.7573;396.68;0;396.68;196.45;73.689;122.79;3.7573;0.4952;0.319;0;0.0095;387.26;9.4219;0;0;6.0935;3.3285;381.23;5.6419;1.3042;0.4892;3.7786;0.0699;386.87;0.3873;0.1964;0.0737;0.1167;0.0004;381.88;194.94;73.126;112.8;0.3584;82.746;66.61;26.314;2.3734;1.0001;14.385;0.6444;13.012;0;1;0;0;1.6231;0.9762;1;1;0.9504;0.1141;0.9854;0.9934;1;0.9676;0.8368;0.999;0.999;1;0.999;0.999;0.961;0.9187;0.0954;1.1289;1.1214;0.0068;0.0105;0.0547;0.0073;0.0261;0.0026;0;0;0.088;0.8856;0;0;0;0;0;0;0;0;0;0;0;0;0.021;0.0033;0.9893;0.9893;0;38.686;38.686;18.806;0.0493;964.89;1025.3;1;0.0157;0.0157;0;0;0;0;0;0;0.9736;0.8856;0;16.48;19.083;14.752;17.083;98.414;98.414;9.5204;8.3427;7.4683;1.1776;0.8744;0.1237;0.0918;0.7845;82.2;0.7637;0
06/10/21 17:00;6.2801;92.087;74.615;6.2842;9.1108;90;9.1108;13.596;13.596;0;17.98;2.3899;0;0;13.51;0;0;0.0172;13.527;0;13.527;0;0;13.51;0.0172;0;1;0;0.0013;13.429;0.098;0;0;0.0837;0.0143;12.86;0.5561;0;0;0.5554;0.0006;13.416;0.0134;0;0;0.0134;0;12.863;0;0;12.858;0.0022;8.0817;6.5058;2.4039;0.0027;0.0936;1.3462;0.0027;1.437;0;1;0;0;0.995;0.9928;1;1;0.9938;0.1678;0.9586;1;1;0.9586;0.7751;0.999;1;1;0.999;0.999;0.9507;0.9517;0.1299;0.0385;0.0395;0.0002;0.0069;-0.0009;0.0002;0.0008;0.0002;0;0;0.088;-0.0594;0;0;0;0;0;0;0;0;0;0;0;0;0.0007;0;0.0312;0.0312;0;18.629;18.629;0.6492;0.0505;32.057;974.67;1;0.0027;0.0027;0;0;0;0;0;0;0.0286;-0.0594;0;15.263;17.674;-29.02;-33.605;91.506;91.506;0.3247;0.2635;-0.501;0.0612;0.7645;0.1884;2.3548;0;8.0817;0;0
06/10/21 18:00;0.1644;96.381;89.601;0.1654;0.2358;90;0.2358;0;0;0;13.43;2.67;0;0;0;0;0;0;0;0;0;0;0;0;0;1;1;1;1;0;0;0;0;0;0;0;0;0;0;0;0;0;0;0;0;0;0;0;0;0;0;0;0;0;0;0;0;0;0;0;0;0;0;0;1;1;1;1;1;1;1;1;1;1;1;1;1;1;1;1;1;1;1;0;0;0;0;0;0;0;0;0;0.0004;0.088;-0.0884;0;0;0;0;0;0;0;0;0;0;0;0;0;0;0;0;0;0;0;-13.43;0;0;0;0;0.0004;0;0;0;0;0;0;0;-0.0004;-0.0884;0;0;0;0;0;0;0;0;0;-0.7452;0;0.7452;1;1;0;0;0;0
06/10/21 19:00;0;0;90;0;0;90;0;0;0;0;12.94;3.1701;0;0;0;0;0;0;0;0;0;0;0;0;0;1;1;1;1;0;0;0;0;0;0;0;0;0;0;0;0;0;0;0;0;0;0;0;0;0;0;0;0;0;0;0;0;0;0;0;0;0;0;0;1;1;1;1;1;1;1;1;1;1;1;1;1;1;1;1;1;1;1;0;0;0;0;0;0;0;0;0;0.0004;0.088;-0.0884;0;0;0;0;0;0;0;0;0;0;0;0;0;0;0;0;0;0;0;-12.94;0;0;0;0;0.0004;0;0;0;0;0;0;0;-0.0004;-0.0884;0;0;0;0;0;0;0;0;0;-0.7452;0;0.7452;1;1;0;0;0;0
06/10/21 20:00;0;0;90;0;0;90;0;0;0;0;11.91;3.47;0;0;0;0;0;0;0;0;0;0;0;0;0;1;1;1;1;0;0;0;0;0;0;0;0;0;0;0;0;0;0;0;0;0;0;0;0;0;0;0;0;0;0;0;0;0;0;0;0;0;0;0;1;1;1;1;1;1;1;1;1;1;1;1;1;1;1;1;1;1;1;0;0;0;0;0;0;0;0;0;0.0004;0.088;-0.0884;0;0;0;0;0;0;0;0;0;0;0;0;0;0;0;0;0;0;0;-11.91;0;0;0;0;0.0004;0;0;0;0;0;0;0;-0.0004;-0.0884;0;0;0;0;0;0;0;0;0;-0.7452;0;0.7452;1;1;0;0;0;0
06/10/21 21:00;0;0;90;0;0;90;0;0;0;0;11.99;3.87;0;0;0;0;0;0;0;0;0;0;0;0;0;1;1;1;1;0;0;0;0;0;0;0;0;0;0;0;0;0;0;0;0;0;0;0;0;0;0;0;0;0;0;0;0;0;0;0;0;0;0;0;1;1;1;1;1;1;1;1;1;1;1;1;1;1;1;1;1;1;1;0;0;0;0;0;0;0;0;0;0.0004;0.088;-0.0884;0;0;0;0;0;0;0;0;0;0;0;0;0;0;0;0;0;0;0;-11.99;0;0;0;0;0.0004;0;0;0;0;0;0;0;-0.0004;-0.0884;0;0;0;0;0;0;0;0;0;-0.7452;0;0.7452;1;1;0;0;0;0
06/10/21 22:00;0;0;90;0;0;90;0;0;0;0;12.25;4.64;0;0;0;0;0;0;0;0;0;0;0;0;0;1;1;1;1;0;0;0;0;0;0;0;0;0;0;0;0;0;0;0;0;0;0;0;0;0;0;0;0;0;0;0;0;0;0;0;0;0;0;0;1;1;1;1;1;1;1;1;1;1;1;1;1;1;1;1;1;1;1;0;0;0;0;0;0;0;0;0;0.0004;0.088;-0.0884;0;0;0;0;0;0;0;0;0;0;0;0;0;0;0;0;0;0;0;-12.25;0;0;0;0;0.0004;0;0;0;0;0;0;0;-0.0004;-0.0884;0;0;0;0;0;0;0;0;0;-0.7452;0;0.7452;1;1;0;0;0;0
06/10/21 23:00;0;0;90;0;0;90;0;0;0;0;12.23;5.3301;0;0;0;0;0;0;0;0;0;0;0;0;0;1;1;1;1;0;0;0;0;0;0;0;0;0;0;0;0;0;0;0;0;0;0;0;0;0;0;0;0;0;0;0;0;0;0;0;0;0;0;0;1;1;1;1;1;1;1;1;1;1;1;1;1;1;1;1;1;1;1;0;0;0;0;0;0;0;0;0;0.0004;0.088;-0.0884;0;0;0;0;0;0;0;0;0;0;0;0;0;0;0;0;0;0;0;-12.23;0;0;0;0;0.0004;0;0;0;0;0;0;0;-0.0004;-0.0884;0;0;0;0;0;0;0;0;0;-0.7452;0;0.7452;1;1;0;0;0;0
07/10/21 00:00;0;0;90;0;0;90;0;0;0;0;13.15;6.19;0;0;0;0;0;0;0;0;0;0;0;0;0;1;1;1;1;0;0;0;0;0;0;0;0;0;0;0;0;0;0;0;0;0;0;0;0;0;0;0;0;0;0;0;0;0;0;0;0;0;0;0;1;1;1;1;1;1;1;1;1;1;1;1;1;1;1;1;1;1;1;0;0;0;0;0;0;0;0;0;0.0004;0.088;-0.0884;0;0;0;0;0;0;0;0;0;0;0;0;0;0;0;0;0;0;0;-13.15;0;0;0;0;0.0004;0;0;0;0;0;0;0;-0.0004;-0.0884;0;0;0;0;0;0;0;0;0;-0.7452;0;0.7452;1;1;0;0;0;0
07/10/21 01:00;0;0;90;0;0;90;0;0;0;0;13.4;6.9201;0;0;0;0;0;0;0;0;0;0;0;0;0;1;1;1;1;0;0;0;0;0;0;0;0;0;0;0;0;0;0;0;0;0;0;0;0;0;0;0;0;0;0;0;0;0;0;0;0;0;0;0;1;1;1;1;1;1;1;1;1;1;1;1;1;1;1;1;1;1;1;0;0;0;0;0;0;0;0;0;0.0004;0.088;-0.0884;0;0;0;0;0;0;0;0;0;0;0;0;0;0;0;0;0;0;0;-13.4;0;0;0;0;0.0004;0;0;0;0;0;0;0;-0.0004;-0.0884;0;0;0;0;0;0;0;0;0;-0.7452;0;0.7452;1;1;0;0;0;0
07/10/21 02:00;0;0;90;0;0;90;0;0;0;0;11.78;6.95;0;0;0;0;0;0;0;0;0;0;0;0;0;1;1;1;1;0;0;0;0;0;0;0;0;0;0;0;0;0;0;0;0;0;0;0;0;0;0;0;0;0;0;0;0;0;0;0;0;0;0;0;1;1;1;1;1;1;1;1;1;1;1;1;1;1;1;1;1;1;1;0;0;0;0;0;0;0;0;0;0.0004;0.088;-0.0884;0;0;0;0;0;0;0;0;0;0;0;0;0;0;0;0;0;0;0;-11.78;0;0;0;0;0.0004;0;0;0;0;0;0;0;-0.0004;-0.0884;0;0;0;0;0;0;0;0;0;-0.7452;0;0.7452;1;1;0;0;0;0
07/10/21 03:00;0;0;90;0;0;90;0;0;0;0;10.76;6.42;0;0;0;0;0;0;0;0;0;0;0;0;0;1;1;1;1;0;0;0;0;0;0;0;0;0;0;0;0;0;0;0;0;0;0;0;0;0;0;0;0;0;0;0;0;0;0;0;0;0;0;0;1;1;1;1;1;1;1;1;1;1;1;1;1;1;1;1;1;1;1;0;0;0;0;0;0;0;0;0;0.0004;0.088;-0.0884;0;0;0;0;0;0;0;0;0;0;0;0;0;0;0;0;0;0;0;-10.76;0;0;0;0;0.0004;0;0;0;0;0;0;0;-0.0004;-0.0884;0;0;0;0;0;0;0;0;0;-0.7452;0;0.7452;1;1;0;0;0;0
07/10/21 04:00;0;0;90;0;0;90;0;0;0;0;10.1;5.1701;0;0;0;0;0;0;0;0;0;0;0;0;0;1;1;1;1;0;0;0;0;0;0;0;0;0;0;0;0;0;0;0;0;0;0;0;0;0;0;0;0;0;0;0;0;0;0;0;0;0;0;0;1;1;1;1;1;1;1;1;1;1;1;1;1;1;1;1;1;1;1;0;0;0;0;0;0;0;0;0;0.0004;0.088;-0.0884;0;0;0;0;0;0;0;0;0;0;0;0;0;0;0;0;0;0;0;-10.1;0;0;0;0;0.0004;0;0;0;0;0;0;0;-0.0004;-0.0884;0;0;0;0;0;0;0;0;0;-0.7452;0;0.7452;1;1;0;0;0;0
07/10/21 05:00;3.1682;-94.734;82.297;3.1791;4.5505;-90;-4.5505;6.9934;6.9934;0;9.2302;3.96;0;0;6.9824;0;0;0.0022;6.9846;6.9846;0;0;0;0;0;1;1;1;1;0;0;0;0;0;0;0;0;0;0;0;0;0;0;0;0;0;0;0;0;0;0;0;0;0;0;0;0;0;0;0;0;0;0;0;0;1;1;1;1;1;1;1;1;1;1;1;1;1;0;0;1;0;0;0;0;0;0;0;0;0;0;0;0.0004;0.088;-0.0884;0;0;0;0;0;0;0;0;0;0;0;0;0;0;0;0;0;0;0;-9.2302;0;0;0;0;0.0004;0;0;0;0;0;0;0;-0.0004;-0.0884;0;0;0;0;0;0;0;0;0;-0.7452;0;0.7452;1;1;0;0;0;0
07/10/21 06:00;12.361;-88.28;58.723;12.366;18.926;-90;-18.926;173;33;140;12.02;4.1301;0;339.53;16.8;38.158;0;0.9352;395.43;0;395.43;339.53;38.158;16.8;0.9352;0.8587;0.0449;0;0.0024;394.3;1.1332;0;0;0.3539;0.7794;381.11;12.789;10.946;1.2301;0.5781;0.0344;393.9;0.3943;0.3395;0.0382;0.0164;0.0002;381.13;328.25;36.89;15.852;0.1213;11.149;8.9753;3.5032;0.0496;0.1199;1.7253;0.0226;1.7957;0;1;0;0;2.2857;0.9971;1;1;0.9789;0.1667;0.9675;0.9677;1;0.9648;0.7788;0.999;0.999;1;0.999;0.999;0.9638;0.9435;0.1297;1.1254;1.0939;0.0066;0.0109;0.0221;0.0074;0.0262;0.0003;0;0;0.088;0.892;0;0;0;0;0;0;0;0;0;0;0;0;0.0211;0.0031;0.9963;0.9963;0;30.696;30.696;18.676;0.049;940.41;1059.4;1;0.0163;0.0163;0;0;0;0;0;0;0.98;0.892;0;16.649;19.279;14.906;17.261;98.367;98.367;9.4903;8.4018;7.5225;1.0885;0.8793;0.1147;0.0927;0.7927;10.386;0.7901;0
07/10/21 07:00;24.544;-79.166;11.059;24.936;60;-90;-60;390.3;68.901;321.4;14.95;5.1899;0;759.35;22.527;91.823;0;19.515;893.22;0;893.22;759.35;91.823;22.527;19.515;0.8501;0.0471;0;0.0218;872.23;20.987;0;0;2.8223;18.164;870.25;1.1089;0.2898;0.035;0.6965;0.0876;871.36;0.8722;0.7594;0.0918;0.0197;0.0014;871.37;758.3;91.696;18.989;1.2618;30.642;24.667;10.738;3.7711;0.4938;7.1024;1.1212;3.8251;0;1;0;0;2.2885;0.9765;1;1;0.8747;0.0692;0.9987;0.9996;1;0.9646;0.9351;0.999;0.999;1;0.999;0.999;0.9743;0.8429;0.0647;2.542;2.5073;0.0151;-0.002;0.2954;0.0154;0.0546;0.0012;0;0;0.088;1.9477;0;0;0;0;0;0;0;0;0;0;0;0;0.044;0.0147;2.069;2.069;0;58.454;58.454;43.504;0.05;2165;955.66;1;0.0332;0.0332;0;0;0;0;0;0;2.0357;1.9477;0;15.306;17.724;14.409;16.686;98.394;98.394;21.437;17.448;16.426;3.9894;1.0223;0.1861;0.0477;0.7662;19.617;0.7617;0
07/10/21 08:00;36.321;-68.488;17.184;38.315;51.685;-90;-51.685;601.39;99.3;502.09;15.8;5.85;0;809.85;30.726;98.982;0;22.854;962.41;0;962.41;809.85;98.982;30.726;22.854;0.8415;0.0557;0;0.0237;938.05;24.368;0;0;3.1009;21.267;935.58;1.5269;0.4802;0.0587;0.9234;0.0646;937.11;0.938;0.8099;0.099;0.0276;0.0016;940.43;808.56;98.824;26.674;1.5213;214.97;173.05;65.523;3.0387;2.5792;37.101;4.8491;36.641;0;1;0;0;1.6003;0.9747;1;1;0.8991;0.0695;0.9984;0.9994;1;0.9665;0.9593;0.999;0.999;1;0.999;0.999;0.9721;0.8681;0.0666;2.739;2.765;0.0167;-0.0008;0.3674;0.0167;0.0591;0.0061;0;0;0.088;2.1099;0;0;0;0;0;0;0;0;0;0;0;0;0.0476;0.0176;2.2346;2.2346;0;62.734;62.734;46.934;0.0502;2382.8;937.8;1;0.0367;0.0367;0;0;0;0;0;0;2.1979;2.1099;0;15.343;17.766;14.486;16.775;98.357;98.357;23.098;18.844;17.793;4.2535;1.0517;0.1841;0.0455;0.7703;24.406;0.7487;0
07/10/21 09:00;47.116;-54.595;23.22;52.875;37.125;-90;-37.125;771.69;127.1;644.6;16.58;6.56;0;808.46;40.966;102.23;0;15.641;967.3;0;967.3;808.46;102.23;40.966;15.641;0.8358;0.0585;0;0.0162;950.66;16.641;0;0;2.5351;14.106;947.55;2.1522;0.6478;0.0819;1.2402;0.1824;949.71;0.9507;0.8085;0.1022;0.0384;0.0015;951.86;807;102.05;37.153;1.3512;380.94;306.66;121.14;1.2959;3.9779;57.22;4.3044;59.902;0;1;0;0;1.2535;0.9828;1;1;0.9381;0.0981;0.9977;0.9992;1;0.9677;0.8811;0.999;0.999;1;0.999;0.999;0.9796;0.9069;0.0864;2.7529;2.838;0.0171;-0.0002;0.3916;0.017;0.0603;0.0093;0;0;0.088;2.1503;0;0;0;0;0;0;0;0;0;0;0;0;0.0486;0.0185;2.2758;2.2758;0;64.171;64.171;47.591;0.0502;2443;931.57;1;0.0376;0.0376;0;0;0;0;0;0;2.2383;2.1503;0;15.547;18.003;14.689;17.01;98.35;98.35;23.215;19.192;18.133;4.0229;1.0589;0.1733;0.0456;0.7811;28.488;0.748;0
07/10/21 10:00;55.804;-34.949;27.43;68.732;21.268;-90;-21.268;858.7;145.6;713.1;17.18;7.3101;0;765.22;52.244;98.201;0;5.8484;921.51;0;921.51;765.22;98.201;52.244;5.8484;0.8304;0.063;0;0.0063;915.28;6.2364;0;0;1.3319;4.9045;911.6;2.7594;0.7243;0.0929;1.7384;0.2038;914.36;0.9153;0.7652;0.0982;0.0509;0.0009;913.02;763.73;98.009;49.122;0.7392;483.02;388.83;151.9;0.2351;5.0632;72.833;1.4191;77.661;0;1;0;0;1.0731;0.9932;1;1;0.9745;0.1614;0.997;0.9991;1;0.9658;0.7839;0.999;0.999;1;0.999;0.999;0.9892;0.9403;0.1264;2.6226;2.7581;0.0166;-0.0009;0.3684;0.0166;0.0589;0.0119;0;0;0.088;2.0972;0;0;0;0;0;0;0;0;0;0;0;0;0.0475;0.0175;2.2216;2.2216;0;62.918;62.918;45.738;0.0502;2373.8;935.86;1;0.0363;0.0363;0;0;0;0;0;0;2.1852;2.0972;0;15.93;18.447;15.039;17.414;98.364;98.364;22.116;18.735;17.686;3.3817;1.0486;0.1529;0.0474;0.7997;32.665;0.755;0
07/10/21 11:00;60.347;-7.8173;29.351;85.572;4.4279;-90;-4.4279;952.29;157.1;795.19;17.82;7.6;0;797.57;52.223;105.11;0;0.2842;955.19;0;955.19;797.57;105.11;52.223;0.2842;0.835;0.055;0;0.0003;954.85;0.3378;0;0;0.101;0.2368;950.69;3.2107;0.8078;0.1065;2.2859;0.0106;953.9;0.9549;0.7976;0.1051;0.0521;0;950.71;795.97;104.9;49.784;0.0368;560.61;451.29;175.07;0.0001;5.9384;85.422;0.0201;91.36;0;1;0;0;1.003;0.9996;1;1;0.9981;0.167;0.9966;0.999;1;0.9561;0.7771;0.999;0.999;1;0.999;0.999;0.9953;0.9533;0.1296;2.7184;2.8911;0.0174;0.0003;0.4139;0.0172;0.0611;0.0138;0;0;0.088;2.1732;0;0;0;0;0;0;0;0;0;0;0;0;0.0492;0.0191;2.2991;2.2991;0;65.625;65.625;47.806;0.0503;2487;924.47;1;0.038;0.038;0;0;0;0;0;0;2.2612;2.1732;0;15.905;18.418;15.034;17.409;98.349;98.349;22.925;19.389;18.327;3.5357;1.0622;0.1542;0.0463;0.7994;30.993;0.7493;0
07/10/21 12:00;58.827;21.767;28.732;77.355;12.645;90;12.645;971.1;160.2;810.91;18.56;7.3901;0;831.06;48.912;113.44;0;2.3553;995.77;0;995.77;831.06;113.44;48.912;2.3553;0.8346;0.0515;0;0.0024;993.28;2.4847;0;0;0.5244;1.9603;989.37;2.9207;0.8239;0.1125;1.8954;0.0889;992.29;0.9933;0.8311;0.1134;0.0484;0.0004;989.85;829.41;113.21;46.444;0.3057;563.59;453.69;177.69;0.0348;5.8627;84.333;0.4835;90.161;0;1;0;0;1.0254;0.9975;1;1;0.9893;0.1677;0.9971;0.999;1;0.9608;0.7747;0.999;0.999;1;0.999;0.999;0.9936;0.9495;0.1298;2.8339;3.001;0.0181;0.0017;0.4596;0.0177;0.0626;0.0135;0;0;0.088;2.2299;0;0;0;0;0;0;0;0;0;0;0;0;0.0504;0.0206;2.3569;2.3569;0;68.427;68.427;49.866;0.0504;2583.6;912.27;1;0.039;0.039;0;0;0;0;0;0;2.3179;2.2299;0;15.641;18.112;14.798;17.135;98.343;98.343;23.898;19.876;18.805;4.0222;1.0714;0.1683;0.0448;0.7869;29.533;0.7399;0
07/10/21 13:00;51.978;45.338;25.657;60.919;29.081;90;29.081;877.49;144.4;733.09;18.23;7.0801;0;838.84;43.509;112.1;0;11.062;1005.5;0;1005.5;838.84;112.1;43.509;11.062;0.8342;0.0543;0;0.011;994.02;11.49;0;0;1.837;9.6526;990.56;2.4609;0.7426;0.0992;1.3609;0.2582;993.02;0.994;0.8388;0.1121;0.0417;0.0014;993.46;837.26;111.88;40.269;1.1497;469.38;377.85;149.49;0.5941;4.8217;69.358;2.8942;73.586;0;1;0;0;1.1459;0.9886;1;1;0.9578;0.1274;0.9975;0.9991;1;0.9673;0.8166;0.999;0.999;1;0.999;0.999;0.9851;0.9255;0.1039;2.8616;2.9813;0.018;0.0014;0.4536;0.0176;0.0623;0.0111;0;0;0.088;2.2201;0;0;0;0;0;0;0;0;0;0;0;0;0.0502;0.0203;2.3469;2.3469;0;68.145;68.145;49.915;0.0504;2567.7;914;1;0.0388;0.0388;0;0;0;0;0;0;2.3081;2.2201;0;15.423;17.86;14.59;16.895;98.345;98.345;24.132;19.792;18.722;4.3404;1.0697;0.1799;0.0443;0.7758;28.498;0.7377;0
07/10/21 14:00;42.077;61.847;20.5;45.68;44.32;90;44.32;644.41;187.9;456.51;18.37;6.73;0;638.08;81.125;130.43;0;18.337;867.97;0;867.97;638.08;130.43;81.125;18.337;0.7351;0.1146;0;0.0211;844.42;23.557;0;0;6.569;16.988;840.51;3.0577;0.4514;0.0923;2.4258;0.0883;843.57;0.8444;0.6381;0.1304;0.0746;0.0013;845.39;636.99;130.21;72.056;1.2598;294.51;237.08;92.053;4.7055;3.4202;49.199;4.8722;47.913;0;1;0;0;1.3469;0.9729;1;1;0.919;0.0736;0.9964;0.9993;1;0.9674;0.9345;0.999;0.999;1;0.999;0.999;0.9684;0.8882;0.0687;2.4702;2.5173;0.0152;-0.0019;0.3147;0.0153;0.0544;0.0081;0;0;0.088;1.9323;0;0;0;0;0;0;0;0;0;0;0;0;0.0438;0.0147;2.053;2.053;0;60.458;60.458;42.087;0.0501;2169.9;946.13;1;0.0327;0.0327;0;0;0;0;0;0;2.0203;1.9323;0;15.63;18.099;14.711;17.035;98.406;98.406;20.831;17.313;16.295;3.518;1.0181;0.1689;0.0489;0.7822;60.003;0.7504;0
07/10/21 15:00;30.712;73.926;13.771;31.725;58.275;90;58.275;522;131.3;390.7;17.57;6.25;0;743.01;44.306;139.26;0;24.752;951.33;0;951.33;743.01;139.26;44.306;24.752;0.781;0.0726;0;0.026;922.81;28.515;0;0;5.3394;23.176;920.02;1.869;0.3531;0.0662;1.3585;0.0913;921.89;0.9228;0.743;0.1393;0.039;0.0016;924.19;741.91;139.05;37.57;1.4826;139.74;112.49;45.784;6.6811;1.775;25.533;4.1665;20.627;0;1;0;0;1.8225;0.97;1;1;0.8795;0.0637;0.998;0.9995;1;0.9651;0.942;0.999;0.999;1;0.999;0.999;0.9671;0.8479;0.0599;2.7074;2.6953;0.0162;-0.0013;0.3684;0.0162;0.0574;0.0042;0;0;0.088;2.048;0;0;0;0;0;0;0;0;0;0;0;0;0.0462;0.0168;2.1711;2.1711;0;63.762;63.762;46.192;0.0502;2324.2;934.16;1;0.0351;0.0351;0;0;0;0;0;0;2.136;2.048;0;15.081;17.463;14.226;16.473;98.383;98.383;22.832;18.31;17.271;4.5223;1.0381;0.1981;0.0455;0.7565;37.805;0.7416;0
07/10/21 16:00;18.687;83.689;39.01;18.793;32.586;90;32.586;213.49;169.3;44.195;16.65;4.64;0;107.19;140.29;41.291;0;3.3607;292.13;0;292.13;107.19;41.291;140.29;3.3607;0.3669;0.4917;0;0.0115;282.05;10.08;0;0;7.0969;2.9828;276.46;5.3054;0.6752;0.2601;4.3096;0.0605;281.76;0.282;0.1072;0.0413;0.1332;0.0004;277.22;106.4;40.989;128.75;0.317;94.485;76.061;30.045;2.8273;1.1497;16.538;0.7596;14.86;0;1;0;0;1.3683;0.9655;1;1;0.9494;0.1124;0.9812;0.9937;1;0.9676;0.8397;0.999;0.999;1;0.999;0.999;0.9464;0.9177;0.0943;0.8314;0.8263;0.005;0.0145;0.0154;0.0055;0.0196;0.003;0;0;0.088;0.645;0;0;0;0;0;0;0;0;0;0;0;0;0.0158;0.0019;0.7455;0.7455;0;30.22;30.22;13.57;0.0491;707.9;1053.1;1;0.0125;0.0125;0;0;0;0;0;0;0.733;0.645;0;16.864;19.528;14.59;16.895;98.323;98.323;7.011;6.2869;5.4394;0.7241;0.8476;0.1033;0.1209;0.7758;94.185;0.7443;0
07/10/21 17:00;6.4374;92.446;74.222;6.4433;9.3498;90;9.3498;83.491;71.502;11.989;15.24;3.1199;0;29.077;65.49;13.518;0;0.1109;108.2;0;108.2;29.077;13.518;65.49;0.1109;0.2687;0.6063;0;0.001;107.68;0.516;0;0;0.4237;0.0923;97.635;9.937;4.9494;2.3011;2.6823;0.0042;107.57;0.1077;0.0291;0.0135;0.0651;0;97.649;24.098;11.204;62.319;0.0144;39.283;31.622;11.703;0.0146;0.4538;6.5275;0.0139;6.9667;0;1;0;0;1.2959;0.9952;1;1;0.9935;0.1678;0.9076;0.8296;1;0.9587;0.775;0.999;0.999;1;0.999;0.999;0.9024;0.9516;0.1299;0.3079;0.2925;0.0018;0.0164;-0.0053;0.002;0.0069;0.0012;0;0;0.088;0.1686;0;0;0;0;0;0;0;0;0;0;0;0;0.0056;0.0003;0.2635;0.2635;0;20.035;20.035;4.7956;0.0491;249.16;1057.7;1;0.0069;0.0069;0;0;0;0;0;0;0.2566;0.1686;0;16.095;18.638;10.3;11.927;97.385;97.385;2.5967;2.2225;1.4222;0.3742;0.8002;0.1441;0.3082;0.5477;39.196;0.524;0
07/10/21 18:00;0.1216;96.88;89.705;0.1225;0.1746;90;0.1746;0;0;0;12.46;2.84;0;0;0;0;0;0;0;0;0;0;0;0;0;1;1;1;1;0;0;0;0;0;0;0;0;0;0;0;0;0;0;0;0;0;0;0;0;0;0;0;0;0;0;0;0;0;0;0;0;0;0;0;1;1;1;1;1;1;1;1;1;1;1;1;1;1;1;1;1;1;1;0;0;0;0;0;0;0;0;0;0.0004;0.088;-0.0884;0;0;0;0;0;0;0;0;0;0;0;0;0;0;0;0;0;0;0;-12.46;0;0;0;0;0.0004;0;0;0;0;0;0;0;-0.0004;-0.0884;0;0;0;0;0;0;0;0;0;-0.7452;0;0.7452;1;1;0;0;0;0
07/10/21 19:00;0;0;90;0;0;90;0;0;0;0;11.11;2.76;0;0;0;0;0;0;0;0;0;0;0;0;0;1;1;1;1;0;0;0;0;0;0;0;0;0;0;0;0;0;0;0;0;0;0;0;0;0;0;0;0;0;0;0;0;0;0;0;0;0;0;0;1;1;1;1;1;1;1;1;1;1;1;1;1;1;1;1;1;1;1;0;0;0;0;0;0;0;0;0;0.0004;0.088;-0.0884;0;0;0;0;0;0;0;0;0;0;0;0;0;0;0;0;0;0;0;-11.11;0;0;0;0;0.0004;0;0;0;0;0;0;0;-0.0004;-0.0884;0;0;0;0;0;0;0;0;0;-0.7452;0;0.7452;1;1;0;0;0;0
07/10/21 20:00;0;0;90;0;0;90;0;0;0;0;7.0598;2.7801;0;0;0;0;0;0;0;0;0;0;0;0;0;1;1;1;1;0;0;0;0;0;0;0;0;0;0;0;0;0;0;0;0;0;0;0;0;0;0;0;0;0;0;0;0;0;0;0;0;0;0;0;1;1;1;1;1;1;1;1;1;1;1;1;1;1;1;1;1;1;1;0;0;0;0;0;0;0;0;0;0.0004;0.088;-0.0884;0;0;0;0;0;0;0;0;0;0;0;0;0;0;0;0;0;0;0;-7.0598;0;0;0;0;0.0004;0;0;0;0;0;0;0;-0.0004;-0.0884;0;0;0;0;0;0;0;0;0;-0.7452;0;0.7452;1;1;0;0;0;0
07/10/21 21:00;0;0;90;0;0;90;0;0;0;0;6.1497;2.76;0;0;0;0;0;0;0;0;0;0;0;0;0;1;1;1;1;0;0;0;0;0;0;0;0;0;0;0;0;0;0;0;0;0;0;0;0;0;0;0;0;0;0;0;0;0;0;0;0;0;0;0;1;1;1;1;1;1;1;1;1;1;1;1;1;1;1;1;1;1;1;0;0;0;0;0;0;0;0;0;0.0004;0.088;-0.0884;0;0;0;0;0;0;0;0;0;0;0;0;0;0;0;0;0;0;0;-6.1497;0;0;0;0;0.0004;0;0;0;0;0;0;0;-0.0004;-0.0884;0;0;0;0;0;0;0;0;0;-0.7452;0;0.7452;1;1;0;0;0;0
07/10/21 22:00;0;0;90;0;0;90;0;0;0;0;4.9398;2.6399;0;0;0;0;0;0;0;0;0;0;0;0;0;1;1;1;1;0;0;0;0;0;0;0;0;0;0;0;0;0;0;0;0;0;0;0;0;0;0;0;0;0;0;0;0;0;0;0;0;0;0;0;1;1;1;1;1;1;1;1;1;1;1;1;1;1;1;1;1;1;1;0;0;0;0;0;0;0;0;0;0.0004;0.088;-0.0884;0;0;0;0;0;0;0;0;0;0;0;0;0;0;0;0;0;0;0;-4.9398;0;0;0;0;0.0004;0;0;0;0;0;0;0;-0.0004;-0.0884;0;0;0;0;0;0;0;0;0;-0.7452;0;0.7452;1;1;0;0;0;0
07/10/21 23:00;0;0;90;0;0;90;0;0;0;0;3.7997;2.3999;0;0;0;0;0;0;0;0;0;0;0;0;0;1;1;1;1;0;0;0;0;0;0;0;0;0;0;0;0;0;0;0;0;0;0;0;0;0;0;0;0;0;0;0;0;0;0;0;0;0;0;0;1;1;1;1;1;1;1;1;1;1;1;1;1;1;1;1;1;1;1;0;0;0;0;0;0;0;0;0;0.0004;0.088;-0.0884;0;0;0;0;0;0;0;0;0;0;0;0;0;0;0;0;0;0;0;-3.7997;0;0;0;0;0.0004;0;0;0;0;0;0;0;-0.0004;-0.0884;0;0;0;0;0;0;0;0;0;-0.7452;0;0.7452;1;1;0;0;0;0
08/10/21 00:00;0;0;90;0;0;90;0;0;0;0;3.6003;2.19;0;0;0;0;0;0;0;0;0;0;0;0;0;1;1;1;1;0;0;0;0;0;0;0;0;0;0;0;0;0;0;0;0;0;0;0;0;0;0;0;0;0;0;0;0;0;0;0;0;0;0;0;1;1;1;1;1;1;1;1;1;1;1;1;1;1;1;1;1;1;1;0;0;0;0;0;0;0;0;0;0.0004;0.088;-0.0884;0;0;0;0;0;0;0;0;0;0;0;0;0;0;0;0;0;0;0;-3.6003;0;0;0;0;0.0004;0;0;0;0;0;0;0;-0.0004;-0.0884;0;0;0;0;0;0;0;0;0;-0.7452;0;0.7452;1;1;0;0;0;0
08/10/21 01:00;0;0;90;0;0;90;0;0;0;0;3.0499;1.8399;0;0;0;0;0;0;0;0;0;0;0;0;0;1;1;1;1;0;0;0;0;0;0;0;0;0;0;0;0;0;0;0;0;0;0;0;0;0;0;0;0;0;0;0;0;0;0;0;0;0;0;0;1;1;1;1;1;1;1;1;1;1;1;1;1;1;1;1;1;1;1;0;0;0;0;0;0;0;0;0;0.0004;0.088;-0.0884;0;0;0;0;0;0;0;0;0;0;0;0;0;0;0;0;0;0;0;-3.0499;0;0;0;0;0.0004;0;0;0;0;0;0;0;-0.0004;-0.0884;0;0;0;0;0;0;0;0;0;-0.7452;0;0.7452;1;1;0;0;0;0
08/10/21 02:00;0;0;90;0;0;90;0;0;0;0;2.3997;1.3401;0;0;0;0;0;0;0;0;0;0;0;0;0;1;1;1;1;0;0;0;0;0;0;0;0;0;0;0;0;0;0;0;0;0;0;0;0;0;0;0;0;0;0;0;0;0;0;0;0;0;0;0;1;1;1;1;1;1;1;1;1;1;1;1;1;1;1;1;1;1;1;0;0;0;0;0;0;0;0;0;0.0004;0.088;-0.0884;0;0;0;0;0;0;0;0;0;0;0;0;0;0;0;0;0;0;0;-2.3997;0;0;0;0;0.0004;0;0;0;0;0;0;0;-0.0004;-0.0884;0;0;0;0;0;0;0;0;0;-0.7452;0;0.7452;1;1;0;0;0;0
08/10/21 03:00;0;0;90;0;0;90;0;0;0;0;2.0999;0.9401;0;0;0;0;0;0;0;0;0;0;0;0;0;1;1;1;1;0;0;0;0;0;0;0;0;0;0;0;0;0;0;0;0;0;0;0;0;0;0;0;0;0;0;0;0;0;0;0;0;0;0;0;1;1;1;1;1;1;1;1;1;1;1;1;1;1;1;1;1;1;1;0;0;0;0;0;0;0;0;0;0.0004;0.088;-0.0884;0;0;0;0;0;0;0;0;0;0;0;0;0;0;0;0;0;0;0;-2.0999;0;0;0;0;0.0004;0;0;0;0;0;0;0;-0.0004;-0.0884;0;0;0;0;0;0;0;0;0;-0.7452;0;0.7452;1;1;0;0;0;0
08/10/21 04:00;0;0;90;0;0;90;0;0;0;0;2.0999;1.09;0;0;0;0;0;0;0;0;0;0;0;0;0;1;1;1;1;0;0;0;0;0;0;0;0;0;0;0;0;0;0;0;0;0;0;0;0;0;0;0;0;0;0;0;0;0;0;0;0;0;0;0;1;1;1;1;1;1;1;1;1;1;1;1;1;1;1;1;1;1;1;0;0;0;0;0;0;0;0;0;0.0004;0.088;-0.0884;0;0;0;0;0;0;0;0;0;0;0;0;0;0;0;0;0;0;0;-2.0999;0;0;0;0;0.0004;0;0;0;0;0;0;0;-0.0004;-0.0884;0;0;0;0;0;0;0;0;0;-0.7452;0;0.7452;1;1;0;0;0;0
08/10/21 05:00;3.2426;-95.148;82.115;3.2557;4.6612;-90;-4.6612;9.0055;8.9003;0.1051;1.6;1.5299;0;0.255;8.8736;0.0292;0;0.003;9.1607;0;9.1607;0.255;0.0292;8.8736;0.003;0.0278;0.969;0;0.0003;9.1397;0.0211;0;0;0.0186;0.0025;8.628;0.5025;0.1032;0.0118;0.3874;0.0001;9.1305;0.0091;0.0003;0;0.0089;0;8.6281;0.1515;0.0174;8.4587;0.0004;5.2681;4.2409;1.5618;0;0.0612;0.8807;0.0001;0.9419;0;1;0;0;1.0172;0.9977;1;1;0.9979;0.1671;0.945;0.5949;1;0.9562;0.777;0.999;0.999;1;0.999;0.999;0.9418;0.9533;0.1297;0.0261;0.0264;0.0002;0.0056;-0.002;0.0002;0.0006;0.0001;0;0;0.088;-0.0692;0;0;0;0;0;0;0;0;0;0;0;0;0.0005;0;0.0213;0.0213;0;2.0341;2.0341;0.4341;0.0503;20.746;1029;1;0.0025;0.0025;0;0;0;0;0;0;0.0188;-0.0692;0;15.399;17.832;-49.888;-57.77;88.246;88.246;0.2199;0.18;-0.5832;0.0398;0.7633;0.1811;3.4717;0;5.2676;0;0
08/10/21 06:00;12.638;-88.558;57.953;12.642;19.416;-90;-19.416;181.11;32.502;148.6;5.5501;2.3999;0;360.41;15.95;39.01;0;1.03;416.4;0;416.4;360.41;39.01;15.95;1.03;0.8655;0.0408;0;0.0025;415.19;1.2095;0;0;0.3507;0.8589;402.43;12.342;10.612;1.1486;0.5437;0.0377;414.77;0.4152;0.3604;0.039;0.0156;0.0002;402.45;349.43;37.822;15.04;0.1332;10.69;8.6052;3.3752;0.0515;0.1142;1.6425;0.0229;1.7051;0;1;0;0;2.2992;0.9971;1;1;0.978;0.1661;0.9702;0.9705;1;0.9651;0.7793;0.999;0.999;1;0.999;0.999;0.9665;0.943;0.1293;1.185;1.1547;0.007;0.01;0.0007;0.008;0.0282;0.0003;0;0;0.088;0.9686;0;0;0;0;0;0;0;0;0;0;0;0;0.0227;0.0034;1.0744;1.0744;0;25.174;25.174;19.624;0.0488;991.2;1083.9;1;0.0178;0.0178;0;0;0;0;0;0;1.0566;0.9686;0;17.05;19.744;15.371;17.799;98.343;98.343;9.9935;9.0606;8.1683;0.9329;0.8922;0.0934;0.0893;0.8174;9.8828;0.815;0
08/10/21 07:00;24.827;-79.458;10.685;25.201;60;-90;-60;398;68.901;329.1;7.7797;1.5001;0;770.19;22.165;92.085;0;19.9;904.34;0;904.34;770.19;92.085;22.165;19.9;0.8517;0.0465;0;0.022;883.04;21.299;0;0;2.7769;18.522;881.06;1.0925;0.284;0.034;0.6853;0.0893;882.15;0.883;0.7702;0.0921;0.0194;0.0014;882.18;769.13;91.959;18.684;1.2867;33.954;27.333;12.314;3.7106;0.4897;7.0438;1.1222;3.8229;0;1;0;0;2.2722;0.9764;1;1;0.8747;0.0692;0.9988;0.9996;1;0.9646;0.9351;0.999;0.999;1;0.999;0.999;0.9743;0.8429;0.0647;2.5737;2.5381;0.0153;-0.0019;0.2364;0.016;0.0568;0.0012;0;0;0.088;2.0298;0;0;0;0;0;0;0;0;0;0;0;0;0.0458;0.015;2.1535;2.1535;0;51.576;51.576;43.797;0.0497;2190.6;983.1;1;0.0357;0.0357;0;0;0;0;0;0;2.1178;2.0298;0;15.736;18.222;14.832;17.175;98.342;98.342;21.704;18.161;17.118;3.5431;1.0433;0.1632;0.0481;0.7887;19.302;0.7841;0
08/10/21 08:00;36.621;-68.793;16.877;38.563;51.437;-90;-51.437;608.8;100.3;508.5;11.64;1.38;0;815.72;30.847;99.932;0;22.929;969.43;0;969.43;815.72;99.932;30.847;22.929;0.8414;0.0555;0;0.0237;945;24.424;0;0;3.0914;21.332;942.53;1.525;0.4751;0.0582;0.9265;0.0652;944.06;0.945;0.8157;0.0999;0.0278;0.0016;947.4;814.43;99.774;26.801;1.5297;219.54;176.73;67.135;2.9999;2.6131;37.588;4.8651;37.201;0;1;0;0;1.5924;0.9748;1;1;0.8998;0.0696;0.9984;0.9994;1;0.9666;0.9591;0.999;0.999;1;0.999;0.999;0.9723;0.8688;0.0667;2.7589;2.7859;0.0168;-0.0007;0.3304;0.0171;0.0606;0.0063;0;0;0.088;2.1624;0;0;0;0;0;0;0;0;0;0;0;0;0.0488;0.0179;2.2888;2.2888;0;58.77;58.77;47.13;0.05;2401.1;953.24;1;0.0384;0.0384;0;0;0;0;0;0;2.2504;2.1624;0;15.601;18.066;14.74;17.068;98.323;98.323;23.266;19.302;18.236;3.9645;1.0657;0.1704;0.0458;0.7838;24.439;0.7617;0
08/10/21 09:00;47.447;-54.893;22.887;53.093;36.907;-90;-36.907;777.2;128;649.21;15.05;1.5999;0;811.91;41.218;102.79;0;15.574;971.48;0;971.48;811.91;102.79;41.218;15.574;0.8357;0.0585;0;0.016;954.92;16.56;0;0;2.5273;14.033;951.81;2.1572;0.6412;0.0812;1.2485;0.1864;953.97;0.9549;0.8119;0.1028;0.0387;0.0015;956.1;810.45;102.6;37.403;1.3541;384.71;309.69;122.34;1.2778;4.0154;57.759;4.2835;60.497;0;1;0;0;1.25;0.983;1;1;0.9387;0.099;0.9977;0.9992;1;0.9677;0.879;0.999;0.999;1;0.999;0.999;0.9798;0.9075;0.0869;2.7648;2.8512;0.0172;-0.0001;0.3793;0.0172;0.0609;0.0094;0;0;0.088;2.1733;0;0;0;0;0;0;0;0;0;0;0;0;0.0491;0.0186;2.2995;2.2995;0;62.802;62.802;47.751;0.0502;2454.5;936.86;1;0.0383;0.0383;0;0;0;0;0;0;2.2613;2.1733;0;15.641;18.112;14.782;17.118;98.337;98.337;23.316;19.392;18.327;3.9235;1.0647;0.1683;0.0457;0.7861;28.612;0.7526;0
08/10/21 10:00;56.175;-35.157;27.072;68.901;21.099;-90;-21.099;891.7;146.9;744.79;16.42;1.8499;0;798.31;49.233;102.86;0;5.9779;956.38;0;956.38;798.31;102.86;49.233;5.9779;0.8347;0.0577;0;0.0063;950.13;6.2489;0;0;1.2391;5.0098;946.49;2.6923;0.7458;0.0961;1.6409;0.2095;949.18;0.9501;0.7983;0.1029;0.048;0.001;947.94;796.77;102.66;46.305;0.7576;501.76;403.92;157.78;0.2153;5.2584;75.64;1.4471;80.683;0;1;0;0;1.0725;0.9935;1;1;0.9748;0.1619;0.9972;0.9991;1;0.9658;0.7834;0.999;0.999;1;0.999;0.999;0.9897;0.9405;0.1267;2.7218;2.8636;0.0172;0;0.3927;0.0172;0.0609;0.0123;0;0;0.088;2.1694;0;0;0;0;0;0;0;0;0;0;0;0;0.0491;0.0188;2.2954;2.2954;0;63.948;63.948;47.529;0.0502;2463.3;931.84;1;0.038;0.038;0;0;0;0;0;0;2.2574;2.1694;0;15.86;18.365;14.989;17.357;98.343;98.343;22.953;19.357;18.294;3.5958;1.0629;0.1567;0.0463;0.797;30.756;0.7525;0
08/10/21 11:00;60.734;-7.7573;28.973;85.674;4.3257;-90;-4.3257;941;155;786;17.67;2.1599;0;788.25;53.167;102.04;0;0.2681;943.73;0;943.73;788.25;102.04;53.167;0.2681;0.8352;0.0566;0;0.0003;943.41;0.3225;0;0;0.0992;0.2233;939.23;3.2299;0.7881;0.102;2.3298;0.01;942.46;0.9434;0.7882;0.102;0.0531;0;939.25;786.67;101.84;50.685;0.0347;554.02;445.98;173;0.0001;5.8698;84.435;0.0177;90.305;0;1;0;0;1.0029;0.9997;1;1;0.9981;0.1669;0.9966;0.999;1;0.9561;0.7771;0.999;0.999;1;0.999;0.999;0.9952;0.9533;0.1296;2.6858;2.8564;0.0172;0;0.4013;0.0171;0.0605;0.0137;0;0;0.088;2.1537;0;0;0;0;0;0;0;0;0;0;0;0;0.0488;0.0187;2.2793;2.2793;0;64.87;64.87;47.2;0.0503;2456.4;927.89;1;0.0376;0.0376;0;0;0;0;0;0;2.2417;2.1537;0;15.959;18.481;15.08;17.463;98.352;98.352;22.65;19.221;18.162;3.4282;1.0588;0.1514;0.0467;0.8019;31.549;0.7516;0
08/10/21 12:00;59.168;22.129;28.344;77.329;12.671;90;12.671;927.99;154.2;773.79;18.77;2.4799;0;793.11;52.308;103.77;0;2.2602;951.45;0;951.45;793.11;103.77;52.308;2.2602;0.8336;0.0574;0;0.0024;949.01;2.444;0;0;0.5628;1.8811;945.07;2.9886;0.7757;0.1015;2.0261;0.0853;948.06;0.949;0.7931;0.1038;0.0517;0.0004;945.53;791.54;103.57;49.668;0.2934;538.63;433.6;169.76;0.0374;5.607;80.654;0.4643;86.224;0;1;0;0;1.0253;0.9974;1;1;0.9892;0.1677;0.9968;0.999;1;0.9608;0.7747;0.999;0.999;1;0.999;0.999;0.9933;0.9495;0.1298;2.7078;2.8668;0.0173;0.0001;0.4177;0.017;0.0604;0.013;0;0;0.088;2.1486;0;0;0;0;0;0;0;0;0;0;0;0;0.0486;0.0188;2.2739;2.2739;0;66.32;66.32;47.55;0.0503;2466.6;921.87;1;0.0373;0.0373;0;0;0;0;0;0;2.2366;2.1486;0;15.793;18.287;14.922;17.28;98.36;98.36;22.835;19.176;18.119;3.6588;1.0566;0.1602;0.0463;0.7935;31.587;0.7461;0
08/10/21 13:00;52.244;45.798;25.27;60.961;29.039;90;29.039;834.21;152.3;681.9;19.19;2.73;0;779.95;53.036;109.47;0;10.487;952.94;0;952.94;779.95;109.47;53.036;10.487;0.8185;0.0667;0;0.011;941.56;11.383;0;0;2.2341;9.1489;937.94;2.6803;0.6801;0.0955;1.6592;0.2454;940.62;0.9416;0.7799;0.1095;0.0508;0.0013;940.69;778.49;109.27;49.091;1.0911;447.41;360.16;142.44;0.7199;4.6094;66.305;2.749;70.194;0;1;0;0;1.1423;0.9881;1;1;0.9579;0.1276;0.9972;0.9991;1;0.9673;0.8164;0.999;0.999;1;0.999;0.999;0.9843;0.9256;0.104;2.712;2.8242;0.017;-0.0003;0.4123;0.0168;0.0595;0.0107;0;0;0.088;2.1175;0;0;0;0;0;0;0;0;0;0;0;0;0.0479;0.0183;2.2421;2.2421;0;66.383;66.383;47.193;0.0503;2430.9;922.34;1;0.0365;0.0365;0;0;0;0;0;0;2.2055;2.1175;0;15.547;18.003;14.684;17.003;98.37;98.37;22.871;18.908;17.857;3.963;1.0503;0.1733;0.0459;0.7808;34.729;0.7421;0
08/10/21 14:00;42.287;62.288;20.122;45.773;44.227;90;44.227;685.9;155;530.9;19.64;2.82;0;740.88;56.551;124.35;0;19.44;941.22;0;941.22;740.88;124.35;56.551;19.44;0.7871;0.0807;0;0.0207;918.65;22.571;0;0;4.565;18.006;915.35;2.3864;0.5144;0.0863;1.6911;0.0945;917.73;0.9187;0.7409;0.1244;0.052;0.0014;920.21;739.62;124.14;50.243;1.3378;306.79;246.97;97.451;3.2581;3.3549;48.259;4.8596;48.356;0;1;0;0;1.3722;0.976;1;1;0.9193;0.0738;0.9974;0.9993;1;0.9674;0.934;0.999;0.999;1;0.999;0.999;0.9725;0.8885;0.0688;2.6786;2.7295;0.0164;-0.0011;0.3918;0.0163;0.0576;0.0078;0;0;0.088;2.0539;0;0;0;0;0;0;0;0;0;0;0;0;0.0464;0.0172;2.1769;2.1769;0;65.669;65.669;46.03;0.0503;2351;925.98;1;0.0351;0.0351;0;0;0;0;0;0;2.1419;2.0539;0;15.283;17.698;14.42;16.697;98.389;98.389;22.589;18.358;17.321;4.2309;1.0378;0.1873;0.0459;0.7668;41.791;0.7384;0
08/10/21 15:00;30.888;74.328;13.404;31.853;58.147;90;58.147;485.59;168.7;316.89;19.86;2.73;0;600.47;70.906;143.78;0;22.933;838.09;0;838.09;600.47;143.78;70.906;22.933;0.7165;0.112;0;0.0274;808.1;29.992;0;0;8.5176;21.474;804.69;2.6006;0.2777;0.0665;2.1729;0.0835;807.29;0.8081;0.6005;0.1438;0.0624;0.0015;809.24;599.6;143.57;60.153;1.3737;147.81;118.99;48.171;10.605;2.1243;30.557;4.5579;22.077;0;1;0;0;1.7259;0.9642;1;1;0.8799;0.0636;0.9968;0.9995;1;0.9651;0.9427;0.999;0.999;1;0.999;0.999;0.9601;0.8483;0.0599;2.3851;2.3765;0.0143;-0.002;0.2949;0.0145;0.0514;0.0051;0;0;0.088;1.8251;0;0;0;0;0;0;0;0;0;0;0;0;0.0414;0.0132;1.9438;1.9438;0;60.145;60.145;40.285;0.0501;2050.6;947.92;1;0.0307;0.0307;0;0;0;0;0;0;1.9131;1.8251;0;15.326;17.747;14.39;16.663;98.42;98.42;20.114;16.392;15.391;3.7219;1.001;0.185;0.0498;0.7652;60.412;0.7449;0
08/10/21 16:00;18.847;84.062;38.421;18.941;32.988;90;32.988;237.5;169;68.502;19.46;1.8;0;166.14;131.37;63.327;0;3.8289;364.66;0;364.66;166.14;63.327;131.37;3.8289;0.4556;0.3707;0;0.0105;354.48;10.181;0;0;6.7757;3.4049;348.67;5.4619;0.9894;0.3771;4.0288;0.0666;354.13;0.3545;0.1661;0.0633;0.1246;0.0004;349.41;164.98;62.887;120.44;0.3569;88.924;71.584;28.14;2.7618;1.0974;15.786;0.7479;14.122;0;1;0;0;1.5354;0.9721;1;1;0.9484;0.1107;0.9846;0.994;1;0.9676;0.8427;0.999;0.999;1;0.999;0.999;0.9561;0.9168;0.0932;1.0378;1.0313;0.0062;0.0117;0.0428;0.0068;0.0241;0.0028;0;0;0.088;0.8119;0;0;0;0;0;0;0;0;0;0;0;0;0.0194;0.0028;0.9146;0.9146;0;36.64;36.64;17.18;0.0493;886.58;1031.6;1;0.0147;0.0147;0;0;0;0;0;0;0.8999;0.8119;0;16.573;19.192;14.713;17.037;98.397;98.397;8.7519;7.713;6.8472;1.0389;0.8658;0.1187;0.0989;0.7824;88.46;0.7578;0
08/10/21 17:00;6.5955;92.803;73.825;6.6033;9.5909;90;9.5909;66.203;62.602;3.6012;17.62;1.6899;0;8.7339;60.744;3.4684;0;0.0925;73.039;0;73.039;8.7339;3.4684;60.744;0.0925;0.1196;0.8329;0;0.0013;72.552;0.487;0;0;0.41;0.077;68.009;4.4705;1.4233;0.5652;2.4785;0.0035;72.479;0.0726;0.0087;0.0035;0.0603;0;68.023;7.3018;2.8997;57.795;0.012;36.401;29.303;10.837;0.015;0.421;6.0566;0.0138;6.4626;0;1;0;0;1.1033;0.9933;1;1;0.9933;0.1678;0.9383;0.8369;1;0.9589;0.775;0.999;0.999;1;0.999;0.999;0.9311;0.9515;0.1299;0.2079;0.2067;0.0012;0.0149;-0.0031;0.0014;0.0048;0.0011;0;0;0.088;0.0882;0;0;0;0;0;0;0;0;0;0;0;0;0.0039;0.0002;0.1823;0.1823;0;20.976;20.976;3.3561;0.0493;175.48;1039;1;0.0061;0.0061;0;0;0;0;0;0;0.1762;0.0882;0;16.495;19.1;7.9795;9.2401;96.644;96.644;1.7529;1.5375;0.7438;0.2154;0.7937;0.1229;0.4528;0.4243;36.376;0.3995;0
08/10/21 18:00;0.283;97.233;89.314;0.2852;0.4066;90;0.4066;0;0;0;13.59;1.9901;0;0;0;0;0;0;0;0;0;0;0;0;0;1;1;1;1;0;0;0;0;0;0;0;0;0;0;0;0;0;0;0;0;0;0;0;0;0;0;0;0;0;0;0;0;0;0;0;0;0;0;0;1;1;1;1;1;1;1;1;1;1;1;1;1;1;1;1;1;1;1;0;0;0;0;0;0;0;0;0;0.0004;0.088;-0.0884;0;0;0;0;0;0;0;0;0;0;0;0;0;0;0;0;0;0;0;-13.59;0;0;0;0;0.0004;0;0;0;0;0;0;0;-0.0004;-0.0884;0;0;0;0;0;0;0;0;0;-0.7452;0;0.7452;1;1;0;0;0;0
08/10/21 19:00;0;0;90;0;0;90;0;0;0;0;9.8598;2.3801;0;0;0;0;0;0;0;0;0;0;0;0;0;1;1;1;1;0;0;0;0;0;0;0;0;0;0;0;0;0;0;0;0;0;0;0;0;0;0;0;0;0;0;0;0;0;0;0;0;0;0;0;1;1;1;1;1;1;1;1;1;1;1;1;1;1;1;1;1;1;1;0;0;0;0;0;0;0;0;0;0.0004;0.088;-0.0884;0;0;0;0;0;0;0;0;0;0;0;0;0;0;0;0;0;0;0;-9.8598;0;0;0;0;0.0004;0;0;0;0;0;0;0;-0.0004;-0.0884;0;0;0;0;0;0;0;0;0;-0.7452;0;0.7452;1;1;0;0;0;0
08/10/21 20:00;0;0;90;0;0;90;0;0;0;0;8.5103;2.6399;0;0;0;0;0;0;0;0;0;0;0;0;0;1;1;1;1;0;0;0;0;0;0;0;0;0;0;0;0;0;0;0;0;0;0;0;0;0;0;0;0;0;0;0;0;0;0;0;0;0;0;0;1;1;1;1;1;1;1;1;1;1;1;1;1;1;1;1;1;1;1;0;0;0;0;0;0;0;0;0;0.0004;0.088;-0.0884;0;0;0;0;0;0;0;0;0;0;0;0;0;0;0;0;0;0;0;-8.5103;0;0;0;0;0.0004;0;0;0;0;0;0;0;-0.0004;-0.0884;0;0;0;0;0;0;0;0;0;-0.7452;0;0.7452;1;1;0;0;0;0
08/10/21 21:00;0;0;90;0;0;90;0;0;0;0;7.7697;2.82;0;0;0;0;0;0;0;0;0;0;0;0;0;1;1;1;1;0;0;0;0;0;0;0;0;0;0;0;0;0;0;0;0;0;0;0;0;0;0;0;0;0;0;0;0;0;0;0;0;0;0;0;1;1;1;1;1;1;1;1;1;1;1;1;1;1;1;1;1;1;1;0;0;0;0;0;0;0;0;0;0.0004;0.088;-0.0884;0;0;0;0;0;0;0;0;0;0;0;0;0;0;0;0;0;0;0;-7.7697;0;0;0;0;0.0004;0;0;0;0;0;0;0;-0.0004;-0.0884;0;0;0;0;0;0;0;0;0;-0.7452;0;0.7452;1;1;0;0;0;0
08/10/21 22:00;0;0;90;0;0;90;0;0;0;0;7.6301;3.0201;0;0;0;0;0;0;0;0;0;0;0;0;0;1;1;1;1;0;0;0;0;0;0;0;0;0;0;0;0;0;0;0;0;0;0;0;0;0;0;0;0;0;0;0;0;0;0;0;0;0;0;0;1;1;1;1;1;1;1;1;1;1;1;1;1;1;1;1;1;1;1;0;0;0;0;0;0;0;0;0;0.0004;0.088;-0.0884;0;0;0;0;0;0;0;0;0;0;0;0;0;0;0;0;0;0;0;-7.6301;0;0;0;0;0.0004;0;0;0;0;0;0;0;-0.0004;-0.0884;0;0;0;0;0;0;0;0;0;-0.7452;0;0.7452;1;1;0;0;0;0
08/10/21 23:00;0;0;90;0;0;90;0;0;0;0;6.5997;3.24;0;0;0;0;0;0;0;0;0;0;0;0;0;1;1;1;1;0;0;0;0;0;0;0;0;0;0;0;0;0;0;0;0;0;0;0;0;0;0;0;0;0;0;0;0;0;0;0;0;0;0;0;1;1;1;1;1;1;1;1;1;1;1;1;1;1;1;1;1;1;1;0;0;0;0;0;0;0;0;0;0.0004;0.088;-0.0884;0;0;0;0;0;0;0;0;0;0;0;0;0;0;0;0;0;0;0;-6.5997;0;0;0;0;0.0004;0;0;0;0;0;0;0;-0.0004;-0.0884;0;0;0;0;0;0;0;0;0;-0.7452;0;0.7452;1;1;0;0;0;0
09/10/21 00:00;0;0;90;0;0;90;0;0;0;0;5.8;3.4299;0;0;0;0;0;0;0;0;0;0;0;0;0;1;1;1;1;0;0;0;0;0;0;0;0;0;0;0;0;0;0;0;0;0;0;0;0;0;0;0;0;0;0;0;0;0;0;0;0;0;0;0;1;1;1;1;1;1;1;1;1;1;1;1;1;1;1;1;1;1;1;0;0;0;0;0;0;0;0;0;0.0004;0.088;-0.0884;0;0;0;0;0;0;0;0;0;0;0;0;0;0;0;0;0;0;0;-5.8;0;0;0;0;0.0004;0;0;0;0;0;0;0;-0.0004;-0.0884;0;0;0;0;0;0;0;0;0;-0.7452;0;0.7452;1;1;0;0;0;0
09/10/21 01:00;0;0;90;0;0;90;0;0;0;0;4.8401;3.61;0;0;0;0;0;0;0;0;0;0;0;0;0;1;1;1;1;0;0;0;0;0;0;0;0;0;0;0;0;0;0;0;0;0;0;0;0;0;0;0;0;0;0;0;0;0;0;0;0;0;0;0;1;1;1;1;1;1;1;1;1;1;1;1;1;1;1;1;1;1;1;0;0;0;0;0;0;0;0;0;0.0004;0.088;-0.0884;0;0;0;0;0;0;0;0;0;0;0;0;0;0;0;0;0;0;0;-4.8401;0;0;0;0;0.0004;0;0;0;0;0;0;0;-0.0004;-0.0884;0;0;0;0;0;0;0;0;0;-0.7452;0;0.7452;1;1;0;0;0;0
09/10/21 02:00;0;0;90;0;0;90;0;0;0;0;4.5802;3.78;0;0;0;0;0;0;0;0;0;0;0;0;0;1;1;1;1;0;0;0;0;0;0;0;0;0;0;0;0;0;0;0;0;0;0;0;0;0;0;0;0;0;0;0;0;0;0;0;0;0;0;0;1;1;1;1;1;1;1;1;1;1;1;1;1;1;1;1;1;1;1;0;0;0;0;0;0;0;0;0;0.0004;0.088;-0.0884;0;0;0;0;0;0;0;0;0;0;0;0;0;0;0;0;0;0;0;-4.5802;0;0;0;0;0.0004;0;0;0;0;0;0;0;-0.0004;-0.0884;0;0;0;0;0;0;0;0;0;-0.7452;0;0.7452;1;1;0;0;0;0
09/10/21 03:00;0;0;90;0;0;90;0;0;0;0;3.9599;3.93;0;0;0;0;0;0;0;0;0;0;0;0;0;1;1;1;1;0;0;0;0;0;0;0;0;0;0;0;0;0;0;0;0;0;0;0;0;0;0;0;0;0;0;0;0;0;0;0;0;0;0;0;1;1;1;1;1;1;1;1;1;1;1;1;1;1;1;1;1;1;1;0;0;0;0;0;0;0;0;0;0.0004;0.088;-0.0884;0;0;0;0;0;0;0;0;0;0;0;0;0;0;0;0;0;0;0;-3.9599;0;0;0;0;0.0004;0;0;0;0;0;0;0;-0.0004;-0.0884;0;0;0;0;0;0;0;0;0;-0.7452;0;0.7452;1;1;0;0;0;0
09/10/21 04:00;0;0;90;0;0;90;0;0;0;0;3.2001;4.02;0;0;0;0;0;0;0;0;0;0;0;0;0;1;1;1;1;0;0;0;0;0;0;0;0;0;0;0;0;0;0;0;0;0;0;0;0;0;0;0;0;0;0;0;0;0;0;0;0;0;0;0;1;1;1;1;1;1;1;1;1;1;1;1;1;1;1;1;1;1;1;0;0;0;0;0;0;0;0;0;0.0004;0.088;-0.0884;0;0;0;0;0;0;0;0;0;0;0;0;0;0;0;0;0;0;0;-3.2001;0;0;0;0;0.0004;0;0;0;0;0;0;0;-0.0004;-0.0884;0;0;0;0;0;0;0;0;0;-0.7452;0;0.7452;1;1;0;0;0;0
09/10/21 05:00;3.5182;-95.42;81.441;3.5339;5.0636;-90;-5.0636;10.607;10.397;0.2105;3.46;4.5201;0;0.5105;10.351;0.063;0;0.0041;10.928;0;10.928;0.5105;0.063;10.351;0.0041;0.0467;0.9475;0;0.0004;10.9;0.0281;0;0;0.0247;0.0034;10.224;0.6653;0.1917;0.0237;0.4498;0.0002;10.889;0.0109;0.0005;0.0001;0.0103;0;10.224;0.3183;0.0393;9.8658;0.0005;6.1486;4.9496;1.8233;0.0001;0.0714;1.0275;0.0002;1.0988;0;1;0;0;1.0303;0.9974;1;1;0.9976;0.1674;0.9389;0.6241;1;0.9564;0.7768;0.999;0.999;1;0.999;0.999;0.9356;0.9532;0.1299;0.0311;0.0313;0.0002;0.0061;-0.0022;0.0002;0.0007;0.0002;0;0;0.088;-0.065;0;0;0;0;0;0;0;0;0;0;0;0;0.0005;0;0.0256;0.0256;0;3.9729;3.9729;0.5129;0.0502;24.906;1028.7;1;0.0026;0.0026;0;0;0;0;0;0;0.023;-0.065;0;15.492;17.939;-39.304;-45.513;89.769;89.769;0.2623;0.2161;-0.5482;0.0462;0.7642;0.1762;2.9138;0;6.1474;0;0
09/10/21 06:00;12.912;-88.838;57.185;12.914;19.908;-90;-19.908;192.3;32.003;160.3;6.6602;4.9499;0;388.76;14.828;40.546;0;1.1492;445.29;0;445.29;388.76;40.546;14.828;1.1492;0.8731;0.0359;0;0.0026;443.99;1.2988;0;0;0.3399;0.9589;431.45;12.092;10.458;1.0907;0.5007;0.0418;443.54;0.444;0.3888;0.0405;0.0145;0.0002;431.47;377.92;39.415;13.973;0.1482;10.076;8.111;3.2031;0.0523;0.1065;1.5313;0.0226;1.5855;0;1;0;0;2.3156;0.9971;1;1;0.9771;0.1656;0.9727;0.9731;1;0.9654;0.7799;0.999;0.999;1;0.999;0.999;0.9689;0.9423;0.129;1.2672;1.2376;0.0075;0.0088;0.0119;0.0085;0.03;0.0003;0;0;0.088;1.0358;0;0;0;0;0;0;0;0;0;0;0;0;0.0242;0.0039;1.1425;1.1425;0;27.737;27.737;21.076;0.0488;1063.6;1074.2;1;0.0187;0.0187;0;0;0;0;0;0;1.1238;1.0358;0;16.954;19.633;15.371;17.799;98.363;98.363;10.687;9.6348;8.735;1.0521;0.8998;0.0984;0.0842;0.8174;9.2085;0.8153;0
09/10/21 07:00;25.108;-79.752;10.313;25.464;60;-90;-60;393.7;73.298;320.4;10.01;4.3899;0;742.9;24.745;93.45;0;19.685;880.78;0;880.78;742.9;93.45;24.745;19.685;0.8435;0.0504;0;0.0223;859.36;21.423;0;0;3.1002;18.322;857.35;1.151;0.2644;0.0333;0.7651;0.0883;858.5;0.8594;0.7429;0.0935;0.0216;0.0014;858.52;741.89;93.324;20.858;1.2728;39.099;31.475;14.495;4.1419;0.5349;7.6941;1.1783;4.0871;0;1;0;0;2.2372;0.9757;1;1;0.8747;0.0692;0.9987;0.9996;1;0.9646;0.9351;0.999;0.999;1;0.999;0.999;0.9734;0.8429;0.0647;2.5066;2.4717;0.0149;-0.002;0.24;0.0155;0.0551;0.0013;0;0;0.088;1.9662;0;0;0;0;0;0;0;0;0;0;0;0;0.0444;0.0143;2.0883;2.0883;0;52.666;52.666;42.656;0.0498;2133.5;978.79;1;0.0341;0.0341;0;0;0;0;0;0;2.0542;1.9662;0;15.667;18.142;14.751;17.082;98.369;98.369;21.139;17.611;16.581;3.528;1.0293;0.1669;0.0487;0.7844;21.549;0.7793;0
09/10/21 08:00;36.919;-69.101;16.57;38.808;51.192;-90;-51.192;497.7;176.7;321;14.99;5.14;0;512.2;87.793;109.72;0;18.579;728.29;0;728.29;512.2;109.72;87.793;18.579;0.7033;0.1461;0;0.0255;702.27;26.02;0;0;8.7378;17.282;698.53;3.0447;0.2929;0.0627;2.6359;0.0532;701.57;0.7023;0.5122;0.1097;0.0791;0.0013;703.15;511.39;109.55;76.34;1.2423;203.97;164.2;63.703;8.3856;2.7053;38.915;4.6249;33.235;0;1;0;0;1.4633;0.9643;1;1;0.9005;0.0698;0.9957;0.9994;1;0.9666;0.9589;0.999;0.999;1;0.999;0.999;0.9591;0.8695;0.0669;2.0727;2.0897;0.0126;-0.0009;0.1813;0.0133;0.0471;0.0067;0;0;0.088;1.665;0;0;0;0;0;0;0;0;0;0;0;0;0.0379;0.0103;1.7814;1.7814;0;49.669;49.669;34.679;0.0496;1799.5;989.96;1;0.0284;0.0284;0;0;0;0;0;0;1.753;1.665;0;16.163;18.717;15.107;17.493;98.403;98.403;17.479;15.023;14.041;2.4562;0.982;0.1405;0.0562;0.8033;69.383;0.7724;0
09/10/21 09:00;47.775;-55.196;22.555;53.307;36.693;-90;-36.693;786.8;129.8;657;19.98;5.94;0;819.35;41.388;104.58;0;15.59;980.91;0;980.91;819.35;104.58;41.388;15.59;0.8353;0.0581;0;0.0159;964.36;16.548;0;0;2.5148;14.034;961.23;2.1647;0.6377;0.0814;1.2543;0.1913;963.4;0.9644;0.8193;0.1046;0.0389;0.0016;965.52;817.89;104.4;37.58;1.364;390.44;314.31;124.16;1.2577;4.073;58.588;4.2847;61.403;0;1;0;0;1.2467;0.9831;1;1;0.9392;0.0999;0.9978;0.9992;1;0.9677;0.877;0.999;0.999;1;0.999;0.999;0.9799;0.908;0.0875;2.7916;2.8798;0.0173;0.0002;0.4416;0.0169;0.0601;0.0094;0;0;0.088;2.1419;0;0;0;0;0;0;0;0;0;0;0;0;0.0484;0.019;2.2668;2.2668;0;68.428;68.428;48.447;0.0504;2480.8;913.74;1;0.0369;0.0369;0;0;0;0;0;0;2.2299;2.1419;0;15.271;17.683;14.429;16.708;98.371;98.371;23.542;19.116;18.063;4.4255;1.0536;0.188;0.0448;0.7673;28.681;0.7344;0
09/10/21 10:00;56.542;-35.371;26.715;69.067;20.933;-90;-20.933;897.79;148.1;749.69;22.01;6.3899;0;802.67;49.499;103.76;0;5.9256;961.85;0;961.85;802.67;103.76;49.499;5.9256;0.8345;0.0576;0;0.0062;955.66;6.193;0;0;1.2302;4.9628;952.01;2.697;0.7399;0.0957;1.6526;0.2089;954.7;0.9557;0.8027;0.1038;0.0483;0.001;953.44;801.13;103.56;46.568;0.753;505.59;407;158.94;0.2103;5.3008;76.251;1.4316;81.341;0;1;0;0;1.0714;0.9936;1;1;0.9751;0.1625;0.9972;0.9991;1;0.9657;0.7828;0.999;0.999;1;0.999;0.999;0.9898;0.9408;0.1271;2.7374;2.8806;0.0173;0.0002;0.4588;0.0168;0.0597;0.0121;0;0;0.088;2.1242;0;0;0;0;0;0;0;0;0;0;0;0;0.0481;0.019;2.2486;2.2486;0;70.056;70.056;48.047;0.0505;2480.7;906.43;1;0.0363;0.0363;0;0;0;0;0;0;2.2122;2.1242;0;15.448;17.888;14.593;16.899;98.384;98.384;23.084;18.962;17.914;4.1221;1.0485;0.1786;0.0454;0.776;30.896;0.7325;0
09/10/21 11:00;61.119;-7.6998;28.596;85.773;4.2267;-90;-4.2267;946.39;155.8;790.59;23.55;6.6101;0;792.75;53.291;102.72;0;0.2574;949.01;0;949.01;792.75;102.72;53.291;0.2574;0.8353;0.0564;0;0.0003;948.7;0.3104;0;0;0.096;0.2145;944.52;3.231;0.7823;0.1014;2.3378;0.0096;947.75;0.9487;0.7927;0.1027;0.0532;0;944.54;791.17;102.51;50.804;0.0333;557.24;448.58;174;0;5.904;84.927;0.0159;90.831;0;1;0;0;1.0028;0.9997;1;1;0.9982;0.1668;0.9966;0.999;1;0.956;0.7772;0.999;0.999;1;0.999;0.999;0.9953;0.9533;0.1295;2.7008;2.8725;0.0173;0.0001;0.4702;0.0167;0.0592;0.0134;0;0;0.088;2.1052;0;0;0;0;0;0;0;0;0;0;0;0;0.0477;0.0189;2.229;2.229;0;71.266;71.266;47.716;0.0505;2473.3;901.21;1;0.0358;0.0358;0;0;0;0;0;0;2.1932;2.1052;0;15.52;17.972;14.659;16.975;98.396;98.396;22.776;18.797;17.754;3.9789;1.0437;0.1747;0.0458;0.7795;31.619;0.7305;0
09/10/21 12:00;59.507;22.492;27.959;77.304;12.696;90;12.696;937.99;154.9;783.1;25.38;6.88;0;802.72;51.748;105.08;0;2.2934;961.84;0;961.84;802.72;105.08;51.748;2.2934;0.8346;0.0562;0;0.0024;959.37;2.4673;0;0;0.5586;1.9087;955.45;2.9658;0.7744;0.1014;2.0035;0.0865;958.41;0.9594;0.8027;0.1051;0.0512;0.0004;955.92;801.14;104.87;49.134;0.2977;544.38;438.23;171.59;0.0373;5.6659;81.502;0.4714;87.131;0;1;0;0;1.0254;0.9974;1;1;0.9892;0.1677;0.9969;0.999;1;0.9608;0.7747;0.999;0.999;1;0.999;0.999;0.9934;0.9495;0.1298;2.7373;2.8982;0.0175;0.0004;0.5005;0.0167;0.0591;0.0127;0;0;0.088;2.1011;0;0;0;0;0;0;0;0;0;0;0;0;0.0476;0.0193;2.2246;2.2246;0;73.747;73.747;48.367;0.0506;2496.5;891.07;1;0.0354;0.0354;0;0;0;0;0;0;2.1891;2.1011;0;15.283;17.697;14.435;16.715;98.407;98.407;23.084;18.76;17.719;4.3242;1.0409;0.1873;0.0451;0.7676;31.251;0.7218;0
09/10/21 13:00;52.508;46.259;24.886;61.004;28.996;90;28.996;850.79;148.1;702.69;26.17;6.8401;0;803.39;49.292;109.2;0;10.664;972.55;0;972.55;803.39;109.2;49.292;10.664;0.8261;0.0616;0;0.011;961.17;11.373;0;0;2.0715;9.3017;957.64;2.5765;0.6899;0.0938;1.5425;0.2503;960.21;0.9612;0.8034;0.1092;0.0472;0.0014;960.43;801.9;109;45.63;1.1108;456.03;367.11;145.19;0.6658;4.6933;67.511;2.7917;71.539;0;1;0;0;1.1431;0.9883;1;1;0.958;0.1278;0.9973;0.9991;1;0.9673;0.8161;0.999;0.999;1;0.999;0.999;0.9847;0.9257;0.1042;2.7678;2.8831;0.0174;0.0002;0.5079;0.0165;0.0585;0.0105;0;0;0.088;2.083;0;0;0;0;0;0;0;0;0;0;0;0;0.0471;0.0191;2.2059;2.2059;0;74.685;74.685;48.515;0.0507;2484.8;887.74;1;0.0349;0.0349;0;0;0;0;0;0;2.171;2.083;0;14.988;17.356;14.153;16.389;98.417;98.417;23.341;18.602;17.566;4.7386;1.0366;0.203;0.0444;0.7526;32.268;0.7154;0
09/10/21 14:00;42.495;62.728;19.746;45.868;44.132;90;44.132;699.4;148;551.4;26.55;6.11;0;768.25;51.557;122.57;0;19.742;962.11;0;962.11;768.25;122.57;51.557;19.742;0.7985;0.0741;0;0.0205;939.68;22.431;0;0;4.1489;18.282;936.5;2.2458;0.5235;0.0835;1.5419;0.097;938.74;0.9397;0.7682;0.1226;0.0474;0.0015;941.41;766.96;122.36;45.819;1.361;311.93;251.11;99.028;2.9491;3.391;48.779;4.9118;49.221;0;1;0;0;1.3756;0.9767;1;1;0.9195;0.0739;0.9976;0.9993;1;0.9674;0.9335;0.999;0.999;1;0.999;0.999;0.9734;0.8887;0.0689;2.7381;2.7912;0.0168;-0.0006;0.4848;0.016;0.0569;0.0076;0;0;0.088;2.0244;0;0;0;0;0;0;0;0;0;0;0;0;0.0458;0.018;2.146;2.146;0;73.966;73.966;47.416;0.0506;2406.8;891.6;1;0.0336;0.0336;0;0;0;0;0;0;2.1124;2.0244;0;14.739;17.067;13.904;16.1;98.435;98.435;23.091;18.097;17.072;4.9936;1.0254;0.2163;0.0444;0.7393;38.068;0.7123;0
09/10/21 15:00;31.064;74.73;13.038;31.981;58.019;90;58.019;506.9;151.6;355.31;27.04;4.6901;0;670.84;57.806;143.52;0;23.843;896.01;0;896.01;670.84;143.52;57.806;23.843;0.7487;0.0911;0;0.0266;866.76;29.249;0;0;6.9217;22.327;863.67;2.2227;0.3018;0.0646;1.7705;0.0858;865.9;0.8668;0.6708;0.1435;0.0509;0.0015;868.14;669.87;143.32;49.063;1.4282;146.36;117.82;47.355;8.5788;2.001;28.784;4.4689;22.206;0;1;0;0;1.7676;0.9674;1;1;0.8803;0.0636;0.9974;0.9995;1;0.9652;0.9433;0.999;0.999;1;0.999;0.999;0.9639;0.8488;0.0599;2.55;2.5415;0.0153;-0.0019;0.4116;0.0148;0.0525;0.0046;0;0;0.088;1.8685;0;0;0;0;0;0;0;0;0;0;0;0;0.0423;0.015;1.9872;1.9872;0;70.651;70.651;43.611;0.0505;2191.1;906.93;1;0.0307;0.0307;0;0;0;0;0;0;1.9565;1.8685;0;14.655;16.97;13.78;15.957;98.455;98.455;21.504;16.758;15.757;4.7461;1.001;0.2207;0.0465;0.7327;49.178;0.7155;0
09/10/21 16:00;19.008;84.434;37.824;19.091;33.398;90;33.398;293.8;140.9;152.9;26.1;2.9599;0;370.82;85.076;116.82;0;4.8517;577.57;0;577.57;370.82;116.82;85.076;4.8517;0.642;0.1557;0;0.0084;568.78;8.7974;0;0;4.4745;4.3229;562.79;5.4201;2.079;0.655;2.6047;0.0815;568.21;0.5688;0.3708;0.1168;0.0806;0.0005;563.28;368.37;116.05;77.916;0.4468;58.448;47.051;18.774;1.8669;0.7066;10.164;0.4909;9.0039;0;1;0;0;1.9659;0.9848;1;1;0.9474;0.109;0.9905;0.9944;1;0.9677;0.8458;0.999;0.999;1;0.999;0.999;0.9744;0.9158;0.0921;1.6437;1.6319;0.0098;0.0035;0.1691;0.0101;0.036;0.0017;0;0;0.088;1.2579;0;0;0;0;0;0;0;0;0;0;0;0;0.029;0.0065;1.3662;1.3662;0;54.164;54.164;28.064;0.0499;1406.4;971.4;1;0.0204;0.0204;0;0;0;0;0;0;1.3459;1.2579;0;15.631;18.1;14.391;16.665;98.51;98.51;13.862;11.522;10.608;2.3402;0.9138;0.1688;0.0659;0.7653;57.463;0.7553;0
09/10/21 17:00;6.7542;93.157;73.427;6.7644;9.8343;90;9.8343;52.997;51.799;1.1987;23.07;2.7199;0;2.9073;51.036;0.9324;0;0.0779;54.954;0;54.954;2.9073;0.9324;51.036;0.0779;0.0529;0.9301;0;0.0014;54.53;0.4239;0;0;0.3591;0.0648;51.799;2.6763;0.4535;0.1455;2.0744;0.0029;54.476;0.0545;0.0029;0.0009;0.0507;0;51.812;2.4508;0.786;48.552;0.0101;30.588;24.624;9.1069;0.0139;0.3539;5.0905;0.0125;5.4305;0;1;0;0;1.0369;0.9923;1;1;0.993;0.1679;0.9509;0.8438;1;0.959;0.7749;0.999;0.999;1;0.999;0.999;0.9426;0.9513;0.1299;0.1564;0.1584;0.001;0.0135;0.0004;0.001;0.0036;0.0009;0;0;0.088;0.0418;0;0;0;0;0;0;0;0;0;0;0;0;0.0029;0.0001;0.1351;0.1351;0;25.645;25.645;2.5746;0.0497;134.07;1007.6;1;0.0053;0.0053;0;0;0;0;0;0;0.1298;0.0418;0;16.245;18.811;5.0265;5.8206;96.08;96.08;1.3189;1.1393;0.3525;0.1796;0.7868;0.1362;0.5965;0.2673;30.581;0.25;0
09/10/21 18:00;0.4452;97.584;88.92;0.4492;0.6403;90;0.6403;0;0;0;17.93;1.62;0;0;0;0;0;0;0;0;0;0;0;0;0;1;1;1;1;0;0;0;0;0;0;0;0;0;0;0;0;0;0;0;0;0;0;0;0;0;0;0;0;0;0;0;0;0;0;0;0;0;0;0;1;1;1;1;1;1;1;1;1;1;1;1;1;1;1;1;1;1;1;0;0;0;0;0;0;0;0;0;0.0004;0.088;-0.0884;0;0;0;0;0;0;0;0;0;0;0;0;0;0;0;0;0;0;0;-17.93;0;0;0;0;0.0004;0;0;0;0;0;0;0;-0.0004;-0.0884;0;0;0;0;0;0;0;0;0;-0.7452;0;0.7452;1;1;0;0;0;0
09/10/21 19:00;0;0;90;0;0;90;0;0;0;0;17.21;0.8701;0;0;0;0;0;0;0;0;0;0;0;0;0;1;1;1;1;0;0;0;0;0;0;0;0;0;0;0;0;0;0;0;0;0;0;0;0;0;0;0;0;0;0;0;0;0;0;0;0;0;0;0;1;1;1;1;1;1;1;1;1;1;1;1;1;1;1;1;1;1;1;0;0;0;0;0;0;0;0;0;0.0004;0.088;-0.0884;0;0;0;0;0;0;0;0;0;0;0;0;0;0;0;0;0;0;0;-17.21;0;0;0;0;0.0004;0;0;0;0;0;0;0;-0.0004;-0.0884;0;0;0;0;0;0;0;0;0;-0.7452;0;0.7452;1;1;0;0;0;0
09/10/21 20:00;0;0;90;0;0;90;0;0;0;0;16.1;1.48;0;0;0;0;0;0;0;0;0;0;0;0;0;1;1;1;1;0;0;0;0;0;0;0;0;0;0;0;0;0;0;0;0;0;0;0;0;0;0;0;0;0;0;0;0;0;0;0;0;0;0;0;1;1;1;1;1;1;1;1;1;1;1;1;1;1;1;1;1;1;1;0;0;0;0;0;0;0;0;0;0.0004;0.088;-0.0884;0;0;0;0;0;0;0;0;0;0;0;0;0;0;0;0;0;0;0;-16.1;0;0;0;0;0.0004;0;0;0;0;0;0;0;-0.0004;-0.0884;0;0;0;0;0;0;0;0;0;-0.7452;0;0.7452;1;1;0;0;0;0
09/10/21 21:00;0;0;90;0;0;90;0;0;0;0;14.14;2.67;0;0;0;0;0;0;0;0;0;0;0;0;0;1;1;1;1;0;0;0;0;0;0;0;0;0;0;0;0;0;0;0;0;0;0;0;0;0;0;0;0;0;0;0;0;0;0;0;0;0;0;0;1;1;1;1;1;1;1;1;1;1;1;1;1;1;1;1;1;1;1;0;0;0;0;0;0;0;0;0;0.0004;0.088;-0.0884;0;0;0;0;0;0;0;0;0;0;0;0;0;0;0;0;0;0;0;-14.14;0;0;0;0;0.0004;0;0;0;0;0;0;0;-0.0004;-0.0884;0;0;0;0;0;0;0;0;0;-0.7452;0;0.7452;1;1;0;0;0;0
09/10/21 22:00;0;0;90;0;0;90;0;0;0;0;14.74;3.22;0;0;0;0;0;0;0;0;0;0;0;0;0;1;1;1;1;0;0;0;0;0;0;0;0;0;0;0;0;0;0;0;0;0;0;0;0;0;0;0;0;0;0;0;0;0;0;0;0;0;0;0;1;1;1;1;1;1;1;1;1;1;1;1;1;1;1;1;1;1;1;0;0;0;0;0;0;0;0;0;0.0004;0.088;-0.0884;0;0;0;0;0;0;0;0;0;0;0;0;0;0;0;0;0;0;0;-14.74;0;0;0;0;0.0004;0;0;0;0;0;0;0;-0.0004;-0.0884;0;0;0;0;0;0;0;0;0;-0.7452;0;0.7452;1;1;0;0;0;0
09/10/21 23:00;0;0;90;0;0;90;0;0;0;0;12.25;3.53;0;0;0;0;0;0;0;0;0;0;0;0;0;1;1;1;1;0;0;0;0;0;0;0;0;0;0;0;0;0;0;0;0;0;0;0;0;0;0;0;0;0;0;0;0;0;0;0;0;0;0;0;1;1;1;1;1;1;1;1;1;1;1;1;1;1;1;1;1;1;1;0;0;0;0;0;0;0;0;0;0.0004;0.088;-0.0884;0;0;0;0;0;0;0;0;0;0;0;0;0;0;0;0;0;0;0;-12.25;0;0;0;0;0.0004;0;0;0;0;0;0;0;-0.0004;-0.0884;0;0;0;0;0;0;0;0;0;-0.7452;0;0.7452;1;1;0;0;0;0
10/10/21 00:00;0;0;90;0;0;90;0;0;0;0;11.44;3.8399;0;0;0;0;0;0;0;0;0;0;0;0;0;1;1;1;1;0;0;0;0;0;0;0;0;0;0;0;0;0;0;0;0;0;0;0;0;0;0;0;0;0;0;0;0;0;0;0;0;0;0;0;1;1;1;1;1;1;1;1;1;1;1;1;1;1;1;1;1;1;1;0;0;0;0;0;0;0;0;0;0.0004;0.088;-0.0884;0;0;0;0;0;0;0;0;0;0;0;0;0;0;0;0;0;0;0;-11.44;0;0;0;0;0.0004;0;0;0;0;0;0;0;-0.0004;-0.0884;0;0;0;0;0;0;0;0;0;-0.7452;0;0.7452;1;1;0;0;0;0
10/10/21 01:00;0;0;90;0;0;90;0;0;0;0;14.7;3.16;0;0;0;0;0;0;0;0;0;0;0;0;0;1;1;1;1;0;0;0;0;0;0;0;0;0;0;0;0;0;0;0;0;0;0;0;0;0;0;0;0;0;0;0;0;0;0;0;0;0;0;0;1;1;1;1;1;1;1;1;1;1;1;1;1;1;1;1;1;1;1;0;0;0;0;0;0;0;0;0;0.0004;0.088;-0.0884;0;0;0;0;0;0;0;0;0;0;0;0;0;0;0;0;0;0;0;-14.7;0;0;0;0;0.0004;0;0;0;0;0;0;0;-0.0004;-0.0884;0;0;0;0;0;0;0;0;0;-0.7452;0;0.7452;1;1;0;0;0;0
10/10/21 02:00;0;0;90;0;0;90;0;0;0;0;13;3.9001;0;0;0;0;0;0;0;0;0;0;0;0;0;1;1;1;1;0;0;0;0;0;0;0;0;0;0;0;0;0;0;0;0;0;0;0;0;0;0;0;0;0;0;0;0;0;0;0;0;0;0;0;1;1;1;1;1;1;1;1;1;1;1;1;1;1;1;1;1;1;1;0;0;0;0;0;0;0;0;0;0.0004;0.088;-0.0884;0;0;0;0;0;0;0;0;0;0;0;0;0;0;0;0;0;0;0;-13;0;0;0;0;0.0004;0;0;0;0;0;0;0;-0.0004;-0.0884;0;0;0;0;0;0;0;0;0;-0.7452;0;0.7452;1;1;0;0;0;0
10/10/21 03:00;0;0;90;0;0;90;0;0;0;0;12.2;5.3;0;0;0;0;0;0;0;0;0;0;0;0;0;1;1;1;1;0;0;0;0;0;0;0;0;0;0;0;0;0;0;0;0;0;0;0;0;0;0;0;0;0;0;0;0;0;0;0;0;0;0;0;1;1;1;1;1;1;1;1;1;1;1;1;1;1;1;1;1;1;1;0;0;0;0;0;0;0;0;0;0.0004;0.088;-0.0884;0;0;0;0;0;0;0;0;0;0;0;0;0;0;0;0;0;0;0;-12.2;0;0;0;0;0.0004;0;0;0;0;0;0;0;-0.0004;-0.0884;0;0;0;0;0;0;0;0;0;-0.7452;0;0.7452;1;1;0;0;0;0
10/10/21 04:00;0;0;90;0;0;90;0;0;0;0;12.01;5.68;0;0;0;0;0;0;0;0;0;0;0;0;0;1;1;1;1;0;0;0;0;0;0;0;0;0;0;0;0;0;0;0;0;0;0;0;0;0;0;0;0;0;0;0;0;0;0;0;0;0;0;0;1;1;1;1;1;1;1;1;1;1;1;1;1;1;1;1;1;1;1;0;0;0;0;0;0;0;0;0;0.0004;0.088;-0.0884;0;0;0;0;0;0;0;0;0;0;0;0;0;0;0;0;0;0;0;-12.01;0;0;0;0;0.0004;0;0;0;0;0;0;0;-0.0004;-0.0884;0;0;0;0;0;0;0;0;0;-0.7452;0;0.7452;1;1;0;0;0;0
10/10/21 05:00;3.5876;-95.834;81.271;3.6063;5.1684;-90;-5.1684;3.9069;3.8979;0.009;12.82;5.52;0;0.0219;3.8896;0.001;0;0.0016;3.914;3.914;0;0.0219;0;0;0;1;1;1;1;0;0;0;0;0;0;0;0;0;0;0;0;0;0;0;0;0;0;0;0;0;0;0;0;0;0;0;0;0;0;0;0;0;0;0;0;1;1;1;1;1;1;1;1;1;1;1;0;1;0;0;1;0;0;0;0;0;0;0;0;0;0;0;0.0004;0.088;-0.0884;0;0;0;0;0;0;0;0;0;0;0;0;0;0;0;0;0;0;0;-12.82;0;0;0;0;0.0004;0;0;0;0;0;0;0;-0.0004;-0.0884;0;0;0;0;0;0;0;0;0;-0.7452;0;0.7452;1;1;0;0;0;0
10/10/21 06:00;13.183;-89.118;56.419;13.184;20.4;-90;-20.4;78.002;73.497;4.5045;13.37;5.0901;0;10.925;70.169;2.5624;0;0.4892;84.145;0;84.145;10.925;2.5624;70.169;0.4892;0.1298;0.8397;0;0.0058;82.063;2.0822;0;0;1.6733;0.4089;79.276;2.7045;0.2687;0.063;2.3553;0.0176;81.981;0.0821;0.0109;0.0026;0.0685;0.0001;79.39;10.645;2.4968;66.072;0.0627;43.708;35.185;13.271;0.2693;0.5051;7.266;0.1141;7.5018;0;1;0;0;1.0788;0.9753;1;1;0.9762;0.1642;0.967;0.9754;1;0.9656;0.7812;0.999;0.999;1;0.999;0.999;0.9421;0.9416;0.1281;0.2395;0.2417;0.0015;0.0157;-0.0068;0.0016;0.0057;0.0013;0;0;0.088;0.1232;0;0;0;0;0;0;0;0;0;0;0;0;0.0046;0.0003;0.2178;0.2178;0;17.263;17.263;3.8933;0.0491;205.32;1061;1;0.0066;0.0066;0;0;0;0;0;0;0.2112;0.1232;0;17.107;19.809;9.6781;11.207;96.971;96.971;2.0195;1.8371;1.0393;0.1824;0.7978;0.0903;0.395;0.5146;43.681;0.4834;0
10/10/21 07:00;25.385;-80.047;9.9425;25.723;60;-90;-60;175.3;162.3;13.003;16.9;4.6001;0;29.875;119.04;8.2318;0;8.7652;165.91;0;165.91;29.875;8.2318;119.04;8.7652;0.1801;0.7703;0;0.0528;142.84;23.072;0;0;14.914;8.1585;138.96;3.7328;0.0102;0.0028;3.6804;0.0393;142.7;0.1428;0.0299;0.0082;0.1041;0.0006;142.33;29.835;8.2208;100.34;0.5668;104.61;84.213;37.471;19.903;2.0897;30.06;3.3637;12.246;0;1;0;0;0.9464;0.8609;1;1;0.8747;0.0692;0.9738;0.9997;1;0.9646;0.9351;0.999;0.999;1;0.999;0.999;0.8376;0.8429;0.0647;0.4722;0.4674;0.0028;0.0172;-0.0022;0.0031;0.0112;0.0055;0;0;0.088;0.3235;0;0;0;0;0;0;0;0;0;0;0;0;0.009;0.0007;0.42;0.42;0;23.723;23.723;6.8231;0.0491;397.79;1055.8;1;0.0085;0.0085;0;0;0;0;0;0;0.4115;0.3235;0;16.728;19.371;12.886;14.922;97.985;97.985;3.9819;3.5419;2.7284;0.4399;0.8135;0.1105;0.2043;0.6852;103.66;0.6034;0
10/10/21 08:00;37.213;-69.412;16.263;39.049;50.951;-90;-50.951;416.4;247;169.4;19;3.5099;0;268.89;160.27;79.927;0;15.407;524.49;0;524.49;268.89;79.927;160.27;15.407;0.5127;0.3349;0;0.0294;494.32;30.171;0;0;15.842;14.329;488.78;5.0501;0.1509;0.0449;4.8098;0.0445;493.83;0.4943;0.2689;0.0799;0.1444;0.0011;493.33;268.47;79.802;139.47;1.0327;202.98;163.4;66.155;15.053;2.9487;42.416;4.5554;30.312;0;1;0;0;1.2596;0.9425;1;1;0.9012;0.07;0.9898;0.9994;1;0.9667;0.9587;0.999;0.999;1;0.999;0.999;0.9319;0.8702;0.067;1.4927;1.4964;0.009;0.0052;0.0961;0.0097;0.0344;0.0075;0;0;0.088;1.1932;0;0;0;0;0;0;0;0;0;0;0;0;0.0277;0.0055;1.3013;1.3013;0;43.168;43.168;24.168;0.0494;1286.5;1011.4;1;0.0201;0.0201;0;0;0;0;0;0;1.2812;1.1932;0;16.394;18.984;15.032;17.407;98.456;98.456;12.588;10.974;10.062;1.6142;0.9115;0.1282;0.0724;0.7994;126.35;0.7537;0
10/10/21 09:00;48.1;-55.504;22.224;53.518;36.482;-90;-36.482;442.5;336.8;105.7;18.78;2.1401;0;131.46;272.4;43.292;0;8.6711;455.82;0;455.82;131.46;43.292;272.4;8.6711;0.2884;0.6166;0;0.019;431.62;24.202;0;0;16.404;7.7979;422.69;8.5028;0.1008;0.0332;8.2599;0.109;431.19;0.4316;0.1315;0.0433;0.256;0.0009;425.38;131.22;43.216;247.48;0.7633;257.25;207.09;83.193;8.093;3.0655;44.097;2.6941;39.069;0;1;0;0;1.0301;0.9469;1;1;0.9398;0.1007;0.9803;0.9992;1;0.9677;0.8751;0.999;0.999;1;0.999;0.999;0.9273;0.9085;0.088;1.2972;1.3054;0.0079;0.0078;0.0677;0.0086;0.0303;0.0078;0;0;0.088;1.0405;0;0;0;0;0;0;0;0;0;0;0;0;0.0244;0.0043;1.1465;1.1465;0;39.635;39.635;20.855;0.0493;1121.3;1022.5;1;0.018;0.018;0;0;0;0;0;0;1.1285;1.0405;0;16.62;19.246;15.084;17.467;98.432;98.432;10.94;9.6684;8.7747;1.2713;0.8937;0.1162;0.0817;0.8021;188.45;0.7479;0
10/10/21 10:00;56.908;-35.591;26.359;69.229;20.771;-90;-20.771;600.3;356.1;244.2;20.13;2.82;0;261.18;271.44;80.794;0;3.9017;617.31;0;617.31;261.18;80.794;271.44;3.9017;0.4231;0.446;0;0.0063;607.38;9.9282;0;0;6.6625;3.2657;597.25;9.5261;0.2376;0.0735;9.0768;0.1383;606.77;0.6074;0.2612;0.0808;0.2648;0.0006;598.22;260.68;80.64;255.43;0.4971;348.72;280.72;107.17;1.114;3.8787;55.793;0.9751;58.558;0;1;0;0;1.0283;0.9839;1;1;0.9755;0.163;0.9843;0.9991;1;0.9657;0.7823;0.999;0.999;1;0.999;0.999;0.9675;0.941;0.1274;1.7568;1.8233;0.011;0.0013;0.1596;0.0116;0.041;0.0096;0;0;0.088;1.4363;0;0;0;0;0;0;0;0;0;0;0;0;0.033;0.008;1.5483;1.5483;0;49.798;49.798;29.668;0.0497;1566.8;988.21;1;0.024;0.024;0;0;0;0;0;0;1.5243;1.4363;0;16.574;19.192;15.375;17.804;98.451;98.451;14.815;13.057;12.113;1.7585;0.9443;0.1187;0.0637;0.8176;169.29;0.7657;0
10/10/21 11:00;61.503;-7.6451;28.221;85.869;4.131;-90;-4.131;296.91;289.3;7.6065;19.8;3.9199;0;7.6263;287.1;1.8271;0;0.0771;296.63;0;296.63;7.6263;1.8271;287.1;0.0771;0.0257;0.9681;0;0.0003;296.07;0.5634;0;0;0.4991;0.0643;283.16;12.62;0.0074;0.0018;12.608;0.0029;295.78;0.2961;0.0076;0.0018;0.2866;0;283.16;7.6113;1.8235;273.71;0.01;175.88;141.58;52.221;-0.0004;2.0389;29.328;0.0008;31.368;0;1;0;0;0.9991;0.9981;1;1;0.9983;0.1668;0.9573;0.999;1;0.956;0.7772;0.999;0.999;1;0.999;0.999;0.9546;0.9533;0.1295;0.8442;0.8689;0.0052;0.0139;0.0272;0.0058;0.0204;0.0053;0;0;0.088;0.6719;0;0;0;0;0;0;0;0;0;0;0;0;0.0164;0.0021;0.7726;0.7726;0;33.738;33.738;13.938;0.0492;744.46;1037.8;1;0.0127;0.0127;0;0;0;0;0;0;0.7599;0.6719;0;17.21;19.929;14.967;17.332;98.356;98.356;7.1192;6.5152;5.666;0.604;0.8492;0.0848;0.1193;0.7959;170.33;0.741;0
10/10/21 12:00;59.844;22.859;27.574;77.282;12.718;90;12.718;269.4;263.9;5.4987;19.12;5.15;0;5.637;259.46;1.2522;0;0.661;267.01;0;267.01;5.637;1.2522;259.46;0.661;0.0211;0.9742;0;0.0025;263.65;3.359;0;0;2.8089;0.5501;253.31;10.073;0.0054;0.0012;10.041;0.0249;263.39;0.2637;0.0056;0.0013;0.2567;0.0001;253.44;5.626;1.2497;246.35;0.0858;160.59;129.28;48.054;0.1853;1.8495;26.605;0.1301;28.269;0;1;0;0;0.9911;0.9874;1;1;0.9892;0.1677;0.9618;0.999;1;0.9608;0.7747;0.999;0.999;1;0.999;0.999;0.9487;0.9495;0.1298;0.7599;0.7784;0.0047;0.015;0.0183;0.0052;0.0184;0.0048;0;0;0.088;0.5958;0;0;0;0;0;0;0;0;0;0;0;0;0.0148;0.0017;0.6955;0.6955;0;31.576;31.576;12.456;0.0492;666.07;1044.2;1;0.0117;0.0117;0;0;0;0;0;0;0.6838;0.5958;0;17.212;19.931;14.744;17.074;98.317;98.317;6.4082;5.8651;5.0243;0.5431;0.8408;0.0847;0.1312;0.784;156.7;0.7296;0
10/10/21 13:00;52.771;46.722;24.504;61.049;28.951;90;28.951;255.9;250.4;5.504;18.86;5.44;0;6.2901;233.57;1.4397;0;3.1979;244.5;0;244.5;6.2901;1.4397;233.57;3.1979;0.0257;0.9684;0;0.0131;231.92;12.581;0;0;9.7918;2.7887;224.29;7.3931;0.0053;0.0012;7.3113;0.0753;231.69;0.2319;0.0063;0.0014;0.2238;0.0004;225.25;6.2785;1.437;216.25;0.3335;156.45;125.94;48.961;3.1263;1.8537;26.665;0.9555;25.393;0;1;0;0;0.9554;0.9485;1;1;0.9581;0.1279;0.9681;0.9992;1;0.9673;0.8158;0.999;0.999;1;0.999;0.999;0.9174;0.9258;0.1043;0.6958;0.6979;0.0042;0.0159;0.0122;0.0047;0.0165;0.0048;0;0;0.088;0.5261;0;0;0;0;0;0;0;0;0;0;0;0;0.0133;0.0014;0.6248;0.6248;0;29.884;29.884;11.024;0.0492;596.25;1048;1;0.0108;0.0108;0;0;0;0;0;0;0.6141;0.5261;0;16.887;19.555;14.218;16.464;98.277;98.277;5.868;5.2694;4.4364;0.5986;0.8329;0.102;0.1419;0.756;152.86;0.699;0
10/10/21 14:00;42.703;63.169;19.372;45.963;44.037;90;44.037;180.79;177.8;2.9928;17.59;5.6501;0;4.1631;152.32;0.7943;0;5.0822;162.36;0;162.36;4.1631;0.7943;152.32;5.0822;0.0256;0.9695;0;0.0313;145.43;16.924;0;0;12.219;4.7056;140.7;4.5841;0.0028;0.0005;4.5556;0.0252;145.29;0.1454;0.0042;0.0008;0.1401;0.0004;142.53;4.1561;0.793;135.4;0.351;113.9;91.69;38.18;8.6345;1.5981;22.989;1.8242;15.952;0;1;0;0;0.898;0.8958;1;1;0.9198;0.0741;0.9684;0.9993;1;0.9675;0.9329;0.999;0.999;1;0.999;0.999;0.8666;0.889;0.0691;0.4621;0.4538;0.0027;0.0173;-0.0008;0.003;0.0108;0.0042;0;0;0.088;0.311;0;0;0;0;0;0;0;0;0;0;0;0;0.0087;0.0007;0.4073;0.4073;0;24.502;24.502;6.9124;0.0491;386.74;1053.1;1;0.0083;0.0083;0;0;0;0;0;0;0.399;0.311;0;16.575;19.194;12.656;14.655;97.962;97.962;3.8966;3.4345;2.6224;0.4621;0.8121;0.1186;0.2084;0.673;112.37;0.6085;0
10/10/21 15:00;31.239;75.13;12.675;32.111;57.889;90;57.889;44.695;44.402;0.2933;16.24;5.3301;0;0.5517;33.988;0.0344;0;2.0937;36.668;0;36.668;0.5517;0.0344;33.988;2.0937;0.015;0.984;0;0.0571;30.651;6.0173;0;0;4.0566;1.9607;29.572;1.0481;0.0002;0;1.0404;0.0074;30.62;0.0307;0.0006;0;0.0299;0.0001;30.432;0.551;0.0343;28.861;0.1254;28.944;23.3;10.269;5.0011;0.5517;7.9363;0.8602;3.4869;0;1;0;0;0.8204;0.8359;1;1;0.8806;0.0635;0.9658;0.9996;1;0.9652;0.944;0.999;0.999;1;0.999;0.999;0.8065;0.8492;0.0599;0.1044;0.103;0.0006;0.0112;-0.0028;0.0007;0.0023;0.0014;0;0;0.088;-0.0046;0;0;0;0;0;0;0;0;0;0;0;0;0.0019;0.0001;0.0875;0.0875;0;17.711;17.711;1.4708;0.0497;85.982;1018.1;1;0.0042;0.0042;0;0;0;0;0;0;0.0834;-0.0046;0;15.775;18.268;-0.8371;-0.9693;95.221;95.221;0.88;0.7382;-0.0392;0.1418;0.7774;0.1611;0.8834;0;28.873;0;0
10/10/21 16:00;19.168;84.803;37.219;19.242;33.818;90;33.818;22.699;22.604;0.0957;13.33;4.34;0;0.232;20.687;0.0116;0;0.384;21.315;0;21.315;0.232;0.0116;20.687;0.384;0.0109;0.9886;0;0.018;19.862;1.4525;0;0;1.1096;0.3429;19.202;0.6398;0.0012;0.0001;0.6323;0.0062;19.842;0.0199;0.0002;0;0.0196;0;19.326;0.2305;0.0115;18.925;0.0349;14.017;11.284;4.4736;0.4737;0.173;2.489;0.1233;2.1884;0;1;0;0;0.939;0.9319;1;1;0.9464;0.1072;0.9678;0.9947;1;0.9677;0.8491;0.999;0.999;1;0.999;0.999;0.9009;0.9148;0.0909;0.0607;0.0603;0.0004;0.0086;-0.0023;0.0004;0.0013;0.0004;0;0;0.088;-0.0409;0;0;0;0;0;0;0;0;0;0;0;0;0.0011;0;0.0504;0.0504;0;14.289;14.289;0.9588;0.0499;49.73;1012.7;1;0.0032;0.0032;0;0;0;0;0;0;0.0471;-0.0409;0;15.613;18.08;-12.665;-14.666;93.615;93.615;0.5116;0.4247;-0.3445;0.0868;0.7692;0.1697;1.5037;0;14.017;0;0
10/10/21 17:00;6.9137;93.51;73.026;6.9265;10.08;90;10.08;20.609;20.402;0.2074;12.94;3.4399;0;0.5029;20.219;0.062;0;0.0318;20.816;0;20.816;0.5029;0.062;20.219;0.0318;0.0242;0.9729;0;0.0015;20.641;0.1747;0;0;0.1483;0.0265;19.716;0.9041;0.0751;0.0093;0.8185;0.0012;20.62;0.0206;0.0005;0.0001;0.0201;0;19.721;0.4273;0.0527;19.232;0.0041;12.123;9.7593;3.6101;0.0061;0.1403;2.0175;0.0053;2.1517;0;1;0;0;1.01;0.9916;1;1;0.9927;0.1679;0.9562;0.8505;1;0.9592;0.7749;0.999;0.999;1;0.999;0.999;0.9472;0.9512;0.13;0.0592;0.0605;0.0004;0.0087;-0.0024;0.0004;0.0013;0.0003;0;0;0.088;-0.0405;0;0;0;0;0;0;0;0;0;0;0;0;0.0011;0;0.0507;0.0507;0;13.924;13.924;0.9838;0.0499;49.925;1015.3;1;0.0032;0.0032;0;0;0;0;0;0;0.0475;-0.0405;0;16.091;18.633;-12.871;-14.904;93.622;93.622;0.4996;0.4275;-0.3419;0.0721;0.7694;0.1444;1.5401;0;12.122;0;0
10/10/21 18:00;0.406;98.076;89.015;0.41;0.5845;90;0.5845;0;0;0;12.82;2.68;0;0;0;0;0;0;0;0;0;0;0;0;0;1;1;1;1;0;0;0;0;0;0;0;0;0;0;0;0;0;0;0;0;0;0;0;0;0;0;0;0;0;0;0;0;0;0;0;0;0;0;0;1;1;1;1;1;1;1;1;1;1;1;1;1;1;1;1;1;1;1;0;0;0;0;0;0;0;0;0;0.0004;0.088;-0.0884;0;0;0;0;0;0;0;0;0;0;0;0;0;0;0;0;0;0;0;-12.82;0;0;0;0;0.0004;0;0;0;0;0;0;0;-0.0004;-0.0884;0;0;0;0;0;0;0;0;0;-0.7452;0;0.7452;1;1;0;0;0;0
10/10/21 19:00;0;0;90;0;0;90;0;0;0;0;11.92;2.43;0;0;0;0;0;0;0;0;0;0;0;0;0;1;1;1;1;0;0;0;0;0;0;0;0;0;0;0;0;0;0;0;0;0;0;0;0;0;0;0;0;0;0;0;0;0;0;0;0;0;0;0;1;1;1;1;1;1;1;1;1;1;1;1;1;1;1;1;1;1;1;0;0;0;0;0;0;0;0;0;0.0004;0.088;-0.0884;0;0;0;0;0;0;0;0;0;0;0;0;0;0;0;0;0;0;0;-11.92;0;0;0;0;0.0004;0;0;0;0;0;0;0;-0.0004;-0.0884;0;0;0;0;0;0;0;0;0;-0.7452;0;0.7452;1;1;0;0;0;0
10/10/21 20:00;0;0;90;0;0;90;0;0;0;0;11.7;2.6399;0;0;0;0;0;0;0;0;0;0;0;0;0;1;1;1;1;0;0;0;0;0;0;0;0;0;0;0;0;0;0;0;0;0;0;0;0;0;0;0;0;0;0;0;0;0;0;0;0;0;0;0;1;1;1;1;1;1;1;1;1;1;1;1;1;1;1;1;1;1;1;0;0;0;0;0;0;0;0;0;0.0004;0.088;-0.0884;0;0;0;0;0;0;0;0;0;0;0;0;0;0;0;0;0;0;0;-11.7;0;0;0;0;0.0004;0;0;0;0;0;0;0;-0.0004;-0.0884;0;0;0;0;0;0;0;0;0;-0.7452;0;0.7452;1;1;0;0;0;0
10/10/21 21:00;0;0;90;0;0;90;0;0;0;0;10.35;2.9599;0;0;0;0;0;0;0;0;0;0;0;0;0;1;1;1;1;0;0;0;0;0;0;0;0;0;0;0;0;0;0;0;0;0;0;0;0;0;0;0;0;0;0;0;0;0;0;0;0;0;0;0;1;1;1;1;1;1;1;1;1;1;1;1;1;1;1;1;1;1;1;0;0;0;0;0;0;0;0;0;0.0004;0.088;-0.0884;0;0;0;0;0;0;0;0;0;0;0;0;0;0;0;0;0;0;0;-10.35;0;0;0;0;0.0004;0;0;0;0;0;0;0;-0.0004;-0.0884;0;0;0;0;0;0;0;0;0;-0.7452;0;0.7452;1;1;0;0;0;0
10/10/21 22:00;0;0;90;0;0;90;0;0;0;0;8.8899;3.21;0;0;0;0;0;0;0;0;0;0;0;0;0;1;1;1;1;0;0;0;0;0;0;0;0;0;0;0;0;0;0;0;0;0;0;0;0;0;0;0;0;0;0;0;0;0;0;0;0;0;0;0;1;1;1;1;1;1;1;1;1;1;1;1;1;1;1;1;1;1;1;0;0;0;0;0;0;0;0;0;0.0004;0.088;-0.0884;0;0;0;0;0;0;0;0;0;0;0;0;0;0;0;0;0;0;0;-8.8899;0;0;0;0;0.0004;0;0;0;0;0;0;0;-0.0004;-0.0884;0;0;0;0;0;0;0;0;0;-0.7452;0;0.7452;1;1;0;0;0;0
10/10/21 23:00;0;0;90;0;0;90;0;0;0;0;7.1601;3.1801;0;0;0;0;0;0;0;0;0;0;0;0;0;1;1;1;1;0;0;0;0;0;0;0;0;0;0;0;0;0;0;0;0;0;0;0;0;0;0;0;0;0;0;0;0;0;0;0;0;0;0;0;1;1;1;1;1;1;1;1;1;1;1;1;1;1;1;1;1;1;1;0;0;0;0;0;0;0;0;0;0.0004;0.088;-0.0884;0;0;0;0;0;0;0;0;0;0;0;0;0;0;0;0;0;0;0;-7.1601;0;0;0;0;0.0004;0;0;0;0;0;0;0;-0.0004;-0.0884;0;0;0;0;0;0;0;0;0;-0.7452;0;0.7452;1;1;0;0;0;0
11/10/21 00:00;0;0;90;0;0;90;0;0;0;0;6.6901;2.65;0;0;0;0;0;0;0;0;0;0;0;0;0;1;1;1;1;0;0;0;0;0;0;0;0;0;0;0;0;0;0;0;0;0;0;0;0;0;0;0;0;0;0;0;0;0;0;0;0;0;0;0;1;1;1;1;1;1;1;1;1;1;1;1;1;1;1;1;1;1;1;0;0;0;0;0;0;0;0;0;0.0004;0.088;-0.0884;0;0;0;0;0;0;0;0;0;0;0;0;0;0;0;0;0;0;0;-6.6901;0;0;0;0;0.0004;0;0;0;0;0;0;0;-0.0004;-0.0884;0;0;0;0;0;0;0;0;0;-0.7452;0;0.7452;1;1;0;0;0;0
11/10/21 01:00;0;0;90;0;0;90;0;0;0;0;6.1603;2.2499;0;0;0;0;0;0;0;0;0;0;0;0;0;1;1;1;1;0;0;0;0;0;0;0;0;0;0;0;0;0;0;0;0;0;0;0;0;0;0;0;0;0;0;0;0;0;0;0;0;0;0;0;1;1;1;1;1;1;1;1;1;1;1;1;1;1;1;1;1;1;1;0;0;0;0;0;0;0;0;0;0.0004;0.088;-0.0884;0;0;0;0;0;0;0;0;0;0;0;0;0;0;0;0;0;0;0;-6.1603;0;0;0;0;0.0004;0;0;0;0;0;0;0;-0.0004;-0.0884;0;0;0;0;0;0;0;0;0;-0.7452;0;0.7452;1;1;0;0;0;0
11/10/21 02:00;0;0;90;0;0;90;0;0;0;0;4.86;1.9801;0;0;0;0;0;0;0;0;0;0;0;0;0;1;1;1;1;0;0;0;0;0;0;0;0;0;0;0;0;0;0;0;0;0;0;0;0;0;0;0;0;0;0;0;0;0;0;0;0;0;0;0;1;1;1;1;1;1;1;1;1;1;1;1;1;1;1;1;1;1;1;0;0;0;0;0;0;0;0;0;0.0004;0.088;-0.0884;0;0;0;0;0;0;0;0;0;0;0;0;0;0;0;0;0;0;0;-4.86;0;0;0;0;0.0004;0;0;0;0;0;0;0;-0.0004;-0.0884;0;0;0;0;0;0;0;0;0;-0.7452;0;0.7452;1;1;0;0;0;0
11/10/21 03:00;0;0;90;0;0;90;0;0;0;0;4.6001;1.9101;0;0;0;0;0;0;0;0;0;0;0;0;0;1;1;1;1;0;0;0;0;0;0;0;0;0;0;0;0;0;0;0;0;0;0;0;0;0;0;0;0;0;0;0;0;0;0;0;0;0;0;0;1;1;1;1;1;1;1;1;1;1;1;1;1;1;1;1;1;1;1;0;0;0;0;0;0;0;0;0;0.0004;0.088;-0.0884;0;0;0;0;0;0;0;0;0;0;0;0;0;0;0;0;0;0;0;-4.6001;0;0;0;0;0.0004;0;0;0;0;0;0;0;-0.0004;-0.0884;0;0;0;0;0;0;0;0;0;-0.7452;0;0.7452;1;1;0;0;0;0
11/10/21 04:00;0;0;90;0;0;90;0;0;0;0;4.1002;1.87;0;0;0;0;0;0;0;0;0;0;0;0;0;1;1;1;1;0;0;0;0;0;0;0;0;0;0;0;0;0;0;0;0;0;0;0;0;0;0;0;0;0;0;0;0;0;0;0;0;0;0;0;1;1;1;1;1;1;1;1;1;1;1;1;1;1;1;1;1;1;1;0;0;0;0;0;0;0;0;0;0.0004;0.088;-0.0884;0;0;0;0;0;0;0;0;0;0;0;0;0;0;0;0;0;0;0;-4.1002;0;0;0;0;0.0004;0;0;0;0;0;0;0;-0.0004;-0.0884;0;0;0;0;0;0;0;0;0;-0.7452;0;0.7452;1;1;0;0;0;0
11/10/21 05:00;3.6546;-96.248;81.107;3.6764;5.27;-90;-5.27;15.999;15.499;0.4999;3.7299;1.9101;0;1.2123;15.378;0.2144;0;0.0068;16.811;0;16.811;1.2123;0.2144;15.378;0.0068;0.0721;0.9151;0;0.0004;16.767;0.0447;0;0;0.039;0.0056;15.567;1.1832;0.4388;0.0776;0.6666;0.0003;16.75;0.0168;0.0012;0.0002;0.0153;0;15.567;0.7723;0.1366;14.657;0.0009;9.1387;7.3566;2.7105;0.0002;0.1061;1.5268;0.0004;1.6327;0;1;0;0;1.0508;0.9973;1;1;0.9975;0.1675;0.9294;0.6377;1;0.9565;0.7767;0.999;0.999;1;0.999;0.999;0.926;0.9531;0.13;0.0478;0.0476;0.0003;0.0077;-0.0035;0.0003;0.0011;0.0003;0;0;0.088;-0.0505;0;0;0;0;0;0;0;0;0;0;0;0;0.0009;0;0.0406;0.0406;0;4.5041;4.5041;0.7741;0.0497;38.793;1046.2;1;0.0031;0.0031;0;0;0;0;0;0;0.0375;-0.0505;0;15.952;18.472;-19.841;-22.976;92.45;92.45;0.4035;0.3423;-0.4257;0.0612;0.768;0.1517;1.9033;0;9.1358;0;0
11/10/21 06:00;13.451;-89.399;55.657;13.452;20.894;-90;-20.894;159.4;65.103;94.3;5.3799;1.73;0;228.7;44.396;46.559;0;1.0482;320.71;0;320.71;228.7;46.559;44.396;1.0482;0.7131;0.1417;0;0.0033;318.73;1.9778;0;0;1.1;0.8777;310.69;7.7167;5.1487;1.0482;1.4828;0.037;318.41;0.3187;0.2287;0.0466;0.0433;0.0002;310.77;223.33;45.465;41.77;0.1333;28.261;22.75;8.6861;0.1863;0.3206;4.6111;0.0768;4.7454;0;1;0;0;2.0119;0.9938;1;1;0.9752;0.1626;0.9758;0.9775;1;0.9657;0.7827;0.999;0.999;1;0.999;0.999;0.9688;0.9408;0.1272;0.9127;0.8984;0.0054;0.0136;-0.0143;0.0063;0.0222;0.0009;0;0;0.088;0.7419;0;0;0;0;0;0;0;0;0;0;0;0;0.0179;0.0022;0.8443;0.8443;0;20.496;20.496;15.116;0.0487;769.73;1096.9;1;0.0144;0.0144;0;0;0;0;0;0;0.8299;0.7419;0;17.397;20.145;15.286;17.701;98.29;98.29;7.697;7.1203;6.2564;0.5767;0.8639;0.0749;0.1122;0.8128;27.705;0.8042;0
11/10/21 07:00;25.658;-80.343;9.5748;25.979;60;-90;-60;323.9;142.5;181.41;7.9997;1.8399;0;413.11;74.305;98.89;0;16.195;602.5;0;602.5;413.11;98.89;74.305;16.195;0.6857;0.1502;0;0.0269;578.12;24.383;0;0;9.3092;15.074;575;2.5392;0.1365;0.0327;2.2973;0.0727;577.54;0.5781;0.4131;0.0989;0.065;0.0011;577.68;412.56;98.758;62.633;1.0472;79.462;63.967;28.174;12.426;1.4311;20.586;2.6845;9.591;0;1;0;0;1.8601;0.9595;1;1;0.8747;0.0692;0.9956;0.9997;1;0.9646;0.9351;0.999;0.999;1;0.999;0.999;0.9544;0.8429;0.0647;1.7147;1.694;0.0102;0.0027;0.0668;0.0113;0.0401;0.0037;0;0;0.088;1.4076;0;0;0;0;0;0;0;0;0;0;0;0;0.0323;0.007;1.52;1.52;0;36.25;36.25;28.25;0.0491;1457.7;1042.7;1;0.0244;0.0244;0;0;0;0;0;0;1.4956;1.4076;0;16.67;19.304;15.437;17.876;98.394;98.394;14.46;12.818;11.87;1.6419;0.948;0.1135;0.0656;0.8209;64.707;0.8004;0
11/10/21 08:00;37.503;-69.726;15.956;39.287;50.713;-90;-50.713;513;172.2;340.8;10.85;2.12;0;538.21;83.361;110.73;0;18.817;751.12;0;751.12;538.21;110.73;83.361;18.817;0.7165;0.136;0;0.0251;725.44;25.68;0;0;8.1843;17.496;721.8;2.913;0.2963;0.061;2.5008;0.0549;724.72;0.7254;0.5382;0.1107;0.0752;0.0013;726.25;537.38;110.56;72.601;1.2641;210.21;169.22;66.891;7.706;2.6468;38.073;4.4491;33.014;0;1;0;0;1.4642;0.9658;1;1;0.9018;0.0702;0.996;0.9994;1;0.9667;0.9584;0.999;0.999;1;0.999;0.999;0.961;0.8709;0.0672;2.1376;2.1541;0.013;-0.0013;0.163;0.0139;0.0491;0.0066;0;0;0.088;1.741;0;0;0;0;0;0;0;0;0;0;0;0;0.0396;0.0109;1.8592;1.8592;0;46.592;46.592;35.741;0.0495;1854;1002.8;1;0.0302;0.0302;0;0;0;0;0;0;1.829;1.741;0;16.356;18.94;15.317;17.736;98.377;98.377;18.027;15.679;14.682;2.348;0.9966;0.1302;0.0553;0.8145;65.56;0.7847;0
11/10/21 09:00;48.421;-55.817;21.892;53.725;36.275;-90;-36.275;378.6;328.2;50.4;12.4;2.5301;0;62.516;281.87;19.951;0;7.3379;371.67;0;371.67;62.516;19.951;281.87;7.3379;0.1682;0.7781;0;0.0197;348.26;23.417;0;0;16.824;6.5929;339.2;8.7083;0.0472;0.0151;8.5516;0.0944;347.91;0.3483;0.0625;0.02;0.265;0.0007;341.56;62.406;19.916;256.23;0.6498;227.32;182.99;73.283;8.2121;2.7928;40.173;2.3601;34.754;0;1;0;0;0.9817;0.937;1;1;0.9403;0.1015;0.975;0.9992;1;0.9677;0.8732;0.999;0.999;1;0.999;0.999;0.9126;0.909;0.0886;1.0578;1.0577;0.0064;0.0114;0.015;0.0072;0.0254;0.0074;0;0;0.088;0.8577;0;0;0;0;0;0;0;0;0;0;0;0;0.0205;0.0029;0.9615;0.9615;0;29.01;29.01;16.61;0.049;905.34;1062;1;0.0158;0.0158;0;0;0;0;0;0;0.9457;0.8577;0;17.094;19.794;15.249;17.658;98.359;98.359;8.9202;8.1082;7.2331;0.812;0.8751;0.091;0.0981;0.8109;194.67;0.7502;0
11/10/21 10:00;57.27;-35.818;26.003;69.387;20.613;-90;-20.613;921.99;152.1;769.9;13.98;2.84;0;822.56;49.216;108.18;0;5.9027;985.86;0;985.86;822.56;108.18;49.216;5.9027;0.8344;0.0559;0;0.006;979.73;6.1308;0;0;1.1933;4.9375;976.05;2.6939;0.7381;0.0971;1.6484;0.2104;978.75;0.9797;0.8226;0.1082;0.048;0.001;977.47;821;107.97;46.326;0.7539;519.94;418.55;164.49;0.1977;5.383;77.433;1.4139;82.618;0;1;0;0;1.0693;0.9938;1;1;0.9758;0.1635;0.9972;0.9991;1;0.9656;0.7818;0.999;0.999;1;0.999;0.999;0.9901;0.9413;0.1277;2.8057;2.9517;0.0178;0.001;0.3938;0.0178;0.063;0.0126;0;0;0.088;2.2469;0;0;0;0;0;0;0;0;0;0;0;0;0.0508;0.0199;2.3749;2.3749;0;62.954;62.954;48.974;0.0502;2538.7;935.51;1;0.04;0.04;0;0;0;0;0;0;2.3349;2.2469;0;15.919;18.434;15.061;17.44;98.314;98.314;23.661;20.028;18.948;3.6323;1.0798;0.1535;0.0456;0.8008;30.67;0.7564;0
11/10/21 11:00;61.885;-7.5935;27.847;85.961;4.0386;-90;-4.0386;282.29;276;6.2917;15.14;2.59;0;6.3074;274.23;1.4357;0;0.0701;282.04;0;282.04;6.3074;1.4357;274.23;0.0701;0.0224;0.9725;0;0.0002;281.52;0.519;0;0;0.4605;0.0584;269.18;12.064;0.0061;0.0014;12.054;0.0026;281.24;0.2815;0.0063;0.0014;0.2738;0;269.18;6.295;1.4329;261.44;0.0091;167.22;134.61;49.636;-0.0006;1.9394;27.898;0.0003;29.838;0;1;0;0;0.9991;0.9982;1;1;0.9983;0.1667;0.9571;0.999;1;0.9559;0.7773;0.999;0.999;1;0.999;0.999;0.9544;0.9534;0.1295;0.8027;0.826;0.005;0.0145;0.0098;0.0056;0.0198;0.0051;0;0;0.088;0.6478;0;0;0;0;0;0;0;0;0;0;0;0;0.0159;0.0019;0.7485;0.7485;0;28.335;28.335;13.195;0.049;706.18;1059.9;1;0.0126;0.0126;0;0;0;0;0;0;0.7358;0.6478;0;17.536;20.306;15.178;17.576;98.313;98.313;6.769;6.3119;5.4634;0.4571;0.8486;0.0675;0.1254;0.8071;162.68;0.7515;0
11/10/21 12:00;60.18;23.227;27.192;77.263;12.737;90;12.737;335.1;322.3;12.796;15;2.11;0;13.119;314.92;3.5451;0;0.8247;332.41;0;332.41;13.119;3.5451;314.92;0.8247;0.0395;0.9499;0;0.0025;328.3;4.1045;0;0;3.4182;0.6864;315.74;12.23;0.0123;0.0033;12.184;0.0311;327.98;0.3283;0.0131;0.0035;0.3115;0.0001;315.91;13.094;3.5382;299.01;0.107;199.62;160.7;59.814;0.2261;2.2935;32.991;0.1627;35.058;0;1;0;0;0.992;0.9877;1;1;0.9891;0.1677;0.9627;0.9991;1;0.9608;0.7748;0.999;0.999;1;0.999;0.999;0.9499;0.9495;0.1298;0.946;0.9699;0.0058;0.0126;0.0189;0.0065;0.0232;0.006;0;0;0.088;0.7733;0;0;0;0;0;0;0;0;0;0;0;0;0.0186;0.0025;0.8757;0.8757;0;30.488;30.488;15.488;0.0491;830.57;1054.3;1;0.0144;0.0144;0;0;0;0;0;0;0.8613;0.7733;0;17.408;20.158;15.372;17.801;98.358;98.358;7.9778;7.3847;6.5213;0.5931;0.8633;0.0743;0.1082;0.8174;190.21;0.7609;0
11/10/21 13:00;53.032;47.186;24.123;61.096;28.904;90;28.904;707.09;267;440.09;16.1;1.7501;0;502.72;150.06;122.2;0;8.8085;783.78;0;783.78;502.72;122.2;150.06;8.8085;0.6414;0.2027;0;0.0112;769.83;13.954;0;0;6.2746;7.6797;763.63;5.4266;0.4185;0.1017;4.6984;0.208;769.06;0.7698;0.5027;0.1222;0.1438;0.0011;765.99;501.79;121.98;138.94;0.9197;388.84;313.01;123.36;1.999;4.1235;59.315;2.3627;61.44;0;1;0;0;1.1085;0.9822;1;1;0.9582;0.1281;0.9929;0.9992;1;0.9673;0.8156;0.999;0.999;1;0.999;0.999;0.9743;0.9259;0.1044;2.2306;2.3104;0.0139;-0.0019;0.2369;0.0144;0.0512;0.01;0;0;0.088;1.8131;0;0;0;0;0;0;0;0;0;0;0;0;0.0412;0.0125;1.932;1.932;0;54.144;54.144;38.044;0.0498;1990.2;970.76;1;0.0309;0.0309;0;0;0;0;0;0;1.9011;1.8131;0;16.288;18.862;15.286;17.7;98.399;98.399;18.811;16.293;15.29;2.5181;1.003;0.1339;0.0533;0.8128;98.171;0.7692;0
11/10/21 14:00;42.909;63.608;19;46.06;43.94;90;43.94;220.19;215.6;4.5909;16.41;1.8201;0;6.3756;184.52;1.4686;0;6.164;198.52;0;198.52;6.3756;1.4686;184.52;6.164;0.0321;0.9605;0;0.031;178.06;20.46;0;0;14.754;5.7061;172.33;5.5551;0.0042;0.001;5.519;0.0309;177.89;0.1781;0.0064;0.0015;0.1698;0.0005;174.57;6.3651;1.4662;164.07;0.4265;138.44;111.44;46.079;10.381;1.9562;28.139;2.2343;19.714;0;1;0;0;0.9016;0.8969;1;1;0.92;0.0743;0.9688;0.9993;1;0.9675;0.9324;0.999;0.999;1;0.999;0.999;0.8681;0.8892;0.0692;0.565;0.5558;0.0033;0.0169;-0.0003;0.0038;0.0133;0.0052;0;0;0.088;0.4045;0;0;0;0;0;0;0;0;0;0;0;0;0.0107;0.001;0.5019;0.5019;0;24.863;24.863;8.4532;0.0491;473.98;1058.9;1;0.0094;0.0094;0;0;0;0;0;0;0.4925;0.4045;0;16.706;19.345;13.465;15.593;98.135;98.135;4.7646;4.2326;3.4115;0.532;0.8211;0.1117;0.1723;0.716;136.01;0.6473;0
11/10/21 15:00;31.414;75.529;12.314;32.242;57.758;90;57.758;404.8;242.8;161.99;16.2;1.9999;0;303.65;144.08;102.89;0;18.884;569.5;0;569.5;303.65;102.89;144.08;18.884;0.5332;0.2862;0;0.0332;534.68;34.825;0;0;17.14;17.685;529.5;4.6472;0.129;0.0437;4.4081;0.0663;534.14;0.5347;0.3036;0.1029;0.1269;0.0012;534.71;303.22;102.74;122.41;1.1314;172.29;138.7;58.235;21.034;2.9043;41.778;5.2191;23.649;0;1;0;0;1.4069;0.9388;1;1;0.881;0.0635;0.9913;0.9996;1;0.9652;0.9446;0.999;0.999;1;0.999;0.999;0.9298;0.8496;0.0599;1.6208;1.6135;0.0097;0.0037;0.0987;0.0105;0.0373;0.0074;0;0;0.088;1.3001;0;0;0;0;0;0;0;0;0;0;0;0;0.03;0.0064;1.4099;1.4099;0;42.354;42.354;26.154;0.0494;1387.3;1016.3;1;0.0218;0.0218;0;0;0;0;0;0;1.3881;1.3001;0;16.359;18.943;15.085;17.468;98.452;98.452;13.668;11.89;10.963;1.7784;0.9262;0.1301;0.0678;0.8021;122.21;0.7604;0
11/10/21 16:00;19.33;85.171;36.605;19.393;34.247;90;34.247;98.005;96.4;1.6051;17.04;1.6601;0;3.8927;87.732;0.8247;0;1.6993;94.149;0;94.149;3.8927;0.8247;87.732;1.6993;0.0413;0.9499;0;0.018;87.829;6.3204;0;0;4.8003;1.5201;85.014;2.7269;0.0191;0.004;2.6774;0.0264;87.741;0.0878;0.0039;0.0008;0.0829;0.0002;85.554;3.8698;0.8198;80.172;0.1526;59.649;48.018;19.073;2.0978;0.7393;10.635;0.5402;9.2762;0;1;0;0;0.9607;0.9329;1;1;0.9453;0.1054;0.9689;0.9951;1;0.9677;0.8526;0.999;0.999;1;0.999;0.999;0.903;0.9138;0.0898;0.2679;0.2661;0.0016;0.0161;-0.0037;0.0018;0.0063;0.0019;0;0;0.088;0.1422;0;0;0;0;0;0;0;0;0;0;0;0;0.005;0.0003;0.2368;0.2368;0;21.226;21.226;4.1859;0.0492;226.15;1047.1;1;0.0066;0.0066;0;0;0;0;0;0;0.2302;0.1422;0;16.62;19.246;9.9811;11.558;97.216;97.216;2.2596;1.997;1.1993;0.2626;0.7977;0.1162;0.353;0.5307;59.64;0.4894;0
11/10/21 17:00;7.0739;93.86;72.622;7.0898;10.328;90;10.328;28.892;28.596;0.2952;14.5;1.4201;0;0.7159;28.315;0.1209;0;0.0468;29.199;0;29.199;0.7159;0.1209;28.315;0.0468;0.0245;0.9713;0;0.0016;28.944;0.2552;0;0;0.2162;0.039;27.652;1.2631;0.1023;0.0173;1.1417;0.0018;28.915;0.0289;0.0007;0.0001;0.0281;0;27.66;0.6129;0.1035;26.929;0.0061;16.989;13.676;5.0604;0.0093;0.1965;2.8265;0.0079;3.0137;0;1;0;0;1.0106;0.9913;1;1;0.9924;0.1679;0.9563;0.8569;1;0.9593;0.7748;0.999;0.999;1;0.999;0.999;0.947;0.9511;0.13;0.0831;0.0848;0.0005;0.0103;-0.0028;0.0005;0.0019;0.0005;0;0;0.088;-0.0195;0;0;0;0;0;0;0;0;0;0;0;0;0.0015;0.0001;0.0723;0.0723;0;15.874;15.874;1.3746;0.0497;70.773;1022;1;0.0038;0.0038;0;0;0;0;0;0;0.0685;-0.0195;0;16.369;18.955;-4.4093;-5.1059;94.725;94.725;0.7008;0.61;-0.1643;0.0908;0.7743;0.1296;1.1049;0;16.987;0;0
11/10/21 18:00;0.5703;98.422;88.617;0.5765;0.8218;90;0.8218;0;0;0;13.02;1.78;0;0;0;0;0;0;0;0;0;0;0;0;0;1;1;1;1;0;0;0;0;0;0;0;0;0;0;0;0;0;0;0;0;0;0;0;0;0;0;0;0;0;0;0;0;0;0;0;0;0;0;0;1;1;1;1;1;1;1;1;1;1;1;1;1;1;1;1;1;1;1;0;0;0;0;0;0;0;0;0;0.0004;0.088;-0.0884;0;0;0;0;0;0;0;0;0;0;0;0;0;0;0;0;0;0;0;-13.02;0;0;0;0;0.0004;0;0;0;0;0;0;0;-0.0004;-0.0884;0;0;0;0;0;0;0;0;0;-0.7452;0;0.7452;1;1;0;0;0;0
11/10/21 19:00;0;0;90;0;0;90;0;0;0;0;9.31;3.1801;0;0;0;0;0;0;0;0;0;0;0;0;0;1;1;1;1;0;0;0;0;0;0;0;0;0;0;0;0;0;0;0;0;0;0;0;0;0;0;0;0;0;0;0;0;0;0;0;0;0;0;0;1;1;1;1;1;1;1;1;1;1;1;1;1;1;1;1;1;1;1;0;0;0;0;0;0;0;0;0;0.0004;0.088;-0.0884;0;0;0;0;0;0;0;0;0;0;0;0;0;0;0;0;0;0;0;-9.31;0;0;0;0;0.0004;0;0;0;0;0;0;0;-0.0004;-0.0884;0;0;0;0;0;0;0;0;0;-0.7452;0;0.7452;1;1;0;0;0;0
11/10/21 20:00;0;0;90;0;0;90;0;0;0;0;8.4903;4.73;0;0;0;0;0;0;0;0;0;0;0;0;0;1;1;1;1;0;0;0;0;0;0;0;0;0;0;0;0;0;0;0;0;0;0;0;0;0;0;0;0;0;0;0;0;0;0;0;0;0;0;0;1;1;1;1;1;1;1;1;1;1;1;1;1;1;1;1;1;1;1;0;0;0;0;0;0;0;0;0;0.0004;0.088;-0.0884;0;0;0;0;0;0;0;0;0;0;0;0;0;0;0;0;0;0;0;-8.4903;0;0;0;0;0.0004;0;0;0;0;0;0;0;-0.0004;-0.0884;0;0;0;0;0;0;0;0;0;-0.7452;0;0.7452;1;1;0;0;0;0
11/10/21 21:00;0;0;90;0;0;90;0;0;0;0;12.32;5.68;0;0;0;0;0;0;0;0;0;0;0;0;0;1;1;1;1;0;0;0;0;0;0;0;0;0;0;0;0;0;0;0;0;0;0;0;0;0;0;0;0;0;0;0;0;0;0;0;0;0;0;0;1;1;1;1;1;1;1;1;1;1;1;1;1;1;1;1;1;1;1;0;0;0;0;0;0;0;0;0;0.0004;0.088;-0.0884;0;0;0;0;0;0;0;0;0;0;0;0;0;0;0;0;0;0;0;-12.32;0;0;0;0;0.0004;0;0;0;0;0;0;0;-0.0004;-0.0884;0;0;0;0;0;0;0;0;0;-0.7452;0;0.7452;1;1;0;0;0;0
11/10/21 22:00;0;0;90;0;0;90;0;0;0;0;11.88;5.4299;0;0;0;0;0;0;0;0;0;0;0;0;0;1;1;1;1;0;0;0;0;0;0;0;0;0;0;0;0;0;0;0;0;0;0;0;0;0;0;0;0;0;0;0;0;0;0;0;0;0;0;0;1;1;1;1;1;1;1;1;1;1;1;1;1;1;1;1;1;1;1;0;0;0;0;0;0;0;0;0;0.0004;0.088;-0.0884;0;0;0;0;0;0;0;0;0;0;0;0;0;0;0;0;0;0;0;-11.88;0;0;0;0;0.0004;0;0;0;0;0;0;0;-0.0004;-0.0884;0;0;0;0;0;0;0;0;0;-0.7452;0;0.7452;1;1;0;0;0;0
11/10/21 23:00;0;0;90;0;0;90;0;0;0;0;10.74;5.36;0;0;0;0;0;0;0;0;0;0;0;0;0;1;1;1;1;0;0;0;0;0;0;0;0;0;0;0;0;0;0;0;0;0;0;0;0;0;0;0;0;0;0;0;0;0;0;0;0;0;0;0;1;1;1;1;1;1;1;1;1;1;1;1;1;1;1;1;1;1;1;0;0;0;0;0;0;0;0;0;0.0004;0.088;-0.0884;0;0;0;0;0;0;0;0;0;0;0;0;0;0;0;0;0;0;0;-10.74;0;0;0;0;0.0004;0;0;0;0;0;0;0;-0.0004;-0.0884;0;0;0;0;0;0;0;0;0;-0.7452;0;0.7452;1;1;0;0;0;0
12/10/21 00:00;0;0;90;0;0;90;0;0;0;0;10.37;5.3201;0;0;0;0;0;0;0;0;0;0;0;0;0;1;1;1;1;0;0;0;0;0;0;0;0;0;0;0;0;0;0;0;0;0;0;0;0;0;0;0;0;0;0;0;0;0;0;0;0;0;0;0;1;1;1;1;1;1;1;1;1;1;1;1;1;1;1;1;1;1;1;0;0;0;0;0;0;0;0;0;0.0004;0.088;-0.0884;0;0;0;0;0;0;0;0;0;0;0;0;0;0;0;0;0;0;0;-10.37;0;0;0;0;0.0004;0;0;0;0;0;0;0;-0.0004;-0.0884;0;0;0;0;0;0;0;0;0;-0.7452;0;0.7452;1;1;0;0;0;0
12/10/21 01:00;0;0;90;0;0;90;0;0;0;0;10.39;5.0999;0;0;0;0;0;0;0;0;0;0;0;0;0;1;1;1;1;0;0;0;0;0;0;0;0;0;0;0;0;0;0;0;0;0;0;0;0;0;0;0;0;0;0;0;0;0;0;0;0;0;0;0;1;1;1;1;1;1;1;1;1;1;1;1;1;1;1;1;1;1;1;0;0;0;0;0;0;0;0;0;0.0004;0.088;-0.0884;0;0;0;0;0;0;0;0;0;0;0;0;0;0;0;0;0;0;0;-10.39;0;0;0;0;0.0004;0;0;0;0;0;0;0;-0.0004;-0.0884;0;0;0;0;0;0;0;0;0;-0.7452;0;0.7452;1;1;0;0;0;0
12/10/21 02:00;0;0;90;0;0;90;0;0;0;0;9.9402;5.13;0;0;0;0;0;0;0;0;0;0;0;0;0;1;1;1;1;0;0;0;0;0;0;0;0;0;0;0;0;0;0;0;0;0;0;0;0;0;0;0;0;0;0;0;0;0;0;0;0;0;0;0;1;1;1;1;1;1;1;1;1;1;1;1;1;1;1;1;1;1;1;0;0;0;0;0;0;0;0;0;0.0004;0.088;-0.0884;0;0;0;0;0;0;0;0;0;0;0;0;0;0;0;0;0;0;0;-9.9402;0;0;0;0;0.0004;0;0;0;0;0;0;0;-0.0004;-0.0884;0;0;0;0;0;0;0;0;0;-0.7452;0;0.7452;1;1;0;0;0;0
12/10/21 03:00;0;0;90;0;0;90;0;0;0;0;9.8298;5.04;0;0;0;0;0;0;0;0;0;0;0;0;0;1;1;1;1;0;0;0;0;0;0;0;0;0;0;0;0;0;0;0;0;0;0;0;0;0;0;0;0;0;0;0;0;0;0;0;0;0;0;0;1;1;1;1;1;1;1;1;1;1;1;1;1;1;1;1;1;1;1;0;0;0;0;0;0;0;0;0;0.0004;0.088;-0.0884;0;0;0;0;0;0;0;0;0;0;0;0;0;0;0;0;0;0;0;-9.8298;0;0;0;0;0.0004;0;0;0;0;0;0;0;-0.0004;-0.0884;0;0;0;0;0;0;0;0;0;-0.7452;0;0.7452;1;1;0;0;0;0
12/10/21 04:00;0;0;90;0;0;90;0;0;0;0;8.1998;4.99;0;0;0;0;0;0;0;0;0;0;0;0;0;1;1;1;1;0;0;0;0;0;0;0;0;0;0;0;0;0;0;0;0;0;0;0;0;0;0;0;0;0;0;0;0;0;0;0;0;0;0;0;1;1;1;1;1;1;1;1;1;1;1;1;1;1;1;1;1;1;1;0;0;0;0;0;0;0;0;0;0.0004;0.088;-0.0884;0;0;0;0;0;0;0;0;0;0;0;0;0;0;0;0;0;0;0;-8.1998;0;0;0;0;0.0004;0;0;0;0;0;0;0;-0.0004;-0.0884;0;0;0;0;0;0;0;0;0;-0.7452;0;0.7452;1;1;0;0;0;0
12/10/21 05:00;3.922;-96.52;80.451;3.9474;5.6636;-90;-5.6636;9.1031;9.0001;0.103;9.7201;5.5799;0;0.2499;8.9683;0.0239;0;0.0044;9.2465;0;9.2465;0.2499;0.0239;8.9683;0.0044;0.027;0.9704;0;0.0005;9.2173;0.0292;0;0;0.0255;0.0037;8.7288;0.4793;0.0842;0.0081;0.3869;0.0002;9.2081;0.0092;0.0002;0;0.0089;0;8.7291;0.1654;0.0158;8.5469;0.0006;5.3314;4.2918;1.5814;0.0002;0.0619;0.8906;0.0003;0.9523;0;1;0;0;1.0158;0.9968;1;1;0.9972;0.1677;0.9479;0.6628;1;0.9567;0.7766;0.999;0.999;1;0.999;0.999;0.944;0.953;0.1301;0.0263;0.0268;0.0002;0.0057;-0.0013;0.0002;0.0006;0.0001;0;0;0.088;-0.0695;0;0;0;0;0;0;0;0;0;0;0;0;0.0004;0;0.021;0.021;0;10.162;10.162;0.4416;0.0506;21.104;993.19;1;0.0024;0.0024;0;0;0;0;0;0;0.0185;-0.0695;0;14.979;17.345;-49.66;-57.505;88.313;88.313;0.2219;0.1768;-0.586;0.0452;0.7628;0.2035;3.4372;0;5.3308;0;0
12/10/21 06:00;13.716;-89.68;54.897;13.716;21.388;-90;-21.388;108.3;89.801;18.498;10.61;6.25;0;44.864;81.791;12.353;0;0.7458;139.75;0;139.75;44.864;12.353;81.791;0.7458;0.321;0.5906;0;0.0053;137.02;2.7298;0;0;2.104;0.6258;132.96;3.9254;0.9261;0.255;2.7184;0.0259;136.89;0.137;0.0449;0.0124;0.0797;0.0001;133.11;43.893;12.085;76.889;0.0941;51.287;41.286;15.634;0.3735;0.5924;8.5217;0.1504;8.7406;0;1;0;0;1.2904;0.9805;1;1;0.9743;0.161;0.9713;0.9793;1;0.9659;0.7843;0.999;0.999;1;0.999;0.999;0.9514;0.9401;0.1261;0.3977;0.3979;0.0024;0.0172;-0.0113;0.0027;0.0097;0.0016;0;0;0.088;0.2712;0;0;0;0;0;0;0;0;0;0;0;0;0.0078;0.0006;0.3673;0.3673;0;17.105;17.105;6.4949;0.0488;339.54;1081.8;1;0.0082;0.0082;0;0;0;0;0;0;0.3592;0.2712;0;17.368;20.112;12.821;14.847;97.777;97.777;3.3541;3.0977;2.2868;0.2564;0.811;0.0764;0.2418;0.6818;51.171;0.652;0
12/10/21 07:00;25.929;-80.641;9.2096;26.232;60;-90;-60;182.1;167.8;14.299;11.66;7.0199;0;32.281;122.86;9.0063;0;9.1051;173.25;0;173.25;32.281;9.0063;122.86;9.1051;0.1863;0.7617;0;0.0526;149.38;23.867;0;0;15.392;8.4748;145.38;3.8525;0.0103;0.0029;3.7986;0.0409;149.24;0.1494;0.0323;0.009;0.1075;0.0006;148.87;32.239;8.9944;103.56;0.5887;108.34;87.212;38.794;20.542;2.1604;31.076;3.4866;12.694;0;1;0;0;0.9514;0.8622;1;1;0.8747;0.0692;0.9742;0.9997;1;0.9646;0.9351;0.999;0.999;1;0.999;0.999;0.8391;0.8429;0.0647;0.4931;0.4882;0.0029;0.0172;-0.0109;0.0034;0.0119;0.0058;0;0;0.088;0.3506;0;0;0;0;0;0;0;0;0;0;0;0;0.0096;0.0008;0.4476;0.4476;0;18.766;18.766;7.1057;0.0489;415.29;1077.7;1;0.009;0.009;0;0;0;0;0;0;0.4386;0.3506;0;17.071;19.767;13.372;15.485;97.995;97.995;4.1581;3.7744;2.9566;0.3836;0.8178;0.0923;0.1967;0.7111;106.99;0.6269;0
12/10/21 08:00;37.79;-70.042;15.649;39.521;50.479;-90;-50.479;258.7;240.4;18.295;13.6;7.06;0;28.75;192.42;8.1997;0;9.4072;238.78;0;238.78;28.75;8.1997;192.42;9.4072;0.1204;0.8453;0;0.0394;211.27;27.511;0;0;18.765;8.7453;205.24;5.8182;0.0155;0.0044;5.7705;0.0277;211.06;0.2113;0.0287;0.0082;0.1737;0.0007;208.76;28.705;8.1871;167.71;0.6335;159.33;128.26;54.24;17.495;2.5334;36.443;3.5168;21.481;0;1;0;0;0.923;0.8848;1;1;0.9025;0.0704;0.9724;0.9995;1;0.9667;0.9581;0.999;0.999;1;0.999;0.999;0.8595;0.8716;0.0673;0.6795;0.6703;0.004;0.0161;-0.0033;0.0046;0.0162;0.0067;0;0;0.088;0.5126;0;0;0;0;0;0;0;0;0;0;0;0;0.0131;0.0013;0.6114;0.6114;0;23.642;23.642;10.042;0.0489;571.52;1069.8;1;0.0108;0.0108;0;0;0;0;0;0;0.6006;0.5126;0;16.921;19.594;14.186;16.427;98.232;98.232;5.7307;5.1563;4.323;0.5745;0.8333;0.1002;0.1454;0.7544;150.97;0.677;0
12/10/21 09:00;48.739;-56.134;21.562;53.928;36.072;-90;-36.072;794.61;130.8;663.81;15.71;6.5499;0;821.27;42.339;103.89;0;15.235;982.73;0;982.73;821.27;103.89;42.339;15.235;0.8357;0.0586;0;0.0155;966.55;16.181;0;0;2.5051;13.676;963.41;2.174;0.611;0.0773;1.2852;0.2004;965.58;0.9665;0.8213;0.1039;0.0398;0.0016;967.54;819.84;103.71;38.509;1.3571;397.38;319.89;127.76;1.2136;4.0502;58.26;4.129;61.097;0;1;0;0;1.2367;0.9835;1;1;0.9408;0.1023;0.9977;0.9993;1;0.9677;0.8713;0.999;0.999;1;0.999;0.999;0.9803;0.9095;0.0891;2.7968;2.8849;0.0174;0.0002;0.3971;0.0173;0.0613;0.0095;0;0;0.088;2.1872;0;0;0;0;0;0;0;0;0;0;0;0;0.0494;0.0191;2.3137;2.3137;0;64.094;64.094;48.385;0.0502;2483;931.82;1;0.0385;0.0385;0;0;0;0;0;0;2.2752;2.1872;0;15.557;18.015;14.707;17.03;98.337;98.337;23.586;19.511;18.445;4.0741;1.0666;0.1727;0.0452;0.782;29.194;0.7488;0
12/10/21 10:00;57.629;-36.052;25.649;69.541;20.459;-90;-20.459;837.1;167;670.1;16.73;6.08;0;715.21;68.446;102.81;0;5.2801;891.75;0;891.75;715.21;102.81;68.446;5.2801;0.802;0.0827;0;0.0059;885.69;6.0538;0;0;1.6397;4.4141;881.6;3.2092;0.633;0.091;2.2961;0.1892;884.81;0.8857;0.7152;0.1028;0.0668;0.0009;882.86;713.86;102.61;64.444;0.676;473.41;381.09;149.53;0.2667;4.9222;70.804;1.2647;75.46;0;1;0;0;1.0653;0.9932;1;1;0.976;0.164;0.9964;0.9991;1;0.9656;0.7814;0.999;0.999;1;0.999;0.999;0.9886;0.9415;0.128;2.5378;2.6678;0.0161;-0.0014;0.3371;0.0162;0.0575;0.0117;0;0;0.088;2.0446;0;0;0;0;0;0;0;0;0;0;0;0;0.0463;0.0164;2.1679;2.1679;0;60.889;60.889;44.159;0.0501;2297;943.77;1;0.0352;0.0352;0;0;0;0;0;0;2.1326;2.0446;0;16.064;18.602;15.151;17.545;98.375;98.375;21.402;18.282;17.243;3.12;1.0392;0.1458;0.0486;0.8057;42.621;0.7605;0
12/10/21 11:00;62.265;-7.5451;27.475;86.051;3.9494;-90;-3.9494;1002.6;165.4;837.19;17.81;5.8199;0;839.19;51.604;114.01;0;0.2381;1005;0;1005;839.19;114.01;51.604;0.2381;0.835;0.0516;0;0.0002;1004.8;0.2822;0;0;0.0838;0.1984;1000.6;3.183;0.7956;0.1081;2.2705;0.0088;1003.7;1.0048;0.8392;0.114;0.0515;0;1000.6;837.55;113.78;49.198;0.0308;590.44;475.3;184.41;-0.0001;6.2533;89.951;0.0115;96.204;0;1;0;0;1.0024;0.9997;1;1;0.9984;0.1667;0.9968;0.9991;1;0.9559;0.7773;0.999;0.999;1;0.999;0.999;0.9956;0.9534;0.1294;2.8602;3.0429;0.0183;0.0022;0.4637;0.0179;0.0635;0.0144;0;0;0.088;2.2627;0;0;0;0;0;0;0;0;0;0;0;0;0.0512;0.0211;2.3905;2.3905;0;68.233;68.233;50.423;0.0504;2619.3;912.67;1;0.0399;0.0399;0;0;0;0;0;0;2.3507;2.2627;0;15.718;18.201;14.877;17.227;98.333;98.333;24.121;20.16;19.082;3.961;1.0782;0.1642;0.0447;0.7911;30.609;0.7414;0
12/10/21 12:00;60.514;23.598;26.812;77.245;12.755;90;12.755;957.7;157.6;800.11;17.9;5.6401;0;820.35;51.642;107.97;0;2.3632;982.33;0;982.33;820.35;107.97;51.642;2.3632;0.8351;0.055;0;0.0024;979.8;2.5287;0;0;0.5618;1.9669;975.87;2.9453;0.759;0.0999;1.9973;0.0892;978.82;0.9798;0.8203;0.108;0.0511;0.0004;976.36;818.77;107.77;49.032;0.3067;555.71;447.35;175.18;0.0378;5.7827;83.182;0.4867;88.927;0;1;0;0;1.0257;0.9974;1;1;0.9891;0.1677;0.997;0.9991;1;0.9609;0.7748;0.999;0.999;1;0.999;0.999;0.9934;0.9495;0.1298;2.7956;2.9601;0.0178;0.0011;0.4385;0.0175;0.0621;0.0134;0;0;0.088;2.2127;0;0;0;0;0;0;0;0;0;0;0;0;0.05;0.02;2.3395;2.3395;0;67.029;67.029;49.129;0.0503;2547.7;918.29;1;0.0388;0.0388;0;0;0;0;0;0;2.3007;2.2127;0;15.738;18.224;14.885;17.236;98.343;98.343;23.576;19.729;18.66;3.8465;1.0691;0.1632;0.0453;0.7915;31.193;0.7443;0
12/10/21 13:00;53.292;47.651;23.745;61.144;28.856;90;28.856;902.5;149;753.5;18.15;5.4101;0;860.33;44.259;116.24;0;11.206;1032;0;1032;860.33;116.24;44.259;11.206;0.8336;0.0537;0;0.0109;1020.4;11.614;0;0;1.8458;9.7678;1016.9;2.4517;0.7049;0.0952;1.3862;0.2654;1019.4;1.0204;0.8603;0.1162;0.0424;0.0014;1019.9;858.76;116.03;40.985;1.1715;483.57;389.27;153.96;0.5884;4.9692;71.48;2.9253;75.86;0;1;0;0;1.1435;0.9887;1;1;0.9583;0.1283;0.9976;0.9992;1;0.9673;0.8153;0.999;0.999;1;0.999;0.999;0.9854;0.926;0.1045;2.9371;3.0611;0.0184;0.0025;0.4799;0.0179;0.0636;0.0114;0;0;0.088;2.267;0;0;0;0;0;0;0;0;0;0;0;0;0.0512;0.0214;2.3948;2.3948;0;69.451;69.451;51.301;0.0504;2637;908.15;1;0.0398;0.0398;0;0;0;0;0;0;2.355;2.267;0;15.334;17.756;14.515;16.808;98.336;98.336;24.769;20.196;19.118;4.573;1.0781;0.1846;0.0435;0.7718;28.946;0.7338;0
12/10/21 14:00;43.114;64.047;18.631;46.158;43.842;90;43.842;767.4;127;640.4;18.22;5.14;0;887.9;34.845;119.95;0;21.391;1064.1;0;1064.1;887.9;119.95;34.845;21.391;0.8344;0.0528;0;0.0201;1041.5;22.576;0;0;2.7772;19.798;1038.7;1.7987;0.5708;0.0771;1.0423;0.1084;1040.5;1.0415;0.8879;0.1199;0.0321;0.0016;1043.9;886.44;119.75;30.993;1.4827;339.05;272.93;107.45;1.9505;3.6165;52.021;5.2416;53.687;0;1;0;0;1.3866;0.9788;1;1;0.9203;0.0745;0.9983;0.9994;1;0.9675;0.9319;0.999;0.999;1;0.999;0.999;0.9761;0.8895;0.0693;3.0283;3.0909;0.0186;0.003;0.4981;0.018;0.0638;0.0082;0;0;0.088;2.2799;0;0;0;0;0;0;0;0;0;0;0;0;0.0514;0.0218;2.4079;2.4079;0;70.671;70.671;52.451;0.0505;2664.7;903.62;1;0.04;0.04;0;0;0;0;0;0;2.3679;2.2799;0;14.953;17.315;14.158;16.395;98.337;98.337;25.538;20.306;19.226;5.2319;1.0798;0.2049;0.0423;0.7529;25.662;0.7263;0
12/10/21 15:00;31.589;75.925;11.955;32.373;57.627;90;57.627;240.3;225.9;14.395;16.93;4.8599;0;26.885;169.96;8.429;0;11.163;216.44;0;216.44;26.885;8.429;169.96;11.163;0.1242;0.8368;0;0.0516;185.83;30.607;0;0;20.152;10.455;180.4;5.2505;0.0111;0.0035;5.1972;0.0387;185.65;0.1858;0.0269;0.0084;0.1498;0.0007;184.78;26.847;8.4171;144.46;0.6689;148.37;119.44;52.29;24.609;2.7841;40.048;4.3864;18.223;0;1;0;0;0.9007;0.8586;1;1;0.8814;0.0635;0.9717;0.9996;1;0.9653;0.9453;0.999;0.999;1;0.999;0.999;0.8335;0.85;0.0599;0.616;0.6089;0.0037;0.0166;0.0017;0.0041;0.0146;0.0073;0;0;0.088;0.4502;0;0;0;0;0;0;0;0;0;0;0;0;0.0117;0.0011;0.548;0.548;0;25.782;25.782;8.8521;0.0491;518.6;1056.8;1;0.0098;0.0098;0;0;0;0;0;0;0.5382;0.4502;0;16.732;19.375;13.745;15.916;98.207;98.207;5.1945;4.6216;3.7966;0.5729;0.825;0.1103;0.1588;0.7309;143.95;0.642;0
12/10/21 16:00;19.491;85.537;35.981;19.546;34.687;90;34.687;157.1;148.6;8.4995;16.24;4.25;0;20.614;132.89;6.6742;0;2.792;162.97;0;162.97;20.614;6.6742;132.89;2.792;0.1265;0.8326;0;0.0171;153.04;9.9209;0;0;7.4181;2.5028;148.68;4.2144;0.0934;0.0302;4.0492;0.0415;152.89;0.153;0.0206;0.0067;0.1255;0.0003;149.52;20.5;6.6373;121.29;0.2474;90.695;73.01;29.06;3.3199;1.1286;16.235;0.8457;14.043;0;1;0;0;1.0374;0.9391;1;1;0.9442;0.1036;0.9724;0.9955;1;0.9677;0.8562;0.999;0.999;1;0.999;0.999;0.9123;0.9128;0.0886;0.4638;0.4603;0.0028;0.0173;-0.0024;0.0031;0.011;0.003;0;0;0.088;0.3197;0;0;0;0;0;0;0;0;0;0;0;0;0.0089;0.0007;0.4161;0.4161;0;23.535;23.535;7.2944;0.0491;392.86;1059.2;1;0.0085;0.0085;0;0;0;0;0;0;0.4077;0.3197;0;16.873;19.538;12.961;15.009;97.968;97.968;3.9112;3.5091;2.6957;0.4021;0.8134;0.1028;0.208;0.6892;90.64;0.6414;0
12/10/21 17:00;7.2348;94.208;72.216;7.2541;10.579;90;10.579;65.695;63.1;2.5945;15.35;3.2799;0;6.2923;61.627;2.292;0;0.1117;70.323;0;70.323;6.2923;2.292;61.627;0.1117;0.0895;0.8779;0;0.0016;69.74;0.5827;0;0;0.4898;0.0929;66.018;3.653;0.8607;0.3135;2.4746;0.0042;69.671;0.0697;0.0063;0.0023;0.0611;0;66.036;5.4253;1.9762;58.602;0.0145;37.013;29.795;11.031;0.0222;0.4278;6.1543;0.0184;6.56;0;1;0;0;1.0705;0.9917;1;1;0.9921;0.1679;0.9476;0.8631;1;0.9595;0.7748;0.999;0.999;1;0.999;0.999;0.9388;0.9509;0.13;0.2001;0.2013;0.0012;0.0148;-0.0047;0.0013;0.0047;0.0011;0;0;0.088;0.0846;0;0;0;0;0;0;0;0;0;0;0;0;0.0038;0.0002;0.1788;0.1788;0;18.603;18.603;3.2524;0.0493;170.68;1047.8;1;0.0062;0.0062;0;0;0;0;0;0;0.1726;0.0846;0;16.804;19.459;7.9542;9.2108;96.542;96.542;1.6878;1.5081;0.7139;0.1796;0.7943;0.1064;0.4706;0.423;36.995;0.397;0
12/10/21 18:00;0.5335;98.908;88.706;0.54;0.7698;90;0.7698;0;0;0;13.24;3.94;0;0;0;0;0;0;0;0;0;0;0;0;0;1;1;1;1;0;0;0;0;0;0;0;0;0;0;0;0;0;0;0;0;0;0;0;0;0;0;0;0;0;0;0;0;0;0;0;0;0;0;0;1;1;1;1;1;1;1;1;1;1;1;1;1;1;1;1;1;1;1;0;0;0;0;0;0;0;0;0;0.0004;0.088;-0.0884;0;0;0;0;0;0;0;0;0;0;0;0;0;0;0;0;0;0;0;-13.24;0;0;0;0;0.0004;0;0;0;0;0;0;0;-0.0004;-0.0884;0;0;0;0;0;0;0;0;0;-0.7452;0;0.7452;1;1;0;0;0;0
12/10/21 19:00;0;0;90;0;0;90;0;0;0;0;12.35;4.65;0;0;0;0;0;0;0;0;0;0;0;0;0;1;1;1;1;0;0;0;0;0;0;0;0;0;0;0;0;0;0;0;0;0;0;0;0;0;0;0;0;0;0;0;0;0;0;0;0;0;0;0;1;1;1;1;1;1;1;1;1;1;1;1;1;1;1;1;1;1;1;0;0;0;0;0;0;0;0;0;0.0004;0.088;-0.0884;0;0;0;0;0;0;0;0;0;0;0;0;0;0;0;0;0;0;0;-12.35;0;0;0;0;0.0004;0;0;0;0;0;0;0;-0.0004;-0.0884;0;0;0;0;0;0;0;0;0;-0.7452;0;0.7452;1;1;0;0;0;0
12/10/21 20:00;0;0;90;0;0;90;0;0;0;0;13.3;5.2501;0;0;0;0;0;0;0;0;0;0;0;0;0;1;1;1;1;0;0;0;0;0;0;0;0;0;0;0;0;0;0;0;0;0;0;0;0;0;0;0;0;0;0;0;0;0;0;0;0;0;0;0;1;1;1;1;1;1;1;1;1;1;1;1;1;1;1;1;1;1;1;0;0;0;0;0;0;0;0;0;0.0004;0.088;-0.0884;0;0;0;0;0;0;0;0;0;0;0;0;0;0;0;0;0;0;0;-13.3;0;0;0;0;0.0004;0;0;0;0;0;0;0;-0.0004;-0.0884;0;0;0;0;0;0;0;0;0;-0.7452;0;0.7452;1;1;0;0;0;0
12/10/21 21:00;0;0;90;0;0;90;0;0;0;0;13.61;5.61;0;0;0;0;0;0;0;0;0;0;0;0;0;1;1;1;1;0;0;0;0;0;0;0;0;0;0;0;0;0;0;0;0;0;0;0;0;0;0;0;0;0;0;0;0;0;0;0;0;0;0;0;1;1;1;1;1;1;1;1;1;1;1;1;1;1;1;1;1;1;1;0;0;0;0;0;0;0;0;0;0.0004;0.088;-0.0884;0;0;0;0;0;0;0;0;0;0;0;0;0;0;0;0;0;0;0;-13.61;0;0;0;0;0.0004;0;0;0;0;0;0;0;-0.0004;-0.0884;0;0;0;0;0;0;0;0;0;-0.7452;0;0.7452;1;1;0;0;0;0
12/10/21 22:00;0;0;90;0;0;90;0;0;0;0;13.23;5.5799;0;0;0;0;0;0;0;0;0;0;0;0;0;1;1;1;1;0;0;0;0;0;0;0;0;0;0;0;0;0;0;0;0;0;0;0;0;0;0;0;0;0;0;0;0;0;0;0;0;0;0;0;1;1;1;1;1;1;1;1;1;1;1;1;1;1;1;1;1;1;1;0;0;0;0;0;0;0;0;0;0.0004;0.088;-0.0884;0;0;0;0;0;0;0;0;0;0;0;0;0;0;0;0;0;0;0;-13.23;0;0;0;0;0.0004;0;0;0;0;0;0;0;-0.0004;-0.0884;0;0;0;0;0;0;0;0;0;-0.7452;0;0.7452;1;1;0;0;0;0
12/10/21 23:00;0;0;90;0;0;90;0;0;0;0;12.75;5.77;0;0;0;0;0;0;0;0;0;0;0;0;0;1;1;1;1;0;0;0;0;0;0;0;0;0;0;0;0;0;0;0;0;0;0;0;0;0;0;0;0;0;0;0;0;0;0;0;0;0;0;0;1;1;1;1;1;1;1;1;1;1;1;1;1;1;1;1;1;1;1;0;0;0;0;0;0;0;0;0;0.0004;0.088;-0.0884;0;0;0;0;0;0;0;0;0;0;0;0;0;0;0;0;0;0;0;-12.75;0;0;0;0;0.0004;0;0;0;0;0;0;0;-0.0004;-0.0884;0;0;0;0;0;0;0;0;0;-0.7452;0;0.7452;1;1;0;0;0;0
13/10/21 00:00;0;0;90;0;0;90;0;0;0;0;11.33;6.17;0;0;0;0;0;0;0;0;0;0;0;0;0;1;1;1;1;0;0;0;0;0;0;0;0;0;0;0;0;0;0;0;0;0;0;0;0;0;0;0;0;0;0;0;0;0;0;0;0;0;0;0;1;1;1;1;1;1;1;1;1;1;1;1;1;1;1;1;1;1;1;0;0;0;0;0;0;0;0;0;0.0004;0.088;-0.0884;0;0;0;0;0;0;0;0;0;0;0;0;0;0;0;0;0;0;0;-11.33;0;0;0;0;0.0004;0;0;0;0;0;0;0;-0.0004;-0.0884;0;0;0;0;0;0;0;0;0;-0.7452;0;0.7452;1;1;0;0;0;0
13/10/21 01:00;0;0;90;0;0;90;0;0;0;0;11.36;5.8999;0;0;0;0;0;0;0;0;0;0;0;0;0;1;1;1;1;0;0;0;0;0;0;0;0;0;0;0;0;0;0;0;0;0;0;0;0;0;0;0;0;0;0;0;0;0;0;0;0;0;0;0;1;1;1;1;1;1;1;1;1;1;1;1;1;1;1;1;1;1;1;0;0;0;0;0;0;0;0;0;0.0004;0.088;-0.0884;0;0;0;0;0;0;0;0;0;0;0;0;0;0;0;0;0;0;0;-11.36;0;0;0;0;0.0004;0;0;0;0;0;0;0;-0.0004;-0.0884;0;0;0;0;0;0;0;0;0;-0.7452;0;0.7452;1;1;0;0;0;0
13/10/21 02:00;0;0;90;0;0;90;0;0;0;0;9.7999;5.54;0;0;0;0;0;0;0;0;0;0;0;0;0;1;1;1;1;0;0;0;0;0;0;0;0;0;0;0;0;0;0;0;0;0;0;0;0;0;0;0;0;0;0;0;0;0;0;0;0;0;0;0;1;1;1;1;1;1;1;1;1;1;1;1;1;1;1;1;1;1;1;0;0;0;0;0;0;0;0;0;0.0004;0.088;-0.0884;0;0;0;0;0;0;0;0;0;0;0;0;0;0;0;0;0;0;0;-9.7999;0;0;0;0;0.0004;0;0;0;0;0;0;0;-0.0004;-0.0884;0;0;0;0;0;0;0;0;0;-0.7452;0;0.7452;1;1;0;0;0;0
13/10/21 03:00;0;0;90;0;0;90;0;0;0;0;9.52;5.4801;0;0;0;0;0;0;0;0;0;0;0;0;0;1;1;1;1;0;0;0;0;0;0;0;0;0;0;0;0;0;0;0;0;0;0;0;0;0;0;0;0;0;0;0;0;0;0;0;0;0;0;0;1;1;1;1;1;1;1;1;1;1;1;1;1;1;1;1;1;1;1;0;0;0;0;0;0;0;0;0;0.0004;0.088;-0.0884;0;0;0;0;0;0;0;0;0;0;0;0;0;0;0;0;0;0;0;-9.52;0;0;0;0;0.0004;0;0;0;0;0;0;0;-0.0004;-0.0884;0;0;0;0;0;0;0;0;0;-0.7452;0;0.7452;1;1;0;0;0;0
13/10/21 04:00;0;0;90;0;0;90;0;0;0;0;10.88;5.5099;0;0;0;0;0;0;0;0;0;0;0;0;0;1;1;1;1;0;0;0;0;0;0;0;0;0;0;0;0;0;0;0;0;0;0;0;0;0;0;0;0;0;0;0;0;0;0;0;0;0;0;0;1;1;1;1;1;1;1;1;1;1;1;1;1;1;1;1;1;1;1;0;0;0;0;0;0;0;0;0;0.0004;0.088;-0.0884;0;0;0;0;0;0;0;0;0;0;0;0;0;0;0;0;0;0;0;-10.88;0;0;0;0;0.0004;0;0;0;0;0;0;0;-0.0004;-0.0884;0;0;0;0;0;0;0;0;0;-0.7452;0;0.7452;1;1;0;0;0;0
13/10/21 05:00;3.9833;-96.934;80.301;4.0125;5.7583;-90;-5.7583;6.8957;6.7982;0.0975;11.72;5.8999;0;0.2366;6.7741;0.0168;0;0.0035;7.031;0;7.031;0.2366;0.0168;6.7741;0.0035;0.0336;0.964;0;0.0005;7.0083;0.0227;0;0;0.0198;0.0029;6.6253;0.376;0.0784;0.0056;0.2919;0.0001;7.0013;0.007;0.0002;0;0.0068;0;6.6255;0.1579;0.0112;6.4557;0.0005;4.0276;3.2423;1.1948;0.0002;0.0468;0.6728;0.0003;0.7194;0;1;0;0;1.0196;0.9968;1;1;0.9971;0.1678;0.9463;0.6682;1;0.9567;0.7766;0.999;0.999;1;0.999;0.999;0.9423;0.953;0.1302;0.02;0.0203;0.0001;0.0049;-0.0008;0.0001;0.0004;0.0001;0;0;0.088;-0.0751;0;0;0;0;0;0;0;0;0;0;0;0;0.0003;0;0.0152;0.0152;0;12.058;12.058;0.3382;0.051;15.63;970.69;1;0.0023;0.0023;0;0;0;0;0;0;0.0129;-0.0751;0;14.259;16.512;-70.599;-81.752;84.902;84.902;0.1687;0.1279;-0.6335;0.0408;0.7614;0.2417;4.5124;0;4.0271;0;0
13/10/21 06:00;13.978;-89.962;54.14;13.978;21.882;-90;-21.882;134.11;90.4;43.705;12.28;6.41;0;106;75.687;28.824;0;0.9662;211.47;0;211.47;106;28.824;75.687;0.9662;0.5012;0.3625;0;0.0046;208.64;2.832;0;0;2.0198;0.8123;203.34;5.0942;2.0109;0.5468;2.5036;0.0329;208.43;0.2086;0.106;0.0288;0.0737;0.0002;203.49;103.88;28.249;71.09;0.1209;47.747;38.436;14.606;0.3757;0.55;7.912;0.1476;8.0863;0;1;0;0;1.5769;0.9866;1;1;0.9733;0.1593;0.9756;0.981;1;0.966;0.786;0.999;0.999;1;0.999;0.999;0.9615;0.9393;0.1251;0.6018;0.598;0.0036;0.0167;-0.006;0.0041;0.0145;0.0015;0;0;0.088;0.4528;0;0;0;0;0;0;0;0;0;0;0;0;0.0117;0.0011;0.5509;0.5509;0;22.218;22.218;9.9382;0.0489;511.89;1076.2;1;0.0101;0.0101;0;0;0;0;0;0;0.5408;0.4528;0;17.214;19.933;14.15;16.385;98.176;98.176;5.0754;4.6458;3.8189;0.4296;0.8269;0.0846;0.1629;0.7524;47.474;0.7319;0
13/10/21 07:00;26.195;-80.941;8.8471;26.481;60;-90;-60;176.01;164.5;11.504;13.4;7.2499;0;25.75;121.04;6.9723;0;8.8003;162.56;0;162.56;25.75;6.9723;121.04;8.8003;0.1584;0.7987;0;0.0541;139.21;23.356;0;0;15.164;8.1912;135.28;3.7918;0.0079;0.0021;3.7423;0.0395;139.07;0.1392;0.0258;0.007;0.1059;0.0006;138.71;25.717;6.9632;102.03;0.569;106.6;85.812;38.15;20.238;2.1287;30.621;3.4352;12.512;0;1;0;0;0.9236;0.8563;1;1;0.8747;0.0692;0.9727;0.9997;1;0.9646;0.9351;0.999;0.999;1;0.999;0.999;0.8321;0.8429;0.0647;0.4626;0.4582;0.0028;0.0173;-0.0082;0.0031;0.0111;0.0057;0;0;0.088;0.3203;0;0;0;0;0;0;0;0;0;0;0;0;0.0089;0.0007;0.4169;0.4169;0;20.023;20.023;6.6232;0.049;389.64;1070;1;0.0086;0.0086;0;0;0;0;0;0;0.4083;0.3203;0;16.946;19.624;13.021;15.078;97.944;97.944;3.9015;3.5158;2.7014;0.3857;0.8144;0.0989;0.2087;0.6924;105.41;0.6068;0
13/10/21 08:00;38.074;-70.361;15.342;39.752;50.248;-90;-50.248;702.19;115.9;586.29;15.52;7.7299;0;916.86;29.376;125.2;0;25.317;1096.8;0;1096.8;916.86;125.2;29.376;25.317;0.836;0.0499;0;0.0231;1070.4;26.376;0;0;2.8458;23.53;1067.8;1.5078;0.4854;0.0663;0.8806;0.0755;1069.3;1.0704;0.9169;0.1252;0.0265;0.0018;1073.3;915.45;125.01;25.623;1.709;261.79;210.74;80.298;2.6346;3.039;43.715;5.467;44.12;0;1;0;0;1.5619;0.976;1;1;0.9031;0.0706;0.9986;0.9995;1;0.9668;0.9577;0.999;0.999;1;0.999;0.999;0.9736;0.8722;0.0675;3.1213;3.1583;0.019;0.0041;0.4939;0.0185;0.0656;0.0069;0;0;0.088;2.3449;0;0;0;0;0;0;0;0;0;0;0;0;0.0528;0.0227;2.4746;2.4746;0;69.388;69.388;53.868;0.0504;2723.2;908.7;1;0.0418;0.0418;0;0;0;0;0;0;2.4329;2.3449;0;14.91;17.265;14.128;16.36;98.313;98.313;26.322;20.869;19.775;5.4532;1.0942;0.2072;0.0416;0.7513;22.994;0.7295;0
13/10/21 09:00;49.053;-56.457;21.231;54.127;35.873;-90;-35.873;790.51;130.4;660.11;15.79;7.7;0;814.63;43.081;102.19;0;14.995;974.9;0;974.9;814.63;102.19;43.081;14.995;0.8356;0.0596;0;0.0154;958.92;15.975;0;0;2.527;13.448;955.78;2.1817;0.5968;0.0749;1.3085;0.2016;957.96;0.9589;0.8146;0.1022;0.0406;0.0015;959.84;813.22;102.01;39.205;1.3434;396.4;319.1;127.43;1.2116;4.0409;58.127;4.0622;60.956;0;1;0;0;1.2333;0.9836;1;1;0.9413;0.1031;0.9977;0.9993;1;0.9677;0.8695;0.999;0.999;1;0.999;0.999;0.9804;0.91;0.0896;2.7745;2.8626;0.0172;0;0.3908;0.0172;0.0609;0.0095;0;0;0.088;2.1729;0;0;0;0;0;0;0;0;0;0;0;0;0.0491;0.0188;2.2991;2.2991;0;63.779;63.779;47.989;0.0502;2464;933.07;1;0.0382;0.0382;0;0;0;0;0;0;2.2609;2.1729;0;15.583;18.045;14.728;17.055;98.341;98.341;23.397;19.388;18.325;4.0091;1.0639;0.1713;0.0455;0.7832;29.659;0.7497;0
13/10/21 10:00;57.986;-36.293;25.295;69.692;20.308;-90;-20.308;285.11;277.7;7.4087;16.64;7.2401;0;7.8998;267.36;1.8799;0;1.7723;278.91;0;278.91;7.8998;1.8799;267.36;1.7723;0.0283;0.9649;0;0.0064;271.1;7.8103;0;0;6.3295;1.4808;261.77;9.0549;0.0069;0.0016;8.9826;0.0638;270.83;0.2711;0.0079;0.0019;0.261;0.0003;262.22;7.885;1.8763;251.79;0.2274;171.52;138.07;52.114;1.0092;1.9767;28.434;0.4431;29.401;0;1;0;0;0.9783;0.972;1;1;0.9763;0.1645;0.9666;0.9991;1;0.9656;0.7809;0.999;0.999;1;0.999;0.999;0.9386;0.9418;0.1283;0.7938;0.8072;0.0049;0.0147;0.0129;0.0054;0.0192;0.0052;0;0;0.088;0.6273;0;0;0;0;0;0;0;0;0;0;0;0;0.0155;0.0018;0.7275;0.7275;0;29.487;29.487;12.847;0.0491;690.2;1054.1;1;0.0123;0.0123;0;0;0;0;0;0;0.7153;0.6273;0;17.237;19.96;14.862;17.209;98.314;98.314;6.6939;6.1355;5.29;0.5584;0.8455;0.0834;0.1263;0.7903;166.36;0.7342;0
13/10/21 11:00;62.643;-7.5003;27.104;86.136;3.8637;-90;-3.8637;406.4;374.3;32.099;18.26;6.6199;0;32.173;364.06;9.8515;0;0.0924;406.17;0;406.17;32.173;9.8515;364.06;0.0924;0.0792;0.8965;0;0.0002;405.52;0.6486;0;0;0.5716;0.077;389.04;16.075;0.0301;0.0092;16.033;0.0034;405.12;0.4055;0.0322;0.0099;0.3635;0;389.04;32.11;9.8324;347.09;0.012;240.61;193.69;71.72;-0.0011;2.771;39.859;-0.0003;42.631;0;1;0;0;0.9994;0.9984;1;1;0.9984;0.1666;0.9603;0.9991;1;0.9558;0.7773;0.999;0.999;1;0.999;0.999;0.9578;0.9534;0.1294;1.1559;1.1929;0.0072;0.0094;0.0526;0.0079;0.0279;0.0071;0;0;0.088;0.9499;0;0;0;0;0;0;0;0;0;0;0;0;0.0225;0.0037;1.0546;1.0546;0;37.428;37.428;19.169;0.0493;1024.2;1029.7;1;0.0167;0.0167;0;0;0;0;0;0;1.0379;0.9499;0;17.158;19.868;15.454;17.895;98.415;98.415;9.7481;8.8937;8.0106;0.8544;0.8831;0.0876;0.0906;0.8218;215.92;0.7655;0
13/10/21 12:00;60.845;23.97;26.433;77.231;12.769;90;12.769;462.21;400.6;61.608;17.79;6.2199;0;63.17;375.37;21.054;0;1.1431;460.73;0;460.73;63.17;21.054;375.37;1.1431;0.1371;0.8172;0;0.0025;455.69;5.0427;0;0;4.0913;0.9514;440.6;14.634;0.0576;0.0192;14.514;0.0431;455.24;0.4557;0.0632;0.0211;0.3713;0.0002;440.83;63.049;21.014;356.39;0.1484;274.32;220.83;82.802;0.272;3.1098;44.733;0.2272;47.571;0;1;0;0;0.9968;0.9891;1;1;0.9891;0.1677;0.9679;0.9991;1;0.9609;0.7748;0.999;0.999;1;0.999;0.999;0.9563;0.9494;0.1298;1.3112;1.3508;0.0081;0.0072;0.0694;0.0089;0.0314;0.008;0;0;0.088;1.0813;0;0;0;0;0;0;0;0;0;0;0;0;0.0253;0.0046;1.1879;1.1879;0;39.521;39.521;21.732;0.0493;1160.4;1023.7;1;0.0186;0.0186;0;0;0;0;0;0;1.1693;1.0813;0;17.037;19.729;15.508;17.958;98.433;98.433;11.058;10.018;9.1188;1.0398;0.8991;0.094;0.0813;0.8247;226.74;0.7688;0
13/10/21 13:00;53.55;48.116;23.369;61.193;28.807;90;28.807;145.1;143.4;1.7001;16.82;6.08;0;1.9402;134.32;0.2513;0;1.7956;138.31;0;138.31;1.9402;0.2513;134.32;1.7956;0.014;0.9842;0;0.013;131.16;7.1512;0;0;5.5864;1.5648;126.78;4.2527;0.0016;0.0002;4.2083;0.0427;131.03;0.1312;0.0019;0.0003;0.1287;0.0002;127.31;1.9367;0.2509;124.4;0.188;88.842;71.517;27.941;1.7669;1.0431;15.005;0.5301;14.281;0;1;0;0;0.9532;0.9483;1;1;0.9584;0.1286;0.9675;0.9992;1;0.9673;0.815;0.999;0.999;1;0.999;0.999;0.9166;0.9261;0.1047;0.3936;0.3943;0.0024;0.0172;-0.0028;0.0026;0.0094;0.0027;0;0;0.088;0.2589;0;0;0;0;0;0;0;0;0;0;0;0;0.0075;0.0006;0.3547;0.3547;0;23.046;23.046;6.2266;0.0491;336.15;1055.1;1;0.0078;0.0078;0;0;0;0;0;0;0.3469;0.2589;0;16.945;19.622;12.37;14.324;97.811;97.811;3.3195;2.9911;2.1835;0.3284;0.8076;0.0989;0.2433;0.6578;87.82;0.6084;0
13/10/21 14:00;43.318;64.484;18.264;46.257;43.743;90;43.743;144.5;142.6;1.8998;15.6;5.9099;0;2.6297;122.56;0.3971;0;4.0106;129.6;0;129.6;2.6297;0.3971;122.56;4.0106;0.0203;0.9766;0;0.0309;116.15;13.447;0;0;9.7361;3.7112;112.35;3.689;0.0017;0.0003;3.6666;0.0205;116.04;0.1162;0.0026;0.0004;0.1128;0.0003;113.79;2.6254;0.3965;109.05;0.2785;91.125;73.355;30.469;6.7895;1.2758;18.352;1.4415;12.838;0;1;0;0;0.8969;0.8962;1;1;0.9206;0.0746;0.9682;0.9994;1;0.9675;0.9313;0.999;0.999;1;0.999;0.999;0.8669;0.8897;0.0694;0.3688;0.3623;0.0022;0.017;-0.0051;0.0024;0.0086;0.0033;0;0;0.088;0.2308;0;0;0;0;0;0;0;0;0;0;0;0;0.007;0.0005;0.3263;0.3263;0;21.115;21.115;5.5154;0.0491;308.28;1058.5;1;0.0075;0.0075;0;0;0;0;0;0;0.3188;0.2308;0;16.639;19.267;11.769;13.629;97.702;97.702;3.1104;2.7519;1.9466;0.3584;0.8054;0.1152;0.2589;0.6258;90.18;0.5658;0
13/10/21 15:00;31.763;76.321;11.6;32.505;57.495;90;57.495;97.81;96.699;1.1104;16.87;5.0801;0;2.0664;74.218;0.2758;0;4.5249;81.085;0;81.085;2.0664;0.2758;74.218;4.5249;0.0255;0.9711;0;0.0558;68.076;13.009;0;0;8.7707;4.2379;65.723;2.2847;0.0008;0.0001;2.2683;0.0155;68.008;0.0681;0.0021;0.0003;0.0654;0.0003;67.567;2.0635;0.2754;63.113;0.2712;63.063;50.765;22.348;10.659;1.1883;17.093;1.8432;7.6228;0;1;0;0;0.829;0.8396;1;1;0.8818;0.0634;0.9664;0.9996;1;0.9653;0.9459;0.999;0.999;1;0.999;0.999;0.8106;0.8504;0.0599;0.2308;0.2275;0.0014;0.0154;-0.0041;0.0015;0.0053;0.0031;0;0;0.088;0.1062;0;0;0;0;0;0;0;0;0;0;0;0;0.0043;0.0002;0.2004;0.2004;0;20.112;20.112;3.2423;0.0493;192.41;1041.7;1;0.0063;0.0063;0;0;0;0;0;0;0.1942;0.1062;0;16.334;18.915;8.6511;10.018;96.868;96.868;1.946;1.6903;0.8952;0.2558;0.795;0.1314;0.4085;0.46;62.765;0.3973;0
13/10/21 16:00;19.652;85.9;35.348;19.699;35.137;90;35.137;208;174.8;33.205;16.2;4.51;0;80.53;147.48;30.412;0;3.7904;262.21;0;262.21;80.53;30.412;147.48;3.7904;0.3071;0.5769;0;0.0145;250.4;11.806;0;0;8.401;3.4049;245.15;5.0025;0.335;0.1265;4.4872;0.0539;250.15;0.2504;0.0805;0.0304;0.1391;0.0004;246.13;80.115;30.255;134.45;0.3312;101.17;81.441;32.417;3.8515;1.2685;18.247;0.9779;15.664;0;1;0;0;1.2606;0.955;1;1;0.943;0.1017;0.98;0.9958;1;0.9677;0.86;0.999;0.999;1;0.999;0.999;0.9349;0.9117;0.0874;0.7462;0.7407;0.0045;0.0154;0.0085;0.005;0.0177;0.0033;0;0;0.088;0.571;0;0;0;0;0;0;0;0;0;0;0;0;0.0142;0.0016;0.6705;0.6705;0;28.225;28.225;12.024;0.049;633.73;1058;1;0.0115;0.0115;0;0;0;0;0;0;0.659;0.571;0;16.897;19.567;14.389;16.663;98.283;98.283;6.293;5.6544;4.8152;0.6386;0.8392;0.1015;0.1334;0.7652;100.94;0.7273;0
13/10/21 17:00;7.3965;94.553;71.807;7.4196;10.832;90;10.832;27.505;27.2;0.3049;15.56;4.58;0;0.7395;26.911;0.1135;0;0.049;27.813;0;27.813;0.7395;0.1135;26.911;0.049;0.0266;0.9693;0;0.0018;27.55;0.2633;0;0;0.2225;0.0408;26.333;1.1896;0.0968;0.0149;1.0761;0.0019;27.522;0.0275;0.0007;0.0001;0.0267;0;26.341;0.642;0.0986;25.586;0.0064;16.167;13.015;4.8187;0.0106;0.1869;2.6887;0.0086;2.865;0;1;0;0;1.0112;0.9905;1;1;0.9917;0.1679;0.9568;0.869;1;0.9596;0.7748;0.999;0.999;1;0.999;0.999;0.9468;0.9508;0.13;0.0792;0.0807;0.0005;0.01;-0.0024;0.0005;0.0018;0.0005;0;0;0.088;-0.0233;0;0;0;0;0;0;0;0;0;0;0;0;0.0015;0.0001;0.0684;0.0684;0;16.871;16.871;1.311;0.0498;67.324;1015.5;1;0.0037;0.0037;0;0;0;0;0;0;0.0647;-0.0233;0;16.243;18.809;-5.5389;-6.4139;94.615;94.615;0.6675;0.5766;-0.1966;0.091;0.7732;0.1363;1.1583;0;16.166;0;0
13/10/21 18:00;0.6999;99.249;88.302;0.7091;1.0109;90;1.0109;0;0;0;15;5.1701;0;0;0;0;0;0;0;0;0;0;0;0;0;1;1;1;1;0;0;0;0;0;0;0;0;0;0;0;0;0;0;0;0;0;0;0;0;0;0;0;0;0;0;0;0;0;0;0;0;0;0;0;1;1;1;1;1;1;1;1;1;1;1;1;1;1;1;1;1;1;1;0;0;0;0;0;0;0;0;0;0.0004;0.088;-0.0884;0;0;0;0;0;0;0;0;0;0;0;0;0;0;0;0;0;0;0;-15;0;0;0;0;0.0004;0;0;0;0;0;0;0;-0.0004;-0.0884;0;0;0;0;0;0;0;0;0;-0.7452;0;0.7452;1;1;0;0;0;0
13/10/21 19:00;0;0;90;0;0;90;0;0;0;0;15.3;5.37;0;0;0;0;0;0;0;0;0;0;0;0;0;1;1;1;1;0;0;0;0;0;0;0;0;0;0;0;0;0;0;0;0;0;0;0;0;0;0;0;0;0;0;0;0;0;0;0;0;0;0;0;1;1;1;1;1;1;1;1;1;1;1;1;1;1;1;1;1;1;1;0;0;0;0;0;0;0;0;0;0.0004;0.088;-0.0884;0;0;0;0;0;0;0;0;0;0;0;0;0;0;0;0;0;0;0;-15.3;0;0;0;0;0.0004;0;0;0;0;0;0;0;-0.0004;-0.0884;0;0;0;0;0;0;0;0;0;-0.7452;0;0.7452;1;1;0;0;0;0
13/10/21 20:00;0;0;90;0;0;90;0;0;0;0;14.7;5.4101;0;0;0;0;0;0;0;0;0;0;0;0;0;1;1;1;1;0;0;0;0;0;0;0;0;0;0;0;0;0;0;0;0;0;0;0;0;0;0;0;0;0;0;0;0;0;0;0;0;0;0;0;1;1;1;1;1;1;1;1;1;1;1;1;1;1;1;1;1;1;1;0;0;0;0;0;0;0;0;0;0.0004;0.088;-0.0884;0;0;0;0;0;0;0;0;0;0;0;0;0;0;0;0;0;0;0;-14.7;0;0;0;0;0.0004;0;0;0;0;0;0;0;-0.0004;-0.0884;0;0;0;0;0;0;0;0;0;-0.7452;0;0.7452;1;1;0;0;0;0
13/10/21 21:00;0;0;90;0;0;90;0;0;0;0;14.6;5.45;0;0;0;0;0;0;0;0;0;0;0;0;0;1;1;1;1;0;0;0;0;0;0;0;0;0;0;0;0;0;0;0;0;0;0;0;0;0;0;0;0;0;0;0;0;0;0;0;0;0;0;0;1;1;1;1;1;1;1;1;1;1;1;1;1;1;1;1;1;1;1;0;0;0;0;0;0;0;0;0;0.0004;0.088;-0.0884;0;0;0;0;0;0;0;0;0;0;0;0;0;0;0;0;0;0;0;-14.6;0;0;0;0;0.0004;0;0;0;0;0;0;0;-0.0004;-0.0884;0;0;0;0;0;0;0;0;0;-0.7452;0;0.7452;1;1;0;0;0;0
13/10/21 22:00;0;0;90;0;0;90;0;0;0;0;14.78;5.0999;0;0;0;0;0;0;0;0;0;0;0;0;0;1;1;1;1;0;0;0;0;0;0;0;0;0;0;0;0;0;0;0;0;0;0;0;0;0;0;0;0;0;0;0;0;0;0;0;0;0;0;0;1;1;1;1;1;1;1;1;1;1;1;1;1;1;1;1;1;1;1;0;0;0;0;0;0;0;0;0;0.0004;0.088;-0.0884;0;0;0;0;0;0;0;0;0;0;0;0;0;0;0;0;0;0;0;-14.78;0;0;0;0;0.0004;0;0;0;0;0;0;0;-0.0004;-0.0884;0;0;0;0;0;0;0;0;0;-0.7452;0;0.7452;1;1;0;0;0;0
13/10/21 23:00;0;0;90;0;0;90;0;0;0;0;14.9;4.01;0;0;0;0;0;0;0;0;0;0;0;0;0;1;1;1;1;0;0;0;0;0;0;0;0;0;0;0;0;0;0;0;0;0;0;0;0;0;0;0;0;0;0;0;0;0;0;0;0;0;0;0;1;1;1;1;1;1;1;1;1;1;1;1;1;1;1;1;1;1;1;0;0;0;0;0;0;0;0;0;0.0004;0.088;-0.0884;0;0;0;0;0;0;0;0;0;0;0;0;0;0;0;0;0;0;0;-14.9;0;0;0;0;0.0004;0;0;0;0;0;0;0;-0.0004;-0.0884;0;0;0;0;0;0;0;0;0;-0.7452;0;0.7452;1;1;0;0;0;0
14/10/21 00:00;0;0;90;0;0;90;0;0;0;0;11;3.2699;0;0;0;0;0;0;0;0;0;0;0;0;0;1;1;1;1;0;0;0;0;0;0;0;0;0;0;0;0;0;0;0;0;0;0;0;0;0;0;0;0;0;0;0;0;0;0;0;0;0;0;0;1;1;1;1;1;1;1;1;1;1;1;1;1;1;1;1;1;1;1;0;0;0;0;0;0;0;0;0;0.0004;0.088;-0.0884;0;0;0;0;0;0;0;0;0;0;0;0;0;0;0;0;0;0;0;-11;0;0;0;0;0.0004;0;0;0;0;0;0;0;-0.0004;-0.0884;0;0;0;0;0;0;0;0;0;-0.7452;0;0.7452;1;1;0;0;0;0
14/10/21 01:00;0;0;90;0;0;90;0;0;0;0;10.54;3.4901;0;0;0;0;0;0;0;0;0;0;0;0;0;1;1;1;1;0;0;0;0;0;0;0;0;0;0;0;0;0;0;0;0;0;0;0;0;0;0;0;0;0;0;0;0;0;0;0;0;0;0;0;1;1;1;1;1;1;1;1;1;1;1;1;1;1;1;1;1;1;1;0;0;0;0;0;0;0;0;0;0.0004;0.088;-0.0884;0;0;0;0;0;0;0;0;0;0;0;0;0;0;0;0;0;0;0;-10.54;0;0;0;0;0.0004;0;0;0;0;0;0;0;-0.0004;-0.0884;0;0;0;0;0;0;0;0;0;-0.7452;0;0.7452;1;1;0;0;0;0
14/10/21 02:00;0;0;90;0;0;90;0;0;0;0;9.7201;2.3701;0;0;0;0;0;0;0;0;0;0;0;0;0;1;1;1;1;0;0;0;0;0;0;0;0;0;0;0;0;0;0;0;0;0;0;0;0;0;0;0;0;0;0;0;0;0;0;0;0;0;0;0;1;1;1;1;1;1;1;1;1;1;1;1;1;1;1;1;1;1;1;0;0;0;0;0;0;0;0;0;0.0004;0.088;-0.0884;0;0;0;0;0;0;0;0;0;0;0;0;0;0;0;0;0;0;0;-9.7201;0;0;0;0;0.0004;0;0;0;0;0;0;0;-0.0004;-0.0884;0;0;0;0;0;0;0;0;0;-0.7452;0;0.7452;1;1;0;0;0;0
14/10/21 03:00;0;0;90;0;0;90;0;0;0;0;10.54;1.5001;0;0;0;0;0;0;0;0;0;0;0;0;0;1;1;1;1;0;0;0;0;0;0;0;0;0;0;0;0;0;0;0;0;0;0;0;0;0;0;0;0;0;0;0;0;0;0;0;0;0;0;0;1;1;1;1;1;1;1;1;1;1;1;1;1;1;1;1;1;1;1;0;0;0;0;0;0;0;0;0;0.0004;0.088;-0.0884;0;0;0;0;0;0;0;0;0;0;0;0;0;0;0;0;0;0;0;-10.54;0;0;0;0;0.0004;0;0;0;0;0;0;0;-0.0004;-0.0884;0;0;0;0;0;0;0;0;0;-0.7452;0;0.7452;1;1;0;0;0;0
14/10/21 04:00;0;0;90;0;0;90;0;0;0;0;9.3;1.3;0;0;0;0;0;0;0;0;0;0;0;0;0;1;1;1;1;0;0;0;0;0;0;0;0;0;0;0;0;0;0;0;0;0;0;0;0;0;0;0;0;0;0;0;0;0;0;0;0;0;0;0;1;1;1;1;1;1;1;1;1;1;1;1;1;1;1;1;1;1;1;0;0;0;0;0;0;0;0;0;0.0004;0.088;-0.0884;0;0;0;0;0;0;0;0;0;0;0;0;0;0;0;0;0;0;0;-9.3;0;0;0;0;0.0004;0;0;0;0;0;0;0;-0.0004;-0.0884;0;0;0;0;0;0;0;0;0;-0.7452;0;0.7452;1;1;0;0;0;0
14/10/21 05:00;4.0417;-97.347;80.158;4.075;5.8493;-90;-5.8493;21.508;20.202;1.3055;8.6698;1.24;0;3.1662;19.878;0.659;0;0.0112;23.715;0;23.715;3.1662;0.659;19.878;0.0112;0.1335;0.8387;0;0.0005;23.646;0.0689;0;0;0.0595;0.0093;21.518;2.1043;1.0332;0.2151;0.8556;0.0004;23.622;0.0236;0.0032;0.0007;0.0198;0;21.519;2.1298;0.4433;18.944;0.0015;11.827;9.5206;3.5097;0.0005;0.1373;1.9743;0.0009;2.1111;0;1;0;0;1.1026;0.9971;1;1;0.997;0.1678;0.9109;0.6733;1;0.9568;0.7765;0.999;0.999;1;0.999;0.999;0.9074;0.953;0.1302;0.0675;0.0655;0.0004;0.009;-0.0036;0.0004;0.0015;0.0003;0;0;0.088;-0.0352;0;0;0;0;0;0;0;0;0;0;0;0;0.0012;0;0.0562;0.0562;0;9.7383;9.7383;1.0684;0.0497;54.196;1037.7;1;0.0035;0.0035;0;0;0;0;0;0;0.0528;-0.0352;0;15.671;18.146;-9.8146;-11.365;93.844;93.844;0.5692;0.4743;-0.297;0.0949;0.7713;0.1667;1.3552;0;11.819;0;0
14/10/21 06:00;14.236;-90.244;53.387;14.236;22.378;-90;-22.378;46.805;46.098;0.707;10.04;1.86;0;1.7148;44.27;0.2334;0;0.3525;46.57;0;46.57;1.7148;0.2334;44.27;0.3525;0.0368;0.9582;0;0.0076;45.049;1.5215;0;0;1.2246;0.2969;43.5;1.5034;0.03;0.0041;1.4576;0.0118;45.004;0.045;0.0017;0.0002;0.043;0.0001;43.592;1.6831;0.2291;41.544;0.0437;27.845;22.415;8.5052;0.2383;0.3228;4.644;0.0915;4.7286;0;1;0;0;0.995;0.9673;1;1;0.9723;0.1576;0.9666;0.9825;1;0.9661;0.7877;0.999;0.999;1;0.999;0.999;0.9341;0.9384;0.124;0.1325;0.134;0.0008;0.0126;-0.0063;0.0009;0.0031;0.0008;0;0;0.088;0.026;0;0;0;0;0;0;0;0;0;0;0;0;0.0025;0.0001;0.1193;0.1193;0;12.182;12.182;2.1423;0.0492;112.81;1057.8;1;0.0053;0.0053;0;0;0;0;0;0;0.114;0.026;0;16.933;19.608;3.6897;4.2726;95.529;95.529;1.1177;1.0064;0.2193;0.1113;0.7871;0.0996;0.7042;0.1962;27.841;0.1826;0
14/10/21 07:00;26.458;-81.241;8.4874;26.727;60;-90;-60;137.09;133.6;3.4963;10.78;2.5301;0;7.7612;99.627;1.69;0;6.8547;115.93;0;115.93;7.7612;1.69;99.627;6.8547;0.0669;0.9185;0;0.0591;97.071;18.862;0;0;12.482;6.3802;93.86;3.1138;0.0023;0.0005;3.0803;0.0308;96.974;0.0971;0.0078;0.0017;0.0871;0.0005;96.662;7.7512;1.6878;83.978;0.4432;87.138;70.146;31.206;16.657;1.7462;25.119;2.8014;10.207;0;1;0;0;0.8456;0.8373;1;1;0.8747;0.0692;0.9679;0.9997;1;0.9646;0.9351;0.999;0.999;1;0.999;0.999;0.8096;0.8429;0.0647;0.3299;0.3269;0.002;0.0168;-0.0114;0.0022;0.0079;0.0047;0;0;0.088;0.2025;0;0;0;0;0;0;0;0;0;0;0;0;0.0064;0.0004;0.2979;0.2979;0;15.374;15.374;4.5939;0.0489;276.94;1075.6;1;0.0074;0.0074;0;0;0;0;0;0;0.2905;0.2025;0;16.979;19.661;11.543;13.367;97.526;97.526;2.7824;2.5121;1.7079;0.2703;0.8043;0.0971;0.2891;0.6138;86.758;0.5281;0
14/10/21 08:00;38.353;-70.682;15.036;39.978;50.022;-90;-50.022;390.3;270.9;119.4;12.68;2.66;0;185.84;191.39;58.919;0;13.953;450.1;0;450.1;185.84;58.919;191.39;13.953;0.4129;0.4562;0;0.031;418.71;31.386;0;0;18.42;12.966;412.39;5.9048;0.0964;0.0306;5.7357;0.0421;418.29;0.4187;0.1858;0.0589;0.173;0.001;416.79;185.56;58.829;167.06;0.9442;206.3;166.07;68.386;16.86;3.0239;43.497;4.4037;29.661;0;1;0;0;1.1532;0.9303;1;1;0.9038;0.0708;0.9859;0.9995;1;0.9668;0.9573;0.999;0.999;1;0.999;0.999;0.9162;0.8729;0.0677;1.2809;1.2796;0.0077;0.0082;0.0358;0.0086;0.0305;0.0079;0;0;0.088;1.0457;0;0;0;0;0;0;0;0;0;0;0;0;0.0246;0.0041;1.1522;1.1522;0;32.916;32.916;20.236;0.0491;1097.7;1049.6;1;0.0185;0.0185;0;0;0;0;0;0;1.1337;1.0457;0;16.916;19.588;15.353;17.778;98.397;98.397;10.802;9.7167;8.8188;1.0857;0.8979;0.1005;0.0831;0.8164;149.47;0.7613;0
14/10/21 09:00;49.363;-56.784;20.902;54.322;35.679;-90;-35.679;519;327.3;191.69;15.22;2.34;0;235.99;242.18;73.915;0;9.7414;561.82;0;561.82;235.99;73.915;242.18;9.7414;0.42;0.4484;0;0.0173;539.01;22.814;0;0;14.085;8.729;530.75;7.7171;0.1702;0.0533;7.3599;0.1337;538.47;0.539;0.236;0.0739;0.2281;0.001;533.67;235.58;73.788;220.51;0.8777;291.05;234.3;93.597;6.6663;3.3406;48.053;2.9194;44.727;0;1;0;0;1.0825;0.9594;1;1;0.9418;0.1039;0.9857;0.9993;1;0.9677;0.8678;0.999;0.999;1;0.999;0.999;0.9447;0.9105;0.0901;1.5989;1.6231;0.0098;0.0036;0.0938;0.0106;0.0376;0.0085;0;0;0.088;1.3123;0;0;0;0;0;0;0;0;0;0;0;0;0.0303;0.0064;1.4224;1.4224;0;41.415;41.415;26.195;0.0494;1394.9;1019.7;1;0.0221;0.0221;0;0;0;0;0;0;1.4003;1.3123;0;16.73;19.373;15.435;17.873;98.444;98.444;13.484;11.996;11.067;1.4882;0.9287;0.1104;0.0689;0.8208;166.47;0.7714;0
14/10/21 10:00;58.339;-36.542;24.943;69.838;20.162;-90;-20.162;919.01;151.6;767.41;17.2;2.74;0;817.5;50.738;105.73;0;5.6315;979.61;0;979.61;817.5;105.73;50.738;5.6315;0.8345;0.0575;0;0.0057;973.72;5.89;0;0;1.1873;4.7027;970.04;2.7056;0.7036;0.091;1.7073;0.2037;972.74;0.9737;0.8175;0.1057;0.0496;0.0009;971.38;815.98;105.54;47.794;0.7242;519.4;418.12;164.19;0.1878;5.3854;77.466;1.3427;82.664;0;1;0;0;1.0659;0.994;1;1;0.9766;0.1649;0.9972;0.9991;1;0.9655;0.7805;0.999;0.999;1;0.999;0.999;0.9902;0.942;0.1286;2.7879;2.9344;0.0177;0.0008;0.4238;0.0174;0.0619;0.0125;0;0;0.088;2.2041;0;0;0;0;0;0;0;0;0;0;0;0;0.0498;0.0197;2.3307;2.3307;0;65.994;65.994;48.794;0.0503;2525.4;922.92;1;0.0387;0.0387;0;0;0;0;0;0;2.2921;2.2041;0;15.722;18.206;14.867;17.216;98.341;98.341;23.511;19.655;18.587;3.8553;1.0683;0.164;0.0454;0.7906;31.548;0.7464;0
14/10/21 11:00;63.019;-7.4595;26.734;86.219;3.7815;-90;-3.7815;815.71;245.1;570.61;18.3;3.4299;0;571.85;130.99;114.21;0;0.1776;817.23;0;817.23;571.85;114.21;130.99;0.1776;0.6997;0.1605;0;0.0002;816.89;0.3471;0;0;0.1991;0.148;809.66;6.413;0.5275;0.1054;5.7736;0.0066;816.07;0.8169;0.5719;0.1142;0.1308;0;809.66;570.75;113.99;124.89;0.023;480.76;387.01;149.26;-0.0004;5.1497;74.077;0.0058;79.227;0;1;0;0;1.0019;0.9996;1;1;0.9985;0.1665;0.9921;0.9991;1;0.9558;0.7774;0.999;0.999;1;0.999;0.999;0.9907;0.9534;0.1293;2.3258;2.4649;0.0148;-0.002;0.2935;0.0151;0.0536;0.0123;0;0;0.088;1.9;0;0;0;0;0;0;0;0;0;0;0;0;0.0432;0.0141;2.0202;2.0202;0;58.789;58.789;40.488;0.05;2122.7;951.71;1;0.0322;0.0322;0;0;0;0;0;0;1.988;1.9;0;16.335;18.916;15.363;17.79;98.405;98.405;19.614;17.037;16.023;2.5768;1.0138;0.1314;0.0517;0.8169;77.684;0.765;0
14/10/21 12:00;61.175;24.344;26.057;77.219;12.781;90;12.781;397.39;368.7;28.695;18.97;3.96;0;29.424;355.47;8.9923;0;0.9846;394.87;0;394.87;29.424;8.9923;355.47;0.9846;0.0745;0.9027;0;0.0025;390.17;4.7;0;0;3.8805;0.8195;375.97;13.813;0.0265;0.0081;13.742;0.0372;389.78;0.3902;0.0294;0.009;0.3516;0.0002;376.16;29.368;8.9752;337.5;0.1278;236.43;190.32;71.03;0.2585;2.7035;38.889;0.1951;41.334;0;1;0;0;0.9937;0.9881;1;1;0.9891;0.1677;0.9646;0.9991;1;0.9609;0.7748;0.999;0.999;1;0.999;0.999;0.9521;0.9494;0.1298;1.1238;1.1541;0.007;0.01;0.0513;0.0076;0.027;0.0069;0;0;0.088;0.915;0;0;0;0;0;0;0;0;0;0;0;0;0.0217;0.0034;1.0192;1.0192;0;37.499;37.499;18.529;0.0493;990.81;1028.7;1;0.0162;0.0162;0;0;0;0;0;0;1.003;0.915;0;17.056;19.751;15.313;17.732;98.413;98.413;9.4769;8.5952;7.7166;0.8817;0.8786;0.093;0.0927;0.8143;214.73;0.7583;0
14/10/21 13:00;53.806;48.582;22.995;61.245;28.755;90;28.755;695.8;288.3;407.5;19.09;4.3099;0;464.82;171.33;120.59;0;8.5803;765.31;0;765.31;464.82;120.59;171.33;8.5803;0.6074;0.2351;0;0.0112;750.73;14.58;0;0;7.105;7.4753;743.95;6.0383;0.3688;0.0957;5.3693;0.2045;749.98;0.7507;0.4648;0.1206;0.1642;0.0011;746.26;463.99;120.37;158.69;0.8993;385;309.92;122.01;2.2412;4.1082;59.094;2.3101;60.961;0;1;0;0;1.0999;0.9809;1;1;0.9585;0.1288;0.9919;0.9992;1;0.9673;0.8147;0.999;0.999;1;0.999;0.999;0.9721;0.9262;0.1048;2.178;2.2535;0.0136;-0.0017;0.2481;0.014;0.0495;0.0099;0;0;0.088;1.7508;0;0;0;0;0;0;0;0;0;0;0;0;0.0399;0.0119;1.8683;1.8683;0;56.219;56.219;37.129;0.0499;1941.5;962.31;1;0.0296;0.0296;0;0;0;0;0;0;1.8388;1.7508;0;16.132;18.68;15.117;17.505;98.418;98.418;18.368;15.756;14.764;2.6116;0.9914;0.1422;0.054;0.8038;111.98;0.7599;0
14/10/21 14:00;43.521;64.921;17.9;46.357;43.643;90;43.643;835.1;137.8;697.3;20.8;4.1301;0;963.58;31.431;140.03;0;23.078;1158.1;0;1158.1;963.58;140.03;31.431;23.078;0.832;0.0471;0;0.0199;1134.3;23.839;0;0;2.4885;21.351;1131.4;1.7416;0.5952;0.0865;0.9404;0.1195;1133.1;1.1343;0.9636;0.14;0.0289;0.0017;1137;962.03;139.8;27.974;1.6057;368.92;296.98;116.9;1.7331;3.9106;56.252;5.6362;58.43;0;1;0;0;1.3868;0.9794;1;1;0.9208;0.0748;0.9985;0.9994;1;0.9675;0.9307;0.999;0.999;1;0.999;0.999;0.9769;0.89;0.0696;3.2959;3.3658;0.0203;0.0083;0.6345;0.0189;0.0671;0.0086;0;0;0.088;2.3984;0;0;0;0;0;0;0;0;0;0;0;0;0.054;0.0257;2.5285;2.5285;0;78.302;78.302;57.502;0.0508;2887.8;875;1;0.0421;0.0421;0;0;0;0;0;0;2.4864;2.3984;0;14.427;16.706;13.684;15.846;98.334;98.334;27.795;21.323;20.226;6.4718;1.0975;0.2328;0.0395;0.7277;23.106;0.7021;0
14/10/21 15:00;31.937;76.714;11.247;32.639;57.361;90;57.361;592.19;103.9;488.29;20.6;3.2799;0;905.36;26.362;129.13;0;27.28;1088.1;0;1088.1;905.36;129.13;26.362;27.28;0.832;0.0493;0;0.0251;1059.5;28.655;0;0;3.1049;25.551;1057.1;1.2992;0.3514;0.0501;0.8053;0.0924;1058.4;1.0595;0.9054;0.1291;0.0233;0.0017;1061.8;904.1;128.95;22.429;1.6351;155.75;125.38;48.443;3.7614;1.907;27.432;4.6983;25.578;0;1;0;0;1.8375;0.9737;1;1;0.8822;0.0634;0.9988;0.9996;1;0.9653;0.9465;0.999;0.999;1;0.999;0.999;0.9715;0.8508;0.0599;3.0967;3.0929;0.0186;0.003;0.5375;0.0177;0.0629;0.0043;0;0;0.088;2.2494;0;0;0;0;0;0;0;0;0;0;0;0;0.0507;0.0219;2.3763;2.3763;0;74.136;74.136;53.536;0.0506;2669.1;890.33;1;0.039;0.039;0;0;0;0;0;0;2.3374;2.2494;0;14.431;16.711;13.66;15.818;98.36;98.36;26.115;20.04;18.969;6.0752;1.0708;0.2326;0.041;0.7264;22.261;0.7129;0
14/10/21 16:00;19.814;86.262;34.704;19.853;35.599;90;35.599;95.7;94.098;1.6017;18.51;1.9801;0;3.8845;85.012;0.7831;0;1.7886;91.469;0;91.469;3.8845;0.7831;85.012;1.7886;0.0425;0.949;0;0.0196;84.916;6.5529;0;0;4.9429;1.6101;82.206;2.6248;0.0147;0.003;2.5829;0.0242;84.831;0.0849;0.0039;0.0008;0.0801;0.0002;82.785;3.8659;0.7793;77.407;0.1541;58.41;47.02;18.785;2.3219;0.7343;10.562;0.5788;8.9747;0;1;0;0;0.9558;0.9284;1;1;0.9419;0.0998;0.9691;0.9962;1;0.9677;0.8641;0.999;0.999;1;0.999;0.999;0.8987;0.9105;0.0861;0.2603;0.258;0.0016;0.0159;-0.0023;0.0017;0.006;0.0019;0;0;0.088;0.1336;0;0;0;0;0;0;0;0;0;0;0;0;0.0049;0.0003;0.2281;0.2281;0;22.563;22.563;4.0537;0.0493;219.25;1040.2;1;0.0065;0.0065;0;0;0;0;0;0;0.2216;0.1336;0;16.476;19.078;9.6516;11.176;97.168;97.168;2.1952;1.9232;1.1267;0.272;0.7966;0.1239;0.3629;0.5132;58.401;0.4724;0
14/10/21 17:00;7.5589;94.896;71.395;7.5863;11.088;90;11.088;20.804;20.601;0.2032;17.5;1.08;0;0.4928;20.386;0.056;0;0.0388;20.974;0;20.974;0.4928;0.056;20.386;0.0388;0.0235;0.9738;0;0.0019;20.766;0.2076;0;0;0.1753;0.0323;19.863;0.8819;0.0617;0.007;0.8117;0.0015;20.745;0.0208;0.0005;0.0001;0.0202;0;19.87;0.4306;0.049;19.379;0.005;12.255;9.8656;3.6539;0.0088;0.1417;2.0377;0.0069;2.1706;0;1;0;0;1.0081;0.9901;1;1;0.9914;0.1679;0.9575;0.8746;1;0.9598;0.7748;0.999;0.999;1;0.999;0.999;0.9471;0.9506;0.13;0.0597;0.0609;0.0004;0.0087;-0.0014;0.0004;0.0013;0.0003;0;0;0.088;-0.041;0;0;0;0;0;0;0;0;0;0;0;0;0.0011;0;0.0502;0.0502;0;18.495;18.495;0.9947;0.0501;50.385;995.64;1;0.0032;0.0032;0;0;0;0;0;0;0.047;-0.041;0;15.805;18.302;-12.913;-14.953;93.72;93.72;0.5034;0.423;-0.3456;0.0803;0.7687;0.1596;1.5271;0;12.254;0;0
14/10/21 18:00;0.8673;99.586;87.896;0.8796;1.254;90;1.254;0;0;0;14.71;1.9299;0;0;0;0;0;0;0;0;0;0;0;0;0;1;1;1;1;0;0;0;0;0;0;0;0;0;0;0;0;0;0;0;0;0;0;0;0;0;0;0;0;0;0;0;0;0;0;0;0;0;0;0;1;1;1;1;1;1;1;1;1;1;1;1;1;1;1;1;1;1;1;0;0;0;0;0;0;0;0;0;0.0004;0.088;-0.0884;0;0;0;0;0;0;0;0;0;0;0;0;0;0;0;0;0;0;0;-14.71;0;0;0;0;0.0004;0;0;0;0;0;0;0;-0.0004;-0.0884;0;0;0;0;0;0;0;0;0;-0.7452;0;0.7452;1;1;0;0;0;0
14/10/21 19:00;0;0;90;0;0;90;0;0;0;0;12.74;2.73;0;0;0;0;0;0;0;0;0;0;0;0;0;1;1;1;1;0;0;0;0;0;0;0;0;0;0;0;0;0;0;0;0;0;0;0;0;0;0;0;0;0;0;0;0;0;0;0;0;0;0;0;1;1;1;1;1;1;1;1;1;1;1;1;1;1;1;1;1;1;1;0;0;0;0;0;0;0;0;0;0.0004;0.088;-0.0884;0;0;0;0;0;0;0;0;0;0;0;0;0;0;0;0;0;0;0;-12.74;0;0;0;0;0.0004;0;0;0;0;0;0;0;-0.0004;-0.0884;0;0;0;0;0;0;0;0;0;-0.7452;0;0.7452;1;1;0;0;0;0
14/10/21 20:00;0;0;90;0;0;90;0;0;0;0;12.74;2.9301;0;0;0;0;0;0;0;0;0;0;0;0;0;1;1;1;1;0;0;0;0;0;0;0;0;0;0;0;0;0;0;0;0;0;0;0;0;0;0;0;0;0;0;0;0;0;0;0;0;0;0;0;1;1;1;1;1;1;1;1;1;1;1;1;1;1;1;1;1;1;1;0;0;0;0;0;0;0;0;0;0.0004;0.088;-0.0884;0;0;0;0;0;0;0;0;0;0;0;0;0;0;0;0;0;0;0;-12.74;0;0;0;0;0.0004;0;0;0;0;0;0;0;-0.0004;-0.0884;0;0;0;0;0;0;0;0;0;-0.7452;0;0.7452;1;1;0;0;0;0
14/10/21 21:00;0;0;90;0;0;90;0;0;0;0;10.89;2.21;0;0;0;0;0;0;0;0;0;0;0;0;0;1;1;1;1;0;0;0;0;0;0;0;0;0;0;0;0;0;0;0;0;0;0;0;0;0;0;0;0;0;0;0;0;0;0;0;0;0;0;0;1;1;1;1;1;1;1;1;1;1;1;1;1;1;1;1;1;1;1;0;0;0;0;0;0;0;0;0;0.0004;0.088;-0.0884;0;0;0;0;0;0;0;0;0;0;0;0;0;0;0;0;0;0;0;-10.89;0;0;0;0;0.0004;0;0;0;0;0;0;0;-0.0004;-0.0884;0;0;0;0;0;0;0;0;0;-0.7452;0;0.7452;1;1;0;0;0;0
14/10/21 22:00;0;0;90;0;0;90;0;0;0;0;10.5;1.5901;0;0;0;0;0;0;0;0;0;0;0;0;0;1;1;1;1;0;0;0;0;0;0;0;0;0;0;0;0;0;0;0;0;0;0;0;0;0;0;0;0;0;0;0;0;0;0;0;0;0;0;0;1;1;1;1;1;1;1;1;1;1;1;1;1;1;1;1;1;1;1;0;0;0;0;0;0;0;0;0;0.0004;0.088;-0.0884;0;0;0;0;0;0;0;0;0;0;0;0;0;0;0;0;0;0;0;-10.5;0;0;0;0;0.0004;0;0;0;0;0;0;0;-0.0004;-0.0884;0;0;0;0;0;0;0;0;0;-0.7452;0;0.7452;1;1;0;0;0;0
14/10/21 23:00;0;0;90;0;0;90;0;0;0;0;10.13;1.14;0;0;0;0;0;0;0;0;0;0;0;0;0;1;1;1;1;0;0;0;0;0;0;0;0;0;0;0;0;0;0;0;0;0;0;0;0;0;0;0;0;0;0;0;0;0;0;0;0;0;0;0;1;1;1;1;1;1;1;1;1;1;1;1;1;1;1;1;1;1;1;0;0;0;0;0;0;0;0;0;0.0004;0.088;-0.0884;0;0;0;0;0;0;0;0;0;0;0;0;0;0;0;0;0;0;0;-10.13;0;0;0;0;0.0004;0;0;0;0;0;0;0;-0.0004;-0.0884;0;0;0;0;0;0;0;0;0;-0.7452;0;0.7452;1;1;0;0;0;0
15/10/21 00:00;0;0;90;0;0;90;0;0;0;0;8.9603;0.9401;0;0;0;0;0;0;0;0;0;0;0;0;0;1;1;1;1;0;0;0;0;0;0;0;0;0;0;0;0;0;0;0;0;0;0;0;0;0;0;0;0;0;0;0;0;0;0;0;0;0;0;0;1;1;1;1;1;1;1;1;1;1;1;1;1;1;1;1;1;1;1;0;0;0;0;0;0;0;0;0;0.0004;0.088;-0.0884;0;0;0;0;0;0;0;0;0;0;0;0;0;0;0;0;0;0;0;-8.9603;0;0;0;0;0.0004;0;0;0;0;0;0;0;-0.0004;-0.0884;0;0;0;0;0;0;0;0;0;-0.7452;0;0.7452;1;1;0;0;0;0
15/10/21 01:00;0;0;90;0;0;90;0;0;0;0;7.42;1.0201;0;0;0;0;0;0;0;0;0;0;0;0;0;1;1;1;1;0;0;0;0;0;0;0;0;0;0;0;0;0;0;0;0;0;0;0;0;0;0;0;0;0;0;0;0;0;0;0;0;0;0;0;1;1;1;1;1;1;1;1;1;1;1;1;1;1;1;1;1;1;1;0;0;0;0;0;0;0;0;0;0.0004;0.088;-0.0884;0;0;0;0;0;0;0;0;0;0;0;0;0;0;0;0;0;0;0;-7.42;0;0;0;0;0.0004;0;0;0;0;0;0;0;-0.0004;-0.0884;0;0;0;0;0;0;0;0;0;-0.7452;0;0.7452;1;1;0;0;0;0
15/10/21 02:00;0;0;90;0;0;90;0;0;0;0;6.8198;1.0201;0;0;0;0;0;0;0;0;0;0;0;0;0;1;1;1;1;0;0;0;0;0;0;0;0;0;0;0;0;0;0;0;0;0;0;0;0;0;0;0;0;0;0;0;0;0;0;0;0;0;0;0;1;1;1;1;1;1;1;1;1;1;1;1;1;1;1;1;1;1;1;0;0;0;0;0;0;0;0;0;0.0004;0.088;-0.0884;0;0;0;0;0;0;0;0;0;0;0;0;0;0;0;0;0;0;0;-6.8198;0;0;0;0;0.0004;0;0;0;0;0;0;0;-0.0004;-0.0884;0;0;0;0;0;0;0;0;0;-0.7452;0;0.7452;1;1;0;0;0;0
15/10/21 03:00;0;0;90;0;0;90;0;0;0;0;7.42;1.15;0;0;0;0;0;0;0;0;0;0;0;0;0;1;1;1;1;0;0;0;0;0;0;0;0;0;0;0;0;0;0;0;0;0;0;0;0;0;0;0;0;0;0;0;0;0;0;0;0;0;0;0;1;1;1;1;1;1;1;1;1;1;1;1;1;1;1;1;1;1;1;0;0;0;0;0;0;0;0;0;0.0004;0.088;-0.0884;0;0;0;0;0;0;0;0;0;0;0;0;0;0;0;0;0;0;0;-7.42;0;0;0;0;0.0004;0;0;0;0;0;0;0;-0.0004;-0.0884;0;0;0;0;0;0;0;0;0;-0.7452;0;0.7452;1;1;0;0;0;0
15/10/21 04:00;0;0;90;0;0;90;0;0;0;0;7.7598;1.56;0;0;0;0;0;0;0;0;0;0;0;0;0;1;1;1;1;0;0;0;0;0;0;0;0;0;0;0;0;0;0;0;0;0;0;0;0;0;0;0;0;0;0;0;0;0;0;0;0;0;0;0;1;1;1;1;1;1;1;1;1;1;1;1;1;1;1;1;1;1;1;0;0;0;0;0;0;0;0;0;0.0004;0.088;-0.0884;0;0;0;0;0;0;0;0;0;0;0;0;0;0;0;0;0;0;0;-7.7598;0;0;0;0;0.0004;0;0;0;0;0;0;0;-0.0004;-0.0884;0;0;0;0;0;0;0;0;0;-0.7452;0;0.7452;1;1;0;0;0;0
15/10/21 05:00;4.2997;-97.619;79.523;4.3379;6.2325;-90;-6.2325;6.9934;6.8979;0.0955;7.6002;1.9001;0;0.2315;6.8712;0.0155;0;0.0041;7.1223;0;7.1223;0.2315;0.0155;6.8712;0.0041;0.0325;0.9653;0;0.0006;7.0961;0.0262;0;0;0.0228;0.0034;6.7194;0.3696;0.0704;0.0047;0.2943;0.0002;7.089;0.0071;0.0002;0;0.0068;0;6.7198;0.1609;0.0107;6.5473;0.0005;4.0883;3.2911;1.2132;0.0003;0.0475;0.6826;0.0004;0.7298;0;1;0;0;1.0184;0.9963;1;1;0.9967;0.1681;0.9479;0.6956;1;0.957;0.7764;0.999;0.999;1;0.999;0.999;0.9434;0.9529;0.1304;0.0203;0.0206;0.0001;0.0049;-0.0011;0.0001;0.0004;0.0001;0;0;0.088;-0.0746;0;0;0;0;0;0;0;0;0;0;0;0;0.0003;0;0.0157;0.0157;0;7.9421;7.9421;0.3419;0.0509;15.836;989.76;1;0.0023;0.0023;0;0;0;0;0;0;0.0134;-0.0746;0;14.542;16.839;-69.257;-80.198;85.193;85.193;0.1709;0.1322;-0.6295;0.0388;0.7617;0.2267;4.456;0;4.0878;0;0
15/10/21 06:00;14.49;-90.527;52.638;14.491;22.873;-90;-22.873;45.906;45.3;0.6066;8.9397;2.3099;0;1.4711;43.442;0.1933;0;0.361;45.468;0;45.468;1.4711;0.1933;43.442;0.361;0.0324;0.9634;0;0.0079;43.918;1.5494;0;0;1.2447;0.3047;42.412;1.4626;0.0238;0.0031;1.4239;0.0118;43.874;0.0439;0.0015;0.0002;0.0422;0.0001;42.507;1.4458;0.19;40.731;0.0444;27.398;22.055;8.3822;0.253;0.318;4.574;0.095;4.6389;0;1;0;0;0.9904;0.9659;1;1;0.9713;0.1559;0.9667;0.9838;1;0.9662;0.7895;0.999;0.999;1;0.999;0.999;0.9328;0.9376;0.1229;0.1294;0.1308;0.0008;0.0125;-0.0067;0.0009;0.0031;0.0008;0;0;0.088;0.0235;0;0;0;0;0;0;0;0;0;0;0;0;0.0025;0.0001;0.1168;0.1168;0;11.027;11.027;2.0873;0.0492;110;1061.8;1;0.0053;0.0053;0;0;0;0;0;0;0.1115;0.0235;0;16.974;19.656;3.4151;3.9546;95.466;95.466;1.0912;0.9849;0.1982;0.1063;0.7868;0.0974;0.721;0.1816;27.395;0.1689;0
15/10/21 07:00;26.717;-81.543;8.1307;26.97;60;-90;-60;197.01;178.3;18.708;10.4;3.06;0;41.192;129.69;11.857;0;9.8503;192.58;0;192.58;41.192;11.857;129.69;9.8503;0.2139;0.7245;0;0.0511;167.17;25.416;0;0;16.247;9.1685;162.93;4.0687;0.0116;0.0033;4.0096;0.0442;167;0.1672;0.0412;0.0119;0.1134;0.0007;166.66;41.139;11.841;109.31;0.6369;115.26;92.784;41.213;21.683;2.2912;32.958;3.7237;13.566;0;1;0;0;0.9776;0.868;1;1;0.8747;0.0692;0.9756;0.9997;1;0.9646;0.9351;0.999;0.999;1;0.999;0.999;0.846;0.8429;0.0647;0.5481;0.5428;0.0033;0.017;-0.0129;0.0037;0.0133;0.0062;0;0;0.088;0.403;0;0;0;0;0;0;0;0;0;0;0;0;0.0107;0.0009;0.5006;0.5006;0;18.353;18.353;7.9526;0.0488;462.08;1083.4;1;0.0096;0.0096;0;0;0;0;0;0;0.491;0.403;0;17.177;19.891;13.829;16.013;98.084;98.084;4.622;4.2218;3.3988;0.4002;0.823;0.0866;0.1781;0.7353;112.93;0.6518;0
15/10/21 08:00;38.628;-71.006;14.73;40.201;49.799;-90;-49.799;400.6;270.5;130.09;10.88;3.5801;0;201.55;188.89;63.387;0;14.202;468.03;0;468.03;201.55;63.387;188.89;14.202;0.4306;0.4339;0;0.0303;436.77;31.256;0;0;18.062;13.195;430.5;5.8373;0.1024;0.0322;5.6592;0.0434;436.34;0.4368;0.2016;0.0634;0.1708;0.001;434.96;201.25;63.291;165;0.9634;209.5;168.65;68.945;16.384;3.0552;43.948;4.4654;30.62;0;1;0;0;1.1683;0.9332;1;1;0.9044;0.071;0.9866;0.9995;1;0.9668;0.9569;0.999;0.999;1;0.999;0.999;0.9198;0.8735;0.0678;1.332;1.3325;0.008;0.0074;0.0328;0.009;0.0319;0.008;0;0;0.088;1.0978;0;0;0;0;0;0;0;0;0;0;0;0;0.0257;0.0045;1.2052;1.2052;0;31.984;31.984;21.104;0.049;1143.1;1054.3;1;0.0193;0.0193;0;0;0;0;0;0;1.1858;1.0978;0;17.015;19.703;15.5;17.948;98.395;98.395;11.233;10.163;9.258;1.0695;0.9052;0.0952;0.0806;0.8242;147.19;0.7701;0
15/10/21 09:00;49.669;-57.116;20.573;54.512;35.488;-90;-35.488;189.7;186.5;3.1998;11.53;3.94;0;3.9298;168.66;0.6978;0;3.5239;176.81;0;176.81;3.9298;0.6978;168.66;3.5239;0.0222;0.9738;0;0.0199;163.93;12.882;0;0;9.7275;3.1549;158.59;5.1813;0.0028;0.0005;5.1287;0.0493;163.77;0.1639;0.0039;0.0007;0.1589;0.0004;159.73;3.9231;0.6966;153.65;0.3192;117.63;94.693;38.098;4.5572;1.4537;20.911;1.139;17.807;0;1;0;0;0.9321;0.9271;1;1;0.9423;0.1047;0.9684;0.9993;1;0.9677;0.8661;0.999;0.999;1;0.999;0.999;0.8969;0.911;0.0906;0.5032;0.4989;0.003;0.0172;-0.0103;0.0034;0.0121;0.0039;0;0;0.088;0.3618;0;0;0;0;0;0;0;0;0;0;0;0;0.0098;0.0008;0.4589;0.4589;0;19.279;19.279;7.7483;0.0489;425.39;1078.8;1;0.0091;0.0091;0;0;0;0;0;0;0.4498;0.3618;0;17.15;19.86;13.521;15.657;98.016;98.016;4.2435;3.87;3.0511;0.3736;0.8189;0.088;0.193;0.719;115.76;0.6605;0
15/10/21 10:00;58.688;-36.797;24.592;69.98;20.02;-90;-20.02;846.81;170.2;676.61;12.77;4.3999;0;720.12;70.182;104.12;0;5.1168;899.54;0;899.54;720.12;104.12;70.182;5.1168;0.8005;0.0837;0;0.0057;893.65;5.8944;0;0;1.6238;4.2706;889.5;3.2504;0.6111;0.0884;2.365;0.1859;892.75;0.8936;0.7201;0.1041;0.0686;0.0008;890.72;718.79;103.93;66.125;0.6594;479.86;386.28;151.45;0.2524;4.9955;71.859;1.2197;76.602;0;1;0;0;1.0623;0.9934;1;1;0.9769;0.1654;0.9964;0.9992;1;0.9655;0.7801;0.999;0.999;1;0.999;0.999;0.9888;0.9422;0.1289;2.56;2.6924;0.0162;-0.0013;0.3044;0.0166;0.0589;0.012;0;0;0.088;2.0965;0;0;0;0;0;0;0;0;0;0;0;0;0.0475;0.0167;2.2213;2.2213;0;57.19;57.19;44.42;0.0499;2318.1;958.25;1;0.0368;0.0368;0;0;0;0;0;0;2.1845;2.0965;0;16.318;18.896;15.401;17.834;98.342;98.342;21.589;18.733;17.68;2.8561;1.0528;0.1323;0.0488;0.8189;43.607;0.7727;0
15/10/21 11:00;63.393;-7.4228;26.367;86.297;3.7027;-90;-3.7027;626.9;399.1;227.81;13.12;4.99;0;228.28;324.95;73.957;0;0.1309;627.33;0;627.33;228.28;73.957;324.95;0.1309;0.3639;0.5182;0;0.0002;626.74;0.5875;0;0;0.4785;0.1091;611.5;14.614;0.2077;0.0673;14.335;0.0048;626.11;0.6267;0.2283;0.074;0.3245;0;611.5;227.85;73.816;309.82;0.0169;370.3;298.09;113.75;-0.0013;4.0457;58.196;0.0008;62.243;0;1;0;0;1.0007;0.9991;1;1;0.9985;0.1665;0.9767;0.9991;1;0.9558;0.7774;0.999;0.999;1;0.999;0.999;0.9748;0.9534;0.1293;1.7853;1.8661;0.0112;0.0009;0.1201;0.0121;0.043;0.0103;0;0;0.088;1.5115;0;0;0;0;0;0;0;0;0;0;0;0;0.0347;0.0083;1.6254;1.6254;0;43.332;43.332;30.212;0.0494;1602.8;1014.2;1;0.0259;0.0259;0;0;0;0;0;0;1.5995;1.5115;0;17.122;19.826;15.922;18.437;98.405;98.405;15.056;13.708;12.747;1.3483;0.9607;0.0896;0.0638;0.8466;192.7;0.7917;0
15/10/21 12:00;61.503;24.719;25.683;77.21;12.79;90;12.79;167.2;165.1;2.0952;10.17;5.5899;0;2.1485;162.77;0.2929;0;0.4149;165.63;0;165.63;2.1485;0.2929;162.77;0.4149;0.013;0.9853;0;0.0025;163.5;2.1244;0;0;1.7791;0.3453;157.03;6.3091;0.0019;0.0003;6.2913;0.0157;163.34;0.1635;0.0021;0.0003;0.161;0.0001;157.11;2.1445;0.2924;154.54;0.0538;99.706;80.263;30.039;0.1187;1.1353;16.33;0.0807;17.347;0;1;0;0;0.9906;0.9872;1;1;0.9891;0.1677;0.9614;0.9991;1;0.9609;0.7748;0.999;0.999;1;0.999;0.999;0.9481;0.9494;0.1298;0.4714;0.4822;0.0029;0.0172;-0.0124;0.0033;0.0118;0.0031;0;0;0.088;0.3491;0;0;0;0;0;0;0;0;0;0;0;0;0.0095;0.0008;0.4461;0.4461;0;17.834;17.834;7.6636;0.0488;411.38;1084.4;1;0.009;0.009;0;0;0;0;0;0;0.4371;0.3491;0;17.798;20.609;13.927;16.127;97.977;97.977;3.9751;3.762;2.9438;0.213;0.8182;0.0536;0.2058;0.7406;98.327;0.6897;0
15/10/21 13:00;54.06;49.048;22.625;61.298;28.702;90;28.702;457.21;383.8;73.41;12.14;6.0501;0;83.693;336.51;28.795;0;5.6175;454.62;0;454.62;83.693;28.795;336.51;5.6175;0.1841;0.7526;0;0.0124;435.81;18.807;0;0;13.914;4.8929;424.61;10.772;0.0653;0.0225;10.55;0.1343;435.38;0.4358;0.0837;0.0288;0.3226;0.0007;426.23;83.544;28.744;311.73;0.5896;272.37;219.26;85.442;4.3709;3.1444;45.231;1.6291;44.005;0;1;0;0;0.9943;0.9586;1;1;0.9587;0.129;0.9753;0.9992;1;0.9673;0.8144;0.999;0.999;1;0.999;0.999;0.934;0.9263;0.105;1.2938;1.3101;0.0079;0.0078;0.0369;0.0088;0.0312;0.0082;0;0;0.088;1.0729;0;0;0;0;0;0;0;0;0;0;0;0;0.0251;0.0043;1.1798;1.1798;0;32.973;32.973;20.834;0.0491;1123.9;1049.7;1;0.0189;0.0189;0;0;0;0;0;0;1.1609;1.0729;0;17.149;19.858;15.595;18.059;98.399;98.399;10.911;9.9495;9.0481;0.9613;0.9014;0.0881;0.0826;0.8293;219.86;0.7718;0
15/10/21 14:00;43.724;65.356;17.538;46.458;43.542;90;43.542;459.49;336.7;122.79;12.43;6.2801;0;169.4;252.94;59.892;0;12.642;494.87;0;494.87;169.4;59.892;252.94;12.642;0.3423;0.5367;0;0.0255;463.22;31.651;0;0;19.958;11.693;454.98;7.7735;0.1025;0.0362;7.5686;0.0662;462.76;0.4632;0.1694;0.0599;0.233;0.0009;459.06;169.12;59.796;225.18;0.8813;257.91;207.61;84.315;13.792;3.3832;48.666;4.0722;38.257;0;1;0;0;1.077;0.936;1;1;0.9211;0.075;0.9832;0.9994;1;0.9675;0.9301;0.999;0.999;1;0.999;0.999;0.9194;0.8903;0.0697;1.4084;1.4109;0.0085;0.0063;0.0486;0.0094;0.0334;0.0088;0;0;0.088;1.1557;0;0;0;0;0;0;0;0;0;0;0;0;0.0269;0.005;1.2638;1.2638;0;34.779;34.779;22.349;0.0491;1211;1043.6;1;0.0201;0.0201;0;0;0;0;0;0;1.2437;1.1557;0;16.875;19.541;15.432;17.87;98.413;98.413;11.877;10.658;9.7464;1.2193;0.9112;0.1027;0.0767;0.8206;185.78;0.7643;0
15/10/21 15:00;32.111;77.104;10.896;32.773;57.227;90;57.227;482;195.3;286.7;13.29;5.7499;0;529.63;91.592;141.23;0;22.109;784.56;0;784.56;529.63;141.23;91.592;22.109;0.6751;0.1449;0;0.0282;753.11;31.459;0;0;10.751;20.708;749.23;3.1226;0.1991;0.0531;2.7963;0.074;752.35;0.7531;0.5296;0.1412;0.0808;0.0014;754.26;528.9;141.04;77.964;1.3254;165.11;132.92;53.06;12.942;2.493;35.86;5.0303;25.411;0;1;0;0;1.6277;0.9599;1;1;0.8826;0.0634;0.9958;0.9996;1;0.9654;0.9471;0.999;0.999;1;0.999;0.999;0.955;0.8512;0.0599;2.2328;2.2298;0.0134;-0.0016;0.1998;0.0141;0.0501;0.0062;0;0;0.088;1.7772;0;0;0;0;0;0;0;0;0;0;0;0;0.0404;0.0117;1.8957;1.8957;0;50.506;50.506;37.216;0.0497;1921.5;986.61;1;0.0306;0.0306;0;0;0;0;0;0;1.8652;1.7772;0;15.967;18.489;14.968;17.333;98.388;98.388;18.83;15.987;14.987;2.8425;0.9998;0.151;0.0531;0.7959;77.224;0.7696;0
15/10/21 16:00;19.977;86.62;34.048;20.009;36.074;90;36.074;459.49;75.799;383.69;13.79;4.4601;0;930.57;12.669;149.85;0;8.8102;1101.9;0;1101.9;930.57;149.85;12.669;8.8102;0.8445;0.0195;0;0.008;1093.2;8.7001;0;0;0.752;7.9481;1087.9;4.1718;3.1644;0.5096;0.3844;0.1134;1092.1;1.0932;0.9306;0.1499;0.0119;0.0009;1088;926.47;149.19;11.52;0.7479;10.918;8.7893;3.8524;0.3642;0.1106;1.5904;0.0893;1.3367;0;1;0;0;2.3981;0.9921;1;1;0.9406;0.0979;0.9962;0.9966;1;0.9677;0.8683;0.999;0.999;1;0.999;0.999;0.9873;0.9094;0.0849;3.1359;3.1161;0.0188;0.0034;0.4791;0.0183;0.0649;0.0003;0;0;0.088;2.3274;0;0;0;0;0;0;0;0;0;0;0;0;0.0523;0.0222;2.4568;2.4568;0;68.642;68.642;54.852;0.0504;2690.3;913.21;1;0.0414;0.0414;0;0;0;0;0;0;2.4154;2.3274;0;14.733;17.061;13.957;16.162;98.313;98.313;26.445;20.719;19.627;5.7266;1.0916;0.2165;0.0413;0.7422;8.7358;0.7414;0
15/10/21 17:00;7.7221;95.236;70.981;7.7541;11.346;90;11.346;139.59;71.402;68.192;12.17;3.22;0;165.39;44.661;63.785;0;0.2728;274.1;0;274.1;165.39;63.785;44.661;0.2728;0.6034;0.1639;0;0.001;273.48;0.6262;0;0;0.3991;0.227;243.94;29.264;19.834;7.6495;1.7704;0.0103;273.2;0.2735;0.1654;0.0638;0.0443;0;243.96;145.39;56.072;42.447;0.0354;27.328;21.999;8.2321;0.021;0.3105;4.4664;0.0161;4.756;0;1;0;0;1.9636;0.9977;1;1;0.9911;0.1679;0.8929;0.88;1;0.96;0.7747;0.999;0.999;1;0.999;0.999;0.89;0.9504;0.1299;0.7801;0.7069;0.0043;0.0158;-0.0023;0.0048;0.0171;0.0008;0;0;0.088;0.5518;0;0;0;0;0;0;0;0;0;0;0;0;0.0138;0.0015;0.6512;0.6512;0;24.094;24.094;11.924;0.0489;605.77;1075;1;0.0114;0.0114;0;0;0;0;0;0;0.6398;0.5518;0;15.698;18.178;13.302;15.403;98.246;98.246;6.5785;5.4915;4.6531;1.087;0.8384;0.1652;0.1275;0.7073;26.865;0.6988;0
15/10/21 18:00;0.8342;100.06;87.976;0.8472;1.2079;90;1.2079;0;0;0;10.8;3.24;0;0;0;0;0;0;0;0;0;0;0;0;0;1;1;1;1;0;0;0;0;0;0;0;0;0;0;0;0;0;0;0;0;0;0;0;0;0;0;0;0;0;0;0;0;0;0;0;0;0;0;0;1;1;1;1;1;1;1;1;1;1;1;1;1;1;1;1;1;1;1;0;0;0;0;0;0;0;0;0;0.0004;0.088;-0.0884;0;0;0;0;0;0;0;0;0;0;0;0;0;0;0;0;0;0;0;-10.8;0;0;0;0;0.0004;0;0;0;0;0;0;0;-0.0004;-0.0884;0;0;0;0;0;0;0;0;0;-0.7452;0;0.7452;1;1;0;0;0;0
15/10/21 19:00;0;0;90;0;0;90;0;0;0;0;10.18;3.9999;0;0;0;0;0;0;0;0;0;0;0;0;0;1;1;1;1;0;0;0;0;0;0;0;0;0;0;0;0;0;0;0;0;0;0;0;0;0;0;0;0;0;0;0;0;0;0;0;0;0;0;0;1;1;1;1;1;1;1;1;1;1;1;1;1;1;1;1;1;1;1;0;0;0;0;0;0;0;0;0;0.0004;0.088;-0.0884;0;0;0;0;0;0;0;0;0;0;0;0;0;0;0;0;0;0;0;-10.18;0;0;0;0;0.0004;0;0;0;0;0;0;0;-0.0004;-0.0884;0;0;0;0;0;0;0;0;0;-0.7452;0;0.7452;1;1;0;0;0;0
15/10/21 20:00;0;0;90;0;0;90;0;0;0;0;10.11;5.3301;0;0;0;0;0;0;0;0;0;0;0;0;0;1;1;1;1;0;0;0;0;0;0;0;0;0;0;0;0;0;0;0;0;0;0;0;0;0;0;0;0;0;0;0;0;0;0;0;0;0;0;0;1;1;1;1;1;1;1;1;1;1;1;1;1;1;1;1;1;1;1;0;0;0;0;0;0;0;0;0;0.0004;0.088;-0.0884;0;0;0;0;0;0;0;0;0;0;0;0;0;0;0;0;0;0;0;-10.11;0;0;0;0;0.0004;0;0;0;0;0;0;0;-0.0004;-0.0884;0;0;0;0;0;0;0;0;0;-0.7452;0;0.7452;1;1;0;0;0;0
15/10/21 21:00;0;0;90;0;0;90;0;0;0;0;10.85;6.9201;0;0;0;0;0;0;0;0;0;0;0;0;0;1;1;1;1;0;0;0;0;0;0;0;0;0;0;0;0;0;0;0;0;0;0;0;0;0;0;0;0;0;0;0;0;0;0;0;0;0;0;0;1;1;1;1;1;1;1;1;1;1;1;1;1;1;1;1;1;1;1;0;0;0;0;0;0;0;0;0;0.0004;0.088;-0.0884;0;0;0;0;0;0;0;0;0;0;0;0;0;0;0;0;0;0;0;-10.85;0;0;0;0;0.0004;0;0;0;0;0;0;0;-0.0004;-0.0884;0;0;0;0;0;0;0;0;0;-0.7452;0;0.7452;1;1;0;0;0;0
15/10/21 22:00;0;0;90;0;0;90;0;0;0;0;10.3;7.38;0;0;0;0;0;0;0;0;0;0;0;0;0;1;1;1;1;0;0;0;0;0;0;0;0;0;0;0;0;0;0;0;0;0;0;0;0;0;0;0;0;0;0;0;0;0;0;0;0;0;0;0;1;1;1;1;1;1;1;1;1;1;1;1;1;1;1;1;1;1;1;0;0;0;0;0;0;0;0;0;0.0004;0.088;-0.0884;0;0;0;0;0;0;0;0;0;0;0;0;0;0;0;0;0;0;0;-10.3;0;0;0;0;0.0004;0;0;0;0;0;0;0;-0.0004;-0.0884;0;0;0;0;0;0;0;0;0;-0.7452;0;0.7452;1;1;0;0;0;0
15/10/21 23:00;0;0;90;0;0;90;0;0;0;0;10.2;7.1699;0;0;0;0;0;0;0;0;0;0;0;0;0;1;1;1;1;0;0;0;0;0;0;0;0;0;0;0;0;0;0;0;0;0;0;0;0;0;0;0;0;0;0;0;0;0;0;0;0;0;0;0;1;1;1;1;1;1;1;1;1;1;1;1;1;1;1;1;1;1;1;0;0;0;0;0;0;0;0;0;0.0004;0.088;-0.0884;0;0;0;0;0;0;0;0;0;0;0;0;0;0;0;0;0;0;0;-10.2;0;0;0;0;0.0004;0;0;0;0;0;0;0;-0.0004;-0.0884;0;0;0;0;0;0;0;0;0;-0.7452;0;0.7452;1;1;0;0;0;0
16/10/21 00:00;0;0;90;0;0;90;0;0;0;0;10.1;7.4199;0;0;0;0;0;0;0;0;0;0;0;0;0;1;1;1;1;0;0;0;0;0;0;0;0;0;0;0;0;0;0;0;0;0;0;0;0;0;0;0;0;0;0;0;0;0;0;0;0;0;0;0;1;1;1;1;1;1;1;1;1;1;1;1;1;1;1;1;1;1;1;0;0;0;0;0;0;0;0;0;0.0004;0.088;-0.0884;0;0;0;0;0;0;0;0;0;0;0;0;0;0;0;0;0;0;0;-10.1;0;0;0;0;0.0004;0;0;0;0;0;0;0;-0.0004;-0.0884;0;0;0;0;0;0;0;0;0;-0.7452;0;0.7452;1;1;0;0;0;0
16/10/21 01:00;0;0;90;0;0;90;0;0;0;0;9.9402;7.8899;0;0;0;0;0;0;0;0;0;0;0;0;0;1;1;1;1;0;0;0;0;0;0;0;0;0;0;0;0;0;0;0;0;0;0;0;0;0;0;0;0;0;0;0;0;0;0;0;0;0;0;0;1;1;1;1;1;1;1;1;1;1;1;1;1;1;1;1;1;1;1;0;0;0;0;0;0;0;0;0;0.0004;0.088;-0.0884;0;0;0;0;0;0;0;0;0;0;0;0;0;0;0;0;0;0;0;-9.9402;0;0;0;0;0.0004;0;0;0;0;0;0;0;-0.0004;-0.0884;0;0;0;0;0;0;0;0;0;-0.7452;0;0.7452;1;1;0;0;0;0
16/10/21 02:00;0;0;90;0;0;90;0;0;0;0;9.5998;8.2801;0;0;0;0;0;0;0;0;0;0;0;0;0;1;1;1;1;0;0;0;0;0;0;0;0;0;0;0;0;0;0;0;0;0;0;0;0;0;0;0;0;0;0;0;0;0;0;0;0;0;0;0;1;1;1;1;1;1;1;1;1;1;1;1;1;1;1;1;1;1;1;0;0;0;0;0;0;0;0;0;0.0004;0.088;-0.0884;0;0;0;0;0;0;0;0;0;0;0;0;0;0;0;0;0;0;0;-9.5998;0;0;0;0;0.0004;0;0;0;0;0;0;0;-0.0004;-0.0884;0;0;0;0;0;0;0;0;0;-0.7452;0;0.7452;1;1;0;0;0;0
16/10/21 03:00;0;0;90;0;0;90;0;0;0;0;9.2003;8.42;0;0;0;0;0;0;0;0;0;0;0;0;0;1;1;1;1;0;0;0;0;0;0;0;0;0;0;0;0;0;0;0;0;0;0;0;0;0;0;0;0;0;0;0;0;0;0;0;0;0;0;0;1;1;1;1;1;1;1;1;1;1;1;1;1;1;1;1;1;1;1;0;0;0;0;0;0;0;0;0;0.0004;0.088;-0.0884;0;0;0;0;0;0;0;0;0;0;0;0;0;0;0;0;0;0;0;-9.2003;0;0;0;0;0.0004;0;0;0;0;0;0;0;-0.0004;-0.0884;0;0;0;0;0;0;0;0;0;-0.7452;0;0.7452;1;1;0;0;0;0
16/10/21 04:00;0;0;90;0;0;90;0;0;0;0;9.3997;8.2999;0;0;0;0;0;0;0;0;0;0;0;0;0;1;1;1;1;0;0;0;0;0;0;0;0;0;0;0;0;0;0;0;0;0;0;0;0;0;0;0;0;0;0;0;0;0;0;0;0;0;0;0;1;1;1;1;1;1;1;1;1;1;1;1;1;1;1;1;1;1;1;0;0;0;0;0;0;0;0;0;0.0004;0.088;-0.0884;0;0;0;0;0;0;0;0;0;0;0;0;0;0;0;0;0;0;0;-9.3997;0;0;0;0;0.0004;0;0;0;0;0;0;0;-0.0004;-0.0884;0;0;0;0;0;0;0;0;0;-0.7452;0;0.7452;1;1;0;0;0;0
16/10/21 05:00;4.3519;-98.032;79.395;4.3948;6.3157;-90;-6.3157;2.5981;2.5981;0;9.4197;8.2199;0;0;2.5902;0;0;0.0016;2.5918;2.5918;0;0;0;0;0;1;1;1;1;0;0;0;0;0;0;0;0;0;0;0;0;0;0;0;0;0;0;0;0;0;0;0;0;0;0;0;0;0;0;0;0;0;0;0;0;1;1;1;1;1;1;1;1;1;1;1;1;1;0;0;1;0;0;0;0;0;0;0;0;0;0;0;0.0004;0.088;-0.0884;0;0;0;0;0;0;0;0;0;0;0;0;0;0;0;0;0;0;0;-9.4197;0;0;0;0;0.0004;0;0;0;0;0;0;0;-0.0004;-0.0884;0;0;0;0;0;0;0;0;0;-0.7452;0;0.7452;1;1;0;0;0;0
16/10/21 06:00;14.741;-90.811;51.893;14.743;23.368;-90;-23.368;13.498;13.397;0.1016;9.54;8.24;0;0.2464;12.844;0.0094;0;0.1107;13.21;0;13.21;0.2464;0.0094;12.844;0.1107;0.0187;0.9806;0;0.0084;12.736;0.4745;0;0;0.3809;0.0937;12.296;0.4265;0.0037;0.0001;0.4191;0.0036;12.723;0.0127;0.0002;0;0.0125;0;12.326;0.2425;0.0093;12.031;0.0135;8.122;6.5382;2.4889;0.0808;0.0944;1.3575;0.0297;1.3711;0;1;0;0;0.9786;0.9641;1;1;0.9703;0.1541;0.9665;0.985;1;0.9663;0.7914;0.999;0.999;1;0.999;0.999;0.9308;0.9367;0.1218;0.0376;0.038;0.0002;0.0068;-0.002;0.0002;0.0008;0.0002;0;0;0.088;-0.0597;0;0;0;0;0;0;0;0;0;0;0;0;0.0007;0;0.031;0.031;0;10.157;10.157;0.6172;0.0502;30.666;1010;1;0.0027;0.0027;0;0;0;0;0;0;0.0283;-0.0597;0;15.493;17.941;-29.888;-34.61;91.21;91.21;0.317;0.2612;-0.5039;0.0558;0.7651;0.1762;2.4131;0;8.1215;0;0
16/10/21 07:00;26.973;-81.846;7.7773;27.209;60;-90;-60;91.109;89.801;1.308;9.76;8.6199;0;2.8573;67.21;0.4104;0;4.5555;75.033;0;75.033;2.8573;0.4104;67.21;4.5555;0.0381;0.9565;0;0.0607;62.373;12.66;0;0;8.4203;4.2402;60.211;2.0993;0.0008;0.0001;2.078;0.0204;62.31;0.0624;0.0029;0.0004;0.0588;0.0003;62.091;2.8536;0.4098;56.653;0.2946;58.684;47.24;21.037;11.237;1.1758;16.914;1.8802;6.8524;0;1;0;0;0.8236;0.8313;1;1;0.8747;0.0692;0.9663;0.9997;1;0.9646;0.9351;0.999;0.999;1;0.999;0.999;0.8025;0.8429;0.0647;0.2135;0.2115;0.0013;0.015;-0.0095;0.0014;0.0051;0.0031;0;0;0.088;0.0963;0;0;0;0;0;0;0;0;0;0;0;0;0.0041;0.0002;0.1908;0.1908;0;12.715;12.715;2.9548;0.0491;178.37;1069.5;1;0.0065;0.0065;0;0;0;0;0;0;0.1843;0.0963;0;16.801;19.455;8.4789;9.8183;96.596;96.596;1.8008;1.6088;0.8119;0.192;0.7969;0.1066;0.4425;0.4509;58.528;0.3858;0
16/10/21 08:00;38.898;-71.333;14.424;40.42;49.58;-90;-49.58;305.31;268;37.306;11.03;9.19;0;57.537;211.36;17.813;0;10.735;297.45;0;297.45;57.537;17.813;211.36;10.735;0.1934;0.7467;0;0.0361;267.4;30.053;0;0;20.082;9.9712;260.73;6.4016;0.0286;0.0089;6.3309;0.0332;267.13;0.2674;0.0575;0.0178;0.1913;0.0008;264.59;57.451;17.786;184.76;0.73;182.29;146.74;61.467;18.053;2.8093;40.411;3.8638;25.166;0;1;0;0;0.9743;0.899;1;1;0.905;0.0712;0.976;0.9995;1;0.9669;0.9564;0.999;0.999;1;0.999;0.999;0.8765;0.8741;0.068;0.8465;0.838;0.005;0.0143;-0.0037;0.0058;0.0204;0.0075;0;0;0.088;0.6691;0;0;0;0;0;0;0;0;0;0;0;0;0.0164;0.0019;0.7702;0.7702;0;23.765;23.765;12.735;0.0488;715.04;1077.1;1;0.0131;0.0131;0;0;0;0;0;0;0.7571;0.6691;0;17.11;19.813;14.863;17.211;98.295;98.295;7.1388;6.4951;5.6422;0.6437;0.8529;0.0902;0.1195;0.7904;164.35;0.7174;0
16/10/21 09:00;49.97;-57.453;20.245;54.699;35.301;-90;-35.301;362.41;325.8;36.607;12.99;9.51;0;44.854;285.59;13.844;0;6.6637;350.95;0;350.95;44.854;13.844;285.59;6.6637;0.1278;0.8327;0;0.019;328.65;22.296;0;0;16.335;5.961;319.5;8.8252;0.0313;0.0097;8.689;0.0951;328.32;0.3287;0.0449;0.0138;0.2693;0.0007;321.64;44.778;13.821;260.29;0.6069;219.55;176.74;70.518;7.5783;2.6911;38.711;2.1371;33.824;0;1;0;0;0.9684;0.9365;1;1;0.9428;0.1055;0.9731;0.9993;1;0.9677;0.8645;0.999;0.999;1;0.999;0.999;0.9104;0.9114;0.0911;0.9988;0.9978;0.006;0.0122;0.0129;0.0068;0.024;0.0071;0;0;0.088;0.8038;0;0;0;0;0;0;0;0;0;0;0;0;0.0193;0.0026;0.9068;0.9068;0;28.637;28.637;15.647;0.049;853.59;1062.3;1;0.0149;0.0149;0;0;0;0;0;0;0.8918;0.8038;0;17.074;19.771;15.136;17.527;98.351;98.351;8.4228;7.6471;6.7789;0.7756;0.8682;0.0921;0.1031;0.8048;195.73;0.7434;0
16/10/21 10:00;59.034;-37.061;24.242;70.119;19.881;-90;-19.881;184.8;182.2;2.6007;14;9.59;0;2.7655;176.38;0.4263;0;1.1014;180.67;0;180.67;2.7655;0.4263;176.38;1.1014;0.0153;0.9823;0;0.0061;175.72;4.9532;0;0;4.0342;0.919;169.54;6.0012;0.0023;0.0004;5.9584;0.0401;175.54;0.1757;0.0028;0.0004;0.1723;0.0002;169.81;2.7604;0.4255;166.21;0.1421;111.21;89.526;33.996;0.6161;1.2659;18.209;0.2682;18.859;0;1;0;0;0.9777;0.9726;1;1;0.9771;0.1656;0.9658;0.9992;1;0.9654;0.7799;0.999;0.999;1;0.999;0.999;0.9384;0.9424;0.129;0.5142;0.5223;0.0031;0.0171;-0.0051;0.0035;0.0126;0.0034;0;0;0.088;0.3794;0;0;0;0;0;0;0;0;0;0;0;0;0.0101;0.0009;0.4766;0.4766;0;22.3;22.3;8.2996;0.049;445.93;1068.8;1;0.0092;0.0092;0;0;0;0;0;0;0.4674;0.3794;0;17.432;20.186;13.878;16.07;98.071;98.071;4.3361;4.0194;3.1998;0.3167;0.8196;0.073;0.189;0.7379;109.52;0.6862;0
16/10/21 11:00;63.764;-7.3906;26.001;86.373;3.6274;-90;-3.6274;1029.9;169.9;860.01;15.71;9.53;0;861.73;51.683;118.4;0;0.2063;1032;0;1032;861.73;118.4;51.683;0.2063;0.835;0.0503;0;0.0002;1031.8;0.2458;0;0;0.0738;0.172;1027.6;3.1687;0.7732;0.1062;2.2816;0.0076;1030.7;1.0318;0.8617;0.1184;0.0516;0;1027.6;860.1;118.17;49.276;0.0267;606.66;488.36;192.79;-0.0002;6.2097;89.324;0.0057;95.533;0;1;0;0;1.0021;0.9998;1;1;0.9986;0.1664;0.9969;0.9991;1;0.9557;0.7774;0.999;0.999;1;0.999;0.999;0.9957;0.9534;0.1293;2.937;3.1189;0.0188;0.0034;0.4662;0.0184;0.0653;0.0143;0;0;0.088;2.3282;0;0;0;0;0;0;0;0;0;0;0;0;0.0526;0.0221;2.4577;2.4577;0;67.463;67.463;51.753;0.0504;2684.8;915.41;1;0.0415;0.0415;0;0;0;0;0;0;2.4162;2.3282;0;15.736;18.222;14.907;17.262;98.311;98.311;24.769;20.726;19.634;4.0425;1.0923;0.1632;0.0441;0.7927;30.646;0.7445;0
16/10/21 12:00;61.829;25.096;25.311;77.203;12.797;90;12.797;505.81;415.4;90.408;17.14;9.4701;0;92.711;379.72;31.691;0;1.2564;505.38;0;505.38;92.711;31.691;379.72;1.2564;0.1834;0.7538;0;0.0025;500.18;5.1997;0;0;4.154;1.0457;484.85;14.831;0.081;0.0277;14.675;0.0474;499.68;0.5002;0.0927;0.0317;0.3756;0.0002;485.1;92.538;31.631;360.52;0.1631;299.66;241.22;90.771;0.2774;3.3749;48.546;0.2508;51.643;0;1;0;0;0.9992;0.9897;1;1;0.9891;0.1677;0.9703;0.9991;1;0.9609;0.7748;0.999;0.999;1;0.999;0.999;0.9594;0.9494;0.1298;1.4383;1.4851;0.0089;0.0053;0.0843;0.0097;0.0344;0.0086;0;0;0.088;1.1924;0;0;0;0;0;0;0;0;0;0;0;0;0.0277;0.0055;1.3006;1.3006;0;41.073;41.073;23.933;0.0494;1276.1;1019.2;1;0.0202;0.0202;0;0;0;0;0;0;1.2804;1.1924;0;17.006;19.693;15.591;18.054;98.446;98.446;12.129;10.968;10.056;1.1608;0.9125;0.0957;0.0752;0.8291;229.39;0.7734;0
16/10/21 13:00;54.313;49.514;22.256;61.354;28.646;90;28.646;573.4;377.7;195.7;17.72;9.43;0;223;292.61;75.223;0;7.0186;597.85;0;597.85;223;75.223;292.61;7.0186;0.373;0.5012;0;0.0117;579.67;18.173;0;0;12.061;6.1116;569.52;9.5737;0.1713;0.0578;9.1762;0.1684;579.09;0.5797;0.223;0.0752;0.2805;0.0009;571.5;222.6;75.09;271.09;0.7377;330.46;266.02;103.56;3.7758;3.7223;53.544;1.9825;53.491;0;1;0;0;1.0426;0.9696;1;1;0.9588;0.1292;0.9835;0.9992;1;0.9673;0.8141;0.999;0.999;1;0.999;0.999;0.9526;0.9265;0.1051;1.7014;1.7424;0.0105;0.0022;0.1285;0.0112;0.0397;0.0093;0;0;0.088;1.3902;0;0;0;0;0;0;0;0;0;0;0;0;0.032;0.0073;1.5015;1.5015;0;45.925;45.925;28.205;0.0495;1497.1;1003;1;0.0234;0.0234;0;0;0;0;0;0;1.4782;1.3902;0;16.596;19.218;15.366;17.793;98.445;98.445;14.348;12.663;11.724;1.6856;0.939;0.1175;0.0654;0.8171;191.1;0.7657;0
16/10/21 14:00;43.925;65.789;17.18;46.561;43.439;90;43.439;286.3;273.9;12.398;17.33;9.26;0;17.075;233.33;4.8905;0;7.8415;263.13;0;263.13;17.075;4.8905;233.33;7.8415;0.0649;0.9165;0;0.0298;237.54;25.598;0;0;18.347;7.2516;230.26;7.0369;0.0101;0.0029;6.9824;0.0415;237.3;0.2375;0.0171;0.0049;0.215;0.0006;233.06;17.048;4.8827;207.78;0.5477;178.15;143.41;59.092;12.619;2.4827;35.712;2.8015;25.576;0;1;0;0;0.9191;0.9027;1;1;0.9214;0.0752;0.9703;0.9994;1;0.9675;0.9295;0.999;0.999;1;0.999;0.999;0.8751;0.8905;0.0698;0.7489;0.7383;0.0044;0.0155;0.0096;0.005;0.0176;0.0065;0;0;0.088;0.5647;0;0;0;0;0;0;0;0;0;0;0;0;0.0142;0.0016;0.664;0.664;0;28.633;28.633;11.303;0.0491;630.17;1053.7;1;0.0114;0.0114;0;0;0;0;0;0;0.6527;0.5647;0;16.676;19.31;14.18;16.42;98.287;98.287;6.3152;5.5999;4.7619;0.7153;0.838;0.1133;0.1327;0.754;171.21;0.6845;0
16/10/21 15:00;32.284;77.493;10.549;32.908;57.092;90;57.092;476.7;203.4;273.3;17.44;8.73;0;503.04;98.698;138.96;0;21.771;762.47;0;762.47;503.04;138.96;98.698;21.771;0.6597;0.158;0;0.0286;730.53;31.937;0;0;11.545;20.392;726.48;3.3174;0.1831;0.0506;3.0116;0.0721;729.8;0.7305;0.503;0.139;0.0872;0.0014;731.35;502.35;138.77;84.054;1.3054;168.47;135.62;55.446;13.829;2.4993;35.952;4.8718;24.622;0;1;0;0;1.5995;0.9581;1;1;0.883;0.0633;0.9955;0.9996;1;0.9654;0.9477;0.999;0.999;1;0.999;0.999;0.9528;0.8516;0.06;2.1699;2.1645;0.013;-0.0013;0.2183;0.0135;0.048;0.0061;0;0;0.088;1.7002;0;0;0;0;0;0;0;0;0;0;0;0;0.0387;0.0111;1.817;1.817;0;53.621;53.621;36.181;0.0498;1865.9;973.8;1;0.0288;0.0288;0;0;0;0;0;0;1.7882;1.7002;0;15.748;18.235;14.735;17.063;98.414;98.414;18.299;15.323;14.338;2.9758;0.9851;0.1626;0.0538;0.7835;83.088;0.7568;0
16/10/21 16:00;20.139;86.976;33.381;20.165;36.561;90;36.561;322.59;137.4;185.19;17.23;7.5699;0;449.14;75.548;130.02;0;6.3478;661.06;0;661.06;449.14;130.02;75.548;6.3478;0.6794;0.1239;0;0.0096;650.74;10.318;0;0;4.5793;5.7391;645.98;4.1102;1.3523;0.3915;2.2892;0.0773;650.09;0.6507;0.4491;0.13;0.071;0.0006;646.53;447.34;129.5;68.608;0.5307;53.468;43.041;17.444;2.2621;0.6649;9.5637;0.5514;7.9665;0;1;0;0;2.0492;0.9844;1;1;0.9394;0.0959;0.9937;0.997;1;0.9677;0.8728;0.999;0.999;1;0.999;0.999;0.9772;0.9081;0.0836;1.8813;1.8689;0.0113;0.0009;0.1601;0.0119;0.0421;0.0016;0;0;0.088;1.4857;0;0;0;0;0;0;0;0;0;0;0;0;0.0339;0.0084;1.5988;1.5988;0;49.297;49.297;32.067;0.0496;1610.2;992.92;1;0.025;0.025;0;0;0;0;0;0;1.5737;1.4857;0;15.981;18.506;14.851;17.198;98.435;98.435;15.865;13.482;12.529;2.383;0.9531;0.1502;0.0601;0.7897;52.298;0.7813;0
16/10/21 17:00;7.8861;95.572;70.564;7.923;11.607;90;11.607;87.007;78.799;8.2082;15.83;5.6501;0;19.907;74.608;8.2935;0;0.1779;102.99;0;102.99;19.907;8.2935;74.608;0.1779;0.1933;0.7262;0;0.0017;102.15;0.8408;0;0;0.6927;0.1481;95.856;6.1884;2.2853;0.9521;2.9443;0.0067;102.04;0.1021;0.0199;0.0083;0.0739;0;95.884;17.602;7.3332;70.898;0.0231;44.969;36.2;13.426;0.0381;0.519;7.4652;0.0286;7.9461;0;1;0;0;1.1837;0.9918;1;1;0.9907;0.1679;0.9394;0.8851;1;0.9601;0.7747;0.999;0.999;1;0.999;0.999;0.9308;0.9503;0.1299;0.2931;0.2893;0.0017;0.0164;-0.0047;0.0019;0.0068;0.0014;0;0;0.088;0.165;0;0;0;0;0;0;0;0;0;0;0;0;0.0055;0.0003;0.2599;0.2599;0;20.541;20.541;4.7111;0.0491;246.37;1054.8;1;0.0068;0.0068;0;0;0;0;0;0;0.253;0.165;0;16.674;19.308;10.589;12.262;97.37;97.37;2.4717;2.1915;1.3918;0.2802;0.7998;0.1134;0.3236;0.5631;44.912;0.5341;0
16/10/21 18:00;1.0037;100.39;87.565;1.0204;1.455;90;1.455;0;0;0;13.9;4.66;0;0;0;0;0;0;0;0;0;0;0;0;0;1;1;1;1;0;0;0;0;0;0;0;0;0;0;0;0;0;0;0;0;0;0;0;0;0;0;0;0;0;0;0;0;0;0;0;0;0;0;0;1;1;1;1;1;1;1;1;1;1;1;1;1;1;1;1;1;1;1;0;0;0;0;0;0;0;0;0;0.0004;0.088;-0.0884;0;0;0;0;0;0;0;0;0;0;0;0;0;0;0;0;0;0;0;-13.9;0;0;0;0;0.0004;0;0;0;0;0;0;0;-0.0004;-0.0884;0;0;0;0;0;0;0;0;0;-0.7452;0;0.7452;1;1;0;0;0;0
16/10/21 19:00;0;0;90;0;0;90;0;0;0;0;12.64;4.2299;0;0;0;0;0;0;0;0;0;0;0;0;0;1;1;1;1;0;0;0;0;0;0;0;0;0;0;0;0;0;0;0;0;0;0;0;0;0;0;0;0;0;0;0;0;0;0;0;0;0;0;0;1;1;1;1;1;1;1;1;1;1;1;1;1;1;1;1;1;1;1;0;0;0;0;0;0;0;0;0;0.0004;0.088;-0.0884;0;0;0;0;0;0;0;0;0;0;0;0;0;0;0;0;0;0;0;-12.64;0;0;0;0;0.0004;0;0;0;0;0;0;0;-0.0004;-0.0884;0;0;0;0;0;0;0;0;0;-0.7452;0;0.7452;1;1;0;0;0;0
16/10/21 20:00;0;0;90;0;0;90;0;0;0;0;11.04;3.9701;0;0;0;0;0;0;0;0;0;0;0;0;0;1;1;1;1;0;0;0;0;0;0;0;0;0;0;0;0;0;0;0;0;0;0;0;0;0;0;0;0;0;0;0;0;0;0;0;0;0;0;0;1;1;1;1;1;1;1;1;1;1;1;1;1;1;1;1;1;1;1;0;0;0;0;0;0;0;0;0;0.0004;0.088;-0.0884;0;0;0;0;0;0;0;0;0;0;0;0;0;0;0;0;0;0;0;-11.04;0;0;0;0;0.0004;0;0;0;0;0;0;0;-0.0004;-0.0884;0;0;0;0;0;0;0;0;0;-0.7452;0;0.7452;1;1;0;0;0;0
16/10/21 21:00;0;0;90;0;0;90;0;0;0;0;10.12;3.4901;0;0;0;0;0;0;0;0;0;0;0;0;0;1;1;1;1;0;0;0;0;0;0;0;0;0;0;0;0;0;0;0;0;0;0;0;0;0;0;0;0;0;0;0;0;0;0;0;0;0;0;0;1;1;1;1;1;1;1;1;1;1;1;1;1;1;1;1;1;1;1;0;0;0;0;0;0;0;0;0;0.0004;0.088;-0.0884;0;0;0;0;0;0;0;0;0;0;0;0;0;0;0;0;0;0;0;-10.12;0;0;0;0;0.0004;0;0;0;0;0;0;0;-0.0004;-0.0884;0;0;0;0;0;0;0;0;0;-0.7452;0;0.7452;1;1;0;0;0;0
16/10/21 22:00;0;0;90;0;0;90;0;0;0;0;7.6002;3.3599;0;0;0;0;0;0;0;0;0;0;0;0;0;1;1;1;1;0;0;0;0;0;0;0;0;0;0;0;0;0;0;0;0;0;0;0;0;0;0;0;0;0;0;0;0;0;0;0;0;0;0;0;1;1;1;1;1;1;1;1;1;1;1;1;1;1;1;1;1;1;1;0;0;0;0;0;0;0;0;0;0.0004;0.088;-0.0884;0;0;0;0;0;0;0;0;0;0;0;0;0;0;0;0;0;0;0;-7.6002;0;0;0;0;0.0004;0;0;0;0;0;0;0;-0.0004;-0.0884;0;0;0;0;0;0;0;0;0;-0.7452;0;0.7452;1;1;0;0;0;0
16/10/21 23:00;0;0;90;0;0;90;0;0;0;0;7.5902;3.14;0;0;0;0;0;0;0;0;0;0;0;0;0;1;1;1;1;0;0;0;0;0;0;0;0;0;0;0;0;0;0;0;0;0;0;0;0;0;0;0;0;0;0;0;0;0;0;0;0;0;0;0;1;1;1;1;1;1;1;1;1;1;1;1;1;1;1;1;1;1;1;0;0;0;0;0;0;0;0;0;0.0004;0.088;-0.0884;0;0;0;0;0;0;0;0;0;0;0;0;0;0;0;0;0;0;0;-7.5902;0;0;0;0;0.0004;0;0;0;0;0;0;0;-0.0004;-0.0884;0;0;0;0;0;0;0;0;0;-0.7452;0;0.7452;1;1;0;0;0;0
17/10/21 00:00;0;0;90;0;0;90;0;0;0;0;7.2;2.82;0;0;0;0;0;0;0;0;0;0;0;0;0;1;1;1;1;0;0;0;0;0;0;0;0;0;0;0;0;0;0;0;0;0;0;0;0;0;0;0;0;0;0;0;0;0;0;0;0;0;0;0;1;1;1;1;1;1;1;1;1;1;1;1;1;1;1;1;1;1;1;0;0;0;0;0;0;0;0;0;0.0004;0.088;-0.0884;0;0;0;0;0;0;0;0;0;0;0;0;0;0;0;0;0;0;0;-7.2;0;0;0;0;0.0004;0;0;0;0;0;0;0;-0.0004;-0.0884;0;0;0;0;0;0;0;0;0;-0.7452;0;0.7452;1;1;0;0;0;0
17/10/21 01:00;0;0;90;0;0;90;0;0;0;0;6.1902;2.7199;0;0;0;0;0;0;0;0;0;0;0;0;0;1;1;1;1;0;0;0;0;0;0;0;0;0;0;0;0;0;0;0;0;0;0;0;0;0;0;0;0;0;0;0;0;0;0;0;0;0;0;0;1;1;1;1;1;1;1;1;1;1;1;1;1;1;1;1;1;1;1;0;0;0;0;0;0;0;0;0;0.0004;0.088;-0.0884;0;0;0;0;0;0;0;0;0;0;0;0;0;0;0;0;0;0;0;-6.1902;0;0;0;0;0.0004;0;0;0;0;0;0;0;-0.0004;-0.0884;0;0;0;0;0;0;0;0;0;-0.7452;0;0.7452;1;1;0;0;0;0
17/10/21 02:00;0;0;90;0;0;90;0;0;0;0;4.5802;2.6399;0;0;0;0;0;0;0;0;0;0;0;0;0;1;1;1;1;0;0;0;0;0;0;0;0;0;0;0;0;0;0;0;0;0;0;0;0;0;0;0;0;0;0;0;0;0;0;0;0;0;0;0;1;1;1;1;1;1;1;1;1;1;1;1;1;1;1;1;1;1;1;0;0;0;0;0;0;0;0;0;0.0004;0.088;-0.0884;0;0;0;0;0;0;0;0;0;0;0;0;0;0;0;0;0;0;0;-4.5802;0;0;0;0;0.0004;0;0;0;0;0;0;0;-0.0004;-0.0884;0;0;0;0;0;0;0;0;0;-0.7452;0;0.7452;1;1;0;0;0;0
17/10/21 03:00;0;0;90;0;0;90;0;0;0;0;3.9699;2.5301;0;0;0;0;0;0;0;0;0;0;0;0;0;1;1;1;1;0;0;0;0;0;0;0;0;0;0;0;0;0;0;0;0;0;0;0;0;0;0;0;0;0;0;0;0;0;0;0;0;0;0;0;1;1;1;1;1;1;1;1;1;1;1;1;1;1;1;1;1;1;1;0;0;0;0;0;0;0;0;0;0.0004;0.088;-0.0884;0;0;0;0;0;0;0;0;0;0;0;0;0;0;0;0;0;0;0;-3.9699;0;0;0;0;0.0004;0;0;0;0;0;0;0;-0.0004;-0.0884;0;0;0;0;0;0;0;0;0;-0.7452;0;0.7452;1;1;0;0;0;0
17/10/21 04:00;0;0;90;0;0;90;0;0;0;0;3.2699;2.26;0;0;0;0;0;0;0;0;0;0;0;0;0;1;1;1;1;0;0;0;0;0;0;0;0;0;0;0;0;0;0;0;0;0;0;0;0;0;0;0;0;0;0;0;0;0;0;0;0;0;0;0;1;1;1;1;1;1;1;1;1;1;1;1;1;1;1;1;1;1;1;0;0;0;0;0;0;0;0;0;0.0004;0.088;-0.0884;0;0;0;0;0;0;0;0;0;0;0;0;0;0;0;0;0;0;0;-3.2699;0;0;0;0;0.0004;0;0;0;0;0;0;0;-0.0004;-0.0884;0;0;0;0;0;0;0;0;0;-0.7452;0;0.7452;1;1;0;0;0;0
17/10/21 05:00;4.4008;-98.445;79.275;4.4488;6.3946;-90;-6.3946;37.194;26.501;10.692;3.5398;2.1501;0;25.932;23.75;6.4933;0;0.0231;56.199;0;56.199;25.932;6.4933;23.75;0.0231;0.4614;0.423;0;0.0004;56.097;0.1013;0;0;0.0821;0.0192;45.435;10.607;7.67;1.9205;1.0151;0.0009;56.041;0.0561;0.0259;0.0065;0.0237;0;45.436;18.236;4.5663;22.629;0.003;14.198;11.43;4.2251;0.001;0.164;2.3598;0.0015;2.5228;0;1;0;0;1.511;0.9982;1;1;0.9965;0.1682;0.8107;0.7039;1;0.9571;0.7763;0.999;0.999;1;0.999;0.999;0.8085;0.9528;0.1304;0.1599;0.1347;0.0008;0.0127;-0.0095;0.0009;0.0032;0.0004;0;0;0.088;0.0297;0;0;0;0;0;0;0;0;0;0;0;0;0.0026;0.0001;0.1234;0.1234;0;5.7641;5.7641;2.2243;0.049;113.39;1088;1;0.0057;0.0057;0;0;0;0;0;0;0.1177;0.0297;0;14.506;16.798;3.4865;4.0373;95.366;95.366;1.3488;1.0404;0.2501;0.3084;0.7903;0.2286;0.586;0.1854;14.133;0.1797;0
17/10/21 06:00;14.989;-91.095;51.153;14.991;23.864;-90;-23.864;210.6;48.2;162.4;7.7498;1.89;0;393.87;25.134;53.219;0;1.8004;474.03;0;474.03;393.87;53.219;25.134;1.8004;0.8309;0.0568;0;0.0038;471.73;2.2972;0;0;0.7709;1.5263;464.11;7.143;5.5234;0.7463;0.8167;0.0566;471.26;0.4717;0.3939;0.0532;0.0244;0.0003;464.17;387.95;52.419;23.522;0.2172;16.841;13.557;5.3214;0.1708;0.1855;2.6677;0.0613;2.6824;0;1;0;0;2.2508;0.9952;1;1;0.9693;0.1522;0.9848;0.986;1;0.9664;0.7934;0.999;0.999;1;0.999;0.999;0.9791;0.9359;0.1207;1.349;1.3334;0.008;0.0074;0.0257;0.009;0.0321;0.0005;0;0;0.088;1.1126;0;0;0;0;0;0;0;0;0;0;0;0;0.0258;0.0045;1.2203;1.2203;0;30.464;30.464;22.715;0.0489;1147.1;1063.9;1;0.0197;0.0197;0;0;0;0;0;0;1.2006;1.1126;0;17.011;19.699;15.51;17.96;98.384;98.384;11.377;10.291;9.3826;1.0855;0.9084;0.0954;0.0799;0.8247;15.938;0.8213;0
17/10/21 07:00;27.224;-82.15;7.4272;27.444;60;-90;-60;451.8;74.701;377.09;11.11;2.5301;0;817.4;22.543;96.771;0;22.59;959.3;0;959.3;817.4;96.771;22.543;22.59;0.8521;0.047;0;0.0235;935.45;23.851;0;0;2.8243;21.026;933.48;1.0327;0.2095;0.0248;0.697;0.1014;934.52;0.9355;0.8174;0.0968;0.0197;0.0016;936.03;816.37;96.649;19.002;1.4607;66.283;53.358;21.92;3.7745;0.8682;12.488;2.5437;9.5817;0;1;0;0;2.1233;0.9751;1;1;0.8747;0.0692;0.9989;0.9997;1;0.9646;0.9351;0.999;0.999;1;0.999;0.999;0.9731;0.8429;0.0647;2.7301;2.7031;0.0163;-0.0012;0.311;0.0166;0.059;0.0021;0;0;0.088;2.1097;0;0;0;0;0;0;0;0;0;0;0;0;0.0475;0.0169;2.2349;2.2349;0;57.748;57.748;46.638;0.05;2332.4;958.18;1;0.0372;0.0372;0;0;0;0;0;0;2.1977;2.1097;0;15.395;17.827;14.532;16.828;98.337;98.337;23.023;18.847;17.792;4.1762;1.0556;0.1814;0.0458;0.7728;19.631;0.7653;0
17/10/21 08:00;39.165;-71.662;14.119;40.634;49.366;-90;-49.366;659.1;108.8;550.3;13.32;2.82;0;845.02;33.081;105.54;0;22.988;1006.6;0;1006.6;845.02;105.54;33.081;22.988;0.8395;0.0557;0;0.0228;982.16;24.47;0;0;3.1234;21.347;979.65;1.5259;0.4117;0.0514;0.9906;0.0722;981.17;0.9822;0.845;0.1055;0.03;0.0016;984.85;843.76;105.38;28.937;1.5671;254.68;205.02;77.759;2.7887;2.9944;43.074;5.202;43.279;0;1;0;0;1.5273;0.9757;1;1;0.9056;0.0714;0.9984;0.9995;1;0.9669;0.956;0.999;0.999;1;0.999;0.999;0.9732;0.8747;0.0682;2.8648;2.904;0.0175;0.0005;0.3825;0.0175;0.0622;0.0071;0;0;0.088;2.2201;0;0;0;0;0;0;0;0;0;0;0;0;0.0501;0.0193;2.3475;2.3475;0;62.455;62.455;49.135;0.0502;2500.8;938.69;1;0.0395;0.0395;0;0;0;0;0;0;2.3081;2.2201;0;15.41;17.845;14.573;16.876;98.319;98.319;24.159;19.797;18.722;4.3622;1.0748;0.1806;0.0445;0.7749;25.668;0.7509;0
17/10/21 09:00;50.267;-57.795;19.917;54.881;35.119;-90;-35.119;835.91;137.9;698;15.12;3.0399;0;853.35;42.865;110.94;0;15.217;1022.4;0;1022.4;853.35;110.94;42.865;15.217;0.8347;0.0568;0;0.0149;1006.3;16.033;0;0;2.432;13.601;1003.1;2.189;0.5865;0.0762;1.3049;0.2213;1005.3;1.0063;0.8533;0.1109;0.0404;0.0016;1007.3;851.91;110.75;39.087;1.3932;422.43;340.06;134.33;1.121;4.391;63.162;4.2059;66.432;0;1;0;0;1.2231;0.9843;1;1;0.9433;0.1062;0.9978;0.9993;1;0.9677;0.8629;0.999;0.999;1;0.999;0.999;0.9812;0.9119;0.0916;2.9096;3.0086;0.0181;0.0018;0.4295;0.0179;0.0635;0.0102;0;0;0.088;2.2674;0;0;0;0;0;0;0;0;0;0;0;0;0.0512;0.0207;2.3957;2.3957;0;65.563;65.563;50.443;0.0503;2590.8;924.69;1;0.0403;0.0403;0;0;0;0;0;0;2.3554;2.2674;0;15.484;17.93;14.655;16.97;98.319;98.319;24.537;20.203;19.121;4.3337;1.0817;0.1766;0.0441;0.7793;29.335;0.7448;0
17/10/21 10:00;59.376;-37.332;23.894;70.253;19.747;-90;-19.747;843.31;178.9;664.41;15.86;3.2699;0;705.93;76.44;106.4;0;4.9593;893.72;0;893.72;705.93;106.4;76.44;4.9593;0.7899;0.0911;0;0.0055;887.86;5.866;0;0;1.7287;4.1373;883.53;3.4396;0.582;0.0877;2.589;0.1809;886.97;0.8879;0.7059;0.1064;0.0747;0.0008;884.71;704.64;106.2;72.048;0.6403;478.69;385.34;150.99;0.2619;4.9901;71.781;1.178;76.509;0;1;0;0;1.0598;0.9934;1;1;0.9774;0.1658;0.9961;0.9992;1;0.9653;0.7797;0.999;0.999;1;0.999;0.999;0.9886;0.9425;0.1291;2.5435;2.675;0.0161;-0.0014;0.3303;0.0163;0.0578;0.0119;0;0;0.088;2.0572;0;0;0;0;0;0;0;0;0;0;0;0;0.0466;0.0165;2.1809;2.1809;0;60.087;60.087;44.227;0.0501;2303.2;946.89;1;0.0356;0.0356;0;0;0;0;0;0;2.1452;2.0572;0;16.125;18.672;15.211;17.614;98.367;98.367;21.449;18.391;17.349;3.058;1.0424;0.1426;0.0486;0.8088;47.435;0.763;0
17/10/21 11:00;64.133;-7.3633;25.638;86.444;3.5557;-90;-3.5557;1068.7;176.3;892.4;17.08;3.38;0;894.12;49.489;127.01;0;0.2057;1070.8;0;1070.8;894.12;127.01;49.489;0.2057;0.835;0.0464;0;0.0002;1070.6;0.2401;0;0;0.0686;0.1715;1066.4;3.0973;0.791;0.1124;2.1864;0.0076;1069.5;1.0706;0.8941;0.127;0.0494;0;1066.4;892.43;126.77;47.185;0.0266;629.53;506.77;200.11;-0.0002;6.4403;92.641;0.0048;99.082;0;1;0;0;1.002;0.9998;1;1;0.9986;0.1664;0.9971;0.9991;1;0.9557;0.7775;0.999;0.999;1;0.999;0.999;0.9959;0.9534;0.1292;3.0475;3.2367;0.0195;0.0056;0.5241;0.0188;0.0667;0.0146;0;0;0.088;2.3795;0;0;0;0;0;0;0;0;0;0;0;0;0.0537;0.0238;2.5098;2.5098;0;70.946;70.946;53.867;0.0505;2786.8;900.62;1;0.0424;0.0424;0;0;0;0;0;0;2.4675;2.3795;0;15.488;17.935;14.683;17.003;98.312;98.312;25.7;21.166;20.066;4.534;1.0995;0.1764;0.0428;0.7808;29.343;0.7333;0
17/10/21 12:00;62.153;25.474;24.942;77.199;12.801;90;12.801;1059.7;174.9;884.79;17.78;3.38;0;907.34;47.415;130.12;0;2.6338;1087.5;0;1087.5;907.34;130.12;47.415;2.6338;0.8343;0.046;0;0.0024;1084.8;2.7111;0;0;0.519;2.1921;1080.9;2.8246;0.7809;0.112;1.8323;0.0994;1083.7;1.0848;0.9073;0.1301;0.0469;0.0004;1081.4;905.66;129.88;45.017;0.3418;614.65;494.79;193.87;0.0353;6.3887;91.898;0.5434;98.252;0;1;0;0;1.0263;0.9975;1;1;0.9891;0.1677;0.9974;0.9991;1;0.9609;0.7748;0.999;0.999;1;0.999;0.999;0.9939;0.9494;0.1298;3.095;3.2781;0.0197;0.0064;0.5485;0.0189;0.0671;0.0144;0;0;0.088;2.3941;0;0;0;0;0;0;0;0;0;0;0;0;0.0541;0.0244;2.5247;2.5247;0;72.446;72.446;54.667;0.0506;2822.6;894.45;1;0.0426;0.0426;0;0;0;0;0;0;2.4821;2.3941;0;15.34;17.764;14.547;16.845;98.314;98.314;26.1;21.291;20.19;4.8096;1.101;0.1843;0.0422;0.7735;28.644;0.7275;0
17/10/21 13:00;54.564;49.98;21.891;61.411;28.589;90;28.589;926.19;152.8;773.39;18.6;3.3401;0;880.78;44.741;119.76;0;11.293;1056.6;0;1056.6;880.78;119.76;44.741;11.293;0.8336;0.053;0;0.0107;1044.9;11.669;0;0;1.8384;9.8306;1041.4;2.4314;0.6653;0.0905;1.4036;0.272;1043.9;1.0449;0.8808;0.1198;0.0429;0.0015;1044.4;879.24;119.55;41.456;1.1887;497.23;400.27;156.39;0.5759;5.2322;75.263;2.994;79.919;0;1;0;0;1.1408;0.989;1;1;0.9589;0.1295;0.9977;0.9992;1;0.9673;0.8138;0.999;0.999;1;0.999;0.999;0.9857;0.9266;0.1053;3.0069;3.1389;0.0189;0.0038;0.5118;0.0182;0.0647;0.0119;0;0;0.088;2.3065;0;0;0;0;0;0;0;0;0;0;0;0;0.0521;0.0224;2.4352;2.4352;0;71.214;71.214;52.614;0.0505;2704.2;900.5;1;0.0406;0.0406;0;0;0;0;0;0;2.3945;2.3065;0;15.23;17.636;14.425;16.704;98.332;98.332;25.358;20.536;19.451;4.8218;1.0846;0.1902;0.0428;0.7671;29.209;0.7282;0
17/10/21 14:00;44.125;66.221;16.824;46.665;43.335;90;43.335;783.1;129.6;653.5;19.26;3.1801;0;898.46;35.761;121.25;0;21.351;1076.8;0;1076.8;898.46;121.25;35.761;21.351;0.8344;0.053;0;0.0198;1054.3;22.543;0;0;2.8021;19.74;1051.5;1.7766;0.5216;0.0704;1.0703;0.1143;1053.2;1.0543;0.8985;0.1213;0.033;0.0016;1056.9;897.04;121.06;31.855;1.4943;349.52;281.37;109.74;1.9232;3.7893;54.508;5.4336;56.374;0;1;0;0;1.3751;0.9791;1;1;0.9216;0.0754;0.9983;0.9994;1;0.9675;0.9289;0.999;0.999;1;0.999;0.999;0.9764;0.8908;0.07;3.0646;3.133;0.0189;0.0037;0.5248;0.0181;0.0642;0.0085;0;0;0.088;2.2926;0;0;0;0;0;0;0;0;0;0;0;0;0.0517;0.0224;2.4207;2.4207;0;72.435;72.435;53.174;0.0506;2701.1;896.21;1;0.0402;0.0402;0;0;0;0;0;0;2.3806;2.2926;0;14.855;17.202;14.068;16.291;98.341;98.341;25.844;20.414;19.334;5.4294;1.0808;0.2101;0.0418;0.7481;26.217;0.7208;0
17/10/21 15:00;32.457;77.879;10.205;33.045;56.955;90;56.955;581.51;114.6;466.91;19.3;2.7999;0;856.24;32.695;132.56;0;26.441;1047.9;0;1047.9;856.24;132.56;32.695;26.441;0.8171;0.0564;0;0.0252;1019.4;28.578;0;0;3.8112;24.767;1016.9;1.4318;0.3015;0.0467;0.9971;0.0865;1018.3;1.0194;0.8562;0.1326;0.0289;0.0017;1021.5;855.09;132.38;27.857;1.5859;160.96;129.58;50.737;4.5471;1.9701;28.339;4.5889;25.762;0;1;0;0;1.8021;0.9727;1;1;0.8834;0.0633;0.9986;0.9996;1;0.9654;0.9483;0.999;0.999;1;0.999;0.999;0.9704;0.852;0.06;2.9824;2.9794;0.0179;0.0014;0.4805;0.0174;0.0616;0.0045;0;0;0.088;2.2001;0;0;0;0;0;0;0;0;0;0;0;0;0.0496;0.0204;2.3262;2.3262;0;70.65;70.65;51.35;0.0505;2570.5;904.99;1;0.0381;0.0381;0;0;0;0;0;0;2.2881;2.2001;0;14.669;16.986;13.873;16.065;98.36;98.36;25.151;19.617;18.554;5.5331;1.0638;0.22;0.0423;0.7377;27.482;0.7231;0
17/10/21 16:00;20.302;87.329;32.702;20.322;37.062;90;37.062;325.8;137.6;188.2;19.2;1.94;0;456.43;75.058;131.23;0;6.5815;669.3;0;669.3;456.43;131.23;75.058;6.5815;0.6819;0.122;0;0.0098;658.69;10.611;0;0;4.6472;5.9636;654.15;3.883;1.1929;0.343;2.2715;0.0756;658.03;0.6587;0.4564;0.1312;0.0704;0.0006;654.72;454.78;130.76;68.069;0.5417;53.357;42.952;17.448;2.3549;0.6672;9.5977;0.5677;7.9101;0;1;0;0;2.0543;0.9841;1;1;0.9381;0.0939;0.9941;0.9974;1;0.9677;0.8775;0.999;0.999;1;0.999;0.999;0.9774;0.9069;0.0823;1.9048;1.8924;0.0114;0.0006;0.1787;0.0119;0.0422;0.0016;0;0;0.088;1.4904;0;0;0;0;0;0;0;0;0;0;0;0;0.034;0.0086;1.6033;1.6033;0;51.737;51.737;32.537;0.0497;1631.7;982.6;1;0.0249;0.0249;0;0;0;0;0;0;1.5784;1.4904;0;15.829;18.33;14.714;17.039;98.446;98.446;16.063;13.521;12.569;2.5424;0.9523;0.1583;0.0593;0.7824;52.169;0.7741;0
17/10/21 17:00;8.0508;95.906;70.144;8.0932;11.871;90;11.871;90.094;81.001;9.0928;18.78;1.1901;0;22.052;76.363;9.247;0;0.1927;107.85;0;107.85;22.052;9.247;76.363;0.1927;0.2045;0.7098;0;0.0018;106.96;0.8967;0;0;0.7363;0.1604;100.4;6.447;2.4236;1.0163;2.9998;0.0073;106.85;0.107;0.0221;0.0092;0.0756;0;100.44;19.607;8.2215;72.551;0.025;46.066;37.083;13.73;0.0423;0.5334;7.6723;0.0312;8.1633;0;1;0;0;1.1971;0.9917;1;1;0.9904;0.1678;0.9397;0.89;1;0.9603;0.7747;0.999;0.999;1;0.999;0.999;0.9309;0.9501;0.1299;0.3069;0.3027;0.0018;0.0165;-0.0014;0.002;0.0071;0.0014;0;0;0.088;0.1744;0;0;0;0;0;0;0;0;0;0;0;0;0.0057;0.0004;0.2692;0.2692;0;23.726;23.726;4.9456;0.0493;258.02;1043.4;1;0.0068;0.0068;0;0;0;0;0;0;0.2624;0.1744;0;16.494;19.099;10.686;12.375;97.479;97.479;2.5885;2.2703;1.4709;0.3182;0.7994;0.1229;0.3088;0.5682;46.003;0.5395;0
17/10/21 18:00;0.9732;100.87;87.639;0.991;1.413;90;1.413;0;0;0;14.4;0.3999;0;0;0;0;0;0;0;0;0;0;0;0;0;1;1;1;1;0;0;0;0;0;0;0;0;0;0;0;0;0;0;0;0;0;0;0;0;0;0;0;0;0;0;0;0;0;0;0;0;0;0;0;1;1;1;1;1;1;1;1;1;1;1;1;1;1;1;1;1;1;1;0;0;0;0;0;0;0;0;0;0.0004;0.088;-0.0884;0;0;0;0;0;0;0;0;0;0;0;0;0;0;0;0;0;0;0;-14.4;0;0;0;0;0.0004;0;0;0;0;0;0;0;-0.0004;-0.0884;0;0;0;0;0;0;0;0;0;-0.7452;0;0.7452;1;1;0;0;0;0
17/10/21 19:00;0;0;90;0;0;90;0;0;0;0;10.31;0.58;0;0;0;0;0;0;0;0;0;0;0;0;0;1;1;1;1;0;0;0;0;0;0;0;0;0;0;0;0;0;0;0;0;0;0;0;0;0;0;0;0;0;0;0;0;0;0;0;0;0;0;0;1;1;1;1;1;1;1;1;1;1;1;1;1;1;1;1;1;1;1;0;0;0;0;0;0;0;0;0;0.0004;0.088;-0.0884;0;0;0;0;0;0;0;0;0;0;0;0;0;0;0;0;0;0;0;-10.31;0;0;0;0;0.0004;0;0;0;0;0;0;0;-0.0004;-0.0884;0;0;0;0;0;0;0;0;0;-0.7452;0;0.7452;1;1;0;0;0;0
17/10/21 20:00;0;0;90;0;0;90;0;0;0;0;8.0303;1.1801;0;0;0;0;0;0;0;0;0;0;0;0;0;1;1;1;1;0;0;0;0;0;0;0;0;0;0;0;0;0;0;0;0;0;0;0;0;0;0;0;0;0;0;0;0;0;0;0;0;0;0;0;1;1;1;1;1;1;1;1;1;1;1;1;1;1;1;1;1;1;1;0;0;0;0;0;0;0;0;0;0.0004;0.088;-0.0884;0;0;0;0;0;0;0;0;0;0;0;0;0;0;0;0;0;0;0;-8.0303;0;0;0;0;0.0004;0;0;0;0;0;0;0;-0.0004;-0.0884;0;0;0;0;0;0;0;0;0;-0.7452;0;0.7452;1;1;0;0;0;0
17/10/21 21:00;0;0;90;0;0;90;0;0;0;0;7.1402;1.7401;0;0;0;0;0;0;0;0;0;0;0;0;0;1;1;1;1;0;0;0;0;0;0;0;0;0;0;0;0;0;0;0;0;0;0;0;0;0;0;0;0;0;0;0;0;0;0;0;0;0;0;0;1;1;1;1;1;1;1;1;1;1;1;1;1;1;1;1;1;1;1;0;0;0;0;0;0;0;0;0;0.0004;0.088;-0.0884;0;0;0;0;0;0;0;0;0;0;0;0;0;0;0;0;0;0;0;-7.1402;0;0;0;0;0.0004;0;0;0;0;0;0;0;-0.0004;-0.0884;0;0;0;0;0;0;0;0;0;-0.7452;0;0.7452;1;1;0;0;0;0
17/10/21 22:00;0;0;90;0;0;90;0;0;0;0;6.5997;2.1699;0;0;0;0;0;0;0;0;0;0;0;0;0;1;1;1;1;0;0;0;0;0;0;0;0;0;0;0;0;0;0;0;0;0;0;0;0;0;0;0;0;0;0;0;0;0;0;0;0;0;0;0;1;1;1;1;1;1;1;1;1;1;1;1;1;1;1;1;1;1;1;0;0;0;0;0;0;0;0;0;0.0004;0.088;-0.0884;0;0;0;0;0;0;0;0;0;0;0;0;0;0;0;0;0;0;0;-6.5997;0;0;0;0;0.0004;0;0;0;0;0;0;0;-0.0004;-0.0884;0;0;0;0;0;0;0;0;0;-0.7452;0;0.7452;1;1;0;0;0;0
17/10/21 23:00;0;0;90;0;0;90;0;0;0;0;6.28;2.41;0;0;0;0;0;0;0;0;0;0;0;0;0;1;1;1;1;0;0;0;0;0;0;0;0;0;0;0;0;0;0;0;0;0;0;0;0;0;0;0;0;0;0;0;0;0;0;0;0;0;0;0;1;1;1;1;1;1;1;1;1;1;1;1;1;1;1;1;1;1;1;0;0;0;0;0;0;0;0;0;0.0004;0.088;-0.0884;0;0;0;0;0;0;0;0;0;0;0;0;0;0;0;0;0;0;0;-6.28;0;0;0;0;0.0004;0;0;0;0;0;0;0;-0.0004;-0.0884;0;0;0;0;0;0;0;0;0;-0.7452;0;0.7452;1;1;0;0;0;0
18/10/21 00:00;0;0;90;0;0;90;0;0;0;0;5.4902;2.52;0;0;0;0;0;0;0;0;0;0;0;0;0;1;1;1;1;0;0;0;0;0;0;0;0;0;0;0;0;0;0;0;0;0;0;0;0;0;0;0;0;0;0;0;0;0;0;0;0;0;0;0;1;1;1;1;1;1;1;1;1;1;1;1;1;1;1;1;1;1;1;0;0;0;0;0;0;0;0;0;0.0004;0.088;-0.0884;0;0;0;0;0;0;0;0;0;0;0;0;0;0;0;0;0;0;0;-5.4902;0;0;0;0;0.0004;0;0;0;0;0;0;0;-0.0004;-0.0884;0;0;0;0;0;0;0;0;0;-0.7452;0;0.7452;1;1;0;0;0;0
18/10/21 01:00;0;0;90;0;0;90;0;0;0;0;4.8999;2.57;0;0;0;0;0;0;0;0;0;0;0;0;0;1;1;1;1;0;0;0;0;0;0;0;0;0;0;0;0;0;0;0;0;0;0;0;0;0;0;0;0;0;0;0;0;0;0;0;0;0;0;0;1;1;1;1;1;1;1;1;1;1;1;1;1;1;1;1;1;1;1;0;0;0;0;0;0;0;0;0;0.0004;0.088;-0.0884;0;0;0;0;0;0;0;0;0;0;0;0;0;0;0;0;0;0;0;-4.8999;0;0;0;0;0.0004;0;0;0;0;0;0;0;-0.0004;-0.0884;0;0;0;0;0;0;0;0;0;-0.7452;0;0.7452;1;1;0;0;0;0
18/10/21 02:00;0;0;90;0;0;90;0;0;0;0;4.7603;2.6399;0;0;0;0;0;0;0;0;0;0;0;0;0;1;1;1;1;0;0;0;0;0;0;0;0;0;0;0;0;0;0;0;0;0;0;0;0;0;0;0;0;0;0;0;0;0;0;0;0;0;0;0;1;1;1;1;1;1;1;1;1;1;1;1;1;1;1;1;1;1;1;0;0;0;0;0;0;0;0;0;0.0004;0.088;-0.0884;0;0;0;0;0;0;0;0;0;0;0;0;0;0;0;0;0;0;0;-4.7603;0;0;0;0;0.0004;0;0;0;0;0;0;0;-0.0004;-0.0884;0;0;0;0;0;0;0;0;0;-0.7452;0;0.7452;1;1;0;0;0;0
18/10/21 03:00;0;0;90;0;0;90;0;0;0;0;4.5203;2.74;0;0;0;0;0;0;0;0;0;0;0;0;0;1;1;1;1;0;0;0;0;0;0;0;0;0;0;0;0;0;0;0;0;0;0;0;0;0;0;0;0;0;0;0;0;0;0;0;0;0;0;0;1;1;1;1;1;1;1;1;1;1;1;1;1;1;1;1;1;1;1;0;0;0;0;0;0;0;0;0;0.0004;0.088;-0.0884;0;0;0;0;0;0;0;0;0;0;0;0;0;0;0;0;0;0;0;-4.5203;0;0;0;0;0.0004;0;0;0;0;0;0;0;-0.0004;-0.0884;0;0;0;0;0;0;0;0;0;-0.7452;0;0.7452;1;1;0;0;0;0
18/10/21 04:00;0;0;90;0;0;90;0;0;0;0;3.7399;2.8501;0;0;0;0;0;0;0;0;0;0;0;0;0;1;1;1;1;0;0;0;0;0;0;0;0;0;0;0;0;0;0;0;0;0;0;0;0;0;0;0;0;0;0;0;0;0;0;0;0;0;0;0;1;1;1;1;1;1;1;1;1;1;1;1;1;1;1;1;1;1;1;0;0;0;0;0;0;0;0;0;0.0004;0.088;-0.0884;0;0;0;0;0;0;0;0;0;0;0;0;0;0;0;0;0;0;0;-3.7399;0;0;0;0;0.0004;0;0;0;0;0;0;0;-0.0004;-0.0884;0;0;0;0;0;0;0;0;0;-0.7452;0;0.7452;1;1;0;0;0;0
18/10/21 05:00;4.6484;-98.717;78.665;4.7025;6.766;-90;-6.766;26.196;24.2;1.9961;3.8403;2.57;0;4.8412;23.685;1.0475;0;0.0182;29.592;0;29.592;4.8412;1.0475;23.685;0.0182;0.1636;0.801;0;0.0006;29.487;0.1048;0;0;0.0897;0.0152;26.823;2.6352;1.3376;0.2894;1.0074;0.0007;29.458;0.0295;0.0048;0.001;0.0236;0;26.824;3.4987;0.757;22.564;0.0024;14.115;11.362;4.1918;0.0013;0.1636;2.354;0.0018;2.5164;0;1;0;0;1.1296;0.9965;1;1;0.9962;0.1683;0.9105;0.7234;1;0.9573;0.7762;0.999;0.999;1;0.999;0.999;0.9064;0.9527;0.1305;0.0842;0.0815;0.0005;0.0101;-0.0059;0.0005;0.0019;0.0004;0;0;0.088;-0.0197;0;0;0;0;0;0;0;0;0;0;0;0;0.0015;0.0001;0.0723;0.0723;0;5.1624;5.1624;1.3222;0.0493;67.727;1067.8;1;0.004;0.004;0;0;0;0;0;0;0.0683;-0.0197;0;16.149;18.7;-4.4061;-5.1021;94.4;94.4;0.7102;0.6099;-0.1664;0.1003;0.7763;0.1413;1.093;0;14.103;0;0
18/10/21 06:00;15.232;-91.379;50.418;15.236;24.359;-90;-24.359;222.91;43.597;179.31;7.2;3.39;0;434.88;21.055;52.291;0;1.9844;510.21;0;510.21;434.88;52.291;21.055;1.9844;0.8524;0.0452;0;0.0039;507.86;2.3533;0;0;0.6674;1.686;500.2;7.1526;5.7223;0.6881;0.6813;0.061;507.35;0.5079;0.4349;0.0523;0.0204;0.0003;500.27;428.73;51.551;19.686;0.2371;14.373;11.57;3.8341;0.1541;0.2048;2.9461;0.0697;2.9969;0;1;0;0;2.2889;0.9954;1;1;0.9683;0.1504;0.9859;0.9868;1;0.9665;0.7954;0.999;0.999;1;0.999;0.999;0.9804;0.935;0.1195;1.452;1.4372;0.0087;0.006;0.0338;0.0097;0.0345;0.0005;0;0;0.088;1.202;0;0;0;0;0;0;0;0;0;0;0;0;0.0278;0.0052;1.3111;1.3111;0;31.697;31.697;24.497;0.049;1237;1059.9;1;0.021;0.021;0;0;0;0;0;0;1.29;1.202;0;16.98;19.663;15.568;18.028;98.396;98.396;12.245;11.056;10.137;1.1886;0.9195;0.0971;0.0751;0.8278;13.389;0.8243;0
18/10/21 07:00;27.47;-82.455;7.0806;27.675;60;-90;-60;456.7;75.4;381.3;11.82;3.1001;0;820.29;22.679;97.155;0;22.835;962.96;0;962.96;820.29;97.155;22.679;22.835;0.8518;0.0473;0;0.0237;938.86;24.096;0;0;2.8413;21.254;936.9;1.0278;0.2004;0.0237;0.7012;0.1025;937.92;0.9389;0.8203;0.0972;0.0198;0.0016;939.46;819.27;97.035;19.117;1.4765;69.78;56.173;23.486;3.7972;0.8758;12.599;2.5689;9.6771;0;1;0;0;2.1085;0.975;1;1;0.8747;0.0692;0.9989;0.9998;1;0.9646;0.9351;0.999;0.999;1;0.999;0.999;0.9729;0.8429;0.0647;2.7405;2.7131;0.0163;-0.0012;0.321;0.0166;0.059;0.0021;0;0;0.088;2.1096;0;0;0;0;0;0;0;0;0;0;0;0;0.0475;0.017;2.2347;2.2347;0;58.664;58.664;46.844;0.05;2341;954.57;1;0.0371;0.0371;0;0;0;0;0;0;2.1976;2.1096;0;15.335;17.757;14.476;16.763;98.341;98.341;23.111;18.845;17.79;4.2658;1.0548;0.1846;0.0456;0.7698;19.749;0.7623;0
18/10/21 08:00;39.427;-71.994;13.814;40.845;49.155;-90;-49.155;660.31;108.7;551.61;16.35;3.31;0;843.43;33.319;104.6;0;22.846;1004.2;0;1004.2;843.43;104.6;33.319;22.846;0.8399;0.0559;0;0.0228;979.86;24.337;0;0;3.1264;21.21;977.36;1.5222;0.4021;0.0499;0.9975;0.0728;978.88;0.9799;0.8434;0.1046;0.0302;0.0016;982.47;842.18;104.45;29.165;1.5613;256.84;206.76;79.349;2.7674;2.9564;42.527;5.1108;42.716;0;1;0;0;1.5208;0.9758;1;1;0.9062;0.0716;0.9984;0.9995;1;0.9669;0.9555;0.999;0.999;1;0.999;0.999;0.9733;0.8753;0.0683;2.8579;2.8961;0.0174;0.0004;0.4132;0.0173;0.0612;0.0069;0;0;0.088;2.1849;0;0;0;0;0;0;0;0;0;0;0;0;0.0493;0.0192;2.3112;2.3112;0;65.492;65.492;49.142;0.0503;2494.9;926.38;1;0.0383;0.0383;0;0;0;0;0;0;2.2729;2.1849;0;15.209;17.611;14.378;16.649;98.343;98.343;24.101;19.491;18.426;4.6097;1.065;0.1913;0.0442;0.7645;25.798;0.741;0
18/10/21 09:00;50.56;-58.142;19.591;55.059;34.941;-90;-34.941;830.3;137;693.3;19.35;3.6699;0;845.76;43.564;108.71;0;14.967;1013;0;1013;845.76;108.71;43.564;14.967;0.8349;0.0578;0;0.0148;997.18;15.819;0;0;2.4521;13.366;993.99;2.1939;0.5718;0.0735;1.327;0.2216;996.19;0.9972;0.8458;0.1087;0.0411;0.0016;998.13;844.34;108.53;39.744;1.3773;420.57;338.56;133.73;1.1196;4.3726;62.899;4.1343;66.152;0;1;0;0;1.22;0.9844;1;1;0.9437;0.1069;0.9978;0.9993;1;0.9677;0.8614;0.999;0.999;1;0.999;0.999;0.9812;0.9123;0.092;2.8829;2.9817;0.018;0.0014;0.4683;0.0175;0.0619;0.01;0;0;0.088;2.208;0;0;0;0;0;0;0;0;0;0;0;0;0.0499;0.0203;2.3345;2.3345;0;69.494;69.494;50.144;0.0504;2569.1;908.66;1;0.0384;0.0384;0;0;0;0;0;0;2.296;2.208;0;15.228;17.634;14.403;16.679;98.354;98.354;24.312;19.687;18.621;4.6252;1.0662;0.1902;0.0439;0.7659;29.773;0.7319;0
18/10/21 10:00;59.714;-37.611;23.547;70.383;19.617;-90;-19.617;965.2;159.3;805.9;21.22;3.95;0;855.56;50.075;114.37;0;5.6024;1025.6;0;1025.6;855.56;114.37;50.075;5.6024;0.8342;0.0543;0;0.0055;1019.8;5.793;0;0;1.12;4.673;1016.1;2.693;0.6952;0.0929;1.7003;0.2047;1018.8;1.0198;0.8556;0.1144;0.049;0.0009;1017.4;854.01;114.16;47.206;0.7239;546.72;440.11;172.75;0.1683;5.6713;81.579;1.3261;87.082;0;1;0;0;1.0626;0.9944;1;1;0.9776;0.1659;0.9974;0.9992;1;0.9652;0.7796;0.999;0.999;1;0.999;0.999;0.9907;0.9427;0.1292;2.9188;3.0743;0.0185;0.0027;0.5173;0.0178;0.063;0.0128;0;0;0.088;2.2432;0;0;0;0;0;0;0;0;0;0;0;0;0.0507;0.0216;2.3701;2.3701;0;72.612;72.612;51.392;0.0506;2648.2;894.97;1;0.0389;0.0389;0;0;0;0;0;0;2.3312;2.2432;0;15.27;17.683;14.453;16.736;98.357;98.357;24.615;19.987;18.917;4.6273;1.0705;0.188;0.0435;0.7685;31.056;0.7253;0
18/10/21 11:00;64.5;-7.341;25.276;86.512;3.4876;-90;-3.4876;991.79;163.7;828.09;22.22;4.03;0;829.63;54.819;109.03;0;0.1837;993.66;0;993.66;829.63;109.03;54.819;0.1837;0.8349;0.0554;0;0.0002;993.44;0.2269;0;0;0.0738;0.1531;989.19;3.249;0.7236;0.0951;2.4235;0.0068;992.44;0.9934;0.8296;0.109;0.0547;0;989.2;828.08;108.83;52.267;0.0237;584.29;470.35;185.61;-0.0002;5.9853;86.096;0.0034;92.082;0;1;0;0;1.0019;0.9998;1;1;0.9987;0.1663;0.9967;0.9991;1;0.9557;0.7775;0.999;0.999;1;0.999;0.999;0.9955;0.9534;0.1292;2.8279;3.0026;0.0181;0.0017;0.5014;0.0174;0.0616;0.0135;0;0;0.088;2.193;0;0;0;0;0;0;0;0;0;0;0;0;0.0496;0.0206;2.3187;2.3187;0;72.234;72.234;50.014;0.0506;2585.9;896.67;1;0.0378;0.0378;0;0;0;0;0;0;2.281;2.193;0;15.42;17.856;14.583;16.887;98.371;98.371;23.848;19.554;18.494;4.2937;1.0606;0.18;0.0445;0.7755;32.502;0.7282;0
18/10/21 12:00;62.475;25.852;24.575;77.198;12.802;90;12.802;835.69;236.9;598.79;23.49;3.88;0;614.05;119.49;118.86;0;2.0774;854.48;0;854.48;614.05;118.86;119.49;2.0774;0.7186;0.1423;0;0.0024;851.45;3.0371;0;0;1.308;1.7291;845.28;5.3173;0.5207;0.1008;4.6174;0.0784;850.59;0.8514;0.6141;0.1189;0.1182;0.0003;845.7;612.92;118.64;113.45;0.2696;486.16;391.36;152.48;0.0878;5.113;73.548;0.4267;78.574;0;1;0;0;1.0225;0.9964;1;1;0.9891;0.1677;0.9937;0.9992;1;0.9609;0.7748;0.999;0.999;1;0.999;0.999;0.9892;0.9494;0.1298;2.4318;2.5669;0.0155;-0.0018;0.3723;0.0153;0.0541;0.0119;0;0;0.088;1.9208;0;0;0;0;0;0;0;0;0;0;0;0;0.0436;0.0153;2.0409;2.0409;0;66.01;66.01;42.52;0.0503;2209.9;923.49;1;0.032;0.032;0;0;0;0;0;0;2.0088;1.9208;0;15.783;18.276;14.854;17.201;98.43;98.43;20.508;17.211;16.199;3.2967;1.0123;0.1608;0.0494;0.7899;72.184;0.7421;0
18/10/21 13:00;54.813;50.446;21.528;61.47;28.53;90;28.53;699.69;298.3;401.39;23.63;3.6799;0;456.87;180.47;120.83;0;8.4966;766.67;0;766.67;456.87;120.83;180.47;8.4966;0.5959;0.2465;0;0.0111;751.89;14.786;0;0;7.3912;7.3944;744.84;6.2984;0.3394;0.0898;5.6638;0.2054;751.14;0.7519;0.4569;0.1208;0.1731;0.0011;747.15;456.07;120.62;167.25;0.8957;388.29;312.58;121.9;2.2972;4.2211;60.72;2.317;62.643;0;1;0;0;1.0957;0.9807;1;1;0.959;0.1297;0.9916;0.9993;1;0.9672;0.8135;0.999;0.999;1;0.999;0.999;0.9715;0.9267;0.1054;2.1819;2.2593;0.0136;-0.0017;0.2873;0.0137;0.0487;0.01;0;0;0.088;1.7199;0;0;0;0;0;0;0;0;0;0;0;0;0.0392;0.012;1.8365;1.8365;0;60.948;60.948;37.318;0.0501;1947.1;943.22;1;0.0286;0.0286;0;0;0;0;0;0;1.8079;1.7199;0;15.829;18.33;14.824;17.166;98.443;98.443;18.4;15.488;14.504;2.9125;0.9833;0.1583;0.0534;0.7883;117.78;0.7442;0
18/10/21 14:00;44.324;66.65;16.472;46.771;43.229;90;43.229;518.6;323.9;194.7;24.05;3.4901;0;267.22;223.43;89.761;0;14.074;594.48;0;594.48;267.22;89.761;223.43;14.074;0.4495;0.3995;0;0.0237;564.03;30.454;0;0;17.445;13.01;556.49;6.9668;0.1519;0.051;6.6877;0.0762;563.46;0.564;0.2672;0.0898;0.206;0.0011;560.8;266.8;89.62;199.09;0.987;277.28;223.21;89.882;11.886;3.4958;50.286;4.3004;41.896;0;1;0;0;1.1463;0.9488;1;1;0.9219;0.0756;0.9876;0.9994;1;0.9675;0.9283;0.999;0.999;1;0.999;0.999;0.9361;0.8911;0.0701;1.6918;1.7052;0.0103;0.0026;0.1615;0.0107;0.038;0.0086;0;0;0.088;1.3262;0;0;0;0;0;0;0;0;0;0;0;0;0.0306;0.0071;1.4359;1.4359;0;51.746;51.746;27.696;0.0498;1465.5;979.76;1;0.0217;0.0217;0;0;0;0;0;0;1.4142;1.3262;0;15.961;18.482;14.741;17.07;98.489;98.489;14.268;12.109;11.184;2.1586;0.9251;0.1513;0.0648;0.7839;163.64;0.7372;0
18/10/21 15:00;32.63;78.263;9.8646;33.182;56.818;90;56.818;638.51;105.4;533.11;24.06;3.4299;0;974.06;23.125;137.97;0;28.905;1164.1;0;1164.1;974.06;137.97;23.125;28.905;0.8368;0.0447;0;0.0248;1134.3;29.762;0;0;2.6863;27.075;1132;1.1769;0.3316;0.047;0.7049;0.0935;1133.2;1.1343;0.9741;0.138;0.0204;0.0018;1137.1;972.75;137.78;19.714;1.7342;171.76;138.27;52.14;3.1914;2.1243;30.557;5.0925;29.49;0;1;0;0;1.8231;0.9744;1;1;0.8838;0.0633;0.999;0.9997;1;0.9655;0.9488;0.999;0.999;1;0.999;0.999;0.9724;0.8525;0.06;3.3128;3.3145;0.02;0.0072;0.667;0.0183;0.0651;0.0046;0;0;0.088;2.3176;0;0;0;0;0;0;0;0;0;0;0;0;0.0524;0.025;2.455;2.4458;0;81.754;81.754;57.694;0.051;2795.2;875;1;0.0495;0.0402;0;0.0092;0;0;0;0;2.4056;2.3176;0;13.884;16.077;13.156;15.235;97.986;98.356;27.937;20.626;19.544;7.3116;1.0812;0.2617;0.0387;0.6996;19.408;0.6861;0
18/10/21 16:00;20.465;87.679;32.008;20.481;37.577;90;37.577;72.2;71.402;0.7977;22.5;3;0;1.9347;63.889;0.2863;0;1.4979;67.608;0;67.608;1.9347;0.2863;63.889;1.4979;0.0286;0.9671;0;0.0222;62.206;5.402;0;0;4.0416;1.3603;60.192;1.9522;0.0043;0.0006;1.9312;0.0161;62.144;0.0622;0.0019;0.0003;0.0598;0.0001;60.693;1.9285;0.2854;57.857;0.1213;44.598;35.902;14.467;2.1006;0.5739;8.2556;0.501;6.7288;0;1;0;0;0.9364;0.9201;1;1;0.9367;0.0918;0.9686;0.9978;1;0.9677;0.8825;0.999;0.999;1;0.999;0.999;0.8903;0.9056;0.081;0.1924;0.1902;0.0011;0.0145;0.0003;0.0012;0.0043;0.0014;0;0;0.088;0.0698;0;0;0;0;0;0;0;0;0;0;0;0;0.0035;0.0002;0.1635;0.1635;0;25.486;25.486;2.986;0.0496;161.13;1015;1;0.0057;0.0057;0;0;0;0;0;0;0.1578;0.0698;0;15.985;18.51;6.8235;7.9014;96.494;96.494;1.6226;1.3792;0.5887;0.2434;0.7905;0.15;0.4872;0.3628;44.594;0.3324;0
18/10/21 17:00;8.2162;96.237;69.721;8.2645;12.138;90;12.138;37.995;37.497;0.498;19.3;3.9801;0;1.2077;36.984;0.2296;0;0.0849;38.506;0;38.506;1.2077;0.2296;36.984;0.0849;0.0314;0.9627;0;0.0022;38.065;0.4409;0;0;0.3702;0.0707;36.427;1.6002;0.1268;0.0241;1.4461;0.0032;38.027;0.0381;0.0012;0.0002;0.0366;0;36.443;1.0797;0.2053;35.131;0.011;22.3;17.952;6.6584;0.0223;0.2576;3.7048;0.016;3.9401;0;1;0;0;1.0135;0.9886;1;1;0.99;0.1678;0.9579;0.8949;1;0.9605;0.7747;0.999;0.999;1;0.999;0.999;0.946;0.9499;0.1299;0.1096;0.1117;0.0007;0.0117;-0.0016;0.0007;0.0025;0.0006;0;0;0.088;0.0027;0;0;0;0;0;0;0;0;0;0;0;0;0.002;0.0001;0.095;0.095;0;21.112;21.112;1.8117;0.0497;93.896;1011.6;1;0.0043;0.0043;0;0;0;0;0;0;0.0907;0.0027;0;16.3;18.875;0.4558;0.5279;95.442;95.442;0.9242;0.801;0.0224;0.1231;0.7786;0.1332;0.8425;0.0242;22.297;0.0226;0
18/10/21 18:00;1.1447;101.19;87.223;1.1669;1.6641;90;1.6641;0;0;0;17.68;5.7399;0;0;0;0;0;0;0;0;0;0;0;0;0;1;1;1;1;0;0;0;0;0;0;0;0;0;0;0;0;0;0;0;0;0;0;0;0;0;0;0;0;0;0;0;0;0;0;0;0;0;0;0;1;1;1;1;1;1;1;1;1;1;1;1;1;1;1;1;1;1;1;0;0;0;0;0;0;0;0;0;0.0004;0.088;-0.0884;0;0;0;0;0;0;0;0;0;0;0;0;0;0;0;0;0;0;0;-17.68;0;0;0;0;0.0004;0;0;0;0;0;0;0;-0.0004;-0.0884;0;0;0;0;0;0;0;0;0;-0.7452;0;0.7452;1;1;0;0;0;0
18/10/21 19:00;0;0;90;0;0;90;0;0;0;0;16.58;6.0599;0;0;0;0;0;0;0;0;0;0;0;0;0;1;1;1;1;0;0;0;0;0;0;0;0;0;0;0;0;0;0;0;0;0;0;0;0;0;0;0;0;0;0;0;0;0;0;0;0;0;0;0;1;1;1;1;1;1;1;1;1;1;1;1;1;1;1;1;1;1;1;0;0;0;0;0;0;0;0;0;0.0004;0.088;-0.0884;0;0;0;0;0;0;0;0;0;0;0;0;0;0;0;0;0;0;0;-16.58;0;0;0;0;0.0004;0;0;0;0;0;0;0;-0.0004;-0.0884;0;0;0;0;0;0;0;0;0;-0.7452;0;0.7452;1;1;0;0;0;0
18/10/21 20:00;0;0;90;0;0;90;0;0;0;0;15.32;5.12;0;0;0;0;0;0;0;0;0;0;0;0;0;1;1;1;1;0;0;0;0;0;0;0;0;0;0;0;0;0;0;0;0;0;0;0;0;0;0;0;0;0;0;0;0;0;0;0;0;0;0;0;1;1;1;1;1;1;1;1;1;1;1;1;1;1;1;1;1;1;1;0;0;0;0;0;0;0;0;0;0.0004;0.088;-0.0884;0;0;0;0;0;0;0;0;0;0;0;0;0;0;0;0;0;0;0;-15.32;0;0;0;0;0.0004;0;0;0;0;0;0;0;-0.0004;-0.0884;0;0;0;0;0;0;0;0;0;-0.7452;0;0.7452;1;1;0;0;0;0
18/10/21 21:00;0;0;90;0;0;90;0;0;0;0;14.74;3.05;0;0;0;0;0;0;0;0;0;0;0;0;0;1;1;1;1;0;0;0;0;0;0;0;0;0;0;0;0;0;0;0;0;0;0;0;0;0;0;0;0;0;0;0;0;0;0;0;0;0;0;0;1;1;1;1;1;1;1;1;1;1;1;1;1;1;1;1;1;1;1;0;0;0;0;0;0;0;0;0;0.0004;0.088;-0.0884;0;0;0;0;0;0;0;0;0;0;0;0;0;0;0;0;0;0;0;-14.74;0;0;0;0;0.0004;0;0;0;0;0;0;0;-0.0004;-0.0884;0;0;0;0;0;0;0;0;0;-0.7452;0;0.7452;1;1;0;0;0;0
18/10/21 22:00;0;0;90;0;0;90;0;0;0;0;15.28;1.5001;0;0;0;0;0;0;0;0;0;0;0;0;0;1;1;1;1;0;0;0;0;0;0;0;0;0;0;0;0;0;0;0;0;0;0;0;0;0;0;0;0;0;0;0;0;0;0;0;0;0;0;0;1;1;1;1;1;1;1;1;1;1;1;1;1;1;1;1;1;1;1;0;0;0;0;0;0;0;0;0;0.0004;0.088;-0.0884;0;0;0;0;0;0;0;0;0;0;0;0;0;0;0;0;0;0;0;-15.28;0;0;0;0;0.0004;0;0;0;0;0;0;0;-0.0004;-0.0884;0;0;0;0;0;0;0;0;0;-0.7452;0;0.7452;1;1;0;0;0;0
18/10/21 23:00;0;0;90;0;0;90;0;0;0;0;14.17;1.49;0;0;0;0;0;0;0;0;0;0;0;0;0;1;1;1;1;0;0;0;0;0;0;0;0;0;0;0;0;0;0;0;0;0;0;0;0;0;0;0;0;0;0;0;0;0;0;0;0;0;0;0;1;1;1;1;1;1;1;1;1;1;1;1;1;1;1;1;1;1;1;0;0;0;0;0;0;0;0;0;0.0004;0.088;-0.0884;0;0;0;0;0;0;0;0;0;0;0;0;0;0;0;0;0;0;0;-14.17;0;0;0;0;0.0004;0;0;0;0;0;0;0;-0.0004;-0.0884;0;0;0;0;0;0;0;0;0;-0.7452;0;0.7452;1;1;0;0;0;0
19/10/21 00:00;0;0;90;0;0;90;0;0;0;0;12.13;1.7699;0;0;0;0;0;0;0;0;0;0;0;0;0;1;1;1;1;0;0;0;0;0;0;0;0;0;0;0;0;0;0;0;0;0;0;0;0;0;0;0;0;0;0;0;0;0;0;0;0;0;0;0;1;1;1;1;1;1;1;1;1;1;1;1;1;1;1;1;1;1;1;0;0;0;0;0;0;0;0;0;0.0004;0.088;-0.0884;0;0;0;0;0;0;0;0;0;0;0;0;0;0;0;0;0;0;0;-12.13;0;0;0;0;0.0004;0;0;0;0;0;0;0;-0.0004;-0.0884;0;0;0;0;0;0;0;0;0;-0.7452;0;0.7452;1;1;0;0;0;0
19/10/21 01:00;0;0;90;0;0;90;0;0;0;0;12.48;2.0799;0;0;0;0;0;0;0;0;0;0;0;0;0;1;1;1;1;0;0;0;0;0;0;0;0;0;0;0;0;0;0;0;0;0;0;0;0;0;0;0;0;0;0;0;0;0;0;0;0;0;0;0;1;1;1;1;1;1;1;1;1;1;1;1;1;1;1;1;1;1;1;0;0;0;0;0;0;0;0;0;0.0004;0.088;-0.0884;0;0;0;0;0;0;0;0;0;0;0;0;0;0;0;0;0;0;0;-12.48;0;0;0;0;0.0004;0;0;0;0;0;0;0;-0.0004;-0.0884;0;0;0;0;0;0;0;0;0;-0.7452;0;0.7452;1;1;0;0;0;0
19/10/21 02:00;0;0;90;0;0;90;0;0;0;0;11.28;2.35;0;0;0;0;0;0;0;0;0;0;0;0;0;1;1;1;1;0;0;0;0;0;0;0;0;0;0;0;0;0;0;0;0;0;0;0;0;0;0;0;0;0;0;0;0;0;0;0;0;0;0;0;1;1;1;1;1;1;1;1;1;1;1;1;1;1;1;1;1;1;1;0;0;0;0;0;0;0;0;0;0.0004;0.088;-0.0884;0;0;0;0;0;0;0;0;0;0;0;0;0;0;0;0;0;0;0;-11.28;0;0;0;0;0.0004;0;0;0;0;0;0;0;-0.0004;-0.0884;0;0;0;0;0;0;0;0;0;-0.7452;0;0.7452;1;1;0;0;0;0
19/10/21 03:00;0;0;90;0;0;90;0;0;0;0;10.31;2.3999;0;0;0;0;0;0;0;0;0;0;0;0;0;1;1;1;1;0;0;0;0;0;0;0;0;0;0;0;0;0;0;0;0;0;0;0;0;0;0;0;0;0;0;0;0;0;0;0;0;0;0;0;1;1;1;1;1;1;1;1;1;1;1;1;1;1;1;1;1;1;1;0;0;0;0;0;0;0;0;0;0.0004;0.088;-0.0884;0;0;0;0;0;0;0;0;0;0;0;0;0;0;0;0;0;0;0;-10.31;0;0;0;0;0.0004;0;0;0;0;0;0;0;-0.0004;-0.0884;0;0;0;0;0;0;0;0;0;-0.7452;0;0.7452;1;1;0;0;0;0
19/10/21 04:00;0;0;90;0;0;90;0;0;0;0;9.08;2.4601;0;0;0;0;0;0;0;0;0;0;0;0;0;1;1;1;1;0;0;0;0;0;0;0;0;0;0;0;0;0;0;0;0;0;0;0;0;0;0;0;0;0;0;0;0;0;0;0;0;0;0;0;1;1;1;1;1;1;1;1;1;1;1;1;1;1;1;1;1;1;1;0;0;0;0;0;0;0;0;0;0.0004;0.088;-0.0884;0;0;0;0;0;0;0;0;0;0;0;0;0;0;0;0;0;0;0;-9.08;0;0;0;0;0.0004;0;0;0;0;0;0;0;-0.0004;-0.0884;0;0;0;0;0;0;0;0;0;-0.7452;0;0.7452;1;1;0;0;0;0
19/10/21 05:00;4.6904;-99.129;78.561;4.7503;6.8361;-90;-6.8361;35.905;27.499;8.4055;8.1001;3.2799;0;20.386;25.361;4.965;0;0.0255;50.738;0;50.738;20.386;4.965;25.361;0.0255;0.4018;0.5004;0;0.0005;50.619;0.1188;0;0;0.0976;0.0212;42.565;8.003;5.5683;1.3562;1.0777;0.001;50.568;0.0506;0.0204;0.005;0.0253;0;42.567;14.797;3.6038;24.161;0.0033;15.154;12.199;4.5075;0.0015;0.1752;2.5208;0.002;2.6946;0;1;0;0;1.4131;0.9977;1;1;0.9962;0.1684;0.8417;0.7266;1;0.9573;0.7762;0.999;0.999;1;0.999;0.999;0.8389;0.9527;0.1306;0.1444;0.1268;0.0008;0.0124;-0.0069;0.0008;0.003;0.0005;0;0;0.088;0.0205;0;0;0;0;0;0;0;0;0;0;0;0;0.0024;0.0001;0.1138;0.1138;0;10.193;10.193;2.0933;0.0492;106.77;1065.7;1;0.0052;0.0052;0;0;0;0;0;0;0.1085;0.0205;0;14.819;17.16;2.6754;3.098;95.393;95.393;1.2177;0.9596;0.1732;0.2581;0.7863;0.212;0.6457;0.1423;15.103;0.1372;0
19/10/21 06:00;15.471;-91.663;49.688;15.477;24.854;-90;-24.854;264.11;43.597;220.51;9.0999;3.69;0;534.8;16.686;63.301;0;2.4461;617.23;0;617.23;534.8;63.301;16.686;2.4461;0.8664;0.031;0;0.004;614.61;2.6291;0;0;0.5463;2.0829;605.88;8.1102;6.7053;0.7937;0.5378;0.0735;613.99;0.6146;0.5348;0.0633;0.0161;0.0004;605.93;527.56;62.444;15.586;0.2894;11.85;9.5391;3.8521;0.1313;0.1242;1.7867;0.0452;1.7796;0;1;0;0;2.3371;0.9957;1;1;0.9673;0.1485;0.9868;0.9874;1;0.9666;0.7976;0.999;0.999;1;0.999;0.999;0.9816;0.9341;0.1183;1.7566;1.7372;0.0105;0.0022;0.0849;0.0115;0.0407;0.0003;0;0;0.088;1.4342;0;0;0;0;0;0;0;0;0;0;0;0;0.0328;0.0073;1.547;1.547;0;38.927;38.927;29.827;0.0492;1496.7;1033.6;1;0.0248;0.0248;0;0;0;0;0;0;1.5222;1.4342;0;16.562;19.178;15.355;17.78;98.399;98.399;14.814;13.046;12.095;1.7675;0.951;0.1193;0.0642;0.8165;10.642;0.8147;0
19/10/21 07:00;27.713;-82.762;6.7378;27.902;60;-90;-60;476.39;78.599;397.79;11.18;4.2901;0;849.48;22.431;103.98;0;23.82;999.71;0;999.71;849.48;103.98;22.431;23.82;0.8497;0.0463;0;0.0238;974.73;24.981;0;0;2.8102;22.171;972.73;1.0221;0.1975;0.0242;0.6935;0.1069;973.76;0.9747;0.8495;0.104;0.0196;0.0016;975.35;848.43;103.85;18.907;1.5402;74.808;60.22;25.37;3.756;0.906;13.033;2.6184;10.183;0;1;0;0;2.0985;0.975;1;1;0.8747;0.0692;0.999;0.9998;1;0.9646;0.9351;0.999;0.999;1;0.999;0.999;0.973;0.8429;0.0647;2.8451;2.8167;0.017;-0.0004;0.345;0.0172;0.0609;0.0022;0;0;0.088;2.1807;0;0;0;0;0;0;0;0;0;0;0;0;0.0491;0.0183;2.3074;2.3074;0;59.864;59.864;48.684;0.05;2429.4;949.79;1;0.0387;0.0387;0;0;0;0;0;0;2.2687;2.1807;0;15.252;17.661;14.414;16.691;98.321;98.321;23.993;19.459;18.39;4.5343;1.0689;0.189;0.0445;0.7665;19.533;0.7591;0
19/10/21 08:00;39.684;-72.327;13.511;41.051;48.949;-90;-48.949;684.61;113;571.61;13.43;4.81;0;870.39;32.923;111.55;0;23.501;1038.4;0;1038.4;870.39;111.55;32.923;23.501;0.8382;0.0543;0;0.0226;1013.5;24.884;0;0;3.0704;21.813;1010.9;1.5192;0.4058;0.052;0.9854;0.0759;1012.5;1.0135;0.8704;0.1116;0.0299;0.0017;1016.2;869.11;111.39;28.837;1.61;267.41;215.27;82.715;2.6952;3.0596;44.011;5.2507;44.375;0;1;0;0;1.5167;0.976;1;1;0.9067;0.0718;0.9985;0.9995;1;0.967;0.955;0.999;0.999;1;0.999;0.999;0.9736;0.8759;0.0685;2.9551;2.9956;0.018;0.0016;0.4131;0.0179;0.0636;0.0072;0;0;0.088;2.2738;0;0;0;0;0;0;0;0;0;0;0;0;0.0513;0.0205;2.4024;2.4024;0;64.209;64.209;50.779;0.0502;2580.4;931;1;0.0406;0.0406;0;0;0;0;0;0;2.3618;2.2738;0;15.288;17.704;14.47;16.756;98.31;98.31;24.921;20.26;19.175;4.661;1.0844;0.187;0.0435;0.7695;25.44;0.7458;0
19/10/21 09:00;50.847;-58.494;19.266;55.232;34.768;-90;-34.768;849.79;140.2;709.59;15.02;5.05;0;863.8;43.069;113.11;0;15.171;1035.2;0;1035.2;863.8;113.11;43.069;15.171;0.8345;0.0563;0;0.0147;1019.2;15.943;0;0;2.4054;13.538;1016;2.1907;0.5743;0.0752;1.3127;0.2285;1018.2;1.0192;0.8638;0.1131;0.0407;0.0016;1020.2;862.37;112.92;39.31;1.403;431.07;347.01;137.05;1.0882;4.4791;64.43;4.1856;67.821;0;1;0;0;1.2181;0.9846;1;1;0.9442;0.1076;0.9978;0.9993;1;0.9677;0.8599;0.999;0.999;1;0.999;0.999;0.9815;0.9127;0.0925;2.946;3.0479;0.0184;0.0023;0.4413;0.0181;0.0642;0.0104;0;0;0.088;2.2915;0;0;0;0;0;0;0;0;0;0;0;0;0.0517;0.0212;2.4203;2.4203;0;66.133;66.133;51.114;0.0503;2625;922.04;1;0.0408;0.0408;0;0;0;0;0;0;2.3795;2.2915;0;15.45;17.891;14.628;16.939;98.314;98.314;24.844;20.411;19.325;4.4325;1.0862;0.1784;0.0437;0.7779;29.395;0.7432;0
19/10/21 10:00;60.048;-37.899;23.202;70.508;19.492;-90;-19.492;969.5;160;809.5;16.79;5.1799;0;858.72;50.257;114.84;0;5.5562;1029.4;0;1029.4;858.72;114.84;50.257;5.5562;0.8342;0.0542;0;0.0054;1023.6;5.7457;0;0;1.1121;4.6336;1019.9;2.6933;0.6875;0.0919;1.7106;0.2033;1022.6;1.0236;0.8587;0.1148;0.0491;0.0009;1021.2;857.17;114.63;47.385;0.7184;549.46;442.31;173.6;0.1651;5.7005;82;1.3128;87.535;0;1;0;0;1.0618;0.9944;1;1;0.9779;0.1661;0.9974;0.9992;1;0.9652;0.7794;0.999;0.999;1;0.999;0.999;0.9908;0.9429;0.1293;2.9295;3.086;0.0186;0.0029;0.4696;0.0182;0.0644;0.0131;0;0;0.088;2.297;0;0;0;0;0;0;0;0;0;0;0;0;0.0519;0.0217;2.4257;2.4257;0;68.187;68.187;51.397;0.0504;2657.3;912.86;1;0.0407;0.0407;0;0;0;0;0;0;2.385;2.297;0;15.572;18.032;14.746;17.075;98.322;98.322;24.705;20.456;19.371;4.2486;1.0853;0.172;0.0439;0.7841;31.151;0.74;0
19/10/21 11:00;64.864;-7.3243;24.917;86.577;3.4232;-90;-3.4232;699.1;367.7;331.4;18.26;5.2599;0;332;269.98;97.658;0;0.1247;699.75;0;699.75;332;97.658;269.98;0.1247;0.4744;0.386;0;0.0002;699.3;0.4574;0;0;0.3535;0.104;686.28;12.317;0.2855;0.084;11.943;0.0046;698.6;0.6993;0.332;0.0977;0.2696;0;686.28;331.38;97.476;257.41;0.0161;412.65;332.19;127.98;-0.0013;4.4287;63.705;-0.0008;68.135;0;1;0;0;1.0009;0.9993;1;1;0.9987;0.1663;0.9824;0.9991;1;0.9557;0.7775;0.999;0.999;1;0.999;0.999;0.9807;0.9535;0.1292;1.9914;2.0911;0.0126;-0.0009;0.202;0.0131;0.0466;0.0109;0;0;0.088;1.6432;0;0;0;0;0;0;0;0;0;0;0;0;0.0375;0.0103;1.759;1.759;0;52.409;52.409;34.149;0.0498;1799.6;977.41;1;0.0278;0.0278;0;0;0;0;0;0;1.7312;1.6432;0;16.61;19.234;15.517;17.968;98.421;98.421;16.794;14.833;13.857;1.9607;0.9764;0.1167;0.0581;0.8251;160.06;0.7725;0
19/10/21 12:00;62.795;26.231;24.211;77.2;12.801;90;12.801;976.1;160.9;815.21;19.5;5.53;0;835.98;53.417;109.53;0;2.4259;1001.4;0;1001.4;835.98;109.53;53.417;2.4259;0.8349;0.0558;0;0.0024;998.75;2.6037;0;0;0.5846;2.0191;994.81;2.9457;0.6984;0.0915;2.0642;0.0915;997.75;0.9988;0.836;0.1095;0.0528;0.0004;995.31;834.45;109.33;50.715;0.3148;566.34;455.9;178.53;0.0396;5.8936;84.777;0.5002;90.631;0;1;0;0;1.0259;0.9974;1;1;0.9891;0.1677;0.997;0.9992;1;0.9609;0.7748;0.999;0.999;1;0.999;0.999;0.9935;0.9494;0.1298;2.8498;3.0175;0.0182;0.0019;0.4759;0.0177;0.0626;0.0135;0;0;0.088;2.2297;0;0;0;0;0;0;0;0;0;0;0;0;0.0504;0.0208;2.3566;2.3566;0;69.693;69.693;50.193;0.0505;2598.2;906.99;1;0.0389;0.0389;0;0;0;0;0;0;2.3177;2.2297;0;15.551;18.008;14.713;17.038;98.349;98.349;24.033;19.873;18.803;4.1594;1.0702;0.1731;0.0445;0.7824;32.269;0.7358;0
19/10/21 13:00;55.06;50.91;21.169;61.531;28.469;90;28.469;414.31;371.1;43.211;20.12;5.84;0;49.155;335.35;16.115;0;5.0101;405.63;0;405.63;49.155;16.115;335.35;5.0101;0.1212;0.8391;0;0.0124;387.59;18.046;0;0;13.687;4.3589;376.5;10.698;0.0359;0.0118;10.528;0.1216;387.2;0.3876;0.0492;0.0161;0.3217;0.0007;377.97;49.07;16.088;310.81;0.529;249.36;200.73;77.929;4.2342;2.913;41.902;1.4666;40.581;0;1;0;0;0.9791;0.9555;1;1;0.9592;0.13;0.9724;0.9993;1;0.9672;0.8131;0.999;0.999;1;0.999;0.999;0.9282;0.9268;0.1056;1.1544;1.1653;0.007;0.0098;0.0568;0.0076;0.0271;0.0075;0;0;0.088;0.92;0;0;0;0;0;0;0;0;0;0;0;0;0.0218;0.0035;1.0242;1.0242;0;38.694;38.694;18.574;0.0493;1000.4;1023.7;1;0.0162;0.0162;0;0;0;0;0;0;1.008;0.92;0;16.684;19.32;14.987;17.355;98.42;98.42;9.7351;8.6369;7.7583;1.0982;0.8786;0.1128;0.0902;0.7969;218.76;0.7397;0
19/10/21 14:00;44.522;67.078;16.123;46.877;43.123;90;43.123;224.49;219.9;4.5915;19.25;5.9601;0;6.2907;189.3;1.4288;0;6.0637;203.08;0;203.08;6.2907;1.4288;189.3;6.0637;0.031;0.962;0;0.0299;182.75;20.331;0;0;14.727;5.6038;176.87;5.7044;0.0035;0.0008;5.6669;0.0332;182.57;0.1828;0.0063;0.0014;0.1746;0.0005;179.05;6.2809;1.4265;168.73;0.4261;140.99;113.49;46.766;9.9834;1.9644;28.258;2.1801;20.239;0;1;0;0;0.9046;0.8999;1;1;0.9222;0.0758;0.9688;0.9994;1;0.9675;0.9277;0.999;0.999;1;0.999;0.999;0.8709;0.8913;0.0703;0.578;0.5689;0.0034;0.0169;0.006;0.0038;0.0135;0.0051;0;0;0.088;0.411;0;0;0;0;0;0;0;0;0;0;0;0;0.0108;0.001;0.5083;0.5083;0;27.946;27.946;8.6961;0.0492;485.29;1047.4;1;0.0093;0.0093;0;0;0;0;0;0;0.499;0.411;0;16.539;19.152;13.372;15.485;98.167;98.167;4.874;4.2865;3.4658;0.5875;0.8207;0.1205;0.1684;0.7111;138.52;0.644;0
19/10/21 15:00;32.803;78.643;9.5272;33.321;56.679;90;56.679;298.7;261.6;37.102;18.48;5.86;0;67.541;192.6;23.62;0;13.462;297.22;0;297.22;67.541;23.62;192.6;13.462;0.2272;0.6933;0;0.0453;262.32;34.904;0;0;22.294;12.61;256.12;5.9408;0.0222;0.0078;5.8678;0.0431;262.06;0.2623;0.0675;0.0236;0.1703;0.0009;261.09;67.452;23.589;164.27;0.8079;174.06;140.12;60.667;26.295;3.1429;45.21;4.9691;22.058;0;1;0;0;0.995;0.8826;1;1;0.8842;0.0633;0.9773;0.9997;1;0.9655;0.9494;0.999;0.999;1;0.999;0.999;0.8617;0.8529;0.06;0.8459;0.8375;0.005;0.0143;0.0182;0.0056;0.0199;0.0082;0;0;0.088;0.648;0;0;0;0;0;0;0;0;0;0;0;0;0.016;0.0019;0.7484;0.7484;0;31.068;31.068;12.588;0.0491;715.38;1046.2;1;0.0125;0.0125;0;0;0;0;0;0;0.736;0.648;0;16.639;19.268;14.406;16.681;98.335;98.335;7.1334;6.3115;5.4643;0.8219;0.8472;0.1152;0.1188;0.766;161.39;0.6877;0
19/10/21 16:00;20.629;88.027;31.3;20.64;38.109;90;38.109;325.6;144.1;181.5;19.07;5.0999;0;440.19;80.709;130.39;0;6.9405;658.23;0;658.23;440.19;130.39;80.709;6.9405;0.6687;0.1332;0;0.0105;646.7;11.535;0;0;5.2181;6.3174;642.52;3.5309;0.7901;0.2341;2.4369;0.0698;646.05;0.6467;0.4402;0.1304;0.0755;0.0006;643.18;438.96;130.03;72.979;0.5527;57.734;46.476;18.944;2.7858;0.7332;10.547;0.6567;8.4948;0;1;0;0;2.0216;0.9825;1;1;0.9353;0.0898;0.9945;0.9982;1;0.9677;0.8878;0.999;0.999;1;0.999;0.999;0.9761;0.9042;0.0796;1.8733;1.8613;0.0112;0.0009;0.1709;0.0117;0.0417;0.0018;0;0;0.088;1.4686;0;0;0;0;0;0;0;0;0;0;0;0;0.0336;0.0083;1.5811;1.5811;0;51.011;51.011;31.941;0.0497;1604.3;985.57;1;0.0246;0.0246;0;0;0;0;0;0;1.5566;1.4686;0;15.873;18.38;14.743;17.072;98.447;98.447;15.798;13.334;12.385;2.4638;0.9492;0.156;0.0601;0.784;56.581;0.7747;0
19/10/21 17:00;8.3825;96.564;69.295;8.437;12.408;90;12.408;90.191;82.098;8.093;17.9;3.29;0;19.628;77.877;8.0054;0;0.2107;105.72;0;105.72;19.628;8.0054;77.877;0.2107;0.1857;0.7386;0;0.002;104.74;0.9842;0;0;0.8088;0.1753;98.827;5.8055;1.9654;0.8016;3.0306;0.008;104.63;0.1047;0.0196;0.008;0.0771;0;98.862;17.643;7.1958;73.961;0.0274;47.045;37.871;14.061;0.0508;0.5427;7.806;0.0357;8.2978;0;1;0;0;1.1722;0.9907;1;1;0.9896;0.1678;0.9445;0.8998;1;0.9606;0.7747;0.999;0.999;1;0.999;0.999;0.9348;0.9497;0.1298;0.3009;0.2985;0.0018;0.0165;-0.0024;0.002;0.007;0.0014;0;0;0.088;0.1714;0;0;0;0;0;0;0;0;0;0;0;0;0.0057;0.0004;0.2662;0.2662;0;22.765;22.765;4.8647;0.0492;254.33;1046.7;1;0.0068;0.0068;0;0;0;0;0;0;0.2594;0.1714;0;16.64;19.268;10.714;12.407;97.446;97.446;2.5373;2.2451;1.4456;0.2923;0.7995;0.1152;0.3151;0.5697;46.989;0.5399;0
19/10/21 18:00;1.1168;101.65;87.29;1.1403;1.6262;90;1.6262;0;0;0;13.87;3.31;0;0;0;0;0;0;0;0;0;0;0;0;0;1;1;1;1;0;0;0;0;0;0;0;0;0;0;0;0;0;0;0;0;0;0;0;0;0;0;0;0;0;0;0;0;0;0;0;0;0;0;0;1;1;1;1;1;1;1;1;1;1;1;1;1;1;1;1;1;1;1;0;0;0;0;0;0;0;0;0;0.0004;0.088;-0.0884;0;0;0;0;0;0;0;0;0;0;0;0;0;0;0;0;0;0;0;-13.87;0;0;0;0;0.0004;0;0;0;0;0;0;0;-0.0004;-0.0884;0;0;0;0;0;0;0;0;0;-0.7452;0;0.7452;1;1;0;0;0;0
19/10/21 19:00;0;0;90;0;0;90;0;0;0;0;10.38;3.47;0;0;0;0;0;0;0;0;0;0;0;0;0;1;1;1;1;0;0;0;0;0;0;0;0;0;0;0;0;0;0;0;0;0;0;0;0;0;0;0;0;0;0;0;0;0;0;0;0;0;0;0;1;1;1;1;1;1;1;1;1;1;1;1;1;1;1;1;1;1;1;0;0;0;0;0;0;0;0;0;0.0004;0.088;-0.0884;0;0;0;0;0;0;0;0;0;0;0;0;0;0;0;0;0;0;0;-10.38;0;0;0;0;0.0004;0;0;0;0;0;0;0;-0.0004;-0.0884;0;0;0;0;0;0;0;0;0;-0.7452;0;0.7452;1;1;0;0;0;0
19/10/21 20:00;0;0;90;0;0;90;0;0;0;0;7.7199;3.3;0;0;0;0;0;0;0;0;0;0;0;0;0;1;1;1;1;0;0;0;0;0;0;0;0;0;0;0;0;0;0;0;0;0;0;0;0;0;0;0;0;0;0;0;0;0;0;0;0;0;0;0;1;1;1;1;1;1;1;1;1;1;1;1;1;1;1;1;1;1;1;0;0;0;0;0;0;0;0;0;0.0004;0.088;-0.0884;0;0;0;0;0;0;0;0;0;0;0;0;0;0;0;0;0;0;0;-7.7199;0;0;0;0;0.0004;0;0;0;0;0;0;0;-0.0004;-0.0884;0;0;0;0;0;0;0;0;0;-0.7452;0;0.7452;1;1;0;0;0;0
19/10/21 21:00;0;0;90;0;0;90;0;0;0;0;6.72;3.08;0;0;0;0;0;0;0;0;0;0;0;0;0;1;1;1;1;0;0;0;0;0;0;0;0;0;0;0;0;0;0;0;0;0;0;0;0;0;0;0;0;0;0;0;0;0;0;0;0;0;0;0;1;1;1;1;1;1;1;1;1;1;1;1;1;1;1;1;1;1;1;0;0;0;0;0;0;0;0;0;0.0004;0.088;-0.0884;0;0;0;0;0;0;0;0;0;0;0;0;0;0;0;0;0;0;0;-6.72;0;0;0;0;0.0004;0;0;0;0;0;0;0;-0.0004;-0.0884;0;0;0;0;0;0;0;0;0;-0.7452;0;0.7452;1;1;0;0;0;0
19/10/21 22:00;0;0;90;0;0;90;0;0;0;0;7.2399;2.9499;0;0;0;0;0;0;0;0;0;0;0;0;0;1;1;1;1;0;0;0;0;0;0;0;0;0;0;0;0;0;0;0;0;0;0;0;0;0;0;0;0;0;0;0;0;0;0;0;0;0;0;0;1;1;1;1;1;1;1;1;1;1;1;1;1;1;1;1;1;1;1;0;0;0;0;0;0;0;0;0;0.0004;0.088;-0.0884;0;0;0;0;0;0;0;0;0;0;0;0;0;0;0;0;0;0;0;-7.2399;0;0;0;0;0.0004;0;0;0;0;0;0;0;-0.0004;-0.0884;0;0;0;0;0;0;0;0;0;-0.7452;0;0.7452;1;1;0;0;0;0
19/10/21 23:00;0;0;90;0;0;90;0;0;0;0;6.96;2.81;0;0;0;0;0;0;0;0;0;0;0;0;0;1;1;1;1;0;0;0;0;0;0;0;0;0;0;0;0;0;0;0;0;0;0;0;0;0;0;0;0;0;0;0;0;0;0;0;0;0;0;0;1;1;1;1;1;1;1;1;1;1;1;1;1;1;1;1;1;1;1;0;0;0;0;0;0;0;0;0;0.0004;0.088;-0.0884;0;0;0;0;0;0;0;0;0;0;0;0;0;0;0;0;0;0;0;-6.96;0;0;0;0;0.0004;0;0;0;0;0;0;0;-0.0004;-0.0884;0;0;0;0;0;0;0;0;0;-0.7452;0;0.7452;1;1;0;0;0;0
20/10/21 00:00;0;0;90;0;0;90;0;0;0;0;5.6697;2.65;0;0;0;0;0;0;0;0;0;0;0;0;0;1;1;1;1;0;0;0;0;0;0;0;0;0;0;0;0;0;0;0;0;0;0;0;0;0;0;0;0;0;0;0;0;0;0;0;0;0;0;0;1;1;1;1;1;1;1;1;1;1;1;1;1;1;1;1;1;1;1;0;0;0;0;0;0;0;0;0;0.0004;0.088;-0.0884;0;0;0;0;0;0;0;0;0;0;0;0;0;0;0;0;0;0;0;-5.6697;0;0;0;0;0.0004;0;0;0;0;0;0;0;-0.0004;-0.0884;0;0;0;0;0;0;0;0;0;-0.7452;0;0.7452;1;1;0;0;0;0
20/10/21 01:00;0;0;90;0;0;90;0;0;0;0;4.63;2.4699;0;0;0;0;0;0;0;0;0;0;0;0;0;1;1;1;1;0;0;0;0;0;0;0;0;0;0;0;0;0;0;0;0;0;0;0;0;0;0;0;0;0;0;0;0;0;0;0;0;0;0;0;1;1;1;1;1;1;1;1;1;1;1;1;1;1;1;1;1;1;1;0;0;0;0;0;0;0;0;0;0.0004;0.088;-0.0884;0;0;0;0;0;0;0;0;0;0;0;0;0;0;0;0;0;0;0;-4.63;0;0;0;0;0.0004;0;0;0;0;0;0;0;-0.0004;-0.0884;0;0;0;0;0;0;0;0;0;-0.7452;0;0.7452;1;1;0;0;0;0
20/10/21 02:00;0;0;90;0;0;90;0;0;0;0;6.0001;2.19;0;0;0;0;0;0;0;0;0;0;0;0;0;1;1;1;1;0;0;0;0;0;0;0;0;0;0;0;0;0;0;0;0;0;0;0;0;0;0;0;0;0;0;0;0;0;0;0;0;0;0;0;1;1;1;1;1;1;1;1;1;1;1;1;1;1;1;1;1;1;1;0;0;0;0;0;0;0;0;0;0.0004;0.088;-0.0884;0;0;0;0;0;0;0;0;0;0;0;0;0;0;0;0;0;0;0;-6.0001;0;0;0;0;0.0004;0;0;0;0;0;0;0;-0.0004;-0.0884;0;0;0;0;0;0;0;0;0;-0.7452;0;0.7452;1;1;0;0;0;0
20/10/21 03:00;0;0;90;0;0;90;0;0;0;0;4.7297;1.9101;0;0;0;0;0;0;0;0;0;0;0;0;0;1;1;1;1;0;0;0;0;0;0;0;0;0;0;0;0;0;0;0;0;0;0;0;0;0;0;0;0;0;0;0;0;0;0;0;0;0;0;0;1;1;1;1;1;1;1;1;1;1;1;1;1;1;1;1;1;1;1;0;0;0;0;0;0;0;0;0;0.0004;0.088;-0.0884;0;0;0;0;0;0;0;0;0;0;0;0;0;0;0;0;0;0;0;-4.7297;0;0;0;0;0.0004;0;0;0;0;0;0;0;-0.0004;-0.0884;0;0;0;0;0;0;0;0;0;-0.7452;0;0.7452;1;1;0;0;0;0
20/10/21 04:00;0;0;90;0;0;90;0;0;0;0;4.1102;1.8301;0;0;0;0;0;0;0;0;0;0;0;0;0;1;1;1;1;0;0;0;0;0;0;0;0;0;0;0;0;0;0;0;0;0;0;0;0;0;0;0;0;0;0;0;0;0;0;0;0;0;0;0;1;1;1;1;1;1;1;1;1;1;1;1;1;1;1;1;1;1;1;0;0;0;0;0;0;0;0;0;0.0004;0.088;-0.0884;0;0;0;0;0;0;0;0;0;0;0;0;0;0;0;0;0;0;0;-4.1102;0;0;0;0;0.0004;0;0;0;0;0;0;0;-0.0004;-0.0884;0;0;0;0;0;0;0;0;0;-0.7452;0;0.7452;1;1;0;0;0;0
20/10/21 05:00;4.7288;-99.54;78.467;4.7948;6.9015;-90;-6.9015;39.108;29.501;9.6068;3.6601;1.87;0;23.299;26.915;6.0351;0;0.0283;56.278;0;56.278;23.299;6.0351;26.915;0.0283;0.414;0.4788;0;0.0005;56.149;0.1288;0;0;0.1052;0.0236;47.021;9.0723;6.2974;1.6312;1.1427;0.0011;56.093;0.0561;0.0233;0.006;0.0268;0;47.023;16.979;4.3979;25.64;0.0037;16.089;12.952;4.7868;0.0016;0.186;2.6754;0.0022;2.8597;0;1;0;0;1.439;0.9977;1;1;0.9961;0.1684;0.8383;0.7294;1;0.9573;0.7762;0.999;0.999;1;0.999;0.999;0.8355;0.9526;0.1306;0.1602;0.1399;0.0008;0.0129;-0.0097;0.001;0.0034;0.0005;0;0;0.088;0.0344;0;0;0;0;0;0;0;0;0;0;0;0;0.0027;0.0001;0.1282;0.1282;0;5.9614;5.9614;2.3013;0.0489;117.81;1088.5;1;0.0059;0.0059;0;0;0;0;0;0;0.1224;0.0344;0;15.057;17.436;4.0349;4.6724;95.422;95.422;1.3507;1.0814;0.2898;0.2692;0.7916;0.1993;0.5861;0.2146;16.03;0.2072;0
20/10/21 06:00;15.706;-91.948;48.964;15.715;25.348;-90;-25.348;238.91;41.801;197.11;8.84;2.76;0;478.04;18.818;53.431;0;2.3001;552.59;0;552.59;478.04;53.431;18.818;2.3001;0.8651;0.0382;0;0.0042;549.99;2.5988;0;0;0.6358;1.963;542.33;7.1103;5.7914;0.6473;0.6041;0.0674;549.44;0.55;0.478;0.0534;0.0182;0.0003;542.4;471.77;52.73;17.56;0.2694;13.11;10.554;3.4081;0.1586;0.1938;2.7876;0.0738;2.8227;0;1;0;0;2.313;0.9953;1;1;0.9662;0.1466;0.9871;0.9879;1;0.9667;0.7998;0.999;0.999;1;0.999;0.999;0.9814;0.9331;0.1171;1.5726;1.5575;0.0094;0.0044;0.0573;0.0104;0.0369;0.0005;0;0;0.088;1.2927;0;0;0;0;0;0;0;0;0;0;0;0;0.0297;0.006;1.4029;1.4029;0;35.474;35.474;26.634;0.0491;1341.5;1045.8;1;0.0222;0.0222;0;0;0;0;0;0;1.3807;1.2927;0;16.776;19.426;15.458;17.9;98.417;98.417;13.262;11.83;10.901;1.4317;0.9294;0.108;0.0701;0.822;12.037;0.8189;0
20/10/21 07:00;27.951;-83.069;6.3991;28.125;60;-90;-60;460.39;77.003;383.39;12.54;4.09;0;812.86;23.559;96.662;0;23.02;956.1;0;956.1;812.86;96.662;23.559;23.02;0.8502;0.0487;0;0.0241;931.72;24.378;0;0;2.9516;21.426;929.76;1.0325;0.1795;0.0213;0.7284;0.1033;930.79;0.9317;0.8129;0.0967;0.0206;0.0016;932.58;811.87;96.544;19.859;1.4884;76.315;61.433;25.1;3.9444;0.9824;14.131;2.8219;11.169;0;1;0;0;2.0767;0.9745;1;1;0.8747;0.0692;0.9989;0.9998;1;0.9646;0.9351;0.999;0.999;1;0.999;0.999;0.9724;0.8429;0.0647;2.721;2.6965;0.0162;-0.0013;0.3227;0.0165;0.0586;0.0023;0;0;0.088;2.0928;0;0;0;0;0;0;0;0;0;0;0;0;0.0472;0.0168;2.2174;2.2174;0;59.041;59.041;46.501;0.05;2326.6;953.04;1;0.0366;0.0366;0;0;0;0;0;0;2.1808;2.0928;0;15.325;17.746;14.464;16.749;98.348;98.348;22.946;18.699;17.648;4.247;1.051;0.1851;0.0458;0.7691;20.516;0.7607;0
20/10/21 08:00;39.937;-72.664;13.208;41.253;48.747;-90;-48.747;666.21;109.6;556.61;15.55;4.8;0;844.14;33.861;104.32;0;22.692;1005;0;1005;844.14;104.32;33.861;22.692;0.8399;0.0563;0;0.0226;980.82;24.197;0;0;3.139;21.058;978.32;1.52;0.3847;0.0475;1.0133;0.0744;979.84;0.9808;0.8441;0.1043;0.0307;0.0016;983.4;842.91;104.17;29.678;1.5584;262.35;211.19;81.328;2.7323;2.9958;43.094;5.0876;43.357;0;1;0;0;1.5086;0.9759;1;1;0.9073;0.072;0.9984;0.9995;1;0.967;0.9544;0.999;0.999;1;0.999;0.999;0.9734;0.8765;0.0687;2.8602;2.8999;0.0175;0.0004;0.4055;0.0173;0.0615;0.007;0;0;0.088;2.1953;0;0;0;0;0;0;0;0;0;0;0;0;0.0495;0.0193;2.3219;2.3219;0;64.709;64.709;49.159;0.0502;2497.7;929.62;1;0.0386;0.0386;0;0;0;0;0;0;2.2833;2.1953;0;15.267;17.678;14.434;16.714;98.337;98.337;24.12;19.581;18.513;4.5393;1.0678;0.1882;0.0443;0.7675;26.113;0.7437;0
20/10/21 09:00;51.13;-58.851;18.942;55.401;34.599;-90;-34.599;833.31;137.5;695.8;18.02;5.07;0;845.29;44.261;108.06;0;14.737;1012.4;0;1012.4;845.29;108.06;44.261;14.737;0.835;0.0583;0;0.0146;996.76;15.593;0;0;2.4531;13.14;993.56;2.1986;0.5525;0.0706;1.3497;0.2257;995.76;0.9968;0.8453;0.1081;0.0418;0.0016;997.63;843.9;107.88;40.416;1.3694;423.76;341.13;134.71;1.0996;4.4058;63.376;4.0645;66.682;0;1;0;0;1.2149;0.9846;1;1;0.9446;0.1083;0.9978;0.9993;1;0.9677;0.8585;0.999;0.999;1;0.999;0.999;0.9814;0.9131;0.0929;2.8811;2.9812;0.018;0.0014;0.453;0.0176;0.0623;0.0101;0;0;0.088;2.2215;0;0;0;0;0;0;0;0;0;0;0;0;0.0502;0.0203;2.3484;2.3484;0;68.084;68.084;50.064;0.0504;2568.2;914.44;1;0.0389;0.0389;0;0;0;0;0;0;2.3095;2.2215;0;15.329;17.751;14.501;16.792;98.344;98.344;24.296;19.805;18.735;4.4917;1.0701;0.1849;0.044;0.7711;30.169;0.7366;0
20/10/21 10:00;60.378;-38.194;22.858;70.63;19.37;-90;-19.37;946.8;156.2;790.6;20.21;5.0801;0;838.04;51.863;109;0;5.3593;1004.3;0;1004.3;838.04;109;51.863;5.3593;0.8345;0.057;0;0.0053;998.65;5.6043;0;0;1.1357;4.4687;994.94;2.7128;0.661;0.086;1.7694;0.1964;997.66;0.9987;0.838;0.109;0.0507;0.0009;996.21;836.54;108.8;48.907;0.6934;536.99;432.27;169.62;0.1667;5.5741;80.181;1.2642;85.589;0;1;0;0;1.0607;0.9944;1;1;0.9781;0.1662;0.9973;0.9992;1;0.9651;0.7793;0.999;0.999;1;0.999;0.999;0.9907;0.943;0.1294;2.858;3.0108;0.0181;0.0018;0.4831;0.0176;0.0623;0.0127;0;0;0.088;2.2179;0;0;0;0;0;0;0;0;0;0;0;0;0.0501;0.0207;2.3444;2.3444;0;70.441;70.441;50.231;0.0505;2593.1;904.11;1;0.0386;0.0386;0;0;0;0;0;0;2.3059;2.2179;0;15.426;17.863;14.594;16.899;98.356;98.356;24.102;19.771;18.704;4.3312;1.0672;0.1797;0.0443;0.776;32.128;0.7323;0
20/10/21 11:00;65.225;-7.3133;24.56;86.638;3.3624;-90;-3.3624;896.79;196.3;700.5;21.17;4.9201;0;701.7;86.602;109.81;0;0.1544;898.27;0;898.27;701.7;109.81;86.602;0.1544;0.7812;0.0966;0;0.0002;898.03;0.2391;0;0;0.1104;0.1287;892.61;4.5269;0.5947;0.0931;3.8334;0.0057;897.13;0.898;0.7017;0.1098;0.0865;0;892.61;700.41;109.61;82.572;0.0199;528.49;425.43;167.38;-0.0004;5.4462;78.341;0.0012;83.788;0;1;0;0;1.0016;0.9997;1;1;0.9987;0.1663;0.995;0.9992;1;0.9556;0.7776;0.999;0.999;1;0.999;0.999;0.9937;0.9535;0.1292;2.5564;2.7107;0.0163;-0.0012;0.3932;0.0161;0.0572;0.0126;0;0;0.088;2.0311;0;0;0;0;0;0;0;0;0;0;0;0;0.046;0.0169;2.1536;2.1536;0;66.071;66.071;44.901;0.0503;2332.3;923.36;1;0.0344;0.0344;0;0;0;0;0;0;2.1191;2.0311;0;15.842;18.345;14.942;17.302;98.401;98.401;21.559;18.161;17.129;3.3972;1.0326;0.1576;0.0479;0.7945;51.34;0.7458;0
20/10/21 12:00;63.112;26.61;23.85;77.204;12.796;90;12.796;704.69;362.3;342.39;21.36;4.74;0;351.11;258.37;103.24;0;1.7501;714.48;0;714.48;351.11;103.24;258.37;1.7501;0.4914;0.3641;0;0.0024;710.19;4.2829;0;0;2.8262;1.4567;699.06;10.425;0.289;0.085;9.9855;0.066;709.48;0.7102;0.3511;0.1032;0.2555;0.0003;699.41;350.47;103.05;245.31;0.2271;412.73;332.25;127.8;0.1889;4.4552;64.086;0.3557;68.353;0;1;0;0;1.0139;0.994;1;1;0.9891;0.1677;0.9853;0.9992;1;0.9609;0.7748;0.999;0.999;1;0.999;0.999;0.9784;0.9494;0.1298;2.0333;2.1294;0.0128;-0.0011;0.235;0.0132;0.0467;0.0108;0;0;0.088;1.6481;0;0;0;0;0;0;0;0;0;0;0;0;0.0376;0.0107;1.7637;1.7637;0;56.254;56.254;34.894;0.0499;1833.9;961.69;1;0.0276;0.0276;0;0;0;0;0;0;1.7361;1.6481;0;16.311;18.888;15.243;17.651;98.437;98.437;17.147;14.873;13.899;2.2743;0.9746;0.1326;0.0568;0.8105;156.08;0.7595;0
20/10/21 13:00;55.306;51.374;20.813;61.594;28.406;90;28.406;878.71;156.9;721.81;22.76;4.56;0;820.61;53.754;113.35;0;10.58;998.29;0;998.29;820.61;113.35;53.754;10.58;0.822;0.0644;0;0.0106;986.91;11.388;0;0;2.1862;9.2019;983.3;2.6168;0.5893;0.0814;1.6883;0.2577;985.92;0.9869;0.8206;0.1133;0.0516;0.0014;986.11;819.2;113.15;49.828;1.1189;473.35;381.05;148.82;0.676;4.9932;71.825;2.8048;76.142;0;1;0;0;1.1361;0.9886;1;1;0.9593;0.1302;0.9973;0.9993;1;0.9672;0.8128;0.999;0.999;1;0.999;0.999;0.985;0.927;0.1058;2.8411;2.9652;0.0179;0.0012;0.4981;0.0171;0.0608;0.0113;0;0;0.088;2.1647;0;0;0;0;0;0;0;0;0;0;0;0;0.049;0.0201;2.2898;2.2898;0;72.486;72.486;49.726;0.0506;2554.9;896.23;1;0.0371;0.0371;0;0;0;0;0;0;2.2527;2.1647;0;15.157;17.551;14.329;16.593;98.381;98.381;23.959;19.31;18.255;4.6488;1.0548;0.194;0.044;0.7619;35.051;0.723;0
20/10/21 14:00;44.72;67.502;15.777;46.986;43.014;90;43.014;837.7;138.2;699.5;22.67;4.3801;0;956.67;33.545;136.01;0;22.519;1148.7;0;1148.7;956.67;136.01;33.545;22.519;0.8328;0.0488;0;0.0196;1125.3;23.407;0;0;2.6001;20.806;1122.5;1.724;0.5208;0.074;1.0043;0.1248;1124.2;1.1253;0.9567;0.136;0.0309;0.0017;1128.2;955.19;135.8;29.91;1.5859;375.14;301.99;117.82;1.7593;4.0449;58.184;5.7261;60.469;0;1;0;0;1.3713;0.9796;1;1;0.9225;0.076;0.9985;0.9995;1;0.9675;0.927;0.999;0.999;1;0.999;0.999;0.9771;0.8916;0.0704;3.2692;3.3445;0.0201;0.0078;0.6487;0.0187;0.0662;0.0088;0;0;0.088;2.3611;0;0;0;0;0;0;0;0;0;0;0;0;0.0533;0.0254;2.4954;2.4903;0;79.787;79.787;57.117;0.0509;2846.1;875;1;0.0463;0.0412;0;0.005;0;0;0;0;2.4491;2.3611;0;14.325;16.588;13.582;15.727;98.146;98.344;27.57;21.001;19.911;6.5685;1.09;0.2382;0.0395;0.7222;24.523;0.6958;0
20/10/21 15:00;32.975;79.021;9.1934;33.46;56.54;90;56.54;457.4;231.5;225.9;23.19;4.2101;0;409.72;125.62;126.14;0;20.521;682;0;682;409.72;126.14;125.62;20.521;0.6008;0.2143;0;0.0301;648.29;33.712;0;0;14.489;19.223;643.58;4.0602;0.13;0.04;3.8252;0.0649;647.64;0.6483;0.4097;0.1261;0.1111;0.0013;648.74;409.18;125.97;107.2;1.232;180.69;145.45;59.747;17.004;2.8036;40.328;5.1604;26.127;0;1;0;0;1.491;0.9506;1;1;0.8847;0.0633;0.9937;0.9997;1;0.9655;0.9499;0.999;0.999;1;0.999;0.999;0.9437;0.8533;0.06;1.9409;1.9369;0.0117;0.0002;0.2076;0.012;0.0426;0.0068;0;0;0.088;1.4998;0;0;0;0;0;0;0;0;0;0;0;0;0.0343;0.009;1.6126;1.6126;0;55.297;55.297;32.107;0.0499;1668.9;966.22;1;0.0248;0.0248;0;0;0;0;0;0;1.5878;1.4998;0;15.624;18.093;14.531;16.827;98.462;98.462;16.368;13.599;12.648;2.7689;0.9513;0.1692;0.0581;0.7727;105.1;0.74;0
20/10/21 16:00;20.793;88.371;30.577;20.8;38.657;90;38.657;345.1;129.4;215.7;22.76;3.5999;0;523.13;64.547;138.03;0;7.561;733.26;0;733.26;523.13;138.03;64.547;7.561;0.7134;0.0983;0;0.0103;722.1;11.165;0;0;4.2665;6.8981;718.45;2.9249;0.718;0.1894;1.9469;0.0706;721.38;0.7221;0.5231;0.138;0.0603;0.0007;719.05;521.89;137.7;58.273;0.5917;46.794;37.669;15.009;2.3402;0.622;8.9479;0.5939;7.2298;0;1;0;0;2.1248;0.9848;1;1;0.9339;0.0877;0.9959;0.9986;1;0.9677;0.8934;0.999;0.999;1;0.999;0.999;0.9798;0.9028;0.0783;2.0868;2.0752;0.0125;-0.0008;0.2475;0.0127;0.0451;0.0015;0;0;0.088;1.5957;0;0;0;0;0;0;0;0;0;0;0;0;0.0363;0.0103;1.7101;1.7101;0;58.692;58.692;35.932;0.05;1792.3;954.14;1;0.0264;0.0264;0;0;0;0;0;0;1.6837;1.5957;0;15.411;17.846;14.38;16.652;98.455;98.455;17.598;14.422;13.457;3.1767;0.9649;0.1805;0.0548;0.7647;45.458;0.7577;0
20/10/21 17:00;8.5494;96.887;68.866;8.6106;12.681;90;12.681;47.703;47.003;0.7006;20.79;2.68;0;1.6992;46.271;0.3889;0;0.1164;48.476;0;48.476;1.6992;0.3889;46.271;0.1164;0.0351;0.9569;0;0.0024;47.88;0.5953;0;0;0.4985;0.0968;45.837;1.9957;0.1622;0.0371;1.7919;0.0044;47.833;0.0479;0.0017;0.0004;0.0458;0;45.859;1.5353;0.3514;43.935;0.0151;27.946;22.497;8.3508;0.0327;0.3226;4.641;0.0224;4.9309;0;1;0;0;1.0162;0.9877;1;1;0.9892;0.1677;0.9583;0.9044;1;0.9608;0.7747;0.999;0.999;1;0.999;0.999;0.9456;0.9495;0.1298;0.138;0.1405;0.0008;0.0129;-0.001;0.0009;0.0032;0.0008;0;0;0.088;0.0272;0;0;0;0;0;0;0;0;0;0;0;0;0.0026;0.0001;0.1202;0.1202;0;23.067;23.067;2.2767;0.0497;118.64;1013.3;1;0.005;0.005;0;0;0;0;0;0;0.1152;0.0272;0;16.387;18.976;3.713;4.2996;95.861;95.861;1.1634;1.0138;0.2297;0.1496;0.7841;0.1286;0.6739;0.1974;27.942;0.1842;0
20/10/21 18:00;1.2904;101.97;86.869;1.3191;1.8814;90;1.8814;0;0;0;17.4;2.98;0;0;0;0;0;0;0;0;0;0;0;0;0;1;1;1;1;0;0;0;0;0;0;0;0;0;0;0;0;0;0;0;0;0;0;0;0;0;0;0;0;0;0;0;0;0;0;0;0;0;0;0;1;1;1;1;1;1;1;1;1;1;1;1;1;1;1;1;1;1;1;0;0;0;0;0;0;0;0;0;0.0004;0.088;-0.0884;0;0;0;0;0;0;0;0;0;0;0;0;0;0;0;0;0;0;0;-17.4;0;0;0;0;0.0004;0;0;0;0;0;0;0;-0.0004;-0.0884;0;0;0;0;0;0;0;0;0;-0.7452;0;0.7452;1;1;0;0;0;0
20/10/21 19:00;0;0;90;0;0;90;0;0;0;0;14.88;3.5001;0;0;0;0;0;0;0;0;0;0;0;0;0;1;1;1;1;0;0;0;0;0;0;0;0;0;0;0;0;0;0;0;0;0;0;0;0;0;0;0;0;0;0;0;0;0;0;0;0;0;0;0;1;1;1;1;1;1;1;1;1;1;1;1;1;1;1;1;1;1;1;0;0;0;0;0;0;0;0;0;0.0004;0.088;-0.0884;0;0;0;0;0;0;0;0;0;0;0;0;0;0;0;0;0;0;0;-14.88;0;0;0;0;0.0004;0;0;0;0;0;0;0;-0.0004;-0.0884;0;0;0;0;0;0;0;0;0;-0.7452;0;0.7452;1;1;0;0;0;0
20/10/21 20:00;0;0;90;0;0;90;0;0;0;0;13.9;4.01;0;0;0;0;0;0;0;0;0;0;0;0;0;1;1;1;1;0;0;0;0;0;0;0;0;0;0;0;0;0;0;0;0;0;0;0;0;0;0;0;0;0;0;0;0;0;0;0;0;0;0;0;1;1;1;1;1;1;1;1;1;1;1;1;1;1;1;1;1;1;1;0;0;0;0;0;0;0;0;0;0.0004;0.088;-0.0884;0;0;0;0;0;0;0;0;0;0;0;0;0;0;0;0;0;0;0;-13.9;0;0;0;0;0.0004;0;0;0;0;0;0;0;-0.0004;-0.0884;0;0;0;0;0;0;0;0;0;-0.7452;0;0.7452;1;1;0;0;0;0
20/10/21 21:00;0;0;90;0;0;90;0;0;0;0;12.68;4.2201;0;0;0;0;0;0;0;0;0;0;0;0;0;1;1;1;1;0;0;0;0;0;0;0;0;0;0;0;0;0;0;0;0;0;0;0;0;0;0;0;0;0;0;0;0;0;0;0;0;0;0;0;1;1;1;1;1;1;1;1;1;1;1;1;1;1;1;1;1;1;1;0;0;0;0;0;0;0;0;0;0.0004;0.088;-0.0884;0;0;0;0;0;0;0;0;0;0;0;0;0;0;0;0;0;0;0;-12.68;0;0;0;0;0.0004;0;0;0;0;0;0;0;-0.0004;-0.0884;0;0;0;0;0;0;0;0;0;-0.7452;0;0.7452;1;1;0;0;0;0
20/10/21 22:00;0;0;90;0;0;90;0;0;0;0;11.73;4.2299;0;0;0;0;0;0;0;0;0;0;0;0;0;1;1;1;1;0;0;0;0;0;0;0;0;0;0;0;0;0;0;0;0;0;0;0;0;0;0;0;0;0;0;0;0;0;0;0;0;0;0;0;1;1;1;1;1;1;1;1;1;1;1;1;1;1;1;1;1;1;1;0;0;0;0;0;0;0;0;0;0.0004;0.088;-0.0884;0;0;0;0;0;0;0;0;0;0;0;0;0;0;0;0;0;0;0;-11.73;0;0;0;0;0.0004;0;0;0;0;0;0;0;-0.0004;-0.0884;0;0;0;0;0;0;0;0;0;-0.7452;0;0.7452;1;1;0;0;0;0
20/10/21 23:00;0;0;90;0;0;90;0;0;0;0;12.98;4.17;0;0;0;0;0;0;0;0;0;0;0;0;0;1;1;1;1;0;0;0;0;0;0;0;0;0;0;0;0;0;0;0;0;0;0;0;0;0;0;0;0;0;0;0;0;0;0;0;0;0;0;0;1;1;1;1;1;1;1;1;1;1;1;1;1;1;1;1;1;1;1;0;0;0;0;0;0;0;0;0;0.0004;0.088;-0.0884;0;0;0;0;0;0;0;0;0;0;0;0;0;0;0;0;0;0;0;-12.98;0;0;0;0;0.0004;0;0;0;0;0;0;0;-0.0004;-0.0884;0;0;0;0;0;0;0;0;0;-0.7452;0;0.7452;1;1;0;0;0;0
21/10/21 00:00;0;0;90;0;0;90;0;0;0;0;11.5;3.96;0;0;0;0;0;0;0;0;0;0;0;0;0;1;1;1;1;0;0;0;0;0;0;0;0;0;0;0;0;0;0;0;0;0;0;0;0;0;0;0;0;0;0;0;0;0;0;0;0;0;0;0;1;1;1;1;1;1;1;1;1;1;1;1;1;1;1;1;1;1;1;0;0;0;0;0;0;0;0;0;0.0004;0.088;-0.0884;0;0;0;0;0;0;0;0;0;0;0;0;0;0;0;0;0;0;0;-11.5;0;0;0;0;0.0004;0;0;0;0;0;0;0;-0.0004;-0.0884;0;0;0;0;0;0;0;0;0;-0.7452;0;0.7452;1;1;0;0;0;0
21/10/21 01:00;0;0;90;0;0;90;0;0;0;0;11.01;3.54;0;0;0;0;0;0;0;0;0;0;0;0;0;1;1;1;1;0;0;0;0;0;0;0;0;0;0;0;0;0;0;0;0;0;0;0;0;0;0;0;0;0;0;0;0;0;0;0;0;0;0;0;1;1;1;1;1;1;1;1;1;1;1;1;1;1;1;1;1;1;1;0;0;0;0;0;0;0;0;0;0.0004;0.088;-0.0884;0;0;0;0;0;0;0;0;0;0;0;0;0;0;0;0;0;0;0;-11.01;0;0;0;0;0.0004;0;0;0;0;0;0;0;-0.0004;-0.0884;0;0;0;0;0;0;0;0;0;-0.7452;0;0.7452;1;1;0;0;0;0
21/10/21 02:00;0;0;90;0;0;90;0;0;0;0;12.3;3.16;0;0;0;0;0;0;0;0;0;0;0;0;0;1;1;1;1;0;0;0;0;0;0;0;0;0;0;0;0;0;0;0;0;0;0;0;0;0;0;0;0;0;0;0;0;0;0;0;0;0;0;0;1;1;1;1;1;1;1;1;1;1;1;1;1;1;1;1;1;1;1;0;0;0;0;0;0;0;0;0;0.0004;0.088;-0.0884;0;0;0;0;0;0;0;0;0;0;0;0;0;0;0;0;0;0;0;-12.3;0;0;0;0;0.0004;0;0;0;0;0;0;0;-0.0004;-0.0884;0;0;0;0;0;0;0;0;0;-0.7452;0;0.7452;1;1;0;0;0;0
21/10/21 03:00;0;0;90;0;0;90;0;0;0;0;10.61;3.0901;0;0;0;0;0;0;0;0;0;0;0;0;0;1;1;1;1;0;0;0;0;0;0;0;0;0;0;0;0;0;0;0;0;0;0;0;0;0;0;0;0;0;0;0;0;0;0;0;0;0;0;0;1;1;1;1;1;1;1;1;1;1;1;1;1;1;1;1;1;1;1;0;0;0;0;0;0;0;0;0;0.0004;0.088;-0.0884;0;0;0;0;0;0;0;0;0;0;0;0;0;0;0;0;0;0;0;-10.61;0;0;0;0;0.0004;0;0;0;0;0;0;0;-0.0004;-0.0884;0;0;0;0;0;0;0;0;0;-0.7452;0;0.7452;1;1;0;0;0;0
21/10/21 04:00;0;0;90;0;0;90;0;0;0;0;9.9801;3.2501;0;0;0;0;0;0;0;0;0;0;0;0;0;1;1;1;1;0;0;0;0;0;0;0;0;0;0;0;0;0;0;0;0;0;0;0;0;0;0;0;0;0;0;0;0;0;0;0;0;0;0;0;1;1;1;1;1;1;1;1;1;1;1;1;1;1;1;1;1;1;1;0;0;0;0;0;0;0;0;0;0.0004;0.088;-0.0884;0;0;0;0;0;0;0;0;0;0;0;0;0;0;0;0;0;0;0;-9.9801;0;0;0;0;0.0004;0;0;0;0;0;0;0;-0.0004;-0.0884;0;0;0;0;0;0;0;0;0;-0.7452;0;0.7452;1;1;0;0;0;0
21/10/21 05:00;4.9651;-99.811;77.883;5.0384;7.2596;-90;-7.2596;72.298;11.9;60.397;9.0301;4.0799;0;146.48;5.8688;14.571;0;0.058;166.98;0;166.98;146.48;14.571;5.8688;0.058;0.8772;0.0355;0;0.0003;166.9;0.0731;0;0;0.0249;0.0482;125.68;41.057;37.115;3.692;0.2479;0.0022;166.74;0.1669;0.1465;0.0146;0.0058;0;125.68;109.22;10.864;5.5901;0.0076;3.8229;3.0774;1.0106;0.0005;0.0524;0.7543;0.0006;0.8063;0;1;0;0;2.3096;0.9996;1;1;0.9958;0.1686;0.7538;0.7464;1;0.9575;0.7761;0.999;0.999;1;0.999;0.999;0.7527;0.9525;0.1307;0.4752;0.3611;0.0022;0.017;-0.0128;0.0025;0.0088;0.0001;0;0;0.088;0.2398;0;0;0;0;0;0;0;0;0;0;0;0;0.0071;0.0005;0.3357;0.3357;0;15.163;15.163;6.1325;0.0488;308.44;1088.5;1;0.0079;0.0079;0;0;0;0;0;0;0.3278;0.2398;0;13.286;15.385;9.491;10.99;97.648;97.648;4.0075;2.8312;2.0225;1.1763;0.8087;0.2935;0.2018;0.5047;3.4975;0.503;0
21/10/21 06:00;15.937;-92.232;48.246;15.949;25.842;-90;-25.842;256.8;42.399;214.4;13.49;5.0199;0;519.99;17.526;58.089;0;2.568;598.17;0;598.17;519.99;58.089;17.526;2.568;0.8693;0.0336;0;0.0043;595.36;2.8072;0;0;0.6107;2.1965;587.37;7.3948;6.0814;0.6794;0.5605;0.0735;594.77;0.5954;0.52;0.0581;0.0169;0.0004;587.42;513.38;57.351;16.338;0.2976;12.411;9.9911;4.0307;0.1582;0.1317;1.8944;0.0524;1.8679;0;1;0;0;2.3293;0.9953;1;1;0.9652;0.1447;0.9876;0.9883;1;0.9668;0.8021;0.999;0.999;1;0.999;0.999;0.9819;0.9322;0.1159;1.7023;1.6845;0.0101;0.0028;0.1037;0.011;0.0389;0.0003;0;0;0.088;1.3681;0;0;0;0;0;0;0;0;0;0;0;0;0.0314;0.0069;1.4793;1.4793;0;42.494;42.494;29.004;0.0494;1451.7;1019;1;0.0232;0.0232;0;0;0;0;0;0;1.4561;1.3681;0;16.341;18.923;15.113;17.5;98.431;98.431;14.356;12.475;11.537;1.8813;0.9378;0.131;0.0653;0.8036;11.243;0.8017;0
21/10/21 07:00;28.184;-83.377;6.0646;28.344;60;-90;-60;425.4;96.6;328.81;17.39;5.5601;0;692.27;35.961;102.43;0;21.27;851.93;0;851.93;692.27;102.43;35.961;21.27;0.8126;0.0672;0;0.025;827.63;24.303;0;0;4.5053;19.798;825.43;1.3736;0.1449;0.0214;1.1118;0.0955;826.8;0.8276;0.6923;0.1024;0.0315;0.0015;828.34;691.43;102.31;30.312;1.3753;82.704;66.577;27.925;6.0173;1.1309;16.267;2.909;11.381;0;1;0;0;2.0026;0.9715;1;1;0.8747;0.0692;0.9983;0.9998;1;0.9646;0.9351;0.999;0.999;1;0.999;0.999;0.9689;0.8429;0.0647;2.4245;2.4025;0.0145;-0.002;0.2852;0.0147;0.0523;0.0027;0;0;0.088;1.8601;0;0;0;0;0;0;0;0;0;0;0;0;0.0421;0.0135;1.9796;1.9796;0;58.662;58.662;41.272;0.05;2074.1;954.44;1;0.0315;0.0315;0;0;0;0;0;0;1.9481;1.8601;0;15.354;17.78;14.428;16.707;98.408;98.408;20.446;16.694;15.686;3.7523;1.0078;0.1835;0.0493;0.7672;31.316;0.7564;0
21/10/21 08:00;40.184;-73.002;12.905;41.45;48.55;-90;-48.55;295.5;267.4;28.098;18.1;4.72;0;42.446;215.21;12.726;0;9.9889;280.37;0;280.37;42.446;12.726;215.21;9.9889;0.1514;0.8032;0;0.0356;251.27;29.1;0;0;19.833;9.2672;244.52;6.4972;0.0189;0.0057;6.4393;0.0333;251.02;0.2513;0.0424;0.0127;0.1954;0.0007;248.14;42.385;12.708;188.74;0.6877;179.53;144.52;60.533;17.089;2.7221;39.157;3.623;24.79;0;1;0;0;0.9488;0.8962;1;1;0.9078;0.0722;0.9741;0.9996;1;0.967;0.9539;0.999;0.999;1;0.999;0.999;0.8721;0.877;0.0688;0.7979;0.7884;0.0047;0.0149;0.0144;0.0053;0.0187;0.0071;0;0;0.088;0.6065;0;0;0;0;0;0;0;0;0;0;0;0;0.0151;0.0017;0.7064;0.7064;0;30.113;30.113;12.012;0.0491;673.22;1049.2;1;0.0119;0.0119;0;0;0;0;0;0;0.6945;0.6065;0;16.648;19.278;14.293;16.552;98.313;98.313;6.7288;5.9569;5.1143;0.7719;0.8426;0.1147;0.1252;0.7601;165.64;0.6881;0
21/10/21 09:00;51.408;-59.212;18.62;55.566;34.434;-90;-34.434;499.11;352.3;146.81;19.36;3.8;0;178;277.76;58.043;0;8.7455;522.54;0;522.54;178;58.043;277.76;8.7455;0.3406;0.5483;0;0.0167;499.47;23.071;0;0;15.279;7.792;490.21;8.7628;0.1144;0.0373;8.4751;0.1361;498.97;0.4995;0.178;0.058;0.2625;0.001;492.84;177.71;57.948;253.74;0.8164;286.92;230.97;92.295;6.7678;3.3041;47.528;2.6271;44.064;0;1;0;0;1.047;0.9558;1;1;0.945;0.109;0.9824;0.9994;1;0.9677;0.8571;0.999;0.999;1;0.999;0.999;0.9381;0.9135;0.0934;1.4871;1.5052;0.0091;0.0051;0.099;0.0097;0.0346;0.0083;0;0;0.088;1.1978;0;0;0;0;0;0;0;0;0;0;0;0;0.0278;0.0056;1.306;1.306;0;43.607;43.607;24.247;0.0495;1293.7;1009.5;1;0.0201;0.0201;0;0;0;0;0;0;1.2858;1.1978;0;16.515;19.124;15.148;17.541;98.459;98.459;12.541;11.013;10.102;1.5276;0.9118;0.1218;0.0727;0.8055;189.08;0.7541;0
21/10/21 10:00;60.704;-38.499;22.517;70.747;19.253;-90;-19.253;524.7;404.4;120.3;20.3;3.1199;0;127.43;353.86;42.748;0;2.9345;526.97;0;526.97;127.43;42.748;353.86;2.9345;0.2418;0.6771;0;0.0056;516.85;10.117;0;0;7.6705;2.4465;504;12.34;0.099;0.0332;12.1;0.1077;516.34;0.5169;0.1274;0.0427;0.3462;0.0005;504.71;127.2;42.672;333.74;0.3799;309.93;249.49;95.064;1.105;3.4669;49.869;0.7076;52.231;0;1;0;0;1.0043;0.9808;1;1;0.9783;0.1663;0.9761;0.9992;1;0.965;0.7792;0.999;0.999;1;0.999;0.999;0.9564;0.9432;0.1295;1.4997;1.5439;0.0093;0.0046;0.1106;0.0099;0.0352;0.0087;0;0;0.088;1.2229;0;0;0;0;0;0;0;0;0;0;0;0;0.0284;0.0059;1.3313;1.3313;0;45.26;45.26;24.96;0.0495;1326.9;1003.3;1;0.0204;0.0204;0;0;0;0;0;0;1.3109;1.2229;0;16.693;19.331;15.334;17.757;98.468;98.468;12.647;11.227;10.313;1.4206;0.9141;0.1123;0.0723;0.8154;219.09;0.7615;0
21/10/21 11:00;65.583;-7.3085;24.206;86.695;3.3053;-90;-3.3053;700.39;372.9;327.49;21.07;2.59;0;328.04;275.64;97.189;0;0.1165;700.99;0;700.99;328.04;97.189;275.64;0.1165;0.468;0.3934;0;0.0002;700.55;0.4397;0;0;0.3426;0.0971;687.28;12.568;0.274;0.0812;12.208;0.0043;699.85;0.7005;0.328;0.0972;0.2753;0;687.28;327.44;97.011;262.82;0.015;413.45;332.82;128.16;-0.0014;4.4418;63.894;-0.0018;68.337;0;1;0;0;1.0008;0.9994;1;1;0.9988;0.1662;0.982;0.9992;1;0.9556;0.7776;0.999;0.999;1;0.999;0.999;0.9804;0.9535;0.1291;1.995;2.0943;0.0126;-0.0009;0.2244;0.013;0.0461;0.0108;0;0;0.088;1.6255;0;0;0;0;0;0;0;0;0;0;0;0;0.0372;0.0104;1.7407;1.7407;0;55.352;55.352;34.282;0.0499;1803.3;965.3;1;0.0272;0.0272;0;0;0;0;0;0;1.7135;1.6255;0;16.409;19.002;15.323;17.744;98.437;98.437;16.824;14.68;13.708;2.1438;0.9716;0.1274;0.0577;0.8148;163.4;0.7628;0
21/10/21 12:00;63.427;26.989;23.492;77.211;12.789;90;12.789;932.6;172.9;759.7;21.44;2.05;0;779.03;65.821;108.95;0;2.3136;956.12;0;956.12;779.03;108.95;65.821;2.3136;0.8148;0.0713;0;0.0024;953.47;2.6449;0;0;0.7193;1.9256;949.17;3.3512;0.6315;0.0883;2.5441;0.0873;952.52;0.9535;0.779;0.109;0.0651;0.0004;949.64;777.62;108.76;62.492;0.3003;541.37;435.8;170.5;0.0485;5.6446;81.196;0.4766;86.792;0;1;0;0;1.0252;0.9972;1;1;0.9891;0.1677;0.9965;0.9992;1;0.9609;0.7748;0.999;0.999;1;0.999;0.999;0.9927;0.9494;0.1298;2.721;2.8796;0.0173;0.0002;0.4509;0.0169;0.0599;0.0129;0;0;0.088;2.1298;0;0;0;0;0;0;0;0;0;0;0;0;0.0482;0.019;2.2544;2.2544;0;69.314;69.314;47.874;0.0504;2479.1;909.35;1;0.0365;0.0365;0;0;0;0;0;0;2.2178;2.1298;0;15.581;18.042;14.72;17.045;98.379;98.379;22.947;19.011;17.961;3.9354;1.0503;0.1715;0.0458;0.7827;39.761;0.7359;0
21/10/21 13:00;55.55;51.837;20.46;61.659;28.341;90;28.341;465.51;391.7;73.81;21.27;1.56;0;83.862;344.38;28.819;0;5.5798;462.64;0;462.64;83.862;28.819;344.38;5.5798;0.1813;0.7564;0;0.0121;443.83;18.807;0;0;13.955;4.8516;432.35;11.036;0.0592;0.0203;10.82;0.1365;443.39;0.4438;0.0839;0.0288;0.3304;0.0007;433.97;83.719;28.77;319.27;0.5911;277.4;223.31;86.7;4.2807;3.2122;46.206;1.6159;45.138;0;1;0;0;0.9938;0.9593;1;1;0.9595;0.1305;0.9751;0.9993;1;0.9672;0.8124;0.999;0.999;1;0.999;0.999;0.9345;0.9271;0.1059;1.3166;1.3342;0.008;0.0074;0.0836;0.0086;0.0307;0.0081;0;0;0.088;1.0525;0;0;0;0;0;0;0;0;0;0;0;0;0.0247;0.0045;1.1585;1.1585;0;42.652;42.652;21.382;0.0495;1146.4;1010.6;1;0.018;0.018;0;0;0;0;0;0;1.1405;1.0525;0;16.547;19.161;15.034;17.409;98.448;98.448;11.103;9.7699;8.8762;1.3335;0.8937;0.1201;0.0805;0.7994;224.46;0.7438;0
21/10/21 14:00;44.916;67.925;15.434;47.095;42.905;90;42.905;870.5;143.6;726.9;22.31;1.06;0;992.37;31.746;146.02;0;23.287;1193.4;0;1193.4;992.37;146.02;31.746;23.287;0.8315;0.0461;0;0.0195;1169.5;23.963;0;0;2.4515;21.511;1166.6;1.6875;0.5285;0.0778;0.9506;0.1306;1168.3;1.1695;0.9924;0.146;0.0293;0.0018;1172.5;990.85;145.79;28.315;1.6436;389.95;313.91;122.47;1.651;4.1934;60.321;5.9149;62.863;0;1;0;0;1.371;0.9799;1;1;0.9228;0.0763;0.9986;0.9995;1;0.9675;0.9264;0.999;0.999;1;0.999;0.999;0.9775;0.8919;0.0706;3.3964;3.4755;0.0209;0.011;0.6986;0.0192;0.0681;0.009;0;0;0.088;2.4249;0;0;0;0;0;0;0;0;0;0;0;0;0.0549;0.0273;2.5664;2.5557;0;81.775;81.775;59.465;0.051;2920.8;875;1;0.0535;0.0428;0;0.0108;0;0;0;0;2.5129;2.4249;0;14.151;16.386;13.427;15.548;97.914;98.327;28.642;21.552;20.449;7.0899;1.1028;0.2475;0.0385;0.714;23.185;0.6879;0
21/10/21 15:00;33.148;79.396;8.8632;33.601;56.399;90;56.399;533.1;166.2;366.9;22.61;0.5401;0;662.98;66.424;145.78;0;23.808;899;0;899;662.98;145.78;66.424;23.808;0.7375;0.1004;0;0.0265;869.06;29.936;0;0;7.6336;22.302;865.85;2.3435;0.2028;0.0446;2.0216;0.0745;868.2;0.8691;0.663;0.1458;0.0588;0.0015;870.71;662.12;145.59;56.71;1.4298;171.23;137.84;54.525;8.9156;2.3248;33.442;4.8541;26.851;0;1;0;0;1.6864;0.9667;1;1;0.8851;0.0633;0.9973;0.9997;1;0.9656;0.9505;0.999;0.999;1;0.999;0.999;0.9631;0.8538;0.0601;2.5585;2.5581;0.0154;-0.0018;0.3725;0.0152;0.0539;0.0054;0;0;0.088;1.9189;0;0;0;0;0;0;0;0;0;0;0;0;0.0434;0.0152;2.0389;2.0389;0;66.169;66.169;43.559;0.0503;2205.9;924.31;1;0.032;0.032;0;0;0;0;0;0;2.0069;1.9189;0;14.987;17.354;14.104;16.333;98.43;98.43;21.576;17.194;16.182;4.3817;1.0121;0.2031;0.0469;0.75;55.486;0.7297;0
21/10/21 16:00;20.957;88.711;29.837;20.962;39.223;90;39.223;244.3;188.2;56.103;21.9;0.12;0;136.07;148.04;51.796;0;5.5043;341.41;0;341.41;136.07;51.796;148.04;5.5043;0.3985;0.4497;0;0.0161;326.37;15.041;0;0;10.008;5.0333;321.34;4.7019;0.1401;0.0533;4.4611;0.0474;326.04;0.3264;0.1361;0.0518;0.138;0.0005;322.64;135.79;51.69;133.44;0.4231;105.14;84.639;34.409;5.6387;1.3779;19.821;1.2996;15.56;0;1;0;0;1.3975;0.9559;1;1;0.9324;0.0856;0.9856;0.999;1;0.9676;0.8993;0.999;0.999;1;0.999;0.999;0.9412;0.9013;0.0769;0.9716;0.9628;0.0058;0.0127;0.0439;0.0063;0.0224;0.0035;0;0;0.088;0.7461;0;0;0;0;0;0;0;0;0;0;0;0;0.018;0.0025;0.8477;0.8477;0;37.757;37.757;15.856;0.0493;827.27;1024.7;1;0.0136;0.0136;0;0;0;0;0;0;0.8341;0.7461;0;16.407;18.999;14.441;16.722;98.398;98.398;8.1938;7.1488;6.2921;1.0451;0.8566;0.1275;0.1045;0.7679;104.76;0.7359;0
21/10/21 17:00;8.7171;97.208;68.435;8.7854;12.956;90;12.956;57.1;56.003;1.0967;20.57;0.7999;0;2.6598;55.001;0.711;0;0.1454;58.517;0;58.517;2.6598;0.711;55.001;0.1454;0.0455;0.9424;0;0.0025;57.781;0.7353;0;0;0.6143;0.121;55.292;2.4317;0.242;0.0647;2.1195;0.0055;57.724;0.0578;0.0027;0.0007;0.0544;0;55.32;2.4152;0.6456;52.212;0.0189;33.249;26.765;9.9397;0.042;0.3838;5.5203;0.0282;5.862;0;1;0;0;1.0248;0.9874;1;1;0.9888;0.1676;0.9579;0.9089;1;0.961;0.7748;0.999;0.999;1;0.999;0.999;0.9449;0.9493;0.1298;0.1665;0.1693;0.001;0.0139;-0.0011;0.0011;0.0039;0.001;0;0;0.088;0.0526;0;0;0;0;0;0;0;0;0;0;0;0;0.0031;0.0002;0.1463;0.1463;0;23.31;23.31;2.7406;0.0496;143.38;1020.3;1;0.0057;0.0057;0;0;0;0;0;0;0.1406;0.0526;0;16.52;19.13;5.9431;6.882;96.128;96.128;1.4044;1.2337;0.4438;0.1707;0.7899;0.1215;0.5624;0.316;33.242;0.2952;0
21/10/21 18:00;1.4648;102.28;86.446;1.4991;2.1387;90;2.1387;0;0;0;18.13;1.57;0;0;0;0;0;0;0;0;0;0;0;0;0;1;1;1;1;0;0;0;0;0;0;0;0;0;0;0;0;0;0;0;0;0;0;0;0;0;0;0;0;0;0;0;0;0;0;0;0;0;0;0;1;1;1;1;1;1;1;1;1;1;1;1;1;1;1;1;1;1;1;0;0;0;0;0;0;0;0;0;0.0004;0.088;-0.0884;0;0;0;0;0;0;0;0;0;0;0;0;0;0;0;0;0;0;0;-18.13;0;0;0;0;0.0004;0;0;0;0;0;0;0;-0.0004;-0.0884;0;0;0;0;0;0;0;0;0;-0.7452;0;0.7452;1;1;0;0;0;0
21/10/21 19:00;0;0;90;0;0;90;0;0;0;0;15;2.12;0;0;0;0;0;0;0;0;0;0;0;0;0;1;1;1;1;0;0;0;0;0;0;0;0;0;0;0;0;0;0;0;0;0;0;0;0;0;0;0;0;0;0;0;0;0;0;0;0;0;0;0;1;1;1;1;1;1;1;1;1;1;1;1;1;1;1;1;1;1;1;0;0;0;0;0;0;0;0;0;0.0004;0.088;-0.0884;0;0;0;0;0;0;0;0;0;0;0;0;0;0;0;0;0;0;0;-15;0;0;0;0;0.0004;0;0;0;0;0;0;0;-0.0004;-0.0884;0;0;0;0;0;0;0;0;0;-0.7452;0;0.7452;1;1;0;0;0;0
21/10/21 20:00;0;0;90;0;0;90;0;0;0;0;15.1;2.58;0;0;0;0;0;0;0;0;0;0;0;0;0;1;1;1;1;0;0;0;0;0;0;0;0;0;0;0;0;0;0;0;0;0;0;0;0;0;0;0;0;0;0;0;0;0;0;0;0;0;0;0;1;1;1;1;1;1;1;1;1;1;1;1;1;1;1;1;1;1;1;0;0;0;0;0;0;0;0;0;0.0004;0.088;-0.0884;0;0;0;0;0;0;0;0;0;0;0;0;0;0;0;0;0;0;0;-15.1;0;0;0;0;0.0004;0;0;0;0;0;0;0;-0.0004;-0.0884;0;0;0;0;0;0;0;0;0;-0.7452;0;0.7452;1;1;0;0;0;0
21/10/21 21:00;0;0;90;0;0;90;0;0;0;0;14.88;2.9599;0;0;0;0;0;0;0;0;0;0;0;0;0;1;1;1;1;0;0;0;0;0;0;0;0;0;0;0;0;0;0;0;0;0;0;0;0;0;0;0;0;0;0;0;0;0;0;0;0;0;0;0;1;1;1;1;1;1;1;1;1;1;1;1;1;1;1;1;1;1;1;0;0;0;0;0;0;0;0;0;0.0004;0.088;-0.0884;0;0;0;0;0;0;0;0;0;0;0;0;0;0;0;0;0;0;0;-14.88;0;0;0;0;0.0004;0;0;0;0;0;0;0;-0.0004;-0.0884;0;0;0;0;0;0;0;0;0;-0.7452;0;0.7452;1;1;0;0;0;0
21/10/21 22:00;0;0;90;0;0;90;0;0;0;0;13.74;3.2501;0;0;0;0;0;0;0;0;0;0;0;0;0;1;1;1;1;0;0;0;0;0;0;0;0;0;0;0;0;0;0;0;0;0;0;0;0;0;0;0;0;0;0;0;0;0;0;0;0;0;0;0;1;1;1;1;1;1;1;1;1;1;1;1;1;1;1;1;1;1;1;0;0;0;0;0;0;0;0;0;0.0004;0.088;-0.0884;0;0;0;0;0;0;0;0;0;0;0;0;0;0;0;0;0;0;0;-13.74;0;0;0;0;0.0004;0;0;0;0;0;0;0;-0.0004;-0.0884;0;0;0;0;0;0;0;0;0;-0.7452;0;0.7452;1;1;0;0;0;0
21/10/21 23:00;0;0;90;0;0;90;0;0;0;0;13.6;3.72;0;0;0;0;0;0;0;0;0;0;0;0;0;1;1;1;1;0;0;0;0;0;0;0;0;0;0;0;0;0;0;0;0;0;0;0;0;0;0;0;0;0;0;0;0;0;0;0;0;0;0;0;1;1;1;1;1;1;1;1;1;1;1;1;1;1;1;1;1;1;1;0;0;0;0;0;0;0;0;0;0.0004;0.088;-0.0884;0;0;0;0;0;0;0;0;0;0;0;0;0;0;0;0;0;0;0;-13.6;0;0;0;0;0.0004;0;0;0;0;0;0;0;-0.0004;-0.0884;0;0;0;0;0;0;0;0;0;-0.7452;0;0.7452;1;1;0;0;0;0
22/10/21 00:00;0;0;90;0;0;90;0;0;0;0;13.73;3.85;0;0;0;0;0;0;0;0;0;0;0;0;0;1;1;1;1;0;0;0;0;0;0;0;0;0;0;0;0;0;0;0;0;0;0;0;0;0;0;0;0;0;0;0;0;0;0;0;0;0;0;0;1;1;1;1;1;1;1;1;1;1;1;1;1;1;1;1;1;1;1;0;0;0;0;0;0;0;0;0;0.0004;0.088;-0.0884;0;0;0;0;0;0;0;0;0;0;0;0;0;0;0;0;0;0;0;-13.73;0;0;0;0;0.0004;0;0;0;0;0;0;0;-0.0004;-0.0884;0;0;0;0;0;0;0;0;0;-0.7452;0;0.7452;1;1;0;0;0;0
22/10/21 01:00;0;0;90;0;0;90;0;0;0;0;15.17;3.7;0;0;0;0;0;0;0;0;0;0;0;0;0;1;1;1;1;0;0;0;0;0;0;0;0;0;0;0;0;0;0;0;0;0;0;0;0;0;0;0;0;0;0;0;0;0;0;0;0;0;0;0;1;1;1;1;1;1;1;1;1;1;1;1;1;1;1;1;1;1;1;0;0;0;0;0;0;0;0;0;0.0004;0.088;-0.0884;0;0;0;0;0;0;0;0;0;0;0;0;0;0;0;0;0;0;0;-15.17;0;0;0;0;0.0004;0;0;0;0;0;0;0;-0.0004;-0.0884;0;0;0;0;0;0;0;0;0;-0.7452;0;0.7452;1;1;0;0;0;0
22/10/21 02:00;0;0;90;0;0;90;0;0;0;0;13.57;3.6799;0;0;0;0;0;0;0;0;0;0;0;0;0;1;1;1;1;0;0;0;0;0;0;0;0;0;0;0;0;0;0;0;0;0;0;0;0;0;0;0;0;0;0;0;0;0;0;0;0;0;0;0;1;1;1;1;1;1;1;1;1;1;1;1;1;1;1;1;1;1;1;0;0;0;0;0;0;0;0;0;0.0004;0.088;-0.0884;0;0;0;0;0;0;0;0;0;0;0;0;0;0;0;0;0;0;0;-13.57;0;0;0;0;0.0004;0;0;0;0;0;0;0;-0.0004;-0.0884;0;0;0;0;0;0;0;0;0;-0.7452;0;0.7452;1;1;0;0;0;0
22/10/21 03:00;0;0;90;0;0;90;0;0;0;0;12.57;3.7401;0;0;0;0;0;0;0;0;0;0;0;0;0;1;1;1;1;0;0;0;0;0;0;0;0;0;0;0;0;0;0;0;0;0;0;0;0;0;0;0;0;0;0;0;0;0;0;0;0;0;0;0;1;1;1;1;1;1;1;1;1;1;1;1;1;1;1;1;1;1;1;0;0;0;0;0;0;0;0;0;0.0004;0.088;-0.0884;0;0;0;0;0;0;0;0;0;0;0;0;0;0;0;0;0;0;0;-12.57;0;0;0;0;0.0004;0;0;0;0;0;0;0;-0.0004;-0.0884;0;0;0;0;0;0;0;0;0;-0.7452;0;0.7452;1;1;0;0;0;0
22/10/21 04:00;0;0;90;0;0;90;0;0;0;0;11.5;3.8;0;0;0;0;0;0;0;0;0;0;0;0;0;1;1;1;1;0;0;0;0;0;0;0;0;0;0;0;0;0;0;0;0;0;0;0;0;0;0;0;0;0;0;0;0;0;0;0;0;0;0;0;1;1;1;1;1;1;1;1;1;1;1;1;1;1;1;1;1;1;1;0;0;0;0;0;0;0;0;0;0.0004;0.088;-0.0884;0;0;0;0;0;0;0;0;0;0;0;0;0;0;0;0;0;0;0;-11.5;0;0;0;0;0.0004;0;0;0;0;0;0;0;-0.0004;-0.0884;0;0;0;0;0;0;0;0;0;-0.7452;0;0.7452;1;1;0;0;0;0
22/10/21 05:00;4.996;-100.22;77.807;5.0761;7.3152;-90;-7.3152;41.491;31.803;9.6883;10.97;4.5;0;23.497;29.126;6.2046;0;0.0338;58.861;0;58.861;23.497;6.2046;29.126;0.0338;0.3992;0.4954;0;0.0006;58.708;0.1533;0;0;0.1252;0.0281;49.956;8.6935;5.9037;1.5589;1.2295;0.0013;58.649;0.0587;0.0235;0.0062;0.029;0;49.959;17.57;4.6395;27.742;0.0044;17.419;14.023;5.1834;0.0023;0.2013;2.8962;0.0029;3.0952;0;1;0;0;1.4186;0.9974;1;1;0.9957;0.1686;0.8518;0.7485;1;0.9576;0.776;0.999;0.999;1;0.999;0.999;0.8487;0.9525;0.1307;0.1675;0.1487;0.0009;0.0132;-0.0063;0.001;0.0035;0.0005;0;0;0.088;0.0393;0;0;0;0;0;0;0;0;0;0;0;0;0.0028;0.0001;0.133;0.133;0;13.428;13.428;2.4585;0.0492;125.64;1058.5;1;0.0057;0.0057;0;0;0;0;0;0;0.1273;0.0393;0;14.93;17.288;4.4072;5.1035;95.692;95.692;1.4127;1.1215;0.3311;0.2912;0.7904;0.2061;0.5595;0.2344;17.359;0.226;0
22/10/21 06:00;16.164;-92.517;47.534;16.178;26.334;-90;-26.334;235.9;49.098;186.8;16.08;4.25;0;453.05;23.964;57.776;0;2.4481;537.24;0;537.24;453.05;57.776;23.964;2.4481;0.8433;0.0492;0;0.0046;534.28;2.9595;0;0;0.8607;2.0988;527.15;6.5938;5.1102;0.6517;0.7636;0.0683;533.74;0.5343;0.453;0.0578;0.0231;0.0003;527.22;447.48;57.067;22.316;0.2807;16.452;13.244;5.266;0.2309;0.181;2.603;0.0752;2.5531;0;1;0;0;2.2774;0.9945;1;1;0.9641;0.1427;0.9876;0.9887;1;0.9669;0.8044;0.999;0.999;1;0.999;0.999;0.9812;0.9313;0.1147;1.5289;1.5136;0.0091;0.005;0.0915;0.0099;0.035;0.0005;0;0;0.088;1.2203;0;0;0;0;0;0;0;0;0;0;0;0;0.0282;0.0057;1.329;1.329;0;42.113;42.113;26.033;0.0494;1304.7;1018.6;1;0.0206;0.0206;0;0;0;0;0;0;1.3083;1.2203;0;16.346;18.928;15.01;17.381;98.449;98.449;12.894;11.207;10.291;1.6863;0.916;0.1308;0.071;0.7982;15.42;0.7953;0
22/10/21 07:00;28.413;-83.685;5.7348;28.559;60;-90;-60;455.1;81.699;373.4;18.61;3.54;0;780.81;26.506;96.94;0;22.755;927.02;0;927.02;780.81;96.94;26.506;22.755;0.8423;0.0531;0;0.0245;902.51;24.501;0;0;3.3207;21.18;900.52;1.0953;0.1545;0.0192;0.8195;0.1021;901.61;0.9025;0.7808;0.0969;0.0232;0.0016;903.63;779.88;96.824;22.342;1.4713;82.693;66.568;26.828;4.437;1.0991;15.81;3.1112;12.472;0;1;0;0;2.037;0.9736;1;1;0.8747;0.0692;0.9988;0.9998;1;0.9646;0.9351;0.999;0.999;1;0.999;0.999;0.9714;0.8429;0.0647;2.6382;2.617;0.0158;-0.0017;0.3586;0.0157;0.0557;0.0026;0;0;0.088;1.9879;0;0;0;0;0;0;0;0;0;0;0;0;0.0449;0.0159;2.1095;2.1095;0;63.825;63.825;45.215;0.0502;2258.1;934.2;1;0.0336;0.0336;0;0;0;0;0;0;2.0759;1.9879;0;15.037;17.412;14.17;16.409;98.407;98.407;22.248;17.79;16.764;4.4587;1.0256;0.2004;0.0461;0.7535;23.082;0.744;0
22/10/21 08:00;40.427;-73.342;12.604;41.643;48.357;-90;-48.357;655.09;111.3;543.79;20.85;2.66;0;818.36;36.464;101.56;0;21.979;978.37;0;978.37;818.36;101.56;36.464;21.979;0.8365;0.0597;0;0.0225;954.64;23.727;0;0;3.3411;20.386;952.12;1.5653;0.3559;0.0442;1.0909;0.0743;953.69;0.9546;0.8184;0.1016;0.0331;0.0016;957.24;817.19;101.42;31.999;1.5169;261.84;210.78;80.412;2.8609;3.048;43.845;5.1202;44.032;0;1;0;0;1.4935;0.9757;1;1;0.9084;0.0725;0.9984;0.9996;1;0.967;0.9533;0.999;0.999;1;0.999;0.999;0.9732;0.8775;0.069;2.7844;2.8266;0.017;-0.0003;0.4381;0.0166;0.0589;0.007;0;0;0.088;2.0997;0;0;0;0;0;0;0;0;0;0;0;0;0.0474;0.0184;2.2235;2.2235;0;68.854;68.854;48.005;0.0504;2436.1;912.73;1;0.0359;0.0359;0;0;0;0;0;0;2.1877;2.0997;0;15.018;17.39;14.181;16.421;98.386;98.386;23.481;18.751;17.707;4.7295;1.0447;0.2014;0.0445;0.7541;28.013;0.7296;0
22/10/21 09:00;51.681;-59.578;18.299;55.726;34.274;-90;-34.274;823.31;136.2;687.11;22.54;2.2201;0;831.49;45.614;104.37;0;14.296;995.77;0;995.77;831.49;104.37;45.614;14.296;0.835;0.0602;0;0.0144;980.56;15.219;0;0;2.4909;12.728;977.37;2.2094;0.525;0.0659;1.3926;0.2259;979.57;0.9806;0.8315;0.1044;0.0431;0.0016;981.16;830.14;104.2;41.687;1.3407;420.38;338.41;136.44;1.097;4.1892;60.259;3.7928;63.352;0;1;0;0;1.2095;0.9847;1;1;0.9454;0.1097;0.9977;0.9994;1;0.9677;0.8558;0.999;0.999;1;0.999;0.999;0.9815;0.9139;0.0938;2.8339;2.9279;0.0176;0.0007;0.4862;0.017;0.0602;0.0095;0;0;0.088;2.1439;0;0;0;0;0;0;0;0;0;0;0;0;0.0485;0.0197;2.2686;2.2686;0;71.944;71.944;49.404;0.0505;2523.5;898.97;1;0.0366;0.0366;0;0;0;0;0;0;2.2319;2.1439;0;15.054;17.433;14.227;16.475;98.385;98.385;23.899;19.131;18.08;4.7673;1.0511;0.1995;0.044;0.7565;31.014;0.7237;0
22/10/21 10:00;61.025;-38.811;22.177;70.86;19.14;-90;-19.14;933.89;154.3;779.59;23.64;1.94;0;825.21;53.359;105.24;0;5.1626;988.97;0;988.97;825.21;105.24;53.359;5.1626;0.8344;0.0592;0;0.0052;983.52;5.4486;0;0;1.1453;4.3033;979.81;2.7303;0.6315;0.0805;1.8285;0.1897;982.54;0.9835;0.8252;0.1052;0.0522;0.0009;981.05;823.75;105.06;50.333;0.6688;530.27;426.87;165.23;0.1644;5.6518;81.298;1.2441;86.786;0;1;0;0;1.059;0.9945;1;1;0.9785;0.1664;0.9972;0.9992;1;0.9649;0.7791;0.999;0.999;1;0.999;0.999;0.9907;0.9433;0.1295;2.8145;2.9697;0.0179;0.0012;0.5068;0.0171;0.0607;0.0127;0;0;0.088;2.1594;0;0;0;0;0;0;0;0;0;0;0;0;0.0489;0.0202;2.2843;2.2843;0;73.219;73.219;49.579;0.0506;2558.1;892.95;1;0.0369;0.0369;0;0;0;0;0;0;2.2474;2.1594;0;15.263;17.674;14.429;16.708;98.386;98.386;23.735;19.264;18.211;4.4716;1.0531;0.1884;0.0444;0.7672;33.02;0.7228;0
22/10/21 11:00;65.938;-7.3102;23.854;86.748;3.2518;-90;-3.2518;1001.3;164.9;836.4;24.19;1.6601;0;837.75;55.637;109.4;0;0.1612;1002.9;0;1002.9;837.75;109.4;55.637;0.1612;0.8353;0.0556;0;0.0002;1002.7;0.2019;0;0;0.0675;0.1344;998.49;3.251;0.6896;0.09;2.4654;0.006;1001.7;1.0027;0.8378;0.1094;0.0556;0;998.49;836.22;109.2;53.049;0.0208;589.98;474.94;187.41;-0.0003;6.0443;86.945;0.0003;92.99;0;1;0;0;1.0016;0.9998;1;1;0.9988;0.1662;0.9968;0.9992;1;0.9556;0.7776;0.999;0.999;1;0.999;0.999;0.9956;0.9535;0.1291;2.8543;3.0309;0.0183;0.0021;0.5341;0.0173;0.0615;0.0135;0;0;0.088;2.1882;0;0;0;0;0;0;0;0;0;0;0;0;0.0495;0.021;2.3136;2.3136;0;74.78;74.78;50.59;0.0507;2610.6;886.24;1;0.0374;0.0374;0;0;0;0;0;0;2.2762;2.1882;0;15.243;17.652;14.417;16.695;98.383;98.383;24.071;19.511;18.454;4.5596;1.0575;0.1894;0.0439;0.7666;32.98;0.7199;0
22/10/21 12:00;63.739;27.368;23.137;77.221;12.779;90;12.779;996.4;164.1;832.3;24.9;1.2899;0;853.44;53.307;112.92;0;2.468;1022.1;0;1022.1;853.44;112.92;53.307;2.468;0.835;0.0546;0;0.0024;1019.5;2.6359;0;0;0.5818;2.0542;1015.6;2.9254;0.6814;0.0902;2.0608;0.0931;1018.5;1.0195;0.8534;0.1129;0.0527;0.0004;1016.1;851.91;112.72;50.612;0.3203;578.13;465.39;182.25;0.0393;6.0155;86.531;0.5086;92.507;0;1;0;0;1.0258;0.9974;1;1;0.9891;0.1677;0.9971;0.9992;1;0.9609;0.7748;0.999;0.999;1;0.999;0.999;0.9936;0.9494;0.1298;2.9089;3.0804;0.0186;0.0028;0.5611;0.0175;0.062;0.0133;0;0;0.088;2.2078;0;0;0;0;0;0;0;0;0;0;0;0;0.05;0.0216;2.3335;2.3335;0;76.426;76.426;51.525;0.0507;2653.2;879.48;1;0.0377;0.0377;0;0;0;0;0;0;2.2958;2.2078;0;15.086;17.469;14.273;16.528;98.384;98.384;24.531;19.678;18.618;4.8528;1.0601;0.1978;0.0432;0.759;32.2;0.7137;0
22/10/21 13:00;55.791;52.298;20.11;61.726;28.275;90;28.275;911.99;151.8;760.2;25.58;0.91;0;863.18;47.866;114.56;0;10.881;1036.5;0;1036.5;863.18;114.56;47.866;10.881;0.8328;0.0567;0;0.0105;1025.1;11.39;0;0;1.9324;9.4579;1021.6;2.4503;0.599;0.0795;1.5046;0.2672;1024.1;1.0251;0.8632;0.1146;0.0459;0.0014;1024.5;861.72;114.37;44.383;1.1546;491.1;395.34;154.38;0.5927;5.1746;74.435;2.8773;79.017;0;1;0;0;1.1365;0.989;1;1;0.9596;0.1308;0.9976;0.9993;1;0.9672;0.812;0.999;0.999;1;0.999;0.999;0.9857;0.9272;0.1061;2.9498;3.0803;0.0186;0.0028;0.5727;0.0174;0.0617;0.0114;0;0;0.088;2.1989;0;0;0;0;0;0;0;0;0;0;0;0;0.0497;0.0217;2.3243;2.3243;0;77.458;77.458;51.878;0.0508;2656.3;875;1;0.0374;0.0374;0;0;0;0;0;0;2.2869;2.1989;0;14.818;17.159;14.019;16.233;98.391;98.391;24.876;19.601;18.544;5.2749;1.0574;0.212;0.0425;0.7454;31.185;0.7074;0
22/10/21 14:00;45.111;68.344;15.096;47.206;42.794;90;42.794;735.79;157.1;578.69;26.06;0.66;0;788.62;55.754;126.44;0;19.587;990.41;0;990.41;788.62;126.44;55.754;19.587;0.7963;0.0761;0;0.0198;968.03;22.378;0;0;4.2892;18.089;964.8;2.2576;0.4108;0.0659;1.6698;0.1112;967.06;0.968;0.7886;0.1264;0.0515;0.0015;969.88;787.42;126.25;49.744;1.3854;336.7;271.04;106.16;2.8686;3.6875;53.044;5.0776;53.863;0;1;0;0;1.346;0.9774;1;1;0.9231;0.0765;0.9977;0.9995;1;0.9675;0.9257;0.999;0.999;1;0.999;0.999;0.9741;0.8922;0.0707;2.8186;2.8812;0.0174;0.0002;0.5103;0.0165;0.0584;0.0082;0;0;0.088;2.0812;0;0;0;0;0;0;0;0;0;0;0;0;0.0471;0.0191;2.204;2.204;0;74.949;74.949;48.889;0.0507;2484.5;887.12;1;0.0349;0.0349;0;0;0;0;0;0;2.1692;2.0812;0;14.705;17.028;13.885;16.079;98.418;98.418;23.77;18.587;17.551;5.183;1.0361;0.2181;0.0436;0.7384;40.68;0.7099;0
22/10/21 15:00;33.32;79.767;8.5368;33.743;56.257;90;56.257;541.79;161.1;380.7;26;0.6;0;685.36;62.505;145.33;0;24.084;917.28;0;917.28;685.36;145.33;62.505;24.084;0.7472;0.0944;0;0.0263;887.57;29.718;0;0;7.1571;22.561;884.46;2.2206;0.2019;0.0428;1.9013;0.0746;886.68;0.8876;0.6854;0.1453;0.0553;0.0015;889.49;684.47;145.15;53.391;1.4471;172.72;139.04;53.652;8.3157;2.3887;34.36;5.0341;28.433;0;1;0;0;1.6931;0.9676;1;1;0.8855;0.0632;0.9975;0.9997;1;0.9656;0.951;0.999;0.999;1;0.999;0.999;0.9642;0.8542;0.0601;2.6105;2.6137;0.0157;-0.0017;0.4231;0.0152;0.054;0.0054;0;0;0.088;1.9228;0;0;0;0;0;0;0;0;0;0;0;0;0.0435;0.0158;2.0425;2.0425;0;70.66;70.66;44.66;0.0505;2252.9;906.59;1;0.0317;0.0317;0;0;0;0;0;0;2.0108;1.9228;0;14.714;17.038;13.851;16.039;98.447;98.447;22.015;17.225;16.215;4.7903;1.0097;0.2176;0.0459;0.7365;52.131;0.7165;0
22/10/21 16:00;21.122;89.049;29.08;21.124;39.808;90;39.808;315.5;161.3;154.2;25.6;0.7101;0;373.98;98.482;121.05;0;7.3137;600.82;0;600.82;373.98;121.05;98.482;7.3137;0.6224;0.1761;0;0.0122;587.31;13.515;0;0;6.8112;6.7037;583.2;3.5194;0.3753;0.1215;2.9651;0.0575;586.72;0.5873;0.374;0.121;0.0917;0.0006;584.1;373.23;120.8;88.614;0.5518;71.038;57.186;23.418;3.9474;0.9289;13.362;0.8991;10.344;0;1;0;0;1.9043;0.9775;1;1;0.9308;0.0834;0.994;0.999;1;0.9676;0.9056;0.999;0.999;1;0.999;0.999;0.9707;0.8998;0.0755;1.7099;1.6979;0.0102;0.0027;0.1789;0.0105;0.0374;0.0023;0;0;0.088;1.3096;0;0;0;0;0;0;0;0;0;0;0;0;0.0301;0.007;1.4188;1.4188;0;54.69;54.69;29.09;0.0499;1463.7;969.29;1;0.0212;0.0212;0;0;0;0;0;0;1.3976;1.3096;0;15.604;18.069;14.403;16.678;98.507;98.507;14.42;11.965;11.044;2.4552;0.9208;0.1703;0.0639;0.7659;70.038;0.7533;0
22/10/21 17:00;8.8854;97.524;68;8.9614;13.235;90;13.235;97.302;87.4;9.9019;24.4;1.1001;0;24.015;82.242;9.8256;0;0.2584;116.34;0;116.34;24.015;9.8256;82.242;0.2584;0.2064;0.7091;0;0.0022;115.17;1.1673;0;0;0.9521;0.2151;108.96;6.096;2.0813;0.8516;3.1534;0.0097;115.06;0.1152;0.024;0.0098;0.0813;0;109.01;21.91;8.9642;78.055;0.0335;49.818;40.104;14.91;0.0679;0.5742;8.2603;0.0446;8.7667;0;1;0;0;1.1957;0.99;1;1;0.9884;0.1676;0.947;0.9132;1;0.9612;0.7748;0.999;0.999;1;0.999;0.999;0.9366;0.9491;0.1297;0.3311;0.3284;0.002;0.0168;0.0058;0.0021;0.0075;0.0015;0;0;0.088;0.1916;0;0;0;0;0;0;0;0;0;0;0;0;0.0061;0.0004;0.2863;0.2863;0;29.791;29.791;5.3903;0.0495;280.24;1021.5;1;0.0067;0.0067;0;0;0;0;0;0;0.2796;0.1916;0;16.26;18.828;10.881;12.599;97.657;97.657;2.7922;2.4142;1.6155;0.378;0.7987;0.1354;0.286;0.5786;49.75;0.5494;0
22/10/21 18:00;1.4406;102.73;86.504;1.4769;2.1069;90;2.1069;0;0;0;19.55;1.7401;0;0;0;0;0;0;0;0;0;0;0;0;0;1;1;1;1;0;0;0;0;0;0;0;0;0;0;0;0;0;0;0;0;0;0;0;0;0;0;0;0;0;0;0;0;0;0;0;0;0;0;0;1;1;1;1;1;1;1;1;1;1;1;1;1;1;1;1;1;1;1;0;0;0;0;0;0;0;0;0;0.0004;0.088;-0.0884;0;0;0;0;0;0;0;0;0;0;0;0;0;0;0;0;0;0;0;-19.55;0;0;0;0;0.0004;0;0;0;0;0;0;0;-0.0004;-0.0884;0;0;0;0;0;0;0;0;0;-0.7452;0;0.7452;1;1;0;0;0;0
22/10/21 19:00;0;0;90;0;0;90;0;0;0;0;15.84;2.33;0;0;0;0;0;0;0;0;0;0;0;0;0;1;1;1;1;0;0;0;0;0;0;0;0;0;0;0;0;0;0;0;0;0;0;0;0;0;0;0;0;0;0;0;0;0;0;0;0;0;0;0;1;1;1;1;1;1;1;1;1;1;1;1;1;1;1;1;1;1;1;0;0;0;0;0;0;0;0;0;0.0004;0.088;-0.0884;0;0;0;0;0;0;0;0;0;0;0;0;0;0;0;0;0;0;0;-15.84;0;0;0;0;0.0004;0;0;0;0;0;0;0;-0.0004;-0.0884;0;0;0;0;0;0;0;0;0;-0.7452;0;0.7452;1;1;0;0;0;0
22/10/21 20:00;0;0;90;0;0;90;0;0;0;0;14.99;2.84;0;0;0;0;0;0;0;0;0;0;0;0;0;1;1;1;1;0;0;0;0;0;0;0;0;0;0;0;0;0;0;0;0;0;0;0;0;0;0;0;0;0;0;0;0;0;0;0;0;0;0;0;1;1;1;1;1;1;1;1;1;1;1;1;1;1;1;1;1;1;1;0;0;0;0;0;0;0;0;0;0.0004;0.088;-0.0884;0;0;0;0;0;0;0;0;0;0;0;0;0;0;0;0;0;0;0;-14.99;0;0;0;0;0.0004;0;0;0;0;0;0;0;-0.0004;-0.0884;0;0;0;0;0;0;0;0;0;-0.7452;0;0.7452;1;1;0;0;0;0
22/10/21 21:00;0;0;90;0;0;90;0;0;0;0;14.65;3.1899;0;0;0;0;0;0;0;0;0;0;0;0;0;1;1;1;1;0;0;0;0;0;0;0;0;0;0;0;0;0;0;0;0;0;0;0;0;0;0;0;0;0;0;0;0;0;0;0;0;0;0;0;1;1;1;1;1;1;1;1;1;1;1;1;1;1;1;1;1;1;1;0;0;0;0;0;0;0;0;0;0.0004;0.088;-0.0884;0;0;0;0;0;0;0;0;0;0;0;0;0;0;0;0;0;0;0;-14.65;0;0;0;0;0.0004;0;0;0;0;0;0;0;-0.0004;-0.0884;0;0;0;0;0;0;0;0;0;-0.7452;0;0.7452;1;1;0;0;0;0
22/10/21 22:00;0;0;90;0;0;90;0;0;0;0;12.81;3.39;0;0;0;0;0;0;0;0;0;0;0;0;0;1;1;1;1;0;0;0;0;0;0;0;0;0;0;0;0;0;0;0;0;0;0;0;0;0;0;0;0;0;0;0;0;0;0;0;0;0;0;0;1;1;1;1;1;1;1;1;1;1;1;1;1;1;1;1;1;1;1;0;0;0;0;0;0;0;0;0;0.0004;0.088;-0.0884;0;0;0;0;0;0;0;0;0;0;0;0;0;0;0;0;0;0;0;-12.81;0;0;0;0;0.0004;0;0;0;0;0;0;0;-0.0004;-0.0884;0;0;0;0;0;0;0;0;0;-0.7452;0;0.7452;1;1;0;0;0;0
22/10/21 23:00;0;0;90;0;0;90;0;0;0;0;12.01;3.6501;0;0;0;0;0;0;0;0;0;0;0;0;0;1;1;1;1;0;0;0;0;0;0;0;0;0;0;0;0;0;0;0;0;0;0;0;0;0;0;0;0;0;0;0;0;0;0;0;0;0;0;0;1;1;1;1;1;1;1;1;1;1;1;1;1;1;1;1;1;1;1;0;0;0;0;0;0;0;0;0;0.0004;0.088;-0.0884;0;0;0;0;0;0;0;0;0;0;0;0;0;0;0;0;0;0;0;-12.01;0;0;0;0;0.0004;0;0;0;0;0;0;0;-0.0004;-0.0884;0;0;0;0;0;0;0;0;0;-0.7452;0;0.7452;1;1;0;0;0;0
23/10/21 00:00;0;0;90;0;0;90;0;0;0;0;12.94;4.0601;0;0;0;0;0;0;0;0;0;0;0;0;0;1;1;1;1;0;0;0;0;0;0;0;0;0;0;0;0;0;0;0;0;0;0;0;0;0;0;0;0;0;0;0;0;0;0;0;0;0;0;0;1;1;1;1;1;1;1;1;1;1;1;1;1;1;1;1;1;1;1;0;0;0;0;0;0;0;0;0;0.0004;0.088;-0.0884;0;0;0;0;0;0;0;0;0;0;0;0;0;0;0;0;0;0;0;-12.94;0;0;0;0;0.0004;0;0;0;0;0;0;0;-0.0004;-0.0884;0;0;0;0;0;0;0;0;0;-0.7452;0;0.7452;1;1;0;0;0;0
23/10/21 01:00;0;0;90;0;0;90;0;0;0;0;11.6;4.26;0;0;0;0;0;0;0;0;0;0;0;0;0;1;1;1;1;0;0;0;0;0;0;0;0;0;0;0;0;0;0;0;0;0;0;0;0;0;0;0;0;0;0;0;0;0;0;0;0;0;0;0;1;1;1;1;1;1;1;1;1;1;1;1;1;1;1;1;1;1;1;0;0;0;0;0;0;0;0;0;0.0004;0.088;-0.0884;0;0;0;0;0;0;0;0;0;0;0;0;0;0;0;0;0;0;0;-11.6;0;0;0;0;0.0004;0;0;0;0;0;0;0;-0.0004;-0.0884;0;0;0;0;0;0;0;0;0;-0.7452;0;0.7452;1;1;0;0;0;0
23/10/21 02:00;0;0;90;0;0;90;0;0;0;0;11.86;4.01;0;0;0;0;0;0;0;0;0;0;0;0;0;1;1;1;1;0;0;0;0;0;0;0;0;0;0;0;0;0;0;0;0;0;0;0;0;0;0;0;0;0;0;0;0;0;0;0;0;0;0;0;1;1;1;1;1;1;1;1;1;1;1;1;1;1;1;1;1;1;1;0;0;0;0;0;0;0;0;0;0.0004;0.088;-0.0884;0;0;0;0;0;0;0;0;0;0;0;0;0;0;0;0;0;0;0;-11.86;0;0;0;0;0.0004;0;0;0;0;0;0;0;-0.0004;-0.0884;0;0;0;0;0;0;0;0;0;-0.7452;0;0.7452;1;1;0;0;0;0
23/10/21 03:00;0;0;90;0;0;90;0;0;0;0;10.78;3.64;0;0;0;0;0;0;0;0;0;0;0;0;0;1;1;1;1;0;0;0;0;0;0;0;0;0;0;0;0;0;0;0;0;0;0;0;0;0;0;0;0;0;0;0;0;0;0;0;0;0;0;0;1;1;1;1;1;1;1;1;1;1;1;1;1;1;1;1;1;1;1;0;0;0;0;0;0;0;0;0;0.0004;0.088;-0.0884;0;0;0;0;0;0;0;0;0;0;0;0;0;0;0;0;0;0;0;-10.78;0;0;0;0;0.0004;0;0;0;0;0;0;0;-0.0004;-0.0884;0;0;0;0;0;0;0;0;0;-0.7452;0;0.7452;1;1;0;0;0;0
23/10/21 04:00;0;0;90;0;0;90;0;0;0;0;12.99;3.4;0;0;0;0;0;0;0;0;0;0;0;0;0;1;1;1;1;0;0;0;0;0;0;0;0;0;0;0;0;0;0;0;0;0;0;0;0;0;0;0;0;0;0;0;0;0;0;0;0;0;0;0;1;1;1;1;1;1;1;1;1;1;1;1;1;1;1;1;1;1;1;0;0;0;0;0;0;0;0;0;0.0004;0.088;-0.0884;0;0;0;0;0;0;0;0;0;0;0;0;0;0;0;0;0;0;0;-12.99;0;0;0;0;0.0004;0;0;0;0;0;0;0;-0.0004;-0.0884;0;0;0;0;0;0;0;0;0;-0.7452;0;0.7452;1;1;0;0;0;0
23/10/21 05:00;5.2241;-100.49;77.243;5.3124;7.6638;-90;-7.6638;5.9971;5.9971;0;13.6;3.5999;0;0;5.9703;0;0;0.0054;5.9757;5.9757;0;0;0;0;0;1;1;1;1;0;0;0;0;0;0;0;0;0;0;0;0;0;0;0;0;0;0;0;0;0;0;0;0;0;0;0;0;0;0;0;0;0;0;0;0;1;1;1;1;1;1;1;1;1;1;1;1;1;0;0;1;0;0;0;0;0;0;0;0;0;0;0;0.0004;0.088;-0.0884;0;0;0;0;0;0;0;0;0;0;0;0;0;0;0;0;0;0;0;-13.6;0;0;0;0;0.0004;0;0;0;0;0;0;0;-0.0004;-0.0884;0;0;0;0;0;0;0;0;0;-0.7452;0;0.7452;1;1;0;0;0;0
23/10/21 06:00;16.386;-92.802;46.83;16.404;26.825;-90;-26.825;69.602;68.302;1.2994;14.26;3.1701;0;3.1515;64.412;0.5514;0;0.749;68.864;0;68.864;3.1515;0.5514;64.412;0.749;0.0458;0.9462;0;0.0109;65.837;3.0267;0;0;2.3831;0.6436;63.666;2.1058;0.0343;0.006;2.0452;0.0203;65.771;0.0658;0.0032;0.0006;0.062;0.0001;63.878;3.1141;0.5449;59.922;0.085;41.582;33.474;12.903;0.6606;0.4888;7.0315;0.2119;6.8597;0;1;0;0;0.9894;0.956;1;1;0.963;0.1407;0.968;0.9891;1;0.967;0.8069;0.999;0.999;1;0.999;0.999;0.9245;0.9303;0.1134;0.196;0.1968;0.0012;0.0147;-0.0055;0.0013;0.0046;0.0013;0;0;0.088;0.0811;0;0;0;0;0;0;0;0;0;0;0;0;0.0037;0.0002;0.1753;0.1753;0;17.395;17.395;3.1347;0.0492;166.77;1051.4;1;0.0062;0.0062;0;0;0;0;0;0;0.1691;0.0811;0;16.826;19.484;7.7868;9.0169;96.466;96.466;1.6527;1.4787;0.6843;0.174;0.7944;0.1053;0.4806;0.4141;41.575;0.3847;0
23/10/21 07:00;28.637;-83.995;5.4098;28.77;60;-90;-60;148.4;144.8;3.6048;17.55;3.4901;0;7.4881;108.01;1.635;0;7.4202;124.55;0;124.55;7.4881;1.635;108.01;7.4202;0.0601;0.9268;0;0.0596;104.11;20.438;0;0;13.532;6.9066;100.64;3.3744;0.0014;0.0003;3.3394;0.0333;104.01;0.1041;0.0075;0.0016;0.0945;0.0005;103.68;7.4792;1.6331;91.044;0.4798;94.706;76.239;33.906;18.059;1.8956;27.267;3.0435;11.104;0;1;0;0;0.8393;0.8359;1;1;0.8747;0.0692;0.9676;0.9998;1;0.9646;0.9351;0.999;0.999;1;0.999;0.999;0.808;0.8429;0.0647;0.3545;0.3512;0.0021;0.017;-0.0032;0.0023;0.0083;0.0049;0;0;0.088;0.2173;0;0;0;0;0;0;0;0;0;0;0;0;0.0067;0.0005;0.3126;0.3126;0;22.502;22.502;4.9518;0.0492;298.06;1048.7;1;0.0073;0.0073;0;0;0;0;0;0;0.3053;0.2173;0;16.583;19.203;11.529;13.351;97.679;97.679;2.9893;2.636;1.8327;0.3533;0.8033;0.1182;0.2687;0.6131;94.058;0.5267;0
23/10/21 08:00;40.664;-73.684;12.304;41.832;48.169;-90;-48.169;672.3;111;561.3;19.5;4.1401;0;841.6;34.923;103.61;0;22.392;1002.5;0;1002.5;841.6;103.61;34.923;22.392;0.8395;0.0572;0;0.0223;978.58;23.946;0;0;3.1818;20.764;976.08;1.5228;0.3573;0.044;1.0447;0.0769;977.6;0.9786;0.8416;0.1036;0.0317;0.0016;981.28;840.41;103.46;30.665;1.5491;269.36;216.83;82.768;2.7036;3.1168;44.834;5.205;45.247;0;1;0;0;1.4912;0.9761;1;1;0.9089;0.0727;0.9984;0.9996;1;0.9671;0.9527;0.999;0.999;1;0.999;0.999;0.9736;0.8781;0.0692;2.8531;2.8973;0.0174;0.0004;0.4472;0.017;0.0604;0.0071;0;0;0.088;2.1547;0;0;0;0;0;0;0;0;0;0;0;0;0.0486;0.0193;2.2799;2.2799;0;68.708;68.708;49.207;0.0504;2497.4;912.92;1;0.0372;0.0372;0;0;0;0;0;0;2.2427;2.1547;0;15.027;17.401;14.202;16.446;98.367;98.367;24.061;19.227;18.17;4.8341;1.0561;0.2009;0.0439;0.7552;26.781;0.7307;0
23/10/21 09:00;51.948;-59.948;17.979;55.881;34.119;-90;-34.119;802.7;140.8;661.89;22.44;4.43;0;799.51;50.514;103.31;0;13.816;967.15;0;967.15;799.51;103.31;50.514;13.816;0.8267;0.0665;0;0.0143;952.12;15.031;0;0;2.7388;12.292;948.84;2.3246;0.496;0.0641;1.543;0.2215;951.17;0.9521;0.7995;0.1033;0.0478;0.0015;952.51;798.21;103.15;46.184;1.3013;411.3;331.1;133.45;1.1956;4.1091;59.108;3.6695;62.022;0;1;0;0;1.2049;0.9845;1;1;0.9458;0.1103;0.9976;0.9994;1;0.9677;0.8545;0.999;0.999;1;0.999;0.999;0.9811;0.9143;0.0942;2.7524;2.8436;0.0171;-0.0002;0.456;0.0166;0.0589;0.0094;0;0;0.088;2.0962;0;0;0;0;0;0;0;0;0;0;0;0;0.0474;0.0186;2.2199;2.2199;0;70.338;70.338;47.898;0.0505;2450.2;906;1;0.0356;0.0356;0;0;0;0;0;0;2.1842;2.0962;0;15.167;17.563;14.322;16.585;98.394;98.394;23.212;18.721;17.678;4.491;1.0427;0.1935;0.0449;0.7616;34.304;0.7283;0
23/10/21 10:00;61.341;-39.133;21.84;70.968;19.032;-90;-19.032;736.81;296.8;440;23.46;4.81;0;465.44;184.07;113.78;0;4.0275;767.32;0;767.32;465.44;113.78;184.07;4.0275;0.6066;0.2451;0;0.0052;760.05;7.2703;0;0;3.9136;3.3567;752.39;6.906;0.3508;0.0857;6.3213;0.1481;759.29;0.7601;0.4654;0.1138;0.1802;0.0007;753.36;464.63;113.58;173.66;0.522;423.76;341.13;131.18;0.5526;4.6;66.169;0.9705;70.216;0;1;0;0;1.0414;0.9905;1;1;0.9787;0.1666;0.9909;0.9992;1;0.9649;0.779;0.999;0.999;1;0.999;0.999;0.9805;0.9434;0.1296;2.1837;2.2879;0.0138;-0.0018;0.2926;0.0139;0.0492;0.0109;0;0;0.088;1.7404;0;0;0;0;0;0;0;0;0;0;0;0;0.0397;0.0123;1.8574;1.8574;0;61.163;61.163;37.702;0.0501;1971.3;942.22;1;0.029;0.029;0;0;0;0;0;0;1.8284;1.7404;0;15.995;18.522;14.988;17.356;98.44;98.44;18.416;15.664;14.677;2.752;0.9864;0.1494;0.0536;0.797;113.86;0.7487;0
23/10/21 11:00;66.29;-7.3188;23.505;86.798;3.2022;-90;-3.2022;546.7;430.5;116.19;23.61;5.29;0;116.38;390.71;39.545;0;0.0854;546.72;0;546.72;116.38;39.545;390.71;0.0854;0.2129;0.7148;0;0.0002;546.18;0.5346;0;0;0.4634;0.0712;528.19;17.452;0.0944;0.0321;17.322;0.0032;545.64;0.5462;0.1164;0.0395;0.3902;0;528.18;116.17;39.473;372.54;0.011;323.29;260.25;97.861;-0.0021;3.626;52.159;-0.0039;55.787;0;1;0;0;1;0.999;1;1;0.9988;0.1662;0.968;0.9992;1;0.9556;0.7776;0.999;0.999;1;0.999;0.999;0.9661;0.9535;0.1291;1.5559;1.6156;0.0097;0.0037;0.1423;0.0102;0.0362;0.009;0;0;0.088;1.2603;0;0;0;0;0;0;0;0;0;0;0;0;0.0292;0.0064;1.369;1.369;0;49.862;49.862;26.252;0.0497;1388.4;985.99;1;0.0207;0.0207;0;0;0;0;0;0;1.3483;1.2603;0;16.546;19.16;15.233;17.639;98.492;98.492;13.121;11.545;10.628;1.5766;0.9163;0.1202;0.0698;0.81;231.59;0.756;0
23/10/21 12:00;64.05;27.747;22.785;77.234;12.766;90;12.766;454.2;404.7;49.501;25.67;5.5899;0;50.756;383.79;16.509;0;1.1228;452.18;0;452.18;50.756;16.509;383.79;1.1228;0.1122;0.8512;0;0.0025;447.07;5.116;0;0;4.1815;0.9345;431.68;14.936;0.0399;0.013;14.84;0.0424;446.62;0.4471;0.0508;0.0165;0.3796;0.0002;431.91;50.665;16.48;364.39;0.1457;269.83;217.21;81.293;0.2779;3.0695;44.154;0.2228;46.945;0;1;0;0;0.9956;0.9887;1;1;0.9891;0.1677;0.9666;0.9992;1;0.9609;0.7748;0.999;0.999;1;0.999;0.999;0.9547;0.9494;0.1298;1.2869;1.3242;0.008;0.0076;0.1042;0.0084;0.0299;0.0076;0;0;0.088;1.0247;0;0;0;0;0;0;0;0;0;0;0;0;0.0241;0.0044;1.13;1.13;0;47.098;47.098;21.428;0.0496;1138.3;992.67;1;0.0173;0.0173;0;0;0;0;0;0;1.1127;1.0247;0;16.513;19.121;14.974;17.34;98.47;98.47;10.852;9.5292;8.6413;1.3232;0.8879;0.1219;0.0818;0.7963;231.82;0.742;0
23/10/21 13:00;56.032;52.757;19.764;61.794;28.206;90;28.206;584.9;387.9;197;25.8;5.7399;0;223.55;302.23;75.563;0;6.9453;608.29;0;608.29;223.55;75.563;302.23;6.9453;0.3675;0.5083;0;0.0114;590.1;18.189;0;0;12.154;6.0349;579.63;9.8797;0.1525;0.0515;9.5044;0.1713;589.51;0.5901;0.2235;0.0756;0.2901;0.0009;581.58;223.17;75.436;280.29;0.7383;337.68;271.84;105.69;3.695;3.802;54.691;1.9513;54.798;0;1;0;0;1.04;0.9701;1;1;0.9598;0.1311;0.9832;0.9993;1;0.9672;0.8117;0.999;0.999;1;0.999;0.999;0.9529;0.9274;0.1063;1.7311;1.7735;0.0107;0.0018;0.1868;0.011;0.0391;0.0092;0;0;0.088;1.3655;0;0;0;0;0;0;0;0;0;0;0;0;0.0315;0.0076;1.4758;1.4758;0;54.714;54.714;28.914;0.0499;1525.8;967.24;1;0.0222;0.0222;0;0;0;0;0;0;1.4535;1.3655;0;16.032;18.564;14.834;17.178;98.494;98.494;14.599;12.445;11.516;2.1536;0.9296;0.1475;0.0637;0.7888;196.82;0.7391;0
23/10/21 14:00;45.306;68.761;14.761;47.318;42.682;90;42.682;655.41;231.5;423.9;26.14;5.7399;0;576.64;114.29;135.71;0;17.36;844;0;844;576.64;135.71;114.29;17.36;0.6832;0.156;0;0.0206;819.21;24.787;0;0;8.7586;16.028;814.51;3.8858;0.2937;0.0691;3.4233;0.0997;818.39;0.8192;0.5766;0.1357;0.1055;0.0013;819.23;575.77;135.51;102;1.2306;314.7;253.33;100.07;5.8216;3.5952;51.716;4.7217;49.489;0;1;0;0;1.2878;0.9706;1;1;0.9234;0.0767;0.9953;0.9995;1;0.9675;0.925;0.999;0.999;1;0.999;0.999;0.9651;0.8925;0.0709;2.402;2.4475;0.0147;-0.002;0.3656;0.0145;0.0514;0.0083;0;0;0.088;1.8216;0;0;0;0;0;0;0;0;0;0;0;0;0.0414;0.014;1.9396;1.9396;0;67.152;67.152;41.012;0.0504;2109.4;919.52;1;0.0301;0.0301;0;0;0;0;0;0;1.9096;1.8216;0;15.186;17.585;14.262;16.515;98.45;98.45;20.256;16.357;15.362;3.8987;0.9957;0.1925;0.0492;0.7584;83.305;0.7251;0
23/10/21 15:00;33.492;80.135;8.2143;33.886;56.114;90;56.114;241.9;229.9;11.999;24.28;5.5601;0;21.522;176.22;6.4799;0;10.703;214.93;0;214.93;21.522;6.4799;176.22;10.703;0.1001;0.8697;0;0.0498;184.8;30.13;0;0;20.104;10.026;179.21;5.3985;0.0061;0.0018;5.3578;0.0328;184.61;0.1848;0.0215;0.0065;0.1561;0.0007;183.43;21.494;6.4716;150.61;0.6434;150.86;121.45;52.79;23.221;2.7385;39.392;4.2119;18.91;0;1;0;0;0.8885;0.8598;1;1;0.8859;0.0632;0.9708;0.9997;1;0.9656;0.9515;0.999;0.999;1;0.999;0.999;0.8338;0.8546;0.0601;0.6117;0.6037;0.0036;0.0167;0.0177;0.004;0.014;0.007;0;0;0.088;0.4309;0;0;0;0;0;0;0;0;0;0;0;0;0.0113;0.0011;0.5283;0.5283;0;33.129;33.129;8.8491;0.0494;514.55;1026.6;1;0.0093;0.0093;0;0;0;0;0;0;0.5189;0.4309;0;16.241;18.807;13.249;15.342;98.235;98.235;5.1583;4.4549;3.6341;0.7034;0.8207;0.1364;0.1591;0.7045;146.74;0.6195;0
23/10/21 16:00;21.286;89.382;28.303;21.288;40.415;90;40.415;195.4;176.9;18.503;23.49;4.91;0;44.874;150.06;15.803;0;4.6629;215.4;0;215.4;44.874;15.803;150.06;4.6629;0.2083;0.7183;0;0.0216;200.5;14.897;0;0;10.615;4.2819;195.69;4.6059;0.0438;0.0154;4.5126;0.0341;200.3;0.2005;0.0449;0.0158;0.1394;0.0004;197.12;44.785;15.772;134.79;0.3465;107.39;86.446;35.284;6.3332;1.4356;20.65;1.4264;15.752;0;1;0;0;1.1023;0.9308;1;1;0.9293;0.0817;0.977;0.999;1;0.9676;0.9104;0.999;0.999;1;0.999;0.999;0.9085;0.8983;0.0743;0.613;0.6053;0.0036;0.0166;0.0178;0.004;0.0141;0.0037;0;0;0.088;0.4357;0;0;0;0;0;0;0;0;0;0;0;0;0.0113;0.0011;0.5331;0.5331;0;33.146;33.146;9.6556;0.0493;517.57;1029.9;1;0.0094;0.0094;0;0;0;0;0;0;0.5237;0.4357;0;16.353;18.937;13.365;15.476;98.235;98.235;5.1695;4.4954;3.6739;0.6742;0.8214;0.1304;0.1589;0.7107;107.26;0.6631;0
23/10/21 17:00;9.0545;97.837;67.563;9.1384;13.517;90;13.517;103.2;90.799;12.402;21.04;3.48;0;30.079;84.442;12.542;0;0.2858;127.35;0;127.35;30.079;12.542;84.442;0.2858;0.2362;0.6653;0;0.0022;126.1;1.2509;0;0;1.0129;0.238;119.22;6.7499;2.4828;1.0352;3.2212;0.0108;125.97;0.1261;0.0301;0.0125;0.0834;0;119.27;27.566;11.494;80.124;0.0371;51.213;41.227;15.337;0.0752;0.5901;8.4877;0.0483;9.0025;0;1;0;0;1.234;0.9902;1;1;0.988;0.1675;0.9464;0.9174;1;0.9614;0.7748;0.999;0.999;1;0.999;0.999;0.9362;0.9489;0.1296;0.3624;0.3582;0.0022;0.017;0.0025;0.0024;0.0084;0.0015;0;0;0.088;0.2219;0;0;0;0;0;0;0;0;0;0;0;0;0.0067;0.0005;0.3171;0.3171;0;26.918;26.918;5.8782;0.0493;305.82;1037;1;0.0072;0.0072;0;0;0;0;0;0;0.3099;0.2219;0;16.456;19.055;11.516;13.336;97.734;97.734;3.0564;2.6744;1.8717;0.3819;0.8027;0.125;0.2626;0.6124;51.127;0.5833;0
23/10/21 18:00;1.6169;103.04;86.076;1.6597;2.3683;90;2.3683;0;0;0;18.93;3.8;0;0;0;0;0;0;0;0;0;0;0;0;0;1;1;1;1;0;0;0;0;0;0;0;0;0;0;0;0;0;0;0;0;0;0;0;0;0;0;0;0;0;0;0;0;0;0;0;0;0;0;0;1;1;1;1;1;1;1;1;1;1;1;1;1;1;1;1;1;1;1;0;0;0;0;0;0;0;0;0;0.0004;0.088;-0.0884;0;0;0;0;0;0;0;0;0;0;0;0;0;0;0;0;0;0;0;-18.93;0;0;0;0;0.0004;0;0;0;0;0;0;0;-0.0004;-0.0884;0;0;0;0;0;0;0;0;0;-0.7452;0;0.7452;1;1;0;0;0;0
23/10/21 19:00;0;0;90;0;0;90;0;0;0;0;17.04;4.6199;0;0;0;0;0;0;0;0;0;0;0;0;0;1;1;1;1;0;0;0;0;0;0;0;0;0;0;0;0;0;0;0;0;0;0;0;0;0;0;0;0;0;0;0;0;0;0;0;0;0;0;0;1;1;1;1;1;1;1;1;1;1;1;1;1;1;1;1;1;1;1;0;0;0;0;0;0;0;0;0;0.0004;0.088;-0.0884;0;0;0;0;0;0;0;0;0;0;0;0;0;0;0;0;0;0;0;-17.04;0;0;0;0;0.0004;0;0;0;0;0;0;0;-0.0004;-0.0884;0;0;0;0;0;0;0;0;0;-0.7452;0;0.7452;1;1;0;0;0;0
23/10/21 20:00;0;0;90;0;0;90;0;0;0;0;15.62;4.6801;0;0;0;0;0;0;0;0;0;0;0;0;0;1;1;1;1;0;0;0;0;0;0;0;0;0;0;0;0;0;0;0;0;0;0;0;0;0;0;0;0;0;0;0;0;0;0;0;0;0;0;0;1;1;1;1;1;1;1;1;1;1;1;1;1;1;1;1;1;1;1;0;0;0;0;0;0;0;0;0;0.0004;0.088;-0.0884;0;0;0;0;0;0;0;0;0;0;0;0;0;0;0;0;0;0;0;-15.62;0;0;0;0;0.0004;0;0;0;0;0;0;0;-0.0004;-0.0884;0;0;0;0;0;0;0;0;0;-0.7452;0;0.7452;1;1;0;0;0;0
23/10/21 21:00;0;0;90;0;0;90;0;0;0;0;14.5;4.49;0;0;0;0;0;0;0;0;0;0;0;0;0;1;1;1;1;0;0;0;0;0;0;0;0;0;0;0;0;0;0;0;0;0;0;0;0;0;0;0;0;0;0;0;0;0;0;0;0;0;0;0;1;1;1;1;1;1;1;1;1;1;1;1;1;1;1;1;1;1;1;0;0;0;0;0;0;0;0;0;0.0004;0.088;-0.0884;0;0;0;0;0;0;0;0;0;0;0;0;0;0;0;0;0;0;0;-14.5;0;0;0;0;0.0004;0;0;0;0;0;0;0;-0.0004;-0.0884;0;0;0;0;0;0;0;0;0;-0.7452;0;0.7452;1;1;0;0;0;0
23/10/21 22:00;0;0;90;0;0;90;0;0;0;0;13.08;4.3199;0;0;0;0;0;0;0;0;0;0;0;0;0;1;1;1;1;0;0;0;0;0;0;0;0;0;0;0;0;0;0;0;0;0;0;0;0;0;0;0;0;0;0;0;0;0;0;0;0;0;0;0;1;1;1;1;1;1;1;1;1;1;1;1;1;1;1;1;1;1;1;0;0;0;0;0;0;0;0;0;0.0004;0.088;-0.0884;0;0;0;0;0;0;0;0;0;0;0;0;0;0;0;0;0;0;0;-13.08;0;0;0;0;0.0004;0;0;0;0;0;0;0;-0.0004;-0.0884;0;0;0;0;0;0;0;0;0;-0.7452;0;0.7452;1;1;0;0;0;0
23/10/21 23:00;0;0;90;0;0;90;0;0;0;0;11.72;4.3001;0;0;0;0;0;0;0;0;0;0;0;0;0;1;1;1;1;0;0;0;0;0;0;0;0;0;0;0;0;0;0;0;0;0;0;0;0;0;0;0;0;0;0;0;0;0;0;0;0;0;0;0;1;1;1;1;1;1;1;1;1;1;1;1;1;1;1;1;1;1;1;0;0;0;0;0;0;0;0;0;0.0004;0.088;-0.0884;0;0;0;0;0;0;0;0;0;0;0;0;0;0;0;0;0;0;0;-11.72;0;0;0;0;0.0004;0;0;0;0;0;0;0;-0.0004;-0.0884;0;0;0;0;0;0;0;0;0;-0.7452;0;0.7452;1;1;0;0;0;0
24/10/21 00:00;0;0;90;0;0;90;0;0;0;0;9.8797;4.2901;0;0;0;0;0;0;0;0;0;0;0;0;0;1;1;1;1;0;0;0;0;0;0;0;0;0;0;0;0;0;0;0;0;0;0;0;0;0;0;0;0;0;0;0;0;0;0;0;0;0;0;0;1;1;1;1;1;1;1;1;1;1;1;1;1;1;1;1;1;1;1;0;0;0;0;0;0;0;0;0;0.0004;0.088;-0.0884;0;0;0;0;0;0;0;0;0;0;0;0;0;0;0;0;0;0;0;-9.8797;0;0;0;0;0.0004;0;0;0;0;0;0;0;-0.0004;-0.0884;0;0;0;0;0;0;0;0;0;-0.7452;0;0.7452;1;1;0;0;0;0
24/10/21 01:00;0;0;90;0;0;90;0;0;0;0;8.9098;4.2101;0;0;0;0;0;0;0;0;0;0;0;0;0;1;1;1;1;0;0;0;0;0;0;0;0;0;0;0;0;0;0;0;0;0;0;0;0;0;0;0;0;0;0;0;0;0;0;0;0;0;0;0;1;1;1;1;1;1;1;1;1;1;1;1;1;1;1;1;1;1;1;0;0;0;0;0;0;0;0;0;0.0004;0.088;-0.0884;0;0;0;0;0;0;0;0;0;0;0;0;0;0;0;0;0;0;0;-8.9098;0;0;0;0;0.0004;0;0;0;0;0;0;0;-0.0004;-0.0884;0;0;0;0;0;0;0;0;0;-0.7452;0;0.7452;1;1;0;0;0;0
24/10/21 02:00;0;0;90;0;0;90;0;0;0;0;7.4101;4.33;0;0;0;0;0;0;0;0;0;0;0;0;0;1;1;1;1;0;0;0;0;0;0;0;0;0;0;0;0;0;0;0;0;0;0;0;0;0;0;0;0;0;0;0;0;0;0;0;0;0;0;0;1;1;1;1;1;1;1;1;1;1;1;1;1;1;1;1;1;1;1;0;0;0;0;0;0;0;0;0;0.0004;0.088;-0.0884;0;0;0;0;0;0;0;0;0;0;0;0;0;0;0;0;0;0;0;-7.4101;0;0;0;0;0.0004;0;0;0;0;0;0;0;-0.0004;-0.0884;0;0;0;0;0;0;0;0;0;-0.7452;0;0.7452;1;1;0;0;0;0
24/10/21 03:00;0;0;90;0;0;90;0;0;0;0;7.2898;4.6101;0;0;0;0;0;0;0;0;0;0;0;0;0;1;1;1;1;0;0;0;0;0;0;0;0;0;0;0;0;0;0;0;0;0;0;0;0;0;0;0;0;0;0;0;0;0;0;0;0;0;0;0;1;1;1;1;1;1;1;1;1;1;1;1;1;1;1;1;1;1;1;0;0;0;0;0;0;0;0;0;0.0004;0.088;-0.0884;0;0;0;0;0;0;0;0;0;0;0;0;0;0;0;0;0;0;0;-7.2898;0;0;0;0;0.0004;0;0;0;0;0;0;0;-0.0004;-0.0884;0;0;0;0;0;0;0;0;0;-0.7452;0;0.7452;1;1;0;0;0;0
24/10/21 04:00;0;0;90;0;0;90;0;0;0;0;6.5698;4.57;0;0;0;0;0;0;0;0;0;0;0;0;0;1;1;1;1;0;0;0;0;0;0;0;0;0;0;0;0;0;0;0;0;0;0;0;0;0;0;0;0;0;0;0;0;0;0;0;0;0;0;0;1;1;1;1;1;1;1;1;1;1;1;1;1;1;1;1;1;1;1;0;0;0;0;0;0;0;0;0;0.0004;0.088;-0.0884;0;0;0;0;0;0;0;0;0;0;0;0;0;0;0;0;0;0;0;-6.5698;0;0;0;0;0.0004;0;0;0;0;0;0;0;-0.0004;-0.0884;0;0;0;0;0;0;0;0;0;-0.7452;0;0.7452;1;1;0;0;0;0
24/10/21 05:00;5.247;-100.9;77.186;5.3428;7.7089;-90;-7.7089;49.696;30;19.696;6.1397;5.12;0;47.768;25.219;11.319;0;0.0449;84.35;0;84.35;47.768;11.319;25.219;0.0449;0.5663;0.2995;0;0.0005;84.195;0.1554;0;0;0.1181;0.0373;69.183;14.928;11.211;2.6565;1.0587;0.0017;84.111;0.0842;0.0478;0.0113;0.0251;0;69.186;36.509;8.6512;24.017;0.0059;15.161;12.205;4.5249;0.0025;0.1744;2.5087;0.003;2.6805;0;1;0;0;1.6973;0.9982;1;1;0.9953;0.1688;0.8225;0.7651;1;0.9578;0.7759;0.999;0.999;1;0.999;0.999;0.8202;0.9523;0.1309;0.2401;0.203;0.0012;0.0148;-0.0114;0.0014;0.0049;0.0005;0;0;0.088;0.0928;0;0;0;0;0;0;0;0;0;0;0;0;0.004;0.0002;0.1874;0.1874;0;9.5203;9.5203;3.3806;0.0489;172.11;1089;1;0.0067;0.0067;0;0;0;0;0;0;0.1808;0.0928;0;14.682;17.002;7.266;8.4139;96.441;96.441;2.0244;1.5805;0.7822;0.4439;0.7984;0.2193;0.3944;0.3864;15.042;0.378;0
24/10/21 06:00;16.603;-93.086;46.133;16.626;27.315;-90;-27.315;229.1;62.502;166.6;7.9;5.5601;0;404.05;34.162;63.84;0;2.5546;504.61;0;504.61;404.05;63.84;34.162;2.5546;0.8007;0.0728;0;0.0051;501.11;3.5012;0;0;1.301;2.2002;494.56;6.043;4.2267;0.6678;1.081;0.0675;500.61;0.5011;0.4041;0.0638;0.0329;0.0004;494.68;399.42;63.108;31.747;0.2866;23.064;18.566;7.3245;0.3738;0.2607;3.7499;0.1177;3.6367;0;1;0;0;2.2026;0.9931;1;1;0.9619;0.1387;0.9879;0.9895;1;0.9671;0.8094;0.999;0.999;1;0.999;0.999;0.9801;0.9293;0.1122;1.4361;1.4228;0.0086;0.0062;0.0357;0.0096;0.0341;0.0007;0;0;0.088;1.1868;0;0;0;0;0;0;0;0;0;0;0;0;0.0274;0.0051;1.2955;1.2955;0;32.131;32.131;24.231;0.049;1224.6;1057.9;1;0.0208;0.0208;0;0;0;0;0;0;1.2748;1.1868;0;16.965;19.645;15.541;17.996;98.397;98.397;12.111;10.925;10.008;1.1852;0.9172;0.0979;0.0757;0.8264;22.118;0.8218;0
24/10/21 07:00;28.856;-84.305;5.0902;28.976;60;-90;-60;489.4;80.702;408.7;10.68;5.85;0;843.52;23.502;101.88;0;24.47;993.37;0;993.37;843.52;101.88;23.502;24.47;0.8491;0.0483;0;0.0246;967.65;25.721;0;0;2.9445;22.776;965.68;1.0025;0.1482;0.0179;0.7266;0.1098;966.68;0.9677;0.8435;0.1019;0.0206;0.0017;968.89;842.52;101.77;19.811;1.5822;90.629;72.957;29.773;3.9353;1.1202;16.114;3.2072;13.299;0;1;0;0;2.0298;0.9741;1;1;0.8747;0.0692;0.999;0.9998;1;0.9646;0.9351;0.999;0.999;1;0.999;0.999;0.9721;0.8429;0.0647;2.8271;2.8044;0.0169;-0.0005;0.3346;0.0172;0.0609;0.0027;0;0;0.088;2.1786;0;0;0;0;0;0;0;0;0;0;0;0;0.0491;0.0181;2.3054;2.3054;0;58.976;58.976;48.296;0.05;2418.7;953.16;1;0.0388;0.0388;0;0;0;0;0;0;2.2666;2.1786;0;15.336;17.758;14.492;16.782;98.318;98.318;23.841;19.442;18.373;4.3991;1.0691;0.1845;0.0448;0.7706;20.466;0.7614;0
24/10/21 08:00;40.896;-74.028;12.005;42.015;47.985;-90;-47.985;696;114.8;581.2;12.6;5.9099;0;868.33;34.377;109.98;0;23.015;1035.7;0;1035.7;868.33;109.98;34.377;23.015;0.8384;0.0554;0;0.0222;1011.2;24.451;0;0;3.1146;21.337;1008.7;1.5137;0.3597;0.0456;1.0282;0.0802;1010.2;1.0112;0.8683;0.11;0.0313;0.0017;1014.1;867.1;109.82;30.202;1.596;279.72;225.18;86.021;2.6266;3.2205;46.326;5.3434;46.92;0;1;0;0;1.4881;0.9764;1;1;0.9094;0.0729;0.9985;0.9996;1;0.9671;0.9521;0.999;0.999;1;0.999;0.999;0.974;0.8786;0.0693;2.9475;2.9941;0.018;0.0016;0.4023;0.018;0.0639;0.0076;0;0;0.088;2.282;0;0;0;0;0;0;0;0;0;0;0;0;0.0514;0.0205;2.4109;2.4109;0;63.227;63.227;50.627;0.0502;2578.4;935.04;1;0.0409;0.0409;0;0;0;0;0;0;2.37;2.282;0;15.382;17.812;14.56;16.86;98.304;98.304;24.857;20.332;19.245;4.5253;1.087;0.1821;0.0437;0.7742;26.315;0.7491;0
24/10/21 09:00;52.21;-60.324;17.661;56.032;33.968;-90;-33.968;879.7;145.1;734.6;15.28;5.92;0;885.76;43.605;117.47;0;15.012;1061.8;0;1061.8;885.76;117.47;43.605;15.012;0.8342;0.0552;0;0.0141;1046.2;15.694;0;0;2.3479;13.346;1042.9;2.1882;0.5398;0.0716;1.3327;0.2441;1045.1;1.0462;0.8858;0.1175;0.0413;0.0017;1047;884.33;117.28;39.883;1.42;449.98;362.23;144.52;1.0173;4.5733;65.785;4.0659;69.341;0;1;0;0;1.2071;0.9852;1;1;0.9462;0.111;0.9979;0.9994;1;0.9677;0.8533;0.999;0.999;1;0.999;0.999;0.9822;0.9146;0.0946;3.0219;3.1273;0.0188;0.0036;0.4715;0.0184;0.0654;0.0105;0;0;0.088;2.3344;0;0;0;0;0;0;0;0;0;0;0;0;0.0527;0.0223;2.4641;2.4641;0;67.823;67.823;52.543;0.0504;2694.2;914.59;1;0.0417;0.0417;0;0;0;0;0;0;2.4224;2.3344;0;15.334;17.757;14.527;16.822;98.31;98.31;25.484;20.78;19.686;4.7045;1.0934;0.1846;0.0429;0.7725;29.579;0.7383;0
24/10/21 10:00;61.652;-39.463;21.505;71.072;18.928;-90;-18.928;1087.6;179.5;908.11;17.25;6.0599;0;960.01;44.48;141.43;0;5.8807;1151.8;0;1151.8;960.01;141.43;44.48;5.8807;0.8335;0.0437;0;0.0051;1146;5.8377;0;0;0.937;4.9006;1142.3;2.5645;0.7124;0.105;1.5306;0.2165;1144.8;1.146;0.96;0.1414;0.0435;0.001;1143.7;958.34;141.19;41.969;0.7626;617.46;497.06;192.47;0.1322;6.5724;94.542;1.4123;100.98;0;1;0;0;1.059;0.9949;1;1;0.9789;0.1667;0.9978;0.9993;1;0.9648;0.7788;0.999;0.999;1;0.999;0.999;0.9917;0.9435;0.1297;3.278;3.4615;0.0208;0.0106;0.6122;0.0197;0.07;0.0146;0;0;0.088;2.4974;0;0;0;0;0;0;0;0;0;0;0;0;0.0563;0.027;2.6301;2.6301;0;75.156;75.156;57.906;0.0507;2979;882.89;1;0.0447;0.0447;0;0;0;0;0;0;2.5854;2.4974;0;15.089;17.473;14.328;16.591;98.3;98.3;27.643;22.18;21.061;5.4632;1.1192;0.1976;0.0405;0.7619;27.499;0.7178;0
24/10/21 11:00;66.639;-7.3347;23.159;86.844;3.1562;-90;-3.1562;1088;179.5;908.5;18.36;6.27;0;909.88;51.152;128.51;0;0.165;1089.7;0;1089.7;909.88;128.51;51.152;0.165;0.835;0.0471;0;0.0002;1089.5;0.197;0;0;0.0594;0.1376;1085.3;3.1047;0.7271;0.1027;2.2688;0.0061;1088.4;1.0895;0.9099;0.1285;0.0511;0;1085.3;908.24;128.28;48.772;0.0213;641.07;516.07;203.76;-0.0002;6.5598;94.361;-0.0008;100.92;0;1;0;0;1.0016;0.9998;1;1;0.9988;0.1661;0.9971;0.9992;1;0.9555;0.7777;0.999;0.999;1;0.999;0.999;0.996;0.9535;0.1291;3.1012;3.2942;0.0198;0.0067;0.5612;0.0189;0.0672;0.0147;0;0;0.088;2.3963;0;0;0;0;0;0;0;0;0;0;0;0;0.0541;0.0246;2.5269;2.5269;0;73.288;73.288;54.928;0.0506;2836.1;890.96;1;0.0425;0.0425;0;0;0;0;0;0;2.4843;2.3963;0;15.323;17.744;14.531;16.827;98.317;98.317;26.153;21.309;20.209;4.8435;1.1007;0.1852;0.0421;0.7727;30.318;0.7257;0
24/10/21 12:00;64.357;28.125;22.436;77.25;12.75;90;12.75;1034.5;170.7;863.79;19.36;6.49;0;885.63;51.912;121.13;0;2.551;1061.2;0;1061.2;885.63;121.13;51.912;2.551;0.8345;0.0513;0;0.0024;1058.5;2.6876;0;0;0.5644;2.1232;1054.6;2.8836;0.6857;0.0938;2.0079;0.0963;1057.5;1.0585;0.8856;0.1211;0.0513;0.0004;1055.1;884.06;120.91;49.288;0.3311;600.21;483.17;189.25;0.038;6.243;89.803;0.5254;96.008;0;1;0;0;1.0258;0.9975;1;1;0.9891;0.1677;0.9973;0.9992;1;0.9609;0.7748;0.999;0.999;1;0.999;0.999;0.9938;0.9495;0.1298;3.0202;3.1986;0.0193;0.0048;0.5386;0.0185;0.0654;0.0141;0;0;0.088;2.333;0;0;0;0;0;0;0;0;0;0;0;0;0.0527;0.0233;2.462;2.462;0;72.705;72.705;53.345;0.0506;2754.5;893.82;1;0.0411;0.0411;0;0;0;0;0;0;2.421;2.333;0;15.33;17.752;14.527;16.822;98.332;98.332;25.469;20.763;19.674;4.7067;1.0885;0.1848;0.0427;0.7725;31.355;0.7264;0
24/10/21 13:00;56.27;53.215;19.421;61.865;28.135;90;28.135;928.79;153;775.79;19.72;6.6701;0;879.74;46.962;116.9;0;10.975;1054.6;0;1054.6;879.74;116.9;46.962;10.975;0.8342;0.0549;0;0.0104;1043.2;11.413;0;0;1.8809;9.5326;1039.7;2.4172;0.5896;0.0783;1.4775;0.2718;1042.1;1.0432;0.8797;0.1169;0.0451;0.0014;1042.6;878.27;116.71;43.558;1.1686;500.52;402.92;157.31;0.5716;5.2739;75.862;2.8971;80.565;0;1;0;0;1.1354;0.9892;1;1;0.9599;0.1314;0.9977;0.9993;1;0.9672;0.8113;0.999;0.999;1;0.999;0.999;0.9859;0.9275;0.1065;3.0013;3.1349;0.0189;0.0037;0.5235;0.0181;0.0643;0.0119;0;0;0.088;2.2922;0;0;0;0;0;0;0;0;0;0;0;0;0.0518;0.0224;2.4204;2.4204;0;72.294;72.294;52.573;0.0506;2700.9;896.15;1;0.0402;0.0402;0;0;0;0;0;0;2.3802;2.2922;0;15.166;17.562;14.363;16.632;98.341;98.341;25.31;20.411;19.331;4.8985;1.0807;0.1935;0.0427;0.7638;30.568;0.7247;0
24/10/21 14:00;45.499;69.175;14.43;47.432;42.568;90;42.568;783.49;136.3;647.2;19.87;6.74;0;878.78;40.776;121.3;0;20.647;1061.5;0;1061.5;878.78;121.3;40.776;20.647;0.8279;0.0579;0;0.0195;1039.3;22.171;0;0;3.1127;19.058;1036.4;1.8396;0.4376;0.0604;1.2215;0.1201;1038.3;1.0393;0.8788;0.1213;0.0377;0.0016;1041.9;877.46;121.12;36.404;1.467;355.89;286.49;110.87;2.0617;3.9213;56.406;5.4671;58.265;0;1;0;0;1.3548;0.9791;1;1;0.9237;0.0769;0.9982;0.9995;1;0.9675;0.9243;0.999;0.999;1;0.999;0.999;0.9764;0.8928;0.0711;3.0209;3.094;0.0186;0.003;0.5167;0.0179;0.0634;0.0088;0;0;0.088;2.265;0;0;0;0;0;0;0;0;0;0;0;0;0.0511;0.0219;2.3925;2.3925;0;72.278;72.278;52.408;0.0506;2667.3;896.97;1;0.0395;0.0395;0;0;0;0;0;0;2.353;2.265;0;14.894;17.246;14.1;16.327;98.348;98.348;25.476;20.176;19.101;5.2999;1.0753;0.208;0.0422;0.7498;29.692;0.7211;0
24/10/21 15:00;33.664;80.5;7.8958;34.03;55.97;90;55.97;576.6;136.2;440.4;19.5;6.5499;0;786.97;45.258;139.67;0;25.392;997.29;0;997.29;786.97;139.67;45.258;25.392;0.7891;0.0708;0;0.0255;968.36;28.931;0;0;5.1439;23.787;965.68;1.7048;0.2144;0.0381;1.3753;0.077;967.39;0.9684;0.787;0.1397;0.0401;0.0016;970.43;785.97;139.49;38.698;1.5271;175.99;141.67;55.6;5.9154;2.2072;31.749;4.7463;28.041;0;1;0;0;1.7296;0.971;1;1;0.8863;0.0632;0.9982;0.9997;1;0.9657;0.952;0.999;0.999;1;0.999;0.999;0.9683;0.8551;0.0601;2.8382;2.8401;0.0171;-0.0002;0.4329;0.0167;0.0593;0.0051;0;0;0.088;2.1183;0;0;0;0;0;0;0;0;0;0;0;0;0.0478;0.0186;2.2427;2.2427;0;68.161;68.161;48.661;0.0504;2448.6;915.94;1;0.0364;0.0364;0;0;0;0;0;0;2.2063;2.1183;0;14.86;17.208;14.036;16.253;98.376;98.376;23.935;18.913;17.864;5.0216;1.0492;0.2098;0.0438;0.7464;37.626;0.729;0
24/10/21 16:00;21.452;89.712;27.505;21.452;41.044;90;41.044;345.8;141.7;204.1;18.62;5.8299;0;495;74.184;138.54;0;8.4995;716.22;0;716.22;495;138.54;74.184;8.4995;0.6911;0.1154;0;0.0119;703.04;13.186;0;0;5.3682;7.8175;699.45;2.8875;0.4698;0.1315;2.228;0.0582;702.33;0.703;0.495;0.1385;0.0688;0.0007;700.18;494.04;138.27;66.519;0.6232;54.592;43.946;18.161;3.303;0.7207;10.367;0.735;7.7845;0;1;0;0;2.0712;0.9816;1;1;0.9276;0.0802;0.9959;0.999;1;0.9676;0.9146;0.999;0.999;1;0.999;0.999;0.9766;0.8967;0.0733;2.0383;2.024;0.0122;-0.0005;0.2032;0.0127;0.0449;0.0018;0;0;0.088;1.5891;0;0;0;0;0;0;0;0;0;0;0;0;0.0362;0.0098;1.7038;1.7038;0;53.453;53.453;34.833;0.0498;1746.5;975.55;1;0.0267;0.0267;0;0;0;0;0;0;1.6771;1.5891;0;15.719;18.202;14.661;16.977;98.433;98.433;17.189;14.368;13.401;2.8212;0.9673;0.1641;0.0563;0.7796;53.312;0.7712;0
24/10/21 17:00;9.2242;98.146;67.122;9.3166;13.802;90;13.802;114.3;95.203;19.094;16.98;3.69;0;46.309;85.756;19.866;0;0.33;152.26;0;152.26;46.309;19.866;85.756;0.33;0.3041;0.5654;0;0.0022;150.92;1.3402;0;0;1.0654;0.2748;142.3;8.4673;3.6394;1.5613;3.2542;0.0124;150.77;0.1509;0.0463;0.0199;0.0847;0.0001;142.35;42.623;18.285;81.351;0.0428;52.105;41.944;15.619;0.0824;0.5997;8.6266;0.0518;9.144;0;1;0;0;1.3321;0.9912;1;1;0.9876;0.1674;0.9438;0.9213;1;0.9615;0.7749;0.999;0.999;1;0.999;0.999;0.9346;0.9486;0.1296;0.4333;0.4246;0.0026;0.0172;-0.0016;0.0028;0.0101;0.0016;0;0;0.088;0.287;0;0;0;0;0;0;0;0;0;0;0;0;0.0081;0.0006;0.3831;0.3831;0;23.967;23.967;6.9869;0.0491;362.78;1056;1;0.0081;0.0081;0;0;0;0;0;0;0.375;0.287;0;16.626;19.253;12.457;14.425;97.892;97.892;3.6542;3.2307;2.4205;0.4235;0.8102;0.1159;0.2217;0.6624;51.971;0.6354;0
24/10/21 18:00;1.5951;103.48;86.129;1.6403;2.3405;90;2.3405;0;0;0;14.8;3.5099;0;0;0;0;0;0;0;0;0;0;0;0;0;1;1;1;1;0;0;0;0;0;0;0;0;0;0;0;0;0;0;0;0;0;0;0;0;0;0;0;0;0;0;0;0;0;0;0;0;0;0;0;1;1;1;1;1;1;1;1;1;1;1;1;1;1;1;1;1;1;1;0;0;0;0;0;0;0;0;0;0.0004;0.088;-0.0884;0;0;0;0;0;0;0;0;0;0;0;0;0;0;0;0;0;0;0;-14.8;0;0;0;0;0.0004;0;0;0;0;0;0;0;-0.0004;-0.0884;0;0;0;0;0;0;0;0;0;-0.7452;0;0.7452;1;1;0;0;0;0
24/10/21 19:00;0;0;90;0;0;90;0;0;0;0;12.72;3.93;0;0;0;0;0;0;0;0;0;0;0;0;0;1;1;1;1;0;0;0;0;0;0;0;0;0;0;0;0;0;0;0;0;0;0;0;0;0;0;0;0;0;0;0;0;0;0;0;0;0;0;0;1;1;1;1;1;1;1;1;1;1;1;1;1;1;1;1;1;1;1;0;0;0;0;0;0;0;0;0;0.0004;0.088;-0.0884;0;0;0;0;0;0;0;0;0;0;0;0;0;0;0;0;0;0;0;-12.72;0;0;0;0;0.0004;0;0;0;0;0;0;0;-0.0004;-0.0884;0;0;0;0;0;0;0;0;0;-0.7452;0;0.7452;1;1;0;0;0;0
24/10/21 20:00;0;0;90;0;0;90;0;0;0;0;11.46;4.5;0;0;0;0;0;0;0;0;0;0;0;0;0;1;1;1;1;0;0;0;0;0;0;0;0;0;0;0;0;0;0;0;0;0;0;0;0;0;0;0;0;0;0;0;0;0;0;0;0;0;0;0;1;1;1;1;1;1;1;1;1;1;1;1;1;1;1;1;1;1;1;0;0;0;0;0;0;0;0;0;0.0004;0.088;-0.0884;0;0;0;0;0;0;0;0;0;0;0;0;0;0;0;0;0;0;0;-11.46;0;0;0;0;0.0004;0;0;0;0;0;0;0;-0.0004;-0.0884;0;0;0;0;0;0;0;0;0;-0.7452;0;0.7452;1;1;0;0;0;0
24/10/21 21:00;0;0;90;0;0;90;0;0;0;0;10.03;4.6101;0;0;0;0;0;0;0;0;0;0;0;0;0;1;1;1;1;0;0;0;0;0;0;0;0;0;0;0;0;0;0;0;0;0;0;0;0;0;0;0;0;0;0;0;0;0;0;0;0;0;0;0;1;1;1;1;1;1;1;1;1;1;1;1;1;1;1;1;1;1;1;0;0;0;0;0;0;0;0;0;0.0004;0.088;-0.0884;0;0;0;0;0;0;0;0;0;0;0;0;0;0;0;0;0;0;0;-10.03;0;0;0;0;0.0004;0;0;0;0;0;0;0;-0.0004;-0.0884;0;0;0;0;0;0;0;0;0;-0.7452;0;0.7452;1;1;0;0;0;0
24/10/21 22:00;0;0;90;0;0;90;0;0;0;0;9.7301;4.4699;0;0;0;0;0;0;0;0;0;0;0;0;0;1;1;1;1;0;0;0;0;0;0;0;0;0;0;0;0;0;0;0;0;0;0;0;0;0;0;0;0;0;0;0;0;0;0;0;0;0;0;0;1;1;1;1;1;1;1;1;1;1;1;1;1;1;1;1;1;1;1;0;0;0;0;0;0;0;0;0;0.0004;0.088;-0.0884;0;0;0;0;0;0;0;0;0;0;0;0;0;0;0;0;0;0;0;-9.7301;0;0;0;0;0.0004;0;0;0;0;0;0;0;-0.0004;-0.0884;0;0;0;0;0;0;0;0;0;-0.7452;0;0.7452;1;1;0;0;0;0
24/10/21 23:00;0;0;90;0;0;90;0;0;0;0;8.5701;4.1599;0;0;0;0;0;0;0;0;0;0;0;0;0;1;1;1;1;0;0;0;0;0;0;0;0;0;0;0;0;0;0;0;0;0;0;0;0;0;0;0;0;0;0;0;0;0;0;0;0;0;0;0;1;1;1;1;1;1;1;1;1;1;1;1;1;1;1;1;1;1;1;0;0;0;0;0;0;0;0;0;0.0004;0.088;-0.0884;0;0;0;0;0;0;0;0;0;0;0;0;0;0;0;0;0;0;0;-8.5701;0;0;0;0;0.0004;0;0;0;0;0;0;0;-0.0004;-0.0884;0;0;0;0;0;0;0;0;0;-0.7452;0;0.7452;1;1;0;0;0;0
25/10/21 00:00;0;0;90;0;0;90;0;0;0;0;7.2698;3.5199;0;0;0;0;0;0;0;0;0;0;0;0;0;1;1;1;1;0;0;0;0;0;0;0;0;0;0;0;0;0;0;0;0;0;0;0;0;0;0;0;0;0;0;0;0;0;0;0;0;0;0;0;1;1;1;1;1;1;1;1;1;1;1;1;1;1;1;1;1;1;1;0;0;0;0;0;0;0;0;0;0.0004;0.088;-0.0884;0;0;0;0;0;0;0;0;0;0;0;0;0;0;0;0;0;0;0;-7.2698;0;0;0;0;0.0004;0;0;0;0;0;0;0;-0.0004;-0.0884;0;0;0;0;0;0;0;0;0;-0.7452;0;0.7452;1;1;0;0;0;0
25/10/21 01:00;0;0;90;0;0;90;0;0;0;0;5.7302;2.7701;0;0;0;0;0;0;0;0;0;0;0;0;0;1;1;1;1;0;0;0;0;0;0;0;0;0;0;0;0;0;0;0;0;0;0;0;0;0;0;0;0;0;0;0;0;0;0;0;0;0;0;0;1;1;1;1;1;1;1;1;1;1;1;1;1;1;1;1;1;1;1;0;0;0;0;0;0;0;0;0;0.0004;0.088;-0.0884;0;0;0;0;0;0;0;0;0;0;0;0;0;0;0;0;0;0;0;-5.7302;0;0;0;0;0.0004;0;0;0;0;0;0;0;-0.0004;-0.0884;0;0;0;0;0;0;0;0;0;-0.7452;0;0.7452;1;1;0;0;0;0
25/10/21 02:00;0;0;90;0;0;90;0;0;0;0;4.4698;2.29;0;0;0;0;0;0;0;0;0;0;0;0;0;1;1;1;1;0;0;0;0;0;0;0;0;0;0;0;0;0;0;0;0;0;0;0;0;0;0;0;0;0;0;0;0;0;0;0;0;0;0;0;1;1;1;1;1;1;1;1;1;1;1;1;1;1;1;1;1;1;1;0;0;0;0;0;0;0;0;0;0.0004;0.088;-0.0884;0;0;0;0;0;0;0;0;0;0;0;0;0;0;0;0;0;0;0;-4.4698;0;0;0;0;0.0004;0;0;0;0;0;0;0;-0.0004;-0.0884;0;0;0;0;0;0;0;0;0;-0.7452;0;0.7452;1;1;0;0;0;0
25/10/21 03:00;0;0;90;0;0;90;0;0;0;0;3.92;2.0601;0;0;0;0;0;0;0;0;0;0;0;0;0;1;1;1;1;0;0;0;0;0;0;0;0;0;0;0;0;0;0;0;0;0;0;0;0;0;0;0;0;0;0;0;0;0;0;0;0;0;0;0;1;1;1;1;1;1;1;1;1;1;1;1;1;1;1;1;1;1;1;0;0;0;0;0;0;0;0;0;0.0004;0.088;-0.0884;0;0;0;0;0;0;0;0;0;0;0;0;0;0;0;0;0;0;0;-3.92;0;0;0;0;0.0004;0;0;0;0;0;0;0;-0.0004;-0.0884;0;0;0;0;0;0;0;0;0;-0.7452;0;0.7452;1;1;0;0;0;0
25/10/21 04:00;0;0;90;0;0;90;0;0;0;0;3.2998;2.0099;0;0;0;0;0;0;0;0;0;0;0;0;0;1;1;1;1;0;0;0;0;0;0;0;0;0;0;0;0;0;0;0;0;0;0;0;0;0;0;0;0;0;0;0;0;0;0;0;0;0;0;0;1;1;1;1;1;1;1;1;1;1;1;1;1;1;1;1;1;1;1;0;0;0;0;0;0;0;0;0;0.0004;0.088;-0.0884;0;0;0;0;0;0;0;0;0;0;0;0;0;0;0;0;0;0;0;-3.2998;0;0;0;0;0.0004;0;0;0;0;0;0;0;-0.0004;-0.0884;0;0;0;0;0;0;0;0;0;-0.7452;0;0.7452;1;1;0;0;0;0
25/10/21 05:00;5.4665;-101.17;76.642;5.5714;8.0474;-90;-8.0474;53.505;31.197;22.308;3.5099;2.9;0;54.103;25.796;12.791;0;0.0527;92.742;0;92.742;54.103;12.791;25.796;0.0527;0.5834;0.2787;0;0.0006;92.569;0.1734;0;0;0.1296;0.0438;76.601;15.876;11.967;2.8292;1.0776;0.002;92.476;0.0926;0.0541;0.0128;0.0257;0;76.604;42.082;9.9493;24.563;0.0069;15.531;12.503;4.639;0.0031;0.1785;2.567;0.0035;2.7423;0;1;0;0;1.7333;0.9981;1;1;0.995;0.169;0.8283;0.7786;1;0.958;0.7758;0.999;0.999;1;0.999;0.999;0.826;0.9522;0.131;0.2639;0.2243;0.0014;0.0153;-0.0145;0.0016;0.0055;0.0005;0;0;0.088;0.1149;0;0;0;0;0;0;0;0;0;0;0;0;0.0044;0.0002;0.2099;0.2099;0;7.2415;7.2415;3.7316;0.0487;190.31;1102.9;1;0.007;0.007;0;0;0;0;0;0;0.2029;0.1149;0;14.955;17.317;8.1881;9.4816;96.679;96.679;2.2258;1.77;0.9691;0.4558;0.8009;0.2048;0.3598;0.4354;15.396;0.4266;0
25/10/21 06:00;16.816;-93.371;45.443;16.843;27.803;-90;-27.803;266.2;44.202;222;5.7102;3.1199;0;538.4;18.576;59.391;0;3.0732;619.44;0;619.44;538.4;59.391;18.576;3.0732;0.8692;0.0349;0;0.005;616.06;3.3807;0;0;0.7278;2.6529;608.77;6.6774;5.4152;0.5974;0.5859;0.0789;615.45;0.6161;0.5384;0.0594;0.0178;0.0004;608.83;532.45;58.734;17.245;0.3409;13.273;10.685;4.3312;0.2167;0.1426;2.0508;0.067;1.9767;0;1;0;0;2.327;0.9945;1;1;0.9608;0.1368;0.9892;0.9899;1;0.9671;0.812;0.999;0.999;1;0.999;0.999;0.9828;0.9283;0.1109;1.7629;1.746;0.0105;0.0021;0.0648;0.0117;0.0414;0.0004;0;0;0.088;1.4609;0;0;0;0;0;0;0;0;0;0;0;0;0.0334;0.0074;1.5744;1.5744;0;35.597;35.597;29.887;0.0491;1503.9;1046.9;1;0.0255;0.0255;0;0;0;0;0;0;1.5489;1.4609;0;16.795;19.448;15.584;18.046;98.378;98.378;14.867;13.277;12.32;1.5894;0.9574;0.1069;0.0644;0.8287;12.065;0.8266;0
25/10/21 07:00;29.07;-84.615;4.7764;29.178;60;-90;-60;490.2;80.702;409.5;8.6399;3.3;0;839.88;23.698;100.71;0;24.51;988.8;0;988.8;839.88;100.71;23.698;24.51;0.8494;0.0488;0;0.0248;963.02;25.783;0;0;2.969;22.814;961.06;0.9977;0.1384;0.0166;0.7327;0.11;962.06;0.963;0.8399;0.1007;0.0207;0.0017;964.27;838.9;100.59;19.976;1.5848;93.312;75.116;31.015;3.9681;1.1245;16.176;3.2156;13.332;0;1;0;0;2.0171;0.9739;1;1;0.8747;0.0692;0.999;0.9998;1;0.9646;0.9351;0.999;0.999;1;0.999;0.999;0.9719;0.8429;0.0647;2.8141;2.7913;0.0168;-0.0006;0.3095;0.0173;0.0612;0.0027;0;0;0.088;2.1899;0;0;0;0;0;0;0;0;0;0;0;0;0.0493;0.018;2.3172;2.3172;0;56.612;56.612;47.972;0.0499;2407.6;962.42;1;0.0393;0.0393;0;0;0;0;0;0;2.2779;2.1899;0;15.485;17.931;14.635;16.947;98.305;98.305;23.731;19.541;18.468;4.1903;1.0734;0.1766;0.0452;0.7782;20.637;0.7688;0
25/10/21 08:00;41.123;-74.374;11.707;42.195;47.805;-90;-47.805;698.91;115.3;583.61;10.73;3.5099;0;868.92;34.631;109.97;0;22.949;1036.5;0;1036.5;868.92;109.97;34.631;22.949;0.8383;0.0556;0;0.0221;1012.1;24.391;0;0;3.1207;21.27;1009.6;1.5124;0.351;0.0444;1.0357;0.0812;1011.1;1.0121;0.8689;0.11;0.0315;0.0017;1014.9;867.7;109.82;30.443;1.5952;282.3;227.25;86.925;2.612;3.2403;46.61;5.3336;47.239;0;1;0;0;1.483;0.9765;1;1;0.9099;0.0731;0.9985;0.9996;1;0.9671;0.9515;0.999;0.999;1;0.999;0.999;0.974;0.8791;0.0695;2.9497;2.9971;0.0181;0.0016;0.3821;0.0182;0.0644;0.0077;0;0;0.088;2.303;0;0;0;0;0;0;0;0;0;0;0;0;0.0519;0.0205;2.4327;2.4327;0;61.32;61.32;50.59;0.0501;2579.9;942.92;1;0.0416;0.0416;0;0;0;0;0;0;2.391;2.303;0;15.509;17.959;14.683;17.002;98.289;98.289;24.875;20.515;19.422;4.3605;1.0931;0.1753;0.0439;0.7808;26.464;0.7553;0
25/10/21 09:00;52.466;-60.703;17.345;56.178;33.822;-90;-33.822;868;143.2;724.8;12.99;3.69;0;872.44;44.588;113.74;0;14.689;1045.5;0;1045.5;872.44;113.74;44.588;14.689;0.8345;0.0567;0;0.0141;1030;15.435;0;0;2.3845;13.05;1026.8;2.1958;0.5222;0.0681;1.3635;0.242;1029;1.03;0.8724;0.1137;0.0422;0.0016;1030.8;871.04;113.56;40.798;1.3951;444.87;358.12;142.85;1.0248;4.5239;65.075;3.9766;68.574;0;1;0;0;1.2044;0.9852;1;1;0.9465;0.1116;0.9979;0.9994;1;0.9677;0.8522;0.999;0.999;1;0.999;0.999;0.9822;0.915;0.095;2.9753;3.0795;0.0185;0.0028;0.4284;0.0184;0.0653;0.0106;0;0;0.088;2.3313;0;0;0;0;0;0;0;0;0;0;0;0;0.0526;0.0216;2.4612;2.4612;0;64.582;64.582;51.592;0.0502;2651.6;928.21;1;0.0419;0.0419;0;0;0;0;0;0;2.4193;2.3313;0;15.557;18.014;14.735;17.063;98.296;98.296;25.091;20.756;19.66;4.3351;1.0957;0.1728;0.0437;0.7836;30.212;0.7487;0
25/10/21 10:00;61.958;-39.803;21.172;71.172;18.828;-90;-18.828;989.29;163.2;826.09;14.94;3.8901;0;872.79;51.506;116.51;0;5.2934;1046.1;0;1046.1;872.79;116.51;51.506;5.2934;0.8343;0.0543;0;0.0051;1040.6;5.4862;0;0;1.0755;4.4106;1036.9;2.6937;0.6376;0.0851;1.7758;0.1951;1039.6;1.0406;0.8728;0.1165;0.0504;0.0009;1038.2;871.28;116.31;48.605;0.6868;562.28;452.64;175.19;0.15;5.9922;86.196;1.2695;92.038;0;1;0;0;1.0574;0.9948;1;1;0.9791;0.1668;0.9974;0.9993;1;0.9648;0.7788;0.999;0.999;1;0.999;0.999;0.9912;0.9437;0.1297;2.9771;3.1429;0.0189;0.0038;0.4661;0.0186;0.0659;0.0138;0;0;0.088;2.3501;0;0;0;0;0;0;0;0;0;0;0;0;0.0531;0.0225;2.4801;2.4801;0;67.149;67.149;52.21;0.0504;2705.7;916.64;1;0.0421;0.0421;0;0;0;0;0;0;2.4381;2.3501;0;15.666;18.141;14.845;17.19;98.303;98.303;25.106;20.915;19.818;4.1911;1.097;0.1669;0.0437;0.7894;31.829;0.7435;0
25/10/21 11:00;66.985;-7.3581;22.815;86.886;3.114;-90;-3.114;1069.9;176.5;893.39;16.41;4.2201;0;894.71;52.778;123.87;0;0.158;1071.5;0;1071.5;894.71;123.87;52.778;0.158;0.835;0.0494;0;0.0001;1071.3;0.1918;0;0;0.0601;0.1317;1067.1;3.1496;0.7044;0.0975;2.3419;0.0058;1070.3;1.0713;0.8947;0.1239;0.0527;0;1067.1;893.11;123.65;50.323;0.0204;630.43;507.5;197.13;-0.0002;6.6619;95.828;-0.003;102.49;0;1;0;0;1.0015;0.9998;1;1;0.9989;0.1661;0.9971;0.9992;1;0.9555;0.7777;0.999;0.999;1;0.999;0.999;0.9959;0.9535;0.129;3.0494;3.245;0.0195;0.0057;0.5176;0.0189;0.0671;0.0152;0;0;0.088;2.3923;0;0;0;0;0;0;0;0;0;0;0;0;0.054;0.0239;2.523;2.523;0;70.282;70.282;53.872;0.0505;2793.6;903.15;1;0.0428;0.0428;0;0;0;0;0;0;2.4803;2.3923;0;15.559;18.017;14.753;17.084;98.305;98.305;25.716;21.277;20.174;4.4392;1.1027;0.1726;0.0429;0.7845;31.281;0.7353;0
25/10/21 12:00;64.663;28.502;22.091;77.268;12.732;90;12.732;1092.3;180.2;912.1;17.66;4.72;0;935.09;48.311;134.6;0;2.6857;1120.7;0;1120.7;935.09;134.6;48.311;2.6857;0.8344;0.0455;0;0.0024;1117.9;2.7593;0;0;0.524;2.2353;1114;2.786;0.7128;0.1026;1.8692;0.1013;1116.8;1.1179;0.9351;0.1346;0.0478;0.0005;1114.6;933.44;134.36;45.87;0.3486;633.67;510.1;199.86;0.0353;6.5863;94.741;0.553;101.29;0;1;0;0;1.026;0.9975;1;1;0.9892;0.1677;0.9975;0.9992;1;0.9608;0.7748;0.999;0.999;1;0.999;0.999;0.9941;0.9495;0.1298;3.1894;3.3786;0.0203;0.0086;0.5848;0.0194;0.0686;0.0147;0;0;0.088;2.4494;0;0;0;0;0;0;0;0;0;0;0;0;0.0553;0.0258;2.581;2.581;0;74.081;74.081;56.421;0.0506;2908.4;887.45;1;0.0437;0.0437;0;0;0;0;0;0;2.5374;2.4494;0;15.219;17.623;14.442;16.724;98.307;98.307;26.896;21.766;20.656;5.1301;1.1106;0.1907;0.0413;0.768;29.178;0.7223;0
25/10/21 13:00;56.507;53.67;19.083;61.938;28.062;90;28.062;950.91;156.9;794.01;18.64;5.14;0;899.78;46.168;122.22;0;11.179;1079.3;0;1079.3;899.78;122.22;46.168;11.179;0.8336;0.0531;0;0.0104;1067.8;11.548;0;0;1.8415;9.7066;1064.3;2.4043;0.5925;0.0805;1.4532;0.2781;1066.7;1.0678;0.8998;0.1222;0.0443;0.0015;1067.3;898.29;122.01;42.829;1.1926;512.56;412.61;161.08;0.557;5.3999;77.675;2.948;82.518;0;1;0;0;1.1351;0.9893;1;1;0.9601;0.1317;0.9977;0.9993;1;0.9672;0.8109;0.999;0.999;1;0.999;0.999;0.9861;0.9277;0.1067;3.0717;3.2091;0.0193;0.005;0.5375;0.0185;0.0657;0.0122;0;0;0.088;2.3451;0;0;0;0;0;0;0;0;0;0;0;0;0.0529;0.0234;2.4745;2.4745;0;72.468;72.468;53.828;0.0506;2764.6;895.07;1;0.0414;0.0414;0;0;0;0;0;0;2.4331;2.3451;0;15.149;17.542;14.357;16.625;98.327;98.327;25.904;20.867;19.776;5.0368;1.0912;0.1944;0.0421;0.7634;30.037;0.7244;0
25/10/21 14:00;45.692;69.585;14.103;47.547;42.453;90;42.453;798.81;134.1;664.71;19.02;5.31;0;900.89;38.382;121.89;0;20.942;1082.1;0;1082.1;900.89;121.89;38.382;20.942;0.8325;0.0548;0;0.0194;1059.9;22.244;0;0;2.9184;19.326;1057;1.7711;0.4384;0.0593;1.15;0.1233;1058.8;1.0599;0.9009;0.1219;0.0355;0.0016;1062.4;899.55;121.7;34.279;1.4914;362.91;292.14;115.63;1.9232;3.8198;54.946;5.3259;56.843;0;1;0;0;1.3546;0.9794;1;1;0.924;0.0772;0.9983;0.9995;1;0.9675;0.9236;0.999;0.999;1;0.999;0.999;0.9768;0.8931;0.0712;3.0796;3.1495;0.019;0.004;0.528;0.0182;0.0645;0.0086;0;0;0.088;2.3043;0;0;0;0;0;0;0;0;0;0;0;0;0.052;0.0226;2.4327;2.4327;0;72.479;72.479;53.459;0.0506;2715.3;895.94;1;0.0404;0.0404;0;0;0;0;0;0;2.3923;2.3043;0;14.856;17.203;14.071;16.294;98.338;98.338;25.97;20.515;19.432;5.455;1.0831;0.21;0.0417;0.7482;27.921;0.7208;0
25/10/21 15:00;33.835;80.861;7.5814;34.175;55.825;90;55.825;576.51;139.2;437.31;19.13;5.23;0;778.52;47.064;140.51;0;25.267;991.36;0;991.36;778.52;140.51;47.064;25.267;0.7853;0.073;0;0.0255;962.36;28.999;0;0;5.3292;23.669;959.65;1.7458;0.2037;0.0368;1.4295;0.0759;961.4;0.9624;0.7785;0.1405;0.0417;0.0016;964.6;777.54;140.33;40.264;1.5203;178.22;143.47;55.076;6.0952;2.3218;33.398;4.9525;29.624;0;1;0;0;1.7196;0.9707;1;1;0.8868;0.0632;0.9982;0.9997;1;0.9657;0.9524;0.999;0.999;1;0.999;0.999;0.968;0.8555;0.0602;2.8213;2.8267;0.017;-0.0003;0.4237;0.0167;0.0592;0.0054;0;0;0.088;2.1145;0;0;0;0;0;0;0;0;0;0;0;0;0.0477;0.0184;2.2389;2.2389;0;67.459;67.459;48.329;0.0504;2436.5;918.9;1;0.0364;0.0364;0;0;0;0;0;0;2.2025;2.1145;0;14.923;17.281;14.094;16.321;98.375;98.375;23.793;18.881;17.832;4.912;1.049;0.2064;0.0441;0.7495;39.065;0.731;0
25/10/21 16:00;21.617;90.038;26.685;21.617;41.698;90;41.698;344.9;145.8;199.11;18.69;4.6801;0;482.89;77.648;137.97;0;8.7375;707.24;0;707.24;482.89;137.97;77.648;8.7375;0.6828;0.1221;0;0.0124;693.44;13.8;0;0;5.7507;8.0492;689.79;2.9568;0.4446;0.127;2.3293;0.0558;692.75;0.6934;0.4829;0.138;0.0719;0.0007;690.59;481.96;137.7;69.497;0.6319;57.369;46.182;19.121;3.6499;0.7667;11.028;0.8027;8.1447;0;1;0;0;2.0505;0.9805;1;1;0.9259;0.0788;0.9957;0.9991;1;0.9676;0.9189;0.999;0.999;1;0.999;0.999;0.9753;0.895;0.0723;2.0127;1.9979;0.012;-0.0003;0.1977;0.0125;0.0444;0.0019;0;0;0.088;1.57;0;0;0;0;0;0;0;0;0;0;0;0;0.0358;0.0095;1.6844;1.6844;0;53.031;53.031;34.341;0.0498;1723.6;977.24;1;0.0264;0.0264;0;0;0;0;0;0;1.658;1.57;0;15.738;18.224;14.669;16.987;98.435;98.435;16.974;14.205;13.24;2.769;0.9644;0.1631;0.0568;0.78;56.115;0.771;0
25/10/21 17:00;9.3946;98.45;66.679;9.4958;14.089;90;14.089;116.31;96.6;19.709;17.51;2.9401;0;47.801;86.853;20.423;0;0.3499;155.43;0;155.43;47.801;20.423;86.853;0.3499;0.3075;0.5611;0;0.0023;154.02;1.4086;0;0;1.1172;0.2914;145.47;8.3955;3.5761;1.5279;3.2784;0.0132;153.86;0.154;0.0478;0.0204;0.0857;0.0001;145.52;44.177;18.874;82.371;0.0453;52.824;42.524;15.843;0.0899;0.6079;8.7443;0.0553;9.2623;0;1;0;0;1.3363;0.9909;1;1;0.9871;0.1673;0.9454;0.9251;1;0.9617;0.7749;0.999;0.999;1;0.999;0.999;0.9359;0.9484;0.1295;0.4423;0.4339;0.0026;0.0173;-0.0005;0.0029;0.0103;0.0016;0;0;0.088;0.2947;0;0;0;0;0;0;0;0;0;0;0;0;0.0083;0.0006;0.3908;0.3908;0;24.655;24.655;7.1451;0.0491;370.8;1054;1;0.0081;0.0081;0;0;0;0;0;0;0.3827;0.2947;0;16.616;19.241;12.529;14.508;97.918;97.918;3.7302;3.2959;2.4852;0.4343;0.8107;0.1164;0.2173;0.6662;52.687;0.6393;0
25/10/21 18:00;1.7732;103.78;85.696;1.8257;2.6058;90;2.6058;0;0;0;14.06;2.9;0;0;0;0;0;0;0;0;0;0;0;0;0;1;1;1;1;0;0;0;0;0;0;0;0;0;0;0;0;0;0;0;0;0;0;0;0;0;0;0;0;0;0;0;0;0;0;0;0;0;0;0;1;1;1;1;1;1;1;1;1;1;1;1;1;1;1;1;1;1;1;0;0;0;0;0;0;0;0;0;0.0004;0.088;-0.0884;0;0;0;0;0;0;0;0;0;0;0;0;0;0;0;0;0;0;0;-14.06;0;0;0;0;0.0004;0;0;0;0;0;0;0;-0.0004;-0.0884;0;0;0;0;0;0;0;0;0;-0.7452;0;0.7452;1;1;0;0;0;0
25/10/21 19:00;0;0;90;0;0;90;0;0;0;0;10.41;2.9;0;0;0;0;0;0;0;0;0;0;0;0;0;1;1;1;1;0;0;0;0;0;0;0;0;0;0;0;0;0;0;0;0;0;0;0;0;0;0;0;0;0;0;0;0;0;0;0;0;0;0;0;1;1;1;1;1;1;1;1;1;1;1;1;1;1;1;1;1;1;1;0;0;0;0;0;0;0;0;0;0.0004;0.088;-0.0884;0;0;0;0;0;0;0;0;0;0;0;0;0;0;0;0;0;0;0;-10.41;0;0;0;0;0.0004;0;0;0;0;0;0;0;-0.0004;-0.0884;0;0;0;0;0;0;0;0;0;-0.7452;0;0.7452;1;1;0;0;0;0
25/10/21 20:00;0;0;90;0;0;90;0;0;0;0;6.28;2.89;0;0;0;0;0;0;0;0;0;0;0;0;0;1;1;1;1;0;0;0;0;0;0;0;0;0;0;0;0;0;0;0;0;0;0;0;0;0;0;0;0;0;0;0;0;0;0;0;0;0;0;0;1;1;1;1;1;1;1;1;1;1;1;1;1;1;1;1;1;1;1;0;0;0;0;0;0;0;0;0;0.0004;0.088;-0.0884;0;0;0;0;0;0;0;0;0;0;0;0;0;0;0;0;0;0;0;-6.28;0;0;0;0;0.0004;0;0;0;0;0;0;0;-0.0004;-0.0884;0;0;0;0;0;0;0;0;0;-0.7452;0;0.7452;1;1;0;0;0;0
25/10/21 21:00;0;0;90;0;0;90;0;0;0;0;7.0099;2.8601;0;0;0;0;0;0;0;0;0;0;0;0;0;1;1;1;1;0;0;0;0;0;0;0;0;0;0;0;0;0;0;0;0;0;0;0;0;0;0;0;0;0;0;0;0;0;0;0;0;0;0;0;1;1;1;1;1;1;1;1;1;1;1;1;1;1;1;1;1;1;1;0;0;0;0;0;0;0;0;0;0.0004;0.088;-0.0884;0;0;0;0;0;0;0;0;0;0;0;0;0;0;0;0;0;0;0;-7.0099;0;0;0;0;0.0004;0;0;0;0;0;0;0;-0.0004;-0.0884;0;0;0;0;0;0;0;0;0;-0.7452;0;0.7452;1;1;0;0;0;0
25/10/21 22:00;0;0;90;0;0;90;0;0;0;0;5.9602;2.7999;0;0;0;0;0;0;0;0;0;0;0;0;0;1;1;1;1;0;0;0;0;0;0;0;0;0;0;0;0;0;0;0;0;0;0;0;0;0;0;0;0;0;0;0;0;0;0;0;0;0;0;0;1;1;1;1;1;1;1;1;1;1;1;1;1;1;1;1;1;1;1;0;0;0;0;0;0;0;0;0;0.0004;0.088;-0.0884;0;0;0;0;0;0;0;0;0;0;0;0;0;0;0;0;0;0;0;-5.9602;0;0;0;0;0.0004;0;0;0;0;0;0;0;-0.0004;-0.0884;0;0;0;0;0;0;0;0;0;-0.7452;0;0.7452;1;1;0;0;0;0
25/10/21 23:00;0;0;90;0;0;90;0;0;0;0;5.4098;2.68;0;0;0;0;0;0;0;0;0;0;0;0;0;1;1;1;1;0;0;0;0;0;0;0;0;0;0;0;0;0;0;0;0;0;0;0;0;0;0;0;0;0;0;0;0;0;0;0;0;0;0;0;1;1;1;1;1;1;1;1;1;1;1;1;1;1;1;1;1;1;1;0;0;0;0;0;0;0;0;0;0.0004;0.088;-0.0884;0;0;0;0;0;0;0;0;0;0;0;0;0;0;0;0;0;0;0;-5.4098;0;0;0;0;0.0004;0;0;0;0;0;0;0;-0.0004;-0.0884;0;0;0;0;0;0;0;0;0;-0.7452;0;0.7452;1;1;0;0;0;0
26/10/21 00:00;0;0;90;0;0;90;0;0;0;0;4.1501;2.44;0;0;0;0;0;0;0;0;0;0;0;0;0;1;1;1;1;0;0;0;0;0;0;0;0;0;0;0;0;0;0;0;0;0;0;0;0;0;0;0;0;0;0;0;0;0;0;0;0;0;0;0;1;1;1;1;1;1;1;1;1;1;1;1;1;1;1;1;1;1;1;0;0;0;0;0;0;0;0;0;0.0004;0.088;-0.0884;0;0;0;0;0;0;0;0;0;0;0;0;0;0;0;0;0;0;0;-4.1501;0;0;0;0;0.0004;0;0;0;0;0;0;0;-0.0004;-0.0884;0;0;0;0;0;0;0;0;0;-0.7452;0;0.7452;1;1;0;0;0;0
26/10/21 01:00;0;0;90;0;0;90;0;0;0;0;3.5298;2.0601;0;0;0;0;0;0;0;0;0;0;0;0;0;1;1;1;1;0;0;0;0;0;0;0;0;0;0;0;0;0;0;0;0;0;0;0;0;0;0;0;0;0;0;0;0;0;0;0;0;0;0;0;1;1;1;1;1;1;1;1;1;1;1;1;1;1;1;1;1;1;1;0;0;0;0;0;0;0;0;0;0.0004;0.088;-0.0884;0;0;0;0;0;0;0;0;0;0;0;0;0;0;0;0;0;0;0;-3.5298;0;0;0;0;0.0004;0;0;0;0;0;0;0;-0.0004;-0.0884;0;0;0;0;0;0;0;0;0;-0.7452;0;0.7452;1;1;0;0;0;0
26/10/21 02:00;0;0;90;0;0;90;0;0;0;0;3.0598;1.56;0;0;0;0;0;0;0;0;0;0;0;0;0;1;1;1;1;0;0;0;0;0;0;0;0;0;0;0;0;0;0;0;0;0;0;0;0;0;0;0;0;0;0;0;0;0;0;0;0;0;0;0;1;1;1;1;1;1;1;1;1;1;1;1;1;1;1;1;1;1;1;0;0;0;0;0;0;0;0;0;0.0004;0.088;-0.0884;0;0;0;0;0;0;0;0;0;0;0;0;0;0;0;0;0;0;0;-3.0598;0;0;0;0;0.0004;0;0;0;0;0;0;0;-0.0004;-0.0884;0;0;0;0;0;0;0;0;0;-0.7452;0;0.7452;1;1;0;0;0;0
26/10/21 03:00;0;0;90;0;0;90;0;0;0;0;2.53;0.9401;0;0;0;0;0;0;0;0;0;0;0;0;0;1;1;1;1;0;0;0;0;0;0;0;0;0;0;0;0;0;0;0;0;0;0;0;0;0;0;0;0;0;0;0;0;0;0;0;0;0;0;0;1;1;1;1;1;1;1;1;1;1;1;1;1;1;1;1;1;1;1;0;0;0;0;0;0;0;0;0;0.0004;0.088;-0.0884;0;0;0;0;0;0;0;0;0;0;0;0;0;0;0;0;0;0;0;-2.53;0;0;0;0;0.0004;0;0;0;0;0;0;0;-0.0004;-0.0884;0;0;0;0;0;0;0;0;0;-0.7452;0;0.7452;1;1;0;0;0;0
26/10/21 04:00;0;0;90;0;0;90;0;0;0;0;3.9899;0.45;0;0;0;0;0;0;0;0;0;0;0;0;0;1;1;1;1;0;0;0;0;0;0;0;0;0;0;0;0;0;0;0;0;0;0;0;0;0;0;0;0;0;0;0;0;0;0;0;0;0;0;0;1;1;1;1;1;1;1;1;1;1;1;1;1;1;1;1;1;1;1;0;0;0;0;0;0;0;0;0;0.0004;0.088;-0.0884;0;0;0;0;0;0;0;0;0;0;0;0;0;0;0;0;0;0;0;-3.9899;0;0;0;0;0.0004;0;0;0;0;0;0;0;-0.0004;-0.0884;0;0;0;0;0;0;0;0;0;-0.7452;0;0.7452;1;1;0;0;0;0
26/10/21 05:00;5.4812;-101.58;76.605;5.5942;8.0813;-90;-8.0813;58.291;27.998;30.293;3.1097;0.5699;0;73.47;21.484;15.539;0;0.0579;110.55;0;110.55;73.47;15.539;21.484;0.0579;0.6646;0.1949;0;0.0005;110.39;0.1568;0;0;0.1087;0.0481;89.774;20.509;16.186;3.4235;0.8971;0.0022;110.28;0.1104;0.0735;0.0155;0.0214;0;89.777;57.21;12.1;20.456;0.0076;13.003;10.467;3.8958;0.0027;0.1486;2.1379;0.003;2.2839;0;1;0;0;1.8965;0.9986;1;1;0.9949;0.169;0.814;0.7795;1;0.958;0.7758;0.999;0.999;1;0.999;0.999;0.8121;0.9522;0.131;0.3146;0.2611;0.0016;0.016;-0.0166;0.0018;0.0065;0.0004;0;0;0.088;0.1507;0;0;0;0;0;0;0;0;0;0;0;0;0.0052;0.0003;0.246;0.246;0;7.4766;7.4766;4.3669;0.0486;221.97;1108.2;1;0.0073;0.0073;0;0;0;0;0;0;0.2387;0.1507;0;14.703;17.026;9.008;10.431;97.042;97.042;2.6532;2.0744;1.2709;0.5788;0.8035;0.2182;0.3028;0.479;12.823;0.4722;0
26/10/21 06:00;17.024;-93.655;44.762;17.056;28.289;-90;-28.289;265.3;45.499;219.8;6.6303;0.74;0;533.08;19.605;59.78;0;3.1686;615.63;0;615.63;533.08;59.78;19.605;3.1686;0.8659;0.037;0;0.0051;612.1;3.5313;0;0;0.7897;2.7416;605.07;6.4225;5.1495;0.5775;0.6164;0.079;611.49;0.6121;0.5331;0.0598;0.0188;0.0004;605.14;527.39;59.143;18.18;0.3475;13.972;11.247;4.5548;0.2429;0.1513;2.1769;0.0739;2.0854;0;1;0;0;2.3205;0.9943;1;1;0.9597;0.1348;0.9895;0.9903;1;0.9672;0.8147;0.999;0.999;1;0.999;0.999;0.9828;0.9273;0.1097;1.752;1.7357;0.0105;0.0022;0.069;0.0116;0.0411;0.0004;0;0;0.088;1.4474;0;0;0;0;0;0;0;0;0;0;0;0;0.0331;0.0073;1.5606;1.5606;0;36.355;36.355;29.724;0.0491;1495.1;1043.8;1;0.0252;0.0252;0;0;0;0;0;0;1.5354;1.4474;0;16.751;19.397;15.536;17.99;98.384;98.384;14.775;13.161;12.206;1.6146;0.9547;0.1093;0.0646;0.8261;12.774;0.8239;0
26/10/21 07:00;29.279;-84.925;4.4689;29.375;60;-90;-60;496.71;81.899;414.81;11.7;1.94;0;845.6;23.831;102.18;0;24.835;996.44;0;996.44;845.6;102.18;23.831;24.835;0.8486;0.0488;0;0.0249;970.34;26.102;0;0;2.9856;23.116;968.38;0.9944;0.1304;0.0158;0.7368;0.1115;969.37;0.9703;0.8456;0.1022;0.0208;0.0017;971.89;844.62;102.06;20.088;1.6059;96.809;77.931;31.158;3.9903;1.2247;17.617;3.5135;14.851;0;1;0;0;2.0061;0.9738;1;1;0.8747;0.0692;0.999;0.9998;1;0.9646;0.9351;0.999;0.999;1;0.999;0.999;0.9718;0.8429;0.0647;2.8358;2.816;0.017;-0.0004;0.3481;0.0172;0.0609;0.0029;0;0;0.088;2.1765;0;0;0;0;0;0;0;0;0;0;0;0;0.049;0.0183;2.3031;2.3031;0;60.178;60.178;48.479;0.0501;2428.4;948.41;1;0.0386;0.0386;0;0;0;0;0;0;2.2645;2.1765;0;15.273;17.686;14.433;16.713;98.324;98.324;23.915;19.422;18.354;4.4925;1.0677;0.1879;0.0446;0.7675;20.753;0.7575;0
26/10/21 08:00;41.344;-74.721;11.411;42.369;47.631;-90;-47.631;712.31;117.5;594.81;16.1;2.44;0;882.63;34.446;113.28;0;23.228;1053.6;0;1053.6;882.63;113.28;34.446;23.228;0.8377;0.0547;0;0.022;1029;24.612;0;0;3.0876;21.524;1026.4;1.5057;0.3475;0.0446;1.0301;0.0835;1028;1.029;0.8826;0.1133;0.0314;0.0017;1031.8;881.4;113.13;30.297;1.6184;288.8;232.49;90.038;2.5655;3.2359;46.547;5.3314;47.218;0;1;0;0;1.4791;0.9766;1;1;0.9104;0.0733;0.9985;0.9996;1;0.9671;0.9509;0.999;0.999;1;0.999;0.999;0.9742;0.8796;0.0697;2.9984;3.0452;0.0183;0.0023;0.4594;0.018;0.0637;0.0074;0;0;0.088;2.2754;0;0;0;0;0;0;0;0;0;0;0;0;0.0513;0.0212;2.4036;2.4036;0;67.811;67.811;51.711;0.0504;2624.9;915.7;1;0.0402;0.0402;0;0;0;0;0;0;2.3634;2.2754;0;15.075;17.457;14.271;16.525;98.326;98.326;25.286;20.27;19.189;5.016;1.0815;0.1984;0.0428;0.7589;26.278;0.7346;0
26/10/21 09:00;52.717;-61.087;17.03;56.32;33.681;-90;-33.681;881.21;145.4;735.81;17.41;2.5499;0;884.23;44.314;116.6;0;14.792;1059.9;0;1059.9;884.23;116.6;44.314;14.792;0.8342;0.0558;0;0.014;1044.4;15.487;0;0;2.3543;13.133;1041.2;2.1909;0.5196;0.0685;1.3559;0.2469;1043.4;1.0444;0.8842;0.1166;0.042;0.0017;1045.2;882.83;116.41;40.562;1.4104;452.18;364.01;145.19;1.0041;4.5969;66.125;4.0001;69.718;0;1;0;0;1.2028;0.9854;1;1;0.9469;0.1122;0.9979;0.9994;1;0.9677;0.851;0.999;0.999;1;0.999;0.999;0.9823;0.9153;0.0954;3.0165;3.1229;0.0188;0.0035;0.4951;0.0182;0.0647;0.0105;0;0;0.088;2.309;0;0;0;0;0;0;0;0;0;0;0;0;0.0521;0.0222;2.4378;2.4378;0;69.959;69.959;52.549;0.0505;2690.9;905.92;1;0.0408;0.0408;0;0;0;0;0;0;2.397;2.309;0;15.198;17.599;14.395;16.669;98.326;98.326;25.438;20.558;19.472;4.8803;1.0862;0.1918;0.0427;0.7655;29.994;0.7313;0
26/10/21 10:00;62.259;-40.151;20.841;71.267;18.733;-90;-18.733;990.6;163.4;827.2;18.7;2.5301;0;873.47;51.793;116.36;0;5.2474;1046.9;0;1046.9;873.47;116.36;51.793;5.2474;0.8344;0.0545;0;0.005;1041.4;5.4441;0;0;1.0723;4.3718;1037.7;2.6944;0.6282;0.0837;1.789;0.1936;1040.4;1.0414;0.8735;0.1164;0.0507;0.0009;1038.9;871.97;116.16;48.881;0.6811;563.26;453.42;175.48;0.1482;6.0034;86.357;1.2566;92.212;0;1;0;0;1.0568;0.9948;1;1;0.9793;0.1669;0.9974;0.9993;1;0.9647;0.7787;0.999;0.999;1;0.999;0.999;0.9912;0.9438;0.1298;2.9793;3.1455;0.0189;0.0039;0.5118;0.0183;0.0648;0.0136;0;0;0.088;2.3107;0;0;0;0;0;0;0;0;0;0;0;0;0.0522;0.0225;2.4394;2.4394;0;71.121;71.121;52.421;0.0505;2708.9;900.53;1;0.0407;0.0407;0;0;0;0;0;0;2.3987;2.3107;0;15.398;17.83;14.585;16.89;98.331;98.331;25.125;20.572;19.487;4.5529;1.0854;0.1812;0.0432;0.7756;31.993;0.7305;0
26/10/21 11:00;67.327;-7.3896;22.475;86.924;3.0756;-90;-3.0756;1036.3;171;865.29;19.72;2.41;0;866.54;55.251;115.88;0;0.1493;1037.8;0;1037.8;866.54;115.88;55.251;0.1493;0.835;0.0534;0;0.0001;1037.6;0.1862;0;0;0.0618;0.1245;1033.4;3.2199;0.672;0.0899;2.4525;0.0055;1036.6;1.0376;0.8665;0.1159;0.0552;0;1033.4;865;115.67;52.681;0.0193;610.66;491.58;190.9;-0.0003;6.4557;92.863;-0.0034;99.319;0;1;0;0;1.0015;0.9998;1;1;0.9989;0.1661;0.9969;0.9992;1;0.9555;0.7777;0.999;0.999;1;0.999;0.999;0.9957;0.9535;0.129;2.9535;3.1425;0.0189;0.0038;0.5209;0.0182;0.0645;0.0146;0;0;0.088;2.2988;0;0;0;0;0;0;0;0;0;0;0;0;0.052;0.0225;2.4271;2.4271;0;71.958;71.958;52.238;0.0506;2705.9;896.98;1;0.0403;0.0403;0;0;0;0;0;0;2.3868;2.2988;0;15.454;17.895;14.637;16.949;98.338;98.338;24.908;20.468;19.386;4.4391;1.0822;0.1782;0.0434;0.7783;32.746;0.7295;0
26/10/21 12:00;64.965;28.877;21.749;77.29;12.71;90;12.71;1016.6;167.7;848.9;21.16;2.3199;0;870.22;53.66;116.23;0;2.4912;1042.6;0;1042.6;870.22;116.23;53.66;2.4912;0.8347;0.0539;0;0.0024;1039.9;2.6538;0;0;0.5803;2.0734;1036;2.9113;0.6531;0.0872;2.077;0.094;1038.9;1.0399;0.8702;0.1162;0.0531;0.0004;1036.5;868.7;116.02;50.949;0.3234;589.94;474.9;185.98;0.0388;6.1382;88.296;0.5124;94.396;0;1;0;0;1.0256;0.9975;1;1;0.9892;0.1677;0.9972;0.9992;1;0.9608;0.7747;0.999;0.999;1;0.999;0.999;0.9937;0.9495;0.1298;2.9672;3.1424;0.0189;0.0038;0.5397;0.0181;0.064;0.0138;0;0;0.088;2.2822;0;0;0;0;0;0;0;0;0;0;0;0;0.0516;0.0225;2.41;2.41;0;73.602;73.602;52.442;0.0506;2706.3;890.51;1;0.0398;0.0398;0;0;0;0;0;0;2.3702;2.2822;0;15.275;17.688;14.465;16.75;98.35;98.35;25.022;20.324;19.246;4.6985;1.0775;0.1878;0.0431;0.7692;32.407;0.7233;0
26/10/21 13:00;56.741;54.123;18.748;62.013;27.987;90;27.987;932.7;153.8;778.9;22.21;2.42;0;882.05;47.478;117.06;0;10.908;1057.5;0;1057.5;882.05;117.06;47.478;10.908;0.8341;0.0552;0;0.0103;1046.1;11.353;0;0;1.8856;9.4676;1042.7;2.4141;0.5706;0.0757;1.4951;0.2726;1045.1;1.0461;0.8821;0.1171;0.0456;0.0014;1045.6;880.6;116.87;44.051;1.1658;503.21;405.08;158.12;0.5674;5.3041;76.298;2.8751;81.034;0;1;0;0;1.1338;0.9893;1;1;0.9603;0.132;0.9977;0.9994;1;0.9672;0.8105;0.999;0.999;1;0.999;0.999;0.986;0.9278;0.1069;3.0096;3.1443;0.0189;0.0039;0.5566;0.018;0.0637;0.0118;0;0;0.088;2.2702;0;0;0;0;0;0;0;0;0;0;0;0;0.0513;0.0225;2.3976;2.3976;0;75.054;75.054;52.844;0.0507;2709;885.03;1;0.0393;0.0393;0;0;0;0;0;0;2.3582;2.2702;0;14.982;17.348;14.186;16.427;98.359;98.359;25.38;20.219;19.145;5.161;1.0739;0.2033;0.0423;0.7543;30.874;0.7157;0
26/10/21 14:00;45.884;69.991;13.779;47.663;42.337;90;42.337;787.5;137.8;649.7;23.34;2.5499;0;878.92;41.582;121.73;0;20.538;1062.8;0;1062.8;878.92;121.73;41.582;20.538;0.827;0.0585;0;0.0193;1040.7;22.097;0;0;3.149;18.948;1037.8;1.8444;0.4179;0.0579;1.2461;0.1225;1039.6;1.0407;0.8789;0.1217;0.0384;0.0016;1043;877.62;121.55;37.148;1.466;359.33;289.26;114.55;2.0634;3.7884;54.495;5.2391;56.22;0;1;0;0;1.3495;0.9792;1;1;0.9243;0.0774;0.9982;0.9995;1;0.9675;0.9229;0.999;0.999;1;0.999;0.999;0.9765;0.8934;0.0714;3.0246;3.0933;0.0186;0.003;0.5583;0.0176;0.0624;0.0084;0;0;0.088;2.2266;0;0;0;0;0;0;0;0;0;0;0;0;0.0503;0.0219;2.3529;2.3529;0;75.975;75.975;52.635;0.0507;2667.2;882.16;1;0.0382;0.0382;0;0;0;0;0;0;2.3146;2.2266;0;14.629;16.941;13.845;16.032;98.375;98.375;25.506;19.842;18.778;5.6644;1.0645;0.2221;0.0417;0.7362;30.218;0.709;0
26/10/21 15:00;34.007;81.218;7.2713;34.321;55.679;90;55.679;588.91;132;456.91;22.82;2.52;0;810.38;42.37;138.01;0;25.687;1016.4;0;1016.4;810.38;138.01;42.37;25.687;0.7973;0.067;0;0.0253;987.6;28.842;0;0;4.7795;24.062;985.01;1.6006;0.2033;0.0346;1.2863;0.0764;986.61;0.9876;0.8104;0.138;0.0376;0.0016;989.97;809.36;137.84;36.267;1.5464;180.71;145.47;55.819;5.4376;2.3076;33.194;4.9579;30.064;0;1;0;0;1.726;0.9716;1;1;0.8872;0.0632;0.9984;0.9997;1;0.9657;0.9529;0.999;0.999;1;0.999;0.999;0.9691;0.856;0.0602;2.8927;2.8989;0.0175;0.0004;0.4889;0.0167;0.0594;0.0052;0;0;0.088;2.1196;0;0;0;0;0;0;0;0;0;0;0;0;0.0478;0.0193;2.2436;2.2436;0;72.639;72.639;49.819;0.0506;2501;897.09;1;0.036;0.036;0;0;0;0;0;0;2.2076;2.1196;0;14.586;16.89;13.78;15.957;98.395;98.395;24.395;18.921;17.875;5.4738;1.0458;0.2244;0.0429;0.7327;35.112;0.7153;0
26/10/21 16:00;21.783;90.361;25.84;21.784;42.378;90;42.378;355.9;138.8;217.1;22.31;2.04;0;526.53;69.728;142.1;0;9.2993;747.66;0;747.66;526.53;142.1;69.728;9.2993;0.7042;0.1057;0;0.0124;733.8;13.868;0;0;5.2881;8.5801;730.32;2.7408;0.4695;0.1267;2.0894;0.0552;733.06;0.7338;0.5265;0.1421;0.0644;0.0007;731.07;525.54;141.84;62.286;0.6632;52.041;41.893;17.422;3.4654;0.7005;10.076;0.7529;7.3107;0;1;0;0;2.1008;0.9815;1;1;0.9242;0.0773;0.9963;0.9991;1;0.9675;0.9232;0.999;0.999;1;0.999;0.999;0.9768;0.8933;0.0713;2.1278;2.1119;0.0127;-0.001;0.2529;0.0129;0.0459;0.0017;0;0;0.088;1.6243;0;0;0;0;0;0;0;0;0;0;0;0;0.0369;0.0106;1.7393;1.7393;0;58.839;58.839;36.529;0.05;1823.9;953.58;1;0.027;0.027;0;0;0;0;0;0;1.7123;1.6243;0;15.372;17.8;14.356;16.624;98.45;98.45;17.944;14.667;13.698;3.2765;0.9695;0.1826;0.054;0.7634;50.69;0.7558;0
26/10/21 17:00;9.5656;98.751;66.233;9.6761;14.38;90;14.38;119.49;98.303;21.19;21.88;1.6899;0;51.393;87.859;21.937;0;0.3744;161.56;0;161.56;51.393;21.937;87.859;0.3744;0.3181;0.5461;0;0.0023;160.08;1.4816;0;0;1.1698;0.3118;151.39;8.5341;3.6595;1.5621;3.2985;0.0141;159.92;0.1601;0.0514;0.0219;0.0867;0.0001;151.45;47.682;20.353;83.304;0.0485;53.498;43.066;16.054;0.0978;0.6155;8.8534;0.0589;9.3711;0;1;0;0;1.3521;0.9908;1;1;0.9867;0.1672;0.9466;0.9287;1;0.9619;0.775;0.999;0.999;1;0.999;0.999;0.937;0.9482;0.1294;0.4598;0.451;0.0027;0.0173;0.0071;0.003;0.0105;0.0016;0;0;0.088;0.3037;0;0;0;0;0;0;0;0;0;0;0;0;0.0085;0.0007;0.3997;0.3997;0;29.343;29.343;7.4626;0.0493;385.69;1036.4;1;0.0081;0.0081;0;0;0;0;0;0;0.3917;0.3037;0;16.348;18.931;12.42;14.382;97.984;97.984;3.8775;3.3708;2.5608;0.5067;0.8101;0.1307;0.2089;0.6604;53.35;0.6344;0
26/10/21 18:00;1.7538;104.21;85.743;1.8091;2.582;90;2.582;0;0;0;16.67;1.71;0;0;0;0;0;0;0;0;0;0;0;0;0;1;1;1;1;0;0;0;0;0;0;0;0;0;0;0;0;0;0;0;0;0;0;0;0;0;0;0;0;0;0;0;0;0;0;0;0;0;0;0;1;1;1;1;1;1;1;1;1;1;1;1;1;1;1;1;1;1;1;0;0;0;0;0;0;0;0;0;0.0004;0.088;-0.0884;0;0;0;0;0;0;0;0;0;0;0;0;0;0;0;0;0;0;0;-16.67;0;0;0;0;0.0004;0;0;0;0;0;0;0;-0.0004;-0.0884;0;0;0;0;0;0;0;0;0;-0.7452;0;0.7452;1;1;0;0;0;0
26/10/21 19:00;0;0;90;0;0;90;0;0;0;0;10.14;1.7501;0;0;0;0;0;0;0;0;0;0;0;0;0;1;1;1;1;0;0;0;0;0;0;0;0;0;0;0;0;0;0;0;0;0;0;0;0;0;0;0;0;0;0;0;0;0;0;0;0;0;0;0;1;1;1;1;1;1;1;1;1;1;1;1;1;1;1;1;1;1;1;0;0;0;0;0;0;0;0;0;0.0004;0.088;-0.0884;0;0;0;0;0;0;0;0;0;0;0;0;0;0;0;0;0;0;0;-10.14;0;0;0;0;0.0004;0;0;0;0;0;0;0;-0.0004;-0.0884;0;0;0;0;0;0;0;0;0;-0.7452;0;0.7452;1;1;0;0;0;0
26/10/21 20:00;0;0;90;0;0;90;0;0;0;0;8.1001;1.88;0;0;0;0;0;0;0;0;0;0;0;0;0;1;1;1;1;0;0;0;0;0;0;0;0;0;0;0;0;0;0;0;0;0;0;0;0;0;0;0;0;0;0;0;0;0;0;0;0;0;0;0;1;1;1;1;1;1;1;1;1;1;1;1;1;1;1;1;1;1;1;0;0;0;0;0;0;0;0;0;0.0004;0.088;-0.0884;0;0;0;0;0;0;0;0;0;0;0;0;0;0;0;0;0;0;0;-8.1001;0;0;0;0;0.0004;0;0;0;0;0;0;0;-0.0004;-0.0884;0;0;0;0;0;0;0;0;0;-0.7452;0;0.7452;1;1;0;0;0;0
26/10/21 21:00;0;0;90;0;0;90;0;0;0;0;6.5299;1.9801;0;0;0;0;0;0;0;0;0;0;0;0;0;1;1;1;1;0;0;0;0;0;0;0;0;0;0;0;0;0;0;0;0;0;0;0;0;0;0;0;0;0;0;0;0;0;0;0;0;0;0;0;1;1;1;1;1;1;1;1;1;1;1;1;1;1;1;1;1;1;1;0;0;0;0;0;0;0;0;0;0.0004;0.088;-0.0884;0;0;0;0;0;0;0;0;0;0;0;0;0;0;0;0;0;0;0;-6.5299;0;0;0;0;0.0004;0;0;0;0;0;0;0;-0.0004;-0.0884;0;0;0;0;0;0;0;0;0;-0.7452;0;0.7452;1;1;0;0;0;0
26/10/21 22:00;0;0;90;0;0;90;0;0;0;0;5.3998;2.13;0;0;0;0;0;0;0;0;0;0;0;0;0;1;1;1;1;0;0;0;0;0;0;0;0;0;0;0;0;0;0;0;0;0;0;0;0;0;0;0;0;0;0;0;0;0;0;0;0;0;0;0;1;1;1;1;1;1;1;1;1;1;1;1;1;1;1;1;1;1;1;0;0;0;0;0;0;0;0;0;0.0004;0.088;-0.0884;0;0;0;0;0;0;0;0;0;0;0;0;0;0;0;0;0;0;0;-5.3998;0;0;0;0;0.0004;0;0;0;0;0;0;0;-0.0004;-0.0884;0;0;0;0;0;0;0;0;0;-0.7452;0;0.7452;1;1;0;0;0;0
26/10/21 23:00;0;0;90;0;0;90;0;0;0;0;5.3998;2.42;0;0;0;0;0;0;0;0;0;0;0;0;0;1;1;1;1;0;0;0;0;0;0;0;0;0;0;0;0;0;0;0;0;0;0;0;0;0;0;0;0;0;0;0;0;0;0;0;0;0;0;0;1;1;1;1;1;1;1;1;1;1;1;1;1;1;1;1;1;1;1;0;0;0;0;0;0;0;0;0;0.0004;0.088;-0.0884;0;0;0;0;0;0;0;0;0;0;0;0;0;0;0;0;0;0;0;-5.3998;0;0;0;0;0.0004;0;0;0;0;0;0;0;-0.0004;-0.0884;0;0;0;0;0;0;0;0;0;-0.7452;0;0.7452;1;1;0;0;0;0
27/10/21 00:00;0;0;90;0;0;90;0;0;0;0;4.9697;2.7701;0;0;0;0;0;0;0;0;0;0;0;0;0;1;1;1;1;0;0;0;0;0;0;0;0;0;0;0;0;0;0;0;0;0;0;0;0;0;0;0;0;0;0;0;0;0;0;0;0;0;0;0;1;1;1;1;1;1;1;1;1;1;1;1;1;1;1;1;1;1;1;0;0;0;0;0;0;0;0;0;0.0004;0.088;-0.0884;0;0;0;0;0;0;0;0;0;0;0;0;0;0;0;0;0;0;0;-4.9697;0;0;0;0;0.0004;0;0;0;0;0;0;0;-0.0004;-0.0884;0;0;0;0;0;0;0;0;0;-0.7452;0;0.7452;1;1;0;0;0;0
27/10/21 01:00;0;0;90;0;0;90;0;0;0;0;4.9697;3.06;0;0;0;0;0;0;0;0;0;0;0;0;0;1;1;1;1;0;0;0;0;0;0;0;0;0;0;0;0;0;0;0;0;0;0;0;0;0;0;0;0;0;0;0;0;0;0;0;0;0;0;0;1;1;1;1;1;1;1;1;1;1;1;1;1;1;1;1;1;1;1;0;0;0;0;0;0;0;0;0;0.0004;0.088;-0.0884;0;0;0;0;0;0;0;0;0;0;0;0;0;0;0;0;0;0;0;-4.9697;0;0;0;0;0.0004;0;0;0;0;0;0;0;-0.0004;-0.0884;0;0;0;0;0;0;0;0;0;-0.7452;0;0.7452;1;1;0;0;0;0
27/10/21 02:00;0;0;90;0;0;90;0;0;0;0;3.6003;3.2601;0;0;0;0;0;0;0;0;0;0;0;0;0;1;1;1;1;0;0;0;0;0;0;0;0;0;0;0;0;0;0;0;0;0;0;0;0;0;0;0;0;0;0;0;0;0;0;0;0;0;0;0;1;1;1;1;1;1;1;1;1;1;1;1;1;1;1;1;1;1;1;0;0;0;0;0;0;0;0;0;0.0004;0.088;-0.0884;0;0;0;0;0;0;0;0;0;0;0;0;0;0;0;0;0;0;0;-3.6003;0;0;0;0;0.0004;0;0;0;0;0;0;0;-0.0004;-0.0884;0;0;0;0;0;0;0;0;0;-0.7452;0;0.7452;1;1;0;0;0;0
27/10/21 03:00;0;0;90;0;0;90;0;0;0;0;2.4097;3.38;0;0;0;0;0;0;0;0;0;0;0;0;0;1;1;1;1;0;0;0;0;0;0;0;0;0;0;0;0;0;0;0;0;0;0;0;0;0;0;0;0;0;0;0;0;0;0;0;0;0;0;0;1;1;1;1;1;1;1;1;1;1;1;1;1;1;1;1;1;1;1;0;0;0;0;0;0;0;0;0;0.0004;0.088;-0.0884;0;0;0;0;0;0;0;0;0;0;0;0;0;0;0;0;0;0;0;-2.4097;0;0;0;0;0.0004;0;0;0;0;0;0;0;-0.0004;-0.0884;0;0;0;0;0;0;0;0;0;-0.7452;0;0.7452;1;1;0;0;0;0
27/10/21 04:00;0;0;90;0;0;90;0;0;0;0;1.7203;3.4201;0;0;0;0;0;0;0;0;0;0;0;0;0;1;1;1;1;0;0;0;0;0;0;0;0;0;0;0;0;0;0;0;0;0;0;0;0;0;0;0;0;0;0;0;0;0;0;0;0;0;0;0;1;1;1;1;1;1;1;1;1;1;1;1;1;1;1;1;1;1;1;0;0;0;0;0;0;0;0;0;0.0004;0.088;-0.0884;0;0;0;0;0;0;0;0;0;0;0;0;0;0;0;0;0;0;0;-1.7203;0;0;0;0;0.0004;0;0;0;0;0;0;0;-0.0004;-0.0884;0;0;0;0;0;0;0;0;0;-0.7452;0;0.7452;1;1;0;0;0;0
27/10/21 05:00;5.4917;-101.98;76.579;5.6132;8.1095;-90;-8.1095;65.206;26.003;39.204;3.4002;3.9099;0;95.08;18.229;18.632;0;0.0652;132.01;0;132.01;95.08;18.632;18.229;0.0652;0.7203;0.1386;0;0.0005;131.86;0.147;0;0;0.0928;0.0542;105.98;25.745;20.888;4.0932;0.7608;0.0025;131.73;0.1319;0.0951;0.0186;0.0181;0;105.98;74.097;14.52;17.357;0.0085;11.111;8.9441;3.3425;0.0023;0.1261;1.8141;0.0025;1.9379;0;1;0;0;2.0244;0.9989;1;1;0.9949;0.169;0.8046;0.7801;1;0.958;0.7758;0.999;0.999;1;0.999;0.999;0.8029;0.9522;0.131;0.3757;0.3069;0.0018;0.0166;-0.0182;0.0021;0.0076;0.0003;0;0;0.088;0.1944;0;0;0;0;0;0;0;0;0;0;0;0;0.0061;0.0004;0.2901;0.2901;0;8.5514;8.5514;5.1512;0.0486;261.32;1109.9;1;0.0076;0.0076;0;0;0;0;0;0;0.2824;0.1944;0;14.519;16.813;9.7325;11.27;97.37;97.37;3.1681;2.446;1.6396;0.7221;0.8064;0.2279;0.2545;0.5175;10.881;0.5123;0
27/10/21 06:00;17.227;-93.939;44.09;17.265;28.773;-90;-28.773;275.59;45.499;230.09;8.0403;4.1301;0;558.04;18.769;61.833;0;3.4027;642.05;0;642.05;558.04;61.833;18.769;3.4027;0.8692;0.0345;0;0.0053;638.32;3.7277;0;0;0.7767;2.951;631.27;6.4153;5.1715;0.573;0.5884;0.0824;637.68;0.6383;0.558;0.0618;0.018;0.0005;631.34;552.32;61.198;17.386;0.3689;13.521;10.884;4.4302;0.2467;0.1457;2.0965;0.0738;1.9956;0;1;0;0;2.3297;0.9942;1;1;0.9586;0.1327;0.9899;0.9907;1;0.9673;0.8174;0.999;0.999;1;0.999;0.999;0.9832;0.9263;0.1084;1.8272;1.8105;0.0109;0.0014;0.0896;0.012;0.0424;0.0004;0;0;0.088;1.4978;0;0;0;0;0;0;0;0;0;0;0;0;0.0342;0.0079;1.6118;1.6118;0;39.118;39.118;31.078;0.0492;1559.7;1033.4;1;0.026;0.026;0;0;0;0;0;0;1.5858;1.4978;0;16.589;19.209;15.415;17.85;98.386;98.386;15.409;13.592;12.631;1.8167;0.9615;0.1179;0.0624;0.8197;12.268;0.8177;0
27/10/21 07:00;29.482;-85.236;4.1684;29.567;60;-90;-60;499.89;82.398;417.49;12.81;3.08;0;846.05;23.99;102.16;0;24.995;997.19;0;997.19;846.05;102.16;23.99;24.995;0.8484;0.0491;0;0.0251;970.92;26.27;0;0;3.0056;23.264;968.96;0.9903;0.1217;0.0147;0.7417;0.1122;969.95;0.9709;0.846;0.1022;0.021;0.0017;972.5;845.08;102.04;20.222;1.6162;99.743;80.293;32.457;4.017;1.2326;17.731;3.5361;14.947;0;1;0;0;1.9948;0.9737;1;1;0.8747;0.0692;0.999;0.9999;1;0.9646;0.9351;0.999;0.999;1;0.999;0.999;0.9717;0.8429;0.0647;2.8379;2.8179;0.017;-0.0004;0.3604;0.0171;0.0606;0.0029;0;0;0.088;2.167;0;0;0;0;0;0;0;0;0;0;0;0;0.0488;0.0183;2.2933;2.2933;0;61.365;61.365;48.555;0.0501;2429.9;943.78;1;0.0383;0.0383;0;0;0;0;0;0;2.255;2.167;0;15.196;17.597;14.36;16.628;98.332;98.332;23.933;19.339;18.275;4.5933;1.0648;0.1919;0.0445;0.7636;20.891;0.7536;0
27/10/21 08:00;41.56;-75.069;11.116;42.539;47.461;-90;-47.461;712.19;117.5;594.69;18.83;2.7899;0;879.6;34.808;112.36;0;23.069;1049.8;0;1049.8;879.6;112.36;34.808;23.069;0.8378;0.0551;0;0.022;1025.4;24.476;0;0;3.1039;21.372;1022.8;1.5055;0.3374;0.0431;1.0408;0.0842;1024.3;1.0254;0.8796;0.1124;0.0317;0.0017;1028.1;878.39;112.2;30.632;1.611;290.16;233.58;90.564;2.5606;3.2434;46.655;5.3021;47.338;0;1;0;0;1.4741;0.9767;1;1;0.9108;0.0736;0.9985;0.9996;1;0.9671;0.9503;0.999;0.999;1;0.999;0.999;0.9743;0.88;0.0698;2.9878;3.035;0.0183;0.0021;0.4872;0.0177;0.0627;0.0074;0;0;0.088;2.2409;0;0;0;0;0;0;0;0;0;0;0;0;0.0505;0.0211;2.368;2.368;0;70.472;70.472;51.642;0.0505;2616.9;904.87;1;0.0391;0.0391;0;0;0;0;0;0;2.3289;2.2409;0;14.905;17.259;14.105;16.333;98.348;98.348;25.196;19.969;18.897;5.2267;1.0721;0.2074;0.0425;0.75;26.511;0.7259;0
27/10/21 09:00;52.962;-61.474;16.717;56.456;33.544;-90;-33.544;875.21;144.4;730.81;21.3;2.7199;0;876.83;44.97;114.4;0;14.575;1050.8;0;1050.8;876.83;114.4;44.97;14.575;0.8345;0.0567;0;0.0139;1035.5;15.306;0;0;2.3739;12.932;1032.2;2.1947;0.5058;0.066;1.3767;0.2463;1034.4;1.0355;0.8768;0.1144;0.0426;0.0016;1036.2;875.45;114.22;41.176;1.3951;449.86;362.13;144.42;1.0047;4.5749;65.809;3.9394;69.379;0;1;0;0;1.2006;0.9854;1;1;0.9472;0.1127;0.9979;0.9994;1;0.9676;0.8499;0.999;0.999;1;0.999;0.999;0.9824;0.9157;0.0957;2.9904;3.0964;0.0186;0.0031;0.5314;0.0178;0.0631;0.0103;0;0;0.088;2.2522;0;0;0;0;0;0;0;0;0;0;0;0;0.0509;0.0219;2.3793;2.3793;0;73.549;73.549;52.249;0.0506;2668.7;891.56;1;0.0391;0.0391;0;0;0;0;0;0;2.3402;2.2522;0;14.963;17.326;14.164;16.401;98.358;98.358;25.219;20.065;18.993;5.1535;1.0716;0.2044;0.0425;0.7532;30.407;0.7194;0
27/10/21 10:00;62.555;-40.508;20.513;71.358;18.642;-90;-18.642;982.9;162.2;820.7;22.97;2.8601;0;866.14;52.602;114.17;0;5.1567;1038.1;0;1038.1;866.14;114.17;52.602;5.1567;0.8344;0.0556;0;0.005;1032.7;5.376;0;0;1.0802;4.2958;1029;2.7045;0.6131;0.0808;1.8201;0.1904;1031.7;1.0327;0.8661;0.1142;0.0515;0.0009;1030.2;864.66;113.98;49.65;0.6697;559.14;450.11;174.18;0.1479;5.9608;85.744;1.2331;91.556;0;1;0;0;1.0561;0.9948;1;1;0.9795;0.167;0.9974;0.9993;1;0.9646;0.7786;0.999;0.999;1;0.999;0.999;0.9912;0.9439;0.1299;2.9543;3.1192;0.0188;0.0034;0.5531;0.0178;0.0632;0.0133;0;0;0.088;2.2498;0;0;0;0;0;0;0;0;0;0;0;0;0.0509;0.0222;2.3766;2.3766;0;75.121;75.121;52.15;0.0507;2686.7;884.59;1;0.0388;0.0388;0;0;0;0;0;0;2.3378;2.2498;0;15.129;17.519;14.321;16.584;98.366;98.366;24.914;20.042;18.973;4.8715;1.0696;0.1955;0.0429;0.7615;32.479;0.7172;0
27/10/21 11:00;67.665;-7.4294;22.137;86.959;3.0409;-90;-3.0409;1018.9;168;850.9;24.35;3.0299;0;852.1;56.5;111.62;0;0.1435;1020.4;0;1020.4;852.1;111.62;56.5;0.1435;0.8351;0.0555;0;0.0001;1020.2;0.1818;0;0;0.0621;0.1196;1015.9;3.2503;0.6509;0.0853;2.5088;0.0053;1019.2;1.0202;0.8521;0.1116;0.0564;0;1015.9;850.6;111.42;53.873;0.0185;600.43;483.35;187.68;-0.0003;6.3491;91.33;-0.0037;97.679;0;1;0;0;1.0014;0.9998;1;1;0.9989;0.166;0.9968;0.9992;1;0.9555;0.7777;0.999;0.999;1;0.999;0.999;0.9956;0.9535;0.129;2.9039;3.0895;0.0186;0.003;0.5564;0.0176;0.0623;0.0141;0;0;0.088;2.2195;0;0;0;0;0;0;0;0;0;0;0;0;0.0502;0.0218;2.3455;2.3455;0;75.87;75.87;51.52;0.0507;2660.7;881.53;1;0.038;0.038;0;0;0;0;0;0;2.3075;2.2195;0;15.19;17.589;14.373;16.644;98.378;98.378;24.489;19.78;18.717;4.7088;1.0629;0.1923;0.0434;0.7643;33.485;0.7163;0
27/10/21 12:00;65.265;29.251;21.411;77.314;12.686;90;12.686;1016.9;168.1;848.79;25.16;3.21;0;870.03;54.133;116.13;0;2.4825;1042.8;0;1042.8;870.03;116.13;54.133;2.4825;0.8343;0.0543;0;0.0024;1040.1;2.6497;0;0;0.5836;2.0661;1036.2;2.9185;0.6428;0.0858;2.0962;0.0937;1039.1;1.0401;0.87;0.1161;0.0535;0.0004;1036.7;868.52;115.93;51.4;0.3222;590.15;475.07;186.04;0.0389;6.1409;88.335;0.5102;94.437;0;1;0;0;1.0255;0.9975;1;1;0.9892;0.1677;0.9972;0.9993;1;0.9608;0.7747;0.999;0.999;1;0.999;0.999;0.9937;0.9495;0.1298;2.9677;3.143;0.0189;0.0038;0.5878;0.0177;0.0629;0.0135;0;0;0.088;2.2388;0;0;0;0;0;0;0;0;0;0;0;0;0.0506;0.0225;2.3651;2.3651;0;77.792;77.792;52.632;0.0508;2702.3;875;1;0.0383;0.0383;0;0;0;0;0;0;2.3268;2.2388;0;14.987;17.355;14.187;16.428;98.379;98.379;25.027;19.945;18.88;5.0815;1.0654;0.203;0.0426;0.7544;32.69;0.7094;0
27/10/21 13:00;56.974;54.573;18.417;62.09;27.91;90;27.91;928.21;154.2;774.01;26.56;3.38;0;875.89;48.536;116.18;0;10.797;1051.4;0;1051.4;875.89;116.18;48.536;10.797;0.8331;0.0564;0;0.0103;1040.1;11.287;0;0;1.9192;9.3679;1036.6;2.4308;0.5566;0.0738;1.5292;0.2711;1039.1;1.0401;0.8759;0.1162;0.0466;0.0014;1039.5;874.45;115.99;45.041;1.1562;501.17;403.44;157.46;0.5744;5.2847;76.018;2.8441;80.728;0;1;0;0;1.1327;0.9893;1;1;0.9605;0.1323;0.9977;0.9994;1;0.9672;0.8101;0.999;0.999;1;0.999;0.999;0.986;0.928;0.1071;2.9922;3.1263;0.0188;0.0036;0.6019;0.0175;0.0621;0.0116;0;0;0.088;2.2128;0;0;0;0;0;0;0;0;0;0;0;0;0.05;0.0223;2.3386;2.3386;0;79.28;79.28;52.72;0.0509;2668.7;875;1;0.0377;0.0377;0;0;0;0;0;0;2.3008;2.2128;0;14.698;17.02;13.908;16.105;98.387;98.387;25.234;19.721;18.661;5.5122;1.0602;0.2184;0.042;0.7395;31.546;0.7016;0
27/10/21 14:00;46.074;70.394;13.461;47.781;42.219;90;42.219;782.69;141;641.69;27.68;3.39;0;866.46;43.863;122.34;0;20.304;1053;0;1053;866.46;122.34;43.863;20.304;0.8229;0.0609;0;0.0193;1030.9;22.035;0;0;3.3082;18.727;1028;1.8966;0.4025;0.0568;1.3147;0.1226;1029.9;1.0309;0.8665;0.1223;0.0406;0.0016;1033.2;865.2;122.16;39.199;1.4528;358.43;288.53;114.32;2.1555;3.782;54.403;5.1913;56.03;0;1;0;0;1.3453;0.9791;1;1;0.9246;0.0777;0.9982;0.9995;1;0.9675;0.9222;0.999;0.999;1;0.999;0.999;0.9763;0.8937;0.0716;2.9967;3.065;0.0185;0.0026;0.5984;0.0171;0.0607;0.0082;0;0;0.088;2.1645;0;0;0;0;0;0;0;0;0;0;0;0;0.0489;0.0215;2.2891;2.2891;0;79.991;79.991;52.311;0.0509;2611;875;1;0.0366;0.0366;0;0;0;0;0;0;2.2525;2.1645;0;14.365;16.635;13.584;15.73;98.402;98.402;25.271;19.304;18.254;5.967;1.0505;0.2361;0.0416;0.7223;31.842;0.6954;0
27/10/21 15:00;34.178;81.571;6.9655;34.468;55.532;90;55.532;442.91;259.5;183.41;27.48;3.1199;0;324.08;155.34;107.97;0;19.225;606.61;0;606.61;324.08;107.97;155.34;19.225;0.5342;0.2878;0;0.0317;571.14;35.464;0;0;17.456;18.009;565.7;4.8739;0.0779;0.026;4.7134;0.0567;570.57;0.5711;0.3241;0.108;0.1379;0.0012;571.02;323.68;107.83;133.03;1.1581;195.76;157.59;65.24;19.732;3.0894;44.44;5.3224;27.798;0;1;0;0;1.3696;0.9415;1;1;0.8876;0.0632;0.9915;0.9998;1;0.9658;0.9534;0.999;0.999;1;0.999;0.999;0.9326;0.8564;0.0602;1.7264;1.7228;0.0104;0.0024;0.1879;0.0107;0.0378;0.0075;0;0;0.088;1.3192;0;0;0;0;0;0;0;0;0;0;0;0;0.0304;0.0072;1.4285;1.4285;0;55.725;55.725;28.245;0.0499;1483;963.27;1;0.0213;0.0213;0;0;0;0;0;0;1.4072;1.3192;0;15.561;18.019;14.371;16.641;98.511;98.511;14.559;12.047;11.125;2.5119;0.9215;0.1725;0.0633;0.7642;128.52;0.7244;0
27/10/21 16:00;21.949;90.679;24.968;21.951;43.089;90;43.089;142.8;139;3.7989;27.12;2.0099;0;9.2134;119.37;2.471;0;3.8513;134.91;0;134.91;9.2134;2.471;119.37;3.8513;0.0683;0.9134;0;0.0285;122.07;12.835;0;0;9.2761;3.559;118.35;3.605;0.0079;0.0021;3.5737;0.0212;121.95;0.1221;0.0092;0.0025;0.1101;0.0003;119.7;9.1962;2.4664;106.41;0.2708;87.348;70.315;28.995;6.2785;1.2218;17.575;1.3492;12.518;0;1;0;0;0.9448;0.9049;1;1;0.9223;0.0759;0.9704;0.9991;1;0.9675;0.9275;0.999;0.999;1;0.999;0.999;0.8772;0.8914;0.0703;0.3839;0.3777;0.0023;0.0171;0.011;0.0024;0.0086;0.0031;0;0;0.088;0.2306;0;0;0;0;0;0;0;0;0;0;0;0;0.0069;0.0005;0.3257;0.3257;0;32.985;32.985;5.8656;0.0496;321.86;1011.8;1;0.007;0.007;0;0;0;0;0;0;0.3186;0.2306;0;15.951;18.471;11.297;13.081;97.842;97.842;3.2378;2.7464;1.945;0.4915;0.8014;0.1518;0.2475;0.6007;87.324;0.5473;0
27/10/21 17:00;9.7372;99.047;65.784;9.8574;14.675;90;14.675;53.603;52.696;0.9064;23.58;1.08;0;2.1984;51.637;0.494;0;0.1749;54.504;0;54.504;2.1984;0.494;51.637;0.1749;0.0403;0.9506;0;0.0032;53.647;0.857;0;0;0.7114;0.1456;51.476;2.117;0.149;0.0335;1.9279;0.0066;53.593;0.0536;0.0022;0.0005;0.0509;0;51.513;2.0472;0.46;48.946;0.0226;31.393;25.271;9.4112;0.0618;0.3621;5.2082;0.0365;5.5084;0;1;0;0;1.0168;0.9843;1;1;0.9862;0.167;0.9605;0.9322;1;0.9621;0.7751;0.999;0.999;1;0.999;0.999;0.9445;0.9479;0.1293;0.1551;0.1578;0.001;0.0135;0.0007;0.001;0.0035;0.0009;0;0;0.088;0.041;0;0;0;0;0;0;0;0;0;0;0;0;0.0029;0.0001;0.1342;0.1342;0;26.14;26.14;2.5598;0.0497;133.54;1005.3;1;0.0053;0.0053;0;0;0;0;0;0;0.129;0.041;0;16.276;18.847;4.9698;5.7549;96.088;96.088;1.3081;1.1321;0.3457;0.176;0.7864;0.1345;0.6012;0.2643;31.387;0.2466;0
27/10/21 18:00;1.9335;104.5;85.306;1.9971;2.8512;90;2.8512;0;0;0;20.41;1.2899;0;0;0;0;0;0;0;0;0;0;0;0;0;1;1;1;1;0;0;0;0;0;0;0;0;0;0;0;0;0;0;0;0;0;0;0;0;0;0;0;0;0;0;0;0;0;0;0;0;0;0;0;1;1;1;1;1;1;1;1;1;1;1;1;1;1;1;1;1;1;1;0;0;0;0;0;0;0;0;0;0.0004;0.088;-0.0884;0;0;0;0;0;0;0;0;0;0;0;0;0;0;0;0;0;0;0;-20.41;0;0;0;0;0.0004;0;0;0;0;0;0;0;-0.0004;-0.0884;0;0;0;0;0;0;0;0;0;-0.7452;0;0.7452;1;1;0;0;0;0
27/10/21 19:00;0;0;90;0;0;90;0;0;0;0;15.9;2.04;0;0;0;0;0;0;0;0;0;0;0;0;0;1;1;1;1;0;0;0;0;0;0;0;0;0;0;0;0;0;0;0;0;0;0;0;0;0;0;0;0;0;0;0;0;0;0;0;0;0;0;0;1;1;1;1;1;1;1;1;1;1;1;1;1;1;1;1;1;1;1;0;0;0;0;0;0;0;0;0;0.0004;0.088;-0.0884;0;0;0;0;0;0;0;0;0;0;0;0;0;0;0;0;0;0;0;-15.9;0;0;0;0;0.0004;0;0;0;0;0;0;0;-0.0004;-0.0884;0;0;0;0;0;0;0;0;0;-0.7452;0;0.7452;1;1;0;0;0;0
27/10/21 20:00;0;0;90;0;0;90;0;0;0;0;14.54;2.7099;0;0;0;0;0;0;0;0;0;0;0;0;0;1;1;1;1;0;0;0;0;0;0;0;0;0;0;0;0;0;0;0;0;0;0;0;0;0;0;0;0;0;0;0;0;0;0;0;0;0;0;0;1;1;1;1;1;1;1;1;1;1;1;1;1;1;1;1;1;1;1;0;0;0;0;0;0;0;0;0;0.0004;0.088;-0.0884;0;0;0;0;0;0;0;0;0;0;0;0;0;0;0;0;0;0;0;-14.54;0;0;0;0;0.0004;0;0;0;0;0;0;0;-0.0004;-0.0884;0;0;0;0;0;0;0;0;0;-0.7452;0;0.7452;1;1;0;0;0;0
27/10/21 21:00;0;0;90;0;0;90;0;0;0;0;14.91;3.31;0;0;0;0;0;0;0;0;0;0;0;0;0;1;1;1;1;0;0;0;0;0;0;0;0;0;0;0;0;0;0;0;0;0;0;0;0;0;0;0;0;0;0;0;0;0;0;0;0;0;0;0;1;1;1;1;1;1;1;1;1;1;1;1;1;1;1;1;1;1;1;0;0;0;0;0;0;0;0;0;0.0004;0.088;-0.0884;0;0;0;0;0;0;0;0;0;0;0;0;0;0;0;0;0;0;0;-14.91;0;0;0;0;0.0004;0;0;0;0;0;0;0;-0.0004;-0.0884;0;0;0;0;0;0;0;0;0;-0.7452;0;0.7452;1;1;0;0;0;0
27/10/21 22:00;0;0;90;0;0;90;0;0;0;0;14.9;3.71;0;0;0;0;0;0;0;0;0;0;0;0;0;1;1;1;1;0;0;0;0;0;0;0;0;0;0;0;0;0;0;0;0;0;0;0;0;0;0;0;0;0;0;0;0;0;0;0;0;0;0;0;1;1;1;1;1;1;1;1;1;1;1;1;1;1;1;1;1;1;1;0;0;0;0;0;0;0;0;0;0.0004;0.088;-0.0884;0;0;0;0;0;0;0;0;0;0;0;0;0;0;0;0;0;0;0;-14.9;0;0;0;0;0.0004;0;0;0;0;0;0;0;-0.0004;-0.0884;0;0;0;0;0;0;0;0;0;-0.7452;0;0.7452;1;1;0;0;0;0
27/10/21 23:00;0;0;90;0;0;90;0;0;0;0;15.66;3.96;0;0;0;0;0;0;0;0;0;0;0;0;0;1;1;1;1;0;0;0;0;0;0;0;0;0;0;0;0;0;0;0;0;0;0;0;0;0;0;0;0;0;0;0;0;0;0;0;0;0;0;0;1;1;1;1;1;1;1;1;1;1;1;1;1;1;1;1;1;1;1;0;0;0;0;0;0;0;0;0;0.0004;0.088;-0.0884;0;0;0;0;0;0;0;0;0;0;0;0;0;0;0;0;0;0;0;-15.66;0;0;0;0;0.0004;0;0;0;0;0;0;0;-0.0004;-0.0884;0;0;0;0;0;0;0;0;0;-0.7452;0;0.7452;1;1;0;0;0;0
28/10/21 00:00;0;0;90;0;0;90;0;0;0;0;14.47;4.04;0;0;0;0;0;0;0;0;0;0;0;0;0;1;1;1;1;0;0;0;0;0;0;0;0;0;0;0;0;0;0;0;0;0;0;0;0;0;0;0;0;0;0;0;0;0;0;0;0;0;0;0;1;1;1;1;1;1;1;1;1;1;1;1;1;1;1;1;1;1;1;0;0;0;0;0;0;0;0;0;0.0004;0.088;-0.0884;0;0;0;0;0;0;0;0;0;0;0;0;0;0;0;0;0;0;0;-14.47;0;0;0;0;0.0004;0;0;0;0;0;0;0;-0.0004;-0.0884;0;0;0;0;0;0;0;0;0;-0.7452;0;0.7452;1;1;0;0;0;0
28/10/21 01:00;0;0;90;0;0;90;0;0;0;0;10.26;3.94;0;0;0;0;0;0;0;0;0;0;0;0;0;1;1;1;1;0;0;0;0;0;0;0;0;0;0;0;0;0;0;0;0;0;0;0;0;0;0;0;0;0;0;0;0;0;0;0;0;0;0;0;1;1;1;1;1;1;1;1;1;1;1;1;1;1;1;1;1;1;1;0;0;0;0;0;0;0;0;0;0.0004;0.088;-0.0884;0;0;0;0;0;0;0;0;0;0;0;0;0;0;0;0;0;0;0;-10.26;0;0;0;0;0.0004;0;0;0;0;0;0;0;-0.0004;-0.0884;0;0;0;0;0;0;0;0;0;-0.7452;0;0.7452;1;1;0;0;0;0
28/10/21 02:00;0;0;90;0;0;90;0;0;0;0;9.3299;3.77;0;0;0;0;0;0;0;0;0;0;0;0;0;1;1;1;1;0;0;0;0;0;0;0;0;0;0;0;0;0;0;0;0;0;0;0;0;0;0;0;0;0;0;0;0;0;0;0;0;0;0;0;1;1;1;1;1;1;1;1;1;1;1;1;1;1;1;1;1;1;1;0;0;0;0;0;0;0;0;0;0.0004;0.088;-0.0884;0;0;0;0;0;0;0;0;0;0;0;0;0;0;0;0;0;0;0;-9.3299;0;0;0;0;0.0004;0;0;0;0;0;0;0;-0.0004;-0.0884;0;0;0;0;0;0;0;0;0;-0.7452;0;0.7452;1;1;0;0;0;0
28/10/21 03:00;0;0;90;0;0;90;0;0;0;0;8.6698;3.46;0;0;0;0;0;0;0;0;0;0;0;0;0;1;1;1;1;0;0;0;0;0;0;0;0;0;0;0;0;0;0;0;0;0;0;0;0;0;0;0;0;0;0;0;0;0;0;0;0;0;0;0;1;1;1;1;1;1;1;1;1;1;1;1;1;1;1;1;1;1;1;0;0;0;0;0;0;0;0;0;0.0004;0.088;-0.0884;0;0;0;0;0;0;0;0;0;0;0;0;0;0;0;0;0;0;0;-8.6698;0;0;0;0;0.0004;0;0;0;0;0;0;0;-0.0004;-0.0884;0;0;0;0;0;0;0;0;0;-0.7452;0;0.7452;1;1;0;0;0;0
28/10/21 04:00;0;0;90;0;0;90;0;0;0;0;8.6997;3.48;0;0;0;0;0;0;0;0;0;0;0;0;0;1;1;1;1;0;0;0;0;0;0;0;0;0;0;0;0;0;0;0;0;0;0;0;0;0;0;0;0;0;0;0;0;0;0;0;0;0;0;0;1;1;1;1;1;1;1;1;1;1;1;1;1;1;1;1;1;1;1;0;0;0;0;0;0;0;0;0;0.0004;0.088;-0.0884;0;0;0;0;0;0;0;0;0;0;0;0;0;0;0;0;0;0;0;-8.6997;0;0;0;0;0.0004;0;0;0;0;0;0;0;-0.0004;-0.0884;0;0;0;0;0;0;0;0;0;-0.7452;0;0.7452;1;1;0;0;0;0
28/10/21 05:00;5.6978;-102.25;76.067;5.8296;8.4312;-90;-8.4312;42.507;35.601;6.906;9.32;4.04;0;16.749;33.633;4.3295;0;0.0459;54.758;0;54.758;16.749;4.3295;33.633;0.0459;0.3059;0.6151;0;0.0008;54.537;0.2207;0;0;0.1825;0.0382;48.702;5.7806;3.4817;0.9;1.3972;0.0017;54.483;0.0545;0.0167;0.0043;0.0335;0;48.707;13.251;3.4251;32.02;0.006;20.132;16.206;5.9918;0.0049;0.2328;3.3484;0.0053;3.5762;0;1;0;0;1.2882;0.996;1;1;0.9946;0.1691;0.8939;0.7919;1;0.9582;0.7758;0.999;0.999;1;0.999;0.999;0.8894;0.952;0.1311;0.1558;0.1461;0.0009;0.0131;-0.0071;0.001;0.0035;0.0006;0;0;0.088;0.0375;0;0;0;0;0;0;0;0;0;0;0;0;0.0028;0.0001;0.1312;0.1312;0;11.714;11.714;2.3941;0.0492;123.25;1064.8;1;0.0057;0.0057;0;0;0;0;0;0;0.1255;0.0375;0;15.837;18.339;4.5246;5.2394;95.627;95.627;1.3142;1.1067;0.3162;0.2075;0.7905;0.1579;0.6015;0.2406;20.09;0.2301;0
28/10/21 06:00;17.425;-94.222;43.426;17.469;29.254;-90;-29.254;270.4;47.502;222.9;13.52;4.26;0;540.59;20.61;61.814;0;3.4487;626.46;0;626.46;540.59;61.814;20.61;3.4487;0.8629;0.0384;0;0.0055;622.59;3.8736;0;0;0.8758;2.9978;615.89;6.0743;4.8002;0.5489;0.6442;0.0809;621.96;0.6226;0.5406;0.0618;0.0197;0.0005;615.97;535.25;61.204;19.071;0.3695;14.732;11.859;4.8113;0.2868;0.161;2.3162;0.0846;2.1904;0;1;0;0;2.3168;0.9938;1;1;0.9575;0.1307;0.9902;0.9911;1;0.9673;0.8203;0.999;0.999;1;0.999;0.999;0.9831;0.9253;0.1071;1.7829;1.767;0.0106;0.0019;0.1179;0.0115;0.0406;0.0004;0;0;0.088;1.4314;0;0;0;0;0;0;0;0;0;0;0;0;0.0327;0.0076;1.5438;1.5438;0;43.964;43.964;30.444;0.0494;1522.6;1013.9;1;0.0244;0.0244;0;0;0;0;0;0;1.5194;1.4314;0;16.284;18.857;15.099;17.484;98.423;98.423;15.035;13.019;12.071;2.0161;0.9475;0.1341;0.063;0.8029;13.515;0.8007;0
28/10/21 07:00;29.681;-85.547;3.8757;29.755;60;-90;-60;531.01;87.599;443.41;17.75;3.6699;0;893.42;23.29;113.93;0;26.55;1057.2;0;1057.2;893.42;113.93;23.29;26.55;0.8451;0.0471;0;0.0251;1029.6;27.631;0;0;2.9179;24.713;1027.6;0.974;0.1195;0.0152;0.7201;0.1192;1028.5;1.0296;0.8934;0.1139;0.0204;0.0018;1031.2;892.41;113.8;19.632;1.7168;106.91;86.066;34.793;3.9004;1.2948;18.625;3.6558;16.019;0;1;0;0;1.9909;0.9739;1;1;0.8747;0.0692;0.9991;0.9999;1;0.9646;0.9351;0.999;0.999;1;0.999;0.999;0.972;0.8429;0.0647;3.0087;2.9877;0.018;0.0015;0.4703;0.0175;0.062;0.003;0;0;0.088;2.2184;0;0;0;0;0;0;0;0;0;0;0;0;0.05;0.0205;2.3451;2.3451;0;69.593;69.593;51.844;0.0505;2578.2;909.57;1;0.0387;0.0387;0;0;0;0;0;0;2.3064;2.2184;0;14.658;16.973;13.866;16.056;98.35;98.35;25.373;19.776;18.708;5.5966;1.0685;0.2206;0.0421;0.7373;20.282;0.7277;0
28/10/21 08:00;41.77;-75.419;10.822;42.704;47.296;-90;-47.296;369.01;298.5;70.509;22.03;4.2901;0;103.96;231.36;33.581;0;11.874;380.78;0;380.78;103.96;33.581;231.36;11.874;0.273;0.6388;0;0.0312;349.26;31.525;0;0;20.526;10.998;341.89;7.0131;0.0388;0.0125;6.9177;0.044;348.91;0.3493;0.104;0.0336;0.2108;0.0009;345.92;103.82;33.535;203.71;0.8312;212.78;171.29;70.862;16.781;3.058;43.988;4.0256;30.265;0;1;0;0;1.0319;0.9172;1;1;0.9113;0.0738;0.9799;0.9996;1;0.9672;0.9497;0.999;0.999;1;0.999;0.999;0.8979;0.8805;0.07;1.0837;1.0778;0.0065;0.0111;0.0535;0.007;0.025;0.0078;0;0;0.088;0.8408;0;0;0;0;0;0;0;0;0;0;0;0;0.0201;0.003;0.9437;0.9437;0;38.91;38.91;16.88;0.0494;924.73;1020.5;1;0.0149;0.0149;0;0;0;0;0;0;0.9288;0.8408;0;16.377;18.964;14.591;16.896;98.416;98.416;9.1387;7.9586;7.0904;1.1802;0.8682;0.1291;0.095;0.7759;175.93;0.7141;0
28/10/21 09:00;53.201;-61.866;16.407;56.588;33.412;-90;-33.412;832.7;140.4;692.3;24.6;5.0001;0;829.37;48.529;104.83;0;13.762;996.48;0;996.48;829.37;104.83;48.529;13.762;0.8323;0.0625;0;0.0138;981.74;14.749;0;0;2.5459;12.203;978.5;2.2506;0.4695;0.0593;1.4864;0.2353;980.75;0.9817;0.8294;0.1048;0.046;0.0016;982.23;828.07;104.66;44.45;1.322;429.28;345.57;137.79;1.0692;4.3746;62.927;3.7221;66.232;0;1;0;0;1.1967;0.9852;1;1;0.9475;0.1133;0.9977;0.9994;1;0.9676;0.8489;0.999;0.999;1;0.999;0.999;0.982;0.916;0.0961;2.8359;2.9363;0.0177;0.0008;0.5112;0.0168;0.0597;0.0098;0;0;0.088;2.1282;0;0;0;0;0;0;0;0;0;0;0;0;0.0481;0.0198;2.2523;2.2523;0;74.151;74.151;49.551;0.0506;2531;889.85;1;0.036;0.036;0;0;0;0;0;0;2.2162;2.1282;0;14.935;17.295;14.113;16.342;98.399;98.399;23.916;18.994;17.947;4.9221;1.0461;0.2058;0.0437;0.7504;32.781;0.7166;0
28/10/21 10:00;62.845;-40.875;20.188;71.445;18.555;-90;-18.555;942.8;157.9;784.9;25.97;5.4299;0;827.94;55.998;105.91;0;4.901;994.75;0;994.75;827.94;105.91;55.998;4.901;0.8323;0.0612;0;0.0049;989.53;5.2234;0;0;1.1411;4.0823;985.76;2.7726;0.5768;0.0738;1.9409;0.1812;988.54;0.9895;0.8279;0.1059;0.0549;0.0008;986.93;826.54;105.73;52.861;0.6367;536.71;432.05;167.15;0.1548;5.7254;82.358;1.1704;87.929;0;1;0;0;1.0551;0.9947;1;1;0.9796;0.167;0.9972;0.9993;1;0.9646;0.7785;0.999;0.999;1;0.999;0.999;0.991;0.944;0.1299;2.831;2.9887;0.018;0.0015;0.5399;0.017;0.0603;0.0127;0;0;0.088;2.146;0;0;0;0;0;0;0;0;0;0;0;0;0.0486;0.0204;2.2703;2.2703;0;75.963;75.963;49.994;0.0507;2574.7;881.75;1;0.0363;0.0363;0;0;0;0;0;0;2.234;2.146;0;15.081;17.464;14.255;16.507;98.402;98.402;23.874;19.146;18.097;4.7285;1.0481;0.1981;0.0439;0.758;34.564;0.7138;0
28/10/21 11:00;68;-7.4781;21.803;86.99;3.01;-90;-3.01;309;301.6;7.399;26.2;5.68;0;7.4093;299.66;1.7373;0;0.0426;308.85;0;308.85;7.4093;1.7373;299.66;0.0426;0.024;0.9704;0;0.0001;308.49;0.3601;0;0;0.3246;0.0356;294.86;13.318;0.0056;0.0013;13.31;0.0016;308.18;0.3085;0.0074;0.0017;0.2993;0;294.86;7.3963;1.7343;285.72;0.0055;182.97;147.29;54.301;-0.0017;2.1226;30.533;-0.0036;32.657;0;1;0;0;0.9995;0.9988;1;1;0.9989;0.166;0.9568;0.9992;1;0.9555;0.7777;0.999;0.999;1;0.999;0.999;0.9547;0.9535;0.129;0.879;0.9048;0.0054;0.0135;0.0513;0.0058;0.0207;0.0053;0;0;0.088;0.6832;0;0;0;0;0;0;0;0;0;0;0;0;0.0167;0.0022;0.7837;0.7837;0;40.795;40.795;14.596;0.0495;776.74;1009;1;0.0125;0.0125;0;0;0;0;0;0;0.7712;0.6832;0;16.768;19.417;14.617;16.926;98.404;98.404;7.4123;6.609;5.7614;0.8033;0.8476;0.1084;0.1143;0.7773;177.59;0.7237;0
28/10/21 12:00;65.563;29.623;21.077;77.341;12.659;90;12.659;937.41;184.8;752.61;27.5;5.1899;0;771.36;73.769;112.86;0;2.2787;960.27;0;960.27;771.36;112.86;73.769;2.2787;0.8033;0.0792;0;0.0024;957.58;2.6889;0;0;0.7924;1.8965;953.04;3.587;0.561;0.0821;2.8579;0.086;956.63;0.9576;0.7714;0.1129;0.073;0.0004;953.51;770.03;112.67;70.045;0.2958;544.47;438.3;171.39;0.0523;5.6831;81.749;0.4674;87.38;0;1;0;0;1.0244;0.9972;1;1;0.9893;0.1677;0.9963;0.9993;1;0.9608;0.7747;0.999;0.999;1;0.999;0.999;0.9925;0.9495;0.1298;2.7329;2.8918;0.0174;0.0003;0.5214;0.0165;0.0584;0.0126;0;0;0.088;2.0762;0;0;0;0;0;0;0;0;0;0;0;0;0.047;0.0192;2.1989;2.1989;0;75.828;75.828;48.328;0.0507;2491.3;882.62;1;0.0346;0.0346;0;0;0;0;0;0;2.1642;2.0762;0;15.131;17.522;14.287;16.544;98.425;98.425;23.047;18.543;17.509;4.5031;1.0342;0.1954;0.0449;0.7597;44.544;0.7142;0
28/10/21 13:00;57.205;55.02;18.09;62.169;27.831;90;27.831;582.5;398;184.5;26.33;5.3;0;208.64;315.65;71.207;0;6.738;602.23;0;602.23;208.64;71.207;315.65;6.738;0.3464;0.5353;0;0.0112;583.96;18.269;0;0;12.425;5.8441;573.09;10.295;0.1302;0.0444;9.9505;0.17;583.38;0.584;0.2086;0.0712;0.3032;0.0009;574.97;208.3;71.091;292.97;0.723;337.71;271.85;105.56;3.6831;3.8104;54.811;1.8889;54.938;0;1;0;0;1.0339;0.9697;1;1;0.9606;0.1327;0.9824;0.9994;1;0.9672;0.8096;0.999;0.999;1;0.999;0.999;0.9516;0.9282;0.1073;1.7139;1.7548;0.0106;0.002;0.1862;0.0109;0.0386;0.0092;0;0;0.088;1.3488;0;0;0;0;0;0;0;0;0;0;0;0;0.0311;0.0075;1.4587;1.4587;0;54.923;54.923;28.593;0.0499;1509.6;966.25;1;0.0219;0.0219;0;0;0;0;0;0;1.4368;1.3488;0;16.005;18.534;14.799;17.137;98.499;98.499;14.454;12.301;11.374;2.1524;0.9267;0.1489;0.0641;0.787;205.05;0.7368;0
28/10/21 14:00;46.264;70.793;13.146;47.901;42.099;90;42.099;344.2;318.1;26.097;26.72;5.13;0;35.172;269.85;11.162;0;8.881;325.07;0;325.07;35.172;11.162;269.85;8.881;0.1082;0.8575;0;0.0273;296.61;28.457;0;0;20.268;8.1889;288.15;8.165;0.016;0.0051;8.0896;0.0543;296.31;0.2966;0.0352;0.0112;0.2496;0.0007;291.23;35.12;11.146;241.24;0.637;211.06;169.91;69.594;13.104;2.8484;40.972;3.0833;30.717;0;1;0;0;0.9444;0.9125;1;1;0.9249;0.0779;0.9724;0.9995;1;0.9676;0.9214;0.999;0.999;1;0.999;0.999;0.8864;0.894;0.0717;0.9251;0.9153;0.0055;0.0133;0.0525;0.0059;0.021;0.0072;0;0;0.088;0.6901;0;0;0;0;0;0;0;0;0;0;0;0;0.0169;0.0023;0.7907;0.7907;0;40.988;40.988;14.268;0.0495;784.97;1007.3;1;0.0126;0.0126;0;0;0;0;0;0;0.7781;0.6901;0;16.074;18.613;14.029;16.246;98.409;98.409;7.8016;6.6683;5.8201;1.1333;0.8482;0.1453;0.1087;0.746;195.7;0.6817;0
28/10/21 15:00;34.349;81.92;6.6642;34.616;55.384;90;55.384;215.6;209.3;6.3067;25.8;4.65;0;11.102;162.77;2.9686;0;9.3126;186.16;0;186.16;11.102;2.9686;162.77;9.3126;0.0596;0.9244;0;0.05;159.21;26.944;0;0;18.22;8.7235;154.09;4.967;0.0026;0.0007;4.9366;0.0272;159.05;0.1592;0.0111;0.003;0.1446;0.0006;157.79;11.088;2.965;139.47;0.5613;136.68;110.02;47.765;20.48;2.4486;35.222;3.7042;17.191;0;1;0;0;0.8634;0.8553;1;1;0.8881;0.0633;0.9688;0.9998;1;0.9658;0.9538;0.999;0.999;1;0.999;0.999;0.8277;0.8568;0.0603;0.5298;0.522;0.0031;0.0171;0.0159;0.0034;0.0121;0.0062;0;0;0.088;0.3571;0;0;0;0;0;0;0;0;0;0;0;0;0.0097;0.0009;0.4535;0.4535;0;33.421;33.421;7.6206;0.0495;444.5;1020.3;1;0.0085;0.0085;0;0;0;0;0;0;0.4451;0.3571;0;16.099;18.643;12.675;14.677;98.133;98.133;4.4678;3.8248;3.0113;0.643;0.8135;0.1439;0.1821;0.674;134.46;0.5904;0
28/10/21 16:00;22.116;90.993;24.066;22.119;43.832;90;43.832;63.995;63.4;0.5957;24.79;3.8399;0;1.4446;54.505;0.1754;0;1.7831;57.908;0;57.908;1.4446;0.1754;54.505;1.7831;0.0249;0.972;0;0.0308;51.915;5.9929;0;0;4.3426;1.6503;50.223;1.6408;0.0012;0.0001;1.6305;0.009;51.863;0.0519;0.0014;0.0002;0.0502;0.0001;50.867;1.442;0.175;48.482;0.1236;40.14;32.312;13.368;3.0405;0.5687;8.1809;0.6446;5.7091;0;1;0;0;0.9049;0.8965;1;1;0.9203;0.0745;0.9684;0.9992;1;0.9675;0.9318;0.999;0.999;1;0.999;0.999;0.8673;0.8895;0.0693;0.1648;0.1619;0.001;0.0137;0.0014;0.001;0.0036;0.0014;0;0;0.088;0.0435;0;0;0;0;0;0;0;0;0;0;0;0;0.0029;0.0001;0.1368;0.1368;0;27.29;27.29;2.5007;0.0498;136.84;999.77;1;0.0053;0.0053;0;0;0;0;0;0;0.1315;0.0435;0;15.611;18.077;4.9687;5.7536;96.154;96.154;1.3898;1.1537;0.3672;0.2361;0.7865;0.1699;0.5659;0.2642;40.136;0.2389;0
28/10/21 17:00;9.9093;99.339;65.332;10.04;14.972;90;14.972;50.204;49.397;0.8067;23.8;3.7499;0;1.9566;48.395;0.4048;0;0.1704;50.926;0;50.926;1.9566;0.4048;48.395;0.1704;0.0384;0.9536;0;0.0033;50.095;0.8316;0;0;0.6896;0.142;48.089;1.9555;0.1262;0.0261;1.7968;0.0064;50.045;0.0501;0.002;0.0004;0.0477;0;48.125;1.8284;0.3783;45.86;0.022;29.452;23.709;8.8341;0.0622;0.3397;4.8859;0.036;5.1633;0;1;0;0;1.0144;0.9837;1;1;0.9858;0.1669;0.9609;0.9354;1;0.9623;0.7752;0.999;0.999;1;0.999;0.999;0.9443;0.9476;0.1292;0.1449;0.1475;0.0009;0.0132;0.0007;0.0009;0.0033;0.0008;0;0;0.088;0.0319;0;0;0;0;0;0;0;0;0;0;0;0;0.0027;0.0001;0.1249;0.1249;0;26.193;26.193;2.3935;0.0498;124.67;1002.1;1;0.005;0.005;0;0;0;0;0;0;0.1199;0.0319;0;16.21;18.771;4.1438;4.7984;96.002;96.002;1.2222;1.0535;0.2693;0.1687;0.7842;0.138;0.6416;0.2203;29.447;0.2056;0
28/10/21 18:00;1.9162;104.93;85.348;1.9831;2.8311;90;2.8311;0;0;0;21.91;5.37;0;0;0;0;0;0;0;0;0;0;0;0;0;1;1;1;1;0;0;0;0;0;0;0;0;0;0;0;0;0;0;0;0;0;0;0;0;0;0;0;0;0;0;0;0;0;0;0;0;0;0;0;1;1;1;1;1;1;1;1;1;1;1;1;1;1;1;1;1;1;1;0;0;0;0;0;0;0;0;0;0.0004;0.088;-0.0884;0;0;0;0;0;0;0;0;0;0;0;0;0;0;0;0;0;0;0;-21.91;0;0;0;0;0.0004;0;0;0;0;0;0;0;-0.0004;-0.0884;0;0;0;0;0;0;0;0;0;-0.7452;0;0.7452;1;1;0;0;0;0
28/10/21 19:00;0;0;90;0;0;90;0;0;0;0;19.21;6.9101;0;0;0;0;0;0;0;0;0;0;0;0;0;1;1;1;1;0;0;0;0;0;0;0;0;0;0;0;0;0;0;0;0;0;0;0;0;0;0;0;0;0;0;0;0;0;0;0;0;0;0;0;1;1;1;1;1;1;1;1;1;1;1;1;1;1;1;1;1;1;1;0;0;0;0;0;0;0;0;0;0.0004;0.088;-0.0884;0;0;0;0;0;0;0;0;0;0;0;0;0;0;0;0;0;0;0;-19.21;0;0;0;0;0.0004;0;0;0;0;0;0;0;-0.0004;-0.0884;0;0;0;0;0;0;0;0;0;-0.7452;0;0.7452;1;1;0;0;0;0
28/10/21 20:00;0;0;90;0;0;90;0;0;0;0;18.7;6.9299;0;0;0;0;0;0;0;0;0;0;0;0;0;1;1;1;1;0;0;0;0;0;0;0;0;0;0;0;0;0;0;0;0;0;0;0;0;0;0;0;0;0;0;0;0;0;0;0;0;0;0;0;1;1;1;1;1;1;1;1;1;1;1;1;1;1;1;1;1;1;1;0;0;0;0;0;0;0;0;0;0.0004;0.088;-0.0884;0;0;0;0;0;0;0;0;0;0;0;0;0;0;0;0;0;0;0;-18.7;0;0;0;0;0.0004;0;0;0;0;0;0;0;-0.0004;-0.0884;0;0;0;0;0;0;0;0;0;-0.7452;0;0.7452;1;1;0;0;0;0
28/10/21 21:00;0;0;90;0;0;90;0;0;0;0;19.1;6.48;0;0;0;0;0;0;0;0;0;0;0;0;0;1;1;1;1;0;0;0;0;0;0;0;0;0;0;0;0;0;0;0;0;0;0;0;0;0;0;0;0;0;0;0;0;0;0;0;0;0;0;0;1;1;1;1;1;1;1;1;1;1;1;1;1;1;1;1;1;1;1;0;0;0;0;0;0;0;0;0;0.0004;0.088;-0.0884;0;0;0;0;0;0;0;0;0;0;0;0;0;0;0;0;0;0;0;-19.1;0;0;0;0;0.0004;0;0;0;0;0;0;0;-0.0004;-0.0884;0;0;0;0;0;0;0;0;0;-0.7452;0;0.7452;1;1;0;0;0;0
28/10/21 22:00;0;0;90;0;0;90;0;0;0;0;19.86;5.5799;0;0;0;0;0;0;0;0;0;0;0;0;0;1;1;1;1;0;0;0;0;0;0;0;0;0;0;0;0;0;0;0;0;0;0;0;0;0;0;0;0;0;0;0;0;0;0;0;0;0;0;0;1;1;1;1;1;1;1;1;1;1;1;1;1;1;1;1;1;1;1;0;0;0;0;0;0;0;0;0;0.0004;0.088;-0.0884;0;0;0;0;0;0;0;0;0;0;0;0;0;0;0;0;0;0;0;-19.86;0;0;0;0;0.0004;0;0;0;0;0;0;0;-0.0004;-0.0884;0;0;0;0;0;0;0;0;0;-0.7452;0;0.7452;1;1;0;0;0;0
28/10/21 23:00;0;0;90;0;0;90;0;0;0;0;19.9;7.03;0;0;0;0;0;0;0;0;0;0;0;0;0;1;1;1;1;0;0;0;0;0;0;0;0;0;0;0;0;0;0;0;0;0;0;0;0;0;0;0;0;0;0;0;0;0;0;0;0;0;0;0;1;1;1;1;1;1;1;1;1;1;1;1;1;1;1;1;1;1;1;0;0;0;0;0;0;0;0;0;0.0004;0.088;-0.0884;0;0;0;0;0;0;0;0;0;0;0;0;0;0;0;0;0;0;0;-19.9;0;0;0;0;0.0004;0;0;0;0;0;0;0;-0.0004;-0.0884;0;0;0;0;0;0;0;0;0;-0.7452;0;0.7452;1;1;0;0;0;0
29/10/21 00:00;0;0;90;0;0;90;0;0;0;0;18.6;6.66;0;0;0;0;0;0;0;0;0;0;0;0;0;1;1;1;1;0;0;0;0;0;0;0;0;0;0;0;0;0;0;0;0;0;0;0;0;0;0;0;0;0;0;0;0;0;0;0;0;0;0;0;1;1;1;1;1;1;1;1;1;1;1;1;1;1;1;1;1;1;1;0;0;0;0;0;0;0;0;0;0.0004;0.088;-0.0884;0;0;0;0;0;0;0;0;0;0;0;0;0;0;0;0;0;0;0;-18.6;0;0;0;0;0.0004;0;0;0;0;0;0;0;-0.0004;-0.0884;0;0;0;0;0;0;0;0;0;-0.7452;0;0.7452;1;1;0;0;0;0
29/10/21 01:00;0;0;90;0;0;90;0;0;0;0;18.14;6.66;0;0;0;0;0;0;0;0;0;0;0;0;0;1;1;1;1;0;0;0;0;0;0;0;0;0;0;0;0;0;0;0;0;0;0;0;0;0;0;0;0;0;0;0;0;0;0;0;0;0;0;0;1;1;1;1;1;1;1;1;1;1;1;1;1;1;1;1;1;1;1;0;0;0;0;0;0;0;0;0;0.0004;0.088;-0.0884;0;0;0;0;0;0;0;0;0;0;0;0;0;0;0;0;0;0;0;-18.14;0;0;0;0;0.0004;0;0;0;0;0;0;0;-0.0004;-0.0884;0;0;0;0;0;0;0;0;0;-0.7452;0;0.7452;1;1;0;0;0;0
29/10/21 02:00;0;0;90;0;0;90;0;0;0;0;18.4;6.27;0;0;0;0;0;0;0;0;0;0;0;0;0;1;1;1;1;0;0;0;0;0;0;0;0;0;0;0;0;0;0;0;0;0;0;0;0;0;0;0;0;0;0;0;0;0;0;0;0;0;0;0;1;1;1;1;1;1;1;1;1;1;1;1;1;1;1;1;1;1;1;0;0;0;0;0;0;0;0;0;0.0004;0.088;-0.0884;0;0;0;0;0;0;0;0;0;0;0;0;0;0;0;0;0;0;0;-18.4;0;0;0;0;0.0004;0;0;0;0;0;0;0;-0.0004;-0.0884;0;0;0;0;0;0;0;0;0;-0.7452;0;0.7452;1;1;0;0;0;0
29/10/21 03:00;0;0;90;0;0;90;0;0;0;0;17.82;5.63;0;0;0;0;0;0;0;0;0;0;0;0;0;1;1;1;1;0;0;0;0;0;0;0;0;0;0;0;0;0;0;0;0;0;0;0;0;0;0;0;0;0;0;0;0;0;0;0;0;0;0;0;1;1;1;1;1;1;1;1;1;1;1;1;1;1;1;1;1;1;1;0;0;0;0;0;0;0;0;0;0.0004;0.088;-0.0884;0;0;0;0;0;0;0;0;0;0;0;0;0;0;0;0;0;0;0;-17.82;0;0;0;0;0.0004;0;0;0;0;0;0;0;-0.0004;-0.0884;0;0;0;0;0;0;0;0;0;-0.7452;0;0.7452;1;1;0;0;0;0
29/10/21 04:00;0;0;90;0;0;90;0;0;0;0;18.89;4.88;0;0;0;0;0;0;0;0;0;0;0;0;0;1;1;1;1;0;0;0;0;0;0;0;0;0;0;0;0;0;0;0;0;0;0;0;0;0;0;0;0;0;0;0;0;0;0;0;0;0;0;0;1;1;1;1;1;1;1;1;1;1;1;1;1;1;1;1;1;1;1;0;0;0;0;0;0;0;0;0;0.0004;0.088;-0.0884;0;0;0;0;0;0;0;0;0;0;0;0;0;0;0;0;0;0;0;-18.89;0;0;0;0;0.0004;0;0;0;0;0;0;0;-0.0004;-0.0884;0;0;0;0;0;0;0;0;0;-0.7452;0;0.7452;1;1;0;0;0;0
29/10/21 05:00;5.6995;-102.65;76.063;5.8404;8.4473;-90;-8.4473;24.203;23.701;0.5024;16.83;4.9399;0;1.2185;23.486;0.2095;0;0.0263;24.941;0;24.941;1.2185;0.2095;23.486;0.0263;0.0489;0.9427;0;0.0011;24.791;0.1497;0;0;0.1279;0.0218;23.493;1.2731;0.2532;0.0435;0.9754;0.001;24.766;0.0248;0.0012;0.0002;0.0234;0;23.497;0.9641;0.1658;22.36;0.0034;14.032;11.296;4.1715;0.0035;0.1626;2.3382;0.0037;2.4973;0;1;0;0;1.0305;0.994;1;1;0.9946;0.1691;0.9486;0.792;1;0.9582;0.7758;0.999;0.999;1;0.999;0.999;0.942;0.952;0.1311;0.071;0.0719;0.0004;0.0095;-0.0018;0.0004;0.0016;0.0004;0;0;0.088;-0.0313;0;0;0;0;0;0;0;0;0;0;0;0;0.0013;0.0001;0.0601;0.0601;0;18.003;18.003;1.1728;0.0499;59.779;1005.4;1;0.0034;0.0034;0;0;0;0;0;0;0.0567;-0.0313;0;15.924;18.44;-8.2997;-9.6109;94.294;94.294;0.5986;0.5069;-0.2642;0.0917;0.771;0.1532;1.2881;0;14.029;0;0
29/10/21 06:00;17.618;-94.505;42.773;17.669;29.733;-90;-29.733;111.5;105;6.5024;15.7;7.0099;0;15.77;96.571;3.9418;0;1.468;117.75;0;117.75;15.77;3.9418;96.571;1.468;0.1339;0.8326;0;0.0125;112.26;5.4899;0;0;4.2109;1.279;108.94;3.2112;0.134;0.0335;3.0103;0.0334;112.15;0.1123;0.0158;0.0039;0.0924;0.0002;109.35;15.62;3.9044;89.257;0.1554;63.573;51.176;19.955;1.4179;0.759;10.917;0.4132;10.259;0;1;0;0;1.056;0.9534;1;1;0.9564;0.1287;0.9714;0.9915;1;0.9674;0.8232;0.999;0.999;1;0.999;0.999;0.9252;0.9243;0.1059;0.3351;0.3347;0.002;0.0168;-0.0048;0.0022;0.008;0.002;0;0;0.088;0.2064;0;0;0;0;0;0;0;0;0;0;0;0;0.0064;0.0004;0.3016;0.3016;0;21.049;21.049;5.3494;0.0491;285.19;1057.7;1;0.0072;0.0072;0;0;0;0;0;0;0.2944;0.2064;0;16.927;19.602;11.583;13.413;97.603;97.603;2.826;2.5438;1.7407;0.2823;0.8031;0.0999;0.2842;0.6159;63.533;0.576;0
29/10/21 07:00;29.874;-85.857;3.5918;29.939;60;-90;-60;186.01;177.4;8.6076;15.4;8.5299;0;17.247;131.39;4.4258;0;9.3004;162.37;0;162.37;17.247;4.4258;131.39;9.3004;0.1062;0.8665;0;0.0573;137.25;25.118;0;0;16.462;8.6567;133.01;4.1068;0.0021;0.0005;4.0624;0.0417;137.11;0.1372;0.0172;0.0044;0.1149;0.0006;136.75;17.228;4.4208;110.76;0.6014;116.35;93.658;41.603;21.969;2.3179;33.343;3.7408;13.692;0;1;0;0;0.8729;0.8453;1;1;0.8747;0.0692;0.97;0.9999;1;0.9646;0.9351;0.999;0.999;1;0.999;0.999;0.8192;0.8429;0.0647;0.4621;0.458;0.0028;0.0173;-0.0051;0.0031;0.011;0.0061;0;0;0.088;0.3169;0;0;0;0;0;0;0;0;0;0;0;0;0.0089;0.0007;0.4133;0.4133;0;21.923;21.923;6.5234;0.049;389.35;1061.5;1;0.0084;0.0084;0;0;0;0;0;0;0.4049;0.3169;0;16.821;19.478;12.895;14.933;97.956;97.956;3.8968;3.4855;2.6721;0.4113;0.8134;0.1056;0.2087;0.6857;114.42;0.5943;0
29/10/21 08:00;41.975;-75.77;10.53;42.864;47.136;-90;-47.136;503.99;254.1;249.9;16.76;9.3299;0;367.35;156.01;100.56;0;16.115;640.03;0;640.03;367.35;100.56;156.01;16.115;0.574;0.2689;0;0.0252;611.33;28.695;0;0;13.773;14.922;605.83;4.8949;0.1335;0.0365;4.6643;0.0606;610.72;0.6113;0.3674;0.1006;0.1422;0.0012;610.32;366.85;100.42;137.43;1.1305;244.77;197.04;79.182;11.185;3.1415;45.189;4.4969;37.145;0;1;0;0;1.2699;0.9552;1;1;0.9117;0.074;0.992;0.9996;1;0.9672;0.9491;0.999;0.999;1;0.999;0.999;0.9466;0.8809;0.0702;1.8215;1.8367;0.0111;0.0012;0.1408;0.0118;0.0418;0.0079;0;0;0.088;1.4676;0;0;0;0;0;0;0;0;0;0;0;0;0.0337;0.0081;1.5804;1.5804;0;46.778;46.778;30.018;0.0495;1578.6;1001.1;1;0.0248;0.0248;0;0;0;0;0;0;1.5556;1.4676;0;16.317;18.895;15.152;17.546;98.429;98.429;15.361;13.328;12.376;2.0328;0.9515;0.1323;0.0619;0.8057;118.45;0.7653;0
29/10/21 09:00;53.434;-62.261;16.098;56.715;33.285;-90;-33.285;857.61;141.2;716.41;18.14;9.75;0;857;46.318;108.55;0;14.069;1025.9;0;1025.9;857;108.55;46.318;14.069;0.8353;0.0589;0;0.0137;1011.1;14.883;0;0;2.4154;12.468;1007.8;2.199;0.4761;0.0603;1.4194;0.2432;1010;1.0111;0.857;0.1086;0.0439;0.0016;1011.6;855.66;108.38;42.439;1.3563;442.24;356;141.94;1.0075;4.5013;64.749;3.7987;68.243;0;1;0;0;1.1963;0.9855;1;1;0.9479;0.1138;0.9978;0.9994;1;0.9676;0.8479;0.999;0.999;1;0.999;0.999;0.9824;0.9163;0.0964;2.9197;3.0241;0.0182;0.002;0.4689;0.0177;0.0629;0.0103;0;0;0.088;2.245;0;0;0;0;0;0;0;0;0;0;0;0;0.0507;0.0209;2.3724;2.3724;0;68.961;68.961;50.821;0.0504;2605.5;910.56;1;0.0394;0.0394;0;0;0;0;0;0;2.333;2.245;0;15.28;17.694;14.46;16.744;98.34;98.34;24.622;20.007;18.933;4.6156;1.0741;0.1875;0.0436;0.7689;31.258;0.7342;0
29/10/21 10:00;63.13;-41.25;19.865;71.527;18.473;-90;-18.473;997.3;164.6;832.7;19.05;9.92;0;877.94;52.507;116.72;0;5.139;1052.3;0;1052.3;877.94;116.72;52.507;5.139;0.8343;0.0548;0;0.0049;1047;5.3422;0;0;1.062;4.2802;1043.2;2.6947;0.6018;0.08;1.8228;0.1901;1045.9;1.047;0.8779;0.1167;0.0514;0.0009;1044.4;876.46;116.52;49.571;0.6679;567.69;456.99;176.83;0.1431;6.0526;87.065;1.2257;92.974;0;1;0;0;1.0552;0.9949;1;1;0.9798;0.1671;0.9974;0.9993;1;0.9645;0.7784;0.999;0.999;1;0.999;0.999;0.9914;0.9441;0.13;2.9948;3.1626;0.019;0.0042;0.5221;0.0183;0.065;0.0137;0;0;0.088;2.3165;0;0;0;0;0;0;0;0;0;0;0;0;0.0523;0.0228;2.4453;2.4453;0;71.779;71.779;52.729;0.0505;2723.7;897.78;1;0.0408;0.0408;0;0;0;0;0;0;2.4045;2.3165;0;15.355;17.781;14.546;16.844;98.332;98.332;25.255;20.621;19.535;4.6342;1.086;0.1835;0.043;0.7735;32.397;0.7284;0
29/10/21 11:00;68.331;-7.5359;21.473;87.017;2.9829;-90;-2.9829;859.8;256;603.8;19.61;9.84;0;604.61;136.07;120;0;0.1165;860.8;0;860.8;604.61;120;136.07;0.1165;0.7024;0.1582;0;0.0001;860.56;0.2426;0;0;0.1454;0.0972;853.11;6.5866;0.448;0.0889;6.0454;0.0043;859.7;0.8606;0.6046;0.12;0.1359;0;853.11;603.56;119.79;129.74;0.015;506.96;408.1;157.56;-0.0007;5.4196;77.959;-0.0044;83.379;0;1;0;0;1.0012;0.9997;1;1;0.9989;0.166;0.9923;0.9993;1;0.9555;0.7778;0.999;0.999;1;0.999;0.999;0.9911;0.9535;0.129;2.4498;2.597;0.0156;-0.0017;0.3425;0.0157;0.0556;0.0128;0;0;0.088;1.9747;0;0;0;0;0;0;0;0;0;0;0;0;0.0448;0.0156;2.096;2.096;0;62.396;62.396;42.786;0.0502;2235.7;937.53;1;0.0334;0.0334;0;0;0;0;0;0;2.0627;1.9747;0;16.09;18.632;15.158;17.553;98.408;98.408;20.659;17.676;16.653;2.9833;1.0235;0.1444;0.0495;0.8061;80.64;0.7549;0
29/10/21 12:00;65.858;29.993;20.747;77.371;12.629;90;12.629;964.6;173.1;791.5;21.06;9.7001;0;811.13;64.138;110.86;0;2.3337;988.45;0;988.45;811.13;110.86;64.138;2.3337;0.8206;0.0672;0;0.0024;985.82;2.6285;0;0;0.6862;1.9423;981.6;3.2343;0.5807;0.0794;2.4862;0.0881;984.84;0.9858;0.8111;0.1109;0.0635;0.0004;982.08;809.73;110.67;60.902;0.3029;560.11;450.89;176.43;0.0452;5.8379;83.976;0.4785;89.768;0;1;0;0;1.0247;0.9973;1;1;0.9893;0.1677;0.9967;0.9993;1;0.9608;0.7747;0.999;0.999;1;0.999;0.999;0.9931;0.9495;0.1298;2.8131;2.978;0.0179;0.0013;0.48;0.0174;0.0615;0.0133;0;0;0.088;2.1909;0;0;0;0;0;0;0;0;0;0;0;0;0.0496;0.0203;2.3168;2.3168;0;70.624;70.624;49.564;0.0505;2564.5;903.4;1;0.0379;0.0379;0;0;0;0;0;0;2.2789;2.1909;0;15.488;17.935;14.646;16.96;98.365;98.365;23.723;19.537;18.476;4.1854;1.0616;0.1764;0.0447;0.7788;38.725;0.7322;0
29/10/21 13:00;57.434;55.464;17.767;62.25;27.75;90;27.75;1026.7;169.4;857.3;20.57;9.34;0;968.72;42.643;140.29;0;11.808;1163.5;0;1163.5;968.72;140.29;42.643;11.808;0.8326;0.0468;0;0.0101;1151.5;11.909;0;0;1.6707;10.238;1148.1;2.3242;0.5939;0.086;1.345;0.2993;1150.4;1.1515;0.9687;0.1403;0.041;0.0016;1151.1;967.15;140.06;39.586;1.2696;554.11;446.06;177.72;0.4953;5.5977;80.521;2.9968;85.624;0;1;0;0;1.1332;0.9898;1;1;0.9608;0.133;0.998;0.9994;1;0.9671;0.8092;0.999;0.999;1;0.999;0.999;0.9868;0.9283;0.1075;3.3111;3.4546;0.0208;0.0104;0.6589;0.0194;0.0686;0.0122;0;0;0.088;2.4507;0;0;0;0;0;0;0;0;0;0;0;0;0.0553;0.0269;2.5821;2.5821;0;78.952;78.952;58.382;0.0509;2946.6;875;1;0.0434;0.0434;0;0;0;0;0;0;2.5387;2.4507;0;14.665;16.982;13.919;16.118;98.32;98.32;27.923;21.775;20.667;6.1482;1.108;0.2202;0.0397;0.7401;27.687;0.7037;0
29/10/21 14:00;46.453;71.188;12.836;48.021;41.979;90;41.979;375.81;335.9;39.91;20.87;8.74;0;53.687;281.18;17.926;0;9.6435;362.44;0;362.44;53.687;17.926;281.18;9.6435;0.1481;0.8024;0;0.0266;332.52;29.921;0;0;21.031;8.8896;323.66;8.5224;0.0238;0.0079;8.431;0.0598;332.19;0.3325;0.0537;0.0179;0.2602;0.0008;326.96;53.609;17.9;251.46;0.6934;227.55;183.18;74.907;13.521;3.0395;43.722;3.3;33.241;0;1;0;0;0.9644;0.9174;1;1;0.9252;0.0782;0.9743;0.9996;1;0.9676;0.9207;0.999;0.999;1;0.999;0.999;0.893;0.8943;0.0719;1.0315;1.023;0.0062;0.0119;0.0432;0.0067;0.0239;0.0078;0;0;0.088;0.799;0;0;0;0;0;0;0;0;0;0;0;0;0.0192;0.0028;0.9014;0.9014;0;36.828;36.828;15.958;0.0493;877.05;1027.8;1;0.0144;0.0144;0;0;0;0;0;0;0.887;0.799;0;16.435;19.031;14.567;16.869;98.401;98.401;8.6985;7.6018;6.7381;1.0968;0.8637;0.1261;0.0993;0.7746;203.7;0.7105;0
29/10/21 15:00;34.52;82.264;6.3674;34.765;55.235;90;55.235;280.4;257.8;22.597;20.06;8.0599;0;39.629;196.59;12.989;0;12.051;261.26;0;261.26;39.629;12.989;196.59;12.051;0.1517;0.7986;0;0.0461;228.05;33.208;0;0;21.92;11.289;221.81;6.0057;0.0087;0.0029;5.9592;0.0349;227.82;0.228;0.0396;0.013;0.1747;0.0008;226.42;39.58;12.973;168.53;0.7269;170.54;137.28;59.214;24.5;3.0117;43.323;4.602;21.834;0;1;0;0;0.9317;0.8729;1;1;0.8885;0.0633;0.9736;0.9998;1;0.9658;0.9542;0.999;0.999;1;0.999;0.999;0.849;0.8573;0.0603;0.7435;0.7346;0.0044;0.0155;0.0157;0.0049;0.0174;0.0078;0;0;0.088;0.5542;0;0;0;0;0;0;0;0;0;0;0;0;0.014;0.0015;0.6533;0.6533;0;30.973;30.973;10.913;0.0492;626.64;1042.6;1;0.0111;0.0111;0;0;0;0;0;0;0.6422;0.5542;0;16.525;19.135;14.018;16.232;98.3;98.3;6.2702;5.5096;4.6738;0.7605;0.8358;0.1213;0.1333;0.7454;162.12;0.6631;0
29/10/21 16:00;22.283;91.302;23.13;22.288;44.611;90;44.611;144.3;140.6;3.6997;18.8;7.35;0;8.9728;119.5;2.3972;0;4.1575;135.03;0;135.03;8.9728;2.3972;119.5;4.1575;0.0665;0.9158;0;0.0308;121.41;13.623;0;0;9.7693;3.8537;117.68;3.601;0.0072;0.0019;3.5726;0.0194;121.28;0.1214;0.009;0.0024;0.1097;0.0003;119.17;8.9567;2.3929;106.05;0.2841;88.644;71.358;29.611;7.0836;1.2741;18.327;1.4835;12.518;0;1;0;0;0.9357;0.8991;1;1;0.9182;0.0731;0.9703;0.9992;1;0.9674;0.9361;0.999;0.999;1;0.999;0.999;0.8715;0.8874;0.0683;0.3843;0.3777;0.0023;0.0171;-0.0006;0.0025;0.0089;0.0033;0;0;0.088;0.2409;0;0;0;0;0;0;0;0;0;0;0;0;0.0072;0.0005;0.3364;0.3364;0;24.592;24.592;5.7917;0.0492;321.62;1046;1;0.0075;0.0075;0;0;0;0;0;0;0.3289;0.2409;0;16.463;19.064;11.79;13.653;97.776;97.776;3.2407;2.837;2.0318;0.4037;0.8052;0.1246;0.2485;0.627;88.621;0.5691;0
29/10/21 17:00;10.082;99.627;64.877;10.223;15.272;90;15.272;110.8;98.203;12.597;17.96;6.19;0;30.552;91.467;12.349;0;0.3913;134.76;0;134.76;30.552;12.349;91.467;0.3913;0.2267;0.6816;0;0.0029;133.09;1.6738;0;0;1.3478;0.3261;126.93;6.0246;1.8752;0.7579;3.3768;0.0146;132.95;0.1331;0.0306;0.0123;0.0901;0.0001;127;28.646;11.578;86.652;0.0505;55.804;44.922;16.761;0.1262;0.6426;9.244;0.0716;9.7603;0;1;0;0;1.2162;0.9876;1;1;0.9853;0.1667;0.9547;0.9386;1;0.9625;0.7753;0.999;0.999;1;0.999;0.999;0.9419;0.9474;0.1291;0.3835;0.3819;0.0023;0.0171;-0.0011;0.0025;0.009;0.0017;0;0;0.088;0.2469;0;0;0;0;0;0;0;0;0;0;0;0;0.0073;0.0005;0.3425;0.3425;0;24.2;24.2;6.24;0.0492;326.01;1050.6;1;0.0076;0.0076;0;0;0;0;0;0;0.3349;0.2469;0;16.795;19.448;12.108;14.02;97.783;97.783;3.2342;2.8884;2.0823;0.3458;0.8061;0.1069;0.2493;0.6438;55.717;0.6124;0
29/10/21 18:00;2.0974;105.2;84.908;2.1734;3.1039;90;3.1039;0;0;0;15.76;4.8501;0;0;0;0;0;0;0;0;0;0;0;0;0;1;1;1;1;0;0;0;0;0;0;0;0;0;0;0;0;0;0;0;0;0;0;0;0;0;0;0;0;0;0;0;0;0;0;0;0;0;0;0;1;1;1;1;1;1;1;1;1;1;1;1;1;1;1;1;1;1;1;0;0;0;0;0;0;0;0;0;0.0004;0.088;-0.0884;0;0;0;0;0;0;0;0;0;0;0;0;0;0;0;0;0;0;0;-15.76;0;0;0;0;0.0004;0;0;0;0;0;0;0;-0.0004;-0.0884;0;0;0;0;0;0;0;0;0;-0.7452;0;0.7452;1;1;0;0;0;0
29/10/21 19:00;0;0;90;0;0;90;0;0;0;0;13.39;4.19;0;0;0;0;0;0;0;0;0;0;0;0;0;1;1;1;1;0;0;0;0;0;0;0;0;0;0;0;0;0;0;0;0;0;0;0;0;0;0;0;0;0;0;0;0;0;0;0;0;0;0;0;1;1;1;1;1;1;1;1;1;1;1;1;1;1;1;1;1;1;1;0;0;0;0;0;0;0;0;0;0.0004;0.088;-0.0884;0;0;0;0;0;0;0;0;0;0;0;0;0;0;0;0;0;0;0;-13.39;0;0;0;0;0.0004;0;0;0;0;0;0;0;-0.0004;-0.0884;0;0;0;0;0;0;0;0;0;-0.7452;0;0.7452;1;1;0;0;0;0
29/10/21 20:00;0;0;90;0;0;90;0;0;0;0;11.77;3.9801;0;0;0;0;0;0;0;0;0;0;0;0;0;1;1;1;1;0;0;0;0;0;0;0;0;0;0;0;0;0;0;0;0;0;0;0;0;0;0;0;0;0;0;0;0;0;0;0;0;0;0;0;1;1;1;1;1;1;1;1;1;1;1;1;1;1;1;1;1;1;1;0;0;0;0;0;0;0;0;0;0.0004;0.088;-0.0884;0;0;0;0;0;0;0;0;0;0;0;0;0;0;0;0;0;0;0;-11.77;0;0;0;0;0.0004;0;0;0;0;0;0;0;-0.0004;-0.0884;0;0;0;0;0;0;0;0;0;-0.7452;0;0.7452;1;1;0;0;0;0
29/10/21 21:00;0;0;90;0;0;90;0;0;0;0;11.27;4.12;0;0;0;0;0;0;0;0;0;0;0;0;0;1;1;1;1;0;0;0;0;0;0;0;0;0;0;0;0;0;0;0;0;0;0;0;0;0;0;0;0;0;0;0;0;0;0;0;0;0;0;0;1;1;1;1;1;1;1;1;1;1;1;1;1;1;1;1;1;1;1;0;0;0;0;0;0;0;0;0;0.0004;0.088;-0.0884;0;0;0;0;0;0;0;0;0;0;0;0;0;0;0;0;0;0;0;-11.27;0;0;0;0;0.0004;0;0;0;0;0;0;0;-0.0004;-0.0884;0;0;0;0;0;0;0;0;0;-0.7452;0;0.7452;1;1;0;0;0;0
29/10/21 22:00;0;0;90;0;0;90;0;0;0;0;10.73;4.28;0;0;0;0;0;0;0;0;0;0;0;0;0;1;1;1;1;0;0;0;0;0;0;0;0;0;0;0;0;0;0;0;0;0;0;0;0;0;0;0;0;0;0;0;0;0;0;0;0;0;0;0;1;1;1;1;1;1;1;1;1;1;1;1;1;1;1;1;1;1;1;0;0;0;0;0;0;0;0;0;0.0004;0.088;-0.0884;0;0;0;0;0;0;0;0;0;0;0;0;0;0;0;0;0;0;0;-10.73;0;0;0;0;0.0004;0;0;0;0;0;0;0;-0.0004;-0.0884;0;0;0;0;0;0;0;0;0;-0.7452;0;0.7452;1;1;0;0;0;0
29/10/21 23:00;0;0;90;0;0;90;0;0;0;0;10.27;4.35;0;0;0;0;0;0;0;0;0;0;0;0;0;1;1;1;1;0;0;0;0;0;0;0;0;0;0;0;0;0;0;0;0;0;0;0;0;0;0;0;0;0;0;0;0;0;0;0;0;0;0;0;1;1;1;1;1;1;1;1;1;1;1;1;1;1;1;1;1;1;1;0;0;0;0;0;0;0;0;0;0.0004;0.088;-0.0884;0;0;0;0;0;0;0;0;0;0;0;0;0;0;0;0;0;0;0;-10.27;0;0;0;0;0.0004;0;0;0;0;0;0;0;-0.0004;-0.0884;0;0;0;0;0;0;0;0;0;-0.7452;0;0.7452;1;1;0;0;0;0
30/10/21 00:00;0;0;90;0;0;90;0;0;0;0;9.0002;4.25;0;0;0;0;0;0;0;0;0;0;0;0;0;1;1;1;1;0;0;0;0;0;0;0;0;0;0;0;0;0;0;0;0;0;0;0;0;0;0;0;0;0;0;0;0;0;0;0;0;0;0;0;1;1;1;1;1;1;1;1;1;1;1;1;1;1;1;1;1;1;1;0;0;0;0;0;0;0;0;0;0.0004;0.088;-0.0884;0;0;0;0;0;0;0;0;0;0;0;0;0;0;0;0;0;0;0;-9.0002;0;0;0;0;0.0004;0;0;0;0;0;0;0;-0.0004;-0.0884;0;0;0;0;0;0;0;0;0;-0.7452;0;0.7452;1;1;0;0;0;0
30/10/21 01:00;0;0;90;0;0;90;0;0;0;0;7.6899;3.93;0;0;0;0;0;0;0;0;0;0;0;0;0;1;1;1;1;0;0;0;0;0;0;0;0;0;0;0;0;0;0;0;0;0;0;0;0;0;0;0;0;0;0;0;0;0;0;0;0;0;0;0;1;1;1;1;1;1;1;1;1;1;1;1;1;1;1;1;1;1;1;0;0;0;0;0;0;0;0;0;0.0004;0.088;-0.0884;0;0;0;0;0;0;0;0;0;0;0;0;0;0;0;0;0;0;0;-7.6899;0;0;0;0;0.0004;0;0;0;0;0;0;0;-0.0004;-0.0884;0;0;0;0;0;0;0;0;0;-0.7452;0;0.7452;1;1;0;0;0;0
30/10/21 02:00;0;0;90;0;0;90;0;0;0;0;6.3697;3.5099;0;0;0;0;0;0;0;0;0;0;0;0;0;1;1;1;1;0;0;0;0;0;0;0;0;0;0;0;0;0;0;0;0;0;0;0;0;0;0;0;0;0;0;0;0;0;0;0;0;0;0;0;1;1;1;1;1;1;1;1;1;1;1;1;1;1;1;1;1;1;1;0;0;0;0;0;0;0;0;0;0.0004;0.088;-0.0884;0;0;0;0;0;0;0;0;0;0;0;0;0;0;0;0;0;0;0;-6.3697;0;0;0;0;0.0004;0;0;0;0;0;0;0;-0.0004;-0.0884;0;0;0;0;0;0;0;0;0;-0.7452;0;0.7452;1;1;0;0;0;0
30/10/21 03:00;0;0;90;0;0;90;0;0;0;0;4.2797;3.13;0;0;0;0;0;0;0;0;0;0;0;0;0;1;1;1;1;0;0;0;0;0;0;0;0;0;0;0;0;0;0;0;0;0;0;0;0;0;0;0;0;0;0;0;0;0;0;0;0;0;0;0;1;1;1;1;1;1;1;1;1;1;1;1;1;1;1;1;1;1;1;0;0;0;0;0;0;0;0;0;0.0004;0.088;-0.0884;0;0;0;0;0;0;0;0;0;0;0;0;0;0;0;0;0;0;0;-4.2797;0;0;0;0;0.0004;0;0;0;0;0;0;0;-0.0004;-0.0884;0;0;0;0;0;0;0;0;0;-0.7452;0;0.7452;1;1;0;0;0;0
30/10/21 04:00;0;0;90;0;0;90;0;0;0;0;4.1501;2.92;0;0;0;0;0;0;0;0;0;0;0;0;0;1;1;1;1;0;0;0;0;0;0;0;0;0;0;0;0;0;0;0;0;0;0;0;0;0;0;0;0;0;0;0;0;0;0;0;0;0;0;0;1;1;1;1;1;1;1;1;1;1;1;1;1;1;1;1;1;1;1;0;0;0;0;0;0;0;0;0;0.0004;0.088;-0.0884;0;0;0;0;0;0;0;0;0;0;0;0;0;0;0;0;0;0;0;-4.1501;0;0;0;0;0.0004;0;0;0;0;0;0;0;-0.0004;-0.0884;0;0;0;0;0;0;0;0;0;-0.7452;0;0.7452;1;1;0;0;0;0
30/10/21 05:00;5.8961;-102.92;75.574;6.048;8.7572;-90;-8.7572;69.699;26.102;43.597;4.1501;3.8;0;105.74;18.019;19.348;0;0.0813;143.18;0;143.18;105.74;19.348;18.019;0.0813;0.7385;0.1264;0;0.0006;143.01;0.1716;0;0;0.1041;0.0675;117.46;25.409;20.846;3.8146;0.7449;0.0031;142.87;0.143;0.1057;0.0193;0.0179;0;117.46;84.783;15.514;17.152;0.0107;11.023;8.8736;3.3226;0.0031;0.1248;1.7946;0.0032;1.9163;0;1;0;0;2.0543;0.9988;1;1;0.9942;0.1692;0.8222;0.8026;1;0.9584;0.7757;0.999;0.999;1;0.999;0.999;0.8203;0.9519;0.1311;0.4075;0.3397;0.002;0.0169;-0.0185;0.0024;0.0084;0.0003;0;0;0.088;0.225;0;0;0;0;0;0;0;0;0;0;0;0;0.0068;0.0004;0.3209;0.3209;0;9.8597;9.8597;5.7096;0.0486;289.59;1108.2;1;0.0079;0.0079;0;0;0;0;0;0;0.313;0.225;0;14.811;17.15;10.383;12.023;97.527;97.527;3.4364;2.7064;1.8973;0.73;0.809;0.2124;0.2354;0.5521;10.77;0.547;0
30/10/21 06:00;17.806;-94.787;42.129;17.864;30.208;-90;-30.208;287.9;47.402;240.5;7.7797;4.18;0;583.28;19.159;65.112;0;3.9095;671.46;0;671.46;583.28;65.112;19.159;3.9095;0.8687;0.0344;0;0.0058;667.19;4.2708;0;0;0.8568;3.414;660.57;5.9478;4.7372;0.5288;0.5957;0.086;666.52;0.6672;0.5833;0.0651;0.0183;0.0005;660.66;577.96;64.518;17.689;0.409;13.956;11.234;4.5983;0.2981;0.1516;2.1808;0.0854;2.0343;0;1;0;0;2.3323;0.9936;1;1;0.9553;0.1267;0.9911;0.9919;1;0.9674;0.8262;0.999;0.999;1;0.999;0.999;0.9838;0.9232;0.1046;1.9109;1.8946;0.0114;0.0006;0.1017;0.0125;0.0442;0.0004;0;0;0.088;1.5643;0;0;0;0;0;0;0;0;0;0;0;0;0.0356;0.0086;1.6796;1.6796;0;40.328;40.328;32.548;0.0493;1631.9;1029.2;1;0.0272;0.0272;0;0;0;0;0;0;1.6523;1.5643;0;16.529;19.14;15.395;17.827;98.378;98.378;16.115;14.164;13.192;1.951;0.9718;0.1211;0.0603;0.8186;12.646;0.8166;0
30/10/21 07:00;30.062;-86.168;3.316;30.117;59.883;-90;-59.883;516.91;85.298;431.61;11.42;3.9801;0;860.17;24.308;105.48;0;25.754;1015.7;0;1015.7;860.17;105.48;24.308;25.754;0.8469;0.0493;0;0.0254;988.7;27.01;0;0;3.0368;23.973;986.73;0.9758;0.0984;0.0121;0.7511;0.1142;987.71;0.9887;0.8602;0.1055;0.0213;0.0018;990.58;859.21;105.36;20.499;1.6649;109.46;88.118;34.87;4.042;1.3777;19.818;3.8502;17.153;0;1;0;0;1.965;0.9734;1;1;0.8751;0.0691;0.999;0.9999;1;0.9647;0.9358;0.999;0.999;1;0.999;0.999;0.9715;0.8433;0.0646;2.8906;2.8738;0.0173;0.0001;0.362;0.0175;0.0619;0.0033;0;0;0.088;2.2154;0;0;0;0;0;0;0;0;0;0;0;0;0.0499;0.019;2.3429;2.3429;0;60.845;60.845;49.425;0.0501;2477.5;945.7;1;0.0395;0.0395;0;0;0;0;0;0;2.3034;2.2154;0;15.243;17.651;14.413;16.69;98.314;98.314;24.377;19.758;18.683;4.6187;1.0753;0.1895;0.0441;0.7664;21.139;0.7554;0
30/10/21 08:00;42.174;-76.121;10.24;43.019;46.981;-90;-46.981;723.8;119.4;604.39;12.99;3.8201;0;885.89;35.323;113.46;0;22.999;1057.7;0;1057.7;885.89;113.46;35.323;22.999;0.8376;0.0551;0;0.0217;1033.3;24.396;0;0;3.1035;21.293;1030.7;1.4969;0.313;0.0401;1.0561;0.0877;1032.2;1.0333;0.8859;0.1135;0.0322;0.0017;1036;884.69;113.31;31.131;1.617;298.54;240.33;93.441;2.5087;3.312;47.641;5.3;48.445;0;1;0;0;1.4613;0.9769;1;1;0.9121;0.0742;0.9985;0.9996;1;0.9672;0.9485;0.999;0.999;1;0.999;0.999;0.9745;0.8813;0.0703;3.01;3.0596;0.0184;0.0025;0.4281;0.0183;0.0648;0.0077;0;0;0.088;2.3167;0;0;0;0;0;0;0;0;0;0;0;0;0.0522;0.0214;2.4463;2.4463;0;64.79;64.79;51.8;0.0503;2636;928.02;1;0.0416;0.0416;0;0;0;0;0;0;2.4047;2.3167;0;15.283;17.698;14.474;16.761;98.301;98.301;25.384;20.63;19.537;4.7544;1.0927;0.1873;0.043;0.7697;26.78;0.7445;0
30/10/21 09:00;53.661;-62.66;15.792;56.837;33.163;-90;-33.163;891.31;147.1;744.2;14.85;4.0501;0;889.01;45.222;116.91;0;14.518;1065.7;0;1065.7;889.01;116.91;45.222;14.518;0.8342;0.0561;0;0.0136;1050.5;15.203;0;0;2.3446;12.858;1047.2;2.1884;0.4845;0.0637;1.3865;0.2537;1049.4;1.0505;0.889;0.1169;0.0429;0.0017;1051.1;887.63;116.73;41.448;1.4043;459.83;370.16;147.57;0.9715;4.6762;67.265;3.9142;70.97;0;1;0;0;1.1956;0.9857;1;1;0.9482;0.1143;0.9979;0.9995;1;0.9676;0.847;0.999;0.999;1;0.999;0.999;0.9827;0.9165;0.0967;3.0328;3.1421;0.0189;0.0038;0.4712;0.0185;0.0657;0.0108;0;0;0.088;2.3477;0;0;0;0;0;0;0;0;0;0;0;0;0.053;0.0225;2.4777;2.4777;0;67.6;67.6;52.75;0.0504;2706.8;915.37;1;0.042;0.042;0;0;0;0;0;0;2.4357;2.3477;0;15.364;17.791;14.558;16.858;98.305;98.305;25.576;20.895;19.799;4.681;1.0963;0.183;0.0429;0.7741;30.49;0.7392;0
30/10/21 10:00;63.408;-41.635;19.546;71.604;18.396;-90;-18.396;1009.5;166.6;842.91;15.16;4.4699;0;888.31;52.141;119.18;0;5.1588;1064.8;0;1064.8;888.31;119.18;52.141;5.1588;0.8343;0.0538;0;0.0048;1059.4;5.3435;0;0;1.0472;4.2963;1055.7;2.6833;0.5991;0.0804;1.8128;0.191;1058.4;1.0594;0.8883;0.1192;0.0511;0.0009;1056.9;886.82;118.98;49.23;0.6707;574.79;462.7;179.03;0.14;6.1283;88.153;1.2289;94.141;0;1;0;0;1.0548;0.995;1;1;0.9799;0.1672;0.9975;0.9993;1;0.9645;0.7784;0.999;0.999;1;0.999;0.999;0.9915;0.9442;0.13;3.0303;3.2005;0.0193;0.0049;0.4886;0.0188;0.0667;0.0141;0;0;0.088;2.3805;0;0;0;0;0;0;0;0;0;0;0;0;0.0537;0.0233;2.5112;2.5112;0;68.372;68.372;53.212;0.0504;2755.6;911.3;1;0.0427;0.0427;0;0;0;0;0;0;2.4685;2.3805;0;15.584;18.046;14.773;17.107;98.3;98.3;25.555;21.177;20.075;4.3778;1.1021;0.1713;0.0431;0.7856;32.16;0.7397;0
30/10/21 11:00;68.658;-7.6033;21.145;87.041;2.9595;-90;-2.9595;1039.8;171.6;868.21;16.5;4.97;0;869.37;56.374;115.34;0;0.1387;1041.2;0;1041.2;869.37;115.34;56.374;0.1387;0.8349;0.0543;0;0.0001;1041;0.1752;0;0;0.0596;0.1157;1036.8;3.2287;0.6343;0.0842;2.5051;0.0051;1040;1.041;0.8694;0.1153;0.0563;0;1036.8;867.86;115.14;53.753;0.0179;612.77;493.28;191.55;-0.0003;6.4789;93.197;-0.0047;99.676;0;1;0;0;1.0014;0.9998;1;1;0.9989;0.166;0.9969;0.9993;1;0.9555;0.7778;0.999;0.999;1;0.999;0.999;0.9957;0.9535;0.129;2.9632;3.153;0.019;0.004;0.4861;0.0185;0.0656;0.0148;0;0;0.088;2.3397;0;0;0;0;0;0;0;0;0;0;0;0;0.0529;0.0226;2.4694;2.4694;0;68.774;68.774;52.274;0.0504;2714.3;909.78;1;0.0417;0.0417;0;0;0;0;0;0;2.4277;2.3397;0;15.671;18.147;14.849;17.194;98.313;98.313;24.989;20.824;19.731;4.1648;1.0934;0.1667;0.0438;0.7896;33.409;0.74;0
30/10/21 12:00;66.15;30.36;20.42;77.404;12.596;90;12.596;1039.7;171.5;868.21;17.36;5.5899;0;889.62;53.609;120.13;0;2.5024;1065.9;0;1065.9;889.62;120.13;53.609;2.5024;0.8346;0.0526;0;0.0023;1063.2;2.6537;0;0;0.571;2.0827;1059.3;2.8852;0.6269;0.0846;2.0792;0.0944;1062.1;1.0632;0.8896;0.1201;0.053;0.0004;1059.8;888.1;119.93;50.905;0.3248;603.51;485.82;190.26;0.0376;6.2791;90.323;0.513;96.564;0;1;0;0;1.0252;0.9975;1;1;0.9893;0.1677;0.9973;0.9993;1;0.9608;0.7747;0.999;0.999;1;0.999;0.999;0.9938;0.9496;0.1298;3.0334;3.213;0.0194;0.0051;0.5194;0.0187;0.0663;0.0142;0;0;0.088;2.3631;0;0;0;0;0;0;0;0;0;0;0;0;0.0534;0.0235;2.4931;2.4931;0;70.861;70.861;53.501;0.0505;2766.6;901.14;1;0.042;0.042;0;0;0;0;0;0;2.4511;2.3631;0;15.456;17.898;14.651;16.965;98.316;98.316;25.581;21.025;19.928;4.5559;1.0963;0.1781;0.0429;0.779;32.365;0.7326;0
30/10/21 13:00;57.662;55.905;17.449;62.333;27.667;90;27.667;948.99;156.2;792.79;17.66;6.09;0;895.14;47.757;119.17;0;10.851;1072.9;0;1072.9;895.14;119.17;47.757;10.851;0.8343;0.0546;0;0.0101;1061.7;11.266;0;0;1.8622;9.404;1058.2;2.3942;0.539;0.0718;1.5071;0.2764;1060.6;1.0617;0.8951;0.1192;0.0459;0.0014;1061;893.71;118.98;44.342;1.169;513.15;413.09;164.51;0.5484;5.1947;74.724;2.7557;79.37;0;1;0;0;1.1306;0.9895;1;1;0.961;0.1333;0.9977;0.9994;1;0.9671;0.8088;0.999;0.999;1;0.999;0.999;0.9863;0.9285;0.1077;3.0535;3.1852;0.0192;0.0046;0.518;0.0185;0.0656;0.0118;0;0;0.088;2.342;0;0;0;0;0;0;0;0;0;0;0;0;0.0529;0.0231;2.4715;2.4715;0;71.119;71.119;53.459;0.0505;2744;900.68;1;0.0415;0.0415;0;0;0;0;0;0;2.43;2.342;0;15.222;17.626;14.424;16.703;98.322;98.322;25.75;20.843;19.751;4.9076;1.0918;0.1906;0.0424;0.767;30.991;0.729;0
30/10/21 14:00;46.642;71.579;12.53;48.143;41.857;90;41.857;815.1;136.3;678.8;17.86;6.33;0;911.37;38.963;123.03;0;20.8;1094.2;0;1094.2;911.37;123.03;38.963;20.8;0.8329;0.0546;0;0.019;1072.1;22.071;0;0;2.9018;19.169;1069.3;1.7463;0.3941;0.0532;1.1685;0.1306;1071;1.0721;0.9114;0.123;0.0361;0.0016;1074.6;910.07;122.86;34.856;1.4994;374.22;301.24;119.37;1.8598;3.922;56.417;5.3077;58.479;0;1;0;0;1.3424;0.9798;1;1;0.9255;0.0784;0.9984;0.9996;1;0.9676;0.9199;0.999;0.999;1;0.999;0.999;0.9773;0.8946;0.0721;3.1139;3.1875;0.0192;0.0046;0.5276;0.0185;0.0654;0.0089;0;0;0.088;2.3381;0;0;0;0;0;0;0;0;0;0;0;0;0.0527;0.0231;2.4674;2.4674;0;71.915;71.915;54.054;0.0506;2747.7;897.99;1;0.0413;0.0413;0;0;0;0;0;0;2.4261;2.3381;0;14.901;17.256;14.121;16.351;98.326;98.326;26.26;20.808;19.718;5.4519;1.0905;0.2076;0.0415;0.7509;28.197;0.723;0
30/10/21 15:00;34.69;82.605;6.0754;34.915;55.085;90;55.085;671.7;110.9;560.8;17.51;6.43;0;979.8;25.322;137.49;0;28.725;1171.3;0;1171.3;979.8;137.49;25.322;28.725;0.8365;0.0461;0;0.0245;1141.6;29.719;0;0;2.8123;26.907;1139.4;1.0839;0.2054;0.0288;0.7672;0.0825;1140.5;1.1416;0.9798;0.1375;0.0225;0.0018;1144.9;978.62;137.32;21.72;1.7338;201.91;162.54;60.68;3.1325;2.4967;35.914;5.4872;35.279;0;1;0;0;1.7438;0.9746;1;1;0.8889;0.0633;0.999;0.9998;1;0.9659;0.9546;0.999;0.999;1;0.999;0.999;0.9727;0.8578;0.0604;3.3335;3.3475;0.0202;0.0079;0.5942;0.0191;0.0677;0.0056;0;0;0.088;2.4221;0;0;0;0;0;0;0;0;0;0;0;0;0.0545;0.0254;2.5531;2.5531;0;75.276;75.276;57.766;0.0507;2886.7;884.43;1;0.043;0.043;0;0;0;0;0;0;2.5101;2.4221;0;14.403;16.678;13.664;15.823;98.317;98.317;28.112;21.531;20.426;6.5815;1.1044;0.2341;0.0393;0.7266;20.848;0.7103;0
30/10/21 16:00;22.45;91.607;22.157;22.458;45.432;90;45.432;389.5;119.8;269.7;16.69;6.25;0;654.1;50.092;147.77;0;11.617;863.58;0;863.58;654.1;147.77;50.092;11.617;0.7574;0.0715;0;0.0135;848.59;14.989;0;0;4.2054;10.784;845.58;2.1597;0.5001;0.113;1.4969;0.0497;847.74;0.8486;0.6541;0.1478;0.0459;0.0008;846.23;652.94;147.51;44.344;0.7824;39.048;31.434;13.317;3.1644;0.5463;7.8588;0.6527;5.2407;0;1;0;0;2.2171;0.9826;1;1;0.916;0.0717;0.9975;0.9992;1;0.9673;0.9403;0.999;0.999;1;0.999;0.999;0.9792;0.8852;0.0674;2.4577;2.4369;0.0147;-0.002;0.2919;0.0149;0.0529;0.0013;0;0;0.088;1.8866;0;0;0;0;0;0;0;0;0;0;0;0;0.0426;0.0139;2.0066;2.0066;0;58.98;58.98;42.29;0.05;2104.4;953.52;1;0.032;0.032;0;0;0;0;0;0;1.9746;1.8866;0;15.354;17.78;14.436;16.716;98.405;98.405;20.726;16.922;15.91;3.8041;1.012;0.1835;0.0488;0.7676;37.428;0.7624;0
30/10/21 17:00;10.255;99.91;64.42;10.407;15.576;90;15.576;135.71;104.8;30.905;15.43;4.3199;0;74.954;90.016;31.775;0;0.4984;197.24;0;197.24;74.954;31.775;90.016;0.4984;0.38;0.4589;0;0.0025;195.46;1.7865;0;0;1.3711;0.4154;185.7;9.558;4.379;1.8563;3.3041;0.0186;195.26;0.1955;0.075;0.0318;0.0886;0.0001;185.78;70.5;29.887;85.252;0.0643;55.11;44.364;16.585;0.1333;0.6331;9.1071;0.074;9.607;0;1;0;0;1.4535;0.9909;1;1;0.9848;0.1665;0.9511;0.9415;1;0.9627;0.7754;0.999;0.999;1;0.999;0.999;0.9415;0.9471;0.129;0.5613;0.5498;0.0033;0.017;-0.0009;0.0037;0.0132;0.0017;0;0;0.088;0.4029;0;0;0;0;0;0;0;0;0;0;0;0;0.0106;0.0009;0.5003;0.5003;0;24.531;24.531;9.1007;0.049;470.41;1063.5;1;0.0094;0.0094;0;0;0;0;0;0;0.4909;0.4029;0;16.761;19.409;13.498;15.63;98.123;98.123;4.7338;4.2191;3.3978;0.5148;0.8213;0.1087;0.1735;0.7178;54.894;0.6938;0
30/10/21 18:00;2.0822;105.62;84.945;2.1619;3.0875;90;3.0875;0;0;0;13.71;3.3401;0;0;0;0;0;0;0;0;0;0;0;0;0;1;1;1;1;0;0;0;0;0;0;0;0;0;0;0;0;0;0;0;0;0;0;0;0;0;0;0;0;0;0;0;0;0;0;0;0;0;0;0;1;1;1;1;1;1;1;1;1;1;1;1;1;1;1;1;1;1;1;0;0;0;0;0;0;0;0;0;0.0004;0.088;-0.0884;0;0;0;0;0;0;0;0;0;0;0;0;0;0;0;0;0;0;0;-13.71;0;0;0;0;0.0004;0;0;0;0;0;0;0;-0.0004;-0.0884;0;0;0;0;0;0;0;0;0;-0.7452;0;0.7452;1;1;0;0;0;0
30/10/21 19:00;0;0;90;0;0;90;0;0;0;0;12.04;3.29;0;0;0;0;0;0;0;0;0;0;0;0;0;1;1;1;1;0;0;0;0;0;0;0;0;0;0;0;0;0;0;0;0;0;0;0;0;0;0;0;0;0;0;0;0;0;0;0;0;0;0;0;1;1;1;1;1;1;1;1;1;1;1;1;1;1;1;1;1;1;1;0;0;0;0;0;0;0;0;0;0.0004;0.088;-0.0884;0;0;0;0;0;0;0;0;0;0;0;0;0;0;0;0;0;0;0;-12.04;0;0;0;0;0.0004;0;0;0;0;0;0;0;-0.0004;-0.0884;0;0;0;0;0;0;0;0;0;-0.7452;0;0.7452;1;1;0;0;0;0
30/10/21 20:00;0;0;90;0;0;90;0;0;0;0;10.58;3.3;0;0;0;0;0;0;0;0;0;0;0;0;0;1;1;1;1;0;0;0;0;0;0;0;0;0;0;0;0;0;0;0;0;0;0;0;0;0;0;0;0;0;0;0;0;0;0;0;0;0;0;0;1;1;1;1;1;1;1;1;1;1;1;1;1;1;1;1;1;1;1;0;0;0;0;0;0;0;0;0;0.0004;0.088;-0.0884;0;0;0;0;0;0;0;0;0;0;0;0;0;0;0;0;0;0;0;-10.58;0;0;0;0;0.0004;0;0;0;0;0;0;0;-0.0004;-0.0884;0;0;0;0;0;0;0;0;0;-0.7452;0;0.7452;1;1;0;0;0;0
30/10/21 21:00;0;0;90;0;0;90;0;0;0;0;4.8501;3.2799;0;0;0;0;0;0;0;0;0;0;0;0;0;1;1;1;1;0;0;0;0;0;0;0;0;0;0;0;0;0;0;0;0;0;0;0;0;0;0;0;0;0;0;0;0;0;0;0;0;0;0;0;1;1;1;1;1;1;1;1;1;1;1;1;1;1;1;1;1;1;1;0;0;0;0;0;0;0;0;0;0.0004;0.088;-0.0884;0;0;0;0;0;0;0;0;0;0;0;0;0;0;0;0;0;0;0;-4.8501;0;0;0;0;0.0004;0;0;0;0;0;0;0;-0.0004;-0.0884;0;0;0;0;0;0;0;0;0;-0.7452;0;0.7452;1;1;0;0;0;0
30/10/21 22:00;0;0;90;0;0;90;0;0;0;0;4.4598;3.1999;0;0;0;0;0;0;0;0;0;0;0;0;0;1;1;1;1;0;0;0;0;0;0;0;0;0;0;0;0;0;0;0;0;0;0;0;0;0;0;0;0;0;0;0;0;0;0;0;0;0;0;0;1;1;1;1;1;1;1;1;1;1;1;1;1;1;1;1;1;1;1;0;0;0;0;0;0;0;0;0;0.0004;0.088;-0.0884;0;0;0;0;0;0;0;0;0;0;0;0;0;0;0;0;0;0;0;-4.4598;0;0;0;0;0.0004;0;0;0;0;0;0;0;-0.0004;-0.0884;0;0;0;0;0;0;0;0;0;-0.7452;0;0.7452;1;1;0;0;0;0
30/10/21 23:00;0;0;90;0;0;90;0;0;0;0;3.0399;3.1199;0;0;0;0;0;0;0;0;0;0;0;0;0;1;1;1;1;0;0;0;0;0;0;0;0;0;0;0;0;0;0;0;0;0;0;0;0;0;0;0;0;0;0;0;0;0;0;0;0;0;0;0;1;1;1;1;1;1;1;1;1;1;1;1;1;1;1;1;1;1;1;0;0;0;0;0;0;0;0;0;0.0004;0.088;-0.0884;0;0;0;0;0;0;0;0;0;0;0;0;0;0;0;0;0;0;0;-3.0399;0;0;0;0;0.0004;0;0;0;0;0;0;0;-0.0004;-0.0884;0;0;0;0;0;0;0;0;0;-0.7452;0;0.7452;1;1;0;0;0;0
31/10/21 00:00;0;0;90;0;0;90;0;0;0;0;2.4403;2.9499;0;0;0;0;0;0;0;0;0;0;0;0;0;1;1;1;1;0;0;0;0;0;0;0;0;0;0;0;0;0;0;0;0;0;0;0;0;0;0;0;0;0;0;0;0;0;0;0;0;0;0;0;1;1;1;1;1;1;1;1;1;1;1;1;1;1;1;1;1;1;1;0;0;0;0;0;0;0;0;0;0.0004;0.088;-0.0884;0;0;0;0;0;0;0;0;0;0;0;0;0;0;0;0;0;0;0;-2.4403;0;0;0;0;0.0004;0;0;0;0;0;0;0;-0.0004;-0.0884;0;0;0;0;0;0;0;0;0;-0.7452;0;0.7452;1;1;0;0;0;0
31/10/21 01:00;0;0;90;0;0;90;0;0;0;0;2.06;2.73;0;0;0;0;0;0;0;0;0;0;0;0;0;1;1;1;1;0;0;0;0;0;0;0;0;0;0;0;0;0;0;0;0;0;0;0;0;0;0;0;0;0;0;0;0;0;0;0;0;0;0;0;1;1;1;1;1;1;1;1;1;1;1;1;1;1;1;1;1;1;1;0;0;0;0;0;0;0;0;0;0.0004;0.088;-0.0884;0;0;0;0;0;0;0;0;0;0;0;0;0;0;0;0;0;0;0;-2.06;0;0;0;0;0.0004;0;0;0;0;0;0;0;-0.0004;-0.0884;0;0;0;0;0;0;0;0;0;-0.7452;0;0.7452;1;1;0;0;0;0
31/10/21 02:00;0;0;90;0;0;90;0;0;0;0;1.4498;2.5401;0;0;0;0;0;0;0;0;0;0;0;0;0;1;1;1;1;0;0;0;0;0;0;0;0;0;0;0;0;0;0;0;0;0;0;0;0;0;0;0;0;0;0;0;0;0;0;0;0;0;0;0;1;1;1;1;1;1;1;1;1;1;1;1;1;1;1;1;1;1;1;0;0;0;0;0;0;0;0;0;0.0004;0.088;-0.0884;0;0;0;0;0;0;0;0;0;0;0;0;0;0;0;0;0;0;0;-1.4498;0;0;0;0;0.0004;0;0;0;0;0;0;0;-0.0004;-0.0884;0;0;0;0;0;0;0;0;0;-0.7452;0;0.7452;1;1;0;0;0;0
31/10/21 03:00;0;0;90;0;0;90;0;0;0;0;1.5003;2.18;0;0;0;0;0;0;0;0;0;0;0;0;0;1;1;1;1;0;0;0;0;0;0;0;0;0;0;0;0;0;0;0;0;0;0;0;0;0;0;0;0;0;0;0;0;0;0;0;0;0;0;0;1;1;1;1;1;1;1;1;1;1;1;1;1;1;1;1;1;1;1;0;0;0;0;0;0;0;0;0;0.0004;0.088;-0.0884;0;0;0;0;0;0;0;0;0;0;0;0;0;0;0;0;0;0;0;-1.5003;0;0;0;0;0.0004;0;0;0;0;0;0;0;-0.0004;-0.0884;0;0;0;0;0;0;0;0;0;-0.7452;0;0.7452;1;1;0;0;0;0
31/10/21 04:00;0;0;90;0;0;90;0;0;0;0;0.7797;1.65;0;0;0;0;0;0;0;0;0;0;0;0;0;1;1;1;1;0;0;0;0;0;0;0;0;0;0;0;0;0;0;0;0;0;0;0;0;0;0;0;0;0;0;0;0;0;0;0;0;0;0;0;1;1;1;1;1;1;1;1;1;1;1;1;1;1;1;1;1;1;1;0;0;0;0;0;0;0;0;0;0.0004;0.088;-0.0884;0;0;0;0;0;0;0;0;0;0;0;0;0;0;0;0;0;0;0;-0.7797;0;0;0;0;0.0004;0;0;0;0;0;0;0;-0.0004;-0.0884;0;0;0;0;0;0;0;0;0;-0.7452;0;0.7452;1;1;0;0;0;0
31/10/21 05:00;5.8888;-103.32;75.592;6.0503;8.7606;-90;-8.7606;74.603;25.297;49.305;1.6399;1.32;0;119.58;16.45;21.222;0;0.087;157.34;0;157.34;119.58;21.222;16.45;0.087;0.76;0.1051;0;0.0006;157.17;0.1674;0;0;0.0951;0.0723;128.52;28.498;23.622;4.1923;0.68;0.0033;157.01;0.1572;0.1196;0.0212;0.0164;0;128.52;95.838;17.009;15.659;0.0114;10.117;8.1443;3.0588;0.0028;0.1139;1.6384;0.0029;1.7494;0;1;0;0;2.109;0.9989;1;1;0.9942;0.1692;0.8185;0.8023;1;0.9584;0.7757;0.999;0.999;1;0.999;0.999;0.8168;0.9519;0.1311;0.4478;0.371;0.0022;0.0171;-0.0228;0.0026;0.0093;0.0003;0;0;0.088;0.2579;0;0;0;0;0;0;0;0;0;0;0;0;0.0075;0.0005;0.3543;0.3543;0;7.8713;7.8713;6.2314;0.0485;316.34;1120;1;0.0084;0.0084;0;0;0;0;0;0;0.3459;0.2579;0;14.879;17.23;10.831;12.541;97.628;97.628;3.7761;2.9877;2.1747;0.7884;0.813;0.2088;0.2153;0.5759;9.8327;0.5715;0
31/10/21 06:00;17.989;-95.068;41.496;18.055;30.679;-90;-30.679;285.5;48.2;237.3;6.9501;1.24;0;575.51;20.035;64.653;0;3.9959;664.2;0;664.2;575.51;64.653;20.035;3.9959;0.8665;0.0362;0;0.006;659.78;4.4156;0;0;0.9182;3.4974;653.45;5.6689;4.4614;0.5012;0.6213;0.085;659.12;0.6598;0.5755;0.0647;0.0191;0.0005;653.55;570.48;64.087;18.476;0.413;14.56;11.721;4.7937;0.3288;0.1596;2.2955;0.0929;2.1263;0;1;0;0;2.3265;0.9934;1;1;0.9542;0.1248;0.9914;0.9922;1;0.9675;0.8293;0.999;0.999;1;0.999;0.999;0.9838;0.9222;0.1034;1.8903;1.8745;0.0113;0.0008;0.0926;0.0124;0.0439;0.0004;0;0;0.088;1.5541;0;0;0;0;0;0;0;0;0;0;0;0;0.0354;0.0084;1.6692;1.6692;0;39.117;39.117;32.167;0.0492;1614.6;1033.8;1;0.0271;0.0271;0;0;0;0;0;0;1.6421;1.5541;0;16.606;19.23;15.461;17.904;98.375;98.375;15.941;14.076;13.106;1.8643;0.9708;0.1169;0.0609;0.8221;13.267;0.82;0
31/10/21 07:00;30.244;-86.478;3.0421;30.291;59.709;-90;-59.709;512.51;84.4;428.11;11.76;1.3501;0;848.77;24.645;102.37;0;25.401;1001.2;0;1001.2;848.77;102.37;24.645;25.401;0.8478;0.05;0;0.0254;974.47;26.713;0;0;3.066;23.647;972.53;0.9714;0.0891;0.0107;0.7609;0.1107;973.5;0.9745;0.8488;0.1024;0.0216;0.0018;976.33;847.83;102.26;20.797;1.6415;110.88;89.257;35.634;4.0556;1.3726;19.744;3.8032;17.061;0;1;0;0;1.9535;0.9733;1;1;0.8756;0.0691;0.999;0.9999;1;0.9647;0.9368;0.999;0.999;1;0.999;0.999;0.9714;0.8438;0.0646;2.8493;2.8329;0.0171;-0.0003;0.353;0.0172;0.0611;0.0033;0;0;0.088;2.1869;0;0;0;0;0;0;0;0;0;0;0;0;0.0493;0.0185;2.3137;2.3137;0;60.458;60.458;48.698;0.0501;2442.6;947.24;1;0.0388;0.0388;0;0;0;0;0;0;2.2749;2.1869;0;15.271;17.683;14.434;16.714;98.321;98.321;24.028;19.512;18.442;4.5164;1.0696;0.188;0.0445;0.7675;21.388;0.7564;0
31/10/21 08:00;42.366;-76.474;9.9514;43.17;46.83;-90;-46.83;720.1;118.8;601.31;15;0.8701;0;878.9;35.785;111.53;0;22.744;1049;0;1049;878.9;111.53;35.785;22.744;0.8379;0.0558;0;0.0217;1024.8;24.181;0;0;3.1295;21.052;1022.2;1.4979;0.3018;0.0383;1.0698;0.088;1023.7;1.0248;0.8789;0.1115;0.0327;0.0017;1027.7;877.72;111.38;31.553;1.6025;298.33;240.15;92.315;2.5134;3.3787;48.602;5.4211;49.467;0;1;0;0;1.4567;0.9769;1;1;0.9125;0.0744;0.9985;0.9997;1;0.9672;0.948;0.999;0.999;1;0.999;0.999;0.9745;0.8817;0.0705;2.9852;3.0376;0.0183;0.0022;0.4432;0.018;0.0639;0.0078;0;0;0.088;2.2831;0;0;0;0;0;0;0;0;0;0;0;0;0.0515;0.0211;2.4116;2.4116;0;66.441;66.441;51.442;0.0503;2617.6;921.32;1;0.0406;0.0406;0;0;0;0;0;0;2.3711;2.2831;0;15.192;17.592;14.382;16.654;98.318;98.318;25.175;20.338;19.253;4.8372;1.0843;0.1921;0.0431;0.7648;27.092;0.7391;0
31/10/21 09:00;53.881;-63.062;15.488;56.954;33.046;-90;-33.046;886.21;146.2;740;16.73;1.2099;0;882.81;45.772;115.01;0;14.336;1057.9;0;1057.9;882.81;115.01;45.772;14.336;0.8345;0.0568;0;0.0136;1042.9;15.05;0;0;2.3599;12.69;1039.6;2.1904;0.4718;0.0615;1.404;0.2531;1041.8;1.0429;0.8828;0.115;0.0434;0.0016;1043.5;881.45;114.83;41.965;1.3911;457.83;368.56;146.91;0.9714;4.6573;66.994;3.863;70.679;0;1;0;0;1.1938;0.9858;1;1;0.9484;0.1148;0.9979;0.9995;1;0.9676;0.8461;0.999;0.999;1;0.999;0.999;0.9827;0.9168;0.097;3.0108;3.1197;0.0188;0.0034;0.4856;0.0183;0.0648;0.0107;0;0;0.088;2.3147;0;0;0;0;0;0;0;0;0;0;0;0;0.0522;0.0222;2.4437;2.4437;0;69.165;69.165;52.435;0.0504;2688;909.14;1;0.041;0.041;0;0;0;0;0;0;2.4027;2.3147;0;15.264;17.675;14.458;16.742;98.321;98.321;25.39;20.608;19.52;4.782;1.0881;0.1883;0.0429;0.7688;30.834;0.734;0
31/10/21 10:00;63.681;-42.028;19.229;71.677;18.323;-90;-18.323;993.49;163.9;829.59;17.89;1.55;0;873.9;53.324;115.02;0;5.0371;1047.3;0;1047.3;873.9;115.02;53.324;5.0371;0.8344;0.0557;0;0.0048;1042;5.2584;0;0;1.0639;4.1946;1038.3;2.6993;0.5799;0.0763;1.8566;0.1866;1041;1.042;0.8739;0.115;0.0523;0.0008;1039.5;872.45;114.83;50.351;0.6551;565.9;455.55;176.24;0.1412;6.0352;86.814;1.1985;92.708;0;1;0;0;1.0541;0.995;1;1;0.98;0.1673;0.9974;0.9993;1;0.9644;0.7783;0.999;0.999;1;0.999;0.999;0.9914;0.9443;0.13;2.9805;3.1479;0.019;0.0039;0.5029;0.0184;0.0651;0.0137;0;0;0.088;2.321;0;0;0;0;0;0;0;0;0;0;0;0;0.0524;0.0225;2.45;2.45;0;70.306;70.306;52.416;0.0505;2710.8;903.79;1;0.041;0.041;0;0;0;0;0;0;2.409;2.321;0;15.459;17.901;14.644;16.958;98.325;98.325;25.135;20.661;19.573;4.4736;1.0882;0.178;0.0433;0.7787;32.88;0.7332;0
31/10/21 11:00;68.981;-7.6807;20.822;87.06;2.9399;-90;-2.9399;1041.7;171.9;869.8;19.04;1.4;0;870.95;56.569;115.44;0;0.1371;1043.1;0;1043.1;870.95;115.44;56.569;0.1371;0.835;0.0544;0;0.0001;1042.9;0.1735;0;0;0.0592;0.1143;1038.7;3.228;0.6258;0.0829;2.5143;0.0051;1041.9;1.0429;0.8709;0.1154;0.0565;0;1038.7;869.45;115.25;53.939;0.0177;613.9;494.19;191.9;-0.0003;6.4909;93.369;-0.0049;99.86;0;1;0;0;1.0013;0.9998;1;1;0.999;0.166;0.9969;0.9993;1;0.9555;0.7778;0.999;0.999;1;0.999;0.999;0.9957;0.9535;0.129;2.9686;3.1587;0.019;0.0041;0.5185;0.0183;0.065;0.0147;0;0;0.088;2.3152;0;0;0;0;0;0;0;0;0;0;0;0;0.0523;0.0227;2.444;2.444;0;71.527;71.527;52.487;0.0505;2719.7;898.63;1;0.0408;0.0408;0;0;0;0;0;0;2.4032;2.3152;0;15.483;17.928;14.667;16.984;98.332;98.332;25.034;20.61;19.525;4.4239;1.0859;0.1767;0.0434;0.7799;33.524;0.7309;0
31/10/21 12:00;66.439;30.724;20.098;77.44;12.56;90;12.56;1021.8;168.3;853.5;21;1.49;0;874.42;54.84;115.56;0;2.4454;1047.3;0;1047.3;874.42;115.56;54.84;2.4454;0.835;0.0547;0;0.0023;1044.7;2.6166;0;0;0.5814;2.0352;1040.7;2.9072;0.6064;0.0801;2.1284;0.0923;1043.6;1.0447;0.8744;0.1156;0.0543;0.0004;1041.2;872.94;115.37;52.076;0.3175;593.2;477.53;186.98;0.038;6.1736;88.805;0.5007;94.941;0;1;0;0;1.0249;0.9975;1;1;0.9894;0.1677;0.9972;0.9993;1;0.9607;0.7747;0.999;0.999;1;0.999;0.999;0.9937;0.9496;0.1298;2.9804;3.1568;0.019;0.0041;0.543;0.0181;0.0643;0.0138;0;0;0.088;2.292;0;0;0;0;0;0;0;0;0;0;0;0;0.0518;0.0227;2.4199;2.4199;0;73.684;73.684;52.684;0.0506;2718.7;890.11;1;0.04;0.04;0;0;0;0;0;0;2.38;2.292;0;15.269;17.681;14.462;16.746;98.347;98.347;25.134;20.408;19.328;4.7268;1.0794;0.1881;0.0429;0.769;33.105;0.7231;0
31/10/21 13:00;57.887;56.341;17.135;62.418;27.582;90;27.582;941.51;156;785.51;21.16;1.4499;0;886.23;48.919;117.49;0;10.701;1063.3;0;1063.3;886.23;117.49;48.919;10.701;0.8334;0.0561;0;0.0101;1052.2;11.168;0;0;1.8982;9.27;1048.7;2.4121;0.524;0.0695;1.5446;0.2739;1051.1;1.0522;0.8862;0.1175;0.047;0.0014;1051.4;884.82;117.3;45.429;1.1553;509.54;410.18;163.32;0.5556;5.161;74.239;2.7159;78.844;0;1;0;0;1.1294;0.9895;1;1;0.9612;0.1337;0.9977;0.9994;1;0.9671;0.8083;0.999;0.999;1;0.999;0.999;0.9862;0.9287;0.108;3.0262;3.1569;0.019;0.0041;0.5498;0.0181;0.0641;0.0115;0;0;0.088;2.288;0;0;0;0;0;0;0;0;0;0;0;0;0.0517;0.0227;2.4158;2.4158;0;74.276;74.276;53.116;0.0506;2720.1;888.15;1;0.0398;0.0398;0;0;0;0;0;0;2.376;2.288;0;15.013;17.384;14.218;16.464;98.351;98.351;25.52;20.373;19.295;5.1472;1.0781;0.2017;0.0422;0.7561;31.728;0.7185;0
31/10/21 14:00;46.829;71.965;12.229;48.266;41.734;90;41.734;795.61;142.2;653.41;22.02;1.16;0;875.59;44.092;122.88;0;20.189;1062.8;0;1062.8;875.59;122.88;44.092;20.189;0.8239;0.0605;0;0.019;1040.9;21.869;0;0;3.2696;18.6;1038;1.8723;0.3695;0.0519;1.3226;0.1284;1039.8;1.0409;0.8756;0.1229;0.0408;0.0016;1043.1;874.34;122.71;39.459;1.459;367.3;295.68;117.24;2.0826;3.8613;55.543;5.1742;57.322;0;1;0;0;1.3358;0.9794;1;1;0.9258;0.0787;0.9982;0.9996;1;0.9676;0.9191;0.999;0.999;1;0.999;0.999;0.9767;0.8949;0.0723;3.0245;3.0958;0.0186;0.0031;0.5432;0.0177;0.0628;0.0086;0;0;0.088;2.2424;0;0;0;0;0;0;0;0;0;0;0;0;0.0506;0.0219;2.3692;2.3692;0;74.605;74.605;52.585;0.0507;2669.1;887.61;1;0.0387;0.0387;0;0;0;0;0;0;2.3304;2.2424;0;14.731;17.058;13.943;16.146;98.365;98.365;25.506;19.979;18.911;5.5266;1.0688;0.2167;0.0419;0.7414;31.874;0.7135;0
31/10/21 15:00;34.861;82.94;5.7881;35.066;54.934;90;54.934;592.09;143.2;448.89;22.28;0.8701;0;781.34;49.01;140.9;0;25.193;996.44;0;996.44;781.34;140.9;49.01;25.193;0.7841;0.0745;0;0.0253;967.42;29.019;0;0;5.4215;23.598;964.71;1.7402;0.1561;0.0281;1.4842;0.0718;966.45;0.9674;0.7813;0.1409;0.0436;0.0016;969.85;780.4;140.73;42.06;1.5217;191.73;154.34;58.953;5.9971;2.4807;35.684;5.1364;32.168;0;1;0;0;1.6829;0.9709;1;1;0.8894;0.0633;0.9982;0.9998;1;0.9659;0.955;0.999;0.999;1;0.999;0.999;0.9682;0.8582;0.0604;2.8358;2.8463;0.0171;-0.0001;0.4633;0.0166;0.0587;0.0056;0;0;0.088;2.0955;0;0;0;0;0;0;0;0;0;0;0;0;0.0473;0.0186;2.2191;2.2191;0;71.006;71.006;48.726;0.0505;2454.8;903.97;1;0.0356;0.0356;0;0;0;0;0;0;2.1835;2.0955;0;14.716;17.041;13.896;16.092;98.396;98.396;23.915;18.714;17.672;5.2008;1.0422;0.2175;0.0436;0.7389;40.285;0.7197;0
31/10/21 16:00;22.617;91.908;21.142;22.628;46.3;90;46.3;363.5;148;215.5;21.96;0.98;0;522.65;74.656;144.78;0;11.237;753.32;0;753.32;522.65;144.78;74.656;11.237;0.6938;0.114;0;0.0149;736.43;16.889;0;0;6.4428;10.446;732.93;2.7615;0.3813;0.1056;2.2306;0.044;735.69;0.7364;0.5226;0.1448;0.0682;0.0008;734.04;521.75;144.53;65.915;0.7459;57.583;46.354;19.096;5.0327;0.8647;12.439;1.1092;8.2706;0;1;0;0;2.0724;0.9776;1;1;0.9137;0.0704;0.9962;0.9993;1;0.9673;0.9443;0.999;0.999;1;0.999;0.999;0.9729;0.8829;0.0664;2.1439;2.1251;0.0128;-0.0011;0.2527;0.013;0.0462;0.0021;0;0;0.088;1.6363;0;0;0;0;0;0;0;0;0;0;0;0;0.0372;0.0107;1.7515;1.7515;0;58.612;58.612;36.652;0.05;1835.1;954.42;1;0.0272;0.0272;0;0;0;0;0;0;1.7243;1.6363;0;15.364;17.791;14.353;16.62;98.447;98.447;18.08;14.77;13.799;3.3092;0.9715;0.183;0.0537;0.7632;56.234;0.7539;0
31/10/21 17:00;10.429;100.19;63.96;10.592;15.883;90;15.883;130.61;105.8;24.809;21.21;1.23;0;60.169;93.542;25.314;0;0.4986;179.52;0;179.52;60.169;25.314;93.542;0.4986;0.3352;0.5238;0;0.0028;177.63;1.888;0;0;1.4724;0.4157;169.27;8.1865;3.3465;1.4079;3.4134;0.0186;177.46;0.1776;0.0602;0.0253;0.0921;0.0001;169.35;56.763;23.88;88.564;0.0643;57.283;46.112;17.239;0.1484;0.6587;9.4745;0.0808;9.9847;0;1;0;0;1.3745;0.9895;1;1;0.9843;0.1663;0.9539;0.9443;1;0.9629;0.7755;0.999;0.999;1;0.999;0.999;0.9429;0.9468;0.1289;0.5109;0.5035;0.003;0.0172;0.0083;0.0033;0.0118;0.0017;0;0;0.088;0.3513;0;0;0;0;0;0;0;0;0;0;0;0;0.0095;0.0008;0.4479;0.4479;0;29.547;29.547;8.3371;0.0493;430.77;1039.7;1;0.0086;0.0086;0;0;0;0;0;0;0.4393;0.3513;0;16.486;19.09;12.93;14.973;98.08;98.08;4.3086;3.7771;2.9624;0.5315;0.8146;0.1234;0.1891;0.6876;57.11;0.6614;0
31/10/21 18:00;2.2646;105.89;84.501;2.3545;3.3637;90;3.3637;0;0;0;16.97;1.1999;0;0;0;0;0;0;0;0;0;0;0;0;0;1;1;1;1;0;0;0;0;0;0;0;0;0;0;0;0;0;0;0;0;0;0;0;0;0;0;0;0;0;0;0;0;0;0;0;0;0;0;0;1;1;1;1;1;1;1;1;1;1;1;1;1;1;1;1;1;1;1;0;0;0;0;0;0;0;0;0;0.0004;0.088;-0.0884;0;0;0;0;0;0;0;0;0;0;0;0;0;0;0;0;0;0;0;-16.97;0;0;0;0;0.0004;0;0;0;0;0;0;0;-0.0004;-0.0884;0;0;0;0;0;0;0;0;0;-0.7452;0;0.7452;1;1;0;0;0;0
31/10/21 19:00;0;0;90;0;0;90;0;0;0;0;11;1.41;0;0;0;0;0;0;0;0;0;0;0;0;0;1;1;1;1;0;0;0;0;0;0;0;0;0;0;0;0;0;0;0;0;0;0;0;0;0;0;0;0;0;0;0;0;0;0;0;0;0;0;0;1;1;1;1;1;1;1;1;1;1;1;1;1;1;1;1;1;1;1;0;0;0;0;0;0;0;0;0;0.0004;0.088;-0.0884;0;0;0;0;0;0;0;0;0;0;0;0;0;0;0;0;0;0;0;-11;0;0;0;0;0.0004;0;0;0;0;0;0;0;-0.0004;-0.0884;0;0;0;0;0;0;0;0;0;-0.7452;0;0.7452;1;1;0;0;0;0
31/10/21 20:00;0;0;90;0;0;90;0;0;0;0;9.5001;1.4499;0;0;0;0;0;0;0;0;0;0;0;0;0;1;1;1;1;0;0;0;0;0;0;0;0;0;0;0;0;0;0;0;0;0;0;0;0;0;0;0;0;0;0;0;0;0;0;0;0;0;0;0;1;1;1;1;1;1;1;1;1;1;1;1;1;1;1;1;1;1;1;0;0;0;0;0;0;0;0;0;0.0004;0.088;-0.0884;0;0;0;0;0;0;0;0;0;0;0;0;0;0;0;0;0;0;0;-9.5001;0;0;0;0;0.0004;0;0;0;0;0;0;0;-0.0004;-0.0884;0;0;0;0;0;0;0;0;0;-0.7452;0;0.7452;1;1;0;0;0;0
31/10/21 21:00;0;0;90;0;0;90;0;0;0;0;7.8402;1.5199;0;0;0;0;0;0;0;0;0;0;0;0;0;1;1;1;1;0;0;0;0;0;0;0;0;0;0;0;0;0;0;0;0;0;0;0;0;0;0;0;0;0;0;0;0;0;0;0;0;0;0;0;1;1;1;1;1;1;1;1;1;1;1;1;1;1;1;1;1;1;1;0;0;0;0;0;0;0;0;0;0.0004;0.088;-0.0884;0;0;0;0;0;0;0;0;0;0;0;0;0;0;0;0;0;0;0;-7.8402;0;0;0;0;0.0004;0;0;0;0;0;0;0;-0.0004;-0.0884;0;0;0;0;0;0;0;0;0;-0.7452;0;0.7452;1;1;0;0;0;0
31/10/21 22:00;0;0;90;0;0;90;0;0;0;0;7.43;1.8301;0;0;0;0;0;0;0;0;0;0;0;0;0;1;1;1;1;0;0;0;0;0;0;0;0;0;0;0;0;0;0;0;0;0;0;0;0;0;0;0;0;0;0;0;0;0;0;0;0;0;0;0;1;1;1;1;1;1;1;1;1;1;1;1;1;1;1;1;1;1;1;0;0;0;0;0;0;0;0;0;0.0004;0.088;-0.0884;0;0;0;0;0;0;0;0;0;0;0;0;0;0;0;0;0;0;0;-7.43;0;0;0;0;0.0004;0;0;0;0;0;0;0;-0.0004;-0.0884;0;0;0;0;0;0;0;0;0;-0.7452;0;0.7452;1;1;0;0;0;0
31/10/21 23:00;0;0;90;0;0;90;0;0;0;0;5.4397;2.21;0;0;0;0;0;0;0;0;0;0;0;0;0;1;1;1;1;0;0;0;0;0;0;0;0;0;0;0;0;0;0;0;0;0;0;0;0;0;0;0;0;0;0;0;0;0;0;0;0;0;0;0;1;1;1;1;1;1;1;1;1;1;1;1;1;1;1;1;1;1;1;0;0;0;0;0;0;0;0;0;0.0004;0.088;-0.0884;0;0;0;0;0;0;0;0;0;0;0;0;0;0;0;0;0;0;0;-5.4397;0;0;0;0;0.0004;0;0;0;0;0;0;0;-0.0004;-0.0884;0;0;0;0;0;0;0;0;0;-0.7452;0;0.7452;1;1;0;0;0;0
01/11/21 00:00;0;0;90;0;0;90;0;0;0;0;5.0601;2.5499;0;0;0;0;0;0;0;0;0;0;0;0;0;1;1;1;1;0;0;0;0;0;0;0;0;0;0;0;0;0;0;0;0;0;0;0;0;0;0;0;0;0;0;0;0;0;0;0;0;0;0;0;1;1;1;1;1;1;1;1;1;1;1;1;1;1;1;1;1;1;1;0;0;0;0;0;0;0;0;0;0.0004;0.088;-0.0884;0;0;0;0;0;0;0;0;0;0;0;0;0;0;0;0;0;0;0;-5.0601;0;0;0;0;0.0004;0;0;0;0;0;0;0;-0.0004;-0.0884;0;0;0;0;0;0;0;0;0;-0.7452;0;0.7452;1;1;0;0;0;0
01/11/21 01:00;0;0;90;0;0;90;0;0;0;0;4.5097;2.8799;0;0;0;0;0;0;0;0;0;0;0;0;0;1;1;1;1;0;0;0;0;0;0;0;0;0;0;0;0;0;0;0;0;0;0;0;0;0;0;0;0;0;0;0;0;0;0;0;0;0;0;0;1;1;1;1;1;1;1;1;1;1;1;1;1;1;1;1;1;1;1;0;0;0;0;0;0;0;0;0;0.0004;0.088;-0.0884;0;0;0;0;0;0;0;0;0;0;0;0;0;0;0;0;0;0;0;-4.5097;0;0;0;0;0.0004;0;0;0;0;0;0;0;-0.0004;-0.0884;0;0;0;0;0;0;0;0;0;-0.7452;0;0.7452;1;1;0;0;0;0
01/11/21 02:00;0;0;90;0;0;90;0;0;0;0;5.33;3.1099;0;0;0;0;0;0;0;0;0;0;0;0;0;1;1;1;1;0;0;0;0;0;0;0;0;0;0;0;0;0;0;0;0;0;0;0;0;0;0;0;0;0;0;0;0;0;0;0;0;0;0;0;1;1;1;1;1;1;1;1;1;1;1;1;1;1;1;1;1;1;1;0;0;0;0;0;0;0;0;0;0.0004;0.088;-0.0884;0;0;0;0;0;0;0;0;0;0;0;0;0;0;0;0;0;0;0;-5.33;0;0;0;0;0.0004;0;0;0;0;0;0;0;-0.0004;-0.0884;0;0;0;0;0;0;0;0;0;-0.7452;0;0.7452;1;1;0;0;0;0
01/11/21 03:00;0;0;90;0;0;90;0;0;0;0;3.9101;3.29;0;0;0;0;0;0;0;0;0;0;0;0;0;1;1;1;1;0;0;0;0;0;0;0;0;0;0;0;0;0;0;0;0;0;0;0;0;0;0;0;0;0;0;0;0;0;0;0;0;0;0;0;1;1;1;1;1;1;1;1;1;1;1;1;1;1;1;1;1;1;1;0;0;0;0;0;0;0;0;0;0.0004;0.088;-0.0884;0;0;0;0;0;0;0;0;0;0;0;0;0;0;0;0;0;0;0;-3.9101;0;0;0;0;0.0004;0;0;0;0;0;0;0;-0.0004;-0.0884;0;0;0;0;0;0;0;0;0;-0.7452;0;0.7452;1;1;0;0;0;0
01/11/21 04:00;0.1714;-107.81;89.584;0.1801;0.2567;-90;-0.2567;0;0;0;4.2598;3.3599;0;0;0;0;0;0;0;0;0;0;0;0;0;1;1;1;1;0;0;0;0;0;0;0;0;0;0;0;0;0;0;0;0;0;0;0;0;0;0;0;0;0;0;0;0;0;0;0;0;0;0;0;1;1;1;1;1;1;1;1;1;1;1;1;1;1;1;1;1;1;1;0;0;0;0;0;0;0;0;0;0.0004;0.088;-0.0884;0;0;0;0;0;0;0;0;0;0;0;0;0;0;0;0;0;0;0;-4.2598;0;0;0;0;0.0004;0;0;0;0;0;0;0;-0.0004;-0.0884;0;0;0;0;0;0;0;0;0;-0.7452;0;0.7452;1;1;0;0;0;0
01/11/21 05:00;6.0757;-103.58;75.126;6.249;9.058;-90;-9.058;66.496;32.601;33.894;5.9502;4.3999;0;82.204;24.934;18.216;0;0.0705;125.42;0;125.42;82.204;18.216;24.934;0.0705;0.6554;0.1994;0;0.0006;125.21;0.2109;0;0;0.1524;0.0585;105.18;19.905;15.452;3.4243;1.026;0.0027;125.09;0.1252;0.0822;0.0182;0.0248;0;105.19;66.669;14.774;23.731;0.0092;15.116;12.622;3.8348;0.0049;0.1462;2.1028;0.0041;2.244;0;1;0;0;1.8862;0.9983;1;1;0.9939;0.1693;0.8409;0.8118;1;0.9586;0.7756;0.999;0.999;1;0.999;0.999;0.8386;0.9517;0.1312;0.3569;0.3052;0.0018;0.0166;-0.0154;0.0021;0.0075;0.0004;0;0;0.088;0.1902;0;0;0;0;0;0;0;0;0;0;0;0;0.006;0.0004;0.2857;0.2857;0;11.074;11.074;5.1236;0.0487;260;1098.9;1;0.0075;0.0075;0;0;0;0;0;0;0.2782;0.1902;0;15.052;17.43;10.023;11.606;97.385;97.385;3.0102;2.4094;1.6043;0.6008;0.8051;0.1996;0.2675;0.533;14.913;0.5263;0
01/11/21 06:00;18.166;-95.349;40.875;18.24;31.147;-90;-31.147;298.1;49.198;248.9;9.4502;3.6799;0;603.65;19.432;68.53;0;3.6527;695.27;0;695.27;603.65;68.53;19.432;3.6527;0.8682;0.0332;0;0.0053;691.15;4.1164;0;0;0.9123;3.2041;684.82;5.6429;4.4603;0.5064;0.6012;0.0751;690.46;0.6912;0.6037;0.0685;0.0185;0.0004;684.93;598.59;67.956;17.9;0.373;14.268;11.914;3.3744;0.3359;0.1755;2.524;0.1099;2.3635;0;1;0;0;2.3323;0.9941;1;1;0.9531;0.1228;0.9918;0.9926;1;0.9675;0.8324;0.999;0.999;1;0.999;0.999;0.985;0.9212;0.1021;1.9787;1.9647;0.0118;0;0.1258;0.0128;0.0454;0.0004;0;0;0.088;1.6068;0;0;0;0;0;0;0;0;0;0;0;0;0.0365;0.0092;1.7227;1.7227;0;43.272;43.272;33.821;0.0494;1692;1018.2;1;0.0279;0.0279;0;0;0;0;0;0;1.6948;1.6068;0;16.373;18.959;15.272;17.684;98.383;98.383;16.686;14.528;13.551;2.1587;0.977;0.1294;0.0586;0.8121;12.91;0.8099;0
01/11/21 07:00;30.42;-86.788;2.7698;30.46;59.54;-90;-59.54;515.6;84.899;430.7;13.98;2.81;0;849.62;24.822;102.49;0;21.609;998.54;0;998.54;849.62;102.49;24.822;21.609;0.8509;0.0465;0;0.0216;975.34;23.194;0;0;3.0753;20.119;973.42;0.9493;0.0812;0.0098;0.7658;0.0925;974.37;0.9753;0.8496;0.1025;0.0217;0.0015;976.86;848.69;102.38;20.959;1.3961;113.5;94.771;29.876;4.0426;1.2876;18.522;3.4411;15.767;0;1;0;0;1.9367;0.9768;1;1;0.8761;0.069;0.999;0.9999;1;0.9648;0.9378;0.999;0.999;1;0.999;0.999;0.9748;0.8444;0.0646;2.8418;2.832;0.0171;-0.0003;0.3769;0.0171;0.0605;0.003;0;0;0.088;2.1644;0;0;0;0;0;0;0;0;0;0;0;0;0.0488;0.0185;2.2904;2.2904;0;62.817;62.817;48.837;0.0502;2441.5;938.11;1;0.0381;0.0381;0;0;0;0;0;0;2.2524;2.1644;0;15.157;17.552;14.323;16.586;98.338;98.338;23.965;19.315;18.252;4.6495;1.0631;0.194;0.0444;0.7616;21.499;0.7512;0
01/11/21 08:00;42.553;-76.826;9.665;43.315;46.685;-90;-46.685;667.5;124.4;543.1;18.42;2.35;0;791.68;44.279;104.77;0;17.815;958.54;0;958.54;791.68;104.77;44.279;17.815;0.8259;0.0648;0;0.0186;938.2;20.341;0;0;3.8548;16.486;935.57;1.6926;0.264;0.0349;1.3237;0.0699;937.27;0.9382;0.7917;0.1048;0.0404;0.0013;939.85;790.63;104.63;39.06;1.2579;280.63;234.33;73.744;3.0742;2.742;39.442;4.2821;39.11;0;1;0;0;1.436;0.9788;1;1;0.9129;0.0746;0.9982;0.9997;1;0.9672;0.9474;0.999;0.999;1;0.999;0.999;0.976;0.8821;0.0706;2.7279;2.768;0.0167;-0.0008;0.3951;0.0165;0.0585;0.0064;0;0;0.088;2.087;0;0;0;0;0;0;0;0;0;0;0;0;0.0471;0.0176;2.2109;2.2109;0;65.459;65.459;47.039;0.0503;2384.6;927.13;1;0.0359;0.0359;0;0;0;0;0;0;2.175;2.087;0;15.241;17.649;14.387;16.66;98.376;98.376;23.005;18.645;17.6;4.3605;1.0449;0.1895;0.0454;0.765;33.476;0.7422;0
01/11/21 09:00;54.095;-63.467;15.187;57.067;32.933;-90;-32.933;881.6;145.5;736.1;21.62;2.41;0;877.03;46.324;113.34;0;12.042;1048.7;0;1048.7;877.03;113.34;46.324;12.042;0.8363;0.0557;0;0.0115;1035.7;13.029;0;0;2.3755;10.654;1032.5;2.1552;0.4596;0.0594;1.4216;0.2146;1034.7;1.0357;0.877;0.1133;0.0439;0.0014;1035.7;875.7;113.17;42.483;1.1722;456.05;380.8;123.81;0.971;3.9363;56.623;3.2285;59.588;0;1;0;0;1.1896;0.9876;1;1;0.9487;0.1153;0.9979;0.9995;1;0.9676;0.8452;0.999;0.999;1;0.999;0.999;0.9845;0.9171;0.0973;2.9846;3.0768;0.0185;0.0028;0.5321;0.0177;0.0626;0.0088;0;0;0.088;2.2355;0;0;0;0;0;0;0;0;0;0;0;0;0.0505;0.0216;2.3622;2.3622;0;73.898;73.898;52.278;0.0506;2652.6;890.5;1;0.0386;0.0386;0;0;0;0;0;0;2.3235;2.2355;0;14.884;17.235;14.086;16.311;98.364;98.364;25.17;19.921;18.853;5.2491;1.068;0.2085;0.0424;0.749;31.179;0.7199;0
01/11/21 10:00;63.947;-42.431;18.915;71.745;18.255;-90;-18.255;982.9;162.4;820.5;23.63;2.6399;0;863.98;54.292;112.36;0;4.2045;1034.8;0;1034.8;863.98;112.36;54.292;4.2045;0.8349;0.0565;0;0.0041;1030.3;4.5774;0;0;1.0764;3.501;1026.5;2.6859;0.5639;0.0733;1.8928;0.1559;1029.2;1.0303;0.864;0.1124;0.0532;0.0007;1027.5;862.55;112.18;51.269;0.547;560.08;467.67;147.58;0.1416;5.0567;72.738;0.9948;77.654;0;1;0;0;1.0528;0.9956;1;1;0.9802;0.1673;0.9974;0.9993;1;0.9644;0.7782;0.999;0.999;1;0.999;0.999;0.992;0.9443;0.1301;2.9451;3.0856;0.0186;0.0029;0.5536;0.0176;0.0623;0.0112;0;0;0.088;2.2213;0;0;0;0;0;0;0;0;0;0;0;0;0.0502;0.0217;2.3474;2.3474;0;75.682;75.682;52.052;0.0507;2658.9;882.84;1;0.0381;0.0381;0;0;0;0;0;0;2.3093;2.2213;0;14.989;17.357;14.184;16.425;98.376;98.376;24.836;19.796;18.732;5.0403;1.0635;0.2029;0.0428;0.7542;33.466;0.7165;0
01/11/21 11:00;69.3;-7.7685;20.502;87.076;2.924;-90;-2.924;1061.7;175.2;886.51;24.48;2.84;0;887.66;55.712;119.61;0;0.1175;1063.1;0;1063.1;887.66;119.61;55.712;0.1175;0.835;0.0525;0;0.0001;1062.9;0.1558;0;0;0.0578;0.098;1058.7;3.1934;0.628;0.0846;2.4765;0.0043;1061.9;1.0629;0.8877;0.1196;0.0557;0;1058.7;886.15;119.4;53.122;0.0152;625.69;522.45;165.51;-0.0003;5.5967;80.506;-0.0043;86.103;0;1;0;0;1.0013;0.9999;1;1;0.999;0.166;0.997;0.9993;1;0.9555;0.7778;0.999;0.999;1;0.999;0.999;0.9958;0.9535;0.1289;3.0255;3.1902;0.0192;0.0047;0.6021;0.0179;0.0637;0.0123;0;0;0.088;2.2689;0;0;0;0;0;0;0;0;0;0;0;0;0.0513;0.0231;2.3959;2.3959;0;78.278;78.278;53.798;0.0508;2736.4;875;1;0.0391;0.0391;0;0;0;0;0;0;2.3569;2.2689;0;14.892;17.245;14.103;16.331;98.37;98.37;25.514;20.205;19.134;5.3093;1.0715;0.2081;0.042;0.7499;33.015;0.7097;0
01/11/21 12:00;66.725;31.085;19.78;77.478;12.522;90;12.522;1023.9;168.6;855.31;25.18;3.0299;0;876.15;55.001;115.69;0;2.0702;1048.9;0;1048.9;876.15;115.69;55.001;2.0702;0.8353;0.0544;0;0.002;1046.6;2.303;0;0;0.5801;1.7229;1042.7;2.8912;0.598;0.079;2.1361;0.0781;1045.6;1.0466;0.8761;0.1157;0.0544;0.0003;1043.1;874.67;115.49;52.23;0.2688;594.49;496.4;158.56;0.0376;5.2357;75.314;0.4214;80.512;0;1;0;0;1.0244;0.9978;1;1;0.9895;0.1677;0.9972;0.9993;1;0.9607;0.7747;0.999;0.999;1;0.999;0.999;0.9941;0.9496;0.1298;2.9851;3.1352;0.0189;0.0037;0.5906;0.0177;0.0626;0.0115;0;0;0.088;2.2312;0;0;0;0;0;0;0;0;0;0;0;0;0.0504;0.0224;2.3574;2.3574;0;78.158;78.158;52.978;0.0508;2692.8;875;1;0.0382;0.0382;0;0;0;0;0;0;2.3192;2.2312;0;14.851;17.197;14.056;16.277;98.381;98.381;25.174;19.88;18.816;5.2937;1.0639;0.2103;0.0423;0.7474;33.198;0.7093;0
01/11/21 13:00;58.111;56.774;16.826;62.504;27.496;90;27.496;941.7;156.5;785.2;25.72;3.1701;0;885.19;49.419;117.38;0;9.0414;1061;0;1061;885.19;117.38;49.419;9.0414;0.8343;0.0551;0;0.0085;1051.3;9.7372;0;0;1.9079;7.8293;1047.9;2.3761;0.5139;0.0682;1.5613;0.2326;1050.2;1.0513;0.8852;0.1174;0.0475;0.0012;1050.1;883.79;117.2;45.902;0.9782;510;425.85;138.3;0.5547;4.3779;62.974;2.2825;66.797;0;1;0;0;1.1267;0.9908;1;1;0.9614;0.1341;0.9977;0.9994;1;0.9671;0.8079;0.999;0.999;1;0.999;0.999;0.9876;0.9288;0.1082;3.0196;3.1307;0.0189;0.0036;0.5995;0.0176;0.0623;0.0096;0;0;0.088;2.2209;0;0;0;0;0;0;0;0;0;0;0;0;0.0502;0.0224;2.3468;2.3468;0;78.999;78.999;53.279;0.0508;2679;875;1;0.0379;0.0379;0;0;0;0;0;0;2.3089;2.2209;0;14.616;16.924;13.831;16.016;98.385;98.385;25.465;19.791;18.729;5.6739;1.0618;0.2228;0.0417;0.7355;32.034;0.7042;0
01/11/21 14:00;47.015;72.346;11.933;48.391;41.609;90;41.609;713.79;203.4;510.39;26.2;3;0;682.62;88.525;136.55;0;15.308;923.01;0;923.01;682.62;136.55;88.525;15.308;0.7396;0.1125;0;0.0166;902.37;20.635;0;0;6.5359;14.099;898.38;3.0919;0.2811;0.0562;2.656;0.0987;901.47;0.9024;0.6826;0.1366;0.082;0.0012;902.52;681.66;136.36;79.251;1.1091;340.31;284.16;91.45;4.1323;3.2197;46.315;4.1482;45.402;0;1;0;0;1.2931;0.9776;1;1;0.9262;0.079;0.9966;0.9996;1;0.9676;0.9183;0.999;0.999;1;0.999;0.999;0.9733;0.8952;0.0725;2.6268;2.675;0.0161;-0.0014;0.4419;0.0155;0.0551;0.0073;0;0;0.088;1.9592;0;0;0;0;0;0;0;0;0;0;0;0;0.0444;0.0165;2.0795;2.0795;0;71.597;71.597;45.397;0.0505;2305.5;901.97;1;0.0323;0.0323;0;0;0;0;0;0;2.0472;1.9592;0;14.888;17.24;14.026;16.242;98.446;98.446;22.152;17.537;16.522;4.6153;1.0147;0.2083;0.0458;0.7459;63.927;0.7188;0
01/11/21 15:00;35.031;83.271;5.5057;35.218;54.782;90;54.782;678.5;112;566.5;26.06;2.6201;0;982.34;25.605;137.89;0;24.414;1170.2;0;1170.2;982.34;137.89;25.605;24.414;0.8394;0.0427;0;0.0209;1144.6;25.688;0;0;2.8211;22.867;1142.4;1.0569;0.1866;0.0262;0.7751;0.069;1143.4;1.1446;0.9823;0.1379;0.0228;0.0015;1146.9;981.17;137.73;21.986;1.4758;207.39;173.17;53.202;3.1056;2.1649;31.141;4.5852;30.2;0;1;0;0;1.7248;0.978;1;1;0.8898;0.0633;0.9991;0.9998;1;0.9659;0.9553;0.999;0.999;1;0.999;0.999;0.9762;0.8587;0.0604;3.3304;3.3439;0.0201;0.0078;0.7053;0.0183;0.0648;0.0046;0;0;0.088;2.2989;0;0;0;0;0;0;0;0;0;0;0;0;0.0522;0.0254;2.4453;2.4267;0;84.412;84.412;58.352;0.0511;2773.4;875;1;0.0584;0.0398;0;0.0186;0;0;0;0;2.3869;2.2989;0;13.703;15.867;12.981;15.032;97.611;98.361;28.086;20.465;19.387;7.6214;1.0775;0.2714;0.0384;0.6903;21.012;0.6768;0
01/11/21 16:00;22.785;92.204;20.077;22.8;47.222;90;47.222;261.51;203;58.512;25.44;1.81;0;141.91;151.91;53.516;0;7.1318;354.46;0;354.46;141.91;53.516;151.91;7.1318;0.4003;0.4487;0;0.0201;334.33;20.13;0;0;13.491;6.6392;329.3;4.7003;0.0983;0.0371;4.5394;0.0255;334;0.3343;0.1419;0.0535;0.1384;0.0005;331.16;141.67;53.425;133.74;0.4666;115.82;96.709;33.148;10.958;1.5851;22.801;1.86;13.428;0;1;0;0;1.3554;0.9432;1;1;0.9112;0.0691;0.9859;0.9993;1;0.9672;0.9482;0.999;0.999;1;0.999;0.999;0.929;0.8804;0.0654;1.0088;0.9931;0.006;0.0123;0.0596;0.0064;0.0227;0.004;0;0;0.088;0.7597;0;0;0;0;0;0;0;0;0;0;0;0;0.0183;0.0026;0.8612;0.8612;0;41.741;41.741;16.301;0.0495;853.9;1008.6;1;0.0136;0.0136;0;0;0;0;0;0;0.8477;0.7597;0;16.056;18.592;14.162;16.399;98.424;98.424;8.5071;7.263;6.4064;1.2441;0.8566;0.1462;0.1007;0.7531;115.42;0.7185;0
01/11/21 17:00;10.603;100.46;63.497;10.778;16.192;90;16.192;76.497;74.701;1.796;22.71;1.65;0;4.3559;72.706;1.2723;0;0.2579;78.592;0;78.592;4.3559;1.2723;72.706;0.2579;0.0554;0.9284;0;0.0033;77.194;1.3973;0;0;1.1822;0.2151;74.172;2.9451;0.2307;0.0674;2.6374;0.0096;77.117;0.0772;0.0044;0.0013;0.0715;0;74.228;4.1208;1.2036;68.814;0.0332;44.453;37.118;11.309;0.1235;0.4349;6.2563;0.0558;6.5677;0;1;0;0;1.0274;0.9822;1;1;0.9837;0.1661;0.9618;0.947;1;0.9631;0.7757;0.999;0.999;1;0.999;0.999;0.9438;0.9465;0.1287;0.2237;0.2249;0.0014;0.0153;0.0011;0.0014;0.0051;0.0011;0;0;0.088;0.101;0;0;0;0;0;0;0;0;0;0;0;0;0.0041;0.0002;0.195;0.195;0;26.383;26.383;3.6736;0.0495;191.21;1019.9;1;0.006;0.006;0;0;0;0;0;0;0.189;0.101;0;16.397;18.987;8.4922;9.8338;96.917;96.917;1.8862;1.6446;0.8518;0.2416;0.7928;0.1281;0.4203;0.4516;44.441;0.4262;0
01/11/21 18:00;2.2512;106.29;84.533;2.3453;3.3504;90;3.3504;0;0;0;19.48;1.7401;0;0;0;0;0;0;0;0;0;0;0;0;0;1;1;1;1;0;0;0;0;0;0;0;0;0;0;0;0;0;0;0;0;0;0;0;0;0;0;0;0;0;0;0;0;0;0;0;0;0;0;0;1;1;1;1;1;1;1;1;1;1;1;1;1;1;1;1;1;1;1;0;0;0;0;0;0;0;0;0;0.0004;0.088;-0.0884;0;0;0;0;0;0;0;0;0;0;0;0;0;0;0;0;0;0;0;-19.48;0;0;0;0;0.0004;0;0;0;0;0;0;0;-0.0004;-0.0884;0;0;0;0;0;0;0;0;0;-0.7452;0;0.7452;1;1;0;0;0;0
01/11/21 19:00;0;0;90;0;0;90;0;0;0;0;17.16;1.7401;0;0;0;0;0;0;0;0;0;0;0;0;0;1;1;1;1;0;0;0;0;0;0;0;0;0;0;0;0;0;0;0;0;0;0;0;0;0;0;0;0;0;0;0;0;0;0;0;0;0;0;0;1;1;1;1;1;1;1;1;1;1;1;1;1;1;1;1;1;1;1;0;0;0;0;0;0;0;0;0;0.0004;0.088;-0.0884;0;0;0;0;0;0;0;0;0;0;0;0;0;0;0;0;0;0;0;-17.16;0;0;0;0;0.0004;0;0;0;0;0;0;0;-0.0004;-0.0884;0;0;0;0;0;0;0;0;0;-0.7452;0;0.7452;1;1;0;0;0;0
01/11/21 20:00;0;0;90;0;0;90;0;0;0;0;16.52;1.8301;0;0;0;0;0;0;0;0;0;0;0;0;0;1;1;1;1;0;0;0;0;0;0;0;0;0;0;0;0;0;0;0;0;0;0;0;0;0;0;0;0;0;0;0;0;0;0;0;0;0;0;0;1;1;1;1;1;1;1;1;1;1;1;1;1;1;1;1;1;1;1;0;0;0;0;0;0;0;0;0;0.0004;0.088;-0.0884;0;0;0;0;0;0;0;0;0;0;0;0;0;0;0;0;0;0;0;-16.52;0;0;0;0;0.0004;0;0;0;0;0;0;0;-0.0004;-0.0884;0;0;0;0;0;0;0;0;0;-0.7452;0;0.7452;1;1;0;0;0;0
01/11/21 21:00;0;0;90;0;0;90;0;0;0;0;16.49;1.9199;0;0;0;0;0;0;0;0;0;0;0;0;0;1;1;1;1;0;0;0;0;0;0;0;0;0;0;0;0;0;0;0;0;0;0;0;0;0;0;0;0;0;0;0;0;0;0;0;0;0;0;0;1;1;1;1;1;1;1;1;1;1;1;1;1;1;1;1;1;1;1;0;0;0;0;0;0;0;0;0;0.0004;0.088;-0.0884;0;0;0;0;0;0;0;0;0;0;0;0;0;0;0;0;0;0;0;-16.49;0;0;0;0;0.0004;0;0;0;0;0;0;0;-0.0004;-0.0884;0;0;0;0;0;0;0;0;0;-0.7452;0;0.7452;1;1;0;0;0;0
01/11/21 22:00;0;0;90;0;0;90;0;0;0;0;16.33;2.0099;0;0;0;0;0;0;0;0;0;0;0;0;0;1;1;1;1;0;0;0;0;0;0;0;0;0;0;0;0;0;0;0;0;0;0;0;0;0;0;0;0;0;0;0;0;0;0;0;0;0;0;0;1;1;1;1;1;1;1;1;1;1;1;1;1;1;1;1;1;1;1;0;0;0;0;0;0;0;0;0;0.0004;0.088;-0.0884;0;0;0;0;0;0;0;0;0;0;0;0;0;0;0;0;0;0;0;-16.33;0;0;0;0;0.0004;0;0;0;0;0;0;0;-0.0004;-0.0884;0;0;0;0;0;0;0;0;0;-0.7452;0;0.7452;1;1;0;0;0;0
01/11/21 23:00;0;0;90;0;0;90;0;0;0;0;14.54;2.0899;0;0;0;0;0;0;0;0;0;0;0;0;0;1;1;1;1;0;0;0;0;0;0;0;0;0;0;0;0;0;0;0;0;0;0;0;0;0;0;0;0;0;0;0;0;0;0;0;0;0;0;0;1;1;1;1;1;1;1;1;1;1;1;1;1;1;1;1;1;1;1;0;0;0;0;0;0;0;0;0;0.0004;0.088;-0.0884;0;0;0;0;0;0;0;0;0;0;0;0;0;0;0;0;0;0;0;-14.54;0;0;0;0;0.0004;0;0;0;0;0;0;0;-0.0004;-0.0884;0;0;0;0;0;0;0;0;0;-0.7452;0;0.7452;1;1;0;0;0;0
02/11/21 00:00;0;0;90;0;0;90;0;0;0;0;14.6;2.26;0;0;0;0;0;0;0;0;0;0;0;0;0;1;1;1;1;0;0;0;0;0;0;0;0;0;0;0;0;0;0;0;0;0;0;0;0;0;0;0;0;0;0;0;0;0;0;0;0;0;0;0;1;1;1;1;1;1;1;1;1;1;1;1;1;1;1;1;1;1;1;0;0;0;0;0;0;0;0;0;0.0004;0.088;-0.0884;0;0;0;0;0;0;0;0;0;0;0;0;0;0;0;0;0;0;0;-14.6;0;0;0;0;0.0004;0;0;0;0;0;0;0;-0.0004;-0.0884;0;0;0;0;0;0;0;0;0;-0.7452;0;0.7452;1;1;0;0;0;0
02/11/21 01:00;0;0;90;0;0;90;0;0;0;0;12.79;2.5499;0;0;0;0;0;0;0;0;0;0;0;0;0;1;1;1;1;0;0;0;0;0;0;0;0;0;0;0;0;0;0;0;0;0;0;0;0;0;0;0;0;0;0;0;0;0;0;0;0;0;0;0;1;1;1;1;1;1;1;1;1;1;1;1;1;1;1;1;1;1;1;0;0;0;0;0;0;0;0;0;0.0004;0.088;-0.0884;0;0;0;0;0;0;0;0;0;0;0;0;0;0;0;0;0;0;0;-12.79;0;0;0;0;0.0004;0;0;0;0;0;0;0;-0.0004;-0.0884;0;0;0;0;0;0;0;0;0;-0.7452;0;0.7452;1;1;0;0;0;0
02/11/21 02:00;0;0;90;0;0;90;0;0;0;0;11.37;2.8601;0;0;0;0;0;0;0;0;0;0;0;0;0;1;1;1;1;0;0;0;0;0;0;0;0;0;0;0;0;0;0;0;0;0;0;0;0;0;0;0;0;0;0;0;0;0;0;0;0;0;0;0;1;1;1;1;1;1;1;1;1;1;1;1;1;1;1;1;1;1;1;0;0;0;0;0;0;0;0;0;0.0004;0.088;-0.0884;0;0;0;0;0;0;0;0;0;0;0;0;0;0;0;0;0;0;0;-11.37;0;0;0;0;0.0004;0;0;0;0;0;0;0;-0.0004;-0.0884;0;0;0;0;0;0;0;0;0;-0.7452;0;0.7452;1;1;0;0;0;0
02/11/21 03:00;0;0;90;0;0;90;0;0;0;0;10.34;3.1099;0;0;0;0;0;0;0;0;0;0;0;0;0;1;1;1;1;0;0;0;0;0;0;0;0;0;0;0;0;0;0;0;0;0;0;0;0;0;0;0;0;0;0;0;0;0;0;0;0;0;0;0;1;1;1;1;1;1;1;1;1;1;1;1;1;1;1;1;1;1;1;0;0;0;0;0;0;0;0;0;0.0004;0.088;-0.0884;0;0;0;0;0;0;0;0;0;0;0;0;0;0;0;0;0;0;0;-10.34;0;0;0;0;0.0004;0;0;0;0;0;0;0;-0.0004;-0.0884;0;0;0;0;0;0;0;0;0;-0.7452;0;0.7452;1;1;0;0;0;0
02/11/21 04:00;0.1664;-108.21;89.596;0.1752;0.2497;-90;-0.2497;0;0;0;9.4502;3.3;0;0;0;0;0;0;0;0;0;0;0;0;0;1;1;1;1;0;0;0;0;0;0;0;0;0;0;0;0;0;0;0;0;0;0;0;0;0;0;0;0;0;0;0;0;0;0;0;0;0;0;0;1;1;1;1;1;1;1;1;1;1;1;1;1;1;1;1;1;1;1;0;0;0;0;0;0;0;0;0;0.0004;0.088;-0.0884;0;0;0;0;0;0;0;0;0;0;0;0;0;0;0;0;0;0;0;-9.4502;0;0;0;0;0.0004;0;0;0;0;0;0;0;-0.0004;-0.0884;0;0;0;0;0;0;0;0;0;-0.7452;0;0.7452;1;1;0;0;0;0
02/11/21 05:00;6.2575;-103.84;74.672;6.443;9.3494;-90;-9.3494;74.7;28.903;45.797;9.5799;4.4799;0;111.07;20.036;21.18;0;0.0843;152.37;0;152.37;111.07;21.18;20.036;0.0843;0.729;0.132;0;0.0006;152.17;0.1991;0;0;0.1291;0.0701;127.54;24.481;19.869;3.7887;0.8207;0.0032;152.02;0.1522;0.1111;0.0212;0.0199;0;127.54;91.092;17.37;19.066;0.0111;12.259;10.236;3.1264;0.0045;0.1175;1.6905;0.0036;1.8035;0;1;0;0;2.0398;0.9987;1;1;0.9936;0.1694;0.839;0.8209;1;0.9587;0.7756;0.999;0.999;1;0.999;0.999;0.837;0.9516;0.1313;0.4336;0.3683;0.0022;0.0171;-0.0122;0.0025;0.009;0.0003;0;0;0.088;0.2458;0;0;0;0;0;0;0;0;0;0;0;0;0.0072;0.0005;0.3417;0.3417;0;15.806;15.806;6.2257;0.0488;314.59;1086.2;1;0.0079;0.0079;0;0;0;0;0;0;0.3338;0.2458;0;14.819;17.16;10.659;12.343;97.677;97.677;3.6569;2.8817;2.0727;0.7752;0.8091;0.212;0.2212;0.5668;11.992;0.5621;0
02/11/21 06:00;18.339;-95.628;40.265;18.421;31.61;-90;-31.61;279.21;54.1;225.11;16.83;4.34;0;545.95;24.318;67.505;0;3.5211;641.29;0;641.29;545.95;67.505;24.318;3.5211;0.8513;0.0434;0;0.0055;637.03;4.2643;0;0;1.1687;3.0956;631.26;5.1346;3.8393;0.4747;0.7507;0.0699;636.39;0.637;0.5459;0.0675;0.0231;0.0004;631.36;541.56;66.963;22.375;0.3552;17.45;14.571;4.8355;0.4421;0.1705;2.4533;0.103;2.1818;0;1;0;0;2.2968;0.9934;1;1;0.9519;0.1208;0.9919;0.993;1;0.9675;0.8356;0.999;0.999;1;0.999;0.999;0.9844;0.9201;0.1009;1.8251;1.8113;0.0109;0.0014;0.1478;0.0116;0.041;0.0004;0;0;0.088;1.445;0;0;0;0;0;0;0;0;0;0;0;0;0.033;0.0079;1.5573;1.5573;0;48.138;48.138;31.309;0.0496;1560.5;997.92;1;0.0243;0.0243;0;0;0;0;0;0;1.533;1.445;0;16.046;18.581;14.889;17.241;98.438;98.438;15.391;13.133;12.185;2.2583;0.9472;0.1467;0.0615;0.7917;16.21;0.7895;0
02/11/21 07:00;30.591;-87.097;2.4991;30.623;59.377;-90;-59.377;500.01;86.203;413.8;21.63;4.64;0;812.35;27.017;98.949;0;20.851;959.17;0;959.17;812.35;98.949;27.017;20.851;0.8469;0.0499;0;0.0217;936.42;22.749;0;0;3.334;19.415;934.48;0.9993;0.0701;0.0085;0.8329;0.0878;935.48;0.9364;0.8123;0.0989;0.0237;0.0014;937.84;811.47;98.841;22.827;1.3469;113.66;94.903;30.254;4.3564;1.2875;18.521;3.3615;15.452;0;1;0;0;1.9183;0.9763;1;1;0.8766;0.0689;0.9989;0.9999;1;0.9648;0.9388;0.999;0.999;1;0.999;0.999;0.9743;0.8449;0.0646;2.7297;2.7203;0.0164;-0.0011;0.4209;0.016;0.0567;0.003;0;0;0.088;2.0237;0;0;0;0;0;0;0;0;0;0;0;0;0.0457;0.0171;2.1458;2.1458;0;68.741;68.741;47.111;0.0504;2346;914.65;1;0.0341;0.0341;0;0;0;0;0;0;2.1117;2.0237;0;14.783;17.118;13.942;16.144;98.412;98.412;23.02;18.096;17.066;4.9244;1.0295;0.2139;0.0447;0.7414;23.355;0.7308;0
02/11/21 08:00;42.734;-77.179;9.3806;43.455;46.545;-90;-46.545;701.1;116.4;584.69;22.96;4.9301;0;850.11;37.368;104.86;0;18.606;1010.9;0;1010.9;850.11;104.86;37.368;18.606;0.8409;0.0554;0;0.0184;990.49;20.453;0;0;3.239;17.214;988;1.5002;0.2752;0.0339;1.1171;0.074;989.5;0.9905;0.8501;0.1049;0.0341;0.0014;992.43;848.98;104.72;32.978;1.3164;293.2;244.82;76.936;2.5685;2.8302;40.711;4.4336;40.973;0;1;0;0;1.4419;0.9798;1;1;0.9133;0.0748;0.9985;0.9997;1;0.9672;0.9468;0.999;0.999;1;0.999;0.999;0.9773;0.8825;0.0708;2.8771;2.921;0.0176;0.0006;0.4957;0.0168;0.0598;0.0064;0;0;0.088;2.132;0;0;0;0;0;0;0;0;0;0;0;0;0.0481;0.0196;2.2563;2.2563;0;72.942;72.942;49.983;0.0506;2519.5;895.52;1;0.0363;0.0363;0;0;0;0;0;0;2.22;2.132;0;14.748;17.078;13.936;16.137;98.392;98.392;24.263;19.028;17.98;5.235;1.048;0.2158;0.0432;0.741;28.214;0.7194;0
02/11/21 09:00;54.303;-63.875;14.888;57.174;32.826;-90;-32.826;857.2;142;715.2;24.72;4.9;0;851.1;47.916;107.01;0;11.634;1017.7;0;1017.7;851.1;107.01;47.916;11.634;0.8363;0.0585;0;0.0114;1004.9;12.732;0;0;2.4445;10.288;1001.8;2.1726;0.4372;0.055;1.4711;0.2093;1003.9;1.0049;0.8511;0.107;0.0455;0.0013;1004.9;849.81;106.85;43.955;1.1358;444.23;370.94;120.58;0.993;3.8386;55.217;3.1193;58.062;0;1;0;0;1.1872;0.9875;1;1;0.949;0.1157;0.9978;0.9995;1;0.9676;0.8444;0.999;0.999;1;0.999;0.999;0.9844;0.9173;0.0976;2.8962;2.9856;0.018;0.0014;0.5343;0.017;0.0604;0.0085;0;0;0.088;2.1524;0;0;0;0;0;0;0;0;0;0;0;0;0.0486;0.0204;2.2769;2.2769;0;75.506;75.506;50.786;0.0507;2574.4;884.42;1;0.0365;0.0365;0;0;0;0;0;0;2.2404;2.1524;0;14.784;17.12;13.976;16.184;98.397;98.397;24.424;19.201;18.151;5.2228;1.0499;0.2138;0.043;0.7432;32.226;0.7142;0
02/11/21 10:00;64.208;-42.842;18.605;71.809;18.191;-90;-18.191;899.9;182.8;717.1;25.37;4.72;0;754.82;76.157;110.2;0;3.8228;945;0;945;754.82;110.2;76.157;3.8228;0.7988;0.0846;0;0.004;940.32;4.6839;0;0;1.501;3.1829;936.02;3.3555;0.4846;0.0707;2.6584;0.1418;939.38;0.9403;0.7548;0.1102;0.0747;0.0006;936.9;753.58;110.02;71.923;0.4974;513.8;429.02;137.82;0.1957;4.4849;64.513;0.8768;68.802;0;1;0;0;1.0501;0.995;1;1;0.9803;0.1674;0.9964;0.9994;1;0.9644;0.7782;0.999;0.999;1;0.999;0.999;0.9905;0.9444;0.1301;2.6894;2.8098;0.0169;-0.0005;0.475;0.0162;0.0576;0.0101;0;0;0.088;2.0476;0;0;0;0;0;0;0;0;0;0;0;0;0.0464;0.0182;2.1699;2.1699;0;72.713;72.713;47.343;0.0506;2421.2;896.18;1;0.0343;0.0343;0;0;0;0;0;0;2.1356;2.0476;0;15.173;17.57;14.318;16.58;98.421;98.421;22.68;18.299;17.268;4.3814;1.031;0.1932;0.0455;0.7614;46.932;0.7243;0
02/11/21 11:00;69.614;-7.8671;20.186;87.088;2.9119;-90;-2.9119;1058.9;174.7;884.19;25.84;4.56;0;885.34;56.164;118.65;0;0.1162;1060.3;0;1060.3;885.34;118.65;56.164;0.1162;0.835;0.0531;0;0.0001;1060.1;0.1549;0;0;0.058;0.0969;1055.9;3.2005;0.6167;0.0826;2.4969;0.0043;1059.1;1.0601;0.8853;0.1187;0.0561;0;1055.8;883.83;118.45;53.553;0.015;624.04;521.07;165.07;-0.0003;5.5823;80.299;-0.0044;85.881;0;1;0;0;1.0013;0.9999;1;1;0.999;0.1659;0.997;0.9993;1;0.9555;0.7778;0.999;0.999;1;0.999;0.999;0.9958;0.9535;0.1289;3.0174;3.1817;0.0192;0.0045;0.6154;0.0178;0.0631;0.0122;0;0;0.088;2.2491;0;0;0;0;0;0;0;0;0;0;0;0;0.0508;0.023;2.3757;2.3757;0;79.55;79.55;53.71;0.0509;2710.2;875;1;0.0386;0.0386;0;0;0;0;0;0;2.3371;2.2491;0;14.806;17.145;14.017;16.232;98.376;98.376;25.446;20.034;18.967;5.412;1.0675;0.2127;0.042;0.7454;33.283;0.7054;0
02/11/21 12:00;67.008;31.443;19.466;77.52;12.48;90;12.48;1077.4;177.8;899.59;27.25;4.4699;0;921.36;52.233;127.97;0;2.164;1103.7;0;1103.7;921.36;127.97;52.233;2.164;0.8348;0.0493;0;0.002;1101.4;2.3488;0;0;0.5478;1.801;1097.5;2.8166;0.6189;0.086;2.0301;0.0817;1100.3;1.1014;0.9214;0.128;0.0517;0.0004;1097.9;919.82;127.75;49.603;0.281;625.51;522.3;166.88;0.0353;5.5057;79.197;0.4401;84.667;0;1;0;0;1.0244;0.9979;1;1;0.9895;0.1677;0.9974;0.9993;1;0.9607;0.7747;0.999;0.999;1;0.999;0.999;0.9943;0.9497;0.1298;3.1411;3.2998;0.0199;0.0068;0.6822;0.0181;0.0643;0.0118;0;0;0.088;2.2789;0;0;0;0;0;0;0;0;0;0;0;0;0.0518;0.0247;2.4201;2.4062;0;83.25;83.25;56;0.051;2749.9;875;1;0.0532;0.0393;0;0.0139;0;0;0;0;2.3669;2.2789;0;14.406;16.681;13.643;15.799;97.8;98.367;26.489;20.291;19.218;6.198;1.0735;0.234;0.0405;0.7255;31.523;0.6885;0
02/11/21 13:00;58.332;57.202;16.521;62.593;27.407;90;27.407;672.21;362.2;310.01;27.41;4.26;0;349.2;252.33;106.86;0;6.4131;714.8;0;714.8;349.2;106.86;252.33;6.4131;0.4885;0.362;0;0.009;699.56;15.242;0;0;9.6914;5.551;690.46;8.4027;0.1991;0.0609;7.9768;0.1658;698.86;0.6996;0.3492;0.1069;0.2426;0.0009;692.17;348.65;106.69;234.42;0.6954;381.22;318.32;102.17;2.7907;3.5054;50.425;1.7073;51.139;0;1;0;0;1.0634;0.9787;1;1;0.9616;0.1344;0.988;0.9994;1;0.9671;0.8074;0.999;0.999;1;0.999;0.999;0.9659;0.929;0.1084;2.0343;2.0813;0.0125;-0.0008;0.2735;0.0126;0.0446;0.0083;0;0;0.088;1.5709;0;0;0;0;0;0;0;0;0;0;0;0;0.0359;0.0103;1.6845;1.6845;0;62.042;62.042;34.631;0.0502;1794.6;938.65;1;0.0256;0.0256;0;0;0;0;0;0;1.6589;1.5709;0;15.572;18.032;14.522;16.816;98.477;98.477;17.155;14.206;13.247;2.9497;0.9584;0.1719;0.0559;0.7722;163.47;0.7335;0
02/11/21 14:00;47.201;72.722;11.642;48.517;41.483;90;41.483;874;144.2;729.8;28.08;4.04;0;974.17;35.913;137.67;0;18.636;1166.4;0;1166.4;974.17;137.67;35.913;18.636;0.8352;0.0468;0;0.016;1146.6;19.798;0;0;2.6398;17.159;1143.8;1.6461;0.3913;0.0553;1.0777;0.1217;1145.4;1.1466;0.9742;0.1377;0.0333;0.0015;1148.7;972.8;137.48;32.163;1.3538;402.65;336.21;107.59;1.6622;3.6399;52.359;4.8813;54.337;0;1;0;0;1.3345;0.983;1;1;0.9265;0.0793;0.9986;0.9996;1;0.9676;0.9175;0.999;0.999;1;0.999;0.999;0.9806;0.8956;0.0726;3.3194;3.3913;0.0204;0.0089;0.7425;0.0183;0.065;0.0077;0;0;0.088;2.2847;0;0;0;0;0;0;0;0;0;0;0;0;0.0524;0.026;2.4501;2.4121;0;86.611;86.611;58.531;0.0512;2756.7;875;1;0.0774;0.0394;0;0.038;0;0;0;0;2.3727;2.2847;0;13.665;15.824;12.943;14.988;96.839;98.365;27.993;20.341;19.267;7.6519;1.0746;0.2733;0.0384;0.6883;25.906;0.6659;0
02/11/21 15:00;35.201;83.597;5.2284;35.37;54.63;90;54.63;403.19;287.4;115.8;26.95;3.95;0;200.04;194.11;71.719;0;14.433;480.3;0;480.3;200.04;71.719;194.11;14.433;0.4165;0.4342;0;0.0301;445.48;34.818;0;0;21.3;13.519;439.08;5.9624;0.0361;0.0129;5.8729;0.0405;445.04;0.4455;0.2;0.0717;0.1728;0.0009;443.61;199.81;71.634;166.76;0.8732;204.83;171.04;58.567;23.271;3.0599;44.015;4.5384;23.805;0;1;0;0;1.1912;0.9275;1;1;0.8903;0.0634;0.9866;0.9998;1;0.966;0.9557;0.999;0.999;1;0.999;0.999;0.9142;0.8591;0.0605;1.3669;1.3574;0.0082;0.0071;0.1149;0.0086;0.0305;0.0076;0;0;0.088;1.0459;0;0;0;0;0;0;0;0;0;0;0;0;0.0245;0.0046;1.1514;1.1514;0;48.774;48.774;21.824;0.0497;1167;986.6;1;0.0175;0.0175;0;0;0;0;0;0;1.1339;1.0459;0;15.841;18.344;14.389;16.663;98.48;98.48;11.527;9.71;8.8202;1.8173;0.8897;0.1577;0.0772;0.7652;159.03;0.716;0
02/11/21 16:00;22.952;92.495;18.956;22.972;48.207;90;48.207;361.9;155.8;206.1;26.99;3.6501;0;499.84;80.481;143.6;0;10.261;734.19;0;734.19;499.84;143.6;80.481;10.261;0.6808;0.1236;0;0.014;717.26;16.93;0;0;7.3655;9.5649;713.68;2.8607;0.3269;0.0939;2.4062;0.0336;716.54;0.7173;0.4998;0.1436;0.0731;0.0007;714.88;499.01;143.37;70.636;0.6616;63.034;52.634;17.469;6.2374;0.9176;13.2;1.1982;7.8801;0;1;0;0;2.0287;0.9769;1;1;0.9085;0.0678;0.996;0.9993;1;0.9671;0.9516;0.999;0.999;1;0.999;0.999;0.9721;0.8777;0.0645;2.0894;2.0718;0.0125;-0.0008;0.278;0.0125;0.0442;0.0022;0;0;0.088;1.5638;0;0;0;0;0;0;0;0;0;0;0;0;0.0356;0.0102;1.6773;1.6773;0;62.806;62.806;35.816;0.0502;1789.6;937.22;1;0.0255;0.0255;0;0;0;0;0;0;1.6518;1.5638;0;15.096;17.481;14.075;16.298;98.48;98.48;17.62;14.145;13.188;3.4758;0.957;0.1973;0.0543;0.7484;61.735;0.7385;0
02/11/21 17:00;10.777;100.73;63.032;10.964;16.505;90;16.505;60.499;59.502;0.9969;25.69;2.7999;0;2.4177;58.052;0.5532;0;0.2119;61.235;0;61.235;2.4177;0.5532;58.052;0.2119;0.0395;0.9515;0;0.0035;60.084;1.1516;0;0;0.9749;0.1767;57.773;2.251;0.122;0.0279;2.0932;0.0079;60.024;0.0601;0.0024;0.0006;0.0571;0;57.819;2.2933;0.5248;54.927;0.0272;35.534;29.671;9.0448;0.1055;0.3478;5.0025;0.0468;5.2448;0;1;0;0;1.0122;0.9812;1;1;0.9832;0.1659;0.9625;0.9495;1;0.9633;0.7758;0.999;0.999;1;0.999;0.999;0.9435;0.9462;0.1286;0.1743;0.1754;0.0011;0.0141;0.0023;0.0011;0.0039;0.0009;0;0;0.088;0.0553;0;0;0;0;0;0;0;0;0;0;0;0;0.0032;0.0002;0.1488;0.1488;0;28.565;28.565;2.8749;0.0498;148.77;1000.1;1;0.0055;0.0055;0;0;0;0;0;0;0.1433;0.0553;0;16.055;18.592;5.9688;6.9117;96.323;96.323;1.4696;1.2547;0.4665;0.2149;0.7882;0.1463;0.5364;0.3174;35.528;0.2991;0
02/11/21 18:00;2.4347;106.55;84.086;2.5398;3.6298;90;3.6298;0;0;0;21.75;3.23;0;0;0;0;0;0;0;0;0;0;0;0;0;1;1;1;1;0;0;0;0;0;0;0;0;0;0;0;0;0;0;0;0;0;0;0;0;0;0;0;0;0;0;0;0;0;0;0;0;0;0;0;1;1;1;1;1;1;1;1;1;1;1;1;1;1;1;1;1;1;1;0;0;0;0;0;0;0;0;0;0.0004;0.088;-0.0884;0;0;0;0;0;0;0;0;0;0;0;0;0;0;0;0;0;0;0;-21.75;0;0;0;0;0.0004;0;0;0;0;0;0;0;-0.0004;-0.0884;0;0;0;0;0;0;0;0;0;-0.7452;0;0.7452;1;1;0;0;0;0
02/11/21 19:00;0;0;90;0;0;90;0;0;0;0;19.35;3.6601;0;0;0;0;0;0;0;0;0;0;0;0;0;1;1;1;1;0;0;0;0;0;0;0;0;0;0;0;0;0;0;0;0;0;0;0;0;0;0;0;0;0;0;0;0;0;0;0;0;0;0;0;1;1;1;1;1;1;1;1;1;1;1;1;1;1;1;1;1;1;1;0;0;0;0;0;0;0;0;0;0.0004;0.088;-0.0884;0;0;0;0;0;0;0;0;0;0;0;0;0;0;0;0;0;0;0;-19.35;0;0;0;0;0.0004;0;0;0;0;0;0;0;-0.0004;-0.0884;0;0;0;0;0;0;0;0;0;-0.7452;0;0.7452;1;1;0;0;0;0
02/11/21 20:00;0;0;90;0;0;90;0;0;0;0;19.06;4.67;0;0;0;0;0;0;0;0;0;0;0;0;0;1;1;1;1;0;0;0;0;0;0;0;0;0;0;0;0;0;0;0;0;0;0;0;0;0;0;0;0;0;0;0;0;0;0;0;0;0;0;0;1;1;1;1;1;1;1;1;1;1;1;1;1;1;1;1;1;1;1;0;0;0;0;0;0;0;0;0;0.0004;0.088;-0.0884;0;0;0;0;0;0;0;0;0;0;0;0;0;0;0;0;0;0;0;-19.06;0;0;0;0;0.0004;0;0;0;0;0;0;0;-0.0004;-0.0884;0;0;0;0;0;0;0;0;0;-0.7452;0;0.7452;1;1;0;0;0;0
02/11/21 21:00;0;0;90;0;0;90;0;0;0;0;20.6;5.6;0;0;0;0;0;0;0;0;0;0;0;0;0;1;1;1;1;0;0;0;0;0;0;0;0;0;0;0;0;0;0;0;0;0;0;0;0;0;0;0;0;0;0;0;0;0;0;0;0;0;0;0;1;1;1;1;1;1;1;1;1;1;1;1;1;1;1;1;1;1;1;0;0;0;0;0;0;0;0;0;0.0004;0.088;-0.0884;0;0;0;0;0;0;0;0;0;0;0;0;0;0;0;0;0;0;0;-20.6;0;0;0;0;0.0004;0;0;0;0;0;0;0;-0.0004;-0.0884;0;0;0;0;0;0;0;0;0;-0.7452;0;0.7452;1;1;0;0;0;0
02/11/21 22:00;0;0;90;0;0;90;0;0;0;0;19.41;6.0699;0;0;0;0;0;0;0;0;0;0;0;0;0;1;1;1;1;0;0;0;0;0;0;0;0;0;0;0;0;0;0;0;0;0;0;0;0;0;0;0;0;0;0;0;0;0;0;0;0;0;0;0;1;1;1;1;1;1;1;1;1;1;1;1;1;1;1;1;1;1;1;0;0;0;0;0;0;0;0;0;0.0004;0.088;-0.0884;0;0;0;0;0;0;0;0;0;0;0;0;0;0;0;0;0;0;0;-19.41;0;0;0;0;0.0004;0;0;0;0;0;0;0;-0.0004;-0.0884;0;0;0;0;0;0;0;0;0;-0.7452;0;0.7452;1;1;0;0;0;0
02/11/21 23:00;0;0;90;0;0;90;0;0;0;0;18.52;6.5301;0;0;0;0;0;0;0;0;0;0;0;0;0;1;1;1;1;0;0;0;0;0;0;0;0;0;0;0;0;0;0;0;0;0;0;0;0;0;0;0;0;0;0;0;0;0;0;0;0;0;0;0;1;1;1;1;1;1;1;1;1;1;1;1;1;1;1;1;1;1;1;0;0;0;0;0;0;0;0;0;0.0004;0.088;-0.0884;0;0;0;0;0;0;0;0;0;0;0;0;0;0;0;0;0;0;0;-18.52;0;0;0;0;0.0004;0;0;0;0;0;0;0;-0.0004;-0.0884;0;0;0;0;0;0;0;0;0;-0.7452;0;0.7452;1;1;0;0;0;0
03/11/21 00:00;0;0;90;0;0;90;0;0;0;0;17.87;6.89;0;0;0;0;0;0;0;0;0;0;0;0;0;1;1;1;1;0;0;0;0;0;0;0;0;0;0;0;0;0;0;0;0;0;0;0;0;0;0;0;0;0;0;0;0;0;0;0;0;0;0;0;1;1;1;1;1;1;1;1;1;1;1;1;1;1;1;1;1;1;1;0;0;0;0;0;0;0;0;0;0.0004;0.088;-0.0884;0;0;0;0;0;0;0;0;0;0;0;0;0;0;0;0;0;0;0;-17.87;0;0;0;0;0.0004;0;0;0;0;0;0;0;-0.0004;-0.0884;0;0;0;0;0;0;0;0;0;-0.7452;0;0.7452;1;1;0;0;0;0
03/11/21 01:00;0;0;90;0;0;90;0;0;0;0;17.57;6.17;0;0;0;0;0;0;0;0;0;0;0;0;0;1;1;1;1;0;0;0;0;0;0;0;0;0;0;0;0;0;0;0;0;0;0;0;0;0;0;0;0;0;0;0;0;0;0;0;0;0;0;0;1;1;1;1;1;1;1;1;1;1;1;1;1;1;1;1;1;1;1;0;0;0;0;0;0;0;0;0;0.0004;0.088;-0.0884;0;0;0;0;0;0;0;0;0;0;0;0;0;0;0;0;0;0;0;-17.57;0;0;0;0;0.0004;0;0;0;0;0;0;0;-0.0004;-0.0884;0;0;0;0;0;0;0;0;0;-0.7452;0;0.7452;1;1;0;0;0;0
03/11/21 02:00;0;0;90;0;0;90;0;0;0;0;16.07;6.24;0;0;0;0;0;0;0;0;0;0;0;0;0;1;1;1;1;0;0;0;0;0;0;0;0;0;0;0;0;0;0;0;0;0;0;0;0;0;0;0;0;0;0;0;0;0;0;0;0;0;0;0;1;1;1;1;1;1;1;1;1;1;1;1;1;1;1;1;1;1;1;0;0;0;0;0;0;0;0;0;0.0004;0.088;-0.0884;0;0;0;0;0;0;0;0;0;0;0;0;0;0;0;0;0;0;0;-16.07;0;0;0;0;0.0004;0;0;0;0;0;0;0;-0.0004;-0.0884;0;0;0;0;0;0;0;0;0;-0.7452;0;0.7452;1;1;0;0;0;0
03/11/21 03:00;0;0;90;0;0;90;0;0;0;0;15.87;6.6101;0;0;0;0;0;0;0;0;0;0;0;0;0;1;1;1;1;0;0;0;0;0;0;0;0;0;0;0;0;0;0;0;0;0;0;0;0;0;0;0;0;0;0;0;0;0;0;0;0;0;0;0;1;1;1;1;1;1;1;1;1;1;1;1;1;1;1;1;1;1;1;0;0;0;0;0;0;0;0;0;0.0004;0.088;-0.0884;0;0;0;0;0;0;0;0;0;0;0;0;0;0;0;0;0;0;0;-15.87;0;0;0;0;0.0004;0;0;0;0;0;0;0;-0.0004;-0.0884;0;0;0;0;0;0;0;0;0;-0.7452;0;0.7452;1;1;0;0;0;0
03/11/21 04:00;0.3509;-108.46;89.149;0.3699;0.5272;-90;-0.5272;0;0;0;15.1;6.89;0;0;0;0;0;0;0;0;0;0;0;0;0;1;1;1;1;0;0;0;0;0;0;0;0;0;0;0;0;0;0;0;0;0;0;0;0;0;0;0;0;0;0;0;0;0;0;0;0;0;0;0;1;1;1;1;1;1;1;1;1;1;1;1;1;1;1;1;1;1;1;0;0;0;0;0;0;0;0;0;0.0004;0.088;-0.0884;0;0;0;0;0;0;0;0;0;0;0;0;0;0;0;0;0;0;0;-15.1;0;0;0;0;0.0004;0;0;0;0;0;0;0;-0.0004;-0.0884;0;0;0;0;0;0;0;0;0;-0.7452;0;0.7452;1;1;0;0;0;0
03/11/21 05:00;6.4341;-104.1;74.23;6.6321;9.6344;-90;-9.6344;33.404;32.102;1.3017;14.84;6.9901;0;3.157;31.61;0.65;0;0.04;35.457;0;35.457;3.157;0.65;31.61;0.04;0.089;0.8926;0;0.0011;35.21;0.2473;0;0;0.214;0.0333;33.235;1.9392;0.5379;0.1108;1.289;0.0015;35.175;0.0352;0.0032;0.0007;0.0314;0;33.242;2.616;0.5386;30.075;0.0053;18.939;15.814;4.7705;0.0079;0.1855;2.6682;0.0062;2.8457;0;1;0;0;1.0615;0.993;1;1;0.9932;0.1695;0.9449;0.8295;1;0.9589;0.7756;0.999;0.999;1;0.999;0.999;0.9373;0.9515;0.1313;0.1009;0.1005;0.0006;0.0111;-0.0031;0.0006;0.0023;0.0005;0;0;0.088;-0.0057;0;0;0;0;0;0;0;0;0;0;0;0;0.0018;0.0001;0.0866;0.0866;0;16.489;16.489;1.6486;0.0496;84.244;1027.6;1;0.0042;0.0042;0;0;0;0;0;0;0.0823;-0.0057;0;16.133;18.681;-1.0533;-1.2197;95.129;95.129;0.851;0.73;-0.0477;0.121;0.7777;0.1421;0.9139;0;18.931;0;0
03/11/21 06:00;18.505;-95.906;39.667;18.597;32.068;-90;-32.068;317.69;52.397;265.29;18.34;7.69;0;643.41;19.323;76.345;0;4.1203;743.2;0;743.2;643.41;76.345;19.323;4.1203;0.8657;0.0315;0;0.0055;738.62;4.5804;0;0;0.95;3.6304;732.4;5.4844;4.3;0.5102;0.5952;0.0789;737.88;0.7386;0.6434;0.0763;0.0184;0.0005;732.48;638.47;75.758;17.759;0.4106;14.377;12.005;4.0489;0.3694;0.1366;1.9656;0.085;1.7328;0;1;0;0;2.3394;0.9938;1;1;0.9508;0.1189;0.9926;0.9933;1;0.9676;0.8388;0.999;0.999;1;0.999;0.999;0.9855;0.9191;0.0997;2.1151;2.0996;0.0126;-0.001;0.2212;0.0131;0.0463;0.0003;0;0;0.088;1.6435;0;0;0;0;0;0;0;0;0;0;0;0;0.0373;0.0105;1.7592;1.7592;0;54.852;54.852;36.512;0.0499;1813.1;970.24;1;0.0276;0.0276;0;0;0;0;0;0;1.7315;1.6435;0;15.641;18.112;14.613;16.921;98.428;98.428;17.837;14.835;13.86;3.0015;0.9753;0.1683;0.0547;0.777;12.923;0.7755;0
03/11/21 07:00;30.756;-87.405;2.2302;30.782;59.218;-90;-59.218;237.79;211.8;25.997;20.3;8.4301;0;50.797;154.25;15.121;0;9.8682;230.03;0;230.03;50.797;15.121;154.25;9.8682;0.2208;0.7134;0;0.0429;201.88;28.15;0;0;18.96;9.1893;196.88;4.7974;0.0039;0.0012;4.7514;0.0409;201.68;0.2019;0.0508;0.0151;0.1353;0.0007;200.58;50.742;15.105;130.4;0.6373;139.78;116.72;41.986;24.607;2.5241;36.309;3.7004;14.226;0;1;0;0;0.9674;0.8776;1;1;0.8771;0.0688;0.9762;0.9999;1;0.9648;0.9397;0.999;0.999;1;0.999;0.999;0.8559;0.8454;0.0646;0.6547;0.6466;0.0039;0.0163;0.0116;0.0043;0.0153;0.0066;0;0;0.088;0.4771;0;0;0;0;0;0;0;0;0;0;0;0;0.0123;0.0012;0.5751;0.5751;0;29.988;29.988;9.6881;0.0492;551.42;1043;1;0.01;0.01;0;0;0;0;0;0;0.5651;0.4771;0;16.522;19.132;13.706;15.871;98.256;98.256;5.5208;4.8503;4.0236;0.6705;0.8267;0.1215;0.1497;0.7288;133.09;0.6518;0
03/11/21 08:00;42.908;-77.532;9.0983;43.591;46.409;-90;-46.409;297;274.7;22.305;20.6;8.6099;0;32.35;226.59;9.3816;0;7.8387;276.16;0;276.16;32.35;9.3816;226.59;7.8387;0.1171;0.8489;0;0.0284;249.35;26.808;0;0;19.557;7.2508;242.28;6.8185;0.0102;0.0029;6.7739;0.0316;249.1;0.2493;0.0323;0.0094;0.207;0.0006;245.1;32.307;9.3692;200.05;0.5557;182.51;152.4;51.697;15.393;2.411;34.681;2.8211;21.699;0;1;0;0;0.9298;0.9029;1;1;0.9137;0.075;0.9726;0.9997;1;0.9672;0.9462;0.999;0.999;1;0.999;0.999;0.8773;0.8829;0.0709;0.7859;0.7707;0.0046;0.0151;0.0208;0.0051;0.0181;0.0062;0;0;0.088;0.5849;0;0;0;0;0;0;0;0;0;0;0;0;0.0146;0.0017;0.6844;0.6844;0;32.527;32.527;11.927;0.0492;658.96;1038.6;1;0.0115;0.0115;0;0;0;0;0;0;0.6729;0.5849;0;16.377;18.964;13.996;16.207;98.321;98.321;6.6278;5.7718;4.9327;0.856;0.839;0.1292;0.1266;0.7443;170.86;0.6803;0
03/11/21 09:00;54.504;-64.285;14.592;57.277;32.723;-90;-32.723;297;286.8;10.205;20.6;8.39;0;12.131;261.66;3.0714;0;4.0066;280.87;0;280.87;12.131;3.0714;261.66;4.0066;0.0432;0.9459;0;0.0143;264.05;16.824;0;0;13.283;3.5412;255.66;8.1174;0.0061;0.0015;8.037;0.0727;263.78;0.264;0.0121;0.0031;0.2484;0.0005;256.92;12.112;3.0668;240.09;0.3923;182.4;152.3;49.026;5.3495;1.9288;27.745;1.2586;24.324;0;1;0;0;0.9457;0.9401;1;1;0.9492;0.1162;0.9692;0.9995;1;0.9676;0.8436;0.999;0.999;1;0.999;0.999;0.9103;0.9176;0.0979;0.7993;0.7906;0.0048;0.0149;0.0232;0.0052;0.0186;0.005;0;0;0.088;0.6026;0;0;0;0;0;0;0;0;0;0;0;0;0.015;0.0018;0.7023;0.7023;0;33.188;33.188;12.588;0.0492;676.92;1037.5;1;0.0117;0.0117;0;0;0;0;0;0;0.6906;0.6026;0;16.523;19.133;14.177;16.416;98.33;98.33;6.7409;5.9226;5.0816;0.8183;0.841;0.1214;0.1248;0.7538;175.85;0.7019;0
03/11/21 10:00;64.462;-43.261;18.298;71.869;18.131;-90;-18.131;297;289.9;7.1056;20.6;7.86;0;7.4769;281.1;1.7266;0;1.2535;291.56;0;291.56;7.4769;1.7266;281.1;1.2535;0.0256;0.9684;0;0.0043;285;6.5536;0;0;5.51;1.0436;274.84;9.8759;0.0047;0.0011;9.8236;0.0465;284.72;0.285;0.0075;0.0017;0.2756;0.0002;275.14;7.4647;1.7238;265.49;0.1632;178.15;148.76;45.569;0.711;1.741;25.044;0.2954;26.074;0;1;0;0;0.9817;0.9775;1;1;0.9804;0.1674;0.9653;0.9994;1;0.9643;0.7781;0.999;0.999;1;0.999;0.999;0.9427;0.9445;0.1302;0.8298;0.8374;0.005;0.0143;0.0274;0.0055;0.0196;0.0045;0;0;0.088;0.6429;0;0;0;0;0;0;0;0;0;0;0;0;0.0158;0.0019;0.7432;0.7432;0;34.136;34.136;13.536;0.0492;717.7;1035.5;1;0.0123;0.0123;0;0;0;0;0;0;0.7309;0.6429;0;16.844;19.505;14.571;16.873;98.349;98.349;6.9974;6.2673;5.4218;0.7301;0.8456;0.1043;0.1208;0.7748;173.18;0.728;0
03/11/21 11:00;69.924;-7.9769;19.874;87.097;2.9035;-90;-2.9035;297;290.7;6.3075;20.6;6.82;0;6.3156;289.11;1.405;0;0.0324;296.86;0;296.86;6.3156;1.405;289.11;0.0324;0.0213;0.974;0;0.0001;296.54;0.3242;0;0;0.2971;0.027;283.38;12.861;0.0043;0.001;12.854;0.0012;296.24;0.2965;0.0063;0.0014;0.2888;0;283.38;6.305;1.4026;275.67;0.0042;175.87;146.85;44.153;-0.0016;1.727;24.842;-0.0031;26.571;0;1;0;0;0.9995;0.9989;1;1;0.999;0.1659;0.9566;0.9993;1;0.9554;0.7778;0.999;0.999;1;0.999;0.999;0.9546;0.9535;0.1289;0.8448;0.8605;0.0052;0.014;0.0294;0.0057;0.0202;0.0045;0;0;0.088;0.6628;0;0;0;0;0;0;0;0;0;0;0;0;0.0162;0.002;0.7633;0.7633;0;34.558;34.558;13.958;0.0493;737.81;1034.5;1;0.0125;0.0125;0;0;0;0;0;0;0.7508;0.6628;0;16.99;19.674;14.753;17.083;98.358;98.358;7.1247;6.4369;5.5891;0.6878;0.8478;0.0965;0.119;0.7845;171.32;0.7382;0
03/11/21 12:00;67.289;31.796;19.156;77.564;12.436;90;12.436;297;290.6;6.4073;20.6;6.2001;0;6.5612;285.75;1.4856;0;0.5924;294.39;0;294.39;6.5612;1.4856;285.75;0.5924;0.0223;0.9727;0;0.002;290.92;3.4722;0;0;2.9792;0.493;279.49;11.142;0.0043;0.001;11.115;0.0224;290.63;0.2909;0.0066;0.0015;0.2828;0.0001;279.6;6.5503;1.4832;271.38;0.0769;176.99;147.79;44.798;0.188;1.7267;24.838;0.1146;26.377;0;1;0;0;0.9912;0.9882;1;1;0.9896;0.1678;0.9617;0.9993;1;0.9607;0.7747;0.999;0.999;1;0.999;0.999;0.9494;0.9497;0.1298;0.8378;0.8497;0.0051;0.0142;0.0285;0.0056;0.0199;0.0045;0;0;0.088;0.6535;0;0;0;0;0;0;0;0;0;0;0;0;0.016;0.002;0.7539;0.7539;0;34.365;34.365;13.766;0.0493;728.44;1035;1;0.0124;0.0124;0;0;0;0;0;0;0.7415;0.6535;0;16.922;19.596;14.669;16.986;98.354;98.354;7.0654;6.3579;5.5111;0.7075;0.8468;0.1001;0.1198;0.78;172.43;0.7337;0
03/11/21 13:00;58.552;57.626;16.221;62.684;27.316;90;27.316;297;289.6;7.4049;20.6;5.76;0;8.3343;271.75;2.0335;0;2.8152;284.93;0;284.93;8.3343;2.0335;271.75;2.8152;0.0293;0.9636;0;0.0099;272.11;12.818;0;0;10.382;2.4357;263.16;8.675;0.0047;0.0011;8.596;0.0732;271.84;0.2721;0.0083;0.002;0.2614;0.0004;263.98;8.3213;2.0303;252.51;0.3059;180.91;151.06;47.624;2.9698;1.8262;26.269;0.814;25.126;0;1;0;0;0.9593;0.955;1;1;0.9618;0.1348;0.9681;0.9994;1;0.9671;0.807;0.999;0.999;1;0.999;0.999;0.9236;0.9292;0.1087;0.8109;0.8079;0.0049;0.0147;0.0248;0.0053;0.019;0.0047;0;0;0.088;0.6175;0;0;0;0;0;0;0;0;0;0;0;0;0.0153;0.0018;0.7174;0.7174;0;33.558;33.558;12.959;0.0492;692.01;1036.8;1;0.0119;0.0119;0;0;0;0;0;0;0.7055;0.6175;0;16.639;19.267;14.321;16.584;98.338;98.338;6.8383;6.0503;5.2076;0.788;0.8427;0.1152;0.1232;0.7615;175.95;0.7124;0
03/11/21 14:00;47.385;73.094;11.355;48.644;41.356;90;41.356;252.99;247.2;5.7929;26.39;5.3399;0;7.7176;215.15;1.8633;0;5.3628;230.1;0;230.1;7.7176;1.8633;215.15;5.3628;0.0335;0.9584;0;0.0233;209.42;20.68;0;0;15.743;4.9363;202.71;6.4972;0.003;0.0007;6.458;0.0355;209.21;0.2094;0.0077;0.0019;0.1994;0.0004;204.59;7.7068;1.8607;192.75;0.3906;158.29;132.17;44.113;9.8273;1.909;27.461;1.8801;19.542;0;1;0;0;0.9095;0.9101;1;1;0.9268;0.0795;0.9689;0.9996;1;0.9676;0.9167;0.999;0.999;1;0.999;0.999;0.881;0.8959;0.0728;0.6548;0.6403;0.0039;0.0164;0.0264;0.0042;0.0147;0.0048;0;0;0.088;0.4593;0;0;0;0;0;0;0;0;0;0;0;0;0.0119;0.0012;0.5569;0.5569;0;36.416;36.416;10.026;0.0495;547.82;1016.5;1;0.0095;0.0095;0;0;0;0;0;0;0.5473;0.4593;0;15.992;18.518;13.191;15.275;98.289;98.289;5.5223;4.696;3.8736;0.8262;0.8225;0.1496;0.1489;0.7014;155.03;0.6439;0
03/11/21 15:00;35.371;83.918;4.9561;35.524;54.476;90;54.476;111.99;110.7;1.29;25.17;4.3899;0;2.2202;87.372;0.3052;0;3.9882;93.885;0;93.885;2.2202;0.3052;87.372;3.9882;0.0236;0.9731;0;0.0425;80.602;13.284;0;0;9.5485;3.7353;77.867;2.6539;0.0004;0.0001;2.6423;0.0111;80.521;0.0806;0.0022;0.0003;0.0778;0.0003;79.449;2.2176;0.3048;75.103;0.2415;71.894;60.031;21.264;10.371;1.1712;16.847;1.5817;7.6477;0;1;0;0;0.8383;0.8585;1;1;0.8907;0.0634;0.967;0.9998;1;0.966;0.956;0.999;0.999;1;0.999;0.999;0.8294;0.8596;0.0606;0.2672;0.2611;0.0016;0.016;0.0039;0.0017;0.0059;0.0029;0;0;0.088;0.1298;0;0;0;0;0;0;0;0;0;0;0;0;0.0048;0.0003;0.224;0.224;0;29.033;29.033;3.8632;0.0496;221.48;1011.2;1;0.0061;0.0061;0;0;0;0;0;0;0.2178;0.1298;0;15.764;18.254;9.1383;10.582;97.261;97.261;2.2533;1.8888;1.0949;0.3645;0.7939;0.1618;0.3523;0.4859;71.463;0.4284;0
03/11/21 16:00;23.12;92.781;17.767;23.144;49.268;90;49.268;24.301;24.2;0.1013;23.86;2.8601;0;0.2456;19.992;0.0109;0;0.7177;20.966;0;20.966;0.2456;0.0109;19.992;0.7177;0.0117;0.9878;0;0.0342;18.408;2.5583;0;0;1.8884;0.6699;17.789;0.6006;0.0002;0;0.5983;0.0022;18.389;0.0184;0.0002;0;0.0181;0;18.063;0.2452;0.0109;17.487;0.0456;15.495;12.939;4.4678;1.6704;0.2232;3.2107;0.2748;1.7636;0;1;0;0;0.8628;0.878;1;1;0.9055;0.0667;0.9673;0.9994;1;0.9669;0.9546;0.999;0.999;1;0.999;0.999;0.8485;0.8747;0.0636;0.0597;0.0581;0.0003;0.0085;-0.0001;0.0003;0.0012;0.0005;0;0;0.088;-0.0447;0;0;0;0;0;0;0;0;0;0;0;0;0.001;0;0.0462;0.0462;0;24.757;24.757;0.8971;0.0504;47.93;964.11;1;0.003;0.003;0;0;0;0;0;0;0.0433;-0.0447;0;14.564;16.865;-14.102;-16.33;93.606;93.606;0.5032;0.3897;-0.3773;0.1135;0.767;0.2255;1.5244;0;15.495;0;0
03/11/21 17:00;10.952;100.99;62.564;11.151;16.821;90;16.821;17.503;17.402;0.1014;21.25;2.03;0;0.2459;17.023;0.0162;0;0.0637;17.349;0;17.349;0.2459;0.0162;17.023;0.0637;0.0142;0.9849;0;0.0037;17;0.3482;0;0;0.2951;0.0531;16.358;0.625;0.0118;0.0008;0.6101;0.0024;16.983;0.017;0.0002;0;0.0167;0;16.373;0.2339;0.0154;16.101;0.0082;10.431;8.7103;2.6567;0.0331;0.1021;1.4691;0.0144;1.5382;0;1;0;0;0.9912;0.9799;1;1;0.9827;0.1656;0.9632;0.9519;1;0.9635;0.776;0.999;0.999;1;0.999;0.999;0.9429;0.9458;0.1284;0.0494;0.0498;0.0003;0.0078;-0.0005;0.0003;0.001;0.0002;0;0;0.088;-0.0511;0;0;0;0;0;0;0;0;0;0;0;0;0.0008;0;0.0397;0.0397;0;22.074;22.074;0.8243;0.0504;40.903;971.05;1;0.0028;0.0028;0;0;0;0;0;0;0.0369;-0.0511;0;15.129;17.519;-19.469;-22.545;92.866;92.866;0.4164;0.335;-0.4311;0.0814;0.766;0.1955;1.8398;0;10.431;0;0
03/11/21 18:00;2.6185;106.8;83.639;2.7351;3.9106;90;3.9106;0;0;0;18.3;2.1501;0;0;0;0;0;0;0;0;0;0;0;0;0;1;1;1;1;0;0;0;0;0;0;0;0;0;0;0;0;0;0;0;0;0;0;0;0;0;0;0;0;0;0;0;0;0;0;0;0;0;0;0;1;1;1;1;1;1;1;1;1;1;1;1;1;1;1;1;1;1;1;0;0;0;0;0;0;0;0;0;0.0004;0.088;-0.0884;0;0;0;0;0;0;0;0;0;0;0;0;0;0;0;0;0;0;0;-18.3;0;0;0;0;0.0004;0;0;0;0;0;0;0;-0.0004;-0.0884;0;0;0;0;0;0;0;0;0;-0.7452;0;0.7452;1;1;0;0;0;0
03/11/21 19:00;0;0;90;0;0;90;0;0;0;0;17.8;2.6;0;0;0;0;0;0;0;0;0;0;0;0;0;1;1;1;1;0;0;0;0;0;0;0;0;0;0;0;0;0;0;0;0;0;0;0;0;0;0;0;0;0;0;0;0;0;0;0;0;0;0;0;1;1;1;1;1;1;1;1;1;1;1;1;1;1;1;1;1;1;1;0;0;0;0;0;0;0;0;0;0.0004;0.088;-0.0884;0;0;0;0;0;0;0;0;0;0;0;0;0;0;0;0;0;0;0;-17.8;0;0;0;0;0.0004;0;0;0;0;0;0;0;-0.0004;-0.0884;0;0;0;0;0;0;0;0;0;-0.7452;0;0.7452;1;1;0;0;0;0
03/11/21 20:00;0;0;90;0;0;90;0;0;0;0;17.8;2.8501;0;0;0;0;0;0;0;0;0;0;0;0;0;1;1;1;1;0;0;0;0;0;0;0;0;0;0;0;0;0;0;0;0;0;0;0;0;0;0;0;0;0;0;0;0;0;0;0;0;0;0;0;1;1;1;1;1;1;1;1;1;1;1;1;1;1;1;1;1;1;1;0;0;0;0;0;0;0;0;0;0.0004;0.088;-0.0884;0;0;0;0;0;0;0;0;0;0;0;0;0;0;0;0;0;0;0;-17.8;0;0;0;0;0.0004;0;0;0;0;0;0;0;-0.0004;-0.0884;0;0;0;0;0;0;0;0;0;-0.7452;0;0.7452;1;1;0;0;0;0
03/11/21 21:00;0;0;90;0;0;90;0;0;0;0;17.53;2.6299;0;0;0;0;0;0;0;0;0;0;0;0;0;1;1;1;1;0;0;0;0;0;0;0;0;0;0;0;0;0;0;0;0;0;0;0;0;0;0;0;0;0;0;0;0;0;0;0;0;0;0;0;1;1;1;1;1;1;1;1;1;1;1;1;1;1;1;1;1;1;1;0;0;0;0;0;0;0;0;0;0.0004;0.088;-0.0884;0;0;0;0;0;0;0;0;0;0;0;0;0;0;0;0;0;0;0;-17.53;0;0;0;0;0.0004;0;0;0;0;0;0;0;-0.0004;-0.0884;0;0;0;0;0;0;0;0;0;-0.7452;0;0.7452;1;1;0;0;0;0
03/11/21 22:00;0;0;90;0;0;90;0;0;0;0;17.4;2.34;0;0;0;0;0;0;0;0;0;0;0;0;0;1;1;1;1;0;0;0;0;0;0;0;0;0;0;0;0;0;0;0;0;0;0;0;0;0;0;0;0;0;0;0;0;0;0;0;0;0;0;0;1;1;1;1;1;1;1;1;1;1;1;1;1;1;1;1;1;1;1;0;0;0;0;0;0;0;0;0;0.0004;0.088;-0.0884;0;0;0;0;0;0;0;0;0;0;0;0;0;0;0;0;0;0;0;-17.4;0;0;0;0;0.0004;0;0;0;0;0;0;0;-0.0004;-0.0884;0;0;0;0;0;0;0;0;0;-0.7452;0;0.7452;1;1;0;0;0;0
03/11/21 23:00;0;0;90;0;0;90;0;0;0;0;17.1;2.33;0;0;0;0;0;0;0;0;0;0;0;0;0;1;1;1;1;0;0;0;0;0;0;0;0;0;0;0;0;0;0;0;0;0;0;0;0;0;0;0;0;0;0;0;0;0;0;0;0;0;0;0;1;1;1;1;1;1;1;1;1;1;1;1;1;1;1;1;1;1;1;0;0;0;0;0;0;0;0;0;0.0004;0.088;-0.0884;0;0;0;0;0;0;0;0;0;0;0;0;0;0;0;0;0;0;0;-17.1;0;0;0;0;0.0004;0;0;0;0;0;0;0;-0.0004;-0.0884;0;0;0;0;0;0;0;0;0;-0.7452;0;0.7452;1;1;0;0;0;0
04/11/21 00:00;0;0;90;0;0;90;0;0;0;0;16.9;2.75;0;0;0;0;0;0;0;0;0;0;0;0;0;1;1;1;1;0;0;0;0;0;0;0;0;0;0;0;0;0;0;0;0;0;0;0;0;0;0;0;0;0;0;0;0;0;0;0;0;0;0;0;1;1;1;1;1;1;1;1;1;1;1;1;1;1;1;1;1;1;1;0;0;0;0;0;0;0;0;0;0.0004;0.088;-0.0884;0;0;0;0;0;0;0;0;0;0;0;0;0;0;0;0;0;0;0;-16.9;0;0;0;0;0.0004;0;0;0;0;0;0;0;-0.0004;-0.0884;0;0;0;0;0;0;0;0;0;-0.7452;0;0.7452;1;1;0;0;0;0
04/11/21 01:00;0;0;90;0;0;90;0;0;0;0;16.9;2.7899;0;0;0;0;0;0;0;0;0;0;0;0;0;1;1;1;1;0;0;0;0;0;0;0;0;0;0;0;0;0;0;0;0;0;0;0;0;0;0;0;0;0;0;0;0;0;0;0;0;0;0;0;1;1;1;1;1;1;1;1;1;1;1;1;1;1;1;1;1;1;1;0;0;0;0;0;0;0;0;0;0.0004;0.088;-0.0884;0;0;0;0;0;0;0;0;0;0;0;0;0;0;0;0;0;0;0;-16.9;0;0;0;0;0.0004;0;0;0;0;0;0;0;-0.0004;-0.0884;0;0;0;0;0;0;0;0;0;-0.7452;0;0.7452;1;1;0;0;0;0
04/11/21 02:00;0;0;90;0;0;90;0;0;0;0;16.84;2.9599;0;0;0;0;0;0;0;0;0;0;0;0;0;1;1;1;1;0;0;0;0;0;0;0;0;0;0;0;0;0;0;0;0;0;0;0;0;0;0;0;0;0;0;0;0;0;0;0;0;0;0;0;1;1;1;1;1;1;1;1;1;1;1;1;1;1;1;1;1;1;1;0;0;0;0;0;0;0;0;0;0.0004;0.088;-0.0884;0;0;0;0;0;0;0;0;0;0;0;0;0;0;0;0;0;0;0;-16.84;0;0;0;0;0.0004;0;0;0;0;0;0;0;-0.0004;-0.0884;0;0;0;0;0;0;0;0;0;-0.7452;0;0.7452;1;1;0;0;0;0
04/11/21 03:00;0;0;90;0;0;90;0;0;0;0;16.73;2.66;0;0;0;0;0;0;0;0;0;0;0;0;0;1;1;1;1;0;0;0;0;0;0;0;0;0;0;0;0;0;0;0;0;0;0;0;0;0;0;0;0;0;0;0;0;0;0;0;0;0;0;0;1;1;1;1;1;1;1;1;1;1;1;1;1;1;1;1;1;1;1;0;0;0;0;0;0;0;0;0;0.0004;0.088;-0.0884;0;0;0;0;0;0;0;0;0;0;0;0;0;0;0;0;0;0;0;-16.73;0;0;0;0;0.0004;0;0;0;0;0;0;0;-0.0004;-0.0884;0;0;0;0;0;0;0;0;0;-0.7452;0;0.7452;1;1;0;0;0;0
04/11/21 04:00;0.3366;-108.85;89.184;0.3557;0.507;-90;-0.507;0;0;0;16.7;1.7699;0;0;0;0;0;0;0;0;0;0;0;0;0;1;1;1;1;0;0;0;0;0;0;0;0;0;0;0;0;0;0;0;0;0;0;0;0;0;0;0;0;0;0;0;0;0;0;0;0;0;0;0;1;1;1;1;1;1;1;1;1;1;1;1;1;1;1;1;1;1;1;0;0;0;0;0;0;0;0;0;0.0004;0.088;-0.0884;0;0;0;0;0;0;0;0;0;0;0;0;0;0;0;0;0;0;0;-16.7;0;0;0;0;0.0004;0;0;0;0;0;0;0;-0.0004;-0.0884;0;0;0;0;0;0;0;0;0;-0.7452;0;0.7452;1;1;0;0;0;0
04/11/21 05:00;6.6055;-104.36;73.8;6.8164;9.913;-90;-9.913;10.607;10.497;0.1107;16.95;0.8799;0;0.2686;10.411;0.0176;0;0.0135;10.711;0;10.711;0.2686;0.0176;10.411;0.0135;0.0251;0.9733;0;0.0013;10.626;0.0851;0;0;0.0739;0.0112;10.145;0.4697;0.0436;0.0029;0.4227;0.0005;10.615;0.0106;0.0003;0;0.0103;0;10.147;0.2247;0.0147;9.9041;0.0018;6.24;5.2104;1.572;0.0029;0.0611;0.8792;0.0022;0.9374;0;1;0;0;1.0097;0.9921;1;1;0.9929;0.1696;0.9558;0.8373;1;0.9591;0.7755;0.999;0.999;1;0.999;0.999;0.9472;0.9513;0.1314;0.0305;0.0308;0.0002;0.0061;-0.0008;0.0002;0.0006;0.0001;0;0;0.088;-0.0666;0;0;0;0;0;0;0;0;0;0;0;0;0.0005;0;0.0238;0.0238;0;17.464;17.464;0.5142;0.0507;24.629;968.28;1;0.0025;0.0025;0;0;0;0;0;0;0.0214;-0.0666;0;14.713;17.037;-41.108;-47.602;89.608;89.608;0.2571;0.2011;-0.5619;0.0559;0.763;0.2176;2.9683;0;6.2394;0;0
04/11/21 06:00;18.667;-96.183;39.082;18.768;32.521;-90;-32.521;31.802;31.597;0.2058;17.25;0.59;0;0.4991;29.106;0.0354;0;0.4239;30.064;0;30.064;0.4991;0.0354;29.106;0.4239;0.0166;0.9822;0;0.0141;28.227;1.8375;0;0;1.4632;0.3743;27.293;0.906;0.0032;0.0002;0.8948;0.0078;28.199;0.0282;0.0005;0;0.0276;0;27.425;0.4955;0.0351;26.72;0.0417;19.532;16.309;5.2458;0.5825;0.2074;2.9839;0.1327;2.6088;0;1;0;0;0.9453;0.9389;1;1;0.9497;0.117;0.9679;0.9937;1;0.9676;0.8421;0.999;0.999;1;0.999;0.999;0.9078;0.918;0.0984;0.0856;0.0844;0.0005;0.0102;-0.002;0.0005;0.0019;0.0005;0;0;0.088;-0.0205;0;0;0;0;0;0;0;0;0;0;0;0;0.0015;0.0001;0.0712;0.0712;0;18.61;18.61;1.3601;0.0498;70.498;1009.8;1;0.0037;0.0037;0;0;0;0;0;0;0.0675;-0.0205;0;15.646;18.118;-4.5142;-5.2273;94.769;94.769;0.7215;0.6003;-0.1732;0.1212;0.7735;0.168;1.072;0;19.531;0;0
04/11/21 07:00;30.916;-87.712;1.963;30.936;59.064;-90;-59.064;101.31;99.899;1.4076;18;0.69;0;2.738;75.479;0.3825;0;4.1843;82.783;0;82.783;2.738;0.3825;75.479;4.1843;0.0331;0.9623;0;0.0505;69.644;13.14;0;0;9.2431;3.8967;67.233;2.3407;0.0002;0;2.3234;0.0171;69.574;0.0696;0.0027;0.0004;0.0662;0.0003;68.943;2.7351;0.3821;63.846;0.2702;65.334;54.554;19.741;11.93;1.2001;17.263;1.7101;6.5326;0;1;0;0;0.8172;0.8413;1;1;0.8775;0.0687;0.9664;0.9999;1;0.9649;0.9405;0.999;0.999;1;0.999;0.999;0.8122;0.8459;0.0646;0.2356;0.2318;0.0014;0.0155;-0.0031;0.0015;0.0054;0.0031;0;0;0.088;0.1092;0;0;0;0;0;0;0;0;0;0;0;0;0.0044;0.0002;0.2035;0.2035;0;21.319;21.319;3.3193;0.0494;196.11;1037.5;1;0.0063;0.0063;0;0;0;0;0;0;0.1972;0.1092;0;16.241;18.806;8.717;10.094;96.926;96.926;1.9868;1.7158;0.9209;0.271;0.7949;0.1364;0.4001;0.4635;65.01;0.4009;0
04/11/21 08:00;43.077;-77.885;8.8183;43.721;46.279;-90;-46.279;158;155.5;2.4931;18.97;1.1901;0;3.6072;131.14;0.59;0;4.1478;139.49;0;139.49;3.6072;0.59;131.14;4.1478;0.0259;0.9699;0;0.0297;124.38;15.109;0;0;11.273;3.836;120.32;3.9388;0.0011;0.0002;3.9206;0.0169;124.26;0.1244;0.0036;0.0006;0.1199;0.0003;121.84;3.6025;0.5893;115.83;0.2946;99.949;83.457;28.59;8.8228;1.3277;19.098;1.5204;11.603;0;1;0;0;0.8829;0.8917;1;1;0.914;0.0752;0.9683;0.9997;1;0.9673;0.9457;0.999;0.999;1;0.999;0.999;0.8626;0.8832;0.071;0.397;0.3868;0.0023;0.0172;-0.0002;0.0026;0.0091;0.0034;0;0;0.088;0.2489;0;0;0;0;0;0;0;0;0;0;0;0;0.0073;0.0005;0.3445;0.3445;0;24.891;24.891;5.9216;0.0492;329.46;1045.6;1;0.0076;0.0076;0;0;0;0;0;0;0.3369;0.2489;0;16.319;18.897;11.792;13.655;97.805;97.805;3.3477;2.9051;2.0992;0.4427;0.8059;0.1322;0.2407;0.627;98.77;0.5687;0
04/11/21 09:00;54.699;-64.698;14.299;57.375;32.625;-90;-32.625;86.499;85.903;0.5957;19.03;1.6099;0;0.7073;79.085;0.0535;0;1.1601;81.006;0;81.006;0.7073;0.0535;79.085;1.1601;0.0087;0.9906;0;0.0143;75.985;5.0206;0;0;3.9957;1.0249;73.457;2.4517;0.0003;0;2.4301;0.0212;75.909;0.076;0.0007;0.0001;0.0751;0.0001;73.821;0.7063;0.0534;72.584;0.1139;53.438;44.621;14.402;1.6003;0.5647;8.1234;0.3635;7.0878;0;1;0;0;0.9365;0.938;1;1;0.9495;0.1166;0.9677;0.9995;1;0.9676;0.8429;0.999;0.999;1;0.999;0.999;0.9068;0.9178;0.0982;0.2305;0.2275;0.0014;0.0154;-0.002;0.0015;0.0053;0.0014;0;0;0.088;0.1058;0;0;0;0;0;0;0;0;0;0;0;0;0.0043;0.0002;0.2;0.2;0;22.657;22.657;3.6271;0.0494;193.19;1035.2;1;0.0062;0.0062;0;0;0;0;0;0;0.1938;0.1058;0;16.313;18.89;8.6284;9.9915;96.897;96.897;1.9441;1.6865;0.892;0.2577;0.7945;0.1325;0.4086;0.4588;53.109;0.4268;0
04/11/21 10:00;64.709;-43.69;17.994;71.924;18.076;-90;-18.076;150.3;148.7;1.6017;18.95;1.5801;0;1.6849;144.84;0.1991;0;0.6305;147.36;0;147.36;1.6849;0.1991;144.84;0.6305;0.0114;0.9872;0;0.0043;144.01;3.3496;0;0;2.8247;0.5249;138.77;5.0918;0.001;0.0001;5.0672;0.0234;143.86;0.144;0.0017;0.0002;0.142;0.0001;138.92;1.6822;0.1988;136.81;0.0821;90.234;75.345;23.192;0.3625;0.8748;12.583;0.1467;13.095;0;1;0;0;0.9804;0.9773;1;1;0.9805;0.1675;0.9646;0.9994;1;0.9643;0.7781;0.999;0.999;1;0.999;0.999;0.9417;0.9445;0.1302;0.4194;0.4227;0.0025;0.0172;0.0012;0.0028;0.01;0.0023;0;0;0.088;0.282;0;0;0;0;0;0;0;0;0;0;0;0;0.008;0.0006;0.378;0.378;0;25.775;25.775;6.8256;0.0492;360.87;1047.4;1;0.0079;0.0079;0;0;0;0;0;0;0.37;0.282;0;16.95;19.627;12.648;14.646;97.9;97.9;3.5366;3.1876;2.3785;0.349;0.809;0.0987;0.2288;0.6725;89.216;0.6321;0
04/11/21 11:00;70.229;-8.0983;19.565;87.101;2.8987;-90;-2.8987;131.29;130.1;1.1933;19.37;1.3599;0;1.1949;129.9;0.1187;0;0.0143;131.22;0;131.22;1.1949;0.1187;129.9;0.0143;0.0091;0.99;0;0.0001;131.08;0.1451;0;0;0.1332;0.0119;125.17;5.777;0.0008;0.0001;5.7756;0.0005;130.95;0.1311;0.0012;0.0001;0.1298;0;125.17;1.1929;0.1185;123.86;0.0018;77.749;64.92;19.607;-0.0007;0.7578;10.9;-0.0014;11.659;0;1;0;0;0.9995;0.9989;1;1;0.999;0.1659;0.9559;0.9993;1;0.9554;0.7778;0.999;0.999;1;0.999;0.999;0.9539;0.9535;0.1289;0.3735;0.38;0.0023;0.0171;0.0007;0.0025;0.0089;0.002;0;0;0.088;0.2432;0;0;0;0;0;0;0;0;0;0;0;0;0.0072;0.0005;0.3387;0.3387;0;25.531;25.531;6.1614;0.0492;324.26;1044.5;1;0.0075;0.0075;0;0;0;0;0;0;0.3312;0.2432;0;17.055;19.749;12.246;14.181;97.788;97.788;3.1494;2.8561;2.0508;0.2933;0.8053;0.0931;0.2557;0.6512;76.976;0.6131;0
04/11/21 12:00;67.566;32.146;18.851;77.611;12.389;90;12.389;169.4;167.4;2.0009;19.39;0.8601;0;2.0486;165.2;0.2666;0;0.3353;167.85;0;167.85;2.0486;0.2666;165.2;0.3353;0.0122;0.9862;0;0.002;165.86;1.9905;0;0;1.7114;0.2791;159.25;6.4449;0.0013;0.0002;6.4308;0.0127;165.69;0.1659;0.002;0.0003;0.1635;0.0001;159.31;2.0453;0.2661;156.89;0.0435;100.98;84.32;25.715;0.1072;0.975;14.026;0.0638;14.894;0;1;0;0;0.9908;0.9881;1;1;0.9896;0.1678;0.9611;0.9993;1;0.9606;0.7747;0.999;0.999;1;0.999;0.999;0.9488;0.9497;0.1298;0.4777;0.4839;0.0029;0.0172;0.0039;0.0032;0.0114;0.0025;0;0;0.088;0.3362;0;0;0;0;0;0;0;0;0;0;0;0;0.0092;0.0008;0.4327;0.4327;0;27.222;27.222;7.8323;0.0492;413.45;1046.6;1;0.0085;0.0085;0;0;0;0;0;0;0.4242;0.3362;0;17.036;19.728;13.237;15.328;98.034;98.034;4.0283;3.6493;2.8355;0.379;0.8139;0.0941;0.202;0.7039;99.67;0.6624;0
04/11/21 13:00;58.77;58.045;15.926;62.776;27.224;90;27.224;341.31;327.9;13.407;19.83;1.07;0;15.077;306.25;4.1537;0;3.2136;328.7;0;328.7;15.077;4.1537;306.25;3.2136;0.0459;0.9415;0;0.0098;314.28;14.416;0;0;11.637;2.7792;304.18;9.7882;0.0083;0.0023;9.6936;0.084;313.97;0.3143;0.0151;0.0042;0.2946;0.0004;305.1;15.054;4.1473;284.63;0.35;207.38;173.16;54.574;3.3073;2.0885;30.042;0.9262;28.823;0;1;0;0;0.963;0.9561;1;1;0.962;0.1352;0.9688;0.9994;1;0.9671;0.8065;0.999;0.999;1;0.999;0.999;0.9254;0.9294;0.1089;0.9354;0.9331;0.0056;0.0131;0.0327;0.0062;0.0219;0.0054;0;0;0.088;0.7268;0;0;0;0;0;0;0;0;0;0;0;0;0.0176;0.0024;0.8282;0.8282;0;34.808;34.808;14.978;0.0492;800.11;1035.2;1;0.0134;0.0134;0;0;0;0;0;0;0.8148;0.7268;0;16.651;19.281;14.612;16.92;98.378;98.378;7.8887;6.9847;6.1293;0.904;0.8554;0.1146;0.1084;0.777;198.17;0.7272;0
04/11/21 14:00;47.569;73.46;11.074;48.772;41.228;90;41.228;397.8;349;48.801;21.18;1.81;0;64.887;291.22;22.042;0;8.3825;386.53;0;386.53;64.887;22.042;291.22;8.3825;0.1679;0.7751;0;0.0217;357.6;28.926;0;0;21.213;7.7134;348.41;8.8327;0.0248;0.0084;8.7433;0.0563;357.25;0.3576;0.0649;0.022;0.27;0.0007;351.24;64.798;22.012;260.99;0.6122;239.32;199.84;66.358;13.161;2.7979;40.247;2.8262;29.884;0;1;0;0;0.9717;0.9252;1;1;0.9272;0.0798;0.9753;0.9996;1;0.9676;0.9158;0.999;0.999;1;0.999;0.999;0.9014;0.8962;0.073;1.1;1.0855;0.0065;0.011;0.0517;0.0071;0.0252;0.0072;0;0;0.088;0.8502;0;0;0;0;0;0;0;0;0;0;0;0;0.0203;0.0031;0.9534;0.9534;0;38.372;38.372;17.192;0.0493;931.64;1023.3;1;0.0151;0.0151;0;0;0;0;0;0;0.9382;0.8502;0;16.298;18.873;14.535;16.832;98.413;98.413;9.2767;8.0399;7.1702;1.2369;0.8697;0.1333;0.0938;0.7729;209.61;0.717;0
04/11/21 15:00;35.541;84.234;4.689;35.678;54.322;90;54.322;89;88.198;0.8016;19.5;2.29;0;1.3744;69.75;0.1498;0;3.1528;74.427;0;74.427;1.3744;0.1498;69.75;3.1528;0.0185;0.9795;0;0.0424;63.883;10.544;0;0;7.5914;2.9528;61.701;2.1174;0.0002;0;2.1084;0.0087;63.819;0.0639;0.0014;0.0001;0.0622;0.0002;62.954;1.3728;0.1496;59.988;0.1911;57.218;47.777;16.903;8.1969;0.9298;13.374;1.2529;6.1071;0;1;0;0;0.8363;0.8583;1;1;0.8912;0.0634;0.9668;0.9998;1;0.966;0.9563;0.999;0.999;1;0.999;0.999;0.829;0.86;0.0606;0.2118;0.2069;0.0012;0.0149;-0.0019;0.0013;0.0048;0.0024;0;0;0.088;0.086;0;0;0;0;0;0;0;0;0;0;0;0;0.0039;0.0002;0.18;0.18;0;22.553;22.553;3.0524;0.0495;175.03;1028.6;1;0.006;0.006;0;0;0;0;0;0;0.174;0.086;0;15.985;18.51;7.6396;8.8465;96.67;96.67;1.7862;1.5183;0.7256;0.2679;0.7927;0.15;0.4438;0.4062;56.954;0.3581;0
04/11/21 16:00;23.288;93.062;16.497;23.318;50.421;90;50.421;32.994;32.801;0.1931;19.16;2.26;0;0.4684;26.84;0.0279;0;1.0176;28.354;0;28.354;0.4684;0.0279;26.84;1.0176;0.0165;0.9825;0;0.0359;24.782;3.5728;0;0;2.6219;0.9509;23.949;0.8076;0.0003;0;0.8044;0.0029;24.757;0.0248;0.0005;0;0.0242;0.0001;24.342;0.4677;0.0279;23.39;0.0638;21.045;17.572;6.0985;2.4305;0.3117;4.4833;0.3929;2.3645;0;1;0;0;0.8594;0.874;1;1;0.9023;0.0656;0.9674;0.9994;1;0.9668;0.9569;0.999;0.999;1;0.999;0.999;0.8446;0.8714;0.0627;0.0807;0.0786;0.0005;0.0099;-0.0013;0.0005;0.0017;0.0008;0;0;0.088;-0.0263;0;0;0;0;0;0;0;0;0;0;0;0;0.0014;0.0001;0.0652;0.0652;0;20.357;20.357;1.1976;0.05;65.398;996.78;1;0.0035;0.0035;0;0;0;0;0;0;0.0617;-0.0263;0;15.192;17.592;-6.1356;-7.1048;94.608;94.608;0.6805;0.5497;-0.222;0.1308;0.7718;0.1922;1.1341;0;21.044;0;0
04/11/21 17:00;11.126;101.25;62.094;11.339;17.14;90;17.14;41.999;41.502;0.4978;18.54;1.7;0;1.2073;40.505;0.1865;0;0.1586;42.057;0;42.057;1.2073;0.1865;40.505;0.1586;0.0287;0.9669;0;0.0038;41.2;0.8571;0;0;0.7248;0.1323;39.646;1.5124;0.0553;0.0086;1.4427;0.0059;41.159;0.0412;0.0012;0.0002;0.0398;0;39.682;1.1507;0.1778;38.298;0.0203;24.855;20.754;6.3345;0.0841;0.2434;3.5012;0.0359;3.6605;0;1;0;0;1.0014;0.9796;1;1;0.9821;0.1654;0.9633;0.9541;1;0.9637;0.7762;0.999;0.999;1;0.999;0.999;0.9427;0.9455;0.1282;0.1197;0.1205;0.0007;0.0121;-0.002;0.0008;0.0027;0.0006;0;0;0.088;0.0108;0;0;0;0;0;0;0;0;0;0;0;0;0.0022;0.0001;0.1033;0.1033;0;20.509;20.509;1.9686;0.0497;101.52;1018;1;0.0046;0.0046;0;0;0;0;0;0;0.0988;0.0108;0;16.238;18.803;1.6907;1.9578;95.562;95.562;1.0094;0.8715;0.0907;0.1378;0.7808;0.1366;0.7735;0.0899;24.852;0.0846;0
04/11/21 18:00;2.6071;107.19;83.666;2.7288;3.9016;90;3.9016;3.8092;3.7981;0.0111;17.95;1.46;0;0.0269;3.7931;0.0016;0;0.0008;3.8224;3.8224;0;0.0269;0;0;0;1;1;1;1;0;0;0;0;0;0;0;0;0;0;0;0;0;0;0;0;0;0;0;0;0;0;0;0;0;0;0;0;0;0;0;0;0;0;0;0;1;1;1;1;1;1;1;1;1;1;1;0;1;0;0;1;0;0;0;0;0;0;0;0;0;0;0;0.0004;0.088;-0.0884;0;0;0;0;0;0;0;0;0;0;0;0;0;0;0;0;0;0;0;-17.95;0;0;0;0;0.0004;0;0;0;0;0;0;0;-0.0004;-0.0884;0;0;0;0;0;0;0;0;0;-0.7452;0;0.7452;1;1;0;0;0;0
04/11/21 19:00;0;0;90;0;0;90;0;0;0;0;17.7;1.4201;0;0;0;0;0;0;0;0;0;0;0;0;0;1;1;1;1;0;0;0;0;0;0;0;0;0;0;0;0;0;0;0;0;0;0;0;0;0;0;0;0;0;0;0;0;0;0;0;0;0;0;0;1;1;1;1;1;1;1;1;1;1;1;1;1;1;1;1;1;1;1;0;0;0;0;0;0;0;0;0;0.0004;0.088;-0.0884;0;0;0;0;0;0;0;0;0;0;0;0;0;0;0;0;0;0;0;-17.7;0;0;0;0;0.0004;0;0;0;0;0;0;0;-0.0004;-0.0884;0;0;0;0;0;0;0;0;0;-0.7452;0;0.7452;1;1;0;0;0;0
04/11/21 20:00;0;0;90;0;0;90;0;0;0;0;17.74;1.57;0;0;0;0;0;0;0;0;0;0;0;0;0;1;1;1;1;0;0;0;0;0;0;0;0;0;0;0;0;0;0;0;0;0;0;0;0;0;0;0;0;0;0;0;0;0;0;0;0;0;0;0;1;1;1;1;1;1;1;1;1;1;1;1;1;1;1;1;1;1;1;0;0;0;0;0;0;0;0;0;0.0004;0.088;-0.0884;0;0;0;0;0;0;0;0;0;0;0;0;0;0;0;0;0;0;0;-17.74;0;0;0;0;0.0004;0;0;0;0;0;0;0;-0.0004;-0.0884;0;0;0;0;0;0;0;0;0;-0.7452;0;0.7452;1;1;0;0;0;0
04/11/21 21:00;0;0;90;0;0;90;0;0;0;0;17.5;1.7699;0;0;0;0;0;0;0;0;0;0;0;0;0;1;1;1;1;0;0;0;0;0;0;0;0;0;0;0;0;0;0;0;0;0;0;0;0;0;0;0;0;0;0;0;0;0;0;0;0;0;0;0;1;1;1;1;1;1;1;1;1;1;1;1;1;1;1;1;1;1;1;0;0;0;0;0;0;0;0;0;0.0004;0.088;-0.0884;0;0;0;0;0;0;0;0;0;0;0;0;0;0;0;0;0;0;0;-17.5;0;0;0;0;0.0004;0;0;0;0;0;0;0;-0.0004;-0.0884;0;0;0;0;0;0;0;0;0;-0.7452;0;0.7452;1;1;0;0;0;0
04/11/21 22:00;0;0;90;0;0;90;0;0;0;0;16.6;1.94;0;0;0;0;0;0;0;0;0;0;0;0;0;1;1;1;1;0;0;0;0;0;0;0;0;0;0;0;0;0;0;0;0;0;0;0;0;0;0;0;0;0;0;0;0;0;0;0;0;0;0;0;1;1;1;1;1;1;1;1;1;1;1;1;1;1;1;1;1;1;1;0;0;0;0;0;0;0;0;0;0.0004;0.088;-0.0884;0;0;0;0;0;0;0;0;0;0;0;0;0;0;0;0;0;0;0;-16.6;0;0;0;0;0.0004;0;0;0;0;0;0;0;-0.0004;-0.0884;0;0;0;0;0;0;0;0;0;-0.7452;0;0.7452;1;1;0;0;0;0
04/11/21 23:00;0;0;90;0;0;90;0;0;0;0;16.6;2.11;0;0;0;0;0;0;0;0;0;0;0;0;0;1;1;1;1;0;0;0;0;0;0;0;0;0;0;0;0;0;0;0;0;0;0;0;0;0;0;0;0;0;0;0;0;0;0;0;0;0;0;0;1;1;1;1;1;1;1;1;1;1;1;1;1;1;1;1;1;1;1;0;0;0;0;0;0;0;0;0;0.0004;0.088;-0.0884;0;0;0;0;0;0;0;0;0;0;0;0;0;0;0;0;0;0;0;-16.6;0;0;0;0;0.0004;0;0;0;0;0;0;0;-0.0004;-0.0884;0;0;0;0;0;0;0;0;0;-0.7452;0;0.7452;1;1;0;0;0;0
05/11/21 00:00;0;0;90;0;0;90;0;0;0;0;16.5;2.36;0;0;0;0;0;0;0;0;0;0;0;0;0;1;1;1;1;0;0;0;0;0;0;0;0;0;0;0;0;0;0;0;0;0;0;0;0;0;0;0;0;0;0;0;0;0;0;0;0;0;0;0;1;1;1;1;1;1;1;1;1;1;1;1;1;1;1;1;1;1;1;0;0;0;0;0;0;0;0;0;0.0004;0.088;-0.0884;0;0;0;0;0;0;0;0;0;0;0;0;0;0;0;0;0;0;0;-16.5;0;0;0;0;0.0004;0;0;0;0;0;0;0;-0.0004;-0.0884;0;0;0;0;0;0;0;0;0;-0.7452;0;0.7452;1;1;0;0;0;0
05/11/21 01:00;0;0;90;0;0;90;0;0;0;0;16.4;2.7801;0;0;0;0;0;0;0;0;0;0;0;0;0;1;1;1;1;0;0;0;0;0;0;0;0;0;0;0;0;0;0;0;0;0;0;0;0;0;0;0;0;0;0;0;0;0;0;0;0;0;0;0;1;1;1;1;1;1;1;1;1;1;1;1;1;1;1;1;1;1;1;0;0;0;0;0;0;0;0;0;0.0004;0.088;-0.0884;0;0;0;0;0;0;0;0;0;0;0;0;0;0;0;0;0;0;0;-16.4;0;0;0;0;0.0004;0;0;0;0;0;0;0;-0.0004;-0.0884;0;0;0;0;0;0;0;0;0;-0.7452;0;0.7452;1;1;0;0;0;0
05/11/21 02:00;0;0;90;0;0;90;0;0;0;0;16.13;3.1099;0;0;0;0;0;0;0;0;0;0;0;0;0;1;1;1;1;0;0;0;0;0;0;0;0;0;0;0;0;0;0;0;0;0;0;0;0;0;0;0;0;0;0;0;0;0;0;0;0;0;0;0;1;1;1;1;1;1;1;1;1;1;1;1;1;1;1;1;1;1;1;0;0;0;0;0;0;0;0;0;0.0004;0.088;-0.0884;0;0;0;0;0;0;0;0;0;0;0;0;0;0;0;0;0;0;0;-16.13;0;0;0;0;0.0004;0;0;0;0;0;0;0;-0.0004;-0.0884;0;0;0;0;0;0;0;0;0;-0.7452;0;0.7452;1;1;0;0;0;0
05/11/21 03:00;0;0;90;0;0;90;0;0;0;0;15.7;3.2799;0;0;0;0;0;0;0;0;0;0;0;0;0;1;1;1;1;0;0;0;0;0;0;0;0;0;0;0;0;0;0;0;0;0;0;0;0;0;0;0;0;0;0;0;0;0;0;0;0;0;0;0;1;1;1;1;1;1;1;1;1;1;1;1;1;1;1;1;1;1;1;0;0;0;0;0;0;0;0;0;0.0004;0.088;-0.0884;0;0;0;0;0;0;0;0;0;0;0;0;0;0;0;0;0;0;0;-15.7;0;0;0;0;0.0004;0;0;0;0;0;0;0;-0.0004;-0.0884;0;0;0;0;0;0;0;0;0;-0.7452;0;0.7452;1;1;0;0;0;0
05/11/21 04:00;0.511;-109.1;88.761;0.5408;0.7709;-90;-0.7709;0;0;0;15.64;3.4201;0;0;0;0;0;0;0;0;0;0;0;0;0;1;1;1;1;0;0;0;0;0;0;0;0;0;0;0;0;0;0;0;0;0;0;0;0;0;0;0;0;0;0;0;0;0;0;0;0;0;0;0;1;1;1;1;1;1;1;1;1;1;1;1;1;1;1;1;1;1;1;0;0;0;0;0;0;0;0;0;0.0004;0.088;-0.0884;0;0;0;0;0;0;0;0;0;0;0;0;0;0;0;0;0;0;0;-15.64;0;0;0;0;0.0004;0;0;0;0;0;0;0;-0.0004;-0.0884;0;0;0;0;0;0;0;0;0;-0.7452;0;0.7452;1;1;0;0;0;0
05/11/21 05:00;6.7716;-104.61;73.383;6.9957;10.185;-90;-10.185;19.203;18.898;0.3045;15.49;3.9899;0;0.7384;18.714;0.085;0;0.0257;19.563;0;19.563;0.7384;0.085;18.714;0.0257;0.0377;0.9579;0;0.0013;19.403;0.1604;0;0;0.139;0.0214;18.498;0.8853;0.1146;0.0132;0.7564;0.001;19.384;0.0194;0.0007;0.0001;0.0186;0;18.503;0.623;0.0717;17.8;0.0034;11.225;9.3727;2.8287;0.0058;0.1099;1.5812;0.0043;1.6853;0;1;0;0;1.0188;0.9918;1;1;0.9926;0.1697;0.9543;0.8446;1;0.9592;0.7755;0.999;0.999;1;0.999;0.999;0.9456;0.9512;0.1314;0.0557;0.0561;0.0003;0.0083;-0.0017;0.0003;0.0012;0.0003;0;0;0.088;-0.0448;0;0;0;0;0;0;0;0;0;0;0;0;0.001;0;0.0463;0.0463;0;16.416;16.416;0.9259;0.0501;46.254;1001.5;1;0.0031;0.0031;0;0;0;0;0;0;0.0432;-0.0448;0;15.646;18.118;-15.117;-17.506;93.356;93.356;0.4695;0.3906;-0.3774;0.0789;0.7681;0.168;1.6358;0;11.223;0;0
05/11/21 06:00;18.823;-96.459;38.511;18.934;32.969;-90;-32.969;75.599;74.302;1.2965;16;4.49;0;3.1443;68.123;0.52;0;1.0348;72.822;0;72.822;3.1443;0.52;68.123;1.0348;0.0432;0.9497;0;0.0142;68.407;4.4149;0;0;3.4993;0.9156;66.208;2.1307;0.0189;0.0031;2.0903;0.0184;68.339;0.0684;0.0031;0.0005;0.0646;0.0001;66.53;3.1223;0.5163;62.469;0.1006;45.872;38.303;12.344;1.4291;0.4896;7.0426;0.3217;6.1031;0;1;0;0;0.9633;0.9394;1;1;0.9486;0.1151;0.9688;0.994;1;0.9676;0.8455;0.999;0.999;1;0.999;0.999;0.9092;0.917;0.0972;0.2072;0.2045;0.0012;0.0149;-0.0043;0.0013;0.0048;0.0013;0;0;0.088;0.087;0;0;0;0;0;0;0;0;0;0;0;0;0.0039;0.0002;0.1812;0.1812;0;19.264;19.264;3.2635;0.0493;173.37;1045.2;1;0.0062;0.0062;0;0;0;0;0;0;0.175;0.087;0;16.443;19.041;7.8975;9.1451;96.592;96.592;1.7477;1.5281;0.734;0.2196;0.7942;0.1256;0.4544;0.42;45.864;0.3916;0
05/11/21 07:00;31.07;-88.018;1.6979;31.085;58.915;-90;-58.915;132.31;129.9;2.4087;16.69;5.52;0;4.6652;98.153;0.8432;0;5.4397;109.1;0;109.1;4.6652;0.8432;98.153;5.4397;0.0428;0.9495;0;0.0499;92.059;17.042;0;0;11.976;5.0662;88.926;3.0416;0.0003;0;3.0194;0.0219;91.967;0.0921;0.0047;0.0008;0.0862;0.0004;91.134;4.6603;0.8423;83.072;0.3512;84.978;70.957;25.674;15.375;1.5518;22.322;2.2083;8.4992;0;1;0;0;0.8246;0.8438;1;1;0.878;0.0687;0.9669;0.9999;1;0.9649;0.9413;0.999;0.999;1;0.999;0.999;0.8151;0.8463;0.0646;0.3105;0.3054;0.0018;0.0166;-0.0044;0.002;0.0072;0.004;0;0;0.088;0.177;0;0;0;0;0;0;0;0;0;0;0;0;0.0058;0.0004;0.2719;0.2719;0;21.066;21.066;4.3759;0.0492;259.02;1049.7;1;0.0069;0.0069;0;0;0;0;0;0;0.265;0.177;0;16.468;19.07;10.722;12.416;97.473;97.473;2.6184;2.2929;1.4929;0.3255;0.8001;0.1243;0.3055;0.5701;84.394;0.4944;0
05/11/21 08:00;43.239;-78.237;8.5406;43.846;46.154;-90;-46.154;142.09;140.1;1.9982;17.29;6.1399;0;2.8846;118.32;0.4236;0;3.7113;125.34;0;125.34;2.8846;0.4236;118.32;3.7113;0.023;0.9736;0;0.0296;111.78;13.563;0;0;10.131;3.4316;108.12;3.5536;0.0009;0.0001;3.5373;0.0153;111.67;0.1118;0.0029;0.0004;0.1082;0.0003;109.48;2.8809;0.4231;104.55;0.2641;89.945;75.104;25.701;7.8862;1.1931;17.163;1.3617;10.47;0;1;0;0;0.8821;0.8918;1;1;0.9144;0.0754;0.9682;0.9997;1;0.9673;0.9451;0.999;0.999;1;0.999;0.999;0.8626;0.8836;0.0712;0.3567;0.3476;0.0021;0.0169;-0.003;0.0023;0.0082;0.0031;0;0;0.088;0.2156;0;0;0;0;0;0;0;0;0;0;0;0;0.0066;0.0005;0.3108;0.3108;0;22.606;22.606;5.3164;0.0492;295.79;1050.9;1;0.0073;0.0073;0;0;0;0;0;0;0.3036;0.2156;0;16.387;18.976;11.365;13.161;97.665;97.665;3.0082;2.6214;1.818;0.3869;0.8033;0.1286;0.267;0.6043;89.01;0.5482;0
05/11/21 09:00;54.886;-65.112;14.009;57.468;32.532;-90;-32.532;97.009;96.2;0.8083;17.5;6.19;0;0.9588;88.59;0.081;0;1.2939;90.924;0;90.924;0.9588;0.081;88.59;1.2939;0.0105;0.9886;0;0.0142;85.325;5.5984;0;0;4.4559;1.1425;82.492;2.7477;0.0005;0;2.7233;0.0239;85.24;0.0853;0.001;0.0001;0.0841;0.0002;82.896;0.9573;0.0808;81.327;0.1273;59.902;50.018;16.149;1.7751;0.6315;9.0841;0.4042;7.9405;0;1;0;0;0.9373;0.9384;1;1;0.9497;0.117;0.9678;0.9995;1;0.9676;0.8422;0.999;0.999;1;0.999;0.999;0.9073;0.918;0.0984;0.2588;0.2554;0.0015;0.0159;-0.0032;0.0017;0.006;0.0016;0;0;0.088;0.1322;0;0;0;0;0;0;0;0;0;0;0;0;0.0048;0.0003;0.2267;0.2267;0;21.564;21.564;4.0643;0.0493;217.08;1044.5;1;0.0065;0.0065;0;0;0;0;0;0;0.2202;0.1322;0;16.478;19.081;9.6107;11.129;97.136;97.136;2.1822;1.9121;1.1152;0.2701;0.7969;0.1238;0.3652;0.5111;59.452;0.4755;0
05/11/21 10:00;64.95;-44.126;17.694;71.975;18.025;-90;-18.025;416.5;382.9;33.598;18.48;6.01;0;35.332;363.56;10.723;0;1.7375;411.35;0;411.35;35.332;10.723;363.56;1.7375;0.0859;0.888;0;0.0042;402.85;8.503;0;0;7.0566;1.4464;389.62;12.824;0.0216;0.0065;12.731;0.0645;402.44;0.4028;0.0353;0.0107;0.3565;0.0003;390.03;35.275;10.706;343.41;0.2263;248.78;207.73;63.874;0.9009;2.4097;34.663;0.4074;36.171;0;1;0;0;0.9876;0.9793;1;1;0.9806;0.1675;0.9681;0.9994;1;0.9643;0.778;0.999;0.999;1;0.999;0.999;0.9472;0.9446;0.1302;1.1707;1.1853;0.0071;0.0096;0.0534;0.0078;0.0277;0.0062;0;0;0.088;0.943;0;0;0;0;0;0;0;0;0;0;0;0;0.0223;0.0036;1.0476;1.0476;0;37.681;37.681;19.201;0.0493;1018.2;1029;1;0.0166;0.0166;0;0;0;0;0;0;1.031;0.943;0;16.829;19.488;15.149;17.542;98.415;98.415;9.8724;8.8348;7.9526;1.0376;0.8822;0.1051;0.0894;0.8055;223.88;0.7577;0
05/11/21 11:00;70.53;-8.2318;19.261;87.102;2.8977;-90;-2.8977;661.3;428.7;232.61;19.06;5.71;0;232.9;352.52;76.047;0;0.0719;661.55;0;661.55;232.9;76.047;352.52;0.0719;0.3521;0.533;0;0.0001;661.12;0.4212;0;0;0.3613;0.0599;644.58;15.882;0.1548;0.0505;15.674;0.0026;660.46;0.6611;0.2329;0.076;0.3522;0;644.58;232.52;75.92;336.14;0.0093;390.69;326.23;100.6;-0.002;3.6735;52.842;-0.005;56.518;0;1;0;0;1.0004;0.9994;1;1;0.999;0.1659;0.976;0.9993;1;0.9554;0.7778;0.999;0.999;1;0.999;0.999;0.9744;0.9535;0.1289;1.8827;1.95;0.0117;0.0001;0.1795;0.0123;0.0437;0.009;0;0;0.088;1.5356;0;0;0;0;0;0;0;0;0;0;0;0;0.0352;0.0091;1.6494;1.6494;0;51.106;51.106;32.046;0.0497;1677.7;983.12;1;0.0258;0.0258;0;0;0;0;0;0;1.6236;1.5356;0;16.475;19.078;15.338;17.761;98.435;98.435;15.877;13.909;12.95;1.9678;0.9598;0.1239;0.0604;0.8156;208.9;0.7696;0
05/11/21 12:00;67.841;32.49;18.551;77.66;12.34;90;12.34;543.3;441.7;101.59;19.48;5.46;0;104;402.21;35.616;0;1.0669;542.89;0;542.89;104;35.616;402.21;1.0669;0.1916;0.7428;0;0.002;537.86;5.0266;0;0;4.1388;0.8879;521.52;15.801;0.0666;0.0228;15.671;0.0403;537.32;0.5379;0.104;0.0356;0.3981;0.0002;521.73;103.83;35.558;382;0.1385;321.74;268.65;82.474;0.2572;3.0659;44.102;0.208;46.91;0;1;0;0;0.9992;0.9907;1;1;0.9897;0.1678;0.9706;0.9994;1;0.9606;0.7747;0.999;0.999;1;0.999;0.999;0.9606;0.9498;0.1298;1.545;1.581;0.0095;0.0041;0.1135;0.0102;0.0361;0.0077;0;0;0.088;1.2559;0;0;0;0;0;0;0;0;0;0;0;0;0.0291;0.0061;1.3648;1.3648;0;45.305;45.305;25.825;0.0495;1359.3;1004;1;0.0209;0.0209;0;0;0;0;0;0;1.3439;1.2559;0;16.612;19.236;15.287;17.702;98.469;98.469;13.029;11.509;10.591;1.5198;0.9183;0.1166;0.0705;0.8129;242.63;0.7663;0
05/11/21 13:00;58.986;58.459;15.636;62.871;27.129;90;27.129;625.2;395.7;229.51;20.5;5.3399;0;257.88;302.03;85.497;0;5.8467;651.25;0;651.25;257.88;85.497;302.03;5.8467;0.396;0.4727;0;0.009;634.78;16.467;0;0;11.413;5.054;624.24;9.905;0.1391;0.0461;9.5661;0.1536;634.15;0.6348;0.2579;0.0855;0.2906;0.0008;625.84;257.48;85.366;280.76;0.6383;360.03;300.63;95.503;3.2229;3.4127;49.091;1.5938;49.28;0;1;0;0;1.0417;0.9747;1;1;0.9622;0.1356;0.9844;0.9995;1;0.9671;0.806;0.999;0.999;1;0.999;0.999;0.9585;0.9296;0.1092;1.8534;1.8889;0.0114;0.0007;0.1771;0.0119;0.0422;0.0084;0;0;0.088;1.482;0;0;0;0;0;0;0;0;0;0;0;0;0.034;0.0085;1.5948;1.5948;0;51.549;51.549;31.049;0.0497;1625.1;981.32;1;0.0247;0.0247;0;0;0;0;0;0;1.57;1.482;0;16.181;18.738;15.038;17.413;98.449;98.449;15.63;13.449;12.498;2.1811;0.9507;0.1395;0.0608;0.7996;195.32;0.7569;0
05/11/21 14:00;47.752;73.821;10.798;48.901;41.099;90;41.099;675.51;251.5;424.01;20.74;5.38;0;562.66;129.81;137.27;0;14.149;843.89;0;843.89;562.66;137.27;129.81;14.149;0.6667;0.1706;0;0.0168;821.46;22.427;0;0;9.4119;13.015;816.39;4.2553;0.2096;0.0511;3.8982;0.0963;820.64;0.8215;0.5627;0.1373;0.1204;0.0011;820.33;561.89;137.08;116.38;1.0362;333.6;278.56;90.064;5.806;3.2433;46.654;3.9432;44.091;0;1;0;0;1.2493;0.9734;1;1;0.9275;0.0801;0.9948;0.9996;1;0.9676;0.915;0.999;0.999;1;0.999;0.999;0.9674;0.8965;0.0732;2.4016;2.4405;0.0147;-0.002;0.316;0.0148;0.0524;0.0077;0;0;0.088;1.8615;0;0;0;0;0;0;0;0;0;0;0;0;0.0422;0.0139;1.9808;1.9808;0;61.661;61.661;40.921;0.0501;2104.2;941.36;1;0.0313;0.0313;0;0;0;0;0;0;1.9495;1.8615;0;15.511;17.961;14.577;16.879;98.421;98.421;20.253;16.705;15.699;3.5489;1.0058;0.1752;0.0497;0.7751;93.33;0.7443;0
05/11/21 15:00;35.71;84.545;4.4273;35.833;54.167;90;54.167;369.5;293.8;75.693;20.75;5.36;0;129.3;211.21;46.735;0;13.021;400.27;0;400.27;129.3;46.735;211.21;13.021;0.323;0.5602;0;0.0325;365.18;35.087;0;0;22.893;12.194;358.37;6.4446;0.0198;0.0071;6.3818;0.0359;364.81;0.3652;0.1293;0.0467;0.1883;0.0008;362.81;129.15;46.681;181.75;0.7898;203.01;169.51;58.423;24.574;3.1063;44.683;4.4402;23.215;0;1;0;0;1.0833;0.9123;1;1;0.8916;0.0635;0.9823;0.9998;1;0.9661;0.9566;0.999;0.999;1;0.999;0.999;0.8953;0.8605;0.0607;1.1391;1.1275;0.0068;0.0104;0.0539;0.0074;0.0262;0.008;0;0;0.088;0.8867;0;0;0;0;0;0;0;0;0;0;0;0;0.0211;0.0033;0.9904;0.9904;0;38.431;38.431;17.681;0.0493;967.52;1023.7;1;0.0157;0.0157;0;0;0;0;0;0;0.9747;0.8867;0;16.351;18.934;14.639;16.952;98.417;98.417;9.6064;8.3524;7.4781;1.2539;0.8744;0.1305;0.091;0.7784;172.18;0.7184;0
05/11/21 16:00;23.456;93.338;15.124;23.491;51.691;90;51.691;306.5;201;105.5;20.16;4.99;0;255.86;131.82;92.778;0;9.9023;490.36;0;490.36;255.86;92.778;131.82;9.9023;0.5218;0.289;0;0.0202;467.74;22.612;0;0;13.35;9.2623;463.11;4.168;0.1335;0.0484;3.9593;0.0268;467.28;0.4677;0.2559;0.0928;0.1185;0.0006;465.17;255.47;92.637;114.39;0.6125;105.4;88.009;30.793;13.019;1.5998;23.012;2.0658;11.593;0;1;0;0;1.5999;0.9539;1;1;0.8987;0.0646;0.9911;0.9995;1;0.9665;0.9581;0.999;0.999;1;0.999;0.999;0.9444;0.8678;0.0619;1.3955;1.377;0.0083;0.0068;0.0882;0.0089;0.0316;0.004;0;0;0.088;1.0923;0;0;0;0;0;0;0;0;0;0;0;0;0.0255;0.0048;1.1989;1.1989;0;43.063;43.063;22.903;0.0495;1185.3;1011.4;1;0.0186;0.0186;0;0;0;0;0;0;1.1803;1.0923;0;16.156;18.708;14.719;17.045;98.45;98.45;11.769;10.11;9.2114;1.6584;0.8988;0.1409;0.0764;0.7827;104.7;0.7561;0
05/11/21 17:00;11.302;101.51;61.622;11.527;17.462;90;17.462;82.905;80.702;2.2033;19.87;3.7401;0;5.3436;78.205;1.5802;0;0.3248;85.454;0;85.454;5.3436;1.5802;78.205;0.3248;0.0625;0.919;0;0.0038;83.739;1.7149;0;0;1.4438;0.2711;80.572;3.0829;0.2337;0.0691;2.7681;0.012;83.655;0.0837;0.0053;0.0016;0.0768;0.0001;80.645;5.1046;1.5095;73.917;0.0416;48.06;40.13;12.258;0.1733;0.4707;6.7713;0.0726;7.0687;0;1;0;0;1.0307;0.9799;1;1;0.9815;0.1651;0.9631;0.9562;1;0.9639;0.7764;0.999;0.999;1;0.999;0.999;0.9429;0.9452;0.128;0.2432;0.2443;0.0015;0.0157;-0.001;0.0016;0.0057;0.0012;0;0;0.088;0.1206;0;0;0;0;0;0;0;0;0;0;0;0;0.0046;0.0003;0.2149;0.2149;0;23.848;23.848;3.9784;0.0494;207.81;1033.9;1;0.0063;0.0063;0;0;0;0;0;0;0.2086;0.1206;0;16.615;19.239;9.3226;10.795;97.067;97.067;2.0509;1.8119;1.0167;0.239;0.7953;0.1165;0.3878;0.4957;48.046;0.468;0
05/11/21 18:00;2.7916;107.43;83.217;2.9257;4.1851;90;4.1851;0;0;0;18.77;4.0799;0;0;0;0;0;0;0;0;0;0;0;0;0;1;1;1;1;0;0;0;0;0;0;0;0;0;0;0;0;0;0;0;0;0;0;0;0;0;0;0;0;0;0;0;0;0;0;0;0;0;0;0;1;1;1;1;1;1;1;1;1;1;1;1;1;1;1;1;1;1;1;0;0;0;0;0;0;0;0;0;0.0004;0.088;-0.0884;0;0;0;0;0;0;0;0;0;0;0;0;0;0;0;0;0;0;0;-18.77;0;0;0;0;0.0004;0;0;0;0;0;0;0;-0.0004;-0.0884;0;0;0;0;0;0;0;0;0;-0.7452;0;0.7452;1;1;0;0;0;0
05/11/21 19:00;0;0;90;0;0;90;0;0;0;0;17.07;5.1601;0;0;0;0;0;0;0;0;0;0;0;0;0;1;1;1;1;0;0;0;0;0;0;0;0;0;0;0;0;0;0;0;0;0;0;0;0;0;0;0;0;0;0;0;0;0;0;0;0;0;0;0;1;1;1;1;1;1;1;1;1;1;1;1;1;1;1;1;1;1;1;0;0;0;0;0;0;0;0;0;0.0004;0.088;-0.0884;0;0;0;0;0;0;0;0;0;0;0;0;0;0;0;0;0;0;0;-17.07;0;0;0;0;0.0004;0;0;0;0;0;0;0;-0.0004;-0.0884;0;0;0;0;0;0;0;0;0;-0.7452;0;0.7452;1;1;0;0;0;0
05/11/21 20:00;0;0;90;0;0;90;0;0;0;0;16.47;5.7499;0;0;0;0;0;0;0;0;0;0;0;0;0;1;1;1;1;0;0;0;0;0;0;0;0;0;0;0;0;0;0;0;0;0;0;0;0;0;0;0;0;0;0;0;0;0;0;0;0;0;0;0;1;1;1;1;1;1;1;1;1;1;1;1;1;1;1;1;1;1;1;0;0;0;0;0;0;0;0;0;0.0004;0.088;-0.0884;0;0;0;0;0;0;0;0;0;0;0;0;0;0;0;0;0;0;0;-16.47;0;0;0;0;0.0004;0;0;0;0;0;0;0;-0.0004;-0.0884;0;0;0;0;0;0;0;0;0;-0.7452;0;0.7452;1;1;0;0;0;0
05/11/21 21:00;0;0;90;0;0;90;0;0;0;0;15.53;5.77;0;0;0;0;0;0;0;0;0;0;0;0;0;1;1;1;1;0;0;0;0;0;0;0;0;0;0;0;0;0;0;0;0;0;0;0;0;0;0;0;0;0;0;0;0;0;0;0;0;0;0;0;1;1;1;1;1;1;1;1;1;1;1;1;1;1;1;1;1;1;1;0;0;0;0;0;0;0;0;0;0.0004;0.088;-0.0884;0;0;0;0;0;0;0;0;0;0;0;0;0;0;0;0;0;0;0;-15.53;0;0;0;0;0.0004;0;0;0;0;0;0;0;-0.0004;-0.0884;0;0;0;0;0;0;0;0;0;-0.7452;0;0.7452;1;1;0;0;0;0
05/11/21 22:00;0;0;90;0;0;90;0;0;0;0;16.53;5.6699;0;0;0;0;0;0;0;0;0;0;0;0;0;1;1;1;1;0;0;0;0;0;0;0;0;0;0;0;0;0;0;0;0;0;0;0;0;0;0;0;0;0;0;0;0;0;0;0;0;0;0;0;1;1;1;1;1;1;1;1;1;1;1;1;1;1;1;1;1;1;1;0;0;0;0;0;0;0;0;0;0.0004;0.088;-0.0884;0;0;0;0;0;0;0;0;0;0;0;0;0;0;0;0;0;0;0;-16.53;0;0;0;0;0.0004;0;0;0;0;0;0;0;-0.0004;-0.0884;0;0;0;0;0;0;0;0;0;-0.7452;0;0.7452;1;1;0;0;0;0
05/11/21 23:00;0;0;90;0;0;90;0;0;0;0;16.43;5.37;0;0;0;0;0;0;0;0;0;0;0;0;0;1;1;1;1;0;0;0;0;0;0;0;0;0;0;0;0;0;0;0;0;0;0;0;0;0;0;0;0;0;0;0;0;0;0;0;0;0;0;0;1;1;1;1;1;1;1;1;1;1;1;1;1;1;1;1;1;1;1;0;0;0;0;0;0;0;0;0;0.0004;0.088;-0.0884;0;0;0;0;0;0;0;0;0;0;0;0;0;0;0;0;0;0;0;-16.43;0;0;0;0;0.0004;0;0;0;0;0;0;0;-0.0004;-0.0884;0;0;0;0;0;0;0;0;0;-0.7452;0;0.7452;1;1;0;0;0;0
06/11/21 00:00;0;0;90;0;0;90;0;0;0;0;16;5.04;0;0;0;0;0;0;0;0;0;0;0;0;0;1;1;1;1;0;0;0;0;0;0;0;0;0;0;0;0;0;0;0;0;0;0;0;0;0;0;0;0;0;0;0;0;0;0;0;0;0;0;0;1;1;1;1;1;1;1;1;1;1;1;1;1;1;1;1;1;1;1;0;0;0;0;0;0;0;0;0;0.0004;0.088;-0.0884;0;0;0;0;0;0;0;0;0;0;0;0;0;0;0;0;0;0;0;-16;0;0;0;0;0.0004;0;0;0;0;0;0;0;-0.0004;-0.0884;0;0;0;0;0;0;0;0;0;-0.7452;0;0.7452;1;1;0;0;0;0
06/11/21 01:00;0;0;90;0;0;90;0;0;0;0;15.59;4.58;0;0;0;0;0;0;0;0;0;0;0;0;0;1;1;1;1;0;0;0;0;0;0;0;0;0;0;0;0;0;0;0;0;0;0;0;0;0;0;0;0;0;0;0;0;0;0;0;0;0;0;0;1;1;1;1;1;1;1;1;1;1;1;1;1;1;1;1;1;1;1;0;0;0;0;0;0;0;0;0;0.0004;0.088;-0.0884;0;0;0;0;0;0;0;0;0;0;0;0;0;0;0;0;0;0;0;-15.59;0;0;0;0;0.0004;0;0;0;0;0;0;0;-0.0004;-0.0884;0;0;0;0;0;0;0;0;0;-0.7452;0;0.7452;1;1;0;0;0;0
06/11/21 02:00;0;0;90;0;0;90;0;0;0;0;15.22;4.27;0;0;0;0;0;0;0;0;0;0;0;0;0;1;1;1;1;0;0;0;0;0;0;0;0;0;0;0;0;0;0;0;0;0;0;0;0;0;0;0;0;0;0;0;0;0;0;0;0;0;0;0;1;1;1;1;1;1;1;1;1;1;1;1;1;1;1;1;1;1;1;0;0;0;0;0;0;0;0;0;0.0004;0.088;-0.0884;0;0;0;0;0;0;0;0;0;0;0;0;0;0;0;0;0;0;0;-15.22;0;0;0;0;0.0004;0;0;0;0;0;0;0;-0.0004;-0.0884;0;0;0;0;0;0;0;0;0;-0.7452;0;0.7452;1;1;0;0;0;0
06/11/21 03:00;0;0;90;0;0;90;0;0;0;0;15.05;4.1401;0;0;0;0;0;0;0;0;0;0;0;0;0;1;1;1;1;0;0;0;0;0;0;0;0;0;0;0;0;0;0;0;0;0;0;0;0;0;0;0;0;0;0;0;0;0;0;0;0;0;0;0;1;1;1;1;1;1;1;1;1;1;1;1;1;1;1;1;1;1;1;0;0;0;0;0;0;0;0;0;0.0004;0.088;-0.0884;0;0;0;0;0;0;0;0;0;0;0;0;0;0;0;0;0;0;0;-15.05;0;0;0;0;0.0004;0;0;0;0;0;0;0;-0.0004;-0.0884;0;0;0;0;0;0;0;0;0;-0.7452;0;0.7452;1;1;0;0;0;0
06/11/21 04:00;0.4873;-109.49;88.818;0.5169;0.7368;-90;-0.7368;0;0;0;14.74;4.34;0;0;0;0;0;0;0;0;0;0;0;0;0;1;1;1;1;0;0;0;0;0;0;0;0;0;0;0;0;0;0;0;0;0;0;0;0;0;0;0;0;0;0;0;0;0;0;0;0;0;0;0;1;1;1;1;1;1;1;1;1;1;1;1;1;1;1;1;1;1;1;0;0;0;0;0;0;0;0;0;0.0004;0.088;-0.0884;0;0;0;0;0;0;0;0;0;0;0;0;0;0;0;0;0;0;0;-14.74;0;0;0;0;0.0004;0;0;0;0;0;0;0;-0.0004;-0.0884;0;0;0;0;0;0;0;0;0;-0.7452;0;0.7452;1;1;0;0;0;0
06/11/21 05:00;6.9323;-104.87;72.979;7.17;10.45;-90;-10.45;58.291;43.098;15.193;15.22;4.9201;0;36.848;38.879;9.444;0;0.0822;85.253;0;85.253;36.848;9.444;38.879;0.0822;0.4322;0.457;0;0.001;84.883;0.3698;0;0;0.3015;0.0682;76.354;8.4449;5.4741;1.403;1.5647;0.0031;84.799;0.0849;0.0368;0.0094;0.0386;0;76.363;31.337;8.0316;36.974;0.0108;23.425;19.56;5.8606;0.0134;0.2322;3.3407;0.0097;3.5595;0;1;0;0;1.4625;0.9957;1;1;0.9922;0.1697;0.9004;0.8513;1;0.9594;0.7755;0.999;0.999;1;0.999;0.999;0.8956;0.951;0.1315;0.2426;0.2252;0.0014;0.0153;-0.005;0.0015;0.0053;0.0006;0;0;0.088;0.1072;0;0;0;0;0;0;0;0;0;0;0;0;0.0043;0.0002;0.2016;0.2016;0;18.977;18.977;3.7567;0.0492;191.5;1052.5;1;0.0064;0.0064;0;0;0;0;0;0;0.1952;0.1072;0;15.622;18.09;8.3057;9.6178;96.827;96.827;2.0461;1.6997;0.9037;0.3464;0.796;0.1693;0.3891;0.4417;23.331;0.4291;0
06/11/21 06:00;18.973;-96.733;37.953;19.095;33.41;-90;-33.41;291.4;56.003;235.39;18.15;5.15;0;570.9;24.677;70.583;0;4.0929;670.25;0;670.25;570.9;70.583;24.677;4.0929;0.8518;0.0429;0;0.0061;665.33;4.9238;0;0;1.2945;3.6293;660.19;4.4706;3.2437;0.401;0.7558;0.07;664.66;0.6653;0.5709;0.0706;0.0234;0.0005;660.31;567.08;70.111;22.604;0.3932;17.965;15.001;5.0147;0.5428;0.1789;2.5737;0.1206;2.2098;0;1;0;0;2.3001;0.9927;1;1;0.9475;0.1133;0.9933;0.9943;1;0.9676;0.8489;0.999;0.999;1;0.999;0.999;0.985;0.916;0.0961;1.9075;1.8944;0.0114;0.0006;0.1736;0.012;0.0424;0.0004;0;0;0.088;1.498;0;0;0;0;0;0;0;0;0;0;0;0;0.0342;0.0086;1.6111;1.6111;0;50.966;50.966;32.816;0.0497;1633.6;986.22;1;0.0251;0.0251;0;0;0;0;0;0;1.586;1.498;0;15.884;18.393;14.769;17.102;98.44;98.44;16.086;13.587;12.633;2.4991;0.9541;0.1554;0.0593;0.7853;16.669;0.7831;0
06/11/21 07:00;31.217;-88.322;1.4347;31.228;58.772;-90;-58.772;255.1;220.8;34.304;19.45;5.62;0;66.167;159.67;20.232;0;10.442;256.51;0;256.51;66.167;20.232;159.67;10.442;0.2579;0.6632;0;0.0407;227.37;29.139;0;0;19.413;9.7255;222.19;4.9543;0.0033;0.001;4.9086;0.0414;227.15;0.2274;0.0662;0.0202;0.1403;0.0007;226.02;66.098;20.211;135.21;0.6742;146.4;122.25;43.751;24.795;2.5948;37.325;3.8228;15.124;0;1;0;0;1.0055;0.8864;1;1;0.8784;0.0686;0.9782;1;1;0.965;0.9421;0.999;0.999;1;0.999;0.999;0.8662;0.8468;0.0646;0.73;0.7214;0.0043;0.0156;0.0139;0.0048;0.0171;0.0068;0;0;0.088;0.5446;0;0;0;0;0;0;0;0;0;0;0;0;0.0137;0.0015;0.6437;0.6437;0;30.376;30.376;10.926;0.0492;615.66;1045.5;1;0.011;0.011;0;0;0;0;0;0;0.6326;0.5446;0;16.581;19.2;14.031;16.247;98.291;98.291;6.1563;5.428;4.5931;0.7283;0.8349;0.1183;0.1356;0.7461;137.06;0.6728;0
06/11/21 08:00;43.395;-78.589;8.2654;43.966;46.034;-90;-46.034;177.8;174.7;3.1038;19.65;5.62;0;4.4709;147.51;0.816;0;4.6212;157.42;0;157.42;4.4709;0.816;147.51;4.6212;0.0284;0.9664;0;0.0294;140.57;16.854;0;0;12.582;4.2721;135.99;4.4308;0.0013;0.0002;4.4099;0.0193;140.42;0.1406;0.0045;0.0008;0.1349;0.0003;137.68;4.4651;0.815;130.38;0.3295;112.34;93.807;32.124;9.7435;1.4818;21.316;1.6856;13.054;0;1;0;0;0.8854;0.8929;1;1;0.9147;0.0755;0.9684;0.9997;1;0.9673;0.9446;0.999;0.999;1;0.999;0.999;0.8639;0.8839;0.0713;0.448;0.4366;0.0026;0.0173;0.0021;0.0029;0.0103;0.0038;0;0;0.088;0.2926;0;0;0;0;0;0;0;0;0;0;0;0;0.0083;0.0006;0.3886;0.3886;0;26.343;26.343;6.6934;0.0492;372.13;1044.3;1;0.008;0.008;0;0;0;0;0;0;0.3806;0.2926;0;16.313;18.89;12.282;14.223;97.937;97.937;3.7781;3.2772;2.4675;0.5008;0.8097;0.1326;0.2143;0.6531;110.84;0.593;0
06/11/21 09:00;55.068;-65.528;13.721;57.556;32.444;-90;-32.444;886.21;146.4;739.8;22.9;5.21;0;876.64;47.553;112.36;0;11.758;1048.3;0;1048.3;876.64;112.36;47.553;11.758;0.8362;0.0566;0;0.0112;1035.6;12.76;0;0;2.3816;10.378;1032.4;2.149;0.4151;0.0532;1.4624;0.2183;1034.5;1.0356;0.8766;0.1124;0.0452;0.0014;1035.6;875.34;112.2;43.663;1.1598;460.73;384.71;123.69;0.9468;4.0645;58.467;3.2103;61.584;0;1;0;0;1.1829;0.9878;1;1;0.9499;0.1173;0.9979;0.9995;1;0.9676;0.8416;0.999;0.999;1;0.999;0.999;0.9848;0.9182;0.0986;2.9834;3.08;0.0185;0.0028;0.5476;0.0176;0.0623;0.0091;0;0;0.088;2.224;0;0;0;0;0;0;0;0;0;0;0;0;0.0502;0.0217;2.3502;2.3502;0;75.227;75.227;52.328;0.0507;2655.3;885.09;1;0.0382;0.0382;0;0;0;0;0;0;2.312;2.224;0;14.814;17.155;14.019;16.233;98.373;98.373;25.159;19.82;18.755;5.3398;1.0645;0.2122;0.0423;0.7454;31.891;0.7156;0
06/11/21 10:00;65.184;-44.57;17.397;72.021;17.979;-90;-17.979;657.91;393.8;264.1;23.81;4.6801;0;277.66;303.95;86.467;0;2.7307;670.81;0;670.81;277.66;86.467;303.95;2.7307;0.4139;0.4572;0;0.0041;662.66;8.1474;0;0;5.8743;2.2731;651.03;10.974;0.1667;0.0519;10.653;0.1015;662;0.6627;0.2777;0.0865;0.2981;0.0005;651.66;277.22;86.329;287.12;0.3556;384.09;320.71;100.85;0.7468;3.5329;50.82;0.6315;53.606;0;1;0;0;1.0196;0.9879;1;1;0.9807;0.1676;0.9834;0.9994;1;0.9642;0.778;0.999;0.999;1;0.999;0.999;0.9705;0.9446;0.1302;1.9091;1.9662;0.0118;0;0.2179;0.0122;0.0431;0.0085;0;0;0.088;1.5157;0;0;0;0;0;0;0;0;0;0;0;0;0.0347;0.0092;1.6287;1.6287;0;56.315;56.315;32.505;0.0499;1693.8;961.58;1;0.025;0.025;0;0;0;0;0;0;1.6037;1.5157;0;16.044;18.579;14.931;17.29;98.464;98.464;16.099;13.735;12.782;2.3641;0.9531;0.1468;0.0592;0.794;187.14;0.7513;0
06/11/21 11:00;70.826;-8.3776;18.962;87.1;2.9003;-90;-2.9003;976.01;184;792.01;25.24;4.26;0;793.02;73.211;110.88;0;0.1063;977.22;0;977.22;793.02;110.88;73.211;0.1063;0.8115;0.075;0;0.0001;977.06;0.1638;0;0;0.0751;0.0886;972.23;3.8505;0.5189;0.0726;3.2551;0.0039;976.08;0.9771;0.793;0.1109;0.0731;0;972.23;791.71;110.7;69.807;0.0137;575.26;480.34;151.98;-0.0004;5.158;74.196;-0.0043;79.354;0;1;0;0;1.0012;0.9998;1;1;0.999;0.1659;0.9961;0.9993;1;0.9554;0.7778;0.999;0.999;1;0.999;0.999;0.9949;0.9535;0.1289;2.7811;2.9302;0.0176;0.0008;0.5138;0.0168;0.0595;0.0115;0;0;0.088;2.1188;0;0;0;0;0;0;0;0;0;0;0;0;0.048;0.0197;2.2426;2.2426;0;74.487;74.487;49.247;0.0507;2524.9;888.17;1;0.0358;0.0358;0;0;0;0;0;0;2.2068;2.1188;0;15.164;17.56;14.327;16.59;98.404;98.404;23.453;18.912;17.868;4.5416;1.0439;0.1936;0.0445;0.7618;43.384;0.7209;0
06/11/21 12:00;68.112;32.829;18.255;77.713;12.287;90;12.287;644;432.9;211.09;25.83;3.9701;0;216.04;358.07;72.344;0;1.2539;647.71;0;647.71;216.04;72.344;358.07;1.2539;0.3336;0.5548;0;0.0019;643.01;4.7018;0;0;3.6583;1.0436;628.17;14.193;0.1361;0.0456;13.964;0.0473;642.36;0.643;0.216;0.0723;0.3544;0.0002;628.42;215.69;72.226;340.09;0.1628;379.43;316.82;98.296;0.2255;3.5433;50.969;0.2464;54.287;0;1;0;0;1.0058;0.9927;1;1;0.9898;0.1678;0.9779;0.9994;1;0.9606;0.7747;0.999;0.999;1;0.999;0.999;0.9698;0.9498;0.1299;1.8433;1.9;0.0114;0.0006;0.217;0.0117;0.0415;0.0085;0;0;0.088;1.4555;0;0;0;0;0;0;0;0;0;0;0;0;0.0334;0.0087;1.5672;1.5672;0;57.221;57.221;31.391;0.05;1636.7;957.56;1;0.0238;0.0238;0;0;0;0;0;0;1.5435;1.4555;0;15.989;18.515;14.849;17.194;98.482;98.482;15.545;13.217;12.274;2.3283;0.9427;0.1498;0.0606;0.7896;215.97;0.7457;0
06/11/21 13:00;59.2;58.867;15.351;62.967;27.033;90;27.033;574.4;413.8;160.6;26.49;3.7499;0;180.3;338.7;62.342;0;5.3342;586.67;0;586.67;180.3;62.342;338.7;5.3342;0.3073;0.5864;0;0.0091;569.33;17.335;0;0;12.726;4.6089;557.76;11.004;0.0955;0.033;10.735;0.1409;568.76;0.5693;0.1803;0.0623;0.326;0.0007;559.23;180.02;62.246;314.91;0.5837;335.48;280.12;88.767;3.5693;3.2312;46.479;1.4727;46.141;0;1;0;0;1.0214;0.9705;1;1;0.9624;0.136;0.9807;0.9995;1;0.967;0.8055;0.999;0.999;1;0.999;0.999;0.9507;0.9298;0.1094;1.6696;1.6931;0.0102;0.0027;0.1761;0.0105;0.0373;0.0078;0;0;0.088;1.3023;0;0;0;0;0;0;0;0;0;0;0;0;0.0301;0.007;1.4113;1.4113;0;54.308;54.308;27.818;0.0499;1456.5;968.99;1;0.021;0.021;0;0;0;0;0;0;1.3903;1.3023;0;15.897;18.408;14.668;16.986;98.509;98.509;14.08;11.902;10.982;2.1781;0.9196;0.1547;0.0653;0.78;218.9;0.7363;0
06/11/21 14:00;47.933;74.176;10.527;49.032;40.968;90;40.968;288.29;278.6;9.695;25.6;3.0201;0;12.84;242.19;3.4585;0;6.0018;264.49;0;264.49;12.84;3.4585;242.19;6.0018;0.0485;0.9384;0;0.0227;241.49;22.997;0;0;17.478;5.5191;233.93;7.3222;0.0047;0.0013;7.2748;0.0414;241.25;0.2415;0.0128;0.0035;0.2247;0.0005;236.01;12.822;3.4538;217.21;0.4408;179.55;149.93;49.94;10.71;2.1434;30.833;2.0865;22.266;0;1;0;0;0.9174;0.913;1;1;0.9278;0.0804;0.9696;0.9996;1;0.9676;0.9141;0.999;0.999;1;0.999;0.999;0.8845;0.8969;0.0734;0.7527;0.737;0.0044;0.0155;0.0323;0.0048;0.017;0.0054;0;0;0.088;0.5436;0;0;0;0;0;0;0;0;0;0;0;0;0.0137;0.0016;0.6423;0.6423;0;37.164;37.164;11.564;0.0494;631.15;1017.7;1;0.0107;0.0107;0;0;0;0;0;0;0.6316;0.5436;0;16.047;18.583;13.582;15.727;98.336;98.336;6.3477;5.4166;4.5844;0.9311;0.8323;0.1467;0.1311;0.7222;173.93;0.6642;0
06/11/21 15:00;35.879;84.85;4.1709;35.989;54.011;90;54.011;46.492;46.297;0.195;23.88;2.4601;0;0.3318;36.743;0.0188;0;1.6296;38.723;0;38.723;0.3318;0.0188;36.743;1.6296;0.0086;0.9909;0;0.0421;33.231;5.492;0;0;3.9659;1.5261;32.084;1.1142;0;0;1.1097;0.0045;33.198;0.0332;0.0003;0;0.0328;0.0001;32.733;0.3314;0.0188;31.634;0.099;29.965;25.021;8.831;4.2318;0.4843;6.9665;0.6496;3.219;0;1;0;0;0.8329;0.8582;1;1;0.8921;0.0635;0.9664;0.9999;1;0.9661;0.9568;0.999;0.999;1;0.999;0.999;0.8285;0.861;0.0607;0.1102;0.1076;0.0006;0.0115;0.0002;0.0007;0.0024;0.0012;0;0;0.088;-0.0029;0;0;0;0;0;0;0;0;0;0;0;0;0.0019;0.0001;0.0891;0.0891;0;25.484;25.484;1.6044;0.05;90.169;988.06;1;0.004;0.004;0;0;0;0;0;0;0.0851;-0.0029;0;15.203;17.605;-0.5017;-0.5809;95.474;95.474;0.9294;0.7513;-0.0248;0.178;0.7761;0.1916;0.8351;0;29.903;0;0
06/11/21 16:00;23.624;93.609;13.62;23.666;53.115;90;53.115;115.7;113.8;1.9018;20.7;1.73;0;4.6124;90.743;0.9402;0;3.9318;100.23;0;100.23;4.6124;0.9402;90.743;3.9318;0.046;0.9446;0;0.0392;86.987;13.24;0;0;9.5596;3.6808;84.153;2.7473;0.0022;0.0004;2.7342;0.0106;86.9;0.087;0.0046;0.0009;0.0812;0.0003;85.685;4.6056;0.9388;78.368;0.2402;73.161;61.09;21.458;9.8553;1.1582;16.66;1.5322;7.9627;0;1;0;0;0.8662;0.8679;1;1;0.8947;0.0639;0.9684;0.9995;1;0.9663;0.9579;0.999;0.999;1;0.999;0.999;0.8396;0.8636;0.0611;0.2852;0.2785;0.0017;0.0162;-0.0001;0.0018;0.0065;0.003;0;0;0.088;0.1495;0;0;0;0;0;0;0;0;0;0;0;0;0.0052;0.0003;0.2439;0.2439;0;24.857;24.857;4.1568;0.0494;236.45;1031.7;1;0.0065;0.0065;0;0;0;0;0;0;0.2375;0.1495;0;16.083;18.624;9.8536;11.41;97.34;97.34;2.4055;2.0572;1.2604;0.3482;0.7968;0.1448;0.3313;0.524;73.15;0.466;0
06/11/21 17:00;11.477;101.75;61.147;11.716;17.787;90;17.787;5.5088;5.5012;0.0075;17.78;1.8201;0;0.0182;5.3696;0.0004;0;0.0224;5.4106;5.4106;0;0.0182;0;0;0;1;1;1;1;0;0;0;0;0;0;0;0;0;0;0;0;0;0;0;0;0;0;0;0;0;0;0;0;0;0;0;0;0;0;0;0;0;0;0;0;1;1;1;1;1;1;1;1;1;1;1;0;1;0;0;1;0;0;0;0;0;0;0;0;0;0;0;0.0004;0.088;-0.0884;0;0;0;0;0;0;0;0;0;0;0;0;0;0;0;0;0;0;0;-17.78;0;0;0;0;0.0004;0;0;0;0;0;0;0;-0.0004;-0.0884;0;0;0;0;0;0;0;0;0;-0.7452;0;0.7452;1;1;0;0;0;0
06/11/21 18:00;2.7813;107.81;83.241;2.9211;4.1785;90;4.1785;0.1953;0.1953;0;18.3;2.3199;0;0;0.1951;0;0;0;0.1951;0.1951;0;0;0;0;0;1;1;1;1;0;0;0;0;0;0;0;0;0;0;0;0;0;0;0;0;0;0;0;0;0;0;0;0;0;0;0;0;0;0;0;0;0;0;0;0;1;1;1;1;1;1;1;1;1;1;1;1;1;0;0;1;0;0;0;0;0;0;0;0;0;0;0;0.0004;0.088;-0.0884;0;0;0;0;0;0;0;0;0;0;0;0;0;0;0;0;0;0;0;-18.3;0;0;0;0;0.0004;0;0;0;0;0;0;0;-0.0004;-0.0884;0;0;0;0;0;0;0;0;0;-0.7452;0;0.7452;1;1;0;0;0;0
06/11/21 19:00;0;0;90;0;0;90;0;0;0;0;17.52;2.6299;0;0;0;0;0;0;0;0;0;0;0;0;0;1;1;1;1;0;0;0;0;0;0;0;0;0;0;0;0;0;0;0;0;0;0;0;0;0;0;0;0;0;0;0;0;0;0;0;0;0;0;0;1;1;1;1;1;1;1;1;1;1;1;1;1;1;1;1;1;1;1;0;0;0;0;0;0;0;0;0;0.0004;0.088;-0.0884;0;0;0;0;0;0;0;0;0;0;0;0;0;0;0;0;0;0;0;-17.52;0;0;0;0;0.0004;0;0;0;0;0;0;0;-0.0004;-0.0884;0;0;0;0;0;0;0;0;0;-0.7452;0;0.7452;1;1;0;0;0;0
06/11/21 20:00;0;0;90;0;0;90;0;0;0;0;19.14;2.75;0;0;0;0;0;0;0;0;0;0;0;0;0;1;1;1;1;0;0;0;0;0;0;0;0;0;0;0;0;0;0;0;0;0;0;0;0;0;0;0;0;0;0;0;0;0;0;0;0;0;0;0;1;1;1;1;1;1;1;1;1;1;1;1;1;1;1;1;1;1;1;0;0;0;0;0;0;0;0;0;0.0004;0.088;-0.0884;0;0;0;0;0;0;0;0;0;0;0;0;0;0;0;0;0;0;0;-19.14;0;0;0;0;0.0004;0;0;0;0;0;0;0;-0.0004;-0.0884;0;0;0;0;0;0;0;0;0;-0.7452;0;0.7452;1;1;0;0;0;0
06/11/21 21:00;0;0;90;0;0;90;0;0;0;0;17.14;2.8501;0;0;0;0;0;0;0;0;0;0;0;0;0;1;1;1;1;0;0;0;0;0;0;0;0;0;0;0;0;0;0;0;0;0;0;0;0;0;0;0;0;0;0;0;0;0;0;0;0;0;0;0;1;1;1;1;1;1;1;1;1;1;1;1;1;1;1;1;1;1;1;0;0;0;0;0;0;0;0;0;0.0004;0.088;-0.0884;0;0;0;0;0;0;0;0;0;0;0;0;0;0;0;0;0;0;0;-17.14;0;0;0;0;0.0004;0;0;0;0;0;0;0;-0.0004;-0.0884;0;0;0;0;0;0;0;0;0;-0.7452;0;0.7452;1;1;0;0;0;0
06/11/21 22:00;0;0;90;0;0;90;0;0;0;0;17.11;2.99;0;0;0;0;0;0;0;0;0;0;0;0;0;1;1;1;1;0;0;0;0;0;0;0;0;0;0;0;0;0;0;0;0;0;0;0;0;0;0;0;0;0;0;0;0;0;0;0;0;0;0;0;1;1;1;1;1;1;1;1;1;1;1;1;1;1;1;1;1;1;1;0;0;0;0;0;0;0;0;0;0.0004;0.088;-0.0884;0;0;0;0;0;0;0;0;0;0;0;0;0;0;0;0;0;0;0;-17.11;0;0;0;0;0.0004;0;0;0;0;0;0;0;-0.0004;-0.0884;0;0;0;0;0;0;0;0;0;-0.7452;0;0.7452;1;1;0;0;0;0
06/11/21 23:00;0;0;90;0;0;90;0;0;0;0;17.55;2.9599;0;0;0;0;0;0;0;0;0;0;0;0;0;1;1;1;1;0;0;0;0;0;0;0;0;0;0;0;0;0;0;0;0;0;0;0;0;0;0;0;0;0;0;0;0;0;0;0;0;0;0;0;1;1;1;1;1;1;1;1;1;1;1;1;1;1;1;1;1;1;1;0;0;0;0;0;0;0;0;0;0.0004;0.088;-0.0884;0;0;0;0;0;0;0;0;0;0;0;0;0;0;0;0;0;0;0;-17.55;0;0;0;0;0.0004;0;0;0;0;0;0;0;-0.0004;-0.0884;0;0;0;0;0;0;0;0;0;-0.7452;0;0.7452;1;1;0;0;0;0
07/11/21 00:00;0;0;90;0;0;90;0;0;0;0;17.1;2.68;0;0;0;0;0;0;0;0;0;0;0;0;0;1;1;1;1;0;0;0;0;0;0;0;0;0;0;0;0;0;0;0;0;0;0;0;0;0;0;0;0;0;0;0;0;0;0;0;0;0;0;0;1;1;1;1;1;1;1;1;1;1;1;1;1;1;1;1;1;1;1;0;0;0;0;0;0;0;0;0;0.0004;0.088;-0.0884;0;0;0;0;0;0;0;0;0;0;0;0;0;0;0;0;0;0;0;-17.1;0;0;0;0;0.0004;0;0;0;0;0;0;0;-0.0004;-0.0884;0;0;0;0;0;0;0;0;0;-0.7452;0;0.7452;1;1;0;0;0;0
07/11/21 01:00;0;0;90;0;0;90;0;0;0;0;17.54;2.2301;0;0;0;0;0;0;0;0;0;0;0;0;0;1;1;1;1;0;0;0;0;0;0;0;0;0;0;0;0;0;0;0;0;0;0;0;0;0;0;0;0;0;0;0;0;0;0;0;0;0;0;0;1;1;1;1;1;1;1;1;1;1;1;1;1;1;1;1;1;1;1;0;0;0;0;0;0;0;0;0;0.0004;0.088;-0.0884;0;0;0;0;0;0;0;0;0;0;0;0;0;0;0;0;0;0;0;-17.54;0;0;0;0;0.0004;0;0;0;0;0;0;0;-0.0004;-0.0884;0;0;0;0;0;0;0;0;0;-0.7452;0;0.7452;1;1;0;0;0;0
07/11/21 02:00;0;0;90;0;0;90;0;0;0;0;16.5;1.88;0;0;0;0;0;0;0;0;0;0;0;0;0;1;1;1;1;0;0;0;0;0;0;0;0;0;0;0;0;0;0;0;0;0;0;0;0;0;0;0;0;0;0;0;0;0;0;0;0;0;0;0;1;1;1;1;1;1;1;1;1;1;1;1;1;1;1;1;1;1;1;0;0;0;0;0;0;0;0;0;0.0004;0.088;-0.0884;0;0;0;0;0;0;0;0;0;0;0;0;0;0;0;0;0;0;0;-16.5;0;0;0;0;0.0004;0;0;0;0;0;0;0;-0.0004;-0.0884;0;0;0;0;0;0;0;0;0;-0.7452;0;0.7452;1;1;0;0;0;0
07/11/21 03:00;0;0;90;0;0;90;0;0;0;0;16.32;1.79;0;0;0;0;0;0;0;0;0;0;0;0;0;1;1;1;1;0;0;0;0;0;0;0;0;0;0;0;0;0;0;0;0;0;0;0;0;0;0;0;0;0;0;0;0;0;0;0;0;0;0;0;1;1;1;1;1;1;1;1;1;1;1;1;1;1;1;1;1;1;1;0;0;0;0;0;0;0;0;0;0.0004;0.088;-0.0884;0;0;0;0;0;0;0;0;0;0;0;0;0;0;0;0;0;0;0;-16.32;0;0;0;0;0.0004;0;0;0;0;0;0;0;-0.0004;-0.0884;0;0;0;0;0;0;0;0;0;-0.7452;0;0.7452;1;1;0;0;0;0
07/11/21 04:00;0.6513;-109.74;88.42;0.692;0.9865;-90;-0.9865;0;0;0;16.3;2.05;0;0;0;0;0;0;0;0;0;0;0;0;0;1;1;1;1;0;0;0;0;0;0;0;0;0;0;0;0;0;0;0;0;0;0;0;0;0;0;0;0;0;0;0;0;0;0;0;0;0;0;0;1;1;1;1;1;1;1;1;1;1;1;1;1;1;1;1;1;1;1;0;0;0;0;0;0;0;0;0;0.0004;0.088;-0.0884;0;0;0;0;0;0;0;0;0;0;0;0;0;0;0;0;0;0;0;-16.3;0;0;0;0;0.0004;0;0;0;0;0;0;0;-0.0004;-0.0884;0;0;0;0;0;0;0;0;0;-0.7452;0;0.7452;1;1;0;0;0;0
07/11/21 05:00;7.0877;-105.12;72.587;7.3391;10.709;-90;-10.709;33.404;32.302;1.1022;16.57;2.52;0;2.6731;31.816;0.5021;0;0.0494;35.04;0;35.04;2.6731;0.5021;31.816;0.0494;0.0763;0.9094;0;0.0014;34.742;0.2981;0;0;0.257;0.0411;32.978;1.7289;0.3806;0.0715;1.275;0.0019;34.707;0.0347;0.0027;0.0005;0.0316;0;32.987;2.2898;0.4301;30.252;0.0065;19.112;15.958;4.8199;0.012;0.1871;2.6908;0.0083;2.8658;0;1;0;0;1.049;0.9915;1;1;0.9919;0.1698;0.9502;0.8575;1;0.9596;0.7755;0.999;0.999;1;0.999;0.999;0.9412;0.9509;0.1315;0.0997;0.0998;0.0006;0.0111;-0.0025;0.0006;0.0022;0.0005;0;0;0.088;-0.0068;0;0;0;0;0;0;0;0;0;0;0;0;0.0018;0.0001;0.0853;0.0853;0;18.208;18.208;1.6384;0.0497;83.685;1019.8;1;0.0041;0.0041;0;0;0;0;0;0;0.0812;-0.0068;0;16.094;18.636;-1.282;-1.4845;95.152;95.152;0.841;0.7197;-0.0573;0.1213;0.777;0.1442;0.924;0;19.106;0;0
07/11/21 06:00;19.118;-97.005;37.41;19.251;33.844;-90;-33.844;307.59;51.699;255.89;17.92;2.7801;0;620.61;20.794;70.284;0;4.4302;716.12;0;716.12;620.61;70.284;20.794;4.4302;0.8666;0.0352;0;0.0062;711.07;5.0496;0;0;1.1132;3.9363;705.95;4.415;3.3293;0.377;0.6358;0.0729;710.36;0.7111;0.6206;0.0703;0.0197;0.0005;706.05;616.66;69.837;19.025;0.4205;15.488;12.932;4.3672;0.4784;0.1521;2.1875;0.1051;1.8612;0;1;0;0;2.3282;0.9929;1;1;0.9465;0.1115;0.9938;0.9946;1;0.9677;0.8523;0.999;0.999;1;0.999;0.999;0.9858;0.9149;0.0949;2.038;2.0245;0.0122;-0.0005;0.2005;0.0127;0.045;0.0004;0;0;0.088;1.5934;0;0;0;0;0;0;0;0;0;0;0;0;0.0362;0.0098;1.7082;1.7082;0;53.065;53.065;35.145;0.0498;1747.4;977.56;1;0.0268;0.0268;0;0;0;0;0;0;1.6814;1.5934;0;15.762;18.252;14.703;17.025;98.43;98.43;17.187;14.405;13.437;2.7816;0.9683;0.1618;0.0563;0.7818;14.092;0.78;0
07/11/21 07:00;31.359;-88.625;1.1738;31.367;58.633;-90;-58.633;491.49;98.602;392.89;21.13;3.13;0;754.81;34.36;102.6;0;20.031;911.81;0;911.81;754.81;102.6;34.36;20.031;0.8278;0.0597;0;0.022;888.99;22.822;0;0;4.1633;18.658;886.93;1.1688;0.0306;0.0042;1.0556;0.0784;888.1;0.889;0.7548;0.1026;0.0302;0.0014;890.41;754.03;102.5;29.111;1.2932;123.94;103.49;32.837;5.2955;1.4495;20.851;3.4774;17.005;0;1;0;0;1.8552;0.975;1;1;0.8788;0.0685;0.9987;1;1;0.965;0.9428;0.999;0.999;1;0.999;0.999;0.9727;0.8472;0.0646;2.5949;2.5893;0.0156;-0.0018;0.3728;0.0154;0.0547;0.0034;0;0;0.088;1.9489;0;0;0;0;0;0;0;0;0;0;0;0;0.044;0.0156;2.0695;2.0695;0;65.733;65.733;44.603;0.0503;2233.7;926.52;1;0.0326;0.0326;0;0;0;0;0;0;2.0369;1.9489;0;14.998;17.367;14.124;16.355;98.423;98.423;21.883;17.453;16.435;4.4308;1.0173;0.2025;0.0465;0.751;29.447;0.7384;0
07/11/21 08:00;43.544;-78.94;7.9928;44.081;45.919;-90;-45.919;555.41;235.5;319.91;21.97;3.62;0;459.86;133.15;112.78;0;14.367;720.15;0;720.15;459.86;112.78;133.15;14.367;0.6386;0.2048;0;0.02;695.55;24.595;0;0;11.316;13.279;690.66;4.1992;0.1268;0.0311;3.9805;0.0608;694.86;0.6956;0.4599;0.1128;0.1218;0.0011;694.51;459.27;112.63;117.73;1.0261;263.35;219.9;71.614;8.7217;2.7958;40.217;3.8546;34.291;0;1;0;0;1.2966;0.9658;1;1;0.915;0.0757;0.994;0.9997;1;0.9673;0.9441;0.999;0.999;1;0.999;0.999;0.9591;0.8842;0.0714;2.0495;2.0676;0.0125;-0.0008;0.2299;0.0128;0.0453;0.0067;0;0;0.088;1.5999;0;0;0;0;0;0;0;0;0;0;0;0;0.0365;0.0102;1.7145;1.7145;0;56.451;56.451;34.482;0.0499;1782.5;961.84;1;0.0266;0.0266;0;0;0;0;0;0;1.6879;1.5999;0;15.732;18.217;14.68;16.999;98.446;98.446;17.284;14.459;13.492;2.8249;0.9668;0.1634;0.0559;0.7806;99.94;0.7493;0
07/11/21 09:00;55.242;-65.946;13.437;57.639;32.361;-90;-32.361;635.89;319;316.89;23.5;4.27;0;375.16;212.81;104.51;0;8.3947;700.86;0;700.86;375.16;104.51;212.81;8.3947;0.5353;0.3156;0;0.012;682.84;18.022;0;0;10.615;7.4068;675.23;6.9261;0.1739;0.0485;6.5467;0.157;682.16;0.6828;0.3752;0.1045;0.2022;0.001;677.64;374.61;104.35;195.44;0.83;350.99;293.08;94.216;4.1887;3.3229;47.798;2.4036;46.933;0;1;0;0;1.1022;0.9743;1;1;0.9501;0.1177;0.9898;0.9995;1;0.9676;0.841;0.999;0.999;1;0.999;0.999;0.9634;0.9184;0.0989;1.9946;2.0345;0.0123;-0.0005;0.2321;0.0125;0.0445;0.008;0;0;0.088;1.5662;0;0;0;0;0;0;0;0;0;0;0;0;0.0358;0.0099;1.6801;1.6801;0;57.236;57.236;33.735;0.05;1753.4;958.17;1;0.0259;0.0259;0;0;0;0;0;0;1.6542;1.5662;0;15.84;18.343;14.766;17.099;98.457;98.457;16.821;14.168;13.208;2.6523;0.9608;0.1577;0.0571;0.7852;142.63;0.7471;0
07/11/21 10:00;65.411;-45.023;17.105;72.063;17.937;-90;-17.937;1100.4;181.6;918.81;24.77;4.5499;0;965.75;48.739;138.37;0;4.5463;1157.4;0;1157.4;965.75;138.37;48.739;4.5463;0.8344;0.046;0;0.0039;1152.7;4.7226;0;0;0.9383;3.7843;1149;2.5304;0.57;0.0817;1.7097;0.169;1151.5;1.1527;0.9657;0.1384;0.0478;0.0008;1150;964.21;138.15;46.043;0.5922;627.43;523.9;168.65;0.1198;5.446;78.339;1.0371;83.665;0;1;0;0;1.0518;0.9959;1;1;0.9807;0.1676;0.9978;0.9994;1;0.9642;0.778;0.999;0.999;1;0.999;0.999;0.9927;0.9447;0.1303;3.2939;3.4472;0.0208;0.0102;0.7138;0.0189;0.0671;0.0117;0;0;0.088;2.3787;0;0;0;0;0;0;0;0;0;0;0;0;0.054;0.0268;2.5239;2.5084;0;83.413;83.413;58.643;0.051;2866.7;875;1;0.0572;0.0417;0;0.0155;0;0;0;0;2.4667;2.3787;0;14.321;16.583;13.581;15.726;97.733;98.339;27.778;21.153;20.06;6.6242;1.0935;0.2385;0.0394;0.7222;30.003;0.6873;0
07/11/21 11:00;71.117;-8.5362;18.666;87.093;2.9066;-90;-2.9066;1223;201.8;1021.2;26.07;3.86;0;1022.5;45.512;156.46;0;0.1337;1224.6;0;1224.6;1022.5;156.46;45.512;0.1337;0.835;0.0373;0;0.0001;1224.5;0.1584;0;0;0.0468;0.1115;1220.5;2.7878;0.6586;0.1008;2.0235;0.0049;1223.2;1.2245;1.0225;0.1565;0.0455;0;1220.4;1020.8;156.2;43.397;0.0172;720.69;601.78;190.8;-0.0002;6.436;92.58;-0.005;99.016;0;1;0;0;1.0013;0.9999;1;1;0.999;0.1659;0.9977;0.9994;1;0.9554;0.7778;0.999;0.999;1;0.999;0.999;0.9966;0.9535;0.1289;3.4852;3.6772;0.0221;0.0167;0.8306;0.0197;0.0697;0.0134;0;0;0.088;2.4199;0;0;0;0;0;0;0;0;0;0;0;0;0.0561;0.0303;2.6186;2.5506;0;88.639;88.639;62.569;0.0513;2915;875;1;0.1106;0.0427;0;0.068;0;0;0;0;2.5079;2.4199;0;13.763;15.937;13.058;15.121;95.776;98.328;29.391;21.51;20.408;7.8815;1.1018;0.2682;0.0375;0.6944;26.97;0.6572;0
07/11/21 12:00;68.38;33.163;17.965;77.768;12.232;90;12.232;554.61;444.8;109.8;26.93;2.74;0;112.36;402.49;38.568;0;1.0703;554.48;0;554.48;112.36;38.568;402.49;1.0703;0.2026;0.7278;0;0.0019;549.51;4.9719;0;0;4.0812;0.8907;533.12;15.846;0.0696;0.0239;15.712;0.0404;548.96;0.5495;0.1124;0.0386;0.3984;0.0002;533.32;112.17;38.505;382.3;0.139;328.3;274.13;84.217;0.2492;3.1236;44.931;0.2078;47.805;0;1;0;0;0.9998;0.991;1;1;0.9899;0.1678;0.9711;0.9994;1;0.9605;0.7747;0.999;0.999;1;0.999;0.999;0.9615;0.9498;0.1299;1.578;1.6159;0.0097;0.0036;0.1636;0.0101;0.0357;0.0076;0;0;0.088;1.2422;0;0;0;0;0;0;0;0;0;0;0;0;0.0288;0.0064;1.3503;1.3503;0;53.506;53.506;26.576;0.0499;1389.2;972.04;1;0.0201;0.0201;0;0;0;0;0;0;1.3302;1.2422;0;16.093;18.635;14.804;17.142;98.508;98.508;13.308;11.388;10.476;1.9199;0.912;0.1443;0.0685;0.7872;242.73;0.7422;0
07/11/21 13:00;59.413;59.269;15.072;63.065;26.935;90;26.935;400.69;371.6;29.096;26.75;2.9;0;32.636;342.92;10.107;0;3.6947;389.36;0;389.36;32.636;10.107;342.92;3.6947;0.0838;0.8902;0;0.0095;373.36;16.001;0;0;12.81;3.1908;361.99;10.996;0.017;0.0053;10.876;0.0981;372.98;0.3734;0.0326;0.0101;0.3301;0.0005;363.04;32.587;10.092;318.9;0.4052;242.06;202.12;63.687;3.5677;2.4196;34.805;1.0538;33.657;0;1;0;0;0.9717;0.9589;1;1;0.9626;0.1364;0.9705;0.9995;1;0.967;0.805;0.999;0.999;1;0.999;0.999;0.9297;0.93;0.1097;1.1081;1.1084;0.0067;0.0107;0.0781;0.0071;0.0251;0.006;0;0;0.088;0.8485;0;0;0;0;0;0;0;0;0;0;0;0;0.0203;0.0032;0.9512;0.9512;0;44.702;44.702;17.952;0.0496;952.81;998.34;1;0.0148;0.0148;0;0;0;0;0;0;0.9365;0.8485;0;16.144;18.694;14.4;16.674;98.448;98.448;9.3446;8.0218;7.1552;1.3228;0.8666;0.1416;0.0927;0.7657;221.49;0.7177;0
07/11/21 14:00;48.114;74.525;10.262;49.164;40.836;90;40.836;857.61;141.3;716.31;27.96;2.5599;0;946.77;38.436;128.92;0;17.744;1131.9;0;1131.9;946.77;128.92;38.436;17.744;0.8365;0.0496;0;0.0157;1112.8;19.073;0;0;2.7608;16.312;1110;1.6599;0.3352;0.0456;1.1548;0.1241;1111.7;1.1128;0.9468;0.1289;0.0357;0.0014;1114.7;945.49;128.75;34.485;1.3068;400.06;334.05;107.04;1.6852;3.6095;51.921;4.6708;53.845;0;1;0;0;1.3198;0.9831;1;1;0.9282;0.0807;0.9985;0.9996;1;0.9676;0.9133;0.999;0.999;1;0.999;0.999;0.9807;0.8972;0.0736;3.2212;3.2932;0.0198;0.0067;0.6981;0.018;0.0638;0.0077;0;0;0.088;2.2554;0;0;0;0;0;0;0;0;0;0;0;0;0.0514;0.0246;2.4032;2.3822;0;84.669;84.669;56.709;0.0511;2722.5;875;1;0.0598;0.0387;0;0.021;0;0;0;0;2.3434;2.2554;0;13.907;16.104;13.167;15.247;97.513;98.374;27.165;20.089;19.02;7.0759;1.0688;0.2605;0.0393;0.7002;27.573;0.6769;0
07/11/21 15:00;36.047;85.15;3.9201;36.145;53.855;90;53.855;168.8;165.9;2.8989;27.82;2.2301;0;4.9148;131.41;0.9941;0;5.885;143.2;0;143.2;4.9148;0.9941;131.41;5.885;0.0343;0.9587;0;0.0411;123.57;19.635;0;0;14.124;5.5109;119.46;3.984;0.0007;0.0001;3.9671;0.016;123.45;0.1236;0.0049;0.001;0.1173;0.0004;121.77;4.9092;0.993;113.2;0.3577;107.83;90.037;31.846;14.982;1.7224;24.775;2.305;11.516;0;1;0;0;0.8484;0.8629;1;1;0.8925;0.0636;0.9677;0.9999;1;0.9661;0.9571;0.999;0.999;1;0.999;0.999;0.8342;0.8614;0.0608;0.4075;0.398;0.0024;0.0172;0.0127;0.0026;0.0091;0.0043;0;0;0.088;0.2467;0;0;0;0;0;0;0;0;0;0;0;0;0.0073;0.0006;0.3419;0.3419;0;33.744;33.744;5.9241;0.0496;338.76;1009.2;1;0.0072;0.0072;0;0;0;0;0;0;0.3347;0.2467;0;15.775;18.267;11.383;13.182;97.902;97.902;3.4369;2.883;2.0804;0.5539;0.8026;0.1612;0.2335;0.6053;106.77;0.5359;0
07/11/21 16:00;23.792;93.874;11.933;23.84;54.758;90;54.758;374.91;159.9;215.01;27.73;2.1699;0;521.46;77.872;148.29;0;13.479;761.09;0;761.09;521.46;148.29;77.872;13.479;0.6851;0.12;0;0.0177;739.89;21.199;0;0;8.5743;12.625;736.48;2.6709;0.2147;0.0611;2.357;0.0381;739.15;0.7399;0.5215;0.1483;0.0693;0.0009;737.91;520.72;148.08;66.871;0.8149;65.24;54.475;19.423;9.4152;1.0548;15.173;1.43;6.8123;0;1;0;0;2.0301;0.9721;1;1;0.8899;0.0633;0.9964;0.9996;1;0.966;0.9554;0.999;0.999;1;0.999;0.999;0.9677;0.8587;0.0605;2.166;2.1416;0.0129;-0.0012;0.3023;0.0128;0.0454;0.0025;0;0;0.088;1.6054;0;0;0;0;0;0;0;0;0;0;0;0;0.0365;0.0109;1.7196;1.7196;0;64.747;64.747;37.017;0.0503;1849.9;929.56;1;0.0261;0.0261;0;0;0;0;0;0;1.6934;1.6054;0;14.93;17.288;13.939;16.141;98.48;98.48;18.266;14.501;13.539;3.7649;0.9625;0.2061;0.0527;0.7412;63.887;0.7303;0
07/11/21 17:00;11.652;102;60.671;11.905;18.115;90;18.115;137.19;114.7;22.492;26.01;2.58;0;54.549;102.92;22.226;0;0.578;180.27;0;180.27;54.549;22.226;102.92;0.578;0.3026;0.5741;0;0.0032;177.77;2.5038;0;0;2.0208;0.483;170.91;6.6796;2.1752;0.8863;3.597;0.0212;177.59;0.1778;0.0545;0.0222;0.1009;0.0001;171.02;52.32;21.317;97.201;0.0738;63.559;53.072;16.255;0.2596;0.6217;8.943;0.1048;9.3052;0;1;0;0;1.314;0.9861;1;1;0.9804;0.1645;0.9624;0.9601;1;0.9643;0.7768;0.999;0.999;1;0.999;0.999;0.9481;0.9444;0.1276;0.513;0.5072;0.0031;0.0172;0.0174;0.0033;0.0117;0.0016;0;0;0.088;0.3465;0;0;0;0;0;0;0;0;0;0;0;0;0.0094;0.0008;0.4428;0.4428;0;34.462;34.462;8.4522;0.0495;434.17;1019.9;1;0.0084;0.0084;0;0;0;0;0;0;0.4345;0.3465;0;16.232;18.796;12.7;14.706;98.114;98.114;4.3266;3.7344;2.9219;0.5922;0.8125;0.1369;0.1878;0.6753;63.404;0.6511;0
07/11/21 18:00;2.9661;108.04;82.79;3.1192;4.4641;90;4.4641;3.399;3.399;0;22.99;3.7599;0;0;3.3939;0;0;0.0009;3.3947;3.3947;0;0;0;0;0;1;1;1;1;0;0;0;0;0;0;0;0;0;0;0;0;0;0;0;0;0;0;0;0;0;0;0;0;0;0;0;0;0;0;0;0;0;0;0;0;1;1;1;1;1;1;1;1;1;1;1;1;1;0;0;1;0;0;0;0;0;0;0;0;0;0;0;0.0004;0.088;-0.0884;0;0;0;0;0;0;0;0;0;0;0;0;0;0;0;0;0;0;0;-22.99;0;0;0;0;0.0004;0;0;0;0;0;0;0;-0.0004;-0.0884;0;0;0;0;0;0;0;0;0;-0.7452;0;0.7452;1;1;0;0;0;0
07/11/21 19:00;0;0;90;0;0;90;0;0;0;0;19.99;4.56;0;0;0;0;0;0;0;0;0;0;0;0;0;1;1;1;1;0;0;0;0;0;0;0;0;0;0;0;0;0;0;0;0;0;0;0;0;0;0;0;0;0;0;0;0;0;0;0;0;0;0;0;1;1;1;1;1;1;1;1;1;1;1;1;1;1;1;1;1;1;1;0;0;0;0;0;0;0;0;0;0.0004;0.088;-0.0884;0;0;0;0;0;0;0;0;0;0;0;0;0;0;0;0;0;0;0;-19.99;0;0;0;0;0.0004;0;0;0;0;0;0;0;-0.0004;-0.0884;0;0;0;0;0;0;0;0;0;-0.7452;0;0.7452;1;1;0;0;0;0
07/11/21 20:00;0;0;90;0;0;90;0;0;0;0;18.55;4.58;0;0;0;0;0;0;0;0;0;0;0;0;0;1;1;1;1;0;0;0;0;0;0;0;0;0;0;0;0;0;0;0;0;0;0;0;0;0;0;0;0;0;0;0;0;0;0;0;0;0;0;0;1;1;1;1;1;1;1;1;1;1;1;1;1;1;1;1;1;1;1;0;0;0;0;0;0;0;0;0;0.0004;0.088;-0.0884;0;0;0;0;0;0;0;0;0;0;0;0;0;0;0;0;0;0;0;-18.55;0;0;0;0;0.0004;0;0;0;0;0;0;0;-0.0004;-0.0884;0;0;0;0;0;0;0;0;0;-0.7452;0;0.7452;1;1;0;0;0;0
07/11/21 21:00;0;0;90;0;0;90;0;0;0;0;18.1;4.5;0;0;0;0;0;0;0;0;0;0;0;0;0;1;1;1;1;0;0;0;0;0;0;0;0;0;0;0;0;0;0;0;0;0;0;0;0;0;0;0;0;0;0;0;0;0;0;0;0;0;0;0;1;1;1;1;1;1;1;1;1;1;1;1;1;1;1;1;1;1;1;0;0;0;0;0;0;0;0;0;0.0004;0.088;-0.0884;0;0;0;0;0;0;0;0;0;0;0;0;0;0;0;0;0;0;0;-18.1;0;0;0;0;0.0004;0;0;0;0;0;0;0;-0.0004;-0.0884;0;0;0;0;0;0;0;0;0;-0.7452;0;0.7452;1;1;0;0;0;0
07/11/21 22:00;0;0;90;0;0;90;0;0;0;0;18.18;4.1599;0;0;0;0;0;0;0;0;0;0;0;0;0;1;1;1;1;0;0;0;0;0;0;0;0;0;0;0;0;0;0;0;0;0;0;0;0;0;0;0;0;0;0;0;0;0;0;0;0;0;0;0;1;1;1;1;1;1;1;1;1;1;1;1;1;1;1;1;1;1;1;0;0;0;0;0;0;0;0;0;0.0004;0.088;-0.0884;0;0;0;0;0;0;0;0;0;0;0;0;0;0;0;0;0;0;0;-18.18;0;0;0;0;0.0004;0;0;0;0;0;0;0;-0.0004;-0.0884;0;0;0;0;0;0;0;0;0;-0.7452;0;0.7452;1;1;0;0;0;0
07/11/21 23:00;0;0;90;0;0;90;0;0;0;0;17.7;3.6501;0;0;0;0;0;0;0;0;0;0;0;0;0;1;1;1;1;0;0;0;0;0;0;0;0;0;0;0;0;0;0;0;0;0;0;0;0;0;0;0;0;0;0;0;0;0;0;0;0;0;0;0;1;1;1;1;1;1;1;1;1;1;1;1;1;1;1;1;1;1;1;0;0;0;0;0;0;0;0;0;0.0004;0.088;-0.0884;0;0;0;0;0;0;0;0;0;0;0;0;0;0;0;0;0;0;0;-17.7;0;0;0;0;0.0004;0;0;0;0;0;0;0;-0.0004;-0.0884;0;0;0;0;0;0;0;0;0;-0.7452;0;0.7452;1;1;0;0;0;0
08/11/21 00:00;0;0;90;0;0;90;0;0;0;0;17.1;3.3499;0;0;0;0;0;0;0;0;0;0;0;0;0;1;1;1;1;0;0;0;0;0;0;0;0;0;0;0;0;0;0;0;0;0;0;0;0;0;0;0;0;0;0;0;0;0;0;0;0;0;0;0;1;1;1;1;1;1;1;1;1;1;1;1;1;1;1;1;1;1;1;0;0;0;0;0;0;0;0;0;0.0004;0.088;-0.0884;0;0;0;0;0;0;0;0;0;0;0;0;0;0;0;0;0;0;0;-17.1;0;0;0;0;0.0004;0;0;0;0;0;0;0;-0.0004;-0.0884;0;0;0;0;0;0;0;0;0;-0.7452;0;0.7452;1;1;0;0;0;0
08/11/21 01:00;0;0;90;0;0;90;0;0;0;0;17.06;2.9599;0;0;0;0;0;0;0;0;0;0;0;0;0;1;1;1;1;0;0;0;0;0;0;0;0;0;0;0;0;0;0;0;0;0;0;0;0;0;0;0;0;0;0;0;0;0;0;0;0;0;0;0;1;1;1;1;1;1;1;1;1;1;1;1;1;1;1;1;1;1;1;0;0;0;0;0;0;0;0;0;0.0004;0.088;-0.0884;0;0;0;0;0;0;0;0;0;0;0;0;0;0;0;0;0;0;0;-17.06;0;0;0;0;0.0004;0;0;0;0;0;0;0;-0.0004;-0.0884;0;0;0;0;0;0;0;0;0;-0.7452;0;0.7452;1;1;0;0;0;0
08/11/21 02:00;0;0;90;0;0;90;0;0;0;0;16.07;2.7199;0;0;0;0;0;0;0;0;0;0;0;0;0;1;1;1;1;0;0;0;0;0;0;0;0;0;0;0;0;0;0;0;0;0;0;0;0;0;0;0;0;0;0;0;0;0;0;0;0;0;0;0;1;1;1;1;1;1;1;1;1;1;1;1;1;1;1;1;1;1;1;0;0;0;0;0;0;0;0;0;0.0004;0.088;-0.0884;0;0;0;0;0;0;0;0;0;0;0;0;0;0;0;0;0;0;0;-16.07;0;0;0;0;0.0004;0;0;0;0;0;0;0;-0.0004;-0.0884;0;0;0;0;0;0;0;0;0;-0.7452;0;0.7452;1;1;0;0;0;0
08/11/21 03:00;0;0;90;0;0;90;0;0;0;0;15.2;2.42;0;0;0;0;0;0;0;0;0;0;0;0;0;1;1;1;1;0;0;0;0;0;0;0;0;0;0;0;0;0;0;0;0;0;0;0;0;0;0;0;0;0;0;0;0;0;0;0;0;0;0;0;1;1;1;1;1;1;1;1;1;1;1;1;1;1;1;1;1;1;1;0;0;0;0;0;0;0;0;0;0.0004;0.088;-0.0884;0;0;0;0;0;0;0;0;0;0;0;0;0;0;0;0;0;0;0;-15.2;0;0;0;0;0.0004;0;0;0;0;0;0;0;-0.0004;-0.0884;0;0;0;0;0;0;0;0;0;-0.7452;0;0.7452;1;1;0;0;0;0
08/11/21 04:00;0.81;-109.98;88.035;0.8619;1.2288;-90;-1.2288;0;0;0;14.73;2.11;0;0;0;0;0;0;0;0;0;0;0;0;0;1;1;1;1;0;0;0;0;0;0;0;0;0;0;0;0;0;0;0;0;0;0;0;0;0;0;0;0;0;0;0;0;0;0;0;0;0;0;0;1;1;1;1;1;1;1;1;1;1;1;1;1;1;1;1;1;1;1;0;0;0;0;0;0;0;0;0;0.0004;0.088;-0.0884;0;0;0;0;0;0;0;0;0;0;0;0;0;0;0;0;0;0;0;-14.73;0;0;0;0;0.0004;0;0;0;0;0;0;0;-0.0004;-0.0884;0;0;0;0;0;0;0;0;0;-0.7452;0;0.7452;1;1;0;0;0;0
08/11/21 05:00;7.2376;-105.37;72.209;7.5031;10.96;-90;-10.96;90.094;22.703;67.39;14.8;2.5599;0;163.44;13.867;21.122;0;0.1397;198.57;0;198.57;163.44;21.122;13.867;0.1397;0.8231;0.0705;0;0.0007;198.34;0.2324;0;0;0.1165;0.116;172.35;25.784;22.339;2.8869;0.5534;0.0053;198.14;0.1983;0.1634;0.0211;0.0138;0;172.36;140.94;18.214;13.183;0.0184;8.7055;7.2691;2.0695;0.0057;0.0934;1.3437;0.0047;1.4314;0;1;0;0;2.204;0.9988;1;1;0.9916;0.1698;0.8699;0.8632;1;0.9597;0.7755;0.999;0.999;1;0.999;0.999;0.868;0.9507;0.1315;0.5651;0.4958;0.003;0.0172;-0.0031;0.0034;0.0119;0.0002;0;0;0.088;0.356;0;0;0;0;0;0;0;0;0;0;0;0;0.0096;0.0008;0.4529;0.4529;0;23.243;23.243;8.4428;0.049;424.66;1066.6;1;0.0089;0.0089;0;0;0;0;0;0;0.444;0.356;0;15.072;17.454;11.847;13.719;98.031;98.031;4.7656;3.8196;3.0023;0.9461;0.8173;0.1985;0.1715;0.63;8.3327;0.6268;0
08/11/21 06:00;19.257;-97.276;36.882;19.402;34.271;-90;-34.271;338.01;55.803;282.2;17.29;2.58;0;684.42;19.69;83.046;0;4.9882;792.15;0;792.15;684.42;83.046;19.69;4.9882;0.864;0.0312;0;0.0063;786.63;5.5161;0;0;1.0751;4.441;781.28;4.5604;3.4606;0.4199;0.6011;0.0788;785.84;0.7866;0.6844;0.083;0.0186;0.0005;781.43;680.28;82.543;17.995;0.4678;14.938;12.473;3.7099;0.4731;0.1801;2.5902;0.1428;2.2972;0;1;0;0;2.3436;0.993;1;1;0.9454;0.1097;0.9942;0.9949;1;0.9677;0.8558;0.999;0.999;1;0.999;0.999;0.9863;0.9139;0.0938;2.2544;2.2409;0.0135;-0.0017;0.2472;0.0139;0.0492;0.0004;0;0;0.088;1.7493;0;0;0;0;0;0;0;0;0;0;0;0;0.0396;0.0119;1.8668;1.8668;0;56.281;56.281;38.991;0.0499;1935.6;964.48;1;0.0296;0.0296;0;0;0;0;0;0;1.8373;1.7493;0;15.573;18.033;14.592;16.897;98.416;98.416;19.012;15.743;14.752;3.2682;0.9915;0.1719;0.0522;0.7759;13.387;0.774;0
08/11/21 07:00;31.495;-88.927;0.915;31.5;58.5;-90;-58.5;528.51;87.4;441.11;19.21;3.15;0;844.24;26.248;101.28;0;21.451;993.22;0;993.22;844.24;101.28;26.248;21.451;0.85;0.048;0;0.0216;970.07;23.152;0;0;3.1699;19.982;968.18;0.9187;0.0267;0.0032;0.8059;0.0829;969.1;0.9701;0.8442;0.1013;0.0231;0.0015;971.75;843.36;101.18;22.249;1.3849;128.54;107.33;33.872;4.0142;1.4191;20.414;3.57;17.819;0;1;0;0;1.8793;0.9767;1;1;0.8792;0.0685;0.9991;1;1;0.965;0.9435;0.999;0.999;1;0.999;0.999;0.9748;0.8476;0.0646;2.8266;2.8211;0.017;-0.0004;0.4284;0.0166;0.059;0.0033;0;0;0.088;2.1073;0;0;0;0;0;0;0;0;0;0;0;0;0.0475;0.0183;2.2314;2.2314;0;67.99;67.99;48.78;0.0504;2433;917.14;1;0.0362;0.0362;0;0;0;0;0;0;2.1953;2.1073;0;14.846;17.191;14.02;16.235;98.379;98.379;23.837;18.818;17.771;5.0194;1.0471;0.2106;0.0439;0.7455;22.46;0.7342;0
08/11/21 08:00;43.688;-79.29;7.7229;44.191;45.809;-90;-45.809;727.1;119.7;607.4;21.09;3.7401;0;871.38;37.52;108.29;0;18.723;1035.9;0;1035.9;871.38;108.29;37.52;18.723;0.8412;0.0543;0;0.0181;1015.4;20.48;0;0;3.1776;17.303;1013;1.4628;0.2322;0.0289;1.1217;0.0801;1014.4;1.0154;0.8714;0.1083;0.0343;0.0014;1017.4;870.28;108.15;33.186;1.3394;309.05;258.06;82.314;2.4412;2.8866;41.523;4.4257;41.968;0;1;0;0;1.4247;0.9802;1;1;0.9153;0.0759;0.9986;0.9997;1;0.9673;0.9436;0.999;0.999;1;0.999;0.999;0.9778;0.8845;0.0715;2.9481;2.994;0.018;0.0016;0.5008;0.0173;0.0614;0.0065;0;0;0.088;2.1925;0;0;0;0;0;0;0;0;0;0;0;0;0.0495;0.0205;2.3183;2.3183;0;72.31;72.31;51.22;0.0506;2582.4;897.74;1;0.0378;0.0378;0;0;0;0;0;0;2.2805;2.1925;0;14.788;17.124;13.986;16.195;98.37;98.37;24.862;19.551;18.49;5.3114;1.0608;0.2136;0.0427;0.7437;28.134;0.722;0
08/11/21 09:00;55.409;-66.364;13.156;57.717;32.283;-90;-32.283;981.4;161.9;819.5;22.77;4.4799;0;969.34;42.745;136.71;0;12.895;1161.7;0;1161.7;969.34;136.71;42.745;12.895;0.8344;0.0479;0;0.0111;1148.2;13.497;0;0;2.124;11.373;1145;2.0602;0.4401;0.0621;1.3154;0.2426;1147;1.1482;0.9693;0.1367;0.0406;0.0015;1148.4;967.93;136.51;39.265;1.2776;509.89;425.76;139.78;0.8372;4.2967;61.807;3.3811;65.266;0;1;0;0;1.1837;0.9884;1;1;0.9503;0.118;0.9982;0.9995;1;0.9676;0.8404;0.999;0.999;1;0.999;0.999;0.9856;0.9186;0.0991;3.3061;3.4094;0.0205;0.0093;0.6773;0.0189;0.0671;0.0093;0;0;0.088;2.3881;0;0;0;0;0;0;0;0;0;0;0;0;0.054;0.0263;2.5266;2.518;0;81.098;81.098;58.327;0.0509;2877.7;875;1;0.0505;0.0419;0;0.0086;0;0;0;0;2.4761;2.3881;0;14.323;16.586;13.584;15.73;98.002;98.336;27.881;21.235;20.139;6.6457;1.0954;0.2384;0.0393;0.7223;28.633;0.6947;0
08/11/21 10:00;65.631;-45.482;16.816;72.1;17.9;-90;-17.9;443.49;398.8;44.697;22.55;5.1701;0;46.97;375.45;14.747;0;1.8247;438.99;0;438.99;46.97;14.747;375.45;1.8247;0.107;0.8594;0;0.0042;430.27;8.7214;0;0;7.2026;1.5188;416.56;13.284;0.0273;0.0086;13.18;0.0679;429.84;0.4303;0.047;0.0147;0.3682;0.0003;416.98;46.896;14.723;354.7;0.2377;264.49;220.85;67.989;0.9079;2.5534;36.729;0.4261;38.374;0;1;0;0;0.9899;0.9801;1;1;0.9808;0.1676;0.9691;0.9994;1;0.9642;0.7779;0.999;0.999;1;0.999;0.999;0.9489;0.9447;0.1303;1.2493;1.2666;0.0076;0.0084;0.0818;0.0082;0.029;0.0064;0;0;0.088;0.9926;0;0;0;0;0;0;0;0;0;0;0;0;0.0234;0.0041;1.0977;1.0977;0;43.165;43.165;20.614;0.0495;1089;1008;1;0.017;0.017;0;0;0;0;0;0;1.0806;0.9926;0;16.523;19.133;14.941;17.302;98.448;98.448;10.536;9.2567;8.3709;1.2791;0.8858;0.1214;0.0841;0.7945;231.09;0.7477;0
08/11/21 11:00;71.402;-8.708;18.376;87.084;2.9164;-90;-2.9164;724.4;399.5;324.9;23.12;5.5601;0;325.32;301.1;98.336;0;0.0797;724.83;0;724.83;325.32;98.336;301.1;0.0797;0.4488;0.4155;0;0.0001;724.46;0.378;0;0;0.3115;0.0665;710.08;13.657;0.2063;0.0624;13.386;0.0029;723.73;0.7245;0.3253;0.0983;0.3008;0;710.07;324.79;98.175;287.1;0.0103;427.71;357.14;110.86;-0.0017;3.9738;57.162;-0.0048;61.138;0;1;0;0;1.0006;0.9995;1;1;0.999;0.166;0.9811;0.9994;1;0.9555;0.7778;0.999;0.999;1;0.999;0.999;0.9796;0.9535;0.1289;2.0628;2.1461;0.0129;-0.0012;0.2553;0.0132;0.0466;0.0095;0;0;0.088;1.646;0;0;0;0;0;0;0;0;0;0;0;0;0.0376;0.0109;1.7613;1.7613;0;58.632;58.632;35.512;0.05;1849.4;952.38;1;0.0274;0.0274;0;0;0;0;0;0;1.734;1.646;0;16.057;18.594;15.005;17.376;98.447;98.447;17.396;14.853;13.881;2.5426;0.9728;0.1462;0.0559;0.7979;178.43;0.7534;0
08/11/21 12:00;68.645;33.491;17.679;77.825;12.175;90;12.175;1117.8;184.4;933.41;24.09;5.61;0;954.89;51.287;135.58;0;2.1369;1143.9;0;1143.9;954.89;135.58;51.287;2.1369;0.8348;0.0467;0;0.0019;1141.6;2.2943;0;0;0.5159;1.7783;1137.7;2.75;0.5825;0.0827;2.0041;0.0807;1140.5;1.1416;0.9549;0.1356;0.0508;0.0004;1138.1;953.35;135.36;48.716;0.2775;649.44;542.28;173.26;0.0317;5.7159;82.221;0.4305;87.905;0;1;0;0;1.0233;0.998;1;1;0.9899;0.1678;0.9976;0.9994;1;0.9605;0.7747;0.999;0.999;1;0.999;0.999;0.9946;0.9499;0.1299;3.2554;3.421;0.0206;0.0096;0.692;0.0189;0.067;0.0123;0;0;0.088;2.3789;0;0;0;0;0;0;0;0;0;0;0;0;0.054;0.0264;2.5202;2.5085;0;82.093;82.093;58.003;0.051;2866.9;875;1;0.0533;0.0417;0;0.0117;0;0;0;0;2.4669;2.3789;0;14.491;16.781;13.742;15.913;97.884;98.339;27.453;21.155;20.061;6.2984;1.0935;0.2294;0.0398;0.7307;30.924;0.6934;0
08/11/21 13:00;59.623;59.666;14.797;63.165;26.835;90;26.835;984.6;162.5;822.1;24.48;5.47;0;921.32;48.684;124.45;0;9.0129;1103.5;0;1103.5;921.32;124.45;48.684;9.0129;0.8349;0.0523;0;0.0082;1093.9;9.5879;0;0;1.8078;7.78;1090.5;2.3198;0.4704;0.0635;1.5451;0.2407;1092.8;1.0939;0.9213;0.1244;0.0469;0.0012;1092.8;919.93;124.26;45.284;0.9909;535.49;447.14;143.35;0.5021;4.712;67.78;2.3069;71.99;0;1;0;0;1.1207;0.9913;1;1;0.9629;0.1368;0.9979;0.9995;1;0.967;0.8045;0.999;0.999;1;0.999;0.999;0.9882;0.9302;0.1099;3.1404;3.2623;0.0196;0.0061;0.6355;0.0182;0.0646;0.0103;0;0;0.088;2.2988;0;0;0;0;0;0;0;0;0;0;0;0;0.052;0.0242;2.4318;2.4265;0;79.973;79.973;55.493;0.0509;2773.2;875;1;0.0451;0.0398;0;0.0053;0;0;0;0;2.3868;2.2988;0;14.531;16.827;13.766;15.941;98.147;98.361;26.483;20.463;19.386;6.0198;1.0775;0.2273;0.0407;0.732;31.426;0.6998;0
08/11/21 14:00;48.294;74.868;10.002;49.296;40.704;90;40.704;811.51;147.8;663.71;24.74;5.1899;0;875.5;47.094;124.29;0;16.686;1063.6;0;1063.6;875.5;124.29;47.094;16.686;0.8232;0.06;0;0.0157;1044.9;18.701;0;0;3.3665;15.334;1041.9;1.8788;0.3022;0.0429;1.4154;0.1184;1043.8;1.0449;0.8755;0.1243;0.0437;0.0014;1046.5;874.32;124.13;42.268;1.2324;381.46;318.52;101.14;2.0406;3.5298;50.775;4.5505;52.264;0;1;0;0;1.3106;0.9824;1;1;0.9285;0.081;0.9982;0.9997;1;0.9676;0.9124;0.999;0.999;1;0.999;0.999;0.9797;0.8975;0.0739;3.0268;3.0958;0.0186;0.0031;0.5778;0.0175;0.062;0.0078;0;0;0.088;2.2116;0;0;0;0;0;0;0;0;0;0;0;0;0.0499;0.0219;2.3373;2.3373;0;77.659;77.659;52.919;0.0508;2671.2;875;1;0.0377;0.0377;0;0;0;0;0;0;2.2996;2.2116;0;14.521;16.816;13.741;15.911;98.387;98.387;25.526;19.71;18.65;5.8152;1.06;0.2278;0.0415;0.7307;33.746;0.7054;0
08/11/21 15:00;36.216;85.444;3.6748;36.302;53.698;90;53.698;613.6;147.3;466.3;24.7;4.7799;0;787.61;50.891;140.81;0;21.277;1000.6;0;1000.6;787.61;140.81;50.891;21.277;0.7871;0.0721;0;0.0213;975.23;25.371;0;0;5.4469;19.924;972.54;1.7112;0.0999;0.0179;1.5357;0.0578;974.25;0.9752;0.7876;0.1408;0.0454;0.0014;976.98;786.72;140.66;43.863;1.2946;210.01;175.36;54.712;5.7476;2.3068;33.183;4.4371;29.742;0;1;0;0;1.6307;0.9746;1;1;0.893;0.0636;0.9982;0.9999;1;0.9662;0.9573;0.999;0.999;1;0.999;0.999;0.972;0.8619;0.0608;2.8476;2.8617;0.0172;0;0.4964;0.0164;0.0583;0.0052;0;0;0.088;2.0794;0;0;0;0;0;0;0;0;0;0;0;0;0.047;0.0189;2.2023;2.2023;0;73.94;73.94;49.24;0.0506;2469.2;891.93;1;0.0349;0.0349;0;0;0;0;0;0;2.1674;2.0794;0;14.544;16.842;13.732;15.902;98.414;98.414;24.014;18.572;17.536;5.4419;1.0366;0.2266;0.0432;0.7302;41.279;0.7125;0
08/11/21 16:00;23.96;94.134;9.9728;24.015;56.749;90;56.749;387.51;151.5;236.01;24.48;3.8201;0;572.39;68.403;153.13;0;14.878;808.8;0;808.8;572.39;153.13;68.403;14.878;0.7077;0.103;0;0.0184;786.93;21.868;0;0;7.9319;13.936;783.77;2.382;0.197;0.0527;2.0845;0.0479;786.15;0.7869;0.5724;0.1531;0.0605;0.0009;785.15;571.62;152.93;58.326;0.8927;58.829;49.122;17.701;9.3818;0.997;14.341;1.3863;5.9566;0;1;0;0;2.0872;0.973;1;1;0.884;0.0633;0.997;0.9997;1;0.9655;0.9491;0.999;0.999;1;0.999;0.999;0.969;0.8527;0.06;2.3018;2.2751;0.0137;-0.0018;0.3131;0.0137;0.0484;0.0023;0;0;0.088;1.7181;0;0;0;0;0;0;0;0;0;0;0;0;0.039;0.0122;1.8345;1.8345;0;63.839;63.839;39.359;0.0502;1964.9;933.65;1;0.0284;0.0284;0;0;0;0;0;0;1.8061;1.7181;0;14.988;17.356;14.037;16.255;98.453;98.453;19.411;15.47;14.489;3.9408;0.9814;0.203;0.0506;0.7464;57.363;0.7366;0
08/11/21 17:00;11.827;102.23;60.192;12.094;18.446;90;18.446;158.31;117.3;41.008;23.3;2.51;0;99.456;97.89;40.817;0;0.6913;238.85;0;238.85;99.456;40.817;97.89;0.6913;0.4164;0.4127;0;0.0029;236.29;2.5591;0;0;1.9812;0.5779;227.29;8.7709;3.7907;1.5557;3.3992;0.0253;236.06;0.2363;0.0995;0.0408;0.0959;0.0001;227.39;95.566;39.221;92.413;0.0881;60.675;50.663;15.548;0.2631;0.5925;8.5222;0.1044;8.8516;0;1;0;0;1.5088;0.9893;1;1;0.9798;0.1641;0.9628;0.9618;1;0.9645;0.7771;0.999;0.999;1;0.999;0.999;0.9516;0.9441;0.1274;0.6798;0.6677;0.004;0.0161;0.0229;0.0044;0.0155;0.0015;0;0;0.088;0.4913;0;0;0;0;0;0;0;0;0;0;0;0;0.0125;0.0013;0.5894;0.5894;0;34.514;34.514;11.214;0.0493;572.68;1029.2;1;0.0101;0.0101;0;0;0;0;0;0;0.5793;0.4913;0;16.306;18.882;13.592;15.739;98.289;98.289;5.7325;4.9704;4.1432;0.7621;0.8272;0.1329;0.1443;0.7228;60.391;0.704;0
08/11/21 18:00;2.9568;108.41;82.813;3.1159;4.4593;90;4.4593;0;0;0;20.06;2.6;0;0;0;0;0;0;0;0;0;0;0;0;0;1;1;1;1;0;0;0;0;0;0;0;0;0;0;0;0;0;0;0;0;0;0;0;0;0;0;0;0;0;0;0;0;0;0;0;0;0;0;0;1;1;1;1;1;1;1;1;1;1;1;1;1;1;1;1;1;1;1;0;0;0;0;0;0;0;0;0;0.0004;0.088;-0.0884;0;0;0;0;0;0;0;0;0;0;0;0;0;0;0;0;0;0;0;-20.06;0;0;0;0;0.0004;0;0;0;0;0;0;0;-0.0004;-0.0884;0;0;0;0;0;0;0;0;0;-0.7452;0;0.7452;1;1;0;0;0;0
08/11/21 19:00;0;0;90;0;0;90;0;0;0;0;17.1;2.6399;0;0;0;0;0;0;0;0;0;0;0;0;0;1;1;1;1;0;0;0;0;0;0;0;0;0;0;0;0;0;0;0;0;0;0;0;0;0;0;0;0;0;0;0;0;0;0;0;0;0;0;0;1;1;1;1;1;1;1;1;1;1;1;1;1;1;1;1;1;1;1;0;0;0;0;0;0;0;0;0;0.0004;0.088;-0.0884;0;0;0;0;0;0;0;0;0;0;0;0;0;0;0;0;0;0;0;-17.1;0;0;0;0;0.0004;0;0;0;0;0;0;0;-0.0004;-0.0884;0;0;0;0;0;0;0;0;0;-0.7452;0;0.7452;1;1;0;0;0;0
08/11/21 20:00;0;0;90;0;0;90;0;0;0;0;13.06;2.68;0;0;0;0;0;0;0;0;0;0;0;0;0;1;1;1;1;0;0;0;0;0;0;0;0;0;0;0;0;0;0;0;0;0;0;0;0;0;0;0;0;0;0;0;0;0;0;0;0;0;0;0;1;1;1;1;1;1;1;1;1;1;1;1;1;1;1;1;1;1;1;0;0;0;0;0;0;0;0;0;0.0004;0.088;-0.0884;0;0;0;0;0;0;0;0;0;0;0;0;0;0;0;0;0;0;0;-13.06;0;0;0;0;0.0004;0;0;0;0;0;0;0;-0.0004;-0.0884;0;0;0;0;0;0;0;0;0;-0.7452;0;0.7452;1;1;0;0;0;0
08/11/21 21:00;0;0;90;0;0;90;0;0;0;0;11.39;2.6299;0;0;0;0;0;0;0;0;0;0;0;0;0;1;1;1;1;0;0;0;0;0;0;0;0;0;0;0;0;0;0;0;0;0;0;0;0;0;0;0;0;0;0;0;0;0;0;0;0;0;0;0;1;1;1;1;1;1;1;1;1;1;1;1;1;1;1;1;1;1;1;0;0;0;0;0;0;0;0;0;0.0004;0.088;-0.0884;0;0;0;0;0;0;0;0;0;0;0;0;0;0;0;0;0;0;0;-11.39;0;0;0;0;0.0004;0;0;0;0;0;0;0;-0.0004;-0.0884;0;0;0;0;0;0;0;0;0;-0.7452;0;0.7452;1;1;0;0;0;0
08/11/21 22:00;0;0;90;0;0;90;0;0;0;0;10.64;2.5499;0;0;0;0;0;0;0;0;0;0;0;0;0;1;1;1;1;0;0;0;0;0;0;0;0;0;0;0;0;0;0;0;0;0;0;0;0;0;0;0;0;0;0;0;0;0;0;0;0;0;0;0;1;1;1;1;1;1;1;1;1;1;1;1;1;1;1;1;1;1;1;0;0;0;0;0;0;0;0;0;0.0004;0.088;-0.0884;0;0;0;0;0;0;0;0;0;0;0;0;0;0;0;0;0;0;0;-10.64;0;0;0;0;0.0004;0;0;0;0;0;0;0;-0.0004;-0.0884;0;0;0;0;0;0;0;0;0;-0.7452;0;0.7452;1;1;0;0;0;0
08/11/21 23:00;0;0;90;0;0;90;0;0;0;0;10.55;2.36;0;0;0;0;0;0;0;0;0;0;0;0;0;1;1;1;1;0;0;0;0;0;0;0;0;0;0;0;0;0;0;0;0;0;0;0;0;0;0;0;0;0;0;0;0;0;0;0;0;0;0;0;1;1;1;1;1;1;1;1;1;1;1;1;1;1;1;1;1;1;1;0;0;0;0;0;0;0;0;0;0.0004;0.088;-0.0884;0;0;0;0;0;0;0;0;0;0;0;0;0;0;0;0;0;0;0;-10.55;0;0;0;0;0.0004;0;0;0;0;0;0;0;-0.0004;-0.0884;0;0;0;0;0;0;0;0;0;-0.7452;0;0.7452;1;1;0;0;0;0
09/11/21 00:00;0;0;90;0;0;90;0;0;0;0;9.5799;2.1599;0;0;0;0;0;0;0;0;0;0;0;0;0;1;1;1;1;0;0;0;0;0;0;0;0;0;0;0;0;0;0;0;0;0;0;0;0;0;0;0;0;0;0;0;0;0;0;0;0;0;0;0;1;1;1;1;1;1;1;1;1;1;1;1;1;1;1;1;1;1;1;0;0;0;0;0;0;0;0;0;0.0004;0.088;-0.0884;0;0;0;0;0;0;0;0;0;0;0;0;0;0;0;0;0;0;0;-9.5799;0;0;0;0;0.0004;0;0;0;0;0;0;0;-0.0004;-0.0884;0;0;0;0;0;0;0;0;0;-0.7452;0;0.7452;1;1;0;0;0;0
09/11/21 01:00;0;0;90;0;0;90;0;0;0;0;8.8001;1.97;0;0;0;0;0;0;0;0;0;0;0;0;0;1;1;1;1;0;0;0;0;0;0;0;0;0;0;0;0;0;0;0;0;0;0;0;0;0;0;0;0;0;0;0;0;0;0;0;0;0;0;0;1;1;1;1;1;1;1;1;1;1;1;1;1;1;1;1;1;1;1;0;0;0;0;0;0;0;0;0;0.0004;0.088;-0.0884;0;0;0;0;0;0;0;0;0;0;0;0;0;0;0;0;0;0;0;-8.8001;0;0;0;0;0.0004;0;0;0;0;0;0;0;-0.0004;-0.0884;0;0;0;0;0;0;0;0;0;-0.7452;0;0.7452;1;1;0;0;0;0
09/11/21 02:00;0;0;90;0;0;90;0;0;0;0;8.14;1.79;0;0;0;0;0;0;0;0;0;0;0;0;0;1;1;1;1;0;0;0;0;0;0;0;0;0;0;0;0;0;0;0;0;0;0;0;0;0;0;0;0;0;0;0;0;0;0;0;0;0;0;0;1;1;1;1;1;1;1;1;1;1;1;1;1;1;1;1;1;1;1;0;0;0;0;0;0;0;0;0;0.0004;0.088;-0.0884;0;0;0;0;0;0;0;0;0;0;0;0;0;0;0;0;0;0;0;-8.14;0;0;0;0;0.0004;0;0;0;0;0;0;0;-0.0004;-0.0884;0;0;0;0;0;0;0;0;0;-0.7452;0;0.7452;1;1;0;0;0;0
09/11/21 03:00;0;0;90;0;0;90;0;0;0;0;7.6002;1.5199;0;0;0;0;0;0;0;0;0;0;0;0;0;1;1;1;1;0;0;0;0;0;0;0;0;0;0;0;0;0;0;0;0;0;0;0;0;0;0;0;0;0;0;0;0;0;0;0;0;0;0;0;1;1;1;1;1;1;1;1;1;1;1;1;1;1;1;1;1;1;1;0;0;0;0;0;0;0;0;0;0.0004;0.088;-0.0884;0;0;0;0;0;0;0;0;0;0;0;0;0;0;0;0;0;0;0;-7.6002;0;0;0;0;0.0004;0;0;0;0;0;0;0;-0.0004;-0.0884;0;0;0;0;0;0;0;0;0;-0.7452;0;0.7452;1;1;0;0;0;0
09/11/21 04:00;0.7714;-110.37;88.129;0.8229;1.1732;-90;-1.1732;0;0;0;7.1801;1.2099;0;0;0;0;0;0;0;0;0;0;0;0;0;1;1;1;1;0;0;0;0;0;0;0;0;0;0;0;0;0;0;0;0;0;0;0;0;0;0;0;0;0;0;0;0;0;0;0;0;0;0;0;1;1;1;1;1;1;1;1;1;1;1;1;1;1;1;1;1;1;1;0;0;0;0;0;0;0;0;0;0.0004;0.088;-0.0884;0;0;0;0;0;0;0;0;0;0;0;0;0;0;0;0;0;0;0;-7.1801;0;0;0;0;0.0004;0;0;0;0;0;0;0;-0.0004;-0.0884;0;0;0;0;0;0;0;0;0;-0.7452;0;0.7452;1;1;0;0;0;0
09/11/21 05:00;7.3819;-105.62;71.844;7.6618;11.204;-90;-11.204;96.208;20.501;75.707;8.83;0.8099;0;183.61;11.729;21.001;0;0.1559;216.5;0;216.5;183.61;21.001;11.729;0.1559;0.8481;0.0549;0;0.0007;216.26;0.2316;0;0;0.1022;0.1294;188.68;27.363;24.131;2.76;0.4661;0.0059;216.05;0.2163;0.1836;0.021;0.0116;0;188.69;159.29;18.22;11.149;0.0205;7.4663;6.2344;1.7672;0.0053;0.0806;1.1599;0.0041;1.2353;0;1;0;0;2.2503;0.9989;1;1;0.9913;0.1698;0.8733;0.8684;1;0.9599;0.7755;0.999;0.999;1;0.999;0.999;0.8715;0.9506;0.1316;0.6161;0.5422;0.0033;0.017;-0.0135;0.0037;0.0133;0.0002;0;0;0.088;0.4088;0;0;0;0;0;0;0;0;0;0;0;0;0.0107;0.0009;0.5065;0.5065;0;18.025;18.025;9.1954;0.0487;464.23;1091.2;1;0.0097;0.0097;0;0;0;0;0;0;0.4968;0.4088;0;15.461;17.903;12.478;14.449;98.079;98.079;5.1959;4.2717;3.4476;0.9242;0.8242;0.1779;0.1586;0.6635;7.053;0.6609;0
09/11/21 06:00;19.39;-97.544;36.37;19.547;34.691;-90;-34.691;307.81;53.701;254.11;12.03;0.8099;0;616.28;22.085;71.453;0;4.651;714.47;0;714.47;616.28;71.453;22.085;4.651;0.8626;0.0374;0;0.0065;709.09;5.378;0;0;1.2292;4.1488;704.36;4.0154;2.9317;0.3399;0.6733;0.0706;708.38;0.7091;0.6163;0.0715;0.0209;0.0005;704.48;612.73;71.041;20.162;0.431;16.454;13.739;4.6419;0.553;0.1643;2.3636;0.119;1.9748;0;1;0;0;2.3212;0.9925;1;1;0.9443;0.108;0.9943;0.9952;1;0.9677;0.8593;0.999;0.999;1;0.999;0.999;0.9859;0.9129;0.0927;2.0333;2.0203;0.0122;-0.0004;0.1555;0.013;0.046;0.0004;0;0;0.088;1.6309;0;0;0;0;0;0;0;0;0;0;0;0;0.0371;0.0097;1.7469;1.7469;0;46.919;46.919;34.889;0.0495;1741.1;1003.3;1;0.028;0.028;0;0;0;0;0;0;1.7189;1.6309;0;16.157;18.709;15.083;17.466;98.395;98.395;17.147;14.732;13.753;2.4154;0.9786;0.1409;0.0571;0.8021;15.064;0.8001;0
09/11/21 07:00;31.625;-89.226;0.6587;31.628;58.372;-90;-58.372;532.59;87.899;444.69;16.96;2.7701;0;848.01;26.27;101.89;0;21.531;997.7;0;997.7;848.01;101.89;26.27;21.531;0.85;0.0479;0;0.0216;974.48;23.219;0;0;3.1625;20.057;972.6;0.91;0.0193;0.0023;0.8062;0.0823;973.51;0.9745;0.848;0.1019;0.0231;0.0015;976.18;847.14;101.79;22.278;1.39;130.82;109.24;34.645;3.9864;1.4268;20.525;3.5783;17.965;0;1;0;0;1.8733;0.9767;1;1;0.8796;0.0684;0.9991;1;1;0.9651;0.9441;0.999;0.999;1;0.999;0.999;0.9748;0.848;0.0646;2.8394;2.834;0.0171;-0.0003;0.4086;0.0169;0.0598;0.0033;0;0;0.088;2.137;0;0;0;0;0;0;0;0;0;0;0;0;0.0482;0.0185;2.2621;2.2621;0;65.878;65.878;48.918;0.0503;2443.1;925.9;1;0.0371;0.0371;0;0;0;0;0;0;2.225;2.137;0;14.982;17.349;14.153;16.389;98.36;98.36;23.945;19.076;18.021;4.8687;1.055;0.2033;0.0441;0.7526;22.446;0.7412;0
09/11/21 08:00;43.824;-79.639;7.4558;44.295;45.705;-90;-45.705;737.8;121.7;616.11;19.94;3.5999;0;882.22;37.433;111.14;0;18.917;1049.7;0;1049.7;882.22;111.14;37.433;18.917;0.8404;0.0537;0;0.018;1029.1;20.638;0;0;3.1598;17.478;1026.6;1.4565;0.227;0.0286;1.1192;0.0817;1028;1.0291;0.8822;0.1111;0.0343;0.0014;1031.1;881.11;111;33.12;1.3555;314.18;262.34;83.709;2.4166;2.9285;42.125;4.4717;42.637;0;1;0;0;1.4228;0.9803;1;1;0.9156;0.0761;0.9986;0.9997;1;0.9673;0.9431;0.999;0.999;1;0.999;0.999;0.978;0.8848;0.0717;2.9874;3.0343;0.0183;0.0021;0.5021;0.0176;0.0624;0.0066;0;0;0.088;2.2273;0;0;0;0;0;0;0;0;0;0;0;0;0.0502;0.0211;2.354;2.354;0;71.83;71.83;51.889;0.0505;2617;899.49;1;0.0387;0.0387;0;0;0;0;0;0;2.3153;2.2273;0;14.818;17.159;14.021;16.236;98.357;98.357;25.193;19.851;18.783;5.3417;1.0682;0.212;0.0424;0.7456;28.042;0.7238;0
09/11/21 09:00;55.57;-66.783;12.879;57.79;32.21;-90;-32.21;903.59;149.1;754.5;22.03;4.1499;0;891.74;47.385;115.54;0;11.82;1066.5;0;1066.5;891.74;115.54;47.385;11.82;0.8361;0.0555;0;0.0111;1053.7;12.768;0;0;2.3461;10.422;1050.5;2.1301;0.3963;0.0513;1.4587;0.2237;1052.7;1.0537;0.8917;0.1155;0.045;0.0014;1053.6;890.45;115.38;43.535;1.1734;470.69;393.03;128.99;0.9202;3.9789;57.234;3.1039;60.293;0;1;0;0;1.1803;0.988;1;1;0.9505;0.1183;0.998;0.9996;1;0.9676;0.8399;0.999;0.999;1;0.999;0.999;0.985;0.9188;0.0993;3.0351;3.1292;0.0188;0.0036;0.5567;0.0179;0.0633;0.0089;0;0;0.088;2.2596;0;0;0;0;0;0;0;0;0;0;0;0;0.051;0.0223;2.3867;2.3867;0;75.282;75.282;53.252;0.0507;2697.7;884.72;1;0.0391;0.0391;0;0;0;0;0;0;2.3476;2.2596;0;14.788;17.124;14.001;16.213;98.363;98.363;25.596;20.128;19.056;5.4681;1.0717;0.2136;0.0419;0.7445;31.724;0.7157;0
09/11/21 10:00;65.843;-45.949;16.531;72.133;17.867;-90;-17.867;1026.5;169.4;857.11;22.99;4.58;0;900.54;54.001;119.84;0;4.208;1078.6;0;1078.6;900.54;119.84;54.001;4.208;0.8349;0.054;0;0.0039;1074.1;4.5352;0;0;1.0327;3.5025;1070.3;2.6355;0.5137;0.0684;1.8969;0.1565;1073;1.0741;0.9005;0.1198;0.053;0.0007;1071.3;899.12;119.65;51.019;0.5483;585.74;489.09;157.36;0.1307;5.0907;73.228;0.9591;78.188;0;1;0;0;1.0507;0.9958;1;1;0.9809;0.1677;0.9975;0.9994;1;0.9642;0.7779;0.999;0.999;1;0.999;0.999;0.9924;0.9448;0.1303;3.0696;3.2118;0.0193;0.0051;0.595;0.0181;0.0644;0.0112;0;0;0.088;2.2956;0;0;0;0;0;0;0;0;0;0;0;0;0.0518;0.0235;2.4233;2.4233;0;77.34;77.34;54.35;0.0508;2769.5;875;1;0.0397;0.0397;0;0;0;0;0;0;2.3836;2.2956;0;14.846;17.192;14.064;16.286;98.362;98.362;25.886;20.436;19.359;5.4501;1.0768;0.2105;0.0416;0.7479;33.232;0.7117;0
09/11/21 11:00;71.683;-8.8933;18.089;87.07;2.9298;-90;-2.9298;1059.7;174.8;884.89;23.65;4.58;0;886.05;57.97;116.95;0;0.1177;1061.1;0;1061.1;886.05;116.95;57.97;0.1177;0.835;0.0547;0;0.0001;1060.9;0.1586;0;0;0.0604;0.0982;1056.7;3.2072;0.5531;0.073;2.5768;0.0043;1059.9;1.0609;0.8861;0.1169;0.0579;0;1056.7;884.61;116.76;55.275;0.0152;624.51;521.46;165.18;-0.0003;5.5875;80.373;-0.0043;85.961;0;1;0;0;1.0013;0.9999;1;1;0.999;0.166;0.997;0.9994;1;0.9555;0.7778;0.999;0.999;1;0.999;0.999;0.9958;0.9535;0.129;3.0198;3.1842;0.0192;0.0046;0.5896;0.018;0.0638;0.0123;0;0;0.088;2.275;0;0;0;0;0;0;0;0;0;0;0;0;0.0514;0.0231;2.4022;2.4022;0;77.302;77.302;53.652;0.0508;2745.4;875;1;0.0392;0.0392;0;0;0;0;0;0;2.363;2.275;0;14.96;17.323;14.168;16.406;98.368;98.368;25.466;20.258;19.185;5.2081;1.0727;0.2045;0.0421;0.7534;34.353;0.7129;0
09/11/21 12:00;68.907;33.812;17.398;77.886;12.114;90;12.114;1045.1;172.1;873;24.86;4.56;0;892.89;56.04;118.06;0;1.9783;1069;0;1069;892.89;118.06;56.04;1.9783;0.8353;0.0543;0;0.0019;1066.8;2.2054;0;0;0.5591;1.6463;1062.8;2.8737;0.536;0.0709;2.1921;0.0747;1065.7;1.0668;0.8929;0.1181;0.0555;0.0003;1063.2;891.46;117.87;53.233;0.2569;607.42;507.2;161.98;0.0339;5.3513;76.977;0.3976;82.294;0;1;0;0;1.0228;0.9979;1;1;0.99;0.1678;0.9973;0.9994;1;0.9604;0.7747;0.999;0.999;1;0.999;0.999;0.9943;0.9499;0.1299;3.0422;3.1961;0.0192;0.0048;0.6104;0.0179;0.0636;0.0117;0;0;0.088;2.267;0;0;0;0;0;0;0;0;0;0;0;0;0.0512;0.0232;2.394;2.394;0;78.896;78.896;54.036;0.0508;2732.7;875;1;0.039;0.039;0;0;0;0;0;0;2.355;2.267;0;14.799;17.137;14.014;16.228;98.371;98.371;25.655;20.189;19.118;5.4663;1.0711;0.2131;0.0417;0.7452;33.784;0.7071;0
09/11/21 13:00;59.831;60.056;14.528;63.266;26.734;90;26.734;964.6;159.7;804.9;25.59;4.3001;0;901.24;50.285;119.33;0;8.7644;1079.6;0;1079.6;901.24;119.33;50.285;8.7644;0.8348;0.0547;0;0.0081;1070.2;9.4179;0;0;1.856;7.5619;1066.8;2.3441;0.4518;0.0598;1.5971;0.2354;1069.1;1.0702;0.9012;0.1193;0.0484;0.0012;1069;899.88;119.15;46.784;0.9659;525.17;438.52;140.56;0.5117;4.6246;66.523;2.2416;70.636;0;1;0;0;1.1192;0.9913;1;1;0.9631;0.1372;0.9978;0.9995;1;0.967;0.804;0.999;0.999;1;0.999;0.999;0.9881;0.9304;0.1102;3.0725;3.1918;0.0192;0.0047;0.621;0.0178;0.0632;0.0101;0;0;0.088;2.2502;0;0;0;0;0;0;0;0;0;0;0;0;0.0509;0.0232;2.3816;2.3768;0;79.872;79.872;54.281;0.0509;2716.4;875;1;0.0434;0.0386;0;0.0048;0;0;0;0;2.3382;2.2502;0;14.548;16.846;13.773;15.949;98.177;98.376;25.911;20.044;18.976;5.8667;1.0677;0.2264;0.0412;0.7324;32.439;0.7001;0
09/11/21 14:00;48.473;75.205;9.7471;49.43;40.57;90;40.57;818.21;146.5;671.7;25.47;4.02;0;884.27;45.998;124.04;0;16.718;1071;0;1071;884.27;124.04;45.998;16.718;0.8256;0.0586;0;0.0156;1052.4;18.631;0;0;3.2723;15.358;1049.5;1.8422;0.2974;0.0417;1.3828;0.1203;1051.3;1.0524;0.8843;0.124;0.0427;0.0014;1053.9;883.09;123.87;41.3;1.2383;385.14;321.59;104.36;1.9709;3.412;49.08;4.3907;50.521;0;1;0;0;1.309;0.9826;1;1;0.9289;0.0813;0.9982;0.9997;1;0.9676;0.9115;0.999;0.999;1;0.999;0.999;0.9799;0.8979;0.0741;3.0481;3.1136;0.0188;0.0033;0.5943;0.0175;0.062;0.0075;0;0;0.088;2.2124;0;0;0;0;0;0;0;0;0;0;0;0;0.0499;0.0221;2.3382;2.3382;0;78.825;78.825;53.355;0.0508;2669.8;875;1;0.0377;0.0377;0;0;0;0;0;0;2.3004;2.2124;0;14.426;16.705;13.65;15.807;98.387;98.387;25.705;19.718;18.658;5.9867;1.0601;0.2329;0.0412;0.7259;32.924;0.7018;0
09/11/21 15:00;36.384;85.732;3.4352;36.46;53.54;90;53.54;619.5;145.2;474.3;25.95;3.71;0;798.15;49.405;140.04;0;21.366;1009;0;1009;798.15;140.04;49.405;21.366;0.7911;0.0701;0;0.0212;983.69;25.27;0;0;5.2653;20.005;981.04;1.6592;0.0946;0.0166;1.4902;0.0578;982.7;0.9837;0.7981;0.14;0.0441;0.0014;985.65;797.25;139.88;42.605;1.3014;212.59;177.51;54.281;5.5228;2.3876;34.345;4.606;31.21;0;1;0;0;1.6287;0.975;1;1;0.8934;0.0637;0.9983;0.9999;1;0.9662;0.9575;0.999;0.999;1;0.999;0.999;0.9723;0.8624;0.0609;2.8714;2.8888;0.0174;0.0003;0.5195;0.0165;0.0584;0.0053;0;0;0.088;2.0824;0;0;0;0;0;0;0;0;0;0;0;0;0.047;0.0192;2.2053;2.2053;0;75.693;75.693;49.743;0.0507;2492.8;884.64;1;0.0348;0.0348;0;0;0;0;0;0;2.1704;2.0824;0;14.443;16.725;13.638;15.793;98.42;98.42;24.215;18.597;17.561;5.6178;1.0359;0.232;0.0428;0.7252;40.006;0.7072;0
09/11/21 16:00;24.127;94.389;7.5298;24.19;59.428;90;59.428;435.41;109.7;325.71;25.5;2.7001;0;789.94;35.485;151.95;0;18.186;995.56;0;995.56;789.94;151.95;35.485;18.186;0.7935;0.0539;0;0.0183;974.14;21.418;0;0;4.3995;17.019;971.76;1.4136;0.2052;0.0395;1.0936;0.0753;973.17;0.9741;0.7899;0.152;0.0311;0.0012;972.57;788.94;151.76;29.961;1.0904;32.588;27.211;10.04;5.7371;0.5722;8.2303;0.8174;3.0653;0;1;0;0;2.2865;0.9785;1;1;0.876;0.0642;0.9985;0.9997;1;0.9648;0.9354;0.999;0.999;1;0.999;0.999;0.9761;0.8443;0.06;2.8333;2.7991;0.0169;-0.0006;0.494;0.016;0.0568;0.0013;0;0;0.088;2.0292;0;0;0;0;0;0;0;0;0;0;0;0;0.0458;0.0181;2.1508;2.1508;0;74.733;74.733;49.233;0.0507;2417.4;889.73;1;0.0337;0.0337;0;0;0;0;0;0;2.1172;2.0292;0;14.276;16.531;13.468;15.596;98.435;98.435;23.893;18.138;17.112;5.7552;1.026;0.2409;0.0429;0.7162;30.685;0.7118;0
09/11/21 17:00;12.003;102.47;59.712;12.284;18.779;90;18.779;161.81;118.6;43.208;24.62;1.47;0;104.79;98.248;42.838;0;0.7322;246.61;0;246.61;104.79;42.838;98.248;0.7322;0.4249;0.4014;0;0.003;243.95;2.6614;0;0;2.0491;0.6123;234.94;8.7606;3.7935;1.5508;3.3897;0.0267;243.7;0.2439;0.1048;0.0428;0.0962;0.0001;235.05;100.89;41.244;92.713;0.0931;60.999;50.934;15.529;0.2812;0.6034;8.6794;0.111;9.0016;0;1;0;0;1.5241;0.9892;1;1;0.9791;0.1637;0.9641;0.9638;1;0.9647;0.7774;0.999;0.999;1;0.999;0.999;0.9527;0.9437;0.1272;0.7018;0.6899;0.0042;0.0159;0.0279;0.0045;0.0159;0.0015;0;0;0.088;0.5074;0;0;0;0;0;0;0;0;0;0;0;0;0.0128;0.0014;0.6057;0.6057;0;36.225;36.225;11.605;0.0494;592.19;1022.8;1;0.0102;0.0102;0;0;0;0;0;0;0.5954;0.5074;0;16.229;18.793;13.597;15.745;98.309;98.309;5.9186;5.1077;4.2792;0.8109;0.8285;0.137;0.14;0.723;60.701;0.7044;0
09/11/21 18:00;3.1416;108.62;82.362;3.3149;4.7467;90;4.7467;0;0;0;20.66;1.16;0;0;0;0;0;0;0;0;0;0;0;0;0;1;1;1;1;0;0;0;0;0;0;0;0;0;0;0;0;0;0;0;0;0;0;0;0;0;0;0;0;0;0;0;0;0;0;0;0;0;0;0;1;1;1;1;1;1;1;1;1;1;1;1;1;1;1;1;1;1;1;0;0;0;0;0;0;0;0;0;0.0004;0.088;-0.0884;0;0;0;0;0;0;0;0;0;0;0;0;0;0;0;0;0;0;0;-20.66;0;0;0;0;0.0004;0;0;0;0;0;0;0;-0.0004;-0.0884;0;0;0;0;0;0;0;0;0;-0.7452;0;0.7452;1;1;0;0;0;0
09/11/21 19:00;0;0;90;0;0;90;0;0;0;0;15.56;1.1901;0;0;0;0;0;0;0;0;0;0;0;0;0;1;1;1;1;0;0;0;0;0;0;0;0;0;0;0;0;0;0;0;0;0;0;0;0;0;0;0;0;0;0;0;0;0;0;0;0;0;0;0;1;1;1;1;1;1;1;1;1;1;1;1;1;1;1;1;1;1;1;0;0;0;0;0;0;0;0;0;0.0004;0.088;-0.0884;0;0;0;0;0;0;0;0;0;0;0;0;0;0;0;0;0;0;0;-15.56;0;0;0;0;0.0004;0;0;0;0;0;0;0;-0.0004;-0.0884;0;0;0;0;0;0;0;0;0;-0.7452;0;0.7452;1;1;0;0;0;0
09/11/21 20:00;0;0;90;0;0;90;0;0;0;0;12.7;1.2701;0;0;0;0;0;0;0;0;0;0;0;0;0;1;1;1;1;0;0;0;0;0;0;0;0;0;0;0;0;0;0;0;0;0;0;0;0;0;0;0;0;0;0;0;0;0;0;0;0;0;0;0;1;1;1;1;1;1;1;1;1;1;1;1;1;1;1;1;1;1;1;0;0;0;0;0;0;0;0;0;0.0004;0.088;-0.0884;0;0;0;0;0;0;0;0;0;0;0;0;0;0;0;0;0;0;0;-12.7;0;0;0;0;0.0004;0;0;0;0;0;0;0;-0.0004;-0.0884;0;0;0;0;0;0;0;0;0;-0.7452;0;0.7452;1;1;0;0;0;0
09/11/21 21:00;0;0;90;0;0;90;0;0;0;0;12.94;1.1101;0;0;0;0;0;0;0;0;0;0;0;0;0;1;1;1;1;0;0;0;0;0;0;0;0;0;0;0;0;0;0;0;0;0;0;0;0;0;0;0;0;0;0;0;0;0;0;0;0;0;0;0;1;1;1;1;1;1;1;1;1;1;1;1;1;1;1;1;1;1;1;0;0;0;0;0;0;0;0;0;0.0004;0.088;-0.0884;0;0;0;0;0;0;0;0;0;0;0;0;0;0;0;0;0;0;0;-12.94;0;0;0;0;0.0004;0;0;0;0;0;0;0;-0.0004;-0.0884;0;0;0;0;0;0;0;0;0;-0.7452;0;0.7452;1;1;0;0;0;0
09/11/21 22:00;0;0;90;0;0;90;0;0;0;0;13.39;1.6601;0;0;0;0;0;0;0;0;0;0;0;0;0;1;1;1;1;0;0;0;0;0;0;0;0;0;0;0;0;0;0;0;0;0;0;0;0;0;0;0;0;0;0;0;0;0;0;0;0;0;0;0;1;1;1;1;1;1;1;1;1;1;1;1;1;1;1;1;1;1;1;0;0;0;0;0;0;0;0;0;0.0004;0.088;-0.0884;0;0;0;0;0;0;0;0;0;0;0;0;0;0;0;0;0;0;0;-13.39;0;0;0;0;0.0004;0;0;0;0;0;0;0;-0.0004;-0.0884;0;0;0;0;0;0;0;0;0;-0.7452;0;0.7452;1;1;0;0;0;0
09/11/21 23:00;0;0;90;0;0;90;0;0;0;0;13.42;1.8301;0;0;0;0;0;0;0;0;0;0;0;0;0;1;1;1;1;0;0;0;0;0;0;0;0;0;0;0;0;0;0;0;0;0;0;0;0;0;0;0;0;0;0;0;0;0;0;0;0;0;0;0;1;1;1;1;1;1;1;1;1;1;1;1;1;1;1;1;1;1;1;0;0;0;0;0;0;0;0;0;0.0004;0.088;-0.0884;0;0;0;0;0;0;0;0;0;0;0;0;0;0;0;0;0;0;0;-13.42;0;0;0;0;0.0004;0;0;0;0;0;0;0;-0.0004;-0.0884;0;0;0;0;0;0;0;0;0;-0.7452;0;0.7452;1;1;0;0;0;0
10/11/21 00:00;0;0;90;0;0;90;0;0;0;0;13.61;2.03;0;0;0;0;0;0;0;0;0;0;0;0;0;1;1;1;1;0;0;0;0;0;0;0;0;0;0;0;0;0;0;0;0;0;0;0;0;0;0;0;0;0;0;0;0;0;0;0;0;0;0;0;1;1;1;1;1;1;1;1;1;1;1;1;1;1;1;1;1;1;1;0;0;0;0;0;0;0;0;0;0.0004;0.088;-0.0884;0;0;0;0;0;0;0;0;0;0;0;0;0;0;0;0;0;0;0;-13.61;0;0;0;0;0.0004;0;0;0;0;0;0;0;-0.0004;-0.0884;0;0;0;0;0;0;0;0;0;-0.7452;0;0.7452;1;1;0;0;0;0
10/11/21 01:00;0;0;90;0;0;90;0;0;0;0;13.8;2.35;0;0;0;0;0;0;0;0;0;0;0;0;0;1;1;1;1;0;0;0;0;0;0;0;0;0;0;0;0;0;0;0;0;0;0;0;0;0;0;0;0;0;0;0;0;0;0;0;0;0;0;0;1;1;1;1;1;1;1;1;1;1;1;1;1;1;1;1;1;1;1;0;0;0;0;0;0;0;0;0;0.0004;0.088;-0.0884;0;0;0;0;0;0;0;0;0;0;0;0;0;0;0;0;0;0;0;-13.8;0;0;0;0;0.0004;0;0;0;0;0;0;0;-0.0004;-0.0884;0;0;0;0;0;0;0;0;0;-0.7452;0;0.7452;1;1;0;0;0;0
10/11/21 02:00;0;0;90;0;0;90;0;0;0;0;14.52;2.3801;0;0;0;0;0;0;0;0;0;0;0;0;0;1;1;1;1;0;0;0;0;0;0;0;0;0;0;0;0;0;0;0;0;0;0;0;0;0;0;0;0;0;0;0;0;0;0;0;0;0;0;0;1;1;1;1;1;1;1;1;1;1;1;1;1;1;1;1;1;1;1;0;0;0;0;0;0;0;0;0;0.0004;0.088;-0.0884;0;0;0;0;0;0;0;0;0;0;0;0;0;0;0;0;0;0;0;-14.52;0;0;0;0;0.0004;0;0;0;0;0;0;0;-0.0004;-0.0884;0;0;0;0;0;0;0;0;0;-0.7452;0;0.7452;1;1;0;0;0;0
10/11/21 03:00;0;0;90;0;0;90;0;0;0;0;14.2;2.75;0;0;0;0;0;0;0;0;0;0;0;0;0;1;1;1;1;0;0;0;0;0;0;0;0;0;0;0;0;0;0;0;0;0;0;0;0;0;0;0;0;0;0;0;0;0;0;0;0;0;0;0;1;1;1;1;1;1;1;1;1;1;1;1;1;1;1;1;1;1;1;0;0;0;0;0;0;0;0;0;0.0004;0.088;-0.0884;0;0;0;0;0;0;0;0;0;0;0;0;0;0;0;0;0;0;0;-14.2;0;0;0;0;0.0004;0;0;0;0;0;0;0;-0.0004;-0.0884;0;0;0;0;0;0;0;0;0;-0.7452;0;0.7452;1;1;0;0;0;0
10/11/21 04:00;0.9194;-110.61;87.77;0.9823;1.4006;-90;-1.4006;0;0;0;14.74;2.8799;0;0;0;0;0;0;0;0;0;0;0;0;0;1;1;1;1;0;0;0;0;0;0;0;0;0;0;0;0;0;0;0;0;0;0;0;0;0;0;0;0;0;0;0;0;0;0;0;0;0;0;0;1;1;1;1;1;1;1;1;1;1;1;1;1;1;1;1;1;1;1;0;0;0;0;0;0;0;0;0;0.0004;0.088;-0.0884;0;0;0;0;0;0;0;0;0;0;0;0;0;0;0;0;0;0;0;-14.74;0;0;0;0;0.0004;0;0;0;0;0;0;0;-0.0004;-0.0884;0;0;0;0;0;0;0;0;0;-0.7452;0;0.7452;1;1;0;0;0;0
10/11/21 05:00;7.5208;-105.87;71.492;7.8151;11.44;-90;-11.44;25.59;25.197;0.3929;14.68;3.1801;0;0.9529;24.893;0.1314;0;0.0432;26.021;0;26.021;0.9529;0.1314;24.893;0.0432;0.0366;0.9583;0;0.0017;25.76;0.2606;0;0;0.2247;0.0359;24.61;1.1242;0.1206;0.0166;0.9853;0.0016;25.735;0.0258;0.001;0.0001;0.0247;0;24.618;0.8314;0.1147;23.659;0.0057;14.98;12.509;3.7811;0.012;0.1466;2.1086;0.0078;2.2432;0;1;0;0;1.0168;0.99;1;1;0.991;0.1699;0.9563;0.8733;1;0.96;0.7755;0.999;0.999;1;0.999;0.999;0.9458;0.9504;0.1316;0.0741;0.0747;0.0004;0.0096;-0.0025;0.0005;0.0017;0.0004;0;0;0.088;-0.0284;0;0;0;0;0;0;0;0;0;0;0;0;0.0013;0.0001;0.0632;0.0632;0;15.906;15.906;1.2256;0.0498;62.127;1016.7;1;0.0036;0.0036;0;0;0;0;0;0;0.0596;-0.0284;0;16.04;18.575;-7.2096;-8.3486;94.372;94.372;0.6245;0.5327;-0.2394;0.0918;0.7721;0.147;1.2363;0;14.978;0;0
10/11/21 06:00;19.518;-97.811;35.875;19.687;35.102;-90;-35.102;160.91;136.3;24.608;14.73;2.4799;0;59.682;117.37;17.445;0;2.4874;196.98;0;196.98;59.682;17.445;117.37;2.4874;0.303;0.6085;0;0.0126;188.1;8.877;0;0;6.6539;2.2231;183.96;3.9539;0.2666;0.0779;3.5731;0.0362;187.91;0.1881;0.0597;0.0174;0.1107;0.0003;184.62;59.356;17.349;107.03;0.2279;80.467;67.19;21.818;3.0544;0.8837;12.712;0.6562;10.541;0;1;0;0;1.2242;0.9549;1;1;0.9433;0.1063;0.979;0.9955;1;0.9677;0.8628;0.999;0.999;1;0.999;0.999;0.9339;0.9119;0.0916;0.5606;0.5537;0.0033;0.017;-0.0025;0.0038;0.0133;0.0023;0;0;0.088;0.4073;0;0;0;0;0;0;0;0;0;0;0;0;0.0107;0.001;0.5048;0.5048;0;23.74;23.74;9.01;0.049;473.42;1066.3;1;0.0095;0.0095;0;0;0;0;0;0;0.4953;0.4073;0;16.935;19.61;13.665;15.824;98.125;98.125;4.7275;4.2571;3.4352;0.4704;0.8219;0.0995;0.1739;0.7266;80.311;0.6931;0
10/11/21 07:00;31.749;-89.524;0.4047;31.75;58.25;-90;-58.25;236.19;214.3;21.894;16.95;0.8899;0;41.606;158.66;12.14;0;9.5118;221.92;0;221.92;41.606;12.14;158.66;9.5118;0.1875;0.7578;0;0.0429;194.01;27.903;0;0;19.042;8.8611;188.92;4.9031;0.0006;0.0002;4.8664;0.0359;193.82;0.194;0.0416;0.0121;0.1396;0.0007;192.54;41.564;12.128;134.61;0.6141;141.6;118.24;42.276;23.867;2.5048;36.031;3.6261;14.668;0;1;0;0;0.9396;0.8743;1;1;0.88;0.0684;0.9747;1;1;0.9651;0.9447;0.999;0.999;1;0.999;0.999;0.8513;0.8484;0.0646;0.6316;0.623;0.0038;0.0165;0.0027;0.0042;0.0149;0.0066;0;0;0.088;0.4632;0;0;0;0;0;0;0;0;0;0;0;0;0.012;0.0012;0.5612;0.5612;0;26.22;26.22;9.2699;0.0491;531.12;1056.6;1;0.01;0.01;0;0;0;0;0;0;0.5512;0.4632;0;16.711;19.351;13.794;15.973;98.224;98.224;5.326;4.7327;3.9065;0.5933;0.8262;0.1114;0.1551;0.7335;135.37;0.654;0
10/11/21 08:00;43.955;-79.985;7.1916;44.395;45.605;-90;-45.605;657.2;149;508.21;21.41;0.7299;0;726.43;60.193;111.73;0;16.781;915.13;0;915.13;726.43;111.73;60.193;16.781;0.7938;0.0841;0;0.0183;894.56;20.567;0;0;5.0648;15.502;891.59;2.0809;0.1803;0.0277;1.7996;0.0733;893.67;0.8946;0.7264;0.1117;0.0551;0.0013;895.67;725.52;111.59;53.273;1.2043;287.52;240.08;77.008;3.8533;2.7606;39.71;4.0844;38.617;0;1;0;0;1.3925;0.9775;1;1;0.9159;0.0762;0.9977;0.9998;1;0.9673;0.9427;0.999;0.999;1;0.999;0.999;0.9743;0.885;0.0718;2.6044;2.6421;0.0159;-0.0015;0.3854;0.0157;0.0557;0.0064;0;0;0.088;1.9824;0;0;0;0;0;0;0;0;0;0;0;0;0.0448;0.0162;2.1036;2.1036;0;66.267;66.267;44.857;0.0503;2277.1;923.84;1;0.0333;0.0333;0;0;0;0;0;0;2.0704;1.9824;0;15.19;17.59;14.314;16.576;98.419;98.419;21.963;17.74;16.718;4.2228;1.0226;0.1923;0.0466;0.7612;45.05;0.7372;0
10/11/21 09:00;55.723;-67.202;12.605;57.858;32.142;-90;-32.142;720.71;249.8;470.91;23.78;2.21;0;556.15;136.48;120.46;0;9.3892;822.47;0;822.47;556.15;120.46;136.48;9.3892;0.6762;0.1773;0;0.0114;807.46;15.01;0;0;6.7346;8.2756;801.98;4.6756;0.2419;0.0524;4.2026;0.1787;806.66;0.8075;0.5561;0.1205;0.1297;0.0011;804.52;555.35;120.29;125.41;0.9338;386.62;322.83;105.53;2.625;3.417;49.152;2.5395;49.944;0;1;0;0;1.1412;0.9818;1;1;0.9507;0.1186;0.9942;0.9996;1;0.9676;0.8394;0.999;0.999;1;0.999;0.999;0.9751;0.9189;0.0995;2.3407;2.4002;0.0145;-0.002;0.3317;0.0144;0.051;0.008;0;0;0.088;1.8099;0;0;0;0;0;0;0;0;0;0;0;0;0.0411;0.0135;1.928;1.928;0;64.059;64.059;40.279;0.0502;2069.4;931.68;1;0.0301;0.0301;0;0;0;0;0;0;1.8979;1.8099;0;15.49;17.937;14.542;16.839;98.439;98.439;19.739;16.259;15.263;3.48;0.9958;0.1763;0.0504;0.7733;91.327;0.7401;0
10/11/21 10:00;66.049;-46.422;16.251;72.162;17.838;-90;-17.838;711.7;365.8;345.91;24.61;4.28;0;363.38;260.19;104.21;0;2.9083;730.68;0;730.68;363.38;104.21;260.19;2.9083;0.4973;0.3601;0;0.004;723.3;7.3831;0;0;4.9625;2.4206;713.06;9.515;0.2038;0.0584;9.1446;0.1082;722.58;0.7233;0.3634;0.1042;0.2552;0.0005;713.73;362.81;104.05;245.83;0.379;413.36;345.15;109.1;0.622;3.7535;53.993;0.6687;57.125;0;1;0;0;1.0267;0.9899;1;1;0.9809;0.1677;0.9868;0.9994;1;0.9641;0.7779;0.999;0.999;1;0.999;0.999;0.9759;0.9448;0.1303;2.0795;2.1502;0.0129;-0.0012;0.2689;0.0131;0.0464;0.0089;0;0;0.088;1.6378;0;0;0;0;0;0;0;0;0;0;0;0;0.0374;0.0109;1.7529;1.7529;0;60.322;60.322;35.711;0.0501;1853.5;945.7;1;0.0271;0.0271;0;0;0;0;0;0;1.7258;1.6378;0;15.852;18.356;14.811;17.151;98.456;98.456;17.536;14.782;13.812;2.7544;0.9704;0.1571;0.0553;0.7876;160.1;0.7463;0
10/11/21 11:00;71.958;-9.0925;17.808;87.053;2.9467;-90;-2.9467;164.5;162.6;1.9006;23.86;6;0;1.9032;162.26;0.2332;0;0.0185;164.41;0;164.41;1.9032;0.2332;162.26;0.0185;0.0116;0.987;0;0.0001;164.23;0.1858;0;0;0.1704;0.0154;156.85;7.2133;0.0012;0.0001;7.2113;0.0007;164.06;0.1642;0.0019;0.0002;0.1621;0;156.85;1.9001;0.2328;154.72;0.0024;97.415;81.341;24.611;-0.0009;0.9466;13.616;-0.0017;14.564;0;1;0;0;0.9995;0.9989;1;1;0.9989;0.166;0.956;0.9994;1;0.9555;0.7778;0.999;0.999;1;0.999;0.999;0.954;0.9535;0.129;0.4679;0.476;0.0029;0.0172;0.0114;0.0031;0.011;0.0024;0;0;0.088;0.3221;0;0;0;0;0;0;0;0;0;0;0;0;0.0089;0.0007;0.4183;0.4183;0;31.604;31.604;7.7441;0.0494;406.82;1028.3;1;0.0082;0.0082;0;0;0;0;0;0;0.4101;0.3221;0;16.813;19.469;12.947;14.993;98.046;98.046;3.946;3.5278;2.7167;0.4182;0.811;0.106;0.2055;0.6885;96.158;0.6483;0
10/11/21 12:00;69.166;34.127;17.123;77.948;12.052;90;12.052;1024.7;170.7;854;22.81;6.0599;0;873.25;58.295;114.28;0;1.9197;1047.7;0;1047.7;873.25;114.28;58.295;1.9197;0.8335;0.0575;0;0.0018;1045.6;2.174;0;0;0.5765;1.5975;1041.6;2.9388;0.516;0.0675;2.2828;0.0725;1044.5;1.0456;0.8733;0.1143;0.0577;0.0003;1042;871.86;114.1;55.377;0.2493;595.71;497.42;158.82;0.0346;5.2505;75.527;0.385;80.743;0;1;0;0;1.0225;0.9979;1;1;0.9901;0.1678;0.9972;0.9994;1;0.9604;0.7747;0.999;0.999;1;0.999;0.999;0.9941;0.95;0.1299;2.9818;3.1324;0.0189;0.0037;0.5611;0.0178;0.0633;0.0117;0;0;0.088;2.2557;0;0;0;0;0;0;0;0;0;0;0;0;0.051;0.0224;2.3827;2.3827;0;75.623;75.623;52.813;0.0507;2698.9;882.82;1;0.0389;0.0389;0;0;0;0;0;0;2.3437;2.2557;0;15.027;17.401;14.227;16.474;98.366;98.366;25.146;20.093;19.023;5.0523;1.0705;0.2009;0.0426;0.7565;35.137;0.7178;0
10/11/21 13:00;60.038;60.439;14.264;63.369;26.631;90;26.631;1096.1;180.9;915.21;20.42;4.9;0;1023.8;41.645;153.17;0;9.884;1228.5;0;1228.5;1023.8;153.17;41.645;9.884;0.8334;0.0419;0;0.008;1218.5;10.051;0;0;1.5276;8.5237;1215.1;2.17;0.5039;0.0754;1.3237;0.267;1217.3;1.2185;1.0238;0.1532;0.0401;0.0014;1217.6;1022.3;152.94;38.753;1.092;596.05;497.7;159.56;0.4187;5.2364;75.324;2.5202;80.142;0;1;0;0;1.1208;0.9918;1;1;0.9633;0.1376;0.9982;0.9995;1;0.967;0.8035;0.999;0.999;1;0.999;0.999;0.9891;0.9306;0.1105;3.4963;3.6345;0.0219;0.0154;0.7378;0.02;0.071;0.0113;0;0;0.088;2.5232;0;0;0;0;0;0;0;0;0;0;0;0;0.0572;0.0296;2.6704;2.6564;0;82.395;82.395;61.975;0.051;3035.8;875;1;0.0591;0.0451;0;0.014;0;0;0;0;2.6112;2.5232;0;14.288;16.545;13.572;15.716;97.787;98.302;29.484;22.401;21.279;7.0831;1.1225;0.2402;0.0381;0.7217;26.847;0.69;0
10/11/21 14:00;48.651;75.535;9.4983;49.565;40.435;90;40.435;253.5;247.9;5.6025;22.95;3.79;0;7.3607;217.12;1.7416;0;5.1469;231.37;0;231.37;7.3607;1.7416;217.12;5.1469;0.0318;0.9607;0;0.0222;211.28;20.098;0;0;15.371;4.7266;204.49;6.5697;0.0024;0.0006;6.5292;0.0375;211.06;0.2113;0.0074;0.0017;0.2018;0.0004;206.28;7.3509;1.7392;195.02;0.3823;158.43;132.29;44.003;9.1795;1.8776;27.009;1.7849;19.707;0;1;0;0;0.9127;0.9131;1;1;0.9292;0.0817;0.9689;0.9997;1;0.9676;0.9106;0.999;0.999;1;0.999;0.999;0.8838;0.8982;0.0743;0.6585;0.6443;0.0039;0.0163;0.0187;0.0042;0.015;0.0048;0;0;0.088;0.4702;0;0;0;0;0;0;0;0;0;0;0;0;0.0121;0.0012;0.568;0.568;0;33.035;33.035;10.085;0.0493;550.61;1031.5;1;0.0098;0.0098;0;0;0;0;0;0;0.5582;0.4702;0;16.221;18.784;13.427;15.549;98.272;98.272;5.553;4.7897;3.9648;0.7632;0.8249;0.1374;0.1486;0.714;155.23;0.6566;0
10/11/21 15:00;36.551;86.014;3.2014;36.617;53.383;90;53.383;543.9;218.1;325.8;24.6;3.13;0;546.22;105.85;143.33;0;18.656;814.06;0;814.06;546.22;143.33;105.85;18.656;0.671;0.1529;0;0.0229;785.36;28.7;0;0;11.233;17.467;781.25;3.318;0.0603;0.0158;3.1916;0.0503;784.57;0.7854;0.5462;0.1433;0.0946;0.0012;785.66;545.62;143.17;91.333;1.1376;213.94;178.64;57.882;11.704;2.5907;37.266;4.4054;28.153;0;1;0;0;1.4967;0.9647;1;1;0.8939;0.0637;0.9958;0.9999;1;0.9662;0.9577;0.999;0.999;1;0.999;0.999;0.9597;0.8628;0.061;2.3167;2.3225;0.014;-0.0019;0.3194;0.0139;0.0494;0.0061;0;0;0.088;1.7521;0;0;0;0;0;0;0;0;0;0;0;0;0.0398;0.0127;1.8691;1.8691;0;63.833;63.833;39.233;0.0502;2003.6;932.86;1;0.029;0.029;0;0;0;0;0;0;1.8401;1.7521;0;15.172;17.569;14.222;16.469;98.448;98.448;19.537;15.762;14.776;3.7751;0.9867;0.1932;0.0505;0.7563;85.572;0.7312;0
10/11/21 16:00;24.295;94.637;7.0389;24.366;60;90;60;446.31;103.6;342.71;24.15;3.1801;0;826.68;31.327;149.14;0;18.968;1026.1;0;1026.1;826.68;149.14;31.327;18.968;0.8056;0.049;0;0.0185;1004.4;21.683;0;0;3.9384;17.745;1002.1;1.2885;0.2008;0.0362;0.9681;0.0833;1003.4;1.0044;0.8267;0.1491;0.0274;0.0012;1003.1;825.65;148.96;26.393;1.1388;31.427;26.242;9.251;5.2421;0.5609;8.0684;0.9807;3.3872;0;1;0;0;2.2991;0.9789;1;1;0.8743;0.0645;0.9987;0.9998;1;0.9646;0.9318;0.999;0.999;1;0.999;0.999;0.9766;0.8425;0.06;2.9202;2.8862;0.0174;0.0003;0.511;0.0165;0.0585;0.0013;0;0;0.088;2.0918;0;0;0;0;0;0;0;0;0;0;0;0;0.0471;0.0192;2.2149;2.2149;0;74.932;74.932;50.782;0.0507;2492.7;888.56;1;0.0351;0.0351;0;0;0;0;0;0;2.1798;2.0918;0;14.264;16.517;13.471;15.599;98.413;98.413;24.627;18.679;17.64;5.9481;1.0385;0.2415;0.0422;0.7163;27.272;0.7121;0
10/11/21 17:00;12.178;102.69;59.23;12.473;19.116;90;19.116;77.201;75.699;1.5016;22.83;2.26;0;3.6419;73.237;0.9364;0;0.3618;78.177;0;78.177;3.6419;0.9364;73.237;0.3618;0.0466;0.9414;0;0.0046;76.3;1.8762;0;0;1.5735;0.3027;73.544;2.6801;0.1246;0.032;2.5103;0.0131;76.224;0.0763;0.0036;0.0009;0.0717;0.0001;73.63;3.5136;0.9034;69.081;0.0459;45.325;37.847;11.603;0.223;0.4451;6.402;0.0854;6.6241;0;1;0;0;1.0126;0.976;1;1;0.9785;0.1633;0.9648;0.9658;1;0.9649;0.7777;0.999;0.999;1;0.999;0.999;0.9407;0.9433;0.1269;0.2225;0.2235;0.0013;0.0153;0.0012;0.0014;0.0051;0.0011;0;0;0.088;0.0996;0;0;0;0;0;0;0;0;0;0;0;0;0.0041;0.0002;0.1936;0.1936;0;26.473;26.473;3.6431;0.0495;189.98;1019.2;1;0.006;0.006;0;0;0;0;0;0;0.1876;0.0996;0;16.366;18.951;8.4208;9.751;96.904;96.904;1.8762;1.6328;0.8401;0.2434;0.7927;0.1297;0.4225;0.4478;45.316;0.4219;0
10/11/21 18:00;3.1328;108.98;82.383;3.3125;4.7433;90;4.7433;0;0;0;20.46;2.5301;0;0;0;0;0;0;0;0;0;0;0;0;0;1;1;1;1;0;0;0;0;0;0;0;0;0;0;0;0;0;0;0;0;0;0;0;0;0;0;0;0;0;0;0;0;0;0;0;0;0;0;0;1;1;1;1;1;1;1;1;1;1;1;1;1;1;1;1;1;1;1;0;0;0;0;0;0;0;0;0;0.0004;0.088;-0.0884;0;0;0;0;0;0;0;0;0;0;0;0;0;0;0;0;0;0;0;-20.46;0;0;0;0;0.0004;0;0;0;0;0;0;0;-0.0004;-0.0884;0;0;0;0;0;0;0;0;0;-0.7452;0;0.7452;1;1;0;0;0;0
10/11/21 19:00;0;0;90;0;0;90;0;0;0;0;19.1;3.0299;0;0;0;0;0;0;0;0;0;0;0;0;0;1;1;1;1;0;0;0;0;0;0;0;0;0;0;0;0;0;0;0;0;0;0;0;0;0;0;0;0;0;0;0;0;0;0;0;0;0;0;0;1;1;1;1;1;1;1;1;1;1;1;1;1;1;1;1;1;1;1;0;0;0;0;0;0;0;0;0;0.0004;0.088;-0.0884;0;0;0;0;0;0;0;0;0;0;0;0;0;0;0;0;0;0;0;-19.1;0;0;0;0;0.0004;0;0;0;0;0;0;0;-0.0004;-0.0884;0;0;0;0;0;0;0;0;0;-0.7452;0;0.7452;1;1;0;0;0;0
10/11/21 20:00;0;0;90;0;0;90;0;0;0;0;17;3.9001;0;0;0;0;0;0;0;0;0;0;0;0;0;1;1;1;1;0;0;0;0;0;0;0;0;0;0;0;0;0;0;0;0;0;0;0;0;0;0;0;0;0;0;0;0;0;0;0;0;0;0;0;1;1;1;1;1;1;1;1;1;1;1;1;1;1;1;1;1;1;1;0;0;0;0;0;0;0;0;0;0.0004;0.088;-0.0884;0;0;0;0;0;0;0;0;0;0;0;0;0;0;0;0;0;0;0;-17;0;0;0;0;0.0004;0;0;0;0;0;0;0;-0.0004;-0.0884;0;0;0;0;0;0;0;0;0;-0.7452;0;0.7452;1;1;0;0;0;0
10/11/21 21:00;0;0;90;0;0;90;0;0;0;0;15.26;3.7301;0;0;0;0;0;0;0;0;0;0;0;0;0;1;1;1;1;0;0;0;0;0;0;0;0;0;0;0;0;0;0;0;0;0;0;0;0;0;0;0;0;0;0;0;0;0;0;0;0;0;0;0;1;1;1;1;1;1;1;1;1;1;1;1;1;1;1;1;1;1;1;0;0;0;0;0;0;0;0;0;0.0004;0.088;-0.0884;0;0;0;0;0;0;0;0;0;0;0;0;0;0;0;0;0;0;0;-15.26;0;0;0;0;0.0004;0;0;0;0;0;0;0;-0.0004;-0.0884;0;0;0;0;0;0;0;0;0;-0.7452;0;0.7452;1;1;0;0;0;0
10/11/21 22:00;0;0;90;0;0;90;0;0;0;0;14.1;3.3499;0;0;0;0;0;0;0;0;0;0;0;0;0;1;1;1;1;0;0;0;0;0;0;0;0;0;0;0;0;0;0;0;0;0;0;0;0;0;0;0;0;0;0;0;0;0;0;0;0;0;0;0;1;1;1;1;1;1;1;1;1;1;1;1;1;1;1;1;1;1;1;0;0;0;0;0;0;0;0;0;0.0004;0.088;-0.0884;0;0;0;0;0;0;0;0;0;0;0;0;0;0;0;0;0;0;0;-14.1;0;0;0;0;0.0004;0;0;0;0;0;0;0;-0.0004;-0.0884;0;0;0;0;0;0;0;0;0;-0.7452;0;0.7452;1;1;0;0;0;0
10/11/21 23:00;0;0;90;0;0;90;0;0;0;0;12.54;3.14;0;0;0;0;0;0;0;0;0;0;0;0;0;1;1;1;1;0;0;0;0;0;0;0;0;0;0;0;0;0;0;0;0;0;0;0;0;0;0;0;0;0;0;0;0;0;0;0;0;0;0;0;1;1;1;1;1;1;1;1;1;1;1;1;1;1;1;1;1;1;1;0;0;0;0;0;0;0;0;0;0.0004;0.088;-0.0884;0;0;0;0;0;0;0;0;0;0;0;0;0;0;0;0;0;0;0;-12.54;0;0;0;0;0.0004;0;0;0;0;0;0;0;-0.0004;-0.0884;0;0;0;0;0;0;0;0;0;-0.7452;0;0.7452;1;1;0;0;0;0
11/11/21 00:00;0;0;90;0;0;90;0;0;0;0;10.77;2.76;0;0;0;0;0;0;0;0;0;0;0;0;0;1;1;1;1;0;0;0;0;0;0;0;0;0;0;0;0;0;0;0;0;0;0;0;0;0;0;0;0;0;0;0;0;0;0;0;0;0;0;0;1;1;1;1;1;1;1;1;1;1;1;1;1;1;1;1;1;1;1;0;0;0;0;0;0;0;0;0;0.0004;0.088;-0.0884;0;0;0;0;0;0;0;0;0;0;0;0;0;0;0;0;0;0;0;-10.77;0;0;0;0;0.0004;0;0;0;0;0;0;0;-0.0004;-0.0884;0;0;0;0;0;0;0;0;0;-0.7452;0;0.7452;1;1;0;0;0;0
11/11/21 01:00;0;0;90;0;0;90;0;0;0;0;10.13;2.74;0;0;0;0;0;0;0;0;0;0;0;0;0;1;1;1;1;0;0;0;0;0;0;0;0;0;0;0;0;0;0;0;0;0;0;0;0;0;0;0;0;0;0;0;0;0;0;0;0;0;0;0;1;1;1;1;1;1;1;1;1;1;1;1;1;1;1;1;1;1;1;0;0;0;0;0;0;0;0;0;0.0004;0.088;-0.0884;0;0;0;0;0;0;0;0;0;0;0;0;0;0;0;0;0;0;0;-10.13;0;0;0;0;0.0004;0;0;0;0;0;0;0;-0.0004;-0.0884;0;0;0;0;0;0;0;0;0;-0.7452;0;0.7452;1;1;0;0;0;0
11/11/21 02:00;0;0;90;0;0;90;0;0;0;0;9.0002;3.1999;0;0;0;0;0;0;0;0;0;0;0;0;0;1;1;1;1;0;0;0;0;0;0;0;0;0;0;0;0;0;0;0;0;0;0;0;0;0;0;0;0;0;0;0;0;0;0;0;0;0;0;0;1;1;1;1;1;1;1;1;1;1;1;1;1;1;1;1;1;1;1;0;0;0;0;0;0;0;0;0;0.0004;0.088;-0.0884;0;0;0;0;0;0;0;0;0;0;0;0;0;0;0;0;0;0;0;-9.0002;0;0;0;0;0.0004;0;0;0;0;0;0;0;-0.0004;-0.0884;0;0;0;0;0;0;0;0;0;-0.7452;0;0.7452;1;1;0;0;0;0
11/11/21 03:00;0;0;90;0;0;90;0;0;0;0;9.1398;3.3;0;0;0;0;0;0;0;0;0;0;0;0;0;1;1;1;1;0;0;0;0;0;0;0;0;0;0;0;0;0;0;0;0;0;0;0;0;0;0;0;0;0;0;0;0;0;0;0;0;0;0;0;1;1;1;1;1;1;1;1;1;1;1;1;1;1;1;1;1;1;1;0;0;0;0;0;0;0;0;0;0.0004;0.088;-0.0884;0;0;0;0;0;0;0;0;0;0;0;0;0;0;0;0;0;0;0;-9.1398;0;0;0;0;0.0004;0;0;0;0;0;0;0;-0.0004;-0.0884;0;0;0;0;0;0;0;0;0;-0.7452;0;0.7452;1;1;0;0;0;0
11/11/21 04:00;0.8709;-110.99;87.887;0.9328;1.3299;-90;-1.3299;0;0;0;7.8402;3.46;0;0;0;0;0;0;0;0;0;0;0;0;0;1;1;1;1;0;0;0;0;0;0;0;0;0;0;0;0;0;0;0;0;0;0;0;0;0;0;0;0;0;0;0;0;0;0;0;0;0;0;0;1;1;1;1;1;1;1;1;1;1;1;1;1;1;1;1;1;1;1;0;0;0;0;0;0;0;0;0;0.0004;0.088;-0.0884;0;0;0;0;0;0;0;0;0;0;0;0;0;0;0;0;0;0;0;-7.8402;0;0;0;0;0.0004;0;0;0;0;0;0;0;-0.0004;-0.0884;0;0;0;0;0;0;0;0;0;-0.7452;0;0.7452;1;1;0;0;0;0
11/11/21 05:00;7.654;-106.11;71.154;7.9631;11.669;-90;-11.669;107.91;17.801;90.108;8.0403;3.5999;0;218.54;9.0809;20.918;0;0.1896;248.73;0;248.73;218.54;20.918;9.0809;0.1896;0.8786;0.0373;0;0.0008;248.48;0.2421;0;0;0.0847;0.1574;218.63;29.611;26.691;2.5548;0.358;0.0072;248.24;0.2485;0.2185;0.0209;0.009;0;218.63;191.63;18.342;8.6291;0.025;5.9512;4.9692;1.386;0.0048;0.0658;0.9462;0.0042;1.0072;0;1;0;0;2.305;0.999;1;1;0.9907;0.1699;0.8807;0.8777;1;0.9602;0.7755;0.999;0.999;1;0.999;0.999;0.879;0.9503;0.1316;0.7079;0.6274;0.0038;0.0165;-0.0141;0.0043;0.0154;0.0002;0;0;0.088;0.489;0;0;0;0;0;0;0;0;0;0;0;0;0.0124;0.0012;0.5877;0.5877;0;18.688;18.688;10.648;0.0487;537.5;1093.4;1;0.0107;0.0107;0;0;0;0;0;0;0.577;0.489;0;15.614;18.081;12.991;15.044;98.178;98.178;5.9694;4.9563;4.1238;1.0132;0.8324;0.1697;0.1394;0.6908;5.4674;0.6889;0
11/11/21 06:00;19.64;-98.075;35.396;19.822;35.504;-90;-35.504;313.9;54.1;259.8;9.8697;3.45;0;630.09;21.906;72.635;0;4.9607;729.59;0;729.59;630.09;72.635;21.906;4.9607;0.8636;0.0368;0;0.0068;723.89;5.706;0;0;1.2643;4.4417;719.48;3.6784;2.6388;0.3042;0.6661;0.0694;723.16;0.7239;0.6301;0.0726;0.0206;0.0005;719.61;626.82;72.258;19.955;0.4492;16.457;13.741;4.661;0.594;0.1658;2.3851;0.1253;1.957;0;1;0;0;2.3243;0.9922;1;1;0.9423;0.1046;0.9949;0.9958;1;0.9677;0.8663;0.999;0.999;1;0.999;0.999;0.9861;0.9109;0.0906;2.0764;2.0636;0.0124;-0.0007;0.1481;0.0133;0.0473;0.0004;0;0;0.088;1.6776;0;0;0;0;0;0;0;0;0;0;0;0;0.0381;0.0101;1.7947;1.7947;0;45.463;45.463;35.594;0.0495;1777.9;1009.4;1;0.0291;0.0291;0;0;0;0;0;0;1.7656;1.6776;0;16.255;18.823;15.194;17.595;98.38;98.38;17.51;15.135;14.148;2.3753;0.9873;0.1357;0.0564;0.808;15.037;0.806;0
11/11/21 07:00;31.868;-89.819;0.1534;31.868;58.132;-90;-58.132;491.39;106.3;385.09;11.97;3.63;0;729.4;38.786;105.18;0;19.716;893.08;0;893.08;729.4;105.18;38.786;19.716;0.8167;0.0655;0;0.0221;870.07;23.01;0;0;4.6415;18.368;867.94;1.2672;0.0039;0.0006;1.1891;0.0737;869.2;0.8701;0.7294;0.1052;0.0341;0.0013;871.38;728.67;105.07;32.922;1.273;131.24;109.59;35.353;5.7973;1.5095;21.713;3.4413;17.425;0;1;0;0;1.8175;0.9742;1;1;0.8803;0.0684;0.9985;1;1;0.9651;0.9453;0.999;0.999;1;0.999;0.999;0.9718;0.8488;0.0646;2.5416;2.5366;0.0153;-0.0019;0.2695;0.0158;0.0559;0.0037;0;0;0.088;1.9957;0;0;0;0;0;0;0;0;0;0;0;0;0.0451;0.015;2.1183;2.1183;0;55.244;55.244;43.274;0.0499;2188.6;967.86;1;0.0345;0.0345;0;0;0;0;0;0;2.0837;1.9957;0;15.673;18.149;14.766;17.099;98.37;98.37;21.434;17.863;16.83;3.5705;1.0332;0.1666;0.0482;0.7852;33.049;0.7712;0
11/11/21 08:00;44.079;-80.33;6.9305;44.489;45.511;-90;-45.511;735.4;121.1;614.3;14.85;3.5001;0;876.61;37.852;109.29;0;18.705;1042.5;0;1042.5;876.61;109.29;37.852;18.705;0.8409;0.0543;0;0.0179;1022;20.452;0;0;3.1754;17.276;1019.5;1.4499;0.2096;0.0261;1.1317;0.0824;1021;1.022;0.8766;0.1093;0.0347;0.0014;1024;875.52;109.15;33.51;1.3443;314.68;262.75;83.915;2.408;2.9274;42.11;4.4291;42.629;0;1;0;0;1.4175;0.9804;1;1;0.9161;0.0764;0.9986;0.9998;1;0.9673;0.9422;0.999;0.999;1;0.999;0.999;0.978;0.8853;0.0719;2.9667;3.014;0.0182;0.0018;0.4366;0.0179;0.0635;0.0068;0;0;0.088;2.269;0;0;0;0;0;0;0;0;0;0;0;0;0.0511;0.0208;2.3973;2.3973;0;66.142;66.142;51.292;0.0503;2597.6;922.9;1;0.0403;0.0403;0;0;0;0;0;0;2.357;2.269;0;15.196;17.597;14.383;16.655;98.32;98.32;25.019;20.217;19.135;4.8022;1.0817;0.1919;0.0432;0.7648;28.304;0.7424;0
11/11/21 09:00;55.87;-67.621;12.335;57.921;32.079;-90;-32.079;901.5;148.7;752.8;16.75;2.44;0;888.45;47.888;114.3;0;11.699;1062.3;0;1062.3;888.45;114.3;47.888;11.699;0.8363;0.0561;0;0.011;1049.7;12.664;0;0;2.3557;10.309;1046.5;2.1257;0.3781;0.0487;1.4751;0.2238;1048.6;1.0497;0.8885;0.1143;0.0455;0.0014;1049.6;887.19;114.14;44.011;1.1655;470.25;392.66;128.85;0.917;3.9765;57.2;3.0696;60.259;0;1;0;0;1.1784;0.9881;1;1;0.9508;0.1189;0.998;0.9996;1;0.9676;0.8389;0.999;0.999;1;0.999;0.999;0.9851;0.9191;0.0996;3.0233;3.1175;0.0188;0.0034;0.4896;0.0182;0.0647;0.0091;0;0;0.088;2.3105;0;0;0;0;0;0;0;0;0;0;0;0;0.0521;0.0222;2.4394;2.4394;0;69.549;69.549;52.799;0.0505;2687;907.88;1;0.0409;0.0409;0;0;0;0;0;0;2.3985;2.3105;0;15.174;17.571;14.372;16.642;98.324;98.324;25.496;20.572;19.485;4.9242;1.087;0.1931;0.0426;0.7642;32.031;0.7346;0
11/11/21 10:00;66.247;-46.902;15.974;72.186;17.814;-90;-17.814;1026.5;169.4;857.11;19.25;2.0601;0;900.27;54.452;119.33;0;4.1833;1078.2;0;1078.2;900.27;119.33;54.452;4.1833;0.8349;0.0544;0;0.0039;1073.7;4.5179;0;0;1.0362;3.4817;1070;2.6324;0.4962;0.0658;1.9147;0.1557;1072.6;1.0737;0.9003;0.1193;0.0534;0.0007;1071;898.87;119.14;51.448;0.5452;585.87;489.2;157.39;0.1305;5.0925;73.254;0.9526;78.216;0;1;0;0;1.0504;0.9958;1;1;0.981;0.1677;0.9975;0.9994;1;0.9641;0.7779;0.999;0.999;1;0.999;0.999;0.9924;0.9448;0.1303;3.0686;3.2108;0.0193;0.0051;0.5488;0.0185;0.0655;0.0114;0;0;0.088;2.337;0;0;0;0;0;0;0;0;0;0;0;0;0.0527;0.0234;2.4661;2.4661;0;73.408;73.408;54.158;0.0506;2766.4;891.42;1;0.0411;0.0411;0;0;0;0;0;0;2.425;2.337;0;15.113;17.501;14.322;16.585;98.333;98.333;25.878;20.797;19.708;5.0809;1.0888;0.1963;0.0421;0.7616;33.503;0.7247;0
11/11/21 11:00;72.227;-9.3059;17.531;87.033;2.9672;-90;-2.9672;992.1;182.9;809.2;20.63;1.9801;0;810.29;71.542;111.46;0;0.1131;993.4;0;993.4;810.29;111.46;71.542;0.1131;0.8157;0.0721;0;0.0001;993.23;0.1702;0;0;0.0759;0.0943;988.5;3.7407;0.4902;0.0674;3.1789;0.0042;992.24;0.9932;0.8103;0.1115;0.0715;0;988.5;808.99;111.28;68.216;0.0146;584.71;488.24;154.51;-0.0004;5.2411;75.391;-0.0038;80.633;0;1;0;0;1.0013;0.9998;1;1;0.9989;0.166;0.9962;0.9994;1;0.9555;0.7778;0.999;0.999;1;0.999;0.999;0.9951;0.9535;0.129;2.8271;2.9792;0.0179;0.0014;0.4792;0.0174;0.0616;0.0119;0;0;0.088;2.1939;0;0;0;0;0;0;0;0;0;0;0;0;0.0496;0.0203;2.3198;2.3198;0;70.54;70.54;49.909;0.0505;2566.2;904;1;0.038;0.038;0;0;0;0;0;0;2.2819;2.1939;0;15.431;17.869;14.593;16.899;98.363;98.363;23.842;19.564;18.501;4.2781;1.0623;0.1794;0.0446;0.776;42.398;0.7343;0
11/11/21 12:00;69.421;34.434;16.852;78.014;11.986;90;11.986;1064.2;175.6;888.61;22.18;1.87;0;908.41;55.615;122.03;0;1.9722;1088;0;1088;908.41;122.03;55.615;1.9722;0.8349;0.0529;0;0.0018;1085.8;2.1862;0;0;0.545;1.6412;1081.9;2.8541;0.5283;0.071;2.1804;0.0745;1084.8;1.0858;0.9084;0.122;0.0551;0.0003;1082.3;906.98;121.84;52.835;0.2562;618.7;516.61;164.99;0.0324;5.4503;78.401;0.3948;83.819;0;1;0;0;1.0224;0.998;1;1;0.9902;0.1678;0.9974;0.9994;1;0.9604;0.7747;0.999;0.999;1;0.999;0.999;0.9944;0.95;0.1299;3.0964;3.2536;0.0196;0.0059;0.5997;0.0184;0.0652;0.012;0;0;0.088;2.3276;0;0;0;0;0;0;0;0;0;0;0;0;0.0526;0.024;2.4561;2.4561;0;77.107;77.107;54.927;0.0508;2802.4;876.41;1;0.0405;0.0405;0;0;0;0;0;0;2.4156;2.3276;0;14.917;17.273;14.136;16.369;98.351;98.351;26.113;20.712;19.629;5.4004;1.0836;0.2068;0.0415;0.7517;33.515;0.7132;0
11/11/21 13:00;60.242;60.816;14.006;63.474;26.526;90;26.526;279.89;274.1;5.7916;21.8;1.4399;0;6.473;258.43;1.4637;0;2.5044;268.87;0;268.87;6.473;1.4637;258.43;2.5044;0.0241;0.9705;0;0.0093;257.29;11.579;0;0;9.4203;2.1587;248.74;8.2922;0.0031;0.0007;8.2203;0.068;257.04;0.2573;0.0065;0.0015;0.249;0.0003;249.46;6.4634;1.4615;240.54;0.2774;170.34;142.23;44.691;2.5481;1.7133;24.645;0.7151;23.81;0;1;0;0;0.9606;0.9569;1;1;0.9635;0.1381;0.9677;0.9995;1;0.967;0.803;0.999;0.999;1;0.999;0.999;0.9251;0.9308;0.1108;0.7652;0.7631;0.0046;0.0152;0.0248;0.005;0.0178;0.0044;0;0;0.088;0.5759;0;0;0;0;0;0;0;0;0;0;0;0;0.0144;0.0017;0.6752;0.6752;0;34.059;34.059;12.259;0.0493;653.58;1033.1;1;0.0113;0.0113;0;0;0;0;0;0;0.6639;0.5759;0;16.594;19.215;14.153;16.389;98.326;98.326;6.453;5.6939;4.8565;0.7591;0.8374;0.1176;0.1298;0.7526;166.5;0.7043;0
11/11/21 14:00;48.828;75.859;9.2553;49.7;40.3;90;40.3;124.2;122.9;1.2995;19.94;1.5901;0;1.7039;108.18;0.1992;0;2.5055;112.59;0;112.59;1.7039;0.1992;108.18;2.5055;0.0151;0.9831;0;0.0223;102.67;9.9211;0;0;7.621;2.3001;99.295;3.2733;0.0005;0.0001;3.2542;0.0185;102.57;0.1027;0.0017;0.0002;0.1006;0.0002;100.16;1.7016;0.199;97.208;0.1867;77.928;65.07;21.728;4.5213;0.9186;13.213;0.8635;9.6102;0;1;0;0;0.9065;0.9119;1;1;0.9296;0.082;0.9681;0.9997;1;0.9676;0.9097;0.999;0.999;1;0.999;0.999;0.8819;0.8985;0.0745;0.3204;0.313;0.0019;0.0167;-0.0002;0.0021;0.0073;0.0024;0;0;0.088;0.1819;0;0;0;0;0;0;0;0;0;0;0;0;0.0059;0.0004;0.2767;0.2767;0;24.836;24.836;4.8961;0.0493;266.44;1038.3;1;0.0068;0.0068;0;0;0;0;0;0;0.2699;0.1819;0;16.237;18.802;10.673;12.36;97.546;97.546;2.7022;2.3331;1.5337;0.3691;0.7994;0.1366;0.2958;0.5676;77.258;0.5217;0
11/11/21 15:00;36.718;86.29;2.9734;36.776;53.224;90;53.224;81.909;81.3;0.6085;18.23;2.04;0;1.0163;64.939;0.099;0;2.7941;68.849;0;68.849;1.0163;0.099;64.939;2.7941;0.0148;0.9838;0;0.0406;59.371;9.4775;0;0;6.8617;2.6158;57.347;1.9648;0.0001;0;1.9572;0.0075;59.312;0.0594;0.001;0.0001;0.0581;0.0002;58.45;1.0152;0.0989;56.062;0.1706;52.619;43.937;15.463;7.1039;0.8321;11.969;1.1027;5.6973;0;1;0;0;0.8406;0.8623;1;1;0.8943;0.0638;0.9669;0.9999;1;0.9663;0.9578;0.999;0.999;1;0.999;0.999;0.8329;0.8633;0.0611;0.1959;0.1912;0.0012;0.0145;-0.0028;0.0012;0.0044;0.0021;0;0;0.088;0.0728;0;0;0;0;0;0;0;0;0;0;0;0;0.0036;0.0002;0.1667;0.1667;0;21.066;21.066;2.8358;0.0495;161.6;1031.8;1;0.0059;0.0059;0;0;0;0;0;0;0.1608;0.0728;0;16.004;18.532;6.9882;8.0922;96.442;96.442;1.6524;1.4062;0.614;0.2462;0.7921;0.149;0.4794;0.3716;52.409;0.3288;0
11/11/21 16:00;24.463;94.88;7.033;24.541;60;90;60;112.5;110.7;1.7979;17.63;2.21;0;4.3091;82.768;0.825;0;4.7812;92.684;0;92.684;4.3091;0.825;82.768;4.7812;0.0465;0.9446;0;0.0516;77.805;14.878;0;0;10.405;4.4729;75.147;2.5801;0.001;0.0002;2.5579;0.021;77.727;0.0778;0.0043;0.0008;0.0724;0.0003;77.106;4.3038;0.824;69.733;0.287;72.091;60.196;21.856;13.838;1.3633;19.61;1.9582;7.135;0;1;0;0;0.8239;0.8395;1;1;0.8743;0.0645;0.9668;0.9998;1;0.9646;0.9318;0.999;0.999;1;0.999;0.999;0.8108;0.8425;0.06;0.2638;0.2599;0.0016;0.016;-0.0035;0.0017;0.0061;0.0035;0;0;0.088;0.1348;0;0;0;0;0;0;0;0;0;0;0;0;0.0049;0.0003;0.2293;0.2293;0;21.336;21.336;3.7054;0.0493;220.05;1041.9;1;0.0065;0.0065;0;0;0;0;0;0;0.2228;0.1348;0;16.347;18.929;9.6101;11.128;97.171;97.171;2.2244;1.9335;1.1367;0.2909;0.7968;0.1308;0.3582;0.511;72.055;0.4411;0
11/11/21 17:00;12.353;102.91;58.746;12.663;19.454;90;19.454;16.507;16.397;0.1099;15.86;1.78;0;0.2665;15.923;0.0146;0;0.0801;16.284;0;16.284;0.2665;0.0146;15.923;0.0801;0.0164;0.9827;0;0.0049;15.865;0.4194;0;0;0.3523;0.0671;15.295;0.5542;0.0086;0.0005;0.5422;0.0029;15.849;0.0159;0.0003;0;0.0156;0;15.314;0.2576;0.0141;15.013;0.0101;9.8683;8.24;2.5281;0.0516;0.097;1.395;0.0194;1.4404;0;1;0;0;0.9865;0.9742;1;1;0.9779;0.1629;0.965;0.9676;1;0.9651;0.778;0.999;0.999;1;0.999;0.999;0.9392;0.9428;0.1266;0.0463;0.0466;0.0003;0.0076;-0.0014;0.0003;0.001;0.0002;0;0;0.088;-0.053;0;0;0;0;0;0;0;0;0;0;0;0;0.0008;0;0.0378;0.0378;0;16.628;16.628;0.7683;0.0502;38.128;991.71;1;0.0028;0.0028;0;0;0;0;0;0;0.035;-0.053;0;15.344;17.768;-21.521;-24.92;92.475;92.475;0.3908;0.3189;-0.4472;0.0719;0.7661;0.1841;1.9603;0;9.8677;0;0
11/11/21 18:00;3.3173;109.19;81.932;3.512;5.0318;90;5.0318;0;0;0;13.33;2.29;0;0;0;0;0;0;0;0;0;0;0;0;0;1;1;1;1;0;0;0;0;0;0;0;0;0;0;0;0;0;0;0;0;0;0;0;0;0;0;0;0;0;0;0;0;0;0;0;0;0;0;0;1;1;1;1;1;1;1;1;1;1;1;1;1;1;1;1;1;1;1;0;0;0;0;0;0;0;0;0;0.0004;0.088;-0.0884;0;0;0;0;0;0;0;0;0;0;0;0;0;0;0;0;0;0;0;-13.33;0;0;0;0;0.0004;0;0;0;0;0;0;0;-0.0004;-0.0884;0;0;0;0;0;0;0;0;0;-0.7452;0;0.7452;1;1;0;0;0;0
11/11/21 19:00;0;0;90;0;0;90;0;0;0;0;13.8;3.4101;0;0;0;0;0;0;0;0;0;0;0;0;0;1;1;1;1;0;0;0;0;0;0;0;0;0;0;0;0;0;0;0;0;0;0;0;0;0;0;0;0;0;0;0;0;0;0;0;0;0;0;0;1;1;1;1;1;1;1;1;1;1;1;1;1;1;1;1;1;1;1;0;0;0;0;0;0;0;0;0;0.0004;0.088;-0.0884;0;0;0;0;0;0;0;0;0;0;0;0;0;0;0;0;0;0;0;-13.8;0;0;0;0;0.0004;0;0;0;0;0;0;0;-0.0004;-0.0884;0;0;0;0;0;0;0;0;0;-0.7452;0;0.7452;1;1;0;0;0;0
11/11/21 20:00;0;0;90;0;0;90;0;0;0;0;15.3;6.0501;0;0;0;0;0;0;0;0;0;0;0;0;0;1;1;1;1;0;0;0;0;0;0;0;0;0;0;0;0;0;0;0;0;0;0;0;0;0;0;0;0;0;0;0;0;0;0;0;0;0;0;0;1;1;1;1;1;1;1;1;1;1;1;1;1;1;1;1;1;1;1;0;0;0;0;0;0;0;0;0;0.0004;0.088;-0.0884;0;0;0;0;0;0;0;0;0;0;0;0;0;0;0;0;0;0;0;-15.3;0;0;0;0;0.0004;0;0;0;0;0;0;0;-0.0004;-0.0884;0;0;0;0;0;0;0;0;0;-0.7452;0;0.7452;1;1;0;0;0;0
11/11/21 21:00;0;0;90;0;0;90;0;0;0;0;14.67;9.03;0;0;0;0;0;0;0;0;0;0;0;0;0;1;1;1;1;0;0;0;0;0;0;0;0;0;0;0;0;0;0;0;0;0;0;0;0;0;0;0;0;0;0;0;0;0;0;0;0;0;0;0;1;1;1;1;1;1;1;1;1;1;1;1;1;1;1;1;1;1;1;0;0;0;0;0;0;0;0;0;0.0004;0.088;-0.0884;0;0;0;0;0;0;0;0;0;0;0;0;0;0;0;0;0;0;0;-14.67;0;0;0;0;0.0004;0;0;0;0;0;0;0;-0.0004;-0.0884;0;0;0;0;0;0;0;0;0;-0.7452;0;0.7452;1;1;0;0;0;0
11/11/21 22:00;0;0;90;0;0;90;0;0;0;0;13.62;9.74;0;0;0;0;0;0;0;0;0;0;0;0;0;1;1;1;1;0;0;0;0;0;0;0;0;0;0;0;0;0;0;0;0;0;0;0;0;0;0;0;0;0;0;0;0;0;0;0;0;0;0;0;1;1;1;1;1;1;1;1;1;1;1;1;1;1;1;1;1;1;1;0;0;0;0;0;0;0;0;0;0.0004;0.088;-0.0884;0;0;0;0;0;0;0;0;0;0;0;0;0;0;0;0;0;0;0;-13.62;0;0;0;0;0.0004;0;0;0;0;0;0;0;-0.0004;-0.0884;0;0;0;0;0;0;0;0;0;-0.7452;0;0.7452;1;1;0;0;0;0
11/11/21 23:00;0;0;90;0;0;90;0;0;0;0;13.07;10.79;0;0;0;0;0;0;0;0;0;0;0;0;0;1;1;1;1;0;0;0;0;0;0;0;0;0;0;0;0;0;0;0;0;0;0;0;0;0;0;0;0;0;0;0;0;0;0;0;0;0;0;0;1;1;1;1;1;1;1;1;1;1;1;1;1;1;1;1;1;1;1;0;0;0;0;0;0;0;0;0;0.0004;0.088;-0.0884;0;0;0;0;0;0;0;0;0;0;0;0;0;0;0;0;0;0;0;-13.07;0;0;0;0;0.0004;0;0;0;0;0;0;0;-0.0004;-0.0884;0;0;0;0;0;0;0;0;0;-0.7452;0;0.7452;1;1;0;0;0;0
12/11/21 00:00;0;0;90;0;0;90;0;0;0;0;13.02;11.01;0;0;0;0;0;0;0;0;0;0;0;0;0;1;1;1;1;0;0;0;0;0;0;0;0;0;0;0;0;0;0;0;0;0;0;0;0;0;0;0;0;0;0;0;0;0;0;0;0;0;0;0;1;1;1;1;1;1;1;1;1;1;1;1;1;1;1;1;1;1;1;0;0;0;0;0;0;0;0;0;0.0004;0.088;-0.0884;0;0;0;0;0;0;0;0;0;0;0;0;0;0;0;0;0;0;0;-13.02;0;0;0;0;0.0004;0;0;0;0;0;0;0;-0.0004;-0.0884;0;0;0;0;0;0;0;0;0;-0.7452;0;0.7452;1;1;0;0;0;0
12/11/21 01:00;0;0;90;0;0;90;0;0;0;0;12.5;10.62;0;0;0;0;0;0;0;0;0;0;0;0;0;1;1;1;1;0;0;0;0;0;0;0;0;0;0;0;0;0;0;0;0;0;0;0;0;0;0;0;0;0;0;0;0;0;0;0;0;0;0;0;1;1;1;1;1;1;1;1;1;1;1;1;1;1;1;1;1;1;1;0;0;0;0;0;0;0;0;0;0.0004;0.088;-0.0884;0;0;0;0;0;0;0;0;0;0;0;0;0;0;0;0;0;0;0;-12.5;0;0;0;0;0.0004;0;0;0;0;0;0;0;-0.0004;-0.0884;0;0;0;0;0;0;0;0;0;-0.7452;0;0.7452;1;1;0;0;0;0
12/11/21 02:00;0;0;90;0;0;90;0;0;0;0;12.8;9.45;0;0;0;0;0;0;0;0;0;0;0;0;0;1;1;1;1;0;0;0;0;0;0;0;0;0;0;0;0;0;0;0;0;0;0;0;0;0;0;0;0;0;0;0;0;0;0;0;0;0;0;0;1;1;1;1;1;1;1;1;1;1;1;1;1;1;1;1;1;1;1;0;0;0;0;0;0;0;0;0;0.0004;0.088;-0.0884;0;0;0;0;0;0;0;0;0;0;0;0;0;0;0;0;0;0;0;-12.8;0;0;0;0;0.0004;0;0;0;0;0;0;0;-0.0004;-0.0884;0;0;0;0;0;0;0;0;0;-0.7452;0;0.7452;1;1;0;0;0;0
12/11/21 03:00;0;0;90;0;0;90;0;0;0;0;12.8;8.01;0;0;0;0;0;0;0;0;0;0;0;0;0;1;1;1;1;0;0;0;0;0;0;0;0;0;0;0;0;0;0;0;0;0;0;0;0;0;0;0;0;0;0;0;0;0;0;0;0;0;0;0;1;1;1;1;1;1;1;1;1;1;1;1;1;1;1;1;1;1;1;0;0;0;0;0;0;0;0;0;0.0004;0.088;-0.0884;0;0;0;0;0;0;0;0;0;0;0;0;0;0;0;0;0;0;0;-12.8;0;0;0;0;0.0004;0;0;0;0;0;0;0;-0.0004;-0.0884;0;0;0;0;0;0;0;0;0;-0.7452;0;0.7452;1;1;0;0;0;0
12/11/21 04:00;1.0081;-111.22;87.555;1.0814;1.542;-90;-1.542;0;0;0;12.46;6.59;0;0;0;0;0;0;0;0;0;0;0;0;0;1;1;1;1;0;0;0;0;0;0;0;0;0;0;0;0;0;0;0;0;0;0;0;0;0;0;0;0;0;0;0;0;0;0;0;0;0;0;0;1;1;1;1;1;1;1;1;1;1;1;1;1;1;1;1;1;1;1;0;0;0;0;0;0;0;0;0;0.0004;0.088;-0.0884;0;0;0;0;0;0;0;0;0;0;0;0;0;0;0;0;0;0;0;-12.46;0;0;0;0;0.0004;0;0;0;0;0;0;0;-0.0004;-0.0884;0;0;0;0;0;0;0;0;0;-0.7452;0;0.7452;1;1;0;0;0;0
12/11/21 05:00;7.7816;-106.36;70.83;8.1056;11.891;-90;-11.891;1.6018;1.6018;0;12.78;5.52;0;0;1.5847;0;0;0.0029;1.5876;1.5876;0;0;0;0;0;1;1;1;1;0;0;0;0;0;0;0;0;0;0;0;0;0;0;0;0;0;0;0;0;0;0;0;0;0;0;0;0;0;0;0;0;0;0;0;0;1;1;1;1;1;1;1;1;1;1;1;1;1;0;0;1;0;0;0;0;0;0;0;0;0;0;0;0.0004;0.088;-0.0884;0;0;0;0;0;0;0;0;0;0;0;0;0;0;0;0;0;0;0;-12.78;0;0;0;0;0.0004;0;0;0;0;0;0;0;-0.0004;-0.0884;0;0;0;0;0;0;0;0;0;-0.7452;0;0.7452;1;1;0;0;0;0
12/11/21 06:00;19.756;-98.337;34.935;19.951;35.896;-90;-35.896;5.9971;5.9971;0;11.6;5.53;0;0;5.4276;0;0;0.0968;5.5244;5.5244;0;0;0;0;0;1;1;1;1;0;0;0;0;0;0;0;0;0;0;0;0;0;0;0;0;0;0;0;0;0;0;0;0;0;0;0;0;0;0;0;0;0;0;0;0;1;1;1;1;1;1;1;1;1;1;1;1;1;0;0;1;0;0;0;0;0;0;0;0;0;0;0;0.0004;0.088;-0.0884;0;0;0;0;0;0;0;0;0;0;0;0;0;0;0;0;0;0;0;-11.6;0;0;0;0;0.0004;0;0;0;0;0;0;0;-0.0004;-0.0884;0;0;0;0;0;0;0;0;0;-0.7452;0;0.7452;1;1;0;0;0;0
12/11/21 07:00;31.98;-90.112;0.0952;31.98;58.02;-90;-58.02;398.51;192;206.5;13.89;5.28;0;389.91;105.86;101.19;0;15.933;612.89;0;612.89;389.91;101.19;105.86;15.933;0.6362;0.1987;0;0.026;585.42;27.477;0;0;12.632;14.844;581.53;3.3042;0.0013;0.0003;3.2437;0.0589;584.83;0.5854;0.3899;0.1012;0.0932;0.0011;585.34;389.52;101.09;89.886;1.0288;148.68;124.15;42.292;15.704;2.1581;31.043;3.8115;17.497;0;1;0;0;1.538;0.9552;1;1;0.8807;0.0683;0.9944;1;1;0.9652;0.9458;0.999;0.999;1;0.999;0.999;0.9488;0.8491;0.0646;1.7442;1.7369;0.0105;0.0022;0.1076;0.0113;0.0401;0.0055;0;0;0.088;1.4081;0;0;0;0;0;0;0;0;0;0;0;0;0.0323;0.0073;1.5201;1.5201;0;42.609;42.609;28.719;0.0494;1494.2;1017.3;1;0.024;0.024;0;0;0;0;0;0;1.4961;1.4081;0;16.389;18.978;15.182;17.58;98.424;98.424;14.709;12.819;11.875;1.8906;0.9442;0.1285;0.0642;0.8073;90.081;0.7778;0
12/11/21 08:00;44.197;-80.673;6.6725;44.578;45.422;-90;-45.422;843.19;139.1;704.09;15.07;5.94;0;1003.2;32.782;143.29;0;21.367;1200.6;0;1200.6;1003.2;143.29;32.782;21.367;0.8355;0.0451;0;0.0178;1178.1;22.475;0;0;2.7422;19.732;1175.6;1.3392;0.231;0.033;0.9802;0.095;1176.9;1.1781;1.0032;0.1433;0.03;0.0016;1180.6;1001.9;143.12;29.029;1.5378;358.77;299.57;95.565;2.0727;3.3009;47.482;5.0175;48.71;0;1;0;0;1.4239;0.9813;1;1;0.9163;0.0765;0.9989;0.9998;1;0.9673;0.9418;0.999;0.999;1;0.999;0.999;0.9792;0.8855;0.072;3.4168;3.473;0.0209;0.0109;0.6078;0.0198;0.0703;0.0074;0;0;0.088;2.5186;0;0;0;0;0;0;0;0;0;0;0;0;0.0567;0.0273;2.6519;2.6519;0;74.646;74.646;59.576;0.0507;2993;886.05;1;0.0453;0.0453;0;0;0;0;0;0;2.6066;2.5186;0;14.596;16.902;13.862;16.052;98.291;98.291;28.814;22.364;21.24;6.4505;1.1243;0.2239;0.039;0.7371;24.493;0.7159;0
12/11/21 09:00;56.009;-68.04;12.068;57.98;32.02;-90;-32.02;309.41;298.1;11.308;15.69;6.74;0;13.337;272.74;3.4328;0;4.0012;293.51;0;293.51;13.337;3.4328;272.74;4.0012;0.0454;0.9429;0;0.0136;276.6;16.902;0;0;13.378;3.5246;267.84;8.4871;0.0056;0.0014;8.4032;0.0769;276.33;0.2766;0.0133;0.0034;0.2594;0.0005;269.08;13.318;3.428;250.69;0.3992;189.68;158.39;50.884;5.1739;1.9871;28.583;1.2421;25.396;0;1;0;0;0.9486;0.9424;1;1;0.9509;0.1191;0.9693;0.9996;1;0.9676;0.8385;0.999;0.999;1;0.999;0.999;0.9126;0.9192;0.0998;0.8353;0.8271;0.005;0.0144;0.0113;0.0056;0.0198;0.0052;0;0;0.088;0.6474;0;0;0;0;0;0;0;0;0;0;0;0;0.0159;0.0019;0.748;0.748;0;28.825;28.825;13.135;0.049;707.21;1057.7;1;0.0126;0.0126;0;0;0;0;0;0;0.7354;0.6474;0;16.841;19.501;14.576;16.879;98.317;98.317;7.0442;6.3081;5.4598;0.7361;0.8483;0.1045;0.1204;0.7751;182.35;0.7224;0
12/11/21 10:00;66.438;-47.388;15.702;72.206;17.794;-90;-17.794;438.9;397.8;41.104;15.9;7.05;0;43.169;375.82;13.412;0;1.7847;434.19;0;434.19;43.169;13.412;375.82;1.7847;0.0994;0.8697;0;0.0041;425.56;8.6234;0;0;7.1381;1.4853;411.82;13.317;0.0234;0.0073;13.22;0.0664;425.14;0.4256;0.0432;0.0134;0.3687;0.0003;412.23;43.102;13.391;355.09;0.2326;261.87;218.66;67.266;0.89;2.5306;36.402;0.4158;38.042;0;1;0;0;0.9893;0.9801;1;1;0.981;0.1677;0.9687;0.9995;1;0.9641;0.7778;0.999;0.999;1;0.999;0.999;0.9485;0.9448;0.1303;1.2357;1.2523;0.0075;0.0086;0.0495;0.0083;0.0295;0.0066;0;0;0.088;1.0089;0;0;0;0;0;0;0;0;0;0;0;0;0.0237;0.004;1.1147;1.1147;0;36.163;36.163;20.263;0.0492;1075.6;1036.3;1;0.0177;0.0177;0;0;0;0;0;0;1.0969;1.0089;0;16.964;19.644;15.355;17.781;98.411;98.411;10.42;9.4;8.5085;1.0204;0.8915;0.0979;0.0856;0.8165;231.21;0.7683;0
12/11/21 11:00;72.491;-9.5338;17.259;87.009;2.9911;-90;-2.9911;134.69;133.4;1.293;14.72;6.9;0;1.2948;133.18;0.1297;0;0.0156;134.62;0;134.62;1.2948;0.1297;133.18;0.0156;0.0096;0.9894;0;0.0001;134.46;0.1559;0;0;0.1429;0.013;128.41;5.9178;0.0008;0.0001;5.9163;0.0006;134.33;0.1345;0.0013;0.0001;0.133;0;128.41;1.2927;0.1295;126.99;0.002;79.764;66.603;20.123;-0.0007;0.7769;11.176;-0.0013;11.954;0;1;0;0;0.9995;0.9988;1;1;0.9989;0.166;0.9559;0.9994;1;0.9555;0.7777;0.999;0.999;1;0.999;0.999;0.9539;0.9535;0.129;0.3831;0.3898;0.0023;0.0172;-0.0056;0.0026;0.0093;0.002;0;0;0.088;0.258;0;0;0;0;0;0;0;0;0;0;0;0;0.0075;0.0005;0.3538;0.3538;0;21.015;21.015;6.2953;0.049;332.51;1064.1;1;0.0078;0.0078;0;0;0;0;0;0;0.346;0.258;0;17.368;20.112;12.663;14.664;97.783;97.783;3.2308;2.9838;2.1755;0.247;0.8083;0.0765;0.2502;0.6734;78.926;0.634;0
12/11/21 12:00;69.673;34.734;16.588;78.082;11.918;90;11.918;199.7;197;2.705;14;6.7601;0;2.7646;194.47;0.4158;0;0.3659;198.02;0;198.02;2.7646;0.4158;194.47;0.3659;0.014;0.9839;0;0.0018;195.83;2.1921;0;0;1.8876;0.3045;187.98;7.6489;0.0016;0.0002;7.6332;0.0138;195.63;0.1958;0.0028;0.0004;0.1926;0.0001;188.05;2.7602;0.4151;184.76;0.0475;118.98;99.346;30.317;0.1094;1.1465;16.491;0.0678;17.529;0;1;0;0;0.9916;0.9889;1;1;0.9903;0.1678;0.9609;0.9994;1;0.9603;0.7747;0.999;0.999;1;0.999;0.999;0.9493;0.9501;0.1299;0.5635;0.5711;0.0034;0.0169;-0.0037;0.0039;0.0138;0.003;0;0;0.088;0.424;0;0;0;0;0;0;0;0;0;0;0;0;0.0111;0.001;0.5217;0.5217;0;23.201;23.201;9.2011;0.0489;488.01;1068.9;1;0.0097;0.0097;0;0;0;0;0;0;0.512;0.424;0;17.408;20.158;14.149;16.384;98.146;98.146;4.7524;4.3992;3.5755;0.3533;0.8237;0.0743;0.1733;0.7524;117.17;0.7082;0
12/11/21 13:00;60.445;61.185;13.753;63.58;26.42;90;26.42;236.29;232.2;4.091;14.33;6.57;0;4.5681;219.33;0.8729;0;2.0977;226.87;0;226.87;4.5681;0.8729;219.33;2.0977;0.0201;0.976;0;0.0092;217.12;9.751;0;0;7.9438;1.8072;209.86;7.0419;0.0022;0.0004;6.982;0.0573;216.9;0.2171;0.0046;0.0009;0.2114;0.0003;210.46;4.5614;0.8717;204.2;0.2329;143.85;120.12;37.723;2.1323;1.4468;20.812;0.5981;20.126;0;1;0;0;0.9601;0.957;1;1;0.9638;0.1385;0.9675;0.9995;1;0.9669;0.8025;0.999;0.999;1;0.999;0.999;0.925;0.931;0.111;0.6457;0.6438;0.0039;0.0163;-0.0009;0.0044;0.0155;0.0038;0;0;0.088;0.4886;0;0;0;0;0;0;0;0;0;0;0;0;0.0125;0.0012;0.5871;0.5871;0;24.605;24.605;10.275;0.049;550.21;1067;1;0.0104;0.0104;0;0;0;0;0;0;0.5766;0.4886;0;17.099;19.801;14.232;16.481;98.223;98.223;5.4449;4.9509;4.1208;0.494;0.8301;0.0907;0.1525;0.7568;141.21;0.7082;0
12/11/21 14:00;49.004;76.176;9.018;49.836;40.164;90;40.164;399.31;354.1;45.203;13.87;6.25;0;59.151;298.96;19.867;0;8.0032;385.98;0;385.98;59.151;19.867;298.96;8.0032;0.1532;0.7953;0;0.0207;357.68;28.3;0;0;20.956;7.3444;348.25;9.0802;0.0184;0.0062;8.9955;0.0601;357.33;0.3577;0.0592;0.0199;0.278;0.0007;350.92;59.073;19.841;268.73;0.5981;241.22;201.42;66.763;12.351;2.7685;39.824;2.6761;30.242;0;1;0;0;0.9666;0.9267;1;1;0.9299;0.0823;0.9746;0.9997;1;0.9676;0.9087;0.999;0.999;1;0.999;0.999;0.9022;0.8989;0.0747;1.0985;1.0838;0.0065;0.011;0.0229;0.0073;0.0259;0.0073;0;0;0.088;0.875;0;0;0;0;0;0;0;0;0;0;0;0;0.0209;0.0031;0.979;0.979;0;30.948;30.948;17.078;0.049;928.45;1054.4;1;0.0159;0.0159;0;0;0;0;0;0;0.963;0.875;0;16.76;19.407;14.98;17.347;98.372;98.372;9.2636;8.2557;7.3792;1.0079;0.8765;0.1088;0.0946;0.7966;213.26;0.7395;0
12/11/21 15:00;36.885;86.559;2.7514;36.934;53.066;90;53.066;31.998;31.903;0.0947;13.5;5.5899;0;0.1577;25.534;0.006;0;1.0855;26.783;0;26.783;0.1577;0.006;25.534;1.0855;0.0059;0.9939;0;0.0405;23.08;3.7025;0;0;2.6863;1.0161;22.285;0.7722;0;0;0.7693;0.0029;23.057;0.0231;0.0002;0;0.0228;0.0001;22.715;0.1575;0.006;22.055;0.0663;20.604;17.204;6.0449;2.7642;0.3253;4.6796;0.4301;2.2408;0;1;0;0;0.837;0.8618;1;1;0.8948;0.0639;0.9665;0.9999;1;0.9663;0.9579;0.999;0.999;1;0.999;0.999;0.8321;0.8638;0.0611;0.0762;0.0744;0.0004;0.0096;-0.0028;0.0005;0.0017;0.0008;0;0;0.088;-0.0288;0;0;0;0;0;0;0;0;0;0;0;0;0.0013;0.0001;0.0628;0.0628;0;14.61;14.61;1.1103;0.0498;61.638;1018.6;1;0.0036;0.0036;0;0;0;0;0;0;0.0592;-0.0288;0;15.49;17.937;-7.0983;-8.2197;94.34;94.34;0.6428;0.5295;-0.2426;0.1133;0.7721;0.1763;1.2011;0;20.573;0;0
12/11/21 16:00;24.63;95.117;7.0341;24.717;60;90;60;33.306;33.2;0.1066;12.33;4.42;0;0.2539;24.895;0.0145;0;1.4155;26.579;0;26.579;0.2539;0.0145;24.895;1.4155;0.0096;0.9899;0;0.0533;22.125;4.454;0;0;3.1298;1.3242;21.327;0.7756;0.0001;0;0.7694;0.0062;22.103;0.0221;0.0003;0;0.0218;0.0001;21.916;0.2536;0.0145;20.974;0.085;21.676;18.099;6.5706;4.1624;0.4101;5.8984;0.589;2.1461;0;1;0;0;0.798;0.8324;1;1;0.8743;0.0645;0.9649;0.9998;1;0.9646;0.9318;0.999;0.999;1;0.999;0.999;0.8024;0.8425;0.06;0.0756;0.0745;0.0004;0.0096;-0.0032;0.0005;0.0017;0.001;0;0;0.088;-0.0286;0;0;0;0;0;0;0;0;0;0;0;0;0.0014;0.0001;0.063;0.063;0;13.392;13.392;1.0623;0.0498;61.649;1022.3;1;0.0036;0.0036;0;0;0;0;0;0;0.0594;-0.0286;0;15.668;18.144;-7.0986;-8.22;94.325;94.325;0.6379;0.5315;-0.2408;0.1064;0.7723;0.1668;1.2106;0;21.673;0;0
12/11/21 17:00;12.527;103.13;58.261;12.852;19.796;90;19.796;44.695;44.202;0.4928;11.93;3.1899;0;1.1952;42.827;0.1744;0;0.2245;44.421;0;44.421;1.1952;0.1744;42.827;0.2245;0.0269;0.9692;0;0.0051;43.257;1.1635;0;0;0.9755;0.188;41.715;1.4987;0.0365;0.0053;1.4488;0.0081;43.214;0.0433;0.0012;0.0002;0.0419;0;41.77;1.1575;0.1689;40.36;0.0284;26.585;22.198;6.8164;0.1473;0.2614;3.7605;0.0545;3.8745;0;1;0;0;0.9939;0.9738;1;1;0.9772;0.1625;0.9653;0.9694;1;0.9653;0.7783;0.999;0.999;1;0.999;0.999;0.9391;0.9424;0.1263;0.1264;0.127;0.0008;0.0124;-0.0051;0.0008;0.003;0.0007;0;0;0.088;0.019;0;0;0;0;0;0;0;0;0;0;0;0;0.0024;0.0001;0.1121;0.1121;0;13.988;13.988;2.0586;0.0493;106.94;1048.3;1;0.0051;0.0051;0;0;0;0;0;0;0.107;0.019;0;16.676;19.311;2.8337;3.2814;95.493;95.493;1.0661;0.9454;0.1606;0.1207;0.7847;0.1132;0.7361;0.1507;26.582;0.1417;0
12/11/21 18:00;3.3087;109.53;81.954;3.5101;5.0292;90;5.0292;0.1953;0.1953;0;11.7;3.29;0;0;0.195;0;0;0.0001;0.195;0.195;0;0;0;0;0;1;1;1;1;0;0;0;0;0;0;0;0;0;0;0;0;0;0;0;0;0;0;0;0;0;0;0;0;0;0;0;0;0;0;0;0;0;0;0;0;1;1;1;1;1;1;1;1;1;1;1;1;1;0;0;1;0;0;0;0;0;0;0;0;0;0;0;0.0004;0.088;-0.0884;0;0;0;0;0;0;0;0;0;0;0;0;0;0;0;0;0;0;0;-11.7;0;0;0;0;0.0004;0;0;0;0;0;0;0;-0.0004;-0.0884;0;0;0;0;0;0;0;0;0;-0.7452;0;0.7452;1;1;0;0;0;0
12/11/21 19:00;0;0;90;0;0;90;0;0;0;0;11.6;3.85;0;0;0;0;0;0;0;0;0;0;0;0;0;1;1;1;1;0;0;0;0;0;0;0;0;0;0;0;0;0;0;0;0;0;0;0;0;0;0;0;0;0;0;0;0;0;0;0;0;0;0;0;1;1;1;1;1;1;1;1;1;1;1;1;1;1;1;1;1;1;1;0;0;0;0;0;0;0;0;0;0.0004;0.088;-0.0884;0;0;0;0;0;0;0;0;0;0;0;0;0;0;0;0;0;0;0;-11.6;0;0;0;0;0.0004;0;0;0;0;0;0;0;-0.0004;-0.0884;0;0;0;0;0;0;0;0;0;-0.7452;0;0.7452;1;1;0;0;0;0
12/11/21 20:00;0;0;90;0;0;90;0;0;0;0;11.9;4.67;0;0;0;0;0;0;0;0;0;0;0;0;0;1;1;1;1;0;0;0;0;0;0;0;0;0;0;0;0;0;0;0;0;0;0;0;0;0;0;0;0;0;0;0;0;0;0;0;0;0;0;0;1;1;1;1;1;1;1;1;1;1;1;1;1;1;1;1;1;1;1;0;0;0;0;0;0;0;0;0;0.0004;0.088;-0.0884;0;0;0;0;0;0;0;0;0;0;0;0;0;0;0;0;0;0;0;-11.9;0;0;0;0;0.0004;0;0;0;0;0;0;0;-0.0004;-0.0884;0;0;0;0;0;0;0;0;0;-0.7452;0;0.7452;1;1;0;0;0;0
12/11/21 21:00;0;0;90;0;0;90;0;0;0;0;11.5;5.0001;0;0;0;0;0;0;0;0;0;0;0;0;0;1;1;1;1;0;0;0;0;0;0;0;0;0;0;0;0;0;0;0;0;0;0;0;0;0;0;0;0;0;0;0;0;0;0;0;0;0;0;0;1;1;1;1;1;1;1;1;1;1;1;1;1;1;1;1;1;1;1;0;0;0;0;0;0;0;0;0;0.0004;0.088;-0.0884;0;0;0;0;0;0;0;0;0;0;0;0;0;0;0;0;0;0;0;-11.5;0;0;0;0;0.0004;0;0;0;0;0;0;0;-0.0004;-0.0884;0;0;0;0;0;0;0;0;0;-0.7452;0;0.7452;1;1;0;0;0;0
12/11/21 22:00;0;0;90;0;0;90;0;0;0;0;11.3;5.1799;0;0;0;0;0;0;0;0;0;0;0;0;0;1;1;1;1;0;0;0;0;0;0;0;0;0;0;0;0;0;0;0;0;0;0;0;0;0;0;0;0;0;0;0;0;0;0;0;0;0;0;0;1;1;1;1;1;1;1;1;1;1;1;1;1;1;1;1;1;1;1;0;0;0;0;0;0;0;0;0;0.0004;0.088;-0.0884;0;0;0;0;0;0;0;0;0;0;0;0;0;0;0;0;0;0;0;-11.3;0;0;0;0;0.0004;0;0;0;0;0;0;0;-0.0004;-0.0884;0;0;0;0;0;0;0;0;0;-0.7452;0;0.7452;1;1;0;0;0;0
12/11/21 23:00;0;0;90;0;0;90;0;0;0;0;11;5.05;0;0;0;0;0;0;0;0;0;0;0;0;0;1;1;1;1;0;0;0;0;0;0;0;0;0;0;0;0;0;0;0;0;0;0;0;0;0;0;0;0;0;0;0;0;0;0;0;0;0;0;0;1;1;1;1;1;1;1;1;1;1;1;1;1;1;1;1;1;1;1;0;0;0;0;0;0;0;0;0;0.0004;0.088;-0.0884;0;0;0;0;0;0;0;0;0;0;0;0;0;0;0;0;0;0;0;-11;0;0;0;0;0.0004;0;0;0;0;0;0;0;-0.0004;-0.0884;0;0;0;0;0;0;0;0;0;-0.7452;0;0.7452;1;1;0;0;0;0
13/11/21 00:00;0;0;90;0;0;90;0;0;0;0;10.7;4.74;0;0;0;0;0;0;0;0;0;0;0;0;0;1;1;1;1;0;0;0;0;0;0;0;0;0;0;0;0;0;0;0;0;0;0;0;0;0;0;0;0;0;0;0;0;0;0;0;0;0;0;0;1;1;1;1;1;1;1;1;1;1;1;1;1;1;1;1;1;1;1;0;0;0;0;0;0;0;0;0;0.0004;0.088;-0.0884;0;0;0;0;0;0;0;0;0;0;0;0;0;0;0;0;0;0;0;-10.7;0;0;0;0;0.0004;0;0;0;0;0;0;0;-0.0004;-0.0884;0;0;0;0;0;0;0;0;0;-0.7452;0;0.7452;1;1;0;0;0;0
13/11/21 01:00;0;0;90;0;0;90;0;0;0;0;10.5;4.44;0;0;0;0;0;0;0;0;0;0;0;0;0;1;1;1;1;0;0;0;0;0;0;0;0;0;0;0;0;0;0;0;0;0;0;0;0;0;0;0;0;0;0;0;0;0;0;0;0;0;0;0;1;1;1;1;1;1;1;1;1;1;1;1;1;1;1;1;1;1;1;0;0;0;0;0;0;0;0;0;0.0004;0.088;-0.0884;0;0;0;0;0;0;0;0;0;0;0;0;0;0;0;0;0;0;0;-10.5;0;0;0;0;0.0004;0;0;0;0;0;0;0;-0.0004;-0.0884;0;0;0;0;0;0;0;0;0;-0.7452;0;0.7452;1;1;0;0;0;0
13/11/21 02:00;0;0;90;0;0;90;0;0;0;0;10.4;4.58;0;0;0;0;0;0;0;0;0;0;0;0;0;1;1;1;1;0;0;0;0;0;0;0;0;0;0;0;0;0;0;0;0;0;0;0;0;0;0;0;0;0;0;0;0;0;0;0;0;0;0;0;1;1;1;1;1;1;1;1;1;1;1;1;1;1;1;1;1;1;1;0;0;0;0;0;0;0;0;0;0.0004;0.088;-0.0884;0;0;0;0;0;0;0;0;0;0;0;0;0;0;0;0;0;0;0;-10.4;0;0;0;0;0.0004;0;0;0;0;0;0;0;-0.0004;-0.0884;0;0;0;0;0;0;0;0;0;-0.7452;0;0.7452;1;1;0;0;0;0
13/11/21 03:00;0;0;90;0;0;90;0;0;0;0;10.3;4.7601;0;0;0;0;0;0;0;0;0;0;0;0;0;1;1;1;1;0;0;0;0;0;0;0;0;0;0;0;0;0;0;0;0;0;0;0;0;0;0;0;0;0;0;0;0;0;0;0;0;0;0;0;1;1;1;1;1;1;1;1;1;1;1;1;1;1;1;1;1;1;1;0;0;0;0;0;0;0;0;0;0.0004;0.088;-0.0884;0;0;0;0;0;0;0;0;0;0;0;0;0;0;0;0;0;0;0;-10.3;0;0;0;0;0.0004;0;0;0;0;0;0;0;-0.0004;-0.0884;0;0;0;0;0;0;0;0;0;-0.7452;0;0.7452;1;1;0;0;0;0
13/11/21 04:00;1.1396;-111.46;87.235;1.2244;1.7462;-90;-1.7462;0;0;0;10.28;4.7099;0;0;0;0;0;0;0;0;0;0;0;0;0;1;1;1;1;0;0;0;0;0;0;0;0;0;0;0;0;0;0;0;0;0;0;0;0;0;0;0;0;0;0;0;0;0;0;0;0;0;0;0;1;1;1;1;1;1;1;1;1;1;1;1;1;1;1;1;1;1;1;0;0;0;0;0;0;0;0;0;0.0004;0.088;-0.0884;0;0;0;0;0;0;0;0;0;0;0;0;0;0;0;0;0;0;0;-10.28;0;0;0;0;0.0004;0;0;0;0;0;0;0;-0.0004;-0.0884;0;0;0;0;0;0;0;0;0;-0.7452;0;0.7452;1;1;0;0;0;0
13/11/21 05:00;7.9035;-106.6;70.519;8.2426;12.104;-90;-12.104;24.106;23.701;0.4047;10.1;4.8599;0;0.9816;23.388;0.1211;0;0.0456;24.536;0;24.536;0.9816;0.1211;23.388;0.0456;0.04;0.9551;0;0.0019;24.266;0.2699;0;0;0.2321;0.0378;23.199;1.0429;0.1122;0.0138;0.9152;0.0017;24.242;0.0243;0.001;0.0001;0.0232;0;23.208;0.8685;0.1071;22.218;0.006;14.101;11.775;3.5625;0.0139;0.1379;1.9843;0.0085;2.1083;0;1;0;0;1.0179;0.989;1;1;0.9901;0.1699;0.957;0.8856;1;0.9604;0.7755;0.999;0.999;1;0.999;0.999;0.9455;0.95;0.1316;0.0698;0.0704;0.0004;0.0094;-0.0035;0.0004;0.0016;0.0003;0;0;0.088;-0.0312;0;0;0;0;0;0;0;0;0;0;0;0;0.0013;0.0001;0.0604;0.0604;0;11.252;11.252;1.1519;0.0497;58.383;1034.4;1;0.0036;0.0036;0;0;0;0;0;0;0.0568;-0.0312;0;16.265;18.834;-8.3936;-9.7196;94.105;94.105;0.5889;0.5093;-0.2628;0.0796;0.7721;0.1351;1.3112;0;14.099;0;0
13/11/21 06:00;19.867;-98.597;34.493;20.075;36.278;-90;-36.278;123.4;117.3;6.0996;10.54;4.41;0;14.793;104.57;3.6539;0;2.0333;125.05;0;125.05;14.793;3.6539;104.57;2.0333;0.1183;0.8525;0;0.0163;116.98;8.0693;0;0;6.2424;1.8269;113.6;3.2662;0.0541;0.0134;3.1725;0.0261;116.86;0.117;0.0148;0.0037;0.0983;0.0002;114.23;14.724;3.6369;95.057;0.18;72.261;60.338;19.726;3.0473;0.8047;11.576;0.6329;9.3334;0;1;0;0;1.0134;0.9355;1;1;0.9403;0.1015;0.9721;0.9963;1;0.9677;0.8732;0.999;0.999;1;0.999;0.999;0.9084;0.909;0.0885;0.3559;0.35;0.0021;0.017;-0.0113;0.0024;0.0085;0.0021;0;0;0.088;0.2262;0;0;0;0;0;0;0;0;0;0;0;0;0.0068;0.0005;0.3219;0.3219;0;16.093;16.093;5.5527;0.0489;298.04;1080;1;0.0077;0.0077;0;0;0;0;0;0;0.3142;0.2262;0;17.009;19.696;11.954;13.842;97.618;97.618;3.0012;2.7145;1.9077;0.2867;0.8068;0.0955;0.2688;0.6357;72.224;0.5945;0
13/11/21 07:00;32.086;-90.403;0.3411;32.086;57.914;-90;-57.914;219.3;204.9;14.395;10.88;3.54;0;27.1;153.83;7.4805;0;8.7386;197.15;0;197.15;27.1;7.4805;153.83;8.7386;0.1375;0.8246;0;0.0443;170.7;26.45;0;0;18.308;8.1417;165.78;4.744;0.0003;0.0001;4.7116;0.032;170.53;0.1707;0.0271;0.0075;0.1355;0.0006;169.19;27.073;7.473;130.67;0.5643;134.93;112.66;40.312;22.669;2.3801;34.237;3.4074;13.948;0;1;0;0;0.899;0.8658;1;1;0.881;0.0683;0.9722;1;1;0.9652;0.9463;0.999;0.999;1;0.999;0.999;0.8409;0.8495;0.0646;0.5611;0.5526;0.0033;0.017;-0.0119;0.0038;0.0135;0.0064;0;0;0.088;0.4111;0;0;0;0;0;0;0;0;0;0;0;0;0.0109;0.0009;0.5087;0.5087;0;18.975;18.975;8.0947;0.0488;470.44;1081.4;1;0.0097;0.0097;0;0;0;0;0;0;0.4991;0.4111;0;17.051;19.744;13.778;15.954;98.102;98.102;4.7316;4.29;3.4665;0.4415;0.8235;0.0933;0.1741;0.7326;130.75;0.6483;0
13/11/21 08:00;44.308;-81.014;6.4178;44.662;45.338;-90;-45.338;174.89;171.9;2.9937;11.31;3.6799;0;4.2589;145.92;0.75;0;4.4164;155.34;0;155.34;4.2589;0.75;145.92;4.4164;0.0274;0.9678;0;0.0284;139.09;16.251;0;0;12.173;4.078;134.57;4.3839;0.0009;0.0002;4.363;0.0198;138.95;0.1391;0.0043;0.0008;0.1337;0.0003;136.17;4.2537;0.7491;129.25;0.3183;110.4;92.187;31.478;9.1448;1.4342;20.63;1.6;12.92;0;1;0;0;0.8882;0.8954;1;1;0.9166;0.0766;0.9684;0.9998;1;0.9673;0.9414;0.999;0.999;1;0.999;0.999;0.8663;0.8858;0.0721;0.4421;0.4309;0.0026;0.0173;-0.011;0.003;0.0105;0.0038;0;0;0.088;0.2993;0;0;0;0;0;0;0;0;0;0;0;0;0.0084;0.0006;0.3958;0.3958;0;17.887;17.887;6.5769;0.0489;366.92;1078.6;1;0.0084;0.0084;0;0;0;0;0;0;0.3873;0.2993;0;16.835;19.494;12.733;14.744;97.869;97.869;3.7282;3.3375;2.5242;0.3907;0.8132;0.1048;0.2181;0.6771;108.94;0.6158;0
13/11/21 09:00;56.141;-68.457;11.805;58.034;31.966;-90;-31.966;272;265.5;6.5006;11.84;5.07;0;7.6626;243.99;1.7531;0;3.5059;256.92;0;256.92;7.6626;1.7531;243.99;3.5059;0.0298;0.9634;0;0.0136;241.89;15.024;0;0;11.936;3.0875;234.06;7.591;0.0031;0.0007;7.5195;0.0677;241.65;0.2419;0.0077;0.0018;0.2321;0.0004;235.15;7.6518;1.7506;224.31;0.3503;167.19;139.61;44.825;4.602;1.7558;25.256;1.0907;22.41;0;1;0;0;0.9445;0.9415;1;1;0.9511;0.1193;0.9686;0.9996;1;0.9676;0.8381;0.999;0.999;1;0.999;0.999;0.911;0.9193;0.0999;0.7312;0.7234;0.0044;0.0156;-0.0044;0.005;0.0176;0.0047;0;0;0.088;0.5653;0;0;0;0;0;0;0;0;0;0;0;0;0.0142;0.0015;0.665;0.665;0;23.277;23.277;11.437;0.0489;618.05;1075.9;1;0.0116;0.0116;0;0;0;0;0;0;0.6533;0.5653;0;17.103;19.805;14.541;16.838;98.251;98.251;6.166;5.6077;4.7675;0.5583;0.8402;0.0905;0.1363;0.7732;163.07;0.7202;0
13/11/21 10:00;66.621;-47.879;15.435;72.222;17.778;-90;-17.778;506.71;424.8;81.908;14.53;6.82;0;86.016;388.18;28.486;0;2.0568;504.74;0;504.74;86.016;28.486;388.18;2.0568;0.1704;0.7731;0;0.0041;495.66;9.0736;0;0;7.3619;1.7118;481.37;13.796;0.0458;0.0152;13.659;0.0766;495.17;0.4957;0.086;0.0285;0.3808;0.0003;481.85;85.884;28.442;366.78;0.2681;300.85;251.21;77.659;0.9165;2.8757;41.366;0.4778;43.325;0;1;0;0;0.9961;0.982;1;1;0.981;0.1677;0.9721;0.9995;1;0.9641;0.7778;0.999;0.999;1;0.999;0.999;0.9537;0.9449;0.1303;1.4364;1.4615;0.0088;0.0057;0.0682;0.0097;0.0342;0.0074;0;0;0.088;1.1863;0;0;0;0;0;0;0;0;0;0;0;0;0.0276;0.0053;1.2946;1.2946;0;38.236;38.236;23.707;0.0492;1255.9;1030.8;1;0.0203;0.0203;0;0;0;0;0;0;1.2743;1.1863;0;16.949;19.626;15.531;17.984;98.431;98.431;12.114;10.918;10.004;1.1962;0.9134;0.0987;0.0754;0.8259;238.8;0.7781;0
13/11/21 11:00;72.749;-9.7765;16.993;86.982;3.0184;-90;-3.0184;149.3;147.8;1.5033;13.75;8.33;0;1.5054;147.53;0.1667;0;0.0176;149.22;0;149.22;1.5054;0.1667;147.53;0.0176;0.0101;0.9888;0;0.0001;149.05;0.1751;0;0;0.1604;0.0147;142.34;6.5539;0.0009;0.0001;6.5523;0.0006;148.9;0.149;0.0015;0.0002;0.1474;0;142.34;1.503;0.1665;140.67;0.0023;88.418;73.829;22.314;-0.0008;0.8607;12.381;-0.0015;13.242;0;1;0;0;0.9994;0.9988;1;1;0.9989;0.166;0.956;0.9994;1;0.9555;0.7777;0.999;0.999;1;0.999;0.999;0.9539;0.9535;0.129;0.4247;0.432;0.0026;0.0173;-0.0067;0.0029;0.0104;0.0023;0;0;0.088;0.2979;0;0;0;0;0;0;0;0;0;0;0;0;0.0084;0.0006;0.3942;0.3942;0;20.72;20.72;6.9698;0.049;368.76;1069.1;1;0.0083;0.0083;0;0;0;0;0;0;0.3859;0.2979;0;17.458;20.216;13.193;15.277;97.889;97.889;3.5813;3.3247;2.5124;0.2566;0.8123;0.0716;0.2268;0.7015;87.434;0.6605;0
13/11/21 12:00;69.921;35.025;16.328;78.152;11.848;90;11.848;147.51;146;1.509;12.62;9.13;0;1.5419;144.28;0.1715;0;0.2671;146.26;0;146.26;1.5419;0.1715;144.28;0.2671;0.0105;0.9883;0;0.0018;144.65;1.6089;0;0;1.3866;0.2223;138.82;5.681;0.0009;0.0001;5.6699;0.0101;144.5;0.1446;0.0015;0.0002;0.1429;0;138.87;1.5395;0.1712;137.08;0.0347;87.884;73.383;22.338;0.0794;0.8504;12.233;0.0495;13.004;0;1;0;0;0.9915;0.989;1;1;0.9904;0.1678;0.9607;0.9994;1;0.9603;0.7747;0.999;0.999;1;0.999;0.999;0.9492;0.9501;0.1299;0.4162;0.4218;0.0025;0.0172;-0.0085;0.0029;0.0102;0.0023;0;0;0.088;0.2901;0;0;0;0;0;0;0;0;0;0;0;0;0.0082;0.0006;0.3864;0.3864;0;19.411;19.411;6.7916;0.0489;359.91;1073.6;1;0.0083;0.0083;0;0;0;0;0;0;0.3781;0.2901;0;17.458;20.216;13.108;15.178;97.856;97.856;3.5101;3.2585;2.4466;0.2516;0.812;0.0717;0.2313;0.697;86.91;0.6559;0
13/11/21 13:00;60.645;61.547;13.507;63.688;26.312;90;26.312;224;220.4;3.6043;12.82;9.1501;0;4.0209;208.36;0.7276;0;1.9727;215.08;0;215.08;4.0209;0.7276;208.36;1.9727;0.0187;0.9779;0;0.0092;205.89;9.196;0;0;7.4973;1.6987;198.99;6.6944;0.0019;0.0003;6.638;0.0542;205.68;0.2059;0.004;0.0007;0.2009;0.0003;199.55;4.0151;0.7265;194.03;0.2196;136.37;113.87;35.745;1.9968;1.3709;19.72;0.5615;19.094;0;1;0;0;0.9602;0.9572;1;1;0.964;0.1389;0.9675;0.9995;1;0.9669;0.802;0.999;0.999;1;0.999;0.999;0.9252;0.9312;0.1113;0.6121;0.6104;0.0037;0.0166;-0.0054;0.0042;0.0148;0.0037;0;0;0.088;0.4617;0;0;0;0;0;0;0;0;0;0;0;0;0.0119;0.0011;0.5599;0.5599;0;22.55;22.55;9.73;0.0489;521.53;1073.5;1;0.0101;0.0101;0;0;0;0;0;0;0.5497;0.4617;0;17.2;19.917;14.186;16.427;98.193;98.193;5.162;4.7213;3.8939;0.4407;0.8274;0.0854;0.1603;0.7543;134.06;0.7059;0
13/11/21 14:00;49.179;76.486;8.7867;49.973;40.027;90;40.027;109.49;108.5;0.9915;12.66;8.6001;0;1.2948;95.702;0.1328;0;2.1802;99.31;0;99.31;1.2948;0.1328;95.702;2.1802;0.013;0.9856;0;0.022;90.635;8.6746;0;0;6.6746;2;87.647;2.8975;0.0004;0;2.8805;0.0166;90.544;0.0906;0.0013;0.0001;0.089;0.0002;88.397;1.2932;0.1327;86.058;0.1634;68.695;57.36;19.122;3.9074;0.8067;11.604;0.7501;8.5029;0;1;0;0;0.907;0.9127;1;1;0.9303;0.0826;0.968;0.9997;1;0.9676;0.9078;0.999;0.999;1;0.999;0.999;0.8826;0.8992;0.075;0.2826;0.2762;0.0017;0.0162;-0.0081;0.0019;0.0066;0.0021;0;0;0.088;0.1552;0;0;0;0;0;0;0;0;0;0;0;0;0.0053;0.0003;0.2501;0.2501;0;16.958;16.958;4.2986;0.049;234.57;1066.3;1;0.0069;0.0069;0;0;0;0;0;0;0.2432;0.1552;0;16.642;19.272;10.329;11.961;97.249;97.249;2.3834;2.1093;1.3091;0.2742;0.8002;0.115;0.3357;0.5493;68.188;0.5051;0
13/11/21 15:00;37.051;86.823;2.5354;37.093;52.907;90;52.907;141.7;139.7;2.0066;12.97;7.9601;0;3.3271;111.71;0.552;0;4.7805;120.37;0;120.37;3.3271;0.552;111.71;4.7805;0.0276;0.9678;0;0.0397;104.19;16.176;0;0;11.702;4.4748;100.71;3.3773;0.0003;0;3.3641;0.0128;104.09;0.1042;0.0033;0.0006;0.1;0.0003;102.58;3.3235;0.5514;96.543;0.2926;90.601;75.652;26.629;11.967;1.4152;20.357;1.866;9.8058;0;1;0;0;0.8494;0.8656;1;1;0.8952;0.0639;0.9676;0.9999;1;0.9663;0.958;0.999;0.999;1;0.999;0.999;0.8367;0.8642;0.0612;0.3426;0.3343;0.002;0.0168;-0.0086;0.0023;0.008;0.0037;0;0;0.088;0.2077;0;0;0;0;0;0;0;0;0;0;0;0;0.0065;0.0004;0.303;0.303;0;17.906;17.906;4.9362;0.049;283.83;1067.7;1;0.0073;0.0073;0;0;0;0;0;0;0.2957;0.2077;0;16.636;19.264;11.402;13.203;97.577;97.577;2.8888;2.5555;1.7515;0.3333;0.804;0.1154;0.2783;0.6063;89.854;0.5382;0
13/11/21 16:00;24.797;95.348;7.0417;24.892;60;90;60;153.7;150.1;3.5969;13;7.22;0;8.5117;111.89;2.1799;0;6.5322;129.11;0;129.11;8.5117;2.1799;111.89;6.5322;0.0659;0.9172;0;0.0506;108.93;20.177;0;0;14.066;6.1109;105.33;3.489;0.0021;0.0005;3.4577;0.0287;108.82;0.1089;0.0085;0.0022;0.0978;0.0004;107.98;8.5012;2.1772;94.264;0.3922;97.535;81.442;29.57;18.707;1.8434;26.516;2.6498;9.653;0;1;0;0;0.84;0.8437;1;1;0.8743;0.0645;0.9679;0.9998;1;0.9646;0.9318;0.999;0.999;1;0.999;0.999;0.8159;0.8425;0.06;0.3674;0.3621;0.0022;0.017;-0.009;0.0025;0.0087;0.0049;0;0;0.088;0.2326;0;0;0;0;0;0;0;0;0;0;0;0;0.007;0.0005;0.3282;0.3282;0;18.162;18.162;5.1616;0.049;307.23;1068.3;1;0.0076;0.0076;0;0;0;0;0;0;0.3206;0.2326;0;16.798;19.452;11.904;13.785;97.679;97.679;3.0986;2.7678;1.9615;0.3308;0.8063;0.1068;0.2602;0.633;97.403;0.5486;0
13/11/21 17:00;12.702;103.33;57.774;13.042;20.14;90;20.14;55.908;55.198;0.7103;13.1;5.76;0;1.7227;53.387;0.3095;0;0.2906;55.709;0;55.709;1.7227;0.3095;53.387;0.2906;0.0309;0.9635;0;0.0052;54.215;1.4945;0;0;1.2509;0.2436;52.295;1.8653;0.0497;0.0089;1.7963;0.0104;54.161;0.0542;0.0017;0.0003;0.0521;0;52.366;1.6713;0.3002;50.287;0.0366;33.195;27.718;8.5191;0.1954;0.3266;4.6987;0.071;4.83;0;1;0;0;0.9964;0.9732;1;1;0.9766;0.1617;0.9656;0.9711;1;0.9655;0.7789;0.999;0.999;1;0.999;0.999;0.9387;0.9419;0.1259;0.1585;0.1592;0.001;0.0136;-0.0054;0.0011;0.0037;0.0008;0;0;0.088;0.0475;0;0;0;0;0;0;0;0;0;0;0;0;0.003;0.0001;0.1414;0.1414;0;15.677;15.677;2.5771;0.0493;134.58;1050.6;1;0.0059;0.0059;0;0;0;0;0;0;0.1355;0.0475;0;16.771;19.42;5.634;6.524;95.835;95.835;1.337;1.1923;0.4006;0.1447;0.7918;0.1082;0.5922;0.2996;33.191;0.2818;0
13/11/21 18:00;3.4926;109.72;81.504;3.7096;5.3183;90;5.3183;4.1999;4.1972;0.0027;12.6;4.49;0;0.0067;4.188;0.0003;0;0.0015;4.1965;4.1965;0;0.0067;0;0;0;1;1;1;1;0;0;0;0;0;0;0;0;0;0;0;0;0;0;0;0;0;0;0;0;0;0;0;0;0;0;0;0;0;0;0;0;0;0;0;0;1;1;1;1;1;1;1;1;1;1;1;0;1;0;0;1;0;0;0;0;0;0;0;0;0;0;0;0.0004;0.088;-0.0884;0;0;0;0;0;0;0;0;0;0;0;0;0;0;0;0;0;0;0;-12.6;0;0;0;0;0.0004;0;0;0;0;0;0;0;-0.0004;-0.0884;0;0;0;0;0;0;0;0;0;-0.7452;0;0.7452;1;1;0;0;0;0
13/11/21 19:00;0;0;90;0;0;90;0;0;0;0;11.33;4.1599;0;0;0;0;0;0;0;0;0;0;0;0;0;1;1;1;1;0;0;0;0;0;0;0;0;0;0;0;0;0;0;0;0;0;0;0;0;0;0;0;0;0;0;0;0;0;0;0;0;0;0;0;1;1;1;1;1;1;1;1;1;1;1;1;1;1;1;1;1;1;1;0;0;0;0;0;0;0;0;0;0.0004;0.088;-0.0884;0;0;0;0;0;0;0;0;0;0;0;0;0;0;0;0;0;0;0;-11.33;0;0;0;0;0.0004;0;0;0;0;0;0;0;-0.0004;-0.0884;0;0;0;0;0;0;0;0;0;-0.7452;0;0.7452;1;1;0;0;0;0
13/11/21 20:00;0;0;90;0;0;90;0;0;0;0;10.69;3.96;0;0;0;0;0;0;0;0;0;0;0;0;0;1;1;1;1;0;0;0;0;0;0;0;0;0;0;0;0;0;0;0;0;0;0;0;0;0;0;0;0;0;0;0;0;0;0;0;0;0;0;0;1;1;1;1;1;1;1;1;1;1;1;1;1;1;1;1;1;1;1;0;0;0;0;0;0;0;0;0;0.0004;0.088;-0.0884;0;0;0;0;0;0;0;0;0;0;0;0;0;0;0;0;0;0;0;-10.69;0;0;0;0;0.0004;0;0;0;0;0;0;0;-0.0004;-0.0884;0;0;0;0;0;0;0;0;0;-0.7452;0;0.7452;1;1;0;0;0;0
13/11/21 21:00;0;0;90;0;0;90;0;0;0;0;10.6;3.7;0;0;0;0;0;0;0;0;0;0;0;0;0;1;1;1;1;0;0;0;0;0;0;0;0;0;0;0;0;0;0;0;0;0;0;0;0;0;0;0;0;0;0;0;0;0;0;0;0;0;0;0;1;1;1;1;1;1;1;1;1;1;1;1;1;1;1;1;1;1;1;0;0;0;0;0;0;0;0;0;0.0004;0.088;-0.0884;0;0;0;0;0;0;0;0;0;0;0;0;0;0;0;0;0;0;0;-10.6;0;0;0;0;0.0004;0;0;0;0;0;0;0;-0.0004;-0.0884;0;0;0;0;0;0;0;0;0;-0.7452;0;0.7452;1;1;0;0;0;0
13/11/21 22:00;0;0;90;0;0;90;0;0;0;0;9.0999;3.54;0;0;0;0;0;0;0;0;0;0;0;0;0;1;1;1;1;0;0;0;0;0;0;0;0;0;0;0;0;0;0;0;0;0;0;0;0;0;0;0;0;0;0;0;0;0;0;0;0;0;0;0;1;1;1;1;1;1;1;1;1;1;1;1;1;1;1;1;1;1;1;0;0;0;0;0;0;0;0;0;0.0004;0.088;-0.0884;0;0;0;0;0;0;0;0;0;0;0;0;0;0;0;0;0;0;0;-9.0999;0;0;0;0;0.0004;0;0;0;0;0;0;0;-0.0004;-0.0884;0;0;0;0;0;0;0;0;0;-0.7452;0;0.7452;1;1;0;0;0;0
13/11/21 23:00;0;0;90;0;0;90;0;0;0;0;9.0999;3.64;0;0;0;0;0;0;0;0;0;0;0;0;0;1;1;1;1;0;0;0;0;0;0;0;0;0;0;0;0;0;0;0;0;0;0;0;0;0;0;0;0;0;0;0;0;0;0;0;0;0;0;0;1;1;1;1;1;1;1;1;1;1;1;1;1;1;1;1;1;1;1;0;0;0;0;0;0;0;0;0;0.0004;0.088;-0.0884;0;0;0;0;0;0;0;0;0;0;0;0;0;0;0;0;0;0;0;-9.0999;0;0;0;0;0.0004;0;0;0;0;0;0;0;-0.0004;-0.0884;0;0;0;0;0;0;0;0;0;-0.7452;0;0.7452;1;1;0;0;0;0
14/11/21 00:00;0;0;90;0;0;90;0;0;0;0;9.5001;3.31;0;0;0;0;0;0;0;0;0;0;0;0;0;1;1;1;1;0;0;0;0;0;0;0;0;0;0;0;0;0;0;0;0;0;0;0;0;0;0;0;0;0;0;0;0;0;0;0;0;0;0;0;1;1;1;1;1;1;1;1;1;1;1;1;1;1;1;1;1;1;1;0;0;0;0;0;0;0;0;0;0.0004;0.088;-0.0884;0;0;0;0;0;0;0;0;0;0;0;0;0;0;0;0;0;0;0;-9.5001;0;0;0;0;0.0004;0;0;0;0;0;0;0;-0.0004;-0.0884;0;0;0;0;0;0;0;0;0;-0.7452;0;0.7452;1;1;0;0;0;0
14/11/21 01:00;0;0;90;0;0;90;0;0;0;0;9.3;2.82;0;0;0;0;0;0;0;0;0;0;0;0;0;1;1;1;1;0;0;0;0;0;0;0;0;0;0;0;0;0;0;0;0;0;0;0;0;0;0;0;0;0;0;0;0;0;0;0;0;0;0;0;1;1;1;1;1;1;1;1;1;1;1;1;1;1;1;1;1;1;1;0;0;0;0;0;0;0;0;0;0.0004;0.088;-0.0884;0;0;0;0;0;0;0;0;0;0;0;0;0;0;0;0;0;0;0;-9.3;0;0;0;0;0.0004;0;0;0;0;0;0;0;-0.0004;-0.0884;0;0;0;0;0;0;0;0;0;-0.7452;0;0.7452;1;1;0;0;0;0
14/11/21 02:00;0;0;90;0;0;90;0;0;0;0;9.3;2.4699;0;0;0;0;0;0;0;0;0;0;0;0;0;1;1;1;1;0;0;0;0;0;0;0;0;0;0;0;0;0;0;0;0;0;0;0;0;0;0;0;0;0;0;0;0;0;0;0;0;0;0;0;1;1;1;1;1;1;1;1;1;1;1;1;1;1;1;1;1;1;1;0;0;0;0;0;0;0;0;0;0.0004;0.088;-0.0884;0;0;0;0;0;0;0;0;0;0;0;0;0;0;0;0;0;0;0;-9.3;0;0;0;0;0.0004;0;0;0;0;0;0;0;-0.0004;-0.0884;0;0;0;0;0;0;0;0;0;-0.7452;0;0.7452;1;1;0;0;0;0
14/11/21 03:00;0;0;90;0;0;90;0;0;0;0;8.9098;2.33;0;0;0;0;0;0;0;0;0;0;0;0;0;1;1;1;1;0;0;0;0;0;0;0;0;0;0;0;0;0;0;0;0;0;0;0;0;0;0;0;0;0;0;0;0;0;0;0;0;0;0;0;1;1;1;1;1;1;1;1;1;1;1;1;1;1;1;1;1;1;1;0;0;0;0;0;0;0;0;0;0.0004;0.088;-0.0884;0;0;0;0;0;0;0;0;0;0;0;0;0;0;0;0;0;0;0;-8.9098;0;0;0;0;0.0004;0;0;0;0;0;0;0;-0.0004;-0.0884;0;0;0;0;0;0;0;0;0;-0.7452;0;0.7452;1;1;0;0;0;0
14/11/21 04:00;1.0755;-111.83;87.391;1.1586;1.6522;-90;-1.6522;0;0;0;8.3102;2.49;0;0;0;0;0;0;0;0;0;0;0;0;0;1;1;1;1;0;0;0;0;0;0;0;0;0;0;0;0;0;0;0;0;0;0;0;0;0;0;0;0;0;0;0;0;0;0;0;0;0;0;0;1;1;1;1;1;1;1;1;1;1;1;1;1;1;1;1;1;1;1;0;0;0;0;0;0;0;0;0;0.0004;0.088;-0.0884;0;0;0;0;0;0;0;0;0;0;0;0;0;0;0;0;0;0;0;-8.3102;0;0;0;0;0.0004;0;0;0;0;0;0;0;-0.0004;-0.0884;0;0;0;0;0;0;0;0;0;-0.7452;0;0.7452;1;1;0;0;0;0
14/11/21 05:00;8.0198;-106.84;70.223;8.374;12.309;-90;-12.309;111.99;18.499;93.493;7.92;3.62;0;226.75;9.5209;21.506;0;0.2188;257.99;0;257.99;226.75;21.506;9.5209;0.2188;0.8789;0.0378;0;0.0008;257.71;0.2789;0;0;0.0972;0.1817;229.57;27.887;25.125;2.383;0.3712;0.0083;257.46;0.2577;0.2267;0.0215;0.0094;0;229.57;201.4;19.101;9.0431;0.0288;6.2445;5.2142;1.4373;0.0061;0.0702;1.0098;0.0045;1.0739;0;1;0;0;2.3037;0.9989;1;1;0.9898;0.1699;0.8917;0.8891;1;0.9606;0.7755;0.999;0.999;1;0.999;0.999;0.8898;0.9498;0.1316;0.7342;0.6589;0.004;0.0162;-0.0138;0.0046;0.0162;0.0002;0;0;0.088;0.5181;0;0;0;0;0;0;0;0;0;0;0;0;0.013;0.0013;0.6172;0.6172;0;19.1;19.1;11.18;0.0487;564.52;1093.3;1;0.0111;0.0111;0;0;0;0;0;0;0.6061;0.5181;0;15.809;18.306;13.27;15.366;98.196;98.196;6.1918;5.205;4.369;0.9868;0.836;0.1594;0.135;0.7056;5.743;0.7036;0
14/11/21 06:00;19.972;-98.854;34.069;20.193;36.65;-90;-36.65;328.81;54.3;274.51;10.43;5.0801;0;665.76;20.802;75.708;0;5.5254;767.79;0;767.79;665.76;75.708;20.802;5.5254;0.8671;0.0343;0;0.0072;761.56;6.2343;0;0;1.2617;4.9727;757.57;3.2288;2.2718;0.2583;0.6305;0.0681;760.8;0.7616;0.6658;0.0757;0.0195;0.0006;757.74;662.82;75.374;18.89;0.484;15.908;13.283;4.087;0.629;0.1911;2.7482;0.1704;2.3103;0;1;0;0;2.3351;0.9919;1;1;0.9393;0.1;0.9958;0.9966;1;0.9677;0.8766;0.999;0.999;1;0.999;0.999;0.9867;0.9081;0.0876;2.1851;2.1735;0.0131;-0.0014;0.1753;0.0139;0.0493;0.0005;0;0;0.088;1.7535;0;0;0;0;0;0;0;0;0;0;0;0;0.0397;0.0112;1.8719;1.8719;0;47.982;47.982;37.552;0.0496;1874.5;998.62;1;0.0303;0.0303;0;0;0;0;0;0;1.8415;1.7535;0;16.11;18.655;15.092;17.476;98.379;98.379;18.427;15.786;14.788;2.6412;0.998;0.1433;0.0542;0.8025;14.41;0.8004;0
14/11/21 07:00;32.186;-90.69;0.5841;32.188;57.812;-90;-57.812;551.21;90.899;460.31;11.97;7.12;0;864.12;26.6;105.48;0;21.895;1018.1;0;1018.1;864.12;105.48;26.6;21.895;0.8488;0.0476;0;0.0215;994.54;23.558;0;0;3.1579;20.4;992.63;0.9134;0.0174;0.0021;0.8144;0.0795;993.54;0.9945;0.8641;0.1055;0.0234;0.0015;996.42;863.24;105.37;22.605;1.4139;141.25;117.94;36.643;3.9008;1.564;22.497;3.7882;20.16;0;1;0;0;1.847;0.9769;1;1;0.8813;0.0683;0.9991;1;1;0.9652;0.9468;0.999;0.999;1;0.999;0.999;0.975;0.8498;0.0646;2.8974;2.8959;0.0174;0.0004;0.3738;0.0175;0.0622;0.0037;0;0;0.088;2.2239;0;0;0;0;0;0;0;0;0;0;0;0;0.0501;0.0192;2.3515;2.3515;0;61.727;61.727;49.757;0.0501;2495.9;942.18;1;0.0396;0.0396;0;0;0;0;0;0;2.3119;2.2239;0;15.263;17.674;14.434;16.715;98.315;98.315;24.434;19.831;18.755;4.6033;1.0764;0.1884;0.0441;0.7676;22.583;0.7551;0
14/11/21 08:00;44.413;-81.351;6.1664;44.74;45.26;-90;-45.26;647.1;164.7;482.4;13.17;8.33;0;685.33;71.131;115.37;0;16.287;888.12;0;888.12;685.33;115.37;71.131;16.287;0.7717;0.0984;0;0.0183;867.17;20.956;0;0;5.9192;15.037;863.93;2.371;0.1458;0.0245;2.1269;0.0737;866.3;0.8672;0.6853;0.1154;0.0652;0.0013;868.06;684.5;115.23;63.02;1.1752;288.15;240.6;76.618;4.4349;2.84;40.852;4.1339;39.257;0;1;0;0;1.3725;0.9764;1;1;0.9168;0.0768;0.9973;0.9998;1;0.9674;0.941;0.999;0.999;1;0.999;0.999;0.9728;0.886;0.0722;2.5275;2.5654;0.0155;-0.0018;0.282;0.0159;0.0563;0.0069;0;0;0.088;2.0073;0;0;0;0;0;0;0;0;0;0;0;0;0.0454;0.0153;2.13;2.13;0;56.281;56.281;43.111;0.0499;2211.8;963;1;0.0347;0.0347;0;0;0;0;0;0;2.0953;2.0073;0;15.848;18.352;14.935;17.294;98.371;98.371;21.315;17.962;16.928;3.3525;1.0348;0.1573;0.0485;0.7942;53.066;0.7677;0
14/11/21 09:00;56.267;-68.873;11.546;58.082;31.918;-90;-31.918;519.6;383.7;135.9;12.74;8.95;0;160.11;313.23;52.841;0;6.6775;532.86;0;532.86;160.11;52.841;313.23;6.6775;0.3005;0.6004;0;0.0125;511.69;21.166;0;0;15.286;5.8792;501.31;9.8697;0.0638;0.0211;9.6554;0.1294;511.18;0.5117;0.1601;0.0528;0.2979;0.0008;503.27;159.89;52.767;287.99;0.6681;302.65;252.71;81.683;5.8774;2.9836;42.917;1.9622;40.023;0;1;0;0;1.0255;0.9603;1;1;0.9512;0.1195;0.9807;0.9996;1;0.9676;0.8378;0.999;0.999;1;0.999;0.999;0.9408;0.9194;0.1001;1.5165;1.5259;0.0092;0.0048;0.0666;0.0101;0.0359;0.0077;0;0;0.088;1.2476;0;0;0;0;0;0;0;0;0;0;0;0;0.0289;0.0057;1.3569;1.3569;0;37.407;37.407;24.667;0.0492;1311.1;1034.9;1;0.0213;0.0213;0;0;0;0;0;0;1.3356;1.2476;0;16.827;19.485;15.471;17.915;98.43;98.43;12.789;11.443;10.521;1.3459;0.9218;0.1052;0.0721;0.8227;209.27;0.7759;0
14/11/21 10:00;66.797;-48.374;15.172;72.233;17.767;-90;-17.767;374.11;356;18.108;13.54;9.34;0;19.015;342.61;5.2683;0;1.5166;368.41;0;368.41;19.015;5.2683;342.61;1.5166;0.0516;0.9341;0;0.0041;360.66;7.7528;0;0;6.4906;1.2622;348.17;12.127;0.01;0.0028;12.058;0.0565;360.3;0.3607;0.019;0.0053;0.3361;0.0003;348.53;18.986;5.2602;323.73;0.1977;223.92;186.97;57.328;0.807;2.1791;31.346;0.3537;32.718;0;1;0;0;0.9848;0.979;1;1;0.9811;0.1678;0.9663;0.9995;1;0.9641;0.7778;0.999;0.999;1;0.999;0.999;0.9451;0.9449;0.1304;1.0485;1.0599;0.0064;0.0113;0.0211;0.0071;0.0253;0.0057;0;0;0.088;0.8558;0;0;0;0;0;0;0;0;0;0;0;0;0.0204;0.003;0.9595;0.9595;0;30.609;30.609;17.07;0.049;908.5;1056.2;1;0.0157;0.0157;0;0;0;0;0;0;0.9438;0.8558;0;17.21;19.929;15.351;17.776;98.367;98.367;8.8419;8.0917;7.2175;0.7502;0.8742;0.0848;0.0989;0.8163;210.75;0.7674;0
14/11/21 11:00;73.001;-10.034;16.731;86.951;3.049;-90;-3.049;321.79;314.1;7.6953;14.61;9.68;0;7.7062;312.07;1.8105;0;0.0387;321.62;0;321.62;7.7062;1.8105;312.07;0.0387;0.024;0.9704;0;0.0001;321.25;0.3767;0;0;0.3444;0.0323;307.06;13.863;0.0044;0.001;13.856;0.0014;320.93;0.3212;0.0077;0.0018;0.3117;0;307.06;7.694;1.8076;297.56;0.005;190.55;159.11;47.851;-0.0017;1.8704;26.905;-0.003;28.777;0;1;0;0;0.9995;0.9988;1;1;0.9989;0.166;0.9568;0.9994;1;0.9555;0.7777;0.999;0.999;1;0.999;0.999;0.9547;0.9535;0.129;0.9153;0.9324;0.0056;0.0131;0.0155;0.0063;0.0223;0.0049;0;0;0.088;0.7425;0;0;0;0;0;0;0;0;0;0;0;0;0.018;0.0023;0.8444;0.8444;0;29.665;29.665;15.055;0.049;798.49;1057.5;1;0.0139;0.0139;0;0;0;0;0;0;0.8305;0.7425;0;17.349;20.089;15.254;17.664;98.349;98.349;7.719;7.1209;6.2612;0.5981;0.8597;0.0775;0.1114;0.8111;184.95;0.7633;0
14/11/21 12:00;70.166;35.307;16.074;78.224;11.776;90;11.776;621.4;448.9;172.5;13.5;10;0;176.2;385.92;60.147;0;1.1116;623.38;0;623.38;176.2;60.147;385.92;1.1116;0.2827;0.6209;0;0.0018;618.78;4.5958;0;0;3.6708;0.925;602.8;15.358;0.0977;0.0334;15.185;0.042;618.16;0.6188;0.1762;0.0601;0.3822;0.0002;603.02;175.93;60.053;366.68;0.1444;366.82;306.3;94.631;0.2077;3.451;49.641;0.2128;52.884;0;1;0;0;1.0032;0.9926;1;1;0.9905;0.1679;0.9752;0.9994;1;0.9602;0.7747;0.999;0.999;1;0.999;0.999;0.967;0.9501;0.1299;1.7741;1.8247;0.011;0.0013;0.1172;0.0119;0.0421;0.0088;0;0;0.088;1.4774;0;0;0;0;0;0;0;0;0;0;0;0;0.0339;0.008;1.5906;1.5906;0;43.283;43.283;29.783;0.0494;1568;1014.4;1;0.0253;0.0253;0;0;0;0;0;0;1.5654;1.4774;0;16.861;19.525;15.661;18.135;98.412;98.412;14.961;13.414;12.459;1.547;0.9551;0.1034;0.0638;0.8328;232.42;0.7859;0
14/11/21 13:00;60.843;61.901;13.266;63.797;26.203;90;26.203;878.1;208.5;669.6;14.92;10.12;0;746.29;89.308;127.45;0;7.6703;970.72;0;970.72;746.29;127.45;89.308;7.6703;0.7688;0.0999;0;0.0079;960.93;9.7934;0;0;3.1921;6.6013;956.51;3.4594;0.3416;0.0583;2.8474;0.212;959.97;0.9609;0.7463;0.1275;0.0861;0.0011;958.47;745.21;127.27;83.182;0.856;482.88;403.2;128.96;0.8452;4.2946;61.776;1.9631;65.225;0;1;0;0;1.1055;0.9899;1;1;0.9643;0.1394;0.9964;0.9995;1;0.9669;0.8015;0.999;0.999;1;0.999;0.999;0.9854;0.9314;0.1116;2.7626;2.866;0.0173;0;0.3823;0.0173;0.0612;0.0101;0;0;0.088;2.1832;0;0;0;0;0;0;0;0;0;0;0;0;0.0493;0.0188;2.3096;2.3096;0;62.911;62.911;47.991;0.0502;2466.8;936.31;1;0.0385;0.0385;0;0;0;0;0;0;2.2712;2.1832;0;15.722;18.206;14.861;17.209;98.334;98.334;23.297;19.478;18.411;3.8198;1.0666;0.164;0.0458;0.7903;57.422;0.7543;0
14/11/21 14:00;49.353;76.789;8.5614;50.111;39.889;90;39.889;26.704;26.701;0.0028;14.39;10.08;0;0.0037;23.594;0.0001;0;0.5282;24.126;0;24.126;0.0037;0.0001;23.594;0.5282;0.0002;0.9998;0;0.0219;22.005;2.1212;0;0;1.6369;0.4843;21.268;0.7144;0;0;0.7103;0.0041;21.983;0.022;0;0;0.022;0;21.452;0.0037;0.0001;21.225;0.0398;16.792;14.022;4.6563;0.952;0.1982;2.8504;0.1832;2.0966;0;1;0;0;0.9035;0.9121;1;1;0.9306;0.0831;0.9675;0.9997;1;0.9676;0.9064;0.999;0.999;1;0.999;0.999;0.8816;0.8996;0.0753;0.0687;0.0671;0.0004;0.0091;-0.0023;0.0004;0.0015;0.0005;0;0;0.088;-0.0351;0;0;0;0;0;0;0;0;0;0;0;0;0.0012;0;0.0562;0.0562;0;15.451;15.451;1.0612;0.0499;55.557;1012.4;1;0.0034;0.0034;0;0;0;0;0;0;0.0529;-0.0351;0;15.405;17.839;-9.6184;-11.138;94.022;94.022;0.579;0.4743;-0.2961;0.1047;0.7705;0.1808;1.3306;0;16.791;0;0
14/11/21 15:00;37.216;87.079;2.3255;37.252;52.748;90;52.748;660.31;128.2;532.11;11.82;9.29;0;879.05;38.146;133.28;0;22.152;1072.6;0;1072.6;879.05;133.28;38.146;22.152;0.8195;0.0562;0;0.0207;1047.9;24.712;0;0;3.9784;20.734;1045.6;1.2889;0.0705;0.0107;1.1484;0.0593;1046.9;1.0479;0.879;0.1333;0.0342;0.0014;1050.2;878.1;133.14;32.985;1.3574;228.05;190.42;58.785;4.0487;2.4033;34.57;4.5982;32.925;0;1;0;0;1.6244;0.977;1;1;0.8957;0.064;0.9988;0.9999;1;0.9664;0.9581;0.999;0.999;1;0.999;0.999;0.9748;0.8647;0.0613;3.0526;3.0739;0.0185;0.0027;0.4251;0.0184;0.0652;0.0056;0;0;0.088;2.3342;0;0;0;0;0;0;0;0;0;0;0;0;0.0525;0.0216;2.4642;2.4642;0;64.348;64.348;52.527;0.0502;2649.3;930.15;1;0.0421;0.0421;0;0;0;0;0;0;2.4222;2.3342;0;15.181;17.579;14.38;16.651;98.293;98.293;25.743;20.781;19.684;4.962;1.0968;0.1927;0.0426;0.7646;30.632;0.7466;0
14/11/21 16:00;24.963;95.572;7.0552;25.067;60;90;60;421.4;138.5;282.9;13.71;8.3799;0;665.25;54.069;156.16;0;17.91;893.39;0;893.39;665.25;156.16;54.069;17.91;0.7446;0.0806;0;0.02;869.84;23.552;0;0;6.7974;16.754;867.02;1.9496;0.162;0.038;1.6709;0.0787;868.97;0.8698;0.6652;0.1562;0.0473;0.0012;868.7;664.42;155.97;45.553;1.0752;59.352;49.559;17.953;9.0438;0.9723;13.986;1.682;5.9148;0;1;0;0;2.12;0.9736;1;1;0.8743;0.0645;0.9978;0.9998;1;0.9646;0.9318;0.999;0.999;1;0.999;0.999;0.9705;0.8425;0.06;2.5425;2.5134;0.0151;-0.0019;0.283;0.0155;0.055;0.0023;0;0;0.088;1.9637;0;0;0;0;0;0;0;0;0;0;0;0;0.0443;0.0147;2.0853;2.0853;0;57.001;57.001;43.291;0.0499;2169.5;961.17;1;0.0336;0.0336;0;0;0;0;0;0;2.0517;1.9637;0;15.424;17.861;14.524;16.819;98.387;98.387;21.441;17.586;16.56;3.8557;1.0258;0.1798;0.0478;0.7723;47.07;0.7634;0
14/11/21 17:00;12.876;103.54;57.287;13.231;20.486;90;20.486;182.61;123;59.608;8.4199;7.2;0;144.57;96.321;57.08;0;0.9816;298.95;0;298.95;144.57;57.08;96.321;0.9816;0.4836;0.3255;0;0.0033;295.81;3.1434;0;0;2.3194;0.8239;286.76;8.7537;3.9357;1.554;3.2294;0.0347;295.51;0.2958;0.1446;0.0571;0.094;0.0002;286.89;140.49;55.469;90.678;0.1228;60.393;50.429;15.574;0.3755;0.5908;8.4979;0.1339;8.7132;0;1;0;0;1.6371;0.9895;1;1;0.9759;0.1606;0.9704;0.9727;1;0.9656;0.7799;0.999;0.999;1;0.999;0.999;0.9592;0.9414;0.1251;0.8508;0.8378;0.005;0.0143;-0.0077;0.0058;0.0205;0.0016;0;0;0.088;0.6785;0;0;0;0;0;0;0;0;0;0;0;0;0.0165;0.0019;0.7798;0.7798;0;22.401;22.401;13.981;0.0488;717.62;1086.7;1;0.0134;0.0134;0;0;0;0;0;0;0.7665;0.6785;0;17.238;19.961;14.997;17.366;98.284;98.284;7.1748;6.5765;5.7215;0.5983;0.855;0.0834;0.1192;0.7974;59.986;0.7808;0
14/11/21 18:00;3.4837;110.05;81.525;3.7079;5.3158;90;5.3158;12.893;12.698;0.1944;9.29;5.5899;0;0.4714;12.642;0.0705;0;0.0047;13.189;0;13.189;0.4714;0.0705;12.642;0.0047;0.0357;0.9589;0;0.0004;13.152;0.0366;0;0;0.0327;0.0039;12.386;0.7532;0.1787;0.0267;0.5477;0.0002;13.139;0.0132;0.0005;0.0001;0.0126;0;12.386;0.2923;0.0437;12.049;0.0006;7.5121;6.2726;1.8852;0.0002;0.0738;1.0621;0.0003;1.1358;0;1;0;0;1.023;0.9972;1;1;0.9974;0.1666;0.9427;0.6206;1;0.9565;0.7764;0.999;0.999;1;0.999;0.999;0.9391;0.9531;0.1292;0.0375;0.0376;0.0002;0.0068;-0.002;0.0002;0.0008;0.0002;0;0;0.088;-0.06;0;0;0;0;0;0;0;0;0;0;0;0;0.0007;0;0.0307;0.0307;0;9.9115;9.9115;0.6215;0.0502;30.327;1011.3;1;0.0027;0.0027;0;0;0;0;0;0;0.028;-0.06;0;15.367;17.795;-30.085;-34.838;91.139;91.139;0.3165;0.2587;-0.5064;0.0579;0.765;0.1829;2.4169;0;7.511;0;0
14/11/21 19:00;0;0;90;0;0;90;0;0;0;0;9.4303;4.6901;0;0;0;0;0;0;0;0;0;0;0;0;0;1;1;1;1;0;0;0;0;0;0;0;0;0;0;0;0;0;0;0;0;0;0;0;0;0;0;0;0;0;0;0;0;0;0;0;0;0;0;0;1;1;1;1;1;1;1;1;1;1;1;1;1;1;1;1;1;1;1;0;0;0;0;0;0;0;0;0;0.0004;0.088;-0.0884;0;0;0;0;0;0;0;0;0;0;0;0;0;0;0;0;0;0;0;-9.4303;0;0;0;0;0.0004;0;0;0;0;0;0;0;-0.0004;-0.0884;0;0;0;0;0;0;0;0;0;-0.7452;0;0.7452;1;1;0;0;0;0
14/11/21 20:00;0;0;90;0;0;90;0;0;0;0;10.3;5.07;0;0;0;0;0;0;0;0;0;0;0;0;0;1;1;1;1;0;0;0;0;0;0;0;0;0;0;0;0;0;0;0;0;0;0;0;0;0;0;0;0;0;0;0;0;0;0;0;0;0;0;0;1;1;1;1;1;1;1;1;1;1;1;1;1;1;1;1;1;1;1;0;0;0;0;0;0;0;0;0;0.0004;0.088;-0.0884;0;0;0;0;0;0;0;0;0;0;0;0;0;0;0;0;0;0;0;-10.3;0;0;0;0;0.0004;0;0;0;0;0;0;0;-0.0004;-0.0884;0;0;0;0;0;0;0;0;0;-0.7452;0;0.7452;1;1;0;0;0;0
14/11/21 21:00;0;0;90;0;0;90;0;0;0;0;9.5101;5.71;0;0;0;0;0;0;0;0;0;0;0;0;0;1;1;1;1;0;0;0;0;0;0;0;0;0;0;0;0;0;0;0;0;0;0;0;0;0;0;0;0;0;0;0;0;0;0;0;0;0;0;0;1;1;1;1;1;1;1;1;1;1;1;1;1;1;1;1;1;1;1;0;0;0;0;0;0;0;0;0;0.0004;0.088;-0.0884;0;0;0;0;0;0;0;0;0;0;0;0;0;0;0;0;0;0;0;-9.5101;0;0;0;0;0.0004;0;0;0;0;0;0;0;-0.0004;-0.0884;0;0;0;0;0;0;0;0;0;-0.7452;0;0.7452;1;1;0;0;0;0
14/11/21 22:00;0;0;90;0;0;90;0;0;0;0;8.6997;6.2199;0;0;0;0;0;0;0;0;0;0;0;0;0;1;1;1;1;0;0;0;0;0;0;0;0;0;0;0;0;0;0;0;0;0;0;0;0;0;0;0;0;0;0;0;0;0;0;0;0;0;0;0;1;1;1;1;1;1;1;1;1;1;1;1;1;1;1;1;1;1;1;0;0;0;0;0;0;0;0;0;0.0004;0.088;-0.0884;0;0;0;0;0;0;0;0;0;0;0;0;0;0;0;0;0;0;0;-8.6997;0;0;0;0;0.0004;0;0;0;0;0;0;0;-0.0004;-0.0884;0;0;0;0;0;0;0;0;0;-0.7452;0;0.7452;1;1;0;0;0;0
14/11/21 23:00;0;0;90;0;0;90;0;0;0;0;8.9198;6.8;0;0;0;0;0;0;0;0;0;0;0;0;0;1;1;1;1;0;0;0;0;0;0;0;0;0;0;0;0;0;0;0;0;0;0;0;0;0;0;0;0;0;0;0;0;0;0;0;0;0;0;0;1;1;1;1;1;1;1;1;1;1;1;1;1;1;1;1;1;1;1;0;0;0;0;0;0;0;0;0;0.0004;0.088;-0.0884;0;0;0;0;0;0;0;0;0;0;0;0;0;0;0;0;0;0;0;-8.9198;0;0;0;0;0.0004;0;0;0;0;0;0;0;-0.0004;-0.0884;0;0;0;0;0;0;0;0;0;-0.7452;0;0.7452;1;1;0;0;0;0
15/11/21 00:00;0;0;90;0;0;90;0;0;0;0;8.5003;6.33;0;0;0;0;0;0;0;0;0;0;0;0;0;1;1;1;1;0;0;0;0;0;0;0;0;0;0;0;0;0;0;0;0;0;0;0;0;0;0;0;0;0;0;0;0;0;0;0;0;0;0;0;1;1;1;1;1;1;1;1;1;1;1;1;1;1;1;1;1;1;1;0;0;0;0;0;0;0;0;0;0.0004;0.088;-0.0884;0;0;0;0;0;0;0;0;0;0;0;0;0;0;0;0;0;0;0;-8.5003;0;0;0;0;0.0004;0;0;0;0;0;0;0;-0.0004;-0.0884;0;0;0;0;0;0;0;0;0;-0.7452;0;0.7452;1;1;0;0;0;0
15/11/21 01:00;0;0;90;0;0;90;0;0;0;0;8.6;5.31;0;0;0;0;0;0;0;0;0;0;0;0;0;1;1;1;1;0;0;0;0;0;0;0;0;0;0;0;0;0;0;0;0;0;0;0;0;0;0;0;0;0;0;0;0;0;0;0;0;0;0;0;1;1;1;1;1;1;1;1;1;1;1;1;1;1;1;1;1;1;1;0;0;0;0;0;0;0;0;0;0.0004;0.088;-0.0884;0;0;0;0;0;0;0;0;0;0;0;0;0;0;0;0;0;0;0;-8.6;0;0;0;0;0.0004;0;0;0;0;0;0;0;-0.0004;-0.0884;0;0;0;0;0;0;0;0;0;-0.7452;0;0.7452;1;1;0;0;0;0
15/11/21 02:00;0;0;90;0;0;90;0;0;0;0;7.9499;4.9201;0;0;0;0;0;0;0;0;0;0;0;0;0;1;1;1;1;0;0;0;0;0;0;0;0;0;0;0;0;0;0;0;0;0;0;0;0;0;0;0;0;0;0;0;0;0;0;0;0;0;0;0;1;1;1;1;1;1;1;1;1;1;1;1;1;1;1;1;1;1;1;0;0;0;0;0;0;0;0;0;0.0004;0.088;-0.0884;0;0;0;0;0;0;0;0;0;0;0;0;0;0;0;0;0;0;0;-7.9499;0;0;0;0;0.0004;0;0;0;0;0;0;0;-0.0004;-0.0884;0;0;0;0;0;0;0;0;0;-0.7452;0;0.7452;1;1;0;0;0;0
15/11/21 03:00;0;0;90;0;0;90;0;0;0;0;7.45;4.8401;0;0;0;0;0;0;0;0;0;0;0;0;0;1;1;1;1;0;0;0;0;0;0;0;0;0;0;0;0;0;0;0;0;0;0;0;0;0;0;0;0;0;0;0;0;0;0;0;0;0;0;0;1;1;1;1;1;1;1;1;1;1;1;1;1;1;1;1;1;1;1;0;0;0;0;0;0;0;0;0;0.0004;0.088;-0.0884;0;0;0;0;0;0;0;0;0;0;0;0;0;0;0;0;0;0;0;-7.45;0;0;0;0;0.0004;0;0;0;0;0;0;0;-0.0004;-0.0884;0;0;0;0;0;0;0;0;0;-0.7452;0;0.7452;1;1;0;0;0;0
15/11/21 04:00;1.196;-112.06;87.098;1.2904;1.8404;-90;-1.8404;0;0;0;7.3403;5.12;0;0;0;0;0;0;0;0;0;0;0;0;0;1;1;1;1;0;0;0;0;0;0;0;0;0;0;0;0;0;0;0;0;0;0;0;0;0;0;0;0;0;0;0;0;0;0;0;0;0;0;0;1;1;1;1;1;1;1;1;1;1;1;1;1;1;1;1;1;1;1;0;0;0;0;0;0;0;0;0;0.0004;0.088;-0.0884;0;0;0;0;0;0;0;0;0;0;0;0;0;0;0;0;0;0;0;-7.3403;0;0;0;0;0.0004;0;0;0;0;0;0;0;-0.0004;-0.0884;0;0;0;0;0;0;0;0;0;-0.7452;0;0.7452;1;1;0;0;0;0
15/11/21 05:00;8.1303;-107.07;69.941;8.4998;12.506;-90;-12.506;106.5;18;88.502;7.44;6.2199;0;214.64;9.828;19.534;0;0.2148;244.22;0;244.22;214.64;19.534;9.828;0.2148;0.8789;0.0411;0;0.0009;243.94;0.2814;0;0;0.1031;0.1783;218.11;25.582;23.091;2.1014;0.3818;0.0082;243.69;0.2439;0.2146;0.0195;0.0097;0;218.12;191.34;17.413;9.3334;0.0283;6.4048;5.348;1.6895;0.0066;0.058;0.8347;0.0039;0.8861;0;1;0;0;2.2931;0.9988;1;1;0.9895;0.1699;0.895;0.8923;1;0.9607;0.7755;0.999;0.999;1;0.999;0.999;0.8931;0.9497;0.1316;0.695;0.6257;0.0038;0.0165;-0.0155;0.0043;0.0154;0.0002;0;0;0.088;0.4887;0;0;0;0;0;0;0;0;0;0;0;0;0.0124;0.0012;0.5874;0.5874;0;18.057;18.057;10.617;0.0487;536.01;1095.9;1;0.0107;0.0107;0;0;0;0;0;0;0.5767;0.4887;0;15.894;18.405;13.223;15.312;98.173;98.173;5.8613;4.9539;4.1212;0.9074;0.8326;0.1548;0.1421;0.7031;5.9317;0.7013;0
15/11/21 06:00;20.07;-99.108;33.665;20.306;37.009;-90;-37.009;339.2;56.003;283.2;9.0301;7.4001;0;686.83;20.646;80.142;0;5.8085;793.43;0;793.43;686.83;80.142;20.646;5.8085;0.8657;0.0333;0;0.0073;786.92;6.5071;0;0;1.2714;5.2357;783;3.1299;2.1815;0.2545;0.6252;0.0687;786.13;0.7869;0.6868;0.0801;0.0194;0.0006;783.13;683.96;79.807;18.73;0.5035;15.893;13.271;4.5502;0.6456;0.1616;2.3251;0.1316;1.8411;0;1;0;0;2.3391;0.9918;1;1;0.9384;0.0986;0.996;0.9968;1;0.9677;0.88;0.999;0.999;1;0.999;0.999;0.9869;0.9072;0.0867;2.258;2.2453;0.0135;-0.0017;0.1797;0.0144;0.051;0.0004;0;0;0.088;1.8154;0;0;0;0;0;0;0;0;0;0;0;0;0.0411;0.0119;1.935;1.935;0;47.836;47.836;38.806;0.0496;1936.7;999.1;1;0.0315;0.0315;0;0;0;0;0;0;1.9034;1.8154;0;16.115;18.661;15.119;17.508;98.369;98.369;19.042;16.318;15.31;2.7244;1.0082;0.1431;0.0529;0.804;14.344;0.8022;0
15/11/21 07:00;32.28;-90.975;0.824;32.283;57.717;-90;-57.717;359.01;223;136.01;9.9302;8.25;0;254.64;139.91;76.027;0;14.217;484.79;0;484.79;254.64;76.027;139.91;14.217;0.5253;0.3179;0;0.0293;454.98;29.816;0;0;16.569;13.247;450.18;4.3423;0.0072;0.0022;4.2817;0.0512;454.52;0.455;0.2546;0.076;0.1233;0.001;454.25;254.38;75.949;118.93;0.9182;159.58;133.25;45.909;20.371;2.5114;36.126;4.0704;18.266;0;1;0;0;1.3504;0.9385;1;1;0.8816;0.0683;0.9904;1;1;0.9652;0.9472;0.999;0.999;1;0.999;0.999;0.9286;0.8501;0.0646;1.3797;1.372;0.0083;0.0069;0.0338;0.0093;0.0328;0.0066;0;0;0.088;1.1352;0;0;0;0;0;0;0;0;0;0;0;0;0.0265;0.0047;1.2432;1.2432;0;31.994;31.994;22.064;0.049;1177.9;1055.4;1;0.0199;0.0199;0;0;0;0;0;0;1.2232;1.1352;0;16.945;19.622;15.474;17.918;98.396;98.396;11.635;10.484;9.5735;1.1513;0.9102;0.0989;0.0782;0.8228;118.64;0.7793;0
15/11/21 08:00;44.511;-81.686;5.9186;44.814;45.186;-90;-45.186;281.81;267.1;14.704;10.65;8.32;0;20.862;224.26;5.6834;0;7.071;257.88;0;257.88;20.862;5.6834;224.26;7.071;0.0809;0.8971;0;0.0274;232.73;25.146;0;0;18.618;6.5274;225.76;6.7437;0.0043;0.0012;6.7061;0.0322;232.5;0.2327;0.0209;0.0057;0.2056;0.0005;228.31;20.837;5.6765;198.73;0.5108;175.01;146.14;49.426;13.893;2.2651;32.582;2.548;20.954;0;1;0;0;0.9151;0.9025;1;1;0.917;0.0769;0.971;0.9998;1;0.9674;0.9407;0.999;0.999;1;0.999;0.999;0.8754;0.8862;0.0722;0.7339;0.7185;0.0043;0.0157;-0.0085;0.0049;0.0176;0.0061;0;0;0.088;0.5631;0;0;0;0;0;0;0;0;0;0;0;0;0.0141;0.0015;0.6628;0.6628;0;21.67;21.67;11.02;0.0488;613.13;1081;1;0.0117;0.0117;0;0;0;0;0;0;0.6511;0.5631;0;16.983;19.666;14.43;16.709;98.242;98.242;6.1891;5.5893;4.7489;0.5999;0.8404;0.0969;0.1358;0.7673;167.2;0.701;0
15/11/21 09:00;56.385;-69.288;11.291;58.126;31.874;-90;-31.874;275.4;268.6;6.7999;11.53;8.2899;0;8.0072;246.9;1.8466;0;3.5297;260.28;0;260.28;8.0072;1.8466;246.9;3.5297;0.0308;0.9621;0;0.0136;245.15;15.13;0;0;12.023;3.1071;237.22;7.6847;0.0031;0.0007;7.6123;0.0686;244.91;0.2452;0.008;0.0018;0.2349;0.0004;238.32;7.9961;1.844;227.03;0.3536;169.22;141.3;45.353;4.6103;1.775;25.533;1.0964;22.698;0;1;0;0;0.9451;0.9419;1;1;0.9513;0.1197;0.9686;0.9996;1;0.9676;0.8374;0.999;0.999;1;0.999;0.999;0.9114;0.9195;0.1002;0.7407;0.733;0.0044;0.0155;-0.0049;0.005;0.0178;0.0047;0;0;0.088;0.5747;0;0;0;0;0;0;0;0;0;0;0;0;0.0144;0.0015;0.6745;0.6745;0;23.119;23.119;11.589;0.0489;626.28;1077;1;0.0118;0.0118;0;0;0;0;0;0;0.6627;0.5747;0;17.123;19.828;14.59;16.895;98.254;98.254;6.2468;5.6879;4.8465;0.5588;0.8414;0.0895;0.1347;0.7758;164.9;0.7228;0
15/11/21 10:00;66.965;-48.874;14.913;72.241;17.759;-90;-17.759;284.21;278.3;5.9115;12.34;8.5;0;6.2073;270.42;1.3422;0;1.1512;279.12;0;279.12;6.2073;1.3422;270.42;1.1512;0.0222;0.973;0;0.0041;273.04;6.0775;0;0;5.1194;0.9581;263.2;9.5655;0.0032;0.0007;9.5187;0.0429;272.77;0.273;0.0062;0.0013;0.2653;0.0002;263.47;6.1979;1.3402;255.52;0.1501;170.43;142.31;43.55;0.636;1.6656;23.959;0.2687;24.988;0;1;0;0;0.9821;0.9782;1;1;0.9811;0.1678;0.9649;0.9995;1;0.9641;0.7778;0.999;0.999;1;0.999;0.999;0.943;0.9449;0.1304;0.7944;0.8018;0.0048;0.0148;0.0006;0.0055;0.0194;0.0044;0;0;0.088;0.6343;0;0;0;0;0;0;0;0;0;0;0;0;0.0156;0.0018;0.7349;0.7349;0;25.21;25.21;12.87;0.0489;685.52;1072;1;0.0126;0.0126;0;0;0;0;0;0;0.7223;0.6343;0;17.398;20.146;15.017;17.389;98.289;98.289;6.6989;6.1974;5.3492;0.5015;0.8481;0.0749;0.1266;0.7985;166.34;0.7503;0
15/11/21 11:00;73.247;-10.307;16.475;86.917;3.083;-90;-3.083;293.51;287.7;5.8109;13.51;8.7699;0;5.8193;286.24;1.2501;0;0.0361;293.35;0;293.35;5.8193;1.2501;286.24;0.0361;0.0198;0.9759;0;0.0001;293;0.3512;0;0;0.3211;0.0301;279.99;12.71;0.0033;0.0007;12.705;0.0013;292.7;0.293;0.0058;0.0013;0.2859;0;279.99;5.8101;1.2482;272.93;0.0047;173.81;145.13;43.633;-0.0016;1.7069;24.554;-0.0027;26.262;0;1;0;0;0.9995;0.9988;1;1;0.9989;0.1661;0.9566;0.9994;1;0.9555;0.7777;0.999;0.999;1;0.999;0.999;0.9545;0.9535;0.129;0.8348;0.8503;0.0051;0.0142;0.0067;0.0058;0.0205;0.0045;0;0;0.088;0.674;0;0;0;0;0;0;0;0;0;0;0;0;0.0165;0.002;0.775;0.775;0;27.218;27.218;13.708;0.049;727.05;1066;1;0.0131;0.0131;0;0;0;0;0;0;0.762;0.674;0;17.458;20.217;15.182;17.58;98.314;98.314;7.0403;6.5359;5.6836;0.5044;0.8523;0.0716;0.1211;0.8073;169.65;0.7597;0
15/11/21 12:00;70.408;35.581;15.826;78.299;11.701;90;11.701;600.81;452.6;148.21;15.35;9.05;0;151.35;397.52;51.99;0;1.0612;601.92;0;601.92;151.35;51.99;397.52;1.0612;0.2515;0.6622;0;0.0018;597.3;4.6238;0;0;3.7408;0.883;580.88;15.813;0.0827;0.0284;15.662;0.0401;596.7;0.5973;0.1514;0.052;0.3938;0.0002;581.09;151.12;51.91;377.72;0.1379;355.04;296.46;91.369;0.2089;3.3551;48.262;0.2019;51.408;0;1;0;0;1.0019;0.9923;1;1;0.9906;0.1679;0.9735;0.9995;1;0.9602;0.7747;0.999;0.999;1;0.999;0.999;0.9651;0.9502;0.1299;1.713;1.7592;0.0106;0.002;0.1181;0.0114;0.0404;0.0085;0;0;0.088;1.4162;0;0;0;0;0;0;0;0;0;0;0;0;0.0326;0.0075;1.5282;1.5282;0;44.072;44.072;28.722;0.0494;1512;1010.8;1;0.024;0.024;0;0;0;0;0;0;1.5042;1.4162;0;16.777;19.427;15.547;18.004;98.43;98.43;14.446;12.888;11.943;1.5585;0.9445;0.1079;0.0654;0.8267;239.36;0.7799;0
15/11/21 13:00;61.04;62.246;13.031;63.907;26.093;90;26.093;1006.6;166.1;840.5;13.58;9.2301;0;935.88;49.362;127.03;0;8.72;1121;0;1121;935.88;127.03;49.362;8.72;0.8349;0.0518;0;0.0078;1111.7;9.2533;0;0;1.7525;7.5008;1108.3;2.2955;0.4208;0.0571;1.5751;0.2424;1110.6;1.1117;0.9359;0.127;0.0476;0.0012;1110.5;934.52;126.85;45.987;0.9756;550.19;459.4;147.1;0.4614;4.8496;69.76;2.2135;74.148;0;1;0;0;1.1136;0.9917;1;1;0.9645;0.1398;0.9979;0.9995;1;0.9669;0.801;0.999;0.999;1;0.999;0.999;0.9887;0.9316;0.1119;3.1903;3.3171;0.02;0.0072;0.5194;0.0194;0.0688;0.0111;0;0;0.088;2.4585;0;0;0;0;0;0;0;0;0;0;0;0;0.0554;0.025;2.5909;2.5909;0;69.502;69.502;55.922;0.0505;2857.7;906.63;1;0.0445;0.0445;0;0;0;0;0;0;2.5465;2.4585;0;15.273;17.686;14.492;16.781;98.284;98.284;26.904;21.85;20.733;5.0543;1.117;0.1879;0.0415;0.7706;31.717;0.7363;0
15/11/21 14:00;49.526;77.084;8.3422;50.249;39.751;90;39.751;281.59;273.6;7.9899;15.31;9.11;0;10.392;240.16;2.6726;0;5.5331;258.76;0;258.76;10.392;2.6726;240.16;5.5331;0.0402;0.9495;0;0.0214;237.11;21.643;0;0;16.573;5.0704;229.6;7.279;0.003;0.0008;7.2313;0.0439;236.88;0.2371;0.0104;0.0027;0.2236;0.0005;231.5;10.379;2.6691;216.13;0.4182;175.4;146.46;48.573;9.5755;2.0499;29.486;1.8989;21.961;0;1;0;0;0.9189;0.9164;1;1;0.931;0.0836;0.9693;0.9997;1;0.9676;0.9049;0.999;0.999;1;0.999;0.999;0.8873;0.9;0.0756;0.7364;0.7214;0.0043;0.0156;0.004;0.0049;0.0173;0.0054;0;0;0.088;0.555;0;0;0;0;0;0;0;0;0;0;0;0;0.0139;0.0015;0.6543;0.6543;0;26.562;26.562;11.251;0.049;616.12;1062;1;0.0113;0.0113;0;0;0;0;0;0;0.643;0.555;0;16.71;19.35;14.173;16.413;98.269;98.269;6.2102;5.5181;4.6805;0.6921;0.8377;0.1114;0.1349;0.7537;170.71;0.6944;0
15/11/21 15:00;37.381;87.33;2.1217;37.411;52.589;90;52.589;548.81;227.8;321;15.07;8.5201;0;528.38;113.88;141.76;0;18.308;802.32;0;802.32;528.38;141.76;113.88;18.308;0.6586;0.1648;0;0.0228;773.36;28.96;0;0;11.825;17.135;769.06;3.525;0.0387;0.0104;3.4269;0.049;772.59;0.7734;0.5284;0.1418;0.1021;0.0012;773.55;527.81;141.61;98.524;1.1234;223.46;186.59;60.174;11.948;2.7063;38.93;4.4927;29.688;0;1;0;0;1.4619;0.9639;1;1;0.8962;0.0641;0.9954;0.9999;1;0.9664;0.9582;0.999;0.999;1;0.999;0.999;0.9585;0.8652;0.0614;2.2833;2.2912;0.0138;-0.0018;0.2286;0.0144;0.0509;0.0066;0;0;0.088;1.8065;0;0;0;0;0;0;0;0;0;0;0;0;0.041;0.0123;1.9254;1.9254;0;53.36;53.36;38.29;0.0498;1975.2;974.8;1;0.0309;0.0309;0;0;0;0;0;0;1.8945;1.8065;0;15.858;18.363;14.879;17.229;98.396;98.396;19.256;16.237;15.235;3.0186;1.0026;0.1568;0.0521;0.7912;91.294;0.7634;0
15/11/21 16:00;25.129;95.791;7.0741;25.242;60;90;60;184;176.4;7.5932;15.22;7.4701;0;17.744;130.61;5.2704;0;7.8198;161.45;0;161.45;17.744;5.2704;130.61;7.8198;0.1099;0.8574;0;0.0484;137.71;23.736;0;0;16.42;7.3155;133.5;4.0763;0.0043;0.0013;4.0364;0.0344;137.57;0.1377;0.0177;0.0053;0.1142;0.0005;136.6;17.722;5.2638;110.04;0.4695;114.11;95.283;34.576;21.838;2.1548;30.996;3.1072;11.313;0;1;0;0;0.8774;0.853;1;1;0.8743;0.0645;0.9704;0.9998;1;0.9646;0.9318;0.999;0.999;1;0.999;0.999;0.8269;0.8425;0.06;0.4595;0.4529;0.0027;0.0173;-0.0053;0.0031;0.0109;0.0057;0;0;0.088;0.3127;0;0;0;0;0;0;0;0;0;0;0;0;0.0088;0.0007;0.4091;0.4091;0;21.766;21.766;6.5463;0.049;385.15;1062.2;1;0.0084;0.0084;0;0;0;0;0;0;0.4007;0.3127;0;16.745;19.391;12.799;14.821;97.944;97.944;3.8747;3.4502;2.6371;0.4245;0.8131;0.1096;0.2098;0.6806;113.71;0.5951;0
15/11/21 17:00;13.049;103.73;56.798;13.419;20.834;90;20.834;89.801;87.699;2.1013;15.27;5.6;0;5.0963;84.268;1.4154;0;0.4991;91.278;0;91.278;5.0963;1.4154;84.268;0.4991;0.0558;0.9287;0;0.0055;88.774;2.5043;0;0;2.0848;0.4195;85.685;3.0001;0.131;0.0364;2.8153;0.0174;88.685;0.0888;0.0051;0.0014;0.0822;0.0001;85.808;4.9602;1.3776;79.285;0.0621;52.585;43.908;13.525;0.3495;0.5181;7.4531;0.1224;7.6217;0;1;0;0;1.0165;0.9726;1;1;0.9753;0.1595;0.9662;0.9743;1;0.9657;0.781;0.999;0.999;1;0.999;0.999;0.9387;0.9409;0.1244;0.2598;0.2604;0.0016;0.016;-0.0052;0.0017;0.0062;0.0013;0;0;0.088;0.139;0;0;0;0;0;0;0;0;0;0;0;0;0.005;0.0003;0.2336;0.2336;0;19.483;19.483;4.2124;0.0492;221.5;1054.8;1;0.0066;0.0066;0;0;0;0;0;0;0.227;0.139;0;16.913;19.585;10.062;11.651;97.155;97.155;2.1907;1.9703;1.1721;0.2204;0.7982;0.1006;0.3644;0.535;52.571;0.5042;0
15/11/21 18:00;3.6666;110.23;81.078;3.907;5.6049;90;5.6049;3.0083;3;0.0083;14.17;3.9001;0;0.0201;2.9926;0.0007;0;0.0012;3.0146;3.0146;0;0.0201;0;0;0;1;1;1;1;0;0;0;0;0;0;0;0;0;0;0;0;0;0;0;0;0;0;0;0;0;0;0;0;0;0;0;0;0;0;0;0;0;0;0;0;1;1;1;1;1;1;1;1;1;1;1;0;1;0;0;1;0;0;0;0;0;0;0;0;0;0;0;0.0004;0.088;-0.0884;0;0;0;0;0;0;0;0;0;0;0;0;0;0;0;0;0;0;0;-14.17;0;0;0;0;0.0004;0;0;0;0;0;0;0;-0.0004;-0.0884;0;0;0;0;0;0;0;0;0;-0.7452;0;0.7452;1;1;0;0;0;0
15/11/21 19:00;0;0;90;0;0;90;0;0;0;0;12.74;3.2601;0;0;0;0;0;0;0;0;0;0;0;0;0;1;1;1;1;0;0;0;0;0;0;0;0;0;0;0;0;0;0;0;0;0;0;0;0;0;0;0;0;0;0;0;0;0;0;0;0;0;0;0;1;1;1;1;1;1;1;1;1;1;1;1;1;1;1;1;1;1;1;0;0;0;0;0;0;0;0;0;0.0004;0.088;-0.0884;0;0;0;0;0;0;0;0;0;0;0;0;0;0;0;0;0;0;0;-12.74;0;0;0;0;0.0004;0;0;0;0;0;0;0;-0.0004;-0.0884;0;0;0;0;0;0;0;0;0;-0.7452;0;0.7452;1;1;0;0;0;0
15/11/21 20:00;0;0;90;0;0;90;0;0;0;0;10.31;2.99;0;0;0;0;0;0;0;0;0;0;0;0;0;1;1;1;1;0;0;0;0;0;0;0;0;0;0;0;0;0;0;0;0;0;0;0;0;0;0;0;0;0;0;0;0;0;0;0;0;0;0;0;1;1;1;1;1;1;1;1;1;1;1;1;1;1;1;1;1;1;1;0;0;0;0;0;0;0;0;0;0.0004;0.088;-0.0884;0;0;0;0;0;0;0;0;0;0;0;0;0;0;0;0;0;0;0;-10.31;0;0;0;0;0.0004;0;0;0;0;0;0;0;-0.0004;-0.0884;0;0;0;0;0;0;0;0;0;-0.7452;0;0.7452;1;1;0;0;0;0
15/11/21 21:00;0;0;90;0;0;90;0;0;0;0;11.63;2.92;0;0;0;0;0;0;0;0;0;0;0;0;0;1;1;1;1;0;0;0;0;0;0;0;0;0;0;0;0;0;0;0;0;0;0;0;0;0;0;0;0;0;0;0;0;0;0;0;0;0;0;0;1;1;1;1;1;1;1;1;1;1;1;1;1;1;1;1;1;1;1;0;0;0;0;0;0;0;0;0;0.0004;0.088;-0.0884;0;0;0;0;0;0;0;0;0;0;0;0;0;0;0;0;0;0;0;-11.63;0;0;0;0;0.0004;0;0;0;0;0;0;0;-0.0004;-0.0884;0;0;0;0;0;0;0;0;0;-0.7452;0;0.7452;1;1;0;0;0;0
15/11/21 22:00;0;0;90;0;0;90;0;0;0;0;11.36;2.8799;0;0;0;0;0;0;0;0;0;0;0;0;0;1;1;1;1;0;0;0;0;0;0;0;0;0;0;0;0;0;0;0;0;0;0;0;0;0;0;0;0;0;0;0;0;0;0;0;0;0;0;0;1;1;1;1;1;1;1;1;1;1;1;1;1;1;1;1;1;1;1;0;0;0;0;0;0;0;0;0;0.0004;0.088;-0.0884;0;0;0;0;0;0;0;0;0;0;0;0;0;0;0;0;0;0;0;-11.36;0;0;0;0;0.0004;0;0;0;0;0;0;0;-0.0004;-0.0884;0;0;0;0;0;0;0;0;0;-0.7452;0;0.7452;1;1;0;0;0;0
15/11/21 23:00;0;0;90;0;0;90;0;0;0;0;10.95;2.8699;0;0;0;0;0;0;0;0;0;0;0;0;0;1;1;1;1;0;0;0;0;0;0;0;0;0;0;0;0;0;0;0;0;0;0;0;0;0;0;0;0;0;0;0;0;0;0;0;0;0;0;0;1;1;1;1;1;1;1;1;1;1;1;1;1;1;1;1;1;1;1;0;0;0;0;0;0;0;0;0;0.0004;0.088;-0.0884;0;0;0;0;0;0;0;0;0;0;0;0;0;0;0;0;0;0;0;-10.95;0;0;0;0;0.0004;0;0;0;0;0;0;0;-0.0004;-0.0884;0;0;0;0;0;0;0;0;0;-0.7452;0;0.7452;1;1;0;0;0;0
16/11/21 00:00;0;0;90;0;0;90;0;0;0;0;10.34;2.82;0;0;0;0;0;0;0;0;0;0;0;0;0;1;1;1;1;0;0;0;0;0;0;0;0;0;0;0;0;0;0;0;0;0;0;0;0;0;0;0;0;0;0;0;0;0;0;0;0;0;0;0;1;1;1;1;1;1;1;1;1;1;1;1;1;1;1;1;1;1;1;0;0;0;0;0;0;0;0;0;0.0004;0.088;-0.0884;0;0;0;0;0;0;0;0;0;0;0;0;0;0;0;0;0;0;0;-10.34;0;0;0;0;0.0004;0;0;0;0;0;0;0;-0.0004;-0.0884;0;0;0;0;0;0;0;0;0;-0.7452;0;0.7452;1;1;0;0;0;0
16/11/21 01:00;0;0;90;0;0;90;0;0;0;0;8.83;2.7801;0;0;0;0;0;0;0;0;0;0;0;0;0;1;1;1;1;0;0;0;0;0;0;0;0;0;0;0;0;0;0;0;0;0;0;0;0;0;0;0;0;0;0;0;0;0;0;0;0;0;0;0;1;1;1;1;1;1;1;1;1;1;1;1;1;1;1;1;1;1;1;0;0;0;0;0;0;0;0;0;0.0004;0.088;-0.0884;0;0;0;0;0;0;0;0;0;0;0;0;0;0;0;0;0;0;0;-8.83;0;0;0;0;0.0004;0;0;0;0;0;0;0;-0.0004;-0.0884;0;0;0;0;0;0;0;0;0;-0.7452;0;0.7452;1;1;0;0;0;0
16/11/21 02:00;0;0;90;0;0;90;0;0;0;0;7.2299;2.76;0;0;0;0;0;0;0;0;0;0;0;0;0;1;1;1;1;0;0;0;0;0;0;0;0;0;0;0;0;0;0;0;0;0;0;0;0;0;0;0;0;0;0;0;0;0;0;0;0;0;0;0;1;1;1;1;1;1;1;1;1;1;1;1;1;1;1;1;1;1;1;0;0;0;0;0;0;0;0;0;0.0004;0.088;-0.0884;0;0;0;0;0;0;0;0;0;0;0;0;0;0;0;0;0;0;0;-7.2299;0;0;0;0;0.0004;0;0;0;0;0;0;0;-0.0004;-0.0884;0;0;0;0;0;0;0;0;0;-0.7452;0;0.7452;1;1;0;0;0;0
16/11/21 03:00;0;0;90;0;0;90;0;0;0;0;5.0701;2.75;0;0;0;0;0;0;0;0;0;0;0;0;0;1;1;1;1;0;0;0;0;0;0;0;0;0;0;0;0;0;0;0;0;0;0;0;0;0;0;0;0;0;0;0;0;0;0;0;0;0;0;0;1;1;1;1;1;1;1;1;1;1;1;1;1;1;1;1;1;1;1;0;0;0;0;0;0;0;0;0;0.0004;0.088;-0.0884;0;0;0;0;0;0;0;0;0;0;0;0;0;0;0;0;0;0;0;-5.0701;0;0;0;0;0.0004;0;0;0;0;0;0;0;-0.0004;-0.0884;0;0;0;0;0;0;0;0;0;-0.7452;0;0.7452;1;1;0;0;0;0
16/11/21 04:00;1.3106;-112.28;86.82;1.4164;2.0205;-90;-2.0205;0;0;0;4.5403;2.6;0;0;0;0;0;0;0;0;0;0;0;0;0;1;1;1;1;0;0;0;0;0;0;0;0;0;0;0;0;0;0;0;0;0;0;0;0;0;0;0;0;0;0;0;0;0;0;0;0;0;0;0;1;1;1;1;1;1;1;1;1;1;1;1;1;1;1;1;1;1;1;0;0;0;0;0;0;0;0;0;0.0004;0.088;-0.0884;0;0;0;0;0;0;0;0;0;0;0;0;0;0;0;0;0;0;0;-4.5403;0;0;0;0;0.0004;0;0;0;0;0;0;0;-0.0004;-0.0884;0;0;0;0;0;0;0;0;0;-0.7452;0;0.7452;1;1;0;0;0;0
16/11/21 05:00;8.2351;-107.31;69.672;8.6198;12.695;-90;-12.695;114.8;18.898;95.907;7.67;3.3301;0;232.6;9.7336;21.934;0;0.2386;264.51;0;264.51;232.6;21.934;9.7336;0.2386;0.8794;0.0377;0;0.0009;264.2;0.3027;0;0;0.1047;0.198;236.97;26.966;24.289;2.2905;0.3769;0.0091;263.94;0.2642;0.2326;0.0219;0.0096;0;236.98;208.08;19.622;9.2424;0.0314;6.3924;5.3376;1.4422;0.007;0.0738;1.0616;0.0049;1.1285;0;1;0;0;2.304;0.9989;1;1;0.9892;0.1699;0.8978;0.8955;1;0.9608;0.7756;0.999;0.999;1;0.999;0.999;0.8959;0.9495;0.1316;0.7528;0.6801;0.0041;0.016;-0.014;0.0047;0.0167;0.0002;0;0;0.088;0.5381;0;0;0;0;0;0;0;0;0;0;0;0;0.0135;0.0014;0.6375;0.6375;0;19.209;19.209;11.539;0.0487;582.8;1093.9;1;0.0114;0.0114;0;0;0;0;0;0;0.6261;0.5381;0;15.927;18.443;13.443;15.567;98.207;98.207;6.3482;5.3765;4.538;0.9717;0.8385;0.1531;0.1321;0.7148;5.8781;0.7127;0
16/11/21 06:00;20.164;-99.359;33.28;20.413;37.356;-90;-37.356;334.39;55.098;279.3;9.6298;4.26;0;677.37;20.811;77.386;0;5.8303;781.4;0;781.4;677.37;77.386;20.811;5.8303;0.8669;0.0341;0;0.0075;774.83;6.5637;0;0;1.3003;5.2633;771.14;2.9237;1.9994;0.2284;0.6297;0.0661;774.06;0.7748;0.6774;0.0774;0.0195;0.0006;771.27;674.69;77.081;18.862;0.5003;16.024;13.38;4.589;0.6719;0.1643;2.3628;0.136;1.8551;0;1;0;0;2.3368;0.9916;1;1;0.9375;0.0972;0.9962;0.997;1;0.9677;0.8833;0.999;0.999;1;0.999;0.999;0.9869;0.9063;0.0858;2.2238;2.2114;0.0133;-0.0015;0.1772;0.0142;0.0502;0.0004;0;0;0.088;1.7867;0;0;0;0;0;0;0;0;0;0;0;0;0.0404;0.0115;1.9057;1.9057;0;47.849;47.849;38.219;0.0496;1907.4;999.12;1;0.031;0.031;0;0;0;0;0;0;1.8747;1.7867;0;16.115;18.661;15.109;17.496;98.374;98.374;18.754;16.071;15.067;2.6828;1.0035;0.1431;0.0535;0.8034;14.5;0.8016;0
16/11/21 07:00;32.368;-91.256;1.0608;32.374;57.626;-90;-57.626;567.21;93.6;473.61;11.39;4.65;0;884.52;26.422;110.53;0;22.398;1043.9;0;1043.9;884.52;110.53;26.422;22.398;0.8473;0.0468;0;0.0215;1019.9;23.991;0;0;3.122;20.869;1017.9;0.9247;0.0324;0.004;0.8083;0.08;1018.9;1.0199;0.8845;0.1105;0.0233;0.0015;1021.8;883.6;110.42;22.468;1.4467;146.9;122.66;38.339;3.8307;1.5968;22.97;3.8597;20.736;0;1;0;0;1.8404;0.977;1;1;0.8818;0.0682;0.9991;1;1;0.9653;0.9476;0.999;0.999;1;0.999;0.999;0.9752;0.8504;0.0646;2.9708;2.9695;0.0179;0.0012;0.3907;0.0179;0.0635;0.0038;0;0;0.088;2.2742;0;0;0;0;0;0;0;0;0;0;0;0;0.0512;0.0202;2.403;2.403;0;62.447;62.447;51.057;0.0502;2558.5;939.24;1;0.0408;0.0408;0;0;0;0;0;0;2.3622;2.2742;0;15.212;17.615;14.396;16.671;98.302;98.302;25.053;20.265;19.179;4.7878;1.0863;0.1911;0.0434;0.7655;22.384;0.7531;0
16/11/21 08:00;44.603;-82.018;5.6743;44.882;45.118;-90;-45.118;814.4;134.4;679.99;12.43;4.6299;0;963.65;35.287;131.83;0;20.376;1151.1;0;1151.1;963.65;131.83;35.287;20.376;0.8371;0.0484;0;0.0177;1129.4;21.731;0;0;2.923;18.808;1126.9;1.3632;0.1887;0.0258;1.0552;0.0935;1128.3;1.1294;0.9636;0.1318;0.0324;0.0016;1131.9;962.5;131.67;31.276;1.4736;349.83;292.11;92.257;2.1795;3.2893;47.316;4.9651;48.426;0;1;0;0;1.4135;0.9811;1;1;0.9172;0.077;0.9988;0.9998;1;0.9674;0.9403;0.999;0.999;1;0.999;0.999;0.979;0.8863;0.0723;3.2761;3.3332;0.0201;0.0076;0.5192;0.0195;0.0692;0.0075;0;0;0.088;2.4763;0;0;0;0;0;0;0;0;0;0;0;0;0.0557;0.0252;2.6092;2.6092;0;69.282;69.282;56.852;0.0504;2873.5;908.04;1;0.0449;0.0449;0;0;0;0;0;0;2.5643;2.4763;0;14.978;17.344;14.215;16.461;98.278;98.278;27.627;22.004;20.883;5.6233;1.121;0.2035;0.0406;0.7559;26.291;0.7333;0
16/11/21 09:00;56.496;-69.7;11.041;58.165;31.835;-90;-31.835;989.9;163.3;826.6;13.47;4.4501;0;972.96;44.018;136.19;0;12.657;1165.8;0;1165.8;972.96;136.19;44.018;12.657;0.8346;0.0486;0;0.0109;1152.5;13.279;0;0;2.1393;11.139;1149.4;2.0268;0.3707;0.0519;1.3574;0.2469;1151.4;1.1525;0.973;0.1362;0.0419;0.0015;1152.7;971.61;136;40.48;1.2692;516.6;431.36;141.54;0.8215;4.3566;62.668;3.3086;66.203;0;1;0;0;1.1777;0.9886;1;1;0.9514;0.1199;0.9982;0.9996;1;0.9676;0.8372;0.999;0.999;1;0.999;0.999;0.9859;0.9196;0.1003;3.3178;3.4234;0.0206;0.0097;0.5611;0.0198;0.0703;0.0098;0;0;0.088;2.5153;0;0;0;0;0;0;0;0;0;0;0;0;0.0566;0.0265;2.6489;2.6489;0;71.566;71.566;58.096;0.0505;2949.6;898.05;1;0.0456;0.0456;0;0;0;0;0;0;2.6033;2.5153;0;15.014;17.386;14.257;16.509;98.279;98.279;27.98;22.339;21.212;5.641;1.1265;0.2016;0.0403;0.7581;29.391;0.7288;0
16/11/21 10:00;67.126;-49.377;14.66;72.244;17.756;-90;-17.756;1076.5;177.6;898.89;14.44;4.3199;0;943.86;52.478;130.04;0;4.3589;1130.7;0;1130.7;943.86;130.04;52.478;4.3589;0.8347;0.0503;0;0.0039;1126.1;4.6208;0;0;0.9932;3.6276;1122.4;2.5529;0.4775;0.0658;1.8473;0.1623;1125;1.1261;0.9439;0.13;0.0515;0.0007;1123.4;942.43;129.84;49.586;0.5682;614.39;513.02;165.08;0.1244;5.3375;76.777;0.9916;81.99;0;1;0;0;1.0504;0.9959;1;1;0.9811;0.1678;0.9977;0.9995;1;0.9641;0.7778;0.999;0.999;1;0.999;0.999;0.9927;0.9449;0.1304;3.218;3.368;0.0203;0.0084;0.5472;0.0195;0.0693;0.0121;0;0;0.088;2.4769;0;0;0;0;0;0;0;0;0;0;0;0;0.0558;0.0257;2.6097;2.6097;0;71.152;71.152;56.712;0.0505;2900.9;899.59;1;0.0447;0.0447;0;0;0;0;0;0;2.5649;2.4769;0;15.251;17.66;14.475;16.762;98.287;98.287;27.137;22.008;20.888;5.13;1.1191;0.189;0.0412;0.7697;32.28;0.7325;0
16/11/21 11:00;73.487;-10.596;16.224;86.88;3.1203;-90;-3.1203;1094.2;180.6;913.59;15.62;4.3001;0;914.95;57.557;123.18;0;0.1379;1095.8;0;1095.8;914.95;123.18;57.557;0.1379;0.8349;0.0526;0;0.0001;1095.6;0.1807;0;0;0.0657;0.115;1091.4;3.14;0.5122;0.069;2.5538;0.0051;1094.5;1.0956;0.9149;0.1232;0.0575;0;1091.4;913.52;122.99;54.88;0.0178;644.76;538.37;170.56;-0.0003;5.7671;82.957;-0.0026;88.725;0;1;0;0;1.0015;0.9998;1;1;0.9989;0.1661;0.9971;0.9994;1;0.9555;0.7777;0.999;0.999;1;0.999;0.999;0.996;0.9535;0.129;3.1186;3.2888;0.0198;0.0066;0.5299;0.0191;0.0678;0.0131;0;0;0.088;2.4218;0;0;0;0;0;0;0;0;0;0;0;0;0.0546;0.0245;2.5533;2.5533;0;70.742;70.742;55.122;0.0505;2832.4;901.45;1;0.0434;0.0434;0;0;0;0;0;0;2.5098;2.4218;0;15.396;17.829;14.604;16.911;98.299;98.299;26.3;21.532;20.424;4.7679;1.1083;0.1813;0.0421;0.7766;34.114;0.7349;0
16/11/21 12:00;70.645;35.844;15.584;78.377;11.623;90;11.623;1073;177;895.99;16.89;4.3001;0;914.75;56.277;122.66;0;1.8703;1095.6;0;1095.6;914.75;122.66;56.277;1.8703;0.835;0.0531;0;0.0017;1093.5;2.0801;0;0;0.5237;1.5564;1089.5;2.8488;0.4919;0.066;2.2203;0.0707;1092.4;1.0935;0.9148;0.1227;0.0558;0.0003;1089.9;913.35;122.47;53.478;0.243;624.36;521.34;166.47;0.0293;5.5019;79.143;0.3698;84.616;0;1;0;0;1.021;0.9981;1;1;0.9907;0.1679;0.9974;0.9995;1;0.9601;0.7747;0.999;0.999;1;0.999;0.999;0.9945;0.9503;0.1299;3.1179;3.2768;0.0197;0.0064;0.5426;0.019;0.0672;0.0124;0;0;0.088;2.4002;0;0;0;0;0;0;0;0;0;0;0;0;0.0542;0.0244;2.531;2.531;0;71.973;71.973;55.083;0.0506;2822.5;896.7;1;0.0428;0.0428;0;0;0;0;0;0;2.4882;2.4002;0;15.266;17.677;14.477;16.764;98.31;98.31;26.293;21.344;20.241;4.9494;1.1028;0.1882;0.0419;0.7698;33.879;0.7303;0
16/11/21 13:00;61.234;62.584;12.802;64.019;25.981;90;25.981;984.31;162.4;821.91;17.86;4.3001;0;914.31;50.862;121.07;0;8.4553;1094.7;0;1094.7;914.31;121.07;50.862;8.4553;0.8352;0.0542;0;0.0077;1085.6;9.0625;0;0;1.7933;7.2692;1082.2;2.3181;0.4039;0.0535;1.6243;0.2364;1084.5;1.0856;0.9143;0.1211;0.0491;0.0012;1084.4;912.99;120.89;47.395;0.9484;538.58;449.72;143.97;0.4682;4.7508;68.338;2.1443;72.621;0;1;0;0;1.1121;0.9917;1;1;0.9647;0.1403;0.9979;0.9996;1;0.9669;0.8005;0.999;0.999;1;0.999;0.999;0.9886;0.9318;0.1122;3.1154;3.2394;0.0195;0.0056;0.544;0.0187;0.0663;0.0107;0;0;0.088;2.3674;0;0;0;0;0;0;0;0;0;0;0;0;0.0534;0.0239;2.4973;2.4973;0;72.601;72.601;54.741;0.0506;2791.3;894.66;1;0.0419;0.0419;0;0;0;0;0;0;2.4554;2.3674;0;15.075;17.456;14.29;16.548;98.321;98.321;26.273;21.06;19.964;5.2127;1.0957;0.1984;0.0417;0.7599;32.658;0.726;0
16/11/21 14:00;49.697;77.372;8.1292;50.388;39.612;90;39.612;837.29;148.6;688.69;18.7;4.19;0;893.97;46.638;124.5;0;16.342;1081.4;0;1081.4;893.97;124.5;46.638;16.342;0.8266;0.0582;0;0.0151;1063.3;18.168;0;0;3.2011;14.967;1060.4;1.8228;0.2508;0.0349;1.4046;0.1326;1062.2;1.0633;0.894;0.1245;0.0434;0.0014;1064.8;892.82;124.34;41.989;1.2407;399.84;333.86;107.38;1.8412;3.5914;51.66;4.4267;53.41;0;1;0;0;1.2916;0.9832;1;1;0.9314;0.0841;0.9983;0.9997;1;0.9676;0.9035;0.999;0.999;1;0.999;0.999;0.9805;0.9003;0.0759;3.0777;3.15;0.019;0.004;0.5263;0.0182;0.0646;0.0081;0;0;0.088;2.3068;0;0;0;0;0;0;0;0;0;0;0;0;0.052;0.0226;2.4353;2.4353;0;72.322;72.322;53.622;0.0506;2715.9;896.67;1;0.0405;0.0405;0;0;0;0;0;0;2.3948;2.3068;0;14.88;17.231;14.095;16.322;98.336;98.336;25.955;20.537;19.453;5.4176;1.0838;0.2087;0.0418;0.7495;33.112;0.7236;0
16/11/21 15:00;37.545;87.573;1.9242;37.57;52.43;90;52.43;644.9;142.9;502;19.35;3.94;0;823.32;47.295;137.99;0;21.393;1030;0;1030;823.32;137.99;47.295;21.393;0.7993;0.0667;0;0.0208;1005.1;24.91;0;0;4.8895;20.02;1002.5;1.5439;0.0547;0.0092;1.4227;0.0573;1004.1;1.0051;0.8233;0.138;0.0424;0.0014;1007.2;822.44;137.84;40.94;1.3144;229.56;191.68;58.62;4.9133;2.5096;36.1;4.692;33.696;0;1;0;0;1.5971;0.9758;1;1;0.8966;0.0642;0.9985;0.9999;1;0.9664;0.9582;0.999;0.999;1;0.999;0.999;0.9733;0.8656;0.0614;2.9313;2.9541;0.0178;0.001;0.4689;0.0173;0.0612;0.0057;0;0;0.088;2.1869;0;0;0;0;0;0;0;0;0;0;0;0;0.0493;0.02;2.3128;2.3128;0;69.944;69.944;50.594;0.0505;2547.7;907.78;1;0.0379;0.0379;0;0;0;0;0;0;2.2749;2.1869;0;14.838;17.182;14.03;16.246;98.362;98.362;24.72;19.504;18.442;5.2161;1.0616;0.211;0.0429;0.746;37.853;0.727;0
16/11/21 16:00;25.295;96.003;7.0979;25.417;60;90;60;417.71;148.6;269.11;19.48;3.5899;0;625;61.279;155.36;0;17.753;859.39;0;859.39;625;155.36;61.279;17.753;0.7273;0.092;0;0.0207;835.08;24.312;0;0;7.7038;16.608;832.08;2.1629;0.1531;0.0381;1.8937;0.078;834.24;0.8351;0.625;0.1554;0.0536;0.0011;834.11;624.22;155.16;51.628;1.0658;69.168;57.755;20.703;10.249;1.1285;16.233;2.0321;7.1123;0;1;0;0;2.0574;0.9717;1;1;0.8743;0.0645;0.9974;0.9998;1;0.9646;0.9318;0.999;0.999;1;0.999;0.999;0.9682;0.8425;0.06;2.4458;2.419;0.0146;-0.002;0.309;0.0147;0.0521;0.0027;0;0;0.088;1.8532;0;0;0;0;0;0;0;0;0;0;0;0;0.0419;0.0137;1.9724;1.9724;0;61.17;61.17;41.69;0.0501;2088.4;944.46;1;0.0312;0.0312;0;0;0;0;0;0;1.9412;1.8532;0;15.166;17.562;14.25;16.501;98.419;98.419;20.625;16.633;15.628;3.9919;1.005;0.1935;0.0487;0.7577;53.347;0.7472;0
16/11/21 17:00;13.222;103.92;56.308;13.608;21.184;90;21.184;184.7;126.4;58.299;18.55;2.35;0;141.39;99.88;55.848;0;1.0609;298.18;0;298.18;141.39;55.848;99.88;1.0609;0.4742;0.3385;0;0.0036;294.75;3.4311;0;0;2.5381;0.893;286.3;8.1506;3.4328;1.3559;3.3253;0.0366;294.46;0.2948;0.1414;0.0558;0.0973;0.0002;286.46;137.82;54.436;93.919;0.1312;62.821;52.456;16.231;0.4405;0.6157;8.8572;0.1516;9.0325;0;1;0;0;1.6144;0.9885;1;1;0.9746;0.1583;0.9723;0.9757;1;0.9658;0.782;0.999;0.999;1;0.999;0.999;0.9602;0.9403;0.1237;0.8486;0.8373;0.005;0.0143;0.0229;0.0056;0.0197;0.0016;0;0;0.088;0.6499;0;0;0;0;0;0;0;0;0;0;0;0;0.0159;0.002;0.7503;0.7503;0;32.629;32.629;14.078;0.0492;718.71;1044;1;0.0125;0.0125;0;0;0;0;0;0;0.7379;0.6499;0;16.628;19.255;14.402;16.677;98.339;98.339;7.1563;6.3278;5.4805;0.8286;0.8472;0.1158;0.1184;0.7658;62.423;0.7492;0
16/11/21 18:00;3.6571;110.55;81.101;3.9049;5.6018;90;5.6018;2.2074;2.2019;0.0055;16.56;2.4699;0;0.0133;2.1965;0.0003;0;0.0009;2.2111;2.2111;0;0.0133;0;0;0;1;1;1;1;0;0;0;0;0;0;0;0;0;0;0;0;0;0;0;0;0;0;0;0;0;0;0;0;0;0;0;0;0;0;0;0;0;0;0;0;1;1;1;1;1;1;1;1;1;1;1;0;1;0;0;1;0;0;0;0;0;0;0;0;0;0;0;0.0004;0.088;-0.0884;0;0;0;0;0;0;0;0;0;0;0;0;0;0;0;0;0;0;0;-16.56;0;0;0;0;0.0004;0;0;0;0;0;0;0;-0.0004;-0.0884;0;0;0;0;0;0;0;0;0;-0.7452;0;0.7452;1;1;0;0;0;0
16/11/21 19:00;0;0;90;0;0;90;0;0;0;0;13.62;2.4501;0;0;0;0;0;0;0;0;0;0;0;0;0;1;1;1;1;0;0;0;0;0;0;0;0;0;0;0;0;0;0;0;0;0;0;0;0;0;0;0;0;0;0;0;0;0;0;0;0;0;0;0;1;1;1;1;1;1;1;1;1;1;1;1;1;1;1;1;1;1;1;0;0;0;0;0;0;0;0;0;0.0004;0.088;-0.0884;0;0;0;0;0;0;0;0;0;0;0;0;0;0;0;0;0;0;0;-13.62;0;0;0;0;0.0004;0;0;0;0;0;0;0;-0.0004;-0.0884;0;0;0;0;0;0;0;0;0;-0.7452;0;0.7452;1;1;0;0;0;0
16/11/21 20:00;0;0;90;0;0;90;0;0;0;0;12.39;2.28;0;0;0;0;0;0;0;0;0;0;0;0;0;1;1;1;1;0;0;0;0;0;0;0;0;0;0;0;0;0;0;0;0;0;0;0;0;0;0;0;0;0;0;0;0;0;0;0;0;0;0;0;1;1;1;1;1;1;1;1;1;1;1;1;1;1;1;1;1;1;1;0;0;0;0;0;0;0;0;0;0.0004;0.088;-0.0884;0;0;0;0;0;0;0;0;0;0;0;0;0;0;0;0;0;0;0;-12.39;0;0;0;0;0.0004;0;0;0;0;0;0;0;-0.0004;-0.0884;0;0;0;0;0;0;0;0;0;-0.7452;0;0.7452;1;1;0;0;0;0
16/11/21 21:00;0;0;90;0;0;90;0;0;0;0;11.1;2.0799;0;0;0;0;0;0;0;0;0;0;0;0;0;1;1;1;1;0;0;0;0;0;0;0;0;0;0;0;0;0;0;0;0;0;0;0;0;0;0;0;0;0;0;0;0;0;0;0;0;0;0;0;1;1;1;1;1;1;1;1;1;1;1;1;1;1;1;1;1;1;1;0;0;0;0;0;0;0;0;0;0.0004;0.088;-0.0884;0;0;0;0;0;0;0;0;0;0;0;0;0;0;0;0;0;0;0;-11.1;0;0;0;0;0.0004;0;0;0;0;0;0;0;-0.0004;-0.0884;0;0;0;0;0;0;0;0;0;-0.7452;0;0.7452;1;1;0;0;0;0
16/11/21 22:00;0;0;90;0;0;90;0;0;0;0;9.3798;1.89;0;0;0;0;0;0;0;0;0;0;0;0;0;1;1;1;1;0;0;0;0;0;0;0;0;0;0;0;0;0;0;0;0;0;0;0;0;0;0;0;0;0;0;0;0;0;0;0;0;0;0;0;1;1;1;1;1;1;1;1;1;1;1;1;1;1;1;1;1;1;1;0;0;0;0;0;0;0;0;0;0.0004;0.088;-0.0884;0;0;0;0;0;0;0;0;0;0;0;0;0;0;0;0;0;0;0;-9.3798;0;0;0;0;0.0004;0;0;0;0;0;0;0;-0.0004;-0.0884;0;0;0;0;0;0;0;0;0;-0.7452;0;0.7452;1;1;0;0;0;0
16/11/21 23:00;0;0;90;0;0;90;0;0;0;0;7.7697;1.6799;0;0;0;0;0;0;0;0;0;0;0;0;0;1;1;1;1;0;0;0;0;0;0;0;0;0;0;0;0;0;0;0;0;0;0;0;0;0;0;0;0;0;0;0;0;0;0;0;0;0;0;0;1;1;1;1;1;1;1;1;1;1;1;1;1;1;1;1;1;1;1;0;0;0;0;0;0;0;0;0;0.0004;0.088;-0.0884;0;0;0;0;0;0;0;0;0;0;0;0;0;0;0;0;0;0;0;-7.7697;0;0;0;0;0.0004;0;0;0;0;0;0;0;-0.0004;-0.0884;0;0;0;0;0;0;0;0;0;-0.7452;0;0.7452;1;1;0;0;0;0
17/11/21 00:00;0;0;90;0;0;90;0;0;0;0;6.1802;1.48;0;0;0;0;0;0;0;0;0;0;0;0;0;1;1;1;1;0;0;0;0;0;0;0;0;0;0;0;0;0;0;0;0;0;0;0;0;0;0;0;0;0;0;0;0;0;0;0;0;0;0;0;1;1;1;1;1;1;1;1;1;1;1;1;1;1;1;1;1;1;1;0;0;0;0;0;0;0;0;0;0.0004;0.088;-0.0884;0;0;0;0;0;0;0;0;0;0;0;0;0;0;0;0;0;0;0;-6.1802;0;0;0;0;0.0004;0;0;0;0;0;0;0;-0.0004;-0.0884;0;0;0;0;0;0;0;0;0;-0.7452;0;0.7452;1;1;0;0;0;0
17/11/21 01:00;0;0;90;0;0;90;0;0;0;0;5.2403;1.4499;0;0;0;0;0;0;0;0;0;0;0;0;0;1;1;1;1;0;0;0;0;0;0;0;0;0;0;0;0;0;0;0;0;0;0;0;0;0;0;0;0;0;0;0;0;0;0;0;0;0;0;0;1;1;1;1;1;1;1;1;1;1;1;1;1;1;1;1;1;1;1;0;0;0;0;0;0;0;0;0;0.0004;0.088;-0.0884;0;0;0;0;0;0;0;0;0;0;0;0;0;0;0;0;0;0;0;-5.2403;0;0;0;0;0.0004;0;0;0;0;0;0;0;-0.0004;-0.0884;0;0;0;0;0;0;0;0;0;-0.7452;0;0.7452;1;1;0;0;0;0
17/11/21 02:00;0;0;90;0;0;90;0;0;0;0;5.6199;1.72;0;0;0;0;0;0;0;0;0;0;0;0;0;1;1;1;1;0;0;0;0;0;0;0;0;0;0;0;0;0;0;0;0;0;0;0;0;0;0;0;0;0;0;0;0;0;0;0;0;0;0;0;1;1;1;1;1;1;1;1;1;1;1;1;1;1;1;1;1;1;1;0;0;0;0;0;0;0;0;0;0.0004;0.088;-0.0884;0;0;0;0;0;0;0;0;0;0;0;0;0;0;0;0;0;0;0;-5.6199;0;0;0;0;0.0004;0;0;0;0;0;0;0;-0.0004;-0.0884;0;0;0;0;0;0;0;0;0;-0.7452;0;0.7452;1;1;0;0;0;0
17/11/21 03:00;0;0;90;0;0;90;0;0;0;0;5.0302;2.2301;0;0;0;0;0;0;0;0;0;0;0;0;0;1;1;1;1;0;0;0;0;0;0;0;0;0;0;0;0;0;0;0;0;0;0;0;0;0;0;0;0;0;0;0;0;0;0;0;0;0;0;0;1;1;1;1;1;1;1;1;1;1;1;1;1;1;1;1;1;1;1;0;0;0;0;0;0;0;0;0;0.0004;0.088;-0.0884;0;0;0;0;0;0;0;0;0;0;0;0;0;0;0;0;0;0;0;-5.0302;0;0;0;0;0.0004;0;0;0;0;0;0;0;-0.0004;-0.0884;0;0;0;0;0;0;0;0;0;-0.7452;0;0.7452;1;1;0;0;0;0
17/11/21 04:00;1.2308;-112.65;87.014;1.3336;1.9022;-90;-1.9022;0;0;0;4.65;2.5301;0;0;0;0;0;0;0;0;0;0;0;0;0;1;1;1;1;0;0;0;0;0;0;0;0;0;0;0;0;0;0;0;0;0;0;0;0;0;0;0;0;0;0;0;0;0;0;0;0;0;0;0;1;1;1;1;1;1;1;1;1;1;1;1;1;1;1;1;1;1;1;0;0;0;0;0;0;0;0;0;0.0004;0.088;-0.0884;0;0;0;0;0;0;0;0;0;0;0;0;0;0;0;0;0;0;0;-4.65;0;0;0;0;0.0004;0;0;0;0;0;0;0;-0.0004;-0.0884;0;0;0;0;0;0;0;0;0;-0.7452;0;0.7452;1;1;0;0;0;0
17/11/21 05:00;8.3341;-107.54;69.419;8.7342;12.875;-90;-12.875;119.1;19.703;99.399;6.2002;3.4101;0;241.07;9.9232;23.413;0;0.2545;274.66;0;274.66;241.07;23.413;9.9232;0.2545;0.8777;0.0371;0;0.0009;274.34;0.3206;0;0;0.1093;0.2113;246.82;27.243;24.474;2.3769;0.383;0.0097;274.07;0.2743;0.2411;0.0234;0.0098;0;246.83;216.36;21.013;9.4211;0.0335;6.5303;5.4528;1.4569;0.0075;0.0765;1.1002;0.0054;1.1692;0;1;0;0;2.3061;0.9988;1;1;0.989;0.1699;0.9006;0.8984;1;0.9609;0.7756;0.999;0.999;1;0.999;0.999;0.8986;0.9494;0.1316;0.7817;0.7084;0.0043;0.0158;-0.0171;0.0049;0.0175;0.0002;0;0;0.088;0.5673;0;0;0;0;0;0;0;0;0;0;0;0;0.0141;0.0015;0.6672;0.6672;0;18.205;18.205;12.005;0.0486;606.98;1099.3;1;0.0119;0.0119;0;0;0;0;0;0;0.6553;0.5673;0;16.053;18.589;13.649;15.805;98.214;98.214;6.5919;5.6269;4.7843;0.965;0.8426;0.1464;0.1278;0.7258;5.996;0.7236;0
17/11/21 06:00;20.251;-99.607;32.917;20.515;37.691;-90;-37.691;329.61;55.397;274.21;10.27;2.35;0;665.04;21.533;76.045;0;5.8464;768.46;0;768.46;665.04;76.045;21.533;5.8464;0.8654;0.0356;0;0.0076;761.81;6.6497;0;0;1.3642;5.2855;758.31;2.7448;1.8218;0.2083;0.6511;0.0636;761.05;0.7618;0.665;0.076;0.0202;0.0006;758.49;662.55;75.761;19.498;0.4968;16.541;13.812;4.2957;0.7167;0.1997;2.8731;0.1877;2.3561;0;1;0;0;2.3314;0.9913;1;1;0.9366;0.0959;0.9964;0.9973;1;0.9677;0.8865;0.999;0.999;1;0.999;0.999;0.9868;0.9055;0.085;2.187;2.1759;0.0131;-0.0014;0.1745;0.0139;0.0494;0.0005;0;0;0.088;1.7565;0;0;0;0;0;0;0;0;0;0;0;0;0.0398;0.0112;1.8749;1.8749;0;47.854;47.854;37.584;0.0496;1876.5;999.14;1;0.0304;0.0304;0;0;0;0;0;0;1.8445;1.7565;0;16.122;18.669;15.104;17.49;98.378;98.378;18.443;15.811;14.813;2.6319;0.9985;0.1427;0.0541;0.8032;15.044;0.8009;0
17/11/21 07:00;32.45;-91.534;1.2944;32.459;57.541;-90;-57.541;553.81;91.198;462.61;14.52;1.31;0;861.96;26.908;104.67;0;21.809;1015.4;0;1015.4;861.96;104.67;26.908;21.809;0.8489;0.048;0;0.0215;991.86;23.495;0;0;3.1727;20.322;989.92;0.9434;0.0385;0.0047;0.8229;0.0773;990.86;0.9919;0.862;0.1047;0.0237;0.0015;993.69;861.06;104.56;22.889;1.4088;144.95;121.03;37.982;3.8806;1.5722;22.615;3.7715;20.306;0;1;0;0;1.8334;0.9769;1;1;0.8821;0.0682;0.999;1;1;0.9653;0.948;0.999;0.999;1;0.999;0.999;0.975;0.8506;0.0646;2.8896;2.8883;0.0174;0.0003;0.3991;0.0173;0.0614;0.0037;0;0;0.088;2.194;0;0;0;0;0;0;0;0;0;0;0;0;0.0494;0.0191;2.3207;2.3207;0;64.243;64.243;49.723;0.0502;2489.1;932.32;1;0.0387;0.0387;0;0;0;0;0;0;2.282;2.194;0;15.103;17.489;14.279;16.535;98.334;98.334;24.368;19.571;18.502;4.7979;1.0681;0.1969;0.0438;0.7593;22.773;0.7468;0
17/11/21 08:00;44.688;-82.346;5.4338;44.945;45.055;-90;-45.055;757.4;125;632.4;17.2;1.5101;0;895.21;38.129;113.68;0;18.9;1065.9;0;1065.9;895.21;113.68;38.129;18.9;0.8398;0.0535;0;0.0177;1045.3;20.595;0;0;3.152;17.443;1042.9;1.4167;0.1679;0.0213;1.1402;0.0873;1044.3;1.0453;0.8952;0.1137;0.035;0.0015;1047.5;894.15;113.55;33.802;1.3682;327.15;273.17;86.377;2.343;3.0892;44.436;4.6278;45.183;0;1;0;0;1.4074;0.9807;1;1;0.9173;0.0771;0.9986;0.9998;1;0.9674;0.94;0.999;0.999;1;0.999;0.999;0.9784;0.8865;0.0724;3.0335;3.086;0.0186;0.0029;0.4879;0.018;0.064;0.007;0;0;0.088;2.286;0;0;0;0;0;0;0;0;0;0;0;0;0.0515;0.0218;2.4142;2.4142;0;69.827;69.827;52.627;0.0505;2660.9;907.29;1;0.0403;0.0403;0;0;0;0;0;0;2.374;2.286;0;14.967;17.331;14.171;16.41;98.331;98.331;25.582;20.36;19.278;5.2225;1.0818;0.2041;0.0423;0.7536;28.392;0.7308;0
17/11/21 09:00;56.6;-70.109;10.795;58.2;31.8;-90;-31.8;956.2;157.8;798.4;18.5;1.78;0;939.42;46.229;126.86;0;12.2;1124.7;0;1124.7;939.42;126.86;46.229;12.2;0.8353;0.052;0;0.0108;1111.7;12.979;0;0;2.2429;10.736;1108.6;2.0616;0.3499;0.0473;1.4258;0.2386;1110.6;1.1117;0.9394;0.1269;0.044;0.0015;1111.7;938.13;126.69;42.516;1.2245;499.58;417.15;136.86;0.8593;4.2187;60.684;3.1912;64.043;0;1;0;0;1.1762;0.9885;1;1;0.9515;0.12;0.9981;0.9996;1;0.9676;0.8369;0.999;0.999;1;0.999;0.999;0.9856;0.9197;0.1004;3.2008;3.3023;0.0199;0.0069;0.5791;0.0189;0.0669;0.0094;0;0;0.088;2.3922;0;0;0;0;0;0;0;0;0;0;0;0;0.0539;0.0248;2.5225;2.5225;0;74.67;74.67;56.171;0.0507;2846;886.35;1;0.0423;0.0423;0;0;0;0;0;0;2.4802;2.3922;0;14.821;17.162;14.055;16.275;98.323;98.323;26.993;21.273;20.174;5.7201;1.0988;0.2119;0.0407;0.7474;30.859;0.7184;0
17/11/21 10:00;67.278;-49.884;14.411;72.243;17.757;-90;-17.757;1035.2;170.8;864.39;19.74;1.96;0;907.64;55.099;120.08;0;4.1921;1087;0;1087;907.64;120.08;55.099;4.1921;0.835;0.0545;0;0.0039;1082.5;4.5318;0;0;1.0429;3.4889;1078.8;2.6067;0.4514;0.0597;1.9396;0.1561;1081.4;1.0825;0.9076;0.1201;0.0541;0.0007;1079.7;906.28;119.9;52.063;0.5465;590.97;493.46;158.75;0.1305;5.1373;73.898;0.9538;78.905;0;1;0;0;1.05;0.9958;1;1;0.9811;0.1678;0.9976;0.9995;1;0.9641;0.7778;0.999;0.999;1;0.999;0.999;0.9924;0.9449;0.1304;3.0935;3.2372;0.0195;0.0056;0.5647;0.0185;0.0657;0.0115;0;0;0.088;2.3458;0;0;0;0;0;0;0;0;0;0;0;0;0.0529;0.0238;2.475;2.475;0;74.387;74.387;54.647;0.0507;2789;887.39;1;0.0412;0.0412;0;0;0;0;0;0;2.4338;2.3458;0;15.045;17.422;14.26;16.513;98.335;98.335;26.088;20.872;19.782;5.2164;1.0897;0.2;0.0418;0.7583;33.892;0.7216;0
17/11/21 11:00;73.72;-10.9;15.978;86.839;3.1608;-90;-3.1608;1084.9;179;905.9;20.67;2.11;0;907.28;58.262;120.87;0;0.1403;1086.6;0;1086.6;907.28;120.87;58.262;0.1403;0.835;0.0537;0;0.0001;1086.4;0.1848;0;0;0.0678;0.117;1082.1;3.1561;0.5002;0.0666;2.584;0.0052;1085.3;1.0864;0.9073;0.1209;0.0582;0;1082.1;905.87;120.69;55.552;0.0181;639.27;533.79;171.84;-0.0003;5.5403;79.695;-0.0007;85.236;0;1;0;0;1.0015;0.9998;1;1;0.9988;0.1661;0.9971;0.9994;1;0.9556;0.7777;0.999;0.999;1;0.999;0.999;0.9959;0.9535;0.1291;3.0922;3.2557;0.0196;0.0059;0.5815;0.0185;0.0658;0.0123;0;0;0.088;2.3459;0;0;0;0;0;0;0;0;0;0;0;0;0.053;0.0241;2.475;2.475;0;75.538;75.538;54.868;0.0507;2804.3;882.58;1;0.0411;0.0411;0;0;0;0;0;0;2.4339;2.3459;0;15.052;17.43;14.267;16.521;98.34;98.34;26.077;20.872;19.783;5.2052;1.0886;0.1996;0.0417;0.7586;34.533;0.7192;0
17/11/21 12:00;70.88;36.097;15.347;78.456;11.544;90;11.544;1082.9;178.7;904.2;22.12;2.18;0;922.87;55.944;124.7;0;1.862;1105.4;0;1105.4;922.87;124.7;55.944;1.862;0.8349;0.0523;0;0.0017;1103.3;2.0641;0;0;0.5147;1.5494;1099.4;2.8353;0.4887;0.066;2.2101;0.0703;1102.2;1.1033;0.9229;0.1247;0.0554;0.0003;1099.8;921.46;124.51;53.164;0.2419;630.23;526.24;165.58;0.0284;5.713;82.18;0.3739;87.865;0;1;0;0;1.0208;0.9981;1;1;0.9908;0.1679;0.9974;0.9995;1;0.9601;0.7747;0.999;0.999;1;0.999;0.999;0.9946;0.9503;0.1299;3.1458;3.3111;0.0199;0.0071;0.6205;0.0186;0.0661;0.0126;0;0;0.088;2.3589;0;0;0;0;0;0;0;0;0;0;0;0;0.0533;0.0248;2.4881;2.4881;0;77.976;77.976;55.856;0.0508;2842.1;875;1;0.0412;0.0412;0;0;0;0;0;0;2.4469;2.3589;0;14.874;17.224;14.102;16.329;98.344;98.344;26.529;20.983;19.893;5.5466;1.0895;0.2091;0.0411;0.7499;33.671;0.7103;0
17/11/21 13:00;61.426;62.912;12.579;64.132;25.868;90;25.868;967.9;163.9;804;21.99;2.12;0;893.53;53.853;119.14;0;8.2433;1074.8;0;1074.8;893.53;119.14;53.853;8.2433;0.8314;0.0578;0;0.0077;1065.8;8.9688;0;0;1.8855;7.0833;1062.3;2.3927;0.3879;0.0517;1.7213;0.2319;1064.7;1.0658;0.8935;0.1191;0.052;0.0012;1064.4;892.25;118.97;50.194;0.927;530.26;442.77;141.7;0.488;4.6819;67.347;2.0889;71.541;0;1;0;0;1.1104;0.9917;1;1;0.965;0.1407;0.9978;0.9996;1;0.9668;0.7999;0.999;0.999;1;0.999;0.999;0.9884;0.9321;0.1125;3.0587;3.1803;0.0192;0.0045;0.5723;0.0181;0.0642;0.0104;0;0;0.088;2.2893;0;0;0;0;0;0;0;0;0;0;0;0;0.0517;0.023;2.4171;2.4171;0;75.867;75.867;53.878;0.0507;2740.7;881.9;1;0.0397;0.0397;0;0;0;0;0;0;2.3773;2.2893;0;14.861;17.208;14.075;16.299;98.357;98.357;25.794;20.383;19.306;5.4111;1.0771;0.2098;0.0418;0.7485;34.554;0.7149;0
17/11/21 14:00;49.868;77.652;7.9224;50.527;39.473;90;39.473;833.31;151.5;681.81;23.6;1.94;0;883.26;48.705;125.04;0;16.155;1073.2;0;1073.2;883.26;125.04;48.705;16.155;0.823;0.0604;0;0.0151;1055;18.112;0;0;3.3249;14.787;1052.1;1.8766;0.2415;0.0342;1.4671;0.1339;1054;1.055;0.8833;0.125;0.0454;0.0014;1056.5;882.13;124.88;43.868;1.2319;399.16;333.3;107.22;1.8995;3.5877;51.608;4.3796;53.296;0;1;0;0;1.2878;0.9831;1;1;0.9317;0.0846;0.9982;0.9997;1;0.9676;0.902;0.999;0.999;1;0.999;0.999;0.9804;0.9007;0.0763;3.0541;3.1261;0.0188;0.0036;0.5758;0.0177;0.0628;0.0079;0;0;0.088;2.2402;0;0;0;0;0;0;0;0;0;0;0;0;0.0506;0.0223;2.3666;2.3666;0;77.008;77.008;53.408;0.0508;2695.5;877.99;1;0.0384;0.0384;0;0;0;0;0;0;2.3282;2.2402;0;14.573;16.875;13.794;15.973;98.376;98.376;25.756;19.958;18.892;5.7976;1.0663;0.2251;0.0414;0.7335;34.538;0.708;0
17/11/21 15:00;37.709;87.809;1.733;37.729;52.271;90;52.271;231.99;225.3;6.6913;22.8;1.7401;0;10.935;180.17;2.8778;0;7.6526;201.63;0;201.63;10.935;2.8778;180.17;7.6526;0.0542;0.9315;0;0.038;175.93;25.705;0;0;18.544;7.1608;170.31;5.4392;0.0007;0.0002;5.4179;0.0205;175.75;0.1759;0.0109;0.0029;0.1616;0.0005;173.28;10.923;2.8747;156.04;0.4708;146.74;122.53;42.753;18.501;2.2593;32.499;2.9675;16.258;0;1;0;0;0.8691;0.8725;1;1;0.8971;0.0643;0.9691;0.9999;1;0.9664;0.9583;0.999;0.999;1;0.999;0.999;0.8447;0.8661;0.0615;0.5738;0.5609;0.0034;0.0169;0.0126;0.0037;0.0131;0.0058;0;0;0.088;0.3968;0;0;0;0;0;0;0;0;0;0;0;0;0.0106;0.001;0.4938;0.4938;0;31.2;31.2;8.3996;0.0493;478.11;1032.9;1;0.009;0.009;0;0;0;0;0;0;0.4848;0.3968;0;16.185;18.741;13.005;15.06;98.174;98.174;4.8391;4.1647;3.3465;0.6745;0.8182;0.1394;0.1691;0.6915;143.96;0.6171;0
17/11/21 16:00;25.46;96.209;7.126;25.591;60;90;60;186.2;178.6;7.6058;23.88;1.32;0;17.556;132.26;5.2112;0;7.9137;162.94;0;162.94;17.556;5.2112;132.26;7.9137;0.1077;0.8603;0;0.0486;138.91;24.03;0;0;16.627;7.4033;134.64;4.1276;0.0043;0.0013;4.0872;0.0348;138.77;0.1389;0.0176;0.0052;0.1156;0.0005;137.79;17.534;5.2047;111.43;0.4751;115.66;96.575;35.055;22.113;2.182;31.387;3.1459;11.456;0;1;0;0;0.875;0.8525;1;1;0.8743;0.0645;0.9703;0.9998;1;0.9646;0.9318;0.999;0.999;1;0.999;0.999;0.8263;0.8425;0.06;0.4637;0.4571;0.0028;0.0173;0.0092;0.003;0.0106;0.0056;0;0;0.088;0.3035;0;0;0;0;0;0;0;0;0;0;0;0;0.0086;0.0007;0.3994;0.3994;0;30.531;30.531;6.6509;0.0494;388.98;1026.9;1;0.008;0.008;0;0;0;0;0;0;0.3915;0.3035;0;16.199;18.759;12.308;14.252;98.007;98.007;3.9105;3.3685;2.5593;0.5419;0.8092;0.1386;0.2069;0.6545;115.14;0.572;0
17/11/21 17:00;13.394;104.11;55.818;13.795;21.537;90;21.537;53.603;52.903;0.6998;23.07;0.8899;0;1.6972;50.946;0.2769;0;0.3181;53.238;0;53.238;1.6972;0.2769;50.946;0.3181;0.0319;0.9629;0;0.006;51.641;1.5975;0;0;1.3293;0.2681;49.843;1.7464;0.0389;0.0064;1.6903;0.0108;51.589;0.0516;0.0017;0.0003;0.0496;0;49.924;1.6566;0.2703;47.877;0.0391;31.902;26.638;8.2227;0.2386;0.3149;4.5301;0.0807;4.6065;0;1;0;0;0.9932;0.97;1;1;0.9739;0.1571;0.9661;0.977;1;0.9659;0.7831;0.999;0.999;1;0.999;0.999;0.9362;0.9398;0.1229;0.1515;0.1519;0.0009;0.0133;0.0003;0.001;0.0034;0.0008;0;0;0.088;0.0362;0;0;0;0;0;0;0;0;0;0;0;0;0.0027;0.0001;0.1293;0.1293;0;25.548;25.548;2.4783;0.0497;128.5;1006.5;1;0.0051;0.0051;0;0;0;0;0;0;0.1242;0.0362;0;16.053;18.589;4.4922;5.2018;96.024;96.024;1.2777;1.0907;0.3052;0.187;0.7855;0.1464;0.6148;0.2389;31.898;0.2246;0
17/11/21 18:00;3.8386;110.72;80.656;4.1031;5.8902;90;5.8902;7.599;7.4965;0.1024;19.9;1.06;0;0.2485;7.4685;0.0199;0;0.0034;7.7403;0;7.7403;0.2485;0.0199;7.4685;0.0034;0.0321;0.9653;0;0.0004;7.7147;0.0256;0;0;0.0227;0.0028;7.2932;0.4138;0.0856;0.0068;0.3213;0.0001;7.707;0.0077;0.0002;0;0.0074;0;7.2934;0.1626;0.013;7.1171;0.0004;4.4414;3.7085;1.1149;0.0002;0.0436;0.6277;0.0003;0.6711;0;1;0;0;1.0186;0.9967;1;1;0.997;0.1668;0.9463;0.6552;1;0.9568;0.7762;0.999;0.999;1;0.999;0.999;0.9422;0.9529;0.1294;0.022;0.0221;0.0001;0.0051;-0.0003;0.0001;0.0004;0.0001;0;0;0.088;-0.0741;0;0;0;0;0;0;0;0;0;0;0;0;0.0003;0;0.0162;0.0162;0;20.273;20.273;0.3734;0.0512;17.26;939.3;1;0.0023;0.0023;0;0;0;0;0;0;0.0139;-0.0741;0;13.841;16.027;-63.233;-73.222;85.93;85.93;0.1858;0.1367;-0.6246;0.049;0.7614;0.264;4.0984;0;4.4408;0;0
17/11/21 19:00;0;0;90;0;0;90;0;0;0;0;16.4;1.48;0;0;0;0;0;0;0;0;0;0;0;0;0;1;1;1;1;0;0;0;0;0;0;0;0;0;0;0;0;0;0;0;0;0;0;0;0;0;0;0;0;0;0;0;0;0;0;0;0;0;0;0;1;1;1;1;1;1;1;1;1;1;1;1;1;1;1;1;1;1;1;0;0;0;0;0;0;0;0;0;0.0004;0.088;-0.0884;0;0;0;0;0;0;0;0;0;0;0;0;0;0;0;0;0;0;0;-16.4;0;0;0;0;0.0004;0;0;0;0;0;0;0;-0.0004;-0.0884;0;0;0;0;0;0;0;0;0;-0.7452;0;0.7452;1;1;0;0;0;0
17/11/21 20:00;0;0;90;0;0;90;0;0;0;0;14.18;1.9101;0;0;0;0;0;0;0;0;0;0;0;0;0;1;1;1;1;0;0;0;0;0;0;0;0;0;0;0;0;0;0;0;0;0;0;0;0;0;0;0;0;0;0;0;0;0;0;0;0;0;0;0;1;1;1;1;1;1;1;1;1;1;1;1;1;1;1;1;1;1;1;0;0;0;0;0;0;0;0;0;0.0004;0.088;-0.0884;0;0;0;0;0;0;0;0;0;0;0;0;0;0;0;0;0;0;0;-14.18;0;0;0;0;0.0004;0;0;0;0;0;0;0;-0.0004;-0.0884;0;0;0;0;0;0;0;0;0;-0.7452;0;0.7452;1;1;0;0;0;0
17/11/21 21:00;0;0;90;0;0;90;0;0;0;0;13.09;2.3999;0;0;0;0;0;0;0;0;0;0;0;0;0;1;1;1;1;0;0;0;0;0;0;0;0;0;0;0;0;0;0;0;0;0;0;0;0;0;0;0;0;0;0;0;0;0;0;0;0;0;0;0;1;1;1;1;1;1;1;1;1;1;1;1;1;1;1;1;1;1;1;0;0;0;0;0;0;0;0;0;0.0004;0.088;-0.0884;0;0;0;0;0;0;0;0;0;0;0;0;0;0;0;0;0;0;0;-13.09;0;0;0;0;0.0004;0;0;0;0;0;0;0;-0.0004;-0.0884;0;0;0;0;0;0;0;0;0;-0.7452;0;0.7452;1;1;0;0;0;0
17/11/21 22:00;0;0;90;0;0;90;0;0;0;0;11.71;2.76;0;0;0;0;0;0;0;0;0;0;0;0;0;1;1;1;1;0;0;0;0;0;0;0;0;0;0;0;0;0;0;0;0;0;0;0;0;0;0;0;0;0;0;0;0;0;0;0;0;0;0;0;1;1;1;1;1;1;1;1;1;1;1;1;1;1;1;1;1;1;1;0;0;0;0;0;0;0;0;0;0.0004;0.088;-0.0884;0;0;0;0;0;0;0;0;0;0;0;0;0;0;0;0;0;0;0;-11.71;0;0;0;0;0.0004;0;0;0;0;0;0;0;-0.0004;-0.0884;0;0;0;0;0;0;0;0;0;-0.7452;0;0.7452;1;1;0;0;0;0
17/11/21 23:00;0;0;90;0;0;90;0;0;0;0;11.5;2.9599;0;0;0;0;0;0;0;0;0;0;0;0;0;1;1;1;1;0;0;0;0;0;0;0;0;0;0;0;0;0;0;0;0;0;0;0;0;0;0;0;0;0;0;0;0;0;0;0;0;0;0;0;1;1;1;1;1;1;1;1;1;1;1;1;1;1;1;1;1;1;1;0;0;0;0;0;0;0;0;0;0.0004;0.088;-0.0884;0;0;0;0;0;0;0;0;0;0;0;0;0;0;0;0;0;0;0;-11.5;0;0;0;0;0.0004;0;0;0;0;0;0;0;-0.0004;-0.0884;0;0;0;0;0;0;0;0;0;-0.7452;0;0.7452;1;1;0;0;0;0
18/11/21 00:00;0;0;90;0;0;90;0;0;0;0;10.32;3.14;0;0;0;0;0;0;0;0;0;0;0;0;0;1;1;1;1;0;0;0;0;0;0;0;0;0;0;0;0;0;0;0;0;0;0;0;0;0;0;0;0;0;0;0;0;0;0;0;0;0;0;0;1;1;1;1;1;1;1;1;1;1;1;1;1;1;1;1;1;1;1;0;0;0;0;0;0;0;0;0;0.0004;0.088;-0.0884;0;0;0;0;0;0;0;0;0;0;0;0;0;0;0;0;0;0;0;-10.32;0;0;0;0;0.0004;0;0;0;0;0;0;0;-0.0004;-0.0884;0;0;0;0;0;0;0;0;0;-0.7452;0;0.7452;1;1;0;0;0;0
18/11/21 01:00;0;0;90;0;0;90;0;0;0;0;9.2003;3.29;0;0;0;0;0;0;0;0;0;0;0;0;0;1;1;1;1;0;0;0;0;0;0;0;0;0;0;0;0;0;0;0;0;0;0;0;0;0;0;0;0;0;0;0;0;0;0;0;0;0;0;0;1;1;1;1;1;1;1;1;1;1;1;1;1;1;1;1;1;1;1;0;0;0;0;0;0;0;0;0;0.0004;0.088;-0.0884;0;0;0;0;0;0;0;0;0;0;0;0;0;0;0;0;0;0;0;-9.2003;0;0;0;0;0.0004;0;0;0;0;0;0;0;-0.0004;-0.0884;0;0;0;0;0;0;0;0;0;-0.7452;0;0.7452;1;1;0;0;0;0
18/11/21 02:00;0;0;90;0;0;90;0;0;0;0;8.8998;3.37;0;0;0;0;0;0;0;0;0;0;0;0;0;1;1;1;1;0;0;0;0;0;0;0;0;0;0;0;0;0;0;0;0;0;0;0;0;0;0;0;0;0;0;0;0;0;0;0;0;0;0;0;1;1;1;1;1;1;1;1;1;1;1;1;1;1;1;1;1;1;1;0;0;0;0;0;0;0;0;0;0.0004;0.088;-0.0884;0;0;0;0;0;0;0;0;0;0;0;0;0;0;0;0;0;0;0;-8.8998;0;0;0;0;0.0004;0;0;0;0;0;0;0;-0.0004;-0.0884;0;0;0;0;0;0;0;0;0;-0.7452;0;0.7452;1;1;0;0;0;0
18/11/21 03:00;0;0;90;0;0;90;0;0;0;0;8.4697;3.5001;0;0;0;0;0;0;0;0;0;0;0;0;0;1;1;1;1;0;0;0;0;0;0;0;0;0;0;0;0;0;0;0;0;0;0;0;0;0;0;0;0;0;0;0;0;0;0;0;0;0;0;0;1;1;1;1;1;1;1;1;1;1;1;1;1;1;1;1;1;1;1;0;0;0;0;0;0;0;0;0;0.0004;0.088;-0.0884;0;0;0;0;0;0;0;0;0;0;0;0;0;0;0;0;0;0;0;-8.4697;0;0;0;0;0.0004;0;0;0;0;0;0;0;-0.0004;-0.0884;0;0;0;0;0;0;0;0;0;-0.7452;0;0.7452;1;1;0;0;0;0
18/11/21 04:00;1.3342;-112.87;86.763;1.448;2.0656;-90;-2.0656;0;0;0;7.43;3.93;0;0;0;0;0;0;0;0;0;0;0;0;0;1;1;1;1;0;0;0;0;0;0;0;0;0;0;0;0;0;0;0;0;0;0;0;0;0;0;0;0;0;0;0;0;0;0;0;0;0;0;0;1;1;1;1;1;1;1;1;1;1;1;1;1;1;1;1;1;1;1;0;0;0;0;0;0;0;0;0;0.0004;0.088;-0.0884;0;0;0;0;0;0;0;0;0;0;0;0;0;0;0;0;0;0;0;-7.43;0;0;0;0;0.0004;0;0;0;0;0;0;0;-0.0004;-0.0884;0;0;0;0;0;0;0;0;0;-0.7452;0;0.7452;1;1;0;0;0;0
18/11/21 05:00;8.4274;-107.76;69.18;8.8428;13.047;-90;-13.047;120.9;20.003;100.9;8.9198;4.8501;0;244.7;10.036;23.853;0;0.2653;278.86;0;278.86;244.7;23.853;10.036;0.2653;0.8775;0.0369;0;0.001;278.52;0.3332;0;0;0.113;0.2202;251.3;26.944;24.19;2.358;0.3862;0.0101;278.25;0.2785;0.2447;0.0239;0.0099;0;251.31;220.27;21.471;9.5272;0.0349;6.6101;5.5194;1.4582;0.0079;0.0785;1.1295;0.0055;1.2001;0;1;0;0;2.3065;0.9988;1;1;0.9887;0.1699;0.9032;0.901;1;0.961;0.7756;0.999;0.999;1;0.999;0.999;0.9012;0.9493;0.1316;0.7936;0.7213;0.0043;0.0156;-0.0098;0.005;0.0177;0.0002;0;0;0.088;0.5727;0;0;0;0;0;0;0;0;0;0;0;0;0.0142;0.0015;0.6726;0.6726;0;21.171;21.171;12.251;0.0488;618.22;1087.9;1;0.0119;0.0119;0;0;0;0;0;0;0.6607;0.5727;0;15.937;18.455;13.571;15.715;98.236;98.236;6.6926;5.6717;4.8295;1.0209;0.8422;0.1525;0.1258;0.7216;6.0676;0.7194;0
18/11/21 06:00;20.332;-99.852;32.575;20.611;38.011;-90;-38.011;325.9;56.901;268.99;13.34;4.58;0;652.39;22.742;76.301;0;5.8756;757.31;0;757.31;652.39;76.301;22.742;5.8756;0.8615;0.0378;0;0.0078;750.53;6.779;0;0;1.4598;5.3191;747.18;2.5989;1.6567;0.1938;0.6871;0.0613;749.78;0.7505;0.6524;0.0763;0.0213;0.0006;747.33;650.08;76.031;20.574;0.4946;17.402;14.531;4.9727;0.7791;0.1823;2.6224;0.1555;2.0256;0;1;0;0;2.3238;0.991;1;1;0.9358;0.0947;0.9965;0.9975;1;0.9677;0.8897;0.999;0.999;1;0.999;0.999;0.9866;0.9047;0.0842;2.1552;2.1434;0.0129;-0.0012;0.1918;0.0136;0.0482;0.0005;0;0;0.088;1.7107;0;0;0;0;0;0;0;0;0;0;0;0;0.0388;0.0109;1.828;1.828;0;50.453;50.453;37.113;0.0497;1849.5;988.39;1;0.0293;0.0293;0;0;0;0;0;0;1.7987;1.7107;0;15.951;18.471;14.927;17.285;98.397;98.397;18.175;15.416;14.427;2.7594;0.9892;0.1518;0.0544;0.7938;15.93;0.7917;0
18/11/21 07:00;32.525;-91.808;1.5247;32.538;57.462;-90;-57.462;553.4;91.098;462.3;17.54;4.83;0;859.51;27.034;104;0;21.738;1012.3;0;1012.3;859.51;104;27.034;21.738;0.8491;0.0482;0;0.0215;988.85;23.437;0;0;3.1812;20.256;986.9;0.9537;0.0452;0.0055;0.8265;0.0765;987.86;0.9888;0.8595;0.104;0.0239;0.0015;990.66;858.6;103.9;23.003;1.4044;145.77;121.71;38.308;3.8796;1.5723;22.618;3.7598;20.31;0;1;0;0;1.8292;0.9768;1;1;0.8823;0.0682;0.999;0.9999;1;0.9653;0.9483;0.999;0.999;1;0.999;0.999;0.9749;0.8509;0.0646;2.8809;2.8797;0.0173;0.0002;0.4291;0.017;0.0604;0.0036;0;0;0.088;2.1588;0;0;0;0;0;0;0;0;0;0;0;0;0.0487;0.0191;2.2843;2.2843;0;67.233;67.233;49.693;0.0504;2483.3;919.86;1;0.0375;0.0375;0;0;0;0;0;0;2.2468;2.1588;0;14.911;17.267;14.092;16.318;98.359;98.359;24.295;19.263;18.205;5.0313;1.0583;0.2071;0.0436;0.7493;22.859;0.737;0
18/11/21 08:00;44.768;-82.67;5.1971;45.003;44.997;-90;-44.997;756.5;124.8;631.7;21.11;4.9301;0;893.32;38.281;113.06;0;18.832;1063.5;0;1063.5;893.32;113.06;38.281;18.832;0.84;0.0537;0;0.0177;1043;20.537;0;0;3.1587;17.378;1040.5;1.4128;0.1602;0.0203;1.1448;0.0875;1041.9;1.043;0.8933;0.1131;0.0351;0.0015;1045.1;892.26;112.93;33.942;1.3645;327.22;273.23;86.418;2.3419;3.0883;44.424;4.6135;45.17;0;1;0;0;1.4058;0.9807;1;1;0.9175;0.0772;0.9986;0.9998;1;0.9674;0.9397;0.999;0.999;1;0.999;0.999;0.9784;0.8867;0.0725;3.0266;3.0791;0.0185;0.0028;0.5312;0.0177;0.0627;0.0069;0;0;0.088;2.2402;0;0;0;0;0;0;0;0;0;0;0;0;0.0505;0.0217;2.367;2.367;0;73.788;73.788;52.678;0.0506;2655.7;891.29;1;0.0388;0.0388;0;0;0;0;0;0;2.3282;2.2402;0;14.707;17.031;13.92;16.119;98.362;98.362;25.524;19.961;18.892;5.5624;1.0691;0.2179;0.0419;0.7402;28.49;0.7177;0
18/11/21 09:00;56.697;-70.515;10.553;58.229;31.771;-90;-31.771;916.5;151.2;765.31;23.95;4.8;0;900.19;48.4;116.31;0;11.673;1076.6;0;1076.6;900.19;116.31;48.4;11.673;0.8362;0.0558;0;0.0108;1064;12.615;0;0;2.3448;10.27;1060.8;2.0919;0.3278;0.0424;1.493;0.2288;1062.9;1.064;0.9002;0.1163;0.0461;0.0014;1063.9;898.96;116.15;44.516;1.1725;479.42;400.31;131.31;0.8965;4.0545;58.323;3.0555;61.481;0;1;0;0;1.1746;0.9883;1;1;0.9516;0.1202;0.998;0.9996;1;0.9676;0.8367;0.999;0.999;1;0.999;0.999;0.9854;0.9198;0.1004;3.0638;3.1606;0.019;0.0041;0.5916;0.0178;0.0632;0.0089;0;0;0.088;2.2555;0;0;0;0;0;0;0;0;0;0;0;0;0.0509;0.0228;2.3822;2.3822;0;77.836;77.836;53.886;0.0508;2722.5;875;1;0.0387;0.0387;0;0;0;0;0;0;2.3435;2.2555;0;14.622;16.932;13.844;16.031;98.374;98.374;25.838;20.09;19.021;5.748;1.0688;0.2225;0.0414;0.7362;32.301;0.7075;0
18/11/21 10:00;67.423;-50.393;14.168;72.238;17.762;-90;-17.762;887.11;221;666.11;24.79;4.5399;0;699.45;104.58;119.56;0;3.5944;927.19;0;927.19;699.45;119.56;104.58;3.5944;0.7544;0.1167;0;0.0039;922.22;4.9719;0;0;1.9805;2.9915;917.08;4.2154;0.3419;0.0585;3.6811;0.1338;921.29;0.9222;0.6994;0.1196;0.1026;0.0006;917.9;698.41;119.38;98.82;0.4685;508.26;424.4;136.03;0.2469;4.4596;64.15;0.8194;68.363;0;1;0;0;1.0452;0.9946;1;1;0.9811;0.1678;0.9954;0.9995;1;0.9641;0.7778;0.999;0.999;1;0.999;0.999;0.9891;0.9449;0.1304;2.6387;2.7547;0.0166;-0.0009;0.4499;0.016;0.0568;0.0101;0;0;0.088;2.0211;0;0;0;0;0;0;0;0;0;0;0;0;0.0458;0.0175;2.1429;2.1429;0;71.114;71.114;46.324;0.0505;2373;903.03;1;0.0338;0.0338;0;0;0;0;0;0;2.1091;2.0211;0;15.272;17.685;14.404;16.68;98.425;98.425;22.253;18.071;17.044;4.1814;1.0268;0.1879;0.0461;0.7659;64.333;0.7282;0
18/11/21 11:00;73.947;-11.219;15.738;86.796;3.2045;-90;-3.2045;1053.9;173.9;879.99;25.9;4.2901;0;881.37;60.126;113.91;0;0.1401;1055.5;0;1055.5;881.37;113.91;60.126;0.1401;0.835;0.0571;0;0.0001;1055.4;0.1882;0;0;0.0714;0.1168;1051.1;3.2113;0.4787;0.0619;2.6656;0.0052;1054.3;1.0554;0.8814;0.1139;0.0601;0;1051.1;880.01;113.73;57.329;0.0181;620.99;518.53;166.89;-0.0003;5.3845;77.454;-0.0002;82.838;0;1;0;0;1.0016;0.9998;1;1;0.9988;0.1662;0.997;0.9995;1;0.9556;0.7776;0.999;0.999;1;0.999;0.999;0.9958;0.9535;0.1291;3.004;3.1624;0.019;0.0042;0.6095;0.0177;0.0628;0.0118;0;0;0.088;2.2377;0;0;0;0;0;0;0;0;0;0;0;0;0.0506;0.0228;2.364;2.364;0;79.359;79.359;53.459;0.0509;2697.4;875;1;0.0383;0.0383;0;0;0;0;0;0;2.3257;2.2377;0;14.799;17.137;14.009;16.222;98.379;98.379;25.333;19.936;18.871;5.3969;1.0652;0.213;0.042;0.7449;35.639;0.7061;0
18/11/21 12:00;71.11;36.34;15.117;78.538;11.462;90;11.462;972.39;199.8;772.6;26.3;3.9801;0;788.32;82.448;118.89;0;1.6485;991.31;0;991.31;788.32;118.89;82.448;1.6485;0.7952;0.0848;0;0.0017;989.18;2.1213;0;0;0.7495;1.3717;984.4;3.7973;0.4112;0.062;3.2618;0.0623;988.19;0.9892;0.7883;0.1189;0.0817;0.0003;984.73;787.12;118.71;78.355;0.2142;566.5;473.02;148.62;0.0405;5.1503;74.085;0.329;79.195;0;1;0;0;1.0194;0.9979;1;1;0.9909;0.1679;0.9962;0.9995;1;0.96;0.7747;0.999;0.999;1;0.999;0.999;0.993;0.9504;0.1299;2.8212;2.9658;0.0179;0.0012;0.5388;0.0169;0.0598;0.0114;0;0;0.088;2.1277;0;0;0;0;0;0;0;0;0;0;0;0;0.0482;0.0201;2.2516;2.2516;0;76.236;76.236;49.935;0.0507;2555.8;880.98;1;0.0358;0.0358;0;0;0;0;0;0;2.2157;2.1277;0;15.009;17.38;14.183;16.424;98.409;98.409;23.791;18.988;17.943;4.8036;1.0443;0.2019;0.0439;0.7542;49.611;0.7142;0
18/11/21 13:00;61.617;63.231;12.363;64.246;25.754;90;25.754;639.99;409.8;230.19;26.85;3.64;0;255.58;316.67;85.022;0;5.4034;662.68;0;662.68;255.58;85.022;316.67;5.4034;0.3857;0.486;0;0.0082;647.03;15.65;0;0;11.009;4.6405;635.95;10.429;0.109;0.0363;10.131;0.1529;646.38;0.647;0.2556;0.085;0.3057;0.0008;637.4;255.21;84.901;295.23;0.6093;370.07;309.01;97.784;2.8145;3.5003;50.351;1.4449;51.037;0;1;0;0;1.0354;0.9764;1;1;0.9652;0.1412;0.9839;0.9996;1;0.9668;0.7994;0.999;0.999;1;0.999;0.999;0.9597;0.9323;0.1128;1.8859;1.9245;0.0116;0.0003;0.2298;0.0118;0.0418;0.0084;0;0;0.088;1.4664;0;0;0;0;0;0;0;0;0;0;0;0;0.0337;0.0089;1.5783;1.5783;0;58.666;58.666;31.816;0.05;1658.3;951.74;1;0.0239;0.0239;0;0;0;0;0;0;1.5544;1.4664;0;15.738;18.224;14.622;16.932;98.486;98.486;15.904;13.31;12.366;2.5944;0.9436;0.1631;0.0593;0.7775;203.05;0.7357;0
18/11/21 14:00;50.037;77.925;7.722;50.667;39.333;90;39.333;406.59;360.3;46.29;27.2;3.6501;0;59.847;305.71;20.092;0;7.8288;393.48;0;393.48;59.847;20.092;305.71;7.8288;0.1521;0.7968;0;0.0199;365.56;27.918;0;0;20.756;7.1622;355.9;9.2983;0.0159;0.0054;9.2107;0.0663;365.2;0.3656;0.0598;0.0201;0.285;0.0007;358.5;59.771;20.067;275.46;0.5997;245.57;205.05;67.67;11.755;2.7845;40.054;2.6043;31.083;0;1;0;0;0.9678;0.929;1;1;0.9321;0.0851;0.9745;0.9997;1;0.9676;0.9005;0.999;0.999;1;0.999;0.999;0.9045;0.901;0.0766;1.1198;1.1059;0.0067;0.0107;0.0785;0.0071;0.0251;0.0069;0;0;0.088;0.8449;0;0;0;0;0;0;0;0;0;0;0;0;0.0202;0.0032;0.9476;0.9476;0;44.855;44.855;17.654;0.0496;950.24;997.17;1;0.0147;0.0147;0;0;0;0;0;0;0.9329;0.8449;0;15.913;18.427;14.188;16.43;98.45;98.45;9.4436;7.9908;7.1248;1.4527;0.866;0.1538;0.0917;0.7545;216.54;0.701;0
18/11/21 15:00;37.871;88.039;1.5482;37.888;52.112;90;52.112;236.1;229;7.0952;25.95;4.0501;0;11.554;183.29;3.078;0;7.744;205.67;0;205.67;11.554;3.078;183.29;7.744;0.0562;0.9289;0;0.0377;179.64;26.029;0;0;18.783;7.2456;173.93;5.5316;0.0006;0.0002;5.51;0.0208;179.46;0.1796;0.0116;0.0031;0.1645;0.0005;176.92;11.541;3.0748;158.83;0.4771;149.2;124.58;43.456;18.622;2.2857;32.878;2.9932;16.542;0;1;0;0;0.8711;0.8734;1;1;0.8975;0.0644;0.9692;0.9999;1;0.9665;0.9583;0.999;0.999;1;0.999;0.999;0.8457;0.8666;0.0616;0.5853;0.572;0.0034;0.0169;0.0198;0.0037;0.0132;0.0058;0;0;0.088;0.4006;0;0;0;0;0;0;0;0;0;0;0;0;0.0106;0.001;0.4976;0.4976;0;34.55;34.55;8.6006;0.0494;488.06;1019.5;1;0.0089;0.0089;0;0;0;0;0;0;0.4886;0.4006;0;15.987;18.512;12.872;14.906;98.206;98.206;4.936;4.196;3.3786;0.74;0.8174;0.1499;0.1656;0.6845;146.21;0.6113;0
18/11/21 16:00;25.624;96.408;7.1577;25.765;60;90;60;54.795;54.4;0.395;25.15;3.4;0;0.9061;40.773;0.0814;0;2.3288;44.089;0;44.089;0.9061;0.0814;40.773;2.3288;0.0206;0.9776;0;0.0528;36.785;7.3045;0;0;5.1259;2.1786;35.478;1.2705;0.0002;0;1.26;0.0102;36.748;0.0368;0.0009;0.0001;0.0356;0.0002;36.442;0.905;0.0813;34.351;0.1398;35.521;29.66;10.77;6.8171;0.6716;9.6603;0.9647;3.5148;0;1;0;0;0.8046;0.8343;1;1;0.8743;0.0645;0.9654;0.9998;1;0.9646;0.9318;0.999;0.999;1;0.999;0.999;0.8047;0.8425;0.06;0.1255;0.1236;0.0007;0.0122;0.0009;0.0008;0.0027;0.0016;0;0;0.088;0.01;0;0;0;0;0;0;0;0;0;0;0;0;0.0022;0.0001;0.1024;0.1024;0;26.924;26.924;1.7738;0.05;103.73;986.73;1;0.0043;0.0043;0;0;0;0;0;0;0.098;0.01;0;15.34;17.764;1.502;1.7393;95.768;95.768;1.0581;0.8632;0.0845;0.195;0.7786;0.1843;0.7359;0.0799;35.496;0.0686;0
18/11/21 17:00;13.566;104.29;55.328;13.982;21.891;90;21.891;126.7;117.5;9.2014;23.84;2.4501;0;22.316;110.09;7.9838;0;0.7765;141.17;0;141.17;22.316;7.9838;110.09;0.7765;0.1581;0.7854;0;0.0055;137.56;3.6043;0;0;2.9487;0.6555;133.1;4.3232;0.4838;0.1731;3.6402;0.0261;137.43;0.1376;0.0223;0.008;0.1071;0.0001;133.28;21.81;7.8027;103.39;0.0948;69.119;57.714;17.843;0.5471;0.6825;9.8172;0.1819;9.9525;0;1;0;0;1.1142;0.9745;1;1;0.9732;0.1558;0.9685;0.9783;1;0.966;0.7843;0.999;0.999;1;0.999;0.999;0.9429;0.9392;0.1221;0.4018;0.401;0.0024;0.0172;0.0079;0.0026;0.0093;0.0017;0;0;0.088;0.2564;0;0;0;0;0;0;0;0;0;0;0;0;0.0075;0.0006;0.3518;0.3518;0;30.415;30.415;6.575;0.0494;342.58;1026.9;1;0.0075;0.0075;0;0;0;0;0;0;0.3444;0.2564;0;16.468;19.07;12;13.896;97.881;97.881;3.388;2.9669;2.1619;0.4211;0.805;0.1243;0.2376;0.6381;69.058;0.6065;0
18/11/21 18:00;3.8281;111.02;80.682;4.1002;5.8859;90;5.8859;0;0;0;21.75;2.7701;0;0;0;0;0;0;0;0;0;0;0;0;0;1;1;1;1;0;0;0;0;0;0;0;0;0;0;0;0;0;0;0;0;0;0;0;0;0;0;0;0;0;0;0;0;0;0;0;0;0;0;0;1;1;1;1;1;1;1;1;1;1;1;1;1;1;1;1;1;1;1;0;0;0;0;0;0;0;0;0;0.0004;0.088;-0.0884;0;0;0;0;0;0;0;0;0;0;0;0;0;0;0;0;0;0;0;-21.75;0;0;0;0;0.0004;0;0;0;0;0;0;0;-0.0004;-0.0884;0;0;0;0;0;0;0;0;0;-0.7452;0;0.7452;1;1;0;0;0;0
18/11/21 19:00;0;0;90;0;0;90;0;0;0;0;19.13;3.1199;0;0;0;0;0;0;0;0;0;0;0;0;0;1;1;1;1;0;0;0;0;0;0;0;0;0;0;0;0;0;0;0;0;0;0;0;0;0;0;0;0;0;0;0;0;0;0;0;0;0;0;0;1;1;1;1;1;1;1;1;1;1;1;1;1;1;1;1;1;1;1;0;0;0;0;0;0;0;0;0;0.0004;0.088;-0.0884;0;0;0;0;0;0;0;0;0;0;0;0;0;0;0;0;0;0;0;-19.13;0;0;0;0;0.0004;0;0;0;0;0;0;0;-0.0004;-0.0884;0;0;0;0;0;0;0;0;0;-0.7452;0;0.7452;1;1;0;0;0;0
18/11/21 20:00;0;0;90;0;0;90;0;0;0;0;18.88;3.9801;0;0;0;0;0;0;0;0;0;0;0;0;0;1;1;1;1;0;0;0;0;0;0;0;0;0;0;0;0;0;0;0;0;0;0;0;0;0;0;0;0;0;0;0;0;0;0;0;0;0;0;0;1;1;1;1;1;1;1;1;1;1;1;1;1;1;1;1;1;1;1;0;0;0;0;0;0;0;0;0;0.0004;0.088;-0.0884;0;0;0;0;0;0;0;0;0;0;0;0;0;0;0;0;0;0;0;-18.88;0;0;0;0;0.0004;0;0;0;0;0;0;0;-0.0004;-0.0884;0;0;0;0;0;0;0;0;0;-0.7452;0;0.7452;1;1;0;0;0;0
18/11/21 21:00;0;0;90;0;0;90;0;0;0;0;19.4;6.3099;0;0;0;0;0;0;0;0;0;0;0;0;0;1;1;1;1;0;0;0;0;0;0;0;0;0;0;0;0;0;0;0;0;0;0;0;0;0;0;0;0;0;0;0;0;0;0;0;0;0;0;0;1;1;1;1;1;1;1;1;1;1;1;1;1;1;1;1;1;1;1;0;0;0;0;0;0;0;0;0;0.0004;0.088;-0.0884;0;0;0;0;0;0;0;0;0;0;0;0;0;0;0;0;0;0;0;-19.4;0;0;0;0;0.0004;0;0;0;0;0;0;0;-0.0004;-0.0884;0;0;0;0;0;0;0;0;0;-0.7452;0;0.7452;1;1;0;0;0;0
18/11/21 22:00;0;0;90;0;0;90;0;0;0;0;18.44;5.6;0;0;0;0;0;0;0;0;0;0;0;0;0;1;1;1;1;0;0;0;0;0;0;0;0;0;0;0;0;0;0;0;0;0;0;0;0;0;0;0;0;0;0;0;0;0;0;0;0;0;0;0;1;1;1;1;1;1;1;1;1;1;1;1;1;1;1;1;1;1;1;0;0;0;0;0;0;0;0;0;0.0004;0.088;-0.0884;0;0;0;0;0;0;0;0;0;0;0;0;0;0;0;0;0;0;0;-18.44;0;0;0;0;0.0004;0;0;0;0;0;0;0;-0.0004;-0.0884;0;0;0;0;0;0;0;0;0;-0.7452;0;0.7452;1;1;0;0;0;0
18/11/21 23:00;0;0;90;0;0;90;0;0;0;0;18.76;4.2201;0;0;0;0;0;0;0;0;0;0;0;0;0;1;1;1;1;0;0;0;0;0;0;0;0;0;0;0;0;0;0;0;0;0;0;0;0;0;0;0;0;0;0;0;0;0;0;0;0;0;0;0;1;1;1;1;1;1;1;1;1;1;1;1;1;1;1;1;1;1;1;0;0;0;0;0;0;0;0;0;0.0004;0.088;-0.0884;0;0;0;0;0;0;0;0;0;0;0;0;0;0;0;0;0;0;0;-18.76;0;0;0;0;0.0004;0;0;0;0;0;0;0;-0.0004;-0.0884;0;0;0;0;0;0;0;0;0;-0.7452;0;0.7452;1;1;0;0;0;0
19/11/21 00:00;0;0;90;0;0;90;0;0;0;0;19.67;4.9499;0;0;0;0;0;0;0;0;0;0;0;0;0;1;1;1;1;0;0;0;0;0;0;0;0;0;0;0;0;0;0;0;0;0;0;0;0;0;0;0;0;0;0;0;0;0;0;0;0;0;0;0;1;1;1;1;1;1;1;1;1;1;1;1;1;1;1;1;1;1;1;0;0;0;0;0;0;0;0;0;0.0004;0.088;-0.0884;0;0;0;0;0;0;0;0;0;0;0;0;0;0;0;0;0;0;0;-19.67;0;0;0;0;0.0004;0;0;0;0;0;0;0;-0.0004;-0.0884;0;0;0;0;0;0;0;0;0;-0.7452;0;0.7452;1;1;0;0;0;0
19/11/21 01:00;0;0;90;0;0;90;0;0;0;0;21.9;5.3201;0;0;0;0;0;0;0;0;0;0;0;0;0;1;1;1;1;0;0;0;0;0;0;0;0;0;0;0;0;0;0;0;0;0;0;0;0;0;0;0;0;0;0;0;0;0;0;0;0;0;0;0;1;1;1;1;1;1;1;1;1;1;1;1;1;1;1;1;1;1;1;0;0;0;0;0;0;0;0;0;0.0004;0.088;-0.0884;0;0;0;0;0;0;0;0;0;0;0;0;0;0;0;0;0;0;0;-21.9;0;0;0;0;0.0004;0;0;0;0;0;0;0;-0.0004;-0.0884;0;0;0;0;0;0;0;0;0;-0.7452;0;0.7452;1;1;0;0;0;0
19/11/21 02:00;0;0;90;0;0;90;0;0;0;0;20.9;4.2901;0;0;0;0;0;0;0;0;0;0;0;0;0;1;1;1;1;0;0;0;0;0;0;0;0;0;0;0;0;0;0;0;0;0;0;0;0;0;0;0;0;0;0;0;0;0;0;0;0;0;0;0;1;1;1;1;1;1;1;1;1;1;1;1;1;1;1;1;1;1;1;0;0;0;0;0;0;0;0;0;0.0004;0.088;-0.0884;0;0;0;0;0;0;0;0;0;0;0;0;0;0;0;0;0;0;0;-20.9;0;0;0;0;0.0004;0;0;0;0;0;0;0;-0.0004;-0.0884;0;0;0;0;0;0;0;0;0;-0.7452;0;0.7452;1;1;0;0;0;0
19/11/21 03:00;0;0;90;0;0;90;0;0;0;0;19.4;4.4501;0;0;0;0;0;0;0;0;0;0;0;0;0;1;1;1;1;0;0;0;0;0;0;0;0;0;0;0;0;0;0;0;0;0;0;0;0;0;0;0;0;0;0;0;0;0;0;0;0;0;0;0;1;1;1;1;1;1;1;1;1;1;1;1;1;1;1;1;1;1;1;0;0;0;0;0;0;0;0;0;0.0004;0.088;-0.0884;0;0;0;0;0;0;0;0;0;0;0;0;0;0;0;0;0;0;0;-19.4;0;0;0;0;0.0004;0;0;0;0;0;0;0;-0.0004;-0.0884;0;0;0;0;0;0;0;0;0;-0.7452;0;0.7452;1;1;0;0;0;0
19/11/21 04:00;1.4318;-113.09;86.526;1.5564;2.2206;-90;-2.2206;0;0;0;18.93;4.97;0;0;0;0;0;0;0;0;0;0;0;0;0;1;1;1;1;0;0;0;0;0;0;0;0;0;0;0;0;0;0;0;0;0;0;0;0;0;0;0;0;0;0;0;0;0;0;0;0;0;0;0;1;1;1;1;1;1;1;1;1;1;1;1;1;1;1;1;1;1;1;0;0;0;0;0;0;0;0;0;0.0004;0.088;-0.0884;0;0;0;0;0;0;0;0;0;0;0;0;0;0;0;0;0;0;0;-18.93;0;0;0;0;0.0004;0;0;0;0;0;0;0;-0.0004;-0.0884;0;0;0;0;0;0;0;0;0;-0.7452;0;0.7452;1;1;0;0;0;0
19/11/21 05:00;8.5148;-107.99;68.955;8.9455;13.21;-90;-13.21;25.805;25.397;0.4083;17.33;4.9301;0;0.9902;25.012;0.1213;0;0.058;26.181;0;26.181;0.9902;0.1213;25.012;0.058;0.0378;0.9575;0;0.0022;25.845;0.3358;0;0;0.2876;0.0482;24.75;1.069;0.0955;0.0117;0.9596;0.0022;25.819;0.0258;0.001;0.0001;0.0247;0;24.762;0.8937;0.1094;23.74;0.0076;15.131;12.634;3.8289;0.0205;0.148;2.1285;0.0114;2.2559;0;1;0;0;1.0146;0.9872;1;1;0.9885;0.1698;0.9586;0.9035;1;0.9611;0.7757;0.999;0.999;1;0.999;0.999;0.9454;0.9491;0.1316;0.0745;0.0751;0.0005;0.0097;-0.0018;0.0005;0.0017;0.0004;0;0;0.088;-0.0286;0;0;0;0;0;0;0;0;0;0;0;0;0.0013;0.0001;0.0629;0.0629;0;18.565;18.565;1.2352;0.0499;62.552;1005.4;1;0.0035;0.0035;0;0;0;0;0;0;0.0594;-0.0286;0;15.873;18.38;-7.2208;-8.3615;94.438;94.438;0.6283;0.5303;-0.2413;0.098;0.7716;0.156;1.228;0;15.129;0;0
19/11/21 06:00;20.408;-100.09;32.254;20.701;38.317;-90;-38.317;42.41;42;0.4092;17.72;4.4799;0;0.9924;37.445;0.0853;0;0.7765;39.3;0;39.3;0.9924;0.0853;37.445;0.7765;0.0253;0.9726;0;0.0198;36.162;3.1376;0;0;2.4337;0.7039;34.985;1.141;0.0023;0.0002;1.1307;0.0078;36.126;0.0362;0.001;0.0001;0.035;0.0001;35.246;0.9891;0.0851;33.846;0.0648;26.299;21.959;7.2419;1.3162;0.3023;4.3479;0.2615;3.334;0;1;0;0;0.9267;0.9202;1;1;0.935;0.0935;0.9684;0.9976;1;0.9677;0.8927;0.999;0.999;1;0.999;0.999;0.8902;0.9039;0.0834;0.1118;0.1096;0.0007;0.0116;-0.0022;0.0007;0.0025;0.0008;0;0;0.088;0.0012;0;0;0;0;0;0;0;0;0;0;0;0;0.002;0.0001;0.0936;0.0936;0;19.458;19.458;1.7385;0.0497;91.978;1017.2;1;0.0043;0.0043;0;0;0;0;0;0;0.0892;0.0012;0;15.731;18.216;0.2064;0.239;95.371;95.371;0.9432;0.789;0.0104;0.1542;0.7786;0.1635;0.8255;0.011;26.297;0.0101;0
19/11/21 07:00;32.595;-92.079;1.7514;32.612;57.388;-90;-57.388;114.49;112.8;1.6954;18.84;3.9801;0;3.1458;86.6;0.4702;0;4.4868;94.702;0;94.702;3.1458;0.4702;86.6;4.4868;0.0332;0.9618;0;0.0474;80.35;14.352;0;0;10.171;4.1809;77.607;2.6627;0.0002;0;2.6468;0.0157;80.27;0.0804;0.0031;0.0005;0.0764;0.0003;79.418;3.1424;0.4697;73.705;0.2899;73.63;61.481;22.077;12.355;1.2927;18.595;1.8112;7.5327;0;1;0;0;0.8272;0.8484;1;1;0.8825;0.0682;0.9668;0.9999;1;0.9653;0.9486;0.999;0.999;1;0.999;0.999;0.8195;0.8511;0.0646;0.2695;0.2645;0.0016;0.016;-0.0023;0.0017;0.0062;0.0033;0;0;0.088;0.1381;0;0;0;0;0;0;0;0;0;0;0;0;0.005;0.0003;0.2326;0.2326;0;22.67;22.67;3.8297;0.0493;224.13;1037.6;1;0.0065;0.0065;0;0;0;0;0;0;0.2261;0.1381;0;16.227;18.79;9.6352;11.157;97.22;97.22;2.2729;1.9612;1.1645;0.3117;0.7966;0.1371;0.3505;0.5124;73.165;0.4467;0
19/11/21 08:00;44.84;-82.99;4.9643;45.055;44.945;-90;-44.945;134.69;133;1.6921;19.96;3.88;0;2.3907;113.37;0.3219;0;3.3455;119.43;0;119.43;2.3907;0.3219;113.37;3.3455;0.02;0.9773;0;0.028;107;12.426;0;0;9.3388;3.087;103.49;3.4066;0.0004;0.0001;3.3905;0.0156;106.9;0.107;0.0024;0.0003;0.104;0.0003;104.71;2.3879;0.3215;100.54;0.2426;85.142;71.094;24.198;6.8948;1.1008;15.835;1.2141;10.041;0;1;0;0;0.8867;0.896;1;1;0.9176;0.0773;0.9681;0.9998;1;0.9674;0.9395;0.999;0.999;1;0.999;0.999;0.8665;0.8868;0.0725;0.3399;0.3313;0.002;0.0168;0.0001;0.0022;0.0078;0.0028;0;0;0.088;0.198;0;0;0;0;0;0;0;0;0;0;0;0;0.0062;0.0004;0.2929;0.2929;0;25.062;25.062;5.1018;0.0493;281.94;1039;1;0.007;0.007;0;0;0;0;0;0;0.286;0.198;0;16.209;18.769;10.955;12.686;97.627;97.627;2.8663;2.4705;1.6697;0.3959;0.8007;0.1381;0.2794;0.5825;84.335;0.5299;0
19/11/21 09:00;56.788;-70.918;10.315;58.254;31.746;-90;-31.746;323.71;310.3;13.408;20.08;4.3701;0;15.767;283.8;4.1748;0;4.1165;307.86;0;307.86;15.767;4.1748;283.8;4.1165;0.0512;0.9352;0;0.0134;290.51;17.354;0;0;13.732;3.6214;281.37;8.8433;0.0056;0.0015;8.7553;0.0809;290.22;0.2905;0.0158;0.0042;0.2701;0.0005;282.65;15.745;4.1691;261.05;0.4138;198.15;165.45;53.102;5.2265;2.0675;29.74;1.2715;26.581;0;1;0;0;0.951;0.9436;1;1;0.9516;0.1203;0.9695;0.9996;1;0.9675;0.8365;0.999;0.999;1;0.999;0.999;0.914;0.9198;0.1005;0.8761;0.8682;0.0052;0.0139;0.0278;0.0057;0.0204;0.0053;0;0;0.088;0.6707;0;0;0;0;0;0;0;0;0;0;0;0;0.0164;0.0021;0.7713;0.7713;0;33.933;33.933;13.853;0.0492;743.92;1036.9;1;0.0127;0.0127;0;0;0;0;0;0;0.7587;0.6707;0;16.556;19.172;14.395;16.669;98.357;98.357;7.3887;6.5048;5.6559;0.8839;0.849;0.1196;0.1149;0.7655;189.37;0.7138;0
19/11/21 10:00;67.56;-50.903;13.929;72.229;17.771;-90;-17.771;470.49;415;55.489;23.06;4.8;0;58.269;387.74;18.678;0;1.9083;466.59;0;466.59;58.269;18.678;387.74;1.9083;0.1249;0.8351;0;0.0041;457.66;8.937;0;0;7.3488;1.5882;443.45;13.753;0.028;0.009;13.645;0.071;457.2;0.4577;0.0583;0.0187;0.3804;0.0003;443.89;58.183;18.651;366.36;0.2487;280.22;233.99;72.104;0.9142;2.6974;38.802;0.4439;40.585;0;1;0;0;0.9917;0.9808;1;1;0.981;0.1677;0.9699;0.9995;1;0.9641;0.7778;0.999;0.999;1;0.999;0.999;0.9504;0.9449;0.1303;1.3279;1.3477;0.0081;0.0072;0.0959;0.0087;0.0307;0.0068;0;0;0.088;1.0552;0;0;0;0;0;0;0;0;0;0;0;0;0.0247;0.0046;1.161;1.161;0;45.031;45.031;21.971;0.0495;1158.9;1001.8;1;0.0179;0.0179;0;0;0;0;0;0;1.1432;1.0552;0;16.443;19.04;14.943;17.304;98.46;98.46;11.198;9.7912;8.8983;1.4071;0.8929;0.1257;0.0797;0.7946;238.52;0.748;0
19/11/21 11:00;74.167;-11.555;15.504;86.749;3.2513;-90;-3.2513;276.81;271.6;5.2063;21.99;4.83;0;5.2147;270.33;1.051;0;0.0379;276.64;0;276.64;5.2147;1.051;270.33;0.0379;0.0189;0.9774;0;0.0001;276.28;0.3595;0;0;0.3279;0.0316;264.02;11.984;0.0028;0.0006;11.979;0.0014;276;0.2763;0.0052;0.0011;0.27;0;264.01;5.2067;1.0494;257.75;0.0049;163.93;136.88;41.168;-0.0014;1.6089;23.144;-0.0022;24.754;0;1;0;0;0.9994;0.9987;1;1;0.9988;0.1662;0.9566;0.9995;1;0.9556;0.7776;0.999;0.999;1;0.999;0.999;0.9544;0.9535;0.1291;0.7873;0.8017;0.0048;0.0148;0.0288;0.0053;0.0187;0.0041;0;0;0.088;0.6086;0;0;0;0;0;0;0;0;0;0;0;0;0.0151;0.0018;0.7084;0.7084;0;35.006;35.006;13.016;0.0493;687.27;1030.7;1;0.0117;0.0117;0;0;0;0;0;0;0.6966;0.6086;0;16.921;19.594;14.539;16.835;98.344;98.344;6.6393;5.9738;5.1328;0.6654;0.8411;0.1002;0.1267;0.7731;160.24;0.7275;0
19/11/21 12:00;71.337;36.571;14.892;78.621;11.379;90;11.379;209.2;206.2;2.9992;21.57;5.0299;0;3.0593;203.71;0.4754;0;0.3495;207.59;0;207.59;3.0593;0.4754;203.71;0.3495;0.0147;0.983;0;0.0017;205.47;2.1202;0;0;1.8293;0.2908;197.18;8.0856;0.0016;0.0002;8.0706;0.0132;205.27;0.2055;0.0031;0.0005;0.2019;0.0001;197.24;3.0547;0.4746;193.61;0.0454;124.56;104.01;31.737;0.0965;1.1994;17.253;0.0628;18.356;0;1;0;0;0.9923;0.9898;1;1;0.991;0.1679;0.9606;0.9995;1;0.96;0.7747;0.999;0.999;1;0.999;0.999;0.9498;0.9504;0.1299;0.5908;0.5989;0.0036;0.0167;0.0136;0.004;0.014;0.0031;0;0;0.088;0.4341;0;0;0;0;0;0;0;0;0;0;0;0;0.0113;0.0011;0.5316;0.5316;0;31.284;31.284;9.7132;0.0493;512.1;1038;1;0.0095;0.0095;0;0;0;0;0;0;0.5221;0.4341;0;16.92;19.593;13.818;16.001;98.219;98.219;4.9822;4.4827;3.6607;0.4995;0.822;0.1003;0.165;0.7348;122.55;0.6917;0
19/11/21 13:00;61.805;63.541;12.153;64.362;25.638;90;25.638;296.2;289.5;6.7038;21.98;4.8599;0;7.4359;273.75;1.7438;0;2.4788;285.41;0;285.41;7.4359;1.7438;273.75;2.4788;0.0261;0.9678;0;0.0087;273.84;11.577;0;0;9.4489;2.1277;264.72;8.8397;0.0031;0.0007;8.7653;0.0705;273.56;0.2738;0.0074;0.0017;0.2643;0.0004;265.42;7.4253;1.7413;255.27;0.2802;179.92;150.23;47.038;2.3943;1.801;25.907;0.6964;25.314;0;1;0;0;0.9636;0.9594;1;1;0.9655;0.1417;0.9677;0.9996;1;0.9668;0.7989;0.999;0.999;1;0.999;0.999;0.9275;0.9325;0.113;0.8123;0.8113;0.0049;0.0146;0.0292;0.0053;0.0189;0.0046;0;0;0.088;0.6167;0;0;0;0;0;0;0;0;0;0;0;0;0.0152;0.0018;0.7166;0.7166;0;35.031;35.031;13.051;0.0493;695.29;1030.6;1;0.0118;0.0118;0;0;0;0;0;0;0.7047;0.6167;0;16.59;19.211;14.279;16.534;98.347;98.347;6.8499;6.0429;5.2009;0.807;0.842;0.1178;0.1229;0.7593;175.41;0.711;0
19/11/21 14:00;50.205;78.189;7.528;50.807;39.193;90;39.193;158.7;156.7;1.9992;21.62;4.42;0;2.5795;138.81;0.3756;0;3.0348;144.8;0;144.8;2.5795;0.3756;138.81;3.0348;0.0178;0.9796;0;0.021;132.66;12.148;0;0;9.3729;2.7748;128.31;4.2102;0.0007;0.0001;4.1832;0.0262;132.52;0.1327;0.0026;0.0004;0.1294;0.0003;129.34;2.5762;0.3751;125.13;0.2335;99.283;82.901;27.58;5.2728;1.1452;16.474;1.029;12.346;0;1;0;0;0.9124;0.9161;1;1;0.9325;0.0857;0.9682;0.9997;1;0.9677;0.899;0.999;0.999;1;0.999;0.999;0.8861;0.9014;0.0769;0.4121;0.4031;0.0024;0.0172;0.0043;0.0027;0.0094;0.0029;0;0;0.088;0.2604;0;0;0;0;0;0;0;0;0;0;0;0;0.0076;0.0006;0.3559;0.3559;0;27.948;27.948;6.3275;0.0493;343.73;1035.5;1;0.0076;0.0076;0;0;0;0;0;0;0.3484;0.2604;0;16.243;18.809;11.881;13.758;97.869;97.869;3.4753;3.0017;2.1956;0.4736;0.8061;0.1363;0.2319;0.6318;98.205;0.5822;0
19/11/21 15:00;38.033;88.261;1.3698;38.046;51.954;90;51.954;142.9;140.8;2.0937;18.26;4.11;0;3.3972;113.51;0.5543;0;4.6605;122.12;0;122.12;3.3972;0.5543;113.51;4.6605;0.0278;0.9676;0;0.0382;106.18;15.941;0;0;11.581;4.3601;102.65;3.424;0.0002;0;3.4113;0.0125;106.08;0.1062;0.0034;0.0006;0.1019;0.0003;104.46;3.3937;0.5537;98.418;0.2876;91.216;76.165;26.703;11.411;1.3903;20;1.8039;9.9791;0;1;0;0;0.8546;0.8695;1;1;0.898;0.0645;0.9677;1;1;0.9665;0.9582;0.999;0.999;1;0.999;0.999;0.8406;0.867;0.0617;0.3476;0.3389;0.002;0.0169;-0.0021;0.0023;0.008;0.0036;0;0;0.088;0.2062;0;0;0;0;0;0;0;0;0;0;0;0;0.0064;0.0004;0.3013;0.3013;0;23.313;23.313;5.0535;0.0492;288.1;1046;1;0.0071;0.0071;0;0;0;0;0;0;0.2942;0.2062;0;16.305;18.881;11.159;12.922;97.641;97.641;2.931;2.5412;1.7392;0.3898;0.8021;0.133;0.2737;0.5934;90.402;0.5286;0
19/11/21 16:00;25.788;96.6;7.1927;25.938;60;90;60;61.3;60.799;0.5009;17.3;3.2501;0;1.1422;45.562;0.114;0;2.6052;49.423;0;49.423;1.1422;0.114;45.562;2.6052;0.0231;0.9746;0;0.0527;41.258;8.1651;0;0;5.7279;2.4372;39.797;1.4198;0.0003;0;1.408;0.0114;41.217;0.0413;0.0011;0.0001;0.0398;0.0002;40.875;1.1408;0.1138;38.386;0.1564;39.7;33.149;12.037;7.6177;0.7504;10.795;1.0779;3.9276;0;1;0;0;0.8063;0.8348;1;1;0.8743;0.0645;0.9656;0.9998;1;0.9646;0.9318;0.999;0.999;1;0.999;0.999;0.8052;0.8425;0.06;0.1407;0.1386;0.0008;0.0128;-0.0029;0.0009;0.0032;0.0019;0;0;0.088;0.0261;0;0;0;0;0;0;0;0;0;0;0;0;0.0026;0.0001;0.1192;0.1192;0;19.274;19.274;1.9739;0.0496;116.38;1024.2;1;0.005;0.005;0;0;0;0;0;0;0.1141;0.0261;0;15.936;18.454;3.4963;4.0486;95.769;95.769;1.1862;1.0052;0.2205;0.181;0.7846;0.1526;0.6615;0.1859;39.664;0.1598;0
19/11/21 17:00;13.737;104.46;54.837;14.168;22.247;90;22.247;13.303;13.297;0.006;16.7;2.58;0;0.0146;12.802;0.0006;0;0.0842;12.901;0;12.901;0.0146;0.0006;12.802;0.0842;0.0011;0.9988;0;0.0065;12.478;0.423;0;0;0.3519;0.0712;12.041;0.425;0.0003;0;0.4219;0.0028;12.466;0.0125;0;0;0.0125;0;12.063;0.0143;0.0006;12.016;0.0102;8.0456;6.7181;2.0784;0.0674;0.0796;1.145;0.022;1.1571;0;1;0;0;0.9698;0.9672;1;1;0.9725;0.1546;0.9659;0.9795;1;0.9661;0.7855;0.999;0.999;1;0.999;0.999;0.9333;0.9386;0.1213;0.0367;0.0368;0.0002;0.0067;-0.001;0.0002;0.0008;0.0002;0;0;0.088;-0.0615;0;0;0;0;0;0;0;0;0;0;0;0;0.0006;0;0.0291;0.0291;0;17.308;17.308;0.608;0.0505;29.754;977.38;1;0.0026;0.0026;0;0;0;0;0;0;0.0265;-0.0615;0;14.895;17.248;-31.515;-36.494;91.022;91.022;0.3096;0.2452;-0.5189;0.0644;0.7641;0.2079;2.4679;0;8.0456;0;0
19/11/21 18:00;4.0077;111.18;80.241;4.297;6.1728;90;6.1728;0;0;0;15.91;2.0701;0;0;0;0;0;0;0;0;0;0;0;0;0;1;1;1;1;0;0;0;0;0;0;0;0;0;0;0;0;0;0;0;0;0;0;0;0;0;0;0;0;0;0;0;0;0;0;0;0;0;0;0;1;1;1;1;1;1;1;1;1;1;1;1;1;1;1;1;1;1;1;0;0;0;0;0;0;0;0;0;0.0004;0.088;-0.0884;0;0;0;0;0;0;0;0;0;0;0;0;0;0;0;0;0;0;0;-15.91;0;0;0;0;0.0004;0;0;0;0;0;0;0;-0.0004;-0.0884;0;0;0;0;0;0;0;0;0;-0.7452;0;0.7452;1;1;0;0;0;0
19/11/21 19:00;0;0;90;0;0;90;0;0;0;0;15.7;1.55;0;0;0;0;0;0;0;0;0;0;0;0;0;1;1;1;1;0;0;0;0;0;0;0;0;0;0;0;0;0;0;0;0;0;0;0;0;0;0;0;0;0;0;0;0;0;0;0;0;0;0;0;1;1;1;1;1;1;1;1;1;1;1;1;1;1;1;1;1;1;1;0;0;0;0;0;0;0;0;0;0.0004;0.088;-0.0884;0;0;0;0;0;0;0;0;0;0;0;0;0;0;0;0;0;0;0;-15.7;0;0;0;0;0.0004;0;0;0;0;0;0;0;-0.0004;-0.0884;0;0;0;0;0;0;0;0;0;-0.7452;0;0.7452;1;1;0;0;0;0
19/11/21 20:00;0;0;90;0;0;90;0;0;0;0;15.7;1.2899;0;0;0;0;0;0;0;0;0;0;0;0;0;1;1;1;1;0;0;0;0;0;0;0;0;0;0;0;0;0;0;0;0;0;0;0;0;0;0;0;0;0;0;0;0;0;0;0;0;0;0;0;1;1;1;1;1;1;1;1;1;1;1;1;1;1;1;1;1;1;1;0;0;0;0;0;0;0;0;0;0.0004;0.088;-0.0884;0;0;0;0;0;0;0;0;0;0;0;0;0;0;0;0;0;0;0;-15.7;0;0;0;0;0.0004;0;0;0;0;0;0;0;-0.0004;-0.0884;0;0;0;0;0;0;0;0;0;-0.7452;0;0.7452;1;1;0;0;0;0
19/11/21 21:00;0;0;90;0;0;90;0;0;0;0;15.3;1.15;0;0;0;0;0;0;0;0;0;0;0;0;0;1;1;1;1;0;0;0;0;0;0;0;0;0;0;0;0;0;0;0;0;0;0;0;0;0;0;0;0;0;0;0;0;0;0;0;0;0;0;0;1;1;1;1;1;1;1;1;1;1;1;1;1;1;1;1;1;1;1;0;0;0;0;0;0;0;0;0;0.0004;0.088;-0.0884;0;0;0;0;0;0;0;0;0;0;0;0;0;0;0;0;0;0;0;-15.3;0;0;0;0;0.0004;0;0;0;0;0;0;0;-0.0004;-0.0884;0;0;0;0;0;0;0;0;0;-0.7452;0;0.7452;1;1;0;0;0;0
19/11/21 22:00;0;0;90;0;0;90;0;0;0;0;15.2;1.1901;0;0;0;0;0;0;0;0;0;0;0;0;0;1;1;1;1;0;0;0;0;0;0;0;0;0;0;0;0;0;0;0;0;0;0;0;0;0;0;0;0;0;0;0;0;0;0;0;0;0;0;0;1;1;1;1;1;1;1;1;1;1;1;1;1;1;1;1;1;1;1;0;0;0;0;0;0;0;0;0;0.0004;0.088;-0.0884;0;0;0;0;0;0;0;0;0;0;0;0;0;0;0;0;0;0;0;-15.2;0;0;0;0;0.0004;0;0;0;0;0;0;0;-0.0004;-0.0884;0;0;0;0;0;0;0;0;0;-0.7452;0;0.7452;1;1;0;0;0;0
19/11/21 23:00;0;0;90;0;0;90;0;0;0;0;15.1;0.9699;0;0;0;0;0;0;0;0;0;0;0;0;0;1;1;1;1;0;0;0;0;0;0;0;0;0;0;0;0;0;0;0;0;0;0;0;0;0;0;0;0;0;0;0;0;0;0;0;0;0;0;0;1;1;1;1;1;1;1;1;1;1;1;1;1;1;1;1;1;1;1;0;0;0;0;0;0;0;0;0;0.0004;0.088;-0.0884;0;0;0;0;0;0;0;0;0;0;0;0;0;0;0;0;0;0;0;-15.1;0;0;0;0;0.0004;0;0;0;0;0;0;0;-0.0004;-0.0884;0;0;0;0;0;0;0;0;0;-0.7452;0;0.7452;1;1;0;0;0;0
20/11/21 00:00;0;0;90;0;0;90;0;0;0;0;15;0.67;0;0;0;0;0;0;0;0;0;0;0;0;0;1;1;1;1;0;0;0;0;0;0;0;0;0;0;0;0;0;0;0;0;0;0;0;0;0;0;0;0;0;0;0;0;0;0;0;0;0;0;0;1;1;1;1;1;1;1;1;1;1;1;1;1;1;1;1;1;1;1;0;0;0;0;0;0;0;0;0;0.0004;0.088;-0.0884;0;0;0;0;0;0;0;0;0;0;0;0;0;0;0;0;0;0;0;-15;0;0;0;0;0.0004;0;0;0;0;0;0;0;-0.0004;-0.0884;0;0;0;0;0;0;0;0;0;-0.7452;0;0.7452;1;1;0;0;0;0
20/11/21 01:00;0;0;90;0;0;90;0;0;0;0;14.6;0.45;0;0;0;0;0;0;0;0;0;0;0;0;0;1;1;1;1;0;0;0;0;0;0;0;0;0;0;0;0;0;0;0;0;0;0;0;0;0;0;0;0;0;0;0;0;0;0;0;0;0;0;0;1;1;1;1;1;1;1;1;1;1;1;1;1;1;1;1;1;1;1;0;0;0;0;0;0;0;0;0;0.0004;0.088;-0.0884;0;0;0;0;0;0;0;0;0;0;0;0;0;0;0;0;0;0;0;-14.6;0;0;0;0;0.0004;0;0;0;0;0;0;0;-0.0004;-0.0884;0;0;0;0;0;0;0;0;0;-0.7452;0;0.7452;1;1;0;0;0;0
20/11/21 02:00;0;0;90;0;0;90;0;0;0;0;14.5;0.74;0;0;0;0;0;0;0;0;0;0;0;0;0;1;1;1;1;0;0;0;0;0;0;0;0;0;0;0;0;0;0;0;0;0;0;0;0;0;0;0;0;0;0;0;0;0;0;0;0;0;0;0;1;1;1;1;1;1;1;1;1;1;1;1;1;1;1;1;1;1;1;0;0;0;0;0;0;0;0;0;0.0004;0.088;-0.0884;0;0;0;0;0;0;0;0;0;0;0;0;0;0;0;0;0;0;0;-14.5;0;0;0;0;0.0004;0;0;0;0;0;0;0;-0.0004;-0.0884;0;0;0;0;0;0;0;0;0;-0.7452;0;0.7452;1;1;0;0;0;0
20/11/21 03:00;0;0;90;0;0;90;0;0;0;0;14.2;1.1001;0;0;0;0;0;0;0;0;0;0;0;0;0;1;1;1;1;0;0;0;0;0;0;0;0;0;0;0;0;0;0;0;0;0;0;0;0;0;0;0;0;0;0;0;0;0;0;0;0;0;0;0;1;1;1;1;1;1;1;1;1;1;1;1;1;1;1;1;1;1;1;0;0;0;0;0;0;0;0;0;0.0004;0.088;-0.0884;0;0;0;0;0;0;0;0;0;0;0;0;0;0;0;0;0;0;0;-14.2;0;0;0;0;0.0004;0;0;0;0;0;0;0;-0.0004;-0.0884;0;0;0;0;0;0;0;0;0;-0.7452;0;0.7452;1;1;0;0;0;0
20/11/21 04:00;1.5236;-113.3;86.303;1.6588;2.367;-90;-2.367;0;0;0;14;1.31;0;0;0;0;0;0;0;0;0;0;0;0;0;1;1;1;1;0;0;0;0;0;0;0;0;0;0;0;0;0;0;0;0;0;0;0;0;0;0;0;0;0;0;0;0;0;0;0;0;0;0;0;1;1;1;1;1;1;1;1;1;1;1;1;1;1;1;1;1;1;1;0;0;0;0;0;0;0;0;0;0.0004;0.088;-0.0884;0;0;0;0;0;0;0;0;0;0;0;0;0;0;0;0;0;0;0;-14;0;0;0;0;0.0004;0;0;0;0;0;0;0;-0.0004;-0.0884;0;0;0;0;0;0;0;0;0;-0.7452;0;0.7452;1;1;0;0;0;0
20/11/21 05:00;8.5965;-108.21;68.745;9.0423;13.364;-90;-13.364;11.897;11.801;0.096;14.1;1.41;0;0.2328;11.635;0.0131;0;0.0274;11.909;0;11.909;0.2328;0.0131;11.635;0.0274;0.0195;0.9794;0;0.0023;11.75;0.1592;0;0;0.1364;0.0227;11.268;0.4694;0.0219;0.0012;0.4452;0.001;11.738;0.0117;0.0002;0;0.0115;0;11.274;0.2106;0.0119;11.042;0.0036;7.042;5.88;1.7823;0.0099;0.0689;0.9906;0.0055;1.0496;0;1;0;0;1.001;0.9866;1;1;0.9883;0.1698;0.96;0.9057;1;0.9612;0.7757;0.999;0.999;1;0.999;0.999;0.9462;0.949;0.1316;0.0339;0.0342;0.0002;0.0064;-0.0012;0.0002;0.0007;0.0002;0;0;0.088;-0.0634;0;0;0;0;0;0;0;0;0;0;0;0;0.0006;0;0.0271;0.0271;0;14.669;14.669;0.5686;0.0505;27.542;985.74;1;0.0026;0.0026;0;0;0;0;0;0;0.0246;-0.0634;0;15.065;17.445;-35.198;-40.759;90.487;90.487;0.2858;0.229;-0.5349;0.0569;0.7639;0.1989;2.6727;0;7.0415;0;0
20/11/21 06:00;20.477;-100.33;31.956;20.786;38.608;-90;-38.608;23.695;23.601;0.0943;14.3;1.8;0;0.2287;21.018;0.011;0;0.4402;21.698;0;21.698;0.2287;0.011;21.018;0.4402;0.0105;0.989;0;0.0203;19.916;1.7816;0;0;1.3821;0.3995;19.257;0.6391;0.0005;0;0.6343;0.0042;19.896;0.0199;0.0002;0;0.0196;0;19.407;0.2279;0.011;18.982;0.0364;14.797;12.355;4.0796;0.7582;0.1709;2.458;0.1497;1.8707;0;1;0;0;0.9157;0.9179;1;1;0.9342;0.0924;0.9679;0.9978;1;0.9677;0.8957;0.999;0.999;1;0.999;0.999;0.8875;0.9031;0.0827;0.0618;0.0604;0.0004;0.0087;-0.0021;0.0004;0.0013;0.0004;0;0;0.088;-0.0409;0;0;0;0;0;0;0;0;0;0;0;0;0.0011;0;0.0503;0.0503;0;15.262;15.262;0.9623;0.05;49.892;1008.7;1;0.0032;0.0032;0;0;0;0;0;0;0.0471;-0.0409;0;15.326;17.747;-12.449;-14.415;93.641;93.641;0.5207;0.4244;-0.3447;0.0964;0.7691;0.185;1.4769;0;14.796;0;0
20/11/21 07:00;32.659;-92.346;1.9746;32.681;57.319;-90;-57.319;60.401;59.901;0.5001;14.82;1.7401;0;0.9262;46.092;0.0734;0;2.3619;49.454;0;49.454;0.9262;0.0734;46.092;2.3619;0.0187;0.9798;0;0.0478;41.848;7.6051;0;0;5.4042;2.2009;40.39;1.4166;0.0001;0;1.4084;0.0082;41.807;0.0418;0.0009;0.0001;0.0407;0.0002;41.351;0.9253;0.0733;39.239;0.1526;39.041;32.599;11.69;6.5478;0.6863;9.8715;0.9608;4.01;0;1;0;0;0.8188;0.8462;1;1;0.8828;0.0682;0.9661;0.9999;1;0.9654;0.9489;0.999;0.999;1;0.999;0.999;0.8167;0.8513;0.0646;0.1407;0.1381;0.0008;0.0128;-0.0042;0.0009;0.0032;0.0017;0;0;0.088;0.0269;0;0;0;0;0;0;0;0;0;0;0;0;0.0026;0.0001;0.1201;0.1201;0;16.819;16.819;1.9988;0.0495;115.98;1035.2;1;0.0052;0.0052;0;0;0;0;0;0;0.1149;0.0269;0;16.043;18.577;3.5948;4.1627;95.701;95.701;1.1869;1.0125;0.2269;0.1744;0.7856;0.1469;0.6619;0.1912;38.911;0.1663;0
20/11/21 08:00;44.907;-83.306;4.7357;45.103;44.897;-90;-44.897;125.49;124;1.4914;14.93;2.41;0;2.1054;105.76;0.2639;0;3.1107;111.24;0;111.24;2.1054;0.2639;105.76;3.1107;0.0189;0.9787;0;0.028;99.67;11.568;0;0;8.6982;2.8701;96.393;3.1779;0.0003;0;3.1629;0.0146;99.571;0.0997;0.0021;0.0003;0.0971;0.0002;97.522;2.1029;0.2636;93.8;0.2258;79.344;66.252;22.54;6.4084;1.0254;14.75;1.1294;9.367;0;1;0;0;0.8864;0.896;1;1;0.9178;0.0774;0.9681;0.9998;1;0.9674;0.9392;0.999;0.999;1;0.999;0.999;0.8665;0.8869;0.0726;0.3166;0.3086;0.0019;0.0166;-0.006;0.0021;0.0074;0.0027;0;0;0.088;0.1827;0;0;0;0;0;0;0;0;0;0;0;0;0.0059;0.0004;0.2777;0.2777;0;19.664;19.664;4.7337;0.0491;262.29;1058.7;1;0.007;0.007;0;0;0;0;0;0;0.2707;0.1827;0;16.495;19.101;10.852;12.566;97.479;97.479;2.6697;2.3417;1.5405;0.328;0.8012;0.1229;0.3001;0.577;78.637;0.5249;0
20/11/21 09:00;56.871;-71.317;10.083;58.274;31.726;-90;-31.726;105;104.1;0.8953;15.06;3.06;0;1.0526;96.252;0.0934;0;1.3336;98.731;0;98.731;1.0526;0.0934;96.252;1.3336;0.0107;0.9884;0;0.0135;92.906;5.8257;0;0;4.6526;1.1731;89.817;2.9963;0.0004;0;2.9696;0.0262;92.813;0.0929;0.0011;0.0001;0.0916;0.0002;90.228;1.0511;0.0933;88.538;0.1341;64.72;54.041;17.392;1.7687;0.6762;9.727;0.4116;8.6346;0;1;0;0;0.9403;0.941;1;1;0.9517;0.1204;0.9677;0.9997;1;0.9675;0.8364;0.999;0.999;1;0.999;0.999;0.9097;0.9199;0.1006;0.281;0.2776;0.0017;0.0162;-0.0056;0.0019;0.0066;0.0018;0;0;0.088;0.1547;0;0;0;0;0;0;0;0;0;0;0;0;0.0053;0.0003;0.2495;0.2495;0;19.474;19.474;4.4133;0.0491;236.11;1056.7;1;0.0068;0.0068;0;0;0;0;0;0;0.2427;0.1547;0;16.698;19.336;10.354;11.99;97.282;97.282;2.3696;2.104;1.3047;0.2656;0.7993;0.1121;0.3373;0.5506;64.216;0.5128;0
20/11/21 10:00;67.689;-51.414;13.696;72.216;17.784;-90;-17.784;370.9;354.1;16.8;16.04;3.54;0;17.643;341.16;4.8194;0;1.5066;365.13;0;365.13;17.643;4.8194;341.16;1.5066;0.0483;0.9385;0;0.0041;357.4;7.728;0;0;6.4741;1.2539;344.98;12.07;0.0083;0.0023;12.003;0.0561;357.05;0.3574;0.0176;0.0048;0.3347;0.0003;345.33;17.617;4.8123;322.35;0.1964;222.05;185.41;56.84;0.8064;2.1621;31.1;0.3515;32.456;0;1;0;0;0.9844;0.9788;1;1;0.981;0.1677;0.9662;0.9995;1;0.9641;0.7778;0.999;0.999;1;0.999;0.999;0.9448;0.9449;0.1303;1.0391;1.0503;0.0063;0.0115;0.0298;0.007;0.0249;0.0056;0;0;0.088;0.8389;0;0;0;0;0;0;0;0;0;0;0;0;0.0201;0.0029;0.9422;0.9422;0;32.987;32.987;16.947;0.0491;900.82;1045.9;1;0.0153;0.0153;0;0;0;0;0;0;0.9269;0.8389;0;17.051;19.744;15.182;17.58;98.38;98.38;8.7632;7.9454;7.0745;0.8178;0.8708;0.0933;0.0994;0.8073;209.88;0.7589;0
20/11/21 11:00;74.38;-11.906;15.276;86.699;3.3011;-90;-3.3011;214.1;211;3.0994;17.34;3.61;0;3.1046;210.34;0.4854;0;0.0302;213.96;0;213.96;3.1046;0.4854;210.34;0.0302;0.0145;0.9832;0;0.0001;213.67;0.2861;0;0;0.2609;0.0252;204.14;9.3193;0.0016;0.0003;9.3163;0.0011;213.46;0.2137;0.0031;0.0005;0.2101;0;204.14;3.0999;0.4847;200.55;0.0039;126.8;105.88;32.109;-0.0011;1.2272;17.653;-0.0016;18.882;0;1;0;0;0.9994;0.9987;1;1;0.9988;0.1662;0.9563;0.9995;1;0.9556;0.7776;0.999;0.999;1;0.999;0.999;0.9541;0.9535;0.1291;0.6089;0.6194;0.0037;0.0165;0.0052;0.0042;0.0147;0.0032;0;0;0.088;0.4608;0;0;0;0;0;0;0;0;0;0;0;0;0.0119;0.0012;0.5588;0.5588;0;27.36;27.36;10.02;0.0491;529.62;1055;1;0.0099;0.0099;0;0;0;0;0;0;0.5488;0.4608;0;17.256;19.983;14.232;16.48;98.224;98.224;5.1351;4.712;3.8862;0.423;0.8258;0.0824;0.1608;0.7568;124.69;0.7128;0
20/11/21 12:00;71.559;36.79;14.674;78.707;11.293;90;11.293;296.3;290.3;6.0033;17.93;3.39;0;6.1219;286.19;1.3369;0;0.4876;294.14;0;294.14;6.1219;1.3369;286.19;0.4876;0.0208;0.9746;0;0.0017;291.19;2.9434;0;0;2.5377;0.4058;279.52;11.377;0.0031;0.0007;11.355;0.0184;290.9;0.2912;0.0061;0.0013;0.2837;0.0001;279.61;6.1126;1.3349;272.01;0.0634;176.38;147.28;44.553;0.1318;1.7231;24.786;0.0888;26.377;0;1;0;0;0.9927;0.99;1;1;0.9911;0.1679;0.9609;0.9995;1;0.9599;0.7747;0.999;0.999;1;0.999;0.999;0.9503;0.9505;0.1299;0.8371;0.8496;0.0051;0.0142;0.0202;0.0057;0.0201;0.0045;0;0;0.088;0.661;0;0;0;0;0;0;0;0;0;0;0;0;0.0162;0.002;0.7616;0.7616;0;31.666;31.666;13.736;0.0491;727.74;1046.6;1;0.0127;0.0127;0;0;0;0;0;0;0.749;0.661;0;17.111;19.814;14.85;17.196;98.339;98.339;7.0592;6.423;5.5742;0.6362;0.8488;0.0901;0.1202;0.7896;172.13;0.7428;0
20/11/21 13:00;61.99;63.841;11.949;64.478;25.522;90;25.522;223.4;219.8;3.5974;17.23;3.1199;0;3.9863;208.47;0.7083;0;1.8529;215.02;0;215.02;3.9863;0.7083;208.47;1.8529;0.0185;0.9782;0;0.0086;206.28;8.7328;0;0;7.1432;1.5896;199.34;6.7359;0.0016;0.0003;6.6809;0.053;206.08;0.2063;0.004;0.0007;0.2013;0.0003;199.86;3.9807;0.7073;194.44;0.21;135.79;113.39;35.484;1.7942;1.3597;19.558;0.5198;19.124;0;1;0;0;0.9625;0.9594;1;1;0.9657;0.1421;0.9673;0.9996;1;0.9668;0.7984;0.999;0.999;1;0.999;0.999;0.9271;0.9327;0.1133;0.6119;0.611;0.0037;0.0166;0.0044;0.0041;0.0146;0.0036;0;0;0.088;0.4534;0;0;0;0;0;0;0;0;0;0;0;0;0.0117;0.0011;0.5512;0.5512;0;27.014;27.014;9.7836;0.0491;522.21;1055.5;1;0.0099;0.0099;0;0;0;0;0;0;0.5414;0.4534;0;16.94;19.616;13.933;16.134;98.213;98.213;5.1604;4.6485;3.8233;0.5119;0.8252;0.0992;0.1599;0.7409;133.48;0.6937;0
20/11/21 14:00;50.372;78.444;7.3404;50.947;39.053;90;39.053;129.71;128.4;1.307;17.38;3.1899;0;1.6831;113.92;0.2002;0;2.4634;118.27;0;118.27;1.6831;0.2002;113.92;2.4634;0.0142;0.9841;0;0.0208;108.37;9.9006;0;0;7.6495;2.2511;104.8;3.456;0.0004;0.0001;3.4338;0.0217;108.26;0.1084;0.0017;0.0002;0.1063;0.0002;105.64;1.681;0.2;102.73;0.1904;81.187;67.791;22.515;4.2743;0.9365;13.471;0.8365;10.134;0;1;0;0;0.9118;0.9163;1;1;0.9329;0.0862;0.9681;0.9997;1;0.9677;0.8975;0.999;0.999;1;0.999;0.999;0.8861;0.9018;0.0773;0.3366;0.3292;0.002;0.0168;-0.003;0.0022;0.0078;0.0024;0;0;0.088;0.1992;0;0;0;0;0;0;0;0;0;0;0;0;0.0063;0.0004;0.2943;0.2943;0;22.535;22.535;5.1548;0.0492;280.29;1050;1;0.0071;0.0071;0;0;0;0;0;0;0.2872;0.1992;0;16.443;19.041;11.131;12.89;97.596;97.596;2.8384;2.4818;1.6801;0.3566;0.8018;0.1256;0.2825;0.5919;80.498;0.5454;0
20/11/21 15:00;38.194;88.476;1.198;38.204;51.796;90;51.796;121;119.5;1.4949;16.6;3.62;0;2.4171;96.538;0.3334;0;3.924;103.21;0;103.21;2.4171;0.3334;96.538;3.924;0.0234;0.9734;0;0.038;89.736;13.477;0;0;9.8058;3.6707;86.736;2.9109;0.0001;0;2.9002;0.0106;89.647;0.0897;0.0024;0.0003;0.0867;0.0003;88.257;2.4146;0.333;83.746;0.2425;77.331;64.571;22.609;9.6016;1.1759;16.915;1.5213;8.4888;0;1;0;0;0.853;0.8694;1;1;0.8984;0.0646;0.9675;1;1;0.9665;0.9582;0.999;0.999;1;0.999;0.999;0.8404;0.8675;0.0618;0.2937;0.2864;0.0017;0.0164;-0.0043;0.0019;0.0068;0.0031;0;0;0.088;0.1604;0;0;0;0;0;0;0;0;0;0;0;0;0.0055;0.0003;0.2551;0.2551;0;20.868;20.868;4.2685;0.0492;243.08;1049.5;1;0.0067;0.0067;0;0;0;0;0;0;0.2484;0.1604;0;16.333;18.913;10.267;11.889;97.355;97.355;2.4771;2.1514;1.3523;0.3258;0.799;0.1315;0.3226;0.5459;76.758;0.4863;0
20/11/21 16:00;25.951;96.786;7.2303;26.11;60;90;60;87.105;86.003;1.1015;16.74;3.0299;0;2.4972;64.387;0.3502;0;3.702;70.936;0;70.936;2.4972;0.3502;64.387;3.702;0.0352;0.9599;0;0.0522;59.378;11.558;0;0;8.0946;3.4632;57.312;2.0068;0.0006;0.0001;1.9898;0.0163;59.319;0.0594;0.0025;0.0004;0.0563;0.0002;58.835;2.4941;0.3498;54.246;0.2222;56.141;46.877;17.026;10.765;1.0605;15.255;1.5233;5.5504;0;1;0;0;0.8144;0.8371;1;1;0.8743;0.0645;0.9662;0.9998;1;0.9646;0.9318;0.999;0.999;1;0.999;0.999;0.8079;0.8425;0.06;0.2019;0.1989;0.0012;0.0147;-0.004;0.0013;0.0046;0.0027;0;0;0.088;0.0803;0;0;0;0;0;0;0;0;0;0;0;0;0.0037;0.0002;0.1743;0.1743;0;19.571;19.571;2.8305;0.0494;167.89;1038.3;1;0.0061;0.0061;0;0;0;0;0;0;0.1683;0.0803;0;16.238;18.804;7.477;8.6582;96.527;96.527;1.7025;1.47;0.6769;0.2324;0.7932;0.1365;0.4659;0.3976;56.053;0.3425;0
20/11/21 17:00;13.906;104.62;54.347;14.353;22.604;90;22.604;51.2;50.601;0.5987;16.54;1.95;0;1.4521;48.571;0.2182;0;0.3343;50.576;0;50.576;1.4521;0.2182;48.571;0.3343;0.0287;0.967;0;0.0066;48.923;1.6527;0;0;1.3697;0.2831;47.236;1.6387;0.0282;0.0042;1.5954;0.0109;48.874;0.0489;0.0015;0.0002;0.0472;0.0001;47.323;1.4224;0.2137;45.559;0.0403;30.588;25.541;7.9113;0.2711;0.3029;4.3575;0.0872;4.3894;0;1;0;0;0.9878;0.9673;1;1;0.9718;0.1533;0.9665;0.9806;1;0.9662;0.7867;0.999;0.999;1;0.999;0.999;0.934;0.938;0.1205;0.1439;0.1441;0.0009;0.013;-0.0032;0.0009;0.0033;0.0008;0;0;0.088;0.0324;0;0;0;0;0;0;0;0;0;0;0;0;0.0027;0.0001;0.1257;0.1257;0;18.877;18.877;2.337;0.0495;121.69;1032.6;1;0.0053;0.0053;0;0;0;0;0;0;0.1204;0.0324;0;16.418;19.011;4.2292;4.8973;95.792;95.792;1.2138;1.0597;0.273;0.1541;0.7867;0.127;0.6481;0.2249;30.584;0.2113;0
20/11/21 18:00;3.9958;111.47;80.27;4.2927;6.1665;90;6.1665;6.1925;6.0998;0.0926;15.89;1.39;0;0.2247;6.0764;0.014;0;0.003;6.3182;6.3182;0;0.2247;0;0;0;1;1;1;1;0;0;0;0;0;0;0;0;0;0;0;0;0;0;0;0;0;0;0;0;0;0;0;0;0;0;0;0;0;0;0;0;0;0;0;0;1;1;1;1;1;1;1;1;1;1;1;0;1;0;0;1;0;0;0;0;0;0;0;0;0;0;0;0.0004;0.088;-0.0884;0;0;0;0;0;0;0;0;0;0;0;0;0;0;0;0;0;0;0;-15.89;0;0;0;0;0.0004;0;0;0;0;0;0;0;-0.0004;-0.0884;0;0;0;0;0;0;0;0;0;-0.7452;0;0.7452;1;1;0;0;0;0
20/11/21 19:00;0;0;90;0;0;90;0;0;0;0;14.39;1.4301;0;0;0;0;0;0;0;0;0;0;0;0;0;1;1;1;1;0;0;0;0;0;0;0;0;0;0;0;0;0;0;0;0;0;0;0;0;0;0;0;0;0;0;0;0;0;0;0;0;0;0;0;1;1;1;1;1;1;1;1;1;1;1;1;1;1;1;1;1;1;1;0;0;0;0;0;0;0;0;0;0.0004;0.088;-0.0884;0;0;0;0;0;0;0;0;0;0;0;0;0;0;0;0;0;0;0;-14.39;0;0;0;0;0.0004;0;0;0;0;0;0;0;-0.0004;-0.0884;0;0;0;0;0;0;0;0;0;-0.7452;0;0.7452;1;1;0;0;0;0
20/11/21 20:00;0;0;90;0;0;90;0;0;0;0;14.11;1.49;0;0;0;0;0;0;0;0;0;0;0;0;0;1;1;1;1;0;0;0;0;0;0;0;0;0;0;0;0;0;0;0;0;0;0;0;0;0;0;0;0;0;0;0;0;0;0;0;0;0;0;0;1;1;1;1;1;1;1;1;1;1;1;1;1;1;1;1;1;1;1;0;0;0;0;0;0;0;0;0;0.0004;0.088;-0.0884;0;0;0;0;0;0;0;0;0;0;0;0;0;0;0;0;0;0;0;-14.11;0;0;0;0;0.0004;0;0;0;0;0;0;0;-0.0004;-0.0884;0;0;0;0;0;0;0;0;0;-0.7452;0;0.7452;1;1;0;0;0;0
20/11/21 21:00;0;0;90;0;0;90;0;0;0;0;13.61;1.5101;0;0;0;0;0;0;0;0;0;0;0;0;0;1;1;1;1;0;0;0;0;0;0;0;0;0;0;0;0;0;0;0;0;0;0;0;0;0;0;0;0;0;0;0;0;0;0;0;0;0;0;0;1;1;1;1;1;1;1;1;1;1;1;1;1;1;1;1;1;1;1;0;0;0;0;0;0;0;0;0;0.0004;0.088;-0.0884;0;0;0;0;0;0;0;0;0;0;0;0;0;0;0;0;0;0;0;-13.61;0;0;0;0;0.0004;0;0;0;0;0;0;0;-0.0004;-0.0884;0;0;0;0;0;0;0;0;0;-0.7452;0;0.7452;1;1;0;0;0;0
20/11/21 22:00;0;0;90;0;0;90;0;0;0;0;13.41;1.6701;0;0;0;0;0;0;0;0;0;0;0;0;0;1;1;1;1;0;0;0;0;0;0;0;0;0;0;0;0;0;0;0;0;0;0;0;0;0;0;0;0;0;0;0;0;0;0;0;0;0;0;0;1;1;1;1;1;1;1;1;1;1;1;1;1;1;1;1;1;1;1;0;0;0;0;0;0;0;0;0;0.0004;0.088;-0.0884;0;0;0;0;0;0;0;0;0;0;0;0;0;0;0;0;0;0;0;-13.41;0;0;0;0;0.0004;0;0;0;0;0;0;0;-0.0004;-0.0884;0;0;0;0;0;0;0;0;0;-0.7452;0;0.7452;1;1;0;0;0;0
20/11/21 23:00;0;0;90;0;0;90;0;0;0;0;13.52;1.73;0;0;0;0;0;0;0;0;0;0;0;0;0;1;1;1;1;0;0;0;0;0;0;0;0;0;0;0;0;0;0;0;0;0;0;0;0;0;0;0;0;0;0;0;0;0;0;0;0;0;0;0;1;1;1;1;1;1;1;1;1;1;1;1;1;1;1;1;1;1;1;0;0;0;0;0;0;0;0;0;0.0004;0.088;-0.0884;0;0;0;0;0;0;0;0;0;0;0;0;0;0;0;0;0;0;0;-13.52;0;0;0;0;0.0004;0;0;0;0;0;0;0;-0.0004;-0.0884;0;0;0;0;0;0;0;0;0;-0.7452;0;0.7452;1;1;0;0;0;0
21/11/21 00:00;0;0;90;0;0;90;0;0;0;0;13.5;1.49;0;0;0;0;0;0;0;0;0;0;0;0;0;1;1;1;1;0;0;0;0;0;0;0;0;0;0;0;0;0;0;0;0;0;0;0;0;0;0;0;0;0;0;0;0;0;0;0;0;0;0;0;1;1;1;1;1;1;1;1;1;1;1;1;1;1;1;1;1;1;1;0;0;0;0;0;0;0;0;0;0.0004;0.088;-0.0884;0;0;0;0;0;0;0;0;0;0;0;0;0;0;0;0;0;0;0;-13.5;0;0;0;0;0.0004;0;0;0;0;0;0;0;-0.0004;-0.0884;0;0;0;0;0;0;0;0;0;-0.7452;0;0.7452;1;1;0;0;0;0
21/11/21 01:00;0;0;90;0;0;90;0;0;0;0;13.12;0.8799;0;0;0;0;0;0;0;0;0;0;0;0;0;1;1;1;1;0;0;0;0;0;0;0;0;0;0;0;0;0;0;0;0;0;0;0;0;0;0;0;0;0;0;0;0;0;0;0;0;0;0;0;1;1;1;1;1;1;1;1;1;1;1;1;1;1;1;1;1;1;1;0;0;0;0;0;0;0;0;0;0.0004;0.088;-0.0884;0;0;0;0;0;0;0;0;0;0;0;0;0;0;0;0;0;0;0;-13.12;0;0;0;0;0.0004;0;0;0;0;0;0;0;-0.0004;-0.0884;0;0;0;0;0;0;0;0;0;-0.7452;0;0.7452;1;1;0;0;0;0
21/11/21 02:00;0;0;90;0;0;90;0;0;0;0;13.34;0.34;0;0;0;0;0;0;0;0;0;0;0;0;0;1;1;1;1;0;0;0;0;0;0;0;0;0;0;0;0;0;0;0;0;0;0;0;0;0;0;0;0;0;0;0;0;0;0;0;0;0;0;0;1;1;1;1;1;1;1;1;1;1;1;1;1;1;1;1;1;1;1;0;0;0;0;0;0;0;0;0;0.0004;0.088;-0.0884;0;0;0;0;0;0;0;0;0;0;0;0;0;0;0;0;0;0;0;-13.34;0;0;0;0;0.0004;0;0;0;0;0;0;0;-0.0004;-0.0884;0;0;0;0;0;0;0;0;0;-0.7452;0;0.7452;1;1;0;0;0;0
21/11/21 03:00;0;0;90;0;0;90;0;0;0;0;13.76;1.24;0;0;0;0;0;0;0;0;0;0;0;0;0;1;1;1;1;0;0;0;0;0;0;0;0;0;0;0;0;0;0;0;0;0;0;0;0;0;0;0;0;0;0;0;0;0;0;0;0;0;0;0;1;1;1;1;1;1;1;1;1;1;1;1;1;1;1;1;1;1;1;0;0;0;0;0;0;0;0;0;0.0004;0.088;-0.0884;0;0;0;0;0;0;0;0;0;0;0;0;0;0;0;0;0;0;0;-13.76;0;0;0;0;0.0004;0;0;0;0;0;0;0;-0.0004;-0.0884;0;0;0;0;0;0;0;0;0;-0.7452;0;0.7452;1;1;0;0;0;0
21/11/21 04:00;1.4221;-113.66;86.549;1.5525;2.215;-90;-2.215;0;0;0;13.86;2.2201;0;0;0;0;0;0;0;0;0;0;0;0;0;1;1;1;1;0;0;0;0;0;0;0;0;0;0;0;0;0;0;0;0;0;0;0;0;0;0;0;0;0;0;0;0;0;0;0;0;0;0;0;1;1;1;1;1;1;1;1;1;1;1;1;1;1;1;1;1;1;1;0;0;0;0;0;0;0;0;0;0.0004;0.088;-0.0884;0;0;0;0;0;0;0;0;0;0;0;0;0;0;0;0;0;0;0;-13.86;0;0;0;0;0.0004;0;0;0;0;0;0;0;-0.0004;-0.0884;0;0;0;0;0;0;0;0;0;-0.7452;0;0.7452;1;1;0;0;0;0
21/11/21 05:00;8.6723;-108.43;68.55;9.1333;13.509;-90;-13.509;47.801;44.801;3.0002;14.03;3.45;0;7.2764;43.554;1.5424;0;0.1124;52.485;0;52.485;7.2764;1.5424;43.554;0.1124;0.1386;0.832;0;0.0021;51.872;0.6134;0;0;0.52;0.0933;49.341;2.4789;0.6705;0.1421;1.6619;0.0043;51.82;0.0519;0.0073;0.0015;0.043;0;49.362;6.5986;1.3987;41.329;0.0148;26.388;22.034;6.6826;0.0387;0.2579;3.7098;0.0211;3.929;0;1;0;0;1.098;0.9883;1;1;0.9881;0.1698;0.9522;0.9078;1;0.9613;0.7757;0.999;0.999;1;0.999;0.999;0.9401;0.9489;0.1316;0.1494;0.1487;0.0009;0.0132;-0.0047;0.001;0.0035;0.0007;0;0;0.088;0.0377;0;0;0;0;0;0;0;0;0;0;0;0;0.0028;0.0001;0.1312;0.1312;0;16.465;16.465;2.4349;0.0493;125.59;1044.8;1;0.0056;0.0056;0;0;0;0;0;0;0.1257;0.0377;0;16.52;19.13;4.7422;5.4914;95.77;95.77;1.2596;1.1066;0.3176;0.1531;0.7889;0.1215;0.6263;0.2522;26.37;0.2395;0
21/11/21 06:00;20.541;-100.57;31.681;20.865;38.883;-90;-38.883;60.206;59.402;0.8036;14.7;4.57;0;1.949;52.735;0.2354;0;1.1339;56.053;0;56.053;1.949;0.2354;52.735;1.1339;0.0348;0.961;0;0.0202;51.517;4.5362;0;0;3.506;1.0302;49.86;1.6057;0.0039;0.0005;1.5908;0.0105;51.466;0.0515;0.0019;0.0002;0.0492;0.0001;50.243;1.9431;0.2347;47.589;0.093;37.214;31.074;10.273;1.9492;0.4317;6.2095;0.3828;4.692;0;1;0;0;0.931;0.9191;1;1;0.9335;0.0914;0.9688;0.998;1;0.9677;0.8984;0.999;0.999;1;0.999;0.999;0.8895;0.9024;0.082;0.1595;0.1562;0.0009;0.0135;-0.0045;0.001;0.0036;0.0011;0;0;0.088;0.0438;0;0;0;0;0;0;0;0;0;0;0;0;0.0029;0.0001;0.1374;0.1374;0;17.162;17.162;2.4616;0.0494;131.87;1042.3;1;0.0057;0.0057;0;0;0;0;0;0;0.1318;0.0438;0;16.204;18.763;5.1579;5.9727;95.855;95.855;1.3453;1.1591;0.369;0.1861;0.7902;0.1384;0.5874;0.2743;37.21;0.2533;0
21/11/21 07:00;32.717;-92.608;2.1942;32.744;57.256;-90;-57.256;147.41;144.6;2.808;15.32;5.3301;0;5.1915;110.99;0.9909;0;5.7525;122.93;0;122.93;5.1915;0.9909;110.99;5.7525;0.0422;0.9497;0;0.0468;104.57;18.353;0;0;12.993;5.3604;101.06;3.411;0.0004;0.0001;3.3906;0.0199;104.47;0.1046;0.0052;0.001;0.098;0.0004;103.37;5.1859;0.9898;94.512;0.3718;94.442;78.859;28.321;15.706;1.6487;23.715;2.3066;9.658;0;1;0;0;0.8339;0.8507;1;1;0.8829;0.0682;0.9673;0.9999;1;0.9654;0.9492;0.999;0.999;1;0.999;0.999;0.8221;0.8515;0.0646;0.3498;0.3432;0.0021;0.0169;-0.0059;0.0023;0.0082;0.0043;0;0;0.088;0.213;0;0;0;0;0;0;0;0;0;0;0;0;0.0066;0.0004;0.3083;0.3083;0;20.283;20.283;4.9631;0.0491;291.38;1057.9;1;0.0073;0.0073;0;0;0;0;0;0;0.301;0.213;0;16.57;19.188;11.447;13.255;97.631;97.631;2.9503;2.5995;1.7958;0.3507;0.8037;0.1189;0.2724;0.6087;93.635;0.5319;0
21/11/21 08:00;44.967;-83.617;4.5112;45.145;44.855;-90;-44.855;469.01;313;156.01;16.96;5.4901;0;220.07;225.32;69.536;0;11.605;526.53;0;526.53;220.07;69.536;225.32;11.605;0.418;0.45;0;0.022;497.32;29.213;0;0;18.506;10.707;489.98;6.8386;0.0343;0.0108;6.7388;0.0547;496.82;0.4973;0.2201;0.0695;0.2068;0.0009;493.59;219.81;69.455;199.87;0.8429;253.95;212.05;70.088;13.61;2.967;42.679;3.6065;32.036;0;1;0;0;1.1227;0.9445;1;1;0.9179;0.0774;0.9862;0.9998;1;0.9674;0.939;0.999;0.999;1;0.999;0.999;0.9306;0.887;0.0726;1.4985;1.4977;0.009;0.0052;0.0854;0.0098;0.0347;0.0076;0;0;0.088;1.2041;0;0;0;0;0;0;0;0;0;0;0;0;0.028;0.0056;1.3125;1.3125;0;41.147;41.147;24.187;0.0494;1287.4;1019.5;1;0.0204;0.0204;0;0;0;0;0;0;1.2921;1.2041;0;16.472;19.074;15.112;17.499;98.447;98.447;12.637;11.069;10.155;1.568;0.914;0.1241;0.0723;0.8036;167.48;0.7576;0
21/11/21 09:00;56.947;-71.712;9.8549;58.29;31.71;-90;-31.71;543;384.6;158.4;19.25;5.7201;0;186.2;307.91;60.953;0;6.8902;561.95;0;561.95;186.2;60.953;307.91;6.8902;0.3313;0.5602;0;0.0123;541.02;20.933;0;0;14.872;6.0604;530.76;9.7204;0.0633;0.0207;9.5007;0.1357;540.48;0.541;0.1862;0.061;0.293;0.0008;532.76;185.95;60.871;283.25;0.6932;314.25;262.4;84.839;5.6492;3.067;44.117;2.0052;41.535;0;1;0;0;1.0349;0.9627;1;1;0.9517;0.1204;0.982;0.9997;1;0.9675;0.8363;0.999;0.999;1;0.999;0.999;0.9445;0.9199;0.1006;1.5993;1.6126;0.0097;0.0037;0.117;0.0104;0.0368;0.0077;0;0;0.088;1.2821;0;0;0;0;0;0;0;0;0;0;0;0;0.0296;0.0064;1.3914;1.3914;0;45.535;45.535;26.285;0.0495;1386.5;1003.5;1;0.0213;0.0213;0;0;0;0;0;0;1.3701;1.2821;0;16.361;18.946;15.076;17.458;98.471;98.471;13.487;11.734;10.812;1.7532;0.9215;0.13;0.0683;0.8017;205.4;0.7572;0
21/11/21 10:00;67.81;-51.926;13.468;72.198;17.802;-90;-17.802;548.61;435.4;113.21;20.53;6.2299;0;118.9;387.91;39.887;0;2.2327;548.93;0;548.93;118.9;39.887;387.91;2.2327;0.2166;0.7107;0;0.0041;539.7;9.2313;0;0;7.3731;1.8582;525.36;13.8;0.0553;0.0185;13.643;0.0831;539.16;0.5397;0.1189;0.0399;0.3805;0.0004;525.88;118.72;39.828;366.52;0.291;324.69;271.12;84.088;0.9202;3.0812;44.322;0.518;46.483;0;1;0;0;1.0006;0.9832;1;1;0.981;0.1677;0.9744;0.9995;1;0.9641;0.7779;0.999;0.999;1;0.999;0.999;0.9571;0.9448;0.1303;1.5622;1.5934;0.0096;0.0039;0.1215;0.0102;0.0362;0.0077;0;0;0.088;1.2599;0;0;0;0;0;0;0;0;0;0;0;0;0.0292;0.0062;1.3688;1.3688;0;46.571;46.571;26.041;0.0496;1369.9;999.15;1;0.0209;0.0209;0;0;0;0;0;0;1.3479;1.2599;0;16.477;19.08;15.167;17.563;98.475;98.475;13.174;11.543;10.625;1.6312;0.9181;0.1238;0.0697;0.8065;238.66;0.7605;0
21/11/21 11:00;74.586;-12.273;15.053;86.646;3.354;-90;-3.354;649.7;451.6;198.1;21;6.42;0;198.44;385.07;66.318;0;0.0946;649.92;0;649.92;198.44;66.318;385.07;0.0946;0.3053;0.5926;0;0.0001;649.35;0.5679;0;0;0.4891;0.0789;631.51;17.187;0.1031;0.0344;17.046;0.0035;648.7;0.6494;0.1984;0.0663;0.3846;0;631.51;198.14;66.217;367.15;0.0122;383.95;320.6;99.24;-0.0019;3.5854;51.574;-0.0023;55.162;0;1;0;0;1.0003;0.9991;1;1;0.9987;0.1663;0.9735;0.9995;1;0.9556;0.7776;0.999;0.999;1;0.999;0.999;0.9717;0.9535;0.1291;1.8496;1.9101;0.0115;0.0005;0.1851;0.012;0.0425;0.0088;0;0;0.088;1.4939;0;0;0;0;0;0;0;0;0;0;0;0;0.0343;0.0087;1.6068;1.6068;0;52.432;52.432;31.432;0.0498;1643.7;977.53;1;0.0249;0.0249;0;0;0;0;0;0;1.5819;1.4939;0;16.337;18.917;15.189;17.588;98.451;98.451;15.598;13.55;12.598;2.048;0.9521;0.1313;0.061;0.8077;228.27;0.7624;0
21/11/21 12:00;71.778;36.997;14.462;78.795;11.205;90;11.205;603.4;457.4;146;21.16;6.27;0;148.84;403.36;51.133;0;0.9777;604.31;0;604.31;148.84;51.133;403.36;0.9777;0.2463;0.6691;0;0.0016;599.97;4.3438;0;0;3.5302;0.8136;583.2;16.165;0.0743;0.0255;16.028;0.0369;599.37;0.6;0.1488;0.0511;0.3998;0.0002;583.39;148.62;51.056;383.4;0.1271;356.65;297.81;91.236;0.1805;3.404;48.966;0.1826;52.189;0;1;0;0;1.0015;0.9928;1;1;0.9912;0.1679;0.973;0.9995;1;0.9599;0.7747;0.999;0.999;1;0.999;0.999;0.9651;0.9505;0.1299;1.7198;1.7672;0.0106;0.0019;0.157;0.0112;0.0397;0.0084;0;0;0.088;1.3879;0;0;0;0;0;0;0;0;0;0;0;0;0.0319;0.0075;1.4989;1.4989;0;50.141;50.141;28.981;0.0497;1518.7;986.95;1;0.023;0.023;0;0;0;0;0;0;1.4759;1.3879;0;16.39;18.98;15.176;17.574;98.464;98.464;14.503;12.641;11.704;1.8628;0.9362;0.1284;0.0646;0.807;242.54;0.7609;0
21/11/21 13:00;62.174;64.131;11.751;64.596;25.404;90;25.404;971.9;165.9;806.01;22.02;6.3799;0;892.29;55.227;119.41;0;7.9883;1074.9;0;1074.9;892.29;119.41;55.227;7.9883;0.8301;0.0588;0;0.0074;1066.2;8.7277;0;0;1.8784;6.8493;1062.7;2.4118;0.3618;0.0484;1.7715;0.23;1065.1;1.0662;0.8923;0.1194;0.0533;0.0011;1064.7;891.03;119.25;51.524;0.9078;534.11;445.98;143.82;0.4695;4.6434;66.794;1.9899;70.968;0;1;0;0;1.106;0.9919;1;1;0.966;0.1426;0.9977;0.9996;1;0.9668;0.7978;0.999;0.999;1;0.999;0.999;0.9886;0.9329;0.1136;3.0591;3.18;0.0192;0.0045;0.5728;0.0181;0.0641;0.0103;0;0;0.088;2.2886;0;0;0;0;0;0;0;0;0;0;0;0;0.0517;0.023;2.4163;2.4163;0;75.918;75.918;53.899;0.0507;2740.5;881.71;1;0.0397;0.0397;0;0;0;0;0;0;2.3766;2.2886;0;14.854;17.201;14.069;16.292;98.357;98.357;25.798;20.377;19.3;5.4208;1.0769;0.2101;0.0417;0.7481;35.337;0.7149;0
21/11/21 14:00;50.538;78.692;7.1594;51.088;38.912;90;38.912;425.31;369.4;55.905;22;6.8599;0;71.847;311.45;24.525;0;8.0216;415.85;0;415.85;71.847;24.525;311.45;8.0216;0.1728;0.7683;0;0.0193;387.72;28.123;0;0;20.797;7.326;377.85;9.486;0.0177;0.0061;9.39;0.0722;387.34;0.3877;0.0718;0.0245;0.2907;0.0007;380.49;71.757;24.494;280.98;0.6227;255.26;213.14;70.188;11.543;2.8605;41.146;2.6415;32.464;0;1;0;0;0.9778;0.9324;1;1;0.9332;0.0867;0.9755;0.9998;1;0.9677;0.8961;0.999;0.999;1;0.999;0.999;0.9086;0.9021;0.0776;1.1835;1.171;0.0071;0.0098;0.0653;0.0076;0.027;0.0073;0;0;0.088;0.9176;0;0;0;0;0;0;0;0;0;0;0;0;0.0218;0.0035;1.0216;1.0216;0;40.671;40.671;18.671;0.0494;1005.8;1015.8;1;0.016;0.016;0;0;0;0;0;0;1.0056;0.9176;0;16.234;18.799;14.581;16.885;98.431;98.431;9.9803;8.6156;7.7383;1.3647;0.8773;0.1367;0.0879;0.7754;219.82;0.7219;0
21/11/21 15:00;38.355;88.683;1.0327;38.362;51.638;90;51.638;298.61;277.3;21.306;21.23;6.8499;0;34.33;219.2;10.945;0;9.6291;274.1;0;274.1;34.33;10.945;219.2;9.6291;0.1252;0.8348;0;0.0351;242.93;31.173;0;0;22.166;9.0065;236.07;6.6107;0.0012;0.0004;6.5831;0.026;242.68;0.2429;0.0343;0.0109;0.197;0.0006;239.68;34.295;10.933;190.25;0.5959;183.52;153.24;53.111;21.57;2.747;39.514;3.6059;20.691;0;1;0;0;0.9179;0.8863;1;1;0.8989;0.0647;0.9728;1;1;0.9666;0.9581;0.999;0.999;1;0.999;0.999;0.8613;0.8679;0.0619;0.7801;0.7649;0.0046;0.0152;0.0216;0.0051;0.018;0.0071;0;0;0.088;0.5779;0;0;0;0;0;0;0;0;0;0;0;0;0.0145;0.0017;0.6773;0.6773;0;32.857;32.857;11.627;0.0493;653.58;1036.3;1;0.0114;0.0114;0;0;0;0;0;0;0.6659;0.5779;0;16.328;18.908;13.933;16.134;98.321;98.321;6.5784;5.7117;4.8737;0.8666;0.838;0.1317;0.1274;0.7409;174;0.6687;0
21/11/21 16:00;26.113;96.965;7.27;26.281;60;90;60;472.7;113.1;359.59;21.45;6.58;0;810.42;35.386;148.57;0;20.09;1014.5;0;1014.5;810.42;148.57;35.386;20.09;0.7989;0.0547;0;0.0198;991.22;23.243;0;0;4.4487;18.794;988.81;1.4224;0.2033;0.0373;1.0936;0.0883;990.23;0.9912;0.8104;0.1486;0.0309;0.0013;990.62;809.41;148.38;29.813;1.2061;62.846;52.476;18.912;5.9209;0.7983;11.483;1.8119;6.3607;0;1;0;0;2.1461;0.9771;1;1;0.8743;0.0645;0.9986;0.9997;1;0.9646;0.9318;0.999;0.999;1;0.999;0.999;0.9747;0.8425;0.06;2.8871;2.8573;0.0172;0;0.4693;0.0166;0.0589;0.0018;0;0;0.088;2.1036;0;0;0;0;0;0;0;0;0;0;0;0;0.0474;0.0188;2.2273;2.2273;0;71.411;71.411;49.961;0.0505;2466.5;903.02;1;0.0358;0.0358;0;0;0;0;0;0;2.1916;2.1036;0;14.508;16.8;13.702;15.867;98.395;98.395;24.347;18.783;17.74;5.5639;1.0437;0.2285;0.0429;0.7286;30.806;0.7225;0
21/11/21 17:00;14.075;104.78;53.856;14.537;22.962;90;22.962;108.59;104.8;3.7913;20.38;5.71;0;9.195;99.53;2.8268;0;0.7314;112.28;0;112.28;9.195;2.8268;99.53;0.7314;0.0819;0.8929;0;0.0065;108.78;3.4987;0;0;2.8785;0.6203;105.17;3.5032;0.1691;0.052;3.2585;0.0235;108.68;0.1088;0.0092;0.0028;0.0967;0.0001;105.36;9.0167;2.772;93.296;0.0875;62.819;52.454;16.27;0.5879;0.6227;8.9579;0.186;8.9927;0;1;0;0;1.034;0.9688;1;1;0.9711;0.152;0.9678;0.9816;1;0.9663;0.788;0.999;0.999;1;0.999;0.999;0.9367;0.9374;0.1196;0.3195;0.3194;0.0019;0.0167;0.0007;0.0021;0.0074;0.0016;0;0;0.088;0.1877;0;0;0;0;0;0;0;0;0;0;0;0;0.006;0.0004;0.2825;0.2825;0;25.566;25.566;5.1861;0.0493;272.3;1037.6;1;0.0068;0.0068;0;0;0;0;0;0;0.2757;0.1877;0;16.627;19.254;11.047;12.792;97.583;97.583;2.6948;2.3826;1.5829;0.3122;0.7997;0.1158;0.2968;0.5874;62.795;0.5543;0
21/11/21 18:00;4.1732;111.61;79.835;4.4875;6.4512;90;6.4512;11.096;11.002;0.0932;18.32;5.2501;0;0.226;10.958;0.0244;0;0.006;11.214;0;11.214;0.226;0.0244;10.958;0.006;0.0201;0.9777;0;0.0005;11.17;0.0436;0;0;0.0386;0.005;10.612;0.547;0.0712;0.0077;0.468;0.0002;11.159;0.0112;0.0002;0;0.0109;0;10.613;0.1546;0.0167;10.44;0.0008;6.5216;5.4456;1.6377;0.0005;0.0641;0.9213;0.0006;0.9849;0;1;0;0;1.0107;0.9961;1;1;0.9965;0.167;0.951;0.6848;1;0.9571;0.7759;0.999;0.999;1;0.999;0.999;0.9463;0.9528;0.1295;0.0319;0.0322;0.0002;0.0062;-0.0007;0.0002;0.0007;0.0001;0;0;0.088;-0.0656;0;0;0;0;0;0;0;0;0;0;0;0;0.0005;0;0.0249;0.0249;0;18.858;18.858;0.538;0.0507;25.85;964.34;1;0.0025;0.0025;0;0;0;0;0;0;0.0224;-0.0656;0;14.689;17.01;-38.636;-44.74;89.99;89.99;0.2691;0.2102;-0.5529;0.0589;0.7632;0.2189;2.8356;0;6.5211;0;0
21/11/21 19:00;0;0;90;0;0;90;0;0;0;0;15.98;5.54;0;0;0;0;0;0;0;0;0;0;0;0;0;1;1;1;1;0;0;0;0;0;0;0;0;0;0;0;0;0;0;0;0;0;0;0;0;0;0;0;0;0;0;0;0;0;0;0;0;0;0;0;1;1;1;1;1;1;1;1;1;1;1;1;1;1;1;1;1;1;1;0;0;0;0;0;0;0;0;0;0.0004;0.088;-0.0884;0;0;0;0;0;0;0;0;0;0;0;0;0;0;0;0;0;0;0;-15.98;0;0;0;0;0.0004;0;0;0;0;0;0;0;-0.0004;-0.0884;0;0;0;0;0;0;0;0;0;-0.7452;0;0.7452;1;1;0;0;0;0
21/11/21 20:00;0;0;90;0;0;90;0;0;0;0;14.72;5.1899;0;0;0;0;0;0;0;0;0;0;0;0;0;1;1;1;1;0;0;0;0;0;0;0;0;0;0;0;0;0;0;0;0;0;0;0;0;0;0;0;0;0;0;0;0;0;0;0;0;0;0;0;1;1;1;1;1;1;1;1;1;1;1;1;1;1;1;1;1;1;1;0;0;0;0;0;0;0;0;0;0.0004;0.088;-0.0884;0;0;0;0;0;0;0;0;0;0;0;0;0;0;0;0;0;0;0;-14.72;0;0;0;0;0.0004;0;0;0;0;0;0;0;-0.0004;-0.0884;0;0;0;0;0;0;0;0;0;-0.7452;0;0.7452;1;1;0;0;0;0
21/11/21 21:00;0;0;90;0;0;90;0;0;0;0;14.9;4.7799;0;0;0;0;0;0;0;0;0;0;0;0;0;1;1;1;1;0;0;0;0;0;0;0;0;0;0;0;0;0;0;0;0;0;0;0;0;0;0;0;0;0;0;0;0;0;0;0;0;0;0;0;1;1;1;1;1;1;1;1;1;1;1;1;1;1;1;1;1;1;1;0;0;0;0;0;0;0;0;0;0.0004;0.088;-0.0884;0;0;0;0;0;0;0;0;0;0;0;0;0;0;0;0;0;0;0;-14.9;0;0;0;0;0.0004;0;0;0;0;0;0;0;-0.0004;-0.0884;0;0;0;0;0;0;0;0;0;-0.7452;0;0.7452;1;1;0;0;0;0
21/11/21 22:00;0;0;90;0;0;90;0;0;0;0;14.42;4.3899;0;0;0;0;0;0;0;0;0;0;0;0;0;1;1;1;1;0;0;0;0;0;0;0;0;0;0;0;0;0;0;0;0;0;0;0;0;0;0;0;0;0;0;0;0;0;0;0;0;0;0;0;1;1;1;1;1;1;1;1;1;1;1;1;1;1;1;1;1;1;1;0;0;0;0;0;0;0;0;0;0.0004;0.088;-0.0884;0;0;0;0;0;0;0;0;0;0;0;0;0;0;0;0;0;0;0;-14.42;0;0;0;0;0.0004;0;0;0;0;0;0;0;-0.0004;-0.0884;0;0;0;0;0;0;0;0;0;-0.7452;0;0.7452;1;1;0;0;0;0
21/11/21 23:00;0;0;90;0;0;90;0;0;0;0;14.34;4.27;0;0;0;0;0;0;0;0;0;0;0;0;0;1;1;1;1;0;0;0;0;0;0;0;0;0;0;0;0;0;0;0;0;0;0;0;0;0;0;0;0;0;0;0;0;0;0;0;0;0;0;0;1;1;1;1;1;1;1;1;1;1;1;1;1;1;1;1;1;1;1;0;0;0;0;0;0;0;0;0;0.0004;0.088;-0.0884;0;0;0;0;0;0;0;0;0;0;0;0;0;0;0;0;0;0;0;-14.34;0;0;0;0;0.0004;0;0;0;0;0;0;0;-0.0004;-0.0884;0;0;0;0;0;0;0;0;0;-0.7452;0;0.7452;1;1;0;0;0;0
22/11/21 00:00;0;0;90;0;0;90;0;0;0;0;13.9;4.3099;0;0;0;0;0;0;0;0;0;0;0;0;0;1;1;1;1;0;0;0;0;0;0;0;0;0;0;0;0;0;0;0;0;0;0;0;0;0;0;0;0;0;0;0;0;0;0;0;0;0;0;0;1;1;1;1;1;1;1;1;1;1;1;1;1;1;1;1;1;1;1;0;0;0;0;0;0;0;0;0;0.0004;0.088;-0.0884;0;0;0;0;0;0;0;0;0;0;0;0;0;0;0;0;0;0;0;-13.9;0;0;0;0;0.0004;0;0;0;0;0;0;0;-0.0004;-0.0884;0;0;0;0;0;0;0;0;0;-0.7452;0;0.7452;1;1;0;0;0;0
22/11/21 01:00;0;0;90;0;0;90;0;0;0;0;13.09;4.26;0;0;0;0;0;0;0;0;0;0;0;0;0;1;1;1;1;0;0;0;0;0;0;0;0;0;0;0;0;0;0;0;0;0;0;0;0;0;0;0;0;0;0;0;0;0;0;0;0;0;0;0;1;1;1;1;1;1;1;1;1;1;1;1;1;1;1;1;1;1;1;0;0;0;0;0;0;0;0;0;0.0004;0.088;-0.0884;0;0;0;0;0;0;0;0;0;0;0;0;0;0;0;0;0;0;0;-13.09;0;0;0;0;0.0004;0;0;0;0;0;0;0;-0.0004;-0.0884;0;0;0;0;0;0;0;0;0;-0.7452;0;0.7452;1;1;0;0;0;0
22/11/21 02:00;0;0;90;0;0;90;0;0;0;0;12.65;4.19;0;0;0;0;0;0;0;0;0;0;0;0;0;1;1;1;1;0;0;0;0;0;0;0;0;0;0;0;0;0;0;0;0;0;0;0;0;0;0;0;0;0;0;0;0;0;0;0;0;0;0;0;1;1;1;1;1;1;1;1;1;1;1;1;1;1;1;1;1;1;1;0;0;0;0;0;0;0;0;0;0.0004;0.088;-0.0884;0;0;0;0;0;0;0;0;0;0;0;0;0;0;0;0;0;0;0;-12.65;0;0;0;0;0.0004;0;0;0;0;0;0;0;-0.0004;-0.0884;0;0;0;0;0;0;0;0;0;-0.7452;0;0.7452;1;1;0;0;0;0
22/11/21 03:00;0;0;90;0;0;90;0;0;0;0;12.4;4.41;0;0;0;0;0;0;0;0;0;0;0;0;0;1;1;1;1;0;0;0;0;0;0;0;0;0;0;0;0;0;0;0;0;0;0;0;0;0;0;0;0;0;0;0;0;0;0;0;0;0;0;0;1;1;1;1;1;1;1;1;1;1;1;1;1;1;1;1;1;1;1;0;0;0;0;0;0;0;0;0;0.0004;0.088;-0.0884;0;0;0;0;0;0;0;0;0;0;0;0;0;0;0;0;0;0;0;-12.4;0;0;0;0;0.0004;0;0;0;0;0;0;0;-0.0004;-0.0884;0;0;0;0;0;0;0;0;0;-0.7452;0;0.7452;1;1;0;0;0;0
22/11/21 04:00;1.5024;-113.86;86.354;1.6428;2.3441;-90;-2.3441;0;0;0;10.41;4.8;0;0;0;0;0;0;0;0;0;0;0;0;0;1;1;1;1;0;0;0;0;0;0;0;0;0;0;0;0;0;0;0;0;0;0;0;0;0;0;0;0;0;0;0;0;0;0;0;0;0;0;0;1;1;1;1;1;1;1;1;1;1;1;1;1;1;1;1;1;1;1;0;0;0;0;0;0;0;0;0;0.0004;0.088;-0.0884;0;0;0;0;0;0;0;0;0;0;0;0;0;0;0;0;0;0;0;-10.41;0;0;0;0;0.0004;0;0;0;0;0;0;0;-0.0004;-0.0884;0;0;0;0;0;0;0;0;0;-0.7452;0;0.7452;1;1;0;0;0;0
22/11/21 05:00;8.7423;-108.64;68.369;9.2183;13.644;-90;-13.644;121;19.903;101.09;11.58;5.8801;0;245.18;10.314;22.897;0;0.2902;278.68;0;278.68;245.18;22.897;10.314;0.2902;0.8798;0.0381;0;0.001;278.32;0.3662;0;0;0.1252;0.241;253.42;24.616;22.144;2.0679;0.3926;0.011;278.04;0.2783;0.2452;0.0229;0.0102;0;253.43;222.79;20.806;9.7863;0.0382;6.7892;5.669;1.7997;0.0096;0.0611;0.879;0.0051;0.9305;0;1;0;0;2.3032;0.9987;1;1;0.9879;0.1698;0.9115;0.9096;1;0.9614;0.7758;0.999;0.999;1;0.999;0.999;0.9094;0.9488;0.1316;0.7931;0.7268;0.0044;0.0156;-0.0027;0.005;0.0176;0.0002;0;0;0.088;0.5714;0;0;0;0;0;0;0;0;0;0;0;0;0.0142;0.0015;0.6711;0.6711;0;23.963;23.963;12.383;0.0489;623.16;1077;1;0.0117;0.0117;0;0;0;0;0;0;0.6594;0.5714;0;15.913;18.427;13.548;15.689;98.253;98.253;6.6884;5.6596;4.8186;1.0288;0.841;0.1538;0.1257;0.7204;6.2476;0.7187;0
22/11/21 06:00;20.599;-100.8;31.428;20.939;39.141;-90;-39.141;335.8;56.701;279.1;14.74;6.42;0;676.89;21.861;77.797;0;6.4051;782.96;0;782.96;676.89;77.797;21.861;6.4051;0.8645;0.0361;0;0.0082;775.66;7.2941;0;0;1.4683;5.8257;772.76;2.1275;1.2656;0.1455;0.6592;0.0572;774.89;0.7757;0.6769;0.0778;0.0204;0.0006;772.92;674.95;77.574;19.713;0.5216;16.983;14.181;4.8853;0.8281;0.1802;2.5923;0.1615;1.9444;0;1;0;0;2.3316;0.9907;1;1;0.9328;0.0905;0.9973;0.9981;1;0.9676;0.9011;0.999;0.999;1;0.999;0.999;0.987;0.9017;0.0814;2.2282;2.2166;0.0133;-0.0016;0.2201;0.0139;0.0493;0.0004;0;0;0.088;1.7519;0;0;0;0;0;0;0;0;0;0;0;0;0.0397;0.0116;1.8698;1.8698;0;53.208;53.208;38.469;0.0498;1913.8;977;1;0.0299;0.0299;0;0;0;0;0;0;1.8399;1.7519;0;15.78;18.273;14.786;17.121;98.402;98.402;18.791;15.768;14.774;3.0229;0.9941;0.1609;0.0529;0.7862;15.459;0.7843;0
22/11/21 07:00;32.769;-92.866;2.4099;32.802;57.198;-90;-57.198;565.8;93.4;472.4;17.94;6.4699;0;872.01;27.185;107.31;0;22.039;1028.5;0;1028.5;872.01;107.31;27.185;22.039;0.8478;0.0479;0;0.0214;1004.8;23.715;0;0;3.1776;20.537;1002.8;0.9876;0.0725;0.0089;0.8302;0.0759;1003.8;1.0048;0.872;0.1073;0.024;0.0015;1006.6;871.06;107.2;23.153;1.4244;151.64;126.62;40.001;3.8382;1.613;23.203;3.7512;20.977;0;1;0;0;1.8179;0.9769;1;1;0.8831;0.0681;0.999;0.9999;1;0.9654;0.9494;0.999;0.999;1;0.999;0.999;0.975;0.8517;0.0646;2.9272;2.9264;0.0176;0.0007;0.4492;0.0172;0.061;0.0037;0;0;0.088;2.1822;0;0;0;0;0;0;0;0;0;0;0;0;0.0492;0.0197;2.3081;2.3081;0;68.489;68.489;50.549;0.0504;2524.3;914.34;1;0.0379;0.0379;0;0;0;0;0;0;2.2702;2.1822;0;14.829;17.171;14.019;16.234;98.357;98.357;24.685;19.464;18.402;5.2206;1.062;0.2115;0.043;0.7455;22.918;0.7331;0
22/11/21 08:00;45.021;-83.924;4.291;45.182;44.818;-90;-44.818;775.8;128;647.8;19.66;6.1;0;913.23;37.948;117.85;0;19.166;1088.2;0;1088.2;913.23;117.85;37.948;19.166;0.8392;0.0525;0;0.0176;1067.4;20.794;0;0;3.113;17.681;1065;1.3784;0.1352;0.0174;1.135;0.0907;1066.3;1.0674;0.9132;0.1178;0.0348;0.0015;1069.6;912.18;117.71;33.666;1.3928;336.54;281.01;88.92;2.29;3.1659;45.54;4.6959;46.416;0;1;0;0;1.4027;0.9809;1;1;0.918;0.0775;0.9987;0.9999;1;0.9674;0.9388;0.999;0.999;1;0.999;0.999;0.9786;0.8871;0.0727;3.0969;3.1516;0.019;0.004;0.5408;0.0181;0.0642;0.0071;0;0;0.088;2.2958;0;0;0;0;0;0;0;0;0;0;0;0;0.0517;0.0227;2.4239;2.4239;0;73.568;73.568;53.908;0.0506;2717.9;891.83;1;0.0401;0.0401;0;0;0;0;0;0;2.3838;2.2958;0;14.719;17.044;13.941;16.143;98.345;98.345;26.117;20.441;19.361;5.6754;1.0805;0.2173;0.0414;0.7413;28.196;0.7188;0
22/11/21 09:00;57.016;-72.101;9.6318;58.301;31.699;-90;-31.699;932.09;153.8;778.29;21.3;5.52;0;914.76;48.15;119.61;0;11.819;1094.3;0;1094.3;914.76;119.61;48.15;11.819;0.8359;0.0548;0;0.0108;1081.6;12.72;0;0;2.3244;10.396;1078.5;2.0625;0.304;0.0398;1.4857;0.233;1080.5;1.0816;0.9148;0.1196;0.0458;0.0014;1081.6;913.54;119.45;44.294;1.1895;487.77;407.29;133.59;0.8851;4.1239;59.321;3.0915;62.56;0;1;0;0;1.1741;0.9884;1;1;0.9517;0.1205;0.9981;0.9997;1;0.9675;0.8362;0.999;0.999;1;0.999;0.999;0.9855;0.9199;0.1006;3.1144;3.2133;0.0194;0.0051;0.5796;0.0183;0.0648;0.0091;0;0;0.088;2.3131;0;0;0;0;0;0;0;0;0;0;0;0;0.0522;0.0235;2.4414;2.4414;0;76.003;76.003;54.703;0.0507;2769.7;881.46;1;0.0403;0.0403;0;0;0;0;0;0;2.4011;2.3131;0;14.742;17.07;13.967;16.174;98.35;98.35;26.264;20.588;19.507;5.6759;1.0817;0.2161;0.0412;0.7427;32.118;0.7137;0
22/11/21 10:00;67.923;-52.436;13.246;72.177;17.823;-90;-17.823;1038.8;171.4;867.39;22.56;5.07;0;911.12;55.618;120.18;0;4.2375;1091.2;0;1091.2;911.12;120.18;55.618;4.2375;0.835;0.0549;0;0.0039;1086.6;4.5861;0;0;1.0592;3.5268;1082.9;2.5844;0.4164;0.0549;1.9554;0.1577;1085.5;1.0866;0.9111;0.1202;0.0546;0.0007;1083.9;909.79;120.01;52.549;0.5522;592.88;495.06;159.27;0.1335;5.1538;74.135;0.9651;79.155;0;1;0;0;1.0504;0.9958;1;1;0.981;0.1677;0.9976;0.9995;1;0.9641;0.7779;0.999;0.999;1;0.999;0.999;0.9924;0.9448;0.1303;3.1053;3.2495;0.0196;0.0058;0.6044;0.0183;0.065;0.0113;0;0;0.088;2.3204;0;0;0;0;0;0;0;0;0;0;0;0;0.0524;0.024;2.4487;2.4487;0;77.558;77.558;54.998;0.0508;2798.5;875;1;0.0403;0.0403;0;0;0;0;0;0;2.4084;2.3204;0;14.829;17.172;14.052;16.272;98.355;98.355;26.188;20.65;19.568;5.5379;1.0818;0.2115;0.0413;0.7472;34.221;0.7111;0
22/11/21 11:00;74.785;-12.655;14.836;86.59;3.4098;-90;-3.4098;1069.7;176.1;893.6;23;4.82;0;895.18;59.745;116.51;0;0.161;1071.6;0;1071.6;895.18;116.51;59.745;0.161;0.8354;0.0559;0;0.0002;1071.4;0.212;0;0;0.0778;0.1342;1067.1;3.1672;0.4583;0.0596;2.6433;0.0059;1070.3;1.0714;0.8952;0.1165;0.0597;0;1067.1;893.83;116.33;56.964;0.0208;630.22;526.23;169.39;-0.0003;5.4632;78.586;0.0021;84.049;0;1;0;0;1.0018;0.9998;1;1;0.9987;0.1663;0.997;0.9995;1;0.9557;0.7775;0.999;0.999;1;0.999;0.999;0.9958;0.9535;0.1292;3.0497;3.2106;0.0193;0.0051;0.5929;0.0182;0.0644;0.0121;0;0;0.088;2.2957;0;0;0;0;0;0;0;0;0;0;0;0;0.0519;0.0234;2.4234;2.4234;0;77.18;77.18;54.18;0.0508;2765.6;876.26;1;0.0397;0.0397;0;0;0;0;0;0;2.3837;2.2957;0;14.944;17.305;14.156;16.393;98.361;98.361;25.718;20.437;19.36;5.2814;1.0771;0.2054;0.0419;0.7528;35.42;0.7136;0
22/11/21 12:00;71.994;37.19;14.256;78.884;11.116;90;11.116;1065.1;175.3;889.81;23.36;4.82;0;906.82;57.783;119.21;0;1.6985;1085.5;0;1085.5;906.82;119.21;57.783;1.6985;0.8354;0.0548;0;0.0016;1083.6;1.9123;0;0;0.499;1.4133;1079.6;2.8684;0.4461;0.0586;2.2995;0.0642;1082.5;1.0836;0.9068;0.1192;0.0573;0.0003;1080;905.47;119.03;54.927;0.2207;620.53;518.14;162.98;0.0255;5.6281;80.958;0.3354;86.561;0;1;0;0;1.0192;0.9982;1;1;0.9914;0.1679;0.9974;0.9995;1;0.9598;0.7748;0.999;0.999;1;0.999;0.999;0.9946;0.9506;0.13;3.0893;3.2521;0.0196;0.0059;0.6127;0.0183;0.0649;0.0124;0;0;0.088;2.3139;0;0;0;0;0;0;0;0;0;0;0;0;0.0523;0.024;2.4421;2.4421;0;78.222;78.222;54.862;0.0508;2789.1;875;1;0.0401;0.0401;0;0;0;0;0;0;2.4019;2.3139;0;14.866;17.214;14.086;16.311;98.357;98.357;26.052;20.594;19.514;5.458;1.0805;0.2095;0.0415;0.749;34.737;0.7094;0
22/11/21 13:00;62.356;64.411;11.56;64.714;25.286;90;25.286;980.21;165.1;815.11;23.4;4.97;0;901.48;54.041;119.82;0;7.9829;1083.3;0;1083.3;901.48;119.82;54.041;7.9829;0.8321;0.0573;0;0.0074;1074.7;8.6653;0;0;1.8244;6.8409;1071.2;2.3737;0.3596;0.0478;1.7351;0.2312;1073.6;1.0747;0.9015;0.1198;0.0522;0.0011;1073.2;900.22;119.65;50.429;0.9096;538.96;450.03;145.11;0.452;4.6855;67.399;1.9854;71.632;0;1;0;0;1.1052;0.992;1;1;0.9662;0.1431;0.9978;0.9996;1;0.9667;0.7973;0.999;0.999;1;0.999;0.999;0.9888;0.9332;0.1139;3.0831;3.2055;0.0193;0.005;0.5994;0.0181;0.0641;0.0103;0;0;0.088;2.2868;0;0;0;0;0;0;0;0;0;0;0;0;0.0516;0.0234;2.4143;2.4143;0;77.815;77.815;54.415;0.0508;2758.7;875;1;0.0395;0.0395;0;0;0;0;0;0;2.3748;2.2868;0;14.727;17.053;13.949;16.153;98.365;98.365;26;20.36;19.285;5.6397;1.0751;0.2169;0.0413;0.7417;34.554;0.7087;0
22/11/21 14:00;50.702;78.93;6.985;51.228;38.772;90;38.772;841.49;154.7;686.79;23.92;5.15;0;880.9;50.53;125.58;0;15.761;1072.8;0;1072.8;880.9;125.58;50.53;15.761;0.8211;0.0618;0;0.0147;1055;17.741;0;0;3.3553;14.386;1052.1;1.9112;0.2123;0.0303;1.5238;0.1448;1054;1.055;0.8809;0.1256;0.0472;0.0014;1056.3;879.81;125.43;45.603;1.2289;407.36;340.15;109.47;1.8532;3.6527;52.543;4.2726;54.342;0;1;0;0;1.2749;0.9835;1;1;0.9336;0.0872;0.9982;0.9998;1;0.9677;0.8946;0.999;0.999;1;0.999;0.999;0.9807;0.9025;0.078;3.053;3.1275;0.0188;0.0036;0.5799;0.0177;0.0627;0.0081;0;0;0.088;2.2376;0;0;0;0;0;0;0;0;0;0;0;0;0.0505;0.0223;2.364;2.364;0;77.341;77.341;53.42;0.0508;2696.6;876.64;1;0.0384;0.0384;0;0;0;0;0;0;2.3256;2.2376;0;14.561;16.862;13.783;15.96;98.378;98.378;25.747;19.936;18.87;5.811;1.0655;0.2257;0.0414;0.7329;35.621;0.707;0
22/11/21 15:00;38.514;88.883;0.8741;38.519;51.481;90;51.481;567.11;230.2;336.91;24.09;5.4299;0;540.98;114.71;142.62;0;18.184;816.5;0;816.5;540.98;142.62;114.71;18.184;0.6626;0.1628;0;0.0223;787.95;28.555;0;0;11.549;17.006;783.64;3.514;0.0163;0.0043;3.444;0.0494;787.16;0.7879;0.541;0.1426;0.1032;0.0012;788.14;540.43;142.48;99.614;1.1271;236.16;197.19;63.437;11.172;2.7758;39.929;4.4962;31.533;0;1;0;0;1.4398;0.965;1;1;0.8993;0.0648;0.9955;1;1;0.9666;0.958;0.999;0.999;1;0.999;0.999;0.9598;0.8684;0.062;2.3237;2.3349;0.0141;-0.0019;0.3176;0.014;0.0498;0.0065;0;0;0.088;1.7647;0;0;0;0;0;0;0;0;0;0;0;0;0.0401;0.0128;1.8819;1.8819;0;63.429;63.429;39.339;0.0502;2014.1;934.39;1;0.0293;0.0293;0;0;0;0;0;0;1.8527;1.7647;0;15.23;17.637;14.281;16.538;98.444;98.444;19.596;15.871;14.882;3.7255;0.989;0.1901;0.0505;0.7594;90.912;0.7326;0
22/11/21 16:00;26.274;97.138;7.3114;26.452;60;90;60;221.89;205.5;16.395;22.77;5.36;0;36.735;150.05;12.162;0;9.4305;208.38;0;208.38;36.735;12.162;150.05;9.4305;0.1763;0.7653;0;0.0453;180.69;27.687;0;0;18.864;8.8223;175.82;4.691;0.0093;0.0031;4.6372;0.0414;180.51;0.1807;0.0367;0.0122;0.1312;0.0006;179.43;36.689;12.147;126.42;0.5662;132.39;110.55;40.089;25.088;2.4856;35.754;3.612;13.151;0;1;0;0;0.9391;0.8671;1;1;0.8743;0.0645;0.974;0.9997;1;0.9646;0.9318;0.999;0.999;1;0.999;0.999;0.8438;0.8425;0.06;0.593;0.585;0.0035;0.0168;0.0136;0.0039;0.0137;0.0064;0;0;0.088;0.4178;0;0;0;0;0;0;0;0;0;0;0;0;0.011;0.001;0.5151;0.5151;0;31.441;31.441;8.6707;0.0493;498.57;1033.1;1;0.0092;0.0092;0;0;0;0;0;0;0.5058;0.4178;0;16.334;18.914;13.25;15.343;98.205;98.205;5.0011;4.3438;3.5237;0.6573;0.8201;0.1314;0.164;0.7046;130.63;0.6244;0
22/11/21 17:00;14.243;104.93;53.366;14.72;23.322;90;23.322;213.1;127.5;85.605;21.76;4.19;0;207.62;91.945;76.728;0;1.48;377.77;0;377.77;207.62;76.728;91.945;1.48;0.5496;0.2473;0;0.0039;373.79;3.9833;0;0;2.7263;1.2571;365.4;8.0085;3.6223;1.3387;3.0006;0.0469;373.41;0.3738;0.2076;0.0767;0.0892;0.0002;365.58;203.79;75.313;86.129;0.1758;58.7;49.014;15.3;0.5745;0.5772;8.3029;0.1788;8.3057;0;1;0;0;1.7727;0.9895;1;1;0.9703;0.1506;0.9786;0.9825;1;0.9663;0.7893;0.999;0.999;1;0.999;0.999;0.9673;0.9367;0.1188;1.0751;1.0626;0.0064;0.0113;0.0562;0.0069;0.0245;0.0015;0;0;0.088;0.8302;0;0;0;0;0;0;0;0;0;0;0;0;0.0198;0.003;0.933;0.933;0;39.806;39.806;18.047;0.0494;914.84;1019.9;1;0.0148;0.0148;0;0;0;0;0;0;0.9182;0.8302;0;16.32;18.899;14.523;16.817;98.416;98.416;9.0665;7.8683;7.0015;1.1982;0.8668;0.1322;0.0956;0.7722;58.125;0.7597;0
22/11/21 18:00;4.1593;111.89;79.869;4.4813;6.442;90;6.442;5.8994;5.8994;0;20.28;4.1;0;0;5.8808;0;0;0.0032;5.884;5.884;0;0;0;0;0;1;1;1;1;0;0;0;0;0;0;0;0;0;0;0;0;0;0;0;0;0;0;0;0;0;0;0;0;0;0;0;0;0;0;0;0;0;0;0;0;1;1;1;1;1;1;1;1;1;1;1;1;1;0;0;1;0;0;0;0;0;0;0;0;0;0;0;0.0004;0.088;-0.0884;0;0;0;0;0;0;0;0;0;0;0;0;0;0;0;0;0;0;0;-20.28;0;0;0;0;0.0004;0;0;0;0;0;0;0;-0.0004;-0.0884;0;0;0;0;0;0;0;0;0;-0.7452;0;0.7452;1;1;0;0;0;0
22/11/21 19:00;0;0;90;0;0;90;0;0;0;0;18.03;5.2599;0;0;0;0;0;0;0;0;0;0;0;0;0;1;1;1;1;0;0;0;0;0;0;0;0;0;0;0;0;0;0;0;0;0;0;0;0;0;0;0;0;0;0;0;0;0;0;0;0;0;0;0;1;1;1;1;1;1;1;1;1;1;1;1;1;1;1;1;1;1;1;0;0;0;0;0;0;0;0;0;0.0004;0.088;-0.0884;0;0;0;0;0;0;0;0;0;0;0;0;0;0;0;0;0;0;0;-18.03;0;0;0;0;0.0004;0;0;0;0;0;0;0;-0.0004;-0.0884;0;0;0;0;0;0;0;0;0;-0.7452;0;0.7452;1;1;0;0;0;0
22/11/21 20:00;0;0;90;0;0;90;0;0;0;0;17.15;5.9899;0;0;0;0;0;0;0;0;0;0;0;0;0;1;1;1;1;0;0;0;0;0;0;0;0;0;0;0;0;0;0;0;0;0;0;0;0;0;0;0;0;0;0;0;0;0;0;0;0;0;0;0;1;1;1;1;1;1;1;1;1;1;1;1;1;1;1;1;1;1;1;0;0;0;0;0;0;0;0;0;0.0004;0.088;-0.0884;0;0;0;0;0;0;0;0;0;0;0;0;0;0;0;0;0;0;0;-17.15;0;0;0;0;0.0004;0;0;0;0;0;0;0;-0.0004;-0.0884;0;0;0;0;0;0;0;0;0;-0.7452;0;0.7452;1;1;0;0;0;0
22/11/21 21:00;0;0;90;0;0;90;0;0;0;0;16.74;6.2801;0;0;0;0;0;0;0;0;0;0;0;0;0;1;1;1;1;0;0;0;0;0;0;0;0;0;0;0;0;0;0;0;0;0;0;0;0;0;0;0;0;0;0;0;0;0;0;0;0;0;0;0;1;1;1;1;1;1;1;1;1;1;1;1;1;1;1;1;1;1;1;0;0;0;0;0;0;0;0;0;0.0004;0.088;-0.0884;0;0;0;0;0;0;0;0;0;0;0;0;0;0;0;0;0;0;0;-16.74;0;0;0;0;0.0004;0;0;0;0;0;0;0;-0.0004;-0.0884;0;0;0;0;0;0;0;0;0;-0.7452;0;0.7452;1;1;0;0;0;0
22/11/21 22:00;0;0;90;0;0;90;0;0;0;0;15.6;6.3899;0;0;0;0;0;0;0;0;0;0;0;0;0;1;1;1;1;0;0;0;0;0;0;0;0;0;0;0;0;0;0;0;0;0;0;0;0;0;0;0;0;0;0;0;0;0;0;0;0;0;0;0;1;1;1;1;1;1;1;1;1;1;1;1;1;1;1;1;1;1;1;0;0;0;0;0;0;0;0;0;0.0004;0.088;-0.0884;0;0;0;0;0;0;0;0;0;0;0;0;0;0;0;0;0;0;0;-15.6;0;0;0;0;0.0004;0;0;0;0;0;0;0;-0.0004;-0.0884;0;0;0;0;0;0;0;0;0;-0.7452;0;0.7452;1;1;0;0;0;0
22/11/21 23:00;0;0;90;0;0;90;0;0;0;0;15.2;6.4699;0;0;0;0;0;0;0;0;0;0;0;0;0;1;1;1;1;0;0;0;0;0;0;0;0;0;0;0;0;0;0;0;0;0;0;0;0;0;0;0;0;0;0;0;0;0;0;0;0;0;0;0;1;1;1;1;1;1;1;1;1;1;1;1;1;1;1;1;1;1;1;0;0;0;0;0;0;0;0;0;0.0004;0.088;-0.0884;0;0;0;0;0;0;0;0;0;0;0;0;0;0;0;0;0;0;0;-15.2;0;0;0;0;0.0004;0;0;0;0;0;0;0;-0.0004;-0.0884;0;0;0;0;0;0;0;0;0;-0.7452;0;0.7452;1;1;0;0;0;0
23/11/21 00:00;0;0;90;0;0;90;0;0;0;0;14.7;6.1201;0;0;0;0;0;0;0;0;0;0;0;0;0;1;1;1;1;0;0;0;0;0;0;0;0;0;0;0;0;0;0;0;0;0;0;0;0;0;0;0;0;0;0;0;0;0;0;0;0;0;0;0;1;1;1;1;1;1;1;1;1;1;1;1;1;1;1;1;1;1;1;0;0;0;0;0;0;0;0;0;0.0004;0.088;-0.0884;0;0;0;0;0;0;0;0;0;0;0;0;0;0;0;0;0;0;0;-14.7;0;0;0;0;0.0004;0;0;0;0;0;0;0;-0.0004;-0.0884;0;0;0;0;0;0;0;0;0;-0.7452;0;0.7452;1;1;0;0;0;0
23/11/21 01:00;0;0;90;0;0;90;0;0;0;0;14.22;5.14;0;0;0;0;0;0;0;0;0;0;0;0;0;1;1;1;1;0;0;0;0;0;0;0;0;0;0;0;0;0;0;0;0;0;0;0;0;0;0;0;0;0;0;0;0;0;0;0;0;0;0;0;1;1;1;1;1;1;1;1;1;1;1;1;1;1;1;1;1;1;1;0;0;0;0;0;0;0;0;0;0.0004;0.088;-0.0884;0;0;0;0;0;0;0;0;0;0;0;0;0;0;0;0;0;0;0;-14.22;0;0;0;0;0.0004;0;0;0;0;0;0;0;-0.0004;-0.0884;0;0;0;0;0;0;0;0;0;-0.7452;0;0.7452;1;1;0;0;0;0
23/11/21 02:00;0;0;90;0;0;90;0;0;0;0;14.27;4.56;0;0;0;0;0;0;0;0;0;0;0;0;0;1;1;1;1;0;0;0;0;0;0;0;0;0;0;0;0;0;0;0;0;0;0;0;0;0;0;0;0;0;0;0;0;0;0;0;0;0;0;0;1;1;1;1;1;1;1;1;1;1;1;1;1;1;1;1;1;1;1;0;0;0;0;0;0;0;0;0;0.0004;0.088;-0.0884;0;0;0;0;0;0;0;0;0;0;0;0;0;0;0;0;0;0;0;-14.27;0;0;0;0;0.0004;0;0;0;0;0;0;0;-0.0004;-0.0884;0;0;0;0;0;0;0;0;0;-0.7452;0;0.7452;1;1;0;0;0;0
23/11/21 03:00;0;0;90;0;0;90;0;0;0;0;13.83;4.57;0;0;0;0;0;0;0;0;0;0;0;0;0;1;1;1;1;0;0;0;0;0;0;0;0;0;0;0;0;0;0;0;0;0;0;0;0;0;0;0;0;0;0;0;0;0;0;0;0;0;0;0;1;1;1;1;1;1;1;1;1;1;1;1;1;1;1;1;1;1;1;0;0;0;0;0;0;0;0;0;0.0004;0.088;-0.0884;0;0;0;0;0;0;0;0;0;0;0;0;0;0;0;0;0;0;0;-13.83;0;0;0;0;0.0004;0;0;0;0;0;0;0;-0.0004;-0.0884;0;0;0;0;0;0;0;0;0;-0.7452;0;0.7452;1;1;0;0;0;0
23/11/21 04:00;1.5769;-114.07;86.173;1.727;2.4645;-90;-2.4645;0;0;0;13.83;5.1099;0;0;0;0;0;0;0;0;0;0;0;0;0;1;1;1;1;0;0;0;0;0;0;0;0;0;0;0;0;0;0;0;0;0;0;0;0;0;0;0;0;0;0;0;0;0;0;0;0;0;0;0;1;1;1;1;1;1;1;1;1;1;1;1;1;1;1;1;1;1;1;0;0;0;0;0;0;0;0;0;0.0004;0.088;-0.0884;0;0;0;0;0;0;0;0;0;0;0;0;0;0;0;0;0;0;0;-13.83;0;0;0;0;0.0004;0;0;0;0;0;0;0;-0.0004;-0.0884;0;0;0;0;0;0;0;0;0;-0.7452;0;0.7452;1;1;0;0;0;0
23/11/21 05:00;8.8065;-108.85;68.204;9.2973;13.771;-90;-13.771;116.41;21.399;95.007;14.97;5.8801;0;230.42;11.761;22.961;0;0.2844;265.43;0;265.43;230.42;22.961;11.761;0.2844;0.8681;0.0454;0;0.0011;265.04;0.3812;0;0;0.145;0.2361;241.86;22.923;20.43;2.0358;0.4466;0.0108;264.78;0.265;0.2304;0.023;0.0116;0;241.86;209.76;20.902;11.157;0.0374;7.6385;6.3781;1.6806;0.0113;0.0912;1.3113;0.0073;1.3912;0;1;0;0;2.2802;0.9986;1;1;0.9877;0.1697;0.9134;0.9112;1;0.9615;0.7758;0.999;0.999;1;0.999;0.999;0.9112;0.9487;0.1316;0.7554;0.6946;0.0042;0.0159;0.0045;0.0047;0.0166;0.0002;0;0;0.088;0.5346;0;0;0;0;0;0;0;0;0;0;0;0;0.0134;0.0014;0.6336;0.6336;0;26.82;26.82;11.85;0.049;595.57;1063.9;1;0.0111;0.0111;0;0;0;0;0;0;0.6226;0.5346;0;15.775;18.267;13.309;15.411;98.255;98.255;6.3702;5.3436;4.5082;1.0266;0.8354;0.1612;0.1311;0.7077;7.1266;0.7051;0
23/11/21 06:00;20.652;-101.02;31.2;21.006;39.382;-90;-39.382;322.01;62.502;259.51;17.51;6.18;0;629.38;26.342;79.515;0;6.2149;741.45;0;741.45;629.38;79.515;26.342;6.2149;0.8488;0.0439;0;0.0084;734;7.4443;0;0;1.7861;5.6582;731.19;2.0784;1.0927;0.1381;0.794;0.0536;733.27;0.734;0.6294;0.0795;0.0246;0.0006;731.39;627.65;79.298;23.737;0.5025;20.098;16.782;5.7399;1.0186;0.2185;3.1424;0.1978;2.3423;0;1;0;0;2.3026;0.99;1;1;0.9322;0.0896;0.9972;0.9983;1;0.9676;0.9036;0.999;0.999;1;0.999;0.999;0.9862;0.9011;0.0809;2.1101;2.0989;0.0126;-0.001;0.2142;0.0131;0.0465;0.0005;0;0;0.088;1.6491;0;0;0;0;0;0;0;0;0;0;0;0;0.0375;0.0105;1.7649;1.7649;0;53.935;53.935;36.425;0.0498;1812.1;973.96;1;0.0278;0.0278;0;0;0;0;0;0;1.7371;1.6491;0;15.729;18.214;14.697;17.019;98.423;98.423;17.795;14.884;13.907;2.9111;0.9768;0.1636;0.0549;0.7815;18.666;0.779;0
23/11/21 07:00;32.816;-93.12;2.6217;32.854;57.146;-90;-57.146;547.01;92.003;455;19.75;5.4101;0;838.71;28.486;101.51;0;21.272;989.98;0;989.98;838.71;101.51;28.486;21.272;0.8472;0.0503;0;0.0215;966.83;23.148;0;0;3.3253;19.822;964.83;1.0278;0.0759;0.0092;0.8698;0.0729;965.86;0.9668;0.8387;0.1015;0.0252;0.0014;968.48;837.8;101.4;24.265;1.3749;148.3;123.83;39.256;4.0084;1.5853;22.804;3.6483;20.381;0;1;0;0;1.8098;0.9766;1;1;0.8833;0.0681;0.9989;0.9999;1;0.9654;0.9496;0.999;0.999;1;0.999;0.999;0.9746;0.8518;0.0646;2.8174;2.8166;0.017;-0.0004;0.4317;0.0166;0.0588;0.0036;0;0;0.088;2.0998;0;0;0;0;0;0;0;0;0;0;0;0;0.0474;0.0183;2.2237;2.2237;0;68.377;68.377;48.627;0.0504;2429.1;915.47;1;0.0359;0.0359;0;0;0;0;0;0;2.1878;2.0998;0;14.843;17.188;14.016;16.23;98.383;98.383;23.759;18.753;17.708;5.0065;1.0453;0.2107;0.044;0.7453;24.001;0.7327;0
23/11/21 08:00;45.068;-84.225;4.0752;45.214;44.786;-90;-44.786;789.1;130.2;658.9;21.62;4.2299;0;928.36;37.451;121.72;0;19.468;1107;0;1107;928.36;121.72;37.451;19.468;0.8386;0.0514;0;0.0176;1086;21.028;0;0;3.069;17.959;1083.5;1.3602;0.1305;0.0171;1.1201;0.0925;1084.9;1.086;0.9284;0.1217;0.0344;0.0015;1088.3;927.3;121.58;33.228;1.4156;342.26;285.79;90.426;2.2546;3.2152;46.25;4.7666;47.211;0;1;0;0;1.4029;0.981;1;1;0.9181;0.0775;0.9987;0.9999;1;0.9674;0.9387;0.999;0.999;1;0.999;0.999;0.9788;0.8872;0.0727;3.1504;3.2063;0.0193;0.005;0.5855;0.0182;0.0645;0.0071;0;0;0.088;2.3035;0;0;0;0;0;0;0;0;0;0;0;0;0.0519;0.0234;2.4315;2.4315;0;76.607;76.607;54.987;0.0507;2764.8;879.44;1;0.04;0.04;0;0;0;0;0;0;2.3915;2.3035;0;14.514;16.807;13.75;15.922;98.355;98.355;26.568;20.505;19.426;6.0629;1.0794;0.2282;0.0406;0.7312;27.819;0.709;0
23/11/21 09:00;57.078;-72.485;9.4137;58.307;31.693;-90;-31.693;889.39;148.5;740.89;23.33;3.06;0;870.74;50.952;109.82;0;11.274;1042.8;0;1042.8;870.74;109.82;50.952;11.274;0.835;0.0597;0;0.0108;1030.4;12.374;0;0;2.4589;9.9152;1027.3;2.1131;0.2828;0.0357;1.5723;0.2223;1029.4;1.0304;0.8707;0.1098;0.0485;0.0014;1030.2;869.59;109.67;46.872;1.1347;465.99;389.1;127.61;0.9356;3.9471;56.778;2.9522;59.789;0;1;0;0;1.1725;0.9881;1;1;0.9517;0.1205;0.9979;0.9997;1;0.9675;0.8362;0.999;0.999;1;0.999;0.999;0.9851;0.9199;0.1007;2.9677;3.0613;0.0184;0.0025;0.5463;0.0175;0.0619;0.0088;0;0;0.088;2.2087;0;0;0;0;0;0;0;0;0;0;0;0;0.0499;0.0214;2.3345;2.3345;0;75.407;75.407;52.077;0.0507;2639.4;884.49;1;0.0379;0.0379;0;0;0;0;0;0;2.2967;2.2087;0;14.794;17.131;13.996;16.207;98.379;98.379;25.027;19.687;18.626;5.3395;1.0613;0.2134;0.0424;0.7442;33.985;0.7151;0
23/11/21 10:00;68.029;-52.946;13.029;72.153;17.847;-90;-17.847;450;406.3;43.698;23.63;2.51;0;45.907;383.2;14.339;0;1.8407;445.29;0;445.29;45.907;14.339;383.2;1.8407;0.1031;0.8647;0;0.0041;436.44;8.8472;0;0;7.3151;1.5321;422.45;13.561;0.0206;0.0064;13.466;0.0685;436.01;0.4364;0.0459;0.0143;0.3759;0.0003;422.88;45.841;14.318;362.05;0.2399;268.43;224.14;68.977;0.9171;2.5928;37.296;0.4294;38.971;0;1;0;0;0.9895;0.9801;1;1;0.9809;0.1677;0.9689;0.9995;1;0.9641;0.7779;0.999;0.999;1;0.999;0.999;0.9487;0.9448;0.1303;1.2673;1.2846;0.0077;0.0081;0.0894;0.0083;0.0293;0.0065;0;0;0.088;1.0024;0;0;0;0;0;0;0;0;0;0;0;0;0.0236;0.0042;1.1075;1.1075;0;44.558;44.558;20.928;0.0495;1104.6;1002.7;1;0.0171;0.0171;0;0;0;0;0;0;1.0904;1.0024;0;16.435;19.032;14.875;17.225;98.455;98.455;10.687;9.3398;8.4534;1.3472;0.8864;0.1261;0.0829;0.791;235.81;0.7443;0
23/11/21 11:00;74.977;-13.053;14.626;86.531;3.4685;-90;-3.4685;885.41;285.2;600.2;24.48;2.5;0;601.3;158.7;126.59;0;0.1379;886.73;0;886.73;601.3;126.59;158.7;0.1379;0.6781;0.1791;0;0.0002;886.4;0.3268;0;0;0.2119;0.1149;878.13;7.3899;0.3035;0.0639;7.0174;0.0051;885.52;0.8864;0.6013;0.1266;0.1585;0;878.13;600.4;126.4;151.31;0.0178;521.99;435.86;139.06;-0.0007;4.6054;66.247;0.0013;70.853;0;1;0;0;1.0015;0.9996;1;1;0.9987;0.1663;0.9917;0.9995;1;0.9557;0.7775;0.999;0.999;1;0.999;0.999;0.9903;0.9534;0.1292;2.5236;2.6451;0.0159;-0.0015;0.4096;0.0155;0.0551;0.0106;0;0;0.088;1.9587;0;0;0;0;0;0;0;0;0;0;0;0;0.0444;0.0162;2.0792;2.0792;0;68.751;68.751;44.271;0.0504;2276.8;913.24;1;0.0325;0.0325;0;0;0;0;0;0;2.0467;1.9587;0;15.495;17.942;14.596;16.902;98.435;98.435;21.282;17.534;16.518;3.7471;1.0166;0.1761;0.0478;0.7762;94.091;0.735;0
23/11/21 12:00;72.205;37.371;14.057;78.976;11.024;90;11.024;755.4;397.4;358;25.86;2.51;0;364.73;288.19;108.53;0;1.1849;762.64;0;762.64;364.73;108.53;288.19;1.1849;0.4783;0.3794;0;0.0016;759.2;3.4404;0;0;2.4544;0.986;746.68;11.761;0.1769;0.0526;11.487;0.0448;758.44;0.7592;0.3647;0.1085;0.2857;0.0002;746.9;364.19;108.36;273.97;0.154;443.55;370.37;114.86;0.1214;4.1362;59.497;0.2257;63.512;0;1;0;0;1.0096;0.9955;1;1;0.9915;0.1679;0.9845;0.9995;1;0.9598;0.7748;0.999;0.999;1;0.999;0.999;0.9791;0.9506;0.13;2.1704;2.2561;0.0136;-0.0017;0.3065;0.0136;0.0481;0.0097;0;0;0.088;1.6996;0;0;0;0;0;0;0;0;0;0;0;0;0.0388;0.012;1.8156;1.8156;0;63.344;63.344;37.484;0.0502;1944.6;933.69;1;0.028;0.028;0;0;0;0;0;0;1.7876;1.6996;0;15.732;18.217;14.727;17.053;98.457;98.457;18.303;15.312;14.333;2.9917;0.9784;0.1635;0.0535;0.7831;173.21;0.7399;0
23/11/21 13:00;62.535;64.68;11.376;64.833;25.167;90;25.167;443.3;401.3;42;25.81;2.34;0;46.405;369.35;14.963;0;3.5769;434.3;0;434.3;46.405;14.963;369.35;3.5769;0.1069;0.8587;0;0.0082;418.86;15.438;0;0;12.375;3.0635;406.44;11.998;0.0182;0.0059;11.87;0.1042;418.44;0.4189;0.0464;0.015;0.357;0.0005;407.43;46.341;14.942;344.75;0.4087;266.36;222.41;69.768;3.0255;2.6241;37.747;0.9837;37.345;0;1;0;0;0.9797;0.9645;1;1;0.9665;0.1435;0.9713;0.9996;1;0.9667;0.7968;0.999;0.999;1;0.999;0.999;0.9359;0.9334;0.1142;1.236;1.2413;0.0075;0.0087;0.0928;0.0079;0.0281;0.0065;0;0;0.088;0.9587;0;0;0;0;0;0;0;0;0;0;0;0;0.0226;0.0039;1.0631;1.0631;0;45.974;45.974;20.164;0.0496;1067.3;996.01;1;0.0164;0.0164;0;0;0;0;0;0;1.0467;0.9587;0;16.175;18.73;14.587;16.892;98.461;98.461;10.423;8.9651;8.085;1.458;0.8801;0.1399;0.0844;0.7757;235.99;0.7283;0
23/11/21 14:00;50.865;79.16;6.8173;51.369;38.631;90;38.631;244.1;239.3;4.8074;25.32;2.1;0;6.154;212.17;1.3535;0;4.5402;224.22;0;224.22;6.154;1.3535;212.17;4.5402;0.0274;0.9665;0;0.0202;206.07;18.152;0;0;14.01;4.1417;199.42;6.4442;0.0014;0.0003;6.3999;0.0425;205.86;0.2061;0.0062;0.0014;0.1982;0.0004;200.96;6.1464;1.3518;191.57;0.3556;152.18;127.07;41.932;7.6699;1.7508;25.184;1.544;19.265;0;1;0;0;0.9185;0.919;1;1;0.934;0.0878;0.9687;0.9998;1;0.9677;0.8931;0.999;0.999;1;0.999;0.999;0.8894;0.9029;0.0783;0.6381;0.6254;0.0038;0.0165;0.023;0.0041;0.0145;0.0045;0;0;0.088;0.4489;0;0;0;0;0;0;0;0;0;0;0;0;0.0116;0.0012;0.5464;0.5464;0;35.175;35.175;9.8548;0.0494;534.9;1021.4;1;0.0095;0.0095;0;0;0;0;0;0;0.5369;0.4489;0;16.102;18.645;13.229;15.319;98.268;98.268;5.3813;4.6075;3.7856;0.7738;0.8219;0.1438;0.1527;0.7035;149.39;0.6489;0
23/11/21 15:00;38.672;89.075;0.7222;38.676;51.324;90;51.324;194.9;191.2;3.7;25.34;1.71;0;5.9208;154.68;1.2916;0;6.2138;168.11;0;168.11;5.9208;1.2916;154.68;6.2138;0.0352;0.9571;0;0.037;146.79;21.315;0;0;15.505;5.8107;141.99;4.66;0.0001;0;4.6428;0.0169;146.65;0.1468;0.0059;0.0013;0.1392;0.0004;144.39;5.9147;1.2902;134.4;0.3858;123.94;103.49;36.004;14.901;1.8681;26.871;2.406;13.838;0;1;0;0;0.8626;0.8732;1;1;0.8998;0.0649;0.9682;1;1;0.9666;0.9579;0.999;0.999;1;0.999;0.999;0.8446;0.8688;0.0621;0.4784;0.4669;0.0028;0.0172;0.0125;0.003;0.0108;0.0047;0;0;0.088;0.3104;0;0;0;0;0;0;0;0;0;0;0;0;0.0087;0.0007;0.4064;0.4064;0;32.361;32.361;7.0212;0.0494;397.87;1021.5;1;0.008;0.008;0;0;0;0;0;0;0.3984;0.3104;0;15.975;18.499;12.202;14.13;98.036;98.036;4.0346;3.4273;2.6179;0.6073;0.8094;0.1505;0.2006;0.6489;122.4;0.5795;0
23/11/21 16:00;26.435;97.303;7.354;26.621;60;90;60;146.7;143.8;2.9029;24.92;1.2601;0;6.4671;107.35;1.4893;0;6.235;121.54;0;121.54;6.4671;1.4893;107.35;6.235;0.0532;0.9345;0;0.0513;102.21;19.329;0;0;13.496;5.8328;98.764;3.3469;0.0016;0.0004;3.3175;0.0274;102.11;0.1022;0.0065;0.0015;0.0939;0.0004;101.3;6.459;1.4874;90.443;0.3743;93.762;78.292;28.452;17.948;1.7682;25.434;2.5398;9.2541;0;1;0;0;0.8285;0.841;1;1;0.8743;0.0645;0.9672;0.9997;1;0.9646;0.9318;0.999;0.999;1;0.999;0.999;0.8126;0.8425;0.06;0.3459;0.3408;0.0021;0.0169;0.006;0.0022;0.0078;0.0045;0;0;0.088;0.1998;0;0;0;0;0;0;0;0;0;0;0;0;0.0063;0.0004;0.2946;0.2946;0;29.811;29.811;4.8908;0.0495;289.4;1017.8;1;0.0068;0.0068;0;0;0;0;0;0;0.2878;0.1998;0;16.014;18.544;10.862;12.578;97.706;97.706;2.917;2.484;1.6849;0.433;0.7991;0.1484;0.2739;0.5776;93.455;0.4994;0
23/11/21 17:00;14.41;105.08;52.876;14.901;23.683;90;23.683;35.709;35.402;0.3075;24.13;0.93;0;0.7457;33.881;0.0756;0;0.2556;34.958;0;34.958;0.7457;0.0756;33.881;0.2556;0.0213;0.9765;0;0.0073;33.711;1.2471;0;0;1.0297;0.2175;32.553;1.1238;0.0124;0.0013;1.1022;0.008;33.677;0.0337;0.0007;0.0001;0.0329;0;32.622;0.7326;0.0743;31.716;0.0301;21.464;17.922;5.5716;0.2236;0.2134;3.0701;0.0686;3.06;0;1;0;0;0.979;0.9643;1;1;0.9696;0.1493;0.9666;0.9834;1;0.9664;0.7907;0.999;0.999;1;0.999;0.999;0.9312;0.9361;0.1179;0.0995;0.0995;0.0006;0.0111;0.0003;0.0006;0.0022;0.0005;0;0;0.088;-0.0095;0;0;0;0;0;0;0;0;0;0;0;0;0.0018;0.0001;0.0824;0.0824;0;25.758;25.758;1.6279;0.05;83.515;986.78;1;0.0039;0.0039;0;0;0;0;0;0;0.0785;-0.0095;0;15.578;18.039;-1.7878;-2.0702;95.305;95.305;0.839;0.695;-0.0798;0.144;0.7747;0.1716;0.9234;0;21.462;0;0
23/11/21 18:00;4.334;112.02;79.439;4.6736;6.7237;90;6.7237;3.399;3.399;0;22.83;0.85;0;0;3.3873;0;0;0.002;3.3893;3.3893;0;0;0;0;0;1;1;1;1;0;0;0;0;0;0;0;0;0;0;0;0;0;0;0;0;0;0;0;0;0;0;0;0;0;0;0;0;0;0;0;0;0;0;0;0;1;1;1;1;1;1;1;1;1;1;1;1;1;0;0;1;0;0;0;0;0;0;0;0;0;0;0;0.0004;0.088;-0.0884;0;0;0;0;0;0;0;0;0;0;0;0;0;0;0;0;0;0;0;-22.83;0;0;0;0;0.0004;0;0;0;0;0;0;0;-0.0004;-0.0884;0;0;0;0;0;0;0;0;0;-0.7452;0;0.7452;1;1;0;0;0;0
23/11/21 19:00;0;0;90;0;0;90;0;0;0;0;21.9;1.4499;0;0;0;0;0;0;0;0;0;0;0;0;0;1;1;1;1;0;0;0;0;0;0;0;0;0;0;0;0;0;0;0;0;0;0;0;0;0;0;0;0;0;0;0;0;0;0;0;0;0;0;0;1;1;1;1;1;1;1;1;1;1;1;1;1;1;1;1;1;1;1;0;0;0;0;0;0;0;0;0;0.0004;0.088;-0.0884;0;0;0;0;0;0;0;0;0;0;0;0;0;0;0;0;0;0;0;-21.9;0;0;0;0;0.0004;0;0;0;0;0;0;0;-0.0004;-0.0884;0;0;0;0;0;0;0;0;0;-0.7452;0;0.7452;1;1;0;0;0;0
23/11/21 20:00;0;0;90;0;0;90;0;0;0;0;21.55;2.1;0;0;0;0;0;0;0;0;0;0;0;0;0;1;1;1;1;0;0;0;0;0;0;0;0;0;0;0;0;0;0;0;0;0;0;0;0;0;0;0;0;0;0;0;0;0;0;0;0;0;0;0;1;1;1;1;1;1;1;1;1;1;1;1;1;1;1;1;1;1;1;0;0;0;0;0;0;0;0;0;0.0004;0.088;-0.0884;0;0;0;0;0;0;0;0;0;0;0;0;0;0;0;0;0;0;0;-21.55;0;0;0;0;0.0004;0;0;0;0;0;0;0;-0.0004;-0.0884;0;0;0;0;0;0;0;0;0;-0.7452;0;0.7452;1;1;0;0;0;0
23/11/21 21:00;0;0;90;0;0;90;0;0;0;0;20.86;2.6399;0;0;0;0;0;0;0;0;0;0;0;0;0;1;1;1;1;0;0;0;0;0;0;0;0;0;0;0;0;0;0;0;0;0;0;0;0;0;0;0;0;0;0;0;0;0;0;0;0;0;0;0;1;1;1;1;1;1;1;1;1;1;1;1;1;1;1;1;1;1;1;0;0;0;0;0;0;0;0;0;0.0004;0.088;-0.0884;0;0;0;0;0;0;0;0;0;0;0;0;0;0;0;0;0;0;0;-20.86;0;0;0;0;0.0004;0;0;0;0;0;0;0;-0.0004;-0.0884;0;0;0;0;0;0;0;0;0;-0.7452;0;0.7452;1;1;0;0;0;0
23/11/21 22:00;0;0;90;0;0;90;0;0;0;0;21.08;3.4901;0;0;0;0;0;0;0;0;0;0;0;0;0;1;1;1;1;0;0;0;0;0;0;0;0;0;0;0;0;0;0;0;0;0;0;0;0;0;0;0;0;0;0;0;0;0;0;0;0;0;0;0;1;1;1;1;1;1;1;1;1;1;1;1;1;1;1;1;1;1;1;0;0;0;0;0;0;0;0;0;0.0004;0.088;-0.0884;0;0;0;0;0;0;0;0;0;0;0;0;0;0;0;0;0;0;0;-21.08;0;0;0;0;0.0004;0;0;0;0;0;0;0;-0.0004;-0.0884;0;0;0;0;0;0;0;0;0;-0.7452;0;0.7452;1;1;0;0;0;0
23/11/21 23:00;0;0;90;0;0;90;0;0;0;0;20.54;4.2201;0;0;0;0;0;0;0;0;0;0;0;0;0;1;1;1;1;0;0;0;0;0;0;0;0;0;0;0;0;0;0;0;0;0;0;0;0;0;0;0;0;0;0;0;0;0;0;0;0;0;0;0;1;1;1;1;1;1;1;1;1;1;1;1;1;1;1;1;1;1;1;0;0;0;0;0;0;0;0;0;0.0004;0.088;-0.0884;0;0;0;0;0;0;0;0;0;0;0;0;0;0;0;0;0;0;0;-20.54;0;0;0;0;0.0004;0;0;0;0;0;0;0;-0.0004;-0.0884;0;0;0;0;0;0;0;0;0;-0.7452;0;0.7452;1;1;0;0;0;0
24/11/21 00:00;0;0;90;0;0;90;0;0;0;0;19.9;4.64;0;0;0;0;0;0;0;0;0;0;0;0;0;1;1;1;1;0;0;0;0;0;0;0;0;0;0;0;0;0;0;0;0;0;0;0;0;0;0;0;0;0;0;0;0;0;0;0;0;0;0;0;1;1;1;1;1;1;1;1;1;1;1;1;1;1;1;1;1;1;1;0;0;0;0;0;0;0;0;0;0.0004;0.088;-0.0884;0;0;0;0;0;0;0;0;0;0;0;0;0;0;0;0;0;0;0;-19.9;0;0;0;0;0.0004;0;0;0;0;0;0;0;-0.0004;-0.0884;0;0;0;0;0;0;0;0;0;-0.7452;0;0.7452;1;1;0;0;0;0
24/11/21 01:00;0;0;90;0;0;90;0;0;0;0;19.6;4.72;0;0;0;0;0;0;0;0;0;0;0;0;0;1;1;1;1;0;0;0;0;0;0;0;0;0;0;0;0;0;0;0;0;0;0;0;0;0;0;0;0;0;0;0;0;0;0;0;0;0;0;0;1;1;1;1;1;1;1;1;1;1;1;1;1;1;1;1;1;1;1;0;0;0;0;0;0;0;0;0;0.0004;0.088;-0.0884;0;0;0;0;0;0;0;0;0;0;0;0;0;0;0;0;0;0;0;-19.6;0;0;0;0;0.0004;0;0;0;0;0;0;0;-0.0004;-0.0884;0;0;0;0;0;0;0;0;0;-0.7452;0;0.7452;1;1;0;0;0;0
24/11/21 02:00;0;0;90;0;0;90;0;0;0;0;19.25;4.66;0;0;0;0;0;0;0;0;0;0;0;0;0;1;1;1;1;0;0;0;0;0;0;0;0;0;0;0;0;0;0;0;0;0;0;0;0;0;0;0;0;0;0;0;0;0;0;0;0;0;0;0;1;1;1;1;1;1;1;1;1;1;1;1;1;1;1;1;1;1;1;0;0;0;0;0;0;0;0;0;0.0004;0.088;-0.0884;0;0;0;0;0;0;0;0;0;0;0;0;0;0;0;0;0;0;0;-19.25;0;0;0;0;0.0004;0;0;0;0;0;0;0;-0.0004;-0.0884;0;0;0;0;0;0;0;0;0;-0.7452;0;0.7452;1;1;0;0;0;0
24/11/21 03:00;0;0;90;0;0;90;0;0;0;0;18.89;4.59;0;0;0;0;0;0;0;0;0;0;0;0;0;1;1;1;1;0;0;0;0;0;0;0;0;0;0;0;0;0;0;0;0;0;0;0;0;0;0;0;0;0;0;0;0;0;0;0;0;0;0;0;1;1;1;1;1;1;1;1;1;1;1;1;1;1;1;1;1;1;1;0;0;0;0;0;0;0;0;0;0.0004;0.088;-0.0884;0;0;0;0;0;0;0;0;0;0;0;0;0;0;0;0;0;0;0;-18.89;0;0;0;0;0.0004;0;0;0;0;0;0;0;-0.0004;-0.0884;0;0;0;0;0;0;0;0;0;-0.7452;0;0.7452;1;1;0;0;0;0
24/11/21 04:00;1.6455;-114.27;86.007;1.8049;2.576;-90;-2.576;0;0;0;18.09;4.75;0;0;0;0;0;0;0;0;0;0;0;0;0;1;1;1;1;0;0;0;0;0;0;0;0;0;0;0;0;0;0;0;0;0;0;0;0;0;0;0;0;0;0;0;0;0;0;0;0;0;0;0;1;1;1;1;1;1;1;1;1;1;1;1;1;1;1;1;1;1;1;0;0;0;0;0;0;0;0;0;0.0004;0.088;-0.0884;0;0;0;0;0;0;0;0;0;0;0;0;0;0;0;0;0;0;0;-18.09;0;0;0;0;0.0004;0;0;0;0;0;0;0;-0.0004;-0.0884;0;0;0;0;0;0;0;0;0;-0.7452;0;0.7452;1;1;0;0;0;0
24/11/21 05:00;8.8649;-109.06;68.053;9.3702;13.888;-90;-13.888;8.9078;8.8006;0.1072;16.9;5.0299;0;0.26;8.6676;0.0106;0;0.0221;8.9604;0;8.9604;0.26;0.0106;8.6676;0.0221;0.029;0.9698;0;0.0025;8.8336;0.1268;0;0;0.1084;0.0184;8.4718;0.3529;0.0227;0.0009;0.3285;0.0008;8.8247;0.0088;0.0003;0;0.0086;0;8.4763;0.2371;0.0096;8.2222;0.0029;5.255;4.3879;1.3312;0.0085;0.0514;0.7392;0.0045;0.7821;0;1;0;0;1.0059;0.9858;1;1;0.9875;0.1697;0.96;0.9127;1;0.9616;0.7758;0.999;0.999;1;0.999;0.999;0.9455;0.9486;0.1315;0.0255;0.0257;0.0002;0.0055;-0.0007;0.0001;0.0005;0.0001;0;0;0.088;-0.0709;0;0;0;0;0;0;0;0;0;0;0;0;0.0004;0;0.0195;0.0195;0;17.332;17.332;0.4312;0.0509;20.309;959.92;1;0.0024;0.0024;0;0;0;0;0;0;0.0171;-0.0709;0;14.377;16.648;-52.269;-60.527;87.831;87.831;0.215;0.1644;-0.5977;0.0506;0.7621;0.2355;3.5439;0;5.2544;0;0
24/11/21 06:00;20.698;-101.24;30.995;21.068;39.605;-90;-39.605;103.9;101.5;2.4023;17.41;4.7701;0;5.8263;89.418;1.1924;0;2.0272;98.464;0;98.464;5.8263;1.1924;89.418;2.0272;0.0592;0.9287;0;0.0206;90.501;7.9632;0;0;6.1159;1.8473;87.687;2.7226;0.0094;0.0019;2.6944;0.0169;90.41;0.0905;0.0058;0.0012;0.0833;0.0002;88.369;5.8111;1.1893;80.524;0.1628;63.495;53.018;17.585;3.5204;0.7455;10.724;0.6814;7.9486;0;1;0;0;0.9476;0.9191;1;1;0.9316;0.0888;0.9699;0.9984;1;0.9676;0.9059;0.999;0.999;1;0.999;0.999;0.8906;0.9005;0.0803;0.2802;0.2743;0.0017;0.0162;-0.0033;0.0018;0.0064;0.0019;0;0;0.088;0.1494;0;0;0;0;0;0;0;0;0;0;0;0;0.0052;0.0003;0.244;0.244;0;21.728;21.728;4.318;0.0492;233.24;1046.3;1;0.0066;0.0066;0;0;0;0;0;0;0.2374;0.1494;0;16.378;18.965;10.027;11.611;97.281;97.281;2.3631;2.0581;1.26;0.3051;0.7981;0.1291;0.3377;0.5332;63.481;0.493;0
24/11/21 07:00;32.856;-93.369;2.8295;32.901;57.099;-90;-57.099;606.3;99.999;506.3;19.94;4.73;0;932.08;25.842;122.44;0;23.542;1103.9;0;1103.9;932.08;122.44;25.842;23.542;0.8444;0.0447;0;0.0213;1078.9;24.951;0;0;3.0131;21.938;1076.9;0.9723;0.091;0.012;0.7889;0.0804;1077.9;1.0789;0.9321;0.1224;0.0228;0.0016;1080.9;931.06;122.3;22.017;1.5218;161.89;135.18;42.744;3.6269;1.6892;24.298;3.9634;22.36;0;1;0;0;1.8207;0.9774;1;1;0.8834;0.0681;0.9991;0.9999;1;0.9654;0.9498;0.999;0.999;1;0.999;0.999;0.9755;0.852;0.0646;3.1416;3.1411;0.0189;0.0038;0.5497;0.018;0.0638;0.0038;0;0;0.088;2.2815;0;0;0;0;0;0;0;0;0;0;0;0;0.0514;0.0226;2.4092;2.4092;0;74.496;74.496;54.556;0.0507;2710.8;888.75;1;0.0397;0.0397;0;0;0;0;0;0;2.3695;2.2815;0;14.422;16.7;13.657;15.815;98.352;98.352;26.494;20.317;19.241;6.1761;1.077;0.2331;0.0406;0.7262;21.762;0.7145;0
24/11/21 08:00;45.11;-84.521;3.8639;45.241;44.759;-90;-44.759;561.6;257;304.6;21.1;4.89;0;428.97;152.41;110.9;0;13.84;706.12;0;706.12;428.97;110.9;152.41;13.84;0.6075;0.2354;0;0.0196;680.88;25.245;0;0;12.479;12.766;675.5;4.6964;0.0572;0.0148;4.5584;0.0659;680.2;0.6809;0.429;0.1109;0.1399;0.0011;679.36;428.48;110.77;135.23;1.0067;275.02;229.64;74.511;9.1398;2.9397;42.286;3.8594;36.086;0;1;0;0;1.2573;0.9642;1;1;0.9181;0.0776;0.9931;0.9999;1;0.9674;0.9385;0.999;0.999;1;0.999;0.999;0.9566;0.8873;0.0727;2.0096;2.0284;0.0122;-0.0005;0.2134;0.0126;0.0448;0.0071;0;0;0.088;1.5785;0;0;0;0;0;0;0;0;0;0;0;0;0.0361;0.0098;1.6929;1.6929;0;54.781;54.781;33.68;0.0499;1747.9;968.52;1;0.0264;0.0264;0;0;0;0;0;0;1.6665;1.5785;0;15.842;18.345;14.772;17.106;98.443;98.443;16.947;14.276;13.312;2.6705;0.9644;0.1576;0.0569;0.7855;113.18;0.7518;0
24/11/21 09:00;57.134;-72.864;9.2008;58.309;31.692;-90;-31.692;260.4;254.9;5.4934;21.9;5.0199;0;6.4561;234.8;1.3963;0;3.3004;245.95;0;245.95;6.4561;1.3963;234.8;3.3004;0.0262;0.9681;0;0.0134;231.72;14.233;0;0;11.33;2.9027;224.17;7.313;0.002;0.0004;7.2454;0.0651;231.49;0.2317;0.0065;0.0014;0.2235;0.0004;225.2;6.4476;1.3945;216;0.3322;160.07;133.66;42.865;4.2985;1.6773;24.127;1.0233;21.506;0;1;0;0;0.9445;0.9421;1;1;0.9517;0.1205;0.9684;0.9997;1;0.9675;0.8362;0.999;0.999;1;0.999;0.999;0.9115;0.9199;0.1007;0.7;0.6926;0.0042;0.0159;0.0198;0.0046;0.0162;0.0043;0;0;0.088;0.5147;0;0;0;0;0;0;0;0;0;0;0;0;0.0131;0.0014;0.6132;0.6132;0;32.947;32.947;11.047;0.0493;592.56;1034.8;1;0.0105;0.0105;0;0;0;0;0;0;0.6027;0.5147;0;16.475;19.078;13.829;16.014;98.292;98.292;5.9028;5.1712;4.3408;0.7316;0.8304;0.1239;0.1407;0.7354;156.61;0.6851;0
24/11/21 10:00;68.126;-53.453;12.818;72.124;17.876;-90;-17.876;246.41;242.1;4.312;19.62;4.7601;0;4.5307;235.47;0.8424;0;1.0111;241.86;0;241.86;4.5307;0.8424;235.47;1.0111;0.0187;0.9778;0;0.0042;236.51;5.3487;0;0;4.5071;0.8416;227.96;8.3098;0.002;0.0004;8.2698;0.0376;236.27;0.2365;0.0045;0.0008;0.231;0.0002;228.2;4.5242;0.8411;222.46;0.1317;147.82;123.43;37.773;0.5667;1.4456;20.794;0.2368;21.673;0;1;0;0;0.9815;0.9779;1;1;0.9809;0.1677;0.9648;0.9996;1;0.9642;0.7779;0.999;0.999;1;0.999;0.999;0.9425;0.9448;0.1303;0.6883;0.6945;0.0042;0.0159;0.0145;0.0046;0.0164;0.0038;0;0;0.088;0.5219;0;0;0;0;0;0;0;0;0;0;0;0;0.0132;0.0014;0.6206;0.6206;0;30.832;30.832;11.212;0.0492;594.01;1044.7;1;0.0107;0.0107;0;0;0;0;0;0;0.6099;0.5219;0;16.955;19.634;14.259;16.512;98.28;98.28;5.8045;5.2333;4.4012;0.5712;0.8321;0.0984;0.1434;0.7582;144.91;0.7124;0
24/11/21 11:00;75.162;-13.465;14.421;86.47;3.5301;-90;-3.5301;464.1;422.9;41.206;21.81;3.9899;0;41.284;409.66;12.872;0;0.0748;463.89;0;463.89;41.284;12.872;409.66;0.0748;0.089;0.8833;0;0.0002;463.27;0.6239;0;0;0.5615;0.0624;444.67;18.133;0.0205;0.0064;18.103;0.0028;462.8;0.4633;0.0413;0.0129;0.4091;0;444.67;41.222;12.852;390.59;0.0097;274.73;229.4;69.49;-0.0019;2.6641;38.322;-0.0021;40.988;0;1;0;0;0.9995;0.9987;1;1;0.9986;0.1664;0.9608;0.9995;1;0.9557;0.7775;0.999;0.999;1;0.999;0.999;0.9586;0.9534;0.1292;1.3202;1.349;0.0081;0.0072;0.0901;0.0087;0.0309;0.0067;0;0;0.088;1.0617;0;0;0;0;0;0;0;0;0;0;0;0;0.0249;0.0046;1.1678;1.1678;0;43.82;43.82;22.01;0.0495;1160;1006.8;1;0.0181;0.0181;0;0;0;0;0;0;1.1497;1.0617;0;16.635;19.263;15.124;17.513;98.454;98.454;11.133;9.8481;8.9538;1.2853;0.8943;0.1154;0.0803;0.8042;242.89;0.7574;0
24/11/21 12:00;72.411;37.536;13.864;79.069;10.931;90;10.931;248.5;244.4;4.1005;21.2;3.13;0;4.1763;241.44;0.7631;0;0.3833;246.76;0;246.76;4.1763;0.7631;241.44;0.3833;0.0169;0.98;0;0.0016;244.42;2.3461;0;0;2.0272;0.3189;234.52;9.655;0.002;0.0004;9.6382;0.0145;244.17;0.2444;0.0042;0.0008;0.2394;0.0001;234.58;4.1701;0.762;229.53;0.0498;147.89;123.49;37.332;0.0984;1.4457;20.795;0.0683;22.143;0;1;0;0;0.993;0.9905;1;1;0.9916;0.1679;0.9605;0.9995;1;0.9597;0.7748;0.999;0.999;1;0.999;0.999;0.9504;0.9507;0.13;0.7023;0.7128;0.0043;0.0157;0.0199;0.0047;0.0167;0.0037;0;0;0.088;0.5341;0;0;0;0;0;0;0;0;0;0;0;0;0.0135;0.0015;0.6329;0.6329;0;32.75;32.75;11.55;0.0493;610.23;1037.1;1;0.0108;0.0108;0;0;0;0;0;0;0.6221;0.5341;0;16.948;19.625;14.303;16.562;98.299;98.299;5.9223;5.3372;4.5043;0.5851;0.8329;0.0988;0.1406;0.7606;145.07;0.7154;0
24/11/21 13:00;62.712;64.938;11.199;64.953;25.047;90;25.047;55.908;55.697;0.2115;21.14;3.05;0;0.2335;53.069;0.0104;0;0.4469;53.759;0;53.759;0.2335;0.0104;53.069;0.4469;0.0043;0.9955;0;0.0083;51.612;2.147;0;0;1.7645;0.3825;49.841;1.7202;0.0001;0;1.707;0.0131;51.561;0.0516;0.0002;0;0.0513;0.0001;49.965;0.2331;0.0104;49.546;0.0512;34.004;28.394;8.886;0.4274;0.339;4.877;0.1239;4.7886;0;1;0;0;0.9616;0.9601;1;1;0.9668;0.144;0.9666;0.9996;1;0.9667;0.7963;0.999;0.999;1;0.999;0.999;0.9271;0.9336;0.1146;0.153;0.1527;0.0009;0.0133;-0.0008;0.001;0.0035;0.0008;0;0;0.088;0.0378;0;0;0;0;0;0;0;0;0;0;0;0;0.0028;0.0001;0.131;0.131;0;23.614;23.614;2.4741;0.0496;129.14;1014.7;1;0.0053;0.0053;0;0;0;0;0;0;0.1258;0.0378;0;16.107;18.651;4.6433;5.3769;95.985;95.985;1.2902;1.1051;0.3186;0.1852;0.7865;0.1435;0.6096;0.2469;33.884;0.2312;0
24/11/21 14:00;51.026;79.38;6.6564;51.509;38.491;90;38.491;103.9;103.1;0.8061;19.06;3.7;0;1.0299;91.829;0.0973;0;1.9191;94.876;0;94.876;1.0299;0.0973;91.829;1.9191;0.0109;0.9881;0;0.0202;87.097;7.7791;0;0;6.0295;1.7496;84.22;2.7892;0.0002;0;2.7706;0.0183;87.009;0.0871;0.001;0.0001;0.0858;0.0002;84.869;1.0286;0.0972;82.943;0.151;65.002;54.277;17.966;3.2783;0.7444;10.708;0.649;8.1744;0;1;0;0;0.9131;0.918;1;1;0.9343;0.0883;0.9679;0.9998;1;0.9677;0.8917;0.999;0.999;1;0.999;0.999;0.8877;0.9032;0.0787;0.27;0.2643;0.0016;0.016;-0.0017;0.0017;0.0062;0.0019;0;0;0.088;0.1388;0;0;0;0;0;0;0;0;0;0;0;0;0.005;0.0003;0.2333;0.2333;0;23.214;23.214;4.1543;0.0493;224.64;1038.5;1;0.0065;0.0065;0;0;0;0;0;0;0.2268;0.1388;0;16.248;18.815;9.6674;11.195;97.222;97.222;2.277;1.9673;1.1705;0.3097;0.7968;0.136;0.3499;0.5141;64.582;0.474;0
24/11/21 15:00;38.829;89.259;0.577;38.832;51.168;90;51.168;15.608;15.599;0.0094;19.3;4.0601;0;0.015;12.69;0.0003;0;0.4948;13.2;0;13.2;0.015;0.0003;12.69;0.4948;0.0011;0.9988;0;0.0375;11.471;1.729;0;0;1.2664;0.4627;11.077;0.3821;0;0;0.3808;0.0014;11.459;0.0115;0;0;0.0114;0;11.271;0.015;0.0003;11.031;0.0308;10.028;8.3736;2.9159;1.2096;0.1512;2.1752;0.1934;1.1168;0;1;0;0;0.8457;0.869;1;1;0.9002;0.065;0.9667;1;1;0.9666;0.9578;0.999;0.999;1;0.999;0.999;0.8392;0.8693;0.0622;0.0376;0.0366;0.0002;0.0067;-0.0007;0.0002;0.0008;0.0003;0;0;0.088;-0.0621;0;0;0;0;0;0;0;0;0;0;0;0;0.0006;0;0.0284;0.0284;0;19.862;19.862;0.5614;0.0507;29.52;963.13;1;0.0026;0.0026;0;0;0;0;0;0;0.0259;-0.0621;0;14.233;16.482;-31.106;-36.02;90.965;90.965;0.3168;0.2398;-0.524;0.077;0.7638;0.2431;2.411;0;10.025;0;0
24/11/21 16:00;26.594;97.461;7.3972;26.789;60;90;60;47.801;47.502;0.2995;19.4;3.9199;0;0.6635;35.609;0.0502;0;2.0315;38.354;0;38.354;0.6635;0.0502;35.609;2.0315;0.0173;0.9814;0;0.053;31.977;6.3773;0;0;4.4767;1.9005;30.836;1.1096;0.0002;0;1.1005;0.0089;31.945;0.032;0.0007;0.0001;0.0311;0.0001;31.678;0.6626;0.0501;30.001;0.122;31.03;25.91;9.4086;5.9537;0.5865;8.4369;0.8425;3.0697;0;1;0;0;0.8024;0.8337;1;1;0.8743;0.0645;0.9653;0.9997;1;0.9646;0.9318;0.999;0.999;1;0.999;0.999;0.804;0.8425;0.06;0.1092;0.1075;0.0006;0.0115;-0.0016;0.0007;0.0024;0.0014;0;0;0.088;-0.0017;0;0;0;0;0;0;0;0;0;0;0;0;0.0019;0.0001;0.0905;0.0905;0;20.937;20.937;1.5369;0.0498;89.92;1006;1;0.0042;0.0042;0;0;0;0;0;0;0.0863;-0.0017;0;15.585;18.048;-0.296;-0.3427;95.379;95.379;0.9205;0.7629;-0.0145;0.1576;0.7774;0.1712;0.8445;0;31;0;0
24/11/21 17:00;14.575;105.22;52.388;15.081;24.044;90;24.044;63.097;62.203;0.8942;19.63;3.7499;0;2.1687;59.353;0.382;0;0.4654;62.369;0;62.369;2.1687;0.382;59.353;0.4654;0.0348;0.9591;0;0.0075;60.125;2.2447;0;0;1.8482;0.3965;58.085;1.9795;0.0342;0.006;1.925;0.0143;60.065;0.0601;0.0022;0.0004;0.0575;0.0001;58.21;2.1324;0.3756;55.523;0.0545;37.68;31.463;9.7936;0.4134;0.3752;5.3974;0.1248;5.3592;0;1;0;0;0.9885;0.964;1;1;0.9689;0.1479;0.967;0.9842;1;0.9665;0.7921;0.999;0.999;1;0.999;0.999;0.9313;0.9355;0.117;0.1775;0.1774;0.0011;0.0141;-0.0016;0.0011;0.0041;0.0009;0;0;0.088;0.0604;0;0;0;0;0;0;0;0;0;0;0;0;0.0033;0.0002;0.1542;0.1542;0;22.505;22.505;2.8754;0.0495;150.27;1025.9;1;0.0058;0.0058;0;0;0;0;0;0;0.1484;0.0604;0;16.335;18.915;6.3987;7.4095;96.251;96.251;1.4969;1.3002;0.5093;0.1967;0.7909;0.1314;0.5283;0.3403;37.675;0.3195;0
24/11/21 18:00;4.3179;112.28;79.479;4.6648;6.7108;90;6.7108;9.2985;9.1996;0.0989;19.9;3.9099;0;0.2397;9.1595;0.0209;0;0.0054;9.4256;0;9.4256;0.2397;0.0209;9.1595;0.0054;0.0254;0.9723;0;0.0006;9.3867;0.0389;0;0;0.0344;0.0045;8.9084;0.4689;0.0725;0.0063;0.3898;0.0002;9.3773;0.0094;0.0002;0;0.0091;0;8.9089;0.167;0.0145;8.7262;0.0007;5.4539;4.554;1.3698;0.0005;0.0536;0.7703;0.0006;0.8234;0;1;0;0;1.0137;0.9959;1;1;0.9962;0.1671;0.95;0.6971;1;0.9572;0.7758;0.999;0.999;1;0.999;0.999;0.9451;0.9527;0.1295;0.0268;0.027;0.0002;0.0057;-0.0004;0.0002;0.0005;0.0001;0;0;0.088;-0.07;0;0;0;0;0;0;0;0;0;0;0;0;0.0004;0;0.0204;0.0204;0;20.354;20.354;0.4539;0.051;21.445;949.11;1;0.0024;0.0024;0;0;0;0;0;0;0.018;-0.07;0;14.269;16.523;-49.091;-56.846;88.326;88.326;0.2262;0.1716;-0.5905;0.0546;0.7622;0.2412;3.3692;0;5.4534;0;0
24/11/21 19:00;0;0;90;0;0;90;0;0;0;0;19.6;4.3001;0;0;0;0;0;0;0;0;0;0;0;0;0;1;1;1;1;0;0;0;0;0;0;0;0;0;0;0;0;0;0;0;0;0;0;0;0;0;0;0;0;0;0;0;0;0;0;0;0;0;0;0;1;1;1;1;1;1;1;1;1;1;1;1;1;1;1;1;1;1;1;0;0;0;0;0;0;0;0;0;0.0004;0.088;-0.0884;0;0;0;0;0;0;0;0;0;0;0;0;0;0;0;0;0;0;0;-19.6;0;0;0;0;0.0004;0;0;0;0;0;0;0;-0.0004;-0.0884;0;0;0;0;0;0;0;0;0;-0.7452;0;0.7452;1;1;0;0;0;0
24/11/21 20:00;0;0;90;0;0;90;0;0;0;0;19.58;4.4601;0;0;0;0;0;0;0;0;0;0;0;0;0;1;1;1;1;0;0;0;0;0;0;0;0;0;0;0;0;0;0;0;0;0;0;0;0;0;0;0;0;0;0;0;0;0;0;0;0;0;0;0;1;1;1;1;1;1;1;1;1;1;1;1;1;1;1;1;1;1;1;0;0;0;0;0;0;0;0;0;0.0004;0.088;-0.0884;0;0;0;0;0;0;0;0;0;0;0;0;0;0;0;0;0;0;0;-19.58;0;0;0;0;0.0004;0;0;0;0;0;0;0;-0.0004;-0.0884;0;0;0;0;0;0;0;0;0;-0.7452;0;0.7452;1;1;0;0;0;0
24/11/21 21:00;0;0;90;0;0;90;0;0;0;0;19.1;4.56;0;0;0;0;0;0;0;0;0;0;0;0;0;1;1;1;1;0;0;0;0;0;0;0;0;0;0;0;0;0;0;0;0;0;0;0;0;0;0;0;0;0;0;0;0;0;0;0;0;0;0;0;1;1;1;1;1;1;1;1;1;1;1;1;1;1;1;1;1;1;1;0;0;0;0;0;0;0;0;0;0.0004;0.088;-0.0884;0;0;0;0;0;0;0;0;0;0;0;0;0;0;0;0;0;0;0;-19.1;0;0;0;0;0.0004;0;0;0;0;0;0;0;-0.0004;-0.0884;0;0;0;0;0;0;0;0;0;-0.7452;0;0.7452;1;1;0;0;0;0
24/11/21 22:00;0;0;90;0;0;90;0;0;0;0;18.79;4.5499;0;0;0;0;0;0;0;0;0;0;0;0;0;1;1;1;1;0;0;0;0;0;0;0;0;0;0;0;0;0;0;0;0;0;0;0;0;0;0;0;0;0;0;0;0;0;0;0;0;0;0;0;1;1;1;1;1;1;1;1;1;1;1;1;1;1;1;1;1;1;1;0;0;0;0;0;0;0;0;0;0.0004;0.088;-0.0884;0;0;0;0;0;0;0;0;0;0;0;0;0;0;0;0;0;0;0;-18.79;0;0;0;0;0.0004;0;0;0;0;0;0;0;-0.0004;-0.0884;0;0;0;0;0;0;0;0;0;-0.7452;0;0.7452;1;1;0;0;0;0
24/11/21 23:00;0;0;90;0;0;90;0;0;0;0;18.2;4.27;0;0;0;0;0;0;0;0;0;0;0;0;0;1;1;1;1;0;0;0;0;0;0;0;0;0;0;0;0;0;0;0;0;0;0;0;0;0;0;0;0;0;0;0;0;0;0;0;0;0;0;0;1;1;1;1;1;1;1;1;1;1;1;1;1;1;1;1;1;1;1;0;0;0;0;0;0;0;0;0;0.0004;0.088;-0.0884;0;0;0;0;0;0;0;0;0;0;0;0;0;0;0;0;0;0;0;-18.2;0;0;0;0;0.0004;0;0;0;0;0;0;0;-0.0004;-0.0884;0;0;0;0;0;0;0;0;0;-0.7452;0;0.7452;1;1;0;0;0;0
25/11/21 00:00;0;0;90;0;0;90;0;0;0;0;18.23;3.7499;0;0;0;0;0;0;0;0;0;0;0;0;0;1;1;1;1;0;0;0;0;0;0;0;0;0;0;0;0;0;0;0;0;0;0;0;0;0;0;0;0;0;0;0;0;0;0;0;0;0;0;0;1;1;1;1;1;1;1;1;1;1;1;1;1;1;1;1;1;1;1;0;0;0;0;0;0;0;0;0;0.0004;0.088;-0.0884;0;0;0;0;0;0;0;0;0;0;0;0;0;0;0;0;0;0;0;-18.23;0;0;0;0;0.0004;0;0;0;0;0;0;0;-0.0004;-0.0884;0;0;0;0;0;0;0;0;0;-0.7452;0;0.7452;1;1;0;0;0;0
25/11/21 01:00;0;0;90;0;0;90;0;0;0;0;17.8;3.07;0;0;0;0;0;0;0;0;0;0;0;0;0;1;1;1;1;0;0;0;0;0;0;0;0;0;0;0;0;0;0;0;0;0;0;0;0;0;0;0;0;0;0;0;0;0;0;0;0;0;0;0;1;1;1;1;1;1;1;1;1;1;1;1;1;1;1;1;1;1;1;0;0;0;0;0;0;0;0;0;0.0004;0.088;-0.0884;0;0;0;0;0;0;0;0;0;0;0;0;0;0;0;0;0;0;0;-17.8;0;0;0;0;0.0004;0;0;0;0;0;0;0;-0.0004;-0.0884;0;0;0;0;0;0;0;0;0;-0.7452;0;0.7452;1;1;0;0;0;0
25/11/21 02:00;0;0;90;0;0;90;0;0;0;0;18;2.5599;0;0;0;0;0;0;0;0;0;0;0;0;0;1;1;1;1;0;0;0;0;0;0;0;0;0;0;0;0;0;0;0;0;0;0;0;0;0;0;0;0;0;0;0;0;0;0;0;0;0;0;0;1;1;1;1;1;1;1;1;1;1;1;1;1;1;1;1;1;1;1;0;0;0;0;0;0;0;0;0;0.0004;0.088;-0.0884;0;0;0;0;0;0;0;0;0;0;0;0;0;0;0;0;0;0;0;-18;0;0;0;0;0.0004;0;0;0;0;0;0;0;-0.0004;-0.0884;0;0;0;0;0;0;0;0;0;-0.7452;0;0.7452;1;1;0;0;0;0
25/11/21 03:00;0;0;90;0;0;90;0;0;0;0;18.1;2.19;0;0;0;0;0;0;0;0;0;0;0;0;0;1;1;1;1;0;0;0;0;0;0;0;0;0;0;0;0;0;0;0;0;0;0;0;0;0;0;0;0;0;0;0;0;0;0;0;0;0;0;0;1;1;1;1;1;1;1;1;1;1;1;1;1;1;1;1;1;1;1;0;0;0;0;0;0;0;0;0;0.0004;0.088;-0.0884;0;0;0;0;0;0;0;0;0;0;0;0;0;0;0;0;0;0;0;-18.1;0;0;0;0;0.0004;0;0;0;0;0;0;0;-0.0004;-0.0884;0;0;0;0;0;0;0;0;0;-0.7452;0;0.7452;1;1;0;0;0;0
25/11/21 04:00;1.7081;-114.47;85.854;1.8766;2.6786;-90;-2.6786;0;0;0;17.74;1.9901;0;0;0;0;0;0;0;0;0;0;0;0;0;1;1;1;1;0;0;0;0;0;0;0;0;0;0;0;0;0;0;0;0;0;0;0;0;0;0;0;0;0;0;0;0;0;0;0;0;0;0;0;1;1;1;1;1;1;1;1;1;1;1;1;1;1;1;1;1;1;1;0;0;0;0;0;0;0;0;0;0.0004;0.088;-0.0884;0;0;0;0;0;0;0;0;0;0;0;0;0;0;0;0;0;0;0;-17.74;0;0;0;0;0.0004;0;0;0;0;0;0;0;-0.0004;-0.0884;0;0;0;0;0;0;0;0;0;-0.7452;0;0.7452;1;1;0;0;0;0
25/11/21 05:00;8.9175;-109.26;67.917;9.4372;13.995;-90;-13.995;63.702;53.302;10.4;18.27;1.9199;0;25.223;50.001;6.1792;0;0.1607;81.564;0;81.564;25.223;6.1792;50.001;0.1607;0.3092;0.615;0;0.002;80.797;0.7672;0;0;0.6337;0.1335;76.123;4.5936;2.1659;0.5306;1.891;0.0061;80.716;0.0808;0.0252;0.0062;0.0494;0;76.149;23.032;5.6424;47.427;0.0211;30.386;25.372;7.7075;0.0505;0.2965;4.2657;0.0265;4.5118;0;1;0;0;1.2804;0.9906;1;1;0.9873;0.1697;0.9431;0.914;1;0.9617;0.7758;0.999;0.999;1;0.999;0.999;0.9333;0.9485;0.1315;0.2321;0.2264;0.0014;0.0154;-0.0025;0.0015;0.0053;0.0008;0;0;0.088;0.1059;0;0;0;0;0;0;0;0;0;0;0;0;0.0042;0.0002;0.2002;0.2002;0;22.025;22.025;3.7552;0.0493;192.58;1039.4;1;0.0063;0.0063;0;0;0;0;0;0;0.1939;0.1059;0;16.217;18.779;8.5811;9.9367;96.877;96.877;1.9575;1.6881;0.8932;0.2695;0.7948;0.1377;0.406;0.4563;30.322;0.4391;0
25/11/21 06:00;20.739;-101.46;30.815;21.124;39.809;-90;-39.809;168.51;145.3;23.207;19.8;2.73;0;56.284;122.46;16.453;0;3.3203;198.52;0;198.52;56.284;16.453;122.46;3.3203;0.2835;0.6336;0;0.0167;187.05;11.47;0;0;8.4424;3.028;183.03;3.8257;0.0851;0.0249;3.6889;0.0268;186.86;0.187;0.0563;0.0165;0.114;0.0003;183.98;56.142;16.412;110.21;0.2651;87.237;72.843;24.199;4.9072;1.0264;14.764;0.946;10.883;0;1;0;0;1.1781;0.9422;1;1;0.9311;0.088;0.9795;0.9985;1;0.9676;0.9081;0.999;0.999;1;0.999;0.999;0.922;0.9;0.0798;0.565;0.556;0.0033;0.0169;0.0076;0.0037;0.0131;0.0027;0;0;0.088;0.3999;0;0;0;0;0;0;0;0;0;0;0;0;0.0106;0.001;0.497;0.497;0;28.803;28.803;9.0032;0.0492;475.38;1045.6;1;0.0092;0.0092;0;0;0;0;0;0;0.4879;0.3999;0;16.545;19.158;13.31;15.413;98.153;98.153;4.7644;4.1916;3.3721;0.5728;0.8195;0.1202;0.172;0.7078;87.09;0.6704;0
25/11/21 07:00;32.89;-93.613;3.0332;32.942;57.058;-90;-57.058;139.59;137.1;2.4907;22.57;3.06;0;4.5802;105.48;0.8239;0;5.4131;116.3;0;116.3;4.5802;0.8239;105.48;5.4131;0.0394;0.9535;0;0.0465;98.971;17.331;0;0;12.286;5.0444;95.633;3.2388;0.0005;0.0001;3.2198;0.0184;98.872;0.099;0.0046;0.0008;0.0932;0.0004;97.804;4.5752;0.823;89.885;0.3499;89.51;74.74;26.812;14.744;1.5553;22.372;2.1711;9.1834;0;1;0;0;0.8331;0.851;1;1;0.8835;0.0681;0.9672;0.9999;1;0.9654;0.95;0.999;0.999;1;0.999;0.999;0.8223;0.8521;0.0646;0.331;0.3246;0.002;0.0168;0.0027;0.0021;0.0075;0.004;0;0;0.088;0.1884;0;0;0;0;0;0;0;0;0;0;0;0;0.0061;0.0004;0.2831;0.2831;0;27.297;27.297;4.7272;0.0494;275.72;1026.8;1;0.0067;0.0067;0;0;0;0;0;0;0.2764;0.1884;0;16.085;18.626;10.703;12.394;97.624;97.624;2.7912;2.3874;1.5886;0.4038;0.7988;0.1447;0.2862;0.5691;88.788;0.4975;0
25/11/21 08:00;45.145;-84.811;3.6572;45.263;44.737;-90;-44.737;216.79;212.1;4.6978;21.81;2.8601;0;6.6134;180.52;1.4097;0;5.3376;193.88;0;193.88;6.6134;1.4097;180.52;5.3376;0.0341;0.9586;0;0.0275;174.19;19.693;0;0;14.77;4.9233;168.59;5.4258;0.0008;0.0002;5.3993;0.0255;174.02;0.1742;0.0066;0.0014;0.1658;0.0004;170.53;6.606;1.4081;160.19;0.3884;136.44;113.93;38.542;10.805;1.7635;25.368;1.9425;16.327;0;1;0;0;0.8943;0.8984;1;1;0.9182;0.0776;0.9688;0.9999;1;0.9674;0.9384;0.999;0.999;1;0.999;0.999;0.8695;0.8874;0.0728;0.5518;0.5387;0.0032;0.017;0.01;0.0036;0.0126;0.0045;0;0;0.088;0.3798;0;0;0;0;0;0;0;0;0;0;0;0;0.0102;0.0009;0.4767;0.4767;0;30.118;30.118;8.3079;0.0493;459.68;1036.9;1;0.0089;0.0089;0;0;0;0;0;0;0.4678;0.3798;0;16.246;18.812;12.944;14.989;98.138;98.138;4.6532;4.0198;3.2028;0.6334;0.817;0.1361;0.1756;0.6883;134.03;0.6269;0
25/11/21 09:00;57.183;-73.237;8.993;58.306;31.694;-90;-31.694;246.19;241.4;4.7954;20.6;2.3199;0;5.636;222.49;1.1534;0;3.1209;232.4;0;232.4;5.636;1.1534;222.49;3.1209;0.0243;0.9708;0;0.0134;218.92;13.483;0;0;10.738;2.7449;211.77;6.9291;0.0017;0.0004;6.8655;0.0615;218.7;0.2189;0.0056;0.0012;0.2118;0.0004;212.74;5.6286;1.1519;204.68;0.3141;151.39;126.41;40.54;4.0744;1.5871;22.829;0.968;20.342;0;1;0;0;0.944;0.942;1;1;0.9517;0.1205;0.9683;0.9997;1;0.9675;0.8362;0.999;0.999;1;0.999;0.999;0.9112;0.9199;0.1007;0.6614;0.6544;0.0039;0.0163;0.0142;0.0043;0.0154;0.0041;0;0;0.088;0.4844;0;0;0;0;0;0;0;0;0;0;0;0;0.0124;0.0013;0.5825;0.5825;0;31.023;31.023;10.423;0.0492;559.27;1041.5;1;0.0101;0.0101;0;0;0;0;0;0;0.5724;0.4844;0;16.563;19.179;13.773;15.949;98.263;98.263;5.5776;4.9123;4.0849;0.6653;0.8274;0.1193;0.1483;0.7324;148.4;0.6822;0
25/11/21 10:00;68.216;-53.957;12.613;72.092;17.908;-90;-17.908;393.99;371.8;22.196;21.1;1.95;0;23.326;356.61;6.654;0;1.6226;388.21;0;388.21;23.326;6.654;356.61;1.6226;0.0601;0.9228;0;0.0042;380.02;8.1972;0;0;6.8466;1.3506;367.05;12.59;0.0102;0.0029;12.516;0.0603;379.64;0.38;0.0233;0.0067;0.3498;0.0003;367.43;23.293;6.6444;336.9;0.2114;235.72;196.83;60.403;0.8638;2.2916;32.964;0.3797;34.392;0;1;0;0;0.9853;0.9789;1;1;0.9808;0.1676;0.9668;0.9996;1;0.9642;0.7779;0.999;0.999;1;0.999;0.999;0.9455;0.9447;0.1303;1.1048;1.1173;0.0067;0.0105;0.0566;0.0073;0.0259;0.0058;0;0;0.088;0.8767;0;0;0;0;0;0;0;0;0;0;0;0;0.0209;0.0033;0.9802;0.9802;0;39.219;39.219;18.118;0.0494;959.82;1021.3;1;0.0155;0.0155;0;0;0;0;0;0;0.9647;0.8767;0;16.685;19.321;14.923;17.281;98.419;98.419;9.3172;8.2664;7.3936;1.0508;0.8728;0.1128;0.0937;0.7935;219.5;0.7461;0
25/11/21 11:00;75.339;-13.893;14.223;86.406;3.5944;-90;-3.5944;93.102;92.502;0.5998;21.3;1.7501;0;0.601;92.37;0.0409;0;0.0156;93.028;0;93.028;0.601;0.0409;92.37;0.0156;0.0065;0.9931;0;0.0002;92.885;0.1431;0;0;0.1301;0.013;88.712;4.0801;0.0003;0;4.0792;0.0006;92.792;0.0929;0.0006;0;0.0922;0;88.711;0.6001;0.0409;88.069;0.002;55.148;46.049;13.885;-0.0004;0.539;7.7534;-0.0005;8.2928;0;1;0;0;0.9992;0.9985;1;1;0.9986;0.1664;0.956;0.9995;1;0.9557;0.7775;0.999;0.999;1;0.999;0.999;0.9536;0.9534;0.1293;0.2647;0.2693;0.0016;0.0161;0.0007;0.0018;0.0062;0.0014;0;0;0.088;0.1418;0;0;0;0;0;0;0;0;0;0;0;0;0.005;0.0003;0.2362;0.2362;0;25.682;25.682;4.3826;0.0494;229.33;1030.2;1;0.0064;0.0064;0;0;0;0;0;0;0.2298;0.1418;0;16.781;19.432;10.074;11.666;97.284;97.284;2.2327;1.9923;1.1961;0.2404;0.7962;0.1077;0.3566;0.5357;54.771;0.5042;0
25/11/21 12:00;72.614;37.687;13.678;79.164;10.836;90;10.836;323.1;315.5;7.6003;21.2;1.71;0;7.7383;310.91;1.8227;0;0.4897;320.97;0;320.97;7.7383;1.8227;310.91;0.4897;0.0241;0.9702;0;0.0015;317.99;2.9802;0;0;2.5727;0.4075;305.21;12.454;0.0037;0.0009;12.431;0.0185;317.67;0.318;0.0077;0.0018;0.3083;0.0001;305.3;7.7269;1.82;295.6;0.0636;192.24;160.52;48.568;0.1226;1.876;26.985;0.0867;28.739;0;1;0;0;0.9934;0.9907;1;1;0.9917;0.1679;0.9608;0.9995;1;0.9596;0.7748;0.999;0.999;1;0.999;0.999;0.9509;0.9508;0.13;0.9134;0.9275;0.0056;0.0132;0.0373;0.0061;0.0216;0.0048;0;0;0.088;0.7179;0;0;0;0;0;0;0;0;0;0;0;0;0.0174;0.0023;0.8192;0.8192;0;36.247;36.247;15.047;0.0493;795.88;1029.2;1;0.0132;0.0132;0;0;0;0;0;0;0.8059;0.7179;0;16.865;19.529;14.78;17.115;98.384;98.384;7.7032;6.908;6.0543;0.7951;0.8537;0.1032;0.1108;0.7859;186.77;0.7394;0
25/11/21 13:00;62.886;65.184;11.028;65.074;24.926;90;24.926;104.49;103.7;0.7936;21.04;2.1401;0;0.8751;98.805;0.0726;0;0.8273;100.58;0;100.58;0.8751;0.0726;98.805;0.8273;0.0087;0.9906;0;0.0082;96.612;3.9676;0;0;3.2598;0.7078;93.309;3.206;0.0003;0;3.1813;0.0244;96.515;0.0966;0.0009;0.0001;0.0955;0.0001;93.537;0.8739;0.0725;92.268;0.095;63.511;53.032;16.624;0.7822;0.6304;9.0681;0.2279;8.9163;0;1;0;0;0.9626;0.9606;1;1;0.967;0.1445;0.9668;0.9996;1;0.9667;0.7958;0.999;0.999;1;0.999;0.999;0.9277;0.9338;0.1149;0.2862;0.2858;0.0017;0.0163;0.0007;0.0019;0.0066;0.0016;0;0;0.088;0.1567;0;0;0;0;0;0;0;0;0;0;0;0;0.0053;0.0003;0.2513;0.2513;0;25.647;25.647;4.6071;0.0494;243.37;1032.4;1;0.0065;0.0065;0;0;0;0;0;0;0.2447;0.1567;0;16.507;19.115;10.295;11.922;97.394;97.394;2.4139;2.1189;1.3215;0.295;0.7973;0.1222;0.3303;0.5475;63.04;0.5128;0
25/11/21 14:00;51.186;79.591;6.5022;51.65;38.35;90;38.35;77.709;77.302;0.4062;19.93;3.0201;0;0.5179;68.937;0.0366;0;1.4252;70.917;0;70.917;0.5179;0.0366;68.937;1.4252;0.0073;0.9922;0;0.0201;65.117;5.7995;0;0;4.5009;1.2986;62.958;2.0945;0.0001;0;2.0805;0.0139;65.052;0.0651;0.0005;0;0.0644;0.0001;63.44;0.5173;0.0366;62.291;0.1126;48.633;40.609;13.42;2.4305;0.5569;8.0112;0.4826;6.1376;0;1;0;0;0.9126;0.9182;1;1;0.9347;0.0888;0.9678;0.9998;1;0.9677;0.8903;0.999;0.999;1;0.999;0.999;0.8878;0.9036;0.079;0.2018;0.1976;0.0012;0.0147;-0.0014;0.0013;0.0045;0.0014;0;0;0.088;0.0781;0;0;0;0;0;0;0;0;0;0;0;0;0.0037;0.0002;0.172;0.172;0;23.045;23.045;3.1151;0.0495;167.45;1027.2;1;0.0059;0.0059;0;0;0;0;0;0;0.1661;0.0781;0;16.027;18.558;7.275;8.4243;96.557;96.557;1.702;1.4505;0.6584;0.2515;0.7921;0.1478;0.4654;0.3869;48.426;0.3567;0
25/11/21 15:00;38.985;89.436;0.4386;38.987;51.013;90;51.013;87.906;87.101;0.8051;19.9;3.7499;0;1.2796;70.885;0.1262;0;2.7711;75.062;0;75.062;1.2796;0.1262;70.885;2.7711;0.017;0.9813;0;0.0369;65.428;9.6335;0;0;7.0428;2.5907;63.229;2.1341;0;0;2.1264;0.0076;65.363;0.0654;0.0013;0.0001;0.0638;0.0002;64.3;1.2783;0.1261;61.652;0.1726;56.219;46.943;16.368;6.6855;0.8401;12.085;1.0715;6.2399;0;1;0;0;0.8539;0.8717;1;1;0.9006;0.0651;0.9673;1;1;0.9667;0.9576;0.999;0.999;1;0.999;0.999;0.8424;0.8697;0.0623;0.2136;0.2082;0.0013;0.015;-0.0015;0.0014;0.0048;0.0021;0;0;0.088;0.0871;0;0;0;0;0;0;0;0;0;0;0;0;0.0039;0.0002;0.1811;0.1811;0;23.028;23.028;3.1283;0.0495;176.24;1027.6;1;0.006;0.006;0;0;0;0;0;0;0.1751;0.0871;0;15.943;18.462;7.6688;8.8803;96.692;96.692;1.8015;1.5273;0.7346;0.2742;0.7926;0.1522;0.44;0.4078;55.911;0.3639;0
25/11/21 16:00;26.752;97.612;7.4407;26.956;60;90;60;86.499;85.497;1.0019;19.3;3.9801;0;2.2071;64.021;0.2987;0;3.6762;70.203;0;70.203;2.2071;0.2987;64.021;3.6762;0.0314;0.9643;0;0.0524;58.715;11.488;0;0;8.0486;3.4391;56.661;1.9953;0.0006;0.0001;1.9785;0.0162;58.657;0.0587;0.0022;0.0003;0.056;0.0002;58.176;2.2043;0.2983;53.938;0.2207;55.844;46.63;16.938;10.704;1.0545;15.168;1.5147;5.5189;0;1;0;0;0.8116;0.8364;1;1;0.8743;0.0645;0.966;0.9997;1;0.9646;0.9318;0.999;0.999;1;0.999;0.999;0.8071;0.8425;0.06;0.1998;0.1968;0.0012;0.0147;-0.0021;0.0013;0.0045;0.0027;0;0;0.088;0.0768;0;0;0;0;0;0;0;0;0;0;0;0;0.0037;0.0002;0.1707;0.1707;0;22.105;22.105;2.8048;0.0495;166.19;1027.1;1;0.0059;0.0059;0;0;0;0;0;0;0.1648;0.0768;0;16.068;18.606;7.228;8.3698;96.537;96.537;1.6849;1.4396;0.6476;0.2453;0.792;0.1456;0.47;0.3844;55.735;0.3308;0
25/11/21 17:00;14.739;105.35;51.901;15.259;24.406;90;24.406;45.594;45.2;0.3938;18.8;3.6501;0;0.955;43.133;0.1209;0;0.3463;44.555;0;44.555;0.955;0.1209;43.133;0.3463;0.0214;0.9759;0;0.0078;42.884;1.6712;0;0;1.3757;0.2956;41.42;1.4213;0.0144;0.0018;1.3947;0.0105;42.841;0.0429;0.001;0.0001;0.0418;0.0001;41.514;0.9397;0.1189;40.321;0.0402;27.438;22.911;7.1404;0.3168;0.2737;3.9369;0.0943;3.8937;0;1;0;0;0.9772;0.9625;1;1;0.9681;0.1465;0.9668;0.9849;1;0.9666;0.7936;0.999;0.999;1;0.999;0.999;0.9296;0.9348;0.1162;0.1268;0.1267;0.0008;0.0123;-0.0019;0.0008;0.0029;0.0007;0;0;0.088;0.016;0;0;0;0;0;0;0;0;0;0;0;0;0.0023;0.0001;0.1087;0.1087;0;20.856;20.856;2.0561;0.0496;106.75;1018.4;1;0.0047;0.0047;0;0;0;0;0;0;0.104;0.016;0;16.124;18.671;2.3714;2.7461;95.652;95.652;1.0693;0.9168;0.1348;0.1525;0.782;0.1426;0.7313;0.1261;27.436;0.1183;0
25/11/21 18:00;4.4894;112.4;79.057;4.8542;6.9886;90;6.9886;9.1031;9.0001;0.103;18.84;3.1999;0;0.2499;8.9582;0.0205;0;0.0057;9.2343;0;9.2343;0.2499;0.0205;8.9582;0.0057;0.0271;0.9707;0;0.0006;9.1936;0.0407;0;0;0.0359;0.0048;8.7263;0.4581;0.0721;0.0059;0.3798;0.0002;9.1844;0.0092;0.0002;0;0.0089;0;8.727;0.1775;0.0145;8.5336;0.0007;5.3366;4.4561;1.3407;0.0006;0.0524;0.7536;0.0007;0.8054;0;1;0;0;1.0144;0.9956;1;1;0.996;0.1672;0.9501;0.7111;1;0.9574;0.7757;0.999;0.999;1;0.999;0.999;0.945;0.9526;0.1296;0.0263;0.0265;0.0002;0.0056;-0.0005;0.0001;0.0005;0.0001;0;0;0.088;-0.0704;0;0;0;0;0;0;0;0;0;0;0;0;0.0004;0;0.02;0.02;0;19.285;19.285;0.4445;0.0509;20.963;952.78;1;0.0024;0.0024;0;0;0;0;0;0;0.0176;-0.0704;0;14.293;16.55;-50.377;-58.336;88.118;88.118;0.2216;0.1684;-0.5937;0.0532;0.7621;0.24;3.4388;0;5.3361;0;0
25/11/21 19:00;0;0;90;0;0;90;0;0;0;0;18.7;3.24;0;0;0;0;0;0;0;0;0;0;0;0;0;1;1;1;1;0;0;0;0;0;0;0;0;0;0;0;0;0;0;0;0;0;0;0;0;0;0;0;0;0;0;0;0;0;0;0;0;0;0;0;1;1;1;1;1;1;1;1;1;1;1;1;1;1;1;1;1;1;1;0;0;0;0;0;0;0;0;0;0.0004;0.088;-0.0884;0;0;0;0;0;0;0;0;0;0;0;0;0;0;0;0;0;0;0;-18.7;0;0;0;0;0.0004;0;0;0;0;0;0;0;-0.0004;-0.0884;0;0;0;0;0;0;0;0;0;-0.7452;0;0.7452;1;1;0;0;0;0
25/11/21 20:00;0;0;90;0;0;90;0;0;0;0;18.4;2.7801;0;0;0;0;0;0;0;0;0;0;0;0;0;1;1;1;1;0;0;0;0;0;0;0;0;0;0;0;0;0;0;0;0;0;0;0;0;0;0;0;0;0;0;0;0;0;0;0;0;0;0;0;1;1;1;1;1;1;1;1;1;1;1;1;1;1;1;1;1;1;1;0;0;0;0;0;0;0;0;0;0.0004;0.088;-0.0884;0;0;0;0;0;0;0;0;0;0;0;0;0;0;0;0;0;0;0;-18.4;0;0;0;0;0.0004;0;0;0;0;0;0;0;-0.0004;-0.0884;0;0;0;0;0;0;0;0;0;-0.7452;0;0.7452;1;1;0;0;0;0
25/11/21 21:00;0;0;90;0;0;90;0;0;0;0;18.26;2.2399;0;0;0;0;0;0;0;0;0;0;0;0;0;1;1;1;1;0;0;0;0;0;0;0;0;0;0;0;0;0;0;0;0;0;0;0;0;0;0;0;0;0;0;0;0;0;0;0;0;0;0;0;1;1;1;1;1;1;1;1;1;1;1;1;1;1;1;1;1;1;1;0;0;0;0;0;0;0;0;0;0.0004;0.088;-0.0884;0;0;0;0;0;0;0;0;0;0;0;0;0;0;0;0;0;0;0;-18.26;0;0;0;0;0.0004;0;0;0;0;0;0;0;-0.0004;-0.0884;0;0;0;0;0;0;0;0;0;-0.7452;0;0.7452;1;1;0;0;0;0
25/11/21 22:00;0;0;90;0;0;90;0;0;0;0;18;2.12;0;0;0;0;0;0;0;0;0;0;0;0;0;1;1;1;1;0;0;0;0;0;0;0;0;0;0;0;0;0;0;0;0;0;0;0;0;0;0;0;0;0;0;0;0;0;0;0;0;0;0;0;1;1;1;1;1;1;1;1;1;1;1;1;1;1;1;1;1;1;1;0;0;0;0;0;0;0;0;0;0.0004;0.088;-0.0884;0;0;0;0;0;0;0;0;0;0;0;0;0;0;0;0;0;0;0;-18;0;0;0;0;0.0004;0;0;0;0;0;0;0;-0.0004;-0.0884;0;0;0;0;0;0;0;0;0;-0.7452;0;0.7452;1;1;0;0;0;0
25/11/21 23:00;0;0;90;0;0;90;0;0;0;0;18;2.2399;0;0;0;0;0;0;0;0;0;0;0;0;0;1;1;1;1;0;0;0;0;0;0;0;0;0;0;0;0;0;0;0;0;0;0;0;0;0;0;0;0;0;0;0;0;0;0;0;0;0;0;0;1;1;1;1;1;1;1;1;1;1;1;1;1;1;1;1;1;1;1;0;0;0;0;0;0;0;0;0;0.0004;0.088;-0.0884;0;0;0;0;0;0;0;0;0;0;0;0;0;0;0;0;0;0;0;-18;0;0;0;0;0.0004;0;0;0;0;0;0;0;-0.0004;-0.0884;0;0;0;0;0;0;0;0;0;-0.7452;0;0.7452;1;1;0;0;0;0
26/11/21 00:00;0;0;90;0;0;90;0;0;0;0;18.1;2.13;0;0;0;0;0;0;0;0;0;0;0;0;0;1;1;1;1;0;0;0;0;0;0;0;0;0;0;0;0;0;0;0;0;0;0;0;0;0;0;0;0;0;0;0;0;0;0;0;0;0;0;0;1;1;1;1;1;1;1;1;1;1;1;1;1;1;1;1;1;1;1;0;0;0;0;0;0;0;0;0;0.0004;0.088;-0.0884;0;0;0;0;0;0;0;0;0;0;0;0;0;0;0;0;0;0;0;-18.1;0;0;0;0;0.0004;0;0;0;0;0;0;0;-0.0004;-0.0884;0;0;0;0;0;0;0;0;0;-0.7452;0;0.7452;1;1;0;0;0;0
26/11/21 01:00;0;0;90;0;0;90;0;0;0;0;18.2;1.9901;0;0;0;0;0;0;0;0;0;0;0;0;0;1;1;1;1;0;0;0;0;0;0;0;0;0;0;0;0;0;0;0;0;0;0;0;0;0;0;0;0;0;0;0;0;0;0;0;0;0;0;0;1;1;1;1;1;1;1;1;1;1;1;1;1;1;1;1;1;1;1;0;0;0;0;0;0;0;0;0;0.0004;0.088;-0.0884;0;0;0;0;0;0;0;0;0;0;0;0;0;0;0;0;0;0;0;-18.2;0;0;0;0;0.0004;0;0;0;0;0;0;0;-0.0004;-0.0884;0;0;0;0;0;0;0;0;0;-0.7452;0;0.7452;1;1;0;0;0;0
26/11/21 02:00;0;0;90;0;0;90;0;0;0;0;18.2;2.21;0;0;0;0;0;0;0;0;0;0;0;0;0;1;1;1;1;0;0;0;0;0;0;0;0;0;0;0;0;0;0;0;0;0;0;0;0;0;0;0;0;0;0;0;0;0;0;0;0;0;0;0;1;1;1;1;1;1;1;1;1;1;1;1;1;1;1;1;1;1;1;0;0;0;0;0;0;0;0;0;0.0004;0.088;-0.0884;0;0;0;0;0;0;0;0;0;0;0;0;0;0;0;0;0;0;0;-18.2;0;0;0;0;0.0004;0;0;0;0;0;0;0;-0.0004;-0.0884;0;0;0;0;0;0;0;0;0;-0.7452;0;0.7452;1;1;0;0;0;0
26/11/21 03:00;0;0;90;0;0;90;0;0;0;0;18;3.0101;0;0;0;0;0;0;0;0;0;0;0;0;0;1;1;1;1;0;0;0;0;0;0;0;0;0;0;0;0;0;0;0;0;0;0;0;0;0;0;0;0;0;0;0;0;0;0;0;0;0;0;0;1;1;1;1;1;1;1;1;1;1;1;1;1;1;1;1;1;1;1;0;0;0;0;0;0;0;0;0;0.0004;0.088;-0.0884;0;0;0;0;0;0;0;0;0;0;0;0;0;0;0;0;0;0;0;-18;0;0;0;0;0.0004;0;0;0;0;0;0;0;-0.0004;-0.0884;0;0;0;0;0;0;0;0;0;-0.7452;0;0.7452;1;1;0;0;0;0
26/11/21 04:00;1.5792;-114.8;86.168;1.7396;2.4826;-90;-2.4826;0;0;0;17.57;4.02;0;0;0;0;0;0;0;0;0;0;0;0;0;1;1;1;1;0;0;0;0;0;0;0;0;0;0;0;0;0;0;0;0;0;0;0;0;0;0;0;0;0;0;0;0;0;0;0;0;0;0;0;1;1;1;1;1;1;1;1;1;1;1;1;1;1;1;1;1;1;1;0;0;0;0;0;0;0;0;0;0.0004;0.088;-0.0884;0;0;0;0;0;0;0;0;0;0;0;0;0;0;0;0;0;0;0;-17.57;0;0;0;0;0.0004;0;0;0;0;0;0;0;-0.0004;-0.0884;0;0;0;0;0;0;0;0;0;-0.7452;0;0.7452;1;1;0;0;0;0
26/11/21 05:00;8.9643;-109.46;67.796;9.498;14.093;-90;-14.093;13.401;13.297;0.1037;15.89;4.5201;0;0.2515;13.091;0.0153;0;0.0343;13.392;0;13.392;0.2515;0.0153;13.091;0.0343;0.0188;0.9801;0;0.0026;13.195;0.1963;0;0;0.1679;0.0285;12.664;0.5181;0.0213;0.0013;0.4942;0.0013;13.182;0.0132;0.0003;0;0.0129;0;12.671;0.2299;0.014;12.416;0.0045;7.9418;6.6314;2.0124;0.0136;0.0777;1.1172;0.0071;1.1813;0;1;0;0;0.9993;0.9853;1;1;0.9872;0.1697;0.9607;0.9152;1;0.9617;0.7759;0.999;0.999;1;0.999;0.999;0.9457;0.9484;0.1315;0.0381;0.0385;0.0002;0.0069;-0.0012;0.0002;0.0008;0.0002;0;0;0.088;-0.06;0;0;0;0;0;0;0;0;0;0;0;0;0.0007;0;0.0307;0.0307;0;16.528;16.528;0.6384;0.0504;31.192;983.17;1;0.0027;0.0027;0;0;0;0;0;0;0.028;-0.06;0;15.132;17.523;-29.602;-34.279;91.33;91.33;0.3214;0.2586;-0.5059;0.0628;0.7645;0.1954;2.3788;0;7.9412;0;0
26/11/21 06:00;20.774;-101.68;30.659;21.175;39.994;-90;-39.994;72.102;71.003;1.0991;15.3;3.96;0;2.6657;62.561;0.3801;0;1.4334;67.041;0;67.041;2.6657;0.3801;62.561;1.4334;0.0398;0.9546;0;0.0214;61.388;5.6521;0;0;4.3439;1.3082;59.427;1.8997;0.0038;0.0005;1.8841;0.0113;61.327;0.0614;0.0027;0.0004;0.0582;0.0001;59.917;2.6592;0.3791;56.275;0.1138;44.569;37.215;12.364;2.5471;0.5269;7.5788;0.4893;5.5586;0;1;0;0;0.9298;0.9157;1;1;0.9306;0.0874;0.969;0.9986;1;0.9676;0.91;0.999;0.999;1;0.999;0.999;0.8864;0.8995;0.0794;0.1908;0.1866;0.0011;0.0144;-0.0046;0.0012;0.0044;0.0014;0;0;0.088;0.071;0;0;0;0;0;0;0;0;0;0;0;0;0.0035;0.0002;0.1651;0.1651;0;18.231;18.231;2.9304;0.0493;157.94;1045.2;1;0.0061;0.0061;0;0;0;0;0;0;0.159;0.071;0;16.271;18.841;6.9997;8.1055;96.33;96.33;1.609;1.3921;0.5989;0.2169;0.7932;0.1348;0.493;0.3722;44.563;0.3432;0
26/11/21 07:00;32.919;-93.852;3.2326;32.978;57.022;-90;-57.022;47.606;47.302;0.3037;15.26;4.4601;0;0.5579;36.51;0.0346;0;1.8439;38.947;0;38.947;0.5579;0.0346;36.51;1.8439;0.0143;0.9848;0;0.0473;32.98;5.967;0;0;4.2486;1.7183;31.826;1.1206;0.0001;0;1.1143;0.0063;32.947;0.033;0.0006;0;0.0323;0.0001;32.576;0.5573;0.0345;31.115;0.1192;30.798;25.717;9.2065;5.0919;0.5376;7.7332;0.7502;3.1789;0;1;0;0;0.8181;0.8468;1;1;0.8836;0.0681;0.966;0.9999;1;0.9654;0.9501;0.999;0.999;1;0.999;0.999;0.8172;0.8522;0.0647;0.1108;0.1087;0.0007;0.0115;-0.0033;0.0007;0.0025;0.0013;0;0;0.088;0.0008;0;0;0;0;0;0;0;0;0;0;0;0;0.002;0.0001;0.0932;0.0932;0;16.84;16.84;1.5801;0.0496;90.905;1024.8;1;0.0044;0.0044;0;0;0;0;0;0;0.0888;0.0008;0;15.807;18.304;0.1341;0.1553;95.307;95.307;0.9347;0.7857;0.0067;0.1491;0.779;0.1595;0.8334;0.0071;30.719;0.0062;0
26/11/21 08:00;45.175;-85.096;3.4553;45.28;44.72;-90;-44.72;153.5;151.3;2.2044;15.28;4.7601;0;3.1024;129.12;0.4713;0;3.7766;136.47;0;136.47;3.1024;0.4713;129.12;3.7766;0.0227;0.9738;0;0.0277;122.42;14.042;0;0;10.558;3.4834;118.42;3.8803;0.0004;0.0001;3.8618;0.0181;122.3;0.1224;0.0031;0.0005;0.1186;0.0003;119.79;3.099;0.4708;114.58;0.2749;96.922;80.93;27.539;7.7178;1.2451;17.91;1.3641;11.437;0;1;0;0;0.889;0.8971;1;1;0.9182;0.0776;0.9683;0.9999;1;0.9674;0.9383;0.999;0.999;1;0.999;0.999;0.8678;0.8874;0.0728;0.3884;0.3786;0.0023;0.0171;-0.0054;0.0026;0.0091;0.0033;0;0;0.088;0.2462;0;0;0;0;0;0;0;0;0;0;0;0;0.0073;0.0005;0.3419;0.3419;0;21.091;21.091;5.8105;0.0491;322.32;1060.6;1;0.0077;0.0077;0;0;0;0;0;0;0.3342;0.2462;0;16.554;19.169;11.921;13.804;97.752;97.752;3.2752;2.883;2.0761;0.3921;0.8069;0.1197;0.2464;0.6339;95.849;0.5772;0
26/11/21 09:00;57.225;-73.602;8.7905;58.298;31.702;-90;-31.702;93.493;92.801;0.6912;15.8;5.0901;0;0.8124;85.828;0.0639;0;1.1857;87.89;0;87.89;0.8124;0.0639;85.828;1.1857;0.0092;0.99;0;0.0135;82.703;5.1867;0;0;4.1438;1.0429;79.949;2.672;0.0002;0;2.6483;0.0234;82.621;0.0827;0.0008;0.0001;0.0817;0.0001;80.315;0.8113;0.0638;78.954;0.1193;57.637;48.127;15.479;1.573;0.6027;8.6699;0.3663;7.6996;0;1;0;0;0.9401;0.941;1;1;0.9517;0.1205;0.9677;0.9997;1;0.9675;0.8362;0.999;0.999;1;0.999;0.999;0.9096;0.9199;0.1006;0.2501;0.2472;0.0015;0.0158;-0.0048;0.0016;0.0058;0.0016;0;0;0.088;0.1262;0;0;0;0;0;0;0;0;0;0;0;0;0.0047;0.0003;0.2207;0.2207;0;19.734;19.734;3.9342;0.0492;209.98;1050.9;1;0.0065;0.0065;0;0;0;0;0;0;0.2142;0.1262;0;16.591;19.212;9.4851;10.984;97.047;97.047;2.1094;1.861;1.0639;0.2484;0.7971;0.1178;0.3779;0.5044;57.251;0.4697;0
26/11/21 10:00;68.297;-54.458;12.413;72.056;17.944;-90;-17.944;113.4;112.5;0.9008;15.4;5.8101;0;0.9468;109.69;0.0817;0;0.4689;111.18;0;111.18;0.9468;0.0817;109.69;0.4689;0.0085;0.9907;0;0.0042;108.68;2.5033;0;0;2.113;0.3903;104.71;3.8649;0.0004;0;3.8471;0.0174;108.57;0.1087;0.0009;0.0001;0.1076;0.0001;104.82;0.9455;0.0815;103.62;0.0611;68.079;56.846;17.461;0.2675;0.6619;9.5218;0.1091;9.9162;0;1;0;0;0.9805;0.9775;1;1;0.9807;0.1676;0.9644;0.9996;1;0.9642;0.778;0.999;0.999;1;0.999;0.999;0.9417;0.9447;0.1303;0.3164;0.319;0.0019;0.0167;-0.0052;0.0021;0.0076;0.0017;0;0;0.088;0.1925;0;0;0;0;0;0;0;0;0;0;0;0;0.0061;0.0004;0.2875;0.2875;0;20.541;20.541;5.1414;0.0491;271.72;1058.2;1;0.0071;0.0071;0;0;0;0;0;0;0.2805;0.1925;0;17.089;19.789;11.438;13.245;97.536;97.536;2.6684;2.4248;1.623;0.2436;0.8019;0.0913;0.3005;0.6082;67.523;0.5716;0
26/11/21 11:00;75.508;-14.335;14.031;86.339;3.6614;-90;-3.6614;118.2;117.3;0.9034;15.24;5.8101;0;0.9052;117.1;0.0781;0;0.0205;118.11;0;118.11;0.9052;0.0781;117.1;0.0205;0.0077;0.9917;0;0.0002;117.92;0.1866;0;0;0.1695;0.0171;112.63;5.1691;0.0004;0;5.1679;0.0008;117.8;0.1179;0.0009;0.0001;0.1169;0;112.63;0.9039;0.078;111.65;0.0027;70.018;58.465;17.644;-0.0005;0.6833;9.8296;-0.0005;10.513;0;1;0;0;0.9992;0.9984;1;1;0.9986;0.1665;0.9561;0.9995;1;0.9558;0.7774;0.999;0.999;1;0.999;0.999;0.9537;0.9534;0.1293;0.3361;0.3419;0.0021;0.0169;-0.0053;0.0023;0.0081;0.0018;0;0;0.088;0.2137;0;0;0;0;0;0;0;0;0;0;0;0;0.0066;0.0004;0.309;0.309;0;20.767;20.767;5.5277;0.0491;291.47;1060.1;1;0.0073;0.0073;0;0;0;0;0;0;0.3017;0.2137;0;17.288;20.019;11.954;13.842;97.627;97.627;2.8346;2.6057;1.8018;0.2288;0.8039;0.0807;0.2836;0.6357;69.44;0.5984;0
26/11/21 12:00;72.813;37.823;13.498;79.26;10.74;90;10.74;109.8;109;0.8053;15.1;5.7499;0;0.8196;107.98;0.0666;0;0.1635;109.03;0;109.03;0.8196;0.0666;107.98;0.1635;0.0075;0.9919;0;0.0015;108.01;1.0163;0;0;0.8802;0.136;103.57;4.3309;0.0004;0;4.3243;0.0062;107.9;0.108;0.0008;0.0001;0.1071;0;103.6;0.8184;0.0665;102.67;0.0212;65.355;54.571;16.555;0.0412;0.6349;9.1328;0.0285;9.7265;0;1;0;0;0.9929;0.9907;1;1;0.9918;0.1679;0.9599;0.9995;1;0.9596;0.7748;0.999;0.999;1;0.999;0.999;0.95;0.9508;0.13;0.3103;0.3147;0.0019;0.0167;-0.0055;0.0021;0.0075;0.0017;0;0;0.088;0.1889;0;0;0;0;0;0;0;0;0;0;0;0;0.006;0.0004;0.284;0.284;0;20.185;20.185;5.0849;0.0491;268.08;1059.3;1;0.0071;0.0071;0;0;0;0;0;0;0.2769;0.1889;0;17.211;19.93;11.45;13.258;97.514;97.514;2.6167;2.3948;1.5931;0.2219;0.8016;0.0848;0.3064;0.6088;64.848;0.5729;0
26/11/21 13:00;63.059;65.419;10.864;65.195;24.805;90;24.805;83.999;83.502;0.4967;14.63;5.5899;0;0.5472;79.618;0.0365;0;0.6587;80.861;0;80.861;0.5472;0.0365;79.618;0.6587;0.0068;0.9928;0;0.0081;77.691;3.1696;0;0;2.6063;0.5632;75.028;2.5858;0.0002;0;2.566;0.0195;77.614;0.0777;0.0005;0;0.077;0.0001;75.209;0.5465;0.0365;74.369;0.0759;51.053;42.629;13.345;0.6195;0.5073;7.2977;0.1814;7.1855;0;1;0;0;0.9626;0.9608;1;1;0.9673;0.145;0.9667;0.9996;1;0.9666;0.7952;0.999;0.999;1;0.999;0.999;0.9279;0.9341;0.1152;0.2301;0.2298;0.0014;0.0154;-0.0056;0.0015;0.0054;0.0013;0;0;0.088;0.1113;0;0;0;0;0;0;0;0;0;0;0;0;0.0044;0.0002;0.2057;0.2057;0;18.32;18.32;3.6902;0.0492;195.12;1054.3;1;0.0064;0.0064;0;0;0;0;0;0;0.1993;0.1113;0;16.811;19.466;9.0928;10.529;96.868;96.868;1.9407;1.7348;0.9383;0.2059;0.7965;0.1061;0.4104;0.4835;50.763;0.4529;0
26/11/21 14:00;51.345;79.793;6.3549;51.79;38.21;90;38.21;72.708;72.3;0.4078;14.1;5.4101;0;0.5189;64.531;0.0342;0;1.3241;66.408;0;66.408;0.5189;0.0342;64.531;1.3241;0.0078;0.9917;0;0.0199;61.013;5.3951;0;0;4.1894;1.2058;58.991;1.9613;0.0001;0;1.948;0.0131;60.952;0.061;0.0005;0;0.0603;0.0001;59.438;0.5183;0.0342;58.333;0.1051;45.485;37.98;12.545;2.2467;0.5195;7.4735;0.4474;5.7463;0;1;0;0;0.9134;0.9188;1;1;0.9351;0.0894;0.9678;0.9998;1;0.9677;0.8889;0.999;0.999;1;0.999;0.999;0.8883;0.904;0.0794;0.189;0.185;0.0011;0.0144;-0.0054;0.0012;0.0043;0.0013;0;0;0.088;0.0703;0;0;0;0;0;0;0;0;0;0;0;0;0.0035;0.0002;0.1644;0.1644;0;17.006;17.006;2.9061;0.0493;156.55;1050;1;0.0061;0.0061;0;0;0;0;0;0;0.1583;0.0703;0;16.358;18.942;6.9936;8.0984;96.287;96.287;1.5938;1.3863;0.5927;0.2075;0.7936;0.1302;0.4979;0.3719;45.278;0.343;0
26/11/21 15:00;39.14;89.604;0.3071;39.141;50.859;90;50.859;35.006;34.903;0.103;13.7;5.37;0;0.1632;28.464;0.0064;0;1.0973;29.731;0;29.731;0.1632;0.0064;28.464;1.0973;0.0055;0.9943;0;0.0369;25.89;3.8414;0;0;2.8157;1.0257;25.007;0.8567;0;0;0.8537;0.003;25.864;0.0259;0.0002;0;0.0256;0.0001;25.434;0.1631;0.0064;24.769;0.0685;22.454;18.749;6.5234;2.6564;0.3356;4.827;0.4267;2.5061;0;1;0;0;0.8493;0.8708;1;1;0.9011;0.0652;0.9669;1;1;0.9667;0.9575;0.999;0.999;1;0.999;0.999;0.8411;0.8702;0.0624;0.0846;0.0824;0.0005;0.0101;-0.003;0.0005;0.0019;0.0008;0;0;0.088;-0.0217;0;0;0;0;0;0;0;0;0;0;0;0;0.0015;0.0001;0.0701;0.0701;0;14.944;14.944;1.244;0.0497;68.561;1022.2;1;0.0038;0.0038;0;0;0;0;0;0;0.0663;-0.0217;0;15.576;18.037;-4.8177;-5.5787;94.637;94.637;0.7135;0.591;-0.1828;0.1225;0.7738;0.1717;1.0845;0;22.416;0;0
26/11/21 16:00;26.909;97.755;7.484;27.122;60;90;60;49.305;48.998;0.3072;13.4;5.1899;0;0.673;36.731;0.0519;0;2.0955;39.551;0;39.551;0.673;0.0519;36.731;2.0955;0.017;0.9817;0;0.053;32.973;6.5781;0;0;4.6177;1.9603;31.796;1.1445;0.0002;0;1.1351;0.0092;32.94;0.033;0.0007;0.0001;0.0321;0.0001;32.665;0.6722;0.0518;30.946;0.1258;32.01;26.728;9.7062;6.1412;0.605;8.7026;0.869;3.1664;0;1;0;0;0.8022;0.8337;1;1;0.8743;0.0645;0.9653;0.9997;1;0.9646;0.9318;0.999;0.999;1;0.999;0.999;0.8039;0.8425;0.06;0.1126;0.1109;0.0007;0.0116;-0.0041;0.0007;0.0025;0.0015;0;0;0.088;0.0032;0;0;0;0;0;0;0;0;0;0;0;0;0.0021;0.0001;0.0957;0.0957;0;14.976;14.976;1.5762;0.0496;92.669;1033;1;0.0045;0.0045;0;0;0;0;0;0;0.0912;0.0032;0;15.993;18.519;0.5397;0.6249;95.305;95.305;0.9492;0.8073;0.0272;0.142;0.78;0.1496;0.8217;0.0287;31.977;0.0246;0
26/11/21 17:00;14.902;105.47;51.414;15.436;24.768;90;24.768;29.009;28.803;0.2057;13.6;4.66;0;0.499;27.463;0.0398;0;0.2268;28.228;0;28.228;0.499;0.0398;27.463;0.2268;0.0177;0.9809;0;0.008;27.138;1.0907;0;0;0.8968;0.1939;26.211;0.8998;0.0072;0.0006;0.8854;0.0067;27.11;0.0271;0.0005;0;0.0266;0;26.273;0.4913;0.0392;25.654;0.0261;17.507;14.618;4.5617;0.2126;0.1749;2.5162;0.0623;2.4785;0;1;0;0;0.9731;0.9614;1;1;0.9673;0.1451;0.9668;0.9856;1;0.9666;0.7951;0.999;0.999;1;0.999;0.999;0.9285;0.9341;0.1153;0.0803;0.0802;0.0005;0.01;-0.003;0.0005;0.0018;0.0004;0;0;0.088;-0.0233;0;0;0;0;0;0;0;0;0;0;0;0;0.0015;0.0001;0.0684;0.0684;0;14.903;14.903;1.3029;0.0497;66.842;1024;1;0.0037;0.0037;0;0;0;0;0;0;0.0647;-0.0233;0;16.022;18.553;-5.4496;-6.3106;94.558;94.558;0.6775;0.5772;-0.1963;0.1003;0.7735;0.148;1.1418;0;17.506;0;0
26/11/21 18:00;4.4704;112.65;79.103;4.8423;6.9712;90;6.9712;4.2976;4.1972;0.1004;13.78;3.9701;0;0.2435;4.1778;0.0093;0;0.0027;4.4334;4.4334;0;0.2435;0;0;0;1;1;1;1;0;0;0;0;0;0;0;0;0;0;0;0;0;0;0;0;0;0;0;0;0;0;0;0;0;0;0;0;0;0;0;0;0;0;0;0;1;1;1;1;1;1;1;1;1;1;1;0;1;0;0;1;0;0;0;0;0;0;0;0;0;0;0;0.0004;0.088;-0.0884;0;0;0;0;0;0;0;0;0;0;0;0;0;0;0;0;0;0;0;-13.78;0;0;0;0;0.0004;0;0;0;0;0;0;0;-0.0004;-0.0884;0;0;0;0;0;0;0;0;0;-0.7452;0;0.7452;1;1;0;0;0;0
26/11/21 19:00;0;0;90;0;0;90;0;0;0;0;13.4;3.32;0;0;0;0;0;0;0;0;0;0;0;0;0;1;1;1;1;0;0;0;0;0;0;0;0;0;0;0;0;0;0;0;0;0;0;0;0;0;0;0;0;0;0;0;0;0;0;0;0;0;0;0;1;1;1;1;1;1;1;1;1;1;1;1;1;1;1;1;1;1;1;0;0;0;0;0;0;0;0;0;0.0004;0.088;-0.0884;0;0;0;0;0;0;0;0;0;0;0;0;0;0;0;0;0;0;0;-13.4;0;0;0;0;0.0004;0;0;0;0;0;0;0;-0.0004;-0.0884;0;0;0;0;0;0;0;0;0;-0.7452;0;0.7452;1;1;0;0;0;0
26/11/21 20:00;0;0;90;0;0;90;0;0;0;0;13.4;2.9;0;0;0;0;0;0;0;0;0;0;0;0;0;1;1;1;1;0;0;0;0;0;0;0;0;0;0;0;0;0;0;0;0;0;0;0;0;0;0;0;0;0;0;0;0;0;0;0;0;0;0;0;1;1;1;1;1;1;1;1;1;1;1;1;1;1;1;1;1;1;1;0;0;0;0;0;0;0;0;0;0.0004;0.088;-0.0884;0;0;0;0;0;0;0;0;0;0;0;0;0;0;0;0;0;0;0;-13.4;0;0;0;0;0.0004;0;0;0;0;0;0;0;-0.0004;-0.0884;0;0;0;0;0;0;0;0;0;-0.7452;0;0.7452;1;1;0;0;0;0
26/11/21 21:00;0;0;90;0;0;90;0;0;0;0;13.5;2.67;0;0;0;0;0;0;0;0;0;0;0;0;0;1;1;1;1;0;0;0;0;0;0;0;0;0;0;0;0;0;0;0;0;0;0;0;0;0;0;0;0;0;0;0;0;0;0;0;0;0;0;0;1;1;1;1;1;1;1;1;1;1;1;1;1;1;1;1;1;1;1;0;0;0;0;0;0;0;0;0;0.0004;0.088;-0.0884;0;0;0;0;0;0;0;0;0;0;0;0;0;0;0;0;0;0;0;-13.5;0;0;0;0;0.0004;0;0;0;0;0;0;0;-0.0004;-0.0884;0;0;0;0;0;0;0;0;0;-0.7452;0;0.7452;1;1;0;0;0;0
26/11/21 22:00;0;0;90;0;0;90;0;0;0;0;13.2;2.7801;0;0;0;0;0;0;0;0;0;0;0;0;0;1;1;1;1;0;0;0;0;0;0;0;0;0;0;0;0;0;0;0;0;0;0;0;0;0;0;0;0;0;0;0;0;0;0;0;0;0;0;0;1;1;1;1;1;1;1;1;1;1;1;1;1;1;1;1;1;1;1;0;0;0;0;0;0;0;0;0;0.0004;0.088;-0.0884;0;0;0;0;0;0;0;0;0;0;0;0;0;0;0;0;0;0;0;-13.2;0;0;0;0;0.0004;0;0;0;0;0;0;0;-0.0004;-0.0884;0;0;0;0;0;0;0;0;0;-0.7452;0;0.7452;1;1;0;0;0;0
26/11/21 23:00;0;0;90;0;0;90;0;0;0;0;13.2;3.07;0;0;0;0;0;0;0;0;0;0;0;0;0;1;1;1;1;0;0;0;0;0;0;0;0;0;0;0;0;0;0;0;0;0;0;0;0;0;0;0;0;0;0;0;0;0;0;0;0;0;0;0;1;1;1;1;1;1;1;1;1;1;1;1;1;1;1;1;1;1;1;0;0;0;0;0;0;0;0;0;0.0004;0.088;-0.0884;0;0;0;0;0;0;0;0;0;0;0;0;0;0;0;0;0;0;0;-13.2;0;0;0;0;0.0004;0;0;0;0;0;0;0;-0.0004;-0.0884;0;0;0;0;0;0;0;0;0;-0.7452;0;0.7452;1;1;0;0;0;0
27/11/21 00:00;0;0;90;0;0;90;0;0;0;0;13.1;3.38;0;0;0;0;0;0;0;0;0;0;0;0;0;1;1;1;1;0;0;0;0;0;0;0;0;0;0;0;0;0;0;0;0;0;0;0;0;0;0;0;0;0;0;0;0;0;0;0;0;0;0;0;1;1;1;1;1;1;1;1;1;1;1;1;1;1;1;1;1;1;1;0;0;0;0;0;0;0;0;0;0.0004;0.088;-0.0884;0;0;0;0;0;0;0;0;0;0;0;0;0;0;0;0;0;0;0;-13.1;0;0;0;0;0.0004;0;0;0;0;0;0;0;-0.0004;-0.0884;0;0;0;0;0;0;0;0;0;-0.7452;0;0.7452;1;1;0;0;0;0
27/11/21 01:00;0;0;90;0;0;90;0;0;0;0;12.5;3.5701;0;0;0;0;0;0;0;0;0;0;0;0;0;1;1;1;1;0;0;0;0;0;0;0;0;0;0;0;0;0;0;0;0;0;0;0;0;0;0;0;0;0;0;0;0;0;0;0;0;0;0;0;1;1;1;1;1;1;1;1;1;1;1;1;1;1;1;1;1;1;1;0;0;0;0;0;0;0;0;0;0.0004;0.088;-0.0884;0;0;0;0;0;0;0;0;0;0;0;0;0;0;0;0;0;0;0;-12.5;0;0;0;0;0.0004;0;0;0;0;0;0;0;-0.0004;-0.0884;0;0;0;0;0;0;0;0;0;-0.7452;0;0.7452;1;1;0;0;0;0
27/11/21 02:00;0;0;90;0;0;90;0;0;0;0;12.34;3.5001;0;0;0;0;0;0;0;0;0;0;0;0;0;1;1;1;1;0;0;0;0;0;0;0;0;0;0;0;0;0;0;0;0;0;0;0;0;0;0;0;0;0;0;0;0;0;0;0;0;0;0;0;1;1;1;1;1;1;1;1;1;1;1;1;1;1;1;1;1;1;1;0;0;0;0;0;0;0;0;0;0.0004;0.088;-0.0884;0;0;0;0;0;0;0;0;0;0;0;0;0;0;0;0;0;0;0;-12.34;0;0;0;0;0.0004;0;0;0;0;0;0;0;-0.0004;-0.0884;0;0;0;0;0;0;0;0;0;-0.7452;0;0.7452;1;1;0;0;0;0
27/11/21 03:00;0;0;90;0;0;90;0;0;0;0;12.18;3.1801;0;0;0;0;0;0;0;0;0;0;0;0;0;1;1;1;1;0;0;0;0;0;0;0;0;0;0;0;0;0;0;0;0;0;0;0;0;0;0;0;0;0;0;0;0;0;0;0;0;0;0;0;1;1;1;1;1;1;1;1;1;1;1;1;1;1;1;1;1;1;1;0;0;0;0;0;0;0;0;0;0.0004;0.088;-0.0884;0;0;0;0;0;0;0;0;0;0;0;0;0;0;0;0;0;0;0;-12.18;0;0;0;0;0.0004;0;0;0;0;0;0;0;-0.0004;-0.0884;0;0;0;0;0;0;0;0;0;-0.7452;0;0.7452;1;1;0;0;0;0
27/11/21 04:00;1.6304;-115;86.043;1.7987;2.5672;-90;-2.5672;0;0;0;12.26;2.8799;0;0;0;0;0;0;0;0;0;0;0;0;0;1;1;1;1;0;0;0;0;0;0;0;0;0;0;0;0;0;0;0;0;0;0;0;0;0;0;0;0;0;0;0;0;0;0;0;0;0;0;0;1;1;1;1;1;1;1;1;1;1;1;1;1;1;1;1;1;1;1;0;0;0;0;0;0;0;0;0;0.0004;0.088;-0.0884;0;0;0;0;0;0;0;0;0;0;0;0;0;0;0;0;0;0;0;-12.26;0;0;0;0;0.0004;0;0;0;0;0;0;0;-0.0004;-0.0884;0;0;0;0;0;0;0;0;0;-0.7452;0;0.7452;1;1;0;0;0;0
27/11/21 05:00;9.0054;-109.66;67.69;9.5528;14.181;-90;-14.181;57.49;51.499;5.991;12.51;3.3301;0;14.53;49.333;3.4037;0;0.1489;67.415;0;67.415;14.53;3.4037;49.333;0.1489;0.2155;0.734;0;0.0022;66.652;0.763;0;0;0.6393;0.1237;63.219;3.3664;1.2165;0.285;1.8593;0.0057;66.585;0.0667;0.0145;0.0034;0.0487;0;63.246;13.299;3.1153;46.785;0.0196;29.972;25.026;7.601;0.0522;0.2928;4.2113;0.027;4.4519;0;1;0;0;1.1726;0.9887;1;1;0.987;0.1697;0.9494;0.9162;1;0.9618;0.7759;0.999;0.999;1;0.999;0.999;0.9378;0.9484;0.1315;0.1919;0.1894;0.0011;0.0145;-0.0065;0.0013;0.0045;0.0008;0;0;0.088;0.0758;0;0;0;0;0;0;0;0;0;0;0;0;0.0036;0.0002;0.17;0.17;0;15.618;15.618;3.1083;0.0492;160.54;1058.9;1;0.0062;0.0062;0;0;0;0;0;0;0.1638;0.0758;0;16.662;19.294;7.4251;8.5981;96.332;96.332;1.618;1.4335;0.6388;0.1844;0.7947;0.114;0.4912;0.3948;29.936;0.3772;0
27/11/21 06:00;20.804;-101.88;30.528;21.219;40.159;-90;-40.159;226.09;142.7;83.396;13.58;4.5201;0;202.26;104.83;57.858;0;4.5305;369.48;0;369.48;202.26;57.858;104.83;4.5305;0.5474;0.296;0;0.0123;358.02;11.46;0;0;7.3233;4.1365;354.12;3.5405;0.2718;0.0777;3.156;0.035;357.66;0.358;0.2023;0.0579;0.0975;0.0004;354.95;201.78;57.723;94.256;0.3586;75.302;62.877;20.969;4.3294;0.8868;12.756;0.8289;9.3135;0;1;0;0;1.6342;0.969;1;1;0.9301;0.087;0.9901;0.9987;1;0.9676;0.9112;0.999;0.999;1;0.999;0.999;0.9584;0.8991;0.0791;1.0515;1.0411;0.0063;0.0116;0.022;0.007;0.0249;0.0023;0;0;0.088;0.8407;0;0;0;0;0;0;0;0;0;0;0;0;0.02;0.0029;0.9442;0.9442;0;30.944;30.944;17.364;0.049;893.91;1056.2;1;0.0154;0.0154;0;0;0;0;0;0;0.9287;0.8407;0;16.886;19.553;15.036;17.411;98.365;98.365;8.8675;7.9622;7.0899;0.9054;0.8723;0.1021;0.0984;0.7995;74.777;0.7794;0
27/11/21 07:00;32.942;-94.085;3.4277;33.009;56.991;-90;-56.991;291.5;240.2;51.293;15.2;5.14;0;94.156;173.07;29.612;0;11.279;308.12;0;308.12;94.156;29.612;173.07;11.279;0.3056;0.5983;0;0.0366;277.48;30.635;0;0;20.124;10.511;271.87;5.3343;0.0111;0.0035;5.2815;0.0382;277.2;0.2775;0.0942;0.0296;0.1529;0.0008;275.82;94.051;29.579;147.51;0.7293;162.21;135.44;47.792;24.092;2.6995;38.831;3.953;17.439;0;1;0;0;1.057;0.9006;1;1;0.8837;0.0681;0.9808;0.9999;1;0.9654;0.9503;0.999;0.999;1;0.999;0.999;0.8824;0.8523;0.0647;0.8769;0.8669;0.0052;0.014;0.0109;0.0059;0.0208;0.0071;0;0;0.088;0.6832;0;0;0;0;0;0;0;0;0;0;0;0;0.0167;0.0021;0.7843;0.7843;0;28.528;28.528;13.328;0.049;740.6;1059;1;0.0131;0.0131;0;0;0;0;0;0;0.7712;0.6832;0;16.821;19.478;14.652;16.967;98.328;98.328;7.3948;6.6142;5.7615;0.7806;0.8527;0.1056;0.1153;0.7791;145.57;0.712;0
27/11/21 08:00;45.198;-85.374;3.2582;45.292;44.708;-90;-44.708;499.11;302.8;196.31;16.6;5.04;0;276.23;207.98;83.928;0;12.273;580.4;0;580.4;276.23;83.928;207.98;12.273;0.4759;0.3795;0;0.0211;552.08;28.321;0;0;17;11.32;545.21;6.3198;0.0311;0.0094;6.2206;0.0588;551.53;0.5521;0.2762;0.0839;0.191;0.001;548.9;275.92;83.835;184.57;0.8935;262.56;219.24;72.073;12.422;2.9859;42.951;3.6924;33.515;0;1;0;0;1.1629;0.9512;1;1;0.9183;0.0777;0.9885;0.9999;1;0.9674;0.9383;0.999;0.999;1;0.999;0.999;0.9394;0.8874;0.0728;1.6518;1.6565;0.01;0.0032;0.1083;0.0107;0.0381;0.0076;0;0;0.088;1.3309;0;0;0;0;0;0;0;0;0;0;0;0;0.0307;0.0067;1.4412;1.4412;0;43.553;43.553;26.954;0.0494;1424.2;1012;1;0.0224;0.0224;0;0;0;0;0;0;1.4189;1.3309;0;16.409;19.001;15.152;17.546;98.449;98.449;13.93;12.154;11.224;1.7756;0.9306;0.1275;0.0668;0.8057;154.38;0.7634;0
27/11/21 09:00;57.26;-73.961;8.5934;58.287;31.714;-90;-31.714;561.5;382.5;179;17.28;4.64;0;210.42;300.31;68.129;0;7.1264;585.99;0;585.99;210.42;68.129;300.31;7.1264;0.3591;0.5247;0;0.0122;565.21;20.776;0;0;14.508;6.2683;555.16;9.489;0.0624;0.0202;9.2661;0.1403;564.65;0.5652;0.2104;0.0681;0.2858;0.0009;557.22;210.15;68.04;276.26;0.7169;323.01;269.71;87.276;5.5118;3.1285;45.003;2.0609;42.62;0;1;0;0;1.0436;0.9645;1;1;0.9517;0.1204;0.9832;0.9997;1;0.9675;0.8363;0.999;0.999;1;0.999;0.999;0.9474;0.9199;0.1006;1.6677;1.6844;0.0101;0.0028;0.1173;0.0109;0.0386;0.0079;0;0;0.088;1.3482;0;0;0;0;0;0;0;0;0;0;0;0;0.0311;0.0069;1.4588;1.4588;0;44.75;44.75;27.47;0.0495;1448;1007.4;1;0.0226;0.0226;0;0;0;0;0;0;1.4362;1.3482;0;16.45;19.049;15.203;17.605;98.45;98.45;14.064;12.302;11.37;1.7614;0.9328;0.1252;0.0663;0.8084;200.34;0.7645;0
27/11/21 10:00;68.371;-54.954;12.22;72.016;17.984;-90;-17.984;558.4;438.3;120.1;18.34;4.12;0;126.27;388.26;42.389;0;2.319;559.23;0;559.23;126.27;42.389;388.26;2.319;0.2258;0.6984;0;0.0041;549.8;9.4376;0;0;7.5072;1.9304;535.48;13.764;0.0532;0.0179;13.607;0.0862;549.25;0.5498;0.1263;0.0424;0.3807;0.0004;536.02;126.09;42.328;366.76;0.302;330.27;275.77;85.613;0.9546;3.1302;45.026;0.5402;47.202;0;1;0;0;1.0015;0.9831;1;1;0.9807;0.1676;0.9749;0.9996;1;0.9642;0.778;0.999;0.999;1;0.999;0.999;0.9575;0.9446;0.1302;1.5915;1.6238;0.0098;0.0036;0.1137;0.0105;0.0372;0.0079;0;0;0.088;1.2953;0;0;0;0;0;0;0;0;0;0;0;0;0.0299;0.0064;1.4048;1.4048;0;44.843;44.843;26.503;0.0495;1396;1006.3;1;0.0216;0.0216;0;0;0;0;0;0;1.3833;1.2953;0;16.6;19.222;15.305;17.723;98.465;98.465;13.422;11.847;10.923;1.5745;0.9239;0.1173;0.0688;0.8138;239.05;0.7676;0
27/11/21 11:00;75.67;-14.79;13.846;86.269;3.731;-90;-3.731;647.4;456.3;191.1;18.7;3.5899;0;191.51;391.8;64.214;0;0.1166;647.64;0;647.64;191.51;64.214;391.8;0.1166;0.2957;0.6052;0;0.0002;646.96;0.6808;0;0;0.5836;0.0972;628.91;17.405;0.0915;0.0307;17.278;0.0043;646.31;0.647;0.1915;0.0642;0.3912;0;628.91;191.22;64.119;373.55;0.0151;382.6;319.47;98.078;-0.0015;3.6258;52.156;0.0005;55.783;0;1;0;0;1.0004;0.9989;1;1;0.9985;0.1665;0.9731;0.9995;1;0.9558;0.7774;0.999;0.999;1;0.999;0.999;0.9711;0.9534;0.1293;1.8431;1.9038;0.0115;0.0005;0.1674;0.0121;0.0428;0.009;0;0;0.088;1.5041;0;0;0;0;0;0;0;0;0;0;0;0;0.0345;0.0087;1.6174;1.6174;0;49.938;49.938;31.239;0.0497;1637.1;987.99;1;0.0253;0.0253;0;0;0;0;0;0;1.5921;1.5041;0;16.503;19.11;15.347;17.771;98.436;98.436;15.543;13.64;12.685;1.9034;0.9554;0.1225;0.0615;0.8161;232.35;0.7697;0
27/11/21 12:00;73.007;37.943;13.325;79.358;10.642;90;10.642;695.8;437.9;257.91;19.37;3.16;0;262.42;350.77;85.552;0;1.0172;699.76;0;699.76;262.42;85.552;350.77;1.0172;0.375;0.5027;0;0.0015;696.1;3.6624;0;0;2.8159;0.8464;681.13;14.269;0.1207;0.0393;14.071;0.0384;695.4;0.6961;0.2624;0.0856;0.348;0.0002;681.32;262.04;85.427;333.54;0.1322;409.82;342.2;106.57;0.1293;3.7935;54.568;0.1842;58.232;0;1;0;0;1.0057;0.9948;1;1;0.992;0.1679;0.9795;0.9995;1;0.9595;0.7748;0.999;0.999;1;0.999;0.999;0.9734;0.9509;0.13;1.9915;2.0586;0.0124;-0.0007;0.2054;0.0129;0.0457;0.0093;0;0;0.088;1.6116;0;0;0;0;0;0;0;0;0;0;0;0;0.0368;0.0101;1.7267;1.7267;0;53.289;53.289;33.919;0.0498;1772.5;974.16;1;0.0271;0.0271;0;0;0;0;0;0;1.6996;1.6116;0;16.306;18.882;15.219;17.623;98.43;98.43;16.794;14.562;13.591;2.2325;0.9707;0.1329;0.0578;0.8093;210.61;0.7646;0
27/11/21 13:00;63.229;65.642;10.707;65.317;24.684;90;24.684;547.81;435.5;112.31;20.18;2.83;0;123.6;378.38;42.926;0;4.2546;549.16;0;549.16;123.6;42.926;378.38;4.2546;0.2251;0.6968;0;0.0077;533.24;15.925;0;0;12.289;3.6359;520.31;12.395;0.0457;0.0159;12.207;0.1269;532.71;0.5332;0.1236;0.0429;0.3661;0.0006;521.45;123.43;42.868;353.52;0.4912;324.06;270.59;85.162;2.8937;3.1232;44.926;1.1394;45.156;0;1;0;0;1.0025;0.971;1;1;0.9675;0.1454;0.9767;0.9996;1;0.9666;0.7947;0.999;0.999;1;0.999;0.999;0.9475;0.9343;0.1155;1.5629;1.5819;0.0095;0.0041;0.1172;0.0102;0.036;0.0078;0;0;0.088;1.2531;0;0;0;0;0;0;0;0;0;0;0;0;0.029;0.0061;1.3619;1.3619;0;45.959;45.959;25.779;0.0495;1360;1001.4;1;0.0208;0.0208;0;0;0;0;0;0;1.3411;1.2531;0;16.387;18.976;15.078;17.46;98.472;98.472;13.18;11.485;10.567;1.6949;0.9176;0.1286;0.0696;0.8018;241.08;0.7555;0
27/11/21 14:00;51.502;79.985;6.2146;51.929;38.071;90;38.071;441.09;378.1;62.995;20.28;2.5499;0;80.019;318.51;27.524;0;7.9765;434.03;0;434.03;80.019;27.524;318.51;7.9765;0.1844;0.7522;0;0.0184;406.21;27.82;0;0;20.561;7.2592;396.08;9.7214;0.0172;0.0059;9.6177;0.0807;405.81;0.4062;0.08;0.0275;0.298;0.0007;398.67;79.921;27.491;288.04;0.6359;263.76;220.24;72.406;10.951;2.9;41.716;2.5897;33.664;0;1;0;0;0.984;0.9359;1;1;0.9354;0.0899;0.976;0.9998;1;0.9677;0.8874;0.999;0.999;1;0.999;0.999;0.9126;0.9043;0.0797;1.2352;1.2242;0.0074;0.009;0.0645;0.008;0.0284;0.0074;0;0;0.088;0.968;0;0;0;0;0;0;0;0;0;0;0;0;0.0229;0.0038;1.0728;1.0728;0;39.833;39.833;19.553;0.0494;1051.5;1020.3;1;0.0169;0.0169;0;0;0;0;0;0;1.056;0.968;0;16.333;18.914;14.737;17.065;98.429;98.429;10.417;9.0472;8.163;1.3695;0.8843;0.1315;0.0849;0.7836;223.22;0.731;0
27/11/21 15:00;39.294;89.764;0.1824;39.294;50.706;90;50.706;248.79;240.8;7.9921;20.4;2.2201;0;12.62;194.88;3.4165;0;7.7548;218.67;0;218.67;12.62;3.4165;194.88;7.7548;0.0577;0.9267;0;0.0355;192.23;26.442;0;0;19.194;7.2481;186.17;5.865;0.0001;0;5.8432;0.0216;192.04;0.1922;0.0126;0.0034;0.1757;0.0005;189.13;12.607;3.4131;169.67;0.4846;156.81;130.94;45.39;17.997;2.3185;33.35;2.9598;17.671;0;1;0;0;0.8789;0.8791;1;1;0.9015;0.0653;0.9695;1;1;0.9667;0.9573;0.999;0.999;1;0.999;0.999;0.8514;0.8706;0.0625;0.6223;0.6079;0.0037;0.0166;0.01;0.004;0.0143;0.006;0;0;0.088;0.443;0;0;0;0;0;0;0;0;0;0;0;0;0.0116;0.0011;0.5406;0.5406;0;29.563;29.563;9.1622;0.0492;518.45;1042.7;1;0.0096;0.0096;0;0;0;0;0;0;0.531;0.443;0;16.336;18.916;13.386;15.501;98.222;98.222;5.2482;4.5588;3.7357;0.6893;0.8232;0.1313;0.1568;0.7118;153.24;0.6389;0
27/11/21 16:00;27.065;97.892;7.5267;27.286;60;90;60;54.502;54.1;0.4012;19.46;1.9101;0;0.8742;40.55;0.074;0;2.3163;43.814;0;43.814;0.8742;0.074;40.55;2.3163;0.02;0.9784;0;0.0529;36.55;7.2648;0;0;5.0978;2.1669;35.249;1.2636;0.0002;0;1.2531;0.0102;36.513;0.0365;0.0009;0.0001;0.0355;0.0001;36.209;0.8731;0.0739;34.163;0.1391;35.347;29.515;10.719;6.7797;0.6679;9.6074;0.9594;3.4956;0;1;0;0;0.8039;0.8342;1;1;0.8743;0.0645;0.9654;0.9997;1;0.9646;0.9318;0.999;0.999;1;0.999;0.999;0.8045;0.8425;0.06;0.1247;0.1228;0.0007;0.0122;-0.0017;0.0008;0.0028;0.0017;0;0;0.088;0.0115;0;0;0;0;0;0;0;0;0;0;0;0;0.0022;0.0001;0.1041;0.1041;0;21.214;21.214;1.7541;0.0498;102.99;1010.7;1;0.0046;0.0046;0;0;0;0;0;0;0.0995;0.0115;0;15.699;18.179;1.7403;2.0152;95.628;95.628;1.0515;0.8778;0.0973;0.1737;0.7805;0.1652;0.7422;0.0925;35.301;0.0795;0
27/11/21 17:00;15.063;105.59;50.93;15.61;25.13;90;25.13;29.907;29.701;0.2065;18.17;1.5999;0;0.5007;28.279;0.0407;0;0.2406;29.061;0;29.061;0.5007;0.0407;28.279;0.2406;0.0172;0.9814;0;0.0083;27.91;1.1513;0;0;0.9453;0.2061;26.959;0.9235;0.0069;0.0006;0.9091;0.007;27.882;0.0279;0.0005;0;0.0273;0;27.025;0.4933;0.0401;26.398;0.0275;18.066;15.085;4.7135;0.2304;0.1808;2.6012;0.0666;2.5516;0;1;0;0;0.9717;0.9604;1;1;0.9666;0.1437;0.9669;0.9862;1;0.9667;0.7966;0.999;0.999;1;0.999;0.999;0.9276;0.9335;0.1143;0.0827;0.0825;0.0005;0.0101;-0.0017;0.0005;0.0018;0.0004;0;0;0.088;-0.0224;0;0;0;0;0;0;0;0;0;0;0;0;0.0015;0.0001;0.0693;0.0693;0;19.515;19.515;1.3447;0.0499;68.902;1005.2;1;0.0037;0.0037;0;0;0;0;0;0;0.0656;-0.0224;0;15.748;18.236;-5.0918;-5.8962;94.725;94.725;0.6975;0.5841;-0.1888;0.1134;0.7729;0.1626;1.1082;0;18.065;0;0
27/11/21 18:00;4.6384;112.75;78.689;5.028;7.2442;90;7.2442;8.6929;8.601;0.0919;17.44;2.33;0;0.2228;8.5598;0.0169;0;0.0059;8.8053;0;8.8053;0.2228;0.0169;8.5598;0.0059;0.0253;0.9728;0;0.0007;8.764;0.0413;0;0;0.0364;0.0049;8.327;0.4283;0.0617;0.0047;0.3617;0.0002;8.7553;0.0088;0.0002;0;0.0085;0;8.3277;0.1608;0.0122;8.1532;0.0008;5.1015;4.2598;1.2819;0.0007;0.0501;0.7203;0.0007;0.7697;0;1;0;0;1.0129;0.9953;1;1;0.9957;0.1673;0.9511;0.7227;1;0.9575;0.7756;0.999;0.999;1;0.999;0.999;0.9457;0.9525;0.1296;0.0251;0.0253;0.0002;0.0055;-0.0006;0.0001;0.0005;0.0001;0;0;0.088;-0.0713;0;0;0;0;0;0;0;0;0;0;0;0;0.0004;0;0.0191;0.0191;0;17.864;17.864;0.4242;0.0509;19.92;956.68;1;0.0024;0.0024;0;0;0;0;0;0;0.0167;-0.0713;0;14.301;16.56;-53.509;-61.962;87.621;87.621;0.2113;0.1607;-0.6013;0.0506;0.762;0.2395;3.6058;0;5.101;0;0
27/11/21 19:00;0;0;90;0;0;90;0;0;0;0;16.4;3.6699;0;0;0;0;0;0;0;0;0;0;0;0;0;1;1;1;1;0;0;0;0;0;0;0;0;0;0;0;0;0;0;0;0;0;0;0;0;0;0;0;0;0;0;0;0;0;0;0;0;0;0;0;1;1;1;1;1;1;1;1;1;1;1;1;1;1;1;1;1;1;1;0;0;0;0;0;0;0;0;0;0.0004;0.088;-0.0884;0;0;0;0;0;0;0;0;0;0;0;0;0;0;0;0;0;0;0;-16.4;0;0;0;0;0.0004;0;0;0;0;0;0;0;-0.0004;-0.0884;0;0;0;0;0;0;0;0;0;-0.7452;0;0.7452;1;1;0;0;0;0
27/11/21 20:00;0;0;90;0;0;90;0;0;0;0;14.67;4.35;0;0;0;0;0;0;0;0;0;0;0;0;0;1;1;1;1;0;0;0;0;0;0;0;0;0;0;0;0;0;0;0;0;0;0;0;0;0;0;0;0;0;0;0;0;0;0;0;0;0;0;0;1;1;1;1;1;1;1;1;1;1;1;1;1;1;1;1;1;1;1;0;0;0;0;0;0;0;0;0;0.0004;0.088;-0.0884;0;0;0;0;0;0;0;0;0;0;0;0;0;0;0;0;0;0;0;-14.67;0;0;0;0;0.0004;0;0;0;0;0;0;0;-0.0004;-0.0884;0;0;0;0;0;0;0;0;0;-0.7452;0;0.7452;1;1;0;0;0;0
27/11/21 21:00;0;0;90;0;0;90;0;0;0;0;13.8;4.56;0;0;0;0;0;0;0;0;0;0;0;0;0;1;1;1;1;0;0;0;0;0;0;0;0;0;0;0;0;0;0;0;0;0;0;0;0;0;0;0;0;0;0;0;0;0;0;0;0;0;0;0;1;1;1;1;1;1;1;1;1;1;1;1;1;1;1;1;1;1;1;0;0;0;0;0;0;0;0;0;0.0004;0.088;-0.0884;0;0;0;0;0;0;0;0;0;0;0;0;0;0;0;0;0;0;0;-13.8;0;0;0;0;0.0004;0;0;0;0;0;0;0;-0.0004;-0.0884;0;0;0;0;0;0;0;0;0;-0.7452;0;0.7452;1;1;0;0;0;0
27/11/21 22:00;0;0;90;0;0;90;0;0;0;0;13.03;4.34;0;0;0;0;0;0;0;0;0;0;0;0;0;1;1;1;1;0;0;0;0;0;0;0;0;0;0;0;0;0;0;0;0;0;0;0;0;0;0;0;0;0;0;0;0;0;0;0;0;0;0;0;1;1;1;1;1;1;1;1;1;1;1;1;1;1;1;1;1;1;1;0;0;0;0;0;0;0;0;0;0.0004;0.088;-0.0884;0;0;0;0;0;0;0;0;0;0;0;0;0;0;0;0;0;0;0;-13.03;0;0;0;0;0.0004;0;0;0;0;0;0;0;-0.0004;-0.0884;0;0;0;0;0;0;0;0;0;-0.7452;0;0.7452;1;1;0;0;0;0
27/11/21 23:00;0;0;90;0;0;90;0;0;0;0;11.58;4.0501;0;0;0;0;0;0;0;0;0;0;0;0;0;1;1;1;1;0;0;0;0;0;0;0;0;0;0;0;0;0;0;0;0;0;0;0;0;0;0;0;0;0;0;0;0;0;0;0;0;0;0;0;1;1;1;1;1;1;1;1;1;1;1;1;1;1;1;1;1;1;1;0;0;0;0;0;0;0;0;0;0.0004;0.088;-0.0884;0;0;0;0;0;0;0;0;0;0;0;0;0;0;0;0;0;0;0;-11.58;0;0;0;0;0.0004;0;0;0;0;0;0;0;-0.0004;-0.0884;0;0;0;0;0;0;0;0;0;-0.7452;0;0.7452;1;1;0;0;0;0
28/11/21 00:00;0;0;90;0;0;90;0;0;0;0;10.77;4.0699;0;0;0;0;0;0;0;0;0;0;0;0;0;1;1;1;1;0;0;0;0;0;0;0;0;0;0;0;0;0;0;0;0;0;0;0;0;0;0;0;0;0;0;0;0;0;0;0;0;0;0;0;1;1;1;1;1;1;1;1;1;1;1;1;1;1;1;1;1;1;1;0;0;0;0;0;0;0;0;0;0.0004;0.088;-0.0884;0;0;0;0;0;0;0;0;0;0;0;0;0;0;0;0;0;0;0;-10.77;0;0;0;0;0.0004;0;0;0;0;0;0;0;-0.0004;-0.0884;0;0;0;0;0;0;0;0;0;-0.7452;0;0.7452;1;1;0;0;0;0
28/11/21 01:00;0;0;90;0;0;90;0;0;0;0;9.6098;4.12;0;0;0;0;0;0;0;0;0;0;0;0;0;1;1;1;1;0;0;0;0;0;0;0;0;0;0;0;0;0;0;0;0;0;0;0;0;0;0;0;0;0;0;0;0;0;0;0;0;0;0;0;1;1;1;1;1;1;1;1;1;1;1;1;1;1;1;1;1;1;1;0;0;0;0;0;0;0;0;0;0.0004;0.088;-0.0884;0;0;0;0;0;0;0;0;0;0;0;0;0;0;0;0;0;0;0;-9.6098;0;0;0;0;0.0004;0;0;0;0;0;0;0;-0.0004;-0.0884;0;0;0;0;0;0;0;0;0;-0.7452;0;0.7452;1;1;0;0;0;0
28/11/21 02:00;0;0;90;0;0;90;0;0;0;0;9.0501;4.01;0;0;0;0;0;0;0;0;0;0;0;0;0;1;1;1;1;0;0;0;0;0;0;0;0;0;0;0;0;0;0;0;0;0;0;0;0;0;0;0;0;0;0;0;0;0;0;0;0;0;0;0;1;1;1;1;1;1;1;1;1;1;1;1;1;1;1;1;1;1;1;0;0;0;0;0;0;0;0;0;0.0004;0.088;-0.0884;0;0;0;0;0;0;0;0;0;0;0;0;0;0;0;0;0;0;0;-9.0501;0;0;0;0;0.0004;0;0;0;0;0;0;0;-0.0004;-0.0884;0;0;0;0;0;0;0;0;0;-0.7452;0;0.7452;1;1;0;0;0;0
28/11/21 03:00;0;0;90;0;0;90;0;0;0;0;8.6599;3.8;0;0;0;0;0;0;0;0;0;0;0;0;0;1;1;1;1;0;0;0;0;0;0;0;0;0;0;0;0;0;0;0;0;0;0;0;0;0;0;0;0;0;0;0;0;0;0;0;0;0;0;0;1;1;1;1;1;1;1;1;1;1;1;1;1;1;1;1;1;1;1;0;0;0;0;0;0;0;0;0;0.0004;0.088;-0.0884;0;0;0;0;0;0;0;0;0;0;0;0;0;0;0;0;0;0;0;-8.6599;0;0;0;0;0.0004;0;0;0;0;0;0;0;-0.0004;-0.0884;0;0;0;0;0;0;0;0;0;-0.7452;0;0.7452;1;1;0;0;0;0
28/11/21 04:00;1.6756;-115.18;85.933;1.8515;2.6428;-90;-2.6428;0.0977;0.0977;0;8.6599;3.5999;0;0;0.0976;0;0;0;0.0976;0.0976;0;0;0;0;0;1;1;1;1;0;0;0;0;0;0;0;0;0;0;0;0;0;0;0;0;0;0;0;0;0;0;0;0;0;0;0;0;0;0;0;0;0;0;0;0;1;1;1;1;1;1;1;1;1;1;1;1;1;0;0;1;0;0;0;0;0;0;0;0;0;0;0;0.0004;0.088;-0.0884;0;0;0;0;0;0;0;0;0;0;0;0;0;0;0;0;0;0;0;-8.6599;0;0;0;0;0.0004;0;0;0;0;0;0;0;-0.0004;-0.0884;0;0;0;0;0;0;0;0;0;-0.7452;0;0.7452;1;1;0;0;0;0
28/11/21 05:00;9.0406;-109.85;67.598;9.6014;14.26;-90;-14.26;85.796;50.901;34.895;10.08;4.44;0;84.631;42.195;19.513;0;0.2247;146.56;0;146.56;84.631;19.513;42.195;0.2247;0.5774;0.2894;0;0.0015;145.82;0.7385;0;0;0.5519;0.1866;135.45;10.227;7.0136;1.6171;1.588;0.0085;145.68;0.1458;0.0846;0.0195;0.0416;0;135.48;77.533;17.876;40.013;0.0295;25.822;21.561;6.4375;0.0456;0.2595;3.7325;0.0241;3.9464;0;1;0;0;1.7083;0.995;1;1;0.9869;0.1696;0.9298;0.917;1;0.9618;0.7759;0.999;0.999;1;0.999;0.999;0.9242;0.9483;0.1315;0.4171;0.3951;0.0024;0.0172;-0.0118;0.0027;0.0096;0.0007;0;0;0.088;0.2699;0;0;0;0;0;0;0;0;0;0;0;0;0.0077;0.0006;0.366;0.366;0;16.693;16.693;6.6131;0.0488;337.5;1084.6;1;0.0082;0.0082;0;0;0;0;0;0;0.3579;0.2699;0;16.504;19.111;12.167;14.089;97.766;97.766;3.5175;3.0869;2.2758;0.4306;0.8111;0.1224;0.2306;0.647;25.611;0.6349;0
28/11/21 06:00;20.828;-102.09;30.422;21.258;40.304;-90;-40.304;339.39;57.799;281.6;14.84;5.22;0;682.95;22.224;79.021;0;6.8479;791.04;0;791.04;682.95;79.021;22.224;6.8479;0.8634;0.0368;0;0.0087;783.23;7.8155;0;0;1.5607;6.2548;780.74;1.6974;0.8752;0.1013;0.6688;0.0521;782.44;0.7832;0.6829;0.079;0.0207;0.0006;780.92;681.39;78.841;19.973;0.5404;17.411;14.538;5.0273;0.9307;0.1888;2.7161;0.1774;1.9742;0;1;0;0;2.3307;0.9901;1;1;0.9298;0.0866;0.9978;0.9987;1;0.9676;0.9121;0.999;0.999;1;0.999;0.999;0.987;0.8987;0.0789;2.2512;2.2397;0.0135;-0.0016;0.2265;0.014;0.0497;0.0005;0;0;0.088;1.7672;0;0;0;0;0;0;0;0;0;0;0;0;0.04;0.0119;1.8854;1.8854;0;53.722;53.722;38.882;0.0498;1933.9;974.89;1;0.0301;0.0301;0;0;0;0;0;0;1.8552;1.7672;0;15.749;18.238;14.763;17.095;98.402;98.402;18.985;15.9;14.903;3.0854;0.9962;0.1625;0.0525;0.785;15.871;0.783;0
28/11/21 07:00;32.96;-94.314;3.6183;33.034;56.966;-90;-56.966;562.69;92.602;470.09;16.25;4.75;0;862.34;27.542;104.47;0;21.756;1016.1;0;1016.1;862.34;104.47;27.542;21.756;0.8487;0.0485;0;0.0214;992.64;23.475;0;0;3.2005;20.274;990.61;1.0346;0.1077;0.013;0.8404;0.0735;991.65;0.9926;0.8623;0.1045;0.0243;0.0015;994.32;861.37;104.36;23.476;1.4067;153.51;128.19;40.812;3.833;1.6091;23.147;3.7067;20.923;0;1;0;0;1.8058;0.9769;1;1;0.8838;0.0681;0.999;0.9999;1;0.9654;0.9504;0.999;0.999;1;0.999;0.999;0.9749;0.8524;0.0647;2.8918;2.8912;0.0174;0.0003;0.4187;0.0172;0.0609;0.0037;0;0;0.088;2.1785;0;0;0;0;0;0;0;0;0;0;0;0;0.0491;0.0192;2.3046;2.3046;0;66.083;66.083;49.833;0.0503;2492.6;924.57;1;0.0381;0.0381;0;0;0;0;0;0;2.2665;2.1785;0;14.987;17.355;14.167;16.405;98.347;98.347;24.387;19.435;18.372;4.9517;1.0633;0.203;0.0436;0.7534;23.159;0.7407;0
28/11/21 08:00;45.216;-85.645;3.0661;45.298;44.702;-90;-44.702;764.19;126.1;638.09;17.63;3.7401;0;897.73;38.842;113.53;0;18.787;1068.9;0;1068.9;897.73;113.53;38.842;18.787;0.8399;0.0539;0;0.0176;1048.4;20.502;0;0;3.1743;17.327;1046;1.3588;0.095;0.012;1.1618;0.09;1047.3;1.0484;0.8977;0.1135;0.0357;0.0015;1050.6;896.74;113.4;34.47;1.3679;332.69;277.8;87.963;2.3229;3.1297;45.019;4.6118;45.826;0;1;0;0;1.3987;0.9808;1;1;0.9183;0.0777;0.9987;0.9999;1;0.9674;0.9382;0.999;0.999;1;0.999;0.999;0.9786;0.8874;0.0728;3.042;3.096;0.0186;0.0031;0.4963;0.018;0.064;0.0071;0;0;0.088;2.2871;0;0;0;0;0;0;0;0;0;0;0;0;0.0516;0.0219;2.4153;2.4153;0;70.441;70.441;52.811;0.0505;2669.7;904.73;1;0.0402;0.0402;0;0;0;0;0;0;2.3751;2.2871;0;14.932;17.291;14.139;16.373;98.334;98.334;25.653;20.369;19.287;5.2845;1.0815;0.206;0.0422;0.7518;28.829;0.7289;0
28/11/21 09:00;57.289;-74.313;8.4018;58.27;31.73;-90;-31.73;925.9;152.8;773.1;19.53;3.0299;0;908.95;48.92;117.49;0;11.763;1087.1;0;1087.1;908.95;117.49;48.92;11.763;0.8361;0.0558;0;0.0108;1074.4;12.712;0;0;2.3652;10.347;1071.3;2.0382;0.2635;0.0341;1.5093;0.2313;1073.3;1.0744;0.909;0.1175;0.0466;0.0014;1074.4;907.78;117.34;44.999;1.1828;484.52;404.57;132.7;0.9021;4.0978;58.946;3.0782;62.142;0;1;0;0;1.1741;0.9883;1;1;0.9517;0.1203;0.9981;0.9997;1;0.9675;0.8364;0.999;0.999;1;0.999;0.999;0.9854;0.9198;0.1006;3.0939;3.192;0.0192;0.0047;0.5499;0.0183;0.065;0.0092;2.4094;0;0;0;0;0;0;0;0;0;0;0;0;0;0;0;0.0524;0.0232;2.4501;2.4501;0;73.769;73.769;54.239;0.0506;2751.5;890.46;1;0.0407;0.0407;0;0;0;0;0;0;2.4094;0;0;14.893;17.245;0;0;98.339;98.339;26.091;20.662;0;5.4292;20.662;0.2081;0.7919;0;32.638;0;0
28/11/21 10:00;68.438;-55.444;12.032;71.973;18.027;-90;-18.027;1097.1;181;916.1;20.66;2.66;0;963.4;52.768;133.46;0;4.578;1154.2;0;1154.2;963.4;133.46;52.768;4.578;0.8347;0.0497;0;0.004;1149.4;4.8355;0;0;1.0244;3.811;1145.7;2.4732;0.4;0.0554;1.8478;0.1701;1148.2;1.1494;0.9634;0.1335;0.0517;0.0008;1146.8;962.03;133.27;49.844;0.5961;625.46;522.26;168.1;0.1319;5.4314;78.128;1.046;83.428;0;1;0;0;1.052;0.9958;1;1;0.9806;0.1675;0.9978;0.9996;1;0.9643;0.778;0.999;0.999;1;0.999;0.999;0.9927;0.9446;0.1302;3.2848;3.4375;0.0207;0.01;0.6553;0.0193;0.0683;0.0119;2.5272;0;0;0;0;0;0;0;0;0;0;0;0;0;0;0;0.055;0.0267;2.5703;2.5703;0;78.922;78.922;58.262;0.0509;2933.4;875;1;0.0431;0.0431;0;0;0;0;0;0;2.5272;0;0;14.716;17.04;0;0;98.323;98.323;27.701;21.676;0;6.0248;21.676;0.2175;0.7825;0;32.495;0;0
28/11/21 11:00;75.824;-15.259;13.667;86.197;3.8033;-90;-3.8033;1164.2;192.1;972.1;21.57;2.28;0;974.25;54.947;137.4;0;0.2179;1166.8;0;1166.8;974.25;137.4;54.947;0.2179;0.835;0.0473;0;0.0002;1166.5;0.2659;0;0;0.0842;0.1816;1162.4;2.9536;0.4594;0.0648;2.4213;0.0081;1165.4;1.1665;0.9742;0.1374;0.0549;0;1162.4;972.81;137.19;52.387;0.0282;685.67;572.54;181.24;-0.0001;6.1422;88.353;0.0088;94.496;0;1;0;0;1.0022;0.9998;1;1;0.9985;0.1666;0.9975;0.9995;1;0.9558;0.7774;0.999;0.999;1;0.999;0.999;0.9962;0.9534;0.1294;3.3206;3.5028;0.0211;0.0117;0.6911;0.0195;0.069;0.0133;2.5418;0;0;0;0;0;0;0;0;0;0;0;0;0;0;0;0.0556;0.0276;2.594;2.5853;0;80.773;80.773;59.202;0.0509;2954.6;875;1;0.0522;0.0435;0;0.0087;0;0;0;0;2.5418;0;0;14.641;16.954;0;0;97.989;98.319;28.003;21.802;0;6.2014;21.802;0.2215;0.7785;0;32.587;0;0
28/11/21 12:00;73.197;38.046;13.159;79.458;10.543;90;10.543;1140.1;188.1;952;22.2;2.02;0;968.35;54.491;135.43;0;1.6359;1159.9;0;1159.9;968.35;135.43;54.491;1.6359;0.8349;0.0484;0;0.0014;1158.1;1.7918;0;0;0.4306;1.3612;1154.2;2.7524;0.4397;0.0615;2.1894;0.0618;1157;1.1581;0.9683;0.1354;0.0541;0.0003;1154.5;966.94;135.23;51.817;0.2126;664.97;555.25;177.96;0.0197;5.8158;83.658;0.3052;89.454;0;1;0;0;1.0174;0.9985;1;1;0.9921;0.1679;0.9976;0.9995;1;0.9595;0.7748;0.999;0.999;1;0.999;0.999;0.9951;0.9509;0.13;3.301;3.4707;0.0209;0.0108;0.6877;0.0193;0.0683;0.0126;2.517;0;0;0;0;0;0;0;0;0;0;0;0;0;0;0;0.055;0.0272;2.5689;2.5599;0;80.993;80.993;58.793;0.0509;2925.6;875;1;0.0519;0.0429;0;0.009;0;0;0;0;2.517;0;0;14.584;16.887;0;0;97.98;98.325;27.838;21.588;0;6.25;21.588;0.2245;0.7755;0;32.708;0;0
28/11/21 13:00;63.396;65.852;10.556;65.439;24.561;90;24.561;1112.6;183.6;928.99;22.75;1.9199;0;1021.4;45.658;149.29;0;8.557;1224.9;0;1224.9;1021.4;149.29;45.658;8.557;0.8339;0.0443;0;0.007;1216.1;8.7796;0;0;1.4711;7.3085;1212.8;2.1575;0.3721;0.0544;1.4744;0.2567;1214.9;1.2161;1.0214;0.1493;0.0442;0.0012;1214.9;1020;149.08;42.668;0.9906;613.5;512.27;165.06;0.3451;5.3297;76.666;2.1067;81.651;0;1;0;0;1.101;0.9928;1;1;0.9678;0.1459;0.9982;0.9996;1;0.9666;0.7942;0.999;0.999;1;0.999;0.999;0.9901;0.9345;0.1158;3.486;3.6294;0.0219;0.0152;0.7678;0.0198;0.0701;0.0113;2.5653;0;0;0;0;0;0;0;0;0;0;0;0;0;0;0;0.0565;0.0296;2.6372;2.6093;0;84.724;84.724;61.974;0.0511;2982.1;875;1;0.0719;0.044;0;0.0279;0;0;0;0;2.5653;0;0;14.076;16.3;0;0;97.272;98.313;29.398;22.005;0;7.3935;22.005;0.2515;0.7485;0;29.069;0;0
28/11/21 14:00;51.657;80.168;6.0812;52.069;37.931;90;37.931;501.39;388.6;112.79;22.89;1.89;0;143;311.98;50.432;0;9.0032;514.42;0;514.42;143;50.432;311.98;9.0032;0.278;0.624;0;0.0175;486.2;28.214;0;0;20.025;8.1888;476.16;9.5563;0.03;0.0106;9.423;0.0927;485.72;0.4862;0.143;0.0504;0.292;0.0008;479;142.83;50.371;282.24;0.7209;291.6;243.48;79.91;10.593;3.1165;44.83;2.842;37.353;0;1;0;0;1.026;0.9452;1;1;0.9358;0.0905;0.9803;0.9998;1;0.9677;0.886;0.999;0.999;1;0.999;0.999;0.9256;0.9047;0.0801;1.464;1.4603;0.0088;0.0057;0.1114;0.0093;0.0331;0.0078;1.2331;0;0;0;0;0;0;0;0;0;0;0;0;0;0;0;0.0267;0.0053;1.2522;1.2522;0;46.502;46.502;23.612;0.0496;1255.4;997.42;1;0.0191;0.0191;0;0;0;0;0;0;1.2331;0;0;16.085;18.626;0;0;98.471;98.471;12.346;10.56;0;1.7861;10.56;0.1447;0.8553;0;218.39;0;0
28/11/21 15:00;39.446;89.916;0.0647;39.446;50.554;90;50.554;270.2;258.5;11.701;23.13;1.9999;0;18.417;208.6;5.3335;0;8.375;240.72;0;240.72;18.417;5.3335;208.6;8.375;0.0765;0.9013;0;0.0348;212.44;28.282;0;0;20.455;7.8268;205.95;6.2766;0;0;6.253;0.0235;212.23;0.2124;0.0184;0.0053;0.1881;0.0005;209.13;18.398;5.3282;181.7;0.5242;169.11;141.21;48.851;19.064;2.4844;35.736;3.172;19.157;0;1;0;0;0.8909;0.8825;1;1;0.9019;0.0655;0.9704;1;1;0.9667;0.9571;0.999;0.999;1;0.999;0.999;0.8556;0.8711;0.0626;0.6851;0.6699;0.004;0.0161;0.02;0.0044;0.0156;0.0064;0.5793;0;0;0;0;0;0;0;0;0;0;0;0;0;0;0;0.0126;0.0013;0.5894;0.5894;0;33.289;33.289;10.159;0.0493;572.02;1030.4;1;0.0101;0.0101;0;0;0;0;0;0;0.5793;0;0;16.18;18.736;0;0;98.287;98.287;5.7774;4.9706;0;0.8068;4.9706;0.1396;0.8604;0;163.77;0;0
28/11/21 16:00;27.219;98.021;7.5684;27.449;60;90;60;178.41;173.3;5.1061;22.15;2.11;0;11.066;128.94;2.9845;0;7.5824;150.58;0;150.58;11.066;2.9845;128.94;7.5824;0.0735;0.9067;0;0.0504;127.27;23.304;0;0;16.211;7.0934;123.12;4.0219;0.0029;0.0008;3.9849;0.0333;127.15;0.1273;0.0111;0.003;0.1127;0.0005;126.2;11.052;2.9807;108.64;0.4552;112.97;94.333;34.221;21.559;2.13;30.639;3.0756;11.21;0;1;0;0;0.844;0.8452;1;1;0.8743;0.0645;0.9684;0.9997;1;0.9646;0.9318;0.999;0.999;1;0.999;0.999;0.8177;0.8425;0.06;0.4285;0.4224;0.0025;0.0172;0.005;0.0028;0.0099;0.0055;0.3633;0;0;0;0;0;0;0;0;0;0;0;0;0;0;0;0.008;0.0006;0.371;0.371;0;28.225;28.225;6.0755;0.0493;359.19;1032.9;1;0.0077;0.0077;0;0;0;0;0;0;0.3633;0;0;16.281;18.853;0;0;97.92;97.92;3.6139;3.1287;0;0.4852;3.1287;0.1343;0.8657;0;112.26;0;0
28/11/21 17:00;15.222;105.7;50.448;15.783;25.492;90;25.492;116.8;112.6;4.2;21.05;1.8;0;10.186;105.9;3.1093;0;0.9665;120.16;0;120.16;10.186;3.1093;105.9;0.9665;0.0848;0.8894;0;0.008;115.71;4.4508;0;0;3.6218;0.829;111.99;3.5976;0.1344;0.041;3.3945;0.0277;115.59;0.1157;0.0102;0.0031;0.1023;0.0001;112.25;10.042;3.0651;98.778;0.1096;67.821;56.63;17.721;0.9077;0.6799;9.7803;0.2587;9.5525;0;1;0;0;1.0288;0.963;1;1;0.9658;0.1422;0.9689;0.9868;1;0.9668;0.7982;0.999;0.999;1;0.999;0.999;0.9321;0.9328;0.1134;0.342;0.3408;0.0021;0.0169;0.002;0.0022;0.0079;0.0017;0.2941;0;0;0;0;0;0;0;0;0;0;0;0;0;0;0;0.0064;0.0004;0.3011;0.3011;0;26.574;26.574;5.5237;0.0493;290.65;1035.9;1;0.007;0.007;0;0;0;0;0;0;0.2941;0;0;16.558;19.174;0;0;97.673;97.673;2.8838;2.5391;0;0.3447;2.5391;0.1195;0.8805;0;67.794;0;0
28/11/21 18:00;4.6161;112.99;78.744;5.0124;7.2213;90;7.2213;9.2985;9.2985;0;19.85;2.02;0;0;9.2616;0;0;0.0063;9.2679;0;9.2679;0;0;9.2616;0.0063;0;1;0;0.0007;9.2235;0.0444;0;0;0.0392;0.0052;8.8226;0.3917;0;0;0.3915;0.0002;9.2142;0.0092;0;0;0.0092;0;8.8233;0;0;8.8217;0.0008;5.5191;4.6084;1.3867;0.0007;0.0542;0.7793;0.0008;0.8328;0;1;0;0;0.9967;0.9952;1;1;0.9958;0.1673;0.9575;1;1;0.9575;0.7756;0.999;1;1;0.999;0.999;0.952;0.9525;0.1296;0.0264;0.0268;0.0002;0.0057;-0.0004;0.0001;0.0005;0.0001;0.0178;0;0;0;0;0;0;0;0;0;0;0;0;0;0;0;0.0004;0;0.0202;0.0202;0;20.3;20.3;0.4496;0.051;21.249;948.87;1;0.0024;0.0024;0;0;0;0;0;0;0.0178;0;0;14.376;16.647;0;0;88.236;88.236;0.2224;0.17;0;0.0524;0.17;0.2355;0.7645;0;5.5191;0;0
28/11/21 19:00;0;0;90;0;0;90;0;0;0;0;17.64;2.97;0;0;0;0;0;0;0;0;0;0;0;0;0;1;1;1;1;0;0;0;0;0;0;0;0;0;0;0;0;0;0;0;0;0;0;0;0;0;0;0;0;0;0;0;0;0;0;0;0;0;0;0;1;1;1;1;1;1;1;1;1;1;1;1;1;1;1;1;1;1;1;0;0;0;0;0;0;0;0;-0.0004;0.0004;0.088;-0.0884;0;0;0;0;0;0;0;0;0;0;0;0;0;0;0;0;0;0;0;-17.64;0;0;0;0;0.0004;0;0;0;0;0;0;0;-0.0004;-0.0884;0;0;0;0;0;0;0;0;0;-0.7452;0;0.7452;1;1;0;0;0;0
28/11/21 20:00;0;0;90;0;0;90;0;0;0;0;16.84;3.8201;0;0;0;0;0;0;0;0;0;0;0;0;0;1;1;1;1;0;0;0;0;0;0;0;0;0;0;0;0;0;0;0;0;0;0;0;0;0;0;0;0;0;0;0;0;0;0;0;0;0;0;0;1;1;1;1;1;1;1;1;1;1;1;1;1;1;1;1;1;1;1;0;0;0;0;0;0;0;0;-0.0004;0.0004;0.088;-0.0884;0;0;0;0;0;0;0;0;0;0;0;0;0;0;0;0;0;0;0;-16.84;0;0;0;0;0.0004;0;0;0;0;0;0;0;-0.0004;-0.0884;0;0;0;0;0;0;0;0;0;-0.7452;0;0.7452;1;1;0;0;0;0
28/11/21 21:00;0;0;90;0;0;90;0;0;0;0;15.6;4.41;0;0;0;0;0;0;0;0;0;0;0;0;0;1;1;1;1;0;0;0;0;0;0;0;0;0;0;0;0;0;0;0;0;0;0;0;0;0;0;0;0;0;0;0;0;0;0;0;0;0;0;0;1;1;1;1;1;1;1;1;1;1;1;1;1;1;1;1;1;1;1;0;0;0;0;0;0;0;0;-0.0004;0.0004;0.088;-0.0884;0;0;0;0;0;0;0;0;0;0;0;0;0;0;0;0;0;0;0;-15.6;0;0;0;0;0.0004;0;0;0;0;0;0;0;-0.0004;-0.0884;0;0;0;0;0;0;0;0;0;-0.7452;0;0.7452;1;1;0;0;0;0
28/11/21 22:00;0;0;90;0;0;90;0;0;0;0;14.61;4.8;0;0;0;0;0;0;0;0;0;0;0;0;0;1;1;1;1;0;0;0;0;0;0;0;0;0;0;0;0;0;0;0;0;0;0;0;0;0;0;0;0;0;0;0;0;0;0;0;0;0;0;0;1;1;1;1;1;1;1;1;1;1;1;1;1;1;1;1;1;1;1;0;0;0;0;0;0;0;0;-0.0004;0.0004;0.088;-0.0884;0;0;0;0;0;0;0;0;0;0;0;0;0;0;0;0;0;0;0;-14.61;0;0;0;0;0.0004;0;0;0;0;0;0;0;-0.0004;-0.0884;0;0;0;0;0;0;0;0;0;-0.7452;0;0.7452;1;1;0;0;0;0
28/11/21 23:00;0;0;90;0;0;90;0;0;0;0;14;5.1799;0;0;0;0;0;0;0;0;0;0;0;0;0;1;1;1;1;0;0;0;0;0;0;0;0;0;0;0;0;0;0;0;0;0;0;0;0;0;0;0;0;0;0;0;0;0;0;0;0;0;0;0;1;1;1;1;1;1;1;1;1;1;1;1;1;1;1;1;1;1;1;0;0;0;0;0;0;0;0;-0.0004;0.0004;0.088;-0.0884;0;0;0;0;0;0;0;0;0;0;0;0;0;0;0;0;0;0;0;-14;0;0;0;0;0.0004;0;0;0;0;0;0;0;-0.0004;-0.0884;0;0;0;0;0;0;0;0;0;-0.7452;0;0.7452;1;1;0;0;0;0
29/11/21 00:00;0;0;90;0;0;90;0;0;0;0;13.31;5.3301;0;0;0;0;0;0;0;0;0;0;0;0;0;1;1;1;1;0;0;0;0;0;0;0;0;0;0;0;0;0;0;0;0;0;0;0;0;0;0;0;0;0;0;0;0;0;0;0;0;0;0;0;1;1;1;1;1;1;1;1;1;1;1;1;1;1;1;1;1;1;1;0;0;0;0;0;0;0;0;-0.0004;0.0004;0.088;-0.0884;0;0;0;0;0;0;0;0;0;0;0;0;0;0;0;0;0;0;0;-13.31;0;0;0;0;0.0004;0;0;0;0;0;0;0;-0.0004;-0.0884;0;0;0;0;0;0;0;0;0;-0.7452;0;0.7452;1;1;0;0;0;0
29/11/21 01:00;0;0;90;0;0;90;0;0;0;0;12.62;5.2699;0;0;0;0;0;0;0;0;0;0;0;0;0;1;1;1;1;0;0;0;0;0;0;0;0;0;0;0;0;0;0;0;0;0;0;0;0;0;0;0;0;0;0;0;0;0;0;0;0;0;0;0;1;1;1;1;1;1;1;1;1;1;1;1;1;1;1;1;1;1;1;0;0;0;0;0;0;0;0;-0.0004;0.0004;0.088;-0.0884;0;0;0;0;0;0;0;0;0;0;0;0;0;0;0;0;0;0;0;-12.62;0;0;0;0;0.0004;0;0;0;0;0;0;0;-0.0004;-0.0884;0;0;0;0;0;0;0;0;0;-0.7452;0;0.7452;1;1;0;0;0;0
29/11/21 02:00;0;0;90;0;0;90;0;0;0;0;12.4;5.0901;0;0;0;0;0;0;0;0;0;0;0;0;0;1;1;1;1;0;0;0;0;0;0;0;0;0;0;0;0;0;0;0;0;0;0;0;0;0;0;0;0;0;0;0;0;0;0;0;0;0;0;0;1;1;1;1;1;1;1;1;1;1;1;1;1;1;1;1;1;1;1;0;0;0;0;0;0;0;0;-0.0004;0.0004;0.088;-0.0884;0;0;0;0;0;0;0;0;0;0;0;0;0;0;0;0;0;0;0;-12.4;0;0;0;0;0.0004;0;0;0;0;0;0;0;-0.0004;-0.0884;0;0;0;0;0;0;0;0;0;-0.7452;0;0.7452;1;1;0;0;0;0
29/11/21 03:00;0;0;90;0;0;90;0;0;0;0;11.32;4.8501;0;0;0;0;0;0;0;0;0;0;0;0;0;1;1;1;1;0;0;0;0;0;0;0;0;0;0;0;0;0;0;0;0;0;0;0;0;0;0;0;0;0;0;0;0;0;0;0;0;0;0;0;1;1;1;1;1;1;1;1;1;1;1;1;1;1;1;1;1;1;1;0;0;0;0;0;0;0;0;-0.0004;0.0004;0.088;-0.0884;0;0;0;0;0;0;0;0;0;0;0;0;0;0;0;0;0;0;0;-11.32;0;0;0;0;0.0004;0;0;0;0;0;0;0;-0.0004;-0.0884;0;0;0;0;0;0;0;0;0;-0.7452;0;0.7452;1;1;0;0;0;0
29/11/21 04:00;1.715;-115.37;85.838;1.8979;2.7092;-90;-2.7092;2.6958;2.6958;0;10.9;4.83;0;0;2.6943;0;0;0.0003;2.6945;2.6945;0;0;0;0;0;1;1;1;1;0;0;0;0;0;0;0;0;0;0;0;0;0;0;0;0;0;0;0;0;0;0;0;0;0;0;0;0;0;0;0;0;0;0;0;0;1;1;1;1;1;1;1;1;1;1;1;1;1;0;0;1;0;0;0;0;0;0;0;0;0;0;-0.0004;0.0004;0.088;-0.0884;0;0;0;0;0;0;0;0;0;0;0;0;0;0;0;0;0;0;0;-10.9;0;0;0;0;0.0004;0;0;0;0;0;0;0;-0.0004;-0.0884;0;0;0;0;0;0;0;0;0;-0.7452;0;0.7452;1;1;0;0;0;0
29/11/21 05:00;9.0702;-110.04;67.522;9.6439;14.328;-90;-14.328;111.31;29.901;81.408;12.67;5.0101;0;197.44;18.619;26.647;0;0.2943;243;0;243;197.44;26.647;18.619;0.2943;0.8125;0.0778;0;0.0012;242.51;0.4899;0;0;0.2455;0.2444;223.14;19.124;16.223;2.1895;0.6998;0.0112;242.26;0.2425;0.1974;0.0266;0.0184;0;223.15;181.02;24.431;17.656;0.0387;11.757;9.8169;3.0475;0.0205;0.1106;1.5903;0.0105;1.6804;0;1;0;0;2.1831;0.998;1;1;0.9868;0.1696;0.9211;0.9177;1;0.9619;0.7759;0.999;0.999;1;0.999;0.999;0.9183;0.9482;0.1315;0.6915;0.6416;0.0039;0.0164;-0.0033;0.0044;0.0155;0.0003;0.5802;0;0;0;0;0;0;0;0;0;0;0;0;0;0;0;0.0125;0.0012;0.5908;0.5908;0;23.58;23.58;10.91;0.0489;549.94;1074.2;1;0.0106;0.0106;0;0;0;0;0;0;0.5802;0;0;16.065;18.603;0;0;98.212;98.212;5.8319;4.982;0;0.8499;4.982;0.1457;0.8543;0;11.304;0;0
29/11/21 06:00;20.846;-102.29;30.34;21.291;40.428;-90;-40.428;290.21;92.901;197.3;14.98;5.1099;0;478.52;49.533;88.893;0;5.89;622.84;0;622.84;478.52;88.893;49.533;5.89;0.7683;0.089;0;0.0095;613.96;8.876;0;0;3.4944;5.3816;611.11;2.2347;0.5905;0.1097;1.4903;0.0442;613.35;0.614;0.4785;0.0889;0.046;0.0005;611.51;477.45;88.695;44.502;0.4637;36.558;30.526;10.302;2.094;0.4221;6.0717;0.3987;4.3998;0;1;0;0;2.1462;0.9857;1;1;0.9295;0.0863;0.9964;0.9988;1;0.9676;0.9129;0.999;0.999;1;0.999;0.999;0.9812;0.8984;0.0787;1.7725;1.7617;0.0106;0.002;0.1254;0.0114;0.0403;0.0011;1.507;0;0;0;0;0;0;0;0;0;0;0;0;0;0;0;0.0325;0.0075;1.531;1.531;0;45.22;45.22;30.24;0.0495;1517.8;1008.7;1;0.024;0.024;0;0;0;0;0;0;1.507;0;0;16.243;18.809;0;0;98.431;98.431;14.948;12.911;0;2.0369;12.911;0.1363;0.8637;0;35.412;0;0
29/11/21 07:00;32.971;-94.536;3.8044;33.053;56.947;-90;-56.947;556.5;92.203;464.3;17.75;4.6299;0;851.27;27.994;102.63;0;21.503;1003.4;0;1003.4;851.27;102.63;27.994;21.503;0.8484;0.0493;0;0.0214;980.1;23.29;0;0;3.2515;20.038;978.07;1.0519;0.1118;0.0135;0.8542;0.0725;979.12;0.9801;0.8513;0.1026;0.0247;0.0015;981.74;850.3;102.51;23.864;1.3904;152.42;127.27;40.568;3.8911;1.6002;23.018;3.673;20.727;0;1;0;0;1.803;0.9768;1;1;0.8839;0.0681;0.9989;0.9999;1;0.9654;0.9504;0.999;0.999;1;0.999;0.999;0.9748;0.8525;0.0647;2.8556;2.855;0.0172;-0.0001;0.423;0.0169;0.0599;0.0037;2.2301;0;0;0;0;0;0;0;0;0;0;0;0;0;0;0;0.0483;0.0187;2.2673;2.2673;0;66.988;66.988;49.238;0.0503;2461.7;921.03;1;0.0371;0.0371;0;0;0;0;0;0;2.2301;0;0;14.931;17.29;0;0;98.363;98.363;24.081;19.12;0;4.9614;19.12;0.206;0.794;0;23.534;0;0
29/11/21 08:00;45.227;-85.911;2.879;45.3;44.7;-90;-44.7;755.5;124.3;631.2;20.11;3.5701;0;888.01;39.055;110.64;0;18.572;1056.3;0;1056.3;888.01;110.64;39.055;18.572;0.8407;0.0546;0;0.0176;1036;20.32;0;0;3.1915;17.129;1033.6;1.3564;0.0882;0.011;1.1681;0.089;1034.9;1.036;0.888;0.1106;0.0359;0.0014;1038.1;887.04;110.52;34.66;1.3523;329.08;274.78;87.019;2.3352;3.0975;44.556;4.5615;45.318;0;1;0;0;1.3981;0.9808;1;1;0.9183;0.0777;0.9987;0.9999;1;0.9674;0.9382;0.999;0.999;1;0.999;0.999;0.9785;0.8875;0.0728;3.0061;3.0594;0.0184;0.0025;0.5122;0.0177;0.0627;0.007;2.3281;0;0;0;0;0;0;0;0;0;0;0;0;0;0;0;0.0505;0.0214;2.367;2.367;0;72.376;72.376;52.266;0.0506;2638.5;897.08;1;0.0389;0.0389;0;0;0;0;0;0;2.3281;0;0;14.808;17.147;0;0;98.356;98.356;25.351;19.961;0;5.3896;19.961;0.2126;0.7874;0;28.987;0;0
29/11/21 09:00;57.312;-74.657;8.2158;58.25;31.75;-90;-31.75;913.81;150.5;763.31;21.68;2.43;0;897.64;49.38;114.22;0;11.624;1072.9;0;1072.9;897.64;114.22;49.38;11.624;0.8367;0.0569;0;0.0108;1060.2;12.616;0;0;2.3899;10.226;1057.1;2.0384;0.2545;0.0324;1.5233;0.2282;1059.2;1.0602;0.8976;0.1142;0.047;0.0014;1060.2;896.49;114.07;45.42;1.1682;478.22;399.31;130.98;0.9126;4.0461;58.202;3.0431;61.335;0;1;0;0;1.1741;0.9882;1;1;0.9516;0.1203;0.9981;0.9997;1;0.9675;0.8366;0.999;0.999;1;0.999;0.999;0.9854;0.9198;0.1005;3.0533;3.1499;0.019;0.004;0.56;0.018;0.0637;0.009;2.3628;0;0;0;0;0;0;0;0;0;0;0;0;0;0;0;0.0513;0.0226;2.4022;2.4022;0;75.267;75.267;53.587;0.0507;2715.4;884.67;1;0.0394;0.0394;0;0;0;0;0;0;2.3628;0;0;14.796;17.133;0;0;98.358;98.358;25.749;20.258;0;5.4903;20.258;0.2132;0.7868;0;32.95;0;0
29/11/21 10:00;68.496;-55.928;11.851;71.926;18.074;-90;-18.074;1039.2;171.5;867.7;22.99;1.39;0;912.74;56.266;119.72;0;4.3587;1093.1;0;1093.1;912.74;119.72;56.266;4.3587;0.835;0.0555;0;0.004;1088.4;4.7258;0;0;1.0971;3.6287;1084.7;2.5525;0.3732;0.049;1.9685;0.1618;1087.3;1.0884;0.9127;0.1197;0.0552;0.0007;1085.7;911.45;119.55;53.145;0.5675;592.55;494.78;159.2;0.1418;5.1499;74.079;0.9968;79.087;0;1;0;0;1.0518;0.9957;1;1;0.9805;0.1675;0.9977;0.9996;1;0.9643;0.7781;0.999;0.999;1;0.999;0.999;0.9923;0.9445;0.1302;3.1108;3.2547;0.0196;0.0059;0.6118;0.0183;0.065;0.0113;2.4061;0;0;0;0;0;0;0;0;0;0;0;0;0;0;0;0.0523;0.0241;2.4463;2.4463;0;78.106;78.106;55.115;0.0508;2794.4;875;1;0.0402;0.0402;0;0;0;0;0;0;2.4061;0;0;14.789;17.125;0;0;98.356;98.356;26.234;20.63;0;5.6037;20.63;0.2136;0.7864;0;34.657;0;0
29/11/21 11:00;75.97;-15.74;13.494;86.122;3.878;-90;-3.878;1096.4;180.9;915.5;23.8;0.6399;0;917.6;59.362;121.75;0;0.2134;1098.9;0;1098.9;917.6;121.75;59.362;0.2134;0.835;0.0542;0;0.0002;1098.7;0.2716;0;0;0.0937;0.1778;1094.4;3.1057;0.4273;0.0567;2.6139;0.0079;1097.6;1.0987;0.9176;0.1217;0.0593;0;1094.5;916.26;121.57;56.596;0.0276;645.73;539.18;170.62;-0.0001;5.7884;83.264;0.0094;89.053;0;1;0;0;1.0023;0.9998;1;1;0.9984;0.1666;0.9972;0.9995;1;0.9559;0.7773;0.999;0.999;1;0.999;0.999;0.9959;0.9534;0.1294;3.1274;3.2981;0.0199;0.0068;0.6362;0.0184;0.0654;0.0126;2.4208;0;0;0;0;0;0;0;0;0;0;0;0;0;0;0;0.0527;0.0247;2.4614;2.4614;0;79.473;79.473;55.673;0.0509;2807.8;875;1;0.0406;0.0406;0;0;0;0;0;0;2.4208;0;0;14.8;17.139;0;0;98.351;98.351;26.374;20.757;0;5.6172;20.757;0.213;0.787;0;35.209;0;0
29/11/21 12:00;73.382;38.132;13;79.558;10.442;90;10.442;1119.9;184.8;935.1;24.9;0.34;0;950.85;56.008;130.48;0;1.5764;1138.9;0;1138.9;950.85;130.48;56.008;1.5764;0.8349;0.0506;0;0.0014;1137.2;1.7473;0;0;0.4356;1.3117;1133.2;2.7987;0.4265;0.0585;2.2541;0.0595;1136;1.1372;0.9508;0.1305;0.0556;0.0003;1133.5;949.47;130.29;53.263;0.2049;653.36;545.56;174.82;0.0196;5.7163;82.227;0.2927;87.924;0;1;0;0;1.017;0.9985;1;1;0.9922;0.1679;0.9975;0.9996;1;0.9594;0.7748;0.999;0.999;1;0.999;0.999;0.995;0.951;0.13;3.2413;3.4078;0.0205;0.0093;0.697;0.0188;0.0666;0.0123;2.449;0;0;0;0;0;0;0;0;0;0;0;0;0;0;0;0.0536;0.0262;2.5035;2.4903;0;82.703;82.703;57.803;0.051;2846;875;1;0.0545;0.0412;0;0.0133;0;0;0;0;2.449;0;0;14.449;16.731;0;0;97.823;98.344;27.334;21.001;0;6.3332;21.001;0.2317;0.7683;0;33.61;0;0
29/11/21 13:00;63.561;66.05;10.413;65.561;24.439;90;24.439;1046.1;172.6;873.5;25.53;0.42;0;959.46;50.423;131.6;0;7.9668;1149.5;0;1149.5;959.46;131.6;50.423;7.9668;0.8347;0.0508;0;0.0069;1141;8.4123;0;0;1.6117;6.8006;1137.6;2.2623;0.3448;0.0473;1.6299;0.2403;1139.9;1.141;0.9595;0.1316;0.0488;0.0012;1139.6;958.16;131.42;47.132;0.9247;577.72;482.4;155.36;0.3741;5.027;72.311;1.9605;76.964;0;1;0;0;1.0988;0.9927;1;1;0.968;0.1464;0.998;0.9996;1;0.9666;0.7937;0.999;0.999;1;0.999;0.999;0.9897;0.9347;0.1161;3.2713;3.4053;0.0205;0.0092;0.7078;0.0187;0.0662;0.0108;2.4361;0;0;0;0;0;0;0;0;0;0;0;0;0;0;0;0.0534;0.0262;2.4926;2.477;0;83.602;83.602;58.071;0.051;2830.8;875;1;0.0566;0.0409;0;0.0156;0;0;0;0;2.4361;0;0;14.24;16.489;0;0;97.73;98.347;27.587;20.889;0;6.6982;20.889;0.2428;0.7572;0;32.08;0;0
29/11/21 14:00;51.811;80.34;5.9549;52.207;37.793;90;37.793;866.81;152.8;714.01;26.03;0.3999;0;903.54;48.362;124.99;0;15.455;1092.3;0;1092.3;903.54;124.99;48.362;15.455;0.8272;0.0584;0;0.0141;1075.2;17.135;0;0;3.0866;14.049;1072.3;1.8345;0.1857;0.0257;1.4611;0.1621;1074.1;1.0752;0.9035;0.125;0.0453;0.0014;1076.4;902.45;124.84;43.769;1.243;424.59;354.53;115.4;1.6251;3.7032;53.269;4.1354;55.347;0;1;0;0;1.2602;0.9843;1;1;0.9362;0.091;0.9983;0.9998;1;0.9677;0.8847;0.999;0.999;1;0.999;0.999;0.9816;0.905;0.0804;3.1087;3.1865;0.0192;0.0046;0.6288;0.0177;0.0629;0.008;2.3267;0;0;0;0;0;0;0;0;0;0;0;0;0;0;0;0.0507;0.0231;2.3714;2.3651;0;80.627;80.627;54.597;0.0509;2703;875;1;0.0446;0.0383;0;0.0063;0;0;0;0;2.3267;0;0;14.307;16.567;0;0;98.118;98.379;26.216;19.945;0;6.2713;19.945;0.2392;0.7608;0;33.815;0;0
29/11/21 15:00;39.597;90.06;0.046;39.597;50.403;90;50.403;698.6;134;564.6;26.88;0.42;0;885.82;40.555;132.51;0;21.533;1080.4;0;1080.4;885.82;132.51;40.555;21.533;0.8199;0.0575;0;0.0199;1056.3;24.08;0;0;3.9596;20.12;1054;1.2779;0.0014;0.0002;1.2154;0.0609;1055.3;1.0563;0.8858;0.1325;0.0366;0.0014;1058.7;884.93;132.38;35.343;1.3501;263.03;219.63;68.435;3.6729;2.6658;38.347;4.7041;37.34;0;1;0;0;1.5466;0.9777;1;1;0.9024;0.0656;0.9988;1;1;0.9668;0.9569;0.999;0.999;1;0.999;0.999;0.9756;0.8715;0.0627;3.0748;3.1059;0.0187;0.0032;0.6124;0.0173;0.0614;0.0058;2.273;0;0;0;0;0;0;0;0;0;0;0;0;0;0;0;0.0494;0.022;2.3156;2.31;0;80.539;80.539;53.659;0.0509;2640;875;1;0.0426;0.0371;0;0.0056;0;0;0;0;2.273;0;0;14.129;16.361;0;0;98.16;98.396;25.93;19.481;0;6.4491;19.481;0.2487;0.7513;0;31.791;0;0
29/11/21 16:00;27.372;98.142;7.6088;27.609;60;90;60;159.5;156.1;3.3987;25.6;0.6499;0;7.3272;116.46;1.7702;0;6.7787;132.34;0;132.34;7.3272;1.7702;116.46;6.7787;0.0554;0.9313;0;0.0512;111.35;20.983;0;0;14.641;6.3416;107.61;3.6312;0.0019;0.0005;3.5991;0.0298;111.24;0.1114;0.0073;0.0018;0.1018;0.0004;110.38;7.3179;1.768;98.118;0.407;101.87;85.064;30.867;19.472;1.9222;27.65;2.7716;10.101;0;1;0;0;0.8297;0.8414;1;1;0.8743;0.0645;0.9674;0.9997;1;0.9646;0.9318;0.999;0.999;1;0.999;0.999;0.8132;0.8425;0.06;0.3766;0.3712;0.0022;0.0171;0.008;0.0024;0.0085;0.0049;0.3136;0;0;0;0;0;0;0;0;0;0;0;0;0;0;0;0.0069;0.0005;0.3207;0.3207;0;30.929;30.929;5.3293;0.0495;315.41;1016.6;1;0.007;0.007;0;0;0;0;0;0;0.3136;0;0;16.011;18.54;0;0;97.81;97.81;3.1761;2.7041;0;0.472;2.7041;0.1486;0.8514;0;101.39;0;0
29/11/21 17:00;15.38;105.81;49.968;15.954;25.853;90;25.853;219.2;140.3;78.895;26.03;0.8701;0;191.34;105.07;72.027;0;1.8648;370.3;0;370.3;191.34;72.027;105.07;1.8648;0.5167;0.2888;0;0.005;365.03;5.2777;0;0;3.6755;1.6023;357.9;6.7563;2.4303;0.9148;3.3587;0.0525;364.66;0.365;0.1913;0.072;0.1014;0.0003;358.17;188.72;71.04;97.934;0.2098;67.944;56.733;17.848;0.9467;0.6774;9.7446;0.2661;9.4754;0;1;0;0;1.6894;0.9857;1;1;0.965;0.1408;0.9815;0.9873;1;0.9668;0.7999;0.999;0.999;1;0.999;0.999;0.9665;0.9321;0.1125;1.0539;1.0443;0.0063;0.0116;0.0702;0.0067;0.0237;0.0017;0.888;0;0;0;0;0;0;0;0;0;0;0;0;0;0;0;0.0191;0.0029;0.9021;0.9021;0;43.767;43.767;17.737;0.0496;899.49;1002.9;1;0.0141;0.0141;0;0;0;0;0;0;0.888;0;0;16.097;18.64;0;0;98.437;98.437;8.8873;7.6074;0;1.2799;7.6074;0.144;0.856;0;67.412;0;0
29/11/21 18:00;4.7802;113.08;78.34;5.1938;7.4887;90;7.4887;26.997;26.601;0.3956;24.4;1.24;0;0.9594;26.398;0.2179;0;0.0196;27.595;0;27.595;0.9594;0.2179;26.398;0.0196;0.0348;0.9573;0;0.0007;27.46;0.1348;0;0;0.1185;0.0163;26.007;1.4261;0.2557;0.0581;1.1116;0.0007;27.433;0.0275;0.001;0.0002;0.0263;0;26.009;0.7028;0.1596;25.142;0.0025;15.741;13.144;3.9562;0.0023;0.1545;2.2218;0.0024;2.374;0;1;0;0;1.0222;0.9951;1;1;0.9955;0.1674;0.948;0.7332;1;0.9577;0.7755;0.999;0.999;1;0.999;0.999;0.9424;0.9524;0.1297;0.0785;0.0789;0.0005;0.0099;0.0002;0.0005;0.0017;0.0004;0.0609;0;0;0;0;0;0;0;0;0;0;0;0;0;0;0;0.0014;0.0001;0.0643;0.0643;0;25.705;25.705;1.3047;0.0502;65.854;976.76;1;0.0034;0.0034;0;0;0;0;0;0;0.0609;0;0;15.403;17.836;0;0;94.71;94.71;0.6623;0.5425;0;0.1198;0.5425;0.1809;0.8191;0;15.739;0;0
29/11/21 19:00;0;0;90;0;0;90;0;0;0;0;20.01;1.56;0;0;0;0;0;0;0;0;0;0;0;0;0;1;1;1;1;0;0;0;0;0;0;0;0;0;0;0;0;0;0;0;0;0;0;0;0;0;0;0;0;0;0;0;0;0;0;0;0;0;0;0;1;1;1;1;1;1;1;1;1;1;1;1;1;1;1;1;1;1;1;0;0;0;0;0;0;0;0;-0.0004;0.0004;0.088;-0.0884;0;0;0;0;0;0;0;0;0;0;0;0;0;0;0;0;0;0;0;-20.01;0;0;0;0;0.0004;0;0;0;0;0;0;0;-0.0004;-0.0884;0;0;0;0;0;0;0;0;0;-0.7452;0;0.7452;1;1;0;0;0;0
29/11/21 20:00;0;0;90;0;0;90;0;0;0;0;18.38;1.89;0;0;0;0;0;0;0;0;0;0;0;0;0;1;1;1;1;0;0;0;0;0;0;0;0;0;0;0;0;0;0;0;0;0;0;0;0;0;0;0;0;0;0;0;0;0;0;0;0;0;0;0;1;1;1;1;1;1;1;1;1;1;1;1;1;1;1;1;1;1;1;0;0;0;0;0;0;0;0;-0.0004;0.0004;0.088;-0.0884;0;0;0;0;0;0;0;0;0;0;0;0;0;0;0;0;0;0;0;-18.38;0;0;0;0;0.0004;0;0;0;0;0;0;0;-0.0004;-0.0884;0;0;0;0;0;0;0;0;0;-0.7452;0;0.7452;1;1;0;0;0;0
29/11/21 21:00;0;0;90;0;0;90;0;0;0;0;16.6;2.2499;0;0;0;0;0;0;0;0;0;0;0;0;0;1;1;1;1;0;0;0;0;0;0;0;0;0;0;0;0;0;0;0;0;0;0;0;0;0;0;0;0;0;0;0;0;0;0;0;0;0;0;0;1;1;1;1;1;1;1;1;1;1;1;1;1;1;1;1;1;1;1;0;0;0;0;0;0;0;0;-0.0004;0.0004;0.088;-0.0884;0;0;0;0;0;0;0;0;0;0;0;0;0;0;0;0;0;0;0;-16.6;0;0;0;0;0.0004;0;0;0;0;0;0;0;-0.0004;-0.0884;0;0;0;0;0;0;0;0;0;-0.7452;0;0.7452;1;1;0;0;0;0
29/11/21 22:00;0;0;90;0;0;90;0;0;0;0;14.96;2.57;0;0;0;0;0;0;0;0;0;0;0;0;0;1;1;1;1;0;0;0;0;0;0;0;0;0;0;0;0;0;0;0;0;0;0;0;0;0;0;0;0;0;0;0;0;0;0;0;0;0;0;0;1;1;1;1;1;1;1;1;1;1;1;1;1;1;1;1;1;1;1;0;0;0;0;0;0;0;0;-0.0004;0.0004;0.088;-0.0884;0;0;0;0;0;0;0;0;0;0;0;0;0;0;0;0;0;0;0;-14.96;0;0;0;0;0.0004;0;0;0;0;0;0;0;-0.0004;-0.0884;0;0;0;0;0;0;0;0;0;-0.7452;0;0.7452;1;1;0;0;0;0
29/11/21 23:00;0;0;90;0;0;90;0;0;0;0;13.97;2.7801;0;0;0;0;0;0;0;0;0;0;0;0;0;1;1;1;1;0;0;0;0;0;0;0;0;0;0;0;0;0;0;0;0;0;0;0;0;0;0;0;0;0;0;0;0;0;0;0;0;0;0;0;1;1;1;1;1;1;1;1;1;1;1;1;1;1;1;1;1;1;1;0;0;0;0;0;0;0;0;-0.0004;0.0004;0.088;-0.0884;0;0;0;0;0;0;0;0;0;0;0;0;0;0;0;0;0;0;0;-13.97;0;0;0;0;0.0004;0;0;0;0;0;0;0;-0.0004;-0.0884;0;0;0;0;0;0;0;0;0;-0.7452;0;0.7452;1;1;0;0;0;0
30/11/21 00:00;0;0;90;0;0;90;0;0;0;0;13.03;2.8699;0;0;0;0;0;0;0;0;0;0;0;0;0;1;1;1;1;0;0;0;0;0;0;0;0;0;0;0;0;0;0;0;0;0;0;0;0;0;0;0;0;0;0;0;0;0;0;0;0;0;0;0;1;1;1;1;1;1;1;1;1;1;1;1;1;1;1;1;1;1;1;0;0;0;0;0;0;0;0;-0.0004;0.0004;0.088;-0.0884;0;0;0;0;0;0;0;0;0;0;0;0;0;0;0;0;0;0;0;-13.03;0;0;0;0;0.0004;0;0;0;0;0;0;0;-0.0004;-0.0884;0;0;0;0;0;0;0;0;0;-0.7452;0;0.7452;1;1;0;0;0;0
30/11/21 01:00;0;0;90;0;0;90;0;0;0;0;13.09;2.91;0;0;0;0;0;0;0;0;0;0;0;0;0;1;1;1;1;0;0;0;0;0;0;0;0;0;0;0;0;0;0;0;0;0;0;0;0;0;0;0;0;0;0;0;0;0;0;0;0;0;0;0;1;1;1;1;1;1;1;1;1;1;1;1;1;1;1;1;1;1;1;0;0;0;0;0;0;0;0;-0.0004;0.0004;0.088;-0.0884;0;0;0;0;0;0;0;0;0;0;0;0;0;0;0;0;0;0;0;-13.09;0;0;0;0;0.0004;0;0;0;0;0;0;0;-0.0004;-0.0884;0;0;0;0;0;0;0;0;0;-0.7452;0;0.7452;1;1;0;0;0;0
30/11/21 02:00;0;0;90;0;0;90;0;0;0;0;13.07;2.8799;0;0;0;0;0;0;0;0;0;0;0;0;0;1;1;1;1;0;0;0;0;0;0;0;0;0;0;0;0;0;0;0;0;0;0;0;0;0;0;0;0;0;0;0;0;0;0;0;0;0;0;0;1;1;1;1;1;1;1;1;1;1;1;1;1;1;1;1;1;1;1;0;0;0;0;0;0;0;0;-0.0004;0.0004;0.088;-0.0884;0;0;0;0;0;0;0;0;0;0;0;0;0;0;0;0;0;0;0;-13.07;0;0;0;0;0.0004;0;0;0;0;0;0;0;-0.0004;-0.0884;0;0;0;0;0;0;0;0;0;-0.7452;0;0.7452;1;1;0;0;0;0
30/11/21 03:00;0;0;90;0;0;90;0;0;0;0;12.69;2.9301;0;0;0;0;0;0;0;0;0;0;0;0;0;1;1;1;1;0;0;0;0;0;0;0;0;0;0;0;0;0;0;0;0;0;0;0;0;0;0;0;0;0;0;0;0;0;0;0;0;0;0;0;1;1;1;1;1;1;1;1;1;1;1;1;1;1;1;1;1;1;1;0;0;0;0;0;0;0;0;-0.0004;0.0004;0.088;-0.0884;0;0;0;0;0;0;0;0;0;0;0;0;0;0;0;0;0;0;0;-12.69;0;0;0;0;0.0004;0;0;0;0;0;0;0;-0.0004;-0.0884;0;0;0;0;0;0;0;0;0;-0.7452;0;0.7452;1;1;0;0;0;0
30/11/21 04:00;1.7486;-115.54;85.756;1.9379;2.7664;-90;-2.7664;0.0977;0.0977;0;12.9;3.1001;0;0;0.0976;0;0;0;0.0976;0.0976;0;0;0;0;0;1;1;1;1;0;0;0;0;0;0;0;0;0;0;0;0;0;0;0;0;0;0;0;0;0;0;0;0;0;0;0;0;0;0;0;0;0;0;0;0;1;1;1;1;1;1;1;1;1;1;1;1;1;0;0;1;0;0;0;0;0;0;0;0;0;0;-0.0004;0.0004;0.088;-0.0884;0;0;0;0;0;0;0;0;0;0;0;0;0;0;0;0;0;0;0;-12.9;0;0;0;0;0.0004;0;0;0;0;0;0;0;-0.0004;-0.0884;0;0;0;0;0;0;0;0;0;-0.7452;0;0.7452;1;1;0;0;0;0
30/11/21 05:00;9.0939;-110.22;67.46;9.6802;14.387;-90;-14.387;119.2;24.2;95;15.54;3.86;0;230.4;13.635;25.095;0;0.3177;269.45;0;269.45;230.4;25.095;13.635;0.3177;0.8551;0.0518;0;0.0012;269.01;0.4449;0;0;0.1811;0.2639;247.36;21.374;18.802;2.0479;0.5119;0.0121;268.74;0.269;0.2304;0.0251;0.0135;0.0001;247.37;211.37;23.022;12.929;0.0418;8.796;7.3447;2.3066;0.0153;0.081;1.1649;0.0078;1.2306;0;1;0;0;2.2605;0.9983;1;1;0.9867;0.1696;0.9205;0.9183;1;0.9619;0.776;0.999;0.999;1;0.999;0.999;0.918;0.9482;0.1315;0.7668;0.7101;0.0043;0.0157;0.0068;0.0048;0.017;0.0002;0.635;0;0;0;0;0;0;0;0;0;0;0;0;0;0;0;0.0137;0.0015;0.6462;0.6462;0;27.666;27.666;12.126;0.049;608.88;1061.3;1;0.0112;0.0112;0;0;0;0;0;0;0.635;0;0;15.847;18.351;0;0;98.266;98.266;6.4668;5.4495;0;1.0173;5.4495;0.1573;0.8427;0;8.2799;0;0
30/11/21 06:00;20.858;-102.48;30.284;21.318;40.531;-90;-40.531;324.1;64.804;259.3;19.25;2.8699;0;628.86;27.485;81.419;0;6.6101;744.38;0;744.38;628.86;81.419;27.485;6.6101;0.8448;0.0458;0;0.0089;736.39;7.9873;0;0;1.9462;6.0411;733.93;1.7289;0.7552;0.0978;0.8268;0.0491;735.65;0.7364;0.6289;0.0814;0.0255;0.0006;734.2;627.48;81.24;24.687;0.5193;21.102;17.62;5.6493;1.173;0.2606;3.7489;0.2703;2.8365;0;1;0;0;2.2968;0.9893;1;1;0.9292;0.0861;0.9976;0.9988;1;0.9676;0.9136;0.999;0.999;1;0.999;0.999;0.986;0.8982;0.0786;2.1184;2.1081;0.0127;-0.001;0.2298;0.0131;0.0463;0.0006;1.7311;0;0;0;0;0;0;0;0;0;0;0;0;0;0;0;0.0373;0.0106;1.7587;1.7587;0;55.869;55.869;36.619;0.0499;1820.6;965.99;1;0.0276;0.0276;0;0;0;0;0;0;1.7311;0;0;15.612;18.078;0;0;98.433;98.433;17.865;14.831;0;3.034;14.831;0.1698;0.8302;0;19.667;0;0
30/11/21 07:00;32.977;-94.753;3.9858;33.068;56.932;-90;-56.932;545.31;93.699;451.61;22.15;1.39;0;827.69;29.673;101.36;0;21.061;979.78;0;979.78;827.69;101.36;29.673;21.061;0.8448;0.0518;0;0.0215;956.7;23.072;0;0;3.4452;19.626;954.64;1.1041;0.1138;0.0139;0.9053;0.0709;955.75;0.9567;0.8277;0.1014;0.0262;0.0014;958.27;826.74;101.24;25.297;1.3619;150.66;125.8;40.182;4.1204;1.5942;22.932;3.6259;20.406;0;1;0;0;1.7967;0.9765;1;1;0.8839;0.0681;0.9988;0.9999;1;0.9654;0.9505;0.999;0.999;1;0.999;0.999;0.9743;0.8525;0.0647;2.7884;2.7876;0.0168;-0.0006;0.4473;0.0163;0.0577;0.0036;2.1474;0;0;0;0;0;0;0;0;0;0;0;0;0;0;0;0.0465;0.0179;2.1822;2.1822;0;70.341;70.341;48.191;0.0505;2404.8;907.44;1;0.0348;0.0348;0;0;0;0;0;0;2.1474;0;0;14.718;17.043;0;0;98.406;98.406;23.515;18.403;0;5.1117;18.403;0.2174;0.7826;0;24.942;0;0
30/11/21 08:00;45.233;-86.169;2.697;45.297;44.703;-90;-44.703;759.19;125.1;634.09;24.61;0.4099;0;892.12;39.024;111.83;0;18.665;1061.6;0;1061.6;892.12;111.83;39.024;18.665;0.8403;0.0543;0;0.0176;1041.2;20.404;0;0;3.1893;17.215;1038.8;1.3501;0.083;0.0104;1.1672;0.0894;1040.2;1.0412;0.8921;0.1118;0.0358;0.0014;1043.4;891.15;111.7;34.632;1.359;330.61;276.06;87.42;2.3339;3.1114;44.756;4.5834;45.534;0;1;0;0;1.3984;0.9808;1;1;0.9183;0.0777;0.9987;0.9999;1;0.9674;0.9383;0.999;0.999;1;0.999;0.999;0.9785;0.8874;0.0728;3.0213;3.075;0.0185;0.0027;0.5707;0.0174;0.0616;0.0069;2.2884;0;0;0;0;0;0;0;0;0;0;0;0;0;0;0;0.0497;0.0216;2.3259;2.3259;0;77.359;77.359;52.749;0.0508;2652.2;876.97;1;0.0375;0.0375;0;0;0;0;0;0;2.2884;0;0;14.477;16.764;0;0;98.389;98.389;25.479;19.615;0;5.8647;19.615;0.2302;0.7698;0;28.965;0;0
30/11/21 09:00;57.328;-74.992;8.0355;58.225;31.775;-90;-31.775;908.4;149.5;758.9;26;0.29;0;892.69;49.604;112.78;0;11.573;1066.7;0;1066.7;892.69;112.78;49.604;11.573;0.8369;0.0574;0;0.0108;1054.1;12.586;0;0;2.4037;10.182;1051;2.0357;0.2475;0.0313;1.5301;0.2268;1053;1.0541;0.8927;0.1128;0.0472;0.0014;1054;891.55;112.64;45.623;1.1623;475.33;396.9;130.19;0.9191;4.0224;57.861;3.0306;60.964;0;1;0;0;1.1742;0.9882;1;1;0.9515;0.1202;0.9981;0.9997;1;0.9676;0.8367;0.999;0.999;1;0.999;0.999;0.9853;0.9197;0.1004;3.0356;3.1315;0.0189;0.0036;0.6049;0.0175;0.0622;0.0088;2.3053;0;0;0;0;0;0;0;0;0;0;0;0;0;0;0;0.0501;0.0224;2.3432;2.3432;0;79.458;79.458;53.458;0.0509;2673.8;875;1;0.0378;0.0378;0;0;0;0;0;0;2.3053;0;0;14.516;16.809;0;0;98.386;98.386;25.6;19.76;0;5.8393;19.76;0.2281;0.7719;0;33.106;0;0
30/11/21 10:00;68.547;-56.405;11.675;71.875;18.125;-90;-18.125;1045.8;172.5;873.31;27.26;0.4799;0;918.9;55.936;121.15;0;4.4107;1100.4;0;1100.4;918.9;121.15;55.936;4.4107;0.8351;0.0548;0;0.004;1095.6;4.7679;0;0;1.0958;3.6721;1092;2.5377;0.3702;0.0488;1.955;0.1637;1094.5;1.0956;0.9189;0.1212;0.0548;0.0007;1093;917.61;120.98;52.83;0.5741;596.17;497.8;160.19;0.1424;5.1806;74.52;1.0095;79.558;0;1;0;0;1.0522;0.9957;1;1;0.9804;0.1674;0.9977;0.9996;1;0.9643;0.7781;0.999;0.999;1;0.999;0.999;0.9924;0.9445;0.1302;3.1316;3.2764;0.0197;0.0064;0.6742;0.018;0.064;0.0111;2.3553;0;0;0;0;0;0;0;0;0;0;0;0;0;0;0;0.0515;0.0243;2.4072;2.3943;0;82.968;82.968;55.708;0.051;2736.3;875;1;0.052;0.039;0;0.0129;0;0;0;0;2.3553;0;0;14.378;16.649;0;0;97.842;98.37;26.41;20.191;0;6.2183;20.191;0.2355;0.7645;0;34.461;0;0
30/11/21 11:00;76.107;-16.233;13.328;86.045;3.9552;-90;-3.9552;860.91;316.5;544.41;27.54;0.6301;0;545.71;190.01;126.57;0;0.1743;862.46;0;862.46;545.71;126.57;190.01;0.1743;0.6327;0.2205;0;0.0002;862;0.4544;0;0;0.3091;0.1452;852.47;8.6753;0.251;0.0582;8.3596;0.0065;861.14;0.862;0.5457;0.1266;0.1897;0;852.47;544.91;126.38;181.15;0.0226;507.54;423.8;132.9;-0.0005;4.6283;66.576;0.0068;71.205;0;1;0;0;1.0018;0.9995;1;1;0.9984;0.1667;0.9899;0.9995;1;0.9559;0.7773;0.999;0.999;1;0.999;0.999;0.9884;0.9534;0.1294;2.4545;2.5723;0.0155;-0.0018;0.4159;0.015;0.0532;0.0105;1.9749;0;0;0;0;0;0;0;0;0;0;0;0;0;0;0;0.0429;0.0153;2.0059;2.0059;0;70.583;70.583;43.043;0.0505;2214.2;905.92;1;0.031;0.031;0;0;0;0;0;0;1.9749;0;0;15.369;17.797;0;0;98.453;98.453;20.699;16.916;0;3.783;16.916;0.1828;0.8172;0;112.7;0;0
30/11/21 12:00;73.563;38.201;12.848;79.661;10.339;90;10.339;330.6;322.5;8.1039;27.61;0.58;0;8.2376;317.96;1.9704;0;0.4563;328.62;0;328.62;8.2376;1.9704;317.96;0.4563;0.0251;0.9689;0;0.0014;325.81;2.8121;0;0;2.4324;0.3797;312.65;12.84;0.0037;0.0009;12.818;0.0172;325.49;0.3258;0.0082;0.002;0.3155;0.0001;312.72;8.2257;1.9675;302.39;0.0593;196.61;164.17;49.647;0.1049;1.919;27.604;0.0781;29.418;0;1;0;0;0.994;0.9914;1;1;0.9924;0.1679;0.9606;0.9996;1;0.9593;0.7748;0.999;0.999;1;0.999;0.999;0.9514;0.951;0.13;0.9352;0.95;0.0057;0.0129;0.0618;0.0061;0.0216;0.0048;0.8045;0;0;0;0;0;0;0;0;0;0;0;0;0;0;0;0.0174;0.0024;0.8173;0.8173;0;43.109;43.109;15.5;0.0496;816.44;1001.1;1;0.0129;0.0129;0;0;0;0;0;0;0.8045;0;0;16.435;19.032;0;0;98.426;98.426;7.887;6.8927;0;0.9942;6.8927;0.1261;0.8739;0;190.76;0;0
30/11/21 13:00;63.723;66.234;10.277;65.684;24.316;90;24.316;469.01;416;53.007;27.89;0.7199;0;58.167;380.83;19.197;0;3.5366;461.73;0;461.73;58.167;19.197;380.83;3.5366;0.126;0.8324;0;0.0077;446.64;15.092;0;0;12.075;3.0172;433.73;12.458;0.0206;0.0068;12.323;0.1073;446.19;0.4466;0.0582;0.0192;0.3688;0.0005;434.69;58.088;19.171;356.06;0.4116;280.87;234.53;73.424;2.7611;2.7487;39.539;0.9543;39.526;0;1;0;0;0.9845;0.9673;1;1;0.9683;0.1469;0.9721;0.9996;1;0.9665;0.7932;0.999;0.999;1;0.999;0.999;0.9394;0.935;0.1164;1.314;1.3229;0.008;0.0076;0.1154;0.0083;0.0296;0.0068;1.102;0;0;0;0;0;0;0;0;0;0;0;0;0;0;0;0.0238;0.0044;1.119;1.119;0;49.462;49.462;21.572;0.0497;1137.7;983.51;1;0.017;0.017;0;0;0;0;0;0;1.102;0;0;16.014;18.544;0;0;98.482;98.482;11.082;9.4365;0;1.645;9.4365;0.1484;0.8516;0;242.12;0;0
30/11/21 14:00;51.962;80.502;5.8356;52.346;37.654;90;37.654;878;150.4;727.6;29.51;0.98;0;919.03;46.192;124.84;0;15.545;1105.6;0;1105.6;919.03;124.84;46.192;15.545;0.8312;0.0558;0;0.0141;1088.6;17.053;0;0;2.9314;14.122;1085.7;1.7721;0.1851;0.0251;1.396;0.1659;1087.5;1.0886;0.919;0.1248;0.0433;0.0014;1089.8;917.92;124.69;41.822;1.2557;430.4;359.38;116.97;1.5331;3.7468;53.896;4.154;56.109;0;1;0;0;1.2592;0.9846;1;1;0.9365;0.0915;0.9984;0.9998;1;0.9677;0.8833;0.999;0.999;1;0.999;0.999;0.982;0.9054;0.0808;3.1465;3.2261;0.0194;0.0054;0.6881;0.0176;0.0624;0.008;2.2911;0;0;0;0;0;0;0;0;0;0;0;0;0;0;0;0.0503;0.0237;2.3513;2.3286;0;84.988;84.988;55.478;0.0511;2661.3;875;1;0.0602;0.0375;0;0.0227;0;0;0;0;2.2911;0;0;13.918;16.116;0;0;97.44;98.39;26.534;19.637;0;6.897;19.637;0.2599;0.7401;0;32.262;0;0
30/11/21 15:00;39.746;90.195;0.1498;39.746;50.254;90;50.254;698.5;135.7;562.8;28.9;1.4201;0;880.22;41.583;132.89;0;21.41;1076.1;0;1076.1;880.22;132.89;41.583;21.41;0.818;0.0585;0;0.0199;1052.1;24.046;0;0;4.0426;20.003;1049.7;1.3121;0.0045;0.0007;1.246;0.061;1051;1.0521;0.8802;0.1329;0.0375;0.0014;1054.4;879.33;132.76;36.257;1.3447;264.64;220.97;68.985;3.7273;2.6756;38.487;4.6867;37.436;0;1;0;0;1.5406;0.9777;1;1;0.9028;0.0657;0.9988;1;1;0.9668;0.9566;0.999;0.999;1;0.999;0.999;0.9755;0.8719;0.0628;3.0625;3.0938;0.0186;0.003;0.6315;0.0171;0.0606;0.0058;2.2403;0;0;0;0;0;0;0;0;0;0;0;0;0;0;0;0.0488;0.0219;2.2865;2.2766;0;82.423;82.423;53.523;0.051;2601.8;875;1;0.0461;0.0363;0;0.0099;0;0;0;0;2.2403;0;0;13.98;16.188;0;0;97.982;98.406;25.826;19.199;0;6.6276;19.199;0.2566;0.7434;0;32.548;0;0
30/11/21 16:00;27.523;98.256;7.6476;27.768;60;90;60;402.61;202.2;200.41;27.79;1.3;0;429.83;104.86;133.79;0;17.111;685.6;0;685.6;429.83;133.79;104.86;17.111;0.6269;0.1779;0;0.025;656.41;29.191;0;0;13.183;16.007;652.29;3.4646;0.1134;0.0353;3.2407;0.0752;655.75;0.6564;0.4298;0.1338;0.0917;0.0011;655.91;429.29;133.62;88.348;1.0273;122.82;102.56;35.913;17.536;2.016;28.999;3.6222;13.48;0;1;0;0;1.7029;0.9574;1;1;0.8743;0.0645;0.9947;0.9997;1;0.9646;0.9318;0.999;0.999;1;0.999;0.999;0.9514;0.8425;0.06;1.9512;1.9347;0.0117;0.0003;0.2437;0.0118;0.0417;0.0048;1.5545;0;0;0;0;0;0;0;0;0;0;0;0;0;0;0;0.0336;0.009;1.5783;1.5783;0;60.47;60.47;32.68;0.0501;1669.4;945.43;1;0.0238;0.0238;0;0;0;0;0;0;1.5545;0;0;15.212;17.615;0;0;98.494;98.494;16.454;13.31;0;3.1443;13.31;0.1911;0.8089;0;91.291;0;0
30/11/21 17:00;15.536;105.91;49.49;16.123;26.214;90;26.214;82.104;80.702;1.4024;27.49;1.49;0;3.4012;76.266;0.729;0;0.7178;81.114;0;81.114;3.4012;0.729;76.266;0.7178;0.0419;0.9491;0;0.0088;77.769;3.3456;0;0;2.7278;0.6178;75.188;2.5026;0.0423;0.0091;2.4314;0.0198;77.691;0.0778;0.0034;0.0007;0.0735;0.0001;75.389;3.3555;0.7192;71.034;0.0801;49.048;40.955;12.848;0.7213;0.4938;7.1035;0.2001;6.876;0;1;0;0;0.9879;0.9588;1;1;0.9642;0.1393;0.9678;0.9876;1;0.9669;0.8015;0.999;0.999;1;0.999;0.999;0.9269;0.9314;0.1116;0.2308;0.2299;0.0014;0.0154;0.0053;0.0015;0.0052;0.0012;0.1898;0;0;0;0;0;0;0;0;0;0;0;0;0;0;0;0.0042;0.0002;0.1956;0.1956;0;31.229;31.229;3.7387;0.0497;195.53;1000.3;1;0.0058;0.0058;0;0;0;0;0;0;0.1898;0;0;15.933;18.45;0;0;97.027;97.027;1.9467;1.6494;0;0.2974;1.6494;0.1527;0.8473;0;49.04;0;0
30/11/21 18:00;4.7541;113.3;78.404;5.174;7.4594;90;7.4594;21.605;21.3;0.3058;25.69;2.05;0;0.7416;21.154;0.1356;0;0.0155;22.046;0;22.046;0.7416;0.1356;21.154;0.0155;0.0336;0.9602;0;0.0007;21.939;0.1073;0;0;0.0943;0.0129;20.79;1.1271;0.1991;0.0364;0.8911;0.0006;21.917;0.0219;0.0007;0.0001;0.0211;0;20.792;0.5418;0.099;20.147;0.002;12.613;10.532;3.1699;0.0018;0.1238;1.7804;0.0019;1.9023;0;1;0;0;1.0204;0.9951;1;1;0.9955;0.1674;0.9486;0.7313;1;0.9576;0.7756;0.999;0.999;1;0.999;0.999;0.943;0.9524;0.1297;0.0627;0.0631;0.0004;0.0089;0.0004;0.0004;0.0013;0.0003;0.0473;0;0;0;0;0;0;0;0;0;0;0;0;0;0;0;0.0011;0;0.0503;0.0503;0;26.737;26.737;1.0474;0.0504;52.31;962;1;0.003;0.003;0;0;0;0;0;0;0.0473;0;0;15.083;17.466;0;0;93.967;93.967;0.5291;0.4244;0;0.1047;0.4244;0.1979;0.8021;0;12.611;0;0
30/11/21 19:00;0;0;90;0;0;90;0;0;0;0;22.3;2.43;0;0;0;0;0;0;0;0;0;0;0;0;0;1;1;1;1;0;0;0;0;0;0;0;0;0;0;0;0;0;0;0;0;0;0;0;0;0;0;0;0;0;0;0;0;0;0;0;0;0;0;0;1;1;1;1;1;1;1;1;1;1;1;1;1;1;1;1;1;1;1;0;0;0;0;0;0;0;0;-0.0004;0.0004;0.088;-0.0884;0;0;0;0;0;0;0;0;0;0;0;0;0;0;0;0;0;0;0;-22.3;0;0;0;0;0.0004;0;0;0;0;0;0;0;-0.0004;-0.0884;0;0;0;0;0;0;0;0;0;-0.7452;0;0.7452;1;1;0;0;0;0
30/11/21 20:00;0;0;90;0;0;90;0;0;0;0;21.7;2.5499;0;0;0;0;0;0;0;0;0;0;0;0;0;1;1;1;1;0;0;0;0;0;0;0;0;0;0;0;0;0;0;0;0;0;0;0;0;0;0;0;0;0;0;0;0;0;0;0;0;0;0;0;1;1;1;1;1;1;1;1;1;1;1;1;1;1;1;1;1;1;1;0;0;0;0;0;0;0;0;0;0.0004;0.088;-0.0884;0;0;0;0;0;0;0;0;0;0;0;0;0;0;0;0;0;0;0;-21.7;0;0;0;0;0.0004;0;0;0;0;0;0;0;-0.0004;-0.0884;0;0;0;0;0;0;0;0;0;-0.7452;0;0.7452;1;1;0;0;0;0
30/11/21 21:00;0;0;90;0;0;90;0;0;0;0;21.55;2.5401;0;0;0;0;0;0;0;0;0;0;0;0;0;1;1;1;1;0;0;0;0;0;0;0;0;0;0;0;0;0;0;0;0;0;0;0;0;0;0;0;0;0;0;0;0;0;0;0;0;0;0;0;1;1;1;1;1;1;1;1;1;1;1;1;1;1;1;1;1;1;1;0;0;0;0;0;0;0;0;0;0.0004;0.088;-0.0884;0;0;0;0;0;0;0;0;0;0;0;0;0;0;0;0;0;0;0;-21.55;0;0;0;0;0.0004;0;0;0;0;0;0;0;-0.0004;-0.0884;0;0;0;0;0;0;0;0;0;-0.7452;0;0.7452;1;1;0;0;0;0
30/11/21 22:00;0;0;90;0;0;90;0;0;0;0;21.4;2.5301;0;0;0;0;0;0;0;0;0;0;0;0;0;1;1;1;1;0;0;0;0;0;0;0;0;0;0;0;0;0;0;0;0;0;0;0;0;0;0;0;0;0;0;0;0;0;0;0;0;0;0;0;1;1;1;1;1;1;1;1;1;1;1;1;1;1;1;1;1;1;1;0;0;0;0;0;0;0;0;0;0.0004;0.088;-0.0884;0;0;0;0;0;0;0;0;0;0;0;0;0;0;0;0;0;0;0;-21.4;0;0;0;0;0.0004;0;0;0;0;0;0;0;-0.0004;-0.0884;0;0;0;0;0;0;0;0;0;-0.7452;0;0.7452;1;1;0;0;0;0
30/11/21 23:00;0;0;90;0;0;90;0;0;0;0;20.8;2.6;0;0;0;0;0;0;0;0;0;0;0;0;0;1;1;1;1;0;0;0;0;0;0;0;0;0;0;0;0;0;0;0;0;0;0;0;0;0;0;0;0;0;0;0;0;0;0;0;0;0;0;0;1;1;1;1;1;1;1;1;1;1;1;1;1;1;1;1;1;1;1;0;0;0;0;0;0;0;0;0;0.0004;0.088;-0.0884;0;0;0;0;0;0;0;0;0;0;0;0;0;0;0;0;0;0;0;-20.8;0;0;0;0;0.0004;0;0;0;0;0;0;0;-0.0004;-0.0884;0;0;0;0;0;0;0;0;0;-0.7452;0;0.7452;1;1;0;0;0;0
01/12/21 00:00;0;0;90;0;0;90;0;0;0;0;20.38;2.6299;0;0;0;0;0;0;0;0;0;0;0;0;0;1;1;1;1;0;0;0;0;0;0;0;0;0;0;0;0;0;0;0;0;0;0;0;0;0;0;0;0;0;0;0;0;0;0;0;0;0;0;0;1;1;1;1;1;1;1;1;1;1;1;1;1;1;1;1;1;1;1;0;0;0;0;0;0;0;0;0;0.0004;0.088;-0.0884;0;0;0;0;0;0;0;0;0;0;0;0;0;0;0;0;0;0;0;-20.38;0;0;0;0;0.0004;0;0;0;0;0;0;0;-0.0004;-0.0884;0;0;0;0;0;0;0;0;0;-0.7452;0;0.7452;1;1;0;0;0;0
01/12/21 01:00;0;0;90;0;0;90;0;0;0;0;19.5;2.49;0;0;0;0;0;0;0;0;0;0;0;0;0;1;1;1;1;0;0;0;0;0;0;0;0;0;0;0;0;0;0;0;0;0;0;0;0;0;0;0;0;0;0;0;0;0;0;0;0;0;0;0;1;1;1;1;1;1;1;1;1;1;1;1;1;1;1;1;1;1;1;0;0;0;0;0;0;0;0;0;0.0004;0.088;-0.0884;0;0;0;0;0;0;0;0;0;0;0;0;0;0;0;0;0;0;0;-19.5;0;0;0;0;0.0004;0;0;0;0;0;0;0;-0.0004;-0.0884;0;0;0;0;0;0;0;0;0;-0.7452;0;0.7452;1;1;0;0;0;0
01/12/21 02:00;0;0;90;0;0;90;0;0;0;0;18.08;2.3701;0;0;0;0;0;0;0;0;0;0;0;0;0;1;1;1;1;0;0;0;0;0;0;0;0;0;0;0;0;0;0;0;0;0;0;0;0;0;0;0;0;0;0;0;0;0;0;0;0;0;0;0;1;1;1;1;1;1;1;1;1;1;1;1;1;1;1;1;1;1;1;0;0;0;0;0;0;0;0;0;0.0004;0.088;-0.0884;0;0;0;0;0;0;0;0;0;0;0;0;0;0;0;0;0;0;0;-18.08;0;0;0;0;0.0004;0;0;0;0;0;0;0;-0.0004;-0.0884;0;0;0;0;0;0;0;0;0;-0.7452;0;0.7452;1;1;0;0;0;0
01/12/21 03:00;0;0;90;0;0;90;0;0;0;0;16.78;2.3099;0;0;0;0;0;0;0;0;0;0;0;0;0;1;1;1;1;0;0;0;0;0;0;0;0;0;0;0;0;0;0;0;0;0;0;0;0;0;0;0;0;0;0;0;0;0;0;0;0;0;0;0;1;1;1;1;1;1;1;1;1;1;1;1;1;1;1;1;1;1;1;0;0;0;0;0;0;0;0;0;0.0004;0.088;-0.0884;0;0;0;0;0;0;0;0;0;0;0;0;0;0;0;0;0;0;0;-16.78;0;0;0;0;0.0004;0;0;0;0;0;0;0;-0.0004;-0.0884;0;0;0;0;0;0;0;0;0;-0.7452;0;0.7452;1;1;0;0;0;0
01/12/21 04:00;1.7762;-115.72;85.689;1.9714;2.8144;-90;-2.8144;0;0;0;15.9;2.36;0;0;0;0;0;0;0;0;0;0;0;0;0;1;1;1;1;0;0;0;0;0;0;0;0;0;0;0;0;0;0;0;0;0;0;0;0;0;0;0;0;0;0;0;0;0;0;0;0;0;0;0;1;1;1;1;1;1;1;1;1;1;1;1;1;1;1;1;1;1;1;0;0;0;0;0;0;0;0;0;0.0004;0.088;-0.0884;0;0;0;0;0;0;0;0;0;0;0;0;0;0;0;0;0;0;0;-15.9;0;0;0;0;0.0004;0;0;0;0;0;0;0;-0.0004;-0.0884;0;0;0;0;0;0;0;0;0;-0.7452;0;0.7452;1;1;0;0;0;0
01/12/21 05:00;9.112;-110.4;67.413;9.7104;14.436;-90;-14.436;153.6;25.297;128.3;16.38;3.1701;0;311.17;10.553;35.349;0;0.5092;357.58;0;357.58;311.17;35.349;10.553;0.5092;0.8702;0.0309;0;0.0014;357.02;0.5638;0;0;0.1409;0.4229;327.79;28.517;25.236;2.8668;0.3954;0.0193;356.31;0.714;0.6223;0.0707;0.0208;0.0002;327.8;285.31;32.412;9.9953;0.0669;7.109;5.6374;2.3917;0.012;0.0784;1.1284;0.0076;1.1948;0;1;0;0;2.328;0.9984;1;1;0.9866;0.1696;0.92;0.9187;1;0.9619;0.776;0.998;0.998;1;0.998;0.998;0.9167;0.9472;0.1313;1.0177;0.9401;0.0057;0.013;0.0251;0.0063;0.0223;0.0002;0;0;0.088;0.7454;0;0;0;0;0;0;0;0;0;0;0;0;0.0179;0.0024;0.8473;0.8473;0;32.481;32.481;16.101;0.0491;808.11;1048.5;1;0.0139;0.0139;0;0;0;0;0;0;0.8334;0.7454;0;15.658;18.132;13.775;15.952;98.362;98.362;8.582;7.1455;6.2864;1.4365;0.8591;0.1674;0.1001;0.7325;6.409;0.7308;0
01/12/21 06:00;20.865;-102.67;30.252;21.34;40.612;-90;-40.612;134.91;127.5;7.4082;19.46;1.9299;0;17.967;110.48;4.5739;0;3.412;136.44;0;136.44;17.967;4.5739;110.48;3.412;0.1317;0.8348;0;0.025;125.47;10.965;0;0;7.8465;3.1189;121.85;3.3713;0.0212;0.0054;3.3195;0.0251;125.22;0.2509;0.0359;0.0091;0.2053;0.0006;122.98;17.91;4.5594;99.112;0.2673;79.154;62.769;27.607;4.7417;1.1094;15.959;1.1314;12.326;0;1;0;0;1.0113;0.9196;1;1;0.929;0.0859;0.9731;0.9988;1;0.9676;0.9141;0.998;0.998;1;0.998;0.998;0.8931;0.8971;0.0784;0.3883;0.3838;0.0023;0.0171;0.0006;0.0025;0.009;0.0029;0;0;0.088;0.246;0;0;0;0;0;0;0;0;0;0;0;0;0.0073;0.0005;0.3415;0.3415;0;25.459;25.459;5.9991;0.0492;327.15;1043.8;1;0.0075;0.0075;0;0;0;0;0;0;0.334;0.246;0;16.539;19.151;11.913;13.795;97.8;97.8;3.2745;2.8797;2.0742;0.3948;0.8055;0.1206;0.246;0.6335;79.109;0.5825;0
01/12/21 07:00;32.978;-94.964;4.1624;33.076;56.924;-90;-56.924;264.11;232.3;31.809;21.64;0.8701;0;58.283;172.08;17.689;0;12.597;260.65;0;260.65;58.283;17.689;172.08;12.597;0.2236;0.7085;0;0.0483;228.93;31.713;0;0;19.974;11.739;223.18;5.2979;0.0084;0.0025;5.2446;0.0424;228.48;0.4579;0.1166;0.0354;0.3042;0.0017;227.9;58.158;17.651;146.55;0.8138;154.91;122.85;57.525;23.854;2.8914;41.592;4.7241;20.63;0;1;0;0;0.9869;0.8783;1;1;0.8839;0.0681;0.9768;0.9999;1;0.9655;0.9505;0.998;0.998;1;0.998;0.998;0.8562;0.8517;0.0646;0.7418;0.7353;0.0044;0.0155;0.0202;0.0049;0.0173;0.0075;0;0;0.088;0.5512;0;0;0;0;0;0;0;0;0;0;0;0;0.0139;0.0015;0.6502;0.6502;0;32.635;32.635;10.995;0.0493;627.86;1035.6;1;0.011;0.011;0;0;0;0;0;0;0.6392;0.5512;0;16.485;19.089;13.975;16.183;98.31;98.31;6.2555;5.4835;4.6487;0.772;0.8348;0.1234;0.1334;0.7431;144.62;0.6638;0
01/12/21 08:00;45.233;-86.42;2.5203;45.289;44.711;-90;-44.711;687.4;147;540.4;25.12;0.6301;0;760.41;57.674;111.97;0;20.883;950.94;0;950.94;760.41;111.97;57.674;20.883;0.7996;0.0826;0;0.022;926.96;23.976;0;0;4.7147;19.261;923.21;1.899;0.0661;0.0097;1.7233;0.0999;925.11;1.8539;1.5208;0.2239;0.1059;0.0032;928.52;758.83;111.74;51.13;1.5188;304.84;241.74;101.53;3.4498;3.6216;52.095;5.3122;52.267;0;1;0;0;1.3834;0.9748;1;1;0.9183;0.0777;0.9979;0.9999;1;0.9674;0.9383;0.998;0.998;1;0.998;0.998;0.9708;0.8865;0.0727;2.7063;2.7609;0.0166;-0.0008;0.4576;0.016;0.0568;0.0082;0;0;0.088;2.0215;0;0;0;0;0;0;0;0;0;0;0;0;0.0457;0.0176;2.1433;2.1433;0;71.779;71.779;46.659;0.0505;2379.7;900.64;1;0.0337;0.0337;0;0;0;0;0;0;2.1095;2.0215;0;14.893;17.246;14.047;16.267;98.427;98.427;22.823;18.074;17.048;4.7483;1.0265;0.2081;0.045;0.747;42.811;0.7175;0
01/12/21 09:00;57.338;-75.32;7.861;58.196;31.804;-90;-31.804;680;311.8;368.2;26.23;0.37;0;433.25;198.69;114.11;0;10.72;756.78;0;756.78;433.25;114.11;198.69;10.72;0.5725;0.2767;0;0.0142;737.7;19.076;0;0;9.6419;9.4336;729.75;6.4795;0.1174;0.0309;6.1217;0.2094;736.23;1.4754;0.8665;0.2282;0.3781;0.0026;732.75;432.27;113.86;182.55;1.0748;373.23;295.97;127.37;3.6842;4.1999;60.414;3.0003;60.93;0;1;0;0;1.1129;0.9748;1;1;0.9515;0.12;0.9912;0.9997;1;0.9676;0.8369;0.998;0.998;1;0.998;0.998;0.9643;0.9188;0.1003;2.1537;2.2175;0.0134;-0.0016;0.2974;0.0134;0.0474;0.0099;0;0;0.088;1.6724;0;0;0;0;0;0;0;0;0;0;0;0;0.0382;0.0116;1.7879;1.7879;0;62.852;62.852;36.621;0.0502;1911.2;935.48;1;0.0275;0.0275;0;0;0;0;0;0;1.7604;1.6724;0;15.611;18.078;14.603;16.909;98.46;98.46;18.163;15.078;14.103;3.0851;0.9743;0.1699;0.0536;0.7765;132.63;0.7327;0
01/12/21 10:00;68.591;-56.875;11.507;71.822;18.178;-90;-18.178;925.9;201.3;724.6;27.48;0.5599;0;762.66;87.637;117.27;0;4.8522;972.43;0;972.43;762.66;117.27;87.637;4.8522;0.7843;0.0951;0;0.005;966.66;5.7653;0;0;1.7253;4.0399;961.14;3.5856;0.3025;0.0465;3.0568;0.1798;964.73;1.9333;1.5253;0.2345;0.1718;0.0016;962.27;760.84;116.99;82.683;0.6308;528.98;419.48;177.91;0.2248;5.7976;83.396;1.1304;88.968;0;1;0;0;1.0502;0.9941;1;1;0.9803;0.1674;0.9963;0.9996;1;0.9643;0.7782;0.998;0.998;1;0.998;0.998;0.9884;0.9435;0.13;2.7675;2.9202;0.0176;0.0006;0.5308;0.0166;0.0589;0.0129;0;0;0.088;2.0929;0;0;0;0;0;0;0;0;0;0;0;0;0.0474;0.0195;2.2159;2.2159;0;76.235;76.235;48.755;0.0507;2515.7;880.84;1;0.035;0.035;0;0;0;0;0;0;2.1809;2.0929;0;15.058;17.437;14.222;16.469;98.421;98.421;23.338;18.687;17.65;4.6513;1.0373;0.1993;0.0444;0.7563;54.004;0.7106;0
01/12/21 11:00;76.237;-16.736;13.169;85.965;4.0347;-90;-4.0347;760.09;403.9;356.19;28.23;1.01;0;357.08;298.19;105.6;0;0.1978;761.07;0;761.07;357.08;105.6;298.19;0.1978;0.4692;0.3921;0;0.0003;760.4;0.6649;0;0;0.5001;0.1648;745.57;13.313;0.1621;0.0479;13.095;0.0073;758.88;1.5208;0.7142;0.2112;0.5954;0.0001;745.57;356.2;105.34;284;0.0256;448.58;355.73;145.98;-0.0006;5.2214;75.108;0.0069;80.33;0;1;0;0;1.0013;0.9991;1;1;0.9983;0.1667;0.9825;0.9995;1;0.9559;0.7773;0.998;0.998;1;0.998;0.998;0.9796;0.9524;0.1293;2.1659;2.2836;0.0138;-0.0018;0.3299;0.0136;0.0482;0.0121;0;0;0.088;1.7008;0;0;0;0;0;0;0;0;0;0;0;0;0.0388;0.0122;1.8167;1.8167;0;65.733;65.733;37.503;0.0503;1966.9;923.64;1;0.0278;0.0278;0;0;0;0;0;0;1.7888;1.7008;0;15.773;18.265;14.768;17.101;98.467;98.467;18.266;15.32;14.343;2.9452;0.9769;0.1612;0.0535;0.7853;176.89;0.7312;0
01/12/21 12:00;73.74;38.251;12.702;79.764;10.236;90;10.236;1083.2;178.5;904.7;29.17;1.22;0;919.33;58.401;121.56;0;1.8102;1101.1;0;1101.1;919.33;121.56;58.401;1.8102;0.8349;0.0547;0;0.0016;1099.2;1.9456;0;0;0.4393;1.5063;1094.1;2.88;0.4026;0.0532;2.356;0.0683;1097;2.1983;1.8387;0.2431;0.1159;0.0006;1094.4;917.09;121.27;55.489;0.235;632.27;501.39;212.17;0.019;6.9442;99.889;0.338;106.81;0;1;0;0;1.0165;0.9982;1;1;0.9925;0.1679;0.9974;0.9996;1;0.9593;0.7749;0.998;0.998;1;0.998;0.998;0.9936;0.9502;0.1298;3.1336;3.3313;0.0201;0.0075;0.711;0.0181;0.0644;0.0148;0;0;0.088;2.2644;0;0;0;0;0;0;0;0;0;0;0;0;0.0518;0.0251;2.4185;2.3913;0;85.081;85.081;55.911;0.0511;2732.9;875;1;0.0662;0.0389;0;0.0272;0;0;0;0;2.3524;2.2644;0;14.351;16.618;13.589;15.736;97.264;98.371;26.426;20.166;19.096;6.2603;1.0706;0.2369;0.0405;0.7226;35.028;0.6766;0
01/12/21 13:00;63.883;66.406;10.148;65.807;24.193;90;24.193;1028.3;169.8;858.5;30.23;1.3;0;941.17;51.955;126.57;0;9.4832;1129.2;0;1129.2;941.17;126.57;51.955;9.4832;0.8335;0.0544;0;0.0084;1119.5;9.7199;0;0;1.6339;8.086;1114.9;2.3438;0.3292;0.0443;1.6812;0.289;1117.2;2.2389;1.8823;0.2531;0.1006;0.0028;1117.2;938.96;126.28;48.539;1.1054;568.87;451.11;191.83;0.3722;6.2104;89.334;2.364;95.173;0;1;0;0;1.0981;0.9914;1;1;0.9686;0.1473;0.9979;0.9996;1;0.9665;0.7927;0.998;0.998;1;0.998;0.998;0.9873;0.9343;0.1166;3.2136;3.3754;0.0203;0.0085;0.7478;0.0182;0.0645;0.0131;0;0;0.088;2.2533;0;0;0;0;0;0;0;0;0;0;0;0;0.052;0.0257;2.4253;2.38;0;87.311;87.311;57.081;0.0512;2720;875;1;0.084;0.0387;0;0.0454;0;0;0;0;2.3413;2.2533;0;13.928;16.128;13.186;15.269;96.535;98.375;27.1;20.071;19.002;7.0297;1.0683;0.2594;0.0394;0.7012;33.007;0.662;0
01/12/21 14:00;52.113;80.654;5.7234;52.483;37.517;90;37.517;851.81;161.6;690.2;30.78;1.32;0;870.18;54.777;126.72;0;18.499;1070.2;0;1070.2;870.18;126.72;54.777;18.499;0.8131;0.0685;0;0.0173;1049.9;20.252;0;0;3.4565;16.795;1045.8;2.0517;0.1717;0.025;1.6543;0.2007;1047.8;2.0998;1.7404;0.2534;0.1026;0.0034;1050.9;868.27;126.44;49.563;1.4993;419.9;332.98;141.79;1.7955;4.6697;67.172;5.1677;70.046;0;1;0;0;1.2564;0.9811;1;1;0.9369;0.0921;0.998;0.9998;1;0.9677;0.882;0.998;0.998;1;0.998;0.998;0.9772;0.9048;0.0811;3.0456;3.1414;0.0189;0.0038;0.6612;0.0172;0.061;0.01;0;0;0.088;2.1568;0;0;0;0;0;0;0;0;0;0;0;0;0.0491;0.0225;2.2976;2.2812;0;84.18;84.18;53.4;0.0511;2607.1;875;1;0.0527;0.0364;0;0.0164;0;0;0;0;2.2448;2.1568;0;14.086;16.311;13.318;15.422;97.704;98.405;25.684;19.238;18.189;6.4462;1.049;0.251;0.0408;0.7082;38.215;0.6764;0
01/12/21 15:00;39.894;90.321;0.2465;39.894;50.106;90;50.106;664.7;162;502.7;31.01;1.2601;0;783.79;58.843;140.79;0;25.03;1008.5;0;1008.5;783.79;140.79;58.843;25.03;0.7772;0.0832;0;0.0248;979.38;29.078;0;0;5.6961;23.382;975.58;1.8406;0.0067;0.0012;1.761;0.0718;977.42;1.9588;1.5676;0.2816;0.1063;0.0033;981.31;782.22;140.51;51.28;1.5732;259.63;205.89;85.613;5.2192;3.2885;47.304;5.73;45.373;0;1;0;0;1.5172;0.9712;1;1;0.9032;0.0658;0.9981;1;1;0.9668;0.9564;0.998;0.998;1;0.998;0.998;0.9674;0.8715;0.0629;2.87;2.9024;0.0175;0.0004;0.575;0.0162;0.0573;0.0071;0;0;0.088;2.0364;0;0;0;0;0;0;0;0;0;0;0;0;0.0462;0.0194;2.1633;2.1579;0;80.68;80.68;49.67;0.0509;2466.2;875;1;0.0389;0.0335;0;0.0054;0;0;0;0;2.1244;2.0364;0;14.14;16.374;13.344;15.451;98.203;98.447;24.203;18.198;17.173;6.0051;1.0248;0.2481;0.0423;0.7095;45.989;0.6855;0
01/12/21 16:00;27.672;98.363;7.6843;27.925;60;90;60;430.7;181;249.7;30.54;1.14;0;532.84;83.843;147.68;0;22.612;786.97;0;786.97;532.84;147.68;83.843;22.612;0.6771;0.1353;0;0.0287;755.28;31.694;0;0;10.541;21.153;750.9;2.868;0.1411;0.0391;2.5885;0.0992;753.77;1.5106;1.0657;0.2954;0.1466;0.0029;754.9;531.63;147.35;70.568;1.3561;112.68;89.355;41.793;14.023;1.89;27.187;3.9981;15.055;0;1;0;0;1.8272;0.9597;1;1;0.8743;0.0645;0.9962;0.9997;1;0.9646;0.9318;0.998;0.998;1;0.998;0.998;0.9542;0.8417;0.06;2.2397;2.2143;0.0133;-0.0015;0.3417;0.013;0.0462;0.0043;0;0;0.088;1.634;0;0;0;0;0;0;0;0;0;0;0;0;0.0372;0.0116;1.7484;1.7484;0;68.394;68.394;37.854;0.0504;1911.3;914.77;1;0.0264;0.0264;0;0;0;0;0;0;1.722;1.634;0;14.681;17;13.72;15.888;98.49;98.49;18.887;14.745;13.78;4.1427;0.9647;0.2193;0.0511;0.7296;72.991;0.7112;0
01/12/21 17:00;15.69;106;49.015;16.289;26.573;90;26.573;152.6;138.2;14.403;29.42;0.9599;0;34.932;125.94;12.696;0;1.6927;175.26;0;175.26;34.932;12.696;125.94;1.6927;0.1993;0.7282;0;0.0097;169.2;6.0633;0;0;4.6039;1.4593;164.24;4.6243;0.4238;0.154;4.0007;0.0458;168.86;0.3384;0.0699;0.0254;0.2427;0.0005;164.67;34.439;12.516;117.1;0.1871;81.26;64.439;26.755;1.2497;1.0069;14.484;0.4293;14.241;0;1;0;0;1.1485;0.9654;1;1;0.9634;0.1379;0.9726;0.9878;1;0.967;0.8033;0.998;0.998;1;0.998;0.998;0.9371;0.9298;0.1105;0.4988;0.5001;0.003;0.0172;0.0229;0.0032;0.0113;0.0025;0;0;0.088;0.334;0;0;0;0;0;0;0;0;0;0;0;0;0.0091;0.0008;0.43;0.43;0;37.566;37.566;8.1465;0.0496;428.08;1004.6;1;0.0081;0.0081;0;0;0;0;0;0;0.422;0.334;0;16.214;18.775;12.592;14.581;98.125;98.125;4.2063;3.6265;2.8164;0.5798;0.8101;0.1378;0.1926;0.6696;81.163;0.6306;0
01/12/21 18:00;4.9136;113.38;78.01;5.3505;7.7203;90;7.7203;1.0939;1.0939;0;25.5;1.0499;0;0;1.089;0;0;0.001;1.09;1.09;0;0;0;0;0;1;1;1;1;0;0;0;0;0;0;0;0;0;0;0;0;0;0;0;0;0;0;0;0;0;0;0;0;0;0;0;0;0;0;0;0;0;0;0;0;1;1;1;1;1;1;1;1;1;1;1;1;1;0;0;1;0;0;0;0;0;0;0;0;0;0;0;0.0004;0.088;-0.0884;0;0;0;0;0;0;0;0;0;0;0;0;0;0;0;0;0;0;0;-25.5;0;0;0;0;0.0004;0;0;0;0;0;0;0;-0.0004;-0.0884;0;0;0;0;0;0;0;0;0;-0.7452;0;0.7452;1;1;0;0;0;0
01/12/21 19:00;0;0;90;0;0;90;0;0;0;0;23.12;1.3699;0;0;0;0;0;0;0;0;0;0;0;0;0;1;1;1;1;0;0;0;0;0;0;0;0;0;0;0;0;0;0;0;0;0;0;0;0;0;0;0;0;0;0;0;0;0;0;0;0;0;0;0;1;1;1;1;1;1;1;1;1;1;1;1;1;1;1;1;1;1;1;0;0;0;0;0;0;0;0;0;0.0004;0.088;-0.0884;0;0;0;0;0;0;0;0;0;0;0;0;0;0;0;0;0;0;0;-23.12;0;0;0;0;0.0004;0;0;0;0;0;0;0;-0.0004;-0.0884;0;0;0;0;0;0;0;0;0;-0.7452;0;0.7452;1;1;0;0;0;0
01/12/21 20:00;0;0;90;0;0;90;0;0;0;0;22.05;1.64;0;0;0;0;0;0;0;0;0;0;0;0;0;1;1;1;1;0;0;0;0;0;0;0;0;0;0;0;0;0;0;0;0;0;0;0;0;0;0;0;0;0;0;0;0;0;0;0;0;0;0;0;1;1;1;1;1;1;1;1;1;1;1;1;1;1;1;1;1;1;1;0;0;0;0;0;0;0;0;0;0.0004;0.088;-0.0884;0;0;0;0;0;0;0;0;0;0;0;0;0;0;0;0;0;0;0;-22.05;0;0;0;0;0.0004;0;0;0;0;0;0;0;-0.0004;-0.0884;0;0;0;0;0;0;0;0;0;-0.7452;0;0.7452;1;1;0;0;0;0
01/12/21 21:00;0;0;90;0;0;90;0;0;0;0;21.66;1.8399;0;0;0;0;0;0;0;0;0;0;0;0;0;1;1;1;1;0;0;0;0;0;0;0;0;0;0;0;0;0;0;0;0;0;0;0;0;0;0;0;0;0;0;0;0;0;0;0;0;0;0;0;1;1;1;1;1;1;1;1;1;1;1;1;1;1;1;1;1;1;1;0;0;0;0;0;0;0;0;0;0.0004;0.088;-0.0884;0;0;0;0;0;0;0;0;0;0;0;0;0;0;0;0;0;0;0;-21.66;0;0;0;0;0.0004;0;0;0;0;0;0;0;-0.0004;-0.0884;0;0;0;0;0;0;0;0;0;-0.7452;0;0.7452;1;1;0;0;0;0
01/12/21 22:00;0;0;90;0;0;90;0;0;0;0;20.5;2.1;0;0;0;0;0;0;0;0;0;0;0;0;0;1;1;1;1;0;0;0;0;0;0;0;0;0;0;0;0;0;0;0;0;0;0;0;0;0;0;0;0;0;0;0;0;0;0;0;0;0;0;0;1;1;1;1;1;1;1;1;1;1;1;1;1;1;1;1;1;1;1;0;0;0;0;0;0;0;0;0;0.0004;0.088;-0.0884;0;0;0;0;0;0;0;0;0;0;0;0;0;0;0;0;0;0;0;-20.5;0;0;0;0;0.0004;0;0;0;0;0;0;0;-0.0004;-0.0884;0;0;0;0;0;0;0;0;0;-0.7452;0;0.7452;1;1;0;0;0;0
01/12/21 23:00;0;0;90;0;0;90;0;0;0;0;20.4;2.35;0;0;0;0;0;0;0;0;0;0;0;0;0;1;1;1;1;0;0;0;0;0;0;0;0;0;0;0;0;0;0;0;0;0;0;0;0;0;0;0;0;0;0;0;0;0;0;0;0;0;0;0;1;1;1;1;1;1;1;1;1;1;1;1;1;1;1;1;1;1;1;0;0;0;0;0;0;0;0;0;0.0004;0.088;-0.0884;0;0;0;0;0;0;0;0;0;0;0;0;0;0;0;0;0;0;0;-20.4;0;0;0;0;0.0004;0;0;0;0;0;0;0;-0.0004;-0.0884;0;0;0;0;0;0;0;0;0;-0.7452;0;0.7452;1;1;0;0;0;0
02/12/21 00:00;0;0;90;0;0;90;0;0;0;0;18.5;2.4699;0;0;0;0;0;0;0;0;0;0;0;0;0;1;1;1;1;0;0;0;0;0;0;0;0;0;0;0;0;0;0;0;0;0;0;0;0;0;0;0;0;0;0;0;0;0;0;0;0;0;0;0;1;1;1;1;1;1;1;1;1;1;1;1;1;1;1;1;1;1;1;0;0;0;0;0;0;0;0;0;0.0004;0.088;-0.0884;0;0;0;0;0;0;0;0;0;0;0;0;0;0;0;0;0;0;0;-18.5;0;0;0;0;0.0004;0;0;0;0;0;0;0;-0.0004;-0.0884;0;0;0;0;0;0;0;0;0;-0.7452;0;0.7452;1;1;0;0;0;0
02/12/21 01:00;0;0;90;0;0;90;0;0;0;0;17.19;2.52;0;0;0;0;0;0;0;0;0;0;0;0;0;1;1;1;1;0;0;0;0;0;0;0;0;0;0;0;0;0;0;0;0;0;0;0;0;0;0;0;0;0;0;0;0;0;0;0;0;0;0;0;1;1;1;1;1;1;1;1;1;1;1;1;1;1;1;1;1;1;1;0;0;0;0;0;0;0;0;0;0.0004;0.088;-0.0884;0;0;0;0;0;0;0;0;0;0;0;0;0;0;0;0;0;0;0;-17.19;0;0;0;0;0.0004;0;0;0;0;0;0;0;-0.0004;-0.0884;0;0;0;0;0;0;0;0;0;-0.7452;0;0.7452;1;1;0;0;0;0
02/12/21 02:00;0;0;90;0;0;90;0;0;0;0;17.07;2.5401;0;0;0;0;0;0;0;0;0;0;0;0;0;1;1;1;1;0;0;0;0;0;0;0;0;0;0;0;0;0;0;0;0;0;0;0;0;0;0;0;0;0;0;0;0;0;0;0;0;0;0;0;1;1;1;1;1;1;1;1;1;1;1;1;1;1;1;1;1;1;1;0;0;0;0;0;0;0;0;0;0.0004;0.088;-0.0884;0;0;0;0;0;0;0;0;0;0;0;0;0;0;0;0;0;0;0;-17.07;0;0;0;0;0.0004;0;0;0;0;0;0;0;-0.0004;-0.0884;0;0;0;0;0;0;0;0;0;-0.7452;0;0.7452;1;1;0;0;0;0
02/12/21 03:00;0;0;90;0;0;90;0;0;0;0;15.73;2.5301;0;0;0;0;0;0;0;0;0;0;0;0;0;1;1;1;1;0;0;0;0;0;0;0;0;0;0;0;0;0;0;0;0;0;0;0;0;0;0;0;0;0;0;0;0;0;0;0;0;0;0;0;1;1;1;1;1;1;1;1;1;1;1;1;1;1;1;1;1;1;1;0;0;0;0;0;0;0;0;0;0.0004;0.088;-0.0884;0;0;0;0;0;0;0;0;0;0;0;0;0;0;0;0;0;0;0;-15.73;0;0;0;0;0.0004;0;0;0;0;0;0;0;-0.0004;-0.0884;0;0;0;0;0;0;0;0;0;-0.7452;0;0.7452;1;1;0;0;0;0
02/12/21 04:00;1.798;-115.89;85.636;1.9984;2.8532;-90;-2.8532;0;0;0;14.63;2.57;0;0;0;0;0;0;0;0;0;0;0;0;0;1;1;1;1;0;0;0;0;0;0;0;0;0;0;0;0;0;0;0;0;0;0;0;0;0;0;0;0;0;0;0;0;0;0;0;0;0;0;0;1;1;1;1;1;1;1;1;1;1;1;1;1;1;1;1;1;1;1;0;0;0;0;0;0;0;0;0;0.0004;0.088;-0.0884;0;0;0;0;0;0;0;0;0;0;0;0;0;0;0;0;0;0;0;-14.63;0;0;0;0;0.0004;0;0;0;0;0;0;0;-0.0004;-0.0884;0;0;0;0;0;0;0;0;0;-0.7452;0;0.7452;1;1;0;0;0;0
02/12/21 05:00;9.1245;-110.57;67.381;9.7344;14.475;-90;-14.475;120.39;24;96.391;16.14;3.32;0;233.78;13.412;25.155;0;0.4013;272.74;0;272.74;233.78;25.155;13.412;0.4013;0.8571;0.0506;0;0.0015;272.23;0.5131;0;0;0.1799;0.3332;250.25;21.441;18.891;2.0327;0.5022;0.0152;271.69;0.5445;0.4676;0.0503;0.0265;0.0001;250.26;214.42;23.072;12.703;0.0527;8.6698;6.8752;2.4172;0.0154;0.1282;1.844;0.012;1.9568;0;1;0;0;2.2655;0.9981;1;1;0.9866;0.1696;0.9211;0.919;1;0.962;0.776;0.998;0.998;1;0.998;0.998;0.9175;0.9472;0.1313;0.7762;0.7197;0.0043;0.0157;0.0088;0.0048;0.0172;0.0003;0;0;0.088;0.554;0;0;0;0;0;0;0;0;0;0;0;0;0.0138;0.0015;0.6533;0.6533;0;28.414;28.414;12.274;0.049;617.09;1058.7;1;0.0113;0.0113;0;0;0;0;0;0;0.642;0.554;0;15.828;18.328;13.422;15.543;98.274;98.274;6.5459;5.5093;4.672;1.0366;0.8372;0.1584;0.1279;0.7137;8.1467;0.7101;0
02/12/21 06:00;20.867;-102.85;30.245;21.356;40.672;-90;-40.672;327.11;63.3;263.81;19.58;1.6899;0;639.81;26.349;80.838;0;8.2964;755.29;0;755.29;639.81;80.838;26.349;8.2964;0.8471;0.0459;0;0.011;745.83;9.4603;0;0;1.8754;7.5849;742.64;1.7005;0.7531;0.0951;0.7916;0.0607;744.34;1.4917;1.2796;0.1617;0.0489;0.0014;742.97;637.77;80.581;23.633;0.6493;20.332;16.123;6.8194;1.1385;0.2975;4.2792;0.3316;3.4382;0;1;0;0;2.309;0.9875;1;1;0.9288;0.0858;0.9977;0.9988;1;0.9676;0.9145;0.998;0.998;1;0.998;0.998;0.9832;0.8969;0.0783;2.1495;2.1343;0.0129;-0.0012;0.2387;0.0132;0.0468;0.0007;0;0;0.088;1.6589;0;0;0;0;0;0;0;0;0;0;0;0;0.0377;0.0108;1.7747;1.7747;0;56.657;56.657;37.077;0.0499;1843.4;962.78;1;0.0278;0.0278;0;0;0;0;0;0;1.7469;1.6589;0;15.527;17.98;14.514;16.807;98.433;98.433;18.127;14.967;13.99;3.1603;0.9766;0.1743;0.0539;0.7718;18.876;0.7685;0
02/12/21 07:00;32.973;-95.168;4.3342;33.08;56.92;-90;-56.92;545.41;93.799;451.61;23.91;1.2799;0;827.41;29.727;101.39;0;26.01;984.53;0;984.53;827.41;101.39;29.727;26.01;0.8404;0.0566;0;0.0264;956.84;27.69;0;0;3.4504;24.239;953.8;1.1322;0.1236;0.0151;0.906;0.0875;954.93;1.9137;1.6548;0.2028;0.0526;0.0035;958.35;825.63;101.17;25.318;1.6803;150.84;119.62;50.489;4.126;1.9328;27.803;4.5485;25.61;0;1;0;0;1.8051;0.9719;1;1;0.8839;0.0681;0.9988;0.9999;1;0.9655;0.9505;0.998;0.998;1;0.998;0.998;0.9688;0.8517;0.0646;2.8019;2.7976;0.0168;-0.0006;0.4671;0.0162;0.0575;0.0044;0;0;0.088;2.0495;0;0;0;0;0;0;0;0;0;0;0;0;0.0463;0.0181;2.1719;2.1719;0;72.129;72.129;48.219;0.0506;2413.7;899.82;1;0.0344;0.0344;0;0;0;0;0;0;2.1375;2.0495;0;14.577;16.88;13.756;15.929;98.417;98.417;23.629;18.316;17.284;5.3129;1.032;0.2249;0.0437;0.7315;24.983;0.7163;0
02/12/21 08:00;45.228;-86.664;2.349;45.276;44.724;-90;-44.724;743.51;123.6;619.91;26.24;1.39;0;872.48;40.081;108;0;22.6;1043.2;0;1043.2;872.48;108;40.081;22.6;0.8364;0.0601;0;0.0217;1019;24.123;0;0;3.2779;20.845;1015.6;1.385;0.0706;0.0087;1.1976;0.108;1017;2.0381;1.745;0.216;0.0736;0.0035;1021.3;870.67;107.78;35.532;1.6433;324.1;257.01;107.54;2.4019;3.7944;54.581;5.6443;55.973;0;1;0;0;1.403;0.9769;1;1;0.9182;0.0776;0.9986;0.9999;1;0.9674;0.9384;0.998;0.998;1;0.998;0.998;0.9736;0.8865;0.0727;2.9688;3.0312;0.0183;0.0021;0.568;0.0171;0.0606;0.0084;0;0;0.088;2.1624;0;0;0;0;0;0;0;0;0;0;0;0;0.0489;0.021;2.2869;2.2869;0;77.828;77.828;51.588;0.0508;2613.6;875;1;0.0365;0.0365;0;0;0;0;0;0;2.2504;2.1624;0;14.487;16.775;13.698;15.862;98.403;98.403;25.036;19.286;18.236;5.75;1.0501;0.2297;0.0419;0.7284;29.755;0.7009;0
02/12/21 09:00;57.342;-75.638;7.6924;58.163;31.837;-90;-31.837;902.79;149.1;753.69;27.51;1.4;0;887.17;50.122;111.7;0;14.262;1063.3;0;1063.3;887.17;111.7;50.122;14.262;0.8344;0.0606;0;0.0134;1048.3;14.988;0;0;2.4363;12.552;1044.1;2.0867;0.2353;0.0296;1.544;0.2778;1046.2;2.0965;1.7743;0.2234;0.0954;0.0034;1047.9;885.16;111.45;46.046;1.4286;472.22;374.47;162.26;0.9357;4.999;71.909;3.7955;75.973;0;1;0;0;1.1777;0.9859;1;1;0.9514;0.1199;0.998;0.9997;1;0.9676;0.8372;0.998;0.998;1;0.998;0.998;0.982;0.9187;0.1002;3.0259;3.1421;0.0189;0.0038;0.6208;0.0175;0.062;0.0109;0;0;0.088;2.2037;0;0;0;0;0;0;0;0;0;0;0;0;0.05;0.0225;2.3357;2.3292;0;80.67;80.67;53.16;0.0509;2661.9;875;1;0.044;0.0375;0;0.0065;0;0;0;0;2.2917;2.2037;0;14.475;16.762;13.695;15.859;98.116;98.39;25.518;19.642;18.584;5.8759;1.0584;0.2303;0.0415;0.7283;33.466;0.6932;0
02/12/21 10:00;68.627;-57.335;11.344;71.765;18.235;-90;-18.235;1010.8;167.1;843.7;29.29;1.4301;0;888.31;57.968;113.33;0;5.3301;1064.9;0;1064.9;888.31;113.33;57.968;5.3301;0.8341;0.0594;0;0.005;1059.4;5.5854;0;0;1.1472;4.4381;1054.6;2.6088;0.3474;0.0443;2.0197;0.1974;1057.2;2.1187;1.7766;0.2267;0.1136;0.0018;1055.9;886.19;113.06;54.687;0.6927;576.09;456.84;190.42;0.1509;6.5242;93.848;1.2803;100.22;0;1;0;0;1.0536;0.9948;1;1;0.9802;0.1673;0.9975;0.9996;1;0.9644;0.7782;0.998;0.998;1;0.998;0.998;0.9903;0.9434;0.13;3.0307;3.209;0.0193;0.005;0.6622;0.0177;0.0626;0.014;0;0;0.088;2.2154;0;0;0;0;0;0;0;0;0;0;0;0;0.0504;0.0234;2.3543;2.3412;0;83.095;83.095;53.804;0.051;2675.6;875;1;0.051;0.0378;0;0.0132;0;0;0;0;2.3034;2.2154;0;14.527;16.822;13.746;15.918;97.836;98.386;25.559;19.743;18.683;5.8152;1.0607;0.2275;0.0415;0.731;35.73;0.6857;0
02/12/21 11:00;76.358;-17.25;13.017;85.884;4.1165;-90;-4.1165;1064.7;176.4;888.29;29.9;1.5101;0;890.59;61.682;114.94;0;0.2884;1067.5;0;1067.5;890.59;114.94;61.682;0.2884;0.8343;0.0581;0;0.0003;1067.2;0.347;0;0;0.1067;0.2403;1061.8;3.1683;0.3996;0.0516;2.7064;0.0107;1065;2.1343;1.7812;0.2299;0.1231;0.0001;1061.9;888.41;114.66;58.745;0.0373;626.96;497.18;207.8;0;7.0529;101.45;0.0164;108.51;0;1;0;0;1.0026;0.9997;1;1;0.9983;0.1668;0.997;0.9996;1;0.956;0.7772;0.998;0.998;1;0.998;0.998;0.9947;0.9524;0.1294;3.038;3.2413;0.0195;0.0057;0.6809;0.0177;0.0629;0.0151;0;0;0.088;2.2204;0;0;0;0;0;0;0;0;0;0;0;0;0.0507;0.0238;2.365;2.3463;0;84.119;84.119;54.219;0.0511;2681.5;875;1;0.0566;0.0379;0;0.0187;0;0;0;0;2.3084;2.2204;0;14.524;16.818;13.744;15.916;97.607;98.385;25.62;19.786;18.725;5.8335;1.0617;0.2277;0.0414;0.7309;36.593;0.6823;0
02/12/21 12:00;73.911;38.283;12.564;79.869;10.131;90;10.131;1035.8;181.2;854.6;31.04;1.6099;0;868.14;66.095;116.4;0;1.6959;1052.3;0;1052.3;868.14;116.4;66.095;1.6959;0.825;0.0644;0;0.0016;1050.4;1.8999;0;0;0.4888;1.4112;1045.2;3.1613;0.376;0.0504;2.6709;0.064;1048.3;2.1009;1.7363;0.2328;0.1312;0.0006;1045.5;866.03;116.12;62.804;0.2202;604.86;479.65;202.84;0.0206;6.652;95.687;0.3148;102.32;0;1;0;0;1.016;0.9982;1;1;0.9926;0.1679;0.997;0.9996;1;0.9592;0.7749;0.998;0.998;1;0.998;0.998;0.9932;0.9502;0.1298;2.9948;3.1829;0.0192;0.0045;0.6725;0.0174;0.0617;0.0142;0;0;0.088;2.1757;0;0;0;0;0;0;0;0;0;0;0;0;0.0497;0.023;2.3206;2.3006;0;84.419;84.419;53.379;0.0511;2629.2;875;1;0.0569;0.0368;0;0.02;0;0;0;0;2.2637;2.1757;0;14.446;16.728;13.662;15.82;97.55;98.399;25.256;19.401;18.348;5.8551;1.0528;0.2318;0.0417;0.7265;39.632;0.6802;0
02/12/21 13:00;64.04;66.564;10.026;65.93;24.07;90;24.07;973.7;174;799.7;32.02;1.6899;0;875.86;61.187;120.51;0;8.8899;1066.4;0;1066.4;875.86;120.51;61.187;8.8899;0.8213;0.0657;0;0.0083;1057;9.4845;0;0;1.9086;7.5759;1052.3;2.5988;0.3027;0.0417;1.982;0.2725;1054.8;2.1139;1.7517;0.241;0.1186;0.0026;1054.5;873.8;120.23;57.178;1.0389;539.76;428.03;179.67;0.4299;6.0499;87.026;2.2681;92.646;0;1;0;0;1.0953;0.9911;1;1;0.9688;0.1478;0.9975;0.9997;1;0.9665;0.7922;0.998;0.998;1;0.998;0.998;0.9867;0.9345;0.1169;3.035;3.1914;0.0192;0.0047;0.6908;0.0173;0.0615;0.0128;0;0;0.088;2.1577;0;0;0;0;0;0;0;0;0;0;0;0;0.0495;0.0231;2.3124;2.2821;0;85.823;85.823;53.804;0.0511;2608.1;875;1;0.0667;0.0364;0;0.0303;0;0;0;0;2.2457;2.1577;0;14.14;16.374;13.369;15.481;97.114;98.405;25.595;19.245;18.196;6.3498;1.0491;0.2481;0.041;0.7109;38.845;0.67;0
02/12/21 14:00;52.261;80.796;5.6184;52.62;37.38;90;37.38;854.99;161.2;693.79;32.74;1.6899;0;873.1;54.425;126.54;0;18.437;1072.5;0;1072.5;873.1;126.54;54.425;18.437;0.8141;0.0679;0;0.0172;1052.4;20.145;0;0;3.4149;16.73;1048.2;2.0412;0.1691;0.0245;1.6442;0.2035;1050.3;2.1047;1.7462;0.2531;0.102;0.0034;1053.4;871.19;126.26;49.264;1.5008;422.11;334.73;142.54;1.7618;4.6918;67.489;5.1478;70.419;0;1;0;0;1.2544;0.9812;1;1;0.9373;0.0926;0.9981;0.9998;1;0.9677;0.8806;0.998;0.998;1;0.998;0.998;0.9774;0.9052;0.0814;3.0523;3.1489;0.019;0.0039;0.6881;0.0171;0.0605;0.0099;0;0;0.088;2.1227;0;0;0;0;0;0;0;0;0;0;0;0;0.0488;0.0226;2.2791;2.2463;0;86.36;86.36;53.621;0.0512;2567.2;875;1;0.0684;0.0356;0;0.0328;0;0;0;0;2.2107;2.1227;0;13.84;16.026;13.079;15.145;97;98.416;25.74;18.943;17.901;6.7968;1.0421;0.2641;0.0405;0.6955;37.926;0.6642;0
02/12/21 15:00;40.04;90.439;0.3361;40.041;49.959;90;49.959;664.1;164.8;499.3;32.29;1.57;0;776.11;60.691;141.36;0;24.871;1003;0;1003;776.11;141.36;60.691;24.871;0.7738;0.0853;0;0.0248;973.95;29.08;0;0;5.85;23.23;970.1;1.8984;0.009;0.0016;1.8159;0.0719;972;1.9479;1.5522;0.2827;0.1097;0.0033;975.81;774.55;141.07;52.916;1.5658;261.16;207.1;86.281;5.3284;3.3023;47.502;5.7112;45.476;0;1;0;0;1.5104;0.971;1;1;0.9036;0.066;0.998;1;1;0.9668;0.9561;0.998;0.998;1;0.998;0.998;0.9672;0.8719;0.063;2.8545;2.887;0.0174;0.0003;0.5831;0.016;0.0568;0.0071;0;0;0.088;2.0129;0;0;0;0;0;0;0;0;0;0;0;0;0.0457;0.0192;2.1414;2.1339;0;81.723;81.723;49.433;0.051;2438.8;875;1;0.0405;0.033;0;0.0075;0;0;0;0;2.1009;2.0129;0;14.058;16.279;13.261;15.356;98.109;98.455;24.073;17.996;16.975;6.0771;1.0201;0.2524;0.0424;0.7052;47.364;0.681;0
02/12/21 16:00;27.82;98.461;7.7186;28.08;60;90;60;450.29;165.4;284.89;32.34;1.22;0;604.91;70.212;152.42;0;23.64;851.18;0;851.18;604.91;152.42;70.212;23.64;0.7107;0.1103;0;0.0278;820.23;30.943;0;0;8.8269;22.116;816.12;2.4729;0.161;0.0406;2.1676;0.1038;818.59;1.6405;1.2098;0.3048;0.1228;0.003;819.89;603.53;152.07;59.095;1.4178;107.07;84.904;39.727;11.744;1.6922;24.341;3.7723;14.289;0;1;0;0;1.8903;0.9636;1;1;0.8743;0.0645;0.997;0.9997;1;0.9646;0.9318;0.998;0.998;1;0.998;0.998;0.9588;0.8417;0.06;2.4224;2.3945;0.0144;-0.002;0.4148;0.0138;0.0488;0.0038;0;0;0.088;1.7322;0;0;0;0;0;0;0;0;0;0;0;0;0.0393;0.0134;1.8481;1.8481;0;73.655;73.655;41.315;0.0506;2065.2;894.88;1;0.0279;0.0279;0;0;0;0;0;0;1.8202;1.7322;0;14.348;16.614;13.448;15.572;98.492;98.492;20.428;15.585;14.608;4.8428;0.9772;0.2371;0.0478;0.7151;61.124;0.7001;0
02/12/21 17:00;15.842;106.08;48.543;16.452;26.932;90;26.932;220.6;145.6;75.007;32.78;0.6399;0;181.91;110.8;68.982;0;2.5121;364.21;0;364.21;181.91;68.982;110.8;2.5121;0.4995;0.3111;0;0.0069;357.9;6.3077;0;0;4.1382;2.1695;350.63;6.5524;2.157;0.8179;3.5108;0.0667;357.18;0.7158;0.3638;0.138;0.2133;0.0007;351.02;179.39;68.027;102.94;0.2753;72.073;57.154;23.836;1.1526;0.8891;12.789;0.3908;12.525;0;1;0;0;1.651;0.9827;1;1;0.9627;0.1364;0.9817;0.9881;1;0.967;0.805;0.998;0.998;1;0.998;0.998;0.9627;0.929;0.1096;1.0365;1.0299;0.0062;0.0118;0.0936;0.0064;0.0228;0.0022;0;0;0.088;0.7646;0;0;0;0;0;0;0;0;0;0;0;0;0.0184;0.0028;0.8658;0.8658;0;50.254;50.254;17.473;0.0498;887.47;975.58;1;0.0132;0.0132;0;0;0;0;0;0;0.8526;0.7646;0;15.708;18.19;13.872;16.063;98.473;98.473;8.741;7.3013;6.4477;1.4397;0.8536;0.1647;0.0977;0.7376;71.566;0.7187;0
02/12/21 18:00;5.0708;113.45;77.622;5.5244;7.9777;90;7.9777;10.9;10.803;0.0973;29.02;0.67;0;0.2361;10.742;0.0205;0;0.0111;11.01;0;11.01;0.2361;0.0205;10.742;0.0111;0.0214;0.9767;0;0.001;10.947;0.0627;0;0;0.0535;0.0092;10.413;0.5123;0.0581;0.005;0.4487;0.0004;10.925;0.0219;0.0005;0;0.0214;0;10.415;0.1776;0.0154;10.219;0.0014;6.4111;5.084;2.0222;0.0013;0.0789;1.1346;0.0015;1.2122;0;1;0;0;1.0101;0.9943;1;1;0.995;0.1675;0.9531;0.7536;1;0.9579;0.7754;0.998;0.998;1;0.998;0.998;0.9458;0.9513;0.1296;0.0313;0.0321;0.0002;0.0062;0.0005;0.0002;0.0006;0.0002;0;0;0.088;-0.0667;0;0;0;0;0;0;0;0;0;0;0;0;0.0005;0;0.0236;0.0236;0;29.552;29.552;0.5325;0.0511;25.835;915.27;1;0.0024;0.0024;0;0;0;0;0;0;0.0213;-0.0667;0;14.192;16.434;-40.059;-46.387;89.892;89.892;0.2642;0.1994;-0.5629;0.0648;0.7623;0.2453;2.8848;0;6.4105;0;0
02/12/21 19:00;0;0;90;0;0;90;0;0;0;0;24.22;1.5901;0;0;0;0;0;0;0;0;0;0;0;0;0;1;1;1;1;0;0;0;0;0;0;0;0;0;0;0;0;0;0;0;0;0;0;0;0;0;0;0;0;0;0;0;0;0;0;0;0;0;0;0;1;1;1;1;1;1;1;1;1;1;1;1;1;1;1;1;1;1;1;0;0;0;0;0;0;0;0;0;0.0004;0.088;-0.0884;0;0;0;0;0;0;0;0;0;0;0;0;0;0;0;0;0;0;0;-24.22;0;0;0;0;0.0004;0;0;0;0;0;0;0;-0.0004;-0.0884;0;0;0;0;0;0;0;0;0;-0.7452;0;0.7452;1;1;0;0;0;0
02/12/21 20:00;0;0;90;0;0;90;0;0;0;0;22.6;1.8;0;0;0;0;0;0;0;0;0;0;0;0;0;1;1;1;1;0;0;0;0;0;0;0;0;0;0;0;0;0;0;0;0;0;0;0;0;0;0;0;0;0;0;0;0;0;0;0;0;0;0;0;1;1;1;1;1;1;1;1;1;1;1;1;1;1;1;1;1;1;1;0;0;0;0;0;0;0;0;0;0.0004;0.088;-0.0884;0;0;0;0;0;0;0;0;0;0;0;0;0;0;0;0;0;0;0;-22.6;0;0;0;0;0.0004;0;0;0;0;0;0;0;-0.0004;-0.0884;0;0;0;0;0;0;0;0;0;-0.7452;0;0.7452;1;1;0;0;0;0
02/12/21 21:00;0;0;90;0;0;90;0;0;0;0;23.74;1.79;0;0;0;0;0;0;0;0;0;0;0;0;0;1;1;1;1;0;0;0;0;0;0;0;0;0;0;0;0;0;0;0;0;0;0;0;0;0;0;0;0;0;0;0;0;0;0;0;0;0;0;0;1;1;1;1;1;1;1;1;1;1;1;1;1;1;1;1;1;1;1;0;0;0;0;0;0;0;0;0;0.0004;0.088;-0.0884;0;0;0;0;0;0;0;0;0;0;0;0;0;0;0;0;0;0;0;-23.74;0;0;0;0;0.0004;0;0;0;0;0;0;0;-0.0004;-0.0884;0;0;0;0;0;0;0;0;0;-0.7452;0;0.7452;1;1;0;0;0;0
02/12/21 22:00;0;0;90;0;0;90;0;0;0;0;22.54;2.2201;0;0;0;0;0;0;0;0;0;0;0;0;0;1;1;1;1;0;0;0;0;0;0;0;0;0;0;0;0;0;0;0;0;0;0;0;0;0;0;0;0;0;0;0;0;0;0;0;0;0;0;0;1;1;1;1;1;1;1;1;1;1;1;1;1;1;1;1;1;1;1;0;0;0;0;0;0;0;0;0;0.0004;0.088;-0.0884;0;0;0;0;0;0;0;0;0;0;0;0;0;0;0;0;0;0;0;-22.54;0;0;0;0;0.0004;0;0;0;0;0;0;0;-0.0004;-0.0884;0;0;0;0;0;0;0;0;0;-0.7452;0;0.7452;1;1;0;0;0;0
02/12/21 23:00;0;0;90;0;0;90;0;0;0;0;21.37;2.36;0;0;0;0;0;0;0;0;0;0;0;0;0;1;1;1;1;0;0;0;0;0;0;0;0;0;0;0;0;0;0;0;0;0;0;0;0;0;0;0;0;0;0;0;0;0;0;0;0;0;0;0;1;1;1;1;1;1;1;1;1;1;1;1;1;1;1;1;1;1;1;0;0;0;0;0;0;0;0;0;0.0004;0.088;-0.0884;0;0;0;0;0;0;0;0;0;0;0;0;0;0;0;0;0;0;0;-21.37;0;0;0;0;0.0004;0;0;0;0;0;0;0;-0.0004;-0.0884;0;0;0;0;0;0;0;0;0;-0.7452;0;0.7452;1;1;0;0;0;0
03/12/21 00:00;0;0;90;0;0;90;0;0;0;0;20.01;2.3199;0;0;0;0;0;0;0;0;0;0;0;0;0;1;1;1;1;0;0;0;0;0;0;0;0;0;0;0;0;0;0;0;0;0;0;0;0;0;0;0;0;0;0;0;0;0;0;0;0;0;0;0;1;1;1;1;1;1;1;1;1;1;1;1;1;1;1;1;1;1;1;0;0;0;0;0;0;0;0;0;0.0004;0.088;-0.0884;0;0;0;0;0;0;0;0;0;0;0;0;0;0;0;0;0;0;0;-20.01;0;0;0;0;0.0004;0;0;0;0;0;0;0;-0.0004;-0.0884;0;0;0;0;0;0;0;0;0;-0.7452;0;0.7452;1;1;0;0;0;0
03/12/21 01:00;0;0;90;0;0;90;0;0;0;0;18.49;2.11;0;0;0;0;0;0;0;0;0;0;0;0;0;1;1;1;1;0;0;0;0;0;0;0;0;0;0;0;0;0;0;0;0;0;0;0;0;0;0;0;0;0;0;0;0;0;0;0;0;0;0;0;1;1;1;1;1;1;1;1;1;1;1;1;1;1;1;1;1;1;1;0;0;0;0;0;0;0;0;0;0.0004;0.088;-0.0884;0;0;0;0;0;0;0;0;0;0;0;0;0;0;0;0;0;0;0;-18.49;0;0;0;0;0.0004;0;0;0;0;0;0;0;-0.0004;-0.0884;0;0;0;0;0;0;0;0;0;-0.7452;0;0.7452;1;1;0;0;0;0
03/12/21 02:00;0;0;90;0;0;90;0;0;0;0;17.59;1.8301;0;0;0;0;0;0;0;0;0;0;0;0;0;1;1;1;1;0;0;0;0;0;0;0;0;0;0;0;0;0;0;0;0;0;0;0;0;0;0;0;0;0;0;0;0;0;0;0;0;0;0;0;1;1;1;1;1;1;1;1;1;1;1;1;1;1;1;1;1;1;1;0;0;0;0;0;0;0;0;0;0.0004;0.088;-0.0884;0;0;0;0;0;0;0;0;0;0;0;0;0;0;0;0;0;0;0;-17.59;0;0;0;0;0.0004;0;0;0;0;0;0;0;-0.0004;-0.0884;0;0;0;0;0;0;0;0;0;-0.7452;0;0.7452;1;1;0;0;0;0
03/12/21 03:00;0;0;90;0;0;90;0;0;0;0;16.4;1.5101;0;0;0;0;0;0;0;0;0;0;0;0;0;1;1;1;1;0;0;0;0;0;0;0;0;0;0;0;0;0;0;0;0;0;0;0;0;0;0;0;0;0;0;0;0;0;0;0;0;0;0;0;1;1;1;1;1;1;1;1;1;1;1;1;1;1;1;1;1;1;1;0;0;0;0;0;0;0;0;0;0.0004;0.088;-0.0884;0;0;0;0;0;0;0;0;0;0;0;0;0;0;0;0;0;0;0;-16.4;0;0;0;0;0.0004;0;0;0;0;0;0;0;-0.0004;-0.0884;0;0;0;0;0;0;0;0;0;-0.7452;0;0.7452;1;1;0;0;0;0
03/12/21 04:00;1.814;-116.06;85.597;2.019;2.8827;-90;-2.8827;0.293;0.293;0;15.3;1.1901;0;0;0.2928;0;0;0;0.2929;0.2929;0;0;0;0;0;1;1;1;1;0;0;0;0;0;0;0;0;0;0;0;0;0;0;0;0;0;0;0;0;0;0;0;0;0;0;0;0;0;0;0;0;0;0;0;0;1;1;1;1;1;1;1;1;1;1;1;1;1;0;0;1;0;0;0;0;0;0;0;0;0;0;0;0.0004;0.088;-0.0884;0;0;0;0;0;0;0;0;0;0;0;0;0;0;0;0;0;0;0;-15.3;0;0;0;0;0.0004;0;0;0;0;0;0;0;-0.0004;-0.0884;0;0;0;0;0;0;0;0;0;-0.7452;0;0.7452;1;1;0;0;0;0
03/12/21 05:00;9.1312;-110.74;67.363;9.7522;14.504;-90;-14.504;120.39;24.1;96.292;17.23;1.1001;0;233.53;13.488;25.208;0;0.4029;272.63;0;272.63;233.53;25.208;13.488;0.4029;0.8566;0.0509;0;0.0015;272.12;0.5161;0;0;0.1816;0.3345;250.19;21.388;18.835;2.033;0.5048;0.0153;271.57;0.5442;0.4671;0.0504;0.0266;0.0001;250.2;214.23;23.125;12.775;0.0529;8.7163;6.912;2.8702;0.0156;0.1003;1.4425;0.0098;1.5272;0;1;0;0;2.2646;0.9981;1;1;0.9865;0.1696;0.9212;0.9192;1;0.962;0.776;0.998;0.998;1;0.998;0.998;0.9177;0.9471;0.1313;0.7759;0.7187;0.0043;0.0157;0.0116;0.0048;0.0171;0.0003;0;0;0.088;0.5506;0;0;0;0;0;0;0;0;0;0;0;0;0.0137;0.0015;0.6498;0.6498;0;29.513;29.513;12.282;0.0491;616.3;1054.3;1;0.0112;0.0112;0;0;0;0;0;0;0.6386;0.5506;0;15.748;18.236;13.344;15.453;98.279;98.279;6.5432;5.4794;4.643;1.0638;0.8364;0.1626;0.1278;0.7096;8.1935;0.7068;0
03/12/21 06:00;20.863;-103.03;30.262;21.365;40.71;-90;-40.71;324.1;65.103;259;20.39;1.1999;0;628.14;27.645;81.617;0;8.2348;745.63;0;745.63;628.14;81.617;27.645;8.2348;0.8424;0.0481;0;0.011;736.13;9.4997;0;0;1.9703;7.5294;732.93;1.7331;0.7457;0.0969;0.8304;0.06;734.66;1.4723;1.2563;0.1632;0.0513;0.0014;733.27;626.14;81.357;24.793;0.644;21.245;16.847;7.1434;1.1982;0.3102;4.4627;0.3448;3.5747;0;1;0;0;2.3006;0.9873;1;1;0.9287;0.0857;0.9976;0.9988;1;0.9676;0.9148;0.998;0.998;1;0.998;0.998;0.983;0.8968;0.0782;2.122;2.1069;0.0127;-0.001;0.2382;0.013;0.0461;0.0007;0;0;0.088;1.6341;0;0;0;0;0;0;0;0;0;0;0;0;0.0371;0.0106;1.7494;1.7494;0;56.993;56.993;36.603;0.0499;1819.8;961.35;1;0.0273;0.0273;0;0;0;0;0;0;1.7221;1.6341;0;15.504;17.953;14.482;16.77;98.44;98.44;17.895;14.753;13.781;3.142;0.9723;0.1756;0.0543;0.7701;19.811;0.7667;0
03/12/21 07:00;32.963;-95.367;4.501;33.078;56.922;-90;-56.922;544;94.098;449.9;24.23;2.2499;0;824.32;29.983;101.33;0;25.945;981.58;0;981.58;824.32;101.33;29.983;25.945;0.8398;0.057;0;0.0264;953.93;27.658;0;0;3.4803;24.178;950.87;1.1447;0.1279;0.0157;0.9138;0.0872;952.02;1.9079;1.6486;0.2027;0.053;0.0035;955.42;822.55;101.11;25.536;1.6761;150.61;119.43;50.42;4.1619;1.932;27.791;4.5424;25.561;0;1;0;0;1.8044;0.9718;1;1;0.8839;0.0681;0.9988;0.9998;1;0.9655;0.9505;0.998;0.998;1;0.998;0.998;0.9687;0.8517;0.0646;2.7935;2.7892;0.0168;-0.0006;0.4675;0.0161;0.0572;0.0044;0;0;0.088;2.0415;0;0;0;0;0;0;0;0;0;0;0;0;0.0461;0.018;2.1637;2.1637;0;72.308;72.308;48.078;0.0506;2406.5;899.12;1;0.0342;0.0342;0;0;0;0;0;0;2.1295;2.0415;0;14.566;16.867;13.744;15.915;98.421;98.421;23.558;18.247;17.217;5.3112;1.0303;0.2255;0.0437;0.7308;25.199;0.7156;0
03/12/21 08:00;45.217;-86.9;2.1831;45.259;44.741;-90;-44.741;747.8;123.6;624.2;27.1;3.0399;0;878.8;39.626;108.77;0;22.748;1049.9;0;1049.9;878.8;108.77;39.626;22.748;0.837;0.0594;0;0.0217;1025.7;24.225;0;0;3.2426;20.982;1022.3;1.3668;0.0661;0.0082;1.184;0.1085;1023.7;2.0514;1.7576;0.2175;0.0728;0.0035;1028;876.97;108.55;35.127;1.6535;325.68;258.27;108.04;2.3779;3.8118;54.832;5.6773;56.266;0;1;0;0;1.404;0.9769;1;1;0.9182;0.0776;0.9987;0.9999;1;0.9674;0.9384;0.998;0.998;1;0.998;0.998;0.9737;0.8865;0.0727;2.9881;3.051;0.0184;0.0024;0.5856;0.0171;0.0607;0.0083;0;0;0.088;2.1638;0;0;0;0;0;0;0;0;0;0;0;0;0.0489;0.0213;2.2883;2.2883;0;79.081;79.081;51.982;0.0508;2612.3;875;1;0.0366;0.0366;0;0;0;0;0;0;2.2518;2.1638;0;14.402;16.677;13.618;15.769;98.403;98.403;25.199;19.298;18.247;5.9011;1.0504;0.2342;0.0417;0.7241;29.422;0.6969;0
03/12/21 09:00;57.339;-75.947;7.5298;58.125;31.875;-90;-31.875;907.79;149.5;758.29;29.02;3.4;0;892.94;49.733;112.71;0;14.374;1069.8;0;1069.8;892.94;112.71;49.733;14.374;0.8347;0.0599;0;0.0134;1054.7;15.075;0;0;2.4219;12.653;1050.5;2.072;0.2318;0.0293;1.5318;0.2792;1052.6;2.1094;1.7859;0.2254;0.0946;0.0034;1054.3;890.92;112.46;45.685;1.4383;474.6;376.36;163.09;0.9322;5.023;72.254;3.8258;76.345;0;1;0;0;1.1784;0.9859;1;1;0.9513;0.1197;0.998;0.9997;1;0.9676;0.8374;0.998;0.998;1;0.998;0.998;0.982;0.9186;0.1001;3.0444;3.1612;0.019;0.0042;0.6468;0.0174;0.0618;0.0108;0;0;0.088;2.1921;0;0;0;0;0;0;0;0;0;0;0;0;0.0498;0.0227;2.3286;2.3174;0;82.591;82.591;53.572;0.051;2648.4;875;1;0.0484;0.0372;0;0.0112;0;0;0;0;2.2801;2.1921;0;14.314;16.576;13.541;15.68;97.92;98.394;25.674;19.543;18.487;6.1316;1.0561;0.2388;0.0411;0.72;33.216;0.6854;0
03/12/21 10:00;68.655;-57.786;11.188;71.704;18.296;-90;-18.296;1020.5;168;852.51;29.76;3.8101;0;897.89;57.22;115.12;0;5.4166;1075.6;0;1075.6;897.89;115.12;57.22;5.4166;0.8347;0.0582;0;0.005;1070;5.6492;0;0;1.1387;4.5105;1065.3;2.5825;0.3463;0.0444;1.9913;0.2005;1067.9;2.14;1.7958;0.2302;0.1122;0.0018;1066.6;895.75;114.84;53.978;0.7038;581.44;461.08;192.2;0.1507;6.5836;94.702;1.3024;101.13;0;1;0;0;1.054;0.9947;1;1;0.9801;0.1673;0.9976;0.9996;1;0.9644;0.7783;0.998;0.998;1;0.998;0.998;0.9904;0.9433;0.1299;3.0612;3.2412;0.0195;0.0057;0.6813;0.0177;0.0629;0.0141;0;0;0.088;2.221;0;0;0;0;0;0;0;0;0;0;0;0;0.0507;0.0238;2.3655;2.3469;0;84.156;84.156;54.396;0.0511;2682.2;875;1;0.0566;0.0379;0;0.0186;0;0;0;0;2.309;2.221;0;14.417;16.695;13.644;15.799;97.609;98.385;25.816;19.792;18.73;6.024;1.0618;0.2333;0.0411;0.7255;35.278;0.6807;0
03/12/21 11:00;76.471;-17.773;12.872;85.799;4.2005;-90;-4.2005;1086.2;179.1;907.11;30.26;4.1301;0;909.55;60.246;119.09;0;0.3064;1089.2;0;1089.2;909.55;119.09;60.246;0.3064;0.8351;0.0556;0;0.0003;1088.8;0.3627;0;0;0.1074;0.2553;1083.5;3.1088;0.4036;0.0528;2.641;0.0114;1086.6;2.1777;1.8191;0.2382;0.1203;0.0001;1083.6;907.33;118.8;57.377;0.0396;639.57;507.18;212.01;0;7.1927;103.46;0.0187;110.66;0;1;0;0;1.0028;0.9997;1;1;0.9982;0.1668;0.9971;0.9996;1;0.956;0.7772;0.998;0.998;1;0.998;0.998;0.9948;0.9524;0.1294;3.0997;3.3074;0.0199;0.007;0.7131;0.018;0.0637;0.0153;0;0;0.088;2.2365;0;0;0;0;0;0;0;0;0;0;0;0;0.0513;0.0247;2.3944;2.3628;0;85.658;85.658;55.398;0.0511;2700.3;875;1;0.0699;0.0383;0;0.0316;0;0;0;0;2.3245;2.2365;0;14.335;16.599;13.568;15.712;97.082;98.38;26.141;19.926;18.861;6.215;1.065;0.2378;0.0407;0.7215;35.745;0.6736;0
03/12/21 12:00;74.078;38.295;12.433;79.974;10.026;90;10.026;988;206.4;781.6;31.09;4.27;0;793.72;86.496;121.09;0;1.5841;1002.9;0;1002.9;793.72;121.09;86.496;1.5841;0.7914;0.0878;0;0.0016;1000.9;1.9467;0;0;0.6285;1.3182;994.99;3.9531;0.3402;0.0519;3.5013;0.0597;998.94;2.0019;1.5874;0.2422;0.1717;0.0005;995.28;791.79;120.8;82.194;0.2057;577.34;457.83;193.31;0.0257;6.3691;91.618;0.292;97.961;0;1;0;0;1.0151;0.9981;1;1;0.9927;0.1679;0.996;0.9996;1;0.9591;0.7749;0.998;0.998;1;0.998;0.998;0.9921;0.9503;0.1298;2.8541;3.0311;0.0183;0.0021;0.6121;0.0168;0.0595;0.0138;0;0;0.088;2.1074;0;0;0;0;0;0;0;0;0;0;0;0;0.048;0.021;2.2396;2.2306;0;81.794;81.794;50.705;0.051;2549.3;875;1;0.0442;0.0352;0;0.009;0;0;0;0;2.1954;2.1074;0;14.697;17.019;13.886;16.079;98.027;98.421;24.069;18.811;17.772;5.2582;1.039;0.2185;0.0432;0.7384;51.852;0.6911;0
03/12/21 13:00;64.195;66.708;9.9117;66.053;23.947;90;23.947;1010.5;167.3;843.2;32.02;4.2201;0;922.62;53.519;121.87;0;9.1332;1107.1;0;1107.1;922.62;121.87;53.519;9.1332;0.8333;0.0566;0;0.0082;1097.7;9.4346;0;0;1.6557;7.7789;1093.1;2.3738;0.3152;0.0416;1.7354;0.2815;1095.5;2.1954;1.8452;0.2437;0.1037;0.0027;1095.5;920.46;121.58;50.024;1.0701;559.98;444.06;186.4;0.3696;6.271;90.206;2.3246;96.108;0;1;0;0;1.0956;0.9915;1;1;0.9691;0.1483;0.9978;0.9997;1;0.9665;0.7917;0.998;0.998;1;0.998;0.998;0.9874;0.9347;0.1172;3.1508;3.3149;0.02;0.0072;0.7435;0.0178;0.0632;0.0131;0;0;0.088;2.1991;0;0;0;0;0;0;0;0;0;0;0;0;0.0509;0.0248;2.3744;2.3245;0;88.018;88.018;55.998;0.0512;2656.5;875;1;0.0874;0.0374;0;0.05;0;0;0;0;2.2871;2.1991;0;13.874;16.065;13.125;15.199;96.321;98.391;26.571;19.603;18.545;6.9687;1.0575;0.2623;0.0398;0.6979;33.953;0.6578;0
03/12/21 14:00;52.407;80.927;5.5206;52.755;37.245;90;37.245;873.61;154.3;719.31;31.81;4.26;0;903.59;49.156;125.07;0;18.707;1096.5;0;1096.5;903.59;125.07;49.156;18.707;0.8241;0.0619;0;0.0171;1076.5;20.031;0;0;3.0668;16.964;1072.4;1.8911;0.172;0.0238;1.4855;0.2099;1074.3;2.153;1.8072;0.2501;0.0922;0.0035;1077.7;901.61;124.79;44.511;1.5293;431.03;341.8;145.52;1.5721;4.7782;68.733;5.2109;71.939;0;1;0;0;1.2552;0.9817;1;1;0.9376;0.0932;0.9982;0.9998;1;0.9677;0.8793;0.998;0.998;1;0.998;0.998;0.978;0.9055;0.0817;3.1206;3.2209;0.0194;0.0053;0.7072;0.0174;0.0618;0.0101;0;0;0.088;2.1654;0;0;0;0;0;0;0;0;0;0;0;0;0.0498;0.0236;2.3264;2.2899;0;86.686;86.686;54.876;0.0512;2617.1;875;1;0.0731;0.0366;0;0.0365;0;0;0;0;2.2534;2.1654;0;13.8;15.98;13.049;15.111;96.859;98.402;26.316;19.311;18.261;7.005;1.0507;0.2662;0.0399;0.6939;34.217;0.6628;0
03/12/21 15:00;40.184;90.548;0.4187;40.186;49.814;90;49.814;681.31;152.8;528.51;31.64;4.34;0;819.05;52.519;137.86;0;25.377;1034.8;0;1034.8;819.05;137.86;52.519;25.377;0.7915;0.0753;0;0.0245;1006.1;28.74;0;0;5.041;23.699;1002.4;1.6589;0.0118;0.002;1.5711;0.074;1004.1;2.0121;1.6381;0.2757;0.095;0.0034;1008.3;817.4;137.59;45.812;1.6005;265.77;210.75;86.369;4.5656;3.3981;48.88;5.9403;47.713;0;1;0;0;1.5189;0.9722;1;1;0.904;0.0661;0.9983;1;1;0.9668;0.9558;0.998;0.998;1;0.998;0.998;0.9687;0.8723;0.0631;2.945;2.9828;0.018;0.0014;0.6133;0.0165;0.0583;0.0073;0;0;0.088;2.0681;0;0;0;0;0;0;0;0;0;0;0;0;0.047;0.0204;2.2007;2.1904;0;82.764;82.764;51.123;0.051;2503.3;875;1;0.0446;0.0343;0;0.0103;0;0;0;0;2.1561;2.0681;0;13.987;16.196;13.206;15.292;97.974;98.435;24.835;18.472;17.44;6.3639;1.0312;0.2562;0.0415;0.7022;40.927;0.6783;0
03/12/21 16:00;27.967;98.552;7.7504;28.233;60;90;60;467.99;151.1;316.89;31.47;4.0699;0;669.57;58.894;153.34;0;24.569;906.37;0;906.37;669.57;153.34;58.894;24.569;0.7387;0.0921;0;0.0271;875.98;30.389;0;0;7.404;22.985;872.09;2.1459;0.1789;0.041;1.8182;0.1078;874.23;1.752;1.3391;0.3067;0.103;0.0032;875.92;668.05;153;49.569;1.4736;103.09;81.754;37.193;9.8521;1.6036;23.067;3.8324;14.819;0;1;0;0;1.9367;0.9665;1;1;0.8743;0.0645;0.9975;0.9997;1;0.9646;0.9318;0.998;0.998;1;0.998;0.998;0.9622;0.8417;0.06;2.5795;2.5523;0.0154;-0.0019;0.4605;0.0145;0.0516;0.0036;0;0;0.088;1.8342;0;0;0;0;0;0;0;0;0;0;0;0;0.0416;0.0152;1.9519;1.9519;0;75.689;75.689;44.219;0.0507;2202.6;886.15;1;0.0296;0.0296;0;0;0;0;0;0;1.9222;1.8342;0;14.23;16.478;13.373;15.485;98.482;98.482;21.753;16.46;15.468;5.2926;0.992;0.2433;0.0456;0.7111;51.271;0.6978;0
03/12/21 17:00;15.992;106.15;48.075;16.613;27.288;90;27.288;234.4;141.3;93.095;30;3.1001;0;225.78;101.39;82.311;0;2.7389;412.22;0;412.22;225.78;82.311;101.39;2.7389;0.5477;0.2526;0;0.0066;405.98;6.2365;0;0;3.8671;2.3694;398.33;6.8448;2.6155;0.9535;3.2046;0.0712;405.17;0.812;0.4516;0.1646;0.195;0.0007;398.71;222.71;81.193;94.121;0.2976;66.257;52.541;21.487;1.1044;0.8479;12.196;0.3841;11.94;0;1;0;0;1.7586;0.9849;1;1;0.9619;0.1349;0.9831;0.9884;1;0.9671;0.8068;0.998;0.998;1;0.998;0.998;0.9663;0.9283;0.1086;1.1731;1.1652;0.007;0.0098;0.1036;0.0073;0.0259;0.0021;0;0;0.088;0.8819;0;0;0;0;0;0;0;0;0;0;0;0;0.0209;0.0035;0.985;0.985;0;49.827;49.827;19.827;0.0498;1004.2;980.84;1;0.015;0.015;0;0;0;0;0;0;0.9699;0.8819;0;15.789;18.283;14.138;16.371;98.476;98.476;9.8933;8.3062;7.4375;1.587;0.8687;0.1604;0.0878;0.7518;65.634;0.7355;0
03/12/21 18:00;5.038;113.64;77.703;5.4969;7.937;90;7.937;20.707;20.402;0.305;26.75;3.16;0;0.7398;20.254;0.1222;0;0.0208;21.137;0;21.137;0.7398;0.1222;20.254;0.0208;0.035;0.9592;0;0.001;21.019;0.1173;0;0;0.1;0.0173;19.916;1.0612;0.1836;0.0303;0.8466;0.0008;20.977;0.042;0.0015;0.0002;0.0403;0;19.919;0.5548;0.0916;19.267;0.0027;12.087;9.5853;3.8126;0.0023;0.1487;2.1391;0.0028;2.2855;0;1;0;0;1.0208;0.9944;1;1;0.9951;0.1675;0.9494;0.7514;1;0.9579;0.7754;0.998;0.998;1;0.998;0.998;0.9423;0.9513;0.1296;0.0602;0.0613;0.0004;0.0087;0.0006;0.0004;0.0013;0.0003;0;0;0.088;-0.0425;0;0;0;0;0;0;0;0;0;0;0;0;0.001;0;0.0485;0.0485;0;27.755;27.755;1.0049;0.0505;50.759;955.63;1;0.003;0.003;0;0;0;0;0;0;0.0455;-0.0425;0;15.165;17.56;-13.277;-15.374;93.866;93.866;0.5073;0.4091;-0.3581;0.0982;0.7672;0.1936;1.5124;0;12.086;0;0
03/12/21 19:00;0;0;90;0;0;90;0;0;0;0;23.61;3.7301;0;0;0;0;0;0;0;0;0;0;0;0;0;1;1;1;1;0;0;0;0;0;0;0;0;0;0;0;0;0;0;0;0;0;0;0;0;0;0;0;0;0;0;0;0;0;0;0;0;0;0;0;1;1;1;1;1;1;1;1;1;1;1;1;1;1;1;1;1;1;1;0;0;0;0;0;0;0;0;0;0.0004;0.088;-0.0884;0;0;0;0;0;0;0;0;0;0;0;0;0;0;0;0;0;0;0;-23.61;0;0;0;0;0.0004;0;0;0;0;0;0;0;-0.0004;-0.0884;0;0;0;0;0;0;0;0;0;-0.7452;0;0.7452;1;1;0;0;0;0
03/12/21 20:00;0;0;90;0;0;90;0;0;0;0;22.63;3.9801;0;0;0;0;0;0;0;0;0;0;0;0;0;1;1;1;1;0;0;0;0;0;0;0;0;0;0;0;0;0;0;0;0;0;0;0;0;0;0;0;0;0;0;0;0;0;0;0;0;0;0;0;1;1;1;1;1;1;1;1;1;1;1;1;1;1;1;1;1;1;1;0;0;0;0;0;0;0;0;0;0.0004;0.088;-0.0884;0;0;0;0;0;0;0;0;0;0;0;0;0;0;0;0;0;0;0;-22.63;0;0;0;0;0.0004;0;0;0;0;0;0;0;-0.0004;-0.0884;0;0;0;0;0;0;0;0;0;-0.7452;0;0.7452;1;1;0;0;0;0
03/12/21 21:00;0;0;90;0;0;90;0;0;0;0;21.21;3.96;0;0;0;0;0;0;0;0;0;0;0;0;0;1;1;1;1;0;0;0;0;0;0;0;0;0;0;0;0;0;0;0;0;0;0;0;0;0;0;0;0;0;0;0;0;0;0;0;0;0;0;0;1;1;1;1;1;1;1;1;1;1;1;1;1;1;1;1;1;1;1;0;0;0;0;0;0;0;0;0;0.0004;0.088;-0.0884;0;0;0;0;0;0;0;0;0;0;0;0;0;0;0;0;0;0;0;-21.21;0;0;0;0;0.0004;0;0;0;0;0;0;0;-0.0004;-0.0884;0;0;0;0;0;0;0;0;0;-0.7452;0;0.7452;1;1;0;0;0;0
03/12/21 22:00;0;0;90;0;0;90;0;0;0;0;19.75;3.7401;0;0;0;0;0;0;0;0;0;0;0;0;0;1;1;1;1;0;0;0;0;0;0;0;0;0;0;0;0;0;0;0;0;0;0;0;0;0;0;0;0;0;0;0;0;0;0;0;0;0;0;0;1;1;1;1;1;1;1;1;1;1;1;1;1;1;1;1;1;1;1;0;0;0;0;0;0;0;0;0;0.0004;0.088;-0.0884;0;0;0;0;0;0;0;0;0;0;0;0;0;0;0;0;0;0;0;-19.75;0;0;0;0;0.0004;0;0;0;0;0;0;0;-0.0004;-0.0884;0;0;0;0;0;0;0;0;0;-0.7452;0;0.7452;1;1;0;0;0;0
03/12/21 23:00;0;0;90;0;0;90;0;0;0;0;17.89;3.5001;0;0;0;0;0;0;0;0;0;0;0;0;0;1;1;1;1;0;0;0;0;0;0;0;0;0;0;0;0;0;0;0;0;0;0;0;0;0;0;0;0;0;0;0;0;0;0;0;0;0;0;0;1;1;1;1;1;1;1;1;1;1;1;1;1;1;1;1;1;1;1;0;0;0;0;0;0;0;0;0;0.0004;0.088;-0.0884;0;0;0;0;0;0;0;0;0;0;0;0;0;0;0;0;0;0;0;-17.89;0;0;0;0;0.0004;0;0;0;0;0;0;0;-0.0004;-0.0884;0;0;0;0;0;0;0;0;0;-0.7452;0;0.7452;1;1;0;0;0;0
04/12/21 00:00;0;0;90;0;0;90;0;0;0;0;16.3;2.9301;0;0;0;0;0;0;0;0;0;0;0;0;0;1;1;1;1;0;0;0;0;0;0;0;0;0;0;0;0;0;0;0;0;0;0;0;0;0;0;0;0;0;0;0;0;0;0;0;0;0;0;0;1;1;1;1;1;1;1;1;1;1;1;1;1;1;1;1;1;1;1;0;0;0;0;0;0;0;0;0;0.0004;0.088;-0.0884;0;0;0;0;0;0;0;0;0;0;0;0;0;0;0;0;0;0;0;-16.3;0;0;0;0;0.0004;0;0;0;0;0;0;0;-0.0004;-0.0884;0;0;0;0;0;0;0;0;0;-0.7452;0;0.7452;1;1;0;0;0;0
04/12/21 01:00;0;0;90;0;0;90;0;0;0;0;14.96;2.35;0;0;0;0;0;0;0;0;0;0;0;0;0;1;1;1;1;0;0;0;0;0;0;0;0;0;0;0;0;0;0;0;0;0;0;0;0;0;0;0;0;0;0;0;0;0;0;0;0;0;0;0;1;1;1;1;1;1;1;1;1;1;1;1;1;1;1;1;1;1;1;0;0;0;0;0;0;0;0;0;0.0004;0.088;-0.0884;0;0;0;0;0;0;0;0;0;0;0;0;0;0;0;0;0;0;0;-14.96;0;0;0;0;0.0004;0;0;0;0;0;0;0;-0.0004;-0.0884;0;0;0;0;0;0;0;0;0;-0.7452;0;0.7452;1;1;0;0;0;0
04/12/21 02:00;0;0;90;0;0;90;0;0;0;0;13.11;2.19;0;0;0;0;0;0;0;0;0;0;0;0;0;1;1;1;1;0;0;0;0;0;0;0;0;0;0;0;0;0;0;0;0;0;0;0;0;0;0;0;0;0;0;0;0;0;0;0;0;0;0;0;1;1;1;1;1;1;1;1;1;1;1;1;1;1;1;1;1;1;1;0;0;0;0;0;0;0;0;0;0.0004;0.088;-0.0884;0;0;0;0;0;0;0;0;0;0;0;0;0;0;0;0;0;0;0;-13.11;0;0;0;0;0.0004;0;0;0;0;0;0;0;-0.0004;-0.0884;0;0;0;0;0;0;0;0;0;-0.7452;0;0.7452;1;1;0;0;0;0
04/12/21 03:00;0;0;90;0;0;90;0;0;0;0;12.69;2.33;0;0;0;0;0;0;0;0;0;0;0;0;0;1;1;1;1;0;0;0;0;0;0;0;0;0;0;0;0;0;0;0;0;0;0;0;0;0;0;0;0;0;0;0;0;0;0;0;0;0;0;0;1;1;1;1;1;1;1;1;1;1;1;1;1;1;1;1;1;1;1;0;0;0;0;0;0;0;0;0;0.0004;0.088;-0.0884;0;0;0;0;0;0;0;0;0;0;0;0;0;0;0;0;0;0;0;-12.69;0;0;0;0;0.0004;0;0;0;0;0;0;0;-0.0004;-0.0884;0;0;0;0;0;0;0;0;0;-0.7452;0;0.7452;1;1;0;0;0;0
04/12/21 04:00;1.8242;-116.22;85.572;2.0332;2.9029;-90;-2.9029;0;0;0;11.79;3.05;0;0;0;0;0;0;0;0;0;0;0;0;0;1;1;1;1;0;0;0;0;0;0;0;0;0;0;0;0;0;0;0;0;0;0;0;0;0;0;0;0;0;0;0;0;0;0;0;0;0;0;0;1;1;1;1;1;1;1;1;1;1;1;1;1;1;1;1;1;1;1;0;0;0;0;0;0;0;0;0;0.0004;0.088;-0.0884;0;0;0;0;0;0;0;0;0;0;0;0;0;0;0;0;0;0;0;-11.79;0;0;0;0;0.0004;0;0;0;0;0;0;0;-0.0004;-0.0884;0;0;0;0;0;0;0;0;0;-0.7452;0;0.7452;1;1;0;0;0;0
04/12/21 05:00;9.1324;-110.9;67.36;9.7639;14.523;-90;-14.523;129.2;21.3;107.9;13.07;3.4399;0;261.69;10.834;24.956;0;0.4335;297.92;0;297.92;261.69;24.956;10.834;0.4335;0.8784;0.0378;0;0.0015;297.41;0.5061;0;0;0.1461;0.36;273.28;23.532;21.099;2.012;0.4053;0.0164;296.82;0.5948;0.5234;0.0499;0.0214;0.0001;273.29;240.07;22.894;10.261;0.0569;7.1609;5.6786;2.386;0.0126;0.0806;1.1588;0.0079;1.2267;0;1;0;0;2.3058;0.9983;1;1;0.9865;0.1696;0.9207;0.9192;1;0.962;0.776;0.998;0.998;1;0.998;0.998;0.9173;0.9471;0.1313;0.8478;0.7842;0.0047;0.015;0.004;0.0053;0.0189;0.0002;0;0;0.088;0.6188;0;0;0;0;0;0;0;0;0;0;0;0;0.0152;0.0017;0.7192;0.7192;0;26.443;26.443;13.373;0.0489;672.45;1069.5;1;0.0123;0.0123;0;0;0;0;0;0;0.7068;0.6188;0;15.951;18.471;13.726;15.895;98.287;98.287;7.15;6.0648;5.2187;1.0852;0.846;0.1518;0.1183;0.7299;6.5818;0.7278;0
04/12/21 06:00;20.854;-103.21;30.304;21.37;40.727;-90;-40.727;349.4;57.499;291.9;14.32;4.34;0;707.93;21.09;81.256;0;8.8843;819.16;0;819.16;707.93;81.256;21.09;8.8843;0.8642;0.0366;0;0.0108;809.53;9.6276;0;0;1.504;8.1236;806.26;1.6543;0.8577;0.0984;0.6335;0.0646;807.91;1.6191;1.4159;0.1625;0.0392;0.0015;806.54;705.66;80.995;18.914;0.6946;16.71;13.251;5.5306;0.916;0.248;3.5676;0.2845;2.8996;0;1;0;0;2.3445;0.9882;1;1;0.9287;0.0856;0.998;0.9988;1;0.9676;0.9149;0.998;0.998;1;0.998;0.998;0.9843;0.8968;0.0782;2.3313;2.3147;0.0139;-0.0019;0.2403;0.0144;0.0512;0.0006;0;0;0.088;1.8231;0;0;0;0;0;0;0;0;0;0;0;0;0.0412;0.0126;1.9423;1.9423;0;54.496;54.496;40.177;0.0498;1998.9;971.69;1;0.0311;0.0311;0;0;0;0;0;0;1.9111;1.8231;0;15.668;18.143;14.707;17.03;98.396;98.396;19.66;16.379;15.375;3.2804;1.0048;0.1669;0.0511;0.782;15.116;0.7795;0
04/12/21 07:00;32.948;-95.559;4.6627;33.071;56.929;-90;-56.929;580.29;95.801;484.49;16.67;5.6699;0;887.88;27.17;111.14;0;27.682;1053.9;0;1053.9;887.88;111.14;27.17;27.682;0.8425;0.052;0;0.0263;1024.9;28.951;0;0;3.1543;25.797;1021.8;1.0818;0.1427;0.0179;0.8281;0.0931;1022.9;2.0498;1.7758;0.2223;0.048;0.0038;1026.6;885.96;110.9;23.14;1.7883;158.08;125.36;52.737;3.7742;2.0012;28.787;4.7697;27.014;0;1;0;0;1.8161;0.9725;1;1;0.8839;0.0681;0.9989;0.9998;1;0.9654;0.9505;0.998;0.998;1;0.998;0.998;0.9696;0.8517;0.0646;2.9992;2.9947;0.018;0.0016;0.4558;0.0176;0.0625;0.0046;0;0;0.088;2.2363;0;0;0;0;0;0;0;0;0;0;0;0;0.0504;0.0206;2.3636;2.3636;0;68.161;68.161;51.491;0.0504;2582.9;915.11;1;0.0393;0.0393;0;0;0;0;0;0;2.3243;2.2363;0;14.82;17.162;14.022;16.237;98.338;98.338;25.293;19.933;18.859;5.3602;1.0733;0.2119;0.0424;0.7456;22.837;0.7307;0
04/12/21 08:00;45.2;-87.129;2.0228;45.236;44.764;-90;-44.764;783.2;129.2;654;18.7;5.9899;0;921.1;38.117;119.18;0;23.847;1102.2;0;1102.2;921.1;119.18;38.117;23.847;0.8357;0.0562;0;0.0216;1077.1;25.118;0;0;3.1213;21.997;1073.7;1.3249;0.0642;0.0083;1.1389;0.1134;1075;2.1543;1.8422;0.2384;0.07;0.0037;1079.6;919.2;118.93;33.786;1.7328;340.1;269.7;112.75;2.2918;3.9727;57.146;5.935;58.827;0;1;0;0;1.4074;0.9772;1;1;0.9181;0.0776;0.9988;0.9999;1;0.9674;0.9386;0.998;0.998;1;0.998;0.998;0.9741;0.8864;0.0727;3.1369;3.2032;0.0193;0.0049;0.5431;0.0185;0.0654;0.0089;0;0;0.088;2.3379;0;0;0;0;0;0;0;0;0;0;0;0;0.0527;0.0234;2.4671;2.4671;0;73.025;73.025;54.325;0.0506;2761.3;893.44;1;0.0412;0.0412;0;0;0;0;0;0;2.4259;2.3379;0;14.79;17.126;14.016;16.23;98.331;98.331;26.454;20.805;19.716;5.6489;1.0894;0.2135;0.0412;0.7453;28.307;0.7174;0
04/12/21 09:00;57.331;-76.247;7.3732;58.084;31.916;-90;-31.916;956.61;157.8;798.81;21.27;5.87;0;941.08;47.507;125.36;0;15.185;1129.1;0;1129.1;941.08;125.36;47.507;15.185;0.8335;0.0555;0;0.0134;1113.4;15.688;0;0;2.3183;13.37;1109.2;2.028;0.2392;0.0319;1.463;0.294;1111.2;2.2269;1.8822;0.2507;0.0904;0.0036;1113.2;938.96;125.07;43.635;1.5178;499.39;396.02;171.65;0.8949;5.2775;75.915;4.0384;80.298;0;1;0;0;1.1804;0.9861;1;1;0.9512;0.1196;0.9982;0.9997;1;0.9676;0.8377;0.998;0.998;1;0.998;0.998;0.9823;0.9185;0.1;3.2134;3.3371;0.0201;0.0077;0.6208;0.0188;0.0667;0.0116;0;0;0.088;2.3827;0;0;0;0;0;0;0;0;0;0;0;0;0.0538;0.0252;2.5124;2.5124;0;77.608;77.608;56.339;0.0508;2871.3;875;1;0.0418;0.0418;0;0;0;0;0;0;2.4707;2.3827;0;14.703;17.026;13.944;16.147;98.338;98.338;27.099;21.188;20.093;5.9117;1.0943;0.2182;0.0404;0.7415;31.739;0.7059;0
04/12/21 10:00;68.676;-58.227;11.039;71.641;18.359;-90;-18.359;1075.2;177.4;897.8;23.55;5.87;0;945.95;54.481;128.01;0;5.7463;1134.2;0;1134.2;945.95;128.01;54.481;5.7463;0.834;0.0531;0;0.0051;1128.3;5.8759;0;0;1.0905;4.7853;1123.5;2.5149;0.36;0.0487;1.8936;0.2126;1126.1;2.2566;1.8919;0.256;0.1068;0.0019;1124.9;943.7;127.71;51.39;0.7464;612.25;485.51;202.44;0.1454;6.9284;99.663;1.383;106.45;0;1;0;0;1.0549;0.9948;1;1;0.98;0.1672;0.9978;0.9996;1;0.9645;0.7783;0.998;0.998;1;0.998;0.998;0.9906;0.9433;0.1299;3.2278;3.4181;0.0206;0.0095;0.6748;0.019;0.0674;0.015;0;0;0.088;2.3928;0;0;0;0;0;0;0;0;0;0;0;0;0.0543;0.0264;2.5312;2.5228;0;80.767;80.767;57.217;0.0509;2883.2;875;1;0.0504;0.042;0;0.0084;0;0;0;0;2.4808;2.3928;0;14.698;17.02;13.941;16.143;98.008;98.335;27.221;21.275;20.179;5.9456;1.0963;0.2184;0.0403;0.7413;33.599;0.6955;0
04/12/21 11:00;76.576;-18.303;12.733;85.713;4.2867;-90;-4.2867;1131.7;186.7;945;24.7;6.02;0;947.65;57.724;129.26;0;0.3324;1135;0;1135;947.65;129.26;57.724;0.3324;0.835;0.0512;0;0.0003;1134.6;0.3832;0;0;0.1062;0.2769;1129.3;3.0131;0.416;0.0567;2.5281;0.0123;1132.3;2.2692;1.8953;0.2585;0.1152;0.0001;1129.3;945.34;128.94;54.975;0.043;666.29;528.37;220.92;0.0001;7.4895;107.73;0.0217;115.22;0;1;0;0;1.0029;0.9997;1;1;0.9982;0.1669;0.9973;0.9996;1;0.956;0.7772;0.998;0.998;1;0.998;0.998;0.995;0.9524;0.1294;3.23;3.4469;0.0208;0.0102;0.6994;0.019;0.0674;0.0161;0;0;0.088;2.39;0;0;0;0;0;0;0;0;0;0;0;0;0.0543;0.0268;2.5328;2.52;0;82.282;82.282;57.582;0.051;2880;875;1;0.0547;0.0419;0;0.0128;0;0;0;0;2.478;2.39;0;14.672;16.989;13.915;16.113;97.839;98.336;27.239;21.251;20.155;5.988;1.0958;0.2198;0.0402;0.7399;34.252;0.6908;0
04/12/21 12:00;74.24;38.288;12.309;80.081;9.9189;90;9.9189;1125.5;185.7;939.8;26.14;6.1;0;954.06;56.415;130.82;0;1.7664;1143.1;0;1143.1;954.06;130.82;56.415;1.7664;0.8347;0.0509;0;0.0015;1141.2;1.8726;0;0;0.4027;1.4699;1136.1;2.8146;0.4048;0.0555;2.2876;0.0666;1138.9;2.2824;1.9081;0.2616;0.112;0.0006;1136.4;951.75;130.5;53.613;0.2293;657.35;521.28;220.61;0.0163;7.2177;103.82;0.3249;111.03;0;1;0;0;1.0156;0.9984;1;1;0.9929;0.1679;0.9975;0.9996;1;0.9591;0.7749;0.998;0.998;1;0.998;0.998;0.9939;0.9503;0.1298;3.2531;3.4593;0.0208;0.0106;0.7257;0.0189;0.0671;0.0154;0;0;0.088;2.3686;0;0;0;0;0;0;0;0;0;0;0;0;0.054;0.0269;2.5199;2.498;0;84.159;84.159;58.019;0.0511;2854.8;875;1;0.0633;0.0414;0;0.0219;0;0;0;0;2.4566;2.3686;0;14.441;16.722;13.692;15.856;97.488;98.342;27.434;21.066;19.974;6.3677;1.0915;0.2321;0.0398;0.7281;33.811;0.6817;0
04/12/21 13:00;64.347;66.838;9.8045;66.176;23.824;90;23.824;1038;171.3;866.69;25.87;6.1499;0;947.42;51.953;127.94;0;9.2868;1136.6;0;1136.6;947.42;127.94;51.953;9.2868;0.8336;0.0539;0;0.0082;1127.1;9.4994;0;0;1.594;7.9054;1122.5;2.3376;0.3202;0.0432;1.6864;0.2878;1124.8;2.2542;1.8948;0.2559;0.1007;0.0028;1124.9;945.2;127.64;48.571;1.0908;575.44;456.32;191.53;0.3524;6.4441;92.695;2.3597;98.787;0;1;0;0;1.095;0.9916;1;1;0.9693;0.1487;0.9979;0.9997;1;0.9664;0.7913;0.998;0.998;1;0.998;0.998;0.9876;0.9349;0.1175;3.2347;3.404;0.0205;0.0092;0.7018;0.0187;0.0663;0.0138;0;0;0.088;2.3504;0;0;0;0;0;0;0;0;0;0;0;0;0.0534;0.0261;2.494;2.4794;0;83.146;83.146;57.276;0.051;2833.6;875;1;0.0557;0.041;0;0.0147;0;0;0;0;2.4384;2.3504;0;14.415;16.692;13.665;15.823;97.768;98.347;27.278;20.909;19.821;6.3695;1.0878;0.2335;0.0399;0.7266;32.936;0.6848;0
04/12/21 14:00;52.552;81.047;5.43;52.89;37.11;90;37.11;895.51;150;745.5;25.99;6.1399;0;934.82;44.854;125.51;0;19.042;1124.2;0;1124.2;934.82;125.51;44.854;19.042;0.8315;0.0568;0;0.0169;1104.2;20.041;0;0;2.7827;17.258;1100.2;1.7716;0.175;0.0235;1.3559;0.2172;1102;2.2084;1.8696;0.251;0.0841;0.0036;1105.5;932.78;125.24;40.631;1.5633;441.73;350.29;149.1;1.4173;4.8859;70.282;5.2937;73.751;0;1;0;0;1.2554;0.9822;1;1;0.938;0.0937;0.9984;0.9998;1;0.9677;0.878;0.998;0.998;1;0.998;0.998;0.9786;0.9059;0.0821;3.1995;3.3037;0.0199;0.0069;0.6688;0.0183;0.0647;0.0105;0;0;0.088;2.2992;0;0;0;0;0;0;0;0;0;0;0;0;0.0522;0.0247;2.4377;2.427;0;82.076;82.076;56.087;0.051;2773.7;875;1;0.0505;0.0398;0;0.0107;0;0;0;0;2.3872;2.2992;0;14.265;16.519;13.514;15.649;97.93;98.361;26.982;20.467;19.39;6.5145;1.0776;0.2414;0.0399;0.7186;31.188;0.6865;0
04/12/21 15:00;40.327;90.648;0.4941;40.329;49.671;90;49.671;695.61;144.4;551.21;25.96;6.03;0;851.71;46.946;135.05;0;25.77;1059.5;0;1059.5;851.71;135.05;46.946;25.77;0.8039;0.0686;0;0.0243;1030.9;28.55;0;0;4.4872;24.063;1027.4;1.4967;0.0145;0.0023;1.4041;0.0758;1028.9;2.0618;1.7034;0.2701;0.0849;0.0034;1033.3;849.99;134.77;40.969;1.6281;270.27;214.32;87.73;4.0412;3.4231;49.24;5.9827;48.621;0;1;0;0;1.5231;0.9731;1;1;0.9044;0.0663;0.9985;1;1;0.9669;0.9555;0.998;0.998;1;0.998;0.998;0.9697;0.8727;0.0632;3.0152;3.0551;0.0184;0.0024;0.576;0.0172;0.061;0.0075;0;0;0.088;2.1771;0;0;0;0;0;0;0;0;0;0;0;0;0.0492;0.0214;2.302;2.302;0;78.159;78.159;52.2;0.0508;2630.1;875;1;0.0369;0.0369;0;0;0;0;0;0;2.2651;2.1771;0;14.358;16.626;13.579;15.724;98.398;98.398;25.427;19.413;18.36;6.0145;1.053;0.2365;0.0414;0.7221;36.532;0.6978;0
04/12/21 16:00;28.111;98.636;7.7793;28.383;60;90;60;473.11;148.9;324.21;25.3;5.52;0;681.75;57.069;153.09;0;24.838;916.76;0;916.76;681.75;153.09;57.069;24.838;0.7437;0.0893;0;0.0271;886.35;30.411;0;0;7.1746;23.236;882.48;2.0948;0.1828;0.0411;1.7619;0.109;884.57;1.7727;1.3635;0.3062;0.0998;0.0032;886.3;680.21;152.75;48.033;1.4897;104.16;82.597;37.763;9.5471;1.5816;22.751;3.8187;14.785;0;1;0;0;1.9377;0.9668;1;1;0.8743;0.0645;0.9976;0.9997;1;0.9646;0.9318;0.998;0.998;1;0.998;0.998;0.9626;0.8417;0.06;2.609;2.5813;0.0155;-0.0018;0.4102;0.0151;0.0536;0.0036;0;0;0.088;1.907;0;0;0;0;0;0;0;0;0;0;0;0;0.0431;0.0155;2.0265;2.0265;0;69.83;69.83;44.529;0.0505;2225.9;910.44;1;0.0315;0.0315;0;0;0;0;0;0;1.995;1.907;0;14.607;16.915;13.746;15.917;98.445;98.445;22.002;17.09;16.082;4.9124;1.0078;0.2233;0.0458;0.7309;49.683;0.7176;0
04/12/21 17:00;16.139;106.22;47.611;16.772;27.642;90;27.642;240.39;140;100.4;24.1;3.71;0;243.49;98.127;87.141;0;2.881;431.64;0;431.64;243.49;87.141;98.127;2.881;0.5641;0.234;0;0.0067;425.32;6.3173;0;0;3.8208;2.4966;417.56;6.9079;2.7546;0.9858;3.0941;0.0734;424.47;0.8506;0.487;0.1743;0.1886;0.0008;417.95;240.25;85.981;91.024;0.3103;64.336;51.018;20.868;1.1183;0.826;11.882;0.3863;11.59;0;1;0;0;1.7956;0.9854;1;1;0.9611;0.1334;0.9837;0.9887;1;0.9671;0.8087;0.998;0.998;1;0.998;0.998;0.9674;0.9276;0.1077;1.2284;1.2196;0.0073;0.0091;0.086;0.0078;0.0277;0.0021;0;0;0.088;0.949;0;0;0;0;0;0;0;0;0;0;0;0;0.0223;0.0038;1.0533;1.0533;0;44.791;44.791;20.692;0.0496;1050.7;1002.5;1;0.0163;0.0163;0;0;0;0;0;0;1.037;0.949;0;16.126;18.673;14.529;16.824;98.452;98.452;10.359;8.883;8.0033;1.4763;0.8797;0.1425;0.0849;0.7726;63.668;0.757;0
04/12/21 18:00;5.19;113.7;77.327;5.665;8.1864;90;8.1864;35.299;34.703;0.5956;22.33;3.24;0;1.4445;34.365;0.3938;0;0.0378;36.241;0;36.241;1.4445;0.3938;34.365;0.0378;0.0399;0.9493;0;0.001;36.031;0.2099;0;0;0.1785;0.0314;34.089;1.8703;0.3439;0.0938;1.4312;0.0014;35.959;0.0721;0.0029;0.0008;0.0684;0;34.094;1.0976;0.2992;32.687;0.0049;20.52;16.272;6.4741;0.0045;0.2524;3.6305;0.0052;3.8784;0;1;0;0;1.0267;0.9942;1;1;0.9948;0.1676;0.948;0.7614;1;0.9581;0.7753;0.998;0.998;1;0.998;0.998;0.9406;0.9512;0.1297;0.1031;0.1048;0.0006;0.0113;-0.0004;0.0007;0.0023;0.0006;0;0;0.088;-0.0044;0;0;0;0;0;0;0;0;0;0;0;0;0.0019;0.0001;0.0877;0.0877;0;24.031;24.031;1.7011;0.0499;88.036;996.13;1;0.0041;0.0041;0;0;0;0;0;0;0.0836;-0.0044;0;15.99;18.516;-0.7941;-0.9196;95.382;95.382;0.8698;0.7395;-0.0367;0.1302;0.7763;0.1497;0.8925;0;20.516;0;0
04/12/21 19:00;0;0;90;0;0;90;0;0;0;0;19.94;3.4299;0;0;0;0;0;0;0;0;0;0;0;0;0;1;1;1;1;0;0;0;0;0;0;0;0;0;0;0;0;0;0;0;0;0;0;0;0;0;0;0;0;0;0;0;0;0;0;0;0;0;0;0;1;1;1;1;1;1;1;1;1;1;1;1;1;1;1;1;1;1;1;0;0;0;0;0;0;0;0;0;0.0004;0.088;-0.0884;0;0;0;0;0;0;0;0;0;0;0;0;0;0;0;0;0;0;0;-19.94;0;0;0;0;0.0004;0;0;0;0;0;0;0;-0.0004;-0.0884;0;0;0;0;0;0;0;0;0;-0.7452;0;0.7452;1;1;0;0;0;0
04/12/21 20:00;0;0;90;0;0;90;0;0;0;0;18.18;3.53;0;0;0;0;0;0;0;0;0;0;0;0;0;1;1;1;1;0;0;0;0;0;0;0;0;0;0;0;0;0;0;0;0;0;0;0;0;0;0;0;0;0;0;0;0;0;0;0;0;0;0;0;1;1;1;1;1;1;1;1;1;1;1;1;1;1;1;1;1;1;1;0;0;0;0;0;0;0;0;0;0.0004;0.088;-0.0884;0;0;0;0;0;0;0;0;0;0;0;0;0;0;0;0;0;0;0;-18.18;0;0;0;0;0.0004;0;0;0;0;0;0;0;-0.0004;-0.0884;0;0;0;0;0;0;0;0;0;-0.7452;0;0.7452;1;1;0;0;0;0
04/12/21 21:00;0;0;90;0;0;90;0;0;0;0;15.72;3.06;0;0;0;0;0;0;0;0;0;0;0;0;0;1;1;1;1;0;0;0;0;0;0;0;0;0;0;0;0;0;0;0;0;0;0;0;0;0;0;0;0;0;0;0;0;0;0;0;0;0;0;0;1;1;1;1;1;1;1;1;1;1;1;1;1;1;1;1;1;1;1;0;0;0;0;0;0;0;0;0;0.0004;0.088;-0.0884;0;0;0;0;0;0;0;0;0;0;0;0;0;0;0;0;0;0;0;-15.72;0;0;0;0;0.0004;0;0;0;0;0;0;0;-0.0004;-0.0884;0;0;0;0;0;0;0;0;0;-0.7452;0;0.7452;1;1;0;0;0;0
04/12/21 22:00;0;0;90;0;0;90;0;0;0;0;13.86;2.35;0;0;0;0;0;0;0;0;0;0;0;0;0;1;1;1;1;0;0;0;0;0;0;0;0;0;0;0;0;0;0;0;0;0;0;0;0;0;0;0;0;0;0;0;0;0;0;0;0;0;0;0;1;1;1;1;1;1;1;1;1;1;1;1;1;1;1;1;1;1;1;0;0;0;0;0;0;0;0;0;0.0004;0.088;-0.0884;0;0;0;0;0;0;0;0;0;0;0;0;0;0;0;0;0;0;0;-13.86;0;0;0;0;0.0004;0;0;0;0;0;0;0;-0.0004;-0.0884;0;0;0;0;0;0;0;0;0;-0.7452;0;0.7452;1;1;0;0;0;0
04/12/21 23:00;0;0;90;0;0;90;0;0;0;0;12;2.98;0;0;0;0;0;0;0;0;0;0;0;0;0;1;1;1;1;0;0;0;0;0;0;0;0;0;0;0;0;0;0;0;0;0;0;0;0;0;0;0;0;0;0;0;0;0;0;0;0;0;0;0;1;1;1;1;1;1;1;1;1;1;1;1;1;1;1;1;1;1;1;0;0;0;0;0;0;0;0;0;0.0004;0.088;-0.0884;0;0;0;0;0;0;0;0;0;0;0;0;0;0;0;0;0;0;0;-12;0;0;0;0;0.0004;0;0;0;0;0;0;0;-0.0004;-0.0884;0;0;0;0;0;0;0;0;0;-0.7452;0;0.7452;1;1;0;0;0;0
05/12/21 00:00;0;0;90;0;0;90;0;0;0;0;12.8;4.5201;0;0;0;0;0;0;0;0;0;0;0;0;0;1;1;1;1;0;0;0;0;0;0;0;0;0;0;0;0;0;0;0;0;0;0;0;0;0;0;0;0;0;0;0;0;0;0;0;0;0;0;0;1;1;1;1;1;1;1;1;1;1;1;1;1;1;1;1;1;1;1;0;0;0;0;0;0;0;0;0;0.0004;0.088;-0.0884;0;0;0;0;0;0;0;0;0;0;0;0;0;0;0;0;0;0;0;-12.8;0;0;0;0;0.0004;0;0;0;0;0;0;0;-0.0004;-0.0884;0;0;0;0;0;0;0;0;0;-0.7452;0;0.7452;1;1;0;0;0;0
05/12/21 01:00;0;0;90;0;0;90;0;0;0;0;14.71;5.2;0;0;0;0;0;0;0;0;0;0;0;0;0;1;1;1;1;0;0;0;0;0;0;0;0;0;0;0;0;0;0;0;0;0;0;0;0;0;0;0;0;0;0;0;0;0;0;0;0;0;0;0;1;1;1;1;1;1;1;1;1;1;1;1;1;1;1;1;1;1;1;0;0;0;0;0;0;0;0;0;0.0004;0.088;-0.0884;0;0;0;0;0;0;0;0;0;0;0;0;0;0;0;0;0;0;0;-14.71;0;0;0;0;0.0004;0;0;0;0;0;0;0;-0.0004;-0.0884;0;0;0;0;0;0;0;0;0;-0.7452;0;0.7452;1;1;0;0;0;0
05/12/21 02:00;0;0;90;0;0;90;0;0;0;0;14.49;5.0901;0;0;0;0;0;0;0;0;0;0;0;0;0;1;1;1;1;0;0;0;0;0;0;0;0;0;0;0;0;0;0;0;0;0;0;0;0;0;0;0;0;0;0;0;0;0;0;0;0;0;0;0;1;1;1;1;1;1;1;1;1;1;1;1;1;1;1;1;1;1;1;0;0;0;0;0;0;0;0;0;0.0004;0.088;-0.0884;0;0;0;0;0;0;0;0;0;0;0;0;0;0;0;0;0;0;0;-14.49;0;0;0;0;0.0004;0;0;0;0;0;0;0;-0.0004;-0.0884;0;0;0;0;0;0;0;0;0;-0.7452;0;0.7452;1;1;0;0;0;0
05/12/21 03:00;0;0;90;0;0;90;0;0;0;0;13.8;4.7799;0;0;0;0;0;0;0;0;0;0;0;0;0;1;1;1;1;0;0;0;0;0;0;0;0;0;0;0;0;0;0;0;0;0;0;0;0;0;0;0;0;0;0;0;0;0;0;0;0;0;0;0;1;1;1;1;1;1;1;1;1;1;1;1;1;1;1;1;1;1;1;0;0;0;0;0;0;0;0;0;0.0004;0.088;-0.0884;0;0;0;0;0;0;0;0;0;0;0;0;0;0;0;0;0;0;0;-13.8;0;0;0;0;0.0004;0;0;0;0;0;0;0;-0.0004;-0.0884;0;0;0;0;0;0;0;0;0;-0.7452;0;0.7452;1;1;0;0;0;0
05/12/21 04:00;1.8285;-116.37;85.562;2.0408;2.9139;-90;-2.9139;0.5079;0.4988;0.0091;13.38;4.9301;0;0;0.4985;0;0;0.0001;0.4986;0.4986;0;0;0;0;0;1;1;1;1;0;0;0;0;0;0;0;0;0;0;0;0;0;0;0;0;0;0;0;0;0;0;0;0;0;0;0;0;0;0;0;0;0;0;0;0;1;1;1;1;1;1;1;1;1;1;1;1;1;0;0;1;0;0;0;0;0;0;0;0;0;0;0;0.0004;0.088;-0.0884;0;0;0;0;0;0;0;0;0;0;0;0;0;0;0;0;0;0;0;-13.38;0;0;0;0;0.0004;0;0;0;0;0;0;0;-0.0004;-0.0884;0;0;0;0;0;0;0;0;0;-0.7452;0;0.7452;1;1;0;0;0;0
05/12/21 05:00;9.128;-111.06;67.372;9.7694;14.532;-90;-14.532;126;21.699;104.3;14.96;6.8499;0;252.96;11.379;24.58;0;0.4232;289.34;0;289.34;252.96;24.58;11.379;0.4232;0.8743;0.0408;0;0.0015;288.83;0.5051;0;0;0.1537;0.3515;265.41;22.846;20.42;1.9843;0.4256;0.016;288.26;0.5777;0.5059;0.0492;0.0224;0.0001;265.42;232.03;22.547;10.777;0.0556;7.4737;5.9266;2.4821;0.0132;0.0846;1.2171;0.0083;1.2884;0;1;0;0;2.2964;0.9983;1;1;0.9865;0.1696;0.9207;0.9191;1;0.962;0.776;0.998;0.998;1;0.998;0.998;0.9173;0.9471;0.1313;0.8234;0.7618;0.0046;0.0152;0.0081;0.0051;0.0182;0.0002;0;0;0.088;0.5942;0;0;0;0;0;0;0;0;0;0;0;0;0.0147;0.0017;0.694;0.694;0;27.967;27.967;13.007;0.049;653.26;1062.4;1;0.0119;0.0119;0;0;0;0;0;0;0.6822;0.5942;0;15.851;18.355;13.569;15.713;98.287;98.287;6.9441;5.853;5.0106;1.0911;0.8424;0.1571;0.1213;0.7216;6.913;0.7193;0
05/12/21 06:00;20.839;-103.37;30.369;21.368;40.721;-90;-40.721;344.2;57.4;286.8;17.04;7.99;0;695.57;21.555;79.732;0;8.7498;805.61;0;805.61;695.57;79.732;21.555;8.7498;0.8634;0.0376;0;0.0109;796.07;9.5374;0;0;1.5369;8.0005;792.8;1.6802;0.8693;0.0997;0.6475;0.0637;794.48;1.5921;1.3911;0.1595;0.04;0.0015;793.09;693.31;79.473;19.331;0.6841;17.015;13.493;5.6421;0.9356;0.252;3.6254;0.288;2.9418;0;1;0;0;2.3405;0.9882;1;1;0.9287;0.0856;0.9979;0.9987;1;0.9676;0.9148;0.998;0.998;1;0.998;0.998;0.9841;0.8968;0.0782;2.2927;2.2764;0.0137;-0.0018;0.2538;0.0141;0.0499;0.0006;0;0;0.088;1.7756;0;0;0;0;0;0;0;0;0;0;0;0;0.0402;0.0122;1.8936;1.8936;0;56.615;56.615;39.576;0.0499;1966.2;963.1;1;0.0301;0.0301;0;0;0;0;0;0;1.8636;1.7756;0;15.532;17.986;14.564;16.865;98.413;98.413;19.335;15.969;14.973;3.3656;0.9956;0.1741;0.0515;0.7744;15.448;0.7718;0
05/12/21 07:00;32.927;-95.744;4.8193;33.059;56.941;-90;-56.941;568.5;93.899;474.6;18.65;7.5601;0;870.03;27.552;106.77;0;27.13;1031.5;0;1031.5;870.03;106.77;27.552;27.13;0.8435;0.053;0;0.0263;1003;28.482;0;0;3.1996;25.283;999.9;1.0934;0.1445;0.0177;0.8398;0.0914;1001;2.006;1.7401;0.2135;0.0487;0.0037;1004.6;868.14;106.54;23.464;1.7526;155.22;123.09;51.797;3.8298;1.9721;28.368;4.6897;26.511;0;1;0;0;1.8144;0.9724;1;1;0.8839;0.0681;0.9989;0.9998;1;0.9654;0.9504;0.998;0.998;1;0.998;0.998;0.9694;0.8516;0.0646;2.9355;2.931;0.0177;0.0008;0.4561;0.0172;0.061;0.0045;0;0;0.088;2.1792;0;0;0;0;0;0;0;0;0;0;0;0;0.0491;0.0197;2.305;2.305;0;69.075;69.075;50.425;0.0504;2528.1;911.73;1;0.0378;0.0378;0;0;0;0;0;0;2.2672;2.1792;0;14.766;17.099;13.96;16.166;98.36;98.36;24.756;19.438;18.377;5.3176;1.0609;0.2148;0.0429;0.7423;23.16;0.7274;0
05/12/21 08:00;45.178;-87.349;1.8681;45.209;44.791;-90;-44.791;769.7;127;642.7;20.37;6.79;0;905.62;38.679;115.2;0;23.463;1083;0;1083;905.62;115.2;38.679;23.463;0.8362;0.0574;0;0.0217;1058.1;24.814;0;0;3.1701;21.644;1054.7;1.3327;0.0583;0.0074;1.1557;0.1113;1056;2.1163;1.8112;0.2304;0.071;0.0036;1060.5;903.75;114.96;34.282;1.7042;334.34;265.13;110.86;2.3302;3.9098;56.241;5.8441;57.821;0;1;0;0;1.407;0.9771;1;1;0.918;0.0775;0.9987;0.9999;1;0.9674;0.9387;0.998;0.998;1;0.998;0.998;0.9739;0.8863;0.0726;3.082;3.1469;0.019;0.0039;0.5423;0.0181;0.0641;0.0088;0;0;0.088;2.2887;0;0;0;0;0;0;0;0;0;0;0;0;0.0516;0.0226;2.4166;2.4166;0;73.767;73.767;53.397;0.0506;2713;890.74;1;0.0399;0.0399;0;0;0;0;0;0;2.3767;2.2887;0;14.746;17.075;13.965;16.171;98.348;98.348;25.991;20.38;19.301;5.6114;1.0788;0.2159;0.0415;0.7426;28.732;0.7148;0
05/12/21 09:00;57.317;-76.536;7.2228;58.038;31.962;-90;-31.962;935.1;154.3;780.8;21.52;6.09;0;920.32;48.619;119.86;0;14.885;1103.7;0;1103.7;920.32;119.86;48.619;14.885;0.8339;0.0575;0;0.0135;1088.2;15.486;0;0;2.3779;13.108;1084;2.043;0.2291;0.0298;1.4969;0.2871;1086;2.1764;1.8406;0.2397;0.0925;0.0036;1087.9;918.26;119.59;44.652;1.486;488.19;387.14;167.8;0.9201;5.1623;74.258;3.962;78.5;0;1;0;0;1.1803;0.986;1;1;0.9511;0.1194;0.9981;0.9998;1;0.9676;0.8381;0.998;0.998;1;0.998;0.998;0.9821;0.9184;0.0998;3.141;3.2614;0.0196;0.0061;0.5942;0.0185;0.0656;0.0114;0;0;0.088;2.3402;0;0;0;0;0;0;0;0;0;0;0;0;0.0528;0.0242;2.469;2.469;0;76.527;76.527;55.007;0.0507;2809.6;878.79;1;0.0409;0.0409;0;0;0;0;0;0;2.4282;2.3402;0;14.783;17.118;14.011;16.225;98.345;98.345;26.489;20.822;19.735;5.6668;1.0866;0.2139;0.041;0.745;32.492;0.7093;0
05/12/21 10:00;68.69;-58.658;10.896;71.574;18.426;-90;-18.426;1077.2;177.7;899.5;22.94;5.61;0;948.1;54.38;128.48;0;5.7984;1136.8;0;1136.8;948.1;128.48;54.38;5.7984;0.834;0.0529;0;0.0051;1130.8;5.9243;0;0;1.0952;4.8291;1126.1;2.5064;0.3561;0.0483;1.8877;0.2144;1128.6;2.2617;1.8962;0.257;0.1066;0.0019;1127.5;945.85;128.17;51.29;0.753;613.21;486.27;202.77;0.147;6.9386;99.81;1.3971;106.6;0;1;0;0;1.0553;0.9948;1;1;0.9799;0.1672;0.9978;0.9996;1;0.9645;0.7784;0.998;0.998;1;0.998;0.998;0.9906;0.9432;0.1299;3.2351;3.4257;0.0206;0.0097;0.6699;0.0191;0.0677;0.0151;0;0;0.088;2.4051;0;0;0;0;0;0;0;0;0;0;0;0;0.0545;0.0265;2.5426;2.5354;0;80.262;80.262;57.322;0.0509;2897.6;875;1;0.0495;0.0423;0;0.0072;0;0;0;0;2.4931;2.4051;0;14.739;17.067;13.981;16.19;98.054;98.332;27.282;21.382;20.283;5.9005;1.0988;0.2163;0.0403;0.7434;33.546;0.6976;0
05/12/21 11:00;76.672;-18.84;12.602;85.625;4.375;-90;-4.375;970.91;219.8;751.11;23.57;5.3499;0;753.3;99.121;120.89;0;0.2971;973.61;0;973.61;753.3;120.89;99.121;0.2971;0.7737;0.1021;0;0.0003;973.17;0.4356;0;0;0.1882;0.2475;966.5;4.7277;0.3272;0.0525;4.3369;0.011;971.23;1.9463;1.5066;0.2418;0.1979;0.0001;966.52;751.47;120.59;94.398;0.0385;571.78;453.42;189.06;0.0001;6.4612;92.941;0.0198;99.402;0;1;0;0;1.0028;0.9996;1;1;0.9981;0.1669;0.9951;0.9996;1;0.9561;0.7771;0.998;0.998;1;0.998;0.998;0.9927;0.9524;0.1295;2.7708;2.9514;0.0178;0.001;0.4954;0.0171;0.0605;0.0146;0;0;0.088;2.1517;0;0;0;0;0;0;0;0;0;0;0;0;0.0487;0.0199;2.2765;2.2765;0;72.444;72.444;48.874;0.0506;2541.2;895.82;1;0.0368;0.0368;0;0;0;0;0;0;2.2397;2.1517;0;15.451;17.891;14.604;16.911;98.385;98.385;23.367;19.198;18.146;4.1689;1.0521;0.1784;0.045;0.7766;58.821;0.7248;0
05/12/21 12:00;74.397;38.26;12.193;80.189;9.8112;90;9.8112;630.6;463.5;167.1;23.87;5.28;0;169.58;403.4;57.976;0;0.9684;631.92;0;631.92;169.58;57.976;403.4;0.9684;0.2683;0.6399;0;0.0015;628.29;3.6334;0;0;2.8276;0.8058;610.51;16.518;0.0713;0.0244;16.386;0.0365;627.03;1.2566;0.3392;0.116;0.8011;0.0003;610.68;169.16;57.835;383.39;0.1257;372.56;295.44;120.43;0.1088;4.3965;63.242;0.1673;67.529;0;1;0;0;1.0021;0.9943;1;1;0.993;0.1679;0.9737;0.9996;1;0.959;0.7749;0.998;0.998;1;0.998;0.998;0.9661;0.9504;0.1298;1.7984;1.8739;0.0113;0.0008;0.1943;0.0117;0.0414;0.0107;0;0;0.088;1.45;0;0;0;0;0;0;0;0;0;0;0;0;0.0333;0.0084;1.5619;1.5619;0;54.308;54.308;30.438;0.0499;1612;968.94;1;0.0239;0.0239;0;0;0;0;0;0;1.538;1.45;0;16.333;18.913;15.163;17.558;98.47;98.47;15.166;13.172;12.228;1.9943;0.9436;0.1315;0.0622;0.8063;241.7;0.7501;0
05/12/21 13:00;64.496;66.953;9.7045;66.299;23.701;90;23.701;999.8;168.8;831;23.98;5.37;0;907.55;55.923;120.58;0;8.8544;1092.9;0;1092.9;907.55;120.58;55.923;8.8544;0.8304;0.0593;0;0.0081;1083.7;9.2349;0;0;1.7017;7.5332;1079.1;2.437;0.3036;0.0403;1.8172;0.2759;1081.5;2.1673;1.8151;0.2412;0.1084;0.0026;1081.3;905.43;120.3;52.296;1.0427;555;440.11;184.66;0.3721;6.2215;89.494;2.2478;95.344;0;1;0;0;1.0931;0.9916;1;1;0.9696;0.1492;0.9977;0.9997;1;0.9664;0.7908;0.998;0.998;1;0.998;0.998;0.9873;0.9351;0.1178;3.1103;3.273;0.0197;0.0063;0.6239;0.0184;0.0651;0.0136;0;0;0.088;2.3209;0;0;0;0;0;0;0;0;0;0;0;0;0.0525;0.0243;2.4492;2.4492;0;78.841;78.841;54.861;0.0508;2795.5;875;1;0.0403;0.0403;0;0;0;0;0;0;2.4089;2.3209;0;14.808;17.148;14.033;16.249;98.355;98.355;26.23;20.654;19.572;5.5755;1.0819;0.2126;0.0412;0.7462;35.429;0.7031;0
05/12/21 14:00;52.694;81.156;5.3467;53.024;36.976;90;36.976;775.09;228.4;546.69;24.34;5.55;0;684.32;105.12;139.6;0;16.368;945.41;0;945.41;684.32;139.6;105.12;16.368;0.7238;0.1285;0;0.0173;924.1;21.311;0;0;6.4852;14.825;918.73;3.5204;0.1261;0.0257;3.1788;0.1897;922.25;1.8482;1.3686;0.2792;0.1973;0.0031;923.38;682.82;139.3;95.262;1.3494;393.18;311.79;133;3.2739;4.4611;64.172;4.6507;65.359;0;1;0;0;1.2197;0.9775;1;1;0.9383;0.0942;0.9962;0.9998;1;0.9677;0.8767;0.998;0.998;1;0.998;0.998;0.9718;0.9062;0.0824;2.6906;2.7704;0.0167;-0.0008;0.4485;0.0161;0.0572;0.0101;0;0;0.088;2.0365;0;0;0;0;0;0;0;0;0;0;0;0;0.0461;0.0177;2.1587;2.1587;0;70.732;70.732;46.393;0.0505;2386.5;904.55;1;0.0342;0.0342;0;0;0;0;0;0;2.1245;2.0365;0;15.088;17.472;14.234;16.483;98.417;98.417;22.69;18.204;17.174;4.4856;1.0302;0.1977;0.0454;0.7569;73.015;0.7203;0
05/12/21 15:00;40.468;90.739;0.5623;40.47;49.53;90;49.53;757.81;124.8;633.01;23.57;5.63;0;975.28;31.6;133.23;0;27.925;1168;0;1168;975.28;133.23;31.6;27.925;0.835;0.051;0;0.0239;1139;29.079;0;0;3.0079;26.071;1135.6;1.0493;0.0189;0.0026;0.945;0.0828;1136.7;2.2779;1.9506;0.2665;0.0572;0.0037;1142;973.31;132.96;27.59;1.7674;289.21;229.35;93.386;2.6961;3.5893;51.631;6.3345;52.524;0;1;0;0;1.5413;0.9751;1;1;0.9048;0.0664;0.9991;1;1;0.9669;0.9552;0.998;0.998;1;0.998;0.998;0.9723;0.8731;0.0633;3.3241;3.3707;0.0203;0.0084;0.674;0.0187;0.0662;0.0078;0;0;0.088;2.3579;0;0;0;0;0;0;0;0;0;0;0;0;0.0534;0.0257;2.4962;2.4871;0;81.435;81.435;57.865;0.051;2842.4;875;1;0.0503;0.0412;0;0.0091;0;0;0;0;2.4459;2.3579;0;14.071;16.293;13.34;15.447;97.986;98.344;28.033;20.974;19.885;7.0585;1.0893;0.2518;0.0389;0.7093;24.556;0.6866;0
05/12/21 16:00;28.253;98.711;7.805;28.531;60;90;60;464.49;159.9;304.59;23.14;5.6501;0;637.5;65.103;152.99;0;24.386;879.98;0;879.98;637.5;152.99;65.103;24.386;0.7245;0.1017;0;0.0277;848.98;30.998;0;0;8.1846;22.813;844.95;2.3296;0.1715;0.0412;2.0099;0.107;847.28;1.698;1.275;0.306;0.1138;0.0031;849.15;636.05;152.64;54.794;1.4626;110.03;87.251;39.137;10.89;1.7721;25.49;4.1957;16.372;0;1;0;0;1.8945;0.9648;1;1;0.8743;0.0645;0.9973;0.9997;1;0.9646;0.9318;0.998;0.998;1;0.998;0.998;0.9602;0.8417;0.06;2.5043;2.4805;0.0149;-0.002;0.3567;0.0148;0.0524;0.0041;0;0;0.088;1.864;0;0;0;0;0;0;0;0;0;0;0;0;0.0422;0.0144;1.9831;1.9831;0;65.63;65.63;42.49;0.0503;2140.2;926.57;1;0.031;0.031;0;0;0;0;0;0;1.952;1.864;0;14.891;17.244;13.997;16.209;98.436;98.436;21.119;16.723;15.72;4.3961;1.0037;0.2082;0.0475;0.7443;56.676;0.7285;0
05/12/21 17:00;16.285;106.29;47.15;16.927;27.994;90;27.994;241.9;141.3;100.6;22.06;5.6699;0;243.97;99.128;87.341;0;2.9719;433.42;0;433.42;243.97;87.341;99.128;2.9719;0.5629;0.2356;0;0.0069;426.9;6.5183;0;0;3.9386;2.5796;419.19;6.8517;2.6945;0.9646;3.1184;0.0742;426.04;0.8538;0.4879;0.1747;0.1904;0.0008;419.58;240.79;86.201;91.881;0.3173;65.133;51.651;21.664;1.1807;0.8045;11.572;0.386;11.196;0;1;0;0;1.7917;0.985;1;1;0.9603;0.132;0.9839;0.9889;1;0.9672;0.8105;0.998;0.998;1;0.998;0.998;0.9672;0.9269;0.1068;1.2335;1.2236;0.0074;0.009;0.0775;0.0079;0.028;0.002;0;0;0.088;0.9607;0;0;0;0;0;0;0;0;0;0;0;0;0.0226;0.0039;1.0653;1.0653;0;42.798;42.798;20.738;0.0495;1054;1010.7;1;0.0166;0.0166;0;0;0;0;0;0;1.0487;0.9607;0;16.242;18.808;14.647;16.961;98.441;98.441;10.402;8.9838;8.1017;1.4182;0.8821;0.1363;0.0848;0.7789;64.464;0.7636;0
05/12/21 18:00;5.1522;113.89;77.421;5.6318;8.1371;90;8.1371;35.299;34.703;0.5956;19.92;6.0401;0;1.4445;34.366;0.3966;0;0.0373;36.244;0;36.244;1.4445;0.3966;34.366;0.0373;0.0399;0.9492;0;0.001;36.037;0.2078;0;0;0.1767;0.0311;34.088;1.8765;0.3475;0.0954;1.4322;0.0014;35.965;0.0721;0.0029;0.0008;0.0684;0;34.093;1.0941;0.3004;32.689;0.0048;20.519;16.271;6.4733;0.0044;0.2524;3.6304;0.0051;3.8784;0;1;0;0;1.0268;0.9943;1;1;0.9949;0.1676;0.9478;0.759;1;0.958;0.7753;0.998;0.998;1;0.998;0.998;0.9405;0.9512;0.1297;0.1031;0.1048;0.0006;0.0113;-0.0013;0.0007;0.0023;0.0006;0;0;0.088;-0.0036;0;0;0;0;0;0;0;0;0;0;0;0;0.0019;0.0001;0.0886;0.0886;0;21.617;21.617;1.6976;0.0498;88;1006.5;1;0.0041;0.0041;0;0;0;0;0;0;0.0844;-0.0036;0;16.148;18.699;-0.6502;-0.7529;95.33;95.33;0.8699;0.7469;-0.0301;0.1229;0.777;0.1413;0.8932;0;20.515;0;0
05/12/21 19:00;0;0;90;0;0;90;0;0;0;0;17.56;7.22;0;0;0;0;0;0;0;0;0;0;0;0;0;1;1;1;1;0;0;0;0;0;0;0;0;0;0;0;0;0;0;0;0;0;0;0;0;0;0;0;0;0;0;0;0;0;0;0;0;0;0;0;1;1;1;1;1;1;1;1;1;1;1;1;1;1;1;1;1;1;1;0;0;0;0;0;0;0;0;0;0.0004;0.088;-0.0884;0;0;0;0;0;0;0;0;0;0;0;0;0;0;0;0;0;0;0;-17.56;0;0;0;0;0.0004;0;0;0;0;0;0;0;-0.0004;-0.0884;0;0;0;0;0;0;0;0;0;-0.7452;0;0.7452;1;1;0;0;0;0
05/12/21 20:00;0;0;90;0;0;90;0;0;0;0;16.12;7.7299;0;0;0;0;0;0;0;0;0;0;0;0;0;1;1;1;1;0;0;0;0;0;0;0;0;0;0;0;0;0;0;0;0;0;0;0;0;0;0;0;0;0;0;0;0;0;0;0;0;0;0;0;1;1;1;1;1;1;1;1;1;1;1;1;1;1;1;1;1;1;1;0;0;0;0;0;0;0;0;0;0.0004;0.088;-0.0884;0;0;0;0;0;0;0;0;0;0;0;0;0;0;0;0;0;0;0;-16.12;0;0;0;0;0.0004;0;0;0;0;0;0;0;-0.0004;-0.0884;0;0;0;0;0;0;0;0;0;-0.7452;0;0.7452;1;1;0;0;0;0
05/12/21 21:00;0;0;90;0;0;90;0;0;0;0;15.2;8.07;0;0;0;0;0;0;0;0;0;0;0;0;0;1;1;1;1;0;0;0;0;0;0;0;0;0;0;0;0;0;0;0;0;0;0;0;0;0;0;0;0;0;0;0;0;0;0;0;0;0;0;0;1;1;1;1;1;1;1;1;1;1;1;1;1;1;1;1;1;1;1;0;0;0;0;0;0;0;0;0;0.0004;0.088;-0.0884;0;0;0;0;0;0;0;0;0;0;0;0;0;0;0;0;0;0;0;-15.2;0;0;0;0;0.0004;0;0;0;0;0;0;0;-0.0004;-0.0884;0;0;0;0;0;0;0;0;0;-0.7452;0;0.7452;1;1;0;0;0;0
05/12/21 22:00;0;0;90;0;0;90;0;0;0;0;14.43;8.1201;0;0;0;0;0;0;0;0;0;0;0;0;0;1;1;1;1;0;0;0;0;0;0;0;0;0;0;0;0;0;0;0;0;0;0;0;0;0;0;0;0;0;0;0;0;0;0;0;0;0;0;0;1;1;1;1;1;1;1;1;1;1;1;1;1;1;1;1;1;1;1;0;0;0;0;0;0;0;0;0;0.0004;0.088;-0.0884;0;0;0;0;0;0;0;0;0;0;0;0;0;0;0;0;0;0;0;-14.43;0;0;0;0;0.0004;0;0;0;0;0;0;0;-0.0004;-0.0884;0;0;0;0;0;0;0;0;0;-0.7452;0;0.7452;1;1;0;0;0;0
05/12/21 23:00;0;0;90;0;0;90;0;0;0;0;14.1;7.1799;0;0;0;0;0;0;0;0;0;0;0;0;0;1;1;1;1;0;0;0;0;0;0;0;0;0;0;0;0;0;0;0;0;0;0;0;0;0;0;0;0;0;0;0;0;0;0;0;0;0;0;0;1;1;1;1;1;1;1;1;1;1;1;1;1;1;1;1;1;1;1;0;0;0;0;0;0;0;0;0;0.0004;0.088;-0.0884;0;0;0;0;0;0;0;0;0;0;0;0;0;0;0;0;0;0;0;-14.1;0;0;0;0;0.0004;0;0;0;0;0;0;0;-0.0004;-0.0884;0;0;0;0;0;0;0;0;0;-0.7452;0;0.7452;1;1;0;0;0;0
06/12/21 00:00;0;0;90;0;0;90;0;0;0;0;14.06;7.6499;0;0;0;0;0;0;0;0;0;0;0;0;0;1;1;1;1;0;0;0;0;0;0;0;0;0;0;0;0;0;0;0;0;0;0;0;0;0;0;0;0;0;0;0;0;0;0;0;0;0;0;0;1;1;1;1;1;1;1;1;1;1;1;1;1;1;1;1;1;1;1;0;0;0;0;0;0;0;0;0;0.0004;0.088;-0.0884;0;0;0;0;0;0;0;0;0;0;0;0;0;0;0;0;0;0;0;-14.06;0;0;0;0;0.0004;0;0;0;0;0;0;0;-0.0004;-0.0884;0;0;0;0;0;0;0;0;0;-0.7452;0;0.7452;1;1;0;0;0;0
06/12/21 01:00;0;0;90;0;0;90;0;0;0;0;13.8;7.3101;0;0;0;0;0;0;0;0;0;0;0;0;0;1;1;1;1;0;0;0;0;0;0;0;0;0;0;0;0;0;0;0;0;0;0;0;0;0;0;0;0;0;0;0;0;0;0;0;0;0;0;0;1;1;1;1;1;1;1;1;1;1;1;1;1;1;1;1;1;1;1;0;0;0;0;0;0;0;0;0;0.0004;0.088;-0.0884;0;0;0;0;0;0;0;0;0;0;0;0;0;0;0;0;0;0;0;-13.8;0;0;0;0;0.0004;0;0;0;0;0;0;0;-0.0004;-0.0884;0;0;0;0;0;0;0;0;0;-0.7452;0;0.7452;1;1;0;0;0;0
06/12/21 02:00;0;0;90;0;0;90;0;0;0;0;13.31;7.0899;0;0;0;0;0;0;0;0;0;0;0;0;0;1;1;1;1;0;0;0;0;0;0;0;0;0;0;0;0;0;0;0;0;0;0;0;0;0;0;0;0;0;0;0;0;0;0;0;0;0;0;0;1;1;1;1;1;1;1;1;1;1;1;1;1;1;1;1;1;1;1;0;0;0;0;0;0;0;0;0;0.0004;0.088;-0.0884;0;0;0;0;0;0;0;0;0;0;0;0;0;0;0;0;0;0;0;-13.31;0;0;0;0;0.0004;0;0;0;0;0;0;0;-0.0004;-0.0884;0;0;0;0;0;0;0;0;0;-0.7452;0;0.7452;1;1;0;0;0;0
06/12/21 03:00;0;0;90;0;0;90;0;0;0;0;13.09;6.89;0;0;0;0;0;0;0;0;0;0;0;0;0;1;1;1;1;0;0;0;0;0;0;0;0;0;0;0;0;0;0;0;0;0;0;0;0;0;0;0;0;0;0;0;0;0;0;0;0;0;0;0;1;1;1;1;1;1;1;1;1;1;1;1;1;1;1;1;1;1;1;0;0;0;0;0;0;0;0;0;0.0004;0.088;-0.0884;0;0;0;0;0;0;0;0;0;0;0;0;0;0;0;0;0;0;0;-13.09;0;0;0;0;0.0004;0;0;0;0;0;0;0;-0.0004;-0.0884;0;0;0;0;0;0;0;0;0;-0.7452;0;0.7452;1;1;0;0;0;0
06/12/21 04:00;1.8272;-116.53;85.565;2.042;2.9155;-90;-2.9155;0;0;0;13.09;6.98;0;0;0;0;0;0;0;0;0;0;0;0;0;1;1;1;1;0;0;0;0;0;0;0;0;0;0;0;0;0;0;0;0;0;0;0;0;0;0;0;0;0;0;0;0;0;0;0;0;0;0;0;1;1;1;1;1;1;1;1;1;1;1;1;1;1;1;1;1;1;1;0;0;0;0;0;0;0;0;0;0.0004;0.088;-0.0884;0;0;0;0;0;0;0;0;0;0;0;0;0;0;0;0;0;0;0;-13.09;0;0;0;0;0.0004;0;0;0;0;0;0;0;-0.0004;-0.0884;0;0;0;0;0;0;0;0;0;-0.7452;0;0.7452;1;1;0;0;0;0
06/12/21 05:00;9.1181;-111.22;67.398;9.7687;14.53;-90;-14.53;80.99;54.599;26.391;13.5;7.06;0;64.006;47.371;15.663;0;0.272;127.31;0;127.31;64.006;15.663;47.371;0.272;0.5027;0.3742;0;0.0021;126.45;0.8655;0;0;0.6396;0.2259;117.96;8.2322;5.1818;1.2681;1.772;0.0103;126.19;0.2529;0.128;0.0313;0.0935;0.0001;118;58.697;14.364;44.866;0.0357;28.941;22.95;9.2367;0.0548;0.3522;5.0665;0.0346;5.3639;0;1;0;0;1.5719;0.9932;1;1;0.9865;0.1696;0.9348;0.9189;1;0.962;0.776;0.998;0.998;1;0.998;0.998;0.9266;0.9471;0.1313;0.3623;0.3477;0.0021;0.0169;-0.0072;0.0024;0.0083;0.0009;0;0;0.088;0.2216;0;0;0;0;0;0;0;0;0;0;0;0;0.0067;0.0005;0.3171;0.3171;0;19.279;19.279;5.7793;0.049;296.81;1068.5;1;0.0075;0.0075;0;0;0;0;0;0;0.3096;0.2216;0;16.46;19.061;11.503;13.321;97.635;97.635;3.0555;2.6744;1.869;0.3811;0.8054;0.1247;0.2636;0.6117;28.78;0.594;0
06/12/21 06:00;20.819;-103.53;30.459;21.361;40.693;-90;-40.693;225.41;144;81.408;15.6;7.19;0;197.44;106;56.817;0;5.7227;365.98;0;365.98;197.44;56.817;106;5.7227;0.5395;0.3053;0;0.0156;353.19;12.782;0;0;7.5499;5.2322;348.93;3.557;0.257;0.074;3.1842;0.0418;352.49;0.7064;0.3949;0.1136;0.1969;0.001;350.04;196.79;56.629;95.067;0.4477;76.462;60.635;26.588;4.581;1.0769;15.491;1.1111;11.987;0;1;0;0;1.6236;0.9651;1;1;0.9288;0.0857;0.9899;0.9987;1;0.9676;0.9147;0.998;0.998;1;0.998;0.998;0.9534;0.8969;0.0782;1.0415;1.0325;0.0062;0.0117;0.0284;0.0069;0.0245;0.0028;0;0;0.088;0.8263;0;0;0;0;0;0;0;0;0;0;0;0;0.0197;0.0028;0.9294;0.9294;0;32.737;32.737;17.137;0.0491;886.75;1048.1;1;0.0151;0.0151;0;0;0;0;0;0;0.9143;0.8263;0;16.781;19.432;14.92;17.277;98.375;98.375;8.7834;7.8379;6.9684;0.9455;0.8695;0.1076;0.099;0.7934;75.949;0.769;0
06/12/21 07:00;32.901;-95.923;4.9706;33.041;56.959;-90;-56.959;403;207;196;17.26;6.8499;0;359.47;118.95;97.299;0;19.243;594.96;0;594.96;359.47;97.299;118.95;19.243;0.6042;0.2323;0;0.0323;563.21;31.752;0;0;13.819;17.933;558.31;3.7689;0.0616;0.0167;3.6257;0.0649;562.08;1.1264;0.7189;0.1946;0.2103;0.0026;563.23;358.69;97.088;101.29;1.243;161.64;128.18;57.572;16.528;2.6328;37.872;4.9191;23.977;0;1;0;0;1.4763;0.9466;1;1;0.8838;0.0681;0.9933;0.9998;1;0.9654;0.9504;0.998;0.998;1;0.998;0.998;0.9384;0.8516;0.0646;1.6932;1.6873;0.0102;0.0028;0.1183;0.0109;0.0386;0.0066;0;0;0.088;1.3512;0;0;0;0;0;0;0;0;0;0;0;0;0.0311;0.0069;1.4618;1.4618;0;44.889;44.889;27.629;0.0495;1451.2;1007.4;1;0.0227;0.0227;0;0;0;0;0;0;1.4392;1.3512;0;16.236;18.801;15.007;17.378;98.449;98.449;14.279;12.328;11.395;1.9511;0.9333;0.1366;0.0654;0.798;100.01;0.7617;0
06/12/21 08:00;45.151;-87.562;1.7192;45.177;44.823;-90;-44.823;478.4;313.2;165.2;18.82;6.34;0;232.91;223.37;73.081;0;14.603;543.97;0;543.97;232.91;73.081;223.37;14.603;0.4282;0.4375;0;0.0268;512.17;31.799;0;0;18.327;13.472;504.39;6.7611;0.0138;0.0043;6.6739;0.069;511.15;1.0243;0.4658;0.1462;0.4101;0.0023;508.96;232.43;72.931;197.96;1.0601;257.47;204.17;89.044;13.46;3.53;50.778;4.5774;40.849;0;1;0;0;1.1371;0.9415;1;1;0.918;0.0775;0.9868;0.9999;1;0.9674;0.9389;0.998;0.998;1;0.998;0.998;0.9272;0.8862;0.0726;1.5481;1.5579;0.0094;0.0044;0.1033;0.0101;0.0358;0.0089;0;0;0.088;1.2425;0;0;0;0;0;0;0;0;0;0;0;0;0.0288;0.006;1.3513;1.3513;0;43.768;43.768;24.948;0.0495;1338.8;1009.4;1;0.0208;0.0208;0;0;0;0;0;0;1.3305;1.2425;0;16.415;19.008;15.093;17.478;98.462;98.462;13.055;11.396;10.478;1.6597;0.9174;0.1271;0.0703;0.8026;165.98;0.7502;0
06/12/21 09:00;57.297;-76.816;7.0787;57.988;32.012;-90;-32.012;353.91;333.8;20.107;19;5.8299;0;23.713;303.19;6.6811;0;5.6506;339.23;0;339.23;23.713;6.6811;303.19;5.6506;0.0699;0.9104;0;0.0167;319.39;19.842;0;0;14.865;4.9773;309.3;9.4485;0.0058;0.0016;9.3325;0.1086;318.75;0.6388;0.0474;0.0134;0.5766;0.0013;311.08;23.659;6.6661;278.41;0.5634;216;171.28;72.728;5.7466;2.7293;39.26;1.773;36.243;0;1;0;0;0.9585;0.9415;1;1;0.951;0.1192;0.9704;0.9998;1;0.9676;0.8384;0.998;0.998;1;0.998;0.998;0.9118;0.9183;0.0997;0.9654;0.9686;0.0058;0.0126;0.0319;0.0064;0.0228;0.0071;0;0;0.088;0.7592;0;0;0;0;0;0;0;0;0;0;0;0;0.0184;0.0025;0.8612;0.8612;0;34.222;34.222;15.221;0.0492;829.89;1037.7;1;0.0139;0.0139;0;0;0;0;0;0;0.8472;0.7592;0;16.775;19.425;14.789;17.125;98.381;98.381;8.1416;7.2623;6.4026;0.8793;0.8597;0.108;0.1056;0.7864;202.69;0.7237;0
06/12/21 10:00;68.697;-59.076;10.76;71.505;18.495;-90;-18.495;459.9;412.7;47.203;20.71;5.7301;0;49.774;387.57;15.66;0;2.4942;455.5;0;455.5;49.774;15.66;387.57;2.4942;0.1093;0.8563;0;0.0055;445.57;9.9324;0;0;7.8549;2.0774;431.13;13.552;0.0185;0.0058;13.435;0.0922;444.68;0.8911;0.0995;0.0313;0.7594;0.0008;431.73;49.656;15.623;365.52;0.3238;274.37;217.57;88.351;1.0514;3.3227;47.796;0.603;50.067;0;1;0;0;0.9904;0.9782;1;1;0.9797;0.1671;0.9695;0.9996;1;0.9645;0.7784;0.998;0.998;1;0.998;0.998;0.9465;0.9431;0.1298;1.2963;1.3309;0.008;0.0075;0.0804;0.0086;0.0307;0.0084;0;0;0.088;1.0522;0;0;0;0;0;0;0;0;0;0;0;0;0.0247;0.0045;1.1582;1.1582;0;42.021;42.021;21.311;0.0494;1143.4;1013;1;0.018;0.018;0;0;0;0;0;0;1.1402;1.0522;0;16.802;19.456;15.264;17.675;98.445;98.445;10.932;9.7672;8.8732;1.1649;0.894;0.1066;0.0818;0.8117;239.16;0.7526;0
06/12/21 11:00;76.759;-19.383;12.478;85.535;4.4653;-90;-4.4653;841.9;338.7;503.21;23.08;5.71;0;504.74;214.01;124.74;0;0.2683;843.76;0;843.76;504.74;124.74;214.01;0.2683;0.5982;0.254;0;0.0003;843.11;0.6428;0;0;0.4193;0.2235;831.79;9.6351;0.2171;0.0537;9.3544;0.01;841.43;1.6862;1.0095;0.2495;0.4272;0.0001;831.81;503.51;124.44;203.81;0.0348;496.3;393.57;162.76;0.0004;5.6961;81.936;0.017;87.632;0;1;0;0;1.0022;0.9992;1;1;0.998;0.167;0.9885;0.9996;1;0.9561;0.7771;0.998;0.998;1;0.998;0.998;0.9858;0.9523;0.1295;2.4013;2.544;0.0153;-0.0019;0.3586;0.0152;0.0539;0.0133;0;0;0.088;1.9111;0;0;0;0;0;0;0;0;0;0;0;0;0.0434;0.015;2.0311;2.0311;0;64.883;64.883;41.803;0.0503;2189.7;927.54;1;0.0319;0.0319;0;0;0;0;0;0;1.9991;1.9111;0;15.906;18.419;14.967;17.332;98.428;98.428;20.25;17.128;16.117;3.1219;1.0114;0.1542;0.0499;0.7959;127.01;0.7419;0
06/12/21 12:00;74.549;38.212;12.083;80.297;9.7027;90;9.7027;1022.6;188.6;833.99;23.94;5.7499;0;846.1;72.173;117.59;0;1.5359;1037.4;0;1037.4;846.1;117.59;72.173;1.5359;0.8156;0.0711;0;0.0015;1035.6;1.7747;0;0;0.4966;1.2781;1030.2;3.396;0.3524;0.049;2.9367;0.0579;1033.6;2.0712;1.6922;0.2352;0.1434;0.0005;1030.4;844.05;117.31;68.596;0.1994;597.73;474;200.33;0.019;6.5813;94.67;0.2788;101.23;0;1;0;0;1.0145;0.9983;1;1;0.9931;0.1678;0.9967;0.9996;1;0.9589;0.7749;0.998;0.998;1;0.998;0.998;0.993;0.9504;0.1298;2.9524;3.1378;0.0189;0.0038;0.5686;0.0178;0.0632;0.0146;0;0;0.088;2.2508;0;0;0;0;0;0;0;0;0;0;0;0;0.0509;0.0224;2.3775;2.3775;0;76.197;76.197;52.257;0.0507;2701.9;879.97;1;0.0387;0.0387;0;0;0;0;0;0;2.3388;2.2508;0;15.144;17.537;14.337;16.602;98.37;98.37;24.898;20.05;18.981;4.8475;1.0689;0.1947;0.0429;0.7624;43.232;0.7136;0
06/12/21 13:00;64.642;67.053;9.6119;66.422;23.578;90;23.578;749.5;365.6;383.91;25.2;5.5899;0;418.88;244.62;120.37;0;6.5702;790.44;0;790.44;418.88;120.37;244.62;6.5702;0.5299;0.3178;0;0.0083;777.47;12.968;0;0;7.3817;5.5868;767.57;8.3418;0.1388;0.0399;7.9574;0.2058;775.91;1.5549;0.8378;0.2407;0.4745;0.002;769.28;417.9;120.09;228.81;0.7756;427.84;339.28;141.35;1.59;4.9458;71.143;1.7066;74.499;0;1;0;0;1.0546;0.9836;1;1;0.9698;0.1497;0.9892;0.9997;1;0.9664;0.7903;0.998;0.998;1;0.998;0.998;0.9711;0.9354;0.1181;2.2495;2.3435;0.0141;-0.0019;0.3214;0.0141;0.0499;0.0116;0;0;0.088;1.764;0;0;0;0;0;0;0;0;0;0;0;0;0.0402;0.0129;1.8813;1.8813;0;63.744;63.744;38.544;0.0502;2018.7;931.9;1;0.0292;0.0292;0;0;0;0;0;0;1.852;1.764;0;15.727;18.212;14.747;17.077;98.447;98.447;18.97;15.865;14.876;3.1056;0.9885;0.1637;0.0521;0.7842;154.87;0.7347;0
06/12/21 14:00;52.834;81.254;5.2707;53.157;36.843;90;36.843;647.2;344.2;303;25.92;5.15;0;378.62;226.15;116.15;0;13.572;734.5;0;734.5;378.62;116.15;226.15;13.572;0.5155;0.3264;0;0.0185;708.34;26.16;0;0;13.874;12.286;699.83;7.0906;0.0688;0.0211;6.8408;0.1598;706.93;1.4167;0.7572;0.2323;0.4246;0.0026;703.9;377.8;115.9;205.01;1.1236;349.86;277.44;118.9;6.9516;4.1962;60.361;4.0644;57.606;0;1;0;0;1.1349;0.9644;1;1;0.9387;0.0948;0.99;0.9998;1;0.9677;0.8755;0.998;0.998;1;0.998;0.998;0.9528;0.9065;0.0828;2.0903;2.1348;0.0129;-0.0012;0.2722;0.013;0.0459;0.0099;0;0;0.088;1.6196;0;0;0;0;0;0;0;0;0;0;0;0;0.037;0.0108;1.7343;1.7343;0;60.99;60.99;35.07;0.0501;1839.8;942.67;1;0.0267;0.0267;0;0;0;0;0;0;1.7076;1.6196;0;15.602;18.067;14.571;16.873;98.463;98.463;17.628;14.625;13.658;3.0027;0.9669;0.1703;0.0549;0.7748;156.91;0.7299;0
06/12/21 15:00;40.607;90.821;0.6234;40.61;49.39;90;49.39;767.3;126.4;640.9;25.55;4.64;0;984.63;31.365;135.82;0;28.125;1179.9;0;1179.9;984.63;135.82;31.365;28.125;0.8345;0.0504;0;0.0238;1150.7;29.228;0;0;2.9734;26.254;1147.4;1.0461;0.0212;0.0029;0.9378;0.0842;1148.4;2.3014;1.9693;0.2716;0.0568;0.0037;1153.7;982.64;135.54;27.397;1.7832;293.92;233.08;95.018;2.6501;3.6346;52.282;6.379;53.267;0;1;0;0;1.5378;0.9752;1;1;0.9052;0.0665;0.9991;1;1;0.9669;0.9549;0.998;0.998;1;0.998;0.998;0.9724;0.8735;0.0634;3.358;3.4057;0.0205;0.0092;0.7146;0.0186;0.0661;0.0078;0;0;0.088;2.3422;0;0;0;0;0;0;0;0;0;0;0;0;0.0532;0.0262;2.4894;2.471;0;84.145;84.145;58.595;0.0511;2824;875;1;0.0592;0.0408;0;0.0184;0;0;0;0;2.4302;2.3422;0;13.838;16.024;13.117;15.189;97.621;98.349;28.318;20.838;19.752;7.4804;1.0862;0.2642;0.0384;0.6975;24.34;0.6751;0
06/12/21 16:00;28.393;98.778;7.8274;28.677;60;90;60;202.1;194.2;7.9082;23.85;4.11;0;16.476;143.93;4.779;0;10.611;175.79;0;175.79;16.476;4.779;143.93;10.611;0.0937;0.8791;0;0.0604;147.77;28.02;0;0;18.094;9.9262;142.98;4.4957;0.0044;0.0013;4.4434;0.0466;147.48;0.2955;0.033;0.0096;0.2517;0.0014;147.31;16.438;4.7681;121.14;0.6364;126.78;100.54;48.144;24.065;2.5923;37.29;4.3331;15.817;0;1;0;0;0.8698;0.8406;1;1;0.8743;0.0645;0.9695;0.9997;1;0.9646;0.9318;0.998;0.998;1;0.998;0.998;0.8133;0.8417;0.06;0.5003;0.4962;0.003;0.0172;0.0106;0.0033;0.0116;0.0066;0;0;0.088;0.3375;0;0;0;0;0;0;0;0;0;0;0;0;0.0093;0.0008;0.4338;0.4338;0;30.911;30.911;7.0612;0.0494;422.09;1027.8;1;0.0083;0.0083;0;0;0;0;0;0;0.4255;0.3375;0;16.306;18.883;12.685;14.689;98.079;98.079;4.219;3.6583;2.8459;0.5607;0.8124;0.1329;0.1926;0.6745;125.3;0.5821;0
06/12/21 17:00;16.428;106.34;46.694;17.08;28.344;90;28.344;45.008;44.601;0.4063;22.3;3.2799;0;0.9854;41.885;0.1104;0;0.5665;43.547;0;43.547;0.9854;0.1104;41.885;0.5665;0.0226;0.9748;0;0.013;41.357;2.1901;0;0;1.6975;0.4926;39.934;1.3404;0.0106;0.0012;1.3147;0.0138;41.275;0.0827;0.002;0.0002;0.0804;0.0001;40.103;0.9728;0.109;38.793;0.06;27.303;21.651;9.0451;0.5208;0.3413;4.9088;0.1683;4.7293;0;1;0;0;0.9676;0.9497;1;1;0.9595;0.1305;0.9675;0.9892;1;0.9672;0.8124;0.998;0.998;1;0.998;0.998;0.917;0.9262;0.1058;0.1239;0.1246;0.0008;0.0123;-0.0003;0.0008;0.0028;0.0008;0;0;0.088;0.0126;0;0;0;0;0;0;0;0;0;0;0;0;0.0022;0.0001;0.1052;0.1052;0;24.289;24.289;1.9891;0.0498;104.92;1002.2;1;0.0045;0.0045;0;0;0;0;0;0;0.1006;0.0126;0;15.956;18.477;1.9178;2.2208;95.708;95.708;1.0451;0.8868;0.1066;0.1584;0.7802;0.1515;0.7465;0.102;27.301;0.094;0
06/12/21 18:00;5.2987;113.93;77.058;5.7936;8.3776;90;8.3776;26.294;25.903;0.3907;21.4;2.83;0;0.9475;25.687;0.1888;0;0.0295;26.853;0;26.853;0.9475;0.1888;25.687;0.0295;0.0353;0.9577;0;0.0011;26.69;0.1631;0;0;0.1386;0.0245;25.306;1.3306;0.2191;0.0436;1.0667;0.0011;26.637;0.0534;0.0019;0.0004;0.0511;0;25.31;0.7266;0.1448;24.431;0.0038;15.344;12.168;4.8417;0.0037;0.1887;2.7143;0.0042;2.8993;0;1;0;0;1.0213;0.9939;1;1;0.9946;0.1676;0.95;0.7683;1;0.9582;0.7753;0.998;0.998;1;0.998;0.998;0.9424;0.9511;0.1297;0.0764;0.0779;0.0005;0.0098;-0.0007;0.0005;0.0017;0.0005;0;0;0.088;-0.0273;0;0;0;0;0;0;0;0;0;0;0;0;0.0014;0.0001;0.0642;0.0642;0;22.667;22.667;1.2668;0.0501;64.91;988.6;1;0.0035;0.0035;0;0;0;0;0;0;0.0607;-0.0273;0;15.791;18.285;-6.7139;-7.7745;94.619;94.619;0.6445;0.5412;-0.2301;0.1033;0.7712;0.1603;1.1967;0;15.342;0;0
06/12/21 19:00;0;0;90;0;0;90;0;0;0;0;19.55;3.1899;0;0;0;0;0;0;0;0;0;0;0;0;0;1;1;1;1;0;0;0;0;0;0;0;0;0;0;0;0;0;0;0;0;0;0;0;0;0;0;0;0;0;0;0;0;0;0;0;0;0;0;0;1;1;1;1;1;1;1;1;1;1;1;1;1;1;1;1;1;1;1;0;0;0;0;0;0;0;0;0;0.0004;0.088;-0.0884;0;0;0;0;0;0;0;0;0;0;0;0;0;0;0;0;0;0;0;-19.55;0;0;0;0;0.0004;0;0;0;0;0;0;0;-0.0004;-0.0884;0;0;0;0;0;0;0;0;0;-0.7452;0;0.7452;1;1;0;0;0;0
06/12/21 20:00;0;0;90;0;0;90;0;0;0;0;18.3;3.5899;0;0;0;0;0;0;0;0;0;0;0;0;0;1;1;1;1;0;0;0;0;0;0;0;0;0;0;0;0;0;0;0;0;0;0;0;0;0;0;0;0;0;0;0;0;0;0;0;0;0;0;0;1;1;1;1;1;1;1;1;1;1;1;1;1;1;1;1;1;1;1;0;0;0;0;0;0;0;0;0;0.0004;0.088;-0.0884;0;0;0;0;0;0;0;0;0;0;0;0;0;0;0;0;0;0;0;-18.3;0;0;0;0;0.0004;0;0;0;0;0;0;0;-0.0004;-0.0884;0;0;0;0;0;0;0;0;0;-0.7452;0;0.7452;1;1;0;0;0;0
06/12/21 21:00;0;0;90;0;0;90;0;0;0;0;18.7;3.8101;0;0;0;0;0;0;0;0;0;0;0;0;0;1;1;1;1;0;0;0;0;0;0;0;0;0;0;0;0;0;0;0;0;0;0;0;0;0;0;0;0;0;0;0;0;0;0;0;0;0;0;0;1;1;1;1;1;1;1;1;1;1;1;1;1;1;1;1;1;1;1;0;0;0;0;0;0;0;0;0;0.0004;0.088;-0.0884;0;0;0;0;0;0;0;0;0;0;0;0;0;0;0;0;0;0;0;-18.7;0;0;0;0;0.0004;0;0;0;0;0;0;0;-0.0004;-0.0884;0;0;0;0;0;0;0;0;0;-0.7452;0;0.7452;1;1;0;0;0;0
06/12/21 22:00;0;0;90;0;0;90;0;0;0;0;17.8;3.9701;0;0;0;0;0;0;0;0;0;0;0;0;0;1;1;1;1;0;0;0;0;0;0;0;0;0;0;0;0;0;0;0;0;0;0;0;0;0;0;0;0;0;0;0;0;0;0;0;0;0;0;0;1;1;1;1;1;1;1;1;1;1;1;1;1;1;1;1;1;1;1;0;0;0;0;0;0;0;0;0;0.0004;0.088;-0.0884;0;0;0;0;0;0;0;0;0;0;0;0;0;0;0;0;0;0;0;-17.8;0;0;0;0;0.0004;0;0;0;0;0;0;0;-0.0004;-0.0884;0;0;0;0;0;0;0;0;0;-0.7452;0;0.7452;1;1;0;0;0;0
06/12/21 23:00;0;0;90;0;0;90;0;0;0;0;17.3;3.86;0;0;0;0;0;0;0;0;0;0;0;0;0;1;1;1;1;0;0;0;0;0;0;0;0;0;0;0;0;0;0;0;0;0;0;0;0;0;0;0;0;0;0;0;0;0;0;0;0;0;0;0;1;1;1;1;1;1;1;1;1;1;1;1;1;1;1;1;1;1;1;0;0;0;0;0;0;0;0;0;0.0004;0.088;-0.0884;0;0;0;0;0;0;0;0;0;0;0;0;0;0;0;0;0;0;0;-17.3;0;0;0;0;0.0004;0;0;0;0;0;0;0;-0.0004;-0.0884;0;0;0;0;0;0;0;0;0;-0.7452;0;0.7452;1;1;0;0;0;0
07/12/21 00:00;0;0;90;0;0;90;0;0;0;0;16.8;3.3499;0;0;0;0;0;0;0;0;0;0;0;0;0;1;1;1;1;0;0;0;0;0;0;0;0;0;0;0;0;0;0;0;0;0;0;0;0;0;0;0;0;0;0;0;0;0;0;0;0;0;0;0;1;1;1;1;1;1;1;1;1;1;1;1;1;1;1;1;1;1;1;0;0;0;0;0;0;0;0;0;0.0004;0.088;-0.0884;0;0;0;0;0;0;0;0;0;0;0;0;0;0;0;0;0;0;0;-16.8;0;0;0;0;0.0004;0;0;0;0;0;0;0;-0.0004;-0.0884;0;0;0;0;0;0;0;0;0;-0.7452;0;0.7452;1;1;0;0;0;0
07/12/21 01:00;0;0;90;0;0;90;0;0;0;0;16.63;3.1001;0;0;0;0;0;0;0;0;0;0;0;0;0;1;1;1;1;0;0;0;0;0;0;0;0;0;0;0;0;0;0;0;0;0;0;0;0;0;0;0;0;0;0;0;0;0;0;0;0;0;0;0;1;1;1;1;1;1;1;1;1;1;1;1;1;1;1;1;1;1;1;0;0;0;0;0;0;0;0;0;0.0004;0.088;-0.0884;0;0;0;0;0;0;0;0;0;0;0;0;0;0;0;0;0;0;0;-16.63;0;0;0;0;0.0004;0;0;0;0;0;0;0;-0.0004;-0.0884;0;0;0;0;0;0;0;0;0;-0.7452;0;0.7452;1;1;0;0;0;0
07/12/21 02:00;0;0;90;0;0;90;0;0;0;0;16.29;3.1199;0;0;0;0;0;0;0;0;0;0;0;0;0;1;1;1;1;0;0;0;0;0;0;0;0;0;0;0;0;0;0;0;0;0;0;0;0;0;0;0;0;0;0;0;0;0;0;0;0;0;0;0;1;1;1;1;1;1;1;1;1;1;1;1;1;1;1;1;1;1;1;0;0;0;0;0;0;0;0;0;0.0004;0.088;-0.0884;0;0;0;0;0;0;0;0;0;0;0;0;0;0;0;0;0;0;0;-16.29;0;0;0;0;0.0004;0;0;0;0;0;0;0;-0.0004;-0.0884;0;0;0;0;0;0;0;0;0;-0.7452;0;0.7452;1;1;0;0;0;0
07/12/21 03:00;0;0;90;0;0;90;0;0;0;0;16.6;3.08;0;0;0;0;0;0;0;0;0;0;0;0;0;1;1;1;1;0;0;0;0;0;0;0;0;0;0;0;0;0;0;0;0;0;0;0;0;0;0;0;0;0;0;0;0;0;0;0;0;0;0;0;1;1;1;1;1;1;1;1;1;1;1;1;1;1;1;1;1;1;1;0;0;0;0;0;0;0;0;0;0.0004;0.088;-0.0884;0;0;0;0;0;0;0;0;0;0;0;0;0;0;0;0;0;0;0;-16.6;0;0;0;0;0.0004;0;0;0;0;0;0;0;-0.0004;-0.0884;0;0;0;0;0;0;0;0;0;-0.7452;0;0.7452;1;1;0;0;0;0
07/12/21 04:00;1.8201;-116.67;85.582;2.0367;2.9079;-90;-2.9079;0;0;0;17;3.47;0;0;0;0;0;0;0;0;0;0;0;0;0;1;1;1;1;0;0;0;0;0;0;0;0;0;0;0;0;0;0;0;0;0;0;0;0;0;0;0;0;0;0;0;0;0;0;0;0;0;0;0;1;1;1;1;1;1;1;1;1;1;1;1;1;1;1;1;1;1;1;0;0;0;0;0;0;0;0;0;0.0004;0.088;-0.0884;0;0;0;0;0;0;0;0;0;0;0;0;0;0;0;0;0;0;0;-17;0;0;0;0;0.0004;0;0;0;0;0;0;0;-0.0004;-0.0884;0;0;0;0;0;0;0;0;0;-0.7452;0;0.7452;1;1;0;0;0;0
07/12/21 05:00;9.1026;-111.37;67.438;9.7619;14.519;-90;-14.519;123.3;22.497;100.81;17.57;3.9999;0;244.48;12.121;24.687;0;0.4135;281.7;0;281.7;244.48;24.687;12.121;0.4135;0.8679;0.0445;0;0.0015;281.2;0.5068;0;0;0.1635;0.3434;258.28;22.358;19.881;2.0076;0.4535;0.0157;280.63;0.5624;0.489;0.0494;0.0239;0.0001;258.29;224.11;22.63;11.48;0.0543;7.9074;6.2706;2.6168;0.0141;0.0901;1.2964;0.0088;1.3725;0;1;0;0;2.2847;0.9982;1;1;0.9865;0.1696;0.9203;0.9185;1;0.962;0.776;0.998;0.998;1;0.998;0.998;0.9168;0.9471;0.1313;0.8017;0.7416;0.0045;0.0154;0.014;0.005;0.0176;0.0002;0;0;0.088;0.5698;0;0;0;0;0;0;0;0;0;0;0;0;0.0142;0.0016;0.6692;0.6692;0;30.254;30.254;12.685;0.0491;636.13;1052.1;1;0.0114;0.0114;0;0;0;0;0;0;0.6578;0.5698;0;15.699;18.179;13.366;15.478;98.292;98.292;6.7609;5.6438;4.8053;1.1171;0.8385;0.1652;0.124;0.7108;7.3636;0.7083;0
07/12/21 06:00;20.794;-103.69;30.571;21.348;40.644;-90;-40.644;325.19;63.899;261.29;20.23;4.34;0;633.71;26.823;80.996;0;8.2368;749.77;0;749.77;633.71;80.996;26.823;8.2368;0.8452;0.0468;0;0.011;740.33;9.4371;0;0;1.9071;7.53;737.01;1.8435;0.8665;0.1108;0.8059;0.0604;738.85;1.4807;1.2674;0.162;0.0498;0.0014;737.34;631.58;80.723;24.06;0.645;20.655;16.379;6.9334;1.1561;0.3018;4.3414;0.3353;3.487;0;1;0;0;2.3056;0.9874;1;1;0.9289;0.0858;0.9975;0.9986;1;0.9676;0.9143;0.998;0.998;1;0.998;0.998;0.983;0.897;0.0783;2.1338;2.1183;0.0128;-0.0011;0.2398;0.0131;0.0463;0.0007;0;0;0.088;1.6432;0;0;0;0;0;0;0;0;0;0;0;0;0.0373;0.0107;1.7586;1.7586;0;57.038;57.038;36.808;0.0499;1829.6;961.19;1;0.0275;0.0275;0;0;0;0;0;0;1.7312;1.6432;0;15.499;17.948;14.482;16.77;98.438;98.438;17.994;14.831;13.857;3.1637;0.9738;0.1758;0.0541;0.7701;19.211;0.7667;0
07/12/21 07:00;32.87;-96.095;5.1165;33.018;56.982;-90;-56.982;433.49;181;252.49;21;4.28;0;463.37;93.625;109.73;0;20.714;687.45;0;687.45;463.37;109.73;93.625;20.714;0.674;0.1663;0;0.0301;657.26;30.188;0;0;10.884;19.304;652.92;3.0252;0.0817;0.0194;2.8542;0.07;655.94;1.3145;0.9267;0.2195;0.1655;0.0028;657.66;462.36;109.5;79.721;1.338;155.88;123.61;54.645;13.029;2.4066;34.619;4.7458;23.996;0;1;0;0;1.5858;0.9561;1;1;0.8837;0.0681;0.9954;0.9998;1;0.9654;0.9503;0.998;0.998;1;0.998;0.998;0.9498;0.8515;0.0646;1.9564;1.951;0.0118;0.0001;0.1966;0.0122;0.0433;0.0059;0;0;0.088;1.5238;0;0;0;0;0;0;0;0;0;0;0;0;0.0348;0.0091;1.6372;1.6372;0;53.524;53.524;32.524;0.0498;1681;973.93;1;0.0254;0.0254;0;0;0;0;0;0;1.6118;1.5238;0;15.738;18.224;14.647;16.961;98.448;98.448;16.499;13.807;12.851;2.6918;0.9564;0.1632;0.058;0.7789;78.739;0.7506;0
07/12/21 08:00;45.119;-87.766;1.5761;45.141;44.859;-90;-44.859;612.8;212.5;400.3;22.63;4.2399;0;564.72;108.73;120.26;0;18.734;812.45;0;812.45;564.72;120.26;108.73;18.734;0.6951;0.1569;0;0.0231;786.23;26.215;0;0;8.9314;17.284;781.29;3.374;0.0307;0.0065;3.2485;0.0882;784.66;1.5725;1.1294;0.2405;0.1996;0.0029;786.32;563.56;120.02;96.35;1.3592;285.31;226.25;96.024;6.573;3.5419;50.948;5.0334;47.917;0;1;0;0;1.3258;0.9677;1;1;0.9179;0.0774;0.9957;0.9999;1;0.9674;0.939;0.998;0.998;1;0.998;0.998;0.9616;0.8861;0.0726;2.3122;2.3518;0.0142;-0.0019;0.3059;0.0142;0.0505;0.0084;0;0;0.088;1.789;0;0;0;0;0;0;0;0;0;0;0;0;0.0407;0.013;1.9069;1.9069;0;61.798;61.798;39.168;0.0501;2027.6;940.47;1;0.0299;0.0299;0;0;0;0;0;0;1.877;1.789;0;15.51;17.96;14.551;16.85;98.434;98.434;19.499;16.081;15.087;3.4177;0.994;0.1753;0.051;0.7737;80.818;0.739;0
07/12/21 09:00;57.271;-77.085;6.9408;57.935;32.065;-90;-32.065;873.29;153.8;719.49;24.5;4.4699;0;849.02;55.784;110.22;0;13.989;1029;0;1029;849.02;110.22;55.784;13.989;0.8251;0.0678;0;0.0136;1013.9;15.067;0;0;2.7423;12.325;1009.7;2.2138;0.2031;0.0264;1.7167;0.2676;1011.9;2.0279;1.698;0.2204;0.1061;0.0033;1013.4;847.11;109.98;51.219;1.3927;456.63;362.11;156.91;1.0667;4.8443;69.683;3.736;73.461;0;1;0;0;1.1783;0.9854;1;1;0.9508;0.1189;0.9978;0.9998;1;0.9676;0.8388;0.998;0.998;1;0.998;0.998;0.9812;0.9182;0.0996;2.9285;3.0391;0.0183;0.0022;0.5457;0.0173;0.0614;0.0108;0;0;0.088;2.1875;0;0;0;0;0;0;0;0;0;0;0;0;0.0495;0.0211;2.3128;2.3128;0;75.697;75.697;51.197;0.0507;2619.2;883.03;1;0.0373;0.0373;0;0;0;0;0;0;2.2755;2.1875;0;14.852;17.199;14.048;16.267;98.387;98.387;24.696;19.505;18.448;5.1917;1.0568;0.2102;0.0428;0.747;37.309;0.7109;0
07/12/21 10:00;68.698;-59.483;10.631;71.432;18.568;-90;-18.568;605.49;436.9;168.59;25.7;4.82;0;177.85;370.85;59.224;0;3.3095;611.23;0;611.23;177.85;59.224;370.85;3.3095;0.291;0.6121;0;0.0054;600.91;10.322;0;0;7.5656;2.7567;586.66;13.047;0.0652;0.0217;12.838;0.1222;599.71;1.2018;0.3557;0.1184;0.7266;0.0011;587.46;177.43;59.084;349.72;0.4295;356.37;282.6;115.64;1.0202;4.2362;60.936;0.8008;64.152;0;1;0;0;1.0095;0.9831;1;1;0.9796;0.167;0.9782;0.9996;1;0.9646;0.7785;0.998;0.998;1;0.998;0.998;0.9598;0.943;0.1298;1.7395;1.8028;0.0109;0.0015;0.1915;0.0112;0.0397;0.0103;0;0;0.088;1.3874;0;0;0;0;0;0;0;0;0;0;0;0;0.032;0.0078;1.498;1.498;0;54.969;54.969;29.269;0.0499;1550.8;965.97;1;0.0226;0.0226;0;0;0;0;0;0;1.4754;1.3874;0;16.195;18.753;14.999;17.368;98.489;98.489;14.67;12.633;11.7;2.0367;0.9329;0.1388;0.0636;0.7976;228.91;0.7422;0
07/12/21 11:00;76.838;-19.93;12.361;85.443;4.5575;-90;-4.5575;801.9;374.9;427;26.01;4.99;0;428.35;257.75;117.11;0;0.2662;803.48;0;803.48;428.35;117.11;257.75;0.2662;0.5331;0.3211;0;0.0003;802.74;0.743;0;0;0.5212;0.2217;789.63;11.497;0.1825;0.0499;11.254;0.0099;801.13;1.6055;0.8567;0.2342;0.5145;0.0001;789.65;427.31;116.83;245.46;0.0345;472.92;375.03;154.52;0.0007;5.4646;78.606;0.0171;84.07;0;1;0;0;1.002;0.9991;1;1;0.998;0.1671;0.9856;0.9996;1;0.9562;0.777;0.998;0.998;1;0.998;0.998;0.9828;0.9523;0.1296;2.2866;2.4167;0.0146;-0.002;0.3486;0.0144;0.051;0.0127;0;0;0.088;1.8049;0;0;0;0;0;0;0;0;0;0;0;0;0.0411;0.0136;1.9227;1.9227;0;65.725;65.725;39.715;0.0503;2080.9;924.01;1;0.0298;0.0298;0;0;0;0;0;0;1.8929;1.8049;0;15.813;18.311;14.844;17.189;98.448;98.448;19.283;16.215;15.221;3.0688;0.9937;0.1591;0.0515;0.7893;152.99;0.7355;0
07/12/21 12:00;74.695;38.142;11.982;80.407;9.5934;90;9.5934;821.39;359.7;461.69;26.93;4.8;0;468.24;235.77;124;0;1.2061;829.22;0;829.22;468.24;124;235.77;1.2061;0.5647;0.2858;0;0.0015;826.62;2.5957;0;0;1.592;1.0037;815.07;9.9003;0.1934;0.0512;9.6102;0.0455;824.97;1.6532;0.9365;0.248;0.4684;0.0004;815.28;467.11;123.7;224.1;0.1566;482.15;382.35;159.38;0.0584;5.4552;78.471;0.2129;83.867;0;1;0;0;1.0095;0.9969;1;1;0.9932;0.1678;0.988;0.9996;1;0.9589;0.775;0.998;0.998;1;0.998;0.998;0.9829;0.9505;0.1298;2.3599;2.4898;0.015;-0.002;0.3794;0.0147;0.0521;0.0126;0;0;0.088;1.8433;0;0;0;0;0;0;0;0;0;0;0;0;0.0419;0.0144;1.9617;1.9617;0;67.999;67.999;41.069;0.0504;2143.2;915.32;1;0.0304;0.0304;0;0;0;0;0;0;1.9313;1.8433;0;15.633;18.102;14.689;17.01;98.451;98.451;19.901;16.543;15.545;3.3581;0.9984;0.1687;0.0502;0.7811;141.19;0.7294;0
07/12/21 13:00;64.785;67.139;9.5267;66.544;23.456;90;23.456;551.7;441.7;109.99;28.75;4.65;0;119.9;386.9;41.569;0;4.7868;553.15;0;553.15;119.9;41.569;386.9;4.7868;0.2168;0.7081;0;0.0087;537.51;15.646;0;0;11.578;4.0681;523.63;12.803;0.0394;0.0137;12.599;0.1507;536.43;1.075;0.2398;0.0831;0.7506;0.0014;524.91;119.62;41.472;361.97;0.5665;326.64;259.03;106.91;2.467;3.9225;56.424;1.2818;57.879;0;1;0;0;1.0026;0.9717;1;1;0.9701;0.1501;0.9761;0.9997;1;0.9664;0.7898;0.998;0.998;1;0.998;0.998;0.9466;0.9356;0.1183;1.5742;1.6148;0.0097;0.0037;0.1716;0.01;0.0355;0.0095;0;0;0.088;1.232;0;0;0;0;0;0;0;0;0;0;0;0;0.0286;0.0064;1.3399;1.3399;0;54.885;54.885;26.135;0.0499;1387.9;965.43;1;0.0199;0.0199;0;0;0;0;0;0;1.32;1.232;0;16.006;18.535;14.718;17.043;98.516;98.516;13.276;11.3;10.39;1.9761;0.9098;0.1489;0.0685;0.7826;244.77;0.7271;0
07/12/21 14:00;52.973;81.341;5.202;53.288;36.712;90;36.712;822.31;190.3;632.01;29.15;4.73;0;788.39;75.058;133.45;0;17.126;1014;0;1014;788.39;133.45;75.058;17.126;0.7775;0.0909;0;0.0169;993.95;20.073;0;0;4.5791;15.494;989.32;2.6413;0.1414;0.0239;2.2712;0.2048;991.96;1.9879;1.5768;0.2669;0.141;0.0033;994.12;786.67;133.16;68.067;1.4237;412.78;327.33;139.46;2.2823;4.6194;66.448;4.8064;68.785;0;1;0;0;1.2331;0.9802;1;1;0.939;0.0953;0.9973;0.9998;1;0.9677;0.8742;0.998;0.998;1;0.998;0.998;0.9756;0.9069;0.0831;2.8858;2.9774;0.0179;0.0013;0.5761;0.0167;0.0591;0.0101;0;0;0.088;2.105;0;0;0;0;0;0;0;0;0;0;0;0;0.0476;0.0203;2.2281;2.2281;0;79.469;79.469;50.319;0.0509;2542.6;875;1;0.0352;0.0352;0;0;0;0;0;0;2.193;2.105;0;14.52;16.813;13.717;15.884;98.422;98.422;24.336;18.79;17.751;5.5465;1.0386;0.2279;0.0427;0.7294;52.022;0.6953;0
07/12/21 15:00;40.744;90.894;0.6774;40.747;49.253;90;49.253;661.4;178;483.4;26.98;4.66;0;740.59;69.731;143.42;0;24.117;977.86;0;977.86;740.59;143.42;69.731;24.117;0.7574;0.096;0;0.0247;948.77;29.093;0;0;6.5838;22.509;944.69;2.1782;0.0173;0.0033;2.0846;0.0729;946.87;1.8975;1.4812;0.2868;0.1263;0.0032;950.49;739.09;143.13;60.937;1.5318;268.34;212.8;88.188;5.8255;3.4462;49.572;5.7972;47.193;0;1;0;0;1.4785;0.9702;1;1;0.9056;0.0667;0.9977;1;1;0.9669;0.9546;0.998;0.998;1;0.998;0.998;0.9661;0.8739;0.0635;2.7829;2.8187;0.017;-0.0004;0.4985;0.0161;0.0572;0.0077;0;0;0.088;2.0365;0;0;0;0;0;0;0;0;0;0;0;0;0.0461;0.0183;2.1583;2.1583;0;74.846;74.846;47.866;0.0507;2430.8;887.87;1;0.0338;0.0338;0;0;0;0;0;0;2.1245;2.0365;0;14.585;16.889;13.761;15.936;98.434;98.434;23.469;18.201;17.174;5.2678;1.0272;0.2245;0.0438;0.7318;54.039;0.705;0
07/12/21 16:00;28.532;98.838;7.8461;28.82;60;90;60;347.09;244.6;102.49;28.03;4.01;0;212.57;155.5;77.3;0;18.222;463.59;0;463.59;212.57;77.3;155.5;18.222;0.4585;0.3747;0;0.0393;426.99;36.596;0;0;19.549;17.047;421.18;4.959;0.0575;0.0209;4.8006;0.08;426.14;0.854;0.4251;0.1546;0.2719;0.0024;426.53;212.09;77.124;130.88;1.0929;156.2;123.86;58.881;26.001;2.985;42.937;5.353;19.922;0;1;0;0;1.3356;0.9211;1;1;0.8743;0.0645;0.9884;0.9997;1;0.9646;0.9318;0.998;0.998;1;0.998;0.998;0.9085;0.8417;0.06;1.3193;1.3063;0.0079;0.0078;0.1117;0.0083;0.0293;0.0074;0;0;0.088;1.0014;0;0;0;0;0;0;0;0;0;0;0;0;0.0236;0.0043;1.1062;1.1062;0;48.973;48.973;20.943;0.0497;1123.2;984.88;1;0.0168;0.0168;0;0;0;0;0;0;1.0894;1.0014;0;15.768;18.259;14.274;16.529;98.479;98.479;11.126;9.3288;8.4448;1.7973;0.884;0.1615;0.0795;0.759;135.37;0.7098;0
07/12/21 17:00;16.568;106.39;46.244;17.229;28.69;90;28.69;269.6;126;143.6;27.03;2.74;0;348.26;75.977;109.27;0;3.4753;536.98;0;536.98;348.26;109.27;75.977;3.4753;0.6485;0.148;0;0.0065;530.82;6.1662;0;0;3.1394;3.0268;522.48;7.2737;3.662;1.149;2.3796;0.0831;529.76;1.0616;0.6965;0.2185;0.1457;0.0009;522.8;343.9;107.91;70.312;0.3645;50.559;40.094;16.931;0.986;0.6215;8.9404;0.315;8.576;0;1;0;0;1.9918;0.9885;1;1;0.9587;0.1291;0.9863;0.9895;1;0.9673;0.8144;0.998;0.998;1;0.998;0.998;0.973;0.9254;0.1049;1.5282;1.5137;0.0091;0.005;0.1512;0.0094;0.0335;0.0015;0;0;0.088;1.1643;0;0;0;0;0;0;0;0;0;0;0;0;0.027;0.0057;1.2714;1.2714;0;53.069;53.069;26.039;0.0498;1304.5;974.59;1;0.0191;0.0191;0;0;0;0;0;0;1.2523;1.1643;0;15.645;18.116;14.328;16.591;98.502;98.502;12.888;10.722;9.8188;2.1661;0.9028;0.1681;0.07;0.7619;49.635;0.7525;0
07/12/21 18:00;5.2554;114.1;77.165;5.754;8.3187;90;8.3187;36.608;35.901;0.7072;24.7;2.7199;0;1.7153;35.516;0.4774;0;0.0404;37.749;0;37.749;1.7153;0.4774;35.516;0.0404;0.0454;0.9419;0;0.0011;37.526;0.2231;0;0;0.1894;0.0337;35.46;1.9906;0.4012;0.1117;1.4762;0.0015;37.451;0.0751;0.0034;0.001;0.0707;0;35.466;1.3106;0.3648;33.78;0.0052;21.213;16.822;6.6938;0.0049;0.2609;3.7526;0.0057;4.0085;0;1;0;0;1.0312;0.9941;1;1;0.9947;0.1676;0.9468;0.7656;1;0.9581;0.7753;0.998;0.998;1;0.998;0.998;0.9394;0.9511;0.1297;0.1074;0.109;0.0007;0.0115;0.0006;0.0007;0.0024;0.0006;0;0;0.088;-0.0016;0;0;0;0;0;0;0;0;0;0;0;0;0.0019;0.0001;0.0905;0.0905;0;26.472;26.472;1.7723;0.05;91.641;987.46;1;0.0041;0.0041;0;0;0;0;0;0;0.0864;-0.0016;0;15.841;18.343;-0.2747;-0.3182;95.512;95.512;0.906;0.7631;-0.0132;0.1428;0.7764;0.1577;0.8569;0;21.209;0;0
07/12/21 19:00;0;0;90;0;0;90;0;0;0;0;22.8;3.0201;0;0;0;0;0;0;0;0;0;0;0;0;0;1;1;1;1;0;0;0;0;0;0;0;0;0;0;0;0;0;0;0;0;0;0;0;0;0;0;0;0;0;0;0;0;0;0;0;0;0;0;0;1;1;1;1;1;1;1;1;1;1;1;1;1;1;1;1;1;1;1;0;0;0;0;0;0;0;0;0;0.0004;0.088;-0.0884;0;0;0;0;0;0;0;0;0;0;0;0;0;0;0;0;0;0;0;-22.8;0;0;0;0;0.0004;0;0;0;0;0;0;0;-0.0004;-0.0884;0;0;0;0;0;0;0;0;0;-0.7452;0;0.7452;1;1;0;0;0;0
07/12/21 20:00;0;0;90;0;0;90;0;0;0;0;23.22;3.3599;0;0;0;0;0;0;0;0;0;0;0;0;0;1;1;1;1;0;0;0;0;0;0;0;0;0;0;0;0;0;0;0;0;0;0;0;0;0;0;0;0;0;0;0;0;0;0;0;0;0;0;0;1;1;1;1;1;1;1;1;1;1;1;1;1;1;1;1;1;1;1;0;0;0;0;0;0;0;0;0;0.0004;0.088;-0.0884;0;0;0;0;0;0;0;0;0;0;0;0;0;0;0;0;0;0;0;-23.22;0;0;0;0;0.0004;0;0;0;0;0;0;0;-0.0004;-0.0884;0;0;0;0;0;0;0;0;0;-0.7452;0;0.7452;1;1;0;0;0;0
07/12/21 21:00;0;0;90;0;0;90;0;0;0;0;21.01;3.6699;0;0;0;0;0;0;0;0;0;0;0;0;0;1;1;1;1;0;0;0;0;0;0;0;0;0;0;0;0;0;0;0;0;0;0;0;0;0;0;0;0;0;0;0;0;0;0;0;0;0;0;0;1;1;1;1;1;1;1;1;1;1;1;1;1;1;1;1;1;1;1;0;0;0;0;0;0;0;0;0;0.0004;0.088;-0.0884;0;0;0;0;0;0;0;0;0;0;0;0;0;0;0;0;0;0;0;-21.01;0;0;0;0;0.0004;0;0;0;0;0;0;0;-0.0004;-0.0884;0;0;0;0;0;0;0;0;0;-0.7452;0;0.7452;1;1;0;0;0;0
07/12/21 22:00;0;0;90;0;0;90;0;0;0;0;19.08;3.8901;0;0;0;0;0;0;0;0;0;0;0;0;0;1;1;1;1;0;0;0;0;0;0;0;0;0;0;0;0;0;0;0;0;0;0;0;0;0;0;0;0;0;0;0;0;0;0;0;0;0;0;0;1;1;1;1;1;1;1;1;1;1;1;1;1;1;1;1;1;1;1;0;0;0;0;0;0;0;0;0;0.0004;0.088;-0.0884;0;0;0;0;0;0;0;0;0;0;0;0;0;0;0;0;0;0;0;-19.08;0;0;0;0;0.0004;0;0;0;0;0;0;0;-0.0004;-0.0884;0;0;0;0;0;0;0;0;0;-0.7452;0;0.7452;1;1;0;0;0;0
07/12/21 23:00;0;0;90;0;0;90;0;0;0;0;17.4;4.03;0;0;0;0;0;0;0;0;0;0;0;0;0;1;1;1;1;0;0;0;0;0;0;0;0;0;0;0;0;0;0;0;0;0;0;0;0;0;0;0;0;0;0;0;0;0;0;0;0;0;0;0;1;1;1;1;1;1;1;1;1;1;1;1;1;1;1;1;1;1;1;0;0;0;0;0;0;0;0;0;0.0004;0.088;-0.0884;0;0;0;0;0;0;0;0;0;0;0;0;0;0;0;0;0;0;0;-17.4;0;0;0;0;0.0004;0;0;0;0;0;0;0;-0.0004;-0.0884;0;0;0;0;0;0;0;0;0;-0.7452;0;0.7452;1;1;0;0;0;0
08/12/21 00:00;0;0;90;0;0;90;0;0;0;0;15.57;4.01;0;0;0;0;0;0;0;0;0;0;0;0;0;1;1;1;1;0;0;0;0;0;0;0;0;0;0;0;0;0;0;0;0;0;0;0;0;0;0;0;0;0;0;0;0;0;0;0;0;0;0;0;1;1;1;1;1;1;1;1;1;1;1;1;1;1;1;1;1;1;1;0;0;0;0;0;0;0;0;0;0.0004;0.088;-0.0884;0;0;0;0;0;0;0;0;0;0;0;0;0;0;0;0;0;0;0;-15.57;0;0;0;0;0.0004;0;0;0;0;0;0;0;-0.0004;-0.0884;0;0;0;0;0;0;0;0;0;-0.7452;0;0.7452;1;1;0;0;0;0
08/12/21 01:00;0;0;90;0;0;90;0;0;0;0;14.24;3.87;0;0;0;0;0;0;0;0;0;0;0;0;0;1;1;1;1;0;0;0;0;0;0;0;0;0;0;0;0;0;0;0;0;0;0;0;0;0;0;0;0;0;0;0;0;0;0;0;0;0;0;0;1;1;1;1;1;1;1;1;1;1;1;1;1;1;1;1;1;1;1;0;0;0;0;0;0;0;0;0;0.0004;0.088;-0.0884;0;0;0;0;0;0;0;0;0;0;0;0;0;0;0;0;0;0;0;-14.24;0;0;0;0;0.0004;0;0;0;0;0;0;0;-0.0004;-0.0884;0;0;0;0;0;0;0;0;0;-0.7452;0;0.7452;1;1;0;0;0;0
08/12/21 02:00;0;0;90;0;0;90;0;0;0;0;13.24;3.3599;0;0;0;0;0;0;0;0;0;0;0;0;0;1;1;1;1;0;0;0;0;0;0;0;0;0;0;0;0;0;0;0;0;0;0;0;0;0;0;0;0;0;0;0;0;0;0;0;0;0;0;0;1;1;1;1;1;1;1;1;1;1;1;1;1;1;1;1;1;1;1;0;0;0;0;0;0;0;0;0;0.0004;0.088;-0.0884;0;0;0;0;0;0;0;0;0;0;0;0;0;0;0;0;0;0;0;-13.24;0;0;0;0;0.0004;0;0;0;0;0;0;0;-0.0004;-0.0884;0;0;0;0;0;0;0;0;0;-0.7452;0;0.7452;1;1;0;0;0;0
08/12/21 03:00;0;0;90;0;0;90;0;0;0;0;12.37;2.8699;0;0;0;0;0;0;0;0;0;0;0;0;0;1;1;1;1;0;0;0;0;0;0;0;0;0;0;0;0;0;0;0;0;0;0;0;0;0;0;0;0;0;0;0;0;0;0;0;0;0;0;0;1;1;1;1;1;1;1;1;1;1;1;1;1;1;1;1;1;1;1;0;0;0;0;0;0;0;0;0;0.0004;0.088;-0.0884;0;0;0;0;0;0;0;0;0;0;0;0;0;0;0;0;0;0;0;-12.37;0;0;0;0;0.0004;0;0;0;0;0;0;0;-0.0004;-0.0884;0;0;0;0;0;0;0;0;0;-0.7452;0;0.7452;1;1;0;0;0;0
08/12/21 04:00;1.8073;-116.82;85.613;2.0249;2.8911;-90;-2.8911;0;0;0;11.53;2.76;0;0;0;0;0;0;0;0;0;0;0;0;0;1;1;1;1;0;0;0;0;0;0;0;0;0;0;0;0;0;0;0;0;0;0;0;0;0;0;0;0;0;0;0;0;0;0;0;0;0;0;0;1;1;1;1;1;1;1;1;1;1;1;1;1;1;1;1;1;1;1;0;0;0;0;0;0;0;0;0;0.0004;0.088;-0.0884;0;0;0;0;0;0;0;0;0;0;0;0;0;0;0;0;0;0;0;-11.53;0;0;0;0;0.0004;0;0;0;0;0;0;0;-0.0004;-0.0884;0;0;0;0;0;0;0;0;0;-0.7452;0;0.7452;1;1;0;0;0;0
08/12/21 05:00;9.0817;-111.51;67.492;9.7489;14.498;-90;-14.498;41.198;40.098;1.1007;12.75;2.6299;0;2.6695;39.264;0.4814;0;0.1378;42.553;0;42.553;2.6695;0.4814;39.264;0.1378;0.0627;0.926;0;0.0032;41.91;0.6426;0;0;0.5282;0.1144;40.094;1.7326;0.2184;0.0394;1.4696;0.0052;41.826;0.0838;0.0053;0.001;0.0775;0;40.122;2.4457;0.4411;37.189;0.0181;23.858;18.919;7.5906;0.045;0.2919;4.199;0.0286;4.4459;0;1;0;0;1.0329;0.9849;1;1;0.9865;0.1696;0.9586;0.918;1;0.962;0.776;0.998;0.998;1;0.998;0.998;0.9422;0.9471;0.1313;0.1211;0.1232;0.0007;0.0122;-0.0046;0.0008;0.0029;0.0007;0;0;0.088;0.0152;0;0;0;0;0;0;0;0;0;0;0;0;0.0023;0.0001;0.1081;0.1081;0;14.731;14.731;1.9809;0.0494;103.63;1043.3;1;0.0049;0.0049;0;0;0;0;0;0;0.1032;0.0152;0;16.788;19.44;2.3613;2.7344;95.464;95.464;1.0213;0.9117;0.1282;0.1096;0.7835;0.1073;0.7672;0.1256;23.852;0.1169;0
08/12/21 06:00;20.764;-103.84;30.706;21.33;40.574;-90;-40.574;290.11;92.502;197.61;14.55;3;0;479.25;49.177;88.778;0;7.3238;624.53;0;624.53;479.25;88.778;49.177;7.3238;0.7674;0.0905;0;0.0117;614.35;10.182;0;0;3.4876;6.6941;610.77;2.3532;0.693;0.1284;1.4777;0.0541;613.12;1.2287;0.9585;0.1776;0.0914;0.0013;611.32;477.6;88.472;44.121;0.5743;36.348;28.824;12.462;2.1051;0.5188;7.4624;0.5493;5.876;0;1;0;0;2.1527;0.9837;1;1;0.9291;0.086;0.9962;0.9986;1;0.9676;0.9139;0.998;0.998;1;0.998;0.998;0.978;0.8972;0.0784;1.7774;1.764;0.0106;0.0019;0.1227;0.0114;0.0404;0.0013;0;0;0.088;1.4233;0;0;0;0;0;0;0;0;0;0;0;0;0.0326;0.0075;1.5355;1.5355;0;44.761;44.761;30.211;0.0495;1519.6;1010.5;1;0.0241;0.0241;0;0;0;0;0;0;1.5113;1.4233;0;16.246;18.813;15.06;17.439;98.428;98.428;14.989;12.949;12.003;2.04;0.9456;0.1361;0.0631;0.8008;35.2;0.7937;0
08/12/21 07:00;32.834;-96.26;5.257;32.99;57.01;-90;-57.01;661.21;109.1;552.11;17.28;3.88;0;1014;23.344;144.85;0;31.624;1213.8;0;1213.8;1014;144.85;23.344;31.624;0.8354;0.0453;0;0.0261;1181.6;32.186;0;0;2.7157;29.47;1178.2;1.0288;0.1838;0.0262;0.7117;0.1071;1179.3;2.3632;2.028;0.2897;0.0413;0.0043;1183.6;1011.8;144.53;19.876;2.0426;175.14;138.89;57.998;3.261;2.1856;31.438;5.328;30.363;0;1;0;0;1.8357;0.9735;1;1;0.8837;0.0681;0.9991;0.9998;1;0.9654;0.9502;0.998;0.998;1;0.998;0.998;0.9707;0.8514;0.0646;3.4544;3.4492;0.0208;0.0103;0.6347;0.0195;0.0691;0.0048;0;0;0.088;2.4754;0;0;0;0;0;0;0;0;0;0;0;0;0.0557;0.0269;2.6075;2.6075;0;77.11;77.11;59.83;0.0508;2973.5;876.89;1;0.044;0.044;0;0;0;0;0;0;2.5634;2.4754;0;14.195;16.438;13.476;15.605;98.312;98.312;29.131;21.989;20.876;7.1422;1.1134;0.2452;0.0382;0.7166;19.639;0.703;0
08/12/21 08:00;45.082;-87.962;1.4389;45.1;44.9;-90;-44.9;726.2;126.1;600.1;18.37;4.6901;0;847.19;42.906;107.11;0;22.24;1019.4;0;1019.4;847.19;107.11;42.906;22.24;0.831;0.0639;0;0.0218;995.4;24.049;0;0;3.5292;20.519;991.97;1.4335;0.042;0.0053;1.2819;0.1043;993.41;1.9908;1.6944;0.2142;0.0788;0.0034;997.54;845.46;106.89;38.017;1.6124;316.32;250.84;104.96;2.6058;3.7201;53.512;5.566;54.627;0;1;0;0;1.4038;0.9764;1;1;0.9177;0.0773;0.9986;1;1;0.9674;0.9393;0.998;0.998;1;0.998;0.998;0.9731;0.886;0.0725;2.9013;2.9612;0.0178;0.0011;0.453;0.0174;0.0618;0.0085;0;0;0.088;2.2051;0;0;0;0;0;0;0;0;0;0;0;0;0.0498;0.0201;2.3316;2.3316;0;68.366;68.366;49.995;0.0504;2551.8;913.7;1;0.0385;0.0385;0;0;0;0;0;0;2.2931;2.2051;0;15.113;17.501;14.293;16.551;98.35;98.35;24.467;19.663;18.596;4.8041;1.0666;0.1964;0.0436;0.7601;31.904;0.7313;0
08/12/21 09:00;57.24;-77.343;6.8094;57.878;32.122;-90;-32.122;348.01;329.5;18.511;19.5;5.2599;0;21.858;299.52;6.0802;0;5.5939;333.05;0;333.05;21.858;6.0802;299.52;5.5939;0.0656;0.9161;0;0.0168;313.36;19.696;0;0;14.766;4.93;303.4;9.3281;0.0051;0.0014;9.215;0.1065;312.73;0.6267;0.0437;0.0122;0.5695;0.0013;305.16;21.809;6.0666;274.97;0.5561;212.6;168.59;71.61;5.7452;2.6906;38.704;1.7594;35.649;0;1;0;0;0.957;0.9409;1;1;0.9507;0.1187;0.9702;0.9998;1;0.9676;0.8392;0.998;0.998;1;0.998;0.998;0.911;0.918;0.0994;0.9478;0.9506;0.0057;0.0129;0.032;0.0063;0.0223;0.007;0;0;0.088;0.7423;0;0;0;0;0;0;0;0;0;0;0;0;0.018;0.0024;0.844;0.844;0;34.436;34.436;14.936;0.0492;814.41;1036.3;1;0.0137;0.0137;0;0;0;0;0;0;0.8303;0.7423;0;16.745;19.39;14.728;17.054;98.38;98.38;7.9933;7.1173;6.2599;0.8759;0.8574;0.1096;0.1073;0.7832;200.4;0.7205;0
08/12/21 10:00;68.691;-59.877;10.508;71.356;18.644;-90;-18.644;614.79;435;179.8;21.04;5.5799;0;189.75;365.55;62.901;0;3.3875;621.59;0;621.59;189.75;62.901;365.55;3.3875;0.3053;0.5935;0;0.0054;611.26;10.33;0;0;7.5085;2.8219;597.18;12.852;0.0687;0.0228;12.635;0.125;610.04;1.2225;0.3795;0.1258;0.7161;0.0011;598.01;189.3;62.753;344.69;0.4395;361.44;286.63;117.37;1.0201;4.2901;61.712;0.821;64.982;0;1;0;0;1.0111;0.9834;1;1;0.9795;0.167;0.9789;0.9996;1;0.9646;0.7786;0.998;0.998;1;0.998;0.998;0.9607;0.9429;0.1297;1.769;1.8345;0.011;0.0012;0.1667;0.0116;0.0411;0.0106;0;0;0.088;1.4392;0;0;0;0;0;0;0;0;0;0;0;0;0.0331;0.0081;1.5512;1.5512;0;50.727;50.727;29.688;0.0497;1576.5;983.96;1;0.024;0.024;0;0;0;0;0;0;1.5272;1.4392;0;16.49;19.095;15.3;17.717;98.456;98.456;14.918;13.081;12.137;1.8368;0.9441;0.1231;0.0633;0.8136;225.71;0.7573;0
08/12/21 11:00;76.908;-20.479;12.251;85.349;4.6515;-90;-4.6515;1101.3;181.7;919.6;22.27;5.7201;0;922.64;59.808;122.19;0;0.3809;1105;0;1105;922.64;122.19;59.808;0.3809;0.835;0.0545;0;0.0003;1104.6;0.4421;0;0;0.1248;0.3172;1099.3;3.0642;0.3896;0.0516;2.6087;0.0142;1102.4;2.2092;1.8453;0.2444;0.1194;0.0001;1099.3;920.41;121.9;56.955;0.0494;648.2;514.02;214.9;0.0003;7.2878;104.83;0.0307;112.12;0;1;0;0;1.0034;0.9996;1;1;0.9979;0.1671;0.9972;0.9996;1;0.9562;0.777;0.998;0.998;1;0.998;0.998;0.9948;0.9523;0.1296;3.1448;3.3553;0.0202;0.0081;0.6304;0.0189;0.0669;0.016;0;0;0.088;2.3856;0;0;0;0;0;0;0;0;0;0;0;0;0.0539;0.0255;2.5154;2.5154;0;78.13;78.13;55.859;0.0508;2872.5;875;1;0.0418;0.0418;0;0;0;0;0;0;2.4736;2.3856;0;15.042;17.418;14.265;16.519;98.337;98.337;26.521;21.213;20.118;5.308;1.0949;0.2001;0.0413;0.7586;35.503;0.7083;0
08/12/21 12:00;74.836;38.051;11.887;80.517;9.4834;90;9.4834;1090.8;179.8;910.99;23.97;5.7499;0;923.61;58.914;122.15;0;1.5653;1106.2;0;1106.2;923.61;122.15;58.914;1.5653;0.8349;0.0547;0;0.0014;1104.6;1.6928;0;0;0.3902;1.3026;1099.4;2.893;0.3785;0.0501;2.4055;0.059;1102.3;2.2091;1.8472;0.2443;0.117;0.0005;1099.7;921.39;121.86;56.001;0.2032;637.66;505.67;210.7;0.0143;7.2165;103.81;0.2882;111.01;0;1;0;0;1.0142;0.9985;1;1;0.9934;0.1678;0.9974;0.9996;1;0.9588;0.775;0.998;0.998;1;0.998;0.998;0.9939;0.9506;0.1298;3.1483;3.3544;0.0202;0.008;0.6522;0.0187;0.0664;0.0157;0;0;0.088;2.3589;0;0;0;0;0;0;0;0;0;0;0;0;0.0535;0.0254;2.4942;2.4881;0;79.919;79.919;55.949;0.0509;2843.6;875;1;0.0473;0.0412;0;0.0061;0;0;0;0;2.4469;2.3589;0;14.862;17.21;14.091;16.317;98.104;98.344;26.55;20.983;19.893;5.5672;1.0895;0.2097;0.041;0.7493;35.271;0.7001;0
08/12/21 13:00;64.925;67.209;9.449;66.666;23.334;90;23.334;1014.8;168.4;846.4;24.06;5.63;0;921.79;54.361;121.67;0;8.7149;1106.5;0;1106.5;921.79;121.67;54.361;8.7149;0.833;0.057;0;0.0079;1097.5;9.0157;0;0;1.6132;7.4025;1092.9;2.3878;0.3003;0.0396;1.7721;0.2759;1095.3;2.1951;1.8436;0.2433;0.1055;0.0026;1095.1;919.65;121.39;50.87;1.0339;564.35;447.53;187.66;0.3422;6.3308;91.066;2.2024;97.055;0;1;0;0;1.0904;0.9919;1;1;0.9703;0.1506;0.9978;0.9997;1;0.9663;0.7894;0.998;0.998;1;0.998;0.998;0.9877;0.9358;0.1186;3.1491;3.3157;0.02;0.0072;0.6418;0.0185;0.0657;0.0138;0;0;0.088;2.337;0;0;0;0;0;0;0;0;0;0;0;0;0.0529;0.0249;2.4709;2.4657;0;79.665;79.665;55.605;0.0509;2818;875;1;0.0458;0.0407;0;0.0051;0;0;0;0;2.425;2.337;0;14.725;17.051;13.956;16.161;98.146;98.35;26.557;20.794;19.709;5.7633;1.0851;0.217;0.0409;0.7421;34.368;0.6991;0
08/12/21 14:00;53.108;81.416;5.1407;53.418;36.582;90;36.582;883.61;155.3;728.31;23.38;5.3201;0;906.98;49.491;125.04;0;18.277;1099.8;0;1099.8;906.98;125.04;49.491;18.277;0.8247;0.0616;0;0.0166;1080.3;19.529;0;0;3.0027;16.526;1076.2;1.9028;0.1607;0.0222;1.498;0.2219;1078.1;2.1605;1.814;0.2501;0.093;0.0035;1081.3;905;124.76;44.897;1.5256;439.54;348.55;148.38;1.4885;4.8659;69.994;5.0811;73.372;0;1;0;0;1.2446;0.9822;1;1;0.9393;0.0958;0.9982;0.9998;1;0.9677;0.873;0.998;0.998;1;0.998;0.998;0.9785;0.9072;0.0835;3.1299;3.2338;0.0195;0.0055;0.6075;0.0182;0.0646;0.0107;0;0;0.088;2.3042;0;0;0;0;0;0;0;0;0;0;0;0;0.052;0.0238;2.4321;2.4321;0;78.059;78.059;54.679;0.0508;2778.3;875;1;0.0399;0.0399;0;0;0;0;0;0;2.3922;2.3042;0;14.613;16.922;13.845;16.032;98.36;98.36;26.395;20.51;19.432;5.8847;1.0786;0.2229;0.0409;0.7362;34.266;0.7027;0
08/12/21 15:00;40.879;90.958;0.7241;40.883;49.117;90;49.117;704.59;145.3;559.3;23.5;4.91;0;854.52;47.273;134.69;0;25.56;1062;0;1062;854.52;134.69;47.273;25.56;0.8046;0.0686;0;0.0241;1033.7;28.298;0;0;4.4455;23.852;1030.2;1.5157;0.0213;0.0034;1.413;0.078;1031.7;2.0675;1.709;0.2694;0.0857;0.0034;1036;852.79;134.41;41.328;1.6262;278.16;220.58;91.576;3.9141;3.4236;49.248;5.8712;48.757;0;1;0;0;1.5073;0.9734;1;1;0.906;0.0668;0.9985;1;1;0.9669;0.9542;0.998;0.998;1;0.998;0.998;0.97;0.8743;0.0636;3.0225;3.0628;0.0184;0.0025;0.5503;0.0174;0.0619;0.0076;0;0;0.088;2.2075;0;0;0;0;0;0;0;0;0;0;0;0;0.0498;0.0215;2.3333;2.3333;0;75.738;75.738;52.237;0.0507;2641.4;883.38;1;0.0378;0.0378;0;0;0;0;0;0;2.2955;2.2075;0;14.518;16.811;13.735;15.905;98.38;98.38;25.489;19.677;18.616;5.8116;1.0609;0.228;0.0416;0.7304;36.585;0.7059;0
08/12/21 16:00;28.667;98.889;7.861;28.96;60;90;60;479.11;153.6;325.51;23.76;4.3999;0;672.15;59.706;152.79;0;25.153;909.8;0;909.8;672.15;152.79;59.706;25.153;0.7388;0.0933;0;0.0276;878.76;31.037;0;0;7.5061;23.531;874.83;2.1772;0.1821;0.0414;1.8433;0.1104;877;1.7575;1.3443;0.3056;0.1044;0.0032;878.96;670.62;152.44;50.252;1.5086;113;89.61;40.458;9.988;1.7251;24.814;4.1327;16.551;0;1;0;0;1.8989;0.9659;1;1;0.8743;0.0645;0.9975;0.9997;1;0.9646;0.9318;0.998;0.998;1;0.998;0.998;0.9616;0.8417;0.06;2.5892;2.5645;0.0154;-0.0018;0.3889;0.0151;0.0537;0.004;0;0;0.088;1.9109;0;0;0;0;0;0;0;0;0;0;0;0;0.0432;0.0153;2.0307;2.0307;0;67.831;67.831;44.071;0.0504;2211.7;918.13;1;0.0317;0.0317;0;0;0;0;0;0;1.9989;1.9109;0;14.749;17.079;13.879;16.072;98.437;98.437;21.835;17.125;16.115;4.7103;1.0098;0.2157;0.0462;0.738;51.978;0.7233;0
08/12/21 17:00;16.706;106.43;45.798;17.375;29.032;90;29.032;247.7;144.2;103.5;22.56;3.05;0;251.01;100.6;89.392;0;3.2681;444.27;0;444.27;251.01;89.392;100.6;3.2681;0.565;0.2338;0;0.0074;437.18;7.0873;0;0;4.2362;2.851;429.6;6.7115;2.5741;0.9167;3.1443;0.0764;436.31;0.8744;0.502;0.1788;0.1927;0.0008;430.05;247.94;88.296;93.025;0.3397;66.558;52.781;21.755;1.3602;0.857;12.328;0.4495;11.824;0;1;0;0;1.7936;0.984;1;1;0.9579;0.1276;0.9846;0.9897;1;0.9673;0.8163;0.998;0.998;1;0.998;0.998;0.967;0.9247;0.104;1.2644;1.2551;0.0076;0.0086;0.0841;0.0081;0.0287;0.0022;0;0;0.088;0.9839;0;0;0;0;0;0;0;0;0;0;0;0;0.0231;0.004;1.0888;1.0888;0;43.828;43.828;21.268;0.0495;1081.2;1007;1;0.0169;0.0169;0;0;0;0;0;0;1.0719;0.9839;0;16.195;18.754;14.635;16.947;98.448;98.448;10.662;9.1823;8.2977;1.4801;0.8846;0.1388;0.083;0.7782;65.871;0.7624;0
08/12/21 18:00;5.3959;114.13;76.817;5.9089;8.5494;90;8.5494;40.691;39.898;0.7923;20.95;2.98;0;1.9216;39.439;0.5788;0;0.0475;41.987;0;41.987;1.9216;0.5788;39.439;0.0475;0.0458;0.9404;0;0.0011;41.728;0.2595;0;0;0.22;0.0395;39.446;2.1985;0.4328;0.1304;1.6336;0.0018;41.644;0.0835;0.0038;0.0012;0.0784;0;39.452;1.485;0.4473;37.507;0.0062;23.568;18.69;7.4385;0.0061;0.2898;4.1682;0.0068;4.4518;0;1;0;0;1.0319;0.9938;1;1;0.9944;0.1677;0.9472;0.7743;1;0.9583;0.7752;0.998;0.998;1;0.998;0.998;0.9395;0.951;0.1297;0.1195;0.1212;0.0007;0.0121;-0.0009;0.0008;0.0027;0.0007;0;0;0.088;0.0103;0;0;0;0;0;0;0;0;0;0;0;0;0.0022;0.0001;0.1028;0.1028;0;22.913;22.913;1.9628;0.0498;102.09;1007.4;1;0.0045;0.0045;0;0;0;0;0;0;0.0983;0.0103;0;16.185;18.742;1.6283;1.8855;95.629;95.629;1.0077;0.8673;0.0873;0.1404;0.78;0.1393;0.7741;0.0866;23.563;0.0806;0
08/12/21 19:00;0;0;90;0;0;90;0;0;0;0;17.9;3.38;0;0;0;0;0;0;0;0;0;0;0;0;0;1;1;1;1;0;0;0;0;0;0;0;0;0;0;0;0;0;0;0;0;0;0;0;0;0;0;0;0;0;0;0;0;0;0;0;0;0;0;0;1;1;1;1;1;1;1;1;1;1;1;1;1;1;1;1;1;1;1;0;0;0;0;0;0;0;0;0;0.0004;0.088;-0.0884;0;0;0;0;0;0;0;0;0;0;0;0;0;0;0;0;0;0;0;-17.9;0;0;0;0;0.0004;0;0;0;0;0;0;0;-0.0004;-0.0884;0;0;0;0;0;0;0;0;0;-0.7452;0;0.7452;1;1;0;0;0;0
08/12/21 20:00;0;0;90;0;0;90;0;0;0;0;16.22;3.8399;0;0;0;0;0;0;0;0;0;0;0;0;0;1;1;1;1;0;0;0;0;0;0;0;0;0;0;0;0;0;0;0;0;0;0;0;0;0;0;0;0;0;0;0;0;0;0;0;0;0;0;0;1;1;1;1;1;1;1;1;1;1;1;1;1;1;1;1;1;1;1;0;0;0;0;0;0;0;0;0;0.0004;0.088;-0.0884;0;0;0;0;0;0;0;0;0;0;0;0;0;0;0;0;0;0;0;-16.22;0;0;0;0;0.0004;0;0;0;0;0;0;0;-0.0004;-0.0884;0;0;0;0;0;0;0;0;0;-0.7452;0;0.7452;1;1;0;0;0;0
08/12/21 21:00;0;0;90;0;0;90;0;0;0;0;15.1;4.0501;0;0;0;0;0;0;0;0;0;0;0;0;0;1;1;1;1;0;0;0;0;0;0;0;0;0;0;0;0;0;0;0;0;0;0;0;0;0;0;0;0;0;0;0;0;0;0;0;0;0;0;0;1;1;1;1;1;1;1;1;1;1;1;1;1;1;1;1;1;1;1;0;0;0;0;0;0;0;0;0;0.0004;0.088;-0.0884;0;0;0;0;0;0;0;0;0;0;0;0;0;0;0;0;0;0;0;-15.1;0;0;0;0;0.0004;0;0;0;0;0;0;0;-0.0004;-0.0884;0;0;0;0;0;0;0;0;0;-0.7452;0;0.7452;1;1;0;0;0;0
08/12/21 22:00;0;0;90;0;0;90;0;0;0;0;14.07;4.01;0;0;0;0;0;0;0;0;0;0;0;0;0;1;1;1;1;0;0;0;0;0;0;0;0;0;0;0;0;0;0;0;0;0;0;0;0;0;0;0;0;0;0;0;0;0;0;0;0;0;0;0;1;1;1;1;1;1;1;1;1;1;1;1;1;1;1;1;1;1;1;0;0;0;0;0;0;0;0;0;0.0004;0.088;-0.0884;0;0;0;0;0;0;0;0;0;0;0;0;0;0;0;0;0;0;0;-14.07;0;0;0;0;0.0004;0;0;0;0;0;0;0;-0.0004;-0.0884;0;0;0;0;0;0;0;0;0;-0.7452;0;0.7452;1;1;0;0;0;0
08/12/21 23:00;0;0;90;0;0;90;0;0;0;0;13.3;3.24;0;0;0;0;0;0;0;0;0;0;0;0;0;1;1;1;1;0;0;0;0;0;0;0;0;0;0;0;0;0;0;0;0;0;0;0;0;0;0;0;0;0;0;0;0;0;0;0;0;0;0;0;1;1;1;1;1;1;1;1;1;1;1;1;1;1;1;1;1;1;1;0;0;0;0;0;0;0;0;0;0.0004;0.088;-0.0884;0;0;0;0;0;0;0;0;0;0;0;0;0;0;0;0;0;0;0;-13.3;0;0;0;0;0.0004;0;0;0;0;0;0;0;-0.0004;-0.0884;0;0;0;0;0;0;0;0;0;-0.7452;0;0.7452;1;1;0;0;0;0
09/12/21 00:00;0;0;90;0;0;90;0;0;0;0;12.77;3.07;0;0;0;0;0;0;0;0;0;0;0;0;0;1;1;1;1;0;0;0;0;0;0;0;0;0;0;0;0;0;0;0;0;0;0;0;0;0;0;0;0;0;0;0;0;0;0;0;0;0;0;0;1;1;1;1;1;1;1;1;1;1;1;1;1;1;1;1;1;1;1;0;0;0;0;0;0;0;0;0;0.0004;0.088;-0.0884;0;0;0;0;0;0;0;0;0;0;0;0;0;0;0;0;0;0;0;-12.77;0;0;0;0;0.0004;0;0;0;0;0;0;0;-0.0004;-0.0884;0;0;0;0;0;0;0;0;0;-0.7452;0;0.7452;1;1;0;0;0;0
09/12/21 01:00;0;0;90;0;0;90;0;0;0;0;12.07;2.74;0;0;0;0;0;0;0;0;0;0;0;0;0;1;1;1;1;0;0;0;0;0;0;0;0;0;0;0;0;0;0;0;0;0;0;0;0;0;0;0;0;0;0;0;0;0;0;0;0;0;0;0;1;1;1;1;1;1;1;1;1;1;1;1;1;1;1;1;1;1;1;0;0;0;0;0;0;0;0;0;0.0004;0.088;-0.0884;0;0;0;0;0;0;0;0;0;0;0;0;0;0;0;0;0;0;0;-12.07;0;0;0;0;0.0004;0;0;0;0;0;0;0;-0.0004;-0.0884;0;0;0;0;0;0;0;0;0;-0.7452;0;0.7452;1;1;0;0;0;0
09/12/21 02:00;0;0;90;0;0;90;0;0;0;0;10.93;2.2301;0;0;0;0;0;0;0;0;0;0;0;0;0;1;1;1;1;0;0;0;0;0;0;0;0;0;0;0;0;0;0;0;0;0;0;0;0;0;0;0;0;0;0;0;0;0;0;0;0;0;0;0;1;1;1;1;1;1;1;1;1;1;1;1;1;1;1;1;1;1;1;0;0;0;0;0;0;0;0;0;0.0004;0.088;-0.0884;0;0;0;0;0;0;0;0;0;0;0;0;0;0;0;0;0;0;0;-10.93;0;0;0;0;0.0004;0;0;0;0;0;0;0;-0.0004;-0.0884;0;0;0;0;0;0;0;0;0;-0.7452;0;0.7452;1;1;0;0;0;0
09/12/21 03:00;0;0;90;0;0;90;0;0;0;0;9.5998;1.7599;0;0;0;0;0;0;0;0;0;0;0;0;0;1;1;1;1;0;0;0;0;0;0;0;0;0;0;0;0;0;0;0;0;0;0;0;0;0;0;0;0;0;0;0;0;0;0;0;0;0;0;0;1;1;1;1;1;1;1;1;1;1;1;1;1;1;1;1;1;1;1;0;0;0;0;0;0;0;0;0;0.0004;0.088;-0.0884;0;0;0;0;0;0;0;0;0;0;0;0;0;0;0;0;0;0;0;-9.5998;0;0;0;0;0.0004;0;0;0;0;0;0;0;-0.0004;-0.0884;0;0;0;0;0;0;0;0;0;-0.7452;0;0.7452;1;1;0;0;0;0
09/12/21 04:00;1.7888;-116.96;85.658;2.0067;2.865;-90;-2.865;0;0;0;8.4598;1.88;0;0;0;0;0;0;0;0;0;0;0;0;0;1;1;1;1;0;0;0;0;0;0;0;0;0;0;0;0;0;0;0;0;0;0;0;0;0;0;0;0;0;0;0;0;0;0;0;0;0;0;0;1;1;1;1;1;1;1;1;1;1;1;1;1;1;1;1;1;1;1;0;0;0;0;0;0;0;0;0;0.0004;0.088;-0.0884;0;0;0;0;0;0;0;0;0;0;0;0;0;0;0;0;0;0;0;-8.4598;0;0;0;0;0.0004;0;0;0;0;0;0;0;-0.0004;-0.0884;0;0;0;0;0;0;0;0;0;-0.7452;0;0.7452;1;1;0;0;0;0
09/12/21 05:00;9.0554;-111.65;67.56;9.7298;14.467;-90;-14.467;69.602;55.497;14.105;9.5799;0.75;0;34.208;51.143;8.5617;0;0.2317;94.144;0;94.144;34.208;8.5617;51.143;0.2317;0.3634;0.5457;0;0.0025;93.266;0.878;0;0;0.6855;0.1924;87.63;5.4499;2.82;0.7058;1.9153;0.0088;93.08;0.1865;0.0684;0.0171;0.1009;0.0001;87.667;31.32;7.8388;48.441;0.0304;31.151;24.703;9.8526;0.0582;0.3849;5.5365;0.0374;5.8633;0;1;0;0;1.3526;0.9907;1;1;0.9866;0.1696;0.9414;0.9174;1;0.962;0.776;0.998;0.998;1;0.998;0.998;0.9308;0.9472;0.1313;0.2679;0.2619;0.0016;0.016;-0.0106;0.0018;0.0063;0.001;0;0;0.088;0.1455;0;0;0;0;0;0;0;0;0;0;0;0;0.0051;0.0003;0.2404;0.2404;0;13.867;13.867;4.2866;0.0489;222.7;1079.5;1;0.0069;0.0069;0;0;0;0;0;0;0.2335;0.1455;0;16.875;19.54;10.21;11.823;97.11;97.11;2.2595;2.0274;1.2267;0.232;0.8007;0.1027;0.3544;0.5429;31.065;0.52;0
09/12/21 06:00;20.728;-103.98;30.863;21.305;40.482;-90;-40.482;336.19;58.397;277.79;11.36;1.2799;0;673.73;22.768;78.902;0;8.4504;783.85;0;783.85;673.73;78.902;22.768;8.4504;0.8595;0.0398;0;0.0108;774.52;9.3315;0;0;1.6094;7.7221;771.06;1.9047;1.036;0.1213;0.6843;0.063;772.97;1.549;1.3475;0.1578;0.0423;0.0015;771.29;671.34;78.622;20.433;0.6639;17.805;14.12;6.4457;0.9684;0.2279;3.2777;0.2308;2.5372;0;1;0;0;2.3316;0.9881;1;1;0.9293;0.0862;0.9975;0.9985;1;0.9676;0.9133;0.998;0.998;1;0.998;0.998;0.9837;0.8974;0.0786;2.2308;2.2133;0.0133;-0.0015;0.1914;0.0141;0.0499;0.0006;0;0;0.088;1.7752;0;0;0;0;0;0;0;0;0;0;0;0;0.0402;0.0116;1.8938;1.8938;0;49.632;49.632;38.272;0.0496;1909.7;991.68;1;0.0306;0.0306;0;0;0;0;0;0;1.8632;1.7752;0;15.965;18.487;14.965;17.329;98.383;98.383;18.812;15.97;14.97;2.8419;1.0003;0.1511;0.0532;0.7958;16.285;0.7933;0
09/12/21 07:00;32.793;-96.418;5.3919;32.957;57.043;-90;-57.043;564.1;92.901;471.2;14.27;1.6099;0;866.16;27.43;105.46;0;27.009;1026.1;0;1026.1;866.16;105.46;27.43;27.009;0.8442;0.0531;0;0.0263;997.7;28.363;0;0;3.1938;25.169;994.59;1.1087;0.161;0.0196;0.8364;0.0917;995.7;1.9954;1.7323;0.2109;0.0485;0.0037;999.26;864.27;105.23;23.352;1.7443;153;121.33;50.898;3.8371;1.9582;28.167;4.6716;26.289;0;1;0;0;1.8189;0.9724;1;1;0.8836;0.0681;0.9989;0.9998;1;0.9654;0.9501;0.998;0.998;1;0.998;0.998;0.9693;0.8513;0.0646;2.9201;2.9154;0.0176;0.0006;0.4025;0.0175;0.0619;0.0046;0;0;0.088;2.2142;0;0;0;0;0;0;0;0;0;0;0;0;0.0499;0.0195;2.3414;2.3414;0;64.227;64.227;49.958;0.0502;2512.2;932.01;1;0.0391;0.0391;0;0;0;0;0;0;2.3022;2.2142;0;15.079;17.461;14.26;16.513;98.328;98.328;24.625;19.745;18.673;4.8804;1.0722;0.1982;0.0435;0.7583;23.085;0.743;0
09/12/21 08:00;45.039;-88.149;1.3077;45.054;44.946;-90;-44.946;567.79;253.5;314.29;15.67;2.0099;0;444.06;148.22;112.92;0;17.422;722.62;0;722.62;444.06;112.92;148.22;17.422;0.6145;0.2292;0;0.0241;694.33;28.285;0;0;12.209;16.076;688.41;4.5345;0.02;0.0051;4.4281;0.0813;692.94;1.3887;0.8881;0.2258;0.272;0.0027;693.31;443.15;112.69;131.31;1.2622;275.94;218.82;93.688;9.0178;3.5453;50.998;4.9067;45.526;0;1;0;0;1.2727;0.9609;1;1;0.9176;0.0773;0.9935;1;1;0.9674;0.9395;0.998;0.998;1;0.998;0.998;0.9527;0.8859;0.0724;2.0565;2.0858;0.0126;-0.0009;0.1823;0.0132;0.047;0.0088;0;0;0.088;1.6584;0;0;0;0;0;0;0;0;0;0;0;0;0.0378;0.0103;1.7747;1.7747;0;49.853;49.853;34.183;0.0497;1795.1;988.61;1;0.0283;0.0283;0;0;0;0;0;0;1.7464;1.6584;0;16.228;18.792;15.165;17.561;98.406;98.406;17.343;14.966;13.985;2.3769;0.9807;0.1371;0.0565;0.8064;110.26;0.7659;0
09/12/21 09:00;57.203;-77.591;6.6845;57.817;32.184;-90;-32.184;940.71;155.2;785.5;17.73;2.27;0;928.11;48.245;121.63;0;15.177;1113.2;0;1113.2;928.11;121.63;48.245;15.177;0.8338;0.057;0;0.0136;1097.4;15.765;0;0;2.3856;13.38;1093.2;2.0134;0.2139;0.028;1.4839;0.2876;1095.2;2.1948;1.8562;0.2433;0.0917;0.0036;1097.2;926.04;121.36;44.284;1.5062;490.03;388.59;168.47;0.9351;5.1794;74.503;4.0455;78.747;0;1;0;0;1.1833;0.9858;1;1;0.9506;0.1184;0.9982;0.9998;1;0.9676;0.8397;0.998;0.998;1;0.998;0.998;0.9821;0.9179;0.0992;3.168;3.2885;0.0198;0.0066;0.5573;0.0189;0.0671;0.0116;0;0;0.088;2.3978;0;0;0;0;0;0;0;0;0;0;0;0;0.0541;0.0245;2.5284;2.5284;0;73.047;73.047;55.317;0.0506;2833;892.49;1;0.0426;0.0426;0;0;0;0;0;0;2.4858;2.3978;0;15.009;17.38;14.234;16.483;98.315;98.315;26.716;21.322;20.221;5.3936;1.1014;0.2019;0.0412;0.7569;32.294;0.7208;0
09/12/21 10:00;68.677;-60.257;10.393;71.278;18.722;-90;-18.722;1086.4;179.3;907.09;19.09;2.2301;0;957.77;53.91;130.85;0;6.0361;1148.6;0;1148.6;957.77;130.85;53.91;6.0361;0.8339;0.0522;0;0.0053;1142.4;6.144;0;0;1.1152;5.0288;1137.7;2.4731;0.3431;0.0469;1.8606;0.2225;1140.1;2.2849;1.9155;0.2617;0.1056;0.002;1139.1;955.52;130.54;50.828;0.7828;617.65;489.8;204.29;0.1541;6.986;100.49;1.4611;107.32;0;1;0;0;1.0572;0.9947;1;1;0.9793;0.1669;0.9978;0.9996;1;0.9647;0.7787;0.998;0.998;1;0.998;0.998;0.9905;0.9428;0.1297;3.2687;3.4604;0.0208;0.0106;0.6333;0.0196;0.0694;0.0154;0;0;0.088;2.4764;0;0;0;0;0;0;0;0;0;0;0;0;0.0559;0.027;2.6084;2.6084;0;76.842;76.842;57.752;0.0508;2977.2;876.13;1;0.044;0.044;0;0;0;0;0;0;2.5644;2.4764;0;15.007;17.377;14.247;16.498;98.312;98.312;27.566;21.997;20.884;5.5688;1.1134;0.202;0.0404;0.7576;33.299;0.711;0
09/12/21 11:00;76.97;-21.03;12.148;85.253;4.7473;-90;-4.7473;1166;192.4;973.6;19.45;1.9999;0;976.95;55.83;136.94;0;0.42;1170.1;0;1170.1;976.95;136.94;55.83;0.42;0.8349;0.0481;0;0.0004;1169.7;0.4701;0;0;0.1203;0.3498;1164.4;2.9147;0.4091;0.0573;2.4326;0.0156;1167.3;2.3394;1.9539;0.2739;0.1114;0.0001;1164.5;974.59;136.61;53.166;0.0544;686.19;544.14;227.58;0.0004;7.7094;110.9;0.0355;118.61;0;1;0;0;1.0036;0.9996;1;1;0.9978;0.1672;0.9975;0.9996;1;0.9562;0.777;0.998;0.998;1;0.998;0.998;0.9951;0.9523;0.1296;3.3301;3.5537;0.0214;0.0131;0.6733;0.0199;0.0707;0.0169;0;0;0.088;2.5202;0;0;0;0;0;0;0;0;0;0;0;0;0.0569;0.0284;2.6533;2.6533;0;78.651;78.651;59.201;0.0508;3027.8;875;1;0.045;0.045;0;0;0;0;0;0;2.6082;2.5202;0;14.983;17.35;14.232;16.48;98.303;98.303;28.084;22.375;21.253;5.7082;1.1219;0.2033;0.0399;0.7568;33.146;0.7067;0
09/12/21 12:00;74.972;37.938;11.8;80.627;9.3728;90;9.3728;597.09;467;130.09;20.9;1.95;0;131.85;419.53;45.255;0;0.837;597.48;0;597.48;131.85;45.255;419.53;0.837;0.2207;0.7036;0;0.0014;594.05;3.4218;0;0;2.7253;0.6965;575.6;17.263;0.0536;0.0184;17.16;0.0315;592.87;1.1881;0.2637;0.0905;0.8336;0.0003;575.74;131.54;45.146;398.81;0.1086;353.18;280.07;113.12;0.0946;4.2351;60.92;0.1402;65.06;0;1;0;0;1.0006;0.9943;1;1;0.9935;0.1678;0.9709;0.9996;1;0.9587;0.775;0.998;0.998;1;0.998;0.998;0.9634;0.9506;0.1298;1.7004;1.7693;0.0107;0.0019;0.153;0.0112;0.0398;0.0105;0;0;0.088;1.3915;0;0;0;0;0;0;0;0;0;0;0;0;0.0321;0.0075;1.5026;1.5026;0;49.49;49.49;28.59;0.0497;1519.4;988.92;1;0.0231;0.0231;0;0;0;0;0;0;1.4795;1.3915;0;16.618;19.244;15.389;17.82;98.461;98.461;14.339;12.671;11.734;1.668;0.9371;0.1163;0.0654;0.8183;251.11;0.7603;0
09/12/21 13:00;65.062;67.264;9.3787;66.787;23.213;90;23.213;1097.9;181.1;916.8;21.8;2.1;0;997.56;49.062;141.42;0;9.332;1197.4;0;1197.4;997.56;141.42;49.062;9.332;0.8331;0.0488;0;0.0078;1188;9.3663;0;0;1.4438;7.9225;1183.4;2.2662;0.3225;0.0457;1.6011;0.2969;1185.6;2.376;1.9951;0.2828;0.0952;0.0028;1185.7;995.24;141.09;45.922;1.1098;610.44;484.08;203;0.3036;6.8431;98.435;2.3532;104.97;0;1;0;0;1.0906;0.9922;1;1;0.9706;0.151;0.9981;0.9997;1;0.9663;0.7889;0.998;0.998;1;0.998;0.998;0.9883;0.936;0.1189;3.4076;3.5896;0.0216;0.0141;0.7256;0.0198;0.0702;0.0147;0;0;0.088;2.4924;0;0;0;0;0;0;0;0;0;0;0;0;0.0566;0.0289;2.6381;2.6248;0;82.139;82.139;60.339;0.051;2999.7;875;1;0.0577;0.0444;0;0.0133;0;0;0;0;2.5804;2.4924;0;14.485;16.774;13.755;15.928;97.814;98.309;28.737;22.135;21.019;6.6017;1.1163;0.2297;0.0388;0.7314;30.997;0.689;0
09/12/21 14:00;53.242;81.48;5.0867;53.546;36.454;90;36.454;931.29;153.8;777.49;21.81;2.49;0;966.63;43.177;131.71;0;19.133;1160.6;0;1160.6;966.63;131.71;43.177;19.133;0.8328;0.0537;0;0.0165;1140.8;19.895;0;0;2.6052;17.29;1136.7;1.7357;0.1695;0.0231;1.3073;0.2358;1138.5;2.2815;1.9333;0.2634;0.0811;0.0037;1141.8;964.52;131.43;39.183;1.6034;462.65;366.88;159.52;1.2838;4.8864;70.289;5.1108;73.892;0;1;0;0;1.2463;0.9829;1;1;0.9397;0.0963;0.9985;0.9998;1;0.9677;0.8718;0.998;0.998;1;0.998;0.998;0.9794;0.9075;0.0838;3.3031;3.4077;0.0205;0.0093;0.6589;0.019;0.0675;0.0107;0;0;0.088;2.4058;0;0;0;0;0;0;0;0;0;0;0;0;0.0544;0.0263;2.5412;2.5361;0;79.648;79.648;57.837;0.0509;2898.4;875;1;0.0474;0.0423;0;0.0051;0;0;0;0;2.4938;2.4058;0;14.439;16.72;13.697;15.861;98.133;98.332;27.856;21.387;20.288;6.4683;1.0989;0.2322;0.0395;0.7283;29.863;0.6968;0
09/12/21 15:00;41.012;91.012;0.7637;41.016;48.984;90;48.984;707.99;144.6;563.39;22.3;3.4101;0;858.48;46.774;134.27;0;25.553;1065.1;0;1065.1;858.48;134.27;46.774;25.553;0.806;0.0679;0;0.024;1036.9;28.223;0;0;4.3812;23.842;1033.3;1.5028;0.0226;0.0035;1.3979;0.0787;1034.8;2.0737;1.717;0.2685;0.0848;0.0034;1039.1;856.74;134;40.91;1.6286;280.34;222.31;92.367;3.8365;3.4385;49.461;5.8671;49.063;0;1;0;0;1.5044;0.9735;1;1;0.9063;0.0669;0.9985;1;1;0.967;0.9539;0.998;0.998;1;0.998;0.998;0.9701;0.8746;0.0637;3.0311;3.0721;0.0185;0.0027;0.5397;0.0176;0.0623;0.0077;0;0;0.088;2.2255;0;0;0;0;0;0;0;0;0;0;0;0;0.0502;0.0216;2.3518;2.3518;0;74.649;74.649;52.349;0.0507;2649.3;887.71;1;0.0383;0.0383;0;0;0;0;0;0;2.3135;2.2255;0;14.591;16.896;13.808;15.989;98.37;98.37;25.562;19.833;18.768;5.7284;1.0654;0.2241;0.0417;0.7342;36.152;0.7096;0
09/12/21 16:00;28.801;98.933;7.8718;29.097;60;90;60;475.9;159.2;316.7;23.08;4.3199;0;651.18;63.688;152.74;0;24.985;892.58;0;892.58;651.18;152.74;63.688;24.985;0.7295;0.0993;0;0.028;861.2;31.38;0;0;8.0068;23.373;857.19;2.294;0.1767;0.0414;1.9662;0.1097;859.48;1.7224;1.3024;0.3055;0.1114;0.0032;861.39;649.7;152.39;53.604;1.4985;116.58;92.449;42.049;10.654;1.7823;25.638;4.2006;16.767;0;1;0;0;1.8756;0.9648;1;1;0.8743;0.0645;0.9973;0.9997;1;0.9646;0.9318;0.998;0.998;1;0.998;0.998;0.9603;0.8417;0.06;2.5402;2.5159;0.0152;-0.0019;0.3669;0.015;0.053;0.0041;0;0;0.088;1.8868;0;0;0;0;0;0;0;0;0;0;0;0;0.0427;0.0147;2.0062;2.0062;0;66.205;66.205;43.125;0.0503;2170.4;924.38;1;0.0314;0.0314;0;0;0;0;0;0;1.9748;1.8868;0;14.852;17.199;13.968;16.175;98.435;98.435;21.422;16.919;15.912;4.5033;1.007;0.2102;0.047;0.7428;55.445;0.7271;0
09/12/21 17:00;16.842;106.46;45.358;17.518;29.371;90;29.371;243.91;148.3;95.611;22.19;3.62;0;231.88;106.26;84.245;0;3.2919;425.68;0;425.68;231.88;84.245;106.26;3.2919;0.5447;0.2574;0;0.0077;418.25;7.4349;0;0;4.5583;2.8766;410.86;6.5506;2.3184;0.8423;3.3147;0.0753;417.41;0.8365;0.4638;0.1685;0.2034;0.0008;411.33;229.1;83.235;98.187;0.3392;70.378;55.809;23.519;1.4958;0.8764;12.607;0.4678;11.987;0;1;0;0;1.7453;0.9825;1;1;0.9571;0.1262;0.9843;0.99;1;0.9673;0.8183;0.998;0.998;1;0.998;0.998;0.9652;0.924;0.103;1.2115;1.2021;0.0072;0.0093;0.075;0.0078;0.0276;0.0022;0;0;0.088;0.9427;0;0;0;0;0;0;0;0;0;0;0;0;0.0222;0.0037;1.0471;1.0471;0;42.513;42.513;20.323;0.0495;1035.3;1011.4;1;0.0163;0.0163;0;0;0;0;0;0;1.0307;0.9427;0;16.254;18.822;14.634;16.946;98.439;98.439;10.216;8.8301;7.9502;1.3863;0.88;0.1357;0.0861;0.7782;69.739;0.7613;0
09/12/21 18:00;5.5332;114.15;76.476;6.0601;8.7751;90;8.7751;10.295;10.197;0.0975;19.42;2.18;0;0.2364;10.13;0.0177;0;0.0127;10.397;0;10.397;0.2364;0.0177;10.13;0.0127;0.0227;0.9756;0;0.0012;10.328;0.0695;0;0;0.059;0.0105;9.8331;0.4738;0.0513;0.0039;0.4182;0.0005;10.307;0.0207;0.0005;0;0.0201;0;9.835;0.1846;0.0139;9.633;0.0016;6.0558;4.8023;1.9116;0.0018;0.0744;1.0709;0.0019;1.1436;0;1;0;0;1.0099;0.9933;1;1;0.9942;0.1677;0.954;0.7825;1;0.9584;0.7752;0.998;0.998;1;0.998;0.998;0.9458;0.9509;0.1297;0.0296;0.0303;0.0002;0.006;-0.0005;0.0002;0.0006;0.0002;0;0;0.088;-0.0673;0;0;0;0;0;0;0;0;0;0;0;0;0.0005;0;0.0231;0.0231;0;19.92;19.92;0.4997;0.0508;24.199;956;1;0.0024;0.0024;0;0;0;0;0;0;0.0207;-0.0673;0;14.703;17.026;-42.779;-49.537;89.437;89.437;0.2495;0.1951;-0.5676;0.0544;0.7627;0.2182;3.0566;0;6.0553;0;0
09/12/21 19:00;0;0;90;0;0;90;0;0;0;0;15.86;1.6701;0;0;0;0;0;0;0;0;0;0;0;0;0;1;1;1;1;0;0;0;0;0;0;0;0;0;0;0;0;0;0;0;0;0;0;0;0;0;0;0;0;0;0;0;0;0;0;0;0;0;0;0;1;1;1;1;1;1;1;1;1;1;1;1;1;1;1;1;1;1;1;0;0;0;0;0;0;0;0;0;0.0004;0.088;-0.0884;0;0;0;0;0;0;0;0;0;0;0;0;0;0;0;0;0;0;0;-15.86;0;0;0;0;0.0004;0;0;0;0;0;0;0;-0.0004;-0.0884;0;0;0;0;0;0;0;0;0;-0.7452;0;0.7452;1;1;0;0;0;0
09/12/21 20:00;0;0;90;0;0;90;0;0;0;0;14.93;1.1299;0;0;0;0;0;0;0;0;0;0;0;0;0;1;1;1;1;0;0;0;0;0;0;0;0;0;0;0;0;0;0;0;0;0;0;0;0;0;0;0;0;0;0;0;0;0;0;0;0;0;0;0;1;1;1;1;1;1;1;1;1;1;1;1;1;1;1;1;1;1;1;0;0;0;0;0;0;0;0;0;0.0004;0.088;-0.0884;0;0;0;0;0;0;0;0;0;0;0;0;0;0;0;0;0;0;0;-14.93;0;0;0;0;0.0004;0;0;0;0;0;0;0;-0.0004;-0.0884;0;0;0;0;0;0;0;0;0;-0.7452;0;0.7452;1;1;0;0;0;0
09/12/21 21:00;0;0;90;0;0;90;0;0;0;0;14.21;1.08;0;0;0;0;0;0;0;0;0;0;0;0;0;1;1;1;1;0;0;0;0;0;0;0;0;0;0;0;0;0;0;0;0;0;0;0;0;0;0;0;0;0;0;0;0;0;0;0;0;0;0;0;1;1;1;1;1;1;1;1;1;1;1;1;1;1;1;1;1;1;1;0;0;0;0;0;0;0;0;0;0.0004;0.088;-0.0884;0;0;0;0;0;0;0;0;0;0;0;0;0;0;0;0;0;0;0;-14.21;0;0;0;0;0.0004;0;0;0;0;0;0;0;-0.0004;-0.0884;0;0;0;0;0;0;0;0;0;-0.7452;0;0.7452;1;1;0;0;0;0
09/12/21 22:00;0;0;90;0;0;90;0;0;0;0;14;1.71;0;0;0;0;0;0;0;0;0;0;0;0;0;1;1;1;1;0;0;0;0;0;0;0;0;0;0;0;0;0;0;0;0;0;0;0;0;0;0;0;0;0;0;0;0;0;0;0;0;0;0;0;1;1;1;1;1;1;1;1;1;1;1;1;1;1;1;1;1;1;1;0;0;0;0;0;0;0;0;0;0.0004;0.088;-0.0884;0;0;0;0;0;0;0;0;0;0;0;0;0;0;0;0;0;0;0;-14;0;0;0;0;0.0004;0;0;0;0;0;0;0;-0.0004;-0.0884;0;0;0;0;0;0;0;0;0;-0.7452;0;0.7452;1;1;0;0;0;0
09/12/21 23:00;0;0;90;0;0;90;0;0;0;0;13.24;2.59;0;0;0;0;0;0;0;0;0;0;0;0;0;1;1;1;1;0;0;0;0;0;0;0;0;0;0;0;0;0;0;0;0;0;0;0;0;0;0;0;0;0;0;0;0;0;0;0;0;0;0;0;1;1;1;1;1;1;1;1;1;1;1;1;1;1;1;1;1;1;1;0;0;0;0;0;0;0;0;0;0.0004;0.088;-0.0884;0;0;0;0;0;0;0;0;0;0;0;0;0;0;0;0;0;0;0;-13.24;0;0;0;0;0.0004;0;0;0;0;0;0;0;-0.0004;-0.0884;0;0;0;0;0;0;0;0;0;-0.7452;0;0.7452;1;1;0;0;0;0
10/12/21 00:00;0;0;90;0;0;90;0;0;0;0;12.94;3.8;0;0;0;0;0;0;0;0;0;0;0;0;0;1;1;1;1;0;0;0;0;0;0;0;0;0;0;0;0;0;0;0;0;0;0;0;0;0;0;0;0;0;0;0;0;0;0;0;0;0;0;0;1;1;1;1;1;1;1;1;1;1;1;1;1;1;1;1;1;1;1;0;0;0;0;0;0;0;0;0;0.0004;0.088;-0.0884;0;0;0;0;0;0;0;0;0;0;0;0;0;0;0;0;0;0;0;-12.94;0;0;0;0;0.0004;0;0;0;0;0;0;0;-0.0004;-0.0884;0;0;0;0;0;0;0;0;0;-0.7452;0;0.7452;1;1;0;0;0;0
10/12/21 01:00;0;0;90;0;0;90;0;0;0;0;12.72;4.9301;0;0;0;0;0;0;0;0;0;0;0;0;0;1;1;1;1;0;0;0;0;0;0;0;0;0;0;0;0;0;0;0;0;0;0;0;0;0;0;0;0;0;0;0;0;0;0;0;0;0;0;0;1;1;1;1;1;1;1;1;1;1;1;1;1;1;1;1;1;1;1;0;0;0;0;0;0;0;0;0;0.0004;0.088;-0.0884;0;0;0;0;0;0;0;0;0;0;0;0;0;0;0;0;0;0;0;-12.72;0;0;0;0;0.0004;0;0;0;0;0;0;0;-0.0004;-0.0884;0;0;0;0;0;0;0;0;0;-0.7452;0;0.7452;1;1;0;0;0;0
10/12/21 02:00;0;0;90;0;0;90;0;0;0;0;12.7;5.8199;0;0;0;0;0;0;0;0;0;0;0;0;0;1;1;1;1;0;0;0;0;0;0;0;0;0;0;0;0;0;0;0;0;0;0;0;0;0;0;0;0;0;0;0;0;0;0;0;0;0;0;0;1;1;1;1;1;1;1;1;1;1;1;1;1;1;1;1;1;1;1;0;0;0;0;0;0;0;0;0;0.0004;0.088;-0.0884;0;0;0;0;0;0;0;0;0;0;0;0;0;0;0;0;0;0;0;-12.7;0;0;0;0;0.0004;0;0;0;0;0;0;0;-0.0004;-0.0884;0;0;0;0;0;0;0;0;0;-0.7452;0;0.7452;1;1;0;0;0;0
10/12/21 03:00;0;0;90;0;0;90;0;0;0;0;12.22;5.9099;0;0;0;0;0;0;0;0;0;0;0;0;0;1;1;1;1;0;0;0;0;0;0;0;0;0;0;0;0;0;0;0;0;0;0;0;0;0;0;0;0;0;0;0;0;0;0;0;0;0;0;0;1;1;1;1;1;1;1;1;1;1;1;1;1;1;1;1;1;1;1;0;0;0;0;0;0;0;0;0;0.0004;0.088;-0.0884;0;0;0;0;0;0;0;0;0;0;0;0;0;0;0;0;0;0;0;-12.22;0;0;0;0;0.0004;0;0;0;0;0;0;0;-0.0004;-0.0884;0;0;0;0;0;0;0;0;0;-0.7452;0;0.7452;1;1;0;0;0;0
10/12/21 04:00;1.7647;-117.09;85.717;1.982;2.8296;-90;-2.8296;0;0;0;12.08;6;0;0;0;0;0;0;0;0;0;0;0;0;0;1;1;1;1;0;0;0;0;0;0;0;0;0;0;0;0;0;0;0;0;0;0;0;0;0;0;0;0;0;0;0;0;0;0;0;0;0;0;0;1;1;1;1;1;1;1;1;1;1;1;1;1;1;1;1;1;1;1;0;0;0;0;0;0;0;0;0;0.0004;0.088;-0.0884;0;0;0;0;0;0;0;0;0;0;0;0;0;0;0;0;0;0;0;-12.08;0;0;0;0;0.0004;0;0;0;0;0;0;0;-0.0004;-0.0884;0;0;0;0;0;0;0;0;0;-0.7452;0;0.7452;1;1;0;0;0;0
10/12/21 05:00;9.0237;-111.78;67.642;9.7047;14.427;-90;-14.427;21.703;21.499;0.2039;12.5;6.43;0;0.4945;21.141;0.0481;0;0.0719;21.755;0;21.755;0.4945;0.0481;21.141;0.0719;0.0227;0.9751;0;0.0033;21.413;0.3417;0;0;0.282;0.0597;20.53;0.8402;0.0411;0.004;0.7923;0.0027;21.371;0.0428;0.001;0.0001;0.0417;0;20.546;0.4524;0.044;20.024;0.0094;12.84;10.182;4.0843;0.0238;0.1571;2.2604;0.0152;2.3937;0;1;0;0;1.0024;0.9843;1;1;0.9867;0.1696;0.9607;0.9166;1;0.9619;0.776;0.998;0.998;1;0.998;0.998;0.9437;0.9472;0.1313;0.0619;0.0633;0.0004;0.0089;-0.0026;0.0004;0.0014;0.0004;0;0;0.088;-0.038;0;0;0;0;0;0;0;0;0;0;0;0;0.0011;0;0.0533;0.0533;0;13.524;13.524;1.0234;0.0498;52.338;1018.9;1;0.0033;0.0033;0;0;0;0;0;0;0.05;-0.038;0;16.198;18.757;-11.538;-13.361;93.787;93.787;0.5221;0.4497;-0.3203;0.0724;0.7701;0.1387;1.4749;0;12.839;0;0
10/12/21 06:00;20.688;-104.12;31.041;21.276;40.37;-90;-40.37;144.4;133.7;10.702;13;6.9101;0;25.956;115.25;6.9711;0;3.6104;151.79;0;151.79;25.956;6.9711;115.25;3.6104;0.171;0.7831;0;0.0238;140.37;11.411;0;0;8.113;3.2982;136.55;3.5458;0.0426;0.0114;3.4645;0.0272;140.09;0.2807;0.0519;0.0139;0.2143;0.0006;137.71;25.862;6.9457;103.46;0.2843;82.417;65.357;28.737;4.8454;1.1498;16.539;1.1594;12.843;0;1;0;0;1.0511;0.9248;1;1;0.9296;0.0865;0.9747;0.9984;1;0.9676;0.9125;0.998;0.998;1;0.998;0.998;0.8996;0.8977;0.0787;0.432;0.4271;0.0026;0.0172;-0.0082;0.0029;0.0103;0.0031;0;0;0.088;0.294;0;0;0;0;0;0;0;0;0;0;0;0;0.0083;0.0006;0.3903;0.3903;0;19.683;19.683;6.6828;0.0489;364.11;1071.9;1;0.0083;0.0083;0;0;0;0;0;0;0.382;0.294;0;16.991;19.675;12.798;14.82;97.871;97.871;3.6428;3.2913;2.4791;0.3516;0.8122;0.0965;0.223;0.6805;82.351;0.6292;0
10/12/21 07:00;32.747;-96.569;5.5212;32.919;57.081;-90;-57.081;194.6;187.5;7.1053;14;6.89;0;13.075;143.35;3.2161;0;9.3289;168.97;0;168.97;13.075;3.2161;143.35;9.3289;0.0774;0.9036;0;0.0552;143.57;25.4;0;0;16.706;8.6934;138.87;4.4065;0.0025;0.0006;4.3716;0.0318;143.28;0.2871;0.0261;0.0064;0.2533;0.0013;142.65;13.046;3.2091;122.02;0.6025;122.86;97.428;45.938;20.067;2.3473;33.765;3.7722;16.045;0;1;0;0;0.8683;0.8497;1;1;0.8835;0.0681;0.9692;0.9998;1;0.9654;0.9499;0.998;0.998;1;0.998;0.998;0.8219;0.8512;0.0646;0.4809;0.4757;0.0029;0.0172;-0.0072;0.0032;0.0115;0.0062;0;0;0.088;0.3352;0;0;0;0;0;0;0;0;0;0;0;0;0.0093;0.0007;0.4319;0.4319;0;20.802;20.802;6.8021;0.049;404.5;1067.7;1;0.0087;0.0087;0;0;0;0;0;0;0.4232;0.3352;0;16.89;19.558;13.108;15.179;97.984;97.984;4.0552;3.6421;2.8265;0.4131;0.8155;0.1019;0.2011;0.697;120.69;0.6063;0
10/12/21 08:00;44.992;-88.328;1.1825;45.004;44.996;-90;-44.996;229.49;223.9;5.5947;14.8;6.34;0;7.9116;190.04;1.778;0;7.0566;206.79;0;206.79;7.9116;1.778;190.04;7.0566;0.0383;0.9531;0;0.0341;184.6;22.192;0;0;15.68;6.5119;178.52;5.7107;0.0003;0.0001;5.6775;0.0328;184.23;0.3692;0.0158;0.0036;0.3487;0.0011;181.13;7.8954;1.7744;168.33;0.5108;144.31;114.44;51.186;11.603;2.1595;31.063;2.6119;21.619;0;1;0;0;0.9011;0.8927;1;1;0.9175;0.0772;0.969;1;1;0.9674;0.9397;0.998;0.998;1;0.998;0.998;0.8633;0.8858;0.0724;0.5885;0.5804;0.0035;0.0168;-0.003;0.0039;0.014;0.0057;0;0;0.088;0.4295;0;0;0;0;0;0;0;0;0;0;0;0;0.0113;0.001;0.5272;0.5272;0;23.544;23.544;8.7442;0.049;494.84;1065.4;1;0.0097;0.0097;0;0;0;0;0;0;0.5175;0.4295;0;16.848;19.509;13.726;15.894;98.161;98.161;4.9629;4.4461;3.6223;0.5168;0.8239;0.1041;0.166;0.7299;141.43;0.6561;0
10/12/21 09:00;57.161;-77.827;6.5661;57.752;32.248;-90;-32.248;431.11;377;54.11;15.3;5.87;0;63.979;332.02;20.373;0;6.9827;423.36;0;423.36;63.979;20.373;332.02;6.9827;0.1511;0.8008;0;0.0165;400.73;22.628;0;0;16.47;6.1576;389.57;10.36;0.0145;0.0046;10.209;0.1316;399.93;0.8015;0.128;0.0407;0.6311;0.0017;391.73;63.837;20.327;304.71;0.6918;259.08;205.45;87.48;6.4553;3.2295;46.455;2.1625;43.229;0;1;0;0;0.982;0.9466;1;1;0.9504;0.1182;0.9741;0.9998;1;0.9676;0.8401;0.998;0.998;1;0.998;0.998;0.9202;0.9177;0.0991;1.2048;1.2138;0.0073;0.0091;0.0406;0.0081;0.0287;0.0084;0;0;0.088;0.9793;0;0;0;0;0;0;0;0;0;0;0;0;0.0231;0.0038;1.0846;1.0846;0;34.447;34.447;19.147;0.0491;1041.1;1041.8;1;0.0173;0.0173;0;0;0;0;0;0;1.0673;0.9793;0;16.929;19.604;15.285;17.7;98.401;98.401;10.161;9.1467;8.2584;1.0138;0.8884;0.0998;0.0874;0.8128;222.35;0.7511;0
10/12/21 10:00;68.657;-60.623;10.284;71.196;18.804;-90;-18.804;526.81;436.2;90.608;17.5;6.09;0;95.716;395.25;31.811;0;2.9523;525.73;0;525.73;95.716;31.811;395.25;2.9523;0.1821;0.7574;0;0.0056;515.04;10.695;0;0;8.2356;2.4598;500.23;13.774;0.0339;0.0113;13.62;0.1087;514.01;1.0301;0.1914;0.0636;0.774;0.001;500.95;95.491;31.736;372.62;0.3827;312.62;247.91;101.03;1.1363;3.7586;54.066;0.7186;56.689;0;1;0;0;0.998;0.9797;1;1;0.9792;0.1668;0.9732;0.9996;1;0.9647;0.7787;0.998;0.998;1;0.998;0.998;0.9515;0.9427;0.1296;1.4962;1.5415;0.0093;0.0046;0.0937;0.01;0.0356;0.0096;0;0;0.088;1.2355;0;0;0;0;0;0;0;0;0;0;0;0;0.0287;0.0058;1.3443;1.3443;0;42.212;42.212;24.712;0.0494;1324.3;1015.1;1;0.0208;0.0208;0;0;0;0;0;0;1.3235;1.2355;0;16.897;19.566;15.529;17.983;98.454;98.454;12.618;11.337;10.419;1.2809;0.9174;0.1015;0.0727;0.8258;244.23;0.7667;0
10/12/21 11:00;77.023;-21.581;12.053;85.155;4.8448;-90;-4.8448;856.81;326.6;530.21;18.26;6.24;0;532.11;200.13;126.56;0;0.3214;859.12;0;859.12;532.11;126.56;200.13;0.3214;0.6194;0.2333;0;0.0004;858.41;0.7128;0;0;0.4451;0.2677;847.7;8.9957;0.2211;0.0526;8.7101;0.012;856.69;1.7168;1.0642;0.2531;0.3994;0.0001;847.72;530.83;126.26;190.58;0.0417;504.89;400.38;165.77;0.0013;5.7817;83.167;0.0257;88.948;0;1;0;0;1.0027;0.9992;1;1;0.9978;0.1672;0.9895;0.9996;1;0.9563;0.7769;0.998;0.998;1;0.998;0.998;0.9867;0.9523;0.1297;2.445;2.592;0.0156;-0.0017;0.3262;0.0158;0.0559;0.0137;0;0;0.088;1.9842;0;0;0;0;0;0;0;0;0;0;0;0;0.045;0.0155;2.106;2.106;0;60.716;60.716;42.456;0.0501;2231.1;943.93;1;0.0337;0.0337;0;0;0;0;0;0;2.0722;1.9842;0;16.198;18.757;15.262;17.673;98.398;98.398;20.619;17.76;16.733;2.8591;1.0265;0.1387;0.0498;0.8115;118.83;0.7567;0
10/12/21 12:00;75.102;37.803;11.72;80.738;9.2616;90;9.2616;466.41;426.5;39.905;19.34;6.03;0;40.432;411.31;12.663;0;0.6384;465.04;0;465.04;40.432;12.663;411.31;0.6384;0.0869;0.8858;0;0.0014;461.89;3.1508;0;0;2.6195;0.5313;444.07;16.898;0.0163;0.0051;16.853;0.024;460.97;0.9238;0.0809;0.0253;0.8174;0.0002;444.17;40.335;12.633;391.02;0.0829;276.74;219.45;87.867;0.0884;3.3694;48.468;0.1032;51.749;0;1;0;0;0.9971;0.9932;1;1;0.9936;0.1678;0.9633;0.9996;1;0.9587;0.775;0.998;0.998;1;0.998;0.998;0.9549;0.9507;0.1298;1.3235;1.3679;0.0082;0.0069;0.0789;0.0089;0.0316;0.0086;0;0;0.088;1.088;0;0;0;0;0;0;0;0;0;0;0;0;0.0255;0.0047;1.1946;1.1946;0;41.274;41.274;21.934;0.0494;1175.1;1016.6;1;0.0186;0.0186;0;0;0;0;0;0;1.176;1.088;0;16.974;19.656;15.459;17.902;98.443;98.443;11.161;10.074;9.1749;1.0871;0.899;0.0974;0.0805;0.8221;246.12;0.7626;0
10/12/21 13:00;65.196;67.303;9.3159;66.908;23.092;90;23.092;391.9;371.5;20.405;19.8;5.5799;0;22.183;350.93;6.4425;0;3.297;382.85;0;382.85;22.183;6.4425;350.93;3.297;0.0579;0.9252;0;0.0086;369.81;13.038;0;0;10.241;2.7975;357.49;11.579;0.0071;0.0021;11.464;0.1054;369.07;0.7396;0.0444;0.0129;0.6814;0.001;358.38;22.131;6.4275;328.54;0.393;236.15;187.27;76.86;2.1152;2.8856;41.508;0.8903;42.278;0;1;0;0;0.9769;0.9659;1;1;0.9708;0.1515;0.9686;0.9997;1;0.9663;0.7885;0.998;0.998;1;0.998;0.998;0.9338;0.9362;0.1192;1.0896;1.1085;0.0067;0.0107;0.049;0.0073;0.0259;0.0074;0;0;0.088;0.874;0;0;0;0;0;0;0;0;0;0;0;0;0.0208;0.0032;0.9775;0.9775;0;37.423;37.423;17.623;0.0493;951.17;1027.7;1;0.0155;0.0155;0;0;0;0;0;0;0.962;0.874;0;16.872;19.537;15.085;17.468;98.41;98.41;9.1884;8.2436;7.3703;0.9448;0.8732;0.1028;0.095;0.8021;221.56;0.7419;0
10/12/21 14:00;53.373;81.532;5.0401;53.673;36.327;90;36.327;517.2;398;119.2;20.37;5.07;0;147.95;321.45;52.07;0;10.554;532.03;0;532.03;147.95;52.07;321.45;10.554;0.2781;0.624;0;0.0198;503.21;28.823;0;0;19.29;9.5322;492.3;9.9032;0.0257;0.009;9.7365;0.1319;502.2;1.0064;0.2959;0.1041;0.6043;0.002;495.63;147.63;51.957;291.82;0.888;301.18;238.84;103.05;9.4115;3.7905;54.525;3.3381;48.904;0;1;0;0;1.0287;0.9458;1;1;0.94;0.0968;0.9803;0.9998;1;0.9677;0.8706;0.998;0.998;1;0.998;0.998;0.9253;0.9078;0.0841;1.5141;1.5273;0.0092;0.0048;0.1066;0.0098;0.0349;0.0095;0;0;0.088;1.2102;0;0;0;0;0;0;0;0;0;0;0;0;0.0281;0.0057;1.3184;1.3184;0;44.742;44.742;24.373;0.0495;1312.1;1004.8;1;0.0202;0.0202;0;0;0;0;0;0;1.2982;1.2102;0;16.376;18.963;15.031;17.406;98.466;98.466;12.769;11.119;10.206;1.65;0.9127;0.1292;0.0715;0.7993;222.1;0.7423;0
10/12/21 15:00;41.142;91.057;0.7961;41.147;48.853;90;48.853;811.9;134;677.9;21.51;4.64;0;1030.3;29.859;148.91;0;29.156;1238.2;0;1238.2;1030.3;148.91;29.859;29.156;0.8321;0.0477;0;0.0235;1208.2;29.986;0;0;2.786;27.2;1204.8;1.0153;0.0283;0.0041;0.8923;0.0907;1205.8;2.4164;2.0605;0.2978;0.0541;0.0039;1211.3;1028.2;148.6;26.127;1.8615;315.11;249.88;103.31;2.4298;3.7765;54.324;6.5198;55.671;0;1;0;0;1.525;0.9758;1;1;0.9067;0.0671;0.9992;1;1;0.967;0.9536;0.998;0.998;1;0.998;0.998;0.973;0.875;0.0638;3.5238;3.5744;0.0215;0.0136;0.7337;0.0196;0.0696;0.0081;0;0;0.088;2.4764;0;0;0;0;0;0;0;0;0;0;0;0;0.0561;0.0288;2.6233;2.6084;0;82.986;82.986;61.476;0.051;2981;875;1;0.0589;0.044;0;0.0149;0;0;0;0;2.5644;2.4764;0;13.92;16.12;13.216;15.304;97.755;98.313;29.716;21.997;20.884;7.7196;1.1131;0.2598;0.0375;0.7028;23.049;0.6804;0
10/12/21 16:00;28.932;98.968;7.8785;29.232;60;90;60;510.11;129.7;380.41;21.87;4.3899;0;778.91;42.993;148.19;0;26.781;996.88;0;996.88;778.91;148.19;42.993;26.781;0.7813;0.07;0;0.0269;966.42;30.458;0;0;5.405;25.053;962.79;1.6966;0.2115;0.0402;1.3273;0.1175;964.49;1.9328;1.5578;0.2964;0.0752;0.0035;966.74;777.14;147.86;36.185;1.6062;109.82;87.085;39.313;7.1943;1.5135;21.771;3.9515;16.09;0;1;0;0;1.9543;0.9694;1;1;0.8743;0.0645;0.9982;0.9997;1;0.9646;0.9318;0.998;0.998;1;0.998;0.998;0.9658;0.8417;0.06;2.837;2.8095;0.0169;-0.0005;0.4521;0.0164;0.0581;0.0034;0;0;0.088;2.0749;0;0;0;0;0;0;0;0;0;0;0;0;0.0468;0.0182;2.198;2.198;0;70.478;70.478;48.608;0.0505;2424;906.8;1;0.0351;0.0351;0;0;0;0;0;0;2.1629;2.0749;0;14.57;16.872;13.754;15.927;98.401;98.401;23.925;18.536;17.498;5.3888;1.0385;0.2252;0.0434;0.7314;37.428;0.7196;0
10/12/21 17:00;16.974;106.48;44.924;17.658;29.705;90;29.705;253.89;144.5;109.39;21.2;3.31;0;265.3;99.107;93.188;0;3.5033;461.1;0;461.1;265.3;93.188;99.107;3.5033;0.5754;0.2225;0;0.0076;453.71;7.395;0;0;4.3287;3.0663;446.14;6.6573;2.5853;0.9081;3.0855;0.0784;452.8;0.9074;0.5306;0.1864;0.1896;0.0009;446.59;262.19;92.094;91.503;0.3578;65.914;52.27;22.078;1.451;0.8208;11.807;0.4491;11.176;0;1;0;0;1.8161;0.984;1;1;0.9563;0.1247;0.9853;0.9902;1;0.9674;0.8203;0.998;0.998;1;0.998;0.998;0.9676;0.9233;0.1021;1.3123;1.3014;0.0078;0.0079;0.0845;0.0084;0.0298;0.0021;0;0;0.088;1.027;0;0;0;0;0;0;0;0;0;0;0;0;0.024;0.0043;1.1325;1.1325;0;43.272;43.272;22.072;0.0495;1121.1;1010.2;1;0.0176;0.0176;0;0;0;0;0;0;1.115;1.027;0;16.23;18.794;14.717;17.042;98.447;98.447;11.066;9.5508;8.6604;1.5156;0.8904;0.137;0.0805;0.7826;65.19;0.7679;0
10/12/21 18:00;5.4808;114.3;76.606;6.0097;8.6999;90;8.6999;52.001;50.202;1.7987;19.68;2.84;0;4.3623;49.247;1.6272;0;0.0628;55.299;0;55.299;4.3623;1.6272;49.247;0.0628;0.0789;0.8917;0;0.0011;54.964;0.335;0;0;0.2828;0.0523;51.498;3.356;0.9602;0.3582;2.0353;0.0024;54.854;0.1099;0.0087;0.0033;0.0979;0;51.507;3.3934;1.2658;46.831;0.0081;29.444;23.349;9.2955;0.0082;0.3619;5.2056;0.009;5.5593;0;1;0;0;1.0634;0.9939;1;1;0.9943;0.1677;0.9388;0.7794;1;0.9583;0.7752;0.998;0.998;1;0.998;0.998;0.9313;0.9509;0.1297;0.1574;0.1578;0.001;0.0135;-0.0016;0.001;0.0036;0.0009;0;0;0.088;0.0429;0;0;0;0;0;0;0;0;0;0;0;0;0.0029;0.0001;0.1364;0.1364;0;22.232;22.232;2.5524;0.0496;133.45;1021.9;1;0.0055;0.0055;0;0;0;0;0;0;0.1309;0.0429;0;16.295;18.87;5.1265;5.9364;95.991;95.991;1.3272;1.15;0.3618;0.1772;0.7882;0.1335;0.5939;0.2726;29.432;0.2547;0
10/12/21 19:00;0;0;90;0;0;90;0;0;0;0;17.37;3.06;0;0;0;0;0;0;0;0;0;0;0;0;0;1;1;1;1;0;0;0;0;0;0;0;0;0;0;0;0;0;0;0;0;0;0;0;0;0;0;0;0;0;0;0;0;0;0;0;0;0;0;0;1;1;1;1;1;1;1;1;1;1;1;1;1;1;1;1;1;1;1;0;0;0;0;0;0;0;0;0;0.0004;0.088;-0.0884;0;0;0;0;0;0;0;0;0;0;0;0;0;0;0;0;0;0;0;-17.37;0;0;0;0;0.0004;0;0;0;0;0;0;0;-0.0004;-0.0884;0;0;0;0;0;0;0;0;0;-0.7452;0;0.7452;1;1;0;0;0;0
10/12/21 20:00;0;0;90;0;0;90;0;0;0;0;14.4;3.24;0;0;0;0;0;0;0;0;0;0;0;0;0;1;1;1;1;0;0;0;0;0;0;0;0;0;0;0;0;0;0;0;0;0;0;0;0;0;0;0;0;0;0;0;0;0;0;0;0;0;0;0;1;1;1;1;1;1;1;1;1;1;1;1;1;1;1;1;1;1;1;0;0;0;0;0;0;0;0;0;0.0004;0.088;-0.0884;0;0;0;0;0;0;0;0;0;0;0;0;0;0;0;0;0;0;0;-14.4;0;0;0;0;0.0004;0;0;0;0;0;0;0;-0.0004;-0.0884;0;0;0;0;0;0;0;0;0;-0.7452;0;0.7452;1;1;0;0;0;0
10/12/21 21:00;0;0;90;0;0;90;0;0;0;0;13.8;3.24;0;0;0;0;0;0;0;0;0;0;0;0;0;1;1;1;1;0;0;0;0;0;0;0;0;0;0;0;0;0;0;0;0;0;0;0;0;0;0;0;0;0;0;0;0;0;0;0;0;0;0;0;1;1;1;1;1;1;1;1;1;1;1;1;1;1;1;1;1;1;1;0;0;0;0;0;0;0;0;0;0.0004;0.088;-0.0884;0;0;0;0;0;0;0;0;0;0;0;0;0;0;0;0;0;0;0;-13.8;0;0;0;0;0.0004;0;0;0;0;0;0;0;-0.0004;-0.0884;0;0;0;0;0;0;0;0;0;-0.7452;0;0.7452;1;1;0;0;0;0
10/12/21 22:00;0;0;90;0;0;90;0;0;0;0;12.93;3.1199;0;0;0;0;0;0;0;0;0;0;0;0;0;1;1;1;1;0;0;0;0;0;0;0;0;0;0;0;0;0;0;0;0;0;0;0;0;0;0;0;0;0;0;0;0;0;0;0;0;0;0;0;1;1;1;1;1;1;1;1;1;1;1;1;1;1;1;1;1;1;1;0;0;0;0;0;0;0;0;0;0.0004;0.088;-0.0884;0;0;0;0;0;0;0;0;0;0;0;0;0;0;0;0;0;0;0;-12.93;0;0;0;0;0.0004;0;0;0;0;0;0;0;-0.0004;-0.0884;0;0;0;0;0;0;0;0;0;-0.7452;0;0.7452;1;1;0;0;0;0
10/12/21 23:00;0;0;90;0;0;90;0;0;0;0;12.03;2.9301;0;0;0;0;0;0;0;0;0;0;0;0;0;1;1;1;1;0;0;0;0;0;0;0;0;0;0;0;0;0;0;0;0;0;0;0;0;0;0;0;0;0;0;0;0;0;0;0;0;0;0;0;1;1;1;1;1;1;1;1;1;1;1;1;1;1;1;1;1;1;1;0;0;0;0;0;0;0;0;0;0.0004;0.088;-0.0884;0;0;0;0;0;0;0;0;0;0;0;0;0;0;0;0;0;0;0;-12.03;0;0;0;0;0.0004;0;0;0;0;0;0;0;-0.0004;-0.0884;0;0;0;0;0;0;0;0;0;-0.7452;0;0.7452;1;1;0;0;0;0
11/12/21 00:00;0;0;90;0;0;90;0;0;0;0;12.3;2.7701;0;0;0;0;0;0;0;0;0;0;0;0;0;1;1;1;1;0;0;0;0;0;0;0;0;0;0;0;0;0;0;0;0;0;0;0;0;0;0;0;0;0;0;0;0;0;0;0;0;0;0;0;1;1;1;1;1;1;1;1;1;1;1;1;1;1;1;1;1;1;1;0;0;0;0;0;0;0;0;0;0.0004;0.088;-0.0884;0;0;0;0;0;0;0;0;0;0;0;0;0;0;0;0;0;0;0;-12.3;0;0;0;0;0.0004;0;0;0;0;0;0;0;-0.0004;-0.0884;0;0;0;0;0;0;0;0;0;-0.7452;0;0.7452;1;1;0;0;0;0
11/12/21 01:00;0;0;90;0;0;90;0;0;0;0;10.83;2.66;0;0;0;0;0;0;0;0;0;0;0;0;0;1;1;1;1;0;0;0;0;0;0;0;0;0;0;0;0;0;0;0;0;0;0;0;0;0;0;0;0;0;0;0;0;0;0;0;0;0;0;0;1;1;1;1;1;1;1;1;1;1;1;1;1;1;1;1;1;1;1;0;0;0;0;0;0;0;0;0;0.0004;0.088;-0.0884;0;0;0;0;0;0;0;0;0;0;0;0;0;0;0;0;0;0;0;-10.83;0;0;0;0;0.0004;0;0;0;0;0;0;0;-0.0004;-0.0884;0;0;0;0;0;0;0;0;0;-0.7452;0;0.7452;1;1;0;0;0;0
11/12/21 02:00;0;0;90;0;0;90;0;0;0;0;10.2;2.5499;0;0;0;0;0;0;0;0;0;0;0;0;0;1;1;1;1;0;0;0;0;0;0;0;0;0;0;0;0;0;0;0;0;0;0;0;0;0;0;0;0;0;0;0;0;0;0;0;0;0;0;0;1;1;1;1;1;1;1;1;1;1;1;1;1;1;1;1;1;1;1;0;0;0;0;0;0;0;0;0;0.0004;0.088;-0.0884;0;0;0;0;0;0;0;0;0;0;0;0;0;0;0;0;0;0;0;-10.2;0;0;0;0;0.0004;0;0;0;0;0;0;0;-0.0004;-0.0884;0;0;0;0;0;0;0;0;0;-0.7452;0;0.7452;1;1;0;0;0;0
11/12/21 03:00;0;0;90;0;0;90;0;0;0;0;8.6499;2.3999;0;0;0;0;0;0;0;0;0;0;0;0;0;1;1;1;1;0;0;0;0;0;0;0;0;0;0;0;0;0;0;0;0;0;0;0;0;0;0;0;0;0;0;0;0;0;0;0;0;0;0;0;1;1;1;1;1;1;1;1;1;1;1;1;1;1;1;1;1;1;1;0;0;0;0;0;0;0;0;0;0.0004;0.088;-0.0884;0;0;0;0;0;0;0;0;0;0;0;0;0;0;0;0;0;0;0;-8.6499;0;0;0;0;0.0004;0;0;0;0;0;0;0;-0.0004;-0.0884;0;0;0;0;0;0;0;0;0;-0.7452;0;0.7452;1;1;0;0;0;0
11/12/21 04:00;1.7351;-117.22;85.789;1.9509;2.7851;-90;-2.7851;0;0;0;8.8001;2.2201;0;0;0;0;0;0;0;0;0;0;0;0;0;1;1;1;1;0;0;0;0;0;0;0;0;0;0;0;0;0;0;0;0;0;0;0;0;0;0;0;0;0;0;0;0;0;0;0;0;0;0;0;1;1;1;1;1;1;1;1;1;1;1;1;1;1;1;1;1;1;1;0;0;0;0;0;0;0;0;0;0.0004;0.088;-0.0884;0;0;0;0;0;0;0;0;0;0;0;0;0;0;0;0;0;0;0;-8.8001;0;0;0;0;0.0004;0;0;0;0;0;0;0;-0.0004;-0.0884;0;0;0;0;0;0;0;0;0;-0.7452;0;0.7452;1;1;0;0;0;0
11/12/21 05:00;8.9867;-111.91;67.738;9.6734;14.376;-90;-14.376;125.8;21;104.8;11.02;2.33;0;254.18;10.831;24.245;0;0.4136;289.67;0;289.67;254.18;24.245;10.831;0.4136;0.8775;0.0388;0;0.0014;289.18;0.4871;0;0;0.1436;0.3435;264.77;23.834;21.373;2.0387;0.4063;0.0157;288.6;0.5784;0.5084;0.0485;0.0214;0.0001;264.77;232.29;22.158;10.26;0.0543;7.1393;5.6614;2.3755;0.0121;0.0805;1.158;0.0077;1.2263;0;1;0;0;2.3025;0.9983;1;1;0.9867;0.1696;0.9174;0.9157;1;0.9619;0.776;0.998;0.998;1;0.998;0.998;0.914;0.9473;0.1313;0.8244;0.7599;0.0046;0.0152;-0.0028;0.0052;0.0184;0.0002;0;0;0.088;0.6023;0;0;0;0;0;0;0;0;0;0;0;0;0.0149;0.0016;0.7025;0.7025;0;23.953;23.953;12.933;0.0488;651.46;1078.4;1;0.0122;0.0122;0;0;0;0;0;0;0.6903;0.6023;0;16.026;18.558;13.741;15.912;98.265;98.265;6.952;5.9245;5.0797;1.0274;0.8449;0.1478;0.1215;0.7307;6.5768;0.7285;0
11/12/21 06:00;20.642;-104.25;31.241;21.24;40.237;-90;-40.237;338.2;57.4;280.8;13.55;2.26;0;681.03;22.007;78.675;0;8.4029;790.11;0;790.11;681.03;78.675;22.007;8.4029;0.8619;0.0385;0;0.0106;780.9;9.2155;0;0;1.5418;7.6738;777.27;2.0619;1.1975;0.1383;0.6617;0.0643;779.33;1.5618;1.3621;0.1574;0.0409;0.0015;777.49;678.47;78.379;19.763;0.6634;17.242;13.673;6.2463;0.9168;0.219;3.1505;0.2195;2.4527;0;1;0;0;2.3362;0.9883;1;1;0.9299;0.0868;0.9974;0.9982;1;0.9676;0.9117;0.998;0.998;1;0.998;0.998;0.9838;0.898;0.0789;2.2486;2.2308;0.0134;-0.0016;0.2135;0.014;0.0498;0.0005;0;0;0.088;1.7709;0;0;0;0;0;0;0;0;0;0;0;0;0.0401;0.0118;1.8892;1.8892;0;52.211;52.211;38.661;0.0497;1925.7;981.06;1;0.0303;0.0303;0;0;0;0;0;0;1.8589;1.7709;0;15.8;18.296;14.811;17.15;98.395;98.395;18.963;15.932;14.934;3.0305;0.9978;0.1598;0.0526;0.7876;15.708;0.7852;0
11/12/21 07:00;32.696;-96.712;5.6448;32.875;57.125;-90;-57.125;563.81;92.901;470.91;16.43;1.5801;0;867.53;27.338;105.86;0;27.065;1027.8;0;1027.8;867.53;105.86;27.338;27.065;0.8441;0.0529;0;0.0263;999.38;28.411;0;0;3.1896;25.221;996.27;1.1158;0.1688;0.0206;0.8339;0.0925;997.38;1.9988;1.7351;0.2117;0.0483;0.0037;1000.9;865.62;105.63;23.266;1.7477;152.01;120.55;50.438;3.8436;1.9563;28.141;4.6814;26.253;0;1;0;0;1.8229;0.9724;1;1;0.8833;0.0681;0.9989;0.9998;1;0.9654;0.9497;0.998;0.998;1;0.998;0.998;0.9693;0.8511;0.0646;2.925;2.9202;0.0176;0.0006;0.4279;0.0173;0.0614;0.0045;0;0;0.088;2.1953;0;0;0;0;0;0;0;0;0;0;0;0;0.0495;0.0196;2.3217;2.3217;0;66.568;66.568;50.138;0.0503;2517.6;922.19;1;0.0384;0.0384;0;0;0;0;0;0;2.2833;2.1953;0;14.927;17.285;14.114;16.344;98.344;98.344;24.667;19.579;18.513;5.0877;1.0663;0.2063;0.0432;0.7505;23.028;0.7354;0
11/12/21 08:00;44.94;-88.497;1.0635;44.949;45.051;-90;-45.051;769.19;126.9;642.3;18.76;0.7199;0;909.14;38.42;115.89;0;23.706;1087.2;0;1087.2;909.14;115.89;38.42;23.706;0.8363;0.0571;0;0.0218;1062.1;25.054;0;0;3.1756;21.878;1058.7;1.2948;0.0333;0.0042;1.1478;0.1094;1060;2.1242;1.8183;0.2318;0.0705;0.0037;1064.6;907.29;115.65;34.026;1.7146;332.2;263.44;110.03;2.3612;3.8951;56.029;5.8937;57.563;0;1;0;0;1.4134;0.977;1;1;0.9173;0.0771;0.9988;1;1;0.9674;0.94;0.998;0.998;1;0.998;0.998;0.9738;0.8856;0.0723;3.094;3.1581;0.019;0.0041;0.5273;0.0183;0.0647;0.0088;0;0;0.088;2.3124;0;0;0;0;0;0;0;0;0;0;0;0;0.0521;0.0227;2.441;2.441;0;72.295;72.295;53.535;0.0506;2722.5;896.61;1;0.0406;0.0406;0;0;0;0;0;0;2.4004;2.3124;0;14.837;17.181;14.055;16.275;98.335;98.335;26.092;20.585;19.501;5.5063;1.0849;0.211;0.0416;0.7474;28.607;0.7196;0
11/12/21 09:00;57.113;-78.052;6.4543;57.683;32.317;-90;-32.317;942.9;155.6;787.29;20.48;0.18;0;931.59;48.061;122.48;0;15.335;1117.5;0;1117.5;931.59;122.48;48.061;15.335;0.8337;0.0567;0;0.0137;1101.5;15.92;0;0;2.3921;13.528;1097.3;1.9993;0.2073;0.0273;1.4773;0.2875;1099.3;2.2031;1.8632;0.245;0.0913;0.0036;1101.6;929.52;122.21;44.1;1.5165;490.51;388.98;165.19;0.9449;5.4094;77.813;4.2465;82.277;0;1;0;0;1.1851;0.9858;1;1;0.9502;0.1179;0.9982;0.9998;1;0.9676;0.8406;0.998;0.998;1;0.998;0.998;0.982;0.9176;0.0989;3.1802;3.3076;0.0199;0.007;0.5978;0.0188;0.0666;0.012;0;0;0.088;2.3772;0;0;0;0;0;0;0;0;0;0;0;0;0.0537;0.0248;2.507;2.507;0;76.149;76.149;55.669;0.0507;2848.8;880.02;1;0.0418;0.0418;0;0;0;0;0;0;2.4652;2.3772;0;14.825;17.167;14.057;16.278;98.334;98.334;26.819;21.142;20.048;5.6772;1.0944;0.2117;0.0408;0.7475;32.202;0.7105;0
11/12/21 10:00;68.631;-60.975;10.183;71.112;18.888;-90;-18.888;1053.1;173.8;879.29;21.7;0.52;0;929.33;55.822;123.06;0;5.954;1114.2;0;1114.2;929.33;123.06;55.822;5.954;0.8341;0.0554;0;0.0053;1108;6.1333;0;0;1.1719;4.9614;1103.3;2.509;0.3262;0.0432;1.9204;0.2191;1105.8;2.2161;1.8587;0.2461;0.1093;0.002;1104.8;927.14;122.77;52.621;0.7715;598.43;474.56;197.93;0.1644;6.7694;97.375;1.4449;103.98;0;1;0;0;1.058;0.9945;1;1;0.979;0.1667;0.9977;0.9996;1;0.9648;0.7788;0.998;0.998;1;0.998;0.998;0.9903;0.9426;0.1296;3.1708;3.3558;0.0202;0.0081;0.6258;0.0189;0.0671;0.0149;0;0;0.088;2.3914;0;0;0;0;0;0;0;0;0;0;0;0;0.054;0.0255;2.5214;2.5214;0;77.745;77.745;56.045;0.0508;2880.4;875;1;0.042;0.042;0;0;0;0;0;0;2.4794;2.3914;0;14.954;17.316;14.183;16.424;98.335;98.335;26.74;21.263;20.167;5.477;1.0961;0.2048;0.041;0.7542;34.506;0.7079;0
11/12/21 11:00;77.067;-22.13;11.965;85.056;4.944;-90;-4.944;1105.2;182.4;922.81;22.8;0.9401;0;926.25;59.755;122.99;0;0.4318;1109.4;0;1109.4;926.25;122.99;59.755;0.4318;0.8349;0.0543;0;0.0004;1108.9;0.4967;0;0;0.1372;0.3595;1103.7;3.0465;0.382;0.0507;2.5977;0.0161;1106.7;2.2179;1.8525;0.246;0.1192;0.0001;1103.7;924.02;122.7;56.901;0.056;650.32;515.7;215.62;0.0006;7.3106;105.16;0.0394;112.47;0;1;0;0;1.0038;0.9996;1;1;0.9977;0.1673;0.9972;0.9996;1;0.9563;0.7769;0.998;0.998;1;0.998;0.998;0.9948;0.9522;0.1297;3.1574;3.3684;0.0203;0.0084;0.6425;0.0189;0.067;0.016;0;0;0.088;2.386;0;0;0;0;0;0;0;0;0;0;0;0;0.0539;0.0256;2.5159;2.5159;0;78.918;78.918;56.118;0.0508;2870.9;875;1;0.0418;0.0418;0;0;0;0;0;0;2.474;2.386;0;14.985;17.352;14.212;16.457;98.337;98.337;26.626;21.217;20.122;5.4098;1.095;0.2032;0.0411;0.7557;35.484;0.7056;0
11/12/21 12:00;75.227;37.646;11.648;80.85;9.15;90;9.15;1098.7;181.3;917.41;23.37;1.39;0;929.23;58.877;123.62;0;1.468;1113.2;0;1113.2;929.23;123.62;58.877;1.468;0.8347;0.0542;0;0.0013;1111.6;1.5892;0;0;0.3675;1.2217;1106.5;2.8946;0.3731;0.0496;2.4165;0.0553;1109.4;2.2232;1.8585;0.2472;0.117;0.0005;1106.8;927;123.32;55.976;0.1905;642.69;509.65;212.34;0.0124;7.2745;104.64;0.2651;111.9;0;1;0;0;1.0132;0.9986;1;1;0.9938;0.1678;0.9974;0.9996;1;0.9586;0.7751;0.998;0.998;1;0.998;0.998;0.994;0.9507;0.1298;3.1681;3.3761;0.0203;0.0085;0.6532;0.0189;0.0669;0.0159;0;0;0.088;2.3776;0;0;0;0;0;0;0;0;0;0;0;0;0.0539;0.0257;2.5128;2.5073;0;79.666;79.666;56.296;0.0509;2865.5;875;1;0.0472;0.0416;0;0.0056;0;0;0;0;2.4656;2.3776;0;14.883;17.235;14.114;16.343;98.121;98.339;26.717;21.144;20.051;5.5725;1.0933;0.2086;0.0409;0.7505;35.222;0.7012;0
11/12/21 13:00;65.326;67.326;9.2606;67.029;22.971;90;22.971;1025.7;169.2;856.5;23.99;1.8499;0;930.28;53.822;122.9;0;8.5406;1115.5;0;1115.5;930.28;122.9;53.822;8.5406;0.8339;0.0559;0;0.0077;1106.7;8.8005;0;0;1.5576;7.2429;1102.2;2.3709;0.297;0.0392;1.7602;0.2745;1104.5;2.2135;1.8606;0.2458;0.1045;0.0026;1104.2;928.12;122.62;50.4;1.0206;571.5;453.2;193.81;0.3204;6.1643;88.671;2.0816;94.514;0;1;0;0;1.0876;0.9921;1;1;0.9711;0.1519;0.9979;0.9997;1;0.9663;0.788;0.998;0.998;1;0.998;0.998;0.988;0.9364;0.1195;3.1747;3.3369;0.0201;0.0077;0.6509;0.0186;0.066;0.0134;0;0;0.088;2.3468;0;0;0;0;0;0;0;0;0;0;0;0;0.0532;0.0252;2.4819;2.4757;0;80.084;80.084;56.094;0.0509;2829.4;875;1;0.0471;0.0409;0;0.0062;0;0;0;0;2.4348;2.3468;0;14.665;16.982;13.901;16.097;98.103;98.348;26.773;20.878;19.791;5.8951;1.0871;0.2202;0.0406;0.7392;33.959;0.6977;0
11/12/21 14:00;53.502;81.573;5.0009;53.799;36.201;90;36.201;891.09;155.2;735.89;24.6;2.2399;0;911.94;49.146;124.92;0;18.063;1104.1;0;1104.1;911.94;124.92;49.146;18.063;0.826;0.0609;0;0.0164;1084.8;19.238;0;0;2.9334;16.305;1080.8;1.8969;0.1572;0.0215;1.4891;0.229;1082.7;2.1697;1.8239;0.2498;0.0924;0.0035;1085.7;909.96;124.65;44.631;1.5257;445.19;353.03;151.95;1.4261;4.815;69.262;4.9542;72.651;0;1;0;0;1.239;0.9826;1;1;0.9403;0.0973;0.9982;0.9998;1;0.9677;0.8695;0.998;0.998;1;0.998;0.998;0.9789;0.9081;0.0845;3.1421;3.2451;0.0195;0.0057;0.6276;0.0181;0.0644;0.0105;0;0;0.088;2.2958;0;0;0;0;0;0;0;0;0;0;0;0;0.0518;0.0239;2.4234;2.4234;0;79.581;79.581;54.981;0.0509;2764.7;875;1;0.0397;0.0397;0;0;0;0;0;0;2.3838;2.2958;0;14.505;16.796;13.74;15.911;98.362;98.362;26.498;20.437;19.36;6.0605;1.0769;0.2287;0.0406;0.7306;33.923;0.6979;0
11/12/21 15:00;41.27;91.093;0.8212;41.275;48.725;90;48.725;709.91;146.5;563.4;25.24;2.5599;0;854.06;47.896;134.59;0;25.368;1061.9;0;1061.9;854.06;134.59;47.896;25.368;0.8043;0.069;0;0.0239;1033.8;28.114;0;0;4.4519;23.662;1030.2;1.5388;0.0242;0.0038;1.4311;0.0797;1031.7;2.0676;1.7081;0.2692;0.0869;0.0034;1036;852.33;134.32;41.926;1.6224;283.47;224.79;93.607;3.8568;3.462;49.8;5.8381;49.405;0;1;0;0;1.4958;0.9735;1;1;0.9071;0.0672;0.9985;1;1;0.967;0.9532;0.998;0.998;1;0.998;0.998;0.9701;0.8754;0.064;3.0221;3.0639;0.0185;0.0026;0.5709;0.0173;0.0614;0.0076;0;0;0.088;2.1896;0;0;0;0;0;0;0;0;0;0;0;0;0.0494;0.0215;2.3148;2.3148;0;77.557;77.557;52.317;0.0508;2642.3;876.06;1;0.0372;0.0372;0;0;0;0;0;0;2.2776;2.1896;0;14.404;16.68;13.625;15.778;98.393;98.393;25.486;19.521;18.465;5.9649;1.0558;0.234;0.0414;0.7245;36.925;0.7;0
11/12/21 16:00;29.061;98.995;7.8807;29.363;60;90;60;485.59;154.6;330.99;25.72;2.76;0;674.99;59.889;152.43;0;25.494;912.8;0;912.8;674.99;152.43;59.889;25.494;0.7395;0.0935;0;0.0279;881.42;31.379;0;0;7.5292;23.849;877.47;2.1856;0.1834;0.0414;1.849;0.1119;879.65;1.7628;1.35;0.3049;0.1047;0.0033;881.88;673.45;152.08;50.406;1.529;118.39;93.88;41.743;10.019;1.8202;26.182;4.4149;17.984;0;1;0;0;1.8798;0.9656;1;1;0.8743;0.0645;0.9975;0.9997;1;0.9646;0.9318;0.998;0.998;1;0.998;0.998;0.9613;0.8417;0.06;2.5977;2.5756;0.0155;-0.0018;0.4109;0.0151;0.0534;0.0042;0;0;0.088;1.9006;0;0;0;0;0;0;0;0;0;0;0;0;0.043;0.0154;2.0199;2.0199;0;70.003;70.003;44.283;0.0505;2220.6;909.63;1;0.0314;0.0314;0;0;0;0;0;0;1.9886;1.9006;0;14.623;16.933;13.759;15.932;98.447;98.447;21.907;17.034;16.028;4.8728;1.0066;0.2224;0.0459;0.7316;52.138;0.7162;0
11/12/21 17:00;17.104;106.5;44.496;17.794;30.035;90;30.035;259.6;142.9;116.7;25.37;2.19;0;283.03;95.775;97.568;0;3.6601;480.03;0;480.03;283.03;97.568;95.775;3.6601;0.5896;0.2071;0;0.0076;472.56;7.4659;0;0;4.2572;3.2087;464.95;6.6701;2.6874;0.9264;2.9763;0.08;471.62;0.9451;0.5661;0.1951;0.183;0.0009;465.42;279.77;96.446;88.358;0.3705;63.91;50.681;20.958;1.4569;0.8282;11.914;0.4683;11.285;0;1;0;0;1.8491;0.9844;1;1;0.9555;0.1233;0.9859;0.9905;1;0.9674;0.8223;0.998;0.998;1;0.998;0.998;0.9686;0.9226;0.1012;1.3661;1.3555;0.0082;0.0071;0.1132;0.0086;0.0305;0.002;0;0;0.088;1.051;0;0;0;0;0;0;0;0;0;0;0;0;0.0245;0.0046;1.1567;1.1567;0;48.467;48.467;23.097;0.0497;1168.2;990.16;1;0.0176;0.0176;0;0;0;0;0;0;1.139;1.051;0;15.922;18.438;14.468;16.754;98.475;98.475;11.521;9.7542;8.8634;1.7665;0.8908;0.1533;0.0773;0.7693;63.141;0.7553;0
11/12/21 18:00;5.6115;114.31;76.282;6.1532;8.9145;90;8.9145;51.2;49.597;1.6035;23.93;2.18;0;3.8889;48.724;1.3995;0;0.0649;54.077;0;54.077;3.8889;1.3995;48.724;0.0649;0.0719;0.9022;0;0.0012;53.732;0.3453;0;0;0.2913;0.054;50.491;3.1335;0.8265;0.2974;2.0071;0.0024;53.624;0.1075;0.0078;0.0028;0.0969;0;50.5;3.0546;1.0993;46.328;0.0084;29.144;23.111;9.2023;0.009;0.3581;5.1517;0.0096;5.5009;0;1;0;0;1.0562;0.9936;1;1;0.994;0.1677;0.9416;0.7871;1;0.9585;0.7751;0.998;0.998;1;0.998;0.998;0.9337;0.9508;0.1297;0.1539;0.1548;0.0009;0.0134;0.0008;0.001;0.0035;0.0009;0;0;0.088;0.0382;0;0;0;0;0;0;0;0;0;0;0;0;0.0028;0.0001;0.1314;0.1314;0;26.442;26.442;2.512;0.0498;130.95;1003.2;1;0.0052;0.0052;0;0;0;0;0;0;0.1262;0.0382;0;16.053;18.588;4.6687;5.4062;96.071;96.071;1.2978;1.1078;0.3222;0.19;0.7856;0.1464;0.6053;0.2483;29.133;0.2317;0
11/12/21 19:00;0.1174;118.49;89.715;0.1336;0.1904;90;0.1904;0;0;0;19.41;2.11;0;0;0;0;0;0;0;0;0;0;0;0;0;1;1;1;1;0;0;0;0;0;0;0;0;0;0;0;0;0;0;0;0;0;0;0;0;0;0;0;0;0;0;0;0;0;0;0;0;0;0;0;1;1;1;1;1;1;1;1;1;1;1;1;1;1;1;1;1;1;1;0;0;0;0;0;0;0;0;0;0.0004;0.088;-0.0884;0;0;0;0;0;0;0;0;0;0;0;0;0;0;0;0;0;0;0;-19.41;0;0;0;0;0.0004;0;0;0;0;0;0;0;-0.0004;-0.0884;0;0;0;0;0;0;0;0;0;-0.7452;0;0.7452;1;1;0;0;0;0
11/12/21 20:00;0;0;90;0;0;90;0;0;0;0;18.71;1.9801;0;0;0;0;0;0;0;0;0;0;0;0;0;1;1;1;1;0;0;0;0;0;0;0;0;0;0;0;0;0;0;0;0;0;0;0;0;0;0;0;0;0;0;0;0;0;0;0;0;0;0;0;1;1;1;1;1;1;1;1;1;1;1;1;1;1;1;1;1;1;1;0;0;0;0;0;0;0;0;0;0.0004;0.088;-0.0884;0;0;0;0;0;0;0;0;0;0;0;0;0;0;0;0;0;0;0;-18.71;0;0;0;0;0.0004;0;0;0;0;0;0;0;-0.0004;-0.0884;0;0;0;0;0;0;0;0;0;-0.7452;0;0.7452;1;1;0;0;0;0
11/12/21 21:00;0;0;90;0;0;90;0;0;0;0;18.27;2.36;0;0;0;0;0;0;0;0;0;0;0;0;0;1;1;1;1;0;0;0;0;0;0;0;0;0;0;0;0;0;0;0;0;0;0;0;0;0;0;0;0;0;0;0;0;0;0;0;0;0;0;0;1;1;1;1;1;1;1;1;1;1;1;1;1;1;1;1;1;1;1;0;0;0;0;0;0;0;0;0;0.0004;0.088;-0.0884;0;0;0;0;0;0;0;0;0;0;0;0;0;0;0;0;0;0;0;-18.27;0;0;0;0;0.0004;0;0;0;0;0;0;0;-0.0004;-0.0884;0;0;0;0;0;0;0;0;0;-0.7452;0;0.7452;1;1;0;0;0;0
11/12/21 22:00;0;0;90;0;0;90;0;0;0;0;17.13;3.93;0;0;0;0;0;0;0;0;0;0;0;0;0;1;1;1;1;0;0;0;0;0;0;0;0;0;0;0;0;0;0;0;0;0;0;0;0;0;0;0;0;0;0;0;0;0;0;0;0;0;0;0;1;1;1;1;1;1;1;1;1;1;1;1;1;1;1;1;1;1;1;0;0;0;0;0;0;0;0;0;0.0004;0.088;-0.0884;0;0;0;0;0;0;0;0;0;0;0;0;0;0;0;0;0;0;0;-17.13;0;0;0;0;0.0004;0;0;0;0;0;0;0;-0.0004;-0.0884;0;0;0;0;0;0;0;0;0;-0.7452;0;0.7452;1;1;0;0;0;0
11/12/21 23:00;0;0;90;0;0;90;0;0;0;0;16.31;5.29;0;0;0;0;0;0;0;0;0;0;0;0;0;1;1;1;1;0;0;0;0;0;0;0;0;0;0;0;0;0;0;0;0;0;0;0;0;0;0;0;0;0;0;0;0;0;0;0;0;0;0;0;1;1;1;1;1;1;1;1;1;1;1;1;1;1;1;1;1;1;1;0;0;0;0;0;0;0;0;0;0.0004;0.088;-0.0884;0;0;0;0;0;0;0;0;0;0;0;0;0;0;0;0;0;0;0;-16.31;0;0;0;0;0.0004;0;0;0;0;0;0;0;-0.0004;-0.0884;0;0;0;0;0;0;0;0;0;-0.7452;0;0.7452;1;1;0;0;0;0
12/12/21 00:00;0;0;90;0;0;90;0;0;0;0;15.25;5.8901;0;0;0;0;0;0;0;0;0;0;0;0;0;1;1;1;1;0;0;0;0;0;0;0;0;0;0;0;0;0;0;0;0;0;0;0;0;0;0;0;0;0;0;0;0;0;0;0;0;0;0;0;1;1;1;1;1;1;1;1;1;1;1;1;1;1;1;1;1;1;1;0;0;0;0;0;0;0;0;0;0.0004;0.088;-0.0884;0;0;0;0;0;0;0;0;0;0;0;0;0;0;0;0;0;0;0;-15.25;0;0;0;0;0.0004;0;0;0;0;0;0;0;-0.0004;-0.0884;0;0;0;0;0;0;0;0;0;-0.7452;0;0.7452;1;1;0;0;0;0
12/12/21 01:00;0;0;90;0;0;90;0;0;0;0;14;5.6501;0;0;0;0;0;0;0;0;0;0;0;0;0;1;1;1;1;0;0;0;0;0;0;0;0;0;0;0;0;0;0;0;0;0;0;0;0;0;0;0;0;0;0;0;0;0;0;0;0;0;0;0;1;1;1;1;1;1;1;1;1;1;1;1;1;1;1;1;1;1;1;0;0;0;0;0;0;0;0;0;0.0004;0.088;-0.0884;0;0;0;0;0;0;0;0;0;0;0;0;0;0;0;0;0;0;0;-14;0;0;0;0;0.0004;0;0;0;0;0;0;0;-0.0004;-0.0884;0;0;0;0;0;0;0;0;0;-0.7452;0;0.7452;1;1;0;0;0;0
12/12/21 02:00;0;0;90;0;0;90;0;0;0;0;13.4;4.99;0;0;0;0;0;0;0;0;0;0;0;0;0;1;1;1;1;0;0;0;0;0;0;0;0;0;0;0;0;0;0;0;0;0;0;0;0;0;0;0;0;0;0;0;0;0;0;0;0;0;0;0;1;1;1;1;1;1;1;1;1;1;1;1;1;1;1;1;1;1;1;0;0;0;0;0;0;0;0;0;0.0004;0.088;-0.0884;0;0;0;0;0;0;0;0;0;0;0;0;0;0;0;0;0;0;0;-13.4;0;0;0;0;0.0004;0;0;0;0;0;0;0;-0.0004;-0.0884;0;0;0;0;0;0;0;0;0;-0.7452;0;0.7452;1;1;0;0;0;0
12/12/21 03:00;0;0;90;0;0;90;0;0;0;0;12.8;4.7601;0;0;0;0;0;0;0;0;0;0;0;0;0;1;1;1;1;0;0;0;0;0;0;0;0;0;0;0;0;0;0;0;0;0;0;0;0;0;0;0;0;0;0;0;0;0;0;0;0;0;0;0;1;1;1;1;1;1;1;1;1;1;1;1;1;1;1;1;1;1;1;0;0;0;0;0;0;0;0;0;0.0004;0.088;-0.0884;0;0;0;0;0;0;0;0;0;0;0;0;0;0;0;0;0;0;0;-12.8;0;0;0;0;0.0004;0;0;0;0;0;0;0;-0.0004;-0.0884;0;0;0;0;0;0;0;0;0;-0.7452;0;0.7452;1;1;0;0;0;0
12/12/21 04:00;1.6999;-117.34;85.874;1.9135;2.7314;-90;-2.7314;0.0977;0.0977;0;12.5;5.04;0;0;0.0976;0;0;0;0.0976;0.0976;0;0;0;0;0;1;1;1;1;0;0;0;0;0;0;0;0;0;0;0;0;0;0;0;0;0;0;0;0;0;0;0;0;0;0;0;0;0;0;0;0;0;0;0;0;1;1;1;1;1;1;1;1;1;1;1;1;1;0;0;1;0;0;0;0;0;0;0;0;0;0;0;0.0004;0.088;-0.0884;0;0;0;0;0;0;0;0;0;0;0;0;0;0;0;0;0;0;0;-12.5;0;0;0;0;0.0004;0;0;0;0;0;0;0;-0.0004;-0.0884;0;0;0;0;0;0;0;0;0;-0.7452;0;0.7452;1;1;0;0;0;0
12/12/21 05:00;8.9445;-112.03;67.847;9.6362;14.316;-90;-14.316;120;22.297;97.704;14.11;5.5099;0;236.96;12.165;24.107;0;0.3913;273.62;0;273.62;236.96;24.107;12.165;0.3913;0.866;0.0459;0;0.0014;273.14;0.4851;0;0;0.1602;0.3249;249.9;22.694;20.17;2.052;0.4569;0.0148;272.59;0.5463;0.4739;0.0482;0.024;0.0001;249.91;216.32;22.007;11.524;0.0514;7.9129;6.2749;2.6147;0.0134;0.0904;1.3004;0.0086;1.3774;0;1;0;0;2.2802;0.9982;1;1;0.9868;0.1696;0.9167;0.9147;1;0.9619;0.7759;0.998;0.998;1;0.998;0.998;0.9133;0.9473;0.1314;0.7787;0.7176;0.0043;0.0157;0.0035;0.0049;0.0172;0.0002;0;0;0.088;0.5571;0;0;0;0;0;0;0;0;0;0;0;0;0.0139;0.0015;0.6565;0.6565;0;26.346;26.346;12.236;0.049;615.29;1066.9;1;0.0114;0.0114;0;0;0;0;0;0;0.6451;0.5571;0;15.853;18.358;13.453;15.578;98.262;98.262;6.567;5.536;4.6977;1.0309;0.8383;0.157;0.1277;0.7154;7.3855;0.7128;0
12/12/21 06:00;20.592;-104.38;31.461;21.199;40.085;-90;-40.085;331.99;58.597;273.39;16.19;5.39;0;663.06;23.198;78.365;0;8.1889;772.81;0;772.81;663.06;78.365;23.198;8.1889;0.858;0.0406;0;0.0106;763.72;9.0915;0;0;1.6161;7.4754;760.03;2.1603;1.251;0.1479;0.6978;0.0636;762.19;1.5274;1.3261;0.1567;0.0432;0.0014;760.26;660.48;78.061;20.84;0.6484;18.034;14.301;6.5128;0.9538;0.2301;3.3094;0.229;2.5856;0;1;0;0;2.3278;0.9882;1;1;0.9303;0.0871;0.9972;0.9981;1;0.9676;0.9107;0.998;0.998;1;0.998;0.998;0.9835;0.8984;0.0792;2.1994;2.1818;0.0131;-0.0014;0.2234;0.0136;0.0483;0.0006;0;0;0.088;1.7168;0;0;0;0;0;0;0;0;0;0;0;0;0.0389;0.0113;1.834;1.834;0;54.052;54.052;37.862;0.0498;1883.9;973.51;1;0.0291;0.0291;0;0;0;0;0;0;1.8048;1.7168;0;15.682;18.159;14.68;16.999;98.412;98.412;18.547;15.466;14.478;3.0813;0.9878;0.1661;0.0533;0.7806;16.536;0.7781;0
12/12/21 07:00;32.641;-96.848;5.7627;32.827;57.173;-90;-57.173;555.29;91.597;463.69;18.55;4.66;0;855.35;27.554;103.05;0;26.698;1012.7;0;1012.7;855.35;103.05;27.554;26.698;0.8447;0.0536;0;0.0264;984.55;28.097;0;0;3.2187;24.879;981.46;1.1226;0.1699;0.0205;0.8406;0.0916;982.59;1.9691;1.7107;0.2061;0.0487;0.0036;986.09;853.47;102.82;23.446;1.7239;149.54;118.59;49.566;3.8854;1.9347;27.83;4.6287;25.879;0;1;0;0;1.8236;0.9723;1;1;0.8832;0.0681;0.9989;0.9998;1;0.9654;0.9495;0.998;0.998;1;0.998;0.998;0.9692;0.8509;0.0646;2.8819;2.877;0.0173;0.0002;0.4367;0.017;0.0601;0.0045;0;0;0.088;2.1486;0;0;0;0;0;0;0;0;0;0;0;0;0.0485;0.019;2.2738;2.2738;0;68.001;68.001;49.45;0.0504;2480.9;916.51;1;0.0372;0.0372;0;0;0;0;0;0;2.2366;2.1486;0;14.837;17.181;14.021;16.236;98.366;98.366;24.304;19.175;18.12;5.1286;1.0555;0.211;0.0434;0.7455;23.223;0.7305;0
12/12/21 08:00;44.883;-88.658;0.9508;44.891;45.109;-90;-45.109;761.91;125.7;636.21;20.26;3.4901;0;901.45;38.641;113.91;0;23.54;1077.5;0;1077.5;901.45;113.91;38.641;23.54;0.8366;0.0577;0;0.0218;1052.6;24.927;0;0;3.2;21.727;1049.2;1.2956;0.0295;0.0037;1.1543;0.108;1050.5;2.1052;1.8029;0.2278;0.0709;0.0036;1055.1;899.62;113.68;34.216;1.7009;328.78;260.72;108.89;2.3854;3.859;55.51;5.853;56.984;0;1;0;0;1.4143;0.9769;1;1;0.9172;0.077;0.9988;1;1;0.9674;0.9403;0.998;0.998;1;0.998;0.998;0.9737;0.8855;0.0723;3.0666;3.1298;0.0188;0.0036;0.5348;0.018;0.0639;0.0087;0;0;0.088;2.2804;0;0;0;0;0;0;0;0;0;0;0;0;0.0514;0.0224;2.4082;2.4082;0;73.362;73.362;53.102;0.0506;2698.4;892.47;1;0.0398;0.0398;0;0;0;0;0;0;2.3684;2.2804;0;14.768;17.101;13.984;16.194;98.348;98.348;25.861;20.309;19.231;5.5526;1.0775;0.2147;0.0417;0.7436;28.788;0.716;0
12/12/21 09:00;57.061;-78.265;6.3492;57.611;32.389;-90;-32.389;927.19;153;774.19;21.79;2.0799;0;916.82;48.765;118.57;0;15.146;1099.3;0;1099.3;916.82;118.57;48.765;15.146;0.834;0.0581;0;0.0138;1083.5;15.801;0;0;2.4357;13.365;1079.3;2.0074;0.2007;0.026;1.4985;0.2823;1081.3;2.167;1.8336;0.2371;0.0927;0.0036;1083.5;914.78;118.31;44.738;1.4948;482.18;382.37;162.4;0.966;5.3192;76.514;4.1973;80.867;0;1;0;0;1.1856;0.9856;1;1;0.9501;0.1176;0.9981;0.9998;1;0.9676;0.8412;0.998;0.998;1;0.998;0.998;0.9818;0.9174;0.0987;3.1285;3.2533;0.0196;0.0059;0.5932;0.0184;0.0654;0.0118;0;0;0.088;2.3336;0;0;0;0;0;0;0;0;0;0;0;0;0.0527;0.024;2.4623;2.4623;0;76.561;76.561;54.771;0.0507;2802.4;878.62;1;0.0407;0.0407;0;0;0;0;0;0;2.4216;2.3336;0;14.801;17.139;14.027;16.243;98.347;98.347;26.383;20.765;19.679;5.6185;1.0853;0.213;0.0411;0.7459;32.691;0.709;0
12/12/21 10:00;68.598;-61.312;10.089;71.025;18.975;-90;-18.975;1034.9;170.8;864.1;23.6;0.83;0;913.75;56.763;118.92;0;5.9046;1095.3;0;1095.3;913.75;118.92;56.763;5.9046;0.8342;0.0572;0;0.0054;1089.2;6.1215;0;0;1.2008;4.9207;1084.5;2.5257;0.3178;0.0414;1.9495;0.2171;1087;2.1784;1.8275;0.2378;0.1111;0.002;1085.9;911.61;118.64;53.501;0.7648;587.95;466.24;194.47;0.1698;6.6513;95.676;1.4348;102.16;0;1;0;0;1.0584;0.9944;1;1;0.9788;0.1666;0.9977;0.9997;1;0.9648;0.7789;0.998;0.998;1;0.998;0.998;0.9901;0.9425;0.1295;3.1172;3.2986;0.0199;0.0068;0.6274;0.0185;0.0657;0.0146;0;0;0.088;2.3395;0;0;0;0;0;0;0;0;0;0;0;0;0.0529;0.0246;2.4683;2.4683;0;78.733;78.733;55.133;0.0508;2817.4;875;1;0.0407;0.0407;0;0;0;0;0;0;2.4275;2.3395;0;14.891;17.243;14.114;16.344;98.35;98.35;26.288;20.815;19.73;5.4727;1.0857;0.2082;0.0413;0.7505;35.101;0.7045;0
12/12/21 11:00;77.103;-22.676;11.885;84.955;5.0447;-90;-5.0447;1162;191.7;970.29;24.52;0.34;0;974.07;56.226;135.89;0;0.4726;1166.7;0;1166.7;974.07;135.89;56.226;0.4726;0.8349;0.0486;0;0.0004;1166.1;0.5267;0;0;0.1332;0.3935;1160.9;2.9138;0.3991;0.0557;2.4414;0.0176;1163.8;2.3323;1.9481;0.2718;0.1122;0.0002;1160.9;971.72;135.57;53.54;0.0613;683.63;542.12;226.74;0.0006;7.6803;110.48;0.0448;118.16;0;1;0;0;1.004;0.9995;1;1;0.9976;0.1674;0.9975;0.9996;1;0.9564;0.7768;0.998;0.998;1;0.998;0.998;0.9951;0.9522;0.1298;3.3202;3.5428;0.0213;0.0128;0.7379;0.0194;0.0688;0.0164;0;0;0.088;2.4313;0;0;0;0;0;0;0;0;0;0;0;0;0.0554;0.0282;2.5826;2.5623;0;83.79;83.79;59.27;0.0511;2928.3;875;1;0.0633;0.0429;0;0.0204;0;0;0;0;2.5193;2.4313;0;14.513;16.805;13.771;15.947;97.548;98.325;28;21.608;20.504;6.392;1.1041;0.2283;0.0394;0.7323;33.393;0.6838;0
12/12/21 12:00;75.345;37.466;11.584;80.962;9.0381;90;9.0381;1082.9;178.3;904.6;25.85;0.77;0;915.97;59.662;119.75;0;1.4117;1096.8;0;1096.8;915.97;119.75;59.662;1.4117;0.8351;0.0557;0;0.0013;1095.3;1.5398;0;0;0.3649;1.1749;1090.1;2.9197;0.3658;0.0478;2.453;0.0532;1093.1;2.1905;1.8319;0.2395;0.1186;0.0005;1090.4;913.78;119.46;56.725;0.1832;633.59;502.44;209.31;0.012;7.173;103.18;0.2532;110.34;0;1;0;0;1.0128;0.9986;1;1;0.9939;0.1678;0.9973;0.9996;1;0.9585;0.7751;0.998;0.998;1;0.998;0.998;0.9939;0.9508;0.1298;3.1214;3.3264;0.02;0.0074;0.6649;0.0184;0.0654;0.0155;0;0;0.088;2.3192;0;0;0;0;0;0;0;0;0;0;0;0;0.0527;0.025;2.457;2.4474;0;81.392;81.392;55.542;0.0509;2797.1;875;1;0.0498;0.0403;0;0.0096;0;0;0;0;2.4072;2.3192;0;14.745;17.075;13.973;16.18;97.971;98.355;26.323;20.639;19.558;5.6837;1.0816;0.2159;0.0411;0.743;35.683;0.6941;0
12/12/21 13:00;65.453;67.332;9.2129;67.148;22.852;90;22.852;583.69;445;138.69;25.34;1.1999;0;150.5;381.29;52.232;0;4.8104;588.84;0;588.84;150.5;52.232;381.29;4.8104;0.2556;0.6557;0;0.0082;573.82;15.02;0;0;10.942;4.0774;559.97;12.703;0.0478;0.0166;12.483;0.1554;572.67;1.1476;0.301;0.1045;0.7407;0.0015;561.23;150.16;52.111;357.13;0.5762;344.06;272.84;113.3;2.214;4.0619;58.428;1.2554;60.276;0;1;0;0;1.0088;0.9745;1;1;0.9713;0.1524;0.9778;0.9997;1;0.9662;0.7876;0.998;0.998;1;0.998;0.998;0.951;0.9366;0.1198;1.6758;1.7227;0.0104;0.0024;0.1724;0.0108;0.0382;0.0099;0;0;0.088;1.3311;0;0;0;0;0;0;0;0;0;0;0;0;0.0307;0.0072;1.4408;1.4408;0;53.243;53.243;27.903;0.0498;1480.8;972.99;1;0.0217;0.0217;0;0;0;0;0;0;1.4191;1.3311;0;16.168;18.722;14.938;17.297;98.496;98.496;14.132;12.15;11.225;1.982;0.9248;0.1403;0.0654;0.7943;240.42;0.7394;0
12/12/21 14:00;53.628;81.601;4.969;53.922;36.078;90;36.078;921.6;152;769.61;26.46;1.5299;0;952.23;44.243;127.52;0;18.558;1142.5;0;1142.5;952.23;127.52;44.243;18.558;0.8334;0.055;0;0.0162;1123.2;19.369;0;0;2.6267;16.743;1119.2;1.7645;0.1631;0.0218;1.341;0.2385;1120.9;2.2463;1.9045;0.255;0.0832;0.0036;1124.2;950.16;127.24;40.192;1.5736;460.16;364.9;157.04;1.2695;4.9644;71.411;5.078;75.106;0;1;0;0;1.2397;0.983;1;1;0.9406;0.0978;0.9984;0.9998;1;0.9677;0.8684;0.998;0.998;1;0.998;0.998;0.9795;0.9084;0.0848;3.2516;3.3596;0.0202;0.0082;0.6983;0.0184;0.0654;0.0106;0;0;0.088;2.3168;0;0;0;0;0;0;0;0;0;0;0;0;0.0527;0.0255;2.4602;2.445;0;83.585;83.585;57.126;0.051;2794.3;875;1;0.0554;0.0402;0;0.0152;0;0;0;0;2.4048;2.3168;0;14.141;16.375;13.4;15.516;97.748;98.356;27.421;20.619;19.538;6.8017;1.0811;0.248;0.0394;0.7125;30.509;0.6807;0
12/12/21 15:00;41.396;91.119;0.8392;41.401;48.599;90;48.599;717.41;143.2;574.2;26.94;1.7501;0;868.26;45.678;133.39;0;25.511;1072.8;0;1072.8;868.26;133.39;45.678;25.511;0.8093;0.0664;0;0.0238;1044.8;28.022;0;0;4.2298;23.793;1041.3;1.4746;0.0251;0.0039;1.3647;0.0809;1042.7;2.0896;1.7365;0.2668;0.0829;0.0034;1047.1;866.5;133.12;40.001;1.6344;286.61;227.28;94.662;3.6457;3.4827;50.098;5.8541;49.935;0;1;0;0;1.4954;0.9739;1;1;0.9074;0.0674;0.9986;1;1;0.967;0.9528;0.998;0.998;1;0.998;0.998;0.9706;0.8757;0.0641;3.0532;3.0962;0.0186;0.0031;0.6036;0.0173;0.0613;0.0076;0;0;0.088;2.1882;0;0;0;0;0;0;0;0;0;0;0;0;0.0494;0.0219;2.3134;2.3134;0;79.923;79.923;52.983;0.0509;2638.9;875;1;0.0371;0.0371;0;0;0;0;0;0;2.2762;2.1882;0;14.249;16.5;13.478;15.607;98.395;98.395;25.748;19.509;18.454;6.239;1.0553;0.2423;0.041;0.7167;35.172;0.6925;0
12/12/21 16:00;29.187;99.014;7.8783;29.491;60;90;60;491;151.9;339.11;27.01;1.8301;0;688.81;57.726;152.2;0;25.778;924.51;0;924.51;688.81;152.2;57.726;25.778;0.7451;0.0903;0;0.0279;893.14;31.372;0;0;7.2572;24.115;889.23;2.1237;0.1871;0.0413;1.7822;0.1131;891.35;1.7863;1.3776;0.3044;0.1009;0.0033;893.63;687.24;151.85;48.586;1.546;119.22;94.543;42.163;9.6572;1.7968;25.846;4.4046;17.985;0;1;0;0;1.8829;0.9661;1;1;0.8743;0.0645;0.9976;0.9997;1;0.9646;0.9318;0.998;0.998;1;0.998;0.998;0.9618;0.8417;0.06;2.6311;2.6085;0.0157;-0.0017;0.4347;0.0151;0.0536;0.0041;0;0;0.088;1.9087;0;0;0;0;0;0;0;0;0;0;0;0;0.0432;0.0158;2.028;2.028;0;71.959;71.959;44.949;0.0505;2249.8;901.45;1;0.0314;0.0314;0;0;0;0;0;0;1.9967;1.9087;0;14.496;16.785;13.642;15.798;98.454;98.454;22.188;17.103;16.096;5.0855;1.0065;0.2292;0.0454;0.7254;50.254;0.7106;0
12/12/21 17:00;17.231;106.51;44.075;17.926;30.359;90;30.359;259.79;144.7;115.09;26.86;1.5199;0;279.13;97.632;96.724;0;3.7405;477.22;0;477.22;279.13;96.724;97.632;3.7405;0.5849;0.2124;0;0.0078;469.53;7.6989;0;0;4.4146;3.2843;462;6.585;2.5818;0.8946;3.0286;0.08;468.59;0.9391;0.5583;0.1934;0.1864;0.0009;462.47;275.99;95.636;90.002;0.3753;65.269;51.759;21.926;1.5414;0.8154;11.729;0.4678;11.003;0;1;0;0;1.837;0.9839;1;1;0.9548;0.122;0.9859;0.9907;1;0.9674;0.8244;0.998;0.998;1;0.998;0.998;0.9681;0.9219;0.1003;1.3581;1.3467;0.0081;0.0072;0.1192;0.0085;0.0301;0.002;0;0;0.088;1.0373;0;0;0;0;0;0;0;0;0;0;0;0;0.0242;0.0046;1.1427;1.1427;0;49.837;49.837;22.977;0.0497;1160.6;984.53;1;0.0173;0.0173;0;0;0;0;0;0;1.1253;1.0373;0;15.822;18.322;14.364;16.633;98.482;98.482;11.453;9.6364;8.748;1.817;0.8884;0.1586;0.0776;0.7638;64.51;0.75;0
12/12/21 18:00;5.7387;114.31;75.965;6.2925;9.1233;90;9.1233;50.009;48.699;1.3097;25.89;1.6899;0;3.1765;47.941;1.0975;0;0.0664;52.282;0;52.282;3.1765;1.0975;47.941;0.0664;0.0608;0.9183;0;0.0013;51.928;0.3531;0;0;0.2978;0.0553;48.976;2.8489;0.6525;0.2254;1.9685;0.0025;51.825;0.1039;0.0064;0.0022;0.0953;0;48.986;2.5177;0.8698;45.58;0.0086;28.687;22.749;9.0597;0.0097;0.3525;5.0703;0.0101;5.4131;0;1;0;0;1.0455;0.9932;1;1;0.9938;0.1678;0.945;0.7942;1;0.9586;0.7751;0.998;0.998;1;0.998;0.998;0.9368;0.9507;0.1298;0.1488;0.1503;0.0009;0.0133;0.0019;0.0009;0.0033;0.0009;0;0;0.088;0.0334;0;0;0;0;0;0;0;0;0;0;0;0;0.0027;0.0001;0.1263;0.1263;0;28.331;28.331;2.4415;0.0499;127.11;993.84;1;0.005;0.005;0;0;0;0;0;0;0.1214;0.0334;0;15.967;18.49;4.2187;4.8851;96.079;96.079;1.2548;1.0654;0.2815;0.1894;0.7839;0.1509;0.6247;0.2243;28.679;0.2091;0
12/12/21 19:00;0.2445;118.48;89.407;0.2782;0.3965;90;0.3965;0;0;0;20.85;1.9801;0;0;0;0;0;0;0;0;0;0;0;0;0;1;1;1;1;0;0;0;0;0;0;0;0;0;0;0;0;0;0;0;0;0;0;0;0;0;0;0;0;0;0;0;0;0;0;0;0;0;0;0;1;1;1;1;1;1;1;1;1;1;1;1;1;1;1;1;1;1;1;0;0;0;0;0;0;0;0;0;0.0004;0.088;-0.0884;0;0;0;0;0;0;0;0;0;0;0;0;0;0;0;0;0;0;0;-20.85;0;0;0;0;0.0004;0;0;0;0;0;0;0;-0.0004;-0.0884;0;0;0;0;0;0;0;0;0;-0.7452;0;0.7452;1;1;0;0;0;0
12/12/21 20:00;0;0;90;0;0;90;0;0;0;0;15.83;2.21;0;0;0;0;0;0;0;0;0;0;0;0;0;1;1;1;1;0;0;0;0;0;0;0;0;0;0;0;0;0;0;0;0;0;0;0;0;0;0;0;0;0;0;0;0;0;0;0;0;0;0;0;1;1;1;1;1;1;1;1;1;1;1;1;1;1;1;1;1;1;1;0;0;0;0;0;0;0;0;0;0.0004;0.088;-0.0884;0;0;0;0;0;0;0;0;0;0;0;0;0;0;0;0;0;0;0;-15.83;0;0;0;0;0.0004;0;0;0;0;0;0;0;-0.0004;-0.0884;0;0;0;0;0;0;0;0;0;-0.7452;0;0.7452;1;1;0;0;0;0
12/12/21 21:00;0;0;90;0;0;90;0;0;0;0;15.43;2.5301;0;0;0;0;0;0;0;0;0;0;0;0;0;1;1;1;1;0;0;0;0;0;0;0;0;0;0;0;0;0;0;0;0;0;0;0;0;0;0;0;0;0;0;0;0;0;0;0;0;0;0;0;1;1;1;1;1;1;1;1;1;1;1;1;1;1;1;1;1;1;1;0;0;0;0;0;0;0;0;0;0.0004;0.088;-0.0884;0;0;0;0;0;0;0;0;0;0;0;0;0;0;0;0;0;0;0;-15.43;0;0;0;0;0.0004;0;0;0;0;0;0;0;-0.0004;-0.0884;0;0;0;0;0;0;0;0;0;-0.7452;0;0.7452;1;1;0;0;0;0
12/12/21 22:00;0;0;90;0;0;90;0;0;0;0;14.16;2.84;0;0;0;0;0;0;0;0;0;0;0;0;0;1;1;1;1;0;0;0;0;0;0;0;0;0;0;0;0;0;0;0;0;0;0;0;0;0;0;0;0;0;0;0;0;0;0;0;0;0;0;0;1;1;1;1;1;1;1;1;1;1;1;1;1;1;1;1;1;1;1;0;0;0;0;0;0;0;0;0;0.0004;0.088;-0.0884;0;0;0;0;0;0;0;0;0;0;0;0;0;0;0;0;0;0;0;-14.16;0;0;0;0;0.0004;0;0;0;0;0;0;0;-0.0004;-0.0884;0;0;0;0;0;0;0;0;0;-0.7452;0;0.7452;1;1;0;0;0;0
12/12/21 23:00;0;0;90;0;0;90;0;0;0;0;13.33;3.14;0;0;0;0;0;0;0;0;0;0;0;0;0;1;1;1;1;0;0;0;0;0;0;0;0;0;0;0;0;0;0;0;0;0;0;0;0;0;0;0;0;0;0;0;0;0;0;0;0;0;0;0;1;1;1;1;1;1;1;1;1;1;1;1;1;1;1;1;1;1;1;0;0;0;0;0;0;0;0;0;0.0004;0.088;-0.0884;0;0;0;0;0;0;0;0;0;0;0;0;0;0;0;0;0;0;0;-13.33;0;0;0;0;0.0004;0;0;0;0;0;0;0;-0.0004;-0.0884;0;0;0;0;0;0;0;0;0;-0.7452;0;0.7452;1;1;0;0;0;0
13/12/21 00:00;0;0;90;0;0;90;0;0;0;0;15.77;3.6799;0;0;0;0;0;0;0;0;0;0;0;0;0;1;1;1;1;0;0;0;0;0;0;0;0;0;0;0;0;0;0;0;0;0;0;0;0;0;0;0;0;0;0;0;0;0;0;0;0;0;0;0;1;1;1;1;1;1;1;1;1;1;1;1;1;1;1;1;1;1;1;0;0;0;0;0;0;0;0;0;0.0004;0.088;-0.0884;0;0;0;0;0;0;0;0;0;0;0;0;0;0;0;0;0;0;0;-15.77;0;0;0;0;0.0004;0;0;0;0;0;0;0;-0.0004;-0.0884;0;0;0;0;0;0;0;0;0;-0.7452;0;0.7452;1;1;0;0;0;0
13/12/21 01:00;0;0;90;0;0;90;0;0;0;0;14.16;4.0699;0;0;0;0;0;0;0;0;0;0;0;0;0;1;1;1;1;0;0;0;0;0;0;0;0;0;0;0;0;0;0;0;0;0;0;0;0;0;0;0;0;0;0;0;0;0;0;0;0;0;0;0;1;1;1;1;1;1;1;1;1;1;1;1;1;1;1;1;1;1;1;0;0;0;0;0;0;0;0;0;0.0004;0.088;-0.0884;0;0;0;0;0;0;0;0;0;0;0;0;0;0;0;0;0;0;0;-14.16;0;0;0;0;0.0004;0;0;0;0;0;0;0;-0.0004;-0.0884;0;0;0;0;0;0;0;0;0;-0.7452;0;0.7452;1;1;0;0;0;0
13/12/21 02:00;0;0;90;0;0;90;0;0;0;0;12.66;4.27;0;0;0;0;0;0;0;0;0;0;0;0;0;1;1;1;1;0;0;0;0;0;0;0;0;0;0;0;0;0;0;0;0;0;0;0;0;0;0;0;0;0;0;0;0;0;0;0;0;0;0;0;1;1;1;1;1;1;1;1;1;1;1;1;1;1;1;1;1;1;1;0;0;0;0;0;0;0;0;0;0.0004;0.088;-0.0884;0;0;0;0;0;0;0;0;0;0;0;0;0;0;0;0;0;0;0;-12.66;0;0;0;0;0.0004;0;0;0;0;0;0;0;-0.0004;-0.0884;0;0;0;0;0;0;0;0;0;-0.7452;0;0.7452;1;1;0;0;0;0
13/12/21 03:00;0;0;90;0;0;90;0;0;0;0;11.66;4.36;0;0;0;0;0;0;0;0;0;0;0;0;0;1;1;1;1;0;0;0;0;0;0;0;0;0;0;0;0;0;0;0;0;0;0;0;0;0;0;0;0;0;0;0;0;0;0;0;0;0;0;0;1;1;1;1;1;1;1;1;1;1;1;1;1;1;1;1;1;1;1;0;0;0;0;0;0;0;0;0;0.0004;0.088;-0.0884;0;0;0;0;0;0;0;0;0;0;0;0;0;0;0;0;0;0;0;-11.66;0;0;0;0;0.0004;0;0;0;0;0;0;0;-0.0004;-0.0884;0;0;0;0;0;0;0;0;0;-0.7452;0;0.7452;1;1;0;0;0;0
13/12/21 04:00;1.6592;-117.45;85.973;1.8696;2.6687;-90;-2.6687;0.293;0.293;0;11.43;5.0001;0;0;0.2929;0;0;0;0.2929;0.2929;0;0;0;0;0;1;1;1;1;0;0;0;0;0;0;0;0;0;0;0;0;0;0;0;0;0;0;0;0;0;0;0;0;0;0;0;0;0;0;0;0;0;0;0;0;1;1;1;1;1;1;1;1;1;1;1;1;1;0;0;1;0;0;0;0;0;0;0;0;0;0;0;0.0004;0.088;-0.0884;0;0;0;0;0;0;0;0;0;0;0;0;0;0;0;0;0;0;0;-11.43;0;0;0;0;0.0004;0;0;0;0;0;0;0;-0.0004;-0.0884;0;0;0;0;0;0;0;0;0;-0.7452;0;0.7452;1;1;0;0;0;0
13/12/21 05:00;8.897;-112.14;67.97;9.5929;14.246;-90;-14.246;120.9;21.399;99.5;13.28;5.13;0;241.32;11.456;23.682;0;0.3904;276.84;0;276.84;241.32;23.682;11.456;0.3904;0.8717;0.0428;0;0.0014;276.37;0.4738;0;0;0.1496;0.3241;252.5;23.313;20.824;2.0436;0.4308;0.0148;275.82;0.5527;0.4826;0.0474;0.0226;0.0001;252.51;220.01;21.591;10.853;0.0513;7.4883;5.9382;2.0387;0.0124;0.1139;1.6378;0.01;1.7392;0;1;0;0;2.2899;0.9983;1;1;0.9869;0.1696;0.9155;0.9135;1;0.9618;0.7759;0.998;0.998;1;0.998;0.998;0.9121;0.9474;0.1314;0.7879;0.7257;0.0044;0.0156;0.0016;0.0049;0.0175;0.0003;0;0;0.088;0.5663;0;0;0;0;0;0;0;0;0;0;0;0;0.0141;0.0015;0.6658;0.6658;0;25.635;25.635;12.355;0.0489;622.22;1070.1;1;0.0116;0.0116;0;0;0;0;0;0;0.6543;0.5663;0;15.893;18.403;13.516;15.651;98.261;98.261;6.6443;5.615;4.7753;1.0292;0.8397;0.1549;0.1264;0.7187;6.953;0.7155;0
13/12/21 06:00;20.537;-104.5;31.7;21.153;39.914;-90;-39.914;332.6;57.998;274.6;16.71;4.8501;0;665.98;22.793;78.093;0;8.1368;775;0;775;665.98;78.093;22.793;8.1368;0.8593;0.0399;0;0.0105;766;9.0015;0;0;1.5778;7.4237;762.21;2.2584;1.3497;0.1583;0.6858;0.0646;764.47;1.532;1.332;0.1562;0.0424;0.0014;762.43;663.3;77.779;20.487;0.6471;17.728;14.058;6.4028;0.9236;0.2252;3.2393;0.2225;2.5409;0;1;0;0;2.3302;0.9884;1;1;0.9308;0.0876;0.997;0.998;1;0.9676;0.9092;0.998;0.998;1;0.998;0.998;0.9835;0.8988;0.0795;2.2056;2.1879;0.0132;-0.0014;0.2291;0.0136;0.0483;0.0005;0;0;0.088;1.7172;0;0;0;0;0;0;0;0;0;0;0;0;0.0389;0.0113;1.8343;1.8343;0;54.701;54.701;37.991;0.0498;1889.3;970.86;1;0.0291;0.0291;0;0;0;0;0;0;1.8052;1.7172;0;15.64;18.11;14.641;16.954;98.414;98.414;18.6;15.469;14.481;3.1314;0.9874;0.1684;0.0531;0.7786;16.225;0.7761;0
13/12/21 07:00;32.58;-96.977;5.8746;32.774;57.226;-90;-57.226;554.2;91.497;462.7;20.6;3.8901;0;854.75;27.539;103.01;0;26.691;1012;0;1012;854.75;103.01;27.539;26.691;0.8446;0.0536;0;0.0264;983.9;28.093;0;0;3.2214;24.872;980.8;1.1263;0.1731;0.0209;0.8403;0.092;981.93;1.9678;1.7095;0.206;0.0486;0.0036;985.74;852.87;102.78;23.429;1.7232;148.71;117.93;47.776;3.8961;2.0246;29.123;4.9375;27.251;0;1;0;0;1.8261;0.9722;1;1;0.883;0.0681;0.9989;0.9998;1;0.9654;0.9493;0.998;0.998;1;0.998;0.998;0.9692;0.8507;0.0646;2.88;2.8786;0.0173;0.0002;0.459;0.0168;0.0596;0.0046;0;0;0.088;2.1295;0;0;0;0;0;0;0;0;0;0;0;0;0.048;0.0191;2.254;2.254;0;70.102;70.102;49.503;0.0505;2483.1;907.75;1;0.0365;0.0365;0;0;0;0;0;0;2.2175;2.1295;0;14.718;17.043;13.905;16.102;98.381;98.381;24.288;19.008;17.958;5.2796;1.0499;0.2174;0.0432;0.7394;23.225;0.7238;0
13/12/21 08:00;44.821;-88.81;0.8443;44.827;45.173;-90;-45.173;763;125.9;637.1;23.74;1.9901;0;903.72;38.526;114.49;0;23.636;1080.4;0;1080.4;903.72;114.49;38.526;23.636;0.8365;0.0575;0;0.0219;1055.4;25.016;0;0;3.1969;21.819;1052;1.2883;0.0263;0.0033;1.1509;0.1078;1053.2;2.1107;1.8074;0.229;0.0707;0.0036;1057.8;901.89;114.25;34.107;1.7062;328.75;260.7;108.85;2.3898;3.861;55.538;5.8738;57.01;0;1;0;0;1.4159;0.9768;1;1;0.917;0.0769;0.9988;1;1;0.9674;0.9406;0.998;0.998;1;0.998;0.998;0.9737;0.8853;0.0722;3.0746;3.1378;0.0189;0.0038;0.5795;0.0177;0.0629;0.0085;0;0;0.088;2.2467;0;0;0;0;0;0;0;0;0;0;0;0;0.0507;0.0225;2.3732;2.3732;0;77.146;77.146;53.406;0.0508;2705.2;877.29;1;0.0386;0.0386;0;0;0;0;0;0;2.3347;2.2467;0;14.516;16.809;13.741;15.912;98.374;98.374;25.929;20.014;18.946;5.915;1.0675;0.2281;0.0412;0.7307;28.719;0.7036;0
13/12/21 09:00;57.004;-78.467;6.2509;57.535;32.465;-90;-32.465;927.09;153;774.09;25.21;0.59;0;917.47;48.714;118.71;0;15.213;1100.1;0;1100.1;917.47;118.71;48.714;15.213;0.834;0.0581;0;0.0138;1084.2;15.871;0;0;2.4422;13.429;1080.1;2.0015;0.1977;0.0256;1.4964;0.2817;1082.1;2.1685;1.8349;0.2374;0.0925;0.0036;1084.3;915.44;118.45;44.683;1.4984;481.78;382.05;162.27;0.9728;5.3143;76.445;4.2182;80.786;0;1;0;0;1.1866;0.9856;1;1;0.9499;0.1172;0.9982;0.9998;1;0.9676;0.8417;0.998;0.998;1;0.998;0.998;0.9818;0.9172;0.0985;3.1308;3.2553;0.0196;0.0059;0.6367;0.0182;0.0644;0.0116;0;0;0.088;2.2897;0;0;0;0;0;0;0;0;0;0;0;0;0.0519;0.0241;2.4231;2.4172;0;80.182;80.182;54.973;0.0509;2762.6;875;1;0.0454;0.0395;0;0.0059;0;0;0;0;2.3777;2.2897;0;14.519;16.813;13.753;15.926;98.125;98.364;26.403;20.385;19.309;6.0177;1.0756;0.2279;0.0407;0.7313;32.675;0.6952;0
13/12/21 10:00;68.559;-61.634;10.002;70.936;19.064;-90;-19.064;1051.2;173.5;877.69;27.69;1.06;0;928.62;55.887;122.77;0;6.0536;1113.3;0;1113.3;928.62;122.77;55.887;6.0536;0.8341;0.0556;0;0.0054;1107.1;6.2371;0;0;1.1916;5.0455;1102.4;2.501;0.3202;0.0423;1.9161;0.2224;1104.9;2.2142;1.8572;0.2455;0.1094;0.002;1103.9;926.45;122.49;52.67;0.7837;596.91;473.35;197.46;0.17;6.7509;97.11;1.473;103.69;0;1;0;0;1.0591;0.9944;1;1;0.9787;0.1665;0.9977;0.9997;1;0.9649;0.779;0.998;0.998;1;0.998;0.998;0.9902;0.9424;0.1295;3.1685;3.3527;0.0202;0.008;0.7018;0.0184;0.0651;0.0144;0;0;0.088;2.3005;0;0;0;0;0;0;0;0;0;0;0;0;0.0524;0.0254;2.447;2.4283;0;83.976;83.976;56.286;0.0511;2775.2;875;1;0.0585;0.0398;0;0.0187;0;0;0;0;2.3885;2.3005;0;14.413;16.69;13.654;15.811;97.61;98.361;26.72;20.478;19.401;6.2416;1.0778;0.2336;0.0403;0.7261;34.573;0.6816;0
13/12/21 11:00;77.13;-23.218;11.812;84.853;5.1468;-90;-5.1468;1096.4;180.9;915.5;27.92;2.03;0;919.21;60.287;120.98;0;0.4642;1100.9;0;1100.9;919.21;120.98;60.287;0.4642;0.8349;0.0552;0;0.0004;1100.4;0.5338;0;0;0.1474;0.3864;1095.1;3.0554;0.3743;0.0493;2.6146;0.0173;1098.2;2.2008;1.8384;0.242;0.1203;0.0002;1095.2;916.99;120.69;57.405;0.0602;645.01;511.49;213.86;0.0008;7.251;104.3;0.0455;111.55;0;1;0;0;1.0041;0.9995;1;1;0.9976;0.1674;0.9972;0.9996;1;0.9564;0.7768;0.998;0.998;1;0.998;0.998;0.9947;0.9522;0.1298;3.1332;3.3423;0.0201;0.0078;0.6979;0.0183;0.065;0.0155;0;0;0.088;2.2948;0;0;0;0;0;0;0;0;0;0;0;0;0.0523;0.0252;2.4402;2.4225;0;83.829;83.829;55.908;0.0511;2768.5;875;1;0.0574;0.0397;0;0.0178;0;0;0;0;2.3828;2.2948;0;14.54;16.837;13.774;15.95;97.646;98.362;26.422;20.429;19.352;5.9935;1.0767;0.2268;0.0407;0.7324;35.81;0.6839;0
13/12/21 12:00;75.458;37.263;11.527;81.074;8.9259;90;8.9259;1085.4;178.7;906.7;28.8;2.9;0;917.82;59.612;120.18;0;1.3801;1099;0;1099;917.82;120.18;59.612;1.3801;0.8351;0.0555;0;0.0013;1097.5;1.5058;0;0;0.3571;1.1487;1092.4;2.9196;0.3647;0.0478;2.4552;0.052;1095.3;2.195;1.8356;0.2404;0.1185;0.0005;1092.6;915.62;119.89;56.681;0.1791;635.18;503.7;209.82;0.0114;7.1914;103.45;0.2458;110.63;0;1;0;0;1.0125;0.9986;1;1;0.994;0.1677;0.9973;0.9996;1;0.9585;0.7751;0.998;0.998;1;0.998;0.998;0.994;0.9508;0.1298;3.1276;3.3332;0.0201;0.0076;0.7055;0.0182;0.0645;0.0153;0;0;0.088;2.2741;0;0;0;0;0;0;0;0;0;0;0;0;0.052;0.0251;2.4249;2.4013;0;84.602;84.602;55.802;0.0511;2744.3;875;1;0.0628;0.0392;0;0.0237;0;0;0;0;2.3621;2.2741;0;14.438;16.719;13.674;15.834;97.409;98.368;26.376;20.25;19.178;6.1255;1.0725;0.2322;0.0407;0.7271;35.644;0.6792;0
13/12/21 13:00;65.577;67.322;9.1727;67.267;22.733;90;22.733;1013.2;169.9;843.3;29.51;3.4901;0;914.34;56.026;121.01;0;8.2648;1099.6;0;1099.6;914.34;121.01;56.026;8.2648;0.8315;0.0585;0;0.0075;1091;8.5963;0;0;1.5944;7.0018;1086.4;2.4318;0.2891;0.0383;1.8362;0.2682;1088.9;2.1821;1.8287;0.242;0.1089;0.0025;1088.4;912.22;120.73;52.487;0.9922;565.41;448.37;191.64;0.3212;6.1056;87.827;2.0097;93.612;0;1;0;0;1.0853;0.9922;1;1;0.9715;0.1528;0.9978;0.9997;1;0.9662;0.7872;0.998;0.998;1;0.998;0.998;0.988;0.9368;0.1201;3.1295;3.29;0.0198;0.0066;0.7018;0.0179;0.0636;0.013;0;0;0.088;2.2396;0;0;0;0;0;0;0;0;0;0;0;0;0.0512;0.0245;2.3915;2.3659;0;85.027;85.027;55.517;0.0511;2703.9;875;1;0.064;0.0384;0;0.0256;0;0;0;0;2.3276;2.2396;0;14.217;16.463;13.458;15.584;97.326;98.379;26.391;19.952;18.887;6.4391;1.0656;0.244;0.0404;0.7156;35.303;0.6753;0
13/12/21 14:00;53.751;81.618;4.9446;54.044;35.956;90;35.956;882.91;159.7;723.21;29.92;3.7499;0;893.43;52.586;125.49;0;17.663;1089.2;0;1089.2;893.43;125.49;52.586;17.663;0.8203;0.0645;0;0.0162;1070.1;19.032;0;0;3.1055;15.926;1066;1.9982;0.1523;0.0214;1.5944;0.2301;1068;2.1403;1.7869;0.251;0.099;0.0035;1070.8;891.49;125.21;47.787;1.5034;442.94;351.25;151.17;1.4904;4.7963;68.994;4.8457;72.3;0;1;0;0;1.2336;0.9825;1;1;0.9409;0.0983;0.9981;0.9998;1;0.9677;0.8673;0.998;0.998;1;0.998;0.998;0.9787;0.9087;0.0851;3.0997;3.202;0.0193;0.0049;0.6757;0.0175;0.0621;0.0102;0;0;0.088;2.1951;0;0;0;0;0;0;0;0;0;0;0;0;0.05;0.0233;2.3388;2.3204;0;84.362;84.362;54.442;0.0511;2651.9;875;1;0.0557;0.0373;0;0.0184;0;0;0;0;2.2831;2.1951;0;14.078;16.302;13.318;15.421;97.616;98.393;26.14;19.568;18.511;6.5719;1.0567;0.2514;0.0404;0.7082;36.227;0.6761;0
13/12/21 15:00;41.519;91.135;0.85;41.525;48.475;90;48.475;699.01;157.6;541.41;30.26;3.87;0;816.68;55.127;137.72;0;24.739;1034.3;0;1034.3;816.68;137.72;55.127;24.739;0.7896;0.0772;0;0.0239;1006.1;28.154;0;0;5.086;23.068;1002.3;1.754;0.0239;0.004;1.6469;0.0792;1004.1;2.0122;1.6334;0.2754;0.1001;0.0033;1008.1;815.02;137.44;48.294;1.5876;283.51;224.83;93.987;4.3598;3.4714;49.935;5.757;49.047;0;1;0;0;1.4796;0.9728;1;1;0.9077;0.0675;0.9983;1;1;0.967;0.9525;0.998;0.998;1;0.998;0.998;0.9691;0.8761;0.0642;2.9434;2.9843;0.018;0.0014;0.5977;0.0166;0.0588;0.0075;0;0;0.088;2.0868;0;0;0;0;0;0;0;0;0;0;0;0;0.0473;0.0204;2.2165;2.2095;0;81.32;81.32;51.059;0.0509;2525.1;875;1;0.0418;0.0347;0;0.007;0;0;0;0;2.1748;2.0868;0;14.117;16.347;13.333;15.439;98.116;98.429;24.822;18.633;17.598;6.1893;1.0349;0.2493;0.0417;0.709;42.396;0.6842;0
13/12/21 16:00;29.31;99.025;7.8712;29.616;60;90;60;484.59;160.2;324.4;30.34;3.7;0;656.41;63.679;152.35;0;25.441;897.88;0;897.88;656.41;152.35;63.679;25.441;0.7311;0.0993;0;0.0283;866.08;31.806;0;0;8.0056;23.8;862.05;2.2971;0.1781;0.0413;1.966;0.1117;864.35;1.7322;1.3128;0.3047;0.1113;0.0033;866.54;654.92;152.01;53.596;1.5259;123.29;97.768;43.977;10.652;1.8768;26.998;4.488;18.222;0;1;0;0;1.8529;0.9646;1;1;0.8743;0.0645;0.9973;0.9997;1;0.9646;0.9318;0.998;0.998;1;0.998;0.998;0.9601;0.8417;0.06;2.5553;2.5333;0.0153;-0.0019;0.4413;0.0146;0.0516;0.0042;0;0;0.088;1.834;0;0;0;0;0;0;0;0;0;0;0;0;0.0416;0.0149;1.9518;1.9518;0;73.989;73.989;43.649;0.0506;2185.2;893.18;1;0.0298;0.0298;0;0;0;0;0;0;1.922;1.834;0;14.364;16.633;13.497;15.63;98.475;98.475;21.549;16.46;15.466;5.0896;0.9932;0.2362;0.0461;0.7177;55.437;0.7019;0
13/12/21 17:00;17.355;106.52;43.662;18.054;30.678;90;30.678;261.1;145.8;115.3;30.1;2.5301;0;279.64;98.42;96.945;0;3.8368;478.84;0;478.84;279.64;96.945;98.42;3.8368;0.584;0.2135;0;0.008;470.94;7.8988;0;0;4.5247;3.3741;463.48;6.5204;2.519;0.8733;3.048;0.0802;470;0.9419;0.5593;0.1939;0.1878;0.0009;463.96;276.56;95.878;90.659;0.3816;65.936;52.288;22.177;1.611;0.8255;11.874;0.4844;11.088;0;1;0;0;1.8339;0.9835;1;1;0.954;0.1206;0.9861;0.991;1;0.9675;0.8264;0.998;0.998;1;0.998;0.998;0.9679;0.9211;0.0995;1.3627;1.3512;0.0081;0.0072;0.1362;0.0084;0.0298;0.002;0;0;0.088;1.026;0;0;0;0;0;0;0;0;0;0;0;0;0.024;0.0046;1.1309;1.1309;0;53.215;53.215;23.115;0.0499;1164.6;971.1;1;0.017;0.017;0;0;0;0;0;0;1.114;1.026;0;15.607;18.072;14.158;16.395;98.499;98.499;11.492;9.5374;8.6521;1.9548;0.8853;0.1701;0.077;0.7529;65.176;0.7391;0
13/12/21 18:00;5.8623;114.3;75.658;6.4276;9.3262;90;9.3262;50.009;48.699;1.3097;28.62;2.6299;0;3.1765;47.937;1.0742;0;0.0694;52.257;0;52.257;3.1765;1.0742;47.937;0.0694;0.0608;0.9187;0;0.0013;51.89;0.3666;0;0;0.3088;0.0578;48.977;2.8096;0.6313;0.2135;1.9622;0.0026;51.787;0.1038;0.0064;0.0021;0.0953;0;48.988;2.5388;0.8586;45.571;0.009;28.698;22.757;9.065;0.0106;0.3525;5.0712;0.0107;5.4132;0;1;0;0;1.045;0.993;1;1;0.9936;0.1678;0.9457;0.8009;1;0.9587;0.775;0.998;0.998;1;0.998;0.998;0.9372;0.9506;0.1298;0.1487;0.1503;0.0009;0.0133;0.0034;0.0009;0.0033;0.0009;0;0;0.088;0.0321;0;0;0;0;0;0;0;0;0;0;0;0;0.0027;0.0001;0.1249;0.1249;0;31.067;31.067;2.4472;0.05;127.15;982.3;1;0.0048;0.0048;0;0;0;0;0;0;0.1201;0.0321;0;15.793;18.288;4.0566;4.6975;96.144;96.144;1.2542;1.0533;0.2705;0.2009;0.7827;0.1602;0.6241;0.2157;28.689;0.2011;0
13/12/21 19:00;0.1881;118.61;89.544;0.2143;0.3054;90;0.3054;0;0;0;22.86;2.81;0;0;0;0;0;0;0;0;0;0;0;0;0;1;1;1;1;0;0;0;0;0;0;0;0;0;0;0;0;0;0;0;0;0;0;0;0;0;0;0;0;0;0;0;0;0;0;0;0;0;0;0;1;1;1;1;1;1;1;1;1;1;1;1;1;1;1;1;1;1;1;0;0;0;0;0;0;0;0;0;0.0004;0.088;-0.0884;0;0;0;0;0;0;0;0;0;0;0;0;0;0;0;0;0;0;0;-22.86;0;0;0;0;0.0004;0;0;0;0;0;0;0;-0.0004;-0.0884;0;0;0;0;0;0;0;0;0;-0.7452;0;0.7452;1;1;0;0;0;0
13/12/21 20:00;0;0;90;0;0;90;0;0;0;0;19.4;2.8799;0;0;0;0;0;0;0;0;0;0;0;0;0;1;1;1;1;0;0;0;0;0;0;0;0;0;0;0;0;0;0;0;0;0;0;0;0;0;0;0;0;0;0;0;0;0;0;0;0;0;0;0;1;1;1;1;1;1;1;1;1;1;1;1;1;1;1;1;1;1;1;0;0;0;0;0;0;0;0;0;0.0004;0.088;-0.0884;0;0;0;0;0;0;0;0;0;0;0;0;0;0;0;0;0;0;0;-19.4;0;0;0;0;0.0004;0;0;0;0;0;0;0;-0.0004;-0.0884;0;0;0;0;0;0;0;0;0;-0.7452;0;0.7452;1;1;0;0;0;0
13/12/21 21:00;0;0;90;0;0;90;0;0;0;0;17.95;2.8501;0;0;0;0;0;0;0;0;0;0;0;0;0;1;1;1;1;0;0;0;0;0;0;0;0;0;0;0;0;0;0;0;0;0;0;0;0;0;0;0;0;0;0;0;0;0;0;0;0;0;0;0;1;1;1;1;1;1;1;1;1;1;1;1;1;1;1;1;1;1;1;0;0;0;0;0;0;0;0;0;0.0004;0.088;-0.0884;0;0;0;0;0;0;0;0;0;0;0;0;0;0;0;0;0;0;0;-17.95;0;0;0;0;0.0004;0;0;0;0;0;0;0;-0.0004;-0.0884;0;0;0;0;0;0;0;0;0;-0.7452;0;0.7452;1;1;0;0;0;0
13/12/21 22:00;0;0;90;0;0;90;0;0;0;0;16.36;2.7999;0;0;0;0;0;0;0;0;0;0;0;0;0;1;1;1;1;0;0;0;0;0;0;0;0;0;0;0;0;0;0;0;0;0;0;0;0;0;0;0;0;0;0;0;0;0;0;0;0;0;0;0;1;1;1;1;1;1;1;1;1;1;1;1;1;1;1;1;1;1;1;0;0;0;0;0;0;0;0;0;0.0004;0.088;-0.0884;0;0;0;0;0;0;0;0;0;0;0;0;0;0;0;0;0;0;0;-16.36;0;0;0;0;0.0004;0;0;0;0;0;0;0;-0.0004;-0.0884;0;0;0;0;0;0;0;0;0;-0.7452;0;0.7452;1;1;0;0;0;0
13/12/21 23:00;0;0;90;0;0;90;0;0;0;0;17.57;2.83;0;0;0;0;0;0;0;0;0;0;0;0;0;1;1;1;1;0;0;0;0;0;0;0;0;0;0;0;0;0;0;0;0;0;0;0;0;0;0;0;0;0;0;0;0;0;0;0;0;0;0;0;1;1;1;1;1;1;1;1;1;1;1;1;1;1;1;1;1;1;1;0;0;0;0;0;0;0;0;0;0.0004;0.088;-0.0884;0;0;0;0;0;0;0;0;0;0;0;0;0;0;0;0;0;0;0;-17.57;0;0;0;0;0.0004;0;0;0;0;0;0;0;-0.0004;-0.0884;0;0;0;0;0;0;0;0;0;-0.7452;0;0.7452;1;1;0;0;0;0
14/12/21 00:00;0;0;90;0;0;90;0;0;0;0;17.39;2.9401;0;0;0;0;0;0;0;0;0;0;0;0;0;1;1;1;1;0;0;0;0;0;0;0;0;0;0;0;0;0;0;0;0;0;0;0;0;0;0;0;0;0;0;0;0;0;0;0;0;0;0;0;1;1;1;1;1;1;1;1;1;1;1;1;1;1;1;1;1;1;1;0;0;0;0;0;0;0;0;0;0.0004;0.088;-0.0884;0;0;0;0;0;0;0;0;0;0;0;0;0;0;0;0;0;0;0;-17.39;0;0;0;0;0.0004;0;0;0;0;0;0;0;-0.0004;-0.0884;0;0;0;0;0;0;0;0;0;-0.7452;0;0.7452;1;1;0;0;0;0
14/12/21 01:00;0;0;90;0;0;90;0;0;0;0;17.57;3.08;0;0;0;0;0;0;0;0;0;0;0;0;0;1;1;1;1;0;0;0;0;0;0;0;0;0;0;0;0;0;0;0;0;0;0;0;0;0;0;0;0;0;0;0;0;0;0;0;0;0;0;0;1;1;1;1;1;1;1;1;1;1;1;1;1;1;1;1;1;1;1;0;0;0;0;0;0;0;0;0;0.0004;0.088;-0.0884;0;0;0;0;0;0;0;0;0;0;0;0;0;0;0;0;0;0;0;-17.57;0;0;0;0;0.0004;0;0;0;0;0;0;0;-0.0004;-0.0884;0;0;0;0;0;0;0;0;0;-0.7452;0;0.7452;1;1;0;0;0;0
14/12/21 02:00;0;0;90;0;0;90;0;0;0;0;17.6;3.2601;0;0;0;0;0;0;0;0;0;0;0;0;0;1;1;1;1;0;0;0;0;0;0;0;0;0;0;0;0;0;0;0;0;0;0;0;0;0;0;0;0;0;0;0;0;0;0;0;0;0;0;0;1;1;1;1;1;1;1;1;1;1;1;1;1;1;1;1;1;1;1;0;0;0;0;0;0;0;0;0;0.0004;0.088;-0.0884;0;0;0;0;0;0;0;0;0;0;0;0;0;0;0;0;0;0;0;-17.6;0;0;0;0;0.0004;0;0;0;0;0;0;0;-0.0004;-0.0884;0;0;0;0;0;0;0;0;0;-0.7452;0;0.7452;1;1;0;0;0;0
14/12/21 03:00;0;0;90;0;0;90;0;0;0;0;15.51;3.3599;0;0;0;0;0;0;0;0;0;0;0;0;0;1;1;1;1;0;0;0;0;0;0;0;0;0;0;0;0;0;0;0;0;0;0;0;0;0;0;0;0;0;0;0;0;0;0;0;0;0;0;0;1;1;1;1;1;1;1;1;1;1;1;1;1;1;1;1;1;1;1;0;0;0;0;0;0;0;0;0;0.0004;0.088;-0.0884;0;0;0;0;0;0;0;0;0;0;0;0;0;0;0;0;0;0;0;-15.51;0;0;0;0;0.0004;0;0;0;0;0;0;0;-0.0004;-0.0884;0;0;0;0;0;0;0;0;0;-0.7452;0;0.7452;1;1;0;0;0;0
14/12/21 04:00;1.613;-117.57;86.085;1.8195;2.5969;-90;-2.5969;0.7032;0.6983;0.0049;15.14;3.5801;0;0;0.698;0;0;0.0001;0.6981;0.6981;0;0;0;0;0;1;1;1;1;0;0;0;0;0;0;0;0;0;0;0;0;0;0;0;0;0;0;0;0;0;0;0;0;0;0;0;0;0;0;0;0;0;0;0;0;1;1;1;1;1;1;1;1;1;1;1;1;1;0;0;1;0;0;0;0;0;0;0;0;0;0;0;0.0004;0.088;-0.0884;0;0;0;0;0;0;0;0;0;0;0;0;0;0;0;0;0;0;0;-15.14;0;0;0;0;0.0004;0;0;0;0;0;0;0;-0.0004;-0.0884;0;0;0;0;0;0;0;0;0;-0.7452;0;0.7452;1;1;0;0;0;0
14/12/21 05:00;8.8444;-112.25;68.106;9.5436;14.166;-90;-14.166;107.6;29.901;77.696;16.43;3.8101;0;188.43;18.894;25.987;0;0.3436;233.66;0;233.66;188.43;25.987;18.894;0.3436;0.8065;0.0823;0;0.0015;233.13;0.5297;0;0;0.2444;0.2853;213.15;19.51;16.509;2.2768;0.7116;0.013;232.66;0.4663;0.3769;0.052;0.0373;0.0001;213.17;171.55;23.658;17.9;0.0451;11.898;9.4347;3.5037;0.02;0.1637;2.355;0.0143;2.4987;0;1;0;0;2.1716;0.9977;1;1;0.9871;0.1697;0.9161;0.9122;1;0.9618;0.7759;0.998;0.998;1;0.998;0.998;0.9122;0.9474;0.1314;0.665;0.6146;0.0037;0.0166;0.0042;0.0041;0.0147;0.0004;0;0;0.088;0.4601;0;0;0;0;0;0;0;0;0;0;0;0;0.0118;0.0011;0.558;0.558;0;26.885;26.885;10.455;0.049;526.79;1059.3;1;0.01;0.01;0;0;0;0;0;0;0.5481;0.4601;0;15.781;18.274;13.01;15.066;98.215;98.215;5.6078;4.7058;3.8797;0.9021;0.8261;0.1609;0.1473;0.6918;11.464;0.6866;0
14/12/21 06:00;20.477;-104.61;31.959;21.101;39.725;-90;-39.725;244.81;128.1;116.7;18.75;2.9;0;283.04;86.507;73.501;0;5.9347;448.98;0;448.98;283.04;73.501;86.507;5.9347;0.6304;0.2059;0;0.0132;437.63;11.355;0;0;5.9446;5.4106;433.32;3.4285;0.6163;0.1601;2.6036;0.0485;436.75;0.8753;0.5661;0.147;0.1611;0.001;434.19;281.86;73.194;77.798;0.4746;62.198;49.323;21.48;3.4425;0.8672;12.475;0.8635;9.8993;0;1;0;0;1.834;0.9747;1;1;0.9313;0.0883;0.9921;0.9978;1;0.9676;0.9072;0.998;0.998;1;0.998;0.998;0.9651;0.8993;0.08;1.2778;1.2672;0.0076;0.0084;0.0681;0.0083;0.0294;0.0022;0;0;0.088;1.01;0;0;0;0;0;0;0;0;0;0;0;0;0.0237;0.0041;1.1155;1.1155;0;40.135;40.135;21.386;0.0494;1091.2;1022.3;1;0.0175;0.0175;0;0;0;0;0;0;1.098;1.01;0;16.418;19.011;14.865;17.213;98.43;98.43;10.776;9.4073;8.5175;1.3683;0.8898;0.127;0.0826;0.7904;61.478;0.7743;0
14/12/21 07:00;32.516;-97.098;5.9806;32.716;57.284;-90;-57.284;363.7;227;136.7;20.54;0.76;0;252.92;143.31;75.743;0;17.548;489.52;0;489.52;252.92;75.743;143.31;17.548;0.5167;0.3286;0;0.0358;456.38;33.141;0;0;16.788;16.352;450.97;4.5025;0.0521;0.0156;4.374;0.0608;455.47;0.9128;0.5058;0.1515;0.253;0.0024;456.16;252.36;75.576;121.9;1.1329;163.72;129.83;58.651;20.317;2.8771;41.386;5.1903;23.946;0;1;0;0;1.346;0.9323;1;1;0.8829;0.0682;0.9901;0.9998;1;0.9654;0.9491;0.998;0.998;1;0.998;0.998;0.9212;0.8506;0.0646;1.3931;1.388;0.0084;0.0067;0.0878;0.009;0.0319;0.0073;0;0;0.088;1.0998;0;0;0;0;0;0;0;0;0;0;0;0;0.0257;0.0048;1.2065;1.2065;0;42.841;42.841;22.301;0.0495;1193.2;1011.1;1;0.0187;0.0187;0;0;0;0;0;0;1.1878;1.0998;0;16.286;18.859;14.846;17.191;98.451;98.451;11.749;10.174;9.2748;1.5741;0.8997;0.134;0.0766;0.7894;120.94;0.7424;0
14/12/21 08:00;44.755;-88.952;0.7442;44.76;45.24;-90;-45.24;501.39;298.9;202.5;24.9;1.62;0;287.58;202.74;86.577;0;15.576;592.47;0;592.47;287.58;86.577;202.74;15.576;0.4854;0.3685;0;0.0263;561.23;31.24;0;0;16.86;14.38;553.97;6.1363;0.0074;0.0022;6.0562;0.0705;560.11;1.1225;0.5752;0.1732;0.3718;0.0024;558.71;287;86.401;179.45;1.1231;261.16;207.1;89.903;12.614;3.5405;50.928;4.7403;41.855;0;1;0;0;1.1816;0.9473;1;1;0.9168;0.0768;0.989;1;1;0.9674;0.9409;0.998;0.998;1;0.998;0.998;0.935;0.8851;0.0721;1.6861;1.7005;0.0102;0.0026;0.1656;0.0107;0.0378;0.0087;0;0;0.088;1.318;0;0;0;0;0;0;0;0;0;0;0;0;0.0304;0.007;1.4275;1.4275;0;52.488;52.488;27.588;0.0498;1461.8;976.53;1;0.0215;0.0215;0;0;0;0;0;0;1.406;1.318;0;15.921;18.436;14.7;17.022;98.495;98.495;14.219;12.038;11.115;2.1814;0.9232;0.1534;0.0649;0.7817;151.22;0.7344;0
14/12/21 09:00;56.941;-78.656;6.1594;57.456;32.544;-90;-32.544;789.1;207.8;581.3;27.42;3.07;0;689.58;97.303;121.25;0;13.01;921.14;0;921.14;689.58;121.25;97.303;13.01;0.7486;0.1198;0;0.0141;904.75;16.386;0;0;4.8969;11.489;899.54;3.3995;0.1464;0.0257;2.988;0.2394;902.94;1.8095;1.3792;0.2425;0.1848;0.003;903.2;688.05;120.98;89.233;1.2786;416.13;329.99;140.18;1.955;4.6616;67.055;3.6548;69.762;0;1;0;0;1.1673;0.9822;1;1;0.9497;0.1169;0.9962;0.9998;1;0.9676;0.8423;0.998;0.998;1;0.998;0.998;0.9766;0.9171;0.0983;2.6215;2.7184;0.0164;-0.0011;0.4621;0.0157;0.0556;0.0105;0;0;0.088;1.9769;0;0;0;0;0;0;0;0;0;0;0;0;0.0448;0.017;2.0974;2.0974;0;72.926;72.926;45.506;0.0506;2342;895.57;1;0.0325;0.0325;0;0;0;0;0;0;2.0649;1.9769;0;15.046;17.423;14.181;16.422;98.449;98.449;22.107;17.688;16.671;4.4197;1.0165;0.1999;0.046;0.7541;65.305;0.7151;0
14/12/21 10:00;68.513;-61.94;9.9216;70.844;19.156;-90;-19.156;842.29;276.6;565.69;28.2;4.5;0;598.85;153;126.24;0;4.897;882.98;0;882.98;598.85;126.24;153;4.897;0.6782;0.1788;0;0.0055;875.61;7.3704;0;0;3.2885;4.082;868.2;5.6639;0.2048;0.0432;5.2362;0.1797;873.86;1.7512;1.1977;0.2525;0.2994;0.0016;869.37;597.45;125.94;144.17;0.6337;482.12;382.32;160.64;0.4703;5.3988;77.66;1.1697;82.588;0;1;0;0;1.0483;0.9917;1;1;0.9785;0.1664;0.9935;0.9997;1;0.965;0.7791;0.998;0.998;1;0.998;0.998;0.9833;0.9423;0.1294;2.5129;2.6429;0.0159;-0.0015;0.4415;0.0153;0.0543;0.0122;0;0;0.088;1.9257;0;0;0;0;0;0;0;0;0;0;0;0;0.0437;0.0161;2.0453;2.0453;0;72.091;72.091;43.891;0.0506;2275.2;898.96;1;0.0316;0.0316;0;0;0;0;0;0;2.0137;1.9257;0;15.306;17.724;14.411;16.688;98.454;98.454;21.192;17.248;16.239;3.9433;1.0088;0.1861;0.0476;0.7663;94.686;0.719;0
14/12/21 11:00;77.149;-23.754;11.746;84.75;5.2503;-90;-5.2503;826;356;470;29.3;5.4801;0;471.98;233.8;122.22;0;0.3639;828.37;0;828.37;471.98;122.22;233.8;0.3639;0.5698;0.2827;0;0.0004;827.47;0.8928;0;0;0.5899;0.3029;815.44;10.382;0.1911;0.0495;10.127;0.0136;825.82;1.6549;0.944;0.2444;0.4664;0.0001;815.47;470.85;121.92;222.62;0.0472;486.8;386.03;159.42;0.003;5.6015;80.576;0.0335;86.175;0;1;0;0;1.0029;0.9989;1;1;0.9975;0.1675;0.9874;0.9996;1;0.9565;0.7767;0.998;0.998;1;0.998;0.998;0.9844;0.9522;0.1298;2.3575;2.4945;0.015;-0.002;0.4026;0.0146;0.0516;0.0128;0;0;0.088;1.8261;0;0;0;0;0;0;0;0;0;0;0;0;0.0416;0.0144;1.9439;1.9439;0;70.472;70.472;41.172;0.0505;2146.6;905.6;1;0.0299;0.0299;0;0;0;0;0;0;1.9141;1.8261;0;15.507;17.957;14.567;16.868;98.463;98.463;19.881;16.393;15.399;3.4874;0.994;0.1754;0.05;0.7746;138.9;0.722;0
14/12/21 12:00;75.565;37.038;11.478;81.187;8.8134;90;8.8134;1165.4;192.3;973.09;31.72;5.15;0;984.72;54.948;138.66;0;1.4448;1179.8;0;1179.8;984.72;138.66;54.948;1.4448;0.8347;0.0478;0;0.0012;1178.3;1.5249;0;0;0.3223;1.2025;1173.1;2.7658;0.3896;0.0549;2.267;0.0544;1175.9;2.3565;1.9694;0.2773;0.1093;0.0005;1173.4;982.36;138.33;52.249;0.1875;682.04;540.86;225.38;0.01;7.7169;111.01;0.2557;118.71;0;1;0;0;1.0123;0.9987;1;1;0.9941;0.1677;0.9976;0.9996;1;0.9584;0.7751;0.998;0.998;1;0.998;0.998;0.9944;0.9509;0.1297;3.3576;3.5795;0.0216;0.0138;0.8539;0.0188;0.0668;0.0158;0;0;0.088;2.2644;0;0;0;0;0;0;0;0;0;0;0;0;0.0538;0.0288;2.5062;2.3913;0;92.023;92.023;60.303;0.0514;2732.9;875;1;0.1538;0.0389;0;0.1149;0;0;0;0;2.3524;2.2644;0;13.394;15.51;12.683;14.686;93.861;98.371;28.315;20.166;19.096;8.1485;1.0706;0.2878;0.0378;0.6744;32.848;0.63;0
14/12/21 13:00;65.697;67.296;9.1401;67.384;22.616;90;22.616;597.31;445;152.31;31.5;4.01;0;164.99;377.18;57.131;0;4.8226;604.13;0;604.13;164.99;57.131;377.18;4.8226;0.2731;0.6323;0;0.008;589.4;14.729;0;0;10.645;4.0836;575.62;12.602;0.052;0.018;12.375;0.1573;588.22;1.1788;0.33;0.1143;0.7331;0.0015;576.87;164.61;56.998;353.43;0.5803;351.43;278.68;115.78;2.1096;4.1359;59.493;1.2498;61.519;0;1;0;0;1.0114;0.9756;1;1;0.9718;0.1532;0.9786;0.9997;1;0.9662;0.7868;0.998;0.998;1;0.998;0.998;0.9528;0.937;0.1203;1.7193;1.7696;0.0107;0.0019;0.2227;0.0107;0.0381;0.0098;0;0;0.088;1.3284;0;0;0;0;0;0;0;0;0;0;0;0;0.0307;0.0076;1.4375;1.4375;0;60.349;60.349;28.849;0.0501;1523.8;943.4;1;0.0211;0.0211;0;0;0;0;0;0;1.4164;1.3284;0;15.724;18.208;14.53;16.826;98.533;98.533;14.499;12.123;11.203;2.3763;0.92;0.1639;0.0635;0.7727;237.52;0.7196;0
14/12/21 14:00;53.872;81.623;4.9276;54.164;35.836;90;35.836;934.01;153.8;780.21;32.59;2.8799;0;962.39;43.86;129.96;0;18.565;1154.8;0;1154.8;962.39;129.96;43.86;18.565;0.8334;0.0541;0;0.0161;1135.5;19.307;0;0;2.5767;16.73;1131.4;1.7609;0.1635;0.0221;1.3303;0.245;1133.2;2.2709;1.9248;0.2599;0.0826;0.0037;1136.5;960.3;129.67;39.87;1.5861;467.56;370.77;159.55;1.2299;5.0414;72.519;5.0739;76.33;0;1;0;0;1.2364;0.9833;1;1;0.9413;0.0988;0.9984;0.9998;1;0.9677;0.8662;0.998;0.998;1;0.998;0.998;0.9798;0.909;0.0854;3.2864;3.3969;0.0205;0.009;0.7948;0.018;0.0639;0.0104;0;0;0.088;2.1933;0;0;0;0;0;0;0;0;0;0;0;0;0.0514;0.026;2.4029;2.3185;0;90.681;90.681;58.091;0.0513;2649.7;875;1;0.1216;0.0373;0;0.0843;0;0;0;0;2.2813;2.1933;0;13.267;15.363;12.551;14.533;94.94;98.393;27.715;19.552;18.496;8.1621;1.0563;0.2945;0.0381;0.6674;30.186;0.6374;0
14/12/21 15:00;41.64;91.142;0.8536;41.645;48.355;90;48.355;309.29;290;19.293;32.62;2.12;0;29.033;236.38;8.9861;0;10.895;285.3;0;285.3;29.033;8.9861;236.38;10.895;0.1018;0.8667;0;0.0382;253.41;31.888;0;0;21.73;10.158;245.81;7.0974;0.0009;0.0003;7.061;0.0352;252.9;0.5068;0.0581;0.018;0.4293;0.0015;249.88;28.974;8.9679;207.16;0.7003;191.25;151.66;68.535;18.51;3.02;43.441;4.073;27.951;0;1;0;0;0.9224;0.8882;1;1;0.9081;0.0677;0.9719;1;1;0.967;0.9521;0.998;0.998;1;0.998;0.998;0.8616;0.8764;0.0643;0.8119;0.8019;0.0048;0.0147;0.0575;0.0051;0.018;0.0075;0;0;0.088;0.5792;0;0;0;0;0;0;0;0;0;0;0;0;0.0145;0.0018;0.678;0.678;0;44.846;44.846;12.226;0.0497;687.34;986.44;1;0.0108;0.0108;0;0;0;0;0;0;0.6672;0.5792;0;15.704;18.185;13.415;15.534;98.402;98.402;6.8472;5.7178;4.8843;1.1294;0.8335;0.1649;0.1217;0.7133;181.58;0.6403;0
14/12/21 16:00;29.431;99.028;7.8593;29.738;60;90;60;246.1;227.6;18.494;32.35;1.48;0;37.283;166.15;12.246;0;12.92;228.6;0;228.6;37.283;12.246;166.15;12.92;0.1631;0.7833;0;0.0565;195.62;32.974;0;0;20.888;12.087;190.03;5.1995;0.0101;0.0033;5.1294;0.0567;195.23;0.3912;0.0746;0.0245;0.2905;0.0017;195.12;37.198;12.219;139.84;0.7749;148.89;118.07;56.435;27.78;3.0199;43.44;5.0882;18.68;0;1;0;0;0.9289;0.8558;1;1;0.8743;0.0645;0.9734;0.9997;1;0.9646;0.9318;0.998;0.998;1;0.998;0.998;0.8313;0.8417;0.06;0.6506;0.6453;0.0039;0.0163;0.0393;0.0041;0.0145;0.0075;0;0;0.088;0.4494;0;0;0;0;0;0;0;0;0;0;0;0;0.0117;0.0012;0.5466;0.5466;0;41.798;41.798;9.4475;0.0497;551.53;991.08;1;0.0092;0.0092;0;0;0;0;0;0;0.5374;0.4494;0;15.801;18.297;12.992;15.044;98.323;98.323;5.4863;4.6096;3.7902;0.8767;0.8194;0.1598;0.1494;0.6909;144.64;0.6048;0
14/12/21 17:00;17.475;106.51;43.256;18.179;30.99;90;30.99;275.01;137.8;137.21;33;0.6399;0;332.76;86.504;108.29;0;4.1219;531.68;0;531.68;332.76;108.29;86.504;4.1219;0.6259;0.1705;0;0.0078;524.01;7.6717;0;0;4.0414;3.6303;516.33;6.6273;2.9187;0.9498;2.6746;0.0841;522.96;1.048;0.6655;0.2166;0.1649;0.001;516.77;329.18;107.12;79.623;0.4064;58.302;46.234;19.671;1.4666;0.7286;10.481;0.437;9.743;0;1;0;0;1.9333;0.9856;1;1;0.9533;0.1193;0.9873;0.9912;1;0.9675;0.8285;0.998;0.998;1;0.998;0.998;0.9711;0.9205;0.0986;1.5131;1.4995;0.009;0.0051;0.1814;0.0091;0.0324;0.0017;0;0;0.088;1.123;0;0;0;0;0;0;0;0;0;0;0;0;0.0261;0.0056;1.229;1.229;0;58.858;58.858;25.858;0.0501;1293.2;950.36;1;0.0181;0.0181;0;0;0;0;0;0;1.211;1.123;0;15.275;17.688;13.957;16.161;98.531;98.531;12.76;10.364;9.47;2.3959;0.8944;0.1878;0.0701;0.7421;57.411;0.7314;0
14/12/21 18:00;5.9823;114.29;75.359;6.5583;9.5231;90;9.5231;43.093;42.3;0.7936;30.58;1.2899;0;1.9247;41.781;0.554;0;0.0624;44.322;0;44.322;1.9247;0.554;41.781;0.0624;0.0434;0.9441;0;0.0014;43.992;0.3306;0;0;0.2787;0.0519;41.719;2.1844;0.3705;0.1066;1.7049;0.0024;43.904;0.088;0.0038;0.0011;0.083;0;41.729;1.5504;0.4462;39.715;0.0081;25.022;19.842;7.905;0.01;0.3074;4.4212;0.0099;4.7186;0;1;0;0;1.0285;0.9925;1;1;0.9933;0.1678;0.9502;0.8071;1;0.9588;0.775;0.998;0.998;1;0.998;0.998;0.9413;0.9505;0.1298;0.1261;0.1282;0.0008;0.0124;0.0037;0.0008;0.0028;0.0007;0;0;0.088;0.0125;0;0;0;0;0;0;0;0;0;0;0;0;0.0022;0.0001;0.1048;0.1048;0;32.672;32.672;2.0917;0.0501;108.21;968.42;1;0.0043;0.0043;0;0;0;0;0;0;0.1005;0.0125;0;15.623;18.092;1.8699;2.1652;95.943;95.943;1.0637;0.8837;0.1058;0.18;0.778;0.1692;0.7314;0.0994;25.017;0.0925;0
14/12/21 19:00;0.3073;118.6;89.255;0.35;0.4989;90;0.4989;0;0;0;24.77;2.2;0;0;0;0;0;0;0;0;0;0;0;0;0;1;1;1;1;0;0;0;0;0;0;0;0;0;0;0;0;0;0;0;0;0;0;0;0;0;0;0;0;0;0;0;0;0;0;0;0;0;0;0;1;1;1;1;1;1;1;1;1;1;1;1;1;1;1;1;1;1;1;0;0;0;0;0;0;0;0;0;0.0004;0.088;-0.0884;0;0;0;0;0;0;0;0;0;0;0;0;0;0;0;0;0;0;0;-24.77;0;0;0;0;0.0004;0;0;0;0;0;0;0;-0.0004;-0.0884;0;0;0;0;0;0;0;0;0;-0.7452;0;0.7452;1;1;0;0;0;0
14/12/21 20:00;0;0;90;0;0;90;0;0;0;0;22.6;2.7899;0;0;0;0;0;0;0;0;0;0;0;0;0;1;1;1;1;0;0;0;0;0;0;0;0;0;0;0;0;0;0;0;0;0;0;0;0;0;0;0;0;0;0;0;0;0;0;0;0;0;0;0;1;1;1;1;1;1;1;1;1;1;1;1;1;1;1;1;1;1;1;0;0;0;0;0;0;0;0;0;0.0004;0.088;-0.0884;0;0;0;0;0;0;0;0;0;0;0;0;0;0;0;0;0;0;0;-22.6;0;0;0;0;0.0004;0;0;0;0;0;0;0;-0.0004;-0.0884;0;0;0;0;0;0;0;0;0;-0.7452;0;0.7452;1;1;0;0;0;0
14/12/21 21:00;0;0;90;0;0;90;0;0;0;0;23.19;3.15;0;0;0;0;0;0;0;0;0;0;0;0;0;1;1;1;1;0;0;0;0;0;0;0;0;0;0;0;0;0;0;0;0;0;0;0;0;0;0;0;0;0;0;0;0;0;0;0;0;0;0;0;1;1;1;1;1;1;1;1;1;1;1;1;1;1;1;1;1;1;1;0;0;0;0;0;0;0;0;0;0.0004;0.088;-0.0884;0;0;0;0;0;0;0;0;0;0;0;0;0;0;0;0;0;0;0;-23.19;0;0;0;0;0.0004;0;0;0;0;0;0;0;-0.0004;-0.0884;0;0;0;0;0;0;0;0;0;-0.7452;0;0.7452;1;1;0;0;0;0
14/12/21 22:00;0;0;90;0;0;90;0;0;0;0;22.56;3.3599;0;0;0;0;0;0;0;0;0;0;0;0;0;1;1;1;1;0;0;0;0;0;0;0;0;0;0;0;0;0;0;0;0;0;0;0;0;0;0;0;0;0;0;0;0;0;0;0;0;0;0;0;1;1;1;1;1;1;1;1;1;1;1;1;1;1;1;1;1;1;1;0;0;0;0;0;0;0;0;0;0.0004;0.088;-0.0884;0;0;0;0;0;0;0;0;0;0;0;0;0;0;0;0;0;0;0;-22.56;0;0;0;0;0.0004;0;0;0;0;0;0;0;-0.0004;-0.0884;0;0;0;0;0;0;0;0;0;-0.7452;0;0.7452;1;1;0;0;0;0
14/12/21 23:00;0;0;90;0;0;90;0;0;0;0;21.31;3.5001;0;0;0;0;0;0;0;0;0;0;0;0;0;1;1;1;1;0;0;0;0;0;0;0;0;0;0;0;0;0;0;0;0;0;0;0;0;0;0;0;0;0;0;0;0;0;0;0;0;0;0;0;1;1;1;1;1;1;1;1;1;1;1;1;1;1;1;1;1;1;1;0;0;0;0;0;0;0;0;0;0.0004;0.088;-0.0884;0;0;0;0;0;0;0;0;0;0;0;0;0;0;0;0;0;0;0;-21.31;0;0;0;0;0.0004;0;0;0;0;0;0;0;-0.0004;-0.0884;0;0;0;0;0;0;0;0;0;-0.7452;0;0.7452;1;1;0;0;0;0
15/12/21 00:00;0;0;90;0;0;90;0;0;0;0;19.62;3.5701;0;0;0;0;0;0;0;0;0;0;0;0;0;1;1;1;1;0;0;0;0;0;0;0;0;0;0;0;0;0;0;0;0;0;0;0;0;0;0;0;0;0;0;0;0;0;0;0;0;0;0;0;1;1;1;1;1;1;1;1;1;1;1;1;1;1;1;1;1;1;1;0;0;0;0;0;0;0;0;0;0.0004;0.088;-0.0884;0;0;0;0;0;0;0;0;0;0;0;0;0;0;0;0;0;0;0;-19.62;0;0;0;0;0.0004;0;0;0;0;0;0;0;-0.0004;-0.0884;0;0;0;0;0;0;0;0;0;-0.7452;0;0.7452;1;1;0;0;0;0
15/12/21 01:00;0;0;90;0;0;90;0;0;0;0;17.76;3.63;0;0;0;0;0;0;0;0;0;0;0;0;0;1;1;1;1;0;0;0;0;0;0;0;0;0;0;0;0;0;0;0;0;0;0;0;0;0;0;0;0;0;0;0;0;0;0;0;0;0;0;0;1;1;1;1;1;1;1;1;1;1;1;1;1;1;1;1;1;1;1;0;0;0;0;0;0;0;0;0;0.0004;0.088;-0.0884;0;0;0;0;0;0;0;0;0;0;0;0;0;0;0;0;0;0;0;-17.76;0;0;0;0;0.0004;0;0;0;0;0;0;0;-0.0004;-0.0884;0;0;0;0;0;0;0;0;0;-0.7452;0;0.7452;1;1;0;0;0;0
15/12/21 02:00;0;0;90;0;0;90;0;0;0;0;16.81;3.8101;0;0;0;0;0;0;0;0;0;0;0;0;0;1;1;1;1;0;0;0;0;0;0;0;0;0;0;0;0;0;0;0;0;0;0;0;0;0;0;0;0;0;0;0;0;0;0;0;0;0;0;0;1;1;1;1;1;1;1;1;1;1;1;1;1;1;1;1;1;1;1;0;0;0;0;0;0;0;0;0;0.0004;0.088;-0.0884;0;0;0;0;0;0;0;0;0;0;0;0;0;0;0;0;0;0;0;-16.81;0;0;0;0;0.0004;0;0;0;0;0;0;0;-0.0004;-0.0884;0;0;0;0;0;0;0;0;0;-0.7452;0;0.7452;1;1;0;0;0;0
15/12/21 03:00;0;0;90;0;0;90;0;0;0;0;17.06;4.01;0;0;0;0;0;0;0;0;0;0;0;0;0;1;1;1;1;0;0;0;0;0;0;0;0;0;0;0;0;0;0;0;0;0;0;0;0;0;0;0;0;0;0;0;0;0;0;0;0;0;0;0;1;1;1;1;1;1;1;1;1;1;1;1;1;1;1;1;1;1;1;0;0;0;0;0;0;0;0;0;0.0004;0.088;-0.0884;0;0;0;0;0;0;0;0;0;0;0;0;0;0;0;0;0;0;0;-17.06;0;0;0;0;0.0004;0;0;0;0;0;0;0;-0.0004;-0.0884;0;0;0;0;0;0;0;0;0;-0.7452;0;0.7452;1;1;0;0;0;0
15/12/21 04:00;1.5615;-117.67;86.211;1.763;2.5161;-90;-2.5161;0;0;0;15.2;4.57;0;0;0;0;0;0;0;0;0;0;0;0;0;1;1;1;1;0;0;0;0;0;0;0;0;0;0;0;0;0;0;0;0;0;0;0;0;0;0;0;0;0;0;0;0;0;0;0;0;0;0;0;1;1;1;1;1;1;1;1;1;1;1;1;1;1;1;1;1;1;1;0;0;0;0;0;0;0;0;0;0.0004;0.088;-0.0884;0;0;0;0;0;0;0;0;0;0;0;0;0;0;0;0;0;0;0;-15.2;0;0;0;0;0.0004;0;0;0;0;0;0;0;-0.0004;-0.0884;0;0;0;0;0;0;0;0;0;-0.7452;0;0.7452;1;1;0;0;0;0
15/12/21 05:00;8.7867;-112.36;68.255;9.4885;14.078;-90;-14.078;143.09;23.601;119.49;17.64;5.05;0;289.8;10.354;31.747;0;0.4512;332.35;0;332.35;289.8;31.747;10.354;0.4512;0.872;0.0325;0;0.0014;331.84;0.5072;0;0;0.1325;0.3747;302.13;29.051;25.815;2.828;0.3906;0.0171;331.18;0.6637;0.5796;0.0635;0.0204;0.0002;302.13;263.4;28.855;9.81;0.0593;6.93;5.4955;2.3241;0.0108;0.0769;1.106;0.007;1.1721;0;1;0;0;2.3226;0.9985;1;1;0.9872;0.1697;0.9123;0.9107;1;0.9617;0.7759;0.998;0.998;1;0.998;0.998;0.9091;0.9475;0.1314;0.9458;0.8666;0.0052;0.014;0.0232;0.0058;0.0205;0.0002;0;0;0.088;0.6784;0;0;0;0;0;0;0;0;0;0;0;0;0.0165;0.0021;0.7793;0.7793;0;32.489;32.489;14.849;0.0491;744.67;1046.5;1;0.0129;0.0129;0;0;0;0;0;0;0.7664;0.6784;0;15.494;17.942;13.488;15.619;98.345;98.345;7.9763;6.5717;5.7209;1.4046;0.8509;0.1761;0.1067;0.7172;6.2804;0.7154;0
15/12/21 06:00;20.412;-104.71;32.236;21.044;39.518;-90;-39.518;126.41;120.6;5.8086;20.65;5.14;0;14.087;105.56;3.4539;0;3.0339;126.13;0;126.13;14.087;3.4539;105.56;3.0339;0.1117;0.8609;0;0.0241;116.17;9.959;0;0;7.1954;2.7636;112.69;3.2445;0.033;0.0081;3.1778;0.0256;115.94;0.2323;0.0282;0.0069;0.1967;0.0005;113.7;14.026;3.4389;94.985;0.2441;74.917;59.409;26.011;4.1248;1.0342;14.876;1.0048;11.785;0;1;0;0;0.9978;0.921;1;1;0.9318;0.0891;0.972;0.9977;1;0.9676;0.905;0.998;0.998;1;0.998;0.998;0.8935;0.8999;0.0805;0.359;0.3551;0.0021;0.017;0.0016;0.0023;0.0083;0.0027;0;0;0.088;0.2188;0;0;0;0;0;0;0;0;0;0;0;0;0.0067;0.0005;0.3139;0.3139;0;26.206;26.206;5.5562;0.0493;302.55;1037.7;1;0.0072;0.0072;0;0;0;0;0;0;0.3068;0.2188;0;16.448;19.046;11.462;13.273;97.719;97.719;3.0271;2.6475;1.845;0.3796;0.8025;0.1254;0.2651;0.6095;74.882;0.5601;0
15/12/21 07:00;32.447;-97.211;6.0805;32.653;57.347;-90;-57.347;241.99;220.3;21.695;23.8;5.6599;0;40.21;164.72;11.707;0;11.7;228.34;0;228.34;40.21;11.707;164.72;11.7;0.1761;0.7726;0;0.0512;198.11;30.229;0;0;19.327;10.902;192.63;5.0802;0.0084;0.0025;5.0286;0.0407;197.71;0.3962;0.0804;0.0234;0.2908;0.0016;197.17;40.121;11.681;140.07;0.7552;145.81;115.63;54.277;23.441;2.7772;39.949;4.5424;19.285;0;1;0;0;0.9436;0.8676;1;1;0.8827;0.0682;0.9743;0.9998;1;0.9653;0.9488;0.998;0.998;1;0.998;0.998;0.8436;0.8504;0.0646;0.6498;0.6441;0.0039;0.0163;0.0193;0.0042;0.015;0.0071;0;0;0.088;0.4672;0;0;0;0;0;0;0;0;0;0;0;0;0.0121;0.0012;0.5649;0.5649;0;33.307;33.307;9.5071;0.0494;549.43;1028.2;1;0.0097;0.0097;0;0;0;0;0;0;0.5552;0.4672;0;16.349;18.932;13.521;15.656;98.276;98.276;5.4801;4.7642;3.9399;0.7159;0.8243;0.1306;0.1504;0.719;139.1;0.6357;0
15/12/21 08:00;44.685;-89.085;0.6506;44.688;45.312;-90;-45.312;751.2;123.7;627.5;26.54;6.16;0;892.29;38.692;111.29;0;23.407;1065.7;0;1065.7;892.29;111.29;38.692;23.407;0.8373;0.0583;0;0.022;1040.8;24.837;0;0;3.2252;21.612;1037.5;1.2835;0.02;0.0025;1.1558;0.1052;1038.8;2.0817;1.7846;0.2226;0.0709;0.0036;1043.1;890.49;111.07;34.24;1.6858;322.88;256.04;108.11;2.4256;3.7188;53.493;5.6361;54.787;0;1;0;0;1.4186;0.9767;1;1;0.9166;0.0767;0.9988;1;1;0.9673;0.9413;0.998;0.998;1;0.998;0.998;0.9735;0.8849;0.072;3.0329;3.0916;0.0186;0.003;0.5957;0.0173;0.0614;0.0081;0;0;0.088;2.1909;0;0;0;0;0;0;0;0;0;0;0;0;0.0495;0.0218;2.3161;2.3161;0;79.304;79.304;52.764;0.0509;2643.5;875;1;0.0372;0.0372;0;0;0;0;0;0;2.2789;2.1909;0;14.362;16.63;13.585;15.731;98.394;98.394;25.576;19.532;18.476;6.0443;1.0558;0.2363;0.0413;0.7224;28.88;0.6962;0
15/12/21 09:00;56.874;-78.834;6.0748;57.373;32.627;-90;-32.627;832.29;172.8;659.49;29.84;6.3799;0;783.06;70.294;114.56;0;13.79;981.7;0;981.7;783.06;114.56;70.294;13.79;0.7977;0.0857;0;0.014;965.97;15.734;0;0;3.5518;12.183;961.44;2.5978;0.164;0.024;2.1578;0.252;964.04;1.9319;1.5661;0.2291;0.1335;0.0032;965.29;781.33;114.31;64.451;1.3523;434.89;344.87;146.51;1.4258;4.8308;69.49;3.8499;72.895;0;1;0;0;1.1795;0.984;1;1;0.9495;0.1166;0.9973;0.9998;1;0.9676;0.8429;0.998;0.998;1;0.998;0.998;0.9794;0.9169;0.0981;2.7938;2.901;0.0175;0.0004;0.5537;0.0163;0.0578;0.0106;0;0;0.088;2.0567;0;0;0;0;0;0;0;0;0;0;0;0;0.0466;0.0193;2.1787;2.1787;0;78.71;78.71;48.87;0.0508;2488;875;1;0.034;0.034;0;0;0;0;0;0;2.1447;2.0567;0;14.665;16.982;13.844;16.031;98.439;98.439;23.561;18.373;17.345;5.1874;1.0289;0.2202;0.0437;0.7362;47.206;0.6991;0
15/12/21 10:00;68.462;-62.229;9.8489;70.75;19.25;-90;-19.25;1055;174.1;880.9;31.66;6.6801;0;933.07;55.597;123.83;0;6.1936;1118.7;0;1118.7;933.07;123.83;55.597;6.1936;0.8341;0.0552;0;0.0055;1112.3;6.3683;0;0;1.2048;5.1635;1107.6;2.4852;0.3168;0.042;1.8993;0.227;1110.1;2.2246;1.8661;0.2477;0.1088;0.0021;1109.1;930.89;123.54;52.384;0.8011;598.58;474.68;200.71;0.175;6.5943;94.857;1.4743;101.28;0;1;0;0;1.0604;0.9943;1;1;0.9783;0.1663;0.9978;0.9997;1;0.965;0.7792;0.998;0.998;1;0.998;0.998;0.9901;0.9422;0.1293;3.1837;3.3632;0.0203;0.0082;0.759;0.018;0.0639;0.0138;0;0;0.088;2.2211;0;0;0;0;0;0;0;0;0;0;0;0;0.0515;0.0255;2.4029;2.347;0;88.42;88.42;56.76;0.0512;2682.3;875;1;0.0938;0.0379;0;0.0559;0;0;0;0;2.3091;2.2211;0;13.863;16.054;13.12;15.192;96.095;98.384;26.849;19.793;18.731;7.056;1.0619;0.2628;0.0396;0.6976;34.422;0.656;0
15/12/21 11:00;77.159;-24.282;11.688;84.645;5.3552;-90;-5.3552;479.01;433.1;45.906;33.22;8.2001;0;46.107;417.73;14.522;0;0.2195;478.58;0;478.58;46.107;14.522;417.73;0.2195;0.0963;0.8733;0;0.0005;477.31;1.2701;0;0;1.0873;0.1827;458.25;18.104;0.0186;0.0059;18.071;0.0082;476.35;0.9546;0.0922;0.029;0.8333;0.0001;458.27;45.997;14.487;397.74;0.0285;283.68;224.96;90.135;0.0061;3.4444;49.546;0.016;52.985;0;1;0;0;0.9991;0.9973;1;1;0.9974;0.1676;0.962;0.9996;1;0.9565;0.7767;0.998;0.998;1;0.998;0.998;0.9575;0.9521;0.1299;1.362;1.4104;0.0085;0.0064;0.1569;0.0087;0.0307;0.0083;0;0;0.088;1.056;0;0;0;0;0;0;0;0;0;0;0;0;0.0248;0.005;1.1612;1.1612;0;56.131;56.131;22.911;0.05;1212.1;958;1;0.0172;0.0172;0;0;0;0;0;0;1.144;1.056;0;16.033;18.566;14.581;16.884;98.518;98.518;11.486;9.7926;8.9053;1.6933;0.8873;0.1474;0.0772;0.7753;248.19;0.7196;0
15/12/21 12:00;75.665;36.79;11.436;81.299;8.7009;90;8.7009;49.794;49.696;0.0972;27.01;9.1401;0;0.0984;49.407;0.0036;0;0.0602;49.569;0;49.569;0.0984;0.0036;49.407;0.0602;0.002;0.9979;0;0.0012;49.235;0.3338;0;0;0.2837;0.0501;47.093;2.0442;0;0;2.0419;0.0023;49.137;0.0985;0.0002;0;0.0982;0;47.102;0.0981;0.0036;46.983;0.0078;29.587;23.462;9.3494;0.0083;0.3631;5.2226;0.009;5.5774;0;1;0;0;0.9955;0.9933;1;1;0.9943;0.1677;0.9584;0.9996;1;0.9584;0.7752;0.998;0.998;1;0.998;0.998;0.95;0.9509;0.1297;0.1411;0.1452;0.0009;0.0131;0.0023;0.0009;0.0032;0.0009;0;0;0.088;0.0285;0;0;0;0;0;0;0;0;0;0;0;0;0.0026;0.0001;0.1212;0.1212;0;29.361;29.361;2.3508;0.0499;122.73;987.76;1;0.0048;0.0048;0;0;0;0;0;0;0.1165;0.0285;0;16.161;18.714;3.7929;4.392;96.057;96.057;1.1897;1.0224;0.2399;0.1673;0.7824;0.1406;0.6577;0.2017;29.528;0.1869;0
15/12/21 13:00;65.814;67.253;9.1151;67.501;22.499;90;22.499;348.69;337.3;11.392;26.77;7.29;0;12.331;321.59;3.2328;0;2.7867;339.94;0;339.94;12.331;3.2328;321.59;2.7867;0.0363;0.9542;0;0.0082;328.58;11.36;0;0;9.0011;2.3585;317.27;10.659;0.0039;0.001;10.563;0.0913;327.92;0.6572;0.0247;0.0065;0.6252;0.0009;318.01;12.302;3.2253;301.4;0.3361;210.38;166.83;68.322;1.7651;2.5727;37.007;0.7439;37.815;0;1;0;0;0.9749;0.9666;1;1;0.972;0.1537;0.9675;0.9997;1;0.9661;0.7864;0.998;0.998;1;0.998;0.998;0.9333;0.9372;0.1206;0.9674;0.984;0.0059;0.0124;0.0617;0.0063;0.0224;0.0065;0;0;0.088;0.7467;0;0;0;0;0;0;0;0;0;0;0;0;0.0181;0.0026;0.848;0.848;0;42.489;42.489;15.719;0.0495;844.87;1003.8;1;0.0133;0.0133;0;0;0;0;0;0;0.8347;0.7467;0;16.485;19.089;14.515;16.808;98.429;98.429;8.1586;7.1517;6.2972;1.0069;0.8545;0.1234;0.1047;0.7719;202.38;0.7137;0
15/12/21 14:00;53.99;81.615;4.918;54.282;35.718;90;35.718;404;368.1;35.896;24.8;4.5201;0;44.213;322.99;14.265;0;7.9791;389.44;0;389.44;44.213;14.265;322.99;7.9791;0.1135;0.8498;0;0.0205;363.38;26.064;0;0;18.877;7.1867;352.74;9.9165;0.0075;0.0024;9.7999;0.1067;362.65;0.7268;0.0884;0.0285;0.6082;0.0016;355.34;44.117;14.234;293.7;0.6842;245.57;194.74;83.867;8.9232;3.1817;45.767;2.6078;40.026;0;1;0;0;0.964;0.9331;1;1;0.9416;0.0993;0.9727;0.9998;1;0.9677;0.8651;0.998;0.998;1;0.998;0.998;0.9057;0.9093;0.0857;1.1083;1.1083;0.0067;0.0107;0.0683;0.0072;0.0254;0.008;0;0;0.088;0.8555;0;0;0;0;0;0;0;0;0;0;0;0;0.0205;0.0032;0.9585;0.9585;0;42.26;42.26;17.461;0.0495;951.49;1007.3;1;0.015;0.015;0;0;0;0;0;0;0.9435;0.8555;0;16.263;18.832;14.516;16.809;98.436;98.436;9.3466;8.0829;7.2144;1.2638;0.8685;0.1352;0.0929;0.7719;222.09;0.7094;0
15/12/21 15:00;41.758;91.14;0.85;41.763;48.237;90;48.237;267.51;258.2;9.3047;23.28;3.56;0;13.97;212.96;3.8403;0;9.38;240.15;0;240.15;13.97;3.8403;212.96;9.38;0.0582;0.9258;0;0.0391;211.9;28.251;0;0;19.507;8.7441;205.08;6.3919;0.0004;0.0001;6.3608;0.0306;211.47;0.4238;0.0279;0.0077;0.3869;0.0013;208.64;13.942;3.8325;186.7;0.604;167.96;133.19;60.311;16.535;2.6623;38.297;3.5596;24.424;0;1;0;0;0.8977;0.8824;1;1;0.9084;0.0678;0.9698;1;1;0.9671;0.9517;0.998;0.998;1;0.998;0.998;0.854;0.8767;0.0644;0.6834;0.6736;0.0041;0.0161;0.0204;0.0044;0.0157;0.0068;0;0;0.088;0.494;0;0;0;0;0;0;0;0;0;0;0;0;0.0127;0.0013;0.5921;0.5921;0;33.397;33.397;10.117;0.0493;575.05;1029.7;1;0.0101;0.0101;0;0;0;0;0;0;0.582;0.494;0;16.294;18.868;13.594;15.741;98.289;98.289;5.7636;4.9937;4.1661;0.7699;0.8275;0.1336;0.1436;0.7228;163.4;0.6457;0
15/12/21 16:00;29.549;99.022;7.8423;29.856;60;90;60;144.11;141.6;2.5067;22.9;3.24;0;5.0354;105.82;1.0251;0;7.5656;119.44;0;119.44;5.0354;1.0251;105.82;7.5656;0.0422;0.9493;0;0.0633;99.063;20.381;0;0;13.303;7.0777;95.563;3.3017;0.0014;0.0003;3.2669;0.0332;98.864;0.1981;0.0101;0.0021;0.185;0.001;98.704;5.024;1.0228;89.062;0.4538;92.651;73.473;35.299;17.693;1.8939;27.243;3.1408;11.444;0;1;0;0;0.8289;0.8294;1;1;0.8743;0.0645;0.9666;0.9997;1;0.9646;0.9318;0.998;0.998;1;0.998;0.998;0.8001;0.8417;0.06;0.3399;0.337;0.002;0.0169;0.0032;0.0022;0.0078;0.0048;0;0;0.088;0.1984;0;0;0;0;0;0;0;0;0;0;0;0;0.0063;0.0004;0.2933;0.2933;0;27.625;27.625;4.7251;0.0494;285.92;1025.7;1;0.0068;0.0068;0;0;0;0;0;0;0.2864;0.1984;0;16.224;18.787;10.978;12.712;97.674;97.674;2.8666;2.4731;1.6734;0.3936;0.7996;0.1373;0.2789;0.5838;92.121;0.4986;0
15/12/21 17:00;17.593;106.5;42.858;18.299;31.296;90;31.296;70.598;69.699;0.899;22.1;2.0099;0;2.1803;64.492;0.3565;0;1.0786;68.107;0;68.107;2.1803;0.3565;64.492;1.0786;0.032;0.9628;0;0.0158;64.096;4.0117;0;0;3.0604;0.9514;61.933;2.0342;0.0186;0.003;1.991;0.0215;63.967;0.1282;0.0044;0.0007;0.1229;0.0003;62.267;2.1573;0.3527;59.318;0.1055;42.9;34.02;14.382;1.1306;0.5455;7.8467;0.3341;7.2615;0;1;0;0;0.9647;0.9411;1;1;0.9525;0.118;0.9682;0.9914;1;0.9675;0.8305;0.998;0.998;1;0.998;0.998;0.9093;0.9198;0.0978;0.1938;0.1939;0.0012;0.0146;0.0001;0.0012;0.0044;0.0014;0;0;0.088;0.0734;0;0;0;0;0;0;0;0;0;0;0;0;0.0036;0.0002;0.1672;0.1672;0;25.171;25.171;3.0705;0.0496;164.33;1017.4;1;0.0058;0.0058;0;0;0;0;0;0;0.1614;0.0734;0;16.222;18.785;7.1227;8.2479;96.54;96.54;1.6346;1.41;0.6191;0.2246;0.7909;0.1374;0.4839;0.3787;42.895;0.3487;0
15/12/21 18:00;6.0986;114.27;75.069;6.6846;9.7136;90;9.7136;22.602;22.397;0.2046;21.26;1.56;0;0.4963;22.206;0.0742;0;0.034;22.81;0;22.81;0.4963;0.0742;22.206;0.034;0.0218;0.975;0;0.0015;22.629;0.1814;0;0;0.1531;0.0283;21.573;1.0112;0.0926;0.0138;0.9034;0.0013;22.584;0.0453;0.001;0.0001;0.0441;0;21.578;0.4027;0.0602;21.105;0.0044;13.303;10.549;4.2034;0.0058;0.1634;2.3504;0.0056;2.5081;0;1;0;0;1.0092;0.992;1;1;0.9931;0.1678;0.9552;0.813;1;0.959;0.7749;0.998;0.998;1;0.998;0.998;0.9457;0.9504;0.1298;0.0649;0.0664;0.0004;0.0091;-0.0006;0.0004;0.0014;0.0004;0;0;0.088;-0.037;0;0;0;0;0;0;0;0;0;0;0;0;0.0012;0;0.0542;0.0542;0;22.342;22.342;1.0823;0.0502;55.136;982.71;1;0.0032;0.0032;0;0;0;0;0;0;0.051;-0.037;0;15.696;18.176;-10.723;-12.417;94.099;94.099;0.5475;0.4569;-0.3121;0.0905;0.7691;0.1653;1.4048;0;13.302;0;0
15/12/21 19:00;0.4225;118.57;88.975;0.481;0.6857;90;0.6857;0;0;0;19.82;0.8601;0;0;0;0;0;0;0;0;0;0;0;0;0;1;1;1;1;0;0;0;0;0;0;0;0;0;0;0;0;0;0;0;0;0;0;0;0;0;0;0;0;0;0;0;0;0;0;0;0;0;0;0;1;1;1;1;1;1;1;1;1;1;1;1;1;1;1;1;1;1;1;0;0;0;0;0;0;0;0;0;0.0004;0.088;-0.0884;0;0;0;0;0;0;0;0;0;0;0;0;0;0;0;0;0;0;0;-19.82;0;0;0;0;0.0004;0;0;0;0;0;0;0;-0.0004;-0.0884;0;0;0;0;0;0;0;0;0;-0.7452;0;0.7452;1;1;0;0;0;0
15/12/21 20:00;0;0;90;0;0;90;0;0;0;0;17.21;0.99;0;0;0;0;0;0;0;0;0;0;0;0;0;1;1;1;1;0;0;0;0;0;0;0;0;0;0;0;0;0;0;0;0;0;0;0;0;0;0;0;0;0;0;0;0;0;0;0;0;0;0;0;1;1;1;1;1;1;1;1;1;1;1;1;1;1;1;1;1;1;1;0;0;0;0;0;0;0;0;0;0.0004;0.088;-0.0884;0;0;0;0;0;0;0;0;0;0;0;0;0;0;0;0;0;0;0;-17.21;0;0;0;0;0.0004;0;0;0;0;0;0;0;-0.0004;-0.0884;0;0;0;0;0;0;0;0;0;-0.7452;0;0.7452;1;1;0;0;0;0
15/12/21 21:00;0;0;90;0;0;90;0;0;0;0;15.06;1.6899;0;0;0;0;0;0;0;0;0;0;0;0;0;1;1;1;1;0;0;0;0;0;0;0;0;0;0;0;0;0;0;0;0;0;0;0;0;0;0;0;0;0;0;0;0;0;0;0;0;0;0;0;1;1;1;1;1;1;1;1;1;1;1;1;1;1;1;1;1;1;1;0;0;0;0;0;0;0;0;0;0.0004;0.088;-0.0884;0;0;0;0;0;0;0;0;0;0;0;0;0;0;0;0;0;0;0;-15.06;0;0;0;0;0.0004;0;0;0;0;0;0;0;-0.0004;-0.0884;0;0;0;0;0;0;0;0;0;-0.7452;0;0.7452;1;1;0;0;0;0
15/12/21 22:00;0;0;90;0;0;90;0;0;0;0;13.83;2.1401;0;0;0;0;0;0;0;0;0;0;0;0;0;1;1;1;1;0;0;0;0;0;0;0;0;0;0;0;0;0;0;0;0;0;0;0;0;0;0;0;0;0;0;0;0;0;0;0;0;0;0;0;1;1;1;1;1;1;1;1;1;1;1;1;1;1;1;1;1;1;1;0;0;0;0;0;0;0;0;0;0.0004;0.088;-0.0884;0;0;0;0;0;0;0;0;0;0;0;0;0;0;0;0;0;0;0;-13.83;0;0;0;0;0.0004;0;0;0;0;0;0;0;-0.0004;-0.0884;0;0;0;0;0;0;0;0;0;-0.7452;0;0.7452;1;1;0;0;0;0
15/12/21 23:00;0;0;90;0;0;90;0;0;0;0;13.31;2.36;0;0;0;0;0;0;0;0;0;0;0;0;0;1;1;1;1;0;0;0;0;0;0;0;0;0;0;0;0;0;0;0;0;0;0;0;0;0;0;0;0;0;0;0;0;0;0;0;0;0;0;0;1;1;1;1;1;1;1;1;1;1;1;1;1;1;1;1;1;1;1;0;0;0;0;0;0;0;0;0;0.0004;0.088;-0.0884;0;0;0;0;0;0;0;0;0;0;0;0;0;0;0;0;0;0;0;-13.31;0;0;0;0;0.0004;0;0;0;0;0;0;0;-0.0004;-0.0884;0;0;0;0;0;0;0;0;0;-0.7452;0;0.7452;1;1;0;0;0;0
16/12/21 00:00;0;0;90;0;0;90;0;0;0;0;12.64;2.34;0;0;0;0;0;0;0;0;0;0;0;0;0;1;1;1;1;0;0;0;0;0;0;0;0;0;0;0;0;0;0;0;0;0;0;0;0;0;0;0;0;0;0;0;0;0;0;0;0;0;0;0;1;1;1;1;1;1;1;1;1;1;1;1;1;1;1;1;1;1;1;0;0;0;0;0;0;0;0;0;0.0004;0.088;-0.0884;0;0;0;0;0;0;0;0;0;0;0;0;0;0;0;0;0;0;0;-12.64;0;0;0;0;0.0004;0;0;0;0;0;0;0;-0.0004;-0.0884;0;0;0;0;0;0;0;0;0;-0.7452;0;0.7452;1;1;0;0;0;0
16/12/21 01:00;0;0;90;0;0;90;0;0;0;0;12.72;2.18;0;0;0;0;0;0;0;0;0;0;0;0;0;1;1;1;1;0;0;0;0;0;0;0;0;0;0;0;0;0;0;0;0;0;0;0;0;0;0;0;0;0;0;0;0;0;0;0;0;0;0;0;1;1;1;1;1;1;1;1;1;1;1;1;1;1;1;1;1;1;1;0;0;0;0;0;0;0;0;0;0.0004;0.088;-0.0884;0;0;0;0;0;0;0;0;0;0;0;0;0;0;0;0;0;0;0;-12.72;0;0;0;0;0.0004;0;0;0;0;0;0;0;-0.0004;-0.0884;0;0;0;0;0;0;0;0;0;-0.7452;0;0.7452;1;1;0;0;0;0
16/12/21 02:00;0;0;90;0;0;90;0;0;0;0;11.08;2.11;0;0;0;0;0;0;0;0;0;0;0;0;0;1;1;1;1;0;0;0;0;0;0;0;0;0;0;0;0;0;0;0;0;0;0;0;0;0;0;0;0;0;0;0;0;0;0;0;0;0;0;0;1;1;1;1;1;1;1;1;1;1;1;1;1;1;1;1;1;1;1;0;0;0;0;0;0;0;0;0;0.0004;0.088;-0.0884;0;0;0;0;0;0;0;0;0;0;0;0;0;0;0;0;0;0;0;-11.08;0;0;0;0;0.0004;0;0;0;0;0;0;0;-0.0004;-0.0884;0;0;0;0;0;0;0;0;0;-0.7452;0;0.7452;1;1;0;0;0;0
16/12/21 03:00;0;0;90;0;0;90;0;0;0;0;10.5;2.13;0;0;0;0;0;0;0;0;0;0;0;0;0;1;1;1;1;0;0;0;0;0;0;0;0;0;0;0;0;0;0;0;0;0;0;0;0;0;0;0;0;0;0;0;0;0;0;0;0;0;0;0;1;1;1;1;1;1;1;1;1;1;1;1;1;1;1;1;1;1;1;0;0;0;0;0;0;0;0;0;0.0004;0.088;-0.0884;0;0;0;0;0;0;0;0;0;0;0;0;0;0;0;0;0;0;0;-10.5;0;0;0;0;0.0004;0;0;0;0;0;0;0;-0.0004;-0.0884;0;0;0;0;0;0;0;0;0;-0.7452;0;0.7452;1;1;0;0;0;0
16/12/21 04:00;1.6856;-117.63;85.909;1.9025;2.7157;-90;-2.7157;0;0;0;10.03;2.3199;0;0;0;0;0;0;0;0;0;0;0;0;0;1;1;1;1;0;0;0;0;0;0;0;0;0;0;0;0;0;0;0;0;0;0;0;0;0;0;0;0;0;0;0;0;0;0;0;0;0;0;0;1;1;1;1;1;1;1;1;1;1;1;1;1;1;1;1;1;1;1;0;0;0;0;0;0;0;0;0;0.0004;0.088;-0.0884;0;0;0;0;0;0;0;0;0;0;0;0;0;0;0;0;0;0;0;-10.03;0;0;0;0;0.0004;0;0;0;0;0;0;0;-0.0004;-0.0884;0;0;0;0;0;0;0;0;0;-0.7452;0;0.7452;1;1;0;0;0;0
16/12/21 05:00;8.724;-112.46;68.417;9.4274;13.979;-90;-13.979;123.2;20.302;102.9;13.07;2.84;0;249.57;10.381;23.682;0;0.3831;284.01;0;284.01;249.57;23.682;10.381;0.3831;0.8787;0.0379;0;0.0013;283.57;0.4494;0;0;0.1313;0.3181;257.81;25.191;22.637;2.148;0.3923;0.0145;283;0.5671;0.4991;0.0474;0.0205;0.0001;257.81;226.43;21.487;9.837;0.0503;6.8471;5.4298;2.2793;0.0105;0.0771;1.1086;0.0069;1.1752;0;1;0;0;2.3052;0.9984;1;1;0.9873;0.1697;0.911;0.9091;1;0.9616;0.7758;0.998;0.998;1;0.998;0.998;0.9077;0.9476;0.1314;0.8083;0.7398;0.0045;0.0154;0.0018;0.005;0.0178;0.0002;0;0;0.088;0.5794;0;0;0;0;0;0;0;0;0;0;0;0;0.0144;0.0016;0.6792;0.6792;0;25.683;25.683;12.613;0.0489;634.36;1070.6;1;0.0118;0.0118;0;0;0;0;0;0;0.6674;0.5794;0;15.801;18.298;13.48;15.61;98.267;98.267;6.8164;5.7274;4.886;1.089;0.8414;0.1598;0.1234;0.7168;6.2951;0.7147;0
16/12/21 06:00;20.343;-104.81;32.53;20.982;39.294;-90;-39.294;327.4;58.098;269.3;17.54;3.4;0;653.13;23.23;77.384;0;7.7724;761.52;0;761.52;653.13;77.384;23.23;7.7724;0.8577;0.0407;0;0.0102;752.88;8.6434;0;0;1.5697;7.0737;748.77;2.6018;1.6401;0.1943;0.6996;0.0679;751.37;1.5058;1.3063;0.1548;0.0433;0.0014;748.99;650.19;77.034;20.918;0.6294;17.924;14.214;6.4511;0.892;0.2264;3.2572;0.2175;2.5916;0;1;0;0;2.326;0.9886;1;1;0.9324;0.0899;0.9965;0.9975;1;0.9676;0.9027;0.998;0.998;1;0.998;0.998;0.9833;0.9004;0.081;2.1672;2.1494;0.0129;-0.0012;0.2264;0.0134;0.0474;0.0006;0;0;0.088;1.6843;0;0;0;0;0;0;0;0;0;0;0;0;0.0382;0.011;1.8007;1.8007;0;54.867;54.867;37.327;0.0499;1856.1;970.16;1;0.0284;0.0284;0;0;0;0;0;0;1.7723;1.6843;0;15.626;18.094;14.615;16.924;98.421;98.421;18.276;15.186;14.204;3.0907;0.9819;0.1691;0.0537;0.7772;16.448;0.7747;0
16/12/21 07:00;32.373;-97.316;6.1744;32.585;57.415;-90;-57.415;550.5;90.899;459.61;20;3.45;0;853.4;27.374;102.71;0;26.673;1010.2;0;1010.2;853.4;102.71;27.374;26.673;0.8448;0.0535;0;0.0264;982.09;28.072;0;0;3.2173;24.854;978.99;1.1328;0.1816;0.0219;0.8359;0.0934;980.13;1.9642;1.7068;0.2054;0.0483;0.0036;983.69;851.52;102.48;23.272;1.7216;145.76;115.59;48.154;3.9181;1.9045;27.395;4.6921;25.382;0;1;0;0;1.835;0.9722;1;1;0.8825;0.0682;0.9988;0.9998;1;0.9653;0.9485;0.998;0.998;1;0.998;0.998;0.9691;0.8502;0.0645;2.8748;2.8693;0.0173;0.0001;0.45;0.0168;0.0596;0.0044;0;0;0.088;2.1296;0;0;0;0;0;0;0;0;0;0;0;0;0.048;0.0189;2.2542;2.2542;0;69.382;69.382;49.382;0.0504;2474.8;910.84;1;0.0366;0.0366;0;0;0;0;0;0;2.2176;2.1296;0;14.746;17.075;13.931;16.131;98.378;98.378;24.244;19.01;17.959;5.2343;1.0505;0.2159;0.0433;0.7408;23.134;0.726;0
16/12/21 08:00;44.61;-89.208;0.5635;44.612;45.388;-90;-45.388;776.3;128.1;648.2;22.01;3.5999;0;922.96;37.688;119.36;0;24.266;1104.3;0;1104.3;922.96;119.36;37.688;24.266;0.8358;0.0561;0;0.022;1078.7;25.557;0;0;3.1491;22.408;1075.3;1.2542;0.0179;0.0023;1.1258;0.1082;1076.6;2.1574;1.8459;0.2387;0.0691;0.0037;1081.1;921.1;119.11;33.344;1.7456;332.51;263.68;111.26;2.3767;3.8266;55.044;5.828;56.494;0;1;0;0;1.4225;0.9769;1;1;0.9164;0.0765;0.9988;1;1;0.9673;0.9416;0.998;0.998;1;0.998;0.998;0.9738;0.8847;0.0719;3.1427;3.2035;0.0193;0.0049;0.5846;0.0182;0.0644;0.0085;0;0;0.088;2.3004;0;0;0;0;0;0;0;0;0;0;0;0;0.0519;0.0234;2.4283;2.4283;0;76.577;76.577;54.568;0.0507;2761.6;879.33;1;0.0399;0.0399;0;0;0;0;0;0;2.3884;2.3004;0;14.531;16.827;13.766;15.94;98.356;98.356;26.502;20.479;19.4;6.0239;1.0787;0.2273;0.0407;0.732;28.15;0.7057;0
16/12/21 09:00;56.803;-78.999;5.9971;57.288;32.712;-90;-32.712;930.61;153.5;777.11;23.4;3.8101;0;923.6;48.281;120.11;0;15.498;1107.5;0;1107.5;923.6;120.11;48.281;15.498;0.834;0.0576;0;0.014;1091.3;16.147;0;0;2.4497;13.697;1087.2;1.9785;0.1909;0.0248;1.4816;0.2812;1089.2;2.1827;1.8472;0.2402;0.0917;0.0036;1091.5;921.56;119.85;44.258;1.5162;482.38;382.52;162.52;0.9897;5.3192;76.515;4.3044;80.845;0;1;0;0;1.1901;0.9854;1;1;0.9493;0.1162;0.9982;0.9998;1;0.9676;0.8436;0.998;0.998;1;0.998;0.998;0.9817;0.9167;0.0978;3.1518;3.2761;0.0197;0.0064;0.6224;0.0184;0.0652;0.0117;0;0;0.088;2.327;0;0;0;0;0;0;0;0;0;0;0;0;0.0525;0.0244;2.4554;2.4554;0;78.666;78.666;55.266;0.0508;2803.3;875;1;0.0404;0.0404;0;0;0;0;0;0;2.415;2.327;0;14.65;16.965;13.884;16.077;98.353;98.353;26.58;20.707;19.624;5.873;1.0831;0.221;0.0408;0.7383;32.444;0.702;0
16/12/21 10:00;68.405;-62.503;9.7836;70.653;19.347;-90;-19.347;1053.7;173.9;879.79;24.04;3.8901;0;932.45;55.632;123.64;0;6.2476;1118;0;1118;932.45;123.64;55.632;6.2476;0.8341;0.0554;0;0.0056;1111.5;6.4249;0;0;1.2157;5.2091;1106.8;2.4819;0.3145;0.0417;1.897;0.2288;1109.3;2.2231;1.8649;0.2473;0.1088;0.0021;1108.3;930.27;123.35;52.411;0.8076;597.59;473.89;200.39;0.1781;6.5827;94.69;1.4893;101.09;0;1;0;0;1.061;0.9943;1;1;0.9781;0.1662;0.9978;0.9997;1;0.9651;0.7793;0.998;0.998;1;0.998;0.998;0.99;0.9421;0.1293;3.1816;3.3607;0.0202;0.0082;0.6591;0.0187;0.0664;0.0143;0;0;0.088;2.3584;0;0;0;0;0;0;0;0;0;0;0;0;0.0535;0.0255;2.4947;2.4876;0;80.387;80.387;56.347;0.0509;2843;875;1;0.0483;0.0412;0;0.0071;0;0;0;0;2.4464;2.3584;0;14.704;17.027;13.94;16.142;98.064;98.344;26.831;20.979;19.889;5.8526;1.0894;0.2181;0.0406;0.7413;34.459;0.6971;0
16/12/21 11:00;77.161;-24.802;11.638;84.539;5.4612;-90;-5.4612;1104.1;182.2;921.9;25.03;3.7401;0;926.1;59.929;122.69;0;0.5262;1109.2;0;1109.2;926.1;122.69;59.929;0.5262;0.8349;0.0545;0;0.0005;1108.6;0.5989;0;0;0.1609;0.438;1103.4;3.0297;0.3715;0.0492;2.5893;0.0197;1106.4;2.2173;1.8522;0.2454;0.1195;0.0002;1103.5;923.88;122.39;57.059;0.0684;649.32;514.91;218.76;0.0011;7.0737;101.75;0.0566;108.83;0;1;0;0;1.0047;0.9995;1;1;0.9973;0.1676;0.9973;0.9996;1;0.9566;0.7767;0.998;0.998;1;0.998;0.998;0.9947;0.9521;0.1299;3.1568;3.3609;0.0202;0.0082;0.6697;0.0186;0.0661;0.0153;0;0;0.088;2.3457;0;0;0;0;0;0;0;0;0;0;0;0;0.0532;0.0255;2.4839;2.4746;0;81.241;81.241;56.211;0.0509;2828.1;875;1;0.0503;0.0409;0;0.0094;0;0;0;0;2.4337;2.3457;0;14.741;17.07;13.974;16.181;97.977;98.348;26.622;20.868;19.781;5.7535;1.0869;0.2161;0.0408;0.7431;35.612;0.6953;0
16/12/21 12:00;75.76;36.519;11.402;81.412;8.5883;90;8.5883;1106.1;182.5;923.6;26.39;3.5999;0;934.08;58.884;124.68;0;1.3023;1118.9;0;1118.9;934.08;124.68;58.884;1.3023;0.8348;0.0538;0;0.0012;1117.5;1.4149;0;0;0.331;1.0839;1112.4;2.9028;0.3671;0.049;2.4377;0.049;1115.3;2.2351;1.8682;0.2494;0.1171;0.0004;1112.6;931.84;124.39;55.999;0.1689;647.66;513.6;213.94;0.0096;7.3331;105.48;0.2268;112.81;0;1;0;0;1.0116;0.9987;1;1;0.9944;0.1677;0.9974;0.9996;1;0.9583;0.7752;0.998;0.998;1;0.998;0.998;0.9941;0.951;0.1297;3.1844;3.3946;0.0204;0.009;0.7;0.0187;0.0662;0.0157;0;0;0.088;2.3417;0;0;0;0;0;0;0;0;0;0;0;0;0.0533;0.026;2.4854;2.4705;0;83.149;83.149;56.759;0.051;2823.5;875;1;0.0556;0.0408;0;0.0148;0;0;0;0;2.4297;2.3417;0;14.59;16.895;13.829;16.014;97.762;98.349;26.855;20.834;19.748;6.0205;1.0861;0.2242;0.0404;0.7354;35.184;0.6869;0
16/12/21 13:00;65.927;67.193;9.0977;67.617;22.383;90;22.383;1038.7;170.9;867.79;26.6;3.5801;0;938.5;53.646;124.54;0;8.2171;1124.9;0;1124.9;938.5;124.54;53.646;8.2171;0.8343;0.055;0;0.0073;1116.5;8.4402;0;0;1.4891;6.951;1111.9;2.3677;0.2943;0.0391;1.7639;0.2705;1114.2;2.2329;1.877;0.2491;0.1043;0.0025;1113.9;936.33;124.25;50.289;0.9931;580.52;460.35;194.22;0.291;6.4317;92.518;2.0406;98.659;0;1;0;0;1.083;0.9925;1;1;0.9722;0.1541;0.9979;0.9997;1;0.9661;0.786;0.998;0.998;1;0.998;0.998;0.9884;0.9374;0.1209;3.2014;3.3723;0.0203;0.0084;0.6979;0.0185;0.0657;0.0138;0;0;0.088;2.3257;0;0;0;0;0;0;0;0;0;0;0;0;0.0529;0.0257;2.4691;2.4541;0;83.341;83.341;56.741;0.051;2804.7;875;1;0.0554;0.0404;0;0.015;0;0;0;0;2.4137;2.3257;0;14.416;16.693;13.662;15.82;97.757;98.354;26.998;20.696;19.613;6.302;1.0829;0.2334;0.0401;0.7265;33.74;0.6843;0
16/12/21 14:00;54.105;81.596;4.9158;54.398;35.602;90;35.602;895.09;157.4;737.7;27.46;3.5199;0;907.29;50.571;124.97;0;17.568;1100.4;0;1100.4;907.29;124.97;50.571;17.568;0.8245;0.0619;0;0.016;1081.6;18.755;0;0;2.9407;15.815;1077.5;1.9476;0.1537;0.0212;1.5349;0.2378;1079.5;2.1633;1.8146;0.2499;0.0953;0.0035;1082.3;905.32;124.7;46;1.5118;450.51;357.26;153.72;1.3858;4.8716;70.077;4.8088;73.563;0;1;0;0;1.2294;0.983;1;1;0.9419;0.0998;0.9982;0.9998;1;0.9677;0.8641;0.998;0.998;1;0.998;0.998;0.9792;0.9096;0.0861;3.1317;3.237;0.0195;0.0056;0.6596;0.0179;0.0634;0.0105;0;0;0.088;2.2481;0;0;0;0;0;0;0;0;0;0;0;0;0.051;0.0238;2.3858;2.3747;0;82.404;82.404;54.943;0.051;2713.9;875;1;0.0497;0.0386;0;0.0111;0;0;0;0;2.3361;2.2481;0;14.26;16.513;13.5;15.633;97.917;98.376;26.41;20.026;18.959;6.3836;1.0673;0.2417;0.0404;0.7179;34.741;0.6852;0
16/12/21 15:00;41.873;91.127;0.8393;41.878;48.122;90;48.122;712.7;152.1;560.6;28.2;3.32;0;839.79;51.306;135.66;0;24.879;1051.6;0;1051.6;839.79;135.66;51.306;24.879;0.7986;0.0724;0;0.0237;1023.8;27.872;0;0;4.6834;23.189;1020.1;1.6426;0.0243;0.0039;1.5323;0.082;1021.7;2.0475;1.6796;0.2713;0.0932;0.0034;1026;838.09;135.39;44.997;1.6045;290.25;230.17;95.102;3.9566;3.5938;51.696;5.9443;51.333;0;1;0;0;1.4756;0.9735;1;1;0.9087;0.0679;0.9984;1;1;0.9671;0.9514;0.998;0.998;1;0.998;0.998;0.97;0.877;0.0645;2.9929;3.0391;0.0183;0.0022;0.5949;0.017;0.0602;0.0078;0;0;0.088;2.1405;0;0;0;0;0;0;0;0;0;0;0;0;0.0485;0.0211;2.2691;2.2645;0;80.112;80.112;51.912;0.0509;2588;875;1;0.0406;0.036;0;0.0046;0;0;0;0;2.2285;2.1405;0;14.229;16.477;13.45;15.575;98.21;98.41;25.239;19.097;18.051;6.1425;1.0457;0.2434;0.0414;0.7152;39.323;0.6898;0
16/12/21 16:00;29.664;99.009;7.8203;29.971;60;90;60;496.9;154.9;342;28.2;3.13;0;684.62;59.259;151.9;0;26.087;921.87;0;921.87;684.62;151.9;59.259;26.087;0.7426;0.0926;0;0.0283;890.01;31.855;0;0;7.45;24.405;886.06;2.1695;0.1846;0.041;1.8295;0.1145;888.23;1.78;1.3692;0.3038;0.1036;0.0034;890.49;683.06;151.56;49.876;1.5646;126.25;100.12;45.179;9.9136;1.8479;26.581;4.4245;18.515;0;1;0;0;1.8552;0.9654;1;1;0.8743;0.0645;0.9976;0.9997;1;0.9646;0.9318;0.998;0.998;1;0.998;0.998;0.9612;0.8417;0.06;2.6236;2.601;0.0157;-0.0017;0.4436;0.015;0.0532;0.0042;0;0;0.088;1.8935;0;0;0;0;0;0;0;0;0;0;0;0;0.0429;0.0157;2.0125;2.0125;0;73.028;73.028;44.828;0.0506;2243.6;896.97;1;0.031;0.031;0;0;0;0;0;0;1.9815;1.8935;0;14.425;16.704;13.573;15.717;98.461;98.461;22.125;16.971;15.968;5.1534;1.0033;0.2329;0.0453;0.7217;51.589;0.7065;0
16/12/21 17:00;17.707;106.48;42.469;18.415;31.595;90;31.595;264.4;149.2;115.2;27.85;2.3801;0;279.39;101.05;97.164;0;4.1151;481.72;0;481.72;279.39;97.164;101.05;4.1151;0.58;0.2183;0;0.0085;473.21;8.503;0;0;4.8681;3.6349;465.94;6.3252;2.3222;0.8076;3.1152;0.0802;472.27;0.9464;0.5588;0.1943;0.1924;0.001;466.48;276.51;96.162;92.876;0.3989;68.117;54.016;22.991;1.8313;0.8584;12.347;0.5365;11.375;0;1;0;0;1.8219;0.9823;1;1;0.9518;0.1167;0.9866;0.9917;1;0.9675;0.8326;0.998;0.998;1;0.998;0.998;0.9673;0.9191;0.0969;1.3709;1.3594;0.0082;0.0071;0.1262;0.0085;0.0302;0.0021;0;0;0.088;1.0426;0;0;0;0;0;0;0;0;0;0;0;0;0.0244;0.0047;1.148;1.148;0;51.045;51.045;23.195;0.0498;1171.6;979.88;1;0.0174;0.0174;0;0;0;0;0;0;1.1306;1.0426;0;15.747;18.235;14.302;16.562;98.488;98.488;11.561;9.6811;8.7926;1.8801;0.8885;0.1626;0.0768;0.7605;67.356;0.7462;0
16/12/21 18:00;6.211;114.24;74.788;6.8062;9.8975;90;9.8975;59.698;57.2;2.4976;26.57;2.59;0;6.0575;55.845;2.2704;0;0.0933;64.266;0;64.266;6.0575;2.2704;55.845;0.0933;0.0943;0.8704;0;0.0015;63.792;0.4748;0;0;0.3972;0.0776;59.888;3.7762;1.0965;0.411;2.2653;0.0035;63.664;0.1276;0.0121;0.0045;0.1109;0;59.903;4.9489;1.8549;53.072;0.0121;33.484;26.553;10.585;0.0156;0.411;5.9126;0.0148;6.3081;0;1;0;0;1.0765;0.9926;1;1;0.9929;0.1679;0.9407;0.8186;1;0.9591;0.7749;0.998;0.998;1;0.998;0.998;0.9319;0.9503;0.1298;0.1829;0.1832;0.0011;0.0143;0.0031;0.0012;0.0041;0.001;0;0;0.088;0.0615;0;0;0;0;0;0;0;0;0;0;0;0;0.0033;0.0002;0.155;0.155;0;29.551;29.551;2.9814;0.0498;155.4;997.44;1;0.0055;0.0055;0;0;0;0;0;0;0.1495;0.0615;0;15.938;18.456;6.3254;7.3247;96.459;96.459;1.5424;1.3072;0.5188;0.2352;0.7884;0.1525;0.5112;0.3364;33.467;0.3147;0
16/12/21 19:00;0.354;118.68;89.142;0.4035;0.5751;90;0.5751;0;0;0;23.08;2.76;0;0;0;0;0;0;0;0;0;0;0;0;0;1;1;1;1;0;0;0;0;0;0;0;0;0;0;0;0;0;0;0;0;0;0;0;0;0;0;0;0;0;0;0;0;0;0;0;0;0;0;0;1;1;1;1;1;1;1;1;1;1;1;1;1;1;1;1;1;1;1;0;0;0;0;0;0;0;0;0;0.0004;0.088;-0.0884;0;0;0;0;0;0;0;0;0;0;0;0;0;0;0;0;0;0;0;-23.08;0;0;0;0;0.0004;0;0;0;0;0;0;0;-0.0004;-0.0884;0;0;0;0;0;0;0;0;0;-0.7452;0;0.7452;1;1;0;0;0;0
16/12/21 20:00;0;0;90;0;0;90;0;0;0;0;17.07;2.6901;0;0;0;0;0;0;0;0;0;0;0;0;0;1;1;1;1;0;0;0;0;0;0;0;0;0;0;0;0;0;0;0;0;0;0;0;0;0;0;0;0;0;0;0;0;0;0;0;0;0;0;0;1;1;1;1;1;1;1;1;1;1;1;1;1;1;1;1;1;1;1;0;0;0;0;0;0;0;0;0;0.0004;0.088;-0.0884;0;0;0;0;0;0;0;0;0;0;0;0;0;0;0;0;0;0;0;-17.07;0;0;0;0;0.0004;0;0;0;0;0;0;0;-0.0004;-0.0884;0;0;0;0;0;0;0;0;0;-0.7452;0;0.7452;1;1;0;0;0;0
16/12/21 21:00;0;0;90;0;0;90;0;0;0;0;14.82;2.4799;0;0;0;0;0;0;0;0;0;0;0;0;0;1;1;1;1;0;0;0;0;0;0;0;0;0;0;0;0;0;0;0;0;0;0;0;0;0;0;0;0;0;0;0;0;0;0;0;0;0;0;0;1;1;1;1;1;1;1;1;1;1;1;1;1;1;1;1;1;1;1;0;0;0;0;0;0;0;0;0;0.0004;0.088;-0.0884;0;0;0;0;0;0;0;0;0;0;0;0;0;0;0;0;0;0;0;-14.82;0;0;0;0;0.0004;0;0;0;0;0;0;0;-0.0004;-0.0884;0;0;0;0;0;0;0;0;0;-0.7452;0;0.7452;1;1;0;0;0;0
16/12/21 22:00;0;0;90;0;0;90;0;0;0;0;14.59;2.7701;0;0;0;0;0;0;0;0;0;0;0;0;0;1;1;1;1;0;0;0;0;0;0;0;0;0;0;0;0;0;0;0;0;0;0;0;0;0;0;0;0;0;0;0;0;0;0;0;0;0;0;0;1;1;1;1;1;1;1;1;1;1;1;1;1;1;1;1;1;1;1;0;0;0;0;0;0;0;0;0;0.0004;0.088;-0.0884;0;0;0;0;0;0;0;0;0;0;0;0;0;0;0;0;0;0;0;-14.59;0;0;0;0;0.0004;0;0;0;0;0;0;0;-0.0004;-0.0884;0;0;0;0;0;0;0;0;0;-0.7452;0;0.7452;1;1;0;0;0;0
16/12/21 23:00;0;0;90;0;0;90;0;0;0;0;17.8;4.04;0;0;0;0;0;0;0;0;0;0;0;0;0;1;1;1;1;0;0;0;0;0;0;0;0;0;0;0;0;0;0;0;0;0;0;0;0;0;0;0;0;0;0;0;0;0;0;0;0;0;0;0;1;1;1;1;1;1;1;1;1;1;1;1;1;1;1;1;1;1;1;0;0;0;0;0;0;0;0;0;0.0004;0.088;-0.0884;0;0;0;0;0;0;0;0;0;0;0;0;0;0;0;0;0;0;0;-17.8;0;0;0;0;0.0004;0;0;0;0;0;0;0;-0.0004;-0.0884;0;0;0;0;0;0;0;0;0;-0.7452;0;0.7452;1;1;0;0;0;0
17/12/21 00:00;0;0;90;0;0;90;0;0;0;0;17.1;5.05;0;0;0;0;0;0;0;0;0;0;0;0;0;1;1;1;1;0;0;0;0;0;0;0;0;0;0;0;0;0;0;0;0;0;0;0;0;0;0;0;0;0;0;0;0;0;0;0;0;0;0;0;1;1;1;1;1;1;1;1;1;1;1;1;1;1;1;1;1;1;1;0;0;0;0;0;0;0;0;0;0.0004;0.088;-0.0884;0;0;0;0;0;0;0;0;0;0;0;0;0;0;0;0;0;0;0;-17.1;0;0;0;0;0.0004;0;0;0;0;0;0;0;-0.0004;-0.0884;0;0;0;0;0;0;0;0;0;-0.7452;0;0.7452;1;1;0;0;0;0
17/12/21 01:00;0;0;90;0;0;90;0;0;0;0;17;5.3;0;0;0;0;0;0;0;0;0;0;0;0;0;1;1;1;1;0;0;0;0;0;0;0;0;0;0;0;0;0;0;0;0;0;0;0;0;0;0;0;0;0;0;0;0;0;0;0;0;0;0;0;1;1;1;1;1;1;1;1;1;1;1;1;1;1;1;1;1;1;1;0;0;0;0;0;0;0;0;0;0.0004;0.088;-0.0884;0;0;0;0;0;0;0;0;0;0;0;0;0;0;0;0;0;0;0;-17;0;0;0;0;0.0004;0;0;0;0;0;0;0;-0.0004;-0.0884;0;0;0;0;0;0;0;0;0;-0.7452;0;0.7452;1;1;0;0;0;0
17/12/21 02:00;0;0;90;0;0;90;0;0;0;0;15.46;5.2699;0;0;0;0;0;0;0;0;0;0;0;0;0;1;1;1;1;0;0;0;0;0;0;0;0;0;0;0;0;0;0;0;0;0;0;0;0;0;0;0;0;0;0;0;0;0;0;0;0;0;0;0;1;1;1;1;1;1;1;1;1;1;1;1;1;1;1;1;1;1;1;0;0;0;0;0;0;0;0;0;0.0004;0.088;-0.0884;0;0;0;0;0;0;0;0;0;0;0;0;0;0;0;0;0;0;0;-15.46;0;0;0;0;0.0004;0;0;0;0;0;0;0;-0.0004;-0.0884;0;0;0;0;0;0;0;0;0;-0.7452;0;0.7452;1;1;0;0;0;0
17/12/21 03:00;0;0;90;0;0;90;0;0;0;0;14.47;5.3499;0;0;0;0;0;0;0;0;0;0;0;0;0;1;1;1;1;0;0;0;0;0;0;0;0;0;0;0;0;0;0;0;0;0;0;0;0;0;0;0;0;0;0;0;0;0;0;0;0;0;0;0;1;1;1;1;1;1;1;1;1;1;1;1;1;1;1;1;1;1;1;0;0;0;0;0;0;0;0;0;0.0004;0.088;-0.0884;0;0;0;0;0;0;0;0;0;0;0;0;0;0;0;0;0;0;0;-14.47;0;0;0;0;0.0004;0;0;0;0;0;0;0;-0.0004;-0.0884;0;0;0;0;0;0;0;0;0;-0.7452;0;0.7452;1;1;0;0;0;0
17/12/21 04:00;1.6233;-117.73;86.061;1.8337;2.6173;-90;-2.6173;0;0;0;13.86;5.7301;0;0;0;0;0;0;0;0;0;0;0;0;0;1;1;1;1;0;0;0;0;0;0;0;0;0;0;0;0;0;0;0;0;0;0;0;0;0;0;0;0;0;0;0;0;0;0;0;0;0;0;0;1;1;1;1;1;1;1;1;1;1;1;1;1;1;1;1;1;1;1;0;0;0;0;0;0;0;0;0;0.0004;0.088;-0.0884;0;0;0;0;0;0;0;0;0;0;0;0;0;0;0;0;0;0;0;-13.86;0;0;0;0;0.0004;0;0;0;0;0;0;0;-0.0004;-0.0884;0;0;0;0;0;0;0;0;0;-0.7452;0;0.7452;1;1;0;0;0;0
17/12/21 05:00;8.6563;-112.55;68.591;9.3606;13.872;-90;-13.872;114;21.898;92.106;14.37;5.94;0;223.38;12.218;23.038;0;0.3491;258.99;0;258.99;223.38;23.038;12.218;0.3491;0.8625;0.0485;0;0.0013;258.55;0.4424;0;0;0.1526;0.2899;234.76;23.266;20.66;2.1307;0.4627;0.0133;258.03;0.5171;0.4468;0.0461;0.0241;0.0001;234.77;202.28;20.861;11.579;0.0459;7.9042;6.268;2.6047;0.012;0.0907;1.3044;0.0079;1.383;0;1;0;0;2.2717;0.9983;1;1;0.9875;0.1697;0.9098;0.9073;1;0.9616;0.7758;0.998;0.998;1;0.998;0.998;0.9065;0.9477;0.1314;0.7371;0.6743;0.0041;0.0161;0.0021;0.0046;0.0162;0.0002;0;0;0.088;0.5179;0;0;0;0;0;0;0;0;0;0;0;0;0.013;0.0013;0.6167;0.6167;0;25.866;25.866;11.496;0.049;578.11;1066.8;1;0.0108;0.0108;0;0;0;0;0;0;0.6059;0.5179;0;15.735;18.221;13.213;15.3;98.241;98.241;6.2157;5.2007;4.3671;1.015;0.8336;0.1633;0.1341;0.7026;7.4064;0.7;0
17/12/21 06:00;20.269;-104.9;32.842;20.914;39.054;-90;-39.054;325.6;58.098;267.5;18.45;6.0401;0;648.77;23.36;77.125;0;7.6392;756.9;0;756.9;648.77;77.125;23.36;7.6392;0.8571;0.041;0;0.0101;748.39;8.5093;0;0;1.5636;6.9457;744.16;2.7276;1.7471;0.2077;0.7038;0.0691;746.89;1.4968;1.2975;0.1543;0.0436;0.0014;744.38;645.73;76.763;21.049;0.623;17.973;14.252;6.4605;0.8783;0.2265;3.2586;0.2152;2.6069;0;1;0;0;2.3246;0.9888;1;1;0.9331;0.0908;0.9963;0.9973;1;0.9676;0.9002;0.998;0.998;1;0.998;0.998;0.9832;0.9011;0.0816;2.1541;2.1363;0.0129;-0.0012;0.2305;0.0133;0.047;0.0005;0;0;0.088;1.6685;0;0;0;0;0;0;0;0;0;0;0;0;0.0379;0.0108;1.7845;1.7845;0;55.569;55.569;37.12;0.0499;1844.9;967.27;1;0.0281;0.0281;0;0;0;0;0;0;1.7565;1.6685;0;15.579;18.041;14.566;16.867;98.427;98.427;18.166;15.049;14.07;3.1164;0.9789;0.1716;0.0539;0.7746;16.506;0.7721;0
17/12/21 07:00;32.295;-97.414;6.2621;32.513;57.487;-90;-57.487;553.3;91.098;462.2;21.31;5.55;0;859.92;27.088;103.93;0;26.87;1017.8;0;1017.8;859.92;103.93;27.088;26.87;0.8449;0.053;0;0.0264;989.58;28.227;0;0;3.1895;25.038;986.47;1.1302;0.1856;0.0224;0.8274;0.0947;987.6;1.9792;1.7198;0.2079;0.0478;0.0037;991.19;858.02;103.7;23.023;1.7341;145.5;115.38;47.933;3.8947;1.909;27.46;4.7213;25.474;0;1;0;0;1.8395;0.9723;1;1;0.8823;0.0682;0.9989;0.9998;1;0.9653;0.9482;0.998;0.998;1;0.998;0.998;0.9692;0.8499;0.0645;2.8966;2.8909;0.0174;0.0003;0.4718;0.0168;0.0596;0.0043;0;0;0.088;2.129;0;0;0;0;0;0;0;0;0;0;0;0;0.048;0.0192;2.2534;2.2534;0;71.141;71.141;49.831;0.0505;2494.2;903.46;1;0.0364;0.0364;0;0;0;0;0;0;2.217;2.129;0;14.63;16.941;13.822;16.006;98.385;98.385;24.427;19.003;17.954;5.4244;1.0489;0.2221;0.0429;0.735;22.912;0.7204;0
17/12/21 08:00;44.531;-89.323;0.4829;44.533;45.467;-90;-45.467;754.9;124.6;630.3;23.27;4.6199;0;898.74;38.466;113.19;0;23.675;1074.1;0;1074.1;898.74;113.19;38.466;23.675;0.8368;0.0579;0;0.022;1049;25.088;0;0;3.2224;21.866;1045.6;1.2705;0.015;0.0019;1.1489;0.1047;1046.9;2.098;1.7975;0.2264;0.0705;0.0036;1051.3;896.92;112.96;34.024;1.701;323.23;256.32;108.15;2.4401;3.7285;53.633;5.6929;54.922;0;1;0;0;1.4228;0.9766;1;1;0.9162;0.0764;0.9988;1;1;0.9673;0.942;0.998;0.998;1;0.998;0.998;0.9735;0.8845;0.0718;3.0567;3.1153;0.0188;0.0034;0.566;0.0177;0.0627;0.0083;0;0;0.088;2.2392;0;0;0;0;0;0;0;0;0;0;0;0;0.0505;0.0222;2.3657;2.3657;0;76.317;76.317;53.047;0.0507;2686.1;880.73;1;0.0385;0.0385;0;0;0;0;0;0;2.3272;2.2392;0;14.555;16.854;13.776;15.953;98.373;98.373;25.778;19.951;18.884;5.827;1.0667;0.2261;0.0414;0.7326;28.752;0.7062;0
17/12/21 09:00;56.726;-79.153;5.9264;57.198;32.802;-90;-32.802;917.6;151.4;766.2;25.62;4.1;0;911.55;48.819;117.01;0;15.363;1092.7;0;1092.7;911.55;117.01;48.819;15.363;0.8342;0.0587;0;0.0141;1076.7;16.071;0;0;2.4877;13.583;1072.5;1.9843;0.1862;0.0239;1.4975;0.2766;1074.5;2.1533;1.8231;0.234;0.0927;0.0036;1076.7;909.54;116.75;44.741;1.4993;475.36;376.96;161.88;1.0101;5.132;73.822;4.1801;77.944;0;1;0;0;1.1909;0.9853;1;1;0.949;0.1158;0.9982;0.9998;1;0.9676;0.8442;0.998;0.998;1;0.998;0.998;0.9815;0.9165;0.0976;3.1098;3.2284;0.0194;0.0054;0.6319;0.018;0.0638;0.0112;0;0;0.088;2.2706;0;0;0;0;0;0;0;0;0;0;0;0;0.0514;0.0237;2.4035;2.3977;0;80.209;80.209;54.589;0.0509;2740.3;875;1;0.0449;0.0391;0;0.0058;0;0;0;0;2.3586;2.2706;0;14.5;16.79;13.731;15.9;98.132;98.369;26.226;20.22;19.149;6.0052;1.0718;0.229;0.0409;0.7302;32.827;0.695;0
17/12/21 10:00;68.342;-62.759;9.7256;70.554;19.446;-90;-19.446;1040.5;171.7;868.79;27.38;4.0501;0;921.35;56.278;120.65;0;6.2319;1104.5;0;1104.5;921.35;120.65;56.278;6.2319;0.8342;0.0566;0;0.0056;1098.1;6.4372;0;0;1.2404;5.1968;1093.4;2.4926;0.3089;0.0404;1.9153;0.2279;1095.9;2.1961;1.8427;0.2413;0.1101;0.0021;1094.9;919.19;120.37;53.012;0.8052;589.9;467.79;197.82;0.1834;6.4983;93.475;1.4878;99.79;0;1;0;0;1.0615;0.9942;1;1;0.978;0.1661;0.9977;0.9997;1;0.9651;0.7794;0.998;0.998;1;0.998;0.998;0.9899;0.942;0.1292;3.1433;3.3197;0.02;0.0073;0.6852;0.0183;0.0647;0.0139;0;0;0.088;2.2915;0;0;0;0;0;0;0;0;0;0;0;0;0.0521;0.0249;2.4333;2.4191;0;83.168;83.168;55.788;0.051;2764.7;875;1;0.0537;0.0396;0;0.0141;0;0;0;0;2.3795;2.2915;0;14.473;16.759;13.71;15.875;97.793;98.363;26.508;20.401;19.325;6.1073;1.076;0.2304;0.0406;0.729;34.875;0.6856;0
17/12/21 11:00;77.154;-25.311;11.595;84.432;5.5685;-90;-5.5685;1087.4;179;908.4;28.91;4.12;0;912.7;60.638;118.78;0;0.5388;1092.7;0;1092.7;912.7;118.78;60.638;0.5388;0.8353;0.056;0;0.0005;1092;0.6164;0;0;0.1679;0.4485;1086.8;3.0489;0.3648;0.0475;2.6165;0.0201;1089.9;2.1841;1.8254;0.2376;0.1209;0.0002;1086.9;910.51;118.49;57.732;0.07;639.43;507.07;215.41;0.0013;6.9671;100.22;0.0595;107.19;0;1;0;0;1.0048;0.9994;1;1;0.9972;0.1677;0.9972;0.9996;1;0.9566;0.7766;0.998;0.998;1;0.998;0.998;0.9946;0.9521;0.13;3.1096;3.3103;0.0199;0.0071;0.6986;0.0181;0.0642;0.0149;0;0;0.088;2.2625;0;0;0;0;0;0;0;0;0;0;0;0;0.0517;0.0248;2.4112;2.3894;0;84.419;84.419;55.509;0.0511;2730.7;875;1;0.0607;0.0389;0;0.0218;0;0;0;0;2.3505;2.2625;0;14.45;16.733;13.683;15.844;97.484;98.372;26.224;20.15;19.08;6.0736;1.0702;0.2316;0.0408;0.7276;36.039;0.6808;0
17/12/21 12:00;75.847;36.225;11.376;81.524;8.4757;90;8.4757;1080.7;178.4;902.29;30.29;4.0501;0;912.26;60.395;118.97;0;1.2393;1092.9;0;1092.9;912.26;118.97;60.395;1.2393;0.8347;0.0564;0;0.0011;1091.5;1.3637;0;0;0.3321;1.0315;1086.4;2.9554;0.3577;0.0467;2.5044;0.0466;1089.3;2.183;1.8245;0.2379;0.1201;0.0004;1086.6;910.08;118.69;57.439;0.1607;632.93;501.91;212.87;0.0094;6.9193;99.532;0.2067;106.44;0;1;0;0;1.0113;0.9988;1;1;0.9945;0.1676;0.9973;0.9996;1;0.9582;0.7752;0.998;0.998;1;0.998;0.998;0.9941;0.951;0.1297;3.1102;3.3081;0.0199;0.007;0.7154;0.018;0.0637;0.0147;0;0;0.088;2.2343;0;0;0;0;0;0;0;0;0;0;0;0;0.0513;0.0247;2.3934;2.3605;0;85.841;85.841;55.551;0.0511;2697.7;875;1;0.0711;0.0382;0;0.0328;0;0;0;0;2.3223;2.2343;0;14.273;16.528;13.51;15.644;97.03;98.38;26.229;19.907;18.842;6.3222;1.0645;0.241;0.0406;0.7184;36.078;0.6725;0
17/12/21 13:00;66.036;67.115;9.0879;67.731;22.269;90;22.269;1017.6;170.5;847.09;31.5;3.7301;0;915.37;56.286;121.07;0;7.9692;1100.7;0;1100.7;915.37;121.07;56.286;7.9692;0.8316;0.0584;0;0.0072;1092.4;8.2876;0;0;1.5496;6.738;1087.8;2.4408;0.2868;0.0379;1.8527;0.2635;1090.2;2.1848;1.8307;0.2421;0.1095;0.0025;1089.8;913.25;120.79;52.775;0.9653;569.26;451.42;190.39;0.2995;6.3119;90.794;1.977;96.807;0;1;0;0;1.0817;0.9925;1;1;0.9725;0.1545;0.9978;0.9997;1;0.9661;0.7856;0.998;0.998;1;0.998;0.998;0.9883;0.9376;0.1211;3.1325;3.2997;0.0199;0.0068;0.73;0.0178;0.0631;0.0133;0;0;0.088;2.2048;0;0;0;0;0;0;0;0;0;0;0;0;0.0509;0.0246;2.3733;2.3303;0;87.185;87.185;55.685;0.0512;2663.2;875;1;0.0805;0.0375;0;0.0429;0;0;0;0;2.2928;2.2048;0;13.99;16.2;13.236;15.328;96.609;98.39;26.416;19.652;18.593;6.7646;1.0586;0.2561;0.0401;0.7039;35.378;0.6629;0
17/12/21 14:00;54.216;81.564;4.921;54.512;35.488;90;35.488;886.21;161.5;724.7;32.7;3.31;0;890.04;53.732;125.6;0;17.286;1086.7;0;1086.7;890.04;125.6;53.732;17.286;0.8191;0.0654;0;0.0159;1068;18.662;0;0;3.1089;15.553;1063.8;2.0405;0.151;0.0213;1.6314;0.2368;1065.9;2.136;1.7801;0.2512;0.1012;0.0035;1068.6;888.11;125.33;48.891;1.4927;447.13;354.57;152.56;1.456;4.8409;69.635;4.7344;73.019;0;1;0;0;1.2262;0.9828;1;1;0.9421;0.1003;0.9981;0.9998;1;0.9677;0.8631;0.998;0.998;1;0.998;0.998;0.979;0.9099;0.0864;3.0926;3.1967;0.0193;0.0048;0.7076;0.0173;0.0612;0.0102;0;0;0.088;2.1401;0;0;0;0;0;0;0;0;0;0;0;0;0.0493;0.0232;2.3039;2.2641;0;87.156;87.156;54.456;0.0512;2587.6;875;1;0.0758;0.036;0;0.0398;0;0;0;0;2.2281;2.1401;0;13.768;15.943;13.014;15.07;96.711;98.41;26.08;19.094;18.048;6.9863;1.0456;0.2679;0.0401;0.692;36.88;0.6603;0
17/12/21 15:00;41.985;91.105;0.8215;41.99;48.01;90;48.01;704.11;159.9;544.21;33.08;2.98;0;813.46;56.488;137.83;0;24.471;1032.2;0;1032.2;813.46;137.83;56.488;24.471;0.788;0.0784;0;0.0237;1004.3;27.944;0;0;5.139;22.805;1000.5;1.7954;0.023;0.0039;1.687;0.0815;1002.3;2.0086;1.6269;0.2757;0.1027;0.0033;1006.4;811.81;137.55;49.559;1.5807;289.35;229.45;95.028;4.3205;3.5925;51.676;5.8885;50.948;0;1;0;0;1.466;0.9729;1;1;0.909;0.0681;0.9982;1;1;0.9671;0.951;0.998;0.998;1;0.998;0.998;0.9692;0.8773;0.0646;2.9377;2.9829;0.018;0.0014;0.6287;0.0163;0.058;0.0077;0;0;0.088;2.0498;0;0;0;0;0;0;0;0;0;0;0;0;0.0467;0.0204;2.1857;2.1717;0;84.166;84.166;51.085;0.0511;2481.9;875;1;0.0479;0.0338;0;0.014;0;0;0;0;2.1378;2.0498;0;13.902;16.098;13.122;15.195;97.81;98.442;24.774;18.314;17.286;6.46;1.0275;0.2608;0.0415;0.6978;43.247;0.6726;0
17/12/21 16:00;29.776;98.987;7.7925;30.082;59.918;90;59.918;416.69;227.1;189.6;33.23;2.6901;0;378.26;124.33;122.61;0;21.822;647.02;0;647.02;378.26;122.61;124.33;21.822;0.5846;0.2259;0;0.0337;611.01;36.016;0;0;15.6;20.416;605.72;4.0665;0.1016;0.0329;3.837;0.095;609.79;1.222;0.7565;0.2452;0.2175;0.0028;611.14;377.4;122.33;104.68;1.3085;153.68;121.87;56.013;20.69;2.7436;39.466;5.4243;21.519;0;1;0;0;1.5528;0.9443;1;1;0.8745;0.0644;0.9933;0.9997;1;0.9646;0.9323;0.998;0.998;1;0.998;0.998;0.9362;0.8419;0.06;1.8414;1.8276;0.011;0.0013;0.2519;0.0109;0.0388;0.0064;0;0;0.088;1.3585;0;0;0;0;0;0;0;0;0;0;0;0;0.0313;0.0081;1.4679;1.4679;0;63.665;63.665;30.435;0.0502;1576.4;931.18;1;0.0214;0.0214;0;0;0;0;0;0;1.4465;1.3585;0;14.992;17.36;13.874;16.066;98.539;98.539;15.529;12.379;11.456;3.1494;0.923;0.2028;0.0594;0.7377;108.14;0.7055;0
17/12/21 17:00;17.818;106.46;42.089;18.528;31.886;90;31.886;145.81;138.5;7.306;31.13;1.7699;0;17.719;125.88;5.6851;0;2.3102;151.6;0;151.6;17.719;5.6851;125.88;2.3102;0.1169;0.8456;0;0.0152;143.4;8.1966;0;0;6.1531;2.0435;139.01;4.1087;0.1433;0.046;3.8753;0.044;143.11;0.2868;0.0354;0.0114;0.2395;0.0005;139.69;17.54;5.6277;115.62;0.2221;84.131;66.716;28.279;2.3539;1.0737;15.445;0.6842;14.165;0;1;0;0;1.0397;0.9459;1;1;0.9511;0.1154;0.9713;0.9919;1;0.9676;0.8346;0.998;0.998;1;0.998;0.998;0.9169;0.9184;0.0961;0.4314;0.4306;0.0026;0.0173;0.0205;0.0027;0.0097;0.0027;0;0;0.088;0.2714;0;0;0;0;0;0;0;0;0;0;0;0;0.0078;0.0006;0.3667;0.3667;0;38.038;38.038;6.9084;0.0497;368.05;996.32;1;0.0073;0.0073;0;0;0;0;0;0;0.3594;0.2714;0;15.984;18.509;11.829;13.698;98.007;98.007;3.6383;3.0924;2.2886;0.546;0.8038;0.1501;0.2209;0.629;84.083;0.5844;0
17/12/21 18:00;6.3195;114.21;74.517;6.9231;10.075;90;10.075;35.397;34.803;0.5935;28.65;1.64;0;1.4394;34.403;0.3226;0;0.0573;36.222;0;36.222;1.4394;0.3226;34.403;0.0573;0.0397;0.9514;0;0.0016;35.922;0.2997;0;0;0.252;0.0477;34.147;1.7032;0.2529;0.0567;1.3915;0.0022;35.851;0.0718;0.0029;0.0006;0.0683;0;34.157;1.1836;0.2653;32.691;0.0074;20.63;16.359;6.5214;0.0103;0.2533;3.6434;0.0095;3.8864;0;1;0;0;1.0233;0.9917;1;1;0.9927;0.1679;0.9525;0.824;1;0.9592;0.7749;0.998;0.998;1;0.998;0.998;0.9427;0.9502;0.1298;0.1031;0.105;0.0006;0.0113;0.0021;0.0006;0.0023;0.0006;0;0;0.088;-0.0063;0;0;0;0;0;0;0;0;0;0;0;0;0.0018;0.0001;0.0856;0.0856;0;30.363;30.363;1.7132;0.0502;88.273;969.2;1;0.0038;0.0038;0;0;0;0;0;0;0.0817;-0.0063;0;15.608;18.073;-1.1457;-1.3267;95.518;95.518;0.8693;0.7215;-0.053;0.1478;0.7745;0.1701;0.8909;0;20.626;0;0
17/12/21 19:00;0.4606;118.64;88.883;0.5249;0.7482;90;0.7482;0;0;0;23.27;1.8201;0;0;0;0;0;0;0;0;0;0;0;0;0;1;1;1;1;0;0;0;0;0;0;0;0;0;0;0;0;0;0;0;0;0;0;0;0;0;0;0;0;0;0;0;0;0;0;0;0;0;0;0;1;1;1;1;1;1;1;1;1;1;1;1;1;1;1;1;1;1;1;0;0;0;0;0;0;0;0;0;0.0004;0.088;-0.0884;0;0;0;0;0;0;0;0;0;0;0;0;0;0;0;0;0;0;0;-23.27;0;0;0;0;0.0004;0;0;0;0;0;0;0;-0.0004;-0.0884;0;0;0;0;0;0;0;0;0;-0.7452;0;0.7452;1;1;0;0;0;0
17/12/21 20:00;0;0;90;0;0;90;0;0;0;0;21.2;2.4799;0;0;0;0;0;0;0;0;0;0;0;0;0;1;1;1;1;0;0;0;0;0;0;0;0;0;0;0;0;0;0;0;0;0;0;0;0;0;0;0;0;0;0;0;0;0;0;0;0;0;0;0;1;1;1;1;1;1;1;1;1;1;1;1;1;1;1;1;1;1;1;0;0;0;0;0;0;0;0;0;0.0004;0.088;-0.0884;0;0;0;0;0;0;0;0;0;0;0;0;0;0;0;0;0;0;0;-21.2;0;0;0;0;0.0004;0;0;0;0;0;0;0;-0.0004;-0.0884;0;0;0;0;0;0;0;0;0;-0.7452;0;0.7452;1;1;0;0;0;0
17/12/21 21:00;0;0;90;0;0;90;0;0;0;0;21.83;2.98;0;0;0;0;0;0;0;0;0;0;0;0;0;1;1;1;1;0;0;0;0;0;0;0;0;0;0;0;0;0;0;0;0;0;0;0;0;0;0;0;0;0;0;0;0;0;0;0;0;0;0;0;1;1;1;1;1;1;1;1;1;1;1;1;1;1;1;1;1;1;1;0;0;0;0;0;0;0;0;0;0.0004;0.088;-0.0884;0;0;0;0;0;0;0;0;0;0;0;0;0;0;0;0;0;0;0;-21.83;0;0;0;0;0.0004;0;0;0;0;0;0;0;-0.0004;-0.0884;0;0;0;0;0;0;0;0;0;-0.7452;0;0.7452;1;1;0;0;0;0
17/12/21 22:00;0;0;90;0;0;90;0;0;0;0;23.28;3.15;0;0;0;0;0;0;0;0;0;0;0;0;0;1;1;1;1;0;0;0;0;0;0;0;0;0;0;0;0;0;0;0;0;0;0;0;0;0;0;0;0;0;0;0;0;0;0;0;0;0;0;0;1;1;1;1;1;1;1;1;1;1;1;1;1;1;1;1;1;1;1;0;0;0;0;0;0;0;0;0;0.0004;0.088;-0.0884;0;0;0;0;0;0;0;0;0;0;0;0;0;0;0;0;0;0;0;-23.28;0;0;0;0;0.0004;0;0;0;0;0;0;0;-0.0004;-0.0884;0;0;0;0;0;0;0;0;0;-0.7452;0;0.7452;1;1;0;0;0;0
17/12/21 23:00;0;0;90;0;0;90;0;0;0;0;20.6;3.2601;0;0;0;0;0;0;0;0;0;0;0;0;0;1;1;1;1;0;0;0;0;0;0;0;0;0;0;0;0;0;0;0;0;0;0;0;0;0;0;0;0;0;0;0;0;0;0;0;0;0;0;0;1;1;1;1;1;1;1;1;1;1;1;1;1;1;1;1;1;1;1;0;0;0;0;0;0;0;0;0;0.0004;0.088;-0.0884;0;0;0;0;0;0;0;0;0;0;0;0;0;0;0;0;0;0;0;-20.6;0;0;0;0;0.0004;0;0;0;0;0;0;0;-0.0004;-0.0884;0;0;0;0;0;0;0;0;0;-0.7452;0;0.7452;1;1;0;0;0;0
18/12/21 00:00;0;0;90;0;0;90;0;0;0;0;20.8;3.54;0;0;0;0;0;0;0;0;0;0;0;0;0;1;1;1;1;0;0;0;0;0;0;0;0;0;0;0;0;0;0;0;0;0;0;0;0;0;0;0;0;0;0;0;0;0;0;0;0;0;0;0;1;1;1;1;1;1;1;1;1;1;1;1;1;1;1;1;1;1;1;0;0;0;0;0;0;0;0;0;0.0004;0.088;-0.0884;0;0;0;0;0;0;0;0;0;0;0;0;0;0;0;0;0;0;0;-20.8;0;0;0;0;0.0004;0;0;0;0;0;0;0;-0.0004;-0.0884;0;0;0;0;0;0;0;0;0;-0.7452;0;0.7452;1;1;0;0;0;0
18/12/21 01:00;0;0;90;0;0;90;0;0;0;0;20.3;3.6699;0;0;0;0;0;0;0;0;0;0;0;0;0;1;1;1;1;0;0;0;0;0;0;0;0;0;0;0;0;0;0;0;0;0;0;0;0;0;0;0;0;0;0;0;0;0;0;0;0;0;0;0;1;1;1;1;1;1;1;1;1;1;1;1;1;1;1;1;1;1;1;0;0;0;0;0;0;0;0;0;0.0004;0.088;-0.0884;0;0;0;0;0;0;0;0;0;0;0;0;0;0;0;0;0;0;0;-20.3;0;0;0;0;0.0004;0;0;0;0;0;0;0;-0.0004;-0.0884;0;0;0;0;0;0;0;0;0;-0.7452;0;0.7452;1;1;0;0;0;0
18/12/21 02:00;0;0;90;0;0;90;0;0;0;0;19.5;3.7301;0;0;0;0;0;0;0;0;0;0;0;0;0;1;1;1;1;0;0;0;0;0;0;0;0;0;0;0;0;0;0;0;0;0;0;0;0;0;0;0;0;0;0;0;0;0;0;0;0;0;0;0;1;1;1;1;1;1;1;1;1;1;1;1;1;1;1;1;1;1;1;0;0;0;0;0;0;0;0;0;0.0004;0.088;-0.0884;0;0;0;0;0;0;0;0;0;0;0;0;0;0;0;0;0;0;0;-19.5;0;0;0;0;0.0004;0;0;0;0;0;0;0;-0.0004;-0.0884;0;0;0;0;0;0;0;0;0;-0.7452;0;0.7452;1;1;0;0;0;0
18/12/21 03:00;0;0;90;0;0;90;0;0;0;0;19.9;3.9999;0;0;0;0;0;0;0;0;0;0;0;0;0;1;1;1;1;0;0;0;0;0;0;0;0;0;0;0;0;0;0;0;0;0;0;0;0;0;0;0;0;0;0;0;0;0;0;0;0;0;0;0;1;1;1;1;1;1;1;1;1;1;1;1;1;1;1;1;1;1;1;0;0;0;0;0;0;0;0;0;0.0004;0.088;-0.0884;0;0;0;0;0;0;0;0;0;0;0;0;0;0;0;0;0;0;0;-19.9;0;0;0;0;0.0004;0;0;0;0;0;0;0;-0.0004;-0.0884;0;0;0;0;0;0;0;0;0;-0.7452;0;0.7452;1;1;0;0;0;0
18/12/21 04:00;1.5557;-117.82;86.225;1.7588;2.5101;-90;-2.5101;0;0;0;19.88;4.4699;0;0;0;0;0;0;0;0;0;0;0;0;0;1;1;1;1;0;0;0;0;0;0;0;0;0;0;0;0;0;0;0;0;0;0;0;0;0;0;0;0;0;0;0;0;0;0;0;0;0;0;0;1;1;1;1;1;1;1;1;1;1;1;1;1;1;1;1;1;1;1;0;0;0;0;0;0;0;0;0;0.0004;0.088;-0.0884;0;0;0;0;0;0;0;0;0;0;0;0;0;0;0;0;0;0;0;-19.88;0;0;0;0;0.0004;0;0;0;0;0;0;0;-0.0004;-0.0884;0;0;0;0;0;0;0;0;0;-0.7452;0;0.7452;1;1;0;0;0;0
18/12/21 05:00;8.5837;-112.63;68.778;9.288;13.756;-90;-13.756;69.504;51.799;17.705;23.09;5.2501;0;42.941;46.763;10.562;0;0.2093;100.48;0;100.48;42.941;10.562;46.763;0.2093;0.4274;0.4675;0;0.0021;99.726;0.7495;0;0;0.5757;0.1738;92.692;6.8349;4.055;0.9974;1.7746;0.008;99.527;0.1995;0.0859;0.0211;0.0924;0.0001;92.722;38.8;9.5436;44.321;0.0275;28.444;22.556;8.9697;0.0444;0.3526;5.0722;0.0301;5.3805;0;1;0;0;1.4456;0.9925;1;1;0.9877;0.1698;0.9313;0.9054;1;0.9615;0.7758;0.998;0.998;1;0.998;0.998;0.9225;0.9478;0.1314;0.2859;0.2754;0.0017;0.0162;0.0027;0.0018;0.0063;0.0009;0;0;0.088;0.1461;0;0;0;0;0;0;0;0;0;0;0;0;0.0051;0.0003;0.2405;0.2405;0;27.675;27.675;4.5848;0.0495;234.86;1023.9;1;0.0064;0.0064;0;0;0;0;0;0;0.2341;0.1461;0;15.814;18.313;9.6069;11.125;97.345;97.345;2.4114;2.0278;1.2319;0.3836;0.7959;0.1591;0.3301;0.5109;28.336;0.4922;0
18/12/21 06:00;20.19;-104.99;33.17;20.841;38.798;-90;-38.798;363.7;60.001;303.69;25.31;5.37;0;736.54;20.091;90.751;0;8.4258;855.81;0;855.81;736.54;90.751;20.091;8.4258;0.8606;0.0333;0;0.0098;846.83;8.9841;0;0;1.3312;7.6529;842.06;3.0706;2.1243;0.2617;0.6055;0.079;845.13;1.6937;1.4731;0.1815;0.0375;0.0015;842.25;732.95;90.308;18.116;0.6923;15.837;12.559;5.7471;0.7391;0.1938;2.788;0.1819;2.2428;0;1;0;0;2.3531;0.9895;1;1;0.9337;0.0917;0.9964;0.9971;1;0.9677;0.8976;0.998;0.998;1;0.998;0.998;0.9839;0.9017;0.0822;2.4356;2.4153;0.0145;-0.002;0.366;0.0143;0.0506;0.0004;0;0;0.088;1.7995;0;0;0;0;0;0;0;0;0;0;0;0;0.0407;0.0137;1.9171;1.9171;0;67.728;67.728;42.418;0.0504;2086;919.03;1;0.0296;0.0296;0;0;0;0;0;0;1.8875;1.7995;0;14.803;17.141;13.894;16.089;98.454;98.454;20.54;16.167;15.175;4.3721;0.992;0.2129;0.0483;0.7388;14.166;0.737;0
18/12/21 07:00;32.213;-97.504;6.3435;32.436;57.564;-90;-57.564;415.6;187;228.6;28.4;6.09;0;426.21;99.989;105.97;0;20.232;652.39;0;652.39;426.21;105.97;99.989;20.232;0.6533;0.1843;0;0.031;621.75;30.649;0;0;11.796;18.852;617.26;3.2433;0.0932;0.0232;3.0551;0.0718;620.5;1.2435;0.8524;0.2119;0.1764;0.0028;622.12;425.26;105.73;84.961;1.3056;151.73;120.32;53.243;14.425;2.4525;35.278;4.8596;23.305;0;1;0;0;1.5698;0.953;1;1;0.882;0.0682;0.9948;0.9998;1;0.9653;0.9479;0.998;0.998;1;0.998;0.998;0.9461;0.8497;0.0645;1.8567;1.8506;0.0111;0.001;0.2255;0.0113;0.04;0.0058;0;0;0.088;1.4046;0;0;0;0;0;0;0;0;0;0;0;0;0.0323;0.0083;1.5152;1.5152;0;59.301;59.301;30.901;0.0501;1595.8;949.52;1;0.0227;0.0227;0;0;0;0;0;0;1.4926;1.4046;0;15.347;17.772;14.226;16.474;98.504;98.504;15.657;12.778;11.845;2.8794;0.9332;0.1839;0.0596;0.7565;84.647;0.7271;0
18/12/21 08:00;44.447;-89.427;0.409;44.449;45.551;-90;-45.551;576.9;237.7;339.2;31.56;7.06;0;484.38;132.7;116.53;0;18.156;751.77;0;751.77;484.38;116.53;132.7;18.156;0.6443;0.2007;0;0.0242;723.85;27.917;0;0;11.147;16.771;718.35;4.0517;0.0068;0.0016;3.9636;0.0796;722.4;1.4477;0.9688;0.2331;0.2431;0.0028;723.27;483.4;116.3;117.35;1.3027;273.51;216.9;93.256;8.4557;3.4572;49.731;4.9168;44.733;0;1;0;0;1.3031;0.9629;1;1;0.916;0.0763;0.9944;1;1;0.9673;0.9424;0.998;0.998;1;0.998;0.998;0.9555;0.8843;0.0718;2.1395;2.1689;0.0131;-0.0013;0.3299;0.0128;0.0454;0.008;0;0;0.088;1.5998;0;0;0;0;0;0;0;0;0;0;0;0;0.0365;0.0111;1.7136;1.7136;0;67.757;67.757;36.198;0.0504;1870.4;916.15;1;0.0258;0.0258;0;0;0;0;0;0;1.6878;1.5998;0;15.062;17.442;14.062;16.284;98.496;98.496;18.042;14.451;13.491;3.5916;0.9595;0.1991;0.0532;0.7478;99.268;0.7125;0
18/12/21 09:00;56.646;-79.293;5.8627;57.106;32.894;-90;-32.894;867.1;153.1;714;31.67;7.85;0;850.33;55.51;110.46;0;14.597;1030.9;0;1030.9;850.33;110.46;55.51;14.597;0.8248;0.068;0;0.0142;1015.1;15.753;0;0;2.8412;12.912;1011;2.157;0.1719;0.0223;1.7021;0.2608;1013.1;2.0303;1.7007;0.2209;0.1053;0.0034;1014.9;848.46;110.22;50.861;1.421;449.89;356.76;153.2;1.1589;4.8706;70.062;3.9831;73.774;0;1;0;0;1.1889;0.9847;1;1;0.9488;0.1154;0.9979;0.9998;1;0.9676;0.8449;0.998;0.998;1;0.998;0.998;0.9807;0.9163;0.0973;2.9339;3.0442;0.0183;0.0023;0.631;0.0167;0.0594;0.0105;0;0;0.088;2.1017;0;0;0;0;0;0;0;0;0;0;0;0;0.0478;0.0212;2.237;2.2248;0;83.251;83.251;51.581;0.051;2542.6;875;1;0.0472;0.0351;0;0.0122;0;0;0;0;2.1897;2.1017;0;14.261;16.514;13.472;15.6;97.888;98.423;24.742;18.762;17.724;5.9796;1.0379;0.2417;0.0419;0.7164;37.352;0.6817;0
18/12/21 10:00;68.274;-62.999;9.675;70.453;19.547;-90;-19.547;845.4;272.1;573.3;34.68;8.2999;0;608.36;148.67;126.29;0;5.1157;888.44;0;888.44;608.36;126.29;148.67;5.1157;0.6848;0.1731;0;0.0058;880.87;7.5719;0;0;3.3054;4.2666;873.63;5.4818;0.2029;0.0421;5.0499;0.1869;879.11;1.7617;1.2167;0.2526;0.2907;0.0017;874.86;606.94;126;140.03;0.6606;483.06;383.07;161.06;0.4905;5.4037;77.73;1.2293;82.643;0;1;0;0;1.0509;0.9915;1;1;0.9778;0.166;0.9938;0.9997;1;0.9652;0.7795;0.998;0.998;1;0.998;0.998;0.9833;0.9418;0.1291;2.5284;2.6587;0.016;-0.0015;0.5125;0.0149;0.0529;0.0118;0;0;0.088;1.8748;0;0;0;0;0;0;0;0;0;0;0;0;0.0426;0.0163;1.993;1.993;0;79.102;79.102;44.422;0.0508;2275.1;875;1;0.0302;0.0302;0;0;0;0;0;0;1.9628;1.8748;0;14.823;17.165;13.944;16.147;98.486;98.486;21.323;16.807;15.811;4.5155;0.9965;0.2118;0.0467;0.7415;92.174;0.6959;0
18/12/21 11:00;77.139;-25.809;11.56;84.323;5.6767;-90;-5.6767;305.09;298.9;6.1929;34.29;8.55;0;6.2234;296.82;1.3523;0;0.1571;304.56;0;304.56;6.2234;1.3523;296.82;0.1571;0.0204;0.9751;0;0.0005;303.58;0.9782;0;0;0.8475;0.1308;290.17;12.799;0.0025;0.0005;12.791;0.0059;302.97;0.6072;0.0124;0.0027;0.592;0.0001;290.18;6.2085;1.3491;282.59;0.0204;180.87;143.43;57.052;0.0064;2.2232;31.979;0.0126;34.196;0;1;0;0;0.9982;0.9968;1;1;0.9971;0.1677;0.9578;0.9996;1;0.9567;0.7766;0.998;0.998;1;0.998;0.998;0.9528;0.9521;0.13;0.8667;0.8943;0.0054;0.0136;0.0767;0.0056;0.0198;0.0054;0;0;0.088;0.6499;0;0;0;0;0;0;0;0;0;0;0;0;0.016;0.0022;0.7496;0.7496;0;48.751;48.751;14.461;0.0498;768.55;975.34;1;0.0117;0.0117;0;0;0;0;0;0;0.7379;0.6499;0;16.264;18.834;14.102;16.33;98.445;98.445;7.3093;6.3215;5.4811;0.9879;0.8404;0.1351;0.115;0.7499;176.44;0.6952;0
18/12/21 12:00;75.928;35.91;11.357;81.637;8.3633;90;8.3633;1021.4;194.4;827;35.43;8.1101;0;835.89;76.523;118.73;0;1.1405;1032.3;0;1032.3;835.89;118.73;76.523;1.1405;0.8097;0.0752;0;0.0011;1030.9;1.361;0;0;0.4117;0.9493;1025.3;3.5952;0.3273;0.0465;3.1785;0.0429;1028.9;2.0619;1.6718;0.2375;0.1522;0.0004;1025.5;833.89;118.45;72.78;0.1479;598.49;474.6;201.03;0.0111;6.5601;94.364;0.1882;100.91;0;1;0;0;1.0107;0.9987;1;1;0.9946;0.1676;0.9965;0.9996;1;0.9582;0.7753;0.998;0.998;1;0.998;0.998;0.9932;0.9511;0.1297;2.9378;3.1229;0.0188;0.0035;0.7009;0.0168;0.0596;0.0138;0;0;0.088;2.0712;0;0;0;0;0;0;0;0;0;0;0;0;0.048;0.0222;2.2394;2.1935;0;87.945;87.945;52.515;0.0512;2506.9;875;1;0.0802;0.0343;0;0.0459;0;0;0;0;2.1592;2.0712;0;14.041;16.26;13.258;15.353;96.417;98.434;24.775;18.498;17.467;6.2765;1.0318;0.2533;0.0416;0.705;45.701;0.6599;0
18/12/21 13:00;66.141;67.021;9.0856;67.844;22.156;90;22.156;894;246.2;647.8;36.78;7.84;0;699.44;118.08;133.45;0;6.9312;957.91;0;957.91;699.44;133.45;118.08;6.9312;0.7302;0.1305;0;0.0072;948.82;9.0818;0;0;3.2243;5.8575;942.54;4.3816;0.2191;0.0418;3.8906;0.2302;946.93;1.8976;1.3989;0.2669;0.2297;0.0021;944.27;697.83;133.15;110.73;0.8413;503.83;399.54;168;0.6145;5.6421;81.16;1.7277;86.188;0;1;0;0;1.0715;0.9905;1;1;0.9727;0.1549;0.9954;0.9997;1;0.9661;0.7852;0.998;0.998;1;0.998;0.998;0.984;0.9378;0.1214;2.7261;2.8642;0.0173;0;0.6126;0.0156;0.0555;0.012;0;0;0.088;1.9481;0;0;0;0;0;0;0;0;0;0;0;0;0.0447;0.0188;2.0876;2.0677;0;84.937;84.937;48.156;0.0511;2363.1;875;1;0.0515;0.0316;0;0.0199;0;0;0;0;2.0361;1.9481;0;14.264;16.517;13.439;15.562;97.534;98.474;22.99;17.437;16.429;5.5526;1.0082;0.2415;0.0439;0.7146;74.171;0.672;0
18/12/21 14:00;54.325;81.52;4.9336;54.623;35.377;90;35.377;912.7;154.1;758.6;37.75;7.78;0;930.38;47.297;125.09;0;17.695;1120.5;0;1120.5;930.38;125.09;47.297;17.695;0.8304;0.058;0;0.0158;1101.8;18.636;0;0;2.7231;15.912;1097.8;1.8613;0.1582;0.0213;1.4366;0.2452;1099.6;2.2036;1.8608;0.2502;0.0891;0.0036;1102.6;928.36;124.82;43.048;1.5333;459.96;364.75;156.93;1.2685;4.9655;71.427;4.8331;75.124;0;1;0;0;1.2276;0.9834;1;1;0.9424;0.1007;0.9983;0.9998;1;0.9677;0.8621;0.998;0.998;1;0.998;0.998;0.9797;0.9102;0.0867;3.1887;3.2977;0.0199;0.0068;0.8163;0.0172;0.0609;0.0101;0;0;0.088;2.0341;0;0;0;0;0;0;0;0;0;0;0;0;0.0491;0.0246;2.2928;2.1556;0;94.276;94.276;56.526;0.0515;2463.5;875;1;0.1707;0.0335;0;0.1373;0;0;0;0;2.1221;2.0341;0;12.713;14.721;11.996;13.891;92.554;98.447;26.891;18.178;17.154;8.7129;1.0243;0.324;0.0381;0.6379;32.435;0.6088;0
18/12/21 15:00;42.094;91.073;0.7965;42.099;47.901;90;47.901;168.51;166;2.5061;38.25;6.2801;0;3.7382;138.28;0.6561;0;5.8314;148.5;0;148.5;3.7382;0.6561;138.28;5.8314;0.0252;0.9704;0;0.0393;130.53;17.972;0;0;12.538;5.4337;126.12;4.149;0.0001;0;4.1292;0.0196;130.27;0.2611;0.0075;0.0013;0.2515;0.0008;128.33;3.7306;0.6548;121.36;0.3773;106.9;84.769;38.605;10.48;1.6773;24.127;2.2082;15.325;0;1;0;0;0.8813;0.879;1;1;0.9093;0.0682;0.9682;1;1;0.9671;0.9506;0.998;0.998;1;0.998;0.998;0.8493;0.8776;0.0647;0.4226;0.4155;0.0025;0.0172;0.0299;0.0026;0.0091;0.004;0;0;0.088;0.2475;0;0;0;0;0;0;0;0;0;0;0;0;0.0073;0.0006;0.3422;0.3422;0;44.559;44.559;6.3089;0.05;354.93;964.22;1;0.0067;0.0067;0;0;0;0;0;0;0.3355;0.2475;0;15.229;17.634;11.013;12.753;98.033;98.033;3.5641;2.8861;2.0872;0.678;0.7989;0.1902;0.2241;0.5856;105.75;0.5221;0
18/12/21 16:00;29.884;98.957;7.758;30.189;59.811;90;59.811;5.0985;5.0985;0;34.28;4.59;0;0;3.8312;0;0;0.2661;4.0973;4.0973;0;0;0;0;0;1;1;1;1;0;0;0;0;0;0;0;0;0;0;0;0;0;0;0;0;0;0;0;0;0;0;0;0;0;0;0;0;0;0;0;0;0;0;0;0;1;1;1;1;1;1;1;1;1;1;1;1;1;0;0;1;0;0;0;0;0;0;0;0;0;0;0;0.0004;0.088;-0.0884;0;0;0;0;0;0;0;0;0;0;0;0;0;0;0;0;0;0;0;-34.28;0;0;0;0;0.0004;0;0;0;0;0;0;0;-0.0004;-0.0884;0;0;0;0;0;0;0;0;0;-0.7452;0;0.7452;1;1;0;0;0;0
18/12/21 17:00;17.925;106.42;41.718;18.636;32.169;90;32.169;9.8064;9.7982;0.0082;28.1;3.8299;0;0.0198;9.0459;0.0004;0;0.1581;9.2243;0;9.2243;0.0198;0.0004;9.0459;0.1581;0.0021;0.9978;0;0.0171;8.6359;0.5884;0;0;0.4484;0.14;8.3374;0.2812;0.0002;0;0.2781;0.0029;8.6186;0.0173;0;0;0.0172;0;8.3877;0.0196;0.0004;8.3022;0.0151;6.0547;4.8014;2.037;0.1744;0.0775;1.1145;0.0503;1.0176;0;1;0;0;0.9406;0.9362;1;1;0.9504;0.1142;0.9674;0.9921;1;0.9676;0.8366;0.998;0.998;1;0.998;0.998;0.9039;0.9178;0.0954;0.0263;0.0262;0.0002;0.0056;0.0003;0.0001;0.0005;0.0002;0;0;0.088;-0.0714;0;0;0;0;0;0;0;0;0;0;0;0;0.0004;0;0.0189;0.0189;0;28.528;28.528;0.4281;0.0513;20.833;908.64;1;0.0023;0.0023;0;0;0;0;0;0;0.0166;-0.0714;0;13.561;15.703;-51.125;-59.202;87.866;87.866;0.2214;0.1596;-0.6018;0.0617;0.7615;0.2789;3.4397;0;6.0546;0;0
18/12/21 18:00;6.424;114.17;74.255;7.0352;10.245;90;10.245;59.6;57.4;2.2004;26.64;4.8401;0;5.3367;56.148;1.9404;0;0.0998;63.525;0;63.525;5.3367;1.9404;56.148;0.0998;0.084;0.8854;0;0.0016;63.019;0.506;0;0;0.423;0.083;59.383;3.5106;0.9109;0.3312;2.2648;0.0038;62.893;0.126;0.0107;0.0039;0.1115;0;59.399;4.4151;1.6054;53.349;0.013;33.692;26.718;10.654;0.0179;0.4135;5.9479;0.0163;6.3435;0;1;0;0;1.0659;0.992;1;1;0.9925;0.1679;0.9442;0.829;1;0.9593;0.7749;0.998;0.998;1;0.998;0.998;0.9348;0.9501;0.1298;0.1808;0.1819;0.0011;0.0143;0.0031;0.0011;0.0041;0.001;0;0;0.088;0.0603;0;0;0;0;0;0;0;0;0;0;0;0;0.0033;0.0002;0.1537;0.1537;0;29.596;29.596;2.9566;0.0498;154.22;996.89;1;0.0055;0.0055;0;0;0;0;0;0;0.1483;0.0603;0;15.992;18.519;6.2691;7.2595;96.44;96.44;1.5246;1.2965;0.5082;0.2281;0.7883;0.1496;0.517;0.3334;33.678;0.3115;0
18/12/21 19:00;0.563;118.6;88.634;0.6412;0.9141;90;0.9141;0;0;0;24.35;6.42;0;0;0;0;0;0;0;0;0;0;0;0;0;1;1;1;1;0;0;0;0;0;0;0;0;0;0;0;0;0;0;0;0;0;0;0;0;0;0;0;0;0;0;0;0;0;0;0;0;0;0;0;1;1;1;1;1;1;1;1;1;1;1;1;1;1;1;1;1;1;1;0;0;0;0;0;0;0;0;0;0.0004;0.088;-0.0884;0;0;0;0;0;0;0;0;0;0;0;0;0;0;0;0;0;0;0;-24.35;0;0;0;0;0.0004;0;0;0;0;0;0;0;-0.0004;-0.0884;0;0;0;0;0;0;0;0;0;-0.7452;0;0.7452;1;1;0;0;0;0
18/12/21 20:00;0;0;90;0;0;90;0;0;0;0;23.34;7.5799;0;0;0;0;0;0;0;0;0;0;0;0;0;1;1;1;1;0;0;0;0;0;0;0;0;0;0;0;0;0;0;0;0;0;0;0;0;0;0;0;0;0;0;0;0;0;0;0;0;0;0;0;1;1;1;1;1;1;1;1;1;1;1;1;1;1;1;1;1;1;1;0;0;0;0;0;0;0;0;0;0.0004;0.088;-0.0884;0;0;0;0;0;0;0;0;0;0;0;0;0;0;0;0;0;0;0;-23.34;0;0;0;0;0.0004;0;0;0;0;0;0;0;-0.0004;-0.0884;0;0;0;0;0;0;0;0;0;-0.7452;0;0.7452;1;1;0;0;0;0
18/12/21 21:00;0;0;90;0;0;90;0;0;0;0;22.4;7.7;0;0;0;0;0;0;0;0;0;0;0;0;0;1;1;1;1;0;0;0;0;0;0;0;0;0;0;0;0;0;0;0;0;0;0;0;0;0;0;0;0;0;0;0;0;0;0;0;0;0;0;0;1;1;1;1;1;1;1;1;1;1;1;1;1;1;1;1;1;1;1;0;0;0;0;0;0;0;0;0;0.0004;0.088;-0.0884;0;0;0;0;0;0;0;0;0;0;0;0;0;0;0;0;0;0;0;-22.4;0;0;0;0;0.0004;0;0;0;0;0;0;0;-0.0004;-0.0884;0;0;0;0;0;0;0;0;0;-0.7452;0;0.7452;1;1;0;0;0;0
18/12/21 22:00;0;0;90;0;0;90;0;0;0;0;22.82;6.7601;0;0;0;0;0;0;0;0;0;0;0;0;0;1;1;1;1;0;0;0;0;0;0;0;0;0;0;0;0;0;0;0;0;0;0;0;0;0;0;0;0;0;0;0;0;0;0;0;0;0;0;0;1;1;1;1;1;1;1;1;1;1;1;1;1;1;1;1;1;1;1;0;0;0;0;0;0;0;0;0;0.0004;0.088;-0.0884;0;0;0;0;0;0;0;0;0;0;0;0;0;0;0;0;0;0;0;-22.82;0;0;0;0;0.0004;0;0;0;0;0;0;0;-0.0004;-0.0884;0;0;0;0;0;0;0;0;0;-0.7452;0;0.7452;1;1;0;0;0;0
18/12/21 23:00;0;0;90;0;0;90;0;0;0;0;21.86;5.9099;0;0;0;0;0;0;0;0;0;0;0;0;0;1;1;1;1;0;0;0;0;0;0;0;0;0;0;0;0;0;0;0;0;0;0;0;0;0;0;0;0;0;0;0;0;0;0;0;0;0;0;0;1;1;1;1;1;1;1;1;1;1;1;1;1;1;1;1;1;1;1;0;0;0;0;0;0;0;0;0;0.0004;0.088;-0.0884;0;0;0;0;0;0;0;0;0;0;0;0;0;0;0;0;0;0;0;-21.86;0;0;0;0;0.0004;0;0;0;0;0;0;0;-0.0004;-0.0884;0;0;0;0;0;0;0;0;0;-0.7452;0;0.7452;1;1;0;0;0;0
19/12/21 00:00;0;0;90;0;0;90;0;0;0;0;23.15;5.4199;0;0;0;0;0;0;0;0;0;0;0;0;0;1;1;1;1;0;0;0;0;0;0;0;0;0;0;0;0;0;0;0;0;0;0;0;0;0;0;0;0;0;0;0;0;0;0;0;0;0;0;0;1;1;1;1;1;1;1;1;1;1;1;1;1;1;1;1;1;1;1;0;0;0;0;0;0;0;0;0;0.0004;0.088;-0.0884;0;0;0;0;0;0;0;0;0;0;0;0;0;0;0;0;0;0;0;-23.15;0;0;0;0;0.0004;0;0;0;0;0;0;0;-0.0004;-0.0884;0;0;0;0;0;0;0;0;0;-0.7452;0;0.7452;1;1;0;0;0;0
19/12/21 01:00;0;0;90;0;0;90;0;0;0;0;22.52;4.7799;0;0;0;0;0;0;0;0;0;0;0;0;0;1;1;1;1;0;0;0;0;0;0;0;0;0;0;0;0;0;0;0;0;0;0;0;0;0;0;0;0;0;0;0;0;0;0;0;0;0;0;0;1;1;1;1;1;1;1;1;1;1;1;1;1;1;1;1;1;1;1;0;0;0;0;0;0;0;0;0;0.0004;0.088;-0.0884;0;0;0;0;0;0;0;0;0;0;0;0;0;0;0;0;0;0;0;-22.52;0;0;0;0;0.0004;0;0;0;0;0;0;0;-0.0004;-0.0884;0;0;0;0;0;0;0;0;0;-0.7452;0;0.7452;1;1;0;0;0;0
19/12/21 02:00;0;0;90;0;0;90;0;0;0;0;22.03;4.5301;0;0;0;0;0;0;0;0;0;0;0;0;0;1;1;1;1;0;0;0;0;0;0;0;0;0;0;0;0;0;0;0;0;0;0;0;0;0;0;0;0;0;0;0;0;0;0;0;0;0;0;0;1;1;1;1;1;1;1;1;1;1;1;1;1;1;1;1;1;1;1;0;0;0;0;0;0;0;0;0;0.0004;0.088;-0.0884;0;0;0;0;0;0;0;0;0;0;0;0;0;0;0;0;0;0;0;-22.03;0;0;0;0;0.0004;0;0;0;0;0;0;0;-0.0004;-0.0884;0;0;0;0;0;0;0;0;0;-0.7452;0;0.7452;1;1;0;0;0;0
19/12/21 03:00;0;0;90;0;0;90;0;0;0;0;22.24;5.3399;0;0;0;0;0;0;0;0;0;0;0;0;0;1;1;1;1;0;0;0;0;0;0;0;0;0;0;0;0;0;0;0;0;0;0;0;0;0;0;0;0;0;0;0;0;0;0;0;0;0;0;0;1;1;1;1;1;1;1;1;1;1;1;1;1;1;1;1;1;1;1;0;0;0;0;0;0;0;0;0;0.0004;0.088;-0.0884;0;0;0;0;0;0;0;0;0;0;0;0;0;0;0;0;0;0;0;-22.24;0;0;0;0;0.0004;0;0;0;0;0;0;0;-0.0004;-0.0884;0;0;0;0;0;0;0;0;0;-0.7452;0;0.7452;1;1;0;0;0;0
19/12/21 04:00;1.483;-117.9;86.401;1.6779;2.3944;-90;-2.3944;0;0;0;21.22;6.56;0;0;0;0;0;0;0;0;0;0;0;0;0;1;1;1;1;0;0;0;0;0;0;0;0;0;0;0;0;0;0;0;0;0;0;0;0;0;0;0;0;0;0;0;0;0;0;0;0;0;0;0;1;1;1;1;1;1;1;1;1;1;1;1;1;1;1;1;1;1;1;0;0;0;0;0;0;0;0;0;0.0004;0.088;-0.0884;0;0;0;0;0;0;0;0;0;0;0;0;0;0;0;0;0;0;0;-21.22;0;0;0;0;0.0004;0;0;0;0;0;0;0;-0.0004;-0.0884;0;0;0;0;0;0;0;0;0;-0.7452;0;0.7452;1;1;0;0;0;0
19/12/21 05:00;8.5063;-112.71;68.977;9.2097;13.63;-90;-13.63;147.7;24.399;123.3;21.66;7.7;0;299.04;9.8453;34.956;0;0.4368;344.28;0;344.28;299.04;34.956;9.8453;0.4368;0.8686;0.0299;0;0.0013;343.8;0.482;0;0;0.1193;0.3626;310.47;32.639;28.873;3.3751;0.3745;0.0166;343.11;0.6876;0.5981;0.0699;0.0195;0.0001;310.48;269.57;31.511;9.332;0.0574;6.638;5.2639;2.2346;0.0091;0.073;1.0504;0.0061;1.1143;0;1;0;0;2.3309;0.9986;1;1;0.9879;0.1698;0.9049;0.9033;1;0.9614;0.7757;0.998;0.998;1;0.998;0.998;0.9018;0.9479;0.1314;0.9798;0.8904;0.0054;0.0137;0.0382;0.0058;0.0207;0.0002;0;0;0.088;0.6869;0;0;0;0;0;0;0;0;0;0;0;0;0.0167;0.0022;0.7876;0.7876;0;36.974;36.974;15.314;0.0493;766.19;1028;1;0.0128;0.0128;0;0;0;0;0;0;0.7749;0.6869;0;15.118;17.506;13.183;15.266;98.376;98.376;8.2627;6.6423;5.7923;1.6205;0.85;0.1961;0.1029;0.701;5.9633;0.6994;0
19/12/21 06:00;20.107;-105.07;33.513;20.763;38.527;-90;-38.527;62.1;61.298;0.803;22.9;10.24;0;1.9474;54.535;0.2461;0;1.4195;58.148;0;58.148;1.9474;0.2461;54.535;1.4195;0.0335;0.9623;0;0.0244;53.286;4.8624;0;0;3.5746;1.2878;51.514;1.6651;0.006;0.0008;1.6445;0.0138;53.179;0.1066;0.0039;0.0005;0.1019;0.0003;51.999;1.9375;0.2448;49.214;0.1176;38.37;30.427;13.268;1.9534;0.5228;7.5205;0.4848;6.0899;0;1;0;0;0.9364;0.9164;1;1;0.9345;0.0927;0.9687;0.9969;1;0.9677;0.8948;0.998;0.998;1;0.998;0.998;0.8859;0.9024;0.0828;0.1655;0.1638;0.001;0.0137;0.0003;0.001;0.0037;0.0013;0;0;0.088;0.0463;0;0;0;0;0;0;0;0;0;0;0;0;0.003;0.0002;0.1397;0.1397;0;25.46;25.46;2.5602;0.0497;138.51;1008.5;1;0.0054;0.0054;0;0;0;0;0;0;0.1343;0.0463;0;15.874;18.382;5.258;6.0886;96.121;96.121;1.3956;1.178;0.3902;0.2176;0.7878;0.1559;0.5645;0.2796;38.365;0.2549;0
19/12/21 07:00;32.127;-97.586;6.4187;32.354;57.646;-90;-57.646;73.606;72.899;0.7078;21.11;12.57;0;1.3226;55.903;0.1285;0;3.5926;60.946;0;60.946;1.3226;0.1285;55.903;3.5926;0.0217;0.9762;0;0.0589;50.99;9.9562;0;0;6.6087;3.3475;49.166;1.7218;0.0003;0;1.7087;0.0128;50.888;0.102;0.0026;0.0003;0.0986;0.0005;50.651;1.3196;0.1282;47.487;0.2318;47.55;37.707;17.893;8.1035;0.923;13.277;1.4851;6.096;0;1;0;0;0.828;0.8366;1;1;0.8818;0.0682;0.9662;0.9998;1;0.9653;0.9475;0.998;0.998;1;0.998;0.998;0.8067;0.8495;0.0645;0.1734;0.1715;0.001;0.014;-0.0009;0.0011;0.0039;0.0023;0;0;0.088;0.0532;0;0;0;0;0;0;0;0;0;0;0;0;0.0031;0.0002;0.1468;0.1468;0;23.551;23.551;2.4409;0.0496;144.59;1015.2;1;0.0056;0.0056;0;0;0;0;0;0;0.1412;0.0532;0;15.916;18.43;5.7661;6.677;96.176;96.176;1.4627;1.2379;0.4485;0.2248;0.7895;0.1537;0.5397;0.3066;47.369;0.2636;0
19/12/21 08:00;44.36;-89.522;0.3417;44.361;45.639;-90;-45.639;46.492;46.297;0.195;22.97;13.12;0;0.2788;39.326;0.0131;0;1.4685;41.086;0;41.086;0.2788;0.0131;39.326;1.4685;0.0068;0.9929;0;0.0357;36.417;4.6692;0;0;3.3125;1.3567;35.163;1.181;0;0;1.1746;0.0064;36.344;0.0728;0.0006;0;0.072;0.0002;35.714;0.2783;0.0131;34.767;0.1052;29.526;23.414;10.529;2.5215;0.4478;6.441;0.5508;4.3673;0;1;0;0;0.8837;0.8864;1;1;0.9158;0.0762;0.9675;1;1;0.9673;0.9428;0.998;0.998;1;0.998;0.998;0.8558;0.8841;0.0717;0.1169;0.1151;0.0007;0.0118;-0.0001;0.0007;0.0025;0.0011;0;0;0.088;0.0039;0;0;0;0;0;0;0;0;0;0;0;0;0.0021;0.0001;0.0962;0.0962;0;24.725;24.725;1.755;0.0499;96.637;995.15;1;0.0042;0.0042;0;0;0;0;0;0;0.0919;0.0039;0;15.467;17.91;0.6308;0.7304;95.585;95.585;0.9861;0.811;0.0331;0.1751;0.7779;0.1775;0.7889;0.0335;29.442;0.03;0
19/12/21 09:00;56.56;-79.422;5.8061;57.011;32.989;-90;-32.989;122.4;121.2;1.2054;21.98;12.88;0;1.4371;111.31;0.1479;0;2.0722;114.97;0;114.97;1.4371;0.1479;111.31;2.0722;0.0125;0.9862;0;0.018;107.41;7.5574;0;0;5.7236;1.8338;103.75;3.4489;0.0003;0;3.4118;0.0367;107.2;0.2148;0.0029;0.0003;0.2112;0.0005;104.41;1.434;0.1476;101.97;0.2012;75.634;59.977;25.647;2.3403;0.9653;13.886;0.6605;12.511;0;1;0;0;0.9393;0.9343;1;1;0.9486;0.115;0.9678;0.9998;1;0.9676;0.8457;0.998;0.998;1;0.998;0.998;0.9024;0.916;0.0971;0.3272;0.3265;0.002;0.0168;0.0025;0.0021;0.0076;0.0025;0;0;0.088;0.1918;0;0;0;0;0;0;0;0;0;0;0;0;0.0061;0.0004;0.2866;0.2866;0;27.103;27.103;5.1233;0.0494;278.08;1030.6;1;0.0068;0.0068;0;0;0;0;0;0;0.2798;0.1918;0;16.471;19.073;11.023;12.764;97.627;97.627;2.7593;2.4168;1.6173;0.3425;0.7995;0.1241;0.2897;0.5861;74.955;0.5375;0
19/12/21 10:00;68.201;-63.221;9.6318;70.35;19.65;-90;-19.65;72.2;71.801;0.3987;21.94;12.73;0;0.4233;69.689;0.0232;0;0.4415;70.577;0;70.577;0.4233;0.0232;69.689;0.4415;0.006;0.9937;0;0.0063;68.646;1.9313;0;0;1.5631;0.3683;66.13;2.3787;0.0001;0;2.3624;0.0161;68.509;0.1373;0.0008;0;0.1363;0.0001;66.239;0.4223;0.0231;65.628;0.057;43.464;34.467;14.018;0.2337;0.5293;7.6137;0.1092;7.9093;0;1;0;0;0.9775;0.9726;1;1;0.9776;0.1659;0.9653;0.9997;1;0.9653;0.7796;0.998;0.998;1;0.998;0.998;0.937;0.9417;0.1291;0.2009;0.2048;0.0012;0.0149;0.0002;0.0013;0.0047;0.0013;0;0;0.088;0.0833;0;0;0;0;0;0;0;0;0;0;0;0;0.0038;0.0002;0.1772;0.1772;0;25.216;25.216;3.2762;0.0495;173.74;1019.9;1;0.0059;0.0059;0;0;0;0;0;0;0.1713;0.0833;0;16.59;19.211;7.7998;9.032;96.68;96.68;1.6939;1.4943;0.7025;0.1996;0.7917;0.1178;0.4674;0.4148;43.226;0.3838;0
19/12/21 11:00;77.115;-26.294;11.532;84.214;5.786;-90;-5.786;211.89;209;2.8944;21.6;11.61;0;2.9093;208.03;0.442;0;0.1133;211.49;0;211.49;2.9093;0.442;208.03;0.1133;0.0138;0.9842;0;0.0005;210.78;0.7066;0;0;0.6123;0.0943;201.41;8.9576;0.0012;0.0002;8.952;0.0042;210.36;0.4216;0.0058;0.0009;0.4148;0;201.41;2.9023;0.441;198.05;0.0147;125.63;99.627;39.932;0.005;1.5246;21.931;0.0093;23.451;0;1;0;0;0.9981;0.9967;1;1;0.9971;0.1678;0.9574;0.9996;1;0.9568;0.7765;0.998;0.998;1;0.998;0.998;0.9523;0.952;0.1301;0.6019;0.6202;0.0037;0.0165;0.0146;0.0041;0.0145;0.0039;0;0;0.088;0.4523;0;0;0;0;0;0;0;0;0;0;0;0;0.0117;0.0012;0.5499;0.5499;0;31.522;31.522;9.9215;0.0493;529.99;1037.6;1;0.0097;0.0097;0;0;0;0;0;0;0.5403;0.4523;0;17.182;19.897;14.131;16.363;98.243;98.243;5.0758;4.6376;3.814;0.4382;0.8236;0.0863;0.1623;0.7514;123.67;0.6973;0
19/12/21 12:00;76.003;35.572;11.346;81.749;8.2511;90;8.2511;90.992;90.5;0.4924;21.59;10.25;0;0.4976;89.999;0.0329;0;0.0989;90.628;0;90.628;0.4976;0.0329;89.999;0.0989;0.0055;0.9941;0;0.0011;90.072;0.5558;0;0;0.4735;0.0823;86.144;3.7484;0.0002;0;3.7445;0.0037;89.892;0.1801;0.001;0.0001;0.1791;0;86.158;0.4964;0.0328;85.602;0.0128;54.045;42.857;17.108;0.0121;0.661;9.5085;0.014;10.157;0;1;0;0;0.996;0.9939;1;1;0.9947;0.1676;0.9583;0.9996;1;0.9581;0.7753;0.998;0.998;1;0.998;0.998;0.9505;0.9511;0.1297;0.2579;0.2655;0.0016;0.0161;0.0008;0.0017;0.0061;0.0017;0;0;0.088;0.1379;0;0;0;0;0;0;0;0;0;0;0;0;0.0049;0.0003;0.2323;0.2323;0;25.848;25.848;4.2576;0.0494;225.92;1028.2;1;0.0064;0.0064;0;0;0;0;0;0;0.2259;0.1379;0;16.936;19.612;10.056;11.644;97.259;97.259;2.1751;1.9589;1.163;0.2162;0.7958;0.0994;0.3659;0.5347;53.737;0.4958;0
19/12/21 13:00;66.242;66.909;9.091;67.956;22.044;90;22.044;117.31;116.3;1.0024;21.7;8.9801;0;1.0815;111.96;0.0974;0;0.9004;114.04;0;114.04;1.0815;0.0974;111.96;0.9004;0.0095;0.9897;0;0.0079;110.25;3.7933;0;0;3.0327;0.7606;106.31;3.7235;0.0003;0;3.6931;0.03;110.03;0.2205;0.0022;0.0002;0.2179;0.0003;106.54;1.079;0.0972;105.02;0.1095;70.899;56.223;23.072;0.5707;0.8624;12.406;0.2363;12.698;0;1;0;0;0.9722;0.9667;1;1;0.9729;0.1553;0.9662;0.9997;1;0.966;0.7848;0.998;0.998;1;0.998;0.998;0.9322;0.938;0.1216;0.3246;0.3297;0.002;0.0168;0.0023;0.0022;0.0077;0.0022;0;0;0.088;0.1951;0;0;0;0;0;0;0;0;0;0;0;0;0.0062;0.0004;0.2899;0.2899;0;26.948;26.948;5.2476;0.0494;280.9;1032.1;1;0.0069;0.0069;0;0;0;0;0;0;0.2831;0.1951;0;16.799;19.453;11.303;13.089;97.637;97.637;2.7371;2.445;1.6451;0.2921;0.7999;0.1067;0.2922;0.601;70.29;0.5558;0
19/12/21 14:00;54.431;81.463;4.9536;54.732;35.268;90;35.268;211.89;208.5;3.3932;23.44;7.7901;0;4.156;188.81;0.7549;0;4.0835;197.8;0;197.8;4.156;0.7549;188.81;4.0835;0.021;0.9752;0;0.0206;183.31;14.488;0;0;10.818;3.6704;177.15;5.7946;0.0007;0.0001;5.7365;0.0572;182.94;0.3666;0.0083;0.0015;0.356;0.0008;178.5;4.147;0.7533;171.89;0.355;131.36;104.17;44.779;4.9938;1.7216;24.765;1.3526;21.493;0;1;0;0;0.9335;0.9268;1;1;0.9427;0.1012;0.9683;0.9998;1;0.9677;0.8612;0.998;0.998;1;0.998;0.998;0.8956;0.9104;0.0869;0.5629;0.5603;0.0034;0.0169;0.0145;0.0037;0.013;0.0044;0;0;0.088;0.3959;0;0;0;0;0;0;0;0;0;0;0;0;0.0105;0.001;0.4928;0.4928;0;32.181;32.181;8.7411;0.0493;478.32;1030.4;1;0.009;0.009;0;0;0;0;0;0;0.4839;0.3959;0;16.465;19.066;13.225;15.314;98.177;98.177;4.7472;4.1563;3.3384;0.5909;0.8179;0.1245;0.1723;0.7032;129.37;0.643;0
19/12/21 15:00;42.2;91.032;0.7645;42.205;47.795;90;47.795;219.9;215.4;4.5045;22.44;6.6701;0;6.7053;179.19;1.5237;0;7.5784;195;0;195;6.7053;1.5237;179.19;7.5784;0.0344;0.9578;0;0.0389;171.74;23.257;0;0;16.196;7.0606;166.02;5.3767;0.0002;0;5.3508;0.0257;171.4;0.3435;0.0134;0.003;0.326;0.001;168.91;6.6917;1.5206;157.32;0.4911;139.06;110.27;49.905;13.477;2.1923;31.535;2.8874;20.25;0;1;0;0;0.8868;0.8807;1;1;0.9096;0.0683;0.9686;1;1;0.9671;0.9503;0.998;0.998;1;0.998;0.998;0.8514;0.8779;0.0648;0.555;0.5464;0.0033;0.017;0.0111;0.0036;0.0128;0.0056;0;0;0.088;0.3849;0;0;0;0;0;0;0;0;0;0;0;0;0.0103;0.0009;0.4818;0.4818;0;30.626;30.626;8.186;0.0493;465.79;1034.3;1;0.0089;0.0089;0;0;0;0;0;0;0.4729;0.3849;0;16.325;18.905;13.042;15.102;98.151;98.151;4.68;4.0628;3.2456;0.6172;0.8172;0.1319;0.1746;0.6935;136.91;0.6186;0
19/12/21 16:00;29.99;98.919;7.7167;30.292;59.708;90;59.708;152.1;149.4;2.6935;23.2;6.2199;0;5.3398;111.95;1.1311;0;7.9146;126.34;0;126.34;5.3398;1.1311;111.95;7.9146;0.0423;0.9488;0;0.0626;104.96;21.381;0;0;13.975;7.4055;101.26;3.4869;0.0014;0.0003;3.4514;0.0337;104.75;0.2099;0.0107;0.0023;0.196;0.001;104.54;5.3277;1.1285;94.33;0.4743;97.736;77.505;37.188;18.394;1.9834;28.531;3.278;12.12;0;1;0;0;0.8306;0.8308;1;1;0.8752;0.0643;0.9667;0.9997;1;0.9647;0.9337;0.998;0.998;1;0.998;0.998;0.8015;0.8426;0.0599;0.3595;0.3562;0.0021;0.017;0.0042;0.0023;0.0083;0.0051;0;0;0.088;0.2151;0;0;0;0;0;0;0;0;0;0;0;0;0.0067;0.0005;0.3101;0.3101;0;28.207;28.207;5.0063;0.0494;302.41;1025.5;1;0.007;0.007;0;0;0;0;0;0;0.3031;0.2151;0;16.221;18.784;11.252;13.03;97.743;97.743;3.0321;2.6154;1.8143;0.4167;0.8011;0.1374;0.2642;0.5984;97.127;0.5118;0
19/12/21 17:00;18.028;106.38;41.358;18.739;32.443;90;32.443;94.801;93.101;1.7007;20.9;5.0101;0;4.1247;85.501;0.8793;0;1.5536;92.059;0;92.059;4.1247;0.8793;85.501;1.5536;0.0448;0.9456;0;0.0169;86.385;5.6734;0;0;4.2954;1.378;83.52;2.6922;0.0316;0.0067;2.6256;0.0283;86.212;0.1728;0.0082;0.0018;0.1624;0.0004;84.006;4.0848;0.8708;78.418;0.147;57.353;45.481;19.319;1.6972;0.7353;10.577;0.4859;9.6156;0;1;0;0;0.9711;0.9384;1;1;0.9498;0.1131;0.9688;0.9923;1;0.9676;0.8386;0.998;0.998;1;0.998;0.998;0.9073;0.9172;0.0946;0.262;0.2615;0.0016;0.016;0;0.0017;0.0061;0.0019;0;0;0.088;0.1348;0;0;0;0;0;0;0;0;0;0;0;0;0.0049;0.0003;0.2291;0.2291;0;25.027;25.027;4.1264;0.0494;222.35;1030.5;1;0.0064;0.0064;0;0;0;0;0;0;0.2228;0.1348;0;16.447;19.045;9.673;11.201;97.221;97.221;2.2094;1.9323;1.1364;0.2771;0.7958;0.1254;0.3602;0.5144;57.343;0.4736;0
19/12/21 18:00;6.5244;114.12;74.004;7.1424;10.408;90;10.408;62.394;59.701;2.6922;21.4;2.6399;0;6.5293;58.216;2.4311;0;0.1078;67.284;0;67.284;6.5293;2.4311;58.216;0.1078;0.097;0.8668;0;0.0016;66.744;0.54;0;0;0.4503;0.0897;62.777;3.8336;1.084;0.4036;2.3419;0.0041;66.611;0.1335;0.0131;0.0049;0.1155;0;62.795;5.4323;2.0227;55.308;0.014;34.95;27.716;11.055;0.0197;0.4288;6.1685;0.0177;6.5776;0;1;0;0;1.0784;0.992;1;1;0.9923;0.1679;0.9424;0.8336;1;0.9594;0.7748;0.998;0.998;1;0.998;0.998;0.933;0.9501;0.1298;0.1915;0.192;0.0012;0.0145;-0.0003;0.0012;0.0044;0.0011;0;0;0.088;0.0724;0;0;0;0;0;0;0;0;0;0;0;0;0.0035;0.0002;0.1662;0.1662;0;24.51;24.51;3.1101;0.0495;162.87;1020.7;1;0.0058;0.0058;0;0;0;0;0;0;0.1604;0.0724;0;16.326;18.905;7.1127;8.2363;96.504;96.504;1.6148;1.4019;0.6108;0.2129;0.7911;0.1319;0.4899;0.3782;34.932;0.3539;0
19/12/21 19:00;0.4815;118.69;88.832;0.5488;0.7823;90;0.7823;0;0;0;18.25;2.2201;0;0;0;0;0;0;0;0;0;0;0;0;0;1;1;1;1;0;0;0;0;0;0;0;0;0;0;0;0;0;0;0;0;0;0;0;0;0;0;0;0;0;0;0;0;0;0;0;0;0;0;0;1;1;1;1;1;1;1;1;1;1;1;1;1;1;1;1;1;1;1;0;0;0;0;0;0;0;0;0;0.0004;0.088;-0.0884;0;0;0;0;0;0;0;0;0;0;0;0;0;0;0;0;0;0;0;-18.25;0;0;0;0;0.0004;0;0;0;0;0;0;0;-0.0004;-0.0884;0;0;0;0;0;0;0;0;0;-0.7452;0;0.7452;1;1;0;0;0;0
19/12/21 20:00;0;0;90;0;0;90;0;0;0;0;16.22;2.5;0;0;0;0;0;0;0;0;0;0;0;0;0;1;1;1;1;0;0;0;0;0;0;0;0;0;0;0;0;0;0;0;0;0;0;0;0;0;0;0;0;0;0;0;0;0;0;0;0;0;0;0;1;1;1;1;1;1;1;1;1;1;1;1;1;1;1;1;1;1;1;0;0;0;0;0;0;0;0;0;0.0004;0.088;-0.0884;0;0;0;0;0;0;0;0;0;0;0;0;0;0;0;0;0;0;0;-16.22;0;0;0;0;0.0004;0;0;0;0;0;0;0;-0.0004;-0.0884;0;0;0;0;0;0;0;0;0;-0.7452;0;0.7452;1;1;0;0;0;0
19/12/21 21:00;0;0;90;0;0;90;0;0;0;0;18.3;3;0;0;0;0;0;0;0;0;0;0;0;0;0;1;1;1;1;0;0;0;0;0;0;0;0;0;0;0;0;0;0;0;0;0;0;0;0;0;0;0;0;0;0;0;0;0;0;0;0;0;0;0;1;1;1;1;1;1;1;1;1;1;1;1;1;1;1;1;1;1;1;0;0;0;0;0;0;0;0;0;0.0004;0.088;-0.0884;0;0;0;0;0;0;0;0;0;0;0;0;0;0;0;0;0;0;0;-18.3;0;0;0;0;0.0004;0;0;0;0;0;0;0;-0.0004;-0.0884;0;0;0;0;0;0;0;0;0;-0.7452;0;0.7452;1;1;0;0;0;0
19/12/21 22:00;0;0;90;0;0;90;0;0;0;0;17.36;3.32;0;0;0;0;0;0;0;0;0;0;0;0;0;1;1;1;1;0;0;0;0;0;0;0;0;0;0;0;0;0;0;0;0;0;0;0;0;0;0;0;0;0;0;0;0;0;0;0;0;0;0;0;1;1;1;1;1;1;1;1;1;1;1;1;1;1;1;1;1;1;1;0;0;0;0;0;0;0;0;0;0.0004;0.088;-0.0884;0;0;0;0;0;0;0;0;0;0;0;0;0;0;0;0;0;0;0;-17.36;0;0;0;0;0.0004;0;0;0;0;0;0;0;-0.0004;-0.0884;0;0;0;0;0;0;0;0;0;-0.7452;0;0.7452;1;1;0;0;0;0
19/12/21 23:00;0;0;90;0;0;90;0;0;0;0;14.86;3.2799;0;0;0;0;0;0;0;0;0;0;0;0;0;1;1;1;1;0;0;0;0;0;0;0;0;0;0;0;0;0;0;0;0;0;0;0;0;0;0;0;0;0;0;0;0;0;0;0;0;0;0;0;1;1;1;1;1;1;1;1;1;1;1;1;1;1;1;1;1;1;1;0;0;0;0;0;0;0;0;0;0.0004;0.088;-0.0884;0;0;0;0;0;0;0;0;0;0;0;0;0;0;0;0;0;0;0;-14.86;0;0;0;0;0.0004;0;0;0;0;0;0;0;-0.0004;-0.0884;0;0;0;0;0;0;0;0;0;-0.7452;0;0.7452;1;1;0;0;0;0
20/12/21 00:00;0;0;90;0;0;90;0;0;0;0;13.62;2.89;0;0;0;0;0;0;0;0;0;0;0;0;0;1;1;1;1;0;0;0;0;0;0;0;0;0;0;0;0;0;0;0;0;0;0;0;0;0;0;0;0;0;0;0;0;0;0;0;0;0;0;0;1;1;1;1;1;1;1;1;1;1;1;1;1;1;1;1;1;1;1;0;0;0;0;0;0;0;0;-0.0004;0.0004;0.088;-0.0884;0;0;0;0;0;0;0;0;0;0;0;0;0;0;0;0;0;0;0;-13.62;0;0;0;0;0.0004;0;0;0;0;0;0;0;-0.0004;-0.0884;0;0;0;0;0;0;0;0;0;-0.7452;0;0.7452;1;1;0;0;0;0
20/12/21 01:00;0;0;90;0;0;90;0;0;0;0;14.17;2.4799;0;0;0;0;0;0;0;0;0;0;0;0;0;1;1;1;1;0;0;0;0;0;0;0;0;0;0;0;0;0;0;0;0;0;0;0;0;0;0;0;0;0;0;0;0;0;0;0;0;0;0;0;1;1;1;1;1;1;1;1;1;1;1;1;1;1;1;1;1;1;1;0;0;0;0;0;0;0;0;-0.0004;0.0004;0.088;-0.0884;0;0;0;0;0;0;0;0;0;0;0;0;0;0;0;0;0;0;0;-14.17;0;0;0;0;0.0004;0;0;0;0;0;0;0;-0.0004;-0.0884;0;0;0;0;0;0;0;0;0;-0.7452;0;0.7452;1;1;0;0;0;0
20/12/21 02:00;0;0;90;0;0;90;0;0;0;0;12.77;2.2201;0;0;0;0;0;0;0;0;0;0;0;0;0;1;1;1;1;0;0;0;0;0;0;0;0;0;0;0;0;0;0;0;0;0;0;0;0;0;0;0;0;0;0;0;0;0;0;0;0;0;0;0;1;1;1;1;1;1;1;1;1;1;1;1;1;1;1;1;1;1;1;0;0;0;0;0;0;0;0;-0.0004;0.0004;0.088;-0.0884;0;0;0;0;0;0;0;0;0;0;0;0;0;0;0;0;0;0;0;-12.77;0;0;0;0;0.0004;0;0;0;0;0;0;0;-0.0004;-0.0884;0;0;0;0;0;0;0;0;0;-0.7452;0;0.7452;1;1;0;0;0;0
20/12/21 03:00;0;0;90;0;0;90;0;0;0;0;11.34;2.0899;0;0;0;0;0;0;0;0;0;0;0;0;0;1;1;1;1;0;0;0;0;0;0;0;0;0;0;0;0;0;0;0;0;0;0;0;0;0;0;0;0;0;0;0;0;0;0;0;0;0;0;0;1;1;1;1;1;1;1;1;1;1;1;1;1;1;1;1;1;1;1;0;0;0;0;0;0;0;0;-0.0004;0.0004;0.088;-0.0884;0;0;0;0;0;0;0;0;0;0;0;0;0;0;0;0;0;0;0;-11.34;0;0;0;0;0.0004;0;0;0;0;0;0;0;-0.0004;-0.0884;0;0;0;0;0;0;0;0;0;-0.7452;0;0.7452;1;1;0;0;0;0
20/12/21 04:00;1.4052;-117.98;86.59;1.591;2.2701;-90;-2.2701;0;0;0;10.74;1.9101;0;0;0;0;0;0;0;0;0;0;0;0;0;1;1;1;1;0;0;0;0;0;0;0;0;0;0;0;0;0;0;0;0;0;0;0;0;0;0;0;0;0;0;0;0;0;0;0;0;0;0;0;1;1;1;1;1;1;1;1;1;1;1;1;1;1;1;1;1;1;1;0;0;0;0;0;0;0;0;-0.0004;0.0004;0.088;-0.0884;0;0;0;0;0;0;0;0;0;0;0;0;0;0;0;0;0;0;0;-10.74;0;0;0;0;0.0004;0;0;0;0;0;0;0;-0.0004;-0.0884;0;0;0;0;0;0;0;0;0;-0.7452;0;0.7452;1;1;0;0;0;0
20/12/21 05:00;8.4241;-112.79;69.188;9.1257;13.496;-90;-13.496;108.4;21.998;86.4;11.83;2.2499;0;209.54;12.628;22.295;0;0.3143;244.78;0;244.78;209.54;22.295;12.628;0.3143;0.856;0.0529;0;0.0013;244.37;0.4115;0;0;0.1506;0.2609;220.47;23.41;20.713;2.2039;0.4815;0.0119;243.88;0.4887;0.4191;0.0446;0.025;0.0001;220.48;188.41;20.047;11.971;0.0413;8.1139;6.4343;2.6643;0.0113;0.0936;1.3468;0.0076;1.4292;0;1;0;0;2.2582;0.9983;1;1;0.9881;0.1698;0.904;0.901;1;0.9613;0.7757;0.998;0.998;1;0.998;0.998;0.9007;0.948;0.1315;0.6966;0.6335;0.0038;0.0164;-0.0054;0.0043;0.0154;0.0002;0.5747;0;0;0;0;0;0;0;0;0;0;0;0;0;0;0;0.0124;0.0012;0.5852;0.5852;0;22.602;22.602;10.772;0.0489;542.93;1077.8;1;0.0105;0.0105;0;0;0;0;0;0;0.5747;0;0;15.797;18.292;0;0;98.203;98.203;5.8747;4.9348;0;0.9399;4.9348;0.16;0.84;0;7.6455;0;0
20/12/21 06:00;20.02;-105.14;33.871;20.68;38.243;-90;-38.243;322.81;56.801;266.01;15.52;2.7701;0;645.14;22.789;75.846;0;7.2742;751.05;0;751.05;645.14;75.846;22.789;7.2742;0.859;0.04;0;0.0097;742.99;8.0684;0;0;1.4767;6.5917;738.36;3.1357;2.1248;0.2498;0.6875;0.0736;741.5;1.486;1.2903;0.1517;0.0426;0.0014;738.56;641.73;75.445;20.582;0.6075;17.45;13.838;6.2581;0.7975;0.2173;3.1259;0.1987;2.5457;0;1;0;0;2.3266;0.9893;1;1;0.9352;0.0938;0.9958;0.9967;1;0.9677;0.892;0.998;0.998;1;0.998;0.998;0.9831;0.9032;0.0835;2.1374;2.1194;0.0128;-0.0011;0.2034;0.0133;0.0473;0.0005;1.7659;0;0;0;0;0;0;0;0;0;0;0;0;0;0;0;0.0381;0.0107;1.7944;1.7944;0;52.25;52.25;36.73;0.0497;1829.3;980.93;1;0.0285;0.0285;0;0;0;0;0;0;1.7659;0;0;15.787;18.281;0;0;98.411;98.411;18.025;15.132;0;2.8931;15.132;0.1605;0.8395;0;15.994;0;0
20/12/21 07:00;32.037;-97.659;6.4875;32.268;57.732;-90;-57.732;554.29;91.497;462.8;17.67;2.75;0;866.85;26.793;105.95;0;27.128;1026.7;0;1026.7;866.85;105.95;26.793;27.128;0.8443;0.0525;0;0.0264;998.26;28.451;0;0;3.1743;25.277;995.13;1.1344;0.1939;0.0237;0.8192;0.0977;996.27;1.9965;1.7337;0.2119;0.0472;0.0037;999.9;864.92;105.71;22.752;1.7503;142.94;113.35;46.664;3.9109;1.9086;27.454;4.766;25.452;0;1;0;0;1.8523;0.9723;1;1;0.8815;0.0683;0.9989;0.9998;1;0.9652;0.9472;0.998;0.998;1;0.998;0.998;0.9692;0.8492;0.0645;2.922;2.9158;0.0176;0.0006;0.4403;0.0172;0.061;0.0044;2.2681;0;0;0;0;0;0;0;0;0;0;0;0;0;0;0;0.0491;0.0195;2.306;2.306;0;67.802;67.802;50.132;0.0504;2514.5;917.11;1;0.0379;0.0379;0;0;0;0;0;0;2.2681;0;0;14.842;17.186;0;0;98.354;98.354;24.641;19.447;0;5.194;19.447;0.2108;0.7892;0;22.725;0;0
20/12/21 08:00;44.269;-89.607;0.2812;44.269;45.731;-90;-45.731;769.41;126.9;642.51;19.33;2.6399;0;920.46;37.469;118.57;0;24.395;1100.9;0;1100.9;920.46;118.57;37.469;24.395;0.8361;0.0562;0;0.0222;1075.2;25.706;0;0;3.1653;22.541;1071.8;1.2342;0.0089;0.0011;1.1191;0.105;1073;2.1504;1.8409;0.2371;0.0686;0.0037;1077.7;918.61;118.33;33.116;1.7456;327.04;259.34;109.27;2.4249;3.7793;54.363;5.847;55.718;0;1;0;0;1.4308;0.9766;1;1;0.9155;0.076;0.9988;1;1;0.9673;0.9432;0.998;0.998;1;0.998;0.998;0.9736;0.8838;0.0716;3.1331;3.1921;0.0192;0.0047;0.5478;0.0183;0.0651;0.0085;2.4121;0;0;0;0;0;0;0;0;0;0;0;0;0;0;0;0.0524;0.0232;2.4529;2.4529;0;73.587;73.587;54.257;0.0506;2752;891.32;1;0.0408;0.0408;0;0;0;0;0;0;2.4121;0;0;14.723;17.049;0;0;98.337;98.337;26.421;20.686;0;5.7355;20.686;0.2171;0.7829;0;28.075;0;0
20/12/21 09:00;56.471;-79.538;5.7567;56.912;33.088;-90;-33.088;940.9;155.2;785.7;20.66;2.81;0;937.78;47.37;123.72;0;16.021;1124.9;0;1124.9;937.78;123.72;47.37;16.021;0.8337;0.0564;0;0.0142;1108.3;16.632;0;0;2.4472;14.185;1104.1;1.9435;0.1861;0.0246;1.4513;0.2815;1106;2.2165;1.8756;0.2474;0.0898;0.0037;1108.5;935.71;123.44;43.381;1.5514;485.74;385.19;165.47;1.01;5.2392;75.364;4.3646;79.593;0;1;0;0;1.1955;0.9852;1;1;0.9483;0.1146;0.9982;0.9998;1;0.9676;0.8464;0.998;0.998;1;0.998;0.998;0.9815;0.9158;0.0968;3.2013;3.3223;0.02;0.0073;0.607;0.0188;0.0667;0.0116;2.4702;0;0;0;0;0;0;0;0;0;0;0;0;0;0;0;0.0538;0.025;2.5121;2.5121;0;76.697;76.697;56.037;0.0508;2861.5;877.86;1;0.0418;0.0418;0;0;0;0;0;0;2.4702;0;0;14.757;17.088;0;0;98.335;98.335;26.997;21.184;0;5.8128;21.184;0.2153;0.7847;0;31.92;0;0
20/12/21 10:00;68.122;-63.426;9.596;70.245;19.755;-90;-19.755;1055.5;174.2;881.29;21.62;3.21;0;936.4;55.299;124.56;0;6.5227;1122.8;0;1122.8;936.4;124.56;55.299;6.5227;0.834;0.0551;0;0.0058;1116.1;6.693;0;0;1.2514;5.4416;1111.4;2.4594;0.3098;0.0412;1.8708;0.2377;1113.9;2.2322;1.8728;0.2491;0.1081;0.0022;1113;934.22;124.27;52.068;0.8413;597.52;473.83;200.44;0.1905;6.5782;94.624;1.564;101.01;0;1;0;0;1.0638;0.994;1;1;0.9774;0.1657;0.9978;0.9997;1;0.9653;0.7797;0.998;0.998;1;0.998;0.998;0.9899;0.9416;0.129;3.1953;3.3738;0.0203;0.0085;0.6333;0.019;0.0673;0.0144;2.4888;0;0;0;0;0;0;0;0;0;0;0;0;0;0;0;0.0542;0.0257;2.531;2.531;0;78.093;78.093;56.473;0.0508;2890.4;875;1;0.0422;0.0422;0;0;0;0;0;0;2.4888;0;0;14.896;17.249;0;0;98.333;98.333;26.947;21.344;0;5.6029;21.344;0.2079;0.7921;0;34.317;0;0
20/12/21 11:00;77.084;-26.765;11.512;84.104;5.8962;-90;-5.8962;1105.2;182.4;922.81;22.54;3.7499;0;927.71;59.878;123.02;0;0.6139;1111.2;0;1111.2;927.71;123.02;59.878;0.6139;0.8349;0.0544;0;0.0006;1110.5;0.6925;0;0;0.1816;0.5109;1105.3;3.0131;0.3682;0.0488;2.5732;0.023;1108.3;2.2211;1.8554;0.246;0.1194;0.0002;1105.4;925.49;122.72;57.004;0.0799;649.66;515.18;218.9;0.0018;7.0759;101.78;0.0728;108.86;0;1;0;0;1.0054;0.9994;1;1;0.997;0.1679;0.9973;0.9996;1;0.9568;0.7765;0.998;0.998;1;0.998;0.998;0.9947;0.952;0.1301;3.1625;3.3664;0.0203;0.0083;0.6399;0.0189;0.067;0.0155;2.4752;0;0;0;0;0;0;0;0;0;0;0;0;0;0;0;0.054;0.0256;2.5171;2.5171;0;78.732;78.732;56.192;0.0508;2872.8;875;1;0.0419;0.0419;0;0;0;0;0;0;2.4752;0;0;14.968;17.332;0;0;98.337;98.337;26.669;21.227;0;5.4427;21.227;0.2041;0.7959;0;35.604;0;0
20/12/21 12:00;76.07;35.213;11.343;81.861;8.1392;90;8.1392;1103.4;182.1;921.3;24.08;4.19;0;930.67;59.319;123.72;0;1.167;1114.9;0;1114.9;930.67;123.72;59.319;1.167;0.8348;0.0543;0;0.001;1113.6;1.2766;0;0;0.3052;0.9715;1108.4;2.9283;0.3639;0.0484;2.4721;0.0438;1111.4;2.2272;1.8613;0.2474;0.118;0.0004;1108.6;928.44;123.43;56.424;0.1513;646.56;512.72;217.47;0.0078;7.0678;101.67;0.1898;108.73;0;1;0;0;1.0104;0.9989;1;1;0.9949;0.1676;0.9974;0.9996;1;0.958;0.7753;0.998;0.998;1;0.998;0.998;0.9942;0.9512;0.1297;3.1729;3.3755;0.0203;0.0085;0.6635;0.0188;0.0666;0.0153;2.454;0;0;0;0;0;0;0;0;0;0;0;0;0;0;0;0.0537;0.0257;2.503;2.4954;0;80.515;80.515;56.435;0.0509;2851.9;875;1;0.049;0.0414;0;0.0076;0;0;0;0;2.454;0;0;14.79;17.127;0;0;98.044;98.342;26.757;21.044;0;5.7131;21.044;0.2135;0.7865;0;35.411;0;0
20/12/21 13:00;66.339;66.781;9.104;68.067;21.933;90;21.933;1045.9;172.3;873.6;25.2;4.4799;0;941.77;53.832;125.53;0;7.949;1129.1;0;1129.1;941.77;125.53;53.832;7.949;0.8341;0.0547;0;0.007;1120.9;8.1578;0;0;1.4464;6.7114;1116.3;2.3787;0.2956;0.0394;1.7775;0.2662;1118.7;2.2419;1.8835;0.2511;0.1048;0.0025;1118.3;939.59;125.24;50.503;0.9689;585.91;464.62;195.87;0.2713;6.4993;93.49;1.9638;99.718;0;1;0;0;1.0795;0.9928;1;1;0.9731;0.1557;0.9979;0.9997;1;0.966;0.7844;0.998;0.998;1;0.998;0.998;0.9887;0.9382;0.1219;3.2133;3.3867;0.0204;0.0088;0.6855;0.0187;0.0663;0.014;2.4409;0;0;0;0;0;0;0;0;0;0;0;0;0;0;0;0.0534;0.0259;2.4937;2.482;0;82.11;82.11;56.91;0.051;2836.6;875;1;0.0527;0.0411;0;0.0117;0;0;0;0;2.4409;0;0;14.526;16.821;0;0;97.885;98.346;27.098;20.931;0;6.167;20.931;0.2276;0.7724;0;33.775;0;0
20/12/21 14:00;54.533;81.394;4.9809;54.839;35.161;90;35.161;914.2;154.6;759.6;26.21;4.5499;0;929.14;47.646;124.97;0;17.515;1119.3;0;1119.3;929.14;124.97;47.646;17.515;0.8301;0.0582;0;0.0156;1100.8;18.452;0;0;2.717;15.735;1096.7;1.8773;0.1595;0.0215;1.4481;0.2482;1098.6;2.2016;1.8583;0.2499;0.0899;0.0036;1101.6;927.12;124.7;43.391;1.5278;461.89;366.28;155.92;1.2513;5.093;73.26;4.8961;77.102;0;1;0;0;1.2243;0.9835;1;1;0.943;0.1016;0.9983;0.9998;1;0.9677;0.8602;0.998;0.998;1;0.998;0.998;0.9799;0.9107;0.0872;3.1853;3.2986;0.0199;0.0068;0.6683;0.0182;0.0646;0.011;2.3825;0;0;0;0;0;0;0;0;0;0;0;0;0;0;0;0.0521;0.0247;2.433;2.4222;0;82.121;82.121;55.911;0.051;2768.2;875;1;0.0505;0.0397;0;0.0108;0;0;0;0;2.3825;0;0;14.3;16.559;0;0;97.925;98.362;26.862;20.427;0;6.4356;20.427;0.2396;0.7604;0;32.619;0;0
20/12/21 15:00;42.303;90.981;0.7254;42.308;47.692;90;47.692;734.09;143.2;590.89;26.79;4.41;0;877.85;45.274;132.35;0;25.197;1080.7;0;1080.7;877.85;132.35;45.274;25.197;0.8123;0.0652;0;0.0233;1053.1;27.551;0;0;4.0793;23.472;1049.5;1.4633;0.022;0.0033;1.3518;0.0862;1051;2.1062;1.7557;0.2647;0.0824;0.0034;1055.7;876.07;132.08;39.761;1.6351;300.04;237.93;97.111;3.3857;3.7471;53.9;6.17;54.261;0;1;0;0;1.4721;0.9745;1;1;0.9099;0.0685;0.9986;1;1;0.9671;0.9499;0.998;0.998;1;0.998;0.998;0.9712;0.8782;0.0649;3.0755;3.1284;0.0188;0.0036;0.6129;0.0175;0.0619;0.0082;2.2908;0;0;0;0;0;0;0;0;0;0;0;0;0;0;0;0.0499;0.0223;2.3334;2.3283;0;80.208;80.208;53.418;0.0509;2660.9;875;1;0.0426;0.0375;0;0.0051;0;0;0;0;2.2908;0;0;14.237;16.486;0;0;98.173;98.39;25.936;19.635;0;6.3014;19.635;0.243;0.757;0;34.556;0;0
20/12/21 16:00;30.092;98.872;7.6686;30.392;59.608;90;59.608;519.99;141;378.99;26.83;4.01;0;749.12;49.304;149.28;0;26.977;974.68;0;974.68;749.12;149.28;49.304;26.977;0.7686;0.0783;0;0.0277;943.29;31.383;0;0;6.1397;25.243;939.54;1.8704;0.198;0.0395;1.5193;0.1136;941.41;1.8866;1.4982;0.2986;0.0863;0.0035;944.1;747.42;148.94;41.559;1.6165;128.62;102;44.912;8.0584;1.8224;26.214;4.5663;19.978;0;1;0;0;1.8744;0.9678;1;1;0.8755;0.0643;0.998;0.9997;1;0.9647;0.9343;0.998;0.998;1;0.998;0.998;0.9639;0.8429;0.0599;2.7739;2.7537;0.0166;-0.0009;0.483;0.0158;0.056;0.0041;2.0837;0;0;0;0;0;0;0;0;0;0;0;0;0;0;0;0.0451;0.0175;2.1165;2.1165;0;74.418;74.418;47.588;0.0507;2376.5;890.62;1;0.0329;0.0329;0;0;0;0;0;0;2.0837;0;0;14.349;16.616;0;0;98.446;98.446;23.392;17.849;0;5.5432;17.849;0.237;0.763;0;42.725;0;0
20/12/21 17:00;18.128;106.34;41.008;18.838;32.708;90;32.708;284.31;142;142.31;26.24;2.5301;0;345.14;88.37;111.61;0;4.7336;549.85;0;549.85;345.14;111.61;88.37;4.7336;0.6277;0.1693;0;0.0086;541.15;8.7009;0;0;4.4971;4.2038;533.86;6.2018;2.5744;0.8325;2.7105;0.0843;540.07;1.0823;0.6903;0.2232;0.1677;0.0011;534.38;341.87;110.55;80.995;0.4444;60.305;47.822;20.489;1.8048;0.7631;10.977;0.5129;9.9355;0;1;0;0;1.934;0.9842;1;1;0.9491;0.1119;0.9885;0.9925;1;0.9676;0.8406;0.998;0.998;1;0.998;0.998;0.9709;0.9165;0.0939;1.5648;1.5509;0.0093;0.0045;0.1535;0.0097;0.0343;0.0019;1.2846;0;0;0;0;0;0;0;0;0;0;0;0;0;0;0;0.0277;0.0059;1.3041;1.3041;0;52.839;52.839;26.599;0.0498;1336.3;975.91;1;0.0195;0.0195;0;0;0;0;0;0;1.2846;0;0;15.672;18.148;0;0;98.501;98.501;13.196;10.998;0;2.1987;10.998;0.1666;0.8334;0;59.383;0;0
20/12/21 18:00;6.6207;114.07;73.762;7.2446;10.564;90;10.564;69.094;64.804;4.2904;25.24;2.4601;0;10.405;62.56;4.1441;0;0.123;77.233;0;77.233;10.405;4.1441;62.56;0.123;0.1347;0.8116;0;0.0016;76.634;0.5984;0;0;0.4961;0.1023;71.614;4.8671;1.6823;0.67;2.5102;0.0046;76.481;0.1533;0.0208;0.0083;0.1241;0;71.634;8.7023;3.4658;59.43;0.016;37.583;29.803;11.87;0.0224;0.4624;6.6511;0.0199;7.0911;0;1;0;0;1.1178;0.9923;1;1;0.9921;0.1679;0.9364;0.838;1;0.9595;0.7748;0.998;0.998;1;0.998;0.998;0.9272;0.95;0.1298;0.2198;0.2183;0.0013;0.0152;0.0031;0.0014;0.0049;0.0011;0.1812;0;0;0;0;0;0;0;0;0;0;0;0;0;0;0;0.004;0.0002;0.187;0.187;0;28.795;28.795;3.5555;0.0496;185.51;1008.3;1;0.0058;0.0058;0;0;0;0;0;0;0.1812;0;0;16.003;18.531;0;0;96.88;96.88;1.8536;1.5773;0;0.2762;1.5773;0.149;0.851;0;37.554;0;0
20/12/21 19:00;0.5748;118.63;88.606;0.6549;0.9336;90;0.9336;0;0;0;20.49;2.28;0;0;0;0;0;0;0;0;0;0;0;0;0;1;1;1;1;0;0;0;0;0;0;0;0;0;0;0;0;0;0;0;0;0;0;0;0;0;0;0;0;0;0;0;0;0;0;0;0;0;0;0;1;1;1;1;1;1;1;1;1;1;1;1;1;1;1;1;1;1;1;0;0;0;0;0;0;0;0;-0.0004;0.0004;0.088;-0.0884;0;0;0;0;0;0;0;0;0;0;0;0;0;0;0;0;0;0;0;-20.49;0;0;0;0;0.0004;0;0;0;0;0;0;0;-0.0004;-0.0884;0;0;0;0;0;0;0;0;0;-0.7452;0;0.7452;1;1;0;0;0;0
20/12/21 20:00;0;0;90;0;0;90;0;0;0;0;15.66;1.8201;0;0;0;0;0;0;0;0;0;0;0;0;0;1;1;1;1;0;0;0;0;0;0;0;0;0;0;0;0;0;0;0;0;0;0;0;0;0;0;0;0;0;0;0;0;0;0;0;0;0;0;0;1;1;1;1;1;1;1;1;1;1;1;1;1;1;1;1;1;1;1;0;0;0;0;0;0;0;0;-0.0004;0.0004;0.088;-0.0884;0;0;0;0;0;0;0;0;0;0;0;0;0;0;0;0;0;0;0;-15.66;0;0;0;0;0.0004;0;0;0;0;0;0;0;-0.0004;-0.0884;0;0;0;0;0;0;0;0;0;-0.7452;0;0.7452;1;1;0;0;0;0
20/12/21 21:00;0;0;90;0;0;90;0;0;0;0;13.37;1.2099;0;0;0;0;0;0;0;0;0;0;0;0;0;1;1;1;1;0;0;0;0;0;0;0;0;0;0;0;0;0;0;0;0;0;0;0;0;0;0;0;0;0;0;0;0;0;0;0;0;0;0;0;1;1;1;1;1;1;1;1;1;1;1;1;1;1;1;1;1;1;1;0;0;0;0;0;0;0;0;-0.0004;0.0004;0.088;-0.0884;0;0;0;0;0;0;0;0;0;0;0;0;0;0;0;0;0;0;0;-13.37;0;0;0;0;0.0004;0;0;0;0;0;0;0;-0.0004;-0.0884;0;0;0;0;0;0;0;0;0;-0.7452;0;0.7452;1;1;0;0;0;0
20/12/21 22:00;0;0;90;0;0;90;0;0;0;0;12.61;0.7001;0;0;0;0;0;0;0;0;0;0;0;0;0;1;1;1;1;0;0;0;0;0;0;0;0;0;0;0;0;0;0;0;0;0;0;0;0;0;0;0;0;0;0;0;0;0;0;0;0;0;0;0;1;1;1;1;1;1;1;1;1;1;1;1;1;1;1;1;1;1;1;0;0;0;0;0;0;0;0;-0.0004;0.0004;0.088;-0.0884;0;0;0;0;0;0;0;0;0;0;0;0;0;0;0;0;0;0;0;-12.61;0;0;0;0;0.0004;0;0;0;0;0;0;0;-0.0004;-0.0884;0;0;0;0;0;0;0;0;0;-0.7452;0;0.7452;1;1;0;0;0;0
20/12/21 23:00;0;0;90;0;0;90;0;0;0;0;12.24;0.6301;0;0;0;0;0;0;0;0;0;0;0;0;0;1;1;1;1;0;0;0;0;0;0;0;0;0;0;0;0;0;0;0;0;0;0;0;0;0;0;0;0;0;0;0;0;0;0;0;0;0;0;0;1;1;1;1;1;1;1;1;1;1;1;1;1;1;1;1;1;1;1;0;0;0;0;0;0;0;0;-0.0004;0.0004;0.088;-0.0884;0;0;0;0;0;0;0;0;0;0;0;0;0;0;0;0;0;0;0;-12.24;0;0;0;0;0.0004;0;0;0;0;0;0;0;-0.0004;-0.0884;0;0;0;0;0;0;0;0;0;-0.7452;0;0.7452;1;1;0;0;0;0
21/12/21 00:00;0;0;90;0;0;90;0;0;0;0;11.2;0.8799;0;0;0;0;0;0;0;0;0;0;0;0;0;1;1;1;1;0;0;0;0;0;0;0;0;0;0;0;0;0;0;0;0;0;0;0;0;0;0;0;0;0;0;0;0;0;0;0;0;0;0;0;1;1;1;1;1;1;1;1;1;1;1;1;1;1;1;1;1;1;1;0;0;0;0;0;0;0;0;-0.0004;0.0004;0.088;-0.0884;0;0;0;0;0;0;0;0;0;0;0;0;0;0;0;0;0;0;0;-11.2;0;0;0;0;0.0004;0;0;0;0;0;0;0;-0.0004;-0.0884;0;0;0;0;0;0;0;0;0;-0.7452;0;0.7452;1;1;0;0;0;0
21/12/21 01:00;0;0;90;0;0;90;0;0;0;0;10.51;1.15;0;0;0;0;0;0;0;0;0;0;0;0;0;1;1;1;1;0;0;0;0;0;0;0;0;0;0;0;0;0;0;0;0;0;0;0;0;0;0;0;0;0;0;0;0;0;0;0;0;0;0;0;1;1;1;1;1;1;1;1;1;1;1;1;1;1;1;1;1;1;1;0;0;0;0;0;0;0;0;-0.0004;0.0004;0.088;-0.0884;0;0;0;0;0;0;0;0;0;0;0;0;0;0;0;0;0;0;0;-10.51;0;0;0;0;0.0004;0;0;0;0;0;0;0;-0.0004;-0.0884;0;0;0;0;0;0;0;0;0;-0.7452;0;0.7452;1;1;0;0;0;0
21/12/21 02:00;0;0;90;0;0;90;0;0;0;0;9.8498;1.3501;0;0;0;0;0;0;0;0;0;0;0;0;0;1;1;1;1;0;0;0;0;0;0;0;0;0;0;0;0;0;0;0;0;0;0;0;0;0;0;0;0;0;0;0;0;0;0;0;0;0;0;0;1;1;1;1;1;1;1;1;1;1;1;1;1;1;1;1;1;1;1;0;0;0;0;0;0;0;0;-0.0004;0.0004;0.088;-0.0884;0;0;0;0;0;0;0;0;0;0;0;0;0;0;0;0;0;0;0;-9.8498;0;0;0;0;0.0004;0;0;0;0;0;0;0;-0.0004;-0.0884;0;0;0;0;0;0;0;0;0;-0.7452;0;0.7452;1;1;0;0;0;0
21/12/21 03:00;0;0;90;0;0;90;0;0;0;0;9.2003;1.46;0;0;0;0;0;0;0;0;0;0;0;0;0;1;1;1;1;0;0;0;0;0;0;0;0;0;0;0;0;0;0;0;0;0;0;0;0;0;0;0;0;0;0;0;0;0;0;0;0;0;0;0;1;1;1;1;1;1;1;1;1;1;1;1;1;1;1;1;1;1;1;0;0;0;0;0;0;0;0;-0.0004;0.0004;0.088;-0.0884;0;0;0;0;0;0;0;0;0;0;0;0;0;0;0;0;0;0;0;-9.2003;0;0;0;0;0.0004;0;0;0;0;0;0;0;-0.0004;-0.0884;0;0;0;0;0;0;0;0;0;-0.7452;0;0.7452;1;1;0;0;0;0
21/12/21 04:00;1.5029;-117.91;86.353;1.7005;2.4267;-90;-2.4267;0;0;0;8.5003;1.47;0;0;0;0;0;0;0;0;0;0;0;0;0;1;1;1;1;0;0;0;0;0;0;0;0;0;0;0;0;0;0;0;0;0;0;0;0;0;0;0;0;0;0;0;0;0;0;0;0;0;0;0;1;1;1;1;1;1;1;1;1;1;1;1;1;1;1;1;1;1;1;0;0;0;0;0;0;0;0;-0.0004;0.0004;0.088;-0.0884;0;0;0;0;0;0;0;0;0;0;0;0;0;0;0;0;0;0;0;-8.5003;0;0;0;0;0.0004;0;0;0;0;0;0;0;-0.0004;-0.0884;0;0;0;0;0;0;0;0;0;-0.7452;0;0.7452;1;1;0;0;0;0
21/12/21 05:00;8.3372;-112.86;69.411;9.0362;13.354;-90;-13.354;119.81;19.803;100;11.08;1.64;0;242.53;9.9894;23.469;0;0.3401;276.33;0;276.33;242.53;23.469;9.9894;0.3401;0.8777;0.0374;0;0.0012;275.93;0.3994;0;0;0.117;0.2824;248.03;27.349;24.576;2.3781;0.3819;0.0129;275.38;0.5519;0.4851;0.0469;0.0197;0.0001;248.04;217.47;21.044;9.4708;0.0447;6.5825;5.2199;2.1905;0.0086;0.074;1.065;0.0059;1.1304;0;1;0;0;2.3065;0.9986;1;1;0.9883;0.1698;0.9007;0.8985;1;0.9612;0.7757;0.998;0.998;1;0.998;0.998;0.8976;0.9481;0.1315;0.7864;0.7118;0.0043;0.0157;-0.0046;0.0049;0.0173;0.0002;0.647;0;0;0;0;0;0;0;0;0;0;0;0;0;0;0;0.0139;0.0015;0.6586;0.6586;0;23.194;23.194;12.114;0.0488;610.19;1079.3;1;0.0116;0.0116;0;0;0;0;0;0;0.647;0;0;15.749;18.237;0;0;98.243;98.243;6.632;5.5541;0;1.0779;5.5541;0.1625;0.8375;0;6.0451;0;0
21/12/21 06:00;19.929;-105.2;34.243;20.592;37.946;-90;-37.946;322.59;56.103;266.49;14.77;0.68;0;646.32;22.38;75.372;0;7.1608;751.23;0;751.23;646.32;75.372;22.38;7.1608;0.8603;0.0393;0;0.0095;743.32;7.9136;0;0;1.4327;6.4808;738.55;3.2845;2.269;0.2646;0.6756;0.0753;741.83;1.4866;1.2926;0.1507;0.0419;0.0014;738.74;642.76;74.957;20.229;0.6033;17.126;13.581;6.1393;0.7625;0.2121;3.0513;0.1911;2.5009;0;1;0;0;2.3287;0.9895;1;1;0.936;0.095;0.9956;0.9965;1;0.9677;0.889;0.998;0.998;1;0.998;0.998;0.9831;0.9039;0.0843;2.1379;2.1197;0.0128;-0.0011;0.1976;0.0134;0.0474;0.0005;1.7715;0;0;0;0;0;0;0;0;0;0;0;0;0;0;0;0.0382;0.0107;1.8002;1.8002;0;51.486;51.486;36.716;0.0497;1829.3;984.1;1;0.0287;0.0287;0;0;0;0;0;0;1.7715;0;0;15.835;18.336;0;0;98.406;98.406;18.03;15.181;0;2.8482;15.181;0.158;0.842;0;15.668;0;0
21/12/21 07:00;31.943;-97.725;6.5498;32.178;57.822;-90;-57.822;551.21;90.799;460.41;18.93;1.5999;0;864.54;26.679;105.12;0;27.055;1023.4;0;1023.4;864.54;105.12;26.679;27.055;0.8448;0.0525;0;0.0264;995.02;28.375;0;0;3.1679;25.207;991.9;1.1331;0.1952;0.0237;0.816;0.0982;993.03;1.99;1.7291;0.2102;0.047;0.0037;996.4;862.62;104.89;22.648;1.7454;141.19;111.96;47.602;3.9159;1.7903;25.753;4.4975;23.627;0;1;0;0;1.8566;0.9723;1;1;0.8813;0.0683;0.9989;0.9998;1;0.9652;0.9467;0.998;0.998;1;0.998;0.998;0.9692;0.8489;0.0645;2.9125;2.9024;0.0175;0.0004;0.4504;0.017;0.0604;0.0041;2.2471;0;0;0;0;0;0;0;0;0;0;0;0;0;0;0;0.0487;0.0194;2.2844;2.2844;0;68.945;68.945;50.015;0.0504;2503.5;912.51;1;0.0373;0.0373;0;0;0;0;0;0;2.2471;0;0;14.75;17.08;0;0;98.366;98.366;24.562;19.265;0;5.2967;19.265;0.2156;0.7844;0;22.652;0;0
21/12/21 08:00;44.174;-89.683;0.2274;44.174;45.826;-90;-45.826;760.09;125.4;634.69;23.76;2.0799;0;910.81;37.736;116.13;0;24.195;1088.9;0;1088.9;910.81;116.13;37.736;24.195;0.8365;0.0569;0;0.0222;1063.3;25.557;0;0;3.1976;22.36;1059.9;1.2383;0.0071;0.0009;1.127;0.1032;1061.2;2.1266;1.8216;0.2323;0.0691;0.0037;1065.7;908.98;115.9;33.342;1.7287;322.56;255.79;107.75;2.4597;3.734;53.712;5.7994;54.986;0;1;0;0;1.4326;0.9765;1;1;0.9153;0.0759;0.9988;1;1;0.9673;0.9437;0.998;0.998;1;0.998;0.998;0.9734;0.8836;0.0714;3.0988;3.1568;0.019;0.0041;0.588;0.0178;0.0632;0.0082;2.344;0;0;0;0;0;0;0;0;0;0;0;0;0;0;0;0.0509;0.0227;2.3828;2.3828;0;77.592;77.592;53.832;0.0508;2723.2;875;1;0.0387;0.0387;0;0;0;0;0;0;2.344;0;0;14.46;16.745;0;0;98.374;98.374;26.133;20.094;0;6.0387;20.094;0.2311;0.7689;0;28.3;0;0
21/12/21 09:00;56.378;-79.641;5.7143;56.811;33.189;-90;-33.189;931.9;153.8;778.1;26.3;2.44;0;929.78;47.737;121.67;0;15.963;1115.1;0;1115.1;929.78;121.67;47.737;15.963;0.8338;0.0571;0;0.0143;1098.5;16.618;0;0;2.4781;14.14;1094.4;1.9471;0.1832;0.024;1.462;0.278;1096.3;2.1971;1.8596;0.2433;0.0905;0.0036;1098.7;927.73;121.4;43.707;1.5414;480.7;381.2;163.76;1.0285;5.1858;74.596;4.3522;78.753;0;1;0;0;1.1966;0.9851;1;1;0.9481;0.1142;0.9982;0.9998;1;0.9676;0.8472;0.998;0.998;1;0.998;0.998;0.9814;0.9156;0.0966;3.1736;3.293;0.0198;0.0067;0.6668;0.0182;0.0645;0.0112;2.3788;0;0;0;0;0;0;0;0;0;0;0;0;0;0;0;0.052;0.0246;2.4291;2.4184;0;82.09;82.09;55.79;0.051;2763.9;875;1;0.0503;0.0396;0;0.0107;0;0;0;0;2.3788;0;0;14.331;16.594;0;0;97.929;98.364;26.764;20.395;0;6.3688;20.395;0.238;0.762;0;32.192;0;0
21/12/21 10:00;68.037;-63.614;9.5678;70.138;19.862;-90;-19.862;1047.5;172.8;874.71;27.8;2.81;0;930.03;55.623;122.77;0;6.5431;1115;0;1115;930.03;122.77;55.623;6.5431;0.8341;0.0558;0;0.0059;1108.2;6.7296;0;0;1.2702;5.4594;1103.6;2.4632;0.3067;0.0405;1.8779;0.2381;1106;2.2165;1.8601;0.2455;0.1087;0.0022;1105.1;927.87;122.49;52.366;0.8434;592.74;470.04;198.85;0.1952;6.5253;93.864;1.5713;100.19;0;1;0;0;1.0644;0.994;1;1;0.9772;0.1656;0.9978;0.9997;1;0.9654;0.7798;0.998;0.998;1;0.998;0.998;0.9898;0.9414;0.1289;3.1731;3.3499;0.0202;0.0079;0.7034;0.0183;0.065;0.0139;2.3838;0;0;0;0;0;0;0;0;0;0;0;0;0;0;0;0.0524;0.0254;2.4434;2.4235;0;84.154;84.154;56.354;0.0511;2769.7;875;1;0.0596;0.0397;0;0.0199;0;0;0;0;2.3838;0;0;14.363;16.632;0;0;97.562;98.362;26.759;20.438;0;6.3215;20.438;0.2362;0.7638;0;34.536;0;0
21/12/21 11:00;77.044;-27.221;11.5;83.993;6.0072;-90;-6.0072;1096.9;181;915.91;28.24;3.0901;0;920.96;60.309;121.19;0;0.6325;1103.1;0;1103.1;920.96;121.19;60.309;0.6325;0.8349;0.0552;0;0.0006;1102.4;0.7147;0;0;0.1885;0.5262;1097.2;3.0249;0.3651;0.048;2.5881;0.0237;1100.2;2.2048;1.8419;0.2424;0.1202;0.0002;1097.2;918.76;120.9;57.413;0.0823;644.7;511.25;217.22;0.002;7.0224;101.01;0.0766;108.03;0;1;0;0;1.0056;0.9994;1;1;0.9969;0.1679;0.9973;0.9996;1;0.9569;0.7765;0.998;0.998;1;0.998;0.998;0.9946;0.952;0.1301;3.1393;3.3416;0.0201;0.0078;0.7031;0.0183;0.0648;0.015;2.3745;0;0;0;0;0;0;0;0;0;0;0;0;0;0;0;0.0522;0.0252;2.4351;2.414;0;84.271;84.271;56.031;0.0511;2758.9;875;1;0.0605;0.0395;0;0.0211;0;0;0;0;2.3745;0;0;14.461;16.745;0;0;97.514;98.365;26.474;20.358;0;6.1167;20.358;0.231;0.769;0;35.867;0;0
21/12/21 12:00;76.13;34.833;11.348;81.972;8.0276;90;8.0276;1087.9;179.1;908.8;30;3.2699;0;917.8;60.018;119.96;0;1.1193;1098.9;0;1098.9;917.8;119.96;60.018;1.1193;0.8352;0.0556;0;0.001;1097.7;1.2336;0;0;0.3018;0.9318;1092.5;2.9533;0.359;0.0469;2.5053;0.042;1095.5;2.1953;1.8356;0.2399;0.1194;0.0004;1092.7;915.6;119.67;57.091;0.1451;637.61;505.63;214.43;0.0074;6.9717;100.29;0.1804;107.25;0;1;0;0;1.0101;0.9989;1;1;0.995;0.1675;0.9973;0.9996;1;0.958;0.7754;0.998;0.998;1;0.998;0.998;0.9942;0.9512;0.1296;3.1274;3.3271;0.02;0.0074;0.7198;0.0181;0.064;0.0148;2.3345;0;0;0;0;0;0;0;0;0;0;0;0;0;0;0;0.0516;0.025;2.4064;2.3731;0;85.868;85.868;55.867;0.0511;2712.1;875;1;0.0719;0.0385;0;0.0334;0;0;0;0;2.3345;0;0;14.27;16.524;0;0;97.012;98.377;26.373;20.012;0;6.3612;20.012;0.2412;0.7588;0;35.82;0;0
21/12/21 13:00;66.431;66.634;9.1245;68.175;21.825;90;21.825;1027.9;170.6;857.29;30.78;3.3301;0;923.48;55.486;121.78;0;7.7356;1108.5;0;1108.5;923.48;121.78;55.486;7.7356;0.8331;0.057;0;0.007;1100.5;8.0073;0;0;1.479;6.5283;1095.9;2.4229;0.2905;0.0383;1.834;0.2602;1098.3;2.2009;1.847;0.2436;0.108;0.0024;1097.8;921.34;121.5;52.065;0.9447;576.26;456.98;192.6;0.2746;6.3963;92.008;1.9091;98.129;0;1;0;0;1.0784;0.9928;1;1;0.9733;0.1561;0.9978;0.9997;1;0.966;0.7841;0.998;0.998;1;0.998;0.998;0.9886;0.9383;0.1221;3.1547;3.3251;0.02;0.0074;0.7315;0.018;0.0637;0.0135;2.3157;0;0;0;0;0;0;0;0;0;0;0;0;0;0;0;0.0513;0.025;2.3947;2.3538;0;86.864;86.864;56.084;0.0512;2690;875;1;0.079;0.0381;0;0.0409;0;0;0;0;2.3157;0;0;14.031;16.248;0;0;96.702;98.382;26.604;19.85;0;6.754;19.85;0.2539;0.7461;0;34.793;0;0
21/12/21 14:00;54.632;81.313;5.0155;54.943;35.057;90;35.057;892.5;161.6;730.89;31.49;3.29;0;892.88;53.628;125.37;0;17.001;1088.9;0;1088.9;892.88;125.37;53.628;17.001;0.82;0.0649;0;0.0156;1070.6;18.31;0;0;3.0439;15.266;1066.4;2.05;0.1544;0.0217;1.6305;0.2435;1068.4;2.1411;1.7858;0.2507;0.1012;0.0035;1071.1;890.94;125.1;48.852;1.4878;452.41;358.76;152.73;1.3935;4.999;71.909;4.7584;75.514;0;1;0;0;1.22;0.9832;1;1;0.9432;0.102;0.9981;0.9998;1;0.9677;0.8593;0.998;0.998;1;0.998;0.998;0.9793;0.9109;0.0875;3.0989;3.2086;0.0193;0.005;0.6968;0.0174;0.0618;0.0106;2.2566;0;0;0;0;0;0;0;0;0;0;0;0;0;0;0;0.0497;0.0234;2.3246;2.2933;0;86.026;86.026;54.536;0.0511;2620.9;875;1;0.068;0.0367;0;0.0313;0;0;0;0;2.2566;0;0;13.917;16.116;0;0;97.074;98.401;26.133;19.34;0;6.7935;19.34;0.26;0.74;0;36.684;0;0
21/12/21 15:00;42.403;90.92;0.6793;42.407;47.593;90;47.593;716.61;155.9;560.71;32.04;3.1701;0;831.43;53.629;136.19;0;24.5;1045.7;0;1045.7;831.43;136.19;53.629;24.5;0.7951;0.0747;0;0.0234;1018.1;27.637;0;0;4.8174;22.82;1014.4;1.7085;0.0195;0.0032;1.6012;0.0846;1016.1;2.0362;1.6629;0.2724;0.0976;0.0034;1020.2;829.74;135.91;47.113;1.5923;296.43;235.07;98.557;3.9803;3.5732;51.399;5.8114;50.992;0;1;0;0;1.4593;0.9736;1;1;0.9102;0.0686;0.9983;1;1;0.9671;0.9495;0.998;0.998;1;0.998;0.998;0.97;0.8785;0.065;2.9761;3.0217;0.0182;0.0019;0.6328;0.0166;0.0588;0.0077;2.1698;0;0;0;0;0;0;0;0;0;0;0;0;0;0;0;0.0474;0.0209;2.2175;2.2044;0;83.819;83.819;51.779;0.051;2519.3;875;1;0.0477;0.0346;0;0.0131;0;0;0;0;2.1698;0;0;13.929;16.13;0;0;97.848;98.43;25.098;18.59;0;6.5081;18.59;0.2593;0.7407;0;40.894;0;0
21/12/21 16:00;30.191;98.818;7.6139;30.488;59.512;90;59.512;503.99;157.7;346.3;31.7;2.82;0;682.55;60.865;151.65;0;26.071;921.14;0;921.14;682.55;151.65;60.865;26.071;0.741;0.0944;0;0.0283;889.18;31.958;0;0;7.5617;24.397;885.2;2.2024;0.1791;0.0398;1.8747;0.1087;887.4;1.7784;1.3651;0.3033;0.1066;0.0033;890.12;681.01;151.31;51.322;1.5619;133.64;105.98;45.841;9.8892;2.0456;29.426;4.9156;21.582;0;1;0;0;1.8277;0.9653;1;1;0.8758;0.0642;0.9975;0.9997;1;0.9648;0.9349;0.998;0.998;1;0.998;0.998;0.961;0.8432;0.0599;2.6215;2.6056;0.0157;-0.0017;0.4787;0.0148;0.0525;0.0045;1.953;0;0;0;0;0;0;0;0;0;0;0;0;0;0;0;0.0423;0.0158;1.9831;1.9831;0;76.618;76.618;44.918;0.0507;2248.6;881.92;1;0.0301;0.0301;0;0;0;0;0;0;1.953;0;0;14.226;16.474;0;0;98.481;98.481;22.107;16.724;0;5.3836;16.724;0.2435;0.7565;0;52.684;0;0
21/12/21 17:00;18.225;106.28;40.669;18.933;32.964;90;32.964;278.41;148.1;130.31;30.73;1.9901;0;316.03;95.977;106.03;0;4.7061;522.75;0;522.75;316.03;106.03;95.977;4.7061;0.6046;0.1926;0;0.009;513.62;9.1291;0;0;4.9446;4.1845;506.51;6.0874;2.2948;0.7699;2.9407;0.082;512.59;1.0272;0.6321;0.2121;0.1821;0.001;507.1;313.11;105.05;87.909;0.4386;65.469;51.917;21.827;2.0132;0.859;12.356;0.5951;11.202;0;1;0;0;1.8776;0.9825;1;1;0.9485;0.1108;0.9881;0.9927;1;0.9676;0.8425;0.998;0.998;1;0.998;0.998;0.9689;0.9159;0.0932;1.4877;1.4756;0.0089;0.0055;0.1634;0.0091;0.0322;0.0021;1.2049;0;0;0;0;0;0;0;0;0;0;0;0;0;0;0;0.026;0.0054;1.2231;1.2231;0;56.039;56.039;25.309;0.05;1271.4;962.03;1;0.0182;0.0182;0;0;0;0;0;0;1.2049;0;0;15.461;17.903;0;0;98.515;98.515;12.546;10.315;0;2.2315;10.315;0.1779;0.8221;0;64.616;0;0
21/12/21 18:00;6.7127;114.01;73.531;7.3418;10.713;90;10.713;67.902;64.098;3.8042;29.3;2.12;0;9.2263;62.074;3.5846;0;0.1243;75.01;0;75.01;9.2263;3.5846;62.074;0.1243;0.123;0.8292;0;0.0017;74.402;0.6073;0;0;0.5039;0.1034;69.745;4.5087;1.4544;0.5651;2.4846;0.0047;74.253;0.1488;0.0185;0.0072;0.1231;0;69.765;7.7535;3.0124;58.963;0.0161;37.302;29.581;11.805;0.0234;0.4575;6.5807;0.0204;7.0147;0;1;0;0;1.1047;0.9919;1;1;0.9919;0.1679;0.9393;0.842;1;0.9596;0.7748;0.998;0.998;1;0.998;0.998;0.9298;0.9499;0.1298;0.2135;0.2128;0.0013;0.0151;0.0061;0.0013;0.0047;0.0011;0.1735;0;0;0;0;0;0;0;0;0;0;0;0;0;0;0;0.0038;0.0002;0.1791;0.1791;0;32.776;32.776;3.4755;0.0498;180.83;990.52;1;0.0056;0.0056;0;0;0;0;0;0;0.1735;0;0;15.779;18.272;0;0;96.877;96.877;1.8002;1.5105;0;0.2897;1.5105;0.1609;0.8391;0;37.277;0;0
21/12/21 19:00;0.6636;118.57;88.39;0.7556;1.0772;90;1.0772;0;0;0;24.5;2.2201;0;0;0;0;0;0;0;0;0;0;0;0;0;1;1;1;1;0;0;0;0;0;0;0;0;0;0;0;0;0;0;0;0;0;0;0;0;0;0;0;0;0;0;0;0;0;0;0;0;0;0;0;1;1;1;1;1;1;1;1;1;1;1;1;1;1;1;1;1;1;1;0;0;0;0;0;0;0;0;-0.0004;0.0004;0.088;-0.0884;0;0;0;0;0;0;0;0;0;0;0;0;0;0;0;0;0;0;0;-24.5;0;0;0;0;0.0004;0;0;0;0;0;0;0;-0.0004;-0.0884;0;0;0;0;0;0;0;0;0;-0.7452;0;0.7452;1;1;0;0;0;0
21/12/21 20:00;0;0;90;0;0;90;0;0;0;0;20.21;2.2;0;0;0;0;0;0;0;0;0;0;0;0;0;1;1;1;1;0;0;0;0;0;0;0;0;0;0;0;0;0;0;0;0;0;0;0;0;0;0;0;0;0;0;0;0;0;0;0;0;0;0;0;1;1;1;1;1;1;1;1;1;1;1;1;1;1;1;1;1;1;1;0;0;0;0;0;0;0;0;-0.0004;0.0004;0.088;-0.0884;0;0;0;0;0;0;0;0;0;0;0;0;0;0;0;0;0;0;0;-20.21;0;0;0;0;0.0004;0;0;0;0;0;0;0;-0.0004;-0.0884;0;0;0;0;0;0;0;0;0;-0.7452;0;0.7452;1;1;0;0;0;0
21/12/21 21:00;0;0;90;0;0;90;0;0;0;0;18.3;2.1;0;0;0;0;0;0;0;0;0;0;0;0;0;1;1;1;1;0;0;0;0;0;0;0;0;0;0;0;0;0;0;0;0;0;0;0;0;0;0;0;0;0;0;0;0;0;0;0;0;0;0;0;1;1;1;1;1;1;1;1;1;1;1;1;1;1;1;1;1;1;1;0;0;0;0;0;0;0;0;-0.0004;0.0004;0.088;-0.0884;0;0;0;0;0;0;0;0;0;0;0;0;0;0;0;0;0;0;0;-18.3;0;0;0;0;0.0004;0;0;0;0;0;0;0;-0.0004;-0.0884;0;0;0;0;0;0;0;0;0;-0.7452;0;0.7452;1;1;0;0;0;0
21/12/21 22:00;0;0;90;0;0;90;0;0;0;0;17.04;1.9299;0;0;0;0;0;0;0;0;0;0;0;0;0;1;1;1;1;0;0;0;0;0;0;0;0;0;0;0;0;0;0;0;0;0;0;0;0;0;0;0;0;0;0;0;0;0;0;0;0;0;0;0;1;1;1;1;1;1;1;1;1;1;1;1;1;1;1;1;1;1;1;0;0;0;0;0;0;0;0;-0.0004;0.0004;0.088;-0.0884;0;0;0;0;0;0;0;0;0;0;0;0;0;0;0;0;0;0;0;-17.04;0;0;0;0;0.0004;0;0;0;0;0;0;0;-0.0004;-0.0884;0;0;0;0;0;0;0;0;0;-0.7452;0;0.7452;1;1;0;0;0;0
21/12/21 23:00;0;0;90;0;0;90;0;0;0;0;16.4;1.73;0;0;0;0;0;0;0;0;0;0;0;0;0;1;1;1;1;0;0;0;0;0;0;0;0;0;0;0;0;0;0;0;0;0;0;0;0;0;0;0;0;0;0;0;0;0;0;0;0;0;0;0;1;1;1;1;1;1;1;1;1;1;1;1;1;1;1;1;1;1;1;0;0;0;0;0;0;0;0;-0.0004;0.0004;0.088;-0.0884;0;0;0;0;0;0;0;0;0;0;0;0;0;0;0;0;0;0;0;-16.4;0;0;0;0;0.0004;0;0;0;0;0;0;0;-0.0004;-0.0884;0;0;0;0;0;0;0;0;0;-0.7452;0;0.7452;1;1;0;0;0;0
22/12/21 00:00;0;0;90;0;0;90;0;0;0;0;14.79;1.5999;0;0;0;0;0;0;0;0;0;0;0;0;0;1;1;1;1;0;0;0;0;0;0;0;0;0;0;0;0;0;0;0;0;0;0;0;0;0;0;0;0;0;0;0;0;0;0;0;0;0;0;0;1;1;1;1;1;1;1;1;1;1;1;1;1;1;1;1;1;1;1;0;0;0;0;0;0;0;0;-0.0004;0.0004;0.088;-0.0884;0;0;0;0;0;0;0;0;0;0;0;0;0;0;0;0;0;0;0;-14.79;0;0;0;0;0.0004;0;0;0;0;0;0;0;-0.0004;-0.0884;0;0;0;0;0;0;0;0;0;-0.7452;0;0.7452;1;1;0;0;0;0
22/12/21 01:00;0;0;90;0;0;90;0;0;0;0;13.88;1.5901;0;0;0;0;0;0;0;0;0;0;0;0;0;1;1;1;1;0;0;0;0;0;0;0;0;0;0;0;0;0;0;0;0;0;0;0;0;0;0;0;0;0;0;0;0;0;0;0;0;0;0;0;1;1;1;1;1;1;1;1;1;1;1;1;1;1;1;1;1;1;1;0;0;0;0;0;0;0;0;-0.0004;0.0004;0.088;-0.0884;0;0;0;0;0;0;0;0;0;0;0;0;0;0;0;0;0;0;0;-13.88;0;0;0;0;0.0004;0;0;0;0;0;0;0;-0.0004;-0.0884;0;0;0;0;0;0;0;0;0;-0.7452;0;0.7452;1;1;0;0;0;0
22/12/21 02:00;0;0;90;0;0;90;0;0;0;0;13.1;1.65;0;0;0;0;0;0;0;0;0;0;0;0;0;1;1;1;1;0;0;0;0;0;0;0;0;0;0;0;0;0;0;0;0;0;0;0;0;0;0;0;0;0;0;0;0;0;0;0;0;0;0;0;1;1;1;1;1;1;1;1;1;1;1;1;1;1;1;1;1;1;1;0;0;0;0;0;0;0;0;-0.0004;0.0004;0.088;-0.0884;0;0;0;0;0;0;0;0;0;0;0;0;0;0;0;0;0;0;0;-13.1;0;0;0;0;0.0004;0;0;0;0;0;0;0;-0.0004;-0.0884;0;0;0;0;0;0;0;0;0;-0.7452;0;0.7452;1;1;0;0;0;0
22/12/21 03:00;0;0;90;0;0;90;0;0;0;0;12.15;1.54;0;0;0;0;0;0;0;0;0;0;0;0;0;1;1;1;1;0;0;0;0;0;0;0;0;0;0;0;0;0;0;0;0;0;0;0;0;0;0;0;0;0;0;0;0;0;0;0;0;0;0;0;1;1;1;1;1;1;1;1;1;1;1;1;1;1;1;1;1;1;1;0;0;0;0;0;0;0;0;-0.0004;0.0004;0.088;-0.0884;0;0;0;0;0;0;0;0;0;0;0;0;0;0;0;0;0;0;0;-12.15;0;0;0;0;0.0004;0;0;0;0;0;0;0;-0.0004;-0.0884;0;0;0;0;0;0;0;0;0;-0.7452;0;0.7452;1;1;0;0;0;0
22/12/21 04:00;1.4149;-117.97;86.567;1.602;2.2858;-90;-2.2858;0.5079;0.4988;0.0091;11.71;1.3;0;0;0.4986;0;0;0;0.4987;0.4987;0;0;0;0;0;1;1;1;1;0;0;0;0;0;0;0;0;0;0;0;0;0;0;0;0;0;0;0;0;0;0;0;0;0;0;0;0;0;0;0;0;0;0;0;0;1;1;1;1;1;1;1;1;1;1;1;1;1;0;0;1;0;0;0;0;0;0;0;0;0;0;-0.0004;0.0004;0.088;-0.0884;0;0;0;0;0;0;0;0;0;0;0;0;0;0;0;0;0;0;0;-11.71;0;0;0;0;0.0004;0;0;0;0;0;0;0;-0.0004;-0.0884;0;0;0;0;0;0;0;0;0;-0.7452;0;0.7452;1;1;0;0;0;0
22/12/21 05:00;8.2457;-112.92;69.645;8.9412;13.203;-90;-13.203;106.31;20.701;85.606;13.14;1.7;0;207.62;11.789;21.231;0;0.2951;240.93;0;240.93;207.62;21.231;11.789;0.2951;0.8617;0.0502;0;0.0012;240.55;0.3804;0;0;0.1354;0.2449;215.81;24.265;21.594;2.2081;0.4519;0.0112;240.07;0.4811;0.4152;0.0425;0.0233;0.0001;215.82;185.61;18.98;11.179;0.0388;7.5931;6.0213;2.1576;0.0097;0.1094;1.5735;0.0079;1.6732;0;1;0;0;2.2664;0.9984;1;1;0.9885;0.1698;0.8989;0.8958;1;0.9611;0.7757;0.998;0.998;1;0.998;0.998;0.8957;0.9482;0.1315;0.6857;0.6206;0.0037;0.0165;-0.0029;0.0042;0.015;0.0003;0.5603;0;0;0;0;0;0;0;0;0;0;0;0;0;0;0;0.0121;0.0012;0.5705;0.5705;0;23.695;23.695;10.556;0.0489;531.9;1072.6;1;0.0103;0.0103;0;0;0;0;0;0;0.5603;0;0;15.648;18.12;0;0;98.202;98.202;5.7824;4.8114;0;0.9711;4.8114;0.1679;0.8321;0;7.1308;0;0
22/12/21 06:00;19.833;-105.26;34.629;20.498;37.636;-90;-37.636;318.1;56.701;261.4;17.93;1.22;0;633.97;23.073;75.06;0;6.9504;739.05;0;739.05;633.97;75.06;23.073;6.9504;0.8578;0.0406;0;0.0094;731.31;7.7405;0;0;1.4584;6.2821;726.43;3.4218;2.3683;0.2804;0.697;0.076;729.85;1.4626;1.2679;0.1501;0.0432;0.0013;726.67;630.33;74.629;20.874;0.5909;17.545;13.913;5.7464;0.7643;0.2515;3.6177;0.245;3.1049;0;1;0;0;2.3233;0.9895;1;1;0.9368;0.0962;0.9953;0.9963;1;0.9677;0.886;0.998;0.998;1;0.998;0.998;0.9829;0.9047;0.085;2.1033;2.0863;0.0126;-0.0009;0.2144;0.013;0.0462;0.0006;1.7253;0;0;0;0;0;0;0;0;0;0;0;0;0;0;0;0.0372;0.0104;1.7529;1.7529;0;54.123;54.123;36.193;0.0498;1801.2;973.15;1;0.0276;0.0276;0;0;0;0;0;0;1.7253;0;0;15.673;18.149;0;0;98.426;98.426;17.737;14.782;0;2.955;14.782;0.1666;0.8334;0;16.112;0;0
22/12/21 07:00;31.845;-97.783;6.6057;32.083;57.917;-90;-57.917;543.49;89.602;453.89;23.24;2.0099;0;854.55;26.791;102.81;0;26.756;1010.9;0;1010.9;854.55;102.81;26.791;26.756;0.8453;0.053;0;0.0265;982.79;28.117;0;0;3.1888;24.928;979.69;1.1357;0.1946;0.0234;0.8198;0.0979;980.82;1.9656;1.7091;0.2056;0.0472;0.0037;984.15;852.65;102.58;22.735;1.726;138.46;109.8;46.547;3.9552;1.7721;25.49;4.4582;23.307;0;1;0;0;1.86;0.9722;1;1;0.881;0.0683;0.9988;0.9998;1;0.9652;0.9463;0.998;0.998;1;0.998;0.998;0.9691;0.8486;0.0645;2.877;2.8668;0.0173;0.0001;0.4853;0.0165;0.0587;0.004;2.1833;0;0;0;0;0;0;0;0;0;0;0;0;0;0;0;0.0473;0.0189;2.2187;2.2187;0;72.796;72.796;49.556;0.0506;2474;896.83;1;0.0354;0.0354;0;0;0;0;0;0;2.1833;0;0;14.503;16.794;0;0;98.404;98.404;24.262;18.711;0;5.5508;18.711;0.2288;0.7712;0;22.771;0;0
22/12/21 08:00;44.075;-89.749;0.1805;44.075;45.925;-90;-45.925;756.59;124.8;631.8;28.55;2.9499;0;908.28;37.722;115.44;0;24.182;1085.6;0;1085.6;908.28;115.44;37.722;24.182;0.8366;0.057;0;0.0223;1060.1;25.558;0;0;3.2065;22.351;1056.7;1.2351;0.0057;0.0007;1.1266;0.1021;1057.9;2.1201;1.8166;0.2309;0.069;0.0037;1062.5;906.46;115.21;33.32;1.7251;320.38;254.06;106.98;2.4771;3.7138;53.421;5.7936;54.658;0;1;0;0;1.4349;0.9765;1;1;0.915;0.0757;0.9988;1;1;0.9673;0.9441;0.998;0.998;1;0.998;0.998;0.9734;0.8833;0.0713;3.0896;3.1469;0.019;0.0039;0.6421;0.0174;0.0616;0.008;2.2752;0;0;0;0;0;0;0;0;0;0;0;0;0;0;0;0.0496;0.0226;2.3227;2.3123;0;82.431;82.431;53.882;0.051;2642.7;875;1;0.0475;0.0371;0;0.0104;0;0;0;0;2.2752;0;0;14.075;16.298;0;0;97.954;98.395;26.055;19.5;0;6.5549;19.5;0.2516;0.7484;0;28.316;0;0
22/12/21 09:00;56.28;-79.731;5.6792;56.706;33.294;-90;-33.294;923.5;152.4;771.1;29.49;3.61;0;922.51;48.016;119.75;0;15.916;1106.2;0;1106.2;922.51;119.75;48.016;15.916;0.834;0.0578;0;0.0144;1089.6;16.61;0;0;2.505;14.105;1085.5;1.9486;0.1806;0.0234;1.4699;0.2747;1087.4;2.1792;1.845;0.2395;0.091;0.0036;1089.8;920.48;119.49;43.95;1.5324;475.95;377.43;162.16;1.0457;5.1354;73.87;4.3429;77.96;0;1;0;0;1.1978;0.985;1;1;0.9478;0.1138;0.9982;0.9998;1;0.9676;0.848;0.998;0.998;1;0.998;0.998;0.9813;0.9153;0.0963;3.1481;3.266;0.0197;0.0061;0.6959;0.0178;0.0632;0.0109;2.3152;0;0;0;0;0;0;0;0;0;0;0;0;0;0;0;0.0509;0.0242;2.3772;2.3533;0;84.954;84.954;55.464;0.0511;2689.4;875;1;0.062;0.0381;0;0.024;0;0;0;0;2.3152;0;0;14.057;16.278;0;0;97.39;98.383;26.549;19.845;0;6.7032;19.845;0.2525;0.7475;0;32.406;0;0
22/12/21 10:00;67.948;-63.784;9.547;70.028;19.972;-90;-19.972;961.9;177.7;784.2;30.43;4.2399;0;834.38;69.044;113.33;0;6.0739;1022.8;0;1022.8;834.38;113.33;69.044;6.0739;0.8158;0.0734;0;0.0059;1016.2;6.6599;0;0;1.5912;5.0688;1011.3;2.8587;0.2746;0.0373;2.3261;0.2207;1014.1;2.0323;1.6688;0.2267;0.1349;0.002;1012.7;832.44;113.07;64.991;0.7824;544.76;431.99;182.61;0.2464;6.0109;86.464;1.4621;92.229;0;1;0;0;1.0633;0.9935;1;1;0.977;0.1655;0.9972;0.9997;1;0.9654;0.78;0.998;0.998;1;0.998;0.998;0.9887;0.9413;0.1288;2.9109;3.0707;0.0185;0.0027;0.6219;0.017;0.0603;0.013;2.2221;0;0;0;0;0;0;0;0;0;0;0;0;0;0;0;0.0485;0.0215;2.2674;2.2579;0;81.973;81.973;51.543;0.051;2580.5;875;1;0.0453;0.0358;0;0.0095;0;0;0;0;2.2221;0;0;14.587;16.892;0;0;98.001;98.412;24.548;19.041;0;5.5067;19.041;0.2243;0.7757;0;42.89;0;0
22/12/21 11:00;76.997;-27.661;11.495;83.881;6.1189;-90;-6.1189;1090.2;179.7;910.5;30.49;4.9;0;915.72;60.563;119.65;0;0.6522;1096.6;0;1096.6;915.72;119.65;60.563;0.6522;0.8351;0.0558;0;0.0006;1095.8;0.7375;0;0;0.1949;0.5426;1090.6;3.03;0.3629;0.0474;2.5953;0.0244;1093.7;2.1917;1.8314;0.2393;0.1207;0.0002;1090.7;913.53;119.36;57.652;0.0849;640.68;508.06;212.1;0.0022;7.2235;103.91;0.0846;111.13;0;1;0;0;1.0059;0.9993;1;1;0.9968;0.168;0.9972;0.9996;1;0.9569;0.7764;0.998;0.998;1;0.998;0.998;0.9946;0.9519;0.1302;3.1208;3.3287;0.02;0.0075;0.7251;0.018;0.064;0.0153;0;0;0.088;2.239;0;0;0;0;0;0;0;0;0;0;0;0;0.0515;0.025;2.4023;2.3654;0;86.28;86.28;55.79;0.0512;2703.3;875;1;0.0752;0.0383;0;0.0369;0;0;0;0;2.327;2.239;0;14.254;16.505;13.492;15.624;96.868;98.379;26.318;19.948;18.882;6.3704;1.0655;0.2421;0.0405;0.7175;36.024;0.6699;0
22/12/21 12:00;76.184;34.432;11.36;82.083;7.9165;90;7.9165;853.6;339;514.6;31.43;5.4299;0;519.55;210.72;128.5;0;0.8542;859.62;0;859.62;519.55;128.5;210.72;0.8542;0.6044;0.2461;0;0.001;857.88;1.7468;0;0;1.0358;0.7111;847.07;9.0962;0.2035;0.0503;8.8103;0.0321;856.16;1.7158;1.0391;0.257;0.4194;0.0003;847.2;518.31;128.19;200.46;0.1107;501.71;397.86;166.56;0.0239;5.6277;80.952;0.1323;86.556;0;1;0;0;1.0071;0.998;1;1;0.9951;0.1675;0.9894;0.9996;1;0.9579;0.7754;0.998;0.998;1;0.998;0.998;0.9854;0.9513;0.1296;2.4464;2.586;0.0156;-0.0018;0.4535;0.0148;0.0526;0.0126;0;0;0.088;1.8626;0;0;0;0;0;0;0;0;0;0;0;0;0.0424;0.0155;1.9808;1.9808;0;74.333;74.333;42.903;0.0506;2226.4;889.68;1;0.0302;0.0302;0;0;0;0;0;0;1.9506;1.8626;0;15.227;17.632;14.318;16.58;98.473;98.473;20.631;16.705;15.707;3.9264;0.9971;0.1903;0.0483;0.7614;125.74;0.7112;0
22/12/21 13:00;66.519;66.471;9.1526;68.283;21.717;90;21.717;1067.9;176.2;891.7;31.69;5.68;0;959.83;52.894;130.63;0;7.9588;1151.3;0;1151.3;959.83;130.63;52.894;7.9588;0.8337;0.0529;0;0.0069;1143.2;8.1125;0;0;1.3988;6.7137;1138.5;2.3629;0.3028;0.0412;1.7501;0.2688;1140.9;2.2864;1.9197;0.2613;0.103;0.0025;1140.5;957.61;130.33;49.642;0.9739;598.79;474.84;200.12;0.2573;6.6446;95.58;1.9611;101.97;0;1;0;0;1.0781;0.993;1;1;0.9736;0.1564;0.9979;0.9997;1;0.9659;0.7837;0.998;0.998;1;0.998;0.998;0.9889;0.9385;0.1224;3.2765;3.4545;0.0208;0.0104;0.8007;0.0184;0.0651;0.0138;0;0;0.088;2.239;0;0;0;0;0;0;0;0;0;0;0;0;0.0524;0.0269;2.4461;2.3653;0;90.12;90.12;58.43;0.0513;2703.2;875;1;0.1191;0.0383;0;0.0808;0;0;0;0;2.327;2.239;0;13.576;15.72;12.851;14.881;95.131;98.379;27.631;19.947;18.882;7.6844;1.0655;0.2781;0.0386;0.6833;33.149;0.6434;0
22/12/21 14:00;54.727;81.219;5.0574;55.045;34.955;90;34.955;917.21;154.9;762.31;32.21;5.6401;0;930.1;47.703;125.02;0;17.374;1120.2;0;1120.2;930.1;125.02;47.703;17.374;0.8303;0.0581;0;0.0155;1101.9;18.289;0;0;2.6953;15.594;1097.8;1.8862;0.1622;0.0218;1.4508;0.2514;1099.7;2.2038;1.8602;0.25;0.09;0.0036;1102.7;928.08;124.75;43.467;1.5251;464.46;368.32;156.77;1.2279;5.1207;73.659;4.8518;77.551;0;1;0;0;1.2213;0.9837;1;1;0.9435;0.1025;0.9983;0.9998;1;0.9677;0.8585;0.998;0.998;1;0.998;0.998;0.98;0.9112;0.0878;3.188;3.3024;0.0199;0.0069;0.7463;0.0177;0.0628;0.0107;0;0;0.088;2.1845;0;0;0;0;0;0;0;0;0;0;0;0;0.0506;0.0247;2.3628;2.3095;0;88.469;88.469;56.259;0.0512;2639.5;875;1;0.0904;0.037;0;0.0533;0;0;0;0;2.2725;2.1845;0;13.624;15.776;12.886;14.922;96.176;98.396;26.885;19.477;18.422;7.4081;1.0545;0.2756;0.0392;0.6852;32.606;0.6531;0
22/12/21 15:00;42.5;90.849;0.6262;42.503;47.497;90;47.497;722;153.2;568.8;32.46;5.0199;0;841.88;51.795;135.25;0;24.591;1053.5;0;1053.5;841.88;135.25;51.795;24.591;0.7991;0.0725;0;0.0233;1026;27.54;0;0;4.6391;22.901;1022.3;1.6532;0.0182;0.0029;1.5464;0.0857;1023.9;2.052;1.6838;0.2705;0.0943;0.0034;1028.1;840.18;134.98;45.516;1.6004;298.72;236.88;99.32;3.8178;3.5881;51.613;5.8209;51.383;0;1;0;0;1.4592;0.9739;1;1;0.9104;0.0687;0.9984;1;1;0.9671;0.9492;0.998;0.998;1;0.998;0.998;0.9703;0.8788;0.0651;2.9982;3.0448;0.0183;0.0023;0.6472;0.0166;0.059;0.0077;0;0;0.088;2.0841;0;0;0;0;0;0;0;0;0;0;0;0;0.0475;0.0212;2.225;2.2068;0;84.68;84.68;52.22;0.0511;2522;875;1;0.0529;0.0347;0;0.0183;0;0;0;0;2.1721;2.0841;0;13.841;16.028;13.072;15.137;97.622;98.43;25.284;18.61;17.576;6.6745;1.0344;0.264;0.0409;0.6951;39.46;0.6705;0
22/12/21 16:00;30.286;98.755;7.5524;30.579;59.421;90;59.421;509.09;154.6;354.49;31.63;3.79;0;696.82;58.547;151.33;0;26.261;932.96;0;932.96;696.82;151.33;58.547;26.261;0.7469;0.0909;0;0.0281;901.13;31.833;0;0;7.2576;24.576;897.19;2.1318;0.1814;0.0394;1.8025;0.1085;899.33;1.8023;1.3936;0.3027;0.1026;0.0034;902.09;695.25;150.99;49.384;1.573;134.1;106.34;46.021;9.4608;2.0212;29.074;4.892;21.635;0;1;0;0;1.8326;0.9659;1;1;0.876;0.0642;0.9976;0.9997;1;0.9648;0.9355;0.998;0.998;1;0.998;0.998;0.9617;0.8435;0.0599;2.6551;2.6392;0.0159;-0.0016;0.4902;0.0149;0.053;0.0045;0;0;0.088;1.885;0;0;0;0;0;0;0;0;0;0;0;0;0.0427;0.0162;2.0034;2.0034;0;77.177;77.177;45.547;0.0508;2277.8;879.53;1;0.0305;0.0305;0;0;0;0;0;0;1.973;1.885;0;14.19;16.431;13.351;15.46;98.48;98.48;22.391;16.895;15.896;5.496;0.9989;0.2455;0.0446;0.7099;50.623;0.6937;0
22/12/21 17:00;18.317;106.22;40.341;19.023;33.209;90;33.209;277.1;150.5;126.6;31.25;2.3199;0;307.04;98.768;104.17;0;4.752;514.72;0;514.72;307.04;104.17;98.768;4.752;0.5965;0.2011;0;0.0092;505.34;9.3785;0;0;5.1483;4.2302;498.32;6.0114;2.1708;0.7365;3.0232;0.0811;504.33;1.0107;0.6141;0.2083;0.1872;0.001;498.92;304.25;103.22;90.409;0.4396;67.447;53.486;22.929;2.1253;0.8595;12.364;0.5962;11.098;0;1;0;0;1.8575;0.9818;1;1;0.9479;0.1098;0.9881;0.9929;1;0.9676;0.8443;0.998;0.998;1;0.998;0.998;0.9681;0.9154;0.0925;1.4649;1.4522;0.0087;0.0058;0.1615;0.0089;0.0317;0.0021;0;0;0.088;1.0968;0;0;0;0;0;0;0;0;0;0;0;0;0.0255;0.0053;1.2027;1.2027;0;56.154;56.154;24.904;0.05;1251.3;961.18;1;0.0179;0.0179;0;0;0;0;0;0;1.1848;1.0968;0;15.44;17.879;14.081;16.306;98.516;98.516;12.353;10.142;9.2498;2.2108;0.8927;0.179;0.0723;0.7488;66.617;0.7355;0
22/12/21 18:00;6.8004;113.94;73.311;7.4337;10.853;90;10.853;73.509;68.103;5.4059;28.67;2.3899;0;13.111;65.311;5.3421;0;0.1381;83.902;0;83.902;13.111;5.3421;65.311;0.1381;0.1563;0.7801;0;0.0016;83.245;0.6567;0;0;0.5419;0.1149;77.626;5.4527;2.0175;0.822;2.608;0.0052;83.078;0.1665;0.0262;0.0107;0.1295;0;77.648;11.067;4.5094;62.031;0.0179;39.272;31.143;12.432;0.0259;0.4814;6.9254;0.0222;7.381;0;1;0;0;1.1414;0.9922;1;1;0.9917;0.1679;0.9344;0.8458;1;0.9597;0.7748;0.998;0.998;1;0.998;0.998;0.9252;0.9498;0.1298;0.2388;0.236;0.0014;0.0156;0.0066;0.0015;0.0053;0.0012;0;0;0.088;0.1062;0;0;0;0;0;0;0;0;0;0;0;0;0.0042;0.0003;0.2;0.2;0;32.533;32.533;3.8629;0.0498;200.82;996.1;1;0.0058;0.0058;0;0;0;0;0;0;0.1942;0.1062;0;15.755;18.244;8.3667;9.6885;97.098;97.098;2.0136;1.6869;0.8959;0.3267;0.7911;0.1622;0.3929;0.4449;39.235;0.419;0
22/12/21 19:00;0.7477;118.5;88.186;0.8508;1.213;90;1.213;0;0;0;25.71;2.6;0;0;0;0;0;0;0;0;0;0;0;0;0;1;1;1;1;0;0;0;0;0;0;0;0;0;0;0;0;0;0;0;0;0;0;0;0;0;0;0;0;0;0;0;0;0;0;0;0;0;0;0;1;1;1;1;1;1;1;1;1;1;1;1;1;1;1;1;1;1;1;0;0;0;0;0;0;0;0;0;0.0004;0.088;-0.0884;0;0;0;0;0;0;0;0;0;0;0;0;0;0;0;0;0;0;0;-25.71;0;0;0;0;0.0004;0;0;0;0;0;0;0;-0.0004;-0.0884;0;0;0;0;0;0;0;0;0;-0.7452;0;0.7452;1;1;0;0;0;0
22/12/21 20:00;0;0;90;0;0;90;0;0;0;0;19.13;2.6901;0;0;0;0;0;0;0;0;0;0;0;0;0;1;1;1;1;0;0;0;0;0;0;0;0;0;0;0;0;0;0;0;0;0;0;0;0;0;0;0;0;0;0;0;0;0;0;0;0;0;0;0;1;1;1;1;1;1;1;1;1;1;1;1;1;1;1;1;1;1;1;0;0;0;0;0;0;0;0;0;0.0004;0.088;-0.0884;0;0;0;0;0;0;0;0;0;0;0;0;0;0;0;0;0;0;0;-19.13;0;0;0;0;0.0004;0;0;0;0;0;0;0;-0.0004;-0.0884;0;0;0;0;0;0;0;0;0;-0.7452;0;0.7452;1;1;0;0;0;0
22/12/21 21:00;0;0;90;0;0;90;0;0;0;0;16.82;2.67;0;0;0;0;0;0;0;0;0;0;0;0;0;1;1;1;1;0;0;0;0;0;0;0;0;0;0;0;0;0;0;0;0;0;0;0;0;0;0;0;0;0;0;0;0;0;0;0;0;0;0;0;1;1;1;1;1;1;1;1;1;1;1;1;1;1;1;1;1;1;1;0;0;0;0;0;0;0;0;0;0.0004;0.088;-0.0884;0;0;0;0;0;0;0;0;0;0;0;0;0;0;0;0;0;0;0;-16.82;0;0;0;0;0.0004;0;0;0;0;0;0;0;-0.0004;-0.0884;0;0;0;0;0;0;0;0;0;-0.7452;0;0.7452;1;1;0;0;0;0
22/12/21 22:00;0;0;90;0;0;90;0;0;0;0;16.8;2.4501;0;0;0;0;0;0;0;0;0;0;0;0;0;1;1;1;1;0;0;0;0;0;0;0;0;0;0;0;0;0;0;0;0;0;0;0;0;0;0;0;0;0;0;0;0;0;0;0;0;0;0;0;1;1;1;1;1;1;1;1;1;1;1;1;1;1;1;1;1;1;1;0;0;0;0;0;0;0;0;0;0.0004;0.088;-0.0884;0;0;0;0;0;0;0;0;0;0;0;0;0;0;0;0;0;0;0;-16.8;0;0;0;0;0.0004;0;0;0;0;0;0;0;-0.0004;-0.0884;0;0;0;0;0;0;0;0;0;-0.7452;0;0.7452;1;1;0;0;0;0
22/12/21 23:00;0;0;90;0;0;90;0;0;0;0;16.54;2.03;0;0;0;0;0;0;0;0;0;0;0;0;0;1;1;1;1;0;0;0;0;0;0;0;0;0;0;0;0;0;0;0;0;0;0;0;0;0;0;0;0;0;0;0;0;0;0;0;0;0;0;0;1;1;1;1;1;1;1;1;1;1;1;1;1;1;1;1;1;1;1;0;0;0;0;0;0;0;0;0;0.0004;0.088;-0.0884;0;0;0;0;0;0;0;0;0;0;0;0;0;0;0;0;0;0;0;-16.54;0;0;0;0;0.0004;0;0;0;0;0;0;0;-0.0004;-0.0884;0;0;0;0;0;0;0;0;0;-0.7452;0;0.7452;1;1;0;0;0;0
23/12/21 00:00;0;0;90;0;0;90;0;0;0;0;15.49;1.9101;0;0;0;0;0;0;0;0;0;0;0;0;0;1;1;1;1;0;0;0;0;0;0;0;0;0;0;0;0;0;0;0;0;0;0;0;0;0;0;0;0;0;0;0;0;0;0;0;0;0;0;0;1;1;1;1;1;1;1;1;1;1;1;1;1;1;1;1;1;1;1;0;0;0;0;0;0;0;0;0;0.0004;0.088;-0.0884;0;0;0;0;0;0;0;0;0;0;0;0;0;0;0;0;0;0;0;-15.49;0;0;0;0;0.0004;0;0;0;0;0;0;0;-0.0004;-0.0884;0;0;0;0;0;0;0;0;0;-0.7452;0;0.7452;1;1;0;0;0;0
23/12/21 01:00;0;0;90;0;0;90;0;0;0;0;17.17;2.2399;0;0;0;0;0;0;0;0;0;0;0;0;0;1;1;1;1;0;0;0;0;0;0;0;0;0;0;0;0;0;0;0;0;0;0;0;0;0;0;0;0;0;0;0;0;0;0;0;0;0;0;0;1;1;1;1;1;1;1;1;1;1;1;1;1;1;1;1;1;1;1;0;0;0;0;0;0;0;0;0;0.0004;0.088;-0.0884;0;0;0;0;0;0;0;0;0;0;0;0;0;0;0;0;0;0;0;-17.17;0;0;0;0;0.0004;0;0;0;0;0;0;0;-0.0004;-0.0884;0;0;0;0;0;0;0;0;0;-0.7452;0;0.7452;1;1;0;0;0;0
23/12/21 02:00;0;0;90;0;0;90;0;0;0;0;15.6;2.6201;0;0;0;0;0;0;0;0;0;0;0;0;0;1;1;1;1;0;0;0;0;0;0;0;0;0;0;0;0;0;0;0;0;0;0;0;0;0;0;0;0;0;0;0;0;0;0;0;0;0;0;0;1;1;1;1;1;1;1;1;1;1;1;1;1;1;1;1;1;1;1;0;0;0;0;0;0;0;0;0;0.0004;0.088;-0.0884;0;0;0;0;0;0;0;0;0;0;0;0;0;0;0;0;0;0;0;-15.6;0;0;0;0;0.0004;0;0;0;0;0;0;0;-0.0004;-0.0884;0;0;0;0;0;0;0;0;0;-0.7452;0;0.7452;1;1;0;0;0;0
23/12/21 03:00;0;0;90;0;0;90;0;0;0;0;14.67;2.9301;0;0;0;0;0;0;0;0;0;0;0;0;0;1;1;1;1;0;0;0;0;0;0;0;0;0;0;0;0;0;0;0;0;0;0;0;0;0;0;0;0;0;0;0;0;0;0;0;0;0;0;0;1;1;1;1;1;1;1;1;1;1;1;1;1;1;1;1;1;1;1;0;0;0;0;0;0;0;0;0;0.0004;0.088;-0.0884;0;0;0;0;0;0;0;0;0;0;0;0;0;0;0;0;0;0;0;-14.67;0;0;0;0;0.0004;0;0;0;0;0;0;0;-0.0004;-0.0884;0;0;0;0;0;0;0;0;0;-0.7452;0;0.7452;1;1;0;0;0;0
23/12/21 04:00;1.3221;-118.03;86.792;1.4977;2.1367;-90;-2.1367;0;0;0;13.6;3.39;0;0;0;0;0;0;0;0;0;0;0;0;0;1;1;1;1;0;0;0;0;0;0;0;0;0;0;0;0;0;0;0;0;0;0;0;0;0;0;0;0;0;0;0;0;0;0;0;0;0;0;0;1;1;1;1;1;1;1;1;1;1;1;1;1;1;1;1;1;1;1;0;0;0;0;0;0;0;0;0;0.0004;0.088;-0.0884;0;0;0;0;0;0;0;0;0;0;0;0;0;0;0;0;0;0;0;-13.6;0;0;0;0;0.0004;0;0;0;0;0;0;0;-0.0004;-0.0884;0;0;0;0;0;0;0;0;0;-0.7452;0;0.7452;1;1;0;0;0;0
23/12/21 05:00;8.1496;-112.97;69.891;8.8408;13.044;-90;-13.044;101.09;22.703;78.388;15.5;3.61;0;190.11;13.632;21.569;0;0.2739;225.59;0;225.59;190.11;21.569;13.632;0.2739;0.8427;0.0616;0;0.0012;225.21;0.3808;0;0;0.1534;0.2274;201.6;23.16;20.32;2.3053;0.524;0.0104;224.76;0.4504;0.3802;0.0431;0.027;0.0001;201.61;169.41;19.22;12.927;0.036;8.6689;6.8744;2.5395;0.0107;0.1199;1.7248;0.0086;1.834;0;1;0;0;2.2315;0.9983;1;1;0.9887;0.1699;0.897;0.8929;1;0.961;0.7756;0.998;0.998;1;0.998;0.998;0.8937;0.9483;0.1315;0.642;0.5803;0.0035;0.0168;0.0008;0.0039;0.0139;0.0003;0;0;0.088;0.4311;0;0;0;0;0;0;0;0;0;0;0;0;0.0112;0.001;0.5288;0.5288;0;25.38;25.38;9.8798;0.049;497.29;1063.4;1;0.0097;0.0097;0;0;0;0;0;0;0.5191;0.4311;0;15.491;17.938;12.629;14.624;98.167;98.167;5.4141;4.4597;3.6359;0.9544;0.8238;0.1763;0.1522;0.6716;8.2412;0.6677;0
23/12/21 06:00;19.733;-105.31;35.027;20.4;37.314;-90;-37.314;311.3;58.697;252.61;19.25;1.81;0;612.64;24.765;75.445;0;6.6903;719.54;0;719.54;612.64;75.445;24.765;6.6903;0.8514;0.0437;0;0.0093;711.96;7.5833;0;0;1.5447;6.0386;706.98;3.5553;2.4311;0.2994;0.7486;0.0762;710.54;1.4239;1.2253;0.1509;0.0464;0.0013;707.18;608.99;74.995;22.426;0.5742;18.639;14.78;6.6336;0.7964;0.2318;3.3343;0.2024;2.7696;0;1;0;0;2.3114;0.9895;1;1;0.9376;0.0974;0.995;0.996;1;0.9677;0.8829;0.998;0.998;1;0.998;0.998;0.9825;0.9055;0.0858;2.0478;2.03;0.0122;-0.0005;0.2114;0.0126;0.0449;0.0006;0;0;0.088;1.5882;0;0;0;0;0;0;0;0;0;0;0;0;0.0361;0.0098;1.7028;1.7028;0;54.488;54.488;35.237;0.0498;1752.6;971.6;1;0.0266;0.0266;0;0;0;0;0;0;1.6762;1.5882;0;15.638;18.108;14.585;16.89;98.437;98.437;17.269;14.36;13.394;2.909;0.9665;0.1684;0.056;0.7756;17.249;0.7729;0
23/12/21 07:00;31.743;-97.833;6.6551;31.984;58.016;-90;-58.016;532.3;89.702;442.6;22.85;1.96;0;835.6;27.721;100.92;0;26.287;990.53;0;990.53;835.6;100.92;27.721;26.287;0.8436;0.0545;0;0.0265;962.73;27.798;0;0;3.3078;24.491;959.64;1.1605;0.1917;0.0232;0.8486;0.0971;960.8;1.9255;1.6712;0.2018;0.0488;0.0036;964.05;833.73;100.7;23.516;1.6956;135.39;107.36;45.41;4.1172;1.7557;25.255;4.4079;22.893;0;1;0;0;1.8609;0.9719;1;1;0.8807;0.0683;0.9988;0.9998;1;0.9652;0.9458;0.998;0.998;1;0.998;0.998;0.9688;0.8483;0.0645;2.819;2.8088;0.0169;-0.0005;0.4607;0.0163;0.0579;0.004;0;0;0.088;2.0658;0;0;0;0;0;0;0;0;0;0;0;0;0.0466;0.0182;2.1886;2.1886;0;71.333;71.333;48.483;0.0505;2423.4;903.14;1;0.0348;0.0348;0;0;0;0;0;0;2.1538;2.0658;0;14.601;16.907;13.781;15.958;98.408;98.408;23.773;18.457;17.421;5.3156;1.036;0.2236;0.0436;0.7328;23.589;0.7191;0
23/12/21 08:00;43.972;-89.805;0.1405;43.972;46.028;-90;-46.028;726.61;121.1;605.51;25.78;2.92;0;872.1;39.211;107.75;0;23.322;1042.4;0;1042.4;872.1;107.75;39.211;23.322;0.8366;0.06;0;0.0224;1017.5;24.904;0;0;3.3439;21.56;1014.2;1.2733;0.0042;0.0005;1.1711;0.0975;1015.4;2.035;1.7442;0.2155;0.0717;0.0035;1020;870.35;107.54;34.624;1.6612;307.75;244.04;100.37;2.5943;3.7363;53.745;5.8448;54.887;0;1;0;0;1.4346;0.9761;1;1;0.9147;0.0756;0.9987;1;1;0.9673;0.9446;0.998;0.998;1;0.998;0.998;0.9729;0.883;0.0712;2.9666;3.026;0.0182;0.002;0.5609;0.0171;0.0607;0.0082;0;0;0.088;2.1644;0;0;0;0;0;0;0;0;0;0;0;0;0.0489;0.021;2.289;2.289;0;77.271;77.271;51.491;0.0508;2609.4;877.22;1;0.0366;0.0366;0;0;0;0;0;0;2.2524;2.1644;0;14.511;16.803;13.721;15.888;98.4;98.4;25.017;19.303;18.252;5.7139;1.0509;0.2284;0.042;0.7296;29.462;0.7025;0
23/12/21 09:00;56.179;-79.81;5.6513;56.599;33.401;-90;-33.401;914.1;150.8;763.3;27.54;3.6799;0;914.31;48.304;117.56;0;15.852;1096;0;1096;914.31;117.56;48.304;15.852;0.8342;0.0585;0;0.0145;1079.4;16.589;0;0;2.5328;14.056;1075.3;1.9501;0.1781;0.0229;1.4781;0.271;1077.3;2.1589;1.8286;0.2351;0.0915;0.0036;1079.7;912.3;117.31;44.201;1.5218;470.69;373.26;160.38;1.0636;5.0796;73.068;4.3292;77.084;0;1;0;0;1.199;0.9849;1;1;0.9476;0.1133;0.9982;0.9998;1;0.9676;0.8488;0.998;0.998;1;0.998;0.998;0.9811;0.9151;0.096;3.1192;3.2354;0.0195;0.0055;0.6589;0.0179;0.0633;0.0109;0;0;0.088;2.2469;0;0;0;0;0;0;0;0;0;0;0;0;0.051;0.0238;2.3845;2.3735;0;82.37;82.37;54.83;0.051;2712.5;875;1;0.0496;0.0385;0;0.0111;0;0;0;0;2.3349;2.2469;0;14.31;16.57;13.547;15.687;97.919;98.377;26.305;20.016;18.949;6.2891;1.0671;0.2391;0.0406;0.7203;32.626;0.6861;0
23/12/21 10:00;67.854;-63.936;9.5337;69.918;20.082;-90;-20.082;1029.8;169.9;859.91;28.98;4.2201;0;915.58;56.394;118.97;0;6.5743;1097.5;0;1097.5;915.58;118.97;56.394;6.5743;0.8342;0.0574;0;0.006;1090.7;6.7997;0;0;1.3113;5.4883;1086.1;2.4754;0.3009;0.0391;1.8972;0.2382;1088.5;2.1814;1.8312;0.2379;0.1102;0.0022;1087.6;913.44;118.69;53.075;0.8457;582.22;461.7;195.35;0.2058;6.4083;92.18;1.5833;98.383;0;1;0;0;1.0657;0.9938;1;1;0.9767;0.1652;0.9977;0.9997;1;0.9655;0.7802;0.998;0.998;1;0.998;0.998;0.9896;0.9412;0.1286;3.1234;3.2965;0.0199;0.0068;0.6961;0.018;0.0639;0.0137;0;0;0.088;2.2539;0;0;0;0;0;0;0;0;0;0;0;0;0.0515;0.0246;2.4021;2.3806;0;84.452;84.452;55.472;0.0511;2720.7;875;1;0.0601;0.0387;0;0.0214;0;0;0;0;2.3419;2.2539;0;14.333;16.598;13.571;15.714;97.496;98.374;26.34;20.076;19.008;6.2643;1.0685;0.2378;0.0406;0.7216;35.051;0.6789;0
23/12/21 11:00;76.942;-28.084;11.498;83.769;6.2313;-90;-6.2313;1082.1;178.1;904;29.42;4.44;0;909.37;60.84;117.77;0;0.6713;1088.7;0;1088.7;909.37;117.77;60.84;0.6713;0.8353;0.0565;0;0.0006;1087.9;0.7601;0;0;0.2016;0.5585;1082.7;3.0357;0.3604;0.0467;2.6034;0.0252;1085.7;2.1758;1.8187;0.2355;0.1213;0.0002;1082.8;907.19;117.49;57.914;0.0874;635.83;504.21;210.49;0.0024;7.169;103.12;0.0887;110.29;0;1;0;0;1.0061;0.9993;1;1;0.9967;0.1681;0.9972;0.9996;1;0.957;0.7764;0.998;0.998;1;0.998;0.998;0.9945;0.9519;0.1302;3.0982;3.3045;0.0199;0.0069;0.7012;0.018;0.064;0.0153;0;0;0.088;2.252;0;0;0;0;0;0;0;0;0;0;0;0;0.0515;0.0247;2.403;2.3787;0;84.732;84.732;55.312;0.0511;2718.5;875;1;0.0629;0.0387;0;0.0243;0;0;0;0;2.34;2.252;0;14.438;16.719;13.669;15.829;97.381;98.375;26.128;20.06;18.992;6.0682;1.0681;0.2322;0.0409;0.7269;36.194;0.6787;0
23/12/21 12:00;76.229;34.012;11.38;82.194;7.806;90;7.806;1076.7;178.7;898.01;30.74;4.3899;0;906.41;61.371;118.14;0;1.0476;1087;0;1087;906.41;118.14;61.371;1.0476;0.8339;0.0574;0;0.001;1085.8;1.1669;0;0;0.2948;0.8721;1080.6;3.0113;0.3556;0.0463;2.57;0.0393;1083.6;2.1716;1.8128;0.2363;0.1222;0.0004;1080.8;904.24;117.85;58.384;0.1358;631.29;500.61;212.26;0.0068;6.9051;99.328;0.1656;106.23;0;1;0;0;1.0095;0.9989;1;1;0.9952;0.1675;0.9972;0.9996;1;0.9578;0.7754;0.998;0.998;1;0.998;0.998;0.9942;0.9513;0.1296;3.0934;3.2911;0.0198;0.0067;0.7139;0.0179;0.0633;0.0146;0;0;0.088;2.2197;0;0;0;0;0;0;0;0;0;0;0;0;0.051;0.0245;2.3795;2.3456;0;86.004;86.004;55.264;0.0511;2680.7;875;1;0.0717;0.0379;0;0.0339;0;0;0;0;2.3077;2.2197;0;14.26;16.512;13.494;15.626;96.985;98.385;26.087;19.781;18.719;6.3061;1.0616;0.2417;0.0407;0.7176;36.612;0.6716;0
23/12/21 13:00;66.603;66.29;9.1883;68.388;21.612;90;21.612;1024.1;171;853.1;31.52;4.2901;0;917.61;56.35;121.11;0;7.5593;1102.6;0;1102.6;917.61;121.11;56.35;7.5593;0.8322;0.058;0;0.0069;1094.8;7.8524;0;0;1.4785;6.3738;1090.1;2.4516;0.2906;0.0384;1.8664;0.2563;1092.6;2.1896;1.8352;0.2422;0.1097;0.0024;1092;915.48;120.83;52.895;0.9268;574.8;455.82;192.04;0.2691;6.3846;91.84;1.8611;97.956;0;1;0;0;1.0767;0.9929;1;1;0.9738;0.1568;0.9978;0.9997;1;0.9659;0.7834;0.998;0.998;1;0.998;0.998;0.9887;0.9387;0.1226;3.138;3.3082;0.0199;0.007;0.7337;0.0178;0.0632;0.0134;0;0;0.088;2.2075;0;0;0;0;0;0;0;0;0;0;0;0;0.0509;0.0247;2.3774;2.3331;0;87.333;87.333;55.813;0.0512;2666.4;875;1;0.0819;0.0376;0;0.0444;0;0;0;0;2.2955;2.2075;0;13.982;16.191;13.229;15.319;96.553;98.389;26.463;19.675;18.616;6.788;1.0591;0.2565;0.04;0.7035;35.295;0.6622;0
23/12/21 14:00;54.819;81.113;5.1066;55.144;34.856;90;34.856;908.3;157.2;751.1;31.75;4.2101;0;915.32;49.943;124.71;0;17.111;1107.1;0;1107.1;915.32;124.71;49.943;17.111;0.8268;0.0606;0;0.0155;1088.9;18.16;0;0;2.8094;15.351;1084.8;1.9526;0.1611;0.022;1.5195;0.2501;1086.7;2.1778;1.8306;0.2494;0.0943;0.0035;1089.6;913.33;124.44;45.52;1.5066;460.82;365.43;155.54;1.2728;5.0843;73.136;4.7791;76.947;0;1;0;0;1.2188;0.9836;1;1;0.9437;0.1029;0.9982;0.9998;1;0.9677;0.8576;0.998;0.998;1;0.998;0.998;0.9799;0.9114;0.088;3.1507;3.2638;0.0197;0.0061;0.7236;0.0176;0.0624;0.0107;0;0;0.088;2.1822;0;0;0;0;0;0;0;0;0;0;0;0;0.0503;0.0241;2.3494;2.3072;0;87.287;87.287;55.537;0.0512;2636.8;875;1;0.0792;0.037;0;0.0422;0;0;0;0;2.2702;2.1822;0;13.771;15.947;13.025;15.083;96.63;98.397;26.57;19.457;18.403;7.1132;1.0541;0.2677;0.0397;0.6926;34.11;0.66;0
23/12/21 15:00;42.593;90.769;0.5662;42.595;47.405;90;47.405;729.6;149.2;580.39;31.52;4.09;0;857.54;49.099;133.92;0;24.759;1065.3;0;1065.3;857.54;133.92;49.099;24.759;0.805;0.0693;0;0.0232;1037.9;27.44;0;0;4.3852;23.055;1034.2;1.5722;0.0167;0.0026;1.4659;0.087;1035.8;2.0758;1.7151;0.2678;0.0894;0.0034;1040.1;855.81;133.65;43.159;1.6136;301.61;239.17;100.26;3.5952;3.6073;51.889;5.8421;51.901;0;1;0;0;1.4601;0.9742;1;1;0.9107;0.0688;0.9985;1;1;0.9672;0.9488;0.998;0.998;1;0.998;0.998;0.9708;0.879;0.0652;3.0318;3.0797;0.0185;0.0028;0.6504;0.0169;0.0598;0.0077;0;0;0.088;2.1142;0;0;0;0;0;0;0;0;0;0;0;0;0.0482;0.0217;2.2537;2.2376;0;84.337;84.337;52.817;0.0511;2557.3;875;1;0.0515;0.0354;0;0.0161;0;0;0;0;2.2022;2.1142;0;13.879;16.072;13.114;15.186;97.715;98.419;25.568;18.87;17.83;6.6976;1.0404;0.262;0.0407;0.6974;37.372;0.6728;0
23/12/21 16:00;30.378;98.684;7.4843;30.667;59.333;90;59.333;511.3;154.2;357.1;31.41;3.8;0;700.14;58.185;151.23;0;26.304;935.86;0;935.86;700.14;151.23;58.185;26.304;0.7481;0.0903;0;0.0281;904.05;31.815;0;0;7.1972;24.618;900.12;2.118;0.1806;0.039;1.7907;0.1077;902.24;1.8081;1.4003;0.3025;0.102;0.0034;904.72;698.56;150.89;49.095;1.5754;135.17;107.19;47.65;9.353;1.9434;27.956;4.5967;20.546;0;1;0;0;1.8304;0.966;1;1;0.8763;0.0641;0.9977;0.9997;1;0.9648;0.936;0.998;0.998;1;0.998;0.998;0.9618;0.8438;0.0599;2.6634;2.6445;0.0159;-0.0015;0.4904;0.015;0.0531;0.0043;0;0;0.088;1.8897;0;0;0;0;0;0;0;0;0;0;0;0;0.0428;0.0162;2.0083;2.0083;0;77.103;77.103;45.693;0.0508;2282.5;879.86;1;0.0305;0.0305;0;0;0;0;0;0;1.9777;1.8897;0;14.18;16.42;13.343;15.451;98.479;98.479;22.461;16.936;15.936;5.5247;0.9997;0.246;0.0445;0.7095;50.259;0.694;0
23/12/21 17:00;18.405;106.15;40.026;19.108;33.444;90;33.444;280.2;149.8;130.4;30.66;2.59;0;316.26;97.201;106.29;0;4.8715;524.63;0;524.63;316.26;106.29;97.201;4.8715;0.6028;0.1946;0;0.0093;515.16;9.4647;0;0;5.1232;4.3414;508.17;5.9635;2.1778;0.7319;2.9724;0.0814;514.13;1.0303;0.6325;0.2126;0.1842;0.0011;508.77;313.45;105.35;88.921;0.4476;66.529;52.758;22.645;2.1429;0.8491;12.213;0.5975;10.92;0;1;0;0;1.8723;0.982;1;1;0.9473;0.1088;0.9884;0.9931;1;0.9677;0.8462;0.998;0.998;1;0.998;0.998;0.9686;0.9148;0.0919;1.4931;1.4801;0.0089;0.0054;0.164;0.0091;0.0323;0.002;0;0;0.088;1.1206;0;0;0;0;0;0;0;0;0;0;0;0;0.026;0.0055;1.2268;1.2268;0;56.052;56.052;25.392;0.05;1275.2;962.06;1;0.0182;0.0182;0;0;0;0;0;0;1.2086;1.1206;0;15.453;17.894;14.115;16.345;98.516;98.516;12.591;10.346;9.4505;2.2449;0.8957;0.1783;0.0711;0.7506;65.675;0.7377;0
23/12/21 18:00;6.8836;113.87;73.101;7.5204;10.986;90;10.986;69.992;65.901;4.0916;29.01;2.6399;0;9.9232;63.718;3.8651;0;0.1347;77.641;0;77.641;9.9232;3.8651;63.718;0.1347;0.1278;0.8224;0;0.0017;76.989;0.6516;0;0;0.5395;0.1121;72.218;4.6176;1.4925;0.5813;2.5387;0.0051;76.835;0.154;0.0198;0.0077;0.1264;0;72.24;8.4109;3.2761;60.513;0.0175;38.319;30.387;12.131;0.0265;0.4698;6.7581;0.0224;7.2015;0;1;0;0;1.1093;0.9916;1;1;0.9915;0.1679;0.9399;0.8493;1;0.9597;0.7748;0.998;0.998;1;0.998;0.998;0.9302;0.9497;0.1298;0.221;0.2202;0.0013;0.0152;0.0062;0.0014;0.0049;0.0012;0;0;0.088;0.0922;0;0;0;0;0;0;0;0;0;0;0;0;0.0039;0.0002;0.1859;0.1859;0;32.607;32.607;3.5969;0.0498;187.22;992.72;1;0.0057;0.0057;0;0;0;0;0;0;0.1802;0.0922;0;15.818;18.317;7.8463;9.0858;96.951;96.951;1.8634;1.5674;0.7775;0.296;0.7899;0.1589;0.4239;0.4172;38.291;0.3917;0
23/12/21 19:00;0.6474;118.56;88.43;0.7371;1.0509;90;1.0509;0;0;0;25.39;2.73;0;0;0;0;0;0;0;0;0;0;0;0;0;1;1;1;1;0;0;0;0;0;0;0;0;0;0;0;0;0;0;0;0;0;0;0;0;0;0;0;0;0;0;0;0;0;0;0;0;0;0;0;1;1;1;1;1;1;1;1;1;1;1;1;1;1;1;1;1;1;1;0;0;0;0;0;0;0;0;0;0.0004;0.088;-0.0884;0;0;0;0;0;0;0;0;0;0;0;0;0;0;0;0;0;0;0;-25.39;0;0;0;0;0.0004;0;0;0;0;0;0;0;-0.0004;-0.0884;0;0;0;0;0;0;0;0;0;-0.7452;0;0.7452;1;1;0;0;0;0
23/12/21 20:00;0;0;90;0;0;90;0;0;0;0;20.36;2.68;0;0;0;0;0;0;0;0;0;0;0;0;0;1;1;1;1;0;0;0;0;0;0;0;0;0;0;0;0;0;0;0;0;0;0;0;0;0;0;0;0;0;0;0;0;0;0;0;0;0;0;0;1;1;1;1;1;1;1;1;1;1;1;1;1;1;1;1;1;1;1;0;0;0;0;0;0;0;0;0;0.0004;0.088;-0.0884;0;0;0;0;0;0;0;0;0;0;0;0;0;0;0;0;0;0;0;-20.36;0;0;0;0;0.0004;0;0;0;0;0;0;0;-0.0004;-0.0884;0;0;0;0;0;0;0;0;0;-0.7452;0;0.7452;1;1;0;0;0;0
23/12/21 21:00;0;0;90;0;0;90;0;0;0;0;16.2;2.5499;0;0;0;0;0;0;0;0;0;0;0;0;0;1;1;1;1;0;0;0;0;0;0;0;0;0;0;0;0;0;0;0;0;0;0;0;0;0;0;0;0;0;0;0;0;0;0;0;0;0;0;0;1;1;1;1;1;1;1;1;1;1;1;1;1;1;1;1;1;1;1;0;0;0;0;0;0;0;0;0;0.0004;0.088;-0.0884;0;0;0;0;0;0;0;0;0;0;0;0;0;0;0;0;0;0;0;-16.2;0;0;0;0;0.0004;0;0;0;0;0;0;0;-0.0004;-0.0884;0;0;0;0;0;0;0;0;0;-0.7452;0;0.7452;1;1;0;0;0;0
23/12/21 22:00;0;0;90;0;0;90;0;0;0;0;15;2.3701;0;0;0;0;0;0;0;0;0;0;0;0;0;1;1;1;1;0;0;0;0;0;0;0;0;0;0;0;0;0;0;0;0;0;0;0;0;0;0;0;0;0;0;0;0;0;0;0;0;0;0;0;1;1;1;1;1;1;1;1;1;1;1;1;1;1;1;1;1;1;1;0;0;0;0;0;0;0;0;0;0.0004;0.088;-0.0884;0;0;0;0;0;0;0;0;0;0;0;0;0;0;0;0;0;0;0;-15;0;0;0;0;0.0004;0;0;0;0;0;0;0;-0.0004;-0.0884;0;0;0;0;0;0;0;0;0;-0.7452;0;0.7452;1;1;0;0;0;0
23/12/21 23:00;0;0;90;0;0;90;0;0;0;0;14.94;2.18;0;0;0;0;0;0;0;0;0;0;0;0;0;1;1;1;1;0;0;0;0;0;0;0;0;0;0;0;0;0;0;0;0;0;0;0;0;0;0;0;0;0;0;0;0;0;0;0;0;0;0;0;1;1;1;1;1;1;1;1;1;1;1;1;1;1;1;1;1;1;1;0;0;0;0;0;0;0;0;0;0.0004;0.088;-0.0884;0;0;0;0;0;0;0;0;0;0;0;0;0;0;0;0;0;0;0;-14.94;0;0;0;0;0.0004;0;0;0;0;0;0;0;-0.0004;-0.0884;0;0;0;0;0;0;0;0;0;-0.7452;0;0.7452;1;1;0;0;0;0
24/12/21 00:00;0;0;90;0;0;90;0;0;0;0;14.14;2.18;0;0;0;0;0;0;0;0;0;0;0;0;0;1;1;1;1;0;0;0;0;0;0;0;0;0;0;0;0;0;0;0;0;0;0;0;0;0;0;0;0;0;0;0;0;0;0;0;0;0;0;0;1;1;1;1;1;1;1;1;1;1;1;1;1;1;1;1;1;1;1;0;0;0;0;0;0;0;0;0;0.0004;0.088;-0.0884;0;0;0;0;0;0;0;0;0;0;0;0;0;0;0;0;0;0;0;-14.14;0;0;0;0;0.0004;0;0;0;0;0;0;0;-0.0004;-0.0884;0;0;0;0;0;0;0;0;0;-0.7452;0;0.7452;1;1;0;0;0;0
24/12/21 01:00;0;0;90;0;0;90;0;0;0;0;13.4;2.36;0;0;0;0;0;0;0;0;0;0;0;0;0;1;1;1;1;0;0;0;0;0;0;0;0;0;0;0;0;0;0;0;0;0;0;0;0;0;0;0;0;0;0;0;0;0;0;0;0;0;0;0;1;1;1;1;1;1;1;1;1;1;1;1;1;1;1;1;1;1;1;0;0;0;0;0;0;0;0;0;0.0004;0.088;-0.0884;0;0;0;0;0;0;0;0;0;0;0;0;0;0;0;0;0;0;0;-13.4;0;0;0;0;0.0004;0;0;0;0;0;0;0;-0.0004;-0.0884;0;0;0;0;0;0;0;0;0;-0.7452;0;0.7452;1;1;0;0;0;0
24/12/21 02:00;0;0;90;0;0;90;0;0;0;0;13.07;2.5401;0;0;0;0;0;0;0;0;0;0;0;0;0;1;1;1;1;0;0;0;0;0;0;0;0;0;0;0;0;0;0;0;0;0;0;0;0;0;0;0;0;0;0;0;0;0;0;0;0;0;0;0;1;1;1;1;1;1;1;1;1;1;1;1;1;1;1;1;1;1;1;0;0;0;0;0;0;0;0;0;0.0004;0.088;-0.0884;0;0;0;0;0;0;0;0;0;0;0;0;0;0;0;0;0;0;0;-13.07;0;0;0;0;0.0004;0;0;0;0;0;0;0;-0.0004;-0.0884;0;0;0;0;0;0;0;0;0;-0.7452;0;0.7452;1;1;0;0;0;0
24/12/21 03:00;0;0;90;0;0;90;0;0;0;0;12.2;2.7001;0;0;0;0;0;0;0;0;0;0;0;0;0;1;1;1;1;0;0;0;0;0;0;0;0;0;0;0;0;0;0;0;0;0;0;0;0;0;0;0;0;0;0;0;0;0;0;0;0;0;0;0;1;1;1;1;1;1;1;1;1;1;1;1;1;1;1;1;1;1;1;0;0;0;0;0;0;0;0;0;0.0004;0.088;-0.0884;0;0;0;0;0;0;0;0;0;0;0;0;0;0;0;0;0;0;0;-12.2;0;0;0;0;0.0004;0;0;0;0;0;0;0;-0.0004;-0.0884;0;0;0;0;0;0;0;0;0;-0.7452;0;0.7452;1;1;0;0;0;0
24/12/21 04:00;1.2245;-118.08;87.029;1.3878;1.9797;-90;-1.9797;0;0;0;11.78;3.1999;0;0;0;0;0;0;0;0;0;0;0;0;0;1;1;1;1;0;0;0;0;0;0;0;0;0;0;0;0;0;0;0;0;0;0;0;0;0;0;0;0;0;0;0;0;0;0;0;0;0;0;0;1;1;1;1;1;1;1;1;1;1;1;1;1;1;1;1;1;1;1;0;0;0;0;0;0;0;0;0;0.0004;0.088;-0.0884;0;0;0;0;0;0;0;0;0;0;0;0;0;0;0;0;0;0;0;-11.78;0;0;0;0;0.0004;0;0;0;0;0;0;0;-0.0004;-0.0884;0;0;0;0;0;0;0;0;0;-0.7452;0;0.7452;1;1;0;0;0;0
24/12/21 05:00;8.0491;-113.02;70.148;8.7351;12.877;-90;-12.877;105.1;18.898;86.198;13.97;4.1599;0;209.05;10.523;19.986;0;0.2775;239.84;0;239.84;209.05;19.986;10.523;0.2775;0.8716;0.045;0;0.0012;239.5;0.3463;0;0;0.1159;0.2304;213.44;25.575;22.963;2.1953;0.4058;0.0106;239.02;0.479;0.4181;0.04;0.0208;0.0001;213.45;185.67;17.751;9.9809;0.0365;6.8214;5.4094;1.9528;0.0079;0.0973;1.3993;0.0069;1.4886;0;1;0;0;2.2821;0.9986;1;1;0.989;0.1699;0.893;0.8899;1;0.9609;0.7756;0.998;0.998;1;0.998;0.998;0.8899;0.9484;0.1315;0.6826;0.6135;0.0037;0.0166;-0.0013;0.0042;0.0148;0.0003;0;0;0.088;0.4642;0;0;0;0;0;0;0;0;0;0;0;0;0.0119;0.0011;0.5623;0.5623;0;24.417;24.417;10.447;0.0489;525.83;1069.3;1;0.0101;0.0101;0;0;0;0;0;0;0.5522;0.4642;0;15.492;17.939;12.789;14.809;98.202;98.202;5.7562;4.7419;3.9145;1.0143;0.8274;0.1762;0.1437;0.68;6.3587;0.6771;0
24/12/21 06:00;19.63;-105.35;35.437;20.298;36.982;-90;-36.982;310.89;57.599;253.29;19.74;3.9701;0;614.31;24.137;74.607;0;6.5672;719.62;0;719.62;614.31;74.607;24.137;6.5672;0.8537;0.0427;0;0.0091;712.22;7.4037;0;0;1.4847;5.919;707.09;3.7069;2.5849;0.3139;0.7302;0.0778;710.79;1.4244;1.2286;0.1492;0.0453;0.0013;707.28;610.5;74.144;21.877;0.5691;18.158;14.399;6.4601;0.7529;0.2245;3.2289;0.1927;2.7005;0;1;0;0;2.3147;0.9897;1;1;0.9385;0.0987;0.9948;0.9958;1;0.9677;0.8797;0.998;0.998;1;0.998;0.998;0.9826;0.9064;0.0867;2.048;2.0301;0.0122;-0.0005;0.2151;0.0126;0.0448;0.0005;0;0;0.088;1.5848;0;0;0;0;0;0;0;0;0;0;0;0;0.0361;0.0099;1.6993;1.6993;0;54.998;54.998;35.257;0.0499;1752.8;969.5;1;0.0265;0.0265;0;0;0;0;0;0;1.6728;1.5848;0;15.604;18.069;14.553;16.852;98.44;98.44;17.271;14.331;13.365;2.9401;0.9656;0.1702;0.0559;0.7739;16.766;0.7713;0
24/12/21 07:00;31.637;-97.874;6.698;31.88;58.12;-90;-58.12;533.61;89.103;444.5;24.45;2.7001;0;841.63;27.215;101.27;0;26.437;996.55;0;996.55;841.63;101.27;27.215;26.437;0.8445;0.0538;0;0.0265;968.66;27.886;0;0;3.2558;24.63;965.58;1.1497;0.1943;0.0234;0.8335;0.0986;966.73;1.9373;1.6833;0.2025;0.0479;0.0036;970;839.75;101.04;23.078;1.7052;134.3;106.5;44.857;4.0678;1.7528;25.214;4.4253;22.899;0;1;0;0;1.8676;0.972;1;1;0.8804;0.0684;0.9988;0.9998;1;0.9651;0.9454;0.998;0.998;1;0.998;0.998;0.9689;0.848;0.0645;2.8361;2.8258;0.017;-0.0003;0.4839;0.0163;0.0577;0.0039;0;0;0.088;2.0598;0;0;0;0;0;0;0;0;0;0;0;0;0.0465;0.0184;2.1824;2.1824;0;73.313;73.313;48.862;0.0506;2438.7;894.9;1;0.0345;0.0345;0;0;0;0;0;0;2.1478;2.0598;0;14.471;16.757;13.658;15.816;98.418;98.418;23.917;18.404;17.371;5.5131;1.0332;0.2305;0.0432;0.7263;23.186;0.7128;0
24/12/21 08:00;43.866;-89.851;0.1073;43.866;46.134;-90;-46.134;739.6;121.7;617.9;26.39;2.3899;0;891.66;37.951;110.92;0;23.843;1064.4;0;1064.4;891.66;110.92;37.951;23.843;0.8377;0.0581;0;0.0224;1039.1;25.292;0;0;3.2473;22.045;1035.8;1.2357;0.0033;0.0004;1.1334;0.0986;1037;2.0782;1.7833;0.2218;0.0694;0.0036;1041.5;889.88;110.7;33.501;1.6955;311.95;247.37;102.87;2.5313;3.7075;53.33;5.7755;54.506;0;1;0;0;1.4391;0.9762;1;1;0.9144;0.0754;0.9988;1;1;0.9673;0.945;0.998;0.998;1;0.998;0.998;0.9731;0.8827;0.0711;3.0291;3.0868;0.0186;0.0029;0.592;0.0173;0.0614;0.0081;0;0;0.088;2.1901;0;0;0;0;0;0;0;0;0;0;0;0;0.0495;0.0218;2.3152;2.3152;0;79.056;79.056;52.666;0.0508;2643.1;875;1;0.0372;0.0372;0;0;0;0;0;0;2.2781;2.1901;0;14.374;16.644;13.597;15.745;98.394;98.394;25.545;19.525;18.469;6.0203;1.0556;0.2357;0.0413;0.723;28.544;0.6969;0
24/12/21 09:00;56.074;-79.875;5.6306;56.489;33.511;-90;-33.511;960.2;158.4;801.8;28.1;2.44;0;961.64;45.827;130.04;0;16.758;1154.3;0;1154.3;961.64;130.04;45.827;16.758;0.8331;0.0542;0;0.0145;1137;17.282;0;0;2.4154;14.867;1132.8;1.8973;0.1867;0.0252;1.4017;0.2837;1134.7;2.274;1.9233;0.2601;0.0868;0.0038;1137.4;959.53;129.75;41.924;1.6039;493.28;391.17;168.11;1.0209;5.3156;76.462;4.5746;80.757;0;1;0;0;1.2021;0.985;1;1;0.9473;0.1129;0.9983;0.9998;1;0.9676;0.8497;0.998;0.998;1;0.998;0.998;0.9814;0.9148;0.0957;3.2849;3.4073;0.0205;0.0093;0.7387;0.0185;0.0655;0.0112;0;0;0.088;2.3019;0;0;0;0;0;0;0;0;0;0;0;0;0.0528;0.0262;2.4646;2.4297;0;86.041;86.041;57.94;0.0511;2776.8;875;1;0.0747;0.0398;0;0.0349;0;0;0;0;2.3899;2.3019;0;13.91;16.107;13.178;15.26;96.968;98.36;27.702;20.49;19.412;7.2124;1.0781;0.2604;0.0389;0.7007;30.979;0.6676;0
24/12/21 10:00;67.755;-64.071;9.528;69.805;20.195;-90;-20.195;1280.2;211.2;1069;29.08;2.51;0;1139;37.237;184.1;0;8.2639;1368.6;0;1368.6;1139;184.1;37.237;8.2639;0.8322;0.0332;0;0.006;1360.9;7.7753;0;0;0.8737;6.9017;1356.1;1.9842;0.3741;0.0605;1.2513;0.2983;1358.1;2.7217;2.2781;0.3682;0.0727;0.0027;1358.1;1136.4;183.67;35.039;1.0612;722.06;572.59;242.61;0.1397;7.918;113.9;1.99;121.68;0;1;0;0;1.0691;0.9943;1;1;0.9765;0.1648;0.9985;0.9997;1;0.9655;0.7806;0.998;0.998;1;0.998;0.998;0.9909;0.941;0.1284;3.895;4.1139;0.0248;0.0328;1.0871;0.0208;0.0737;0.0156;0;0;0.088;2.3148;0;0;0;0;0;0;0;0;0;0;0;0;0.0594;0.0375;2.7623;2.4429;0;99.239;99.239;70.159;0.0517;2791.9;875;1;0.3595;0.0401;0;0.3193;0;0;0;0;2.4028;2.3148;0;11.795;13.658;11.176;12.942;86.986;98.357;32.847;20.601;19.521;12.246;1.0807;0.3728;0.0329;0.5943;23.157;0.5594;0
24/12/21 11:00;76.879;-28.489;11.509;83.656;6.3443;-90;-6.3443;937.5;250.3;687.21;30.86;2.68;0;691.44;124.81;125.88;0;0.6029;942.73;0;942.73;691.44;125.88;124.81;0.6029;0.7334;0.133;0;0.0006;941.8;0.9273;0;0;0.4258;0.5015;934.24;5.6798;0.2743;0.0499;5.3329;0.0226;939.92;1.8836;1.3829;0.2518;0.2488;0.0002;934.32;689.78;125.57;118.8;0.0785;551.23;437.12;181.76;0.0052;6.2624;90.082;0.0794;96.34;0;1;0;0;1.0056;0.999;1;1;0.9966;0.1681;0.994;0.9996;1;0.957;0.7763;0.998;0.998;1;0.998;0.998;0.991;0.9519;0.1303;2.6829;2.8536;0.0172;-0.0001;0.541;0.0161;0.057;0.0138;0;0;0.088;2.0229;0;0;0;0;0;0;0;0;0;0;0;0;0.0459;0.0187;2.1441;2.1441;0;78.332;78.332;47.472;0.0508;2449;875;1;0.0332;0.0332;0;0;0;0;0;0;2.1109;2.0229;0;15.029;17.403;14.179;16.419;98.452;98.452;22.626;18.081;17.059;4.5442;1.0221;0.2008;0.0452;0.754;74.265;0.7036;0
24/12/21 12:00;76.268;33.573;11.407;82.304;7.696;90;7.696;1100.5;181.6;918.9;31.51;2.9499;0;927.26;59.65;122.78;0;1.0408;1110.7;0;1110.7;927.26;122.78;59.65;1.0408;0.8348;0.0546;0;0.0009;1109.6;1.1465;0;0;0.2799;0.8666;1104.4;2.9538;0.3646;0.0483;2.5019;0.0391;1107.4;2.2192;1.8545;0.2456;0.1187;0.0003;1104.6;925.04;122.49;56.749;0.1349;645.32;511.74;217.02;0.0062;7.0564;101.5;0.163;108.55;0;1;0;0;1.0093;0.999;1;1;0.9953;0.1674;0.9973;0.9996;1;0.9578;0.7755;0.998;0.998;1;0.998;0.998;0.9943;0.9514;0.1296;3.161;3.3636;0.0203;0.0083;0.755;0.0181;0.0641;0.0148;0;0;0.088;2.2278;0;0;0;0;0;0;0;0;0;0;0;0;0.0516;0.0255;2.4061;2.3539;0;88.09;88.09;56.58;0.0512;2690.1;875;1;0.0903;0.0381;0;0.0523;0;0;0;0;2.3158;2.2278;0;14.004;16.216;13.254;15.347;96.246;98.382;26.658;19.85;18.787;6.8071;1.0632;0.2554;0.0399;0.7048;35.577;0.6596;0
24/12/21 13:00;66.681;66.092;9.2314;68.492;21.508;90;21.508;1017.3;172.1;845.2;31.89;3.1899;0;908.46;57.815;120.6;0;7.4379;1094.3;0;1094.3;908.46;120.6;57.815;7.4379;0.8302;0.0596;0;0.0068;1086.5;7.7742;0;0;1.5053;6.2689;1081.9;2.4974;0.2891;0.0384;1.9168;0.2531;1084.4;2.1731;1.8169;0.2412;0.1126;0.0023;1083.7;906.36;120.32;54.281;0.9136;571.37;453.1;190.84;0.2712;6.3497;91.338;1.8292;97.416;0;1;0;0;1.0757;0.9929;1;1;0.974;0.1572;0.9977;0.9997;1;0.9659;0.7831;0.998;0.998;1;0.998;0.998;0.9886;0.9389;0.1228;3.1143;3.2835;0.0198;0.0065;0.7277;0.0177;0.0628;0.0134;0;0;0.088;2.1921;0;0;0;0;0;0;0;0;0;0;0;0;0.0506;0.0244;2.3607;2.3173;0;87.276;87.276;55.386;0.0512;2648.3;875;1;0.0806;0.0372;0;0.0434;0;0;0;0;2.2801;2.1921;0;13.993;16.203;13.237;15.328;96.584;98.394;26.263;19.542;18.486;6.7215;1.056;0.2559;0.0402;0.7039;36.194;0.6625;0
24/12/21 14:00;54.906;80.995;5.1631;55.24;34.76;90;34.76;898.81;160.8;738.01;32.6;3.39;0;898.32;52.883;125.05;0;16.841;1093.1;0;1093.1;898.32;125.05;52.883;16.841;0.8218;0.0638;0;0.0154;1075;18.064;0;0;2.9619;15.102;1070.8;2.0401;0.1599;0.0223;1.6094;0.2485;1072.9;2.15;1.7966;0.2501;0.0998;0.0035;1075.5;896.36;124.78;48.212;1.4872;456.94;362.36;154.23;1.3347;5.0465;72.591;4.7055;76.303;0;1;0;0;1.2162;0.9835;1;1;0.944;0.1033;0.9981;0.9998;1;0.9677;0.8568;0.998;0.998;1;0.998;0.998;0.9796;0.9117;0.0883;3.1108;3.2226;0.0194;0.0053;0.7164;0.0174;0.0616;0.0106;0;0;0.088;2.152;0;0;0;0;0;0;0;0;0;0;0;0;0.0496;0.0236;2.3187;2.2762;0;87.428;87.428;54.827;0.0512;2601.4;875;1;0.0788;0.0363;0;0.0425;0;0;0;0;2.24;2.152;0;13.76;15.934;13.009;15.064;96.602;98.407;26.234;19.196;18.148;7.0385;1.048;0.2683;0.0399;0.6918;36.091;0.659;0
24/12/21 15:00;42.682;90.679;0.4993;42.684;47.316;90;47.316;717.9;158.4;559.49;32.4;3.48;0;825.27;55.207;136.59;0;24.276;1041.3;0;1041.3;825.27;136.59;55.207;24.276;0.7925;0.0763;0;0.0233;1013.8;27.519;0;0;4.9172;22.602;1010;1.7507;0.0142;0.0024;1.6482;0.086;1011.8;2.0276;1.6505;0.2732;0.1006;0.0033;1015.8;823.6;136.31;48.541;1.5842;299.43;237.45;99.734;4.0154;3.5974;51.747;5.7751;51.329;0;1;0;0;1.4505;0.9736;1;1;0.9109;0.0689;0.9983;1;1;0.9672;0.9485;0.998;0.998;1;0.998;0.998;0.9699;0.8793;0.0653;2.9636;3.01;0.0181;0.0018;0.632;0.0165;0.0585;0.0077;0;0;0.088;2.0716;0;0;0;0;0;0;0;0;0;0;0;0;0.0472;0.0207;2.2074;2.194;0;83.964;83.964;51.564;0.0511;2507.4;875;1;0.0478;0.0344;0;0.0134;0;0;0;0;2.1596;2.0716;0;13.922;16.122;13.146;15.222;97.835;98.434;24.992;18.502;17.47;6.4901;1.0319;0.2597;0.0413;0.699;41.986;0.674;0
24/12/21 16:00;30.466;98.605;7.4097;30.75;59.25;90;59.25;504.7;162;342.69;32.62;3.3401;0;670.25;63.808;151.7;0;25.898;911.66;0;911.66;670.25;151.7;63.808;25.898;0.7352;0.0984;0;0.0284;879.54;32.116;0;0;7.8767;24.239;875.5;2.278;0.1712;0.0387;1.9629;0.1051;877.78;1.7591;1.3405;0.3034;0.1119;0.0033;880.15;668.74;151.35;53.856;1.5509;138.07;109.49;48.949;10.205;2.0093;28.903;4.6489;20.707;0;1;0;0;1.8063;0.9648;1;1;0.8766;0.0641;0.9974;0.9997;1;0.9648;0.9365;0.998;0.998;1;0.998;0.998;0.9603;0.844;0.0599;2.5945;2.5761;0.0155;-0.0018;0.4777;0.0146;0.0518;0.0044;0;0;0.088;1.8392;0;0;0;0;0;0;0;0;0;0;0;0;0.0417;0.0154;1.9568;1.9568;0;77.062;77.062;44.442;0.0508;2223.2;880.18;1;0.0296;0.0296;0;0;0;0;0;0;1.9272;1.8392;0;14.183;16.424;13.331;15.437;98.487;98.487;21.88;16.502;15.51;5.3779;0.9918;0.2458;0.0453;0.7089;55.062;0.6924;0
24/12/21 17:00;18.49;106.07;39.723;19.188;33.667;90;33.667;276.9;153.4;123.5;31.89;2.33;0;299.53;101.77;102.63;0;4.8767;508.8;0;508.8;299.53;102.63;101.77;4.8767;0.5887;0.2096;0;0.0096;499.03;9.7713;0;0;5.4206;4.3507;492.14;5.8873;2.0095;0.6885;3.1094;0.0798;498.03;0.9981;0.5991;0.2053;0.1927;0.0011;492.8;296.92;101.73;93.047;0.4451;69.69;55.264;23.352;2.2955;0.9167;13.186;0.6618;11.807;0;1;0;0;1.8375;0.9808;1;1;0.9467;0.1079;0.9882;0.9933;1;0.9677;0.8479;0.998;0.998;1;0.998;0.998;0.9673;0.9143;0.0913;1.448;1.4364;0.0087;0.006;0.1616;0.0088;0.0313;0.0022;0;0;0.088;1.0819;0;0;0;0;0;0;0;0;0;0;0;0;0.0252;0.0052;1.1875;1.1875;0;56.494;56.494;24.604;0.05;1237.6;959.51;1;0.0176;0.0176;0;0;0;0;0;0;1.1699;1.0819;0;15.422;17.858;14.05;16.27;98.517;98.517;12.211;10.014;9.1234;2.1972;0.8906;0.1799;0.0729;0.7471;68.878;0.7329;0
24/12/21 18:00;6.9624;113.79;72.903;7.6017;11.111;90;11.111;69.309;65.502;3.8069;30.82;2.4501;0;9.2328;63.444;3.5339;0;0.1364;76.348;0;76.348;9.2328;3.5339;63.444;0.1364;0.1209;0.8328;0;0.0018;75.687;0.661;0;0;0.5475;0.1135;71.128;4.4068;1.359;0.5202;2.5225;0.0051;75.535;0.1514;0.0185;0.0071;0.1258;0;71.151;7.8554;3.0067;60.249;0.0177;38.166;30.265;12.084;0.0275;0.4679;6.7306;0.023;7.171;0;1;0;0;1.1016;0.9913;1;1;0.9914;0.1679;0.9417;0.8525;1;0.9598;0.7748;0.998;0.998;1;0.998;0.998;0.9316;0.9496;0.1298;0.2173;0.2171;0.0013;0.0152;0.0075;0.0014;0.0048;0.0011;0;0;0.088;0.0881;0;0;0;0;0;0;0;0;0;0;0;0;0.0039;0.0002;0.1817;0.1817;0;34.368;34.368;3.5485;0.0499;184.5;984.73;1;0.0056;0.0056;0;0;0;0;0;0;0.1761;0.0881;0;15.725;18.209;7.628;8.8331;96.944;96.944;1.8323;1.5322;0.7432;0.3002;0.7889;0.1638;0.4306;0.4056;38.14;0.3805;0
24/12/21 19:00;0.7219;118.48;88.249;0.8213;1.1709;90;1.1709;0;0;0;25.85;2.4699;0;0;0;0;0;0;0;0;0;0;0;0;0;1;1;1;1;0;0;0;0;0;0;0;0;0;0;0;0;0;0;0;0;0;0;0;0;0;0;0;0;0;0;0;0;0;0;0;0;0;0;0;1;1;1;1;1;1;1;1;1;1;1;1;1;1;1;1;1;1;1;0;0;0;0;0;0;0;0;0;0.0004;0.088;-0.0884;0;0;0;0;0;0;0;0;0;0;0;0;0;0;0;0;0;0;0;-25.85;0;0;0;0;0.0004;0;0;0;0;0;0;0;-0.0004;-0.0884;0;0;0;0;0;0;0;0;0;-0.7452;0;0.7452;1;1;0;0;0;0
24/12/21 20:00;0;0;90;0;0;90;0;0;0;0;21.6;2.2499;0;0;0;0;0;0;0;0;0;0;0;0;0;1;1;1;1;0;0;0;0;0;0;0;0;0;0;0;0;0;0;0;0;0;0;0;0;0;0;0;0;0;0;0;0;0;0;0;0;0;0;0;1;1;1;1;1;1;1;1;1;1;1;1;1;1;1;1;1;1;1;0;0;0;0;0;0;0;0;0;0.0004;0.088;-0.0884;0;0;0;0;0;0;0;0;0;0;0;0;0;0;0;0;0;0;0;-21.6;0;0;0;0;0.0004;0;0;0;0;0;0;0;-0.0004;-0.0884;0;0;0;0;0;0;0;0;0;-0.7452;0;0.7452;1;1;0;0;0;0
24/12/21 21:00;0;0;90;0;0;90;0;0;0;0;19.32;1.89;0;0;0;0;0;0;0;0;0;0;0;0;0;1;1;1;1;0;0;0;0;0;0;0;0;0;0;0;0;0;0;0;0;0;0;0;0;0;0;0;0;0;0;0;0;0;0;0;0;0;0;0;1;1;1;1;1;1;1;1;1;1;1;1;1;1;1;1;1;1;1;0;0;0;0;0;0;0;0;0;0.0004;0.088;-0.0884;0;0;0;0;0;0;0;0;0;0;0;0;0;0;0;0;0;0;0;-19.32;0;0;0;0;0.0004;0;0;0;0;0;0;0;-0.0004;-0.0884;0;0;0;0;0;0;0;0;0;-0.7452;0;0.7452;1;1;0;0;0;0
24/12/21 22:00;0;0;90;0;0;90;0;0;0;0;18;1.5801;0;0;0;0;0;0;0;0;0;0;0;0;0;1;1;1;1;0;0;0;0;0;0;0;0;0;0;0;0;0;0;0;0;0;0;0;0;0;0;0;0;0;0;0;0;0;0;0;0;0;0;0;1;1;1;1;1;1;1;1;1;1;1;1;1;1;1;1;1;1;1;0;0;0;0;0;0;0;0;0;0.0004;0.088;-0.0884;0;0;0;0;0;0;0;0;0;0;0;0;0;0;0;0;0;0;0;-18;0;0;0;0;0.0004;0;0;0;0;0;0;0;-0.0004;-0.0884;0;0;0;0;0;0;0;0;0;-0.7452;0;0.7452;1;1;0;0;0;0
24/12/21 23:00;0;0;90;0;0;90;0;0;0;0;17.59;1.5299;0;0;0;0;0;0;0;0;0;0;0;0;0;1;1;1;1;0;0;0;0;0;0;0;0;0;0;0;0;0;0;0;0;0;0;0;0;0;0;0;0;0;0;0;0;0;0;0;0;0;0;0;1;1;1;1;1;1;1;1;1;1;1;1;1;1;1;1;1;1;1;0;0;0;0;0;0;0;0;0;0.0004;0.088;-0.0884;0;0;0;0;0;0;0;0;0;0;0;0;0;0;0;0;0;0;0;-17.59;0;0;0;0;0.0004;0;0;0;0;0;0;0;-0.0004;-0.0884;0;0;0;0;0;0;0;0;0;-0.7452;0;0.7452;1;1;0;0;0;0
25/12/21 00:00;0;0;90;0;0;90;0;0;0;0;17.23;1.9901;0;0;0;0;0;0;0;0;0;0;0;0;0;1;1;1;1;0;0;0;0;0;0;0;0;0;0;0;0;0;0;0;0;0;0;0;0;0;0;0;0;0;0;0;0;0;0;0;0;0;0;0;1;1;1;1;1;1;1;1;1;1;1;1;1;1;1;1;1;1;1;0;0;0;0;0;0;0;0;0;0.0004;0.088;-0.0884;0;0;0;0;0;0;0;0;0;0;0;0;0;0;0;0;0;0;0;-17.23;0;0;0;0;0.0004;0;0;0;0;0;0;0;-0.0004;-0.0884;0;0;0;0;0;0;0;0;0;-0.7452;0;0.7452;1;1;0;0;0;0
25/12/21 01:00;0;0;90;0;0;90;0;0;0;0;16.62;2.5499;0;0;0;0;0;0;0;0;0;0;0;0;0;1;1;1;1;0;0;0;0;0;0;0;0;0;0;0;0;0;0;0;0;0;0;0;0;0;0;0;0;0;0;0;0;0;0;0;0;0;0;0;1;1;1;1;1;1;1;1;1;1;1;1;1;1;1;1;1;1;1;0;0;0;0;0;0;0;0;0;0.0004;0.088;-0.0884;0;0;0;0;0;0;0;0;0;0;0;0;0;0;0;0;0;0;0;-16.62;0;0;0;0;0.0004;0;0;0;0;0;0;0;-0.0004;-0.0884;0;0;0;0;0;0;0;0;0;-0.7452;0;0.7452;1;1;0;0;0;0
25/12/21 02:00;0;0;90;0;0;90;0;0;0;0;15.4;2.8799;0;0;0;0;0;0;0;0;0;0;0;0;0;1;1;1;1;0;0;0;0;0;0;0;0;0;0;0;0;0;0;0;0;0;0;0;0;0;0;0;0;0;0;0;0;0;0;0;0;0;0;0;1;1;1;1;1;1;1;1;1;1;1;1;1;1;1;1;1;1;1;0;0;0;0;0;0;0;0;0;0.0004;0.088;-0.0884;0;0;0;0;0;0;0;0;0;0;0;0;0;0;0;0;0;0;0;-15.4;0;0;0;0;0.0004;0;0;0;0;0;0;0;-0.0004;-0.0884;0;0;0;0;0;0;0;0;0;-0.7452;0;0.7452;1;1;0;0;0;0
25/12/21 03:00;0;0;90;0;0;90;0;0;0;0;14.56;3.0901;0;0;0;0;0;0;0;0;0;0;0;0;0;1;1;1;1;0;0;0;0;0;0;0;0;0;0;0;0;0;0;0;0;0;0;0;0;0;0;0;0;0;0;0;0;0;0;0;0;0;0;0;1;1;1;1;1;1;1;1;1;1;1;1;1;1;1;1;1;1;1;0;0;0;0;0;0;0;0;0;0.0004;0.088;-0.0884;0;0;0;0;0;0;0;0;0;0;0;0;0;0;0;0;0;0;0;-14.56;0;0;0;0;0.0004;0;0;0;0;0;0;0;-0.0004;-0.0884;0;0;0;0;0;0;0;0;0;-0.7452;0;0.7452;1;1;0;0;0;0
25/12/21 04:00;1.3025;-117.99;86.84;1.475;2.1042;-90;-2.1042;0;0;0;14;3.93;0;0;0;0;0;0;0;0;0;0;0;0;0;1;1;1;1;0;0;0;0;0;0;0;0;0;0;0;0;0;0;0;0;0;0;0;0;0;0;0;0;0;0;0;0;0;0;0;0;0;0;0;1;1;1;1;1;1;1;1;1;1;1;1;1;1;1;1;1;1;1;0;0;0;0;0;0;0;0;0;0.0004;0.088;-0.0884;0;0;0;0;0;0;0;0;0;0;0;0;0;0;0;0;0;0;0;-14;0;0;0;0;0.0004;0;0;0;0;0;0;0;-0.0004;-0.0884;0;0;0;0;0;0;0;0;0;-0.7452;0;0.7452;1;1;0;0;0;0
25/12/21 05:00;7.9442;-113.06;70.416;8.6242;12.702;-90;-12.702;101.6;19.297;82.302;16.81;4.6901;0;199.61;11.021;19.74;0;0.2611;230.63;0;230.63;199.61;19.74;11.021;0.2611;0.8655;0.0489;0;0.0011;230.29;0.3354;0;0;0.1186;0.2167;204.63;25.207;22.542;2.2292;0.4263;0.0099;229.83;0.4606;0.3992;0.0395;0.0218;0.0001;204.63;176.67;17.471;10.455;0.0343;7.0991;5.6296;2.0636;0.0079;0.0992;1.4266;0.0067;1.5179;0;1;0;0;2.27;0.9985;1;1;0.9892;0.1699;0.8903;0.8868;1;0.9608;0.7756;0.998;0.998;1;0.998;0.998;0.8873;0.9486;0.1315;0.6564;0.5883;0.0035;0.0168;0.0039;0.0039;0.014;0.0003;0;0;0.088;0.4359;0;0;0;0;0;0;0;0;0;0;0;0;0.0113;0.0011;0.5336;0.5336;0;26.849;26.849;10.039;0.0491;504.29;1058;1;0.0097;0.0097;0;0;0;0;0;0;0.5239;0.4359;0;15.287;17.703;12.489;14.461;98.184;98.184;5.5351;4.4996;3.6757;1.0355;0.8238;0.1871;0.1488;0.6641;6.656;0.661;0
25/12/21 06:00;19.522;-105.39;35.859;20.19;36.64;-90;-36.64;304;60.001;244;21.66;4.2201;0;591.76;26.108;75.257;0;6.3073;699.43;0;699.43;591.76;75.257;26.108;6.3073;0.8461;0.0463;0;0.009;692.17;7.259;0;0;1.5829;5.6762;686.95;3.8393;2.6358;0.3352;0.7905;0.0778;690.79;1.3843;1.1835;0.1505;0.0491;0.0013;687.2;587.94;74.771;23.686;0.5521;19.432;15.41;6.3685;0.7886;0.2745;3.9492;0.2498;3.4351;0;1;0;0;2.3008;0.9896;1;1;0.9394;0.1001;0.9944;0.9955;1;0.9677;0.8765;0.998;0.998;1;0.998;0.998;0.9822;0.9072;0.0875;1.9905;1.9741;0.0119;-0.0001;0.2161;0.0122;0.0433;0.0007;0;0;0.088;1.5322;0;0;0;0;0;0;0;0;0;0;0;0;0.0349;0.0093;1.6456;1.6456;0;55.943;55.943;34.283;0.0499;1704.5;965.45;1;0.0254;0.0254;0;0;0;0;0;0;1.6202;1.5322;0;15.547;18.003;14.476;16.763;98.456;98.456;16.786;13.878;12.921;2.9086;0.9564;0.1733;0.057;0.7698;18.085;0.7665;0
25/12/21 07:00;31.528;-97.907;6.7342;31.773;58.227;-90;-58.227;525.5;89.702;435.8;26.7;3.62;0;827.64;28.052;100.56;0;26.124;982.38;0;982.38;827.64;100.56;28.052;26.124;0.8425;0.0551;0;0.0266;954.68;27.702;0;0;3.3649;24.337;951.59;1.1733;0.1921;0.0233;0.8595;0.0984;952.77;1.9094;1.6553;0.2011;0.0494;0.0036;955.99;825.8;100.33;23.778;1.6849;131.83;104.54;43.907;4.2202;1.7435;25.079;4.397;22.603;0;1;0;0;1.8694;0.9718;1;1;0.88;0.0684;0.9988;0.9998;1;0.9651;0.9448;0.998;0.998;1;0.998;0.998;0.9687;0.8476;0.0645;2.7958;2.7854;0.0168;-0.0007;0.4935;0.0159;0.0565;0.0039;0;0;0.088;2.0147;0;0;0;0;0;0;0;0;0;0;0;0;0.0455;0.0179;2.136;2.136;0;74.919;74.919;48.218;0.0507;2404.2;888.48;1;0.0333;0.0333;0;0;0;0;0;0;2.1027;2.0147;0;14.368;16.638;13.552;15.693;98.441;98.441;23.577;18.014;16.991;5.5636;1.0229;0.236;0.0434;0.7206;23.929;0.7071;0
25/12/21 08:00;43.756;-89.888;0.0811;43.757;46.243;-90;-46.243;738.8;121.6;617.2;28.93;3.0201;0;892.43;37.837;111.14;0;23.924;1065.3;0;1065.3;892.43;111.14;37.837;23.924;0.8377;0.058;0;0.0225;1040;25.373;0;0;3.2488;22.124;1036.6;1.2307;0.0025;0.0003;1.13;0.0979;1037.9;2.0799;1.7849;0.2223;0.0692;0.0036;1042.4;890.64;110.91;33.389;1.6985;310.78;246.45;102.43;2.5445;3.6989;53.207;5.7912;54.361;0;1;0;0;1.442;0.9762;1;1;0.9141;0.0752;0.9988;1;1;0.9673;0.9455;0.998;0.998;1;0.998;0.998;0.9731;0.8824;0.071;3.0318;3.0891;0.0186;0.003;0.623;0.0171;0.0607;0.008;0;0;0.088;2.1552;0;0;0;0;0;0;0;0;0;0;0;0;0.0489;0.0218;2.288;2.2795;0;81.758;81.758;52.828;0.051;2605.2;875;1;0.0448;0.0363;0;0.0085;0;0;0;0;2.2432;2.1552;0;14.139;16.373;13.368;15.48;98.04;98.405;25.568;19.223;18.175;6.3445;1.0486;0.2481;0.041;0.7108;28.487;0.6852;0
25/12/21 09:00;55.965;-79.928;5.6172;56.377;33.623;-90;-33.623;885.7;147;738.7;31.2;2.7801;0;887.11;49.657;111.46;0;15.559;1063.8;0;1063.8;887.11;111.46;49.657;15.559;0.8339;0.0613;0;0.0146;1047.3;16.441;0;0;2.6311;13.81;1043.3;1.9723;0.1718;0.0216;1.5182;0.2608;1045.3;2.0947;1.7742;0.2229;0.0941;0.0035;1047.5;885.17;111.21;45.413;1.4844;455.39;361.12;155.2;1.1183;4.9184;70.749;4.2578;74.549;0;1;0;0;1.2011;0.9845;1;1;0.947;0.1124;0.9981;0.9998;1;0.9677;0.8506;0.998;0.998;1;0.998;0.998;0.9807;0.9145;0.0954;3.0275;3.1388;0.0189;0.0038;0.6643;0.0172;0.0609;0.0105;0;0;0.088;2.1489;0;0;0;0;0;0;0;0;0;0;0;0;0.049;0.0224;2.2919;2.2731;0;84.486;84.486;53.286;0.0511;2597.8;875;1;0.055;0.0362;0;0.0188;0;0;0;0;2.2369;2.1489;0;14.12;16.351;13.348;15.457;97.601;98.408;25.531;19.169;18.122;6.3616;1.0474;0.2492;0.041;0.7098;33.596;0.6761;0
25/12/21 10:00;67.652;-64.188;9.5298;69.691;20.309;-90;-20.309;956.9;178.7;778.2;33;2.51;0;829.79;69.957;113.56;0;6.2463;1019.6;0;1019.6;829.79;113.56;69.957;6.2463;0.8139;0.0747;0;0.0061;1012.7;6.8752;0;0;1.6563;5.2189;1007.8;2.8826;0.2726;0.0373;2.348;0.2246;1010.6;2.0254;1.6596;0.2271;0.1366;0.0021;1009.3;827.86;113.29;65.816;0.8007;541.17;429.15;181.48;0.2656;5.9673;85.838;1.5094;91.539;0;1;0;0;1.0655;0.9933;1;1;0.9763;0.1645;0.9971;0.9997;1;0.9656;0.7809;0.998;0.998;1;0.998;0.998;0.9884;0.9408;0.1282;2.9016;3.0595;0.0184;0.0025;0.6478;0.0167;0.0594;0.0127;0;0;0.088;2.0914;0;0;0;0;0;0;0;0;0;0;0;0;0.0478;0.0213;2.2328;2.2142;0;84.47;84.47;51.47;0.0511;2530.5;875;1;0.0535;0.0348;0;0.0186;0;0;0;0;2.1794;2.0914;0;14.351;16.618;13.555;15.696;97.606;98.427;24.469;18.673;17.637;5.7967;1.0358;0.2369;0.0423;0.7208;43.529;0.678;0
25/12/21 11:00;76.808;-28.875;11.528;83.542;6.4578;-90;-6.4578;793.69;382.6;411.09;33;2.3199;0;413.72;267.33;115.15;0;0.5288;796.72;0;796.72;413.72;115.15;267.33;0.5288;0.5193;0.3362;0;0.0007;795.35;1.3783;0;0;0.9384;0.4398;782.12;11.635;0.1644;0.0458;11.405;0.0199;793.76;1.5907;0.8274;0.2303;0.5328;0.0002;782.19;412.72;114.88;254.45;0.0689;467.61;370.82;152.56;0.0119;5.4188;77.948;0.0671;83.355;0;1;0;0;1.0038;0.9983;1;1;0.9965;0.1682;0.9853;0.9996;1;0.9571;0.7763;0.998;0.998;1;0.998;0.998;0.9817;0.9518;0.1303;2.2674;2.394;0.0144;-0.002;0.4051;0.0138;0.0491;0.0122;0;0;0.088;1.7325;0;0;0;0;0;0;0;0;0;0;0;0;0.0395;0.0134;1.8485;1.8485;0;72.561;72.561;39.56;0.0506;2060.4;897.13;1;0.0279;0.0279;0;0;0;0;0;0;1.8205;1.7325;0;15.331;17.753;14.37;16.64;98.489;98.489;19.121;15.588;14.611;3.5331;0.9776;0.1848;0.0511;0.7641;159.09;0.712;0
25/12/21 12:00;76.299;33.116;11.443;82.413;7.5868;90;7.5868;741.59;428.4;313.19;33.63;2.3999;0;315.96;329.14;98.68;0;0.6817;744.46;0;744.46;315.96;98.68;329.14;0.6817;0.4244;0.443;0;0.0009;742.38;2.0764;0;0;1.5089;0.5675;726.88;14.015;0.1246;0.0389;13.826;0.0256;740.9;1.4848;0.6319;0.1974;0.6553;0.0002;726.98;315.2;98.443;313.15;0.0883;437.15;346.66;143.18;0.031;5.0306;72.363;0.0986;77.363;0;1;0;0;1.0039;0.9972;1;1;0.9954;0.1674;0.9811;0.9996;1;0.9577;0.7755;0.998;0.998;1;0.998;0.998;0.9764;0.9514;0.1296;2.1187;2.2249;0.0134;-0.0016;0.3591;0.013;0.046;0.0115;0;0;0.088;1.6208;0;0;0;0;0;0;0;0;0;0;0;0;0.0371;0.0117;1.7348;1.7348;0;70.334;70.334;36.705;0.0505;1916.3;905.27;1;0.026;0.026;0;0;0;0;0;0;1.7088;1.6208;0;15.398;17.831;14.387;16.66;98.503;98.503;17.867;14.63;13.669;3.2372;0.9611;0.1812;0.0538;0.765;196.27;0.7131;0
25/12/21 13:00;66.755;65.877;9.2821;68.594;21.406;90;21.406;505.81;436.7;69.109;33.48;2.7099;0;74.229;399.18;24.988;0;3.6636;502.06;0;502.06;74.229;24.988;399.18;3.6636;0.1479;0.8024;0;0.0073;488.66;13.401;0;0;10.314;3.0865;474.28;13.404;0.0238;0.008;13.248;0.1251;487.68;0.9773;0.1485;0.05;0.7777;0.0012;475.22;74.057;24.93;374.84;0.4508;301.43;239.03;98.014;1.8286;3.6325;52.253;0.9444;54.057;0;1;0;0;0.9926;0.9733;1;1;0.9742;0.1575;0.9725;0.9997;1;0.9659;0.7827;0.998;0.998;1;0.998;0.998;0.9447;0.939;0.1231;1.4288;1.4643;0.0088;0.0056;0.1685;0.009;0.0318;0.0087;0;0;0.088;1.0953;0;0;0;0;0;0;0;0;0;0;0;0;0.0256;0.0053;1.201;1.201;0;57.21;57.21;23.73;0.05;1258.4;954.37;1;0.0177;0.0177;0;0;0;0;0;0;1.1833;1.0953;0;15.807;18.304;14.416;16.693;98.524;98.524;12.049;10.128;9.2365;1.9213;0.8916;0.1595;0.074;0.7666;249.76;0.7111;0
25/12/21 14:00;54.99;80.864;5.2267;55.333;34.667;90;34.667;150.4;148.6;1.7992;30.72;2.9499;0;2.1875;135.2;0.2811;0;2.8034;140.47;0;140.47;2.1875;0.2811;135.2;2.8034;0.0156;0.9824;0;0.02;130.42;10.053;0;0;7.5401;2.5128;126;4.158;0.0004;0.0001;4.1158;0.0418;130.16;0.2608;0.0044;0.0006;0.2553;0.0006;126.91;2.1827;0.2805;123.29;0.2483;93.22;73.924;31.863;3.3708;1.205;17.333;0.912;15.167;0;1;0;0;0.934;0.9284;1;1;0.9442;0.1037;0.9681;0.9998;1;0.9677;0.856;0.998;0.998;1;0.998;0.998;0.897;0.9119;0.0886;0.3998;0.3978;0.0024;0.0172;0.0175;0.0025;0.009;0.003;0;0;0.088;0.2435;0;0;0;0;0;0;0;0;0;0;0;0;0.0072;0.0006;0.3385;0.3385;0;36.982;36.982;6.2622;0.0497;339.47;997.22;1;0.007;0.007;0;0;0;0;0;0;0.3315;0.2435;0;15.925;18.441;11.455;13.264;97.926;97.926;3.3713;2.8548;2.0535;0.5165;0.8013;0.1532;0.2377;0.6091;92.203;0.5576;0
25/12/21 15:00;42.768;90.58;0.4255;42.769;47.231;90;47.231;160.81;158.5;2.306;30.86;2.98;0;3.396;132.75;0.5615;0;5.4193;142.12;0;142.12;3.396;0.5615;132.75;5.4193;0.0239;0.9722;0;0.0381;125.29;16.838;0;0;11.793;5.045;121.05;3.9823;0;0;3.9629;0.0194;125.04;0.2506;0.0068;0.0011;0.2419;0.0007;123.09;3.3891;0.5603;116.75;0.3541;101.94;80.837;36.707;9.5818;1.5797;22.723;2.0402;14.721;0;1;0;0;0.8838;0.8815;1;1;0.9112;0.0691;0.9682;1;1;0.9672;0.9482;0.998;0.998;1;0.998;0.998;0.8517;0.8795;0.0653;0.4045;0.3977;0.0024;0.0172;0.0173;0.0025;0.009;0.0039;0;0;0.088;0.2426;0;0;0;0;0;0;0;0;0;0;0;0;0.0072;0.0006;0.3376;0.3376;0;36.878;36.878;6.0183;0.0497;338.88;996.29;1;0.007;0.007;0;0;0;0;0;0;0.3306;0.2426;0;15.698;18.178;11.281;13.063;97.926;97.926;3.411;2.8473;2.0461;0.5637;0.8012;0.1653;0.2349;0.5999;100.87;0.5357;0
25/12/21 16:00;30.55;98.518;7.3286;30.829;59.171;90;59.171;171.01;167.5;3.503;31.11;2.66;0;6.8355;126.05;1.5955;0;8.7538;143.24;0;143.24;6.8355;1.5955;126.05;8.7538;0.0477;0.9411;0;0.0611;119.51;23.724;0;0;15.531;8.1933;115.36;3.9138;0.0017;0.0004;3.8764;0.0353;119.28;0.239;0.0137;0.0032;0.221;0.0011;118.99;6.8201;1.5919;106.43;0.5242;109.54;86.863;41.448;20.054;2.2014;31.667;3.6282;13.814;0;1;0;0;0.8376;0.8344;1;1;0.8768;0.064;0.9672;0.9997;1;0.9649;0.937;0.998;0.998;1;0.998;0.998;0.8054;0.8443;0.0599;0.4076;0.4039;0.0024;0.0172;0.0175;0.0026;0.0091;0.0055;0;0;0.088;0.2466;0;0;0;0;0;0;0;0;0;0;0;0;0.0073;0.0006;0.3417;0.3417;0;36.848;36.848;5.7379;0.0497;343.44;994.85;1;0.007;0.007;0;0;0;0;0;0;0.3346;0.2466;0;15.762;18.252;11.378;13.175;97.943;97.943;3.4377;2.8813;2.0799;0.5564;0.8014;0.1619;0.2331;0.605;108.68;0.5191;0
25/12/21 17:00;18.57;105.99;39.433;19.263;33.879;90;33.879;324.2;114.7;209.5;31.21;1.7699;0;508.09;56.057;129.61;0;5.7796;699.54;0;699.54;508.09;129.61;56.057;5.7796;0.7263;0.0884;0;0.0083;691.36;8.1768;0;0;3.0154;5.1614;684;5.9746;3.3228;0.8476;1.7114;0.0928;689.98;1.3827;1.0162;0.2592;0.1061;0.0012;684.36;503.75;128.51;51.224;0.5242;39.289;31.156;13.527;1.2927;0.4932;7.094;0.3563;6.2944;0;1;0;0;2.1578;0.9883;1;1;0.9462;0.107;0.9913;0.9934;1;0.9677;0.8496;0.998;0.998;1;0.998;0.998;0.9778;0.9138;0.0907;1.9908;1.9722;0.0119;-0.0001;0.2853;0.0117;0.0416;0.0011;0;0;0.088;1.4664;0;0;0;0;0;0;0;0;0;0;0;0;0.0335;0.0093;1.5778;1.5778;0;65.621;65.621;34.41;0.0503;1704.5;925.66;1;0.0234;0.0234;0;0;0;0;0;0;1.5544;1.4664;0;14.904;17.259;13.852;16.04;98.516;98.516;16.789;13.306;12.366;3.4833;0.9395;0.2075;0.056;0.7366;38;0.731;0
25/12/21 18:00;7.0367;113.7;72.716;7.6776;11.228;90;11.228;145.2;53.901;91.3;30.9;1.7699;0;221.43;25.204;69.006;0;0.2918;315.93;0;315.93;221.43;69.006;25.204;0.2918;0.7009;0.0807;0;0.0009;315.47;0.4642;0;0;0.2213;0.2428;271.93;42.901;31.937;9.9528;1.0001;0.011;314.84;0.6309;0.4429;0.138;0.05;0.0001;271.94;189.05;58.915;23.933;0.0379;15.743;12.484;5.0935;0.0114;0.1859;2.6745;0.0094;2.849;0;1;0;0;2.1758;0.9985;1;1;0.9912;0.1679;0.8637;0.8555;1;0.9599;0.7747;0.998;0.998;1;0.998;0.998;0.8607;0.9496;0.1298;0.8991;0.7834;0.0047;0.015;0.055;0.005;0.0176;0.0005;0;0;0.088;0.571;0;0;0;0;0;0;0;0;0;0;0;0;0.0142;0.0017;0.6698;0.6698;0;44.41;44.41;13.51;0.0497;674.8;992.63;1;0.0108;0.0108;0;0;0;0;0;0;0.659;0.571;0;14.01;16.223;11.944;13.83;98.389;98.389;7.5823;5.6487;4.8156;1.9337;0.8331;0.255;0.1099;0.6351;15.157;0.6311;0
25/12/21 19:00;0.7915;118.39;88.08;0.8997;1.2828;90;1.2828;0;0;0;27.63;2.0099;0;0;0;0;0;0;0;0;0;0;0;0;0;1;1;1;1;0;0;0;0;0;0;0;0;0;0;0;0;0;0;0;0;0;0;0;0;0;0;0;0;0;0;0;0;0;0;0;0;0;0;0;1;1;1;1;1;1;1;1;1;1;1;1;1;1;1;1;1;1;1;0;0;0;0;0;0;0;0;0;0.0004;0.088;-0.0884;0;0;0;0;0;0;0;0;0;0;0;0;0;0;0;0;0;0;0;-27.63;0;0;0;0;0.0004;0;0;0;0;0;0;0;-0.0004;-0.0884;0;0;0;0;0;0;0;0;0;-0.7452;0;0.7452;1;1;0;0;0;0
25/12/21 20:00;0;0;90;0;0;90;0;0;0;0;24.68;2.3001;0;0;0;0;0;0;0;0;0;0;0;0;0;1;1;1;1;0;0;0;0;0;0;0;0;0;0;0;0;0;0;0;0;0;0;0;0;0;0;0;0;0;0;0;0;0;0;0;0;0;0;0;1;1;1;1;1;1;1;1;1;1;1;1;1;1;1;1;1;1;1;0;0;0;0;0;0;0;0;0;0.0004;0.088;-0.0884;0;0;0;0;0;0;0;0;0;0;0;0;0;0;0;0;0;0;0;-24.68;0;0;0;0;0.0004;0;0;0;0;0;0;0;-0.0004;-0.0884;0;0;0;0;0;0;0;0;0;-0.7452;0;0.7452;1;1;0;0;0;0
25/12/21 21:00;0;0;90;0;0;90;0;0;0;0;23.8;2.52;0;0;0;0;0;0;0;0;0;0;0;0;0;1;1;1;1;0;0;0;0;0;0;0;0;0;0;0;0;0;0;0;0;0;0;0;0;0;0;0;0;0;0;0;0;0;0;0;0;0;0;0;1;1;1;1;1;1;1;1;1;1;1;1;1;1;1;1;1;1;1;0;0;0;0;0;0;0;0;0;0.0004;0.088;-0.0884;0;0;0;0;0;0;0;0;0;0;0;0;0;0;0;0;0;0;0;-23.8;0;0;0;0;0.0004;0;0;0;0;0;0;0;-0.0004;-0.0884;0;0;0;0;0;0;0;0;0;-0.7452;0;0.7452;1;1;0;0;0;0
25/12/21 22:00;0;0;90;0;0;90;0;0;0;0;21.38;2.6399;0;0;0;0;0;0;0;0;0;0;0;0;0;1;1;1;1;0;0;0;0;0;0;0;0;0;0;0;0;0;0;0;0;0;0;0;0;0;0;0;0;0;0;0;0;0;0;0;0;0;0;0;1;1;1;1;1;1;1;1;1;1;1;1;1;1;1;1;1;1;1;0;0;0;0;0;0;0;0;0;0.0004;0.088;-0.0884;0;0;0;0;0;0;0;0;0;0;0;0;0;0;0;0;0;0;0;-21.38;0;0;0;0;0.0004;0;0;0;0;0;0;0;-0.0004;-0.0884;0;0;0;0;0;0;0;0;0;-0.7452;0;0.7452;1;1;0;0;0;0
25/12/21 23:00;0;0;90;0;0;90;0;0;0;0;22.97;2.6;0;0;0;0;0;0;0;0;0;0;0;0;0;1;1;1;1;0;0;0;0;0;0;0;0;0;0;0;0;0;0;0;0;0;0;0;0;0;0;0;0;0;0;0;0;0;0;0;0;0;0;0;1;1;1;1;1;1;1;1;1;1;1;1;1;1;1;1;1;1;1;0;0;0;0;0;0;0;0;0;0.0004;0.088;-0.0884;0;0;0;0;0;0;0;0;0;0;0;0;0;0;0;0;0;0;0;-22.97;0;0;0;0;0.0004;0;0;0;0;0;0;0;-0.0004;-0.0884;0;0;0;0;0;0;0;0;0;-0.7452;0;0.7452;1;1;0;0;0;0
26/12/21 00:00;0;0;90;0;0;90;0;0;0;0;21.42;2.49;0;0;0;0;0;0;0;0;0;0;0;0;0;1;1;1;1;0;0;0;0;0;0;0;0;0;0;0;0;0;0;0;0;0;0;0;0;0;0;0;0;0;0;0;0;0;0;0;0;0;0;0;1;1;1;1;1;1;1;1;1;1;1;1;1;1;1;1;1;1;1;0;0;0;0;0;0;0;0;0;0.0004;0.088;-0.0884;0;0;0;0;0;0;0;0;0;0;0;0;0;0;0;0;0;0;0;-21.42;0;0;0;0;0.0004;0;0;0;0;0;0;0;-0.0004;-0.0884;0;0;0;0;0;0;0;0;0;-0.7452;0;0.7452;1;1;0;0;0;0
26/12/21 01:00;0;0;90;0;0;90;0;0;0;0;19.8;2.2399;0;0;0;0;0;0;0;0;0;0;0;0;0;1;1;1;1;0;0;0;0;0;0;0;0;0;0;0;0;0;0;0;0;0;0;0;0;0;0;0;0;0;0;0;0;0;0;0;0;0;0;0;1;1;1;1;1;1;1;1;1;1;1;1;1;1;1;1;1;1;1;0;0;0;0;0;0;0;0;0;0.0004;0.088;-0.0884;0;0;0;0;0;0;0;0;0;0;0;0;0;0;0;0;0;0;0;-19.8;0;0;0;0;0.0004;0;0;0;0;0;0;0;-0.0004;-0.0884;0;0;0;0;0;0;0;0;0;-0.7452;0;0.7452;1;1;0;0;0;0
26/12/21 02:00;0;0;90;0;0;90;0;0;0;0;18.72;1.9199;0;0;0;0;0;0;0;0;0;0;0;0;0;1;1;1;1;0;0;0;0;0;0;0;0;0;0;0;0;0;0;0;0;0;0;0;0;0;0;0;0;0;0;0;0;0;0;0;0;0;0;0;1;1;1;1;1;1;1;1;1;1;1;1;1;1;1;1;1;1;1;0;0;0;0;0;0;0;0;0;0.0004;0.088;-0.0884;0;0;0;0;0;0;0;0;0;0;0;0;0;0;0;0;0;0;0;-18.72;0;0;0;0;0.0004;0;0;0;0;0;0;0;-0.0004;-0.0884;0;0;0;0;0;0;0;0;0;-0.7452;0;0.7452;1;1;0;0;0;0
26/12/21 03:00;0;0;90;0;0;90;0;0;0;0;17.32;1.5299;0;0;0;0;0;0;0;0;0;0;0;0;0;1;1;1;1;0;0;0;0;0;0;0;0;0;0;0;0;0;0;0;0;0;0;0;0;0;0;0;0;0;0;0;0;0;0;0;0;0;0;0;1;1;1;1;1;1;1;1;1;1;1;1;1;1;1;1;1;1;1;0;0;0;0;0;0;0;0;0;0.0004;0.088;-0.0884;0;0;0;0;0;0;0;0;0;0;0;0;0;0;0;0;0;0;0;-17.32;0;0;0;0;0.0004;0;0;0;0;0;0;0;-0.0004;-0.0884;0;0;0;0;0;0;0;0;0;-0.7452;0;0.7452;1;1;0;0;0;0
26/12/21 04:00;1.1954;-118.03;87.1;1.3542;1.9316;-90;-1.9316;0;0;0;16.98;1.01;0;0;0;0;0;0;0;0;0;0;0;0;0;1;1;1;1;0;0;0;0;0;0;0;0;0;0;0;0;0;0;0;0;0;0;0;0;0;0;0;0;0;0;0;0;0;0;0;0;0;0;0;1;1;1;1;1;1;1;1;1;1;1;1;1;1;1;1;1;1;1;0;0;0;0;0;0;0;0;0;0.0004;0.088;-0.0884;0;0;0;0;0;0;0;0;0;0;0;0;0;0;0;0;0;0;0;-16.98;0;0;0;0;0.0004;0;0;0;0;0;0;0;-0.0004;-0.0884;0;0;0;0;0;0;0;0;0;-0.7452;0;0.7452;1;1;0;0;0;0
26/12/21 05:00;7.835;-113.1;70.694;8.5081;12.519;-90;-12.519;94.508;22.397;72.111;18.04;1;0;174.89;13.839;20.351;0;0.236;209.32;0;209.32;174.89;20.351;13.839;0.236;0.8355;0.0672;0;0.0011;208.98;0.3412;0;0;0.1454;0.1959;185.31;23.243;20.331;2.3658;0.537;0.009;208.56;0.418;0.3498;0.0407;0.0274;0.0001;185.32;154.21;17.944;13.129;0.031;8.7475;6.9368;2.8478;0.0094;0.1024;1.4724;0.0069;1.5654;0;1;0;0;2.2148;0.9984;1;1;0.9895;0.1699;0.8886;0.8835;1;0.9607;0.7755;0.998;0.998;1;0.998;0.998;0.8853;0.9487;0.1315;0.5957;0.5332;0.0032;0.0171;0.0041;0.0036;0.0126;0.0003;0;0;0.088;0.3842;0;0;0;0;0;0;0;0;0;0;0;0;0.0102;0.0009;0.4812;0.4812;0;27.141;27.141;9.1017;0.0491;456.89;1053.3;1;0.0091;0.0091;0;0;0;0;0;0;0.4722;0.3842;0;15.193;17.593;12.128;14.043;98.112;98.112;5.0236;4.0584;3.2397;0.9652;0.8188;0.1921;0.163;0.6449;8.3531;0.6415;0
26/12/21 06:00;19.411;-105.41;36.292;20.078;36.288;-90;-36.288;297.9;62.302;235.6;21.92;1.15;0;571.4;28.012;75.867;0;6.0668;681.34;0;681.34;571.4;75.867;28.012;6.0668;0.8386;0.05;0;0.0089;674.22;7.1241;0;0;1.6729;5.4512;668.9;3.9733;2.6894;0.3571;0.849;0.0778;672.87;1.3484;1.1428;0.1517;0.0527;0.0012;669.11;567.57;75.358;25.438;0.5365;20.656;16.381;7.2847;0.8185;0.2571;3.698;0.2128;3.1366;0;1;0;0;2.2871;0.9895;1;1;0.9403;0.1015;0.9941;0.9953;1;0.9677;0.8733;0.998;0.998;1;0.998;0.998;0.9817;0.9081;0.0884;1.939;1.9218;0.0116;0.0004;0.206;0.0119;0.0423;0.0006;0;0;0.088;1.4934;0;0;0;0;0;0;0;0;0;0;0;0;0.0341;0.0089;1.6061;1.6061;0;55.286;55.286;33.366;0.0499;1659;968.07;1;0.0247;0.0247;0;0;0;0;0;0;1.5814;1.4934;0;15.576;18.037;14.483;16.771;98.461;98.461;16.352;13.544;12.594;2.808;0.9505;0.1717;0.0581;0.7702;19.349;0.767;0
26/12/21 07:00;31.416;-97.932;6.7637;31.661;58.339;-90;-58.339;504.6;96.899;407.7;26.31;1.8399;0;776.72;32.953;102.27;0;25.172;937.11;0;937.11;776.72;102.27;32.953;25.172;0.8288;0.062;0;0.0269;909.7;27.413;0;0;3.9637;23.45;906.57;1.3108;0.1811;0.0238;1.0101;0.0958;907.88;1.8194;1.5534;0.2045;0.058;0.0034;910.96;774.99;102.04;27.921;1.6235;128.87;102.2;43.198;4.9899;1.7425;25.066;4.3895;21.818;0;1;0;0;1.8571;0.9707;1;1;0.8797;0.0684;0.9986;0.9998;1;0.9651;0.9443;0.998;0.998;1;0.998;0.998;0.9674;0.8473;0.0645;2.6669;2.6565;0.016;-0.0015;0.4442;0.0154;0.0546;0.0039;0;0;0.088;1.9436;0;0;0;0;0;0;0;0;0;0;0;0;0.044;0.0164;2.0636;2.0636;0;72.142;72.142;45.832;0.0506;2291.6;900.5;1;0.032;0.032;0;0;0;0;0;0;2.0316;1.9436;0;14.551;16.85;13.705;15.87;98.45;98.45;22.491;17.402;16.391;5.0882;1.0119;0.2262;0.045;0.7288;28.145;0.7145;0
26/12/21 08:00;43.644;-89.915;0.0618;43.644;46.356;-90;-46.356;520.91;273.6;247.31;27.5;2.83;0;358.33;172.54;100.61;0;16.946;648.42;0;648.42;358.33;100.61;172.54;16.946;0.5526;0.2922;0;0.0261;617.88;30.541;0;0;14.867;15.674;611.42;5.2224;0.0008;0.0002;5.1528;0.0686;616.64;1.2358;0.7167;0.2012;0.3153;0.0025;616.34;357.61;100.41;152.2;1.2011;258.48;204.97;88.401;11.677;3.4892;50.191;4.922;42.003;0;1;0;0;1.2448;0.9529;1;1;0.9138;0.0751;0.9915;1;1;0.9673;0.946;0.998;0.998;1;0.998;0.998;0.9429;0.8821;0.0709;1.8454;1.8639;0.0112;0.0009;0.2188;0.0114;0.0405;0.0084;0;0;0.088;1.4206;0;0;0;0;0;0;0;0;0;0;0;0;0.0327;0.0084;1.5317;1.5317;0;58.079;58.079;30.578;0.05;1605.7;953.88;1;0.023;0.023;0;0;0;0;0;0;1.5086;1.4206;0;15.609;18.075;14.477;16.764;98.495;98.495;15.562;12.917;11.98;2.6454;0.9365;0.17;0.0602;0.7698;130.04;0.7277;0
26/12/21 09:00;55.853;-79.969;5.611;56.262;33.738;-90;-33.738;560.41;375.3;185.11;27.6;3.6501;0;222.59;289.25;71.493;0;9.9101;593.25;0;593.25;222.59;71.493;289.25;9.9101;0.3752;0.5043;0;0.0167;569.04;24.21;0;0;15.409;8.801;558.84;9.0607;0.0431;0.0138;8.8395;0.1644;567.9;1.1381;0.4452;0.143;0.5477;0.0022;561.83;222.11;71.336;264.46;0.9425;319.76;253.57;108.58;6.5706;3.8551;55.455;2.9884;52.739;0;1;0;0;1.0586;0.9592;1;1;0.9467;0.1119;0.984;0.9998;1;0.9677;0.8515;0.998;0.998;1;0.998;0.998;0.942;0.9143;0.0951;1.6883;1.7185;0.0104;0.0024;0.1861;0.0106;0.0377;0.0093;0;0;0.088;1.3152;0;0;0;0;0;0;0;0;0;0;0;0;0.0304;0.0072;1.4244;1.4244;0;55.499;55.499;27.899;0.0499;1478.3;963.58;1;0.0212;0.0212;0;0;0;0;0;0;1.4032;1.3152;0;15.866;18.372;14.65;16.964;98.512;98.512;14.238;12.012;11.091;2.2257;0.9209;0.1563;0.0647;0.779;195.87;0.7281;0
26/12/21 10:00;67.544;-64.288;9.5391;69.575;20.425;-90;-20.425;577.21;436.8;140.41;28.92;4.4601;0;149.83;377.55;50.155;0;3.8105;581.34;0;581.34;149.83;50.155;377.55;3.8105;0.2577;0.656;0;0.0066;569.13;12.206;0;0;9.0206;3.1851;555.14;12.859;0.0493;0.0165;12.657;0.1365;567.99;1.1383;0.2997;0.1003;0.737;0.0013;556.09;149.48;50.038;355.13;0.4876;340.41;269.95;111.2;1.456;4.0297;57.966;0.9517;60.54;0;1;0;0;1.0072;0.979;1;1;0.9761;0.1641;0.9774;0.9997;1;0.9656;0.7813;0.998;0.998;1;0.998;0.998;0.9549;0.9406;0.128;1.6544;1.7071;0.0103;0.0026;0.1921;0.0105;0.0373;0.0097;0;0;0.088;1.2988;0;0;0;0;0;0;0;0;0;0;0;0;0.03;0.0071;1.4076;1.4076;0;56.661;56.661;27.742;0.05;1468.6;958.46;1;0.0208;0.0208;0;0;0;0;0;0;1.3868;1.2988;0;15.999;18.527;14.763;17.095;98.523;98.523;13.952;11.87;10.953;2.082;0.9174;0.1492;0.0658;0.785;235.05;0.7305;0
26/12/21 11:00;76.73;-29.241;11.554;83.428;6.5717;-90;-6.5717;1059.6;177.5;882.1;30.53;5.14;0;887.93;63.357;114.69;0;0.731;1066.7;0;1066.7;887.93;114.69;63.357;0.731;0.8324;0.0601;0;0.0007;1065.9;0.8368;0;0;0.2288;0.608;1060.6;3.1258;0.3536;0.0457;2.699;0.0275;1063.7;2.1317;1.7759;0.2294;0.1263;0.0002;1060.7;885.8;114.41;60.303;0.0953;622.37;493.54;206.01;0.0032;7.0186;100.96;0.1017;107.97;0;1;0;0;1.0067;0.9992;1;1;0.9964;0.1682;0.9971;0.9996;1;0.9572;0.7763;0.998;0.998;1;0.998;0.998;0.9943;0.9518;0.1303;3.0358;3.237;0.0195;0.0056;0.6871;0.0177;0.0627;0.015;0;0;0.088;2.2066;0;0;0;0;0;0;0;0;0;0;0;0;0.0505;0.0237;2.3553;2.3322;0;84.712;84.712;54.182;0.0511;2665.3;875;1;0.0607;0.0376;0;0.0231;0;0;0;0;2.2946;2.2066;0;14.447;16.73;13.669;15.829;97.422;98.389;25.601;19.668;18.609;5.9334;1.059;0.2318;0.0414;0.7269;37.713;0.6788;0
26/12/21 12:00;76.322;32.641;11.486;82.522;7.4784;90;7.4784;1053.4;182.3;871.1;31.99;5.8299;0;878.57;66.264;116.75;0;0.9408;1062.5;0;1062.5;878.57;116.75;66.264;0.9408;0.8269;0.0632;0;0.0009;1061.4;1.0801;0;0;0.2967;0.7833;1056.1;3.2172;0.3479;0.0462;2.7879;0.0353;1059.3;2.1229;1.7571;0.2335;0.1319;0.0003;1056.3;876.47;116.47;63.047;0.1219;617.98;490.06;204.56;0.0061;6.9691;100.25;0.1458;107.21;0;1;0;0;1.0087;0.999;1;1;0.9955;0.1674;0.997;0.9996;1;0.9577;0.7755;0.998;0.998;1;0.998;0.998;0.994;0.9515;0.1296;3.0239;3.2228;0.0194;0.0053;0.6994;0.0175;0.062;0.0148;0;0;0.088;2.1733;0;0;0;0;0;0;0;0;0;0;0;0;0.05;0.0235;2.3309;2.2981;0;85.999;85.999;54.009;0.0511;2626.4;875;1;0.0696;0.0368;0;0.0328;0;0;0;0;2.2613;2.1733;0;14.292;16.55;13.516;15.651;97.015;98.4;25.501;19.38;18.328;6.1207;1.0523;0.24;0.0413;0.7187;39.506;0.6713;0
26/12/21 13:00;66.824;65.645;9.3402;68.694;21.306;90;21.306;1020.6;171.9;848.71;32.79;6.33;0;910.96;57.468;120.64;0;7.3241;1096.4;0;1096.4;910.96;120.64;57.468;7.3241;0.8309;0.0591;0;0.0067;1088.8;7.6416;0;0;1.4738;6.1678;1084.1;2.4923;0.2933;0.0388;1.9091;0.2511;1086.6;2.1775;1.8219;0.2413;0.112;0.0023;1085.9;908.85;120.36;53.973;0.9029;573.77;455;191.59;0.2605;6.3794;91.765;1.7969;97.884;0;1;0;0;1.0743;0.993;1;1;0.9744;0.1579;0.9977;0.9997;1;0.9658;0.7824;0.998;0.998;1;0.998;0.998;0.9888;0.9392;0.1233;3.1203;3.2906;0.0198;0.0067;0.7421;0.0177;0.0626;0.0134;0;0;0.088;2.1758;0;0;0;0;0;0;0;0;0;0;0;0;0.0504;0.0245;2.3535;2.3006;0;88.339;88.339;55.549;0.0512;2629.3;875;1;0.0897;0.0368;0;0.0529;0;0;0;0;2.2638;2.1758;0;13.866;16.056;13.113;15.185;96.188;98.399;26.314;19.401;18.349;6.9122;1.0528;0.2627;0.04;0.6973;35.939;0.6562;0
26/12/21 14:00;55.071;80.72;5.2975;55.424;34.576;90;34.576;907.69;158.6;749.09;33.08;6.3799;0;909.78;51.025;124.65;0;16.834;1102.3;0;1102.3;909.78;124.65;51.025;16.834;0.8254;0.0616;0;0.0153;1084.4;17.917;0;0;2.8341;15.082;1080.2;1.9957;0.1661;0.0228;1.5538;0.253;1082.2;2.1688;1.8196;0.2493;0.0964;0.0035;1084.9;907.8;124.38;46.541;1.4949;462.07;366.42;155.93;1.2648;5.0991;73.349;4.6964;77.183;0;1;0;0;1.2144;0.9837;1;1;0.9445;0.104;0.9982;0.9998;1;0.9677;0.8553;0.998;0.998;1;0.998;0.998;0.98;0.9121;0.0888;3.137;3.2509;0.0196;0.0058;0.7346;0.0174;0.0618;0.0107;0;0;0.088;2.1513;0;0;0;0;0;0;0;0;0;0;0;0;0.0498;0.0239;2.3272;2.2756;0;88.434;88.434;55.354;0.0512;2600.7;875;1;0.0879;0.0363;0;0.0516;0;0;0;0;2.2393;2.1513;0;13.642;15.797;12.897;14.934;96.223;98.407;26.455;19.19;18.142;7.2648;1.0479;0.2746;0.0396;0.6858;34.774;0.6532;0
26/12/21 15:00;42.85;90.47;0.3449;42.851;47.149;90;47.149;736.81;147.5;589.31;32.54;6.03;0;866.51;47.863;133.11;0;24.75;1072.2;0;1072.2;866.51;133.11;47.863;24.75;0.8081;0.0677;0;0.0231;1044.9;27.279;0;0;4.2413;23.038;1041.3;1.5298;0.0103;0.0016;1.4288;0.0891;1042.9;2.0899;1.733;0.2662;0.0872;0.0034;1047.2;864.77;132.84;42.106;1.6193;306.03;242.68;101.83;3.44;3.6399;52.358;5.8363;52.558;0;1;0;0;1.4552;0.9746;1;1;0.9114;0.0692;0.9985;1;1;0.9672;0.9479;0.998;0.998;1;0.998;0.998;0.9712;0.8797;0.0654;3.0515;3.1009;0.0187;0.0031;0.6713;0.0169;0.0598;0.0077;0;0;0.088;2.1032;0;0;0;0;0;0;0;0;0;0;0;0;0.0481;0.0219;2.2533;2.2263;0;85.783;85.783;53.243;0.0511;2544.4;875;1;0.0621;0.0351;0;0.027;0;0;0;0;2.1912;2.1032;0;13.72;15.888;12.962;15.009;97.243;98.423;25.733;18.775;17.737;6.9587;1.0382;0.2704;0.0403;0.6892;36.343;0.6649;0
26/12/21 16:00;30.63;98.423;7.241;30.903;59.097;90;59.097;529.31;141.9;387.41;31.99;5.4801;0;754.32;49.555;148.79;0;27.033;979.7;0;979.7;754.32;148.79;49.555;27.033;0.7699;0.0782;0;0.0276;948.3;31.398;0;0;6.0944;25.303;944.55;1.8569;0.1883;0.0371;1.5234;0.108;946.41;1.8966;1.5086;0.2976;0.0869;0.0035;949.31;752.62;148.46;41.851;1.6185;135.97;107.82;46.476;7.8542;1.9483;28.025;4.7578;22.119;0;1;0;0;1.8509;0.968;1;1;0.877;0.064;0.998;0.9997;1;0.9649;0.9374;0.998;0.998;1;0.998;0.998;0.9641;0.8445;0.0599;2.7881;2.7722;0.0167;-0.0008;0.5435;0.0155;0.0549;0.0042;0;0;0.088;1.9563;0;0;0;0;0;0;0;0;0;0;0;0;0.0442;0.0178;2.076;2.076;0;80.054;80.054;48.065;0.0509;2368.6;875;1;0.0317;0.0317;0;0;0;0;0;0;2.0443;1.9563;0;14.003;16.215;13.195;15.28;98.473;98.473;23.513;17.508;16.498;6.0053;1.0095;0.2554;0.0429;0.7017;42.687;0.6869;0
26/12/21 17:00;18.646;105.9;39.156;19.334;34.079;90;34.079;294.7;142.9;151.8;30.99;3.95;0;368.16;86.701;116.54;0;5.3139;576.72;0;576.72;368.16;116.54;86.701;5.3139;0.6384;0.1596;0;0.0092;567.26;9.4571;0;0;4.7071;4.75;560.3;5.8203;2.3483;0.7433;2.645;0.0837;566.13;1.1345;0.7363;0.2331;0.164;0.0011;560.86;365.08;115.56;79.185;0.4791;59.842;47.455;20.457;2.0392;0.7652;11.007;0.5595;9.7332;0;1;0;0;1.957;0.9836;1;1;0.9457;0.1061;0.9897;0.9936;1;0.9677;0.8512;0.998;0.998;1;0.998;0.998;0.9715;0.9133;0.0902;1.6413;1.6267;0.0098;0.0035;0.1974;0.0099;0.0352;0.0018;0;0;0.088;1.2267;0;0;0;0;0;0;0;0;0;0;0;0;0.0283;0.0065;1.3343;1.3343;0;59.044;59.044;28.054;0.0501;1403.7;950.56;1;0.0196;0.0196;0;0;0;0;0;0;1.3147;1.2267;0;15.288;17.703;14.056;16.276;98.534;98.534;13.841;11.252;10.345;2.5892;0.907;0.1871;0.0655;0.7474;58.863;0.7369;0
26/12/21 18:00;7.1063;113.61;72.54;7.7481;11.337;90;11.337;73.704;68.901;4.8031;30.2;3.4901;0;11.649;66.353;4.5951;0;0.151;82.748;0;82.748;11.649;4.5951;66.353;0.151;0.1408;0.8037;0;0.0018;82.03;0.7178;0;0;0.5922;0.1257;76.933;4.9325;1.6485;0.6503;2.628;0.0057;81.866;0.1641;0.0233;0.0092;0.1315;0.0001;76.959;9.9771;3.9356;63.001;0.0196;39.945;31.677;12.635;0.031;0.4907;7.058;0.0255;7.5177;0;1;0;0;1.1227;0.9913;1;1;0.9911;0.1679;0.9397;0.8582;1;0.96;0.7747;0.998;0.998;1;0.998;0.998;0.9297;0.9495;0.1298;0.2355;0.2343;0.0014;0.0155;0.0078;0.0015;0.0052;0.0012;0;0;0.088;0.1035;0;0;0;0;0;0;0;0;0;0;0;0;0.0042;0.0003;0.1973;0.1973;0;34.034;34.034;3.8337;0.0498;199.35;989.48;1;0.0057;0.0057;0;0;0;0;0;0;0.1915;0.1035;0;15.752;18.24;8.2681;9.5742;97.102;97.102;1.9859;1.6635;0.8731;0.3225;0.7903;0.1624;0.398;0.4397;39.913;0.4133;0
26/12/21 19:00;0.8562;118.3;87.923;0.9724;1.3865;90;1.3865;0;0;0;22.56;3.4201;0;0;0;0;0;0;0;0;0;0;0;0;0;1;1;1;1;0;0;0;0;0;0;0;0;0;0;0;0;0;0;0;0;0;0;0;0;0;0;0;0;0;0;0;0;0;0;0;0;0;0;0;1;1;1;1;1;1;1;1;1;1;1;1;1;1;1;1;1;1;1;0;0;0;0;0;0;0;0;0;0.0004;0.088;-0.0884;0;0;0;0;0;0;0;0;0;0;0;0;0;0;0;0;0;0;0;-22.56;0;0;0;0;0.0004;0;0;0;0;0;0;0;-0.0004;-0.0884;0;0;0;0;0;0;0;0;0;-0.7452;0;0.7452;1;1;0;0;0;0
26/12/21 20:00;0;0;90;0;0;90;0;0;0;0;21.07;2.6;0;0;0;0;0;0;0;0;0;0;0;0;0;1;1;1;1;0;0;0;0;0;0;0;0;0;0;0;0;0;0;0;0;0;0;0;0;0;0;0;0;0;0;0;0;0;0;0;0;0;0;0;1;1;1;1;1;1;1;1;1;1;1;1;1;1;1;1;1;1;1;0;0;0;0;0;0;0;0;0;0.0004;0.088;-0.0884;0;0;0;0;0;0;0;0;0;0;0;0;0;0;0;0;0;0;0;-21.07;0;0;0;0;0.0004;0;0;0;0;0;0;0;-0.0004;-0.0884;0;0;0;0;0;0;0;0;0;-0.7452;0;0.7452;1;1;0;0;0;0
26/12/21 21:00;0;0;90;0;0;90;0;0;0;0;19.97;2.44;0;0;0;0;0;0;0;0;0;0;0;0;0;1;1;1;1;0;0;0;0;0;0;0;0;0;0;0;0;0;0;0;0;0;0;0;0;0;0;0;0;0;0;0;0;0;0;0;0;0;0;0;1;1;1;1;1;1;1;1;1;1;1;1;1;1;1;1;1;1;1;0;0;0;0;0;0;0;0;0;0.0004;0.088;-0.0884;0;0;0;0;0;0;0;0;0;0;0;0;0;0;0;0;0;0;0;-19.97;0;0;0;0;0.0004;0;0;0;0;0;0;0;-0.0004;-0.0884;0;0;0;0;0;0;0;0;0;-0.7452;0;0.7452;1;1;0;0;0;0
26/12/21 22:00;0;0;90;0;0;90;0;0;0;0;18.82;5.0199;0;0;0;0;0;0;0;0;0;0;0;0;0;1;1;1;1;0;0;0;0;0;0;0;0;0;0;0;0;0;0;0;0;0;0;0;0;0;0;0;0;0;0;0;0;0;0;0;0;0;0;0;1;1;1;1;1;1;1;1;1;1;1;1;1;1;1;1;1;1;1;0;0;0;0;0;0;0;0;0;0.0004;0.088;-0.0884;0;0;0;0;0;0;0;0;0;0;0;0;0;0;0;0;0;0;0;-18.82;0;0;0;0;0.0004;0;0;0;0;0;0;0;-0.0004;-0.0884;0;0;0;0;0;0;0;0;0;-0.7452;0;0.7452;1;1;0;0;0;0
26/12/21 23:00;0;0;90;0;0;90;0;0;0;0;17.23;6.5399;0;0;0;0;0;0;0;0;0;0;0;0;0;1;1;1;1;0;0;0;0;0;0;0;0;0;0;0;0;0;0;0;0;0;0;0;0;0;0;0;0;0;0;0;0;0;0;0;0;0;0;0;1;1;1;1;1;1;1;1;1;1;1;1;1;1;1;1;1;1;1;0;0;0;0;0;0;0;0;0;0.0004;0.088;-0.0884;0;0;0;0;0;0;0;0;0;0;0;0;0;0;0;0;0;0;0;-17.23;0;0;0;0;0.0004;0;0;0;0;0;0;0;-0.0004;-0.0884;0;0;0;0;0;0;0;0;0;-0.7452;0;0.7452;1;1;0;0;0;0
27/12/21 00:00;0;0;90;0;0;90;0;0;0;0;16.4;6.5399;0;0;0;0;0;0;0;0;0;0;0;0;0;1;1;1;1;0;0;0;0;0;0;0;0;0;0;0;0;0;0;0;0;0;0;0;0;0;0;0;0;0;0;0;0;0;0;0;0;0;0;0;1;1;1;1;1;1;1;1;1;1;1;1;1;1;1;1;1;1;1;0;0;0;0;0;0;0;0;0;0.0004;0.088;-0.0884;0;0;0;0;0;0;0;0;0;0;0;0;0;0;0;0;0;0;0;-16.4;0;0;0;0;0.0004;0;0;0;0;0;0;0;-0.0004;-0.0884;0;0;0;0;0;0;0;0;0;-0.7452;0;0.7452;1;1;0;0;0;0
27/12/21 01:00;0;0;90;0;0;90;0;0;0;0;16.04;5.5099;0;0;0;0;0;0;0;0;0;0;0;0;0;1;1;1;1;0;0;0;0;0;0;0;0;0;0;0;0;0;0;0;0;0;0;0;0;0;0;0;0;0;0;0;0;0;0;0;0;0;0;0;1;1;1;1;1;1;1;1;1;1;1;1;1;1;1;1;1;1;1;0;0;0;0;0;0;0;0;0;0.0004;0.088;-0.0884;0;0;0;0;0;0;0;0;0;0;0;0;0;0;0;0;0;0;0;-16.04;0;0;0;0;0.0004;0;0;0;0;0;0;0;-0.0004;-0.0884;0;0;0;0;0;0;0;0;0;-0.7452;0;0.7452;1;1;0;0;0;0
27/12/21 02:00;0;0;90;0;0;90;0;0;0;0;15.98;4.83;0;0;0;0;0;0;0;0;0;0;0;0;0;1;1;1;1;0;0;0;0;0;0;0;0;0;0;0;0;0;0;0;0;0;0;0;0;0;0;0;0;0;0;0;0;0;0;0;0;0;0;0;1;1;1;1;1;1;1;1;1;1;1;1;1;1;1;1;1;1;1;0;0;0;0;0;0;0;0;0;0.0004;0.088;-0.0884;0;0;0;0;0;0;0;0;0;0;0;0;0;0;0;0;0;0;0;-15.98;0;0;0;0;0.0004;0;0;0;0;0;0;0;-0.0004;-0.0884;0;0;0;0;0;0;0;0;0;-0.7452;0;0.7452;1;1;0;0;0;0
27/12/21 03:00;0;0;90;0;0;90;0;0;0;0;15.33;4.6299;0;0;0;0;0;0;0;0;0;0;0;0;0;1;1;1;1;0;0;0;0;0;0;0;0;0;0;0;0;0;0;0;0;0;0;0;0;0;0;0;0;0;0;0;0;0;0;0;0;0;0;0;1;1;1;1;1;1;1;1;1;1;1;1;1;1;1;1;1;1;1;0;0;0;0;0;0;0;0;0;0.0004;0.088;-0.0884;0;0;0;0;0;0;0;0;0;0;0;0;0;0;0;0;0;0;0;-15.33;0;0;0;0;0.0004;0;0;0;0;0;0;0;-0.0004;-0.0884;0;0;0;0;0;0;0;0;0;-0.7452;0;0.7452;1;1;0;0;0;0
27/12/21 04:00;1.0837;-118.07;87.371;1.2281;1.7515;-90;-1.7515;0;0;0;14.39;5.0101;0;0;0;0;0;0;0;0;0;0;0;0;0;1;1;1;1;0;0;0;0;0;0;0;0;0;0;0;0;0;0;0;0;0;0;0;0;0;0;0;0;0;0;0;0;0;0;0;0;0;0;0;1;1;1;1;1;1;1;1;1;1;1;1;1;1;1;1;1;1;1;0;0;0;0;0;0;0;0;0;0.0004;0.088;-0.0884;0;0;0;0;0;0;0;0;0;0;0;0;0;0;0;0;0;0;0;-14.39;0;0;0;0;0.0004;0;0;0;0;0;0;0;-0.0004;-0.0884;0;0;0;0;0;0;0;0;0;-0.7452;0;0.7452;1;1;0;0;0;0
27/12/21 05:00;7.7215;-113.12;70.982;8.3869;12.33;-90;-12.33;100.1;19.604;80.492;16.97;6.0699;0;195.22;11.156;20.172;0;0.2424;226.79;0;226.79;195.22;20.172;11.156;0.2424;0.8608;0.0503;0;0.0011;226.47;0.3154;0;0;0.1142;0.2012;199.77;26.252;23.392;2.4171;0.4344;0.0092;226.02;0.4529;0.3904;0.0403;0.0221;0.0001;199.77;171.43;17.715;10.585;0.0319;7.1648;5.6817;2.3529;0.0072;0.0825;1.1864;0.0053;1.2618;0;1;0;0;2.2657;0.9986;1;1;0.9898;0.1699;0.8838;0.8799;1;0.9606;0.7755;0.998;0.998;1;0.998;0.998;0.8809;0.9488;0.1315;0.6454;0.5739;0.0035;0.0168;0.0037;0.0038;0.0137;0.0002;0;0;0.088;0.4227;0;0;0;0;0;0;0;0;0;0;0;0;0.011;0.001;0.5202;0.5202;0;26.772;26.772;9.8022;0.0491;491.94;1057.5;1;0.0095;0.0095;0;0;0;0;0;0;0.5107;0.4227;0;15.158;17.553;12.316;14.262;98.166;98.166;5.4429;4.3872;3.5646;1.0556;0.8226;0.194;0.1511;0.6549;6.7297;0.6524;0
27/12/21 06:00;19.295;-105.44;36.735;19.961;35.928;-90;-35.928;304;57.1;246.9;18.97;5.8801;0;598.8;24.327;73.281;0;6.0727;702.48;0;702.48;598.8;73.281;24.327;6.0727;0.8524;0.0433;0;0.0086;695.6;6.8781;0;0;1.4304;5.4477;690.05;4.1561;2.9732;0.3639;0.738;0.0811;694.21;1.3912;1.1976;0.1466;0.0458;0.0012;690.28;594.62;72.771;22.113;0.5427;18.113;14.364;5.8806;0.6871;0.2564;3.6883;0.2266;3.2576;0;1;0;0;2.3108;0.9902;1;1;0.9412;0.1029;0.994;0.995;1;0.9677;0.87;0.998;0.998;1;0.998;0.998;0.9823;0.909;0.0894;1.9992;1.9823;0.0119;-0.0001;0.1983;0.0124;0.044;0.0006;0;0;0.088;1.5563;0;0;0;0;0;0;0;0;0;0;0;0;0.0354;0.0094;1.6703;1.6703;0;53.332;53.332;34.363;0.0498;1710.9;976.32;1;0.0261;0.0261;0;0;0;0;0;0;1.6443;1.5563;0;15.712;18.195;14.639;16.952;98.439;98.439;16.859;14.086;13.124;2.7732;0.9621;0.1645;0.0571;0.7784;16.755;0.7754;0
27/12/21 07:00;31.3;-97.949;6.7866;31.546;58.454;-90;-58.454;530.09;87.999;442.09;20.94;5.14;0;845.01;26.628;101.37;0;26.54;999.55;0;999.55;845.01;101.37;26.628;26.54;0.8454;0.0532;0;0.0266;971.61;27.934;0;0;3.2122;24.722;968.53;1.1401;0.1977;0.0237;0.8167;0.1021;969.67;1.9432;1.69;0.2027;0.0468;0.0036;973.02;843.12;101.14;22.553;1.7117;129.6;102.77;42.937;4.0622;1.723;24.785;4.4899;22.446;0;1;0;0;1.8856;0.9721;1;1;0.8794;0.0685;0.9988;0.9998;1;0.9651;0.9437;0.998;0.998;1;0.998;0.998;0.969;0.8469;0.0645;2.8446;2.8335;0.0171;-0.0003;0.449;0.0166;0.0588;0.0039;0;0;0.088;2.0988;0;0;0;0;0;0;0;0;0;0;0;0;0.0473;0.0185;2.2226;2.2226;0;69.811;69.811;48.871;0.0505;2444.2;909.34;1;0.0358;0.0358;0;0;0;0;0;0;2.1868;2.0988;0;14.694;17.015;13.875;16.067;98.39;98.39;23.989;18.744;17.7;5.2453;1.0439;0.2187;0.0435;0.7378;22.774;0.7244;0
27/12/21 08:00;43.527;-89.932;0.0496;43.527;46.473;-90;-46.473;399.7;315.5;84.195;21.9;4.36;0;122.25;243.33;39.664;0;13.065;418.31;0;418.31;122.25;39.664;243.33;13.065;0.2923;0.6129;0;0.0312;385.18;33.13;0;0;21.044;12.086;377.09;7.3196;0.0002;0.0001;7.2671;0.0523;384.41;0.7704;0.2445;0.0793;0.4446;0.002;381.52;122.01;39.585;214.57;0.9244;228.67;181.34;80.33;16.609;3.357;48.289;4.4279;35.036;0;1;0;0;1.0466;0.9208;1;1;0.9135;0.0749;0.981;1;1;0.9672;0.9465;0.998;0.998;1;0.998;0.998;0.9015;0.8818;0.0708;1.1905;1.1883;0.0072;0.0095;0.0657;0.0077;0.0275;0.0085;0;0;0.088;0.9322;0;0;0;0;0;0;0;0;0;0;0;0;0.0221;0.0036;1.0365;1.0365;0;40.531;40.531;18.631;0.0494;1020;1016.1;1;0.0163;0.0163;0;0;0;0;0;0;1.0202;0.9322;0;16.373;18.959;14.726;17.052;98.431;98.431;10.039;8.7405;7.8613;1.2989;0.8792;0.1294;0.0876;0.783;183.6;0.7208;0
27/12/21 09:00;55.737;-79.997;5.6122;56.144;33.856;-90;-33.856;647.4;324.1;323.29;23.4;3.8101;0;389.3;214.45;108.12;0;11.526;723.4;0;723.4;389.3;108.12;214.45;11.526;0.5382;0.3124;0;0.0159;701.67;21.728;0;0;11.487;10.242;693.43;6.8359;0.0753;0.0209;6.5506;0.1891;700.27;1.4033;0.7786;0.2162;0.4059;0.0026;696.78;388.45;107.88;196.01;1.0926;354.33;280.99;120.52;4.931;4.1063;59.067;3.3508;58.243;0;1;0;0;1.1174;0.97;1;1;0.9464;0.1114;0.9902;0.9998;1;0.9677;0.8524;0.998;0.998;1;0.998;0.998;0.9586;0.914;0.0948;2.0587;2.1119;0.0127;-0.001;0.247;0.013;0.046;0.0098;0;0;0.088;1.6218;0;0;0;0;0;0;0;0;0;0;0;0;0.0371;0.0106;1.7368;1.7368;0;58.066;58.066;34.666;0.05;1819.6;954.49;1;0.0269;0.0269;0;0;0;0;0;0;1.7098;1.6218;0;15.865;18.371;14.815;17.155;98.449;98.449;17.362;14.646;13.677;2.7153;0.9692;0.1564;0.0558;0.7878;145.34;0.7424;0
27/12/21 10:00;67.431;-64.37;9.556;69.457;20.543;-90;-20.543;1065.9;175.9;890.01;24.94;3.4201;0;950.45;54.055;128.22;0;7.1168;1139.8;0;1139.8;950.45;128.22;54.055;7.1168;0.8338;0.0537;0;0.0062;1132.6;7.2549;0;0;1.3034;5.9514;1127.9;2.4193;0.3131;0.0422;1.81;0.254;1130.3;2.2652;1.9009;0.2564;0.1055;0.0023;1129.6;948.23;127.92;50.836;0.909;601.17;476.73;201.89;0.2146;6.605;95.011;1.7219;101.4;0;1;0;0;1.0694;0.9936;1;1;0.9759;0.1637;0.9979;0.9997;1;0.9656;0.7816;0.998;0.998;1;0.998;0.998;0.9895;0.9405;0.1277;3.2439;3.4222;0.0206;0.0096;0.6968;0.0189;0.0669;0.0142;0;0;0.088;2.3725;0;0;0;0;0;0;0;0;0;0;0;0;0.0539;0.0264;2.5149;2.502;0;82.459;82.459;57.519;0.051;2859.4;875;1;0.0544;0.0415;0;0.0129;0;0;0;0;2.4605;2.3725;0;14.505;16.796;13.754;15.927;97.836;98.341;27.356;21.099;20.007;6.2566;1.0923;0.2287;0.0399;0.7314;33.674;0.6884;0
27/12/21 11:00;76.645;-29.588;11.588;83.314;6.6859;-90;-6.6859;645.89;460.9;184.99;25.31;3.16;0;186.26;397.48;62.488;0;0.4612;646.69;0;646.69;186.26;62.488;397.48;0.4612;0.288;0.6154;0;0.0007;644.83;1.8594;0;0;1.4759;0.3836;626.52;17.024;0.0744;0.025;16.907;0.0173;643.54;1.2897;0.3725;0.125;0.792;0.0002;626.57;185.81;62.338;378.31;0.0601;381.64;302.64;122.71;0.0209;4.5404;65.311;0.0564;69.831;0;1;0;0;1.0012;0.9971;1;1;0.9963;0.1683;0.9735;0.9996;1;0.9572;0.7762;0.998;0.998;1;0.998;0.998;0.9688;0.9518;0.1304;1.8404;1.9235;0.0116;0.0004;0.2153;0.0119;0.0421;0.0109;0;0;0.088;1.4763;0;0;0;0;0;0;0;0;0;0;0;0;0.0339;0.0089;1.5885;1.5885;0;56.603;56.603;31.292;0.0499;1655.6;959.5;1;0.0242;0.0242;0;0;0;0;0;0;1.5643;1.4763;0;16.232;18.796;15.085;17.468;98.475;98.475;15.521;13.396;12.45;2.1242;0.9464;0.1369;0.061;0.8022;236.64;0.7458;0
27/12/21 12:00;76.337;32.151;11.536;82.629;7.3708;90;7.3708;430.7;404.6;26.101;26.14;3.23;0;26.318;395.26;7.761;0;0.3737;429.71;0;429.71;26.318;7.761;395.26;0.3737;0.0612;0.9207;0;0.0009;427.67;2.0397;0;0;1.7285;0.3112;410.14;16.682;0.0105;0.0031;16.655;0.014;426.82;0.8553;0.0526;0.0155;0.7871;0.0001;410.18;26.255;7.7424;376.09;0.0484;255.42;202.55;80.853;0.0326;3.1226;44.917;0.0477;48.007;0;1;0;0;0.9977;0.9953;1;1;0.9956;0.1674;0.9609;0.9996;1;0.9576;0.7756;0.998;0.998;1;0.998;0.998;0.9544;0.9515;0.1295;1.2229;1.2635;0.0076;0.0084;0.0968;0.0081;0.0286;0.0078;0;0;0.088;0.9747;0;0;0;0;0;0;0;0;0;0;0;0;0.023;0.0041;1.0792;1.0792;0;46.495;46.495;20.355;0.0496;1086;993.8;1;0.0166;0.0166;0;0;0;0;0;0;1.0627;0.9747;0;16.596;19.218;14.988;17.356;98.465;98.465;10.313;9.1012;8.2194;1.2119;0.8818;0.1175;0.0855;0.797;235.6;0.7391;0
27/12/21 13:00;66.888;65.396;9.4058;68.792;21.208;90;21.208;947.51;207;740.5;26.02;3.5099;0;794.3;85.956;126.61;0;6.7377;1013.6;0;1013.6;794.3;126.61;85.956;6.7377;0.7836;0.0915;0;0.0066;1005.7;7.8599;0;0;2.1881;5.6718;1000.3;3.3886;0.2575;0.0411;2.8582;0.2318;1003.7;2.0115;1.5886;0.2532;0.1675;0.0021;1002;792.45;126.31;80.742;0.832;534.41;423.79;178.18;0.3821;5.968;85.848;1.6548;91.434;0;1;0;0;1.0698;0.9922;1;1;0.9745;0.1582;0.9966;0.9997;1;0.9658;0.7821;0.998;0.998;1;0.998;0.998;0.9869;0.9393;0.1235;2.8846;3.0387;0.0183;0.0022;0.5578;0.0172;0.0611;0.0132;0;0;0.088;2.1738;0;0;0;0;0;0;0;0;0;0;0;0;0.0492;0.0211;2.2987;2.2987;0;76.788;76.788;50.768;0.0508;2617.5;878.18;1;0.0369;0.0369;0;0;0;0;0;0;2.2618;2.1738;0;14.986;17.353;14.172;16.41;98.396;98.396;24.326;19.385;18.332;4.9415;1.053;0.2031;0.0433;0.7536;53.727;0.7086;0
27/12/21 14:00;55.146;80.565;5.3754;55.512;34.488;90;34.488;906;159.6;746.39;26.29;4.04;0;905.55;51.801;124.73;0;16.72;1098.8;0;1098.8;905.55;124.73;51.801;16.72;0.8241;0.0624;0;0.0152;1081;17.84;0;0;2.8657;14.974;1076.8;2.0222;0.1678;0.0231;1.5779;0.2534;1078.8;2.1619;1.8111;0.2495;0.0979;0.0035;1081.4;903.58;124.46;47.259;1.4887;461.75;366.17;155.82;1.2728;5.0967;73.314;4.6634;77.138;0;1;0;0;1.2128;0.9838;1;1;0.9447;0.1044;0.9981;0.9998;1;0.9677;0.8546;0.998;0.998;1;0.998;0.998;0.98;0.9123;0.089;3.1271;3.241;0.0195;0.0056;0.6453;0.018;0.0638;0.011;0;0;0.088;2.2673;0;0;0;0;0;0;0;0;0;0;0;0;0.0514;0.0239;2.4024;2.3943;0;81.138;81.138;54.848;0.0509;2736.4;875;1;0.0471;0.039;0;0.008;0;0;0;0;2.3553;2.2673;0;14.399;16.674;13.635;15.789;98.041;98.37;26.371;20.192;19.12;6.1797;1.0711;0.2343;0.0406;0.725;35.279;0.6906;0
27/12/21 15:00;42.928;90.352;0.2576;42.929;47.071;90;47.071;654.1;218.9;435.19;25.92;4.9;0;638.97;100.73;145.45;0;21.903;907.05;0;907.05;638.97;145.45;100.73;21.903;0.7044;0.1352;0;0.0241;877.76;29.291;0;0;8.9047;20.386;872.91;3.0934;0.0057;0.0013;3.007;0.0794;876.01;1.7555;1.2779;0.2909;0.1837;0.003;878.45;637.69;145.15;88.636;1.4348;288.84;229.05;97.372;7.1909;3.61;51.929;5.5351;48.348;0;1;0;0;1.3867;0.9677;1;1;0.9116;0.0693;0.9965;1;1;0.9672;0.9476;0.998;0.998;1;0.998;0.998;0.9624;0.8799;0.0655;2.5814;2.6173;0.0158;-0.0016;0.4171;0.0153;0.0543;0.0082;0;0;0.088;1.9288;0;0;0;0;0;0;0;0;0;0;0;0;0.0437;0.0159;2.0487;2.0487;0;69.972;69.972;44.052;0.0505;2254.2;908.86;1;0.0319;0.0319;0;0;0;0;0;0;2.0168;1.9288;0;14.925;17.283;14.052;16.272;98.444;98.444;21.769;17.277;16.266;4.4921;1.011;0.2063;0.0464;0.7472;76.43;0.7165;0
27/12/21 16:00;30.707;98.32;7.147;30.973;59.027;90;59.027;507;164.1;342.9;26.14;6.2299;0;666.3;65.171;151.64;0;25.838;908.95;0;908.95;666.3;151.64;65.171;25.838;0.733;0.1001;0;0.0284;876.77;32.187;0;0;8.0011;24.186;872.71;2.3069;0.1642;0.0374;2.0028;0.1025;875.01;1.7535;1.3326;0.3033;0.1143;0.0033;877.58;664.8;151.3;55.053;1.5468;141.43;112.16;49.079;10.283;2.1163;30.442;4.879;22.275;0;1;0;0;1.7928;0.9646;1;1;0.8772;0.064;0.9974;0.9998;1;0.9649;0.9378;0.998;0.998;1;0.998;0.998;0.9601;0.8447;0.0599;2.5868;2.5718;0.0155;-0.0018;0.4121;0.015;0.0533;0.0048;0;0;0.088;1.8954;0;0;0;0;0;0;0;0;0;0;0;0;0.0429;0.0154;2.0147;2.0147;0;70.19;70.19;44.05;0.0505;2217;908.74;1;0.0312;0.0312;0;0;0;0;0;0;1.9834;1.8954;0;14.646;16.96;13.779;15.956;98.449;98.449;21.815;16.99;15.984;4.825;1.0056;0.2212;0.0461;0.7327;56.093;0.7148;0
27/12/21 17:00;18.718;105.8;38.894;19.4;34.265;90;34.265;279.31;155.4;123.9;24.6;7.61;0;300.5;103.11;103.06;0;5.09;511.76;0;511.76;300.5;103.06;103.11;5.09;0.5872;0.2114;0;0.0099;501.56;10.2;0;0;5.6464;4.5539;494.82;5.7345;1.8707;0.6415;3.1434;0.0788;500.55;1.0031;0.601;0.2061;0.1949;0.0011;495.52;298.03;102.21;94.127;0.4563;70.919;56.239;23.853;2.4708;0.9358;13.461;0.7013;11.926;0;1;0;0;1.8323;0.9801;1;1;0.9452;0.1053;0.9885;0.9938;1;0.9677;0.8527;0.998;0.998;1;0.998;0.998;0.9669;0.9129;0.0896;1.4564;1.4447;0.0087;0.0059;0.1242;0.0091;0.0324;0.0023;0;0;0.088;1.124;0;0;0;0;0;0;0;0;0;0;0;0;0.0261;0.0052;1.2307;1.2307;0;49.188;49.188;24.588;0.0497;1244.9;988.64;1;0.0187;0.0187;0;0;0;0;0;0;1.212;1.124;0;15.891;18.402;14.514;16.806;98.482;98.482;12.282;10.379;9.479;1.9035;0.8997;0.155;0.0733;0.7718;70.104;0.7569;0
27/12/21 18:00;7.1712;113.51;72.377;7.813;11.437;90;11.437;70.305;66.599;3.7058;21.82;8.57;0;8.9875;64.552;3.3958;0;0.1466;77.082;0;77.082;8.9875;3.3958;64.552;0.1466;0.1166;0.8393;0;0.0019;76.375;0.7067;0;0;0.5847;0.122;71.943;4.2795;1.2495;0.4721;2.5523;0.0055;76.222;0.1528;0.018;0.0068;0.1279;0;71.968;7.72;2.9169;61.287;0.019;38.865;30.82;12.31;0.0312;0.4764;6.8523;0.0253;7.2975;0;1;0;0;1.0964;0.9908;1;1;0.9909;0.1679;0.9439;0.8607;1;0.96;0.7747;0.998;0.998;1;0.998;0.998;0.9333;0.9494;0.1298;0.2194;0.2196;0.0013;0.0152;0.0003;0.0014;0.005;0.0012;0;0;0.088;0.0968;0;0;0;0;0;0;0;0;0;0;0;0;0.0041;0.0002;0.1908;0.1908;0;25.382;25.382;3.5613;0.0495;186.6;1022.7;1;0.006;0.006;0;0;0;0;0;0;0.1848;0.0968;0;16.361;18.945;8.3013;9.6127;96.85;96.85;1.85;1.6094;0.8166;0.2405;0.7928;0.13;0.4286;0.4414;38.84;0.4139;0
27/12/21 19:00;0.9159;118.2;87.778;1.0392;1.4818;90;1.4818;0;0;0;19.87;8.8499;0;0;0;0;0;0;0;0;0;0;0;0;0;1;1;1;1;0;0;0;0;0;0;0;0;0;0;0;0;0;0;0;0;0;0;0;0;0;0;0;0;0;0;0;0;0;0;0;0;0;0;0;1;1;1;1;1;1;1;1;1;1;1;1;1;1;1;1;1;1;1;0;0;0;0;0;0;0;0;0;0.0004;0.088;-0.0884;0;0;0;0;0;0;0;0;0;0;0;0;0;0;0;0;0;0;0;-19.87;0;0;0;0;0.0004;0;0;0;0;0;0;0;-0.0004;-0.0884;0;0;0;0;0;0;0;0;0;-0.7452;0;0.7452;1;1;0;0;0;0
27/12/21 20:00;0;0;90;0;0;90;0;0;0;0;19.03;9.1401;0;0;0;0;0;0;0;0;0;0;0;0;0;1;1;1;1;0;0;0;0;0;0;0;0;0;0;0;0;0;0;0;0;0;0;0;0;0;0;0;0;0;0;0;0;0;0;0;0;0;0;0;1;1;1;1;1;1;1;1;1;1;1;1;1;1;1;1;1;1;1;0;0;0;0;0;0;0;0;0;0.0004;0.088;-0.0884;0;0;0;0;0;0;0;0;0;0;0;0;0;0;0;0;0;0;0;-19.03;0;0;0;0;0.0004;0;0;0;0;0;0;0;-0.0004;-0.0884;0;0;0;0;0;0;0;0;0;-0.7452;0;0.7452;1;1;0;0;0;0
27/12/21 21:00;0;0;90;0;0;90;0;0;0;0;17.96;9.0701;0;0;0;0;0;0;0;0;0;0;0;0;0;1;1;1;1;0;0;0;0;0;0;0;0;0;0;0;0;0;0;0;0;0;0;0;0;0;0;0;0;0;0;0;0;0;0;0;0;0;0;0;1;1;1;1;1;1;1;1;1;1;1;1;1;1;1;1;1;1;1;0;0;0;0;0;0;0;0;0;0.0004;0.088;-0.0884;0;0;0;0;0;0;0;0;0;0;0;0;0;0;0;0;0;0;0;-17.96;0;0;0;0;0.0004;0;0;0;0;0;0;0;-0.0004;-0.0884;0;0;0;0;0;0;0;0;0;-0.7452;0;0.7452;1;1;0;0;0;0
27/12/21 22:00;0;0;90;0;0;90;0;0;0;0;17.6;8.56;0;0;0;0;0;0;0;0;0;0;0;0;0;1;1;1;1;0;0;0;0;0;0;0;0;0;0;0;0;0;0;0;0;0;0;0;0;0;0;0;0;0;0;0;0;0;0;0;0;0;0;0;1;1;1;1;1;1;1;1;1;1;1;1;1;1;1;1;1;1;1;0;0;0;0;0;0;0;0;0;0.0004;0.088;-0.0884;0;0;0;0;0;0;0;0;0;0;0;0;0;0;0;0;0;0;0;-17.6;0;0;0;0;0.0004;0;0;0;0;0;0;0;-0.0004;-0.0884;0;0;0;0;0;0;0;0;0;-0.7452;0;0.7452;1;1;0;0;0;0
27/12/21 23:00;0;0;90;0;0;90;0;0;0;0;15.8;7.61;0;0;0;0;0;0;0;0;0;0;0;0;0;1;1;1;1;0;0;0;0;0;0;0;0;0;0;0;0;0;0;0;0;0;0;0;0;0;0;0;0;0;0;0;0;0;0;0;0;0;0;0;1;1;1;1;1;1;1;1;1;1;1;1;1;1;1;1;1;1;1;0;0;0;0;0;0;0;0;0;0.0004;0.088;-0.0884;0;0;0;0;0;0;0;0;0;0;0;0;0;0;0;0;0;0;0;-15.8;0;0;0;0;0.0004;0;0;0;0;0;0;0;-0.0004;-0.0884;0;0;0;0;0;0;0;0;0;-0.7452;0;0.7452;1;1;0;0;0;0
28/12/21 00:00;0;0;90;0;0;90;0;0;0;0;14.9;6.59;0;0;0;0;0;0;0;0;0;0;0;0;0;1;1;1;1;0;0;0;0;0;0;0;0;0;0;0;0;0;0;0;0;0;0;0;0;0;0;0;0;0;0;0;0;0;0;0;0;0;0;0;1;1;1;1;1;1;1;1;1;1;1;1;1;1;1;1;1;1;1;0;0;0;0;0;0;0;0;0;0.0004;0.088;-0.0884;0;0;0;0;0;0;0;0;0;0;0;0;0;0;0;0;0;0;0;-14.9;0;0;0;0;0.0004;0;0;0;0;0;0;0;-0.0004;-0.0884;0;0;0;0;0;0;0;0;0;-0.7452;0;0.7452;1;1;0;0;0;0
28/12/21 01:00;0;0;90;0;0;90;0;0;0;0;15.31;5.6599;0;0;0;0;0;0;0;0;0;0;0;0;0;1;1;1;1;0;0;0;0;0;0;0;0;0;0;0;0;0;0;0;0;0;0;0;0;0;0;0;0;0;0;0;0;0;0;0;0;0;0;0;1;1;1;1;1;1;1;1;1;1;1;1;1;1;1;1;1;1;1;0;0;0;0;0;0;0;0;0;0.0004;0.088;-0.0884;0;0;0;0;0;0;0;0;0;0;0;0;0;0;0;0;0;0;0;-15.31;0;0;0;0;0.0004;0;0;0;0;0;0;0;-0.0004;-0.0884;0;0;0;0;0;0;0;0;0;-0.7452;0;0.7452;1;1;0;0;0;0
28/12/21 02:00;0;0;90;0;0;90;0;0;0;0;14.78;4.9;0;0;0;0;0;0;0;0;0;0;0;0;0;1;1;1;1;0;0;0;0;0;0;0;0;0;0;0;0;0;0;0;0;0;0;0;0;0;0;0;0;0;0;0;0;0;0;0;0;0;0;0;1;1;1;1;1;1;1;1;1;1;1;1;1;1;1;1;1;1;1;0;0;0;0;0;0;0;0;0;0.0004;0.088;-0.0884;0;0;0;0;0;0;0;0;0;0;0;0;0;0;0;0;0;0;0;-14.78;0;0;0;0;0.0004;0;0;0;0;0;0;0;-0.0004;-0.0884;0;0;0;0;0;0;0;0;0;-0.7452;0;0.7452;1;1;0;0;0;0
28/12/21 03:00;0;0;90;0;0;90;0;0;0;0;14.5;4.35;0;0;0;0;0;0;0;0;0;0;0;0;0;1;1;1;1;0;0;0;0;0;0;0;0;0;0;0;0;0;0;0;0;0;0;0;0;0;0;0;0;0;0;0;0;0;0;0;0;0;0;0;1;1;1;1;1;1;1;1;1;1;1;1;1;1;1;1;1;1;1;0;0;0;0;0;0;0;0;0;0.0004;0.088;-0.0884;0;0;0;0;0;0;0;0;0;0;0;0;0;0;0;0;0;0;0;-14.5;0;0;0;0;0.0004;0;0;0;0;0;0;0;-0.0004;-0.0884;0;0;0;0;0;0;0;0;0;-0.7452;0;0.7452;1;1;0;0;0;0
28/12/21 04:00;1.1481;-117.95;87.215;1.2996;1.8536;-90;-1.8536;0;0;0;14.13;4.6999;0;0;0;0;0;0;0;0;0;0;0;0;0;1;1;1;1;0;0;0;0;0;0;0;0;0;0;0;0;0;0;0;0;0;0;0;0;0;0;0;0;0;0;0;0;0;0;0;0;0;0;0;1;1;1;1;1;1;1;1;1;1;1;1;1;1;1;1;1;1;1;0;0;0;0;0;0;0;0;0;0.0004;0.088;-0.0884;0;0;0;0;0;0;0;0;0;0;0;0;0;0;0;0;0;0;0;-14.13;0;0;0;0;0.0004;0;0;0;0;0;0;0;-0.0004;-0.0884;0;0;0;0;0;0;0;0;0;-0.7452;0;0.7452;1;1;0;0;0;0
28/12/21 05:00;7.604;-113.15;71.281;8.2608;12.133;-90;-12.133;100.8;17.9;82.898;14.7;5.5899;0;201.05;9.8474;19.261;0;0.2364;230.4;0;230.4;201.05;19.261;9.8474;0.2364;0.8726;0.0438;0;0.001;230.1;0.2944;0;0;0.0981;0.1962;202;27.638;24.862;2.3818;0.3847;0.009;229.64;0.4602;0.4021;0.0385;0.0195;0.0001;202.01;175.79;16.841;9.345;0.0311;6.3819;5.0609;2.1061;0.006;0.0728;1.0468;0.0045;1.1136;0;1;0;0;2.2857;0.9987;1;1;0.99;0.1699;0.8796;0.8761;1;0.9605;0.7755;0.998;0.998;1;0.998;0.998;0.8768;0.949;0.1315;0.6557;0.5801;0.0035;0.0168;-0.0008;0.0039;0.0139;0.0002;0;0;0.088;0.4326;0;0;0;0;0;0;0;0;0;0;0;0;0.0112;0.001;0.5303;0.5303;0;24.593;24.593;9.8931;0.049;497.14;1066.7;1;0.0097;0.0097;0;0;0;0;0;0;0.5206;0.4326;0;15.21;17.613;12.407;14.367;98.163;98.163;5.5295;4.4723;3.648;1.0573;0.8242;0.1912;0.1491;0.6597;5.9368;0.6575;0
28/12/21 06:00;19.177;-105.45;37.188;19.84;35.56;-90;-35.56;306.11;54.799;251.31;16.63;5.4199;0;609.49;22.767;72.008;0;5.9942;710.26;0;710.26;609.49;72.008;22.767;5.9942;0.8581;0.0405;0;0.0084;703.58;6.6856;0;0;1.3172;5.3683;697.83;4.3385;3.1873;0.3766;0.6914;0.0832;702.17;1.4072;1.219;0.144;0.0429;0.0013;698;605.09;71.488;20.715;0.5414;17.012;13.49;6.0311;0.6209;0.2062;2.9661;0.1641;2.5514;0;1;0;0;2.3203;0.9906;1;1;0.9421;0.1044;0.9938;0.9948;1;0.9677;0.8668;0.998;0.998;1;0.998;0.998;0.9825;0.9099;0.0903;2.0214;2.003;0.0121;-0.0003;0.1858;0.0126;0.0448;0.0005;0;0;0.088;1.5869;0;0;0;0;0;0;0;0;0;0;0;0;0.0361;0.0096;1.7017;1.7017;0;51.321;51.321;34.692;0.0497;1728;984.78;1;0.0268;0.0268;0;0;0;0;0;0;1.6749;1.5869;0;15.832;18.333;14.764;17.096;98.423;98.423;17.046;14.351;13.382;2.6954;0.9684;0.1581;0.0568;0.7851;15.635;0.7826;0
28/12/21 07:00;31.18;-97.958;6.8027;31.427;58.573;-90;-58.573;531.79;87.699;444.09;18.52;4.59;0;851.72;26.188;102.17;0;26.724;1006.8;0;1006.8;851.72;102.17;26.188;26.724;0.846;0.0526;0;0.0265;978.74;28.061;0;0;3.1684;24.893;975.66;1.1312;0.1997;0.024;0.8036;0.104;976.79;1.9575;1.7034;0.2043;0.046;0.0037;980.17;849.82;101.95;22.17;1.7236;128.41;101.83;42.314;4.0242;1.722;24.77;4.5146;22.468;0;1;0;0;1.8932;0.9721;1;1;0.879;0.0685;0.9988;0.9998;1;0.965;0.9431;0.998;0.998;1;0.998;0.998;0.9691;0.8466;0.0645;2.8653;2.854;0.0172;-0.0001;0.4298;0.0168;0.0598;0.004;0;0;0.088;2.1347;0;0;0;0;0;0;0;0;0;0;0;0;0.0481;0.0187;2.2596;2.2596;0;67.664;67.664;49.144;0.0504;2461;918.15;1;0.0369;0.0369;0;0;0;0;0;0;2.2227;2.1347;0;14.83;17.173;14.011;16.224;98.369;98.369;24.163;19.055;18.002;5.1081;1.053;0.2114;0.0436;0.745;22.427;0.7315;0
28/12/21 08:00;43.408;-89.939;0.0444;43.408;46.592;-90;-46.592;691.29;127.3;563.99;19.86;3.5001;0;820.73;44.97;107.67;0;22.706;996.07;0;996.07;820.73;107.67;44.97;22.706;0.824;0.0679;0;0.0228;971.16;24.913;0;0;3.9037;21.009;967.78;1.4342;0.0013;0.0002;1.3431;0.0898;969.22;1.9423;1.6415;0.2153;0.0821;0.0034;973.32;819.08;107.46;39.641;1.6037;291.03;230.78;95.966;3.102;3.5074;50.453;5.5403;50.858;0;1;0;0;1.4409;0.975;1;1;0.9132;0.0747;0.9985;1;1;0.9672;0.947;0.998;0.998;1;0.998;0.998;0.9716;0.8815;0.0706;2.8347;2.8858;0.0174;0.0003;0.4448;0.017;0.0602;0.008;0;0;0.088;2.1456;0;0;0;0;0;0;0;0;0;0;0;0;0.0485;0.0191;2.2706;2.2706;0;68.646;68.646;48.787;0.0504;2486.9;913.06;1;0.037;0.037;0;0;0;0;0;0;2.2336;2.1456;0;15.063;17.443;14.234;16.483;98.37;98.37;23.906;19.149;18.094;4.7572;1.0542;0.199;0.0441;0.7569;33.969;0.7292;0
28/12/21 09:00;55.618;-80.012;5.6207;56.025;33.975;-90;-33.975;967.29;159.6;807.69;20.64;2.44;0;973.97;44.801;133.39;0;17.34;1169.5;0;1169.5;973.97;133.39;44.801;17.34;0.8328;0.0531;0;0.0148;1151.7;17.829;0;0;2.4131;15.416;1147.5;1.8639;0.1887;0.0258;1.3679;0.2814;1149.4;2.3034;1.9479;0.2668;0.0848;0.0038;1152.3;971.84;133.1;40.935;1.6381;494.35;392.02;168.54;1.0465;5.3239;76.583;4.7446;80.86;0;1;0;0;1.209;0.9848;1;1;0.9461;0.1109;0.9984;0.9998;1;0.9677;0.8534;0.998;0.998;1;0.998;0.998;0.9812;0.9137;0.0945;3.3283;3.4501;0.0208;0.0103;0.6586;0.0193;0.0685;0.0116;0;0;0.088;2.4475;0;0;0;0;0;0;0;0;0;0;0;0;0.0552;0.0269;2.5788;2.5788;0;78.996;78.996;58.356;0.0509;2942.9;875;1;0.0433;0.0433;0;0;0;0;0;0;2.5355;2.4475;0;14.571;16.873;13.829;16.014;98.321;98.321;28.068;21.748;20.64;6.3204;1.1073;0.2252;0.0395;0.7354;30.392;0.701;0
28/12/21 10:00;67.314;-64.435;9.5805;69.339;20.661;-90;-20.661;1097.2;181;916.2;22.23;1.8201;0;979.18;51.983;136.04;0;7.4097;1174.6;0;1174.6;979.18;136.04;51.983;7.4097;0.8336;0.0506;0;0.0063;1167.1;7.4643;0;0;1.2651;6.1992;1162.4;2.3702;0.3234;0.0449;1.7385;0.2634;1164.8;2.3343;1.9584;0.2721;0.1014;0.0024;1164.3;976.9;135.72;48.878;0.9447;618.31;490.32;203.61;0.2109;7.0555;101.49;1.8481;108.34;0;1;0;0;1.0706;0.9936;1;1;0.9757;0.1634;0.998;0.9997;1;0.9657;0.782;0.998;0.998;1;0.998;0.998;0.9896;0.9403;0.1275;3.3428;3.5344;0.0213;0.0125;0.7061;0.0196;0.0694;0.0152;0;0;0.088;2.4637;0;0;0;0;0;0;0;0;0;0;0;0;0.0559;0.0281;2.6064;2.5954;0;81.467;81.467;59.237;0.051;2966.1;875;1;0.0547;0.0437;0;0.011;0;0;0;0;2.5517;2.4637;0;14.601;16.907;13.86;16.049;97.901;98.317;28.191;21.887;20.776;6.3037;1.1106;0.2236;0.0394;0.737;32.402;0.6922;0
28/12/21 11:00;76.552;-29.915;11.629;83.2;6.8004;-90;-6.8004;1101.3;181.7;919.6;23.7;1.72;0;926.12;59.818;122.53;0;0.8135;1109.3;0;1109.3;926.12;122.53;59.818;0.8135;0.8349;0.0547;0;0.0007;1108.4;0.9049;0;0;0.2283;0.6766;1103.2;2.9915;0.3713;0.0491;2.5405;0.0306;1106.2;2.2168;1.8522;0.2451;0.1192;0.0003;1103.3;923.9;122.24;56.93;0.1061;646.63;512.78;214.12;0.0036;7.2874;104.83;0.1169;112.11;0;1;0;0;1.0072;0.9992;1;1;0.9962;0.1684;0.9973;0.9996;1;0.9573;0.7762;0.998;0.998;1;0.998;0.998;0.9945;0.9517;0.1304;3.1569;3.3665;0.0203;0.0083;0.6534;0.0188;0.0666;0.0159;0;0;0.088;2.3685;0;0;0;0;0;0;0;0;0;0;0;0;0.0537;0.0256;2.5039;2.498;0;79.835;79.835;56.134;0.0509;2854.8;875;1;0.0474;0.0414;0;0.0059;0;0;0;0;2.4565;2.3685;0;14.88;17.231;14.109;16.338;98.108;98.342;26.623;21.066;19.974;5.5572;1.0915;0.2087;0.041;0.7503;35.62;0.7007;0
28/12/21 12:00;76.345;31.646;11.594;82.736;7.2642;90;7.2642;1118.9;184.6;934.3;24.56;1.7401;0;941.86;58.666;126.71;0;0.943;1128.2;0;1128.2;941.86;126.71;58.666;0.943;0.8348;0.0528;0;0.0008;1127.2;1.0357;0;0;0.2505;0.7852;1122;2.938;0.3764;0.0506;2.4756;0.0353;1124.9;2.2543;1.8837;0.2534;0.1168;0.0003;1122.1;939.6;126.41;55.823;0.1221;656.52;520.62;217.43;0.0048;7.3968;106.4;0.1432;113.79;0;1;0;0;1.0083;0.9991;1;1;0.9957;0.1673;0.9974;0.9996;1;0.9575;0.7756;0.998;0.998;1;0.998;0.998;0.9945;0.9515;0.1295;3.2107;3.4235;0.0206;0.0097;0.6881;0.0189;0.0672;0.016;0;0;0.088;2.3817;0;0;0;0;0;0;0;0;0;0;0;0;0.0541;0.0264;2.5226;2.5115;0;81.742;81.742;57.182;0.051;2870.3;875;1;0.0529;0.0417;0;0.0111;0;0;0;0;2.4697;2.3817;0;14.71;17.034;13.95;16.154;97.904;98.338;27.076;21.18;20.085;5.8969;1.0941;0.2178;0.0404;0.7418;34.962;0.6929;0
28/12/21 13:00;66.947;65.13;9.4788;68.888;21.112;90;21.112;1030.1;171.2;858.9;25.46;1.6601;0;920.69;56.08;121.32;0;7.2596;1105.3;0;1105.3;920.69;121.32;56.08;7.2596;0.8329;0.0573;0;0.0066;1097.8;7.5259;0;0;1.4172;6.1087;1093.2;2.4576;0.3008;0.0396;1.8665;0.2506;1095.6;2.1956;1.8414;0.2426;0.1093;0.0023;1094.9;918.55;121.03;52.687;0.898;579.57;459.6;193.47;0.2459;6.4458;92.721;1.7768;98.92;0;1;0;0;1.0731;0.9932;1;1;0.9747;0.1585;0.9978;0.9997;1;0.9658;0.7818;0.998;0.998;1;0.998;0.998;0.989;0.9395;0.1237;3.1457;3.3184;0.02;0.0072;0.6603;0.0184;0.0653;0.014;0;0;0.088;2.3187;0;0;0;0;0;0;0;0;0;0;0;0;0.0526;0.0249;2.4557;2.4469;0;81.144;81.144;55.685;0.0509;2796.5;875;1;0.049;0.0402;0;0.0088;0;0;0;0;2.4067;2.3187;0;14.628;16.939;13.861;16.051;98.005;98.355;26.528;20.635;19.554;5.8933;1.0815;0.2221;0.0408;0.7371;35.036;0.6935;0
28/12/21 14:00;55.218;80.398;5.4604;55.596;34.404;90;34.404;919.71;156.2;763.51;25.94;1.5999;0;925.38;48.7;124.63;0;16.892;1115.6;0;1115.6;925.38;124.63;48.7;16.892;0.8295;0.0588;0;0.0151;1097.8;17.807;0;0;2.6838;15.123;1093.7;1.9397;0.1742;0.0235;1.4839;0.2581;1095.6;2.1956;1.8508;0.2493;0.092;0.0035;1098.2;923.35;124.36;44.441;1.508;468.66;371.65;161.49;1.1869;4.9489;71.188;4.5309;74.95;0;1;0;0;1.213;0.984;1;1;0.9449;0.1048;0.9982;0.9998;1;0.9677;0.8539;0.998;0.998;1;0.998;0.998;0.9803;0.9125;0.0893;3.1749;3.2846;0.0198;0.0065;0.6602;0.0182;0.0645;0.0107;0;0;0.088;2.2912;0;0;0;0;0;0;0;0;0;0;0;0;0.052;0.0245;2.4283;2.4188;0;81.674;81.674;55.734;0.051;2764.3;875;1;0.0491;0.0396;0;0.0096;0;0;0;0;2.3792;2.2912;0;14.327;16.59;13.571;15.715;97.977;98.363;26.775;20.398;19.322;6.3768;1.0759;0.2382;0.0402;0.7216;33.146;0.6887;0
28/12/21 15:00;43.002;90.224;0.1636;43.002;46.998;90;46.998;764.41;135.2;629.21;26.39;1.6899;0;922.55;39.416;129.52;0;25.521;1117;0;1117;922.55;129.52;39.416;25.521;0.8259;0.0581;0;0.0228;1089.8;27.227;0;0;3.4764;23.751;1086.3;1.2757;0.0052;0.0007;1.1766;0.0932;1087.6;2.1796;1.8451;0.259;0.0719;0.0035;1092.3;920.7;129.26;34.691;1.6737;315.76;250.4;104.95;2.8028;3.7154;53.444;5.9585;54.357;0;1;0;0;1.4613;0.9756;1;1;0.9118;0.0694;0.9988;1;1;0.9672;0.9473;0.998;0.998;1;0.998;0.998;0.9725;0.8801;0.0656;3.1789;3.2322;0.0195;0.0055;0.6509;0.0179;0.0635;0.008;0;0;0.088;2.2561;0;0;0;0;0;0;0;0;0;0;0;0;0.0511;0.0238;2.3921;2.3829;0;81.753;81.753;55.363;0.051;2723.3;875;1;0.0479;0.0388;0;0.0092;0;0;0;0;2.3441;2.2561;0;14.097;16.324;13.347;15.455;97.996;98.374;26.808;20.095;19.026;6.713;1.0689;0.2504;0.0399;0.7097;29.886;0.6852;0
28/12/21 16:00;30.779;98.209;7.0467;31.039;58.961;90;58.961;522.49;150.7;371.79;25.41;2.05;0;721.06;55.441;150.38;0;26.574;953.45;0;953.45;721.06;150.38;55.441;26.574;0.7563;0.086;0;0.0279;921.78;31.67;0;0;6.7955;24.875;917.92;2.0197;0.1752;0.0365;1.7033;0.1048;919.94;1.8436;1.4421;0.3008;0.0973;0.0034;922.72;719.44;150.05;46.845;1.5908;139.46;110.59;48.105;8.7144;2.0129;28.955;4.7951;22.253;0;1;0;0;1.8248;0.9668;1;1;0.8774;0.0639;0.9978;0.9998;1;0.9649;0.9382;0.998;0.998;1;0.998;0.998;0.9627;0.845;0.0599;2.7135;2.698;0.0162;-0.0013;0.4476;0.0156;0.0555;0.0046;0;0;0.088;1.9774;0;0;0;0;0;0;0;0;0;0;0;0;0.0447;0.0168;2.0981;2.0981;0;71.803;71.803;46.393;0.0505;2327.1;901.59;1;0.0327;0.0327;0;0;0;0;0;0;2.0654;1.9774;0;14.541;16.838;13.705;15.87;98.443;98.443;22.883;17.693;16.676;5.1894;1.0177;0.2268;0.0445;0.7287;47.681;0.7125;0
28/12/21 17:00;18.786;105.7;38.646;19.46;34.439;90;34.439;291.1;148.2;142.91;25.14;2.4601;0;346.59;92.719;112.96;0;5.3573;557.62;0;557.62;346.59;112.96;92.719;5.3573;0.6215;0.1759;0;0.0096;547.7;9.9147;0;0;5.1178;4.7969;540.91;5.7007;2.1074;0.6868;2.8249;0.0816;546.61;1.0954;0.6932;0.2259;0.1752;0.0011;541.52;343.79;112.04;84.601;0.4777;64.05;50.792;21.909;2.2609;0.8232;11.842;0.6149;10.404;0;1;0;0;1.9155;0.9822;1;1;0.9448;0.1046;0.9896;0.9939;1;0.9677;0.8541;0.998;0.998;1;0.998;0.998;0.97;0.9124;0.0892;1.5869;1.5731;0.0095;0.0042;0.1512;0.0099;0.035;0.002;0;0;0.088;1.2192;0;0;0;0;0;0;0;0;0;0;0;0;0.0282;0.0061;1.3271;1.3271;0;52.071;52.071;26.931;0.0498;1355.3;979.2;1;0.0199;0.0199;0;0;0;0;0;0;1.3072;1.2192;0;15.726;18.211;14.447;16.73;98.498;98.498;13.383;11.192;10.281;2.1913;0.9102;0.1637;0.068;0.7682;63.122;0.7562;0
28/12/21 18:00;7.2314;113.41;72.225;7.8723;11.529;90;11.529;80.307;73.298;7.0091;22.91;3.14;0;16.999;69.697;7.01;0;0.1701;93.876;0;93.876;16.999;7.01;69.697;0.1701;0.1811;0.7442;0;0.0018;93.095;0.7814;0;0;0.6398;0.1416;86.867;6.0416;2.3249;0.9588;2.7514;0.0064;92.909;0.1862;0.034;0.014;0.1381;0.0001;86.895;14.64;6.0372;66.168;0.0221;41.995;33.302;13.283;0.0347;0.516;7.4223;0.0281;7.9036;0;1;0;0;1.169;0.9917;1;1;0.9908;0.1679;0.935;0.863;1;0.9601;0.7747;0.998;0.998;1;0.998;0.998;0.9253;0.9494;0.1298;0.2672;0.2635;0.0016;0.016;0.0021;0.0017;0.0061;0.0013;0;0;0.088;0.1352;0;0;0;0;0;0;0;0;0;0;0;0;0.0049;0.0003;0.2295;0.2295;0;27.208;27.208;4.2979;0.0495;224.35;1023;1;0.0063;0.0063;0;0;0;0;0;0;0.2232;0.1352;0;16.154;18.706;9.517;11.02;97.257;97.257;2.253;1.9354;1.1402;0.3176;0.7952;0.141;0.3529;0.5061;41.947;0.4778;0
28/12/21 19:00;0.9705;118.09;87.646;1.1001;1.5687;90;1.5687;0;0;0;20.39;4.67;0;0;0;0;0;0;0;0;0;0;0;0;0;1;1;1;1;0;0;0;0;0;0;0;0;0;0;0;0;0;0;0;0;0;0;0;0;0;0;0;0;0;0;0;0;0;0;0;0;0;0;0;1;1;1;1;1;1;1;1;1;1;1;1;1;1;1;1;1;1;1;0;0;0;0;0;0;0;0;0;0.0004;0.088;-0.0884;0;0;0;0;0;0;0;0;0;0;0;0;0;0;0;0;0;0;0;-20.39;0;0;0;0;0.0004;0;0;0;0;0;0;0;-0.0004;-0.0884;0;0;0;0;0;0;0;0;0;-0.7452;0;0.7452;1;1;0;0;0;0
28/12/21 20:00;0;0;90;0;0;90;0;0;0;0;19;5.68;0;0;0;0;0;0;0;0;0;0;0;0;0;1;1;1;1;0;0;0;0;0;0;0;0;0;0;0;0;0;0;0;0;0;0;0;0;0;0;0;0;0;0;0;0;0;0;0;0;0;0;0;1;1;1;1;1;1;1;1;1;1;1;1;1;1;1;1;1;1;1;0;0;0;0;0;0;0;0;0;0.0004;0.088;-0.0884;0;0;0;0;0;0;0;0;0;0;0;0;0;0;0;0;0;0;0;-19;0;0;0;0;0.0004;0;0;0;0;0;0;0;-0.0004;-0.0884;0;0;0;0;0;0;0;0;0;-0.7452;0;0.7452;1;1;0;0;0;0
28/12/21 21:00;0;0;90;0;0;90;0;0;0;0;18.3;5.85;0;0;0;0;0;0;0;0;0;0;0;0;0;1;1;1;1;0;0;0;0;0;0;0;0;0;0;0;0;0;0;0;0;0;0;0;0;0;0;0;0;0;0;0;0;0;0;0;0;0;0;0;1;1;1;1;1;1;1;1;1;1;1;1;1;1;1;1;1;1;1;0;0;0;0;0;0;0;0;0;0.0004;0.088;-0.0884;0;0;0;0;0;0;0;0;0;0;0;0;0;0;0;0;0;0;0;-18.3;0;0;0;0;0.0004;0;0;0;0;0;0;0;-0.0004;-0.0884;0;0;0;0;0;0;0;0;0;-0.7452;0;0.7452;1;1;0;0;0;0
28/12/21 22:00;0;0;90;0;0;90;0;0;0;0;17.18;5.79;0;0;0;0;0;0;0;0;0;0;0;0;0;1;1;1;1;0;0;0;0;0;0;0;0;0;0;0;0;0;0;0;0;0;0;0;0;0;0;0;0;0;0;0;0;0;0;0;0;0;0;0;1;1;1;1;1;1;1;1;1;1;1;1;1;1;1;1;1;1;1;0;0;0;0;0;0;0;0;0;0.0004;0.088;-0.0884;0;0;0;0;0;0;0;0;0;0;0;0;0;0;0;0;0;0;0;-17.18;0;0;0;0;0.0004;0;0;0;0;0;0;0;-0.0004;-0.0884;0;0;0;0;0;0;0;0;0;-0.7452;0;0.7452;1;1;0;0;0;0
28/12/21 23:00;0;0;90;0;0;90;0;0;0;0;16.15;5.7201;0;0;0;0;0;0;0;0;0;0;0;0;0;1;1;1;1;0;0;0;0;0;0;0;0;0;0;0;0;0;0;0;0;0;0;0;0;0;0;0;0;0;0;0;0;0;0;0;0;0;0;0;1;1;1;1;1;1;1;1;1;1;1;1;1;1;1;1;1;1;1;0;0;0;0;0;0;0;0;0;0.0004;0.088;-0.0884;0;0;0;0;0;0;0;0;0;0;0;0;0;0;0;0;0;0;0;-16.15;0;0;0;0;0.0004;0;0;0;0;0;0;0;-0.0004;-0.0884;0;0;0;0;0;0;0;0;0;-0.7452;0;0.7452;1;1;0;0;0;0
29/12/21 00:00;0;0;90;0;0;90;0;0;0;0;15.23;5.5601;0;0;0;0;0;0;0;0;0;0;0;0;0;1;1;1;1;0;0;0;0;0;0;0;0;0;0;0;0;0;0;0;0;0;0;0;0;0;0;0;0;0;0;0;0;0;0;0;0;0;0;0;1;1;1;1;1;1;1;1;1;1;1;1;1;1;1;1;1;1;1;0;0;0;0;0;0;0;0;0;0.0004;0.088;-0.0884;0;0;0;0;0;0;0;0;0;0;0;0;0;0;0;0;0;0;0;-15.23;0;0;0;0;0.0004;0;0;0;0;0;0;0;-0.0004;-0.0884;0;0;0;0;0;0;0;0;0;-0.7452;0;0.7452;1;1;0;0;0;0
29/12/21 01:00;0;0;90;0;0;90;0;0;0;0;14.6;5.28;0;0;0;0;0;0;0;0;0;0;0;0;0;1;1;1;1;0;0;0;0;0;0;0;0;0;0;0;0;0;0;0;0;0;0;0;0;0;0;0;0;0;0;0;0;0;0;0;0;0;0;0;1;1;1;1;1;1;1;1;1;1;1;1;1;1;1;1;1;1;1;0;0;0;0;0;0;0;0;0;0.0004;0.088;-0.0884;0;0;0;0;0;0;0;0;0;0;0;0;0;0;0;0;0;0;0;-14.6;0;0;0;0;0.0004;0;0;0;0;0;0;0;-0.0004;-0.0884;0;0;0;0;0;0;0;0;0;-0.7452;0;0.7452;1;1;0;0;0;0
29/12/21 02:00;0;0;90;0;0;90;0;0;0;0;14.2;4.8699;0;0;0;0;0;0;0;0;0;0;0;0;0;1;1;1;1;0;0;0;0;0;0;0;0;0;0;0;0;0;0;0;0;0;0;0;0;0;0;0;0;0;0;0;0;0;0;0;0;0;0;0;1;1;1;1;1;1;1;1;1;1;1;1;1;1;1;1;1;1;1;0;0;0;0;0;0;0;0;0;0.0004;0.088;-0.0884;0;0;0;0;0;0;0;0;0;0;0;0;0;0;0;0;0;0;0;-14.2;0;0;0;0;0.0004;0;0;0;0;0;0;0;-0.0004;-0.0884;0;0;0;0;0;0;0;0;0;-0.7452;0;0.7452;1;1;0;0;0;0
29/12/21 03:00;0;0;90;0;0;90;0;0;0;0;13.76;4.4799;0;0;0;0;0;0;0;0;0;0;0;0;0;1;1;1;1;0;0;0;0;0;0;0;0;0;0;0;0;0;0;0;0;0;0;0;0;0;0;0;0;0;0;0;0;0;0;0;0;0;0;0;1;1;1;1;1;1;1;1;1;1;1;1;1;1;1;1;1;1;1;0;0;0;0;0;0;0;0;0;0.0004;0.088;-0.0884;0;0;0;0;0;0;0;0;0;0;0;0;0;0;0;0;0;0;0;-13.76;0;0;0;0;0.0004;0;0;0;0;0;0;0;-0.0004;-0.0884;0;0;0;0;0;0;0;0;0;-0.7452;0;0.7452;1;1;0;0;0;0
29/12/21 04:00;1.0274;-117.97;87.508;1.1633;1.659;-90;-1.659;0;0;0;12.72;4.67;0;0;0;0;0;0;0;0;0;0;0;0;0;1;1;1;1;0;0;0;0;0;0;0;0;0;0;0;0;0;0;0;0;0;0;0;0;0;0;0;0;0;0;0;0;0;0;0;0;0;0;0;1;1;1;1;1;1;1;1;1;1;1;1;1;1;1;1;1;1;1;0;0;0;0;0;0;0;0;0;0.0004;0.088;-0.0884;0;0;0;0;0;0;0;0;0;0;0;0;0;0;0;0;0;0;0;-12.72;0;0;0;0;0.0004;0;0;0;0;0;0;0;-0.0004;-0.0884;0;0;0;0;0;0;0;0;0;-0.7452;0;0.7452;1;1;0;0;0;0
29/12/21 05:00;7.4824;-113.16;71.59;8.1299;11.929;-90;-11.929;98.005;17.701;80.304;13.23;5.3;0;194.76;9.863;18.748;0;0.2222;223.59;0;223.59;194.76;18.748;9.863;0.2222;0.871;0.0451;0;0.001;223.31;0.28;0;0;0.0955;0.1845;195.19;27.677;24.886;2.3956;0.3867;0.0085;222.87;0.4466;0.3895;0.0375;0.0195;0.0001;195.19;169.48;16.315;9.3612;0.0292;6.374;5.0546;2.1004;0.0056;0.0729;1.048;0.0043;1.1153;0;1;0;0;2.2814;0.9987;1;1;0.9903;0.1699;0.8758;0.872;1;0.9603;0.7755;0.998;0.998;1;0.998;0.998;0.873;0.9491;0.1315;0.6363;0.5606;0.0034;0.0169;-0.0045;0.0038;0.0135;0.0002;0;0;0.088;0.4177;0;0;0;0;0;0;0;0;0;0;0;0;0.0109;0.001;0.5153;0.5153;0;22.778;22.778;9.5476;0.0489;480.31;1072.9;1;0.0096;0.0096;0;0;0;0;0;0;0.5057;0.4177;0;15.23;17.636;12.344;14.294;98.129;98.129;5.3662;4.3459;3.5225;1.0204;0.8234;0.1901;0.1534;0.6564;5.9427;0.6541;0
29/12/21 06:00;19.054;-105.46;37.649;19.715;35.185;-90;-35.185;307.71;53.202;254.51;16.72;5.05;0;617.25;21.653;71.236;0;5.903;716.04;0;716.04;617.25;71.236;21.653;5.903;0.862;0.0385;0;0.0082;709.53;6.5098;0;0;1.2322;5.2777;703.58;4.5295;3.3942;0.3917;0.6584;0.0852;708.11;1.4191;1.2345;0.1425;0.0408;0.0013;703.74;612.62;70.702;19.722;0.5389;16.217;12.86;5.7541;0.5695;0.1948;2.8023;0.1518;2.4277;0;1;0;0;2.327;0.9909;1;1;0.9431;0.1059;0.9936;0.9945;1;0.9677;0.8635;0.998;0.998;1;0.998;0.998;0.9826;0.9108;0.0913;2.0378;2.0191;0.0122;-0.0004;0.1901;0.0127;0.0451;0.0005;0;0;0.088;1.5978;0;0;0;0;0;0;0;0;0;0;0;0;0.0363;0.0097;1.7128;1.7128;0;51.708;51.708;34.988;0.0497;1742.2;983.18;1;0.027;0.027;0;0;0;0;0;0;1.6858;1.5978;0;15.807;18.304;14.746;17.075;98.423;98.423;17.185;14.445;13.475;2.7403;0.9699;0.1595;0.0564;0.7841;14.826;0.7818;0
29/12/21 07:00;31.058;-97.959;6.8121;31.303;58.697;-90;-58.697;532.71;87.699;445.01;19.1;3.54;0;856.49;25.929;103.11;0;26.873;1012.4;0;1012.4;856.49;103.11;25.929;26.873;0.846;0.0522;0;0.0265;984.23;28.177;0;0;3.1467;25.03;981.13;1.1272;0.2011;0.0242;0.7961;0.1058;982.26;1.9685;1.713;0.2062;0.0456;0.0037;985.67;854.58;102.88;21.941;1.7332;127.09;100.78;41.649;4.0145;1.7214;24.762;4.5373;22.469;0;1;0;0;1.9005;0.9722;1;1;0.8786;0.0686;0.9989;0.9998;1;0.965;0.9425;0.998;0.998;1;0.998;0.998;0.9691;0.8462;0.0645;2.8812;2.8697;0.0173;0.0001;0.4414;0.0169;0.0599;0.004;0;0;0.088;2.1382;0;0;0;0;0;0;0;0;0;0;0;0;0.0482;0.0189;2.263;2.263;0;68.556;68.556;49.456;0.0504;2475;914.34;1;0.0369;0.0369;0;0;0;0;0;0;2.2262;2.1382;0;14.771;17.104;13.956;16.161;98.371;98.371;24.298;19.085;18.032;5.2132;1.053;0.2146;0.0433;0.7421;22.238;0.7288;0
29/12/21 08:00;43.285;-89.937;0.0462;43.285;46.715;-90;-46.715;742.2;122.5;619.7;20.64;1.7;0;903.83;37.161;114.36;0;24.499;1079.9;0;1079.9;903.83;114.36;37.161;24.499;0.837;0.0571;0;0.0227;1053.9;25.911;0;0;3.2382;22.672;1050.6;1.2072;0.0014;0.0002;1.1099;0.0957;1051.8;2.1079;1.8077;0.2287;0.0678;0.0037;1056.5;902.02;114.13;32.745;1.7273;308.44;244.59;101.39;2.5882;3.6926;53.116;5.9093;54.221;0;1;0;0;1.4549;0.976;1;1;0.9129;0.0746;0.9989;1;1;0.9672;0.9475;0.998;0.998;1;0.998;0.998;0.9729;0.8812;0.0705;3.0732;3.1292;0.0188;0.0036;0.5401;0.018;0.0637;0.0083;0;0;0.088;2.2754;0;0;0;0;0;0;0;0;0;0;0;0;0.0513;0.0223;2.403;2.403;0;73.834;73.834;53.194;0.0506;2698.1;890.64;1;0.0396;0.0396;0;0;0;0;0;0;2.3634;2.2754;0;14.705;17.028;13.924;16.124;98.352;98.352;25.917;20.265;19.189;5.6516;1.0761;0.2181;0.0415;0.7404;28.103;0.7141;0
29/12/21 09:00;55.495;-80.015;5.6366;55.902;34.098;-90;-34.098;913.81;150.8;763.01;22.12;0.3999;0;921.42;47.458;119.41;0;16.495;1104.8;0;1104.8;921.42;119.41;47.458;16.495;0.834;0.0579;0;0.0149;1087.5;17.245;0;0;2.5707;14.674;1083.4;1.9153;0.179;0.0232;1.4484;0.2647;1085.4;2.1751;1.8428;0.2388;0.0898;0.0036;1087.9;919.39;119.14;43.349;1.5531;467.06;370.38;160.9;1.1218;4.9303;70.92;4.4161;74.729;0;1;0;0;1.209;0.9844;1;1;0.9458;0.1104;0.9982;0.9998;1;0.9677;0.8544;0.998;0.998;1;0.998;0.998;0.9807;0.9134;0.0942;3.1441;3.2545;0.0196;0.0059;0.6001;0.0184;0.0653;0.0109;0;0;0.088;2.3291;0;0;0;0;0;0;0;0;0;0;0;0;0.0526;0.0241;2.4577;2.4577;0;77.126;77.126;55.006;0.0508;2803.9;876.53;1;0.0405;0.0405;0;0;0;0;0;0;2.4171;2.3291;0;14.7;17.022;13.931;16.132;98.351;98.351;26.515;20.726;19.642;5.7887;1.0839;0.2183;0.0409;0.7408;32.224;0.7068;0
29/12/21 10:00;67.193;-64.483;9.6125;69.219;20.781;-90;-20.781;1029.6;169.9;859.69;23.73;1.25;0;919.52;55.812;120.02;0;7.0332;1102.4;0;1102.4;919.52;120.02;55.812;7.0332;0.8341;0.057;0;0.0064;1095.1;7.2579;0;0;1.371;5.887;1090.5;2.4577;0.3047;0.0398;1.8643;0.249;1092.9;2.1902;1.839;0.24;0.1089;0.0023;1092.2;917.37;119.74;52.468;0.895;580.19;460.09;191.06;0.231;6.6223;95.26;1.757;101.65;0;1;0;0;1.0707;0.9934;1;1;0.9754;0.163;0.9978;0.9997;1;0.9657;0.7824;0.998;0.998;1;0.998;0.998;0.9892;0.9401;0.1273;3.1373;3.3158;0.02;0.0072;0.636;0.0186;0.0658;0.0145;0;0;0.088;2.3468;0;0;0;0;0;0;0;0;0;0;0;0;0.053;0.0249;2.4757;2.4757;0;79.188;79.188;55.458;0.0509;2824.7;875;1;0.0409;0.0409;0;0;0;0;0;0;2.4348;2.3468;0;14.84;17.185;14.067;16.29;98.348;98.348;26.457;20.878;19.791;5.579;1.0871;0.2109;0.0411;0.748;34.81;0.7026;0
29/12/21 11:00;76.452;-30.22;11.678;83.085;6.915;-90;-6.915;1082.2;178.1;904.1;25.44;2.04;0;910.72;60.584;118.15;0;0.8266;1090.3;0;1090.3;910.72;118.15;60.584;0.8266;0.8353;0.0563;0;0.0008;1089.4;0.9249;0;0;0.2376;0.6874;1084.2;3.0144;0.3666;0.0476;2.5691;0.0311;1087.2;2.1787;1.8214;0.2363;0.1207;0.0003;1084.3;908.53;117.87;57.657;0.1078;635.32;503.81;210.36;0.0039;7.1609;103.01;0.1204;110.16;0;1;0;0;1.0075;0.9992;1;1;0.9961;0.1684;0.9972;0.9996;1;0.9573;0.7762;0.998;0.998;1;0.998;0.998;0.9944;0.9517;0.1305;3.1029;3.3086;0.0199;0.007;0.6523;0.0184;0.0653;0.0155;0;0;0.088;2.3169;0;0;0;0;0;0;0;0;0;0;0;0;0.0526;0.0248;2.4527;2.4451;0;80.642;80.642;55.202;0.0509;2794.4;875;1;0.0478;0.0402;0;0.0076;0;0;0;0;2.4049;2.3169;0;14.819;17.16;14.042;16.26;98.05;98.356;26.167;20.62;19.538;5.5474;1.0811;0.212;0.0413;0.7467;36.083;0.6974;0
29/12/21 12:00;76.344;31.126;11.66;82.841;7.1586;90;7.1586;1078.5;178.7;899.81;25.91;2.4799;0;906.88;61.275;118.1;0;0.8827;1087.1;0;1087.1;906.88;118.1;61.275;0.8827;0.8342;0.0572;0;0.0008;1086.1;0.9906;0;0;0.2555;0.7351;1080.9;3.0346;0.3645;0.0475;2.5895;0.0331;1084;2.1723;1.8138;0.2362;0.122;0.0003;1081.1;904.7;117.82;58.308;0.1143;632.95;501.93;209.57;0.0046;7.1347;102.63;0.1323;109.76;0;1;0;0;1.008;0.9991;1;1;0.9958;0.1673;0.9972;0.9996;1;0.9575;0.7757;0.998;0.998;1;0.998;0.998;0.9943;0.9516;0.1295;3.0939;3.2986;0.0199;0.0068;0.6543;0.0183;0.065;0.0155;0;0;0.088;2.3056;0;0;0;0;0;0;0;0;0;0;0;0;0.0523;0.0246;2.4419;2.4335;0;80.962;80.962;55.052;0.0509;2781.1;875;1;0.0483;0.0399;0;0.0084;0;0;0;0;2.3936;2.3056;0;14.792;17.128;14.014;16.228;98.022;98.359;26.091;20.522;19.443;5.5693;1.0788;0.2135;0.0413;0.7452;36.51;0.696;0
29/12/21 13:00;67.001;64.848;9.5591;68.982;21.018;90;21.018;1032;171.2;860.79;27.69;2.74;0;922.14;55.902;121.46;0;7.2092;1106.7;0;1106.7;922.14;121.46;55.902;7.2092;0.8332;0.057;0;0.0065;1099.2;7.4666;0;0;1.4026;6.064;1094.6;2.4559;0.3039;0.04;1.8624;0.2497;1097;2.1985;1.8443;0.2429;0.109;0.0023;1096.4;919.99;121.17;52.528;0.8932;580.88;460.64;193.89;0.2412;6.4619;92.952;1.7625;99.173;0;1;0;0;1.0724;0.9933;1;1;0.9749;0.1589;0.9978;0.9997;1;0.9658;0.7815;0.998;0.998;1;0.998;0.998;0.989;0.9396;0.1239;3.1496;3.3229;0.02;0.0073;0.6906;0.0182;0.0647;0.0138;0;0;0.088;2.2884;0;0;0;0;0;0;0;0;0;0;0;0;0.0521;0.025;2.4311;2.4159;0;83.558;83.558;55.868;0.051;2761;875;1;0.0547;0.0395;0;0.0152;0;0;0;0;2.3764;2.2884;0;14.425;16.704;13.664;15.822;97.748;98.364;26.561;20.374;19.298;6.1874;1.0754;0.2329;0.0405;0.7266;34.908;0.6836;0
29/12/21 14:00;55.286;80.218;5.5524;55.677;34.323;90;34.323;903.2;161.3;741.9;28.05;2.8799;0;898.32;53.136;124.84;0;16.513;1092.8;0;1092.8;898.32;124.84;53.136;16.513;0.822;0.0637;0;0.0151;1075.1;17.695;0;0;2.9174;14.778;1070.9;2.0697;0.1719;0.0239;1.6196;0.2543;1073;2.1502;1.7966;0.2497;0.1004;0.0035;1075.3;896.35;124.56;48.499;1.4778;461.34;365.84;158.94;1.2841;4.881;70.211;4.4341;73.808;0;1;0;0;1.2099;0.9838;1;1;0.9451;0.1051;0.9981;0.9998;1;0.9677;0.8532;0.998;0.998;1;0.998;0.998;0.9799;0.9127;0.0895;3.11;3.2172;0.0194;0.0052;0.6588;0.0177;0.0629;0.0105;0;0;0.088;2.2307;0;0;0;0;0;0;0;0;0;0;0;0;0.0507;0.0235;2.3685;2.3569;0;82.666;82.666;54.616;0.051;2693.5;875;1;0.0498;0.0381;0;0.0117;0;0;0;0;2.3187;2.2307;0;14.251;16.503;13.489;15.62;97.896;98.382;26.227;19.876;18.812;6.3517;1.0638;0.2422;0.0406;0.7173;36.143;0.6843;0
29/12/21 15:00;43.072;90.086;0.063;43.072;46.928;90;46.928;728.7;155.4;573.3;28.78;2.89;0;839.47;53.026;135.28;0;24.261;1052;0;1052;839.47;135.28;53.026;24.261;0.7979;0.0735;0;0.0231;1024.8;27.242;0;0;4.6667;22.575;1021.1;1.6741;0.0018;0.0003;1.5829;0.0892;1022.8;2.0496;1.6789;0.2706;0.0967;0.0034;1027;837.79;135.01;46.68;1.5928;305.92;242.59;100.84;3.7487;3.721;53.526;5.9425;53.498;0;1;0;0;1.4437;0.9741;1;1;0.912;0.0695;0.9984;1;1;0.9672;0.947;0.998;0.998;1;0.998;0.998;0.9706;0.8803;0.0657;2.994;3.0456;0.0183;0.0023;0.6035;0.017;0.0601;0.0081;0;0;0.088;2.1367;0;0;0;0;0;0;0;0;0;0;0;0;0.0484;0.0212;2.2667;2.2606;0;80.771;80.771;51.991;0.0509;2583.5;875;1;0.042;0.0359;0;0.0061;0;0;0;0;2.2247;2.1367;0;14.199;16.442;13.421;15.541;98.147;98.412;25.249;19.064;18.019;6.1851;1.0449;0.245;0.0414;0.7136;40.178;0.6875;0
29/12/21 16:00;30.847;98.091;6.9402;31.1;58.9;90;58.9;510.69;163;347.69;29.12;2.74;0;673.13;64.244;151.54;0;25.925;914.84;0;914.84;673.13;151.54;64.244;25.925;0.7358;0.0986;0;0.0283;882.71;32.131;0;0;7.8627;24.268;878.67;2.2721;0.161;0.0363;1.9732;0.1016;880.94;1.7654;1.3463;0.3031;0.1128;0.0033;883.53;671.62;151.2;54.295;1.5518;142.82;113.25;49.68;10.06;2.1081;30.324;4.8644;22.373;0;1;0;0;1.7914;0.9649;1;1;0.8776;0.0639;0.9974;0.9998;1;0.9649;0.9386;0.998;0.998;1;0.998;0.998;0.9605;0.8451;0.0599;2.6035;2.5886;0.0156;-0.0018;0.447;0.0149;0.0528;0.0047;0;0;0.088;1.8786;0;0;0;0;0;0;0;0;0;0;0;0;0.0426;0.0156;1.9972;1.9972;0;73.595;73.595;44.475;0.0506;2232.8;894.51;1;0.0306;0.0306;0;0;0;0;0;0;1.9666;1.8786;0;14.426;16.705;13.569;15.713;98.466;98.466;21.956;16.843;15.842;5.1131;1.0005;0.2329;0.0456;0.7216;55.213;0.7041;0
29/12/21 17:00;18.849;105.59;38.413;19.515;34.599;90;34.599;286.71;152.4;134.31;28.61;1.9001;0;325.73;98.027;108.81;0;5.324;537.9;0;537.9;325.73;108.81;98.027;5.324;0.6056;0.1921;0;0.0099;527.68;10.221;0;0;5.4504;4.7706;520.97;5.6479;1.9363;0.6468;2.985;0.0798;526.62;1.0554;0.6515;0.2176;0.1852;0.0011;521.63;323.14;107.95;89.407;0.4725;67.696;53.683;23.155;2.4286;0.8727;12.554;0.6579;10.998;0;1;0;0;1.8761;0.981;1;1;0.9444;0.1039;0.9893;0.994;1;0.9677;0.8555;0.998;0.998;1;0.998;0.998;0.9685;0.9121;0.0887;1.5308;1.5176;0.0091;0.0049;0.16;0.0094;0.0334;0.0021;0;0;0.088;1.1592;0;0;0;0;0;0;0;0;0;0;0;0;0.0269;0.0057;1.2661;1.2661;0;54.607;54.607;25.997;0.0499;1307.5;968.33;1;0.0189;0.0189;0;0;0;0;0;0;1.2472;1.1592;0;15.553;18.01;14.24;16.49;98.509;98.509;12.91;10.677;9.7756;2.2326;0.9013;0.1729;0.0698;0.7572;66.818;0.7442;0
29/12/21 18:00;7.2868;113.3;72.085;7.926;11.612;90;11.612;70.5;66.998;3.5021;28.97;2.11;0;8.4935;65.016;3.1772;0;0.1515;76.838;0;76.838;8.4935;3.1772;65.016;0.1515;0.1105;0.8481;0;0.002;76.108;0.7301;0;0;0.6041;0.1261;71.815;4.1411;1.1443;0.4281;2.563;0.0057;75.956;0.1522;0.017;0.0064;0.1288;0.0001;71.841;7.3322;2.7428;61.72;0.0197;39.162;31.056;12.407;0.0332;0.48;6.9039;0.0265;7.3506;0;1;0;0;1.0899;0.9905;1;1;0.9907;0.1679;0.9455;0.865;1;0.9601;0.7747;0.998;0.998;1;0.998;0.998;0.9346;0.9493;0.1298;0.2187;0.2194;0.0013;0.0152;0.0061;0.0014;0.0049;0.0012;0;0;0.088;0.0915;0;0;0;0;0;0;0;0;0;0;0;0;0.0039;0.0002;0.1851;0.1851;0;32.547;32.547;3.5768;0.0498;186.48;992.72;1;0.0057;0.0057;0;0;0;0;0;0;0.1795;0.0915;0;15.92;18.435;7.8653;9.1078;96.942;96.942;1.8441;1.5611;0.7713;0.283;0.7899;0.1535;0.4283;0.4182;39.139;0.3919;0
29/12/21 19:00;0.8396;118.12;87.963;0.952;1.3573;90;1.3573;0;0;0;23.84;2.28;0;0;0;0;0;0;0;0;0;0;0;0;0;1;1;1;1;0;0;0;0;0;0;0;0;0;0;0;0;0;0;0;0;0;0;0;0;0;0;0;0;0;0;0;0;0;0;0;0;0;0;0;1;1;1;1;1;1;1;1;1;1;1;1;1;1;1;1;1;1;1;0;0;0;0;0;0;0;0;0;0.0004;0.088;-0.0884;0;0;0;0;0;0;0;0;0;0;0;0;0;0;0;0;0;0;0;-23.84;0;0;0;0;0.0004;0;0;0;0;0;0;0;-0.0004;-0.0884;0;0;0;0;0;0;0;0;0;-0.7452;0;0.7452;1;1;0;0;0;0
29/12/21 20:00;0;0;90;0;0;90;0;0;0;0;19.57;2.1599;0;0;0;0;0;0;0;0;0;0;0;0;0;1;1;1;1;0;0;0;0;0;0;0;0;0;0;0;0;0;0;0;0;0;0;0;0;0;0;0;0;0;0;0;0;0;0;0;0;0;0;0;1;1;1;1;1;1;1;1;1;1;1;1;1;1;1;1;1;1;1;0;0;0;0;0;0;0;0;0;0.0004;0.088;-0.0884;0;0;0;0;0;0;0;0;0;0;0;0;0;0;0;0;0;0;0;-19.57;0;0;0;0;0.0004;0;0;0;0;0;0;0;-0.0004;-0.0884;0;0;0;0;0;0;0;0;0;-0.7452;0;0.7452;1;1;0;0;0;0
29/12/21 21:00;0;0;90;0;0;90;0;0;0;0;17.9;1.7401;0;0;0;0;0;0;0;0;0;0;0;0;0;1;1;1;1;0;0;0;0;0;0;0;0;0;0;0;0;0;0;0;0;0;0;0;0;0;0;0;0;0;0;0;0;0;0;0;0;0;0;0;1;1;1;1;1;1;1;1;1;1;1;1;1;1;1;1;1;1;1;0;0;0;0;0;0;0;0;0;0.0004;0.088;-0.0884;0;0;0;0;0;0;0;0;0;0;0;0;0;0;0;0;0;0;0;-17.9;0;0;0;0;0.0004;0;0;0;0;0;0;0;-0.0004;-0.0884;0;0;0;0;0;0;0;0;0;-0.7452;0;0.7452;1;1;0;0;0;0
29/12/21 22:00;0;0;90;0;0;90;0;0;0;0;17.84;1.1801;0;0;0;0;0;0;0;0;0;0;0;0;0;1;1;1;1;0;0;0;0;0;0;0;0;0;0;0;0;0;0;0;0;0;0;0;0;0;0;0;0;0;0;0;0;0;0;0;0;0;0;0;1;1;1;1;1;1;1;1;1;1;1;1;1;1;1;1;1;1;1;0;0;0;0;0;0;0;0;0;0.0004;0.088;-0.0884;0;0;0;0;0;0;0;0;0;0;0;0;0;0;0;0;0;0;0;-17.84;0;0;0;0;0.0004;0;0;0;0;0;0;0;-0.0004;-0.0884;0;0;0;0;0;0;0;0;0;-0.7452;0;0.7452;1;1;0;0;0;0
29/12/21 23:00;0;0;90;0;0;90;0;0;0;0;15.5;1.6099;0;0;0;0;0;0;0;0;0;0;0;0;0;1;1;1;1;0;0;0;0;0;0;0;0;0;0;0;0;0;0;0;0;0;0;0;0;0;0;0;0;0;0;0;0;0;0;0;0;0;0;0;1;1;1;1;1;1;1;1;1;1;1;1;1;1;1;1;1;1;1;0;0;0;0;0;0;0;0;0;0.0004;0.088;-0.0884;0;0;0;0;0;0;0;0;0;0;0;0;0;0;0;0;0;0;0;-15.5;0;0;0;0;0.0004;0;0;0;0;0;0;0;-0.0004;-0.0884;0;0;0;0;0;0;0;0;0;-0.7452;0;0.7452;1;1;0;0;0;0
30/12/21 00:00;0;0;90;0;0;90;0;0;0;0;15.1;2.36;0;0;0;0;0;0;0;0;0;0;0;0;0;1;1;1;1;0;0;0;0;0;0;0;0;0;0;0;0;0;0;0;0;0;0;0;0;0;0;0;0;0;0;0;0;0;0;0;0;0;0;0;1;1;1;1;1;1;1;1;1;1;1;1;1;1;1;1;1;1;1;0;0;0;0;0;0;0;0;0;0.0004;0.088;-0.0884;0;0;0;0;0;0;0;0;0;0;0;0;0;0;0;0;0;0;0;-15.1;0;0;0;0;0.0004;0;0;0;0;0;0;0;-0.0004;-0.0884;0;0;0;0;0;0;0;0;0;-0.7452;0;0.7452;1;1;0;0;0;0
30/12/21 01:00;0;0;90;0;0;90;0;0;0;0;14.4;2.76;0;0;0;0;0;0;0;0;0;0;0;0;0;1;1;1;1;0;0;0;0;0;0;0;0;0;0;0;0;0;0;0;0;0;0;0;0;0;0;0;0;0;0;0;0;0;0;0;0;0;0;0;1;1;1;1;1;1;1;1;1;1;1;1;1;1;1;1;1;1;1;0;0;0;0;0;0;0;0;0;0.0004;0.088;-0.0884;0;0;0;0;0;0;0;0;0;0;0;0;0;0;0;0;0;0;0;-14.4;0;0;0;0;0.0004;0;0;0;0;0;0;0;-0.0004;-0.0884;0;0;0;0;0;0;0;0;0;-0.7452;0;0.7452;1;1;0;0;0;0
30/12/21 02:00;0;0;90;0;0;90;0;0;0;0;14.42;3.1999;0;0;0;0;0;0;0;0;0;0;0;0;0;1;1;1;1;0;0;0;0;0;0;0;0;0;0;0;0;0;0;0;0;0;0;0;0;0;0;0;0;0;0;0;0;0;0;0;0;0;0;0;1;1;1;1;1;1;1;1;1;1;1;1;1;1;1;1;1;1;1;0;0;0;0;0;0;0;0;0;0.0004;0.088;-0.0884;0;0;0;0;0;0;0;0;0;0;0;0;0;0;0;0;0;0;0;-14.42;0;0;0;0;0.0004;0;0;0;0;0;0;0;-0.0004;-0.0884;0;0;0;0;0;0;0;0;0;-0.7452;0;0.7452;1;1;0;0;0;0
30/12/21 03:00;0;0;90;0;0;90;0;0;0;0;15.8;3.62;0;0;0;0;0;0;0;0;0;0;0;0;0;1;1;1;1;0;0;0;0;0;0;0;0;0;0;0;0;0;0;0;0;0;0;0;0;0;0;0;0;0;0;0;0;0;0;0;0;0;0;0;1;1;1;1;1;1;1;1;1;1;1;1;1;1;1;1;1;1;1;0;0;0;0;0;0;0;0;0;0.0004;0.088;-0.0884;0;0;0;0;0;0;0;0;0;0;0;0;0;0;0;0;0;0;0;-15.8;0;0;0;0;0.0004;0;0;0;0;0;0;0;-0.0004;-0.0884;0;0;0;0;0;0;0;0;0;-0.7452;0;0.7452;1;1;0;0;0;0
30/12/21 04:00;0.9025;-117.99;87.811;1.022;1.4573;-90;-1.4573;0;0;0;15.07;4.3199;0;0;0;0;0;0;0;0;0;0;0;0;0;1;1;1;1;0;0;0;0;0;0;0;0;0;0;0;0;0;0;0;0;0;0;0;0;0;0;0;0;0;0;0;0;0;0;0;0;0;0;0;1;1;1;1;1;1;1;1;1;1;1;1;1;1;1;1;1;1;1;0;0;0;0;0;0;0;0;0;0.0004;0.088;-0.0884;0;0;0;0;0;0;0;0;0;0;0;0;0;0;0;0;0;0;0;-15.07;0;0;0;0;0.0004;0;0;0;0;0;0;0;-0.0004;-0.0884;0;0;0;0;0;0;0;0;0;-0.7452;0;0.7452;1;1;0;0;0;0
30/12/21 05:00;7.3568;-113.17;71.908;7.9942;11.718;-90;-11.718;93.395;21.499;71.896;15.11;4.58;0;174.37;12.816;20.732;0;0.2044;208.12;0;208.12;174.37;20.732;12.816;0.2044;0.8378;0.0626;0;0.001;207.83;0.2901;0;0;0.1204;0.1696;181.11;26.303;23.05;2.7407;0.5043;0.0078;207.41;0.4157;0.3487;0.0415;0.0254;0.0001;181.12;150.97;17.95;12.165;0.0269;8.1112;6.4322;2.6432;0.0068;0.0946;1.3612;0.0054;1.449;0;1;0;0;2.2284;0.9986;1;1;0.9906;0.1699;0.8732;0.8675;1;0.9602;0.7755;0.998;0.998;1;0.998;0.998;0.8702;0.9493;0.1315;0.5923;0.5209;0.0031;0.0171;-0.0019;0.0035;0.0125;0.0002;0;0;0.088;0.3783;0;0;0;0;0;0;0;0;0;0;0;0;0.0101;0.0009;0.4754;0.4754;0;23.984;23.984;8.8735;0.049;446.26;1065.3;1;0.0091;0.0091;0;0;0;0;0;0;0.4663;0.3783;0;15.095;17.479;12.01;13.908;98.077;98.077;4.9949;4.0092;3.19;0.9857;0.8192;0.1973;0.164;0.6387;7.7171;0.6355;0
30/12/21 06:00;18.928;-105.46;38.119;19.585;34.803;-90;-34.803;297.39;56.003;241.39;20.25;4.67;0;585.44;24.121;71.576;0;5.5858;686.73;0;686.73;585.44;71.576;24.121;5.5858;0.8525;0.0433;0;0.0081;680.39;6.3346;0;0;1.3493;4.9853;674.42;4.6112;3.3799;0.4132;0.7343;0.0838;679.03;1.3608;1.1709;0.1432;0.0455;0.0012;674.58;580.89;71.02;21.992;0.5155;17.795;14.111;6.2719;0.6109;0.2156;3.1009;0.1644;2.7056;0;1;0;0;2.3091;0.9908;1;1;0.9441;0.1075;0.9932;0.9942;1;0.9677;0.8602;0.998;0.998;1;0.998;0.998;0.9821;0.9117;0.0923;1.9544;1.9363;0.0117;0.0002;0.1974;0.0121;0.0429;0.0005;0;0;0.088;1.5147;0;0;0;0;0;0;0;0;0;0;0;0;0.0345;0.009;1.6279;1.6279;0;53.851;53.851;33.601;0.0498;1671.1;974.12;1;0.0252;0.0252;0;0;0;0;0;0;1.6027;1.5147;0;15.664;18.139;14.575;16.877;98.45;98.45;16.481;13.728;12.773;2.7533;0.9549;0.1671;0.0579;0.775;16.467;0.7724;0
30/12/21 07:00;30.932;-97.951;6.8147;31.177;58.823;-90;-58.823;523.51;87.001;436.51;24.14;3.63;0;843.2;26.317;101.07;0;26.512;997.09;0;997.09;843.2;101.07;26.317;26.512;0.8457;0.053;0;0.0266;969.2;27.897;0;0;3.2038;24.693;966.12;1.1359;0.1981;0.0237;0.8084;0.1056;967.26;1.9384;1.6864;0.2021;0.0462;0.0036;970.36;841.31;100.84;22.259;1.7101;124;98.329;42.016;4.1058;1.602;23.044;4.2339;20.54;0;1;0;0;1.9046;0.972;1;1;0.8783;0.0686;0.9988;0.9998;1;0.965;0.9418;0.998;0.998;1;0.998;0.998;0.9689;0.8458;0.0645;2.8377;2.8224;0.017;-0.0004;0.4803;0.0163;0.0577;0.0036;0;0;0.088;2.0605;0;0;0;0;0;0;0;0;0;0;0;0;0.0465;0.0184;2.183;2.183;0;73.019;73.019;48.878;0.0506;2435.9;896.2;1;0.0346;0.0346;0;0;0;0;0;0;2.1485;2.0605;0;14.467;16.753;13.655;15.812;98.417;98.417;23.93;18.41;17.376;5.5205;1.0336;0.2307;0.0432;0.7261;22.604;0.7138;0
30/12/21 08:00;43.16;-89.925;0.0551;43.16;46.84;-90;-46.84;729.11;120;609.11;25.3;1.9801;0;890.46;37.326;110.63;0;24.189;1062.6;0;1062.6;890.46;110.63;37.326;24.189;0.838;0.0579;0;0.0228;1037;25.655;0;0;3.2652;22.39;1033.7;1.2101;0.0017;0.0002;1.1148;0.0934;1034.9;2.0739;1.7809;0.2213;0.0681;0.0036;1039.5;888.68;110.41;32.878;1.7024;302.29;239.72;99.318;2.6237;3.6278;52.185;5.8351;53.189;0;1;0;0;1.4574;0.9759;1;1;0.9125;0.0744;0.9988;1;1;0.9672;0.948;0.998;0.998;1;0.998;0.998;0.9728;0.8808;0.0704;3.0241;3.0786;0.0185;0.0028;0.5763;0.0174;0.0616;0.008;0;0;0.088;2.1974;0;0;0;0;0;0;0;0;0;0;0;0;0.0496;0.0217;2.3227;2.3227;0;77.805;77.805;52.505;0.0508;2654.6;875;1;0.0374;0.0374;0;0;0;0;0;0;2.2854;2.1974;0;14.444;16.726;13.665;15.823;98.392;98.392;25.503;19.588;18.531;5.9146;1.0571;0.2319;0.0415;0.7266;28.261;0.7009;0
30/12/21 09:00;55.37;-80.006;5.6597;55.778;34.222;-90;-34.222;894.29;147.2;747.09;27.26;0.8601;0;903.52;48.004;114.46;0;16.258;1082.3;0;1082.3;903.52;114.46;48.004;16.258;0.8349;0.0594;0;0.015;1065.2;17.086;0;0;2.6152;14.471;1061.1;1.9209;0.1763;0.0223;1.4644;0.2579;1063;2.1303;1.807;0.2289;0.0908;0.0036;1065.5;901.54;114.21;43.834;1.5253;456.68;362.15;157.34;1.1488;4.8235;69.384;4.3573;73.058;0;1;0;0;1.2102;0.9842;1;1;0.9455;0.1099;0.9982;0.9998;1;0.9677;0.8554;0.998;0.998;1;0.998;0.998;0.9805;0.9131;0.0938;3.08;3.1874;0.0192;0.0046;0.6371;0.0177;0.0627;0.0104;0;0;0.088;2.2278;0;0;0;0;0;0;0;0;0;0;0;0;0.0505;0.0231;2.362;2.3538;0;81.317;81.317;54.057;0.0509;2690.1;875;1;0.0462;0.0381;0;0.0082;0;0;0;0;2.3158;2.2278;0;14.372;16.642;13.602;15.751;98.042;98.382;25.974;19.85;18.787;6.1239;1.0632;0.2358;0.0409;0.7233;32.626;0.6902;0
30/12/21 10:00;67.068;-64.513;9.652;69.098;20.902;-90;-20.902;1012.3;166.6;845.7;28.66;0.3801;0;905.28;56.343;115.97;0;6.9952;1084.6;0;1084.6;905.28;115.97;56.343;6.9952;0.8347;0.0584;0;0.0064;1077.3;7.2548;0;0;1.397;5.8578;1072.7;2.4661;0.3012;0.0386;1.8797;0.2466;1075.2;2.1547;1.8106;0.2319;0.1099;0.0023;1074.4;903.17;115.7;52.957;0.8884;570.18;452.15;190.27;0.2382;6.3459;91.284;1.708;97.392;0;1;0;0;1.0714;0.9933;1;1;0.9752;0.1626;0.9977;0.9997;1;0.9657;0.7827;0.998;0.998;1;0.998;0.998;0.9891;0.9399;0.127;3.0867;3.2568;0.0196;0.006;0.6755;0.0179;0.0634;0.0136;0;0;0.088;2.245;0;0;0;0;0;0;0;0;0;0;0;0;0.0511;0.024;2.3857;2.3714;0;83.402;83.402;54.742;0.051;2710.2;875;1;0.0528;0.0385;0;0.0143;0;0;0;0;2.333;2.245;0;14.448;16.731;13.678;15.838;97.789;98.377;26.03;19.999;18.932;6.0315;1.0667;0.2317;0.041;0.7273;35.163;0.6842;0
30/12/21 11:00;76.346;-30.505;11.735;82.97;7.0298;-90;-7.0298;1072.8;176.9;895.9;29.9;0.3199;0;902.68;61.173;116.37;0;0.8468;1081.1;0;1081.1;902.68;116.37;61.173;0.8468;0.835;0.0574;0;0.0008;1080.1;0.9505;0;0;0.2464;0.7041;1074.9;3.0341;0.3652;0.0471;2.59;0.0319;1078;2.1603;1.8054;0.2327;0.1219;0.0003;1075.1;900.51;116.09;58.214;0.1105;629.72;499.36;208.5;0.0043;7.098;102.1;0.1251;109.2;0;1;0;0;1.0077;0.9991;1;1;0.996;0.1685;0.9972;0.9996;1;0.9574;0.7761;0.998;0.998;1;0.998;0.998;0.9943;0.9516;0.1305;3.0767;3.2803;0.0198;0.0064;0.6973;0.0179;0.0635;0.0151;0;0;0.088;2.2341;0;0;0;0;0;0;0;0;0;0;0;0;0.0511;0.0243;2.3849;2.3603;0;84.819;84.819;54.92;0.0511;2697.5;875;1;0.0628;0.0382;0;0.0246;0;0;0;0;2.3221;2.2341;0;14.427;16.706;13.656;15.813;97.366;98.38;25.946;19.905;18.84;6.0411;1.0645;0.2328;0.041;0.7261;36.441;0.6782;0
30/12/21 12:00;76.335;30.595;11.733;82.946;7.0541;90;7.0541;1122.2;185.2;937.01;30.78;0.52;0;944.15;58.506;127.43;0;0.8919;1131;0;1131;944.15;127.43;58.506;0.8919;0.8348;0.0525;0;0.0008;1130;0.9809;0;0;0.2382;0.7427;1124.8;2.9429;0.3819;0.0515;2.4761;0.0334;1127.7;2.26;1.8883;0.2549;0.1165;0.0003;1124.9;941.88;127.13;55.675;0.1155;658.65;522.31;218.12;0.0042;7.4214;106.75;0.1322;114.17;0;1;0;0;1.0078;0.9991;1;1;0.9959;0.1673;0.9974;0.9996;1;0.9574;0.7757;0.998;0.998;1;0.998;0.998;0.9945;0.9516;0.1295;3.2187;3.4323;0.0207;0.0099;0.7741;0.0184;0.0652;0.0155;0;0;0.088;2.2637;0;0;0;0;0;0;0;0;0;0;0;0;0.0525;0.0265;2.4495;2.3907;0;88.422;88.422;57.642;0.0512;2732.2;875;1;0.0977;0.0389;0;0.0588;0;0;0;0;2.3517;2.2637;0;13.968;16.175;13.226;15.316;96.011;98.372;27.144;20.161;19.09;6.9828;1.0704;0.2573;0.0394;0.7033;34.854;0.6569;0
30/12/21 13:00;67.048;64.55;9.6467;69.074;20.926;90;20.926;951.61;204.8;746.81;31.53;0.8601;0;799.54;84.302;125.93;0;6.5904;1016.4;0;1016.4;799.54;125.93;84.302;6.5904;0.7867;0.0894;0;0.0065;1008.7;7.6419;0;0;2.1005;5.5415;1003.4;3.3478;0.2659;0.0419;2.8111;0.229;1006.7;2.0174;1.5991;0.2519;0.1644;0.0021;1005;797.68;125.64;79.226;0.8178;537.32;426.1;179.08;0.3569;6.0033;86.355;1.6128;92.001;0;1;0;0;1.0681;0.9925;1;1;0.9751;0.1592;0.9967;0.9997;1;0.9657;0.7812;0.998;0.998;1;0.998;0.998;0.9872;0.9398;0.1241;2.8925;3.0483;0.0184;0.0023;0.6256;0.0168;0.0596;0.0129;0;0;0.088;2.109;0;0;0;0;0;0;0;0;0;0;0;0;0.048;0.0212;2.2434;2.2322;0;82.7;82.7;51.17;0.051;2551.1;875;1;0.0464;0.0352;0;0.0111;0;0;0;0;2.197;2.109;0;14.513;16.806;13.712;15.878;97.933;98.421;24.393;18.825;17.785;5.568;1.0394;0.2283;0.0426;0.7291;52.618;0.6855;0
30/12/21 14:00;55.349;80.026;5.6513;55.756;34.244;90;34.244;942.51;155.3;787.2;31.61;1.17;0;952.29;45.72;127.31;0;17.156;1142.5;0;1142.5;952.29;127.31;45.72;17.156;0.8335;0.055;0;0.015;1124.6;17.848;0;0;2.5012;15.347;1120.5;1.8704;0.1855;0.0248;1.3939;0.2662;1122.4;2.2493;1.9046;0.2546;0.0864;0.0036;1125.1;950.2;127.04;41.738;1.5389;480.56;381.09;165.59;1.097;5.0671;72.888;4.5924;76.858;0;1;0;0;1.2122;0.9844;1;1;0.9453;0.1054;0.9983;0.9998;1;0.9677;0.8525;0.998;0.998;1;0.998;0.998;0.9808;0.9129;0.0897;3.2514;3.365;0.0203;0.0083;0.7674;0.018;0.0638;0.0106;0;0;0.088;2.2117;0;0;0;0;0;0;0;0;0;0;0;0;0.0514;0.0256;2.3998;2.3374;0;89.062;89.062;57.452;0.0513;2671.3;875;1;0.1001;0.0377;0;0.0624;0;0;0;0;2.2997;2.2117;0;13.519;15.655;12.792;14.813;95.827;98.387;27.419;19.711;18.651;7.708;1.06;0.2811;0.0387;0.6802;31.079;0.6492;0
30/12/21 15:00;43.138;89.939;0.0442;43.138;46.862;90;46.862;741.2;147.8;593.4;32;1.39;0;867.85;47.958;132.84;0;24.611;1073.3;0;1073.3;867.85;132.84;47.958;24.611;0.8086;0.0676;0;0.0229;1046.1;27.112;0;0;4.212;22.9;1042.5;1.5241;0.0013;0.0002;1.4316;0.091;1044.1;2.0923;1.7357;0.2657;0.0875;0.0034;1048.5;866.11;132.58;42.227;1.6175;309.97;245.8;102.07;3.3747;3.7497;53.938;5.9951;54.313;0;1;0;0;1.448;0.9747;1;1;0.9122;0.0696;0.9985;1;1;0.9672;0.9467;0.998;0.998;1;0.998;0.998;0.9714;0.8805;0.0657;3.0544;3.108;0.0187;0.0033;0.6671;0.0169;0.06;0.008;0;0;0.088;2.1167;0;0;0;0;0;0;0;0;0;0;0;0;0.0484;0.022;2.2636;2.2401;0;85.282;85.282;53.282;0.0511;2560.1;875;1;0.0589;0.0354;0;0.0235;0;0;0;0;2.2047;2.1167;0;13.792;15.971;13.032;15.091;97.398;98.418;25.758;18.891;17.85;6.8672;1.0409;0.2666;0.0404;0.693;36.316;0.6679;0
30/12/21 16:00;30.911;97.965;6.8274;31.156;58.844;90;58.844;528.29;147.6;380.69;32.16;1.5199;0;735.82;53.214;149.72;0;26.772;965.52;0;965.52;735.82;149.72;53.214;26.772;0.7621;0.0828;0;0.0277;933.95;31.565;0;0;6.5037;25.061;930.14;1.9467;0.1732;0.0352;1.634;0.1043;932.09;1.8679;1.4716;0.2994;0.0934;0.0034;934.91;734.17;149.38;44.983;1.6024;140.52;111.43;48.547;8.3054;1.9924;28.66;4.7736;22.347;0;1;0;0;1.8276;0.9673;1;1;0.8778;0.0639;0.9979;0.9998;1;0.9649;0.9389;0.998;0.998;1;0.998;0.998;0.9634;0.8453;0.0599;2.7478;2.7323;0.0165;-0.001;0.53;0.0153;0.0543;0.0044;0;0;0.088;1.9326;0;0;0;0;0;0;0;0;0;0;0;0;0.0437;0.0173;2.0519;2.0519;0;79.469;79.469;47.308;0.0509;2342.4;875;1;0.0313;0.0313;0;0;0;0;0;0;2.0206;1.9326;0;14.043;16.261;13.227;15.316;98.477;98.477;23.172;17.304;16.298;5.8687;1.0057;0.2533;0.0434;0.7033;45.704;0.688;0
30/12/21 17:00;18.908;105.47;38.195;19.565;34.745;90;34.745;291.81;149.7;142.11;31.72;1.3699;0;344.65;94.01;112.75;0;5.4631;556.87;0;556.87;344.65;112.75;94.01;5.4631;0.6189;0.1786;0;0.0098;546.71;10.16;0;0;5.2617;4.8986;540.02;5.6029;2.005;0.6559;2.8612;0.0807;545.62;1.0934;0.6893;0.2255;0.1775;0.0011;540.65;341.95;111.87;85.71;0.4827;65.077;51.606;22.286;2.363;0.8391;12.07;0.6379;10.546;0;1;0;0;1.9084;0.9818;1;1;0.944;0.1033;0.9897;0.9942;1;0.9677;0.8567;0.998;0.998;1;0.998;0.998;0.9697;0.9117;0.0883;1.5848;1.571;0.0095;0.0042;0.1892;0.0096;0.034;0.002;0;0;0.088;1.1822;0;0;0;0;0;0;0;0;0;0;0;0;0.0274;0.0061;1.2891;1.2891;0;58.756;58.756;27.036;0.0501;1355.1;951.3;1;0.0189;0.0189;0;0;0;0;0;0;1.2702;1.1822;0;15.297;17.714;14.028;16.245;98.532;98.532;13.365;10.871;9.9697;2.4935;0.9017;0.1866;0.0675;0.746;64.152;0.7341;0
30/12/21 18:00;7.3373;113.18;71.957;7.9739;11.686;90;11.686;73.704;69.4;4.3043;30.92;1.7401;0;10.439;67.041;4.0173;0;0.1604;81.658;0;81.658;10.439;4.0173;67.041;0.1604;0.1278;0.823;0;0.002;80.895;0.7631;0;0;0.6296;0.1335;76.167;4.5666;1.3873;0.5339;2.6394;0.0061;80.733;0.1618;0.0209;0.008;0.1328;0.0001;76.194;9.031;3.4754;63.639;0.0208;40.395;32.033;12.8;0.0351;0.495;7.12;0.0278;7.5799;0;1;0;0;1.1079;0.9907;1;1;0.9906;0.1679;0.9434;0.8668;1;0.9602;0.7747;0.998;0.998;1;0.998;0.998;0.9327;0.9493;0.1298;0.2324;0.2323;0.0014;0.0155;0.0084;0.0014;0.0051;0.0012;0;0;0.088;0.1012;0;0;0;0;0;0;0;0;0;0;0;0;0.0041;0.0002;0.1948;0.1948;0;34.718;34.718;3.7981;0.0499;197.57;986.21;1;0.0057;0.0057;0;0;0;0;0;0;0.1892;0.1012;0;15.767;18.258;8.1878;9.4813;97.092;97.092;1.9598;1.6432;0.8533;0.3166;0.7899;0.1616;0.403;0.4354;40.366;0.4087;0
30/12/21 19:00;0.8838;118;87.856;1.001;1.4272;90;1.4272;0;0;0;25.73;2.0099;0;0;0;0;0;0;0;0;0;0;0;0;0;1;1;1;1;0;0;0;0;0;0;0;0;0;0;0;0;0;0;0;0;0;0;0;0;0;0;0;0;0;0;0;0;0;0;0;0;0;0;0;1;1;1;1;1;1;1;1;1;1;1;1;1;1;1;1;1;1;1;0;0;0;0;0;0;0;0;0;0.0004;0.088;-0.0884;0;0;0;0;0;0;0;0;0;0;0;0;0;0;0;0;0;0;0;-25.73;0;0;0;0;0.0004;0;0;0;0;0;0;0;-0.0004;-0.0884;0;0;0;0;0;0;0;0;0;-0.7452;0;0.7452;1;1;0;0;0;0
30/12/21 20:00;0;0;90;0;0;90;0;0;0;0;21.29;2.03;0;0;0;0;0;0;0;0;0;0;0;0;0;1;1;1;1;0;0;0;0;0;0;0;0;0;0;0;0;0;0;0;0;0;0;0;0;0;0;0;0;0;0;0;0;0;0;0;0;0;0;0;1;1;1;1;1;1;1;1;1;1;1;1;1;1;1;1;1;1;1;0;0;0;0;0;0;0;0;0;0.0004;0.088;-0.0884;0;0;0;0;0;0;0;0;0;0;0;0;0;0;0;0;0;0;0;-21.29;0;0;0;0;0.0004;0;0;0;0;0;0;0;-0.0004;-0.0884;0;0;0;0;0;0;0;0;0;-0.7452;0;0.7452;1;1;0;0;0;0
30/12/21 21:00;0;0;90;0;0;90;0;0;0;0;19.84;1.8201;0;0;0;0;0;0;0;0;0;0;0;0;0;1;1;1;1;0;0;0;0;0;0;0;0;0;0;0;0;0;0;0;0;0;0;0;0;0;0;0;0;0;0;0;0;0;0;0;0;0;0;0;1;1;1;1;1;1;1;1;1;1;1;1;1;1;1;1;1;1;1;0;0;0;0;0;0;0;0;0;0.0004;0.088;-0.0884;0;0;0;0;0;0;0;0;0;0;0;0;0;0;0;0;0;0;0;-19.84;0;0;0;0;0.0004;0;0;0;0;0;0;0;-0.0004;-0.0884;0;0;0;0;0;0;0;0;0;-0.7452;0;0.7452;1;1;0;0;0;0
30/12/21 22:00;0;0;90;0;0;90;0;0;0;0;19.53;1.4301;0;0;0;0;0;0;0;0;0;0;0;0;0;1;1;1;1;0;0;0;0;0;0;0;0;0;0;0;0;0;0;0;0;0;0;0;0;0;0;0;0;0;0;0;0;0;0;0;0;0;0;0;1;1;1;1;1;1;1;1;1;1;1;1;1;1;1;1;1;1;1;0;0;0;0;0;0;0;0;0;0.0004;0.088;-0.0884;0;0;0;0;0;0;0;0;0;0;0;0;0;0;0;0;0;0;0;-19.53;0;0;0;0;0.0004;0;0;0;0;0;0;0;-0.0004;-0.0884;0;0;0;0;0;0;0;0;0;-0.7452;0;0.7452;1;1;0;0;0;0
30/12/21 23:00;0;0;90;0;0;90;0;0;0;0;17.66;1.0499;0;0;0;0;0;0;0;0;0;0;0;0;0;1;1;1;1;0;0;0;0;0;0;0;0;0;0;0;0;0;0;0;0;0;0;0;0;0;0;0;0;0;0;0;0;0;0;0;0;0;0;0;1;1;1;1;1;1;1;1;1;1;1;1;1;1;1;1;1;1;1;0;0;0;0;0;0;0;0;0;0.0004;0.088;-0.0884;0;0;0;0;0;0;0;0;0;0;0;0;0;0;0;0;0;0;0;-17.66;0;0;0;0;0.0004;0;0;0;0;0;0;0;-0.0004;-0.0884;0;0;0;0;0;0;0;0;0;-0.7452;0;0.7452;1;1;0;0;0;0
